vote_id,voter_id,honest_vote,hapiness_score,strategic_vote,new_outcome,new_hapiness_score,new_overall_hapiness
3,5,"['C', 'B', 'A', 'D']",0.42,"['A', 'B', 'C', 'D']","{'A': 2, 'D': 2, 'B': 1, 'C': 0}",0.46,3.33
3,5,"['C', 'B', 'A', 'D']",0.42,"['A', 'B', 'D', 'C']","{'A': 2, 'D': 2, 'B': 1, 'C': 0}",0.46,3.33
3,5,"['C', 'B', 'A', 'D']",0.42,"['A', 'C', 'B', 'D']","{'A': 2, 'D': 2, 'B': 1, 'C': 0}",0.46,3.33
3,5,"['C', 'B', 'A', 'D']",0.42,"['A', 'C', 'D', 'B']","{'A': 2, 'D': 2, 'B': 1, 'C': 0}",0.46,3.33
3,5,"['C', 'B', 'A', 'D']",0.42,"['A', 'D', 'B', 'C']","{'A': 2, 'D': 2, 'B': 1, 'C': 0}",0.46,3.33
3,5,"['C', 'B', 'A', 'D']",0.42,"['A', 'D', 'C', 'B']","{'A': 2, 'D': 2, 'B': 1, 'C': 0}",0.46,3.33
3,5,"['C', 'B', 'A', 'D']",0.42,"['B', 'A', 'C', 'D']","{'B': 2, 'D': 2, 'A': 1, 'C': 0}",0.54,3.29
3,5,"['C', 'B', 'A', 'D']",0.42,"['B', 'A', 'D', 'C']","{'B': 2, 'D': 2, 'A': 1, 'C': 0}",0.54,3.29
3,5,"['C', 'B', 'A', 'D']",0.42,"['B', 'C', 'A', 'D']","{'B': 2, 'D': 2, 'A': 1, 'C': 0}",0.54,3.29
3,5,"['C', 'B', 'A', 'D']",0.42,"['B', 'C', 'D', 'A']","{'B': 2, 'D': 2, 'A': 1, 'C': 0}",0.54,3.29
3,5,"['C', 'B', 'A', 'D']",0.42,"['B', 'D', 'A', 'C']","{'B': 2, 'D': 2, 'A': 1, 'C': 0}",0.54,3.29
3,5,"['C', 'B', 'A', 'D']",0.42,"['B', 'D', 'C', 'A']","{'B': 2, 'D': 2, 'A': 1, 'C': 0}",0.54,3.29
7,5,"['C', 'D', 'B', 'A']",0.54,"['B', 'A', 'C', 'D']","{'B': 2, 'D': 2, 'A': 1, 'C': 0}",0.58,3.88
7,5,"['C', 'D', 'B', 'A']",0.54,"['B', 'A', 'D', 'C']","{'B': 2, 'D': 2, 'A': 1, 'C': 0}",0.58,3.88
7,5,"['C', 'D', 'B', 'A']",0.54,"['B', 'C', 'A', 'D']","{'B': 2, 'D': 2, 'A': 1, 'C': 0}",0.58,3.88
7,5,"['C', 'D', 'B', 'A']",0.54,"['B', 'C', 'D', 'A']","{'B': 2, 'D': 2, 'A': 1, 'C': 0}",0.58,3.88
7,5,"['C', 'D', 'B', 'A']",0.54,"['B', 'D', 'A', 'C']","{'B': 2, 'D': 2, 'A': 1, 'C': 0}",0.58,3.88
7,5,"['C', 'D', 'B', 'A']",0.54,"['B', 'D', 'C', 'A']","{'B': 2, 'D': 2, 'A': 1, 'C': 0}",0.58,3.88
9,3,"['D', 'A', 'C', 'B']",0.54,"['C', 'A', 'B', 'D']","{'A': 2, 'C': 2, 'B': 1, 'D': 0}",0.58,4.04
9,3,"['D', 'A', 'C', 'B']",0.54,"['C', 'A', 'D', 'B']","{'A': 2, 'C': 2, 'B': 1, 'D': 0}",0.58,4.04
9,3,"['D', 'A', 'C', 'B']",0.54,"['C', 'B', 'A', 'D']","{'A': 2, 'C': 2, 'B': 1, 'D': 0}",0.58,4.04
9,3,"['D', 'A', 'C', 'B']",0.54,"['C', 'B', 'D', 'A']","{'A': 2, 'C': 2, 'B': 1, 'D': 0}",0.58,4.04
9,3,"['D', 'A', 'C', 'B']",0.54,"['C', 'D', 'A', 'B']","{'A': 2, 'C': 2, 'B': 1, 'D': 0}",0.58,4.04
9,3,"['D', 'A', 'C', 'B']",0.54,"['C', 'D', 'B', 'A']","{'A': 2, 'C': 2, 'B': 1, 'D': 0}",0.58,4.04
10,"[1, 3]","[1, 1]","[0.42, 0.75]","[['A', 'B', 'C', 'D'], ['A', 'B', 'C', 'D']]","{'A': 2, 'D': 2, 'B': 1, 'C': 0}","[0.46, 1.0]",3.46
10,"[1, 3]","[1, 1]","[0.42, 0.75]","[['A', 'B', 'C', 'D'], ['A', 'B', 'D', 'C']]","{'A': 2, 'D': 2, 'B': 1, 'C': 0}","[0.46, 1.0]",3.46
10,"[1, 3]","[1, 1]","[0.42, 0.75]","[['A', 'B', 'C', 'D'], ['A', 'C', 'B', 'D']]","{'A': 2, 'D': 2, 'B': 1, 'C': 0}","[0.46, 1.0]",3.46
10,"[1, 3]","[1, 1]","[0.42, 0.75]","[['A', 'B', 'C', 'D'], ['A', 'C', 'D', 'B']]","{'A': 2, 'D': 2, 'B': 1, 'C': 0}","[0.46, 1.0]",3.46
10,"[1, 3]","[1, 1]","[0.42, 0.75]","[['A', 'B', 'C', 'D'], ['A', 'D', 'B', 'C']]","{'A': 2, 'D': 2, 'B': 1, 'C': 0}","[0.46, 1.0]",3.46
10,"[1, 3]","[1, 1]","[0.42, 0.75]","[['A', 'B', 'C', 'D'], ['A', 'D', 'C', 'B']]","{'A': 2, 'D': 2, 'B': 1, 'C': 0}","[0.46, 1.0]",3.46
10,"[1, 3]","[1, 1]","[0.42, 0.75]","[['A', 'B', 'D', 'C'], ['A', 'B', 'C', 'D']]","{'A': 2, 'D': 2, 'B': 1, 'C': 0}","[0.46, 1.0]",3.46
10,"[1, 3]","[1, 1]","[0.42, 0.75]","[['A', 'B', 'D', 'C'], ['A', 'B', 'D', 'C']]","{'A': 2, 'D': 2, 'B': 1, 'C': 0}","[0.46, 1.0]",3.46
10,"[1, 3]","[1, 1]","[0.42, 0.75]","[['A', 'B', 'D', 'C'], ['A', 'C', 'B', 'D']]","{'A': 2, 'D': 2, 'B': 1, 'C': 0}","[0.46, 1.0]",3.46
10,"[1, 3]","[1, 1]","[0.42, 0.75]","[['A', 'B', 'D', 'C'], ['A', 'C', 'D', 'B']]","{'A': 2, 'D': 2, 'B': 1, 'C': 0}","[0.46, 1.0]",3.46
10,"[1, 3]","[1, 1]","[0.42, 0.75]","[['A', 'B', 'D', 'C'], ['A', 'D', 'B', 'C']]","{'A': 2, 'D': 2, 'B': 1, 'C': 0}","[0.46, 1.0]",3.46
10,"[1, 3]","[1, 1]","[0.42, 0.75]","[['A', 'B', 'D', 'C'], ['A', 'D', 'C', 'B']]","{'A': 2, 'D': 2, 'B': 1, 'C': 0}","[0.46, 1.0]",3.46
10,"[1, 3]","[1, 1]","[0.42, 0.75]","[['A', 'C', 'B', 'D'], ['A', 'B', 'C', 'D']]","{'A': 2, 'D': 2, 'B': 1, 'C': 0}","[0.46, 1.0]",3.46
10,"[1, 3]","[1, 1]","[0.42, 0.75]","[['A', 'C', 'B', 'D'], ['A', 'B', 'D', 'C']]","{'A': 2, 'D': 2, 'B': 1, 'C': 0}","[0.46, 1.0]",3.46
10,"[1, 3]","[1, 1]","[0.42, 0.75]","[['A', 'C', 'B', 'D'], ['A', 'C', 'B', 'D']]","{'A': 2, 'D': 2, 'B': 1, 'C': 0}","[0.46, 1.0]",3.46
10,"[1, 3]","[1, 1]","[0.42, 0.75]","[['A', 'C', 'B', 'D'], ['A', 'C', 'D', 'B']]","{'A': 2, 'D': 2, 'B': 1, 'C': 0}","[0.46, 1.0]",3.46
10,"[1, 3]","[1, 1]","[0.42, 0.75]","[['A', 'C', 'B', 'D'], ['A', 'D', 'B', 'C']]","{'A': 2, 'D': 2, 'B': 1, 'C': 0}","[0.46, 1.0]",3.46
10,"[1, 3]","[1, 1]","[0.42, 0.75]","[['A', 'C', 'B', 'D'], ['A', 'D', 'C', 'B']]","{'A': 2, 'D': 2, 'B': 1, 'C': 0}","[0.46, 1.0]",3.46
10,"[1, 3]","[1, 1]","[0.42, 0.75]","[['A', 'C', 'D', 'B'], ['A', 'B', 'C', 'D']]","{'A': 2, 'D': 2, 'B': 1, 'C': 0}","[0.46, 1.0]",3.46
10,"[1, 3]","[1, 1]","[0.42, 0.75]","[['A', 'C', 'D', 'B'], ['A', 'B', 'D', 'C']]","{'A': 2, 'D': 2, 'B': 1, 'C': 0}","[0.46, 1.0]",3.46
10,"[1, 3]","[1, 1]","[0.42, 0.75]","[['A', 'C', 'D', 'B'], ['A', 'C', 'B', 'D']]","{'A': 2, 'D': 2, 'B': 1, 'C': 0}","[0.46, 1.0]",3.46
10,"[1, 3]","[1, 1]","[0.42, 0.75]","[['A', 'C', 'D', 'B'], ['A', 'C', 'D', 'B']]","{'A': 2, 'D': 2, 'B': 1, 'C': 0}","[0.46, 1.0]",3.46
10,"[1, 3]","[1, 1]","[0.42, 0.75]","[['A', 'C', 'D', 'B'], ['A', 'D', 'B', 'C']]","{'A': 2, 'D': 2, 'B': 1, 'C': 0}","[0.46, 1.0]",3.46
10,"[1, 3]","[1, 1]","[0.42, 0.75]","[['A', 'C', 'D', 'B'], ['A', 'D', 'C', 'B']]","{'A': 2, 'D': 2, 'B': 1, 'C': 0}","[0.46, 1.0]",3.46
10,"[1, 3]","[1, 1]","[0.42, 0.75]","[['A', 'D', 'B', 'C'], ['A', 'B', 'C', 'D']]","{'A': 2, 'D': 2, 'B': 1, 'C': 0}","[0.46, 1.0]",3.46
10,"[1, 3]","[1, 1]","[0.42, 0.75]","[['A', 'D', 'B', 'C'], ['A', 'B', 'D', 'C']]","{'A': 2, 'D': 2, 'B': 1, 'C': 0}","[0.46, 1.0]",3.46
10,"[1, 3]","[1, 1]","[0.42, 0.75]","[['A', 'D', 'B', 'C'], ['A', 'C', 'B', 'D']]","{'A': 2, 'D': 2, 'B': 1, 'C': 0}","[0.46, 1.0]",3.46
10,"[1, 3]","[1, 1]","[0.42, 0.75]","[['A', 'D', 'B', 'C'], ['A', 'C', 'D', 'B']]","{'A': 2, 'D': 2, 'B': 1, 'C': 0}","[0.46, 1.0]",3.46
10,"[1, 3]","[1, 1]","[0.42, 0.75]","[['A', 'D', 'B', 'C'], ['A', 'D', 'B', 'C']]","{'A': 2, 'D': 2, 'B': 1, 'C': 0}","[0.46, 1.0]",3.46
10,"[1, 3]","[1, 1]","[0.42, 0.75]","[['A', 'D', 'B', 'C'], ['A', 'D', 'C', 'B']]","{'A': 2, 'D': 2, 'B': 1, 'C': 0}","[0.46, 1.0]",3.46
10,"[1, 3]","[1, 1]","[0.42, 0.75]","[['A', 'D', 'C', 'B'], ['A', 'B', 'C', 'D']]","{'A': 2, 'D': 2, 'B': 1, 'C': 0}","[0.46, 1.0]",3.46
10,"[1, 3]","[1, 1]","[0.42, 0.75]","[['A', 'D', 'C', 'B'], ['A', 'B', 'D', 'C']]","{'A': 2, 'D': 2, 'B': 1, 'C': 0}","[0.46, 1.0]",3.46
10,"[1, 3]","[1, 1]","[0.42, 0.75]","[['A', 'D', 'C', 'B'], ['A', 'C', 'B', 'D']]","{'A': 2, 'D': 2, 'B': 1, 'C': 0}","[0.46, 1.0]",3.46
10,"[1, 3]","[1, 1]","[0.42, 0.75]","[['A', 'D', 'C', 'B'], ['A', 'C', 'D', 'B']]","{'A': 2, 'D': 2, 'B': 1, 'C': 0}","[0.46, 1.0]",3.46
10,"[1, 3]","[1, 1]","[0.42, 0.75]","[['A', 'D', 'C', 'B'], ['A', 'D', 'B', 'C']]","{'A': 2, 'D': 2, 'B': 1, 'C': 0}","[0.46, 1.0]",3.46
10,"[1, 3]","[1, 1]","[0.42, 0.75]","[['A', 'D', 'C', 'B'], ['A', 'D', 'C', 'B']]","{'A': 2, 'D': 2, 'B': 1, 'C': 0}","[0.46, 1.0]",3.46
10,"[1, 5]","[1, 1]","[0.42, 0.75]","[['B', 'A', 'C', 'D'], ['B', 'A', 'C', 'D']]","{'B': 2, 'D': 2, 'A': 1, 'C': 0}","[0.54, 1.0]",3.33
10,"[1, 5]","[1, 1]","[0.42, 0.75]","[['B', 'A', 'C', 'D'], ['B', 'A', 'D', 'C']]","{'B': 2, 'D': 2, 'A': 1, 'C': 0}","[0.54, 1.0]",3.33
10,"[1, 5]","[1, 1]","[0.42, 0.75]","[['B', 'A', 'C', 'D'], ['B', 'C', 'A', 'D']]","{'B': 2, 'D': 2, 'A': 1, 'C': 0}","[0.54, 1.0]",3.33
10,"[1, 5]","[1, 1]","[0.42, 0.75]","[['B', 'A', 'C', 'D'], ['B', 'C', 'D', 'A']]","{'B': 2, 'D': 2, 'A': 1, 'C': 0}","[0.54, 1.0]",3.33
10,"[1, 5]","[1, 1]","[0.42, 0.75]","[['B', 'A', 'C', 'D'], ['B', 'D', 'A', 'C']]","{'B': 2, 'D': 2, 'A': 1, 'C': 0}","[0.54, 1.0]",3.33
10,"[1, 5]","[1, 1]","[0.42, 0.75]","[['B', 'A', 'C', 'D'], ['B', 'D', 'C', 'A']]","{'B': 2, 'D': 2, 'A': 1, 'C': 0}","[0.54, 1.0]",3.33
10,"[1, 5]","[1, 1]","[0.42, 0.75]","[['B', 'A', 'D', 'C'], ['B', 'A', 'C', 'D']]","{'B': 2, 'D': 2, 'A': 1, 'C': 0}","[0.54, 1.0]",3.33
10,"[1, 5]","[1, 1]","[0.42, 0.75]","[['B', 'A', 'D', 'C'], ['B', 'A', 'D', 'C']]","{'B': 2, 'D': 2, 'A': 1, 'C': 0}","[0.54, 1.0]",3.33
10,"[1, 5]","[1, 1]","[0.42, 0.75]","[['B', 'A', 'D', 'C'], ['B', 'C', 'A', 'D']]","{'B': 2, 'D': 2, 'A': 1, 'C': 0}","[0.54, 1.0]",3.33
10,"[1, 5]","[1, 1]","[0.42, 0.75]","[['B', 'A', 'D', 'C'], ['B', 'C', 'D', 'A']]","{'B': 2, 'D': 2, 'A': 1, 'C': 0}","[0.54, 1.0]",3.33
10,"[1, 5]","[1, 1]","[0.42, 0.75]","[['B', 'A', 'D', 'C'], ['B', 'D', 'A', 'C']]","{'B': 2, 'D': 2, 'A': 1, 'C': 0}","[0.54, 1.0]",3.33
10,"[1, 5]","[1, 1]","[0.42, 0.75]","[['B', 'A', 'D', 'C'], ['B', 'D', 'C', 'A']]","{'B': 2, 'D': 2, 'A': 1, 'C': 0}","[0.54, 1.0]",3.33
10,"[1, 5]","[1, 1]","[0.42, 0.75]","[['B', 'C', 'A', 'D'], ['B', 'A', 'C', 'D']]","{'B': 2, 'D': 2, 'A': 1, 'C': 0}","[0.54, 1.0]",3.33
10,"[1, 5]","[1, 1]","[0.42, 0.75]","[['B', 'C', 'A', 'D'], ['B', 'A', 'D', 'C']]","{'B': 2, 'D': 2, 'A': 1, 'C': 0}","[0.54, 1.0]",3.33
10,"[1, 5]","[1, 1]","[0.42, 0.75]","[['B', 'C', 'A', 'D'], ['B', 'C', 'A', 'D']]","{'B': 2, 'D': 2, 'A': 1, 'C': 0}","[0.54, 1.0]",3.33
10,"[1, 5]","[1, 1]","[0.42, 0.75]","[['B', 'C', 'A', 'D'], ['B', 'C', 'D', 'A']]","{'B': 2, 'D': 2, 'A': 1, 'C': 0}","[0.54, 1.0]",3.33
10,"[1, 5]","[1, 1]","[0.42, 0.75]","[['B', 'C', 'A', 'D'], ['B', 'D', 'A', 'C']]","{'B': 2, 'D': 2, 'A': 1, 'C': 0}","[0.54, 1.0]",3.33
10,"[1, 5]","[1, 1]","[0.42, 0.75]","[['B', 'C', 'A', 'D'], ['B', 'D', 'C', 'A']]","{'B': 2, 'D': 2, 'A': 1, 'C': 0}","[0.54, 1.0]",3.33
10,"[1, 5]","[1, 1]","[0.42, 0.75]","[['B', 'C', 'D', 'A'], ['B', 'A', 'C', 'D']]","{'B': 2, 'D': 2, 'A': 1, 'C': 0}","[0.54, 1.0]",3.33
10,"[1, 5]","[1, 1]","[0.42, 0.75]","[['B', 'C', 'D', 'A'], ['B', 'A', 'D', 'C']]","{'B': 2, 'D': 2, 'A': 1, 'C': 0}","[0.54, 1.0]",3.33
10,"[1, 5]","[1, 1]","[0.42, 0.75]","[['B', 'C', 'D', 'A'], ['B', 'C', 'A', 'D']]","{'B': 2, 'D': 2, 'A': 1, 'C': 0}","[0.54, 1.0]",3.33
10,"[1, 5]","[1, 1]","[0.42, 0.75]","[['B', 'C', 'D', 'A'], ['B', 'C', 'D', 'A']]","{'B': 2, 'D': 2, 'A': 1, 'C': 0}","[0.54, 1.0]",3.33
10,"[1, 5]","[1, 1]","[0.42, 0.75]","[['B', 'C', 'D', 'A'], ['B', 'D', 'A', 'C']]","{'B': 2, 'D': 2, 'A': 1, 'C': 0}","[0.54, 1.0]",3.33
10,"[1, 5]","[1, 1]","[0.42, 0.75]","[['B', 'C', 'D', 'A'], ['B', 'D', 'C', 'A']]","{'B': 2, 'D': 2, 'A': 1, 'C': 0}","[0.54, 1.0]",3.33
10,"[1, 5]","[1, 1]","[0.42, 0.75]","[['B', 'D', 'A', 'C'], ['B', 'A', 'C', 'D']]","{'B': 2, 'D': 2, 'A': 1, 'C': 0}","[0.54, 1.0]",3.33
10,"[1, 5]","[1, 1]","[0.42, 0.75]","[['B', 'D', 'A', 'C'], ['B', 'A', 'D', 'C']]","{'B': 2, 'D': 2, 'A': 1, 'C': 0}","[0.54, 1.0]",3.33
10,"[1, 5]","[1, 1]","[0.42, 0.75]","[['B', 'D', 'A', 'C'], ['B', 'C', 'A', 'D']]","{'B': 2, 'D': 2, 'A': 1, 'C': 0}","[0.54, 1.0]",3.33
10,"[1, 5]","[1, 1]","[0.42, 0.75]","[['B', 'D', 'A', 'C'], ['B', 'C', 'D', 'A']]","{'B': 2, 'D': 2, 'A': 1, 'C': 0}","[0.54, 1.0]",3.33
10,"[1, 5]","[1, 1]","[0.42, 0.75]","[['B', 'D', 'A', 'C'], ['B', 'D', 'A', 'C']]","{'B': 2, 'D': 2, 'A': 1, 'C': 0}","[0.54, 1.0]",3.33
10,"[1, 5]","[1, 1]","[0.42, 0.75]","[['B', 'D', 'A', 'C'], ['B', 'D', 'C', 'A']]","{'B': 2, 'D': 2, 'A': 1, 'C': 0}","[0.54, 1.0]",3.33
10,"[1, 5]","[1, 1]","[0.42, 0.75]","[['B', 'D', 'C', 'A'], ['B', 'A', 'C', 'D']]","{'B': 2, 'D': 2, 'A': 1, 'C': 0}","[0.54, 1.0]",3.33
10,"[1, 5]","[1, 1]","[0.42, 0.75]","[['B', 'D', 'C', 'A'], ['B', 'A', 'D', 'C']]","{'B': 2, 'D': 2, 'A': 1, 'C': 0}","[0.54, 1.0]",3.33
10,"[1, 5]","[1, 1]","[0.42, 0.75]","[['B', 'D', 'C', 'A'], ['B', 'C', 'A', 'D']]","{'B': 2, 'D': 2, 'A': 1, 'C': 0}","[0.54, 1.0]",3.33
10,"[1, 5]","[1, 1]","[0.42, 0.75]","[['B', 'D', 'C', 'A'], ['B', 'C', 'D', 'A']]","{'B': 2, 'D': 2, 'A': 1, 'C': 0}","[0.54, 1.0]",3.33
10,"[1, 5]","[1, 1]","[0.42, 0.75]","[['B', 'D', 'C', 'A'], ['B', 'D', 'A', 'C']]","{'B': 2, 'D': 2, 'A': 1, 'C': 0}","[0.54, 1.0]",3.33
10,"[1, 5]","[1, 1]","[0.42, 0.75]","[['B', 'D', 'C', 'A'], ['B', 'D', 'C', 'A']]","{'B': 2, 'D': 2, 'A': 1, 'C': 0}","[0.54, 1.0]",3.33
12,"[2, 3]","[1, 1]","[0.46, 0.54]","[['B', 'A', 'C', 'D'], ['B', 'A', 'C', 'D']]","{'B': 2, 'C': 2, 'A': 1, 'D': 0}","[0.58, 1.0]",3.66
12,"[2, 3]","[1, 1]","[0.46, 0.54]","[['B', 'A', 'C', 'D'], ['B', 'A', 'D', 'C']]","{'B': 2, 'C': 2, 'A': 1, 'D': 0}","[0.58, 1.0]",3.66
12,"[2, 3]","[1, 1]","[0.46, 0.54]","[['B', 'A', 'C', 'D'], ['B', 'C', 'A', 'D']]","{'B': 2, 'C': 2, 'A': 1, 'D': 0}","[0.58, 1.0]",3.66
12,"[2, 3]","[1, 1]","[0.46, 0.54]","[['B', 'A', 'C', 'D'], ['B', 'C', 'D', 'A']]","{'B': 2, 'C': 2, 'A': 1, 'D': 0}","[0.58, 1.0]",3.66
12,"[2, 3]","[1, 1]","[0.46, 0.54]","[['B', 'A', 'C', 'D'], ['B', 'D', 'A', 'C']]","{'B': 2, 'C': 2, 'A': 1, 'D': 0}","[0.58, 1.0]",3.66
12,"[2, 3]","[1, 1]","[0.46, 0.54]","[['B', 'A', 'C', 'D'], ['B', 'D', 'C', 'A']]","{'B': 2, 'C': 2, 'A': 1, 'D': 0}","[0.58, 1.0]",3.66
12,"[2, 3]","[1, 1]","[0.46, 0.54]","[['B', 'A', 'D', 'C'], ['B', 'A', 'C', 'D']]","{'B': 2, 'C': 2, 'A': 1, 'D': 0}","[0.58, 1.0]",3.66
12,"[2, 3]","[1, 1]","[0.46, 0.54]","[['B', 'A', 'D', 'C'], ['B', 'A', 'D', 'C']]","{'B': 2, 'C': 2, 'A': 1, 'D': 0}","[0.58, 1.0]",3.66
12,"[2, 3]","[1, 1]","[0.46, 0.54]","[['B', 'A', 'D', 'C'], ['B', 'C', 'A', 'D']]","{'B': 2, 'C': 2, 'A': 1, 'D': 0}","[0.58, 1.0]",3.66
12,"[2, 3]","[1, 1]","[0.46, 0.54]","[['B', 'A', 'D', 'C'], ['B', 'C', 'D', 'A']]","{'B': 2, 'C': 2, 'A': 1, 'D': 0}","[0.58, 1.0]",3.66
12,"[2, 3]","[1, 1]","[0.46, 0.54]","[['B', 'A', 'D', 'C'], ['B', 'D', 'A', 'C']]","{'B': 2, 'C': 2, 'A': 1, 'D': 0}","[0.58, 1.0]",3.66
12,"[2, 3]","[1, 1]","[0.46, 0.54]","[['B', 'A', 'D', 'C'], ['B', 'D', 'C', 'A']]","{'B': 2, 'C': 2, 'A': 1, 'D': 0}","[0.58, 1.0]",3.66
12,"[2, 3]","[1, 1]","[0.46, 0.54]","[['B', 'C', 'A', 'D'], ['B', 'A', 'C', 'D']]","{'B': 2, 'C': 2, 'A': 1, 'D': 0}","[0.58, 1.0]",3.66
12,"[2, 3]","[1, 1]","[0.46, 0.54]","[['B', 'C', 'A', 'D'], ['B', 'A', 'D', 'C']]","{'B': 2, 'C': 2, 'A': 1, 'D': 0}","[0.58, 1.0]",3.66
12,"[2, 3]","[1, 1]","[0.46, 0.54]","[['B', 'C', 'A', 'D'], ['B', 'C', 'A', 'D']]","{'B': 2, 'C': 2, 'A': 1, 'D': 0}","[0.58, 1.0]",3.66
12,"[2, 3]","[1, 1]","[0.46, 0.54]","[['B', 'C', 'A', 'D'], ['B', 'C', 'D', 'A']]","{'B': 2, 'C': 2, 'A': 1, 'D': 0}","[0.58, 1.0]",3.66
12,"[2, 3]","[1, 1]","[0.46, 0.54]","[['B', 'C', 'A', 'D'], ['B', 'D', 'A', 'C']]","{'B': 2, 'C': 2, 'A': 1, 'D': 0}","[0.58, 1.0]",3.66
12,"[2, 3]","[1, 1]","[0.46, 0.54]","[['B', 'C', 'A', 'D'], ['B', 'D', 'C', 'A']]","{'B': 2, 'C': 2, 'A': 1, 'D': 0}","[0.58, 1.0]",3.66
12,"[2, 3]","[1, 1]","[0.46, 0.54]","[['B', 'C', 'D', 'A'], ['B', 'A', 'C', 'D']]","{'B': 2, 'C': 2, 'A': 1, 'D': 0}","[0.58, 1.0]",3.66
12,"[2, 3]","[1, 1]","[0.46, 0.54]","[['B', 'C', 'D', 'A'], ['B', 'A', 'D', 'C']]","{'B': 2, 'C': 2, 'A': 1, 'D': 0}","[0.58, 1.0]",3.66
12,"[2, 3]","[1, 1]","[0.46, 0.54]","[['B', 'C', 'D', 'A'], ['B', 'C', 'A', 'D']]","{'B': 2, 'C': 2, 'A': 1, 'D': 0}","[0.58, 1.0]",3.66
12,"[2, 3]","[1, 1]","[0.46, 0.54]","[['B', 'C', 'D', 'A'], ['B', 'C', 'D', 'A']]","{'B': 2, 'C': 2, 'A': 1, 'D': 0}","[0.58, 1.0]",3.66
12,"[2, 3]","[1, 1]","[0.46, 0.54]","[['B', 'C', 'D', 'A'], ['B', 'D', 'A', 'C']]","{'B': 2, 'C': 2, 'A': 1, 'D': 0}","[0.58, 1.0]",3.66
12,"[2, 3]","[1, 1]","[0.46, 0.54]","[['B', 'C', 'D', 'A'], ['B', 'D', 'C', 'A']]","{'B': 2, 'C': 2, 'A': 1, 'D': 0}","[0.58, 1.0]",3.66
12,"[2, 3]","[1, 1]","[0.46, 0.54]","[['B', 'D', 'A', 'C'], ['B', 'A', 'C', 'D']]","{'B': 2, 'C': 2, 'A': 1, 'D': 0}","[0.58, 1.0]",3.66
12,"[2, 3]","[1, 1]","[0.46, 0.54]","[['B', 'D', 'A', 'C'], ['B', 'A', 'D', 'C']]","{'B': 2, 'C': 2, 'A': 1, 'D': 0}","[0.58, 1.0]",3.66
12,"[2, 3]","[1, 1]","[0.46, 0.54]","[['B', 'D', 'A', 'C'], ['B', 'C', 'A', 'D']]","{'B': 2, 'C': 2, 'A': 1, 'D': 0}","[0.58, 1.0]",3.66
12,"[2, 3]","[1, 1]","[0.46, 0.54]","[['B', 'D', 'A', 'C'], ['B', 'C', 'D', 'A']]","{'B': 2, 'C': 2, 'A': 1, 'D': 0}","[0.58, 1.0]",3.66
12,"[2, 3]","[1, 1]","[0.46, 0.54]","[['B', 'D', 'A', 'C'], ['B', 'D', 'A', 'C']]","{'B': 2, 'C': 2, 'A': 1, 'D': 0}","[0.58, 1.0]",3.66
12,"[2, 3]","[1, 1]","[0.46, 0.54]","[['B', 'D', 'A', 'C'], ['B', 'D', 'C', 'A']]","{'B': 2, 'C': 2, 'A': 1, 'D': 0}","[0.58, 1.0]",3.66
12,"[2, 3]","[1, 1]","[0.46, 0.54]","[['B', 'D', 'C', 'A'], ['B', 'A', 'C', 'D']]","{'B': 2, 'C': 2, 'A': 1, 'D': 0}","[0.58, 1.0]",3.66
12,"[2, 3]","[1, 1]","[0.46, 0.54]","[['B', 'D', 'C', 'A'], ['B', 'A', 'D', 'C']]","{'B': 2, 'C': 2, 'A': 1, 'D': 0}","[0.58, 1.0]",3.66
12,"[2, 3]","[1, 1]","[0.46, 0.54]","[['B', 'D', 'C', 'A'], ['B', 'C', 'A', 'D']]","{'B': 2, 'C': 2, 'A': 1, 'D': 0}","[0.58, 1.0]",3.66
12,"[2, 3]","[1, 1]","[0.46, 0.54]","[['B', 'D', 'C', 'A'], ['B', 'C', 'D', 'A']]","{'B': 2, 'C': 2, 'A': 1, 'D': 0}","[0.58, 1.0]",3.66
12,"[2, 3]","[1, 1]","[0.46, 0.54]","[['B', 'D', 'C', 'A'], ['B', 'D', 'A', 'C']]","{'B': 2, 'C': 2, 'A': 1, 'D': 0}","[0.58, 1.0]",3.66
12,"[2, 3]","[1, 1]","[0.46, 0.54]","[['B', 'D', 'C', 'A'], ['B', 'D', 'C', 'A']]","{'B': 2, 'C': 2, 'A': 1, 'D': 0}","[0.58, 1.0]",3.66
15,"[2, 5]","[1, 1]","[0.75, 0.42]","[['C', 'A', 'B', 'D'], ['C', 'A', 'B', 'D']]","{'A': 2, 'C': 2, 'B': 1, 'D': 0}","[0.79, 0.5]",4.04
15,"[2, 5]","[1, 1]","[0.75, 0.42]","[['C', 'A', 'B', 'D'], ['C', 'A', 'D', 'B']]","{'A': 2, 'C': 2, 'B': 1, 'D': 0}","[0.79, 0.5]",4.04
15,"[2, 5]","[1, 1]","[0.75, 0.42]","[['C', 'A', 'B', 'D'], ['C', 'B', 'A', 'D']]","{'A': 2, 'C': 2, 'B': 1, 'D': 0}","[0.79, 0.5]",4.04
15,"[2, 5]","[1, 1]","[0.75, 0.42]","[['C', 'A', 'B', 'D'], ['C', 'B', 'D', 'A']]","{'A': 2, 'C': 2, 'B': 1, 'D': 0}","[0.79, 0.5]",4.04
15,"[2, 5]","[1, 1]","[0.75, 0.42]","[['C', 'A', 'B', 'D'], ['C', 'D', 'A', 'B']]","{'A': 2, 'C': 2, 'B': 1, 'D': 0}","[0.79, 0.5]",4.04
15,"[2, 5]","[1, 1]","[0.75, 0.42]","[['C', 'A', 'B', 'D'], ['C', 'D', 'B', 'A']]","{'A': 2, 'C': 2, 'B': 1, 'D': 0}","[0.79, 0.5]",4.04
15,"[2, 5]","[1, 1]","[0.75, 0.42]","[['C', 'A', 'D', 'B'], ['C', 'A', 'B', 'D']]","{'A': 2, 'C': 2, 'B': 1, 'D': 0}","[0.79, 0.5]",4.04
15,"[2, 5]","[1, 1]","[0.75, 0.42]","[['C', 'A', 'D', 'B'], ['C', 'A', 'D', 'B']]","{'A': 2, 'C': 2, 'B': 1, 'D': 0}","[0.79, 0.5]",4.04
15,"[2, 5]","[1, 1]","[0.75, 0.42]","[['C', 'A', 'D', 'B'], ['C', 'B', 'A', 'D']]","{'A': 2, 'C': 2, 'B': 1, 'D': 0}","[0.79, 0.5]",4.04
15,"[2, 5]","[1, 1]","[0.75, 0.42]","[['C', 'A', 'D', 'B'], ['C', 'B', 'D', 'A']]","{'A': 2, 'C': 2, 'B': 1, 'D': 0}","[0.79, 0.5]",4.04
15,"[2, 5]","[1, 1]","[0.75, 0.42]","[['C', 'A', 'D', 'B'], ['C', 'D', 'A', 'B']]","{'A': 2, 'C': 2, 'B': 1, 'D': 0}","[0.79, 0.5]",4.04
15,"[2, 5]","[1, 1]","[0.75, 0.42]","[['C', 'A', 'D', 'B'], ['C', 'D', 'B', 'A']]","{'A': 2, 'C': 2, 'B': 1, 'D': 0}","[0.79, 0.5]",4.04
15,"[2, 5]","[1, 1]","[0.75, 0.42]","[['C', 'B', 'A', 'D'], ['C', 'A', 'B', 'D']]","{'A': 2, 'C': 2, 'B': 1, 'D': 0}","[0.79, 0.5]",4.04
15,"[2, 5]","[1, 1]","[0.75, 0.42]","[['C', 'B', 'A', 'D'], ['C', 'A', 'D', 'B']]","{'A': 2, 'C': 2, 'B': 1, 'D': 0}","[0.79, 0.5]",4.04
15,"[2, 5]","[1, 1]","[0.75, 0.42]","[['C', 'B', 'A', 'D'], ['C', 'B', 'A', 'D']]","{'A': 2, 'C': 2, 'B': 1, 'D': 0}","[0.79, 0.5]",4.04
15,"[2, 5]","[1, 1]","[0.75, 0.42]","[['C', 'B', 'A', 'D'], ['C', 'B', 'D', 'A']]","{'A': 2, 'C': 2, 'B': 1, 'D': 0}","[0.79, 0.5]",4.04
15,"[2, 5]","[1, 1]","[0.75, 0.42]","[['C', 'B', 'A', 'D'], ['C', 'D', 'A', 'B']]","{'A': 2, 'C': 2, 'B': 1, 'D': 0}","[0.79, 0.5]",4.04
15,"[2, 5]","[1, 1]","[0.75, 0.42]","[['C', 'B', 'A', 'D'], ['C', 'D', 'B', 'A']]","{'A': 2, 'C': 2, 'B': 1, 'D': 0}","[0.79, 0.5]",4.04
15,"[2, 5]","[1, 1]","[0.75, 0.42]","[['C', 'B', 'D', 'A'], ['C', 'A', 'B', 'D']]","{'A': 2, 'C': 2, 'B': 1, 'D': 0}","[0.79, 0.5]",4.04
15,"[2, 5]","[1, 1]","[0.75, 0.42]","[['C', 'B', 'D', 'A'], ['C', 'A', 'D', 'B']]","{'A': 2, 'C': 2, 'B': 1, 'D': 0}","[0.79, 0.5]",4.04
15,"[2, 5]","[1, 1]","[0.75, 0.42]","[['C', 'B', 'D', 'A'], ['C', 'B', 'A', 'D']]","{'A': 2, 'C': 2, 'B': 1, 'D': 0}","[0.79, 0.5]",4.04
15,"[2, 5]","[1, 1]","[0.75, 0.42]","[['C', 'B', 'D', 'A'], ['C', 'B', 'D', 'A']]","{'A': 2, 'C': 2, 'B': 1, 'D': 0}","[0.79, 0.5]",4.04
15,"[2, 5]","[1, 1]","[0.75, 0.42]","[['C', 'B', 'D', 'A'], ['C', 'D', 'A', 'B']]","{'A': 2, 'C': 2, 'B': 1, 'D': 0}","[0.79, 0.5]",4.04
15,"[2, 5]","[1, 1]","[0.75, 0.42]","[['C', 'B', 'D', 'A'], ['C', 'D', 'B', 'A']]","{'A': 2, 'C': 2, 'B': 1, 'D': 0}","[0.79, 0.5]",4.04
15,"[2, 5]","[1, 1]","[0.75, 0.42]","[['C', 'D', 'A', 'B'], ['C', 'A', 'B', 'D']]","{'A': 2, 'C': 2, 'B': 1, 'D': 0}","[0.79, 0.5]",4.04
15,"[2, 5]","[1, 1]","[0.75, 0.42]","[['C', 'D', 'A', 'B'], ['C', 'A', 'D', 'B']]","{'A': 2, 'C': 2, 'B': 1, 'D': 0}","[0.79, 0.5]",4.04
15,"[2, 5]","[1, 1]","[0.75, 0.42]","[['C', 'D', 'A', 'B'], ['C', 'B', 'A', 'D']]","{'A': 2, 'C': 2, 'B': 1, 'D': 0}","[0.79, 0.5]",4.04
15,"[2, 5]","[1, 1]","[0.75, 0.42]","[['C', 'D', 'A', 'B'], ['C', 'B', 'D', 'A']]","{'A': 2, 'C': 2, 'B': 1, 'D': 0}","[0.79, 0.5]",4.04
15,"[2, 5]","[1, 1]","[0.75, 0.42]","[['C', 'D', 'A', 'B'], ['C', 'D', 'A', 'B']]","{'A': 2, 'C': 2, 'B': 1, 'D': 0}","[0.79, 0.5]",4.04
15,"[2, 5]","[1, 1]","[0.75, 0.42]","[['C', 'D', 'A', 'B'], ['C', 'D', 'B', 'A']]","{'A': 2, 'C': 2, 'B': 1, 'D': 0}","[0.79, 0.5]",4.04
15,"[2, 5]","[1, 1]","[0.75, 0.42]","[['C', 'D', 'B', 'A'], ['C', 'A', 'B', 'D']]","{'A': 2, 'C': 2, 'B': 1, 'D': 0}","[0.79, 0.5]",4.04
15,"[2, 5]","[1, 1]","[0.75, 0.42]","[['C', 'D', 'B', 'A'], ['C', 'A', 'D', 'B']]","{'A': 2, 'C': 2, 'B': 1, 'D': 0}","[0.79, 0.5]",4.04
15,"[2, 5]","[1, 1]","[0.75, 0.42]","[['C', 'D', 'B', 'A'], ['C', 'B', 'A', 'D']]","{'A': 2, 'C': 2, 'B': 1, 'D': 0}","[0.79, 0.5]",4.04
15,"[2, 5]","[1, 1]","[0.75, 0.42]","[['C', 'D', 'B', 'A'], ['C', 'B', 'D', 'A']]","{'A': 2, 'C': 2, 'B': 1, 'D': 0}","[0.79, 0.5]",4.04
15,"[2, 5]","[1, 1]","[0.75, 0.42]","[['C', 'D', 'B', 'A'], ['C', 'D', 'A', 'B']]","{'A': 2, 'C': 2, 'B': 1, 'D': 0}","[0.79, 0.5]",4.04
15,"[2, 5]","[1, 1]","[0.75, 0.42]","[['C', 'D', 'B', 'A'], ['C', 'D', 'B', 'A']]","{'A': 2, 'C': 2, 'B': 1, 'D': 0}","[0.79, 0.5]",4.04
22,2,"['D', 'C', 'B', 'A']",0.54,"['A', 'B', 'C', 'D']","{'A': 2, 'C': 2, 'B': 1, 'D': 0}",0.58,3.96
22,2,"['D', 'C', 'B', 'A']",0.54,"['A', 'B', 'D', 'C']","{'A': 2, 'C': 2, 'B': 1, 'D': 0}",0.58,3.96
22,2,"['D', 'C', 'B', 'A']",0.54,"['A', 'C', 'B', 'D']","{'A': 2, 'C': 2, 'B': 1, 'D': 0}",0.58,3.96
22,2,"['D', 'C', 'B', 'A']",0.54,"['A', 'C', 'D', 'B']","{'A': 2, 'C': 2, 'B': 1, 'D': 0}",0.58,3.96
22,2,"['D', 'C', 'B', 'A']",0.54,"['A', 'D', 'B', 'C']","{'A': 2, 'C': 2, 'B': 1, 'D': 0}",0.58,3.96
22,2,"['D', 'C', 'B', 'A']",0.54,"['A', 'D', 'C', 'B']","{'A': 2, 'C': 2, 'B': 1, 'D': 0}",0.58,3.96
22,2,"['D', 'C', 'B', 'A']",0.54,"['C', 'A', 'B', 'D']","{'C': 3, 'A': 1, 'B': 1, 'D': 0}",0.58,3.91
22,2,"['D', 'C', 'B', 'A']",0.54,"['C', 'A', 'D', 'B']","{'C': 3, 'A': 1, 'B': 1, 'D': 0}",0.58,3.91
22,2,"['D', 'C', 'B', 'A']",0.54,"['C', 'B', 'A', 'D']","{'C': 3, 'A': 1, 'B': 1, 'D': 0}",0.58,3.91
22,2,"['D', 'C', 'B', 'A']",0.54,"['C', 'B', 'D', 'A']","{'C': 3, 'A': 1, 'B': 1, 'D': 0}",0.58,3.91
22,2,"['D', 'C', 'B', 'A']",0.54,"['C', 'D', 'A', 'B']","{'C': 3, 'A': 1, 'B': 1, 'D': 0}",0.58,3.91
22,2,"['D', 'C', 'B', 'A']",0.54,"['C', 'D', 'B', 'A']","{'C': 3, 'A': 1, 'B': 1, 'D': 0}",0.58,3.91
22,2,"['D', 'C', 'B', 'A']",0.54,"['D', 'A', 'B', 'C']","{'C': 2, 'A': 1, 'B': 1, 'D': 1}",0.58,3.91
22,2,"['D', 'C', 'B', 'A']",0.54,"['D', 'A', 'C', 'B']","{'C': 2, 'A': 1, 'B': 1, 'D': 1}",0.58,3.91
22,2,"['D', 'C', 'B', 'A']",0.54,"['D', 'B', 'A', 'C']","{'C': 2, 'A': 1, 'B': 1, 'D': 1}",0.58,3.91
22,2,"['D', 'C', 'B', 'A']",0.54,"['D', 'B', 'C', 'A']","{'C': 2, 'A': 1, 'B': 1, 'D': 1}",0.58,3.91
22,2,"['D', 'C', 'B', 'A']",0.54,"['D', 'C', 'A', 'B']","{'C': 2, 'A': 1, 'B': 1, 'D': 1}",0.58,3.91
22,2,"['D', 'C', 'B', 'A']",0.54,"['D', 'C', 'B', 'A']","{'C': 2, 'A': 1, 'B': 1, 'D': 1}",0.58,3.91
24,1,"['C', 'D', 'B', 'A']",0.67,"['A', 'B', 'C', 'D']","{'A': 2, 'B': 2, 'C': 1, 'D': 0}",0.75,3.71
24,1,"['C', 'D', 'B', 'A']",0.67,"['A', 'B', 'D', 'C']","{'A': 2, 'B': 2, 'C': 1, 'D': 0}",0.75,3.71
24,1,"['C', 'D', 'B', 'A']",0.67,"['A', 'C', 'B', 'D']","{'A': 2, 'B': 2, 'C': 1, 'D': 0}",0.75,3.71
24,1,"['C', 'D', 'B', 'A']",0.67,"['A', 'C', 'D', 'B']","{'A': 2, 'B': 2, 'C': 1, 'D': 0}",0.75,3.71
24,1,"['C', 'D', 'B', 'A']",0.67,"['A', 'D', 'B', 'C']","{'A': 2, 'B': 2, 'C': 1, 'D': 0}",0.75,3.71
24,1,"['C', 'D', 'B', 'A']",0.67,"['A', 'D', 'C', 'B']","{'A': 2, 'B': 2, 'C': 1, 'D': 0}",0.75,3.71
24,1,"['C', 'D', 'B', 'A']",0.67,"['B', 'A', 'C', 'D']","{'B': 3, 'A': 1, 'C': 1, 'D': 0}",0.75,3.91
24,1,"['C', 'D', 'B', 'A']",0.67,"['B', 'A', 'D', 'C']","{'B': 3, 'A': 1, 'C': 1, 'D': 0}",0.75,3.91
24,1,"['C', 'D', 'B', 'A']",0.67,"['B', 'C', 'A', 'D']","{'B': 3, 'A': 1, 'C': 1, 'D': 0}",0.75,3.91
24,1,"['C', 'D', 'B', 'A']",0.67,"['B', 'C', 'D', 'A']","{'B': 3, 'A': 1, 'C': 1, 'D': 0}",0.75,3.91
24,1,"['C', 'D', 'B', 'A']",0.67,"['B', 'D', 'A', 'C']","{'B': 3, 'A': 1, 'C': 1, 'D': 0}",0.75,3.91
24,1,"['C', 'D', 'B', 'A']",0.67,"['B', 'D', 'C', 'A']","{'B': 3, 'A': 1, 'C': 1, 'D': 0}",0.75,3.91
24,1,"['C', 'D', 'B', 'A']",0.67,"['C', 'A', 'B', 'D']","{'B': 2, 'C': 2, 'A': 1, 'D': 0}",0.88,4.17
24,1,"['C', 'D', 'B', 'A']",0.67,"['C', 'A', 'D', 'B']","{'B': 2, 'C': 2, 'A': 1, 'D': 0}",0.88,4.17
24,1,"['C', 'D', 'B', 'A']",0.67,"['C', 'B', 'A', 'D']","{'B': 2, 'C': 2, 'A': 1, 'D': 0}",0.88,4.17
24,1,"['C', 'D', 'B', 'A']",0.67,"['C', 'B', 'D', 'A']","{'B': 2, 'C': 2, 'A': 1, 'D': 0}",0.88,4.17
24,1,"['C', 'D', 'B', 'A']",0.67,"['C', 'D', 'A', 'B']","{'B': 2, 'C': 2, 'A': 1, 'D': 0}",0.88,4.17
24,1,"['C', 'D', 'B', 'A']",0.67,"['C', 'D', 'B', 'A']","{'B': 2, 'C': 2, 'A': 1, 'D': 0}",0.88,4.17
24,1,"['C', 'D', 'B', 'A']",0.67,"['D', 'A', 'B', 'C']","{'B': 2, 'A': 1, 'C': 1, 'D': 1}",0.75,3.91
24,1,"['C', 'D', 'B', 'A']",0.67,"['D', 'A', 'C', 'B']","{'B': 2, 'A': 1, 'C': 1, 'D': 1}",0.75,3.91
24,1,"['C', 'D', 'B', 'A']",0.67,"['D', 'B', 'A', 'C']","{'B': 2, 'A': 1, 'C': 1, 'D': 1}",0.75,3.91
24,1,"['C', 'D', 'B', 'A']",0.67,"['D', 'B', 'C', 'A']","{'B': 2, 'A': 1, 'C': 1, 'D': 1}",0.75,3.91
24,1,"['C', 'D', 'B', 'A']",0.67,"['D', 'C', 'A', 'B']","{'B': 2, 'A': 1, 'C': 1, 'D': 1}",0.75,3.91
24,1,"['C', 'D', 'B', 'A']",0.67,"['D', 'C', 'B', 'A']","{'B': 2, 'A': 1, 'C': 1, 'D': 1}",0.75,3.91
24,4,"['A', 'D', 'B', 'C']",0.5,"['A', 'B', 'C', 'D']","{'B': 2, 'C': 2, 'A': 1, 'D': 0}",0.54,4.17
24,4,"['A', 'D', 'B', 'C']",0.5,"['A', 'B', 'D', 'C']","{'B': 2, 'C': 2, 'A': 1, 'D': 0}",0.54,4.17
24,4,"['A', 'D', 'B', 'C']",0.5,"['A', 'C', 'B', 'D']","{'B': 2, 'C': 2, 'A': 1, 'D': 0}",0.54,4.17
24,4,"['A', 'D', 'B', 'C']",0.5,"['A', 'C', 'D', 'B']","{'B': 2, 'C': 2, 'A': 1, 'D': 0}",0.54,4.17
24,4,"['A', 'D', 'B', 'C']",0.5,"['A', 'D', 'B', 'C']","{'B': 2, 'C': 2, 'A': 1, 'D': 0}",0.54,4.17
24,4,"['A', 'D', 'B', 'C']",0.5,"['A', 'D', 'C', 'B']","{'B': 2, 'C': 2, 'A': 1, 'D': 0}",0.54,4.17
24,4,"['A', 'D', 'B', 'C']",0.5,"['B', 'A', 'C', 'D']","{'B': 3, 'C': 2, 'A': 0, 'D': 0}",0.54,4.17
24,4,"['A', 'D', 'B', 'C']",0.5,"['B', 'A', 'D', 'C']","{'B': 3, 'C': 2, 'A': 0, 'D': 0}",0.54,4.17
24,4,"['A', 'D', 'B', 'C']",0.5,"['B', 'C', 'A', 'D']","{'B': 3, 'C': 2, 'A': 0, 'D': 0}",0.54,4.17
24,4,"['A', 'D', 'B', 'C']",0.5,"['B', 'C', 'D', 'A']","{'B': 3, 'C': 2, 'A': 0, 'D': 0}",0.54,4.17
24,4,"['A', 'D', 'B', 'C']",0.5,"['B', 'D', 'A', 'C']","{'B': 3, 'C': 2, 'A': 0, 'D': 0}",0.54,4.17
24,4,"['A', 'D', 'B', 'C']",0.5,"['B', 'D', 'C', 'A']","{'B': 3, 'C': 2, 'A': 0, 'D': 0}",0.54,4.17
24,4,"['A', 'D', 'B', 'C']",0.5,"['C', 'A', 'B', 'D']","{'C': 3, 'B': 2, 'A': 0, 'D': 0}",0.58,3.74
24,4,"['A', 'D', 'B', 'C']",0.5,"['C', 'A', 'D', 'B']","{'C': 3, 'B': 2, 'A': 0, 'D': 0}",0.58,3.74
24,4,"['A', 'D', 'B', 'C']",0.5,"['C', 'B', 'A', 'D']","{'C': 3, 'B': 2, 'A': 0, 'D': 0}",0.58,3.74
24,4,"['A', 'D', 'B', 'C']",0.5,"['C', 'B', 'D', 'A']","{'C': 3, 'B': 2, 'A': 0, 'D': 0}",0.58,3.74
24,4,"['A', 'D', 'B', 'C']",0.5,"['C', 'D', 'A', 'B']","{'C': 3, 'B': 2, 'A': 0, 'D': 0}",0.58,3.74
24,4,"['A', 'D', 'B', 'C']",0.5,"['C', 'D', 'B', 'A']","{'C': 3, 'B': 2, 'A': 0, 'D': 0}",0.58,3.74
25,1,"['D', 'C', 'B', 'A']",0.54,"['B', 'A', 'C', 'D']","{'B': 2, 'C': 2, 'A': 1, 'D': 0}",0.58,3.75
25,1,"['D', 'C', 'B', 'A']",0.54,"['B', 'A', 'D', 'C']","{'B': 2, 'C': 2, 'A': 1, 'D': 0}",0.58,3.75
25,1,"['D', 'C', 'B', 'A']",0.54,"['B', 'C', 'A', 'D']","{'B': 2, 'C': 2, 'A': 1, 'D': 0}",0.58,3.75
25,1,"['D', 'C', 'B', 'A']",0.54,"['B', 'C', 'D', 'A']","{'B': 2, 'C': 2, 'A': 1, 'D': 0}",0.58,3.75
25,1,"['D', 'C', 'B', 'A']",0.54,"['B', 'D', 'A', 'C']","{'B': 2, 'C': 2, 'A': 1, 'D': 0}",0.58,3.75
25,1,"['D', 'C', 'B', 'A']",0.54,"['B', 'D', 'C', 'A']","{'B': 2, 'C': 2, 'A': 1, 'D': 0}",0.58,3.75
26,2,"['D', 'A', 'C', 'B']",0.75,"['D', 'A', 'B', 'C']","{'A': 2, 'D': 2, 'B': 1, 'C': 0}",0.88,4.34
26,2,"['D', 'A', 'C', 'B']",0.75,"['D', 'A', 'C', 'B']","{'A': 2, 'D': 2, 'B': 1, 'C': 0}",0.88,4.34
26,2,"['D', 'A', 'C', 'B']",0.75,"['D', 'B', 'A', 'C']","{'A': 2, 'D': 2, 'B': 1, 'C': 0}",0.88,4.34
26,2,"['D', 'A', 'C', 'B']",0.75,"['D', 'B', 'C', 'A']","{'A': 2, 'D': 2, 'B': 1, 'C': 0}",0.88,4.34
26,2,"['D', 'A', 'C', 'B']",0.75,"['D', 'C', 'A', 'B']","{'A': 2, 'D': 2, 'B': 1, 'C': 0}",0.88,4.34
26,2,"['D', 'A', 'C', 'B']",0.75,"['D', 'C', 'B', 'A']","{'A': 2, 'D': 2, 'B': 1, 'C': 0}",0.88,4.34
26,4,"['D', 'B', 'C', 'A']",0.58,"['A', 'B', 'C', 'D']","{'A': 3, 'B': 1, 'D': 1, 'C': 0}",0.75,4.25
26,4,"['D', 'B', 'C', 'A']",0.58,"['A', 'B', 'D', 'C']","{'A': 3, 'B': 1, 'D': 1, 'C': 0}",0.75,4.25
26,4,"['D', 'B', 'C', 'A']",0.58,"['A', 'C', 'B', 'D']","{'A': 3, 'B': 1, 'D': 1, 'C': 0}",0.75,4.25
26,4,"['D', 'B', 'C', 'A']",0.58,"['A', 'C', 'D', 'B']","{'A': 3, 'B': 1, 'D': 1, 'C': 0}",0.75,4.25
26,4,"['D', 'B', 'C', 'A']",0.58,"['A', 'D', 'B', 'C']","{'A': 3, 'B': 1, 'D': 1, 'C': 0}",0.75,4.25
26,4,"['D', 'B', 'C', 'A']",0.58,"['A', 'D', 'C', 'B']","{'A': 3, 'B': 1, 'D': 1, 'C': 0}",0.75,4.25
26,4,"['D', 'B', 'C', 'A']",0.58,"['B', 'A', 'C', 'D']","{'A': 2, 'B': 2, 'D': 1, 'C': 0}",0.75,4.25
26,4,"['D', 'B', 'C', 'A']",0.58,"['B', 'A', 'D', 'C']","{'A': 2, 'B': 2, 'D': 1, 'C': 0}",0.75,4.25
26,4,"['D', 'B', 'C', 'A']",0.58,"['B', 'C', 'A', 'D']","{'A': 2, 'B': 2, 'D': 1, 'C': 0}",0.75,4.25
26,4,"['D', 'B', 'C', 'A']",0.58,"['B', 'C', 'D', 'A']","{'A': 2, 'B': 2, 'D': 1, 'C': 0}",0.75,4.25
26,4,"['D', 'B', 'C', 'A']",0.58,"['B', 'D', 'A', 'C']","{'A': 2, 'B': 2, 'D': 1, 'C': 0}",0.75,4.25
26,4,"['D', 'B', 'C', 'A']",0.58,"['B', 'D', 'C', 'A']","{'A': 2, 'B': 2, 'D': 1, 'C': 0}",0.75,4.25
26,4,"['D', 'B', 'C', 'A']",0.58,"['D', 'A', 'B', 'C']","{'A': 2, 'D': 2, 'B': 1, 'C': 0}",0.88,4.34
26,4,"['D', 'B', 'C', 'A']",0.58,"['D', 'A', 'C', 'B']","{'A': 2, 'D': 2, 'B': 1, 'C': 0}",0.88,4.34
26,4,"['D', 'B', 'C', 'A']",0.58,"['D', 'B', 'A', 'C']","{'A': 2, 'D': 2, 'B': 1, 'C': 0}",0.88,4.34
26,4,"['D', 'B', 'C', 'A']",0.58,"['D', 'B', 'C', 'A']","{'A': 2, 'D': 2, 'B': 1, 'C': 0}",0.88,4.34
26,4,"['D', 'B', 'C', 'A']",0.58,"['D', 'C', 'A', 'B']","{'A': 2, 'D': 2, 'B': 1, 'C': 0}",0.88,4.34
26,4,"['D', 'B', 'C', 'A']",0.58,"['D', 'C', 'B', 'A']","{'A': 2, 'D': 2, 'B': 1, 'C': 0}",0.88,4.34
27,2,"['A', 'D', 'C', 'B']",0.46,"['C', 'A', 'B', 'D']","{'C': 3, 'B': 2, 'A': 0, 'D': 0}",0.5,4.17
27,2,"['A', 'D', 'C', 'B']",0.46,"['C', 'A', 'D', 'B']","{'C': 3, 'B': 2, 'A': 0, 'D': 0}",0.5,4.17
27,2,"['A', 'D', 'C', 'B']",0.46,"['C', 'B', 'A', 'D']","{'C': 3, 'B': 2, 'A': 0, 'D': 0}",0.5,4.17
27,2,"['A', 'D', 'C', 'B']",0.46,"['C', 'B', 'D', 'A']","{'C': 3, 'B': 2, 'A': 0, 'D': 0}",0.5,4.17
27,2,"['A', 'D', 'C', 'B']",0.46,"['C', 'D', 'A', 'B']","{'C': 3, 'B': 2, 'A': 0, 'D': 0}",0.5,4.17
27,2,"['A', 'D', 'C', 'B']",0.46,"['C', 'D', 'B', 'A']","{'C': 3, 'B': 2, 'A': 0, 'D': 0}",0.5,4.17
27,3,"['C', 'A', 'D', 'B']",0.58,"['A', 'B', 'C', 'D']","{'A': 2, 'B': 2, 'C': 1, 'D': 0}",0.75,3.96
27,3,"['C', 'A', 'D', 'B']",0.58,"['A', 'B', 'D', 'C']","{'A': 2, 'B': 2, 'C': 1, 'D': 0}",0.75,3.96
27,3,"['C', 'A', 'D', 'B']",0.58,"['A', 'C', 'B', 'D']","{'A': 2, 'B': 2, 'C': 1, 'D': 0}",0.75,3.96
27,3,"['C', 'A', 'D', 'B']",0.58,"['A', 'C', 'D', 'B']","{'A': 2, 'B': 2, 'C': 1, 'D': 0}",0.75,3.96
27,3,"['C', 'A', 'D', 'B']",0.58,"['A', 'D', 'B', 'C']","{'A': 2, 'B': 2, 'C': 1, 'D': 0}",0.75,3.96
27,3,"['C', 'A', 'D', 'B']",0.58,"['A', 'D', 'C', 'B']","{'A': 2, 'B': 2, 'C': 1, 'D': 0}",0.75,3.96
27,3,"['C', 'A', 'D', 'B']",0.58,"['B', 'A', 'C', 'D']","{'B': 3, 'A': 1, 'C': 1, 'D': 0}",0.75,3.91
27,3,"['C', 'A', 'D', 'B']",0.58,"['B', 'A', 'D', 'C']","{'B': 3, 'A': 1, 'C': 1, 'D': 0}",0.75,3.91
27,3,"['C', 'A', 'D', 'B']",0.58,"['B', 'C', 'A', 'D']","{'B': 3, 'A': 1, 'C': 1, 'D': 0}",0.75,3.91
27,3,"['C', 'A', 'D', 'B']",0.58,"['B', 'C', 'D', 'A']","{'B': 3, 'A': 1, 'C': 1, 'D': 0}",0.75,3.91
27,3,"['C', 'A', 'D', 'B']",0.58,"['B', 'D', 'A', 'C']","{'B': 3, 'A': 1, 'C': 1, 'D': 0}",0.75,3.91
27,3,"['C', 'A', 'D', 'B']",0.58,"['B', 'D', 'C', 'A']","{'B': 3, 'A': 1, 'C': 1, 'D': 0}",0.75,3.91
27,3,"['C', 'A', 'D', 'B']",0.58,"['C', 'A', 'B', 'D']","{'B': 2, 'C': 2, 'A': 1, 'D': 0}",0.79,4.0
27,3,"['C', 'A', 'D', 'B']",0.58,"['C', 'A', 'D', 'B']","{'B': 2, 'C': 2, 'A': 1, 'D': 0}",0.79,4.0
27,3,"['C', 'A', 'D', 'B']",0.58,"['C', 'B', 'A', 'D']","{'B': 2, 'C': 2, 'A': 1, 'D': 0}",0.79,4.0
27,3,"['C', 'A', 'D', 'B']",0.58,"['C', 'B', 'D', 'A']","{'B': 2, 'C': 2, 'A': 1, 'D': 0}",0.79,4.0
27,3,"['C', 'A', 'D', 'B']",0.58,"['C', 'D', 'A', 'B']","{'B': 2, 'C': 2, 'A': 1, 'D': 0}",0.79,4.0
27,3,"['C', 'A', 'D', 'B']",0.58,"['C', 'D', 'B', 'A']","{'B': 2, 'C': 2, 'A': 1, 'D': 0}",0.79,4.0
27,3,"['C', 'A', 'D', 'B']",0.58,"['D', 'A', 'B', 'C']","{'B': 2, 'A': 1, 'C': 1, 'D': 1}",0.75,3.91
27,3,"['C', 'A', 'D', 'B']",0.58,"['D', 'A', 'C', 'B']","{'B': 2, 'A': 1, 'C': 1, 'D': 1}",0.75,3.91
27,3,"['C', 'A', 'D', 'B']",0.58,"['D', 'B', 'A', 'C']","{'B': 2, 'A': 1, 'C': 1, 'D': 1}",0.75,3.91
27,3,"['C', 'A', 'D', 'B']",0.58,"['D', 'B', 'C', 'A']","{'B': 2, 'A': 1, 'C': 1, 'D': 1}",0.75,3.91
27,3,"['C', 'A', 'D', 'B']",0.58,"['D', 'C', 'A', 'B']","{'B': 2, 'A': 1, 'C': 1, 'D': 1}",0.75,3.91
27,3,"['C', 'A', 'D', 'B']",0.58,"['D', 'C', 'B', 'A']","{'B': 2, 'A': 1, 'C': 1, 'D': 1}",0.75,3.91
27,4,"['C', 'D', 'B', 'A']",0.67,"['C', 'A', 'B', 'D']","{'B': 2, 'C': 2, 'A': 1, 'D': 0}",0.75,4.0
27,4,"['C', 'D', 'B', 'A']",0.67,"['C', 'A', 'D', 'B']","{'B': 2, 'C': 2, 'A': 1, 'D': 0}",0.75,4.0
27,4,"['C', 'D', 'B', 'A']",0.67,"['C', 'B', 'A', 'D']","{'B': 2, 'C': 2, 'A': 1, 'D': 0}",0.75,4.0
27,4,"['C', 'D', 'B', 'A']",0.67,"['C', 'B', 'D', 'A']","{'B': 2, 'C': 2, 'A': 1, 'D': 0}",0.75,4.0
27,4,"['C', 'D', 'B', 'A']",0.67,"['C', 'D', 'A', 'B']","{'B': 2, 'C': 2, 'A': 1, 'D': 0}",0.75,4.0
27,4,"['C', 'D', 'B', 'A']",0.67,"['C', 'D', 'B', 'A']","{'B': 2, 'C': 2, 'A': 1, 'D': 0}",0.75,4.0
28,4,"['D', 'C', 'A', 'B']",0.5,"['A', 'B', 'C', 'D']","{'A': 4, 'B': 1, 'C': 0, 'D': 0}",0.54,4.33
28,4,"['D', 'C', 'A', 'B']",0.5,"['A', 'B', 'D', 'C']","{'A': 4, 'B': 1, 'C': 0, 'D': 0}",0.54,4.33
28,4,"['D', 'C', 'A', 'B']",0.5,"['A', 'C', 'B', 'D']","{'A': 4, 'B': 1, 'C': 0, 'D': 0}",0.54,4.33
28,4,"['D', 'C', 'A', 'B']",0.5,"['A', 'C', 'D', 'B']","{'A': 4, 'B': 1, 'C': 0, 'D': 0}",0.54,4.33
28,4,"['D', 'C', 'A', 'B']",0.5,"['A', 'D', 'B', 'C']","{'A': 4, 'B': 1, 'C': 0, 'D': 0}",0.54,4.33
28,4,"['D', 'C', 'A', 'B']",0.5,"['A', 'D', 'C', 'B']","{'A': 4, 'B': 1, 'C': 0, 'D': 0}",0.54,4.33
28,4,"['D', 'C', 'A', 'B']",0.5,"['B', 'A', 'C', 'D']","{'A': 3, 'B': 2, 'C': 0, 'D': 0}",0.54,4.33
28,4,"['D', 'C', 'A', 'B']",0.5,"['B', 'A', 'D', 'C']","{'A': 3, 'B': 2, 'C': 0, 'D': 0}",0.54,4.33
28,4,"['D', 'C', 'A', 'B']",0.5,"['B', 'C', 'A', 'D']","{'A': 3, 'B': 2, 'C': 0, 'D': 0}",0.54,4.33
28,4,"['D', 'C', 'A', 'B']",0.5,"['B', 'C', 'D', 'A']","{'A': 3, 'B': 2, 'C': 0, 'D': 0}",0.54,4.33
28,4,"['D', 'C', 'A', 'B']",0.5,"['B', 'D', 'A', 'C']","{'A': 3, 'B': 2, 'C': 0, 'D': 0}",0.54,4.33
28,4,"['D', 'C', 'A', 'B']",0.5,"['B', 'D', 'C', 'A']","{'A': 3, 'B': 2, 'C': 0, 'D': 0}",0.54,4.33
28,4,"['D', 'C', 'A', 'B']",0.5,"['C', 'A', 'B', 'D']","{'A': 3, 'B': 1, 'C': 1, 'D': 0}",0.54,4.33
28,4,"['D', 'C', 'A', 'B']",0.5,"['C', 'A', 'D', 'B']","{'A': 3, 'B': 1, 'C': 1, 'D': 0}",0.54,4.33
28,4,"['D', 'C', 'A', 'B']",0.5,"['C', 'B', 'A', 'D']","{'A': 3, 'B': 1, 'C': 1, 'D': 0}",0.54,4.33
28,4,"['D', 'C', 'A', 'B']",0.5,"['C', 'B', 'D', 'A']","{'A': 3, 'B': 1, 'C': 1, 'D': 0}",0.54,4.33
28,4,"['D', 'C', 'A', 'B']",0.5,"['C', 'D', 'A', 'B']","{'A': 3, 'B': 1, 'C': 1, 'D': 0}",0.54,4.33
28,4,"['D', 'C', 'A', 'B']",0.5,"['C', 'D', 'B', 'A']","{'A': 3, 'B': 1, 'C': 1, 'D': 0}",0.54,4.33
28,4,"['D', 'C', 'A', 'B']",0.5,"['D', 'A', 'B', 'C']","{'A': 3, 'B': 1, 'D': 1, 'C': 0}",0.58,4.25
28,4,"['D', 'C', 'A', 'B']",0.5,"['D', 'A', 'C', 'B']","{'A': 3, 'B': 1, 'D': 1, 'C': 0}",0.58,4.25
28,4,"['D', 'C', 'A', 'B']",0.5,"['D', 'B', 'A', 'C']","{'A': 3, 'B': 1, 'D': 1, 'C': 0}",0.58,4.25
28,4,"['D', 'C', 'A', 'B']",0.5,"['D', 'B', 'C', 'A']","{'A': 3, 'B': 1, 'D': 1, 'C': 0}",0.58,4.25
28,4,"['D', 'C', 'A', 'B']",0.5,"['D', 'C', 'A', 'B']","{'A': 3, 'B': 1, 'D': 1, 'C': 0}",0.58,4.25
28,4,"['D', 'C', 'A', 'B']",0.5,"['D', 'C', 'B', 'A']","{'A': 3, 'B': 1, 'D': 1, 'C': 0}",0.58,4.25
29,1,"['D', 'B', 'C', 'A']",0.54,"['A', 'B', 'C', 'D']","{'A': 3, 'B': 2, 'C': 0, 'D': 0}",0.58,4.12
29,1,"['D', 'B', 'C', 'A']",0.54,"['A', 'B', 'D', 'C']","{'A': 3, 'B': 2, 'C': 0, 'D': 0}",0.58,4.12
29,1,"['D', 'B', 'C', 'A']",0.54,"['A', 'C', 'B', 'D']","{'A': 3, 'B': 2, 'C': 0, 'D': 0}",0.58,4.12
29,1,"['D', 'B', 'C', 'A']",0.54,"['A', 'C', 'D', 'B']","{'A': 3, 'B': 2, 'C': 0, 'D': 0}",0.58,4.12
29,1,"['D', 'B', 'C', 'A']",0.54,"['A', 'D', 'B', 'C']","{'A': 3, 'B': 2, 'C': 0, 'D': 0}",0.58,4.12
29,1,"['D', 'B', 'C', 'A']",0.54,"['A', 'D', 'C', 'B']","{'A': 3, 'B': 2, 'C': 0, 'D': 0}",0.58,4.12
29,1,"['D', 'B', 'C', 'A']",0.54,"['B', 'A', 'C', 'D']","{'B': 3, 'A': 2, 'C': 0, 'D': 0}",0.58,4.08
29,1,"['D', 'B', 'C', 'A']",0.54,"['B', 'A', 'D', 'C']","{'B': 3, 'A': 2, 'C': 0, 'D': 0}",0.58,4.08
29,1,"['D', 'B', 'C', 'A']",0.54,"['B', 'C', 'A', 'D']","{'B': 3, 'A': 2, 'C': 0, 'D': 0}",0.58,4.08
29,1,"['D', 'B', 'C', 'A']",0.54,"['B', 'C', 'D', 'A']","{'B': 3, 'A': 2, 'C': 0, 'D': 0}",0.58,4.08
29,1,"['D', 'B', 'C', 'A']",0.54,"['B', 'D', 'A', 'C']","{'B': 3, 'A': 2, 'C': 0, 'D': 0}",0.58,4.08
29,1,"['D', 'B', 'C', 'A']",0.54,"['B', 'D', 'C', 'A']","{'B': 3, 'A': 2, 'C': 0, 'D': 0}",0.58,4.08
29,1,"['D', 'B', 'C', 'A']",0.54,"['C', 'A', 'B', 'D']","{'A': 2, 'B': 2, 'C': 1, 'D': 0}",0.58,4.12
29,1,"['D', 'B', 'C', 'A']",0.54,"['C', 'A', 'D', 'B']","{'A': 2, 'B': 2, 'C': 1, 'D': 0}",0.58,4.12
29,1,"['D', 'B', 'C', 'A']",0.54,"['C', 'B', 'A', 'D']","{'A': 2, 'B': 2, 'C': 1, 'D': 0}",0.58,4.12
29,1,"['D', 'B', 'C', 'A']",0.54,"['C', 'B', 'D', 'A']","{'A': 2, 'B': 2, 'C': 1, 'D': 0}",0.58,4.12
29,1,"['D', 'B', 'C', 'A']",0.54,"['C', 'D', 'A', 'B']","{'A': 2, 'B': 2, 'C': 1, 'D': 0}",0.58,4.12
29,1,"['D', 'B', 'C', 'A']",0.54,"['C', 'D', 'B', 'A']","{'A': 2, 'B': 2, 'C': 1, 'D': 0}",0.58,4.12
29,1,"['D', 'B', 'C', 'A']",0.54,"['D', 'A', 'B', 'C']","{'A': 2, 'B': 2, 'D': 1, 'C': 0}",0.75,4.3
29,1,"['D', 'B', 'C', 'A']",0.54,"['D', 'A', 'C', 'B']","{'A': 2, 'B': 2, 'D': 1, 'C': 0}",0.75,4.3
29,1,"['D', 'B', 'C', 'A']",0.54,"['D', 'B', 'A', 'C']","{'A': 2, 'B': 2, 'D': 1, 'C': 0}",0.75,4.3
29,1,"['D', 'B', 'C', 'A']",0.54,"['D', 'B', 'C', 'A']","{'A': 2, 'B': 2, 'D': 1, 'C': 0}",0.75,4.3
29,1,"['D', 'B', 'C', 'A']",0.54,"['D', 'C', 'A', 'B']","{'A': 2, 'B': 2, 'D': 1, 'C': 0}",0.75,4.3
29,1,"['D', 'B', 'C', 'A']",0.54,"['D', 'C', 'B', 'A']","{'A': 2, 'B': 2, 'D': 1, 'C': 0}",0.75,4.3
29,5,"['B', 'D', 'A', 'C']",0.79,"['A', 'B', 'C', 'D']","{'A': 3, 'B': 1, 'D': 1, 'C': 0}",0.88,4.3
29,5,"['B', 'D', 'A', 'C']",0.79,"['A', 'B', 'D', 'C']","{'A': 3, 'B': 1, 'D': 1, 'C': 0}",0.88,4.3
29,5,"['B', 'D', 'A', 'C']",0.79,"['A', 'C', 'B', 'D']","{'A': 3, 'B': 1, 'D': 1, 'C': 0}",0.88,4.3
29,5,"['B', 'D', 'A', 'C']",0.79,"['A', 'C', 'D', 'B']","{'A': 3, 'B': 1, 'D': 1, 'C': 0}",0.88,4.3
29,5,"['B', 'D', 'A', 'C']",0.79,"['A', 'D', 'B', 'C']","{'A': 3, 'B': 1, 'D': 1, 'C': 0}",0.88,4.3
29,5,"['B', 'D', 'A', 'C']",0.79,"['A', 'D', 'C', 'B']","{'A': 3, 'B': 1, 'D': 1, 'C': 0}",0.88,4.3
29,5,"['B', 'D', 'A', 'C']",0.79,"['B', 'A', 'C', 'D']","{'A': 2, 'B': 2, 'D': 1, 'C': 0}",0.88,4.3
29,5,"['B', 'D', 'A', 'C']",0.79,"['B', 'A', 'D', 'C']","{'A': 2, 'B': 2, 'D': 1, 'C': 0}",0.88,4.3
29,5,"['B', 'D', 'A', 'C']",0.79,"['B', 'C', 'A', 'D']","{'A': 2, 'B': 2, 'D': 1, 'C': 0}",0.88,4.3
29,5,"['B', 'D', 'A', 'C']",0.79,"['B', 'C', 'D', 'A']","{'A': 2, 'B': 2, 'D': 1, 'C': 0}",0.88,4.3
29,5,"['B', 'D', 'A', 'C']",0.79,"['B', 'D', 'A', 'C']","{'A': 2, 'B': 2, 'D': 1, 'C': 0}",0.88,4.3
29,5,"['B', 'D', 'A', 'C']",0.79,"['B', 'D', 'C', 'A']","{'A': 2, 'B': 2, 'D': 1, 'C': 0}",0.88,4.3
30,[],[],"[1.0, 0.75, 1.0, 0.54, 1.0]",[],"{'D': 3, 'B': 1, 'C': 1, 'A': 0}","[1.0, 0.75, 1.0, 0.54, 1.0]",4.29
31,[],[],"[0.75, 1.0, 0.88, 1.0, 0.67]",[],"{'C': 2, 'D': 2, 'A': 1, 'B': 0}","[0.75, 1.0, 0.88, 1.0, 0.67]",4.3
32,[1],"[['D', 'C', 'A', 'B']]","[0.42, 1.0, 0.75, 0.88, 1.0]","[['C', 'A', 'B', 'D']]","{'B': 2, 'C': 2, 'A': 1, 'D': 0}","[0.5, 1.0, 0.88, 0.75, 1.0]",4.13
33,[1],"[['C', 'D', 'B', 'A']]","[0.46, 0.75, 1.0, 1.0, 0.79]","[['B', 'A', 'C', 'D']]","{'B': 3, 'A': 2, 'C': 0, 'D': 0}","[0.5, 1.0, 0.88, 0.75, 1.0]",4.13
34,[],[],"[1.0, 1.0, 0.79, 0.58, 0.54]",[],"{'A': 2, 'B': 2, 'D': 1, 'C': 0}","[1.0, 1.0, 0.79, 0.58, 0.54]",3.91
35,[],[],"[1.0, 1.0, 0.79, 0.58, 0.54]",[],"{'D': 2, 'A': 1, 'B': 1, 'C': 1}","[1.0, 1.0, 0.79, 0.58, 0.54]",3.91
36,[],[],"[0.58, 0.58, 1.0, 1.0, 0.5]",[],"{'A': 2, 'D': 2, 'B': 1, 'C': 0}","[0.58, 0.58, 1.0, 1.0, 0.5]",3.66
37,[1],"[['D', 'A', 'B', 'C']]","[0.5, 1.0, 0.54, 0.75, 1.0]","[['A', 'B', 'C', 'D']]","{'A': 2, 'C': 2, 'B': 1, 'D': 0}","[0.54, 0.58, 0.58, 1.0, 0.88]",3.58
38,[],[],"[1.0, 0.67, 1.0, 1.0, 1.0]",[],"{'A': 4, 'D': 1, 'B': 0, 'C': 0}","[1.0, 0.67, 1.0, 1.0, 1.0]",4.67
39,"[2, 4]","[['D', 'C', 'B', 'A'], ['B', 'D', 'A', 'C']]","[0.67, 0.54, 1.0, 0.46, 1.0]","[['B', 'A', 'C', 'D'], ['D', 'A', 'B', 'C']]","{'C': 2, 'A': 1, 'B': 1, 'D': 1}","[0.67, 0.54, 1.0, 0.46, 1.0]",3.67
40,1,"['D', 'A', 'C', 'B']",0.75,"['C', 'D', 'A', 'B']","{'C': 3, 'D': 3, 'A': 2, 'B': 2}",0.79,3.79
40,1,"['D', 'A', 'C', 'B']",0.75,"['C', 'D', 'B', 'A']","{'C': 3, 'D': 3, 'A': 2, 'B': 2}",0.79,3.79
40,1,"['D', 'A', 'C', 'B']",0.75,"['D', 'C', 'A', 'B']","{'C': 3, 'D': 3, 'A': 2, 'B': 2}",0.79,3.79
40,1,"['D', 'A', 'C', 'B']",0.75,"['D', 'C', 'B', 'A']","{'C': 3, 'D': 3, 'A': 2, 'B': 2}",0.79,3.79
42,1,"['D', 'B', 'C', 'A']",0.75,"['C', 'D', 'A', 'B']","{'B': 4, 'D': 3, 'C': 2, 'A': 1}",0.88,4.46
42,1,"['D', 'B', 'C', 'A']",0.75,"['C', 'D', 'B', 'A']","{'B': 4, 'D': 3, 'C': 2, 'A': 1}",0.88,4.46
42,1,"['D', 'B', 'C', 'A']",0.75,"['D', 'C', 'A', 'B']","{'B': 4, 'D': 3, 'C': 2, 'A': 1}",0.88,4.46
42,1,"['D', 'B', 'C', 'A']",0.75,"['D', 'C', 'B', 'A']","{'B': 4, 'D': 3, 'C': 2, 'A': 1}",0.88,4.46
43,2,"['D', 'A', 'B', 'C']",0.54,"['B', 'D', 'A', 'C']","{'C': 4, 'D': 3, 'A': 2, 'B': 1}",0.58,4.33
43,2,"['D', 'A', 'B', 'C']",0.54,"['B', 'D', 'C', 'A']","{'C': 4, 'D': 3, 'A': 2, 'B': 1}",0.58,4.33
43,2,"['D', 'A', 'B', 'C']",0.54,"['C', 'D', 'A', 'B']","{'C': 5, 'D': 3, 'A': 2, 'B': 0}",0.58,4.33
43,2,"['D', 'A', 'B', 'C']",0.54,"['C', 'D', 'B', 'A']","{'C': 5, 'D': 3, 'A': 2, 'B': 0}",0.58,4.33
43,2,"['D', 'A', 'B', 'C']",0.54,"['D', 'B', 'A', 'C']","{'C': 4, 'D': 3, 'A': 2, 'B': 1}",0.58,4.33
43,2,"['D', 'A', 'B', 'C']",0.54,"['D', 'B', 'C', 'A']","{'C': 4, 'D': 3, 'A': 2, 'B': 1}",0.58,4.33
43,2,"['D', 'A', 'B', 'C']",0.54,"['D', 'C', 'A', 'B']","{'C': 5, 'D': 3, 'A': 2, 'B': 0}",0.58,4.33
43,2,"['D', 'A', 'B', 'C']",0.54,"['D', 'C', 'B', 'A']","{'C': 5, 'D': 3, 'A': 2, 'B': 0}",0.58,4.33
45,3,"['A', 'B', 'D', 'C']",0.75,"['A', 'D', 'B', 'C']","{'D': 4, 'A': 2, 'B': 2, 'C': 2}",0.79,3.79
45,3,"['A', 'B', 'D', 'C']",0.75,"['A', 'D', 'C', 'B']","{'D': 4, 'A': 2, 'B': 2, 'C': 2}",0.79,3.79
45,3,"['A', 'B', 'D', 'C']",0.75,"['D', 'A', 'B', 'C']","{'D': 4, 'A': 2, 'B': 2, 'C': 2}",0.79,3.79
45,3,"['A', 'B', 'D', 'C']",0.75,"['D', 'A', 'C', 'B']","{'D': 4, 'A': 2, 'B': 2, 'C': 2}",0.79,3.79
46,5,"['D', 'C', 'A', 'B']",0.75,"['A', 'D', 'B', 'C']","{'A': 4, 'D': 3, 'C': 2, 'B': 1}",0.79,4.37
46,5,"['D', 'C', 'A', 'B']",0.75,"['A', 'D', 'C', 'B']","{'A': 4, 'D': 3, 'C': 2, 'B': 1}",0.79,4.37
46,5,"['D', 'C', 'A', 'B']",0.75,"['D', 'A', 'B', 'C']","{'A': 4, 'D': 3, 'C': 2, 'B': 1}",0.79,4.37
46,5,"['D', 'C', 'A', 'B']",0.75,"['D', 'A', 'C', 'B']","{'A': 4, 'D': 3, 'C': 2, 'B': 1}",0.79,4.37
47,2,"['B', 'A', 'C', 'D']",0.42,"['A', 'C', 'B', 'D']","{'C': 4, 'D': 4, 'A': 2, 'B': 0}",0.46,4.21
47,2,"['B', 'A', 'C', 'D']",0.42,"['A', 'C', 'D', 'B']","{'C': 4, 'D': 4, 'A': 2, 'B': 0}",0.46,4.21
47,2,"['B', 'A', 'C', 'D']",0.42,"['B', 'C', 'A', 'D']","{'C': 4, 'D': 4, 'A': 1, 'B': 1}",0.46,4.21
47,2,"['B', 'A', 'C', 'D']",0.42,"['B', 'C', 'D', 'A']","{'C': 4, 'D': 4, 'A': 1, 'B': 1}",0.46,4.21
47,2,"['B', 'A', 'C', 'D']",0.42,"['C', 'A', 'B', 'D']","{'C': 4, 'D': 4, 'A': 2, 'B': 0}",0.46,4.21
47,2,"['B', 'A', 'C', 'D']",0.42,"['C', 'A', 'D', 'B']","{'C': 4, 'D': 4, 'A': 2, 'B': 0}",0.46,4.21
47,2,"['B', 'A', 'C', 'D']",0.42,"['C', 'B', 'A', 'D']","{'C': 4, 'D': 4, 'A': 1, 'B': 1}",0.46,4.21
47,2,"['B', 'A', 'C', 'D']",0.42,"['C', 'B', 'D', 'A']","{'C': 4, 'D': 4, 'A': 1, 'B': 1}",0.46,4.21
47,3,"['C', 'D', 'B', 'A']",0.75,"['B', 'C', 'A', 'D']","{'C': 3, 'D': 3, 'A': 2, 'B': 2}",1.0,4.21
47,3,"['C', 'D', 'B', 'A']",0.75,"['B', 'C', 'D', 'A']","{'C': 3, 'D': 3, 'A': 2, 'B': 2}",1.0,4.21
47,3,"['C', 'D', 'B', 'A']",0.75,"['C', 'B', 'A', 'D']","{'C': 3, 'D': 3, 'A': 2, 'B': 2}",1.0,4.21
47,3,"['C', 'D', 'B', 'A']",0.75,"['C', 'B', 'D', 'A']","{'C': 3, 'D': 3, 'A': 2, 'B': 2}",1.0,4.21
47,4,"['C', 'D', 'A', 'B']",0.88,"['B', 'C', 'A', 'D']","{'C': 3, 'D': 3, 'A': 2, 'B': 2}",1.0,4.21
47,4,"['C', 'D', 'A', 'B']",0.88,"['B', 'C', 'D', 'A']","{'C': 3, 'D': 3, 'A': 2, 'B': 2}",1.0,4.21
47,4,"['C', 'D', 'A', 'B']",0.88,"['C', 'B', 'A', 'D']","{'C': 3, 'D': 3, 'A': 2, 'B': 2}",1.0,4.21
47,4,"['C', 'D', 'A', 'B']",0.88,"['C', 'B', 'D', 'A']","{'C': 3, 'D': 3, 'A': 2, 'B': 2}",1.0,4.21
47,5,"['C', 'D', 'A', 'B']",0.88,"['B', 'C', 'A', 'D']","{'C': 3, 'D': 3, 'A': 2, 'B': 2}",1.0,4.21
47,5,"['C', 'D', 'A', 'B']",0.88,"['B', 'C', 'D', 'A']","{'C': 3, 'D': 3, 'A': 2, 'B': 2}",1.0,4.21
47,5,"['C', 'D', 'A', 'B']",0.88,"['C', 'B', 'A', 'D']","{'C': 3, 'D': 3, 'A': 2, 'B': 2}",1.0,4.21
47,5,"['C', 'D', 'A', 'B']",0.88,"['C', 'B', 'D', 'A']","{'C': 3, 'D': 3, 'A': 2, 'B': 2}",1.0,4.21
50,"[3, 4]","[2, 2]","[0.75, 0.58]","[['A', 'B', 'C', 'D'], ['A', 'B', 'C', 'D']]","{'A': 5, 'B': 2, 'C': 2, 'D': 1}","[0.79, 0.75]",4.29
50,"[3, 4]","[2, 2]","[0.75, 0.58]","[['A', 'B', 'C', 'D'], ['A', 'B', 'D', 'C']]","{'A': 5, 'B': 2, 'C': 2, 'D': 1}","[0.79, 0.75]",4.29
50,"[3, 4]","[2, 2]","[0.75, 0.58]","[['A', 'B', 'C', 'D'], ['B', 'A', 'C', 'D']]","{'A': 5, 'B': 2, 'C': 2, 'D': 1}","[0.79, 0.75]",4.29
50,"[3, 4]","[2, 2]","[0.75, 0.58]","[['A', 'B', 'C', 'D'], ['B', 'A', 'D', 'C']]","{'A': 5, 'B': 2, 'C': 2, 'D': 1}","[0.79, 0.75]",4.29
50,"[3, 4]","[2, 2]","[0.75, 0.58]","[['A', 'B', 'C', 'D'], ['B', 'D', 'A', 'C']]","{'A': 4, 'B': 2, 'C': 2, 'D': 2}","[0.79, 0.75]",4.29
50,"[3, 4]","[2, 2]","[0.75, 0.58]","[['A', 'B', 'C', 'D'], ['B', 'D', 'C', 'A']]","{'A': 4, 'B': 2, 'C': 2, 'D': 2}","[0.79, 0.75]",4.29
50,"[3, 4]","[2, 2]","[0.75, 0.58]","[['A', 'B', 'C', 'D'], ['D', 'B', 'A', 'C']]","{'A': 4, 'B': 2, 'C': 2, 'D': 2}","[0.79, 0.75]",4.29
50,"[3, 4]","[2, 2]","[0.75, 0.58]","[['A', 'B', 'C', 'D'], ['D', 'B', 'C', 'A']]","{'A': 4, 'B': 2, 'C': 2, 'D': 2}","[0.79, 0.75]",4.29
50,"[3, 4]","[2, 2]","[0.75, 0.58]","[['A', 'B', 'D', 'C'], ['A', 'B', 'C', 'D']]","{'A': 5, 'B': 2, 'C': 2, 'D': 1}","[0.79, 0.75]",4.29
50,"[3, 4]","[2, 2]","[0.75, 0.58]","[['A', 'B', 'D', 'C'], ['A', 'B', 'D', 'C']]","{'A': 5, 'B': 2, 'C': 2, 'D': 1}","[0.79, 0.75]",4.29
50,"[3, 4]","[2, 2]","[0.75, 0.58]","[['A', 'B', 'D', 'C'], ['B', 'A', 'C', 'D']]","{'A': 5, 'B': 2, 'C': 2, 'D': 1}","[0.79, 0.75]",4.29
50,"[3, 4]","[2, 2]","[0.75, 0.58]","[['A', 'B', 'D', 'C'], ['B', 'A', 'D', 'C']]","{'A': 5, 'B': 2, 'C': 2, 'D': 1}","[0.79, 0.75]",4.29
50,"[3, 4]","[2, 2]","[0.75, 0.58]","[['A', 'B', 'D', 'C'], ['B', 'D', 'A', 'C']]","{'A': 4, 'B': 2, 'C': 2, 'D': 2}","[0.79, 0.75]",4.29
50,"[3, 4]","[2, 2]","[0.75, 0.58]","[['A', 'B', 'D', 'C'], ['B', 'D', 'C', 'A']]","{'A': 4, 'B': 2, 'C': 2, 'D': 2}","[0.79, 0.75]",4.29
50,"[3, 4]","[2, 2]","[0.75, 0.58]","[['A', 'B', 'D', 'C'], ['D', 'B', 'A', 'C']]","{'A': 4, 'B': 2, 'C': 2, 'D': 2}","[0.79, 0.75]",4.29
50,"[3, 4]","[2, 2]","[0.75, 0.58]","[['A', 'B', 'D', 'C'], ['D', 'B', 'C', 'A']]","{'A': 4, 'B': 2, 'C': 2, 'D': 2}","[0.79, 0.75]",4.29
50,"[3, 4]","[2, 2]","[0.75, 0.58]","[['B', 'A', 'C', 'D'], ['A', 'B', 'C', 'D']]","{'A': 5, 'B': 2, 'C': 2, 'D': 1}","[0.79, 0.75]",4.29
50,"[3, 4]","[2, 2]","[0.75, 0.58]","[['B', 'A', 'C', 'D'], ['A', 'B', 'D', 'C']]","{'A': 5, 'B': 2, 'C': 2, 'D': 1}","[0.79, 0.75]",4.29
50,"[3, 4]","[2, 2]","[0.75, 0.58]","[['B', 'A', 'C', 'D'], ['B', 'A', 'C', 'D']]","{'A': 5, 'B': 2, 'C': 2, 'D': 1}","[0.79, 0.75]",4.29
50,"[3, 4]","[2, 2]","[0.75, 0.58]","[['B', 'A', 'C', 'D'], ['B', 'A', 'D', 'C']]","{'A': 5, 'B': 2, 'C': 2, 'D': 1}","[0.79, 0.75]",4.29
50,"[3, 4]","[2, 2]","[0.75, 0.58]","[['B', 'A', 'C', 'D'], ['B', 'D', 'A', 'C']]","{'A': 4, 'B': 2, 'C': 2, 'D': 2}","[0.79, 0.75]",4.29
50,"[3, 4]","[2, 2]","[0.75, 0.58]","[['B', 'A', 'C', 'D'], ['B', 'D', 'C', 'A']]","{'A': 4, 'B': 2, 'C': 2, 'D': 2}","[0.79, 0.75]",4.29
50,"[3, 4]","[2, 2]","[0.75, 0.58]","[['B', 'A', 'C', 'D'], ['D', 'B', 'A', 'C']]","{'A': 4, 'B': 2, 'C': 2, 'D': 2}","[0.79, 0.75]",4.29
50,"[3, 4]","[2, 2]","[0.75, 0.58]","[['B', 'A', 'C', 'D'], ['D', 'B', 'C', 'A']]","{'A': 4, 'B': 2, 'C': 2, 'D': 2}","[0.79, 0.75]",4.29
50,"[3, 4]","[2, 2]","[0.75, 0.58]","[['B', 'A', 'D', 'C'], ['A', 'B', 'C', 'D']]","{'A': 5, 'B': 2, 'C': 2, 'D': 1}","[0.79, 0.75]",4.29
50,"[3, 4]","[2, 2]","[0.75, 0.58]","[['B', 'A', 'D', 'C'], ['A', 'B', 'D', 'C']]","{'A': 5, 'B': 2, 'C': 2, 'D': 1}","[0.79, 0.75]",4.29
50,"[3, 4]","[2, 2]","[0.75, 0.58]","[['B', 'A', 'D', 'C'], ['B', 'A', 'C', 'D']]","{'A': 5, 'B': 2, 'C': 2, 'D': 1}","[0.79, 0.75]",4.29
50,"[3, 4]","[2, 2]","[0.75, 0.58]","[['B', 'A', 'D', 'C'], ['B', 'A', 'D', 'C']]","{'A': 5, 'B': 2, 'C': 2, 'D': 1}","[0.79, 0.75]",4.29
50,"[3, 4]","[2, 2]","[0.75, 0.58]","[['B', 'A', 'D', 'C'], ['B', 'D', 'A', 'C']]","{'A': 4, 'B': 2, 'C': 2, 'D': 2}","[0.79, 0.75]",4.29
50,"[3, 4]","[2, 2]","[0.75, 0.58]","[['B', 'A', 'D', 'C'], ['B', 'D', 'C', 'A']]","{'A': 4, 'B': 2, 'C': 2, 'D': 2}","[0.79, 0.75]",4.29
50,"[3, 4]","[2, 2]","[0.75, 0.58]","[['B', 'A', 'D', 'C'], ['D', 'B', 'A', 'C']]","{'A': 4, 'B': 2, 'C': 2, 'D': 2}","[0.79, 0.75]",4.29
50,"[3, 4]","[2, 2]","[0.75, 0.58]","[['B', 'A', 'D', 'C'], ['D', 'B', 'C', 'A']]","{'A': 4, 'B': 2, 'C': 2, 'D': 2}","[0.79, 0.75]",4.29
50,"[3, 4]","[2, 2]","[0.75, 0.58]","[['B', 'D', 'A', 'C'], ['A', 'B', 'C', 'D']]","{'A': 4, 'B': 2, 'C': 2, 'D': 2}","[0.79, 0.75]",4.29
50,"[3, 4]","[2, 2]","[0.75, 0.58]","[['B', 'D', 'A', 'C'], ['A', 'B', 'D', 'C']]","{'A': 4, 'B': 2, 'C': 2, 'D': 2}","[0.79, 0.75]",4.29
50,"[3, 4]","[2, 2]","[0.75, 0.58]","[['B', 'D', 'A', 'C'], ['B', 'A', 'C', 'D']]","{'A': 4, 'B': 2, 'C': 2, 'D': 2}","[0.79, 0.75]",4.29
50,"[3, 4]","[2, 2]","[0.75, 0.58]","[['B', 'D', 'A', 'C'], ['B', 'A', 'D', 'C']]","{'A': 4, 'B': 2, 'C': 2, 'D': 2}","[0.79, 0.75]",4.29
50,"[3, 4]","[2, 2]","[0.75, 0.58]","[['B', 'D', 'C', 'A'], ['A', 'B', 'C', 'D']]","{'A': 4, 'B': 2, 'C': 2, 'D': 2}","[0.79, 0.75]",4.29
50,"[3, 4]","[2, 2]","[0.75, 0.58]","[['B', 'D', 'C', 'A'], ['A', 'B', 'D', 'C']]","{'A': 4, 'B': 2, 'C': 2, 'D': 2}","[0.79, 0.75]",4.29
50,"[3, 4]","[2, 2]","[0.75, 0.58]","[['B', 'D', 'C', 'A'], ['B', 'A', 'C', 'D']]","{'A': 4, 'B': 2, 'C': 2, 'D': 2}","[0.79, 0.75]",4.29
50,"[3, 4]","[2, 2]","[0.75, 0.58]","[['B', 'D', 'C', 'A'], ['B', 'A', 'D', 'C']]","{'A': 4, 'B': 2, 'C': 2, 'D': 2}","[0.79, 0.75]",4.29
50,"[3, 4]","[2, 2]","[0.75, 0.58]","[['D', 'B', 'A', 'C'], ['A', 'B', 'C', 'D']]","{'A': 4, 'B': 2, 'C': 2, 'D': 2}","[0.79, 0.75]",4.29
50,"[3, 4]","[2, 2]","[0.75, 0.58]","[['D', 'B', 'A', 'C'], ['A', 'B', 'D', 'C']]","{'A': 4, 'B': 2, 'C': 2, 'D': 2}","[0.79, 0.75]",4.29
50,"[3, 4]","[2, 2]","[0.75, 0.58]","[['D', 'B', 'A', 'C'], ['B', 'A', 'C', 'D']]","{'A': 4, 'B': 2, 'C': 2, 'D': 2}","[0.79, 0.75]",4.29
50,"[3, 4]","[2, 2]","[0.75, 0.58]","[['D', 'B', 'A', 'C'], ['B', 'A', 'D', 'C']]","{'A': 4, 'B': 2, 'C': 2, 'D': 2}","[0.79, 0.75]",4.29
50,"[3, 4]","[2, 2]","[0.75, 0.58]","[['D', 'B', 'C', 'A'], ['A', 'B', 'C', 'D']]","{'A': 4, 'B': 2, 'C': 2, 'D': 2}","[0.79, 0.75]",4.29
50,"[3, 4]","[2, 2]","[0.75, 0.58]","[['D', 'B', 'C', 'A'], ['A', 'B', 'D', 'C']]","{'A': 4, 'B': 2, 'C': 2, 'D': 2}","[0.79, 0.75]",4.29
50,"[3, 4]","[2, 2]","[0.75, 0.58]","[['D', 'B', 'C', 'A'], ['B', 'A', 'C', 'D']]","{'A': 4, 'B': 2, 'C': 2, 'D': 2}","[0.79, 0.75]",4.29
50,"[3, 4]","[2, 2]","[0.75, 0.58]","[['D', 'B', 'C', 'A'], ['B', 'A', 'D', 'C']]","{'A': 4, 'B': 2, 'C': 2, 'D': 2}","[0.79, 0.75]",4.29
51,"[1, 3]","[3, 2]","[0.58, 0.58]","[['A', 'B', 'C', 'D'], ['B', 'D', 'A', 'C']]","{'B': 4, 'A': 3, 'D': 2, 'C': 1}","[1.0, 0.75]",3.96
51,"[1, 3]","[3, 2]","[0.58, 0.58]","[['A', 'B', 'C', 'D'], ['B', 'D', 'C', 'A']]","{'B': 4, 'A': 3, 'D': 2, 'C': 1}","[1.0, 0.75]",3.96
51,"[1, 3]","[3, 2]","[0.58, 0.58]","[['A', 'B', 'C', 'D'], ['D', 'B', 'A', 'C']]","{'B': 4, 'A': 3, 'D': 2, 'C': 1}","[1.0, 0.75]",3.96
51,"[1, 3]","[3, 2]","[0.58, 0.58]","[['A', 'B', 'C', 'D'], ['D', 'B', 'C', 'A']]","{'B': 4, 'A': 3, 'D': 2, 'C': 1}","[1.0, 0.75]",3.96
51,"[1, 3]","[3, 2]","[0.58, 0.58]","[['A', 'B', 'D', 'C'], ['B', 'D', 'A', 'C']]","{'B': 4, 'A': 3, 'D': 2, 'C': 1}","[1.0, 0.75]",3.96
51,"[1, 3]","[3, 2]","[0.58, 0.58]","[['A', 'B', 'D', 'C'], ['B', 'D', 'C', 'A']]","{'B': 4, 'A': 3, 'D': 2, 'C': 1}","[1.0, 0.75]",3.96
51,"[1, 3]","[3, 2]","[0.58, 0.58]","[['A', 'B', 'D', 'C'], ['D', 'B', 'A', 'C']]","{'B': 4, 'A': 3, 'D': 2, 'C': 1}","[1.0, 0.75]",3.96
51,"[1, 3]","[3, 2]","[0.58, 0.58]","[['A', 'B', 'D', 'C'], ['D', 'B', 'C', 'A']]","{'B': 4, 'A': 3, 'D': 2, 'C': 1}","[1.0, 0.75]",3.96
51,"[1, 3]","[3, 2]","[0.58, 0.58]","[['B', 'A', 'C', 'D'], ['B', 'D', 'A', 'C']]","{'B': 4, 'A': 3, 'D': 2, 'C': 1}","[1.0, 0.75]",3.96
51,"[1, 3]","[3, 2]","[0.58, 0.58]","[['B', 'A', 'C', 'D'], ['B', 'D', 'C', 'A']]","{'B': 4, 'A': 3, 'D': 2, 'C': 1}","[1.0, 0.75]",3.96
51,"[1, 3]","[3, 2]","[0.58, 0.58]","[['B', 'A', 'C', 'D'], ['D', 'B', 'A', 'C']]","{'B': 4, 'A': 3, 'D': 2, 'C': 1}","[1.0, 0.75]",3.96
51,"[1, 3]","[3, 2]","[0.58, 0.58]","[['B', 'A', 'C', 'D'], ['D', 'B', 'C', 'A']]","{'B': 4, 'A': 3, 'D': 2, 'C': 1}","[1.0, 0.75]",3.96
51,"[1, 3]","[3, 2]","[0.58, 0.58]","[['B', 'A', 'D', 'C'], ['B', 'D', 'A', 'C']]","{'B': 4, 'A': 3, 'D': 2, 'C': 1}","[1.0, 0.75]",3.96
51,"[1, 3]","[3, 2]","[0.58, 0.58]","[['B', 'A', 'D', 'C'], ['B', 'D', 'C', 'A']]","{'B': 4, 'A': 3, 'D': 2, 'C': 1}","[1.0, 0.75]",3.96
51,"[1, 3]","[3, 2]","[0.58, 0.58]","[['B', 'A', 'D', 'C'], ['D', 'B', 'A', 'C']]","{'B': 4, 'A': 3, 'D': 2, 'C': 1}","[1.0, 0.75]",3.96
51,"[1, 3]","[3, 2]","[0.58, 0.58]","[['B', 'A', 'D', 'C'], ['D', 'B', 'C', 'A']]","{'B': 4, 'A': 3, 'D': 2, 'C': 1}","[1.0, 0.75]",3.96
51,"[1, 3]","[3, 2]","[0.58, 0.58]","[['B', 'D', 'A', 'C'], ['A', 'B', 'C', 'D']]","{'B': 4, 'A': 3, 'D': 2, 'C': 1}","[1.0, 0.75]",3.96
51,"[1, 3]","[3, 2]","[0.58, 0.58]","[['B', 'D', 'A', 'C'], ['A', 'B', 'D', 'C']]","{'B': 4, 'A': 3, 'D': 2, 'C': 1}","[1.0, 0.75]",3.96
51,"[1, 3]","[3, 2]","[0.58, 0.58]","[['B', 'D', 'A', 'C'], ['B', 'A', 'C', 'D']]","{'B': 4, 'A': 3, 'D': 2, 'C': 1}","[1.0, 0.75]",3.96
51,"[1, 3]","[3, 2]","[0.58, 0.58]","[['B', 'D', 'A', 'C'], ['B', 'A', 'D', 'C']]","{'B': 4, 'A': 3, 'D': 2, 'C': 1}","[1.0, 0.75]",3.96
51,"[1, 3]","[3, 2]","[0.58, 0.58]","[['B', 'D', 'A', 'C'], ['B', 'D', 'A', 'C']]","{'B': 4, 'D': 3, 'A': 2, 'C': 1}","[1.0, 0.79]",3.95
51,"[1, 3]","[3, 2]","[0.58, 0.58]","[['B', 'D', 'A', 'C'], ['B', 'D', 'C', 'A']]","{'B': 4, 'D': 3, 'A': 2, 'C': 1}","[1.0, 0.79]",3.95
51,"[1, 3]","[3, 2]","[0.58, 0.58]","[['B', 'D', 'A', 'C'], ['C', 'D', 'A', 'B']]","{'B': 3, 'D': 3, 'A': 2, 'C': 2}","[1.0, 0.79]",3.95
51,"[1, 3]","[3, 2]","[0.58, 0.58]","[['B', 'D', 'A', 'C'], ['C', 'D', 'B', 'A']]","{'B': 3, 'D': 3, 'A': 2, 'C': 2}","[1.0, 0.79]",3.95
51,"[1, 3]","[3, 2]","[0.58, 0.58]","[['B', 'D', 'A', 'C'], ['D', 'B', 'A', 'C']]","{'B': 4, 'D': 3, 'A': 2, 'C': 1}","[1.0, 0.79]",3.95
51,"[1, 3]","[3, 2]","[0.58, 0.58]","[['B', 'D', 'A', 'C'], ['D', 'B', 'C', 'A']]","{'B': 4, 'D': 3, 'A': 2, 'C': 1}","[1.0, 0.79]",3.95
51,"[1, 3]","[3, 2]","[0.58, 0.58]","[['B', 'D', 'A', 'C'], ['D', 'C', 'A', 'B']]","{'B': 3, 'D': 3, 'A': 2, 'C': 2}","[1.0, 0.79]",3.95
51,"[1, 3]","[3, 2]","[0.58, 0.58]","[['B', 'D', 'A', 'C'], ['D', 'C', 'B', 'A']]","{'B': 3, 'D': 3, 'A': 2, 'C': 2}","[1.0, 0.79]",3.95
51,"[1, 3]","[3, 2]","[0.58, 0.58]","[['B', 'D', 'C', 'A'], ['A', 'B', 'C', 'D']]","{'B': 4, 'A': 3, 'D': 2, 'C': 1}","[1.0, 0.75]",3.96
51,"[1, 3]","[3, 2]","[0.58, 0.58]","[['B', 'D', 'C', 'A'], ['A', 'B', 'D', 'C']]","{'B': 4, 'A': 3, 'D': 2, 'C': 1}","[1.0, 0.75]",3.96
51,"[1, 3]","[3, 2]","[0.58, 0.58]","[['B', 'D', 'C', 'A'], ['B', 'A', 'C', 'D']]","{'B': 4, 'A': 3, 'D': 2, 'C': 1}","[1.0, 0.75]",3.96
51,"[1, 3]","[3, 2]","[0.58, 0.58]","[['B', 'D', 'C', 'A'], ['B', 'A', 'D', 'C']]","{'B': 4, 'A': 3, 'D': 2, 'C': 1}","[1.0, 0.75]",3.96
51,"[1, 3]","[3, 2]","[0.58, 0.58]","[['B', 'D', 'C', 'A'], ['B', 'D', 'A', 'C']]","{'B': 4, 'D': 3, 'A': 2, 'C': 1}","[1.0, 0.79]",3.95
51,"[1, 3]","[3, 2]","[0.58, 0.58]","[['B', 'D', 'C', 'A'], ['B', 'D', 'C', 'A']]","{'B': 4, 'D': 3, 'A': 2, 'C': 1}","[1.0, 0.79]",3.95
51,"[1, 3]","[3, 2]","[0.58, 0.58]","[['B', 'D', 'C', 'A'], ['C', 'D', 'A', 'B']]","{'B': 3, 'D': 3, 'A': 2, 'C': 2}","[1.0, 0.79]",3.95
51,"[1, 3]","[3, 2]","[0.58, 0.58]","[['B', 'D', 'C', 'A'], ['C', 'D', 'B', 'A']]","{'B': 3, 'D': 3, 'A': 2, 'C': 2}","[1.0, 0.79]",3.95
51,"[1, 3]","[3, 2]","[0.58, 0.58]","[['B', 'D', 'C', 'A'], ['D', 'B', 'A', 'C']]","{'B': 4, 'D': 3, 'A': 2, 'C': 1}","[1.0, 0.79]",3.95
51,"[1, 3]","[3, 2]","[0.58, 0.58]","[['B', 'D', 'C', 'A'], ['D', 'B', 'C', 'A']]","{'B': 4, 'D': 3, 'A': 2, 'C': 1}","[1.0, 0.79]",3.95
51,"[1, 3]","[3, 2]","[0.58, 0.58]","[['B', 'D', 'C', 'A'], ['D', 'C', 'A', 'B']]","{'B': 3, 'D': 3, 'A': 2, 'C': 2}","[1.0, 0.79]",3.95
51,"[1, 3]","[3, 2]","[0.58, 0.58]","[['B', 'D', 'C', 'A'], ['D', 'C', 'B', 'A']]","{'B': 3, 'D': 3, 'A': 2, 'C': 2}","[1.0, 0.79]",3.95
51,"[1, 3]","[3, 2]","[0.58, 0.58]","[['C', 'D', 'A', 'B'], ['B', 'D', 'A', 'C']]","{'B': 3, 'D': 3, 'A': 2, 'C': 2}","[1.0, 0.79]",3.95
51,"[1, 3]","[3, 2]","[0.58, 0.58]","[['C', 'D', 'A', 'B'], ['B', 'D', 'C', 'A']]","{'B': 3, 'D': 3, 'A': 2, 'C': 2}","[1.0, 0.79]",3.95
51,"[1, 3]","[3, 2]","[0.58, 0.58]","[['C', 'D', 'A', 'B'], ['D', 'B', 'A', 'C']]","{'B': 3, 'D': 3, 'A': 2, 'C': 2}","[1.0, 0.79]",3.95
51,"[1, 3]","[3, 2]","[0.58, 0.58]","[['C', 'D', 'A', 'B'], ['D', 'B', 'C', 'A']]","{'B': 3, 'D': 3, 'A': 2, 'C': 2}","[1.0, 0.79]",3.95
51,"[1, 3]","[3, 2]","[0.58, 0.58]","[['C', 'D', 'B', 'A'], ['B', 'D', 'A', 'C']]","{'B': 3, 'D': 3, 'A': 2, 'C': 2}","[1.0, 0.79]",3.95
51,"[1, 3]","[3, 2]","[0.58, 0.58]","[['C', 'D', 'B', 'A'], ['B', 'D', 'C', 'A']]","{'B': 3, 'D': 3, 'A': 2, 'C': 2}","[1.0, 0.79]",3.95
51,"[1, 3]","[3, 2]","[0.58, 0.58]","[['C', 'D', 'B', 'A'], ['D', 'B', 'A', 'C']]","{'B': 3, 'D': 3, 'A': 2, 'C': 2}","[1.0, 0.79]",3.95
51,"[1, 3]","[3, 2]","[0.58, 0.58]","[['C', 'D', 'B', 'A'], ['D', 'B', 'C', 'A']]","{'B': 3, 'D': 3, 'A': 2, 'C': 2}","[1.0, 0.79]",3.95
51,"[1, 3]","[3, 2]","[0.58, 0.58]","[['D', 'B', 'A', 'C'], ['A', 'B', 'C', 'D']]","{'B': 4, 'A': 3, 'D': 2, 'C': 1}","[1.0, 0.75]",3.96
51,"[1, 3]","[3, 2]","[0.58, 0.58]","[['D', 'B', 'A', 'C'], ['A', 'B', 'D', 'C']]","{'B': 4, 'A': 3, 'D': 2, 'C': 1}","[1.0, 0.75]",3.96
51,"[1, 3]","[3, 2]","[0.58, 0.58]","[['D', 'B', 'A', 'C'], ['B', 'A', 'C', 'D']]","{'B': 4, 'A': 3, 'D': 2, 'C': 1}","[1.0, 0.75]",3.96
51,"[1, 3]","[3, 2]","[0.58, 0.58]","[['D', 'B', 'A', 'C'], ['B', 'A', 'D', 'C']]","{'B': 4, 'A': 3, 'D': 2, 'C': 1}","[1.0, 0.75]",3.96
51,"[1, 3]","[3, 2]","[0.58, 0.58]","[['D', 'B', 'A', 'C'], ['B', 'D', 'A', 'C']]","{'B': 4, 'D': 3, 'A': 2, 'C': 1}","[1.0, 0.79]",3.95
51,"[1, 3]","[3, 2]","[0.58, 0.58]","[['D', 'B', 'A', 'C'], ['B', 'D', 'C', 'A']]","{'B': 4, 'D': 3, 'A': 2, 'C': 1}","[1.0, 0.79]",3.95
51,"[1, 3]","[3, 2]","[0.58, 0.58]","[['D', 'B', 'A', 'C'], ['C', 'D', 'A', 'B']]","{'B': 3, 'D': 3, 'A': 2, 'C': 2}","[1.0, 0.79]",3.95
51,"[1, 3]","[3, 2]","[0.58, 0.58]","[['D', 'B', 'A', 'C'], ['C', 'D', 'B', 'A']]","{'B': 3, 'D': 3, 'A': 2, 'C': 2}","[1.0, 0.79]",3.95
51,"[1, 3]","[3, 2]","[0.58, 0.58]","[['D', 'B', 'A', 'C'], ['D', 'B', 'A', 'C']]","{'B': 4, 'D': 3, 'A': 2, 'C': 1}","[1.0, 0.79]",3.95
51,"[1, 3]","[3, 2]","[0.58, 0.58]","[['D', 'B', 'A', 'C'], ['D', 'B', 'C', 'A']]","{'B': 4, 'D': 3, 'A': 2, 'C': 1}","[1.0, 0.79]",3.95
51,"[1, 3]","[3, 2]","[0.58, 0.58]","[['D', 'B', 'A', 'C'], ['D', 'C', 'A', 'B']]","{'B': 3, 'D': 3, 'A': 2, 'C': 2}","[1.0, 0.79]",3.95
51,"[1, 3]","[3, 2]","[0.58, 0.58]","[['D', 'B', 'A', 'C'], ['D', 'C', 'B', 'A']]","{'B': 3, 'D': 3, 'A': 2, 'C': 2}","[1.0, 0.79]",3.95
51,"[1, 3]","[3, 2]","[0.58, 0.58]","[['D', 'B', 'C', 'A'], ['A', 'B', 'C', 'D']]","{'B': 4, 'A': 3, 'D': 2, 'C': 1}","[1.0, 0.75]",3.96
51,"[1, 3]","[3, 2]","[0.58, 0.58]","[['D', 'B', 'C', 'A'], ['A', 'B', 'D', 'C']]","{'B': 4, 'A': 3, 'D': 2, 'C': 1}","[1.0, 0.75]",3.96
51,"[1, 3]","[3, 2]","[0.58, 0.58]","[['D', 'B', 'C', 'A'], ['B', 'A', 'C', 'D']]","{'B': 4, 'A': 3, 'D': 2, 'C': 1}","[1.0, 0.75]",3.96
51,"[1, 3]","[3, 2]","[0.58, 0.58]","[['D', 'B', 'C', 'A'], ['B', 'A', 'D', 'C']]","{'B': 4, 'A': 3, 'D': 2, 'C': 1}","[1.0, 0.75]",3.96
51,"[1, 3]","[3, 2]","[0.58, 0.58]","[['D', 'B', 'C', 'A'], ['B', 'D', 'A', 'C']]","{'B': 4, 'D': 3, 'A': 2, 'C': 1}","[1.0, 0.79]",3.95
51,"[1, 3]","[3, 2]","[0.58, 0.58]","[['D', 'B', 'C', 'A'], ['B', 'D', 'C', 'A']]","{'B': 4, 'D': 3, 'A': 2, 'C': 1}","[1.0, 0.79]",3.95
51,"[1, 3]","[3, 2]","[0.58, 0.58]","[['D', 'B', 'C', 'A'], ['C', 'D', 'A', 'B']]","{'B': 3, 'D': 3, 'A': 2, 'C': 2}","[1.0, 0.79]",3.95
51,"[1, 3]","[3, 2]","[0.58, 0.58]","[['D', 'B', 'C', 'A'], ['C', 'D', 'B', 'A']]","{'B': 3, 'D': 3, 'A': 2, 'C': 2}","[1.0, 0.79]",3.95
51,"[1, 3]","[3, 2]","[0.58, 0.58]","[['D', 'B', 'C', 'A'], ['D', 'B', 'A', 'C']]","{'B': 4, 'D': 3, 'A': 2, 'C': 1}","[1.0, 0.79]",3.95
51,"[1, 3]","[3, 2]","[0.58, 0.58]","[['D', 'B', 'C', 'A'], ['D', 'B', 'C', 'A']]","{'B': 4, 'D': 3, 'A': 2, 'C': 1}","[1.0, 0.79]",3.95
51,"[1, 3]","[3, 2]","[0.58, 0.58]","[['D', 'B', 'C', 'A'], ['D', 'C', 'A', 'B']]","{'B': 3, 'D': 3, 'A': 2, 'C': 2}","[1.0, 0.79]",3.95
51,"[1, 3]","[3, 2]","[0.58, 0.58]","[['D', 'B', 'C', 'A'], ['D', 'C', 'B', 'A']]","{'B': 3, 'D': 3, 'A': 2, 'C': 2}","[1.0, 0.79]",3.95
51,"[1, 3]","[3, 2]","[0.58, 0.58]","[['D', 'C', 'A', 'B'], ['B', 'D', 'A', 'C']]","{'B': 3, 'D': 3, 'A': 2, 'C': 2}","[1.0, 0.79]",3.95
51,"[1, 3]","[3, 2]","[0.58, 0.58]","[['D', 'C', 'A', 'B'], ['B', 'D', 'C', 'A']]","{'B': 3, 'D': 3, 'A': 2, 'C': 2}","[1.0, 0.79]",3.95
51,"[1, 3]","[3, 2]","[0.58, 0.58]","[['D', 'C', 'A', 'B'], ['D', 'B', 'A', 'C']]","{'B': 3, 'D': 3, 'A': 2, 'C': 2}","[1.0, 0.79]",3.95
51,"[1, 3]","[3, 2]","[0.58, 0.58]","[['D', 'C', 'A', 'B'], ['D', 'B', 'C', 'A']]","{'B': 3, 'D': 3, 'A': 2, 'C': 2}","[1.0, 0.79]",3.95
51,"[1, 3]","[3, 2]","[0.58, 0.58]","[['D', 'C', 'B', 'A'], ['B', 'D', 'A', 'C']]","{'B': 3, 'D': 3, 'A': 2, 'C': 2}","[1.0, 0.79]",3.95
51,"[1, 3]","[3, 2]","[0.58, 0.58]","[['D', 'C', 'B', 'A'], ['B', 'D', 'C', 'A']]","{'B': 3, 'D': 3, 'A': 2, 'C': 2}","[1.0, 0.79]",3.95
51,"[1, 3]","[3, 2]","[0.58, 0.58]","[['D', 'C', 'B', 'A'], ['D', 'B', 'A', 'C']]","{'B': 3, 'D': 3, 'A': 2, 'C': 2}","[1.0, 0.79]",3.95
51,"[1, 3]","[3, 2]","[0.58, 0.58]","[['D', 'C', 'B', 'A'], ['D', 'B', 'C', 'A']]","{'B': 3, 'D': 3, 'A': 2, 'C': 2}","[1.0, 0.79]",3.95
51,"[1, 4]","[3, 3]","[0.58, 0.75]","[['B', 'C', 'A', 'D'], ['B', 'C', 'A', 'D']]","{'B': 3, 'C': 3, 'A': 2, 'D': 2}","[1.0, 1.0]",3.88
51,"[1, 4]","[3, 3]","[0.58, 0.75]","[['B', 'C', 'A', 'D'], ['B', 'C', 'D', 'A']]","{'B': 3, 'C': 3, 'A': 2, 'D': 2}","[1.0, 1.0]",3.88
51,"[1, 4]","[3, 3]","[0.58, 0.75]","[['B', 'C', 'A', 'D'], ['B', 'D', 'A', 'C']]","{'B': 3, 'D': 3, 'A': 2, 'C': 2}","[1.0, 1.0]",3.95
51,"[1, 4]","[3, 3]","[0.58, 0.75]","[['B', 'C', 'A', 'D'], ['B', 'D', 'C', 'A']]","{'B': 3, 'D': 3, 'A': 2, 'C': 2}","[1.0, 1.0]",3.95
51,"[1, 4]","[3, 3]","[0.58, 0.75]","[['B', 'C', 'A', 'D'], ['C', 'B', 'A', 'D']]","{'B': 3, 'C': 3, 'A': 2, 'D': 2}","[1.0, 1.0]",3.88
51,"[1, 4]","[3, 3]","[0.58, 0.75]","[['B', 'C', 'A', 'D'], ['C', 'B', 'D', 'A']]","{'B': 3, 'C': 3, 'A': 2, 'D': 2}","[1.0, 1.0]",3.88
51,"[1, 4]","[3, 3]","[0.58, 0.75]","[['B', 'C', 'A', 'D'], ['D', 'B', 'A', 'C']]","{'B': 3, 'D': 3, 'A': 2, 'C': 2}","[1.0, 1.0]",3.95
51,"[1, 4]","[3, 3]","[0.58, 0.75]","[['B', 'C', 'A', 'D'], ['D', 'B', 'C', 'A']]","{'B': 3, 'D': 3, 'A': 2, 'C': 2}","[1.0, 1.0]",3.95
51,"[1, 4]","[3, 3]","[0.58, 0.75]","[['B', 'C', 'D', 'A'], ['B', 'C', 'A', 'D']]","{'B': 3, 'C': 3, 'A': 2, 'D': 2}","[1.0, 1.0]",3.88
51,"[1, 4]","[3, 3]","[0.58, 0.75]","[['B', 'C', 'D', 'A'], ['B', 'C', 'D', 'A']]","{'B': 3, 'C': 3, 'A': 2, 'D': 2}","[1.0, 1.0]",3.88
51,"[1, 4]","[3, 3]","[0.58, 0.75]","[['B', 'C', 'D', 'A'], ['B', 'D', 'A', 'C']]","{'B': 3, 'D': 3, 'A': 2, 'C': 2}","[1.0, 1.0]",3.95
51,"[1, 4]","[3, 3]","[0.58, 0.75]","[['B', 'C', 'D', 'A'], ['B', 'D', 'C', 'A']]","{'B': 3, 'D': 3, 'A': 2, 'C': 2}","[1.0, 1.0]",3.95
51,"[1, 4]","[3, 3]","[0.58, 0.75]","[['B', 'C', 'D', 'A'], ['C', 'B', 'A', 'D']]","{'B': 3, 'C': 3, 'A': 2, 'D': 2}","[1.0, 1.0]",3.88
51,"[1, 4]","[3, 3]","[0.58, 0.75]","[['B', 'C', 'D', 'A'], ['C', 'B', 'D', 'A']]","{'B': 3, 'C': 3, 'A': 2, 'D': 2}","[1.0, 1.0]",3.88
51,"[1, 4]","[3, 3]","[0.58, 0.75]","[['B', 'C', 'D', 'A'], ['D', 'B', 'A', 'C']]","{'B': 3, 'D': 3, 'A': 2, 'C': 2}","[1.0, 1.0]",3.95
51,"[1, 4]","[3, 3]","[0.58, 0.75]","[['B', 'C', 'D', 'A'], ['D', 'B', 'C', 'A']]","{'B': 3, 'D': 3, 'A': 2, 'C': 2}","[1.0, 1.0]",3.95
51,"[1, 4]","[3, 3]","[0.58, 0.75]","[['B', 'D', 'A', 'C'], ['B', 'C', 'A', 'D']]","{'B': 3, 'D': 3, 'A': 2, 'C': 2}","[1.0, 1.0]",3.95
51,"[1, 4]","[3, 3]","[0.58, 0.75]","[['B', 'D', 'A', 'C'], ['B', 'C', 'D', 'A']]","{'B': 3, 'D': 3, 'A': 2, 'C': 2}","[1.0, 1.0]",3.95
51,"[1, 4]","[3, 3]","[0.58, 0.75]","[['B', 'D', 'A', 'C'], ['B', 'D', 'A', 'C']]","{'D': 4, 'B': 3, 'A': 2, 'C': 1}","[0.67, 0.79]",3.58
51,"[1, 4]","[3, 3]","[0.58, 0.75]","[['B', 'D', 'A', 'C'], ['B', 'D', 'C', 'A']]","{'D': 4, 'B': 3, 'A': 2, 'C': 1}","[0.67, 0.79]",3.58
51,"[1, 4]","[3, 3]","[0.58, 0.75]","[['B', 'D', 'A', 'C'], ['C', 'B', 'A', 'D']]","{'B': 3, 'D': 3, 'A': 2, 'C': 2}","[1.0, 1.0]",3.95
51,"[1, 4]","[3, 3]","[0.58, 0.75]","[['B', 'D', 'A', 'C'], ['C', 'B', 'D', 'A']]","{'B': 3, 'D': 3, 'A': 2, 'C': 2}","[1.0, 1.0]",3.95
51,"[1, 4]","[3, 3]","[0.58, 0.75]","[['B', 'D', 'A', 'C'], ['D', 'B', 'A', 'C']]","{'D': 4, 'B': 3, 'A': 2, 'C': 1}","[0.67, 0.79]",3.58
51,"[1, 4]","[3, 3]","[0.58, 0.75]","[['B', 'D', 'A', 'C'], ['D', 'B', 'C', 'A']]","{'D': 4, 'B': 3, 'A': 2, 'C': 1}","[0.67, 0.79]",3.58
51,"[1, 4]","[3, 3]","[0.58, 0.75]","[['B', 'D', 'C', 'A'], ['B', 'C', 'A', 'D']]","{'B': 3, 'D': 3, 'A': 2, 'C': 2}","[1.0, 1.0]",3.95
51,"[1, 4]","[3, 3]","[0.58, 0.75]","[['B', 'D', 'C', 'A'], ['B', 'C', 'D', 'A']]","{'B': 3, 'D': 3, 'A': 2, 'C': 2}","[1.0, 1.0]",3.95
51,"[1, 4]","[3, 3]","[0.58, 0.75]","[['B', 'D', 'C', 'A'], ['B', 'D', 'A', 'C']]","{'D': 4, 'B': 3, 'A': 2, 'C': 1}","[0.67, 0.79]",3.58
51,"[1, 4]","[3, 3]","[0.58, 0.75]","[['B', 'D', 'C', 'A'], ['B', 'D', 'C', 'A']]","{'D': 4, 'B': 3, 'A': 2, 'C': 1}","[0.67, 0.79]",3.58
51,"[1, 4]","[3, 3]","[0.58, 0.75]","[['B', 'D', 'C', 'A'], ['C', 'B', 'A', 'D']]","{'B': 3, 'D': 3, 'A': 2, 'C': 2}","[1.0, 1.0]",3.95
51,"[1, 4]","[3, 3]","[0.58, 0.75]","[['B', 'D', 'C', 'A'], ['C', 'B', 'D', 'A']]","{'B': 3, 'D': 3, 'A': 2, 'C': 2}","[1.0, 1.0]",3.95
51,"[1, 4]","[3, 3]","[0.58, 0.75]","[['B', 'D', 'C', 'A'], ['D', 'B', 'A', 'C']]","{'D': 4, 'B': 3, 'A': 2, 'C': 1}","[0.67, 0.79]",3.58
51,"[1, 4]","[3, 3]","[0.58, 0.75]","[['B', 'D', 'C', 'A'], ['D', 'B', 'C', 'A']]","{'D': 4, 'B': 3, 'A': 2, 'C': 1}","[0.67, 0.79]",3.58
51,"[1, 4]","[3, 3]","[0.58, 0.75]","[['C', 'B', 'A', 'D'], ['B', 'C', 'A', 'D']]","{'B': 3, 'C': 3, 'A': 2, 'D': 2}","[1.0, 1.0]",3.88
51,"[1, 4]","[3, 3]","[0.58, 0.75]","[['C', 'B', 'A', 'D'], ['B', 'C', 'D', 'A']]","{'B': 3, 'C': 3, 'A': 2, 'D': 2}","[1.0, 1.0]",3.88
51,"[1, 4]","[3, 3]","[0.58, 0.75]","[['C', 'B', 'A', 'D'], ['B', 'D', 'A', 'C']]","{'B': 3, 'D': 3, 'A': 2, 'C': 2}","[1.0, 1.0]",3.95
51,"[1, 4]","[3, 3]","[0.58, 0.75]","[['C', 'B', 'A', 'D'], ['B', 'D', 'C', 'A']]","{'B': 3, 'D': 3, 'A': 2, 'C': 2}","[1.0, 1.0]",3.95
51,"[1, 4]","[3, 3]","[0.58, 0.75]","[['C', 'B', 'A', 'D'], ['C', 'B', 'A', 'D']]","{'B': 3, 'C': 3, 'A': 2, 'D': 2}","[1.0, 1.0]",3.88
51,"[1, 4]","[3, 3]","[0.58, 0.75]","[['C', 'B', 'A', 'D'], ['C', 'B', 'D', 'A']]","{'B': 3, 'C': 3, 'A': 2, 'D': 2}","[1.0, 1.0]",3.88
51,"[1, 4]","[3, 3]","[0.58, 0.75]","[['C', 'B', 'A', 'D'], ['D', 'B', 'A', 'C']]","{'B': 3, 'D': 3, 'A': 2, 'C': 2}","[1.0, 1.0]",3.95
51,"[1, 4]","[3, 3]","[0.58, 0.75]","[['C', 'B', 'A', 'D'], ['D', 'B', 'C', 'A']]","{'B': 3, 'D': 3, 'A': 2, 'C': 2}","[1.0, 1.0]",3.95
51,"[1, 4]","[3, 3]","[0.58, 0.75]","[['C', 'B', 'D', 'A'], ['B', 'C', 'A', 'D']]","{'B': 3, 'C': 3, 'A': 2, 'D': 2}","[1.0, 1.0]",3.88
51,"[1, 4]","[3, 3]","[0.58, 0.75]","[['C', 'B', 'D', 'A'], ['B', 'C', 'D', 'A']]","{'B': 3, 'C': 3, 'A': 2, 'D': 2}","[1.0, 1.0]",3.88
51,"[1, 4]","[3, 3]","[0.58, 0.75]","[['C', 'B', 'D', 'A'], ['B', 'D', 'A', 'C']]","{'B': 3, 'D': 3, 'A': 2, 'C': 2}","[1.0, 1.0]",3.95
51,"[1, 4]","[3, 3]","[0.58, 0.75]","[['C', 'B', 'D', 'A'], ['B', 'D', 'C', 'A']]","{'B': 3, 'D': 3, 'A': 2, 'C': 2}","[1.0, 1.0]",3.95
51,"[1, 4]","[3, 3]","[0.58, 0.75]","[['C', 'B', 'D', 'A'], ['C', 'B', 'A', 'D']]","{'B': 3, 'C': 3, 'A': 2, 'D': 2}","[1.0, 1.0]",3.88
51,"[1, 4]","[3, 3]","[0.58, 0.75]","[['C', 'B', 'D', 'A'], ['C', 'B', 'D', 'A']]","{'B': 3, 'C': 3, 'A': 2, 'D': 2}","[1.0, 1.0]",3.88
51,"[1, 4]","[3, 3]","[0.58, 0.75]","[['C', 'B', 'D', 'A'], ['D', 'B', 'A', 'C']]","{'B': 3, 'D': 3, 'A': 2, 'C': 2}","[1.0, 1.0]",3.95
51,"[1, 4]","[3, 3]","[0.58, 0.75]","[['C', 'B', 'D', 'A'], ['D', 'B', 'C', 'A']]","{'B': 3, 'D': 3, 'A': 2, 'C': 2}","[1.0, 1.0]",3.95
51,"[1, 4]","[3, 3]","[0.58, 0.75]","[['D', 'B', 'A', 'C'], ['B', 'C', 'A', 'D']]","{'B': 3, 'D': 3, 'A': 2, 'C': 2}","[1.0, 1.0]",3.95
51,"[1, 4]","[3, 3]","[0.58, 0.75]","[['D', 'B', 'A', 'C'], ['B', 'C', 'D', 'A']]","{'B': 3, 'D': 3, 'A': 2, 'C': 2}","[1.0, 1.0]",3.95
51,"[1, 4]","[3, 3]","[0.58, 0.75]","[['D', 'B', 'A', 'C'], ['B', 'D', 'A', 'C']]","{'D': 4, 'B': 3, 'A': 2, 'C': 1}","[0.67, 0.79]",3.58
51,"[1, 4]","[3, 3]","[0.58, 0.75]","[['D', 'B', 'A', 'C'], ['B', 'D', 'C', 'A']]","{'D': 4, 'B': 3, 'A': 2, 'C': 1}","[0.67, 0.79]",3.58
51,"[1, 4]","[3, 3]","[0.58, 0.75]","[['D', 'B', 'A', 'C'], ['C', 'B', 'A', 'D']]","{'B': 3, 'D': 3, 'A': 2, 'C': 2}","[1.0, 1.0]",3.95
51,"[1, 4]","[3, 3]","[0.58, 0.75]","[['D', 'B', 'A', 'C'], ['C', 'B', 'D', 'A']]","{'B': 3, 'D': 3, 'A': 2, 'C': 2}","[1.0, 1.0]",3.95
51,"[1, 4]","[3, 3]","[0.58, 0.75]","[['D', 'B', 'A', 'C'], ['D', 'B', 'A', 'C']]","{'D': 4, 'B': 3, 'A': 2, 'C': 1}","[0.67, 0.79]",3.58
51,"[1, 4]","[3, 3]","[0.58, 0.75]","[['D', 'B', 'A', 'C'], ['D', 'B', 'C', 'A']]","{'D': 4, 'B': 3, 'A': 2, 'C': 1}","[0.67, 0.79]",3.58
51,"[1, 4]","[3, 3]","[0.58, 0.75]","[['D', 'B', 'C', 'A'], ['B', 'C', 'A', 'D']]","{'B': 3, 'D': 3, 'A': 2, 'C': 2}","[1.0, 1.0]",3.95
51,"[1, 4]","[3, 3]","[0.58, 0.75]","[['D', 'B', 'C', 'A'], ['B', 'C', 'D', 'A']]","{'B': 3, 'D': 3, 'A': 2, 'C': 2}","[1.0, 1.0]",3.95
51,"[1, 4]","[3, 3]","[0.58, 0.75]","[['D', 'B', 'C', 'A'], ['B', 'D', 'A', 'C']]","{'D': 4, 'B': 3, 'A': 2, 'C': 1}","[0.67, 0.79]",3.58
51,"[1, 4]","[3, 3]","[0.58, 0.75]","[['D', 'B', 'C', 'A'], ['B', 'D', 'C', 'A']]","{'D': 4, 'B': 3, 'A': 2, 'C': 1}","[0.67, 0.79]",3.58
51,"[1, 4]","[3, 3]","[0.58, 0.75]","[['D', 'B', 'C', 'A'], ['C', 'B', 'A', 'D']]","{'B': 3, 'D': 3, 'A': 2, 'C': 2}","[1.0, 1.0]",3.95
51,"[1, 4]","[3, 3]","[0.58, 0.75]","[['D', 'B', 'C', 'A'], ['C', 'B', 'D', 'A']]","{'B': 3, 'D': 3, 'A': 2, 'C': 2}","[1.0, 1.0]",3.95
51,"[1, 4]","[3, 3]","[0.58, 0.75]","[['D', 'B', 'C', 'A'], ['D', 'B', 'A', 'C']]","{'D': 4, 'B': 3, 'A': 2, 'C': 1}","[0.67, 0.79]",3.58
51,"[1, 4]","[3, 3]","[0.58, 0.75]","[['D', 'B', 'C', 'A'], ['D', 'B', 'C', 'A']]","{'D': 4, 'B': 3, 'A': 2, 'C': 1}","[0.67, 0.79]",3.58
51,"[1, 5]","[3, 2]","[0.58, 0.46]","[['B', 'C', 'A', 'D'], ['B', 'C', 'A', 'D']]","{'B': 4, 'A': 3, 'C': 2, 'D': 1}","[1.0, 0.5]",3.96
51,"[1, 5]","[3, 2]","[0.58, 0.46]","[['B', 'C', 'A', 'D'], ['B', 'C', 'D', 'A']]","{'B': 4, 'A': 3, 'C': 2, 'D': 1}","[1.0, 0.5]",3.96
51,"[1, 5]","[3, 2]","[0.58, 0.46]","[['B', 'C', 'A', 'D'], ['C', 'B', 'A', 'D']]","{'B': 4, 'A': 3, 'C': 2, 'D': 1}","[1.0, 0.5]",3.96
51,"[1, 5]","[3, 2]","[0.58, 0.46]","[['B', 'C', 'A', 'D'], ['C', 'B', 'D', 'A']]","{'B': 4, 'A': 3, 'C': 2, 'D': 1}","[1.0, 0.5]",3.96
51,"[1, 5]","[3, 2]","[0.58, 0.46]","[['B', 'C', 'D', 'A'], ['B', 'C', 'A', 'D']]","{'B': 4, 'A': 3, 'C': 2, 'D': 1}","[1.0, 0.5]",3.96
51,"[1, 5]","[3, 2]","[0.58, 0.46]","[['B', 'C', 'D', 'A'], ['B', 'C', 'D', 'A']]","{'B': 4, 'A': 3, 'C': 2, 'D': 1}","[1.0, 0.5]",3.96
51,"[1, 5]","[3, 2]","[0.58, 0.46]","[['B', 'C', 'D', 'A'], ['C', 'B', 'A', 'D']]","{'B': 4, 'A': 3, 'C': 2, 'D': 1}","[1.0, 0.5]",3.96
51,"[1, 5]","[3, 2]","[0.58, 0.46]","[['B', 'C', 'D', 'A'], ['C', 'B', 'D', 'A']]","{'B': 4, 'A': 3, 'C': 2, 'D': 1}","[1.0, 0.5]",3.96
51,"[1, 5]","[3, 2]","[0.58, 0.46]","[['C', 'B', 'A', 'D'], ['B', 'C', 'A', 'D']]","{'B': 4, 'A': 3, 'C': 2, 'D': 1}","[1.0, 0.5]",3.96
51,"[1, 5]","[3, 2]","[0.58, 0.46]","[['C', 'B', 'A', 'D'], ['B', 'C', 'D', 'A']]","{'B': 4, 'A': 3, 'C': 2, 'D': 1}","[1.0, 0.5]",3.96
51,"[1, 5]","[3, 2]","[0.58, 0.46]","[['C', 'B', 'A', 'D'], ['C', 'B', 'A', 'D']]","{'B': 4, 'A': 3, 'C': 2, 'D': 1}","[1.0, 0.5]",3.96
51,"[1, 5]","[3, 2]","[0.58, 0.46]","[['C', 'B', 'A', 'D'], ['C', 'B', 'D', 'A']]","{'B': 4, 'A': 3, 'C': 2, 'D': 1}","[1.0, 0.5]",3.96
51,"[1, 5]","[3, 2]","[0.58, 0.46]","[['C', 'B', 'D', 'A'], ['B', 'C', 'A', 'D']]","{'B': 4, 'A': 3, 'C': 2, 'D': 1}","[1.0, 0.5]",3.96
51,"[1, 5]","[3, 2]","[0.58, 0.46]","[['C', 'B', 'D', 'A'], ['B', 'C', 'D', 'A']]","{'B': 4, 'A': 3, 'C': 2, 'D': 1}","[1.0, 0.5]",3.96
51,"[1, 5]","[3, 2]","[0.58, 0.46]","[['C', 'B', 'D', 'A'], ['C', 'B', 'A', 'D']]","{'B': 4, 'A': 3, 'C': 2, 'D': 1}","[1.0, 0.5]",3.96
51,"[1, 5]","[3, 2]","[0.58, 0.46]","[['C', 'B', 'D', 'A'], ['C', 'B', 'D', 'A']]","{'B': 4, 'A': 3, 'C': 2, 'D': 1}","[1.0, 0.5]",3.96
51,"[3, 4]","[2, 3]","[0.58, 0.75]","[['A', 'D', 'B', 'C'], ['B', 'D', 'A', 'C']]","{'B': 3, 'D': 3, 'A': 2, 'C': 2}","[0.79, 1.0]",3.95
51,"[3, 4]","[2, 3]","[0.58, 0.75]","[['A', 'D', 'B', 'C'], ['B', 'D', 'C', 'A']]","{'B': 3, 'D': 3, 'A': 2, 'C': 2}","[0.79, 1.0]",3.95
51,"[3, 4]","[2, 3]","[0.58, 0.75]","[['A', 'D', 'B', 'C'], ['D', 'B', 'A', 'C']]","{'B': 3, 'D': 3, 'A': 2, 'C': 2}","[0.79, 1.0]",3.95
51,"[3, 4]","[2, 3]","[0.58, 0.75]","[['A', 'D', 'B', 'C'], ['D', 'B', 'C', 'A']]","{'B': 3, 'D': 3, 'A': 2, 'C': 2}","[0.79, 1.0]",3.95
51,"[3, 4]","[2, 3]","[0.58, 0.75]","[['A', 'D', 'C', 'B'], ['B', 'D', 'A', 'C']]","{'B': 3, 'D': 3, 'A': 2, 'C': 2}","[0.79, 1.0]",3.95
51,"[3, 4]","[2, 3]","[0.58, 0.75]","[['A', 'D', 'C', 'B'], ['B', 'D', 'C', 'A']]","{'B': 3, 'D': 3, 'A': 2, 'C': 2}","[0.79, 1.0]",3.95
51,"[3, 4]","[2, 3]","[0.58, 0.75]","[['A', 'D', 'C', 'B'], ['D', 'B', 'A', 'C']]","{'B': 3, 'D': 3, 'A': 2, 'C': 2}","[0.79, 1.0]",3.95
51,"[3, 4]","[2, 3]","[0.58, 0.75]","[['A', 'D', 'C', 'B'], ['D', 'B', 'C', 'A']]","{'B': 3, 'D': 3, 'A': 2, 'C': 2}","[0.79, 1.0]",3.95
51,"[3, 4]","[2, 3]","[0.58, 0.75]","[['B', 'D', 'A', 'C'], ['A', 'D', 'B', 'C']]","{'B': 3, 'D': 3, 'A': 2, 'C': 2}","[0.79, 1.0]",3.95
51,"[3, 4]","[2, 3]","[0.58, 0.75]","[['B', 'D', 'A', 'C'], ['A', 'D', 'C', 'B']]","{'B': 3, 'D': 3, 'A': 2, 'C': 2}","[0.79, 1.0]",3.95
51,"[3, 4]","[2, 3]","[0.58, 0.75]","[['B', 'D', 'A', 'C'], ['B', 'D', 'A', 'C']]","{'B': 4, 'D': 3, 'C': 2, 'A': 1}","[0.67, 1.0]",3.96
51,"[3, 4]","[2, 3]","[0.58, 0.75]","[['B', 'D', 'A', 'C'], ['B', 'D', 'C', 'A']]","{'B': 4, 'D': 3, 'C': 2, 'A': 1}","[0.67, 1.0]",3.96
51,"[3, 4]","[2, 3]","[0.58, 0.75]","[['B', 'D', 'A', 'C'], ['D', 'A', 'B', 'C']]","{'B': 3, 'D': 3, 'A': 2, 'C': 2}","[0.79, 1.0]",3.95
51,"[3, 4]","[2, 3]","[0.58, 0.75]","[['B', 'D', 'A', 'C'], ['D', 'A', 'C', 'B']]","{'B': 3, 'D': 3, 'A': 2, 'C': 2}","[0.79, 1.0]",3.95
51,"[3, 4]","[2, 3]","[0.58, 0.75]","[['B', 'D', 'A', 'C'], ['D', 'B', 'A', 'C']]","{'B': 4, 'D': 3, 'C': 2, 'A': 1}","[0.67, 1.0]",3.96
51,"[3, 4]","[2, 3]","[0.58, 0.75]","[['B', 'D', 'A', 'C'], ['D', 'B', 'C', 'A']]","{'B': 4, 'D': 3, 'C': 2, 'A': 1}","[0.67, 1.0]",3.96
51,"[3, 4]","[2, 3]","[0.58, 0.75]","[['B', 'D', 'C', 'A'], ['A', 'D', 'B', 'C']]","{'B': 3, 'D': 3, 'A': 2, 'C': 2}","[0.79, 1.0]",3.95
51,"[3, 4]","[2, 3]","[0.58, 0.75]","[['B', 'D', 'C', 'A'], ['A', 'D', 'C', 'B']]","{'B': 3, 'D': 3, 'A': 2, 'C': 2}","[0.79, 1.0]",3.95
51,"[3, 4]","[2, 3]","[0.58, 0.75]","[['B', 'D', 'C', 'A'], ['B', 'D', 'A', 'C']]","{'B': 4, 'D': 3, 'C': 2, 'A': 1}","[0.67, 1.0]",3.96
51,"[3, 4]","[2, 3]","[0.58, 0.75]","[['B', 'D', 'C', 'A'], ['B', 'D', 'C', 'A']]","{'B': 4, 'D': 3, 'C': 2, 'A': 1}","[0.67, 1.0]",3.96
51,"[3, 4]","[2, 3]","[0.58, 0.75]","[['B', 'D', 'C', 'A'], ['D', 'A', 'B', 'C']]","{'B': 3, 'D': 3, 'A': 2, 'C': 2}","[0.79, 1.0]",3.95
51,"[3, 4]","[2, 3]","[0.58, 0.75]","[['B', 'D', 'C', 'A'], ['D', 'A', 'C', 'B']]","{'B': 3, 'D': 3, 'A': 2, 'C': 2}","[0.79, 1.0]",3.95
51,"[3, 4]","[2, 3]","[0.58, 0.75]","[['B', 'D', 'C', 'A'], ['D', 'B', 'A', 'C']]","{'B': 4, 'D': 3, 'C': 2, 'A': 1}","[0.67, 1.0]",3.96
51,"[3, 4]","[2, 3]","[0.58, 0.75]","[['B', 'D', 'C', 'A'], ['D', 'B', 'C', 'A']]","{'B': 4, 'D': 3, 'C': 2, 'A': 1}","[0.67, 1.0]",3.96
51,"[3, 4]","[2, 3]","[0.58, 0.75]","[['D', 'A', 'B', 'C'], ['B', 'D', 'A', 'C']]","{'B': 3, 'D': 3, 'A': 2, 'C': 2}","[0.79, 1.0]",3.95
51,"[3, 4]","[2, 3]","[0.58, 0.75]","[['D', 'A', 'B', 'C'], ['B', 'D', 'C', 'A']]","{'B': 3, 'D': 3, 'A': 2, 'C': 2}","[0.79, 1.0]",3.95
51,"[3, 4]","[2, 3]","[0.58, 0.75]","[['D', 'A', 'B', 'C'], ['D', 'B', 'A', 'C']]","{'B': 3, 'D': 3, 'A': 2, 'C': 2}","[0.79, 1.0]",3.95
51,"[3, 4]","[2, 3]","[0.58, 0.75]","[['D', 'A', 'B', 'C'], ['D', 'B', 'C', 'A']]","{'B': 3, 'D': 3, 'A': 2, 'C': 2}","[0.79, 1.0]",3.95
51,"[3, 4]","[2, 3]","[0.58, 0.75]","[['D', 'A', 'C', 'B'], ['B', 'D', 'A', 'C']]","{'B': 3, 'D': 3, 'A': 2, 'C': 2}","[0.79, 1.0]",3.95
51,"[3, 4]","[2, 3]","[0.58, 0.75]","[['D', 'A', 'C', 'B'], ['B', 'D', 'C', 'A']]","{'B': 3, 'D': 3, 'A': 2, 'C': 2}","[0.79, 1.0]",3.95
51,"[3, 4]","[2, 3]","[0.58, 0.75]","[['D', 'A', 'C', 'B'], ['D', 'B', 'A', 'C']]","{'B': 3, 'D': 3, 'A': 2, 'C': 2}","[0.79, 1.0]",3.95
51,"[3, 4]","[2, 3]","[0.58, 0.75]","[['D', 'A', 'C', 'B'], ['D', 'B', 'C', 'A']]","{'B': 3, 'D': 3, 'A': 2, 'C': 2}","[0.79, 1.0]",3.95
51,"[3, 4]","[2, 3]","[0.58, 0.75]","[['D', 'B', 'A', 'C'], ['A', 'D', 'B', 'C']]","{'B': 3, 'D': 3, 'A': 2, 'C': 2}","[0.79, 1.0]",3.95
51,"[3, 4]","[2, 3]","[0.58, 0.75]","[['D', 'B', 'A', 'C'], ['A', 'D', 'C', 'B']]","{'B': 3, 'D': 3, 'A': 2, 'C': 2}","[0.79, 1.0]",3.95
51,"[3, 4]","[2, 3]","[0.58, 0.75]","[['D', 'B', 'A', 'C'], ['B', 'D', 'A', 'C']]","{'B': 4, 'D': 3, 'C': 2, 'A': 1}","[0.67, 1.0]",3.96
51,"[3, 4]","[2, 3]","[0.58, 0.75]","[['D', 'B', 'A', 'C'], ['B', 'D', 'C', 'A']]","{'B': 4, 'D': 3, 'C': 2, 'A': 1}","[0.67, 1.0]",3.96
51,"[3, 4]","[2, 3]","[0.58, 0.75]","[['D', 'B', 'A', 'C'], ['D', 'A', 'B', 'C']]","{'B': 3, 'D': 3, 'A': 2, 'C': 2}","[0.79, 1.0]",3.95
51,"[3, 4]","[2, 3]","[0.58, 0.75]","[['D', 'B', 'A', 'C'], ['D', 'A', 'C', 'B']]","{'B': 3, 'D': 3, 'A': 2, 'C': 2}","[0.79, 1.0]",3.95
51,"[3, 4]","[2, 3]","[0.58, 0.75]","[['D', 'B', 'A', 'C'], ['D', 'B', 'A', 'C']]","{'B': 4, 'D': 3, 'C': 2, 'A': 1}","[0.67, 1.0]",3.96
51,"[3, 4]","[2, 3]","[0.58, 0.75]","[['D', 'B', 'A', 'C'], ['D', 'B', 'C', 'A']]","{'B': 4, 'D': 3, 'C': 2, 'A': 1}","[0.67, 1.0]",3.96
51,"[3, 4]","[2, 3]","[0.58, 0.75]","[['D', 'B', 'C', 'A'], ['A', 'D', 'B', 'C']]","{'B': 3, 'D': 3, 'A': 2, 'C': 2}","[0.79, 1.0]",3.95
51,"[3, 4]","[2, 3]","[0.58, 0.75]","[['D', 'B', 'C', 'A'], ['A', 'D', 'C', 'B']]","{'B': 3, 'D': 3, 'A': 2, 'C': 2}","[0.79, 1.0]",3.95
51,"[3, 4]","[2, 3]","[0.58, 0.75]","[['D', 'B', 'C', 'A'], ['B', 'D', 'A', 'C']]","{'B': 4, 'D': 3, 'C': 2, 'A': 1}","[0.67, 1.0]",3.96
51,"[3, 4]","[2, 3]","[0.58, 0.75]","[['D', 'B', 'C', 'A'], ['B', 'D', 'C', 'A']]","{'B': 4, 'D': 3, 'C': 2, 'A': 1}","[0.67, 1.0]",3.96
51,"[3, 4]","[2, 3]","[0.58, 0.75]","[['D', 'B', 'C', 'A'], ['D', 'A', 'B', 'C']]","{'B': 3, 'D': 3, 'A': 2, 'C': 2}","[0.79, 1.0]",3.95
51,"[3, 4]","[2, 3]","[0.58, 0.75]","[['D', 'B', 'C', 'A'], ['D', 'A', 'C', 'B']]","{'B': 3, 'D': 3, 'A': 2, 'C': 2}","[0.79, 1.0]",3.95
51,"[3, 4]","[2, 3]","[0.58, 0.75]","[['D', 'B', 'C', 'A'], ['D', 'B', 'A', 'C']]","{'B': 4, 'D': 3, 'C': 2, 'A': 1}","[0.67, 1.0]",3.96
51,"[3, 4]","[2, 3]","[0.58, 0.75]","[['D', 'B', 'C', 'A'], ['D', 'B', 'C', 'A']]","{'B': 4, 'D': 3, 'C': 2, 'A': 1}","[0.67, 1.0]",3.96
51,"[4, 5]","[3, 2]","[0.75, 0.46]","[['A', 'B', 'C', 'D'], ['B', 'C', 'A', 'D']]","{'B': 4, 'A': 3, 'C': 2, 'D': 1}","[1.0, 0.5]",3.96
51,"[4, 5]","[3, 2]","[0.75, 0.46]","[['A', 'B', 'C', 'D'], ['B', 'C', 'D', 'A']]","{'B': 4, 'A': 3, 'C': 2, 'D': 1}","[1.0, 0.5]",3.96
51,"[4, 5]","[3, 2]","[0.75, 0.46]","[['A', 'B', 'C', 'D'], ['C', 'B', 'A', 'D']]","{'B': 4, 'A': 3, 'C': 2, 'D': 1}","[1.0, 0.5]",3.96
51,"[4, 5]","[3, 2]","[0.75, 0.46]","[['A', 'B', 'C', 'D'], ['C', 'B', 'D', 'A']]","{'B': 4, 'A': 3, 'C': 2, 'D': 1}","[1.0, 0.5]",3.96
51,"[4, 5]","[3, 2]","[0.75, 0.46]","[['A', 'B', 'D', 'C'], ['B', 'C', 'A', 'D']]","{'B': 4, 'A': 3, 'C': 2, 'D': 1}","[1.0, 0.5]",3.96
51,"[4, 5]","[3, 2]","[0.75, 0.46]","[['A', 'B', 'D', 'C'], ['B', 'C', 'D', 'A']]","{'B': 4, 'A': 3, 'C': 2, 'D': 1}","[1.0, 0.5]",3.96
51,"[4, 5]","[3, 2]","[0.75, 0.46]","[['A', 'B', 'D', 'C'], ['C', 'B', 'A', 'D']]","{'B': 4, 'A': 3, 'C': 2, 'D': 1}","[1.0, 0.5]",3.96
51,"[4, 5]","[3, 2]","[0.75, 0.46]","[['A', 'B', 'D', 'C'], ['C', 'B', 'D', 'A']]","{'B': 4, 'A': 3, 'C': 2, 'D': 1}","[1.0, 0.5]",3.96
51,"[4, 5]","[3, 2]","[0.75, 0.46]","[['B', 'A', 'C', 'D'], ['B', 'C', 'A', 'D']]","{'B': 4, 'A': 3, 'C': 2, 'D': 1}","[1.0, 0.5]",3.96
51,"[4, 5]","[3, 2]","[0.75, 0.46]","[['B', 'A', 'C', 'D'], ['B', 'C', 'D', 'A']]","{'B': 4, 'A': 3, 'C': 2, 'D': 1}","[1.0, 0.5]",3.96
51,"[4, 5]","[3, 2]","[0.75, 0.46]","[['B', 'A', 'C', 'D'], ['C', 'B', 'A', 'D']]","{'B': 4, 'A': 3, 'C': 2, 'D': 1}","[1.0, 0.5]",3.96
51,"[4, 5]","[3, 2]","[0.75, 0.46]","[['B', 'A', 'C', 'D'], ['C', 'B', 'D', 'A']]","{'B': 4, 'A': 3, 'C': 2, 'D': 1}","[1.0, 0.5]",3.96
51,"[4, 5]","[3, 2]","[0.75, 0.46]","[['B', 'A', 'D', 'C'], ['B', 'C', 'A', 'D']]","{'B': 4, 'A': 3, 'C': 2, 'D': 1}","[1.0, 0.5]",3.96
51,"[4, 5]","[3, 2]","[0.75, 0.46]","[['B', 'A', 'D', 'C'], ['B', 'C', 'D', 'A']]","{'B': 4, 'A': 3, 'C': 2, 'D': 1}","[1.0, 0.5]",3.96
51,"[4, 5]","[3, 2]","[0.75, 0.46]","[['B', 'A', 'D', 'C'], ['C', 'B', 'A', 'D']]","{'B': 4, 'A': 3, 'C': 2, 'D': 1}","[1.0, 0.5]",3.96
51,"[4, 5]","[3, 2]","[0.75, 0.46]","[['B', 'A', 'D', 'C'], ['C', 'B', 'D', 'A']]","{'B': 4, 'A': 3, 'C': 2, 'D': 1}","[1.0, 0.5]",3.96
51,"[4, 5]","[3, 2]","[0.75, 0.46]","[['B', 'C', 'A', 'D'], ['A', 'B', 'C', 'D']]","{'B': 4, 'A': 3, 'C': 2, 'D': 1}","[1.0, 0.5]",3.96
51,"[4, 5]","[3, 2]","[0.75, 0.46]","[['B', 'C', 'A', 'D'], ['A', 'B', 'D', 'C']]","{'B': 4, 'A': 3, 'C': 2, 'D': 1}","[1.0, 0.5]",3.96
51,"[4, 5]","[3, 2]","[0.75, 0.46]","[['B', 'C', 'A', 'D'], ['B', 'A', 'C', 'D']]","{'B': 4, 'A': 3, 'C': 2, 'D': 1}","[1.0, 0.5]",3.96
51,"[4, 5]","[3, 2]","[0.75, 0.46]","[['B', 'C', 'A', 'D'], ['B', 'A', 'D', 'C']]","{'B': 4, 'A': 3, 'C': 2, 'D': 1}","[1.0, 0.5]",3.96
51,"[4, 5]","[3, 2]","[0.75, 0.46]","[['B', 'C', 'A', 'D'], ['B', 'C', 'A', 'D']]","{'B': 4, 'C': 3, 'A': 2, 'D': 1}","[1.0, 0.67]",3.88
51,"[4, 5]","[3, 2]","[0.75, 0.46]","[['B', 'C', 'A', 'D'], ['B', 'C', 'D', 'A']]","{'B': 4, 'C': 3, 'A': 2, 'D': 1}","[1.0, 0.67]",3.88
51,"[4, 5]","[3, 2]","[0.75, 0.46]","[['B', 'C', 'A', 'D'], ['B', 'D', 'A', 'C']]","{'B': 4, 'A': 2, 'C': 2, 'D': 2}","[1.0, 0.5]",3.96
51,"[4, 5]","[3, 2]","[0.75, 0.46]","[['B', 'C', 'A', 'D'], ['B', 'D', 'C', 'A']]","{'B': 4, 'A': 2, 'C': 2, 'D': 2}","[1.0, 0.5]",3.96
51,"[4, 5]","[3, 2]","[0.75, 0.46]","[['B', 'C', 'A', 'D'], ['C', 'B', 'A', 'D']]","{'B': 4, 'C': 3, 'A': 2, 'D': 1}","[1.0, 0.67]",3.88
51,"[4, 5]","[3, 2]","[0.75, 0.46]","[['B', 'C', 'A', 'D'], ['C', 'B', 'D', 'A']]","{'B': 4, 'C': 3, 'A': 2, 'D': 1}","[1.0, 0.67]",3.88
51,"[4, 5]","[3, 2]","[0.75, 0.46]","[['B', 'C', 'A', 'D'], ['C', 'D', 'A', 'B']]","{'B': 3, 'C': 3, 'A': 2, 'D': 2}","[1.0, 0.67]",3.88
51,"[4, 5]","[3, 2]","[0.75, 0.46]","[['B', 'C', 'A', 'D'], ['C', 'D', 'B', 'A']]","{'B': 3, 'C': 3, 'A': 2, 'D': 2}","[1.0, 0.67]",3.88
51,"[4, 5]","[3, 2]","[0.75, 0.46]","[['B', 'C', 'A', 'D'], ['D', 'B', 'A', 'C']]","{'B': 4, 'A': 2, 'C': 2, 'D': 2}","[1.0, 0.5]",3.96
51,"[4, 5]","[3, 2]","[0.75, 0.46]","[['B', 'C', 'A', 'D'], ['D', 'B', 'C', 'A']]","{'B': 4, 'A': 2, 'C': 2, 'D': 2}","[1.0, 0.5]",3.96
51,"[4, 5]","[3, 2]","[0.75, 0.46]","[['B', 'C', 'A', 'D'], ['D', 'C', 'A', 'B']]","{'B': 3, 'C': 3, 'A': 2, 'D': 2}","[1.0, 0.67]",3.88
51,"[4, 5]","[3, 2]","[0.75, 0.46]","[['B', 'C', 'A', 'D'], ['D', 'C', 'B', 'A']]","{'B': 3, 'C': 3, 'A': 2, 'D': 2}","[1.0, 0.67]",3.88
51,"[4, 5]","[3, 2]","[0.75, 0.46]","[['B', 'C', 'D', 'A'], ['A', 'B', 'C', 'D']]","{'B': 4, 'A': 3, 'C': 2, 'D': 1}","[1.0, 0.5]",3.96
51,"[4, 5]","[3, 2]","[0.75, 0.46]","[['B', 'C', 'D', 'A'], ['A', 'B', 'D', 'C']]","{'B': 4, 'A': 3, 'C': 2, 'D': 1}","[1.0, 0.5]",3.96
51,"[4, 5]","[3, 2]","[0.75, 0.46]","[['B', 'C', 'D', 'A'], ['B', 'A', 'C', 'D']]","{'B': 4, 'A': 3, 'C': 2, 'D': 1}","[1.0, 0.5]",3.96
51,"[4, 5]","[3, 2]","[0.75, 0.46]","[['B', 'C', 'D', 'A'], ['B', 'A', 'D', 'C']]","{'B': 4, 'A': 3, 'C': 2, 'D': 1}","[1.0, 0.5]",3.96
51,"[4, 5]","[3, 2]","[0.75, 0.46]","[['B', 'C', 'D', 'A'], ['B', 'C', 'A', 'D']]","{'B': 4, 'C': 3, 'A': 2, 'D': 1}","[1.0, 0.67]",3.88
51,"[4, 5]","[3, 2]","[0.75, 0.46]","[['B', 'C', 'D', 'A'], ['B', 'C', 'D', 'A']]","{'B': 4, 'C': 3, 'A': 2, 'D': 1}","[1.0, 0.67]",3.88
51,"[4, 5]","[3, 2]","[0.75, 0.46]","[['B', 'C', 'D', 'A'], ['B', 'D', 'A', 'C']]","{'B': 4, 'A': 2, 'C': 2, 'D': 2}","[1.0, 0.5]",3.96
51,"[4, 5]","[3, 2]","[0.75, 0.46]","[['B', 'C', 'D', 'A'], ['B', 'D', 'C', 'A']]","{'B': 4, 'A': 2, 'C': 2, 'D': 2}","[1.0, 0.5]",3.96
51,"[4, 5]","[3, 2]","[0.75, 0.46]","[['B', 'C', 'D', 'A'], ['C', 'B', 'A', 'D']]","{'B': 4, 'C': 3, 'A': 2, 'D': 1}","[1.0, 0.67]",3.88
51,"[4, 5]","[3, 2]","[0.75, 0.46]","[['B', 'C', 'D', 'A'], ['C', 'B', 'D', 'A']]","{'B': 4, 'C': 3, 'A': 2, 'D': 1}","[1.0, 0.67]",3.88
51,"[4, 5]","[3, 2]","[0.75, 0.46]","[['B', 'C', 'D', 'A'], ['C', 'D', 'A', 'B']]","{'B': 3, 'C': 3, 'A': 2, 'D': 2}","[1.0, 0.67]",3.88
51,"[4, 5]","[3, 2]","[0.75, 0.46]","[['B', 'C', 'D', 'A'], ['C', 'D', 'B', 'A']]","{'B': 3, 'C': 3, 'A': 2, 'D': 2}","[1.0, 0.67]",3.88
51,"[4, 5]","[3, 2]","[0.75, 0.46]","[['B', 'C', 'D', 'A'], ['D', 'B', 'A', 'C']]","{'B': 4, 'A': 2, 'C': 2, 'D': 2}","[1.0, 0.5]",3.96
51,"[4, 5]","[3, 2]","[0.75, 0.46]","[['B', 'C', 'D', 'A'], ['D', 'B', 'C', 'A']]","{'B': 4, 'A': 2, 'C': 2, 'D': 2}","[1.0, 0.5]",3.96
51,"[4, 5]","[3, 2]","[0.75, 0.46]","[['B', 'C', 'D', 'A'], ['D', 'C', 'A', 'B']]","{'B': 3, 'C': 3, 'A': 2, 'D': 2}","[1.0, 0.67]",3.88
51,"[4, 5]","[3, 2]","[0.75, 0.46]","[['B', 'C', 'D', 'A'], ['D', 'C', 'B', 'A']]","{'B': 3, 'C': 3, 'A': 2, 'D': 2}","[1.0, 0.67]",3.88
51,"[4, 5]","[3, 2]","[0.75, 0.46]","[['B', 'D', 'A', 'C'], ['B', 'C', 'A', 'D']]","{'B': 4, 'A': 2, 'C': 2, 'D': 2}","[1.0, 0.5]",3.96
51,"[4, 5]","[3, 2]","[0.75, 0.46]","[['B', 'D', 'A', 'C'], ['B', 'C', 'D', 'A']]","{'B': 4, 'A': 2, 'C': 2, 'D': 2}","[1.0, 0.5]",3.96
51,"[4, 5]","[3, 2]","[0.75, 0.46]","[['B', 'D', 'A', 'C'], ['B', 'D', 'A', 'C']]","{'B': 4, 'D': 3, 'A': 2, 'C': 1}","[1.0, 0.58]",3.95
51,"[4, 5]","[3, 2]","[0.75, 0.46]","[['B', 'D', 'A', 'C'], ['B', 'D', 'C', 'A']]","{'B': 4, 'D': 3, 'A': 2, 'C': 1}","[1.0, 0.58]",3.95
51,"[4, 5]","[3, 2]","[0.75, 0.46]","[['B', 'D', 'A', 'C'], ['C', 'B', 'A', 'D']]","{'B': 4, 'A': 2, 'C': 2, 'D': 2}","[1.0, 0.5]",3.96
51,"[4, 5]","[3, 2]","[0.75, 0.46]","[['B', 'D', 'A', 'C'], ['C', 'B', 'D', 'A']]","{'B': 4, 'A': 2, 'C': 2, 'D': 2}","[1.0, 0.5]",3.96
51,"[4, 5]","[3, 2]","[0.75, 0.46]","[['B', 'D', 'A', 'C'], ['C', 'D', 'A', 'B']]","{'B': 3, 'D': 3, 'A': 2, 'C': 2}","[1.0, 0.58]",3.95
51,"[4, 5]","[3, 2]","[0.75, 0.46]","[['B', 'D', 'A', 'C'], ['C', 'D', 'B', 'A']]","{'B': 3, 'D': 3, 'A': 2, 'C': 2}","[1.0, 0.58]",3.95
51,"[4, 5]","[3, 2]","[0.75, 0.46]","[['B', 'D', 'A', 'C'], ['D', 'B', 'A', 'C']]","{'B': 4, 'D': 3, 'A': 2, 'C': 1}","[1.0, 0.58]",3.95
51,"[4, 5]","[3, 2]","[0.75, 0.46]","[['B', 'D', 'A', 'C'], ['D', 'B', 'C', 'A']]","{'B': 4, 'D': 3, 'A': 2, 'C': 1}","[1.0, 0.58]",3.95
51,"[4, 5]","[3, 2]","[0.75, 0.46]","[['B', 'D', 'A', 'C'], ['D', 'C', 'A', 'B']]","{'B': 3, 'D': 3, 'A': 2, 'C': 2}","[1.0, 0.58]",3.95
51,"[4, 5]","[3, 2]","[0.75, 0.46]","[['B', 'D', 'A', 'C'], ['D', 'C', 'B', 'A']]","{'B': 3, 'D': 3, 'A': 2, 'C': 2}","[1.0, 0.58]",3.95
51,"[4, 5]","[3, 2]","[0.75, 0.46]","[['B', 'D', 'C', 'A'], ['B', 'C', 'A', 'D']]","{'B': 4, 'A': 2, 'C': 2, 'D': 2}","[1.0, 0.5]",3.96
51,"[4, 5]","[3, 2]","[0.75, 0.46]","[['B', 'D', 'C', 'A'], ['B', 'C', 'D', 'A']]","{'B': 4, 'A': 2, 'C': 2, 'D': 2}","[1.0, 0.5]",3.96
51,"[4, 5]","[3, 2]","[0.75, 0.46]","[['B', 'D', 'C', 'A'], ['B', 'D', 'A', 'C']]","{'B': 4, 'D': 3, 'A': 2, 'C': 1}","[1.0, 0.58]",3.95
51,"[4, 5]","[3, 2]","[0.75, 0.46]","[['B', 'D', 'C', 'A'], ['B', 'D', 'C', 'A']]","{'B': 4, 'D': 3, 'A': 2, 'C': 1}","[1.0, 0.58]",3.95
51,"[4, 5]","[3, 2]","[0.75, 0.46]","[['B', 'D', 'C', 'A'], ['C', 'B', 'A', 'D']]","{'B': 4, 'A': 2, 'C': 2, 'D': 2}","[1.0, 0.5]",3.96
51,"[4, 5]","[3, 2]","[0.75, 0.46]","[['B', 'D', 'C', 'A'], ['C', 'B', 'D', 'A']]","{'B': 4, 'A': 2, 'C': 2, 'D': 2}","[1.0, 0.5]",3.96
51,"[4, 5]","[3, 2]","[0.75, 0.46]","[['B', 'D', 'C', 'A'], ['C', 'D', 'A', 'B']]","{'B': 3, 'D': 3, 'A': 2, 'C': 2}","[1.0, 0.58]",3.95
51,"[4, 5]","[3, 2]","[0.75, 0.46]","[['B', 'D', 'C', 'A'], ['C', 'D', 'B', 'A']]","{'B': 3, 'D': 3, 'A': 2, 'C': 2}","[1.0, 0.58]",3.95
51,"[4, 5]","[3, 2]","[0.75, 0.46]","[['B', 'D', 'C', 'A'], ['D', 'B', 'A', 'C']]","{'B': 4, 'D': 3, 'A': 2, 'C': 1}","[1.0, 0.58]",3.95
51,"[4, 5]","[3, 2]","[0.75, 0.46]","[['B', 'D', 'C', 'A'], ['D', 'B', 'C', 'A']]","{'B': 4, 'D': 3, 'A': 2, 'C': 1}","[1.0, 0.58]",3.95
51,"[4, 5]","[3, 2]","[0.75, 0.46]","[['B', 'D', 'C', 'A'], ['D', 'C', 'A', 'B']]","{'B': 3, 'D': 3, 'A': 2, 'C': 2}","[1.0, 0.58]",3.95
51,"[4, 5]","[3, 2]","[0.75, 0.46]","[['B', 'D', 'C', 'A'], ['D', 'C', 'B', 'A']]","{'B': 3, 'D': 3, 'A': 2, 'C': 2}","[1.0, 0.58]",3.95
51,"[4, 5]","[3, 2]","[0.75, 0.46]","[['C', 'B', 'A', 'D'], ['A', 'B', 'C', 'D']]","{'B': 4, 'A': 3, 'C': 2, 'D': 1}","[1.0, 0.5]",3.96
51,"[4, 5]","[3, 2]","[0.75, 0.46]","[['C', 'B', 'A', 'D'], ['A', 'B', 'D', 'C']]","{'B': 4, 'A': 3, 'C': 2, 'D': 1}","[1.0, 0.5]",3.96
51,"[4, 5]","[3, 2]","[0.75, 0.46]","[['C', 'B', 'A', 'D'], ['B', 'A', 'C', 'D']]","{'B': 4, 'A': 3, 'C': 2, 'D': 1}","[1.0, 0.5]",3.96
51,"[4, 5]","[3, 2]","[0.75, 0.46]","[['C', 'B', 'A', 'D'], ['B', 'A', 'D', 'C']]","{'B': 4, 'A': 3, 'C': 2, 'D': 1}","[1.0, 0.5]",3.96
51,"[4, 5]","[3, 2]","[0.75, 0.46]","[['C', 'B', 'A', 'D'], ['B', 'C', 'A', 'D']]","{'B': 4, 'C': 3, 'A': 2, 'D': 1}","[1.0, 0.67]",3.88
51,"[4, 5]","[3, 2]","[0.75, 0.46]","[['C', 'B', 'A', 'D'], ['B', 'C', 'D', 'A']]","{'B': 4, 'C': 3, 'A': 2, 'D': 1}","[1.0, 0.67]",3.88
51,"[4, 5]","[3, 2]","[0.75, 0.46]","[['C', 'B', 'A', 'D'], ['B', 'D', 'A', 'C']]","{'B': 4, 'A': 2, 'C': 2, 'D': 2}","[1.0, 0.5]",3.96
51,"[4, 5]","[3, 2]","[0.75, 0.46]","[['C', 'B', 'A', 'D'], ['B', 'D', 'C', 'A']]","{'B': 4, 'A': 2, 'C': 2, 'D': 2}","[1.0, 0.5]",3.96
51,"[4, 5]","[3, 2]","[0.75, 0.46]","[['C', 'B', 'A', 'D'], ['C', 'B', 'A', 'D']]","{'B': 4, 'C': 3, 'A': 2, 'D': 1}","[1.0, 0.67]",3.88
51,"[4, 5]","[3, 2]","[0.75, 0.46]","[['C', 'B', 'A', 'D'], ['C', 'B', 'D', 'A']]","{'B': 4, 'C': 3, 'A': 2, 'D': 1}","[1.0, 0.67]",3.88
51,"[4, 5]","[3, 2]","[0.75, 0.46]","[['C', 'B', 'A', 'D'], ['C', 'D', 'A', 'B']]","{'B': 3, 'C': 3, 'A': 2, 'D': 2}","[1.0, 0.67]",3.88
51,"[4, 5]","[3, 2]","[0.75, 0.46]","[['C', 'B', 'A', 'D'], ['C', 'D', 'B', 'A']]","{'B': 3, 'C': 3, 'A': 2, 'D': 2}","[1.0, 0.67]",3.88
51,"[4, 5]","[3, 2]","[0.75, 0.46]","[['C', 'B', 'A', 'D'], ['D', 'B', 'A', 'C']]","{'B': 4, 'A': 2, 'C': 2, 'D': 2}","[1.0, 0.5]",3.96
51,"[4, 5]","[3, 2]","[0.75, 0.46]","[['C', 'B', 'A', 'D'], ['D', 'B', 'C', 'A']]","{'B': 4, 'A': 2, 'C': 2, 'D': 2}","[1.0, 0.5]",3.96
51,"[4, 5]","[3, 2]","[0.75, 0.46]","[['C', 'B', 'A', 'D'], ['D', 'C', 'A', 'B']]","{'B': 3, 'C': 3, 'A': 2, 'D': 2}","[1.0, 0.67]",3.88
51,"[4, 5]","[3, 2]","[0.75, 0.46]","[['C', 'B', 'A', 'D'], ['D', 'C', 'B', 'A']]","{'B': 3, 'C': 3, 'A': 2, 'D': 2}","[1.0, 0.67]",3.88
51,"[4, 5]","[3, 2]","[0.75, 0.46]","[['C', 'B', 'D', 'A'], ['A', 'B', 'C', 'D']]","{'B': 4, 'A': 3, 'C': 2, 'D': 1}","[1.0, 0.5]",3.96
51,"[4, 5]","[3, 2]","[0.75, 0.46]","[['C', 'B', 'D', 'A'], ['A', 'B', 'D', 'C']]","{'B': 4, 'A': 3, 'C': 2, 'D': 1}","[1.0, 0.5]",3.96
51,"[4, 5]","[3, 2]","[0.75, 0.46]","[['C', 'B', 'D', 'A'], ['B', 'A', 'C', 'D']]","{'B': 4, 'A': 3, 'C': 2, 'D': 1}","[1.0, 0.5]",3.96
51,"[4, 5]","[3, 2]","[0.75, 0.46]","[['C', 'B', 'D', 'A'], ['B', 'A', 'D', 'C']]","{'B': 4, 'A': 3, 'C': 2, 'D': 1}","[1.0, 0.5]",3.96
51,"[4, 5]","[3, 2]","[0.75, 0.46]","[['C', 'B', 'D', 'A'], ['B', 'C', 'A', 'D']]","{'B': 4, 'C': 3, 'A': 2, 'D': 1}","[1.0, 0.67]",3.88
51,"[4, 5]","[3, 2]","[0.75, 0.46]","[['C', 'B', 'D', 'A'], ['B', 'C', 'D', 'A']]","{'B': 4, 'C': 3, 'A': 2, 'D': 1}","[1.0, 0.67]",3.88
51,"[4, 5]","[3, 2]","[0.75, 0.46]","[['C', 'B', 'D', 'A'], ['B', 'D', 'A', 'C']]","{'B': 4, 'A': 2, 'C': 2, 'D': 2}","[1.0, 0.5]",3.96
51,"[4, 5]","[3, 2]","[0.75, 0.46]","[['C', 'B', 'D', 'A'], ['B', 'D', 'C', 'A']]","{'B': 4, 'A': 2, 'C': 2, 'D': 2}","[1.0, 0.5]",3.96
51,"[4, 5]","[3, 2]","[0.75, 0.46]","[['C', 'B', 'D', 'A'], ['C', 'B', 'A', 'D']]","{'B': 4, 'C': 3, 'A': 2, 'D': 1}","[1.0, 0.67]",3.88
51,"[4, 5]","[3, 2]","[0.75, 0.46]","[['C', 'B', 'D', 'A'], ['C', 'B', 'D', 'A']]","{'B': 4, 'C': 3, 'A': 2, 'D': 1}","[1.0, 0.67]",3.88
51,"[4, 5]","[3, 2]","[0.75, 0.46]","[['C', 'B', 'D', 'A'], ['C', 'D', 'A', 'B']]","{'B': 3, 'C': 3, 'A': 2, 'D': 2}","[1.0, 0.67]",3.88
51,"[4, 5]","[3, 2]","[0.75, 0.46]","[['C', 'B', 'D', 'A'], ['C', 'D', 'B', 'A']]","{'B': 3, 'C': 3, 'A': 2, 'D': 2}","[1.0, 0.67]",3.88
51,"[4, 5]","[3, 2]","[0.75, 0.46]","[['C', 'B', 'D', 'A'], ['D', 'B', 'A', 'C']]","{'B': 4, 'A': 2, 'C': 2, 'D': 2}","[1.0, 0.5]",3.96
51,"[4, 5]","[3, 2]","[0.75, 0.46]","[['C', 'B', 'D', 'A'], ['D', 'B', 'C', 'A']]","{'B': 4, 'A': 2, 'C': 2, 'D': 2}","[1.0, 0.5]",3.96
51,"[4, 5]","[3, 2]","[0.75, 0.46]","[['C', 'B', 'D', 'A'], ['D', 'C', 'A', 'B']]","{'B': 3, 'C': 3, 'A': 2, 'D': 2}","[1.0, 0.67]",3.88
51,"[4, 5]","[3, 2]","[0.75, 0.46]","[['C', 'B', 'D', 'A'], ['D', 'C', 'B', 'A']]","{'B': 3, 'C': 3, 'A': 2, 'D': 2}","[1.0, 0.67]",3.88
51,"[4, 5]","[3, 2]","[0.75, 0.46]","[['C', 'D', 'A', 'B'], ['B', 'C', 'A', 'D']]","{'B': 3, 'C': 3, 'A': 2, 'D': 2}","[1.0, 0.67]",3.88
51,"[4, 5]","[3, 2]","[0.75, 0.46]","[['C', 'D', 'A', 'B'], ['B', 'C', 'D', 'A']]","{'B': 3, 'C': 3, 'A': 2, 'D': 2}","[1.0, 0.67]",3.88
51,"[4, 5]","[3, 2]","[0.75, 0.46]","[['C', 'D', 'A', 'B'], ['B', 'D', 'A', 'C']]","{'B': 3, 'D': 3, 'A': 2, 'C': 2}","[1.0, 0.58]",3.95
51,"[4, 5]","[3, 2]","[0.75, 0.46]","[['C', 'D', 'A', 'B'], ['B', 'D', 'C', 'A']]","{'B': 3, 'D': 3, 'A': 2, 'C': 2}","[1.0, 0.58]",3.95
51,"[4, 5]","[3, 2]","[0.75, 0.46]","[['C', 'D', 'A', 'B'], ['C', 'B', 'A', 'D']]","{'B': 3, 'C': 3, 'A': 2, 'D': 2}","[1.0, 0.67]",3.88
51,"[4, 5]","[3, 2]","[0.75, 0.46]","[['C', 'D', 'A', 'B'], ['C', 'B', 'D', 'A']]","{'B': 3, 'C': 3, 'A': 2, 'D': 2}","[1.0, 0.67]",3.88
51,"[4, 5]","[3, 2]","[0.75, 0.46]","[['C', 'D', 'A', 'B'], ['D', 'B', 'A', 'C']]","{'B': 3, 'D': 3, 'A': 2, 'C': 2}","[1.0, 0.58]",3.95
51,"[4, 5]","[3, 2]","[0.75, 0.46]","[['C', 'D', 'A', 'B'], ['D', 'B', 'C', 'A']]","{'B': 3, 'D': 3, 'A': 2, 'C': 2}","[1.0, 0.58]",3.95
51,"[4, 5]","[3, 2]","[0.75, 0.46]","[['C', 'D', 'B', 'A'], ['B', 'C', 'A', 'D']]","{'B': 3, 'C': 3, 'A': 2, 'D': 2}","[1.0, 0.67]",3.88
51,"[4, 5]","[3, 2]","[0.75, 0.46]","[['C', 'D', 'B', 'A'], ['B', 'C', 'D', 'A']]","{'B': 3, 'C': 3, 'A': 2, 'D': 2}","[1.0, 0.67]",3.88
51,"[4, 5]","[3, 2]","[0.75, 0.46]","[['C', 'D', 'B', 'A'], ['B', 'D', 'A', 'C']]","{'B': 3, 'D': 3, 'A': 2, 'C': 2}","[1.0, 0.58]",3.95
51,"[4, 5]","[3, 2]","[0.75, 0.46]","[['C', 'D', 'B', 'A'], ['B', 'D', 'C', 'A']]","{'B': 3, 'D': 3, 'A': 2, 'C': 2}","[1.0, 0.58]",3.95
51,"[4, 5]","[3, 2]","[0.75, 0.46]","[['C', 'D', 'B', 'A'], ['C', 'B', 'A', 'D']]","{'B': 3, 'C': 3, 'A': 2, 'D': 2}","[1.0, 0.67]",3.88
51,"[4, 5]","[3, 2]","[0.75, 0.46]","[['C', 'D', 'B', 'A'], ['C', 'B', 'D', 'A']]","{'B': 3, 'C': 3, 'A': 2, 'D': 2}","[1.0, 0.67]",3.88
51,"[4, 5]","[3, 2]","[0.75, 0.46]","[['C', 'D', 'B', 'A'], ['D', 'B', 'A', 'C']]","{'B': 3, 'D': 3, 'A': 2, 'C': 2}","[1.0, 0.58]",3.95
51,"[4, 5]","[3, 2]","[0.75, 0.46]","[['C', 'D', 'B', 'A'], ['D', 'B', 'C', 'A']]","{'B': 3, 'D': 3, 'A': 2, 'C': 2}","[1.0, 0.58]",3.95
51,"[4, 5]","[3, 2]","[0.75, 0.46]","[['D', 'B', 'A', 'C'], ['B', 'C', 'A', 'D']]","{'B': 4, 'A': 2, 'C': 2, 'D': 2}","[1.0, 0.5]",3.96
51,"[4, 5]","[3, 2]","[0.75, 0.46]","[['D', 'B', 'A', 'C'], ['B', 'C', 'D', 'A']]","{'B': 4, 'A': 2, 'C': 2, 'D': 2}","[1.0, 0.5]",3.96
51,"[4, 5]","[3, 2]","[0.75, 0.46]","[['D', 'B', 'A', 'C'], ['B', 'D', 'A', 'C']]","{'B': 4, 'D': 3, 'A': 2, 'C': 1}","[1.0, 0.58]",3.95
51,"[4, 5]","[3, 2]","[0.75, 0.46]","[['D', 'B', 'A', 'C'], ['B', 'D', 'C', 'A']]","{'B': 4, 'D': 3, 'A': 2, 'C': 1}","[1.0, 0.58]",3.95
51,"[4, 5]","[3, 2]","[0.75, 0.46]","[['D', 'B', 'A', 'C'], ['C', 'B', 'A', 'D']]","{'B': 4, 'A': 2, 'C': 2, 'D': 2}","[1.0, 0.5]",3.96
51,"[4, 5]","[3, 2]","[0.75, 0.46]","[['D', 'B', 'A', 'C'], ['C', 'B', 'D', 'A']]","{'B': 4, 'A': 2, 'C': 2, 'D': 2}","[1.0, 0.5]",3.96
51,"[4, 5]","[3, 2]","[0.75, 0.46]","[['D', 'B', 'A', 'C'], ['C', 'D', 'A', 'B']]","{'B': 3, 'D': 3, 'A': 2, 'C': 2}","[1.0, 0.58]",3.95
51,"[4, 5]","[3, 2]","[0.75, 0.46]","[['D', 'B', 'A', 'C'], ['C', 'D', 'B', 'A']]","{'B': 3, 'D': 3, 'A': 2, 'C': 2}","[1.0, 0.58]",3.95
51,"[4, 5]","[3, 2]","[0.75, 0.46]","[['D', 'B', 'A', 'C'], ['D', 'B', 'A', 'C']]","{'B': 4, 'D': 3, 'A': 2, 'C': 1}","[1.0, 0.58]",3.95
51,"[4, 5]","[3, 2]","[0.75, 0.46]","[['D', 'B', 'A', 'C'], ['D', 'B', 'C', 'A']]","{'B': 4, 'D': 3, 'A': 2, 'C': 1}","[1.0, 0.58]",3.95
51,"[4, 5]","[3, 2]","[0.75, 0.46]","[['D', 'B', 'A', 'C'], ['D', 'C', 'A', 'B']]","{'B': 3, 'D': 3, 'A': 2, 'C': 2}","[1.0, 0.58]",3.95
51,"[4, 5]","[3, 2]","[0.75, 0.46]","[['D', 'B', 'A', 'C'], ['D', 'C', 'B', 'A']]","{'B': 3, 'D': 3, 'A': 2, 'C': 2}","[1.0, 0.58]",3.95
51,"[4, 5]","[3, 2]","[0.75, 0.46]","[['D', 'B', 'C', 'A'], ['B', 'C', 'A', 'D']]","{'B': 4, 'A': 2, 'C': 2, 'D': 2}","[1.0, 0.5]",3.96
51,"[4, 5]","[3, 2]","[0.75, 0.46]","[['D', 'B', 'C', 'A'], ['B', 'C', 'D', 'A']]","{'B': 4, 'A': 2, 'C': 2, 'D': 2}","[1.0, 0.5]",3.96
51,"[4, 5]","[3, 2]","[0.75, 0.46]","[['D', 'B', 'C', 'A'], ['B', 'D', 'A', 'C']]","{'B': 4, 'D': 3, 'A': 2, 'C': 1}","[1.0, 0.58]",3.95
51,"[4, 5]","[3, 2]","[0.75, 0.46]","[['D', 'B', 'C', 'A'], ['B', 'D', 'C', 'A']]","{'B': 4, 'D': 3, 'A': 2, 'C': 1}","[1.0, 0.58]",3.95
51,"[4, 5]","[3, 2]","[0.75, 0.46]","[['D', 'B', 'C', 'A'], ['C', 'B', 'A', 'D']]","{'B': 4, 'A': 2, 'C': 2, 'D': 2}","[1.0, 0.5]",3.96
51,"[4, 5]","[3, 2]","[0.75, 0.46]","[['D', 'B', 'C', 'A'], ['C', 'B', 'D', 'A']]","{'B': 4, 'A': 2, 'C': 2, 'D': 2}","[1.0, 0.5]",3.96
51,"[4, 5]","[3, 2]","[0.75, 0.46]","[['D', 'B', 'C', 'A'], ['C', 'D', 'A', 'B']]","{'B': 3, 'D': 3, 'A': 2, 'C': 2}","[1.0, 0.58]",3.95
51,"[4, 5]","[3, 2]","[0.75, 0.46]","[['D', 'B', 'C', 'A'], ['C', 'D', 'B', 'A']]","{'B': 3, 'D': 3, 'A': 2, 'C': 2}","[1.0, 0.58]",3.95
51,"[4, 5]","[3, 2]","[0.75, 0.46]","[['D', 'B', 'C', 'A'], ['D', 'B', 'A', 'C']]","{'B': 4, 'D': 3, 'A': 2, 'C': 1}","[1.0, 0.58]",3.95
51,"[4, 5]","[3, 2]","[0.75, 0.46]","[['D', 'B', 'C', 'A'], ['D', 'B', 'C', 'A']]","{'B': 4, 'D': 3, 'A': 2, 'C': 1}","[1.0, 0.58]",3.95
51,"[4, 5]","[3, 2]","[0.75, 0.46]","[['D', 'B', 'C', 'A'], ['D', 'C', 'A', 'B']]","{'B': 3, 'D': 3, 'A': 2, 'C': 2}","[1.0, 0.58]",3.95
51,"[4, 5]","[3, 2]","[0.75, 0.46]","[['D', 'B', 'C', 'A'], ['D', 'C', 'B', 'A']]","{'B': 3, 'D': 3, 'A': 2, 'C': 2}","[1.0, 0.58]",3.95
51,"[4, 5]","[3, 2]","[0.75, 0.46]","[['D', 'C', 'A', 'B'], ['B', 'C', 'A', 'D']]","{'B': 3, 'C': 3, 'A': 2, 'D': 2}","[1.0, 0.67]",3.88
51,"[4, 5]","[3, 2]","[0.75, 0.46]","[['D', 'C', 'A', 'B'], ['B', 'C', 'D', 'A']]","{'B': 3, 'C': 3, 'A': 2, 'D': 2}","[1.0, 0.67]",3.88
51,"[4, 5]","[3, 2]","[0.75, 0.46]","[['D', 'C', 'A', 'B'], ['B', 'D', 'A', 'C']]","{'B': 3, 'D': 3, 'A': 2, 'C': 2}","[1.0, 0.58]",3.95
51,"[4, 5]","[3, 2]","[0.75, 0.46]","[['D', 'C', 'A', 'B'], ['B', 'D', 'C', 'A']]","{'B': 3, 'D': 3, 'A': 2, 'C': 2}","[1.0, 0.58]",3.95
51,"[4, 5]","[3, 2]","[0.75, 0.46]","[['D', 'C', 'A', 'B'], ['C', 'B', 'A', 'D']]","{'B': 3, 'C': 3, 'A': 2, 'D': 2}","[1.0, 0.67]",3.88
51,"[4, 5]","[3, 2]","[0.75, 0.46]","[['D', 'C', 'A', 'B'], ['C', 'B', 'D', 'A']]","{'B': 3, 'C': 3, 'A': 2, 'D': 2}","[1.0, 0.67]",3.88
51,"[4, 5]","[3, 2]","[0.75, 0.46]","[['D', 'C', 'A', 'B'], ['D', 'B', 'A', 'C']]","{'B': 3, 'D': 3, 'A': 2, 'C': 2}","[1.0, 0.58]",3.95
51,"[4, 5]","[3, 2]","[0.75, 0.46]","[['D', 'C', 'A', 'B'], ['D', 'B', 'C', 'A']]","{'B': 3, 'D': 3, 'A': 2, 'C': 2}","[1.0, 0.58]",3.95
51,"[4, 5]","[3, 2]","[0.75, 0.46]","[['D', 'C', 'B', 'A'], ['B', 'C', 'A', 'D']]","{'B': 3, 'C': 3, 'A': 2, 'D': 2}","[1.0, 0.67]",3.88
51,"[4, 5]","[3, 2]","[0.75, 0.46]","[['D', 'C', 'B', 'A'], ['B', 'C', 'D', 'A']]","{'B': 3, 'C': 3, 'A': 2, 'D': 2}","[1.0, 0.67]",3.88
51,"[4, 5]","[3, 2]","[0.75, 0.46]","[['D', 'C', 'B', 'A'], ['B', 'D', 'A', 'C']]","{'B': 3, 'D': 3, 'A': 2, 'C': 2}","[1.0, 0.58]",3.95
51,"[4, 5]","[3, 2]","[0.75, 0.46]","[['D', 'C', 'B', 'A'], ['B', 'D', 'C', 'A']]","{'B': 3, 'D': 3, 'A': 2, 'C': 2}","[1.0, 0.58]",3.95
51,"[4, 5]","[3, 2]","[0.75, 0.46]","[['D', 'C', 'B', 'A'], ['C', 'B', 'A', 'D']]","{'B': 3, 'C': 3, 'A': 2, 'D': 2}","[1.0, 0.67]",3.88
51,"[4, 5]","[3, 2]","[0.75, 0.46]","[['D', 'C', 'B', 'A'], ['C', 'B', 'D', 'A']]","{'B': 3, 'C': 3, 'A': 2, 'D': 2}","[1.0, 0.67]",3.88
51,"[4, 5]","[3, 2]","[0.75, 0.46]","[['D', 'C', 'B', 'A'], ['D', 'B', 'A', 'C']]","{'B': 3, 'D': 3, 'A': 2, 'C': 2}","[1.0, 0.58]",3.95
51,"[4, 5]","[3, 2]","[0.75, 0.46]","[['D', 'C', 'B', 'A'], ['D', 'B', 'C', 'A']]","{'B': 3, 'D': 3, 'A': 2, 'C': 2}","[1.0, 0.58]",3.95
51,"[1, 3, 4]","[3, 2, 3]","[0.58, 0.58, 0.75]","[['A', 'B', 'C', 'D'], ['A', 'B', 'C', 'D'], ['B', 'D', 'A', 'C']]","{'B': 4, 'A': 3, 'D': 2, 'C': 1}","[1.0, 0.75, 1.0]",3.96
51,"[1, 3, 4]","[3, 2, 3]","[0.58, 0.58, 0.75]","[['A', 'B', 'C', 'D'], ['A', 'B', 'C', 'D'], ['B', 'D', 'C', 'A']]","{'B': 4, 'A': 3, 'D': 2, 'C': 1}","[1.0, 0.75, 1.0]",3.96
51,"[1, 3, 4]","[3, 2, 3]","[0.58, 0.58, 0.75]","[['A', 'B', 'C', 'D'], ['A', 'B', 'C', 'D'], ['D', 'B', 'A', 'C']]","{'B': 4, 'A': 3, 'D': 2, 'C': 1}","[1.0, 0.75, 1.0]",3.96
51,"[1, 3, 4]","[3, 2, 3]","[0.58, 0.58, 0.75]","[['A', 'B', 'C', 'D'], ['A', 'B', 'C', 'D'], ['D', 'B', 'C', 'A']]","{'B': 4, 'A': 3, 'D': 2, 'C': 1}","[1.0, 0.75, 1.0]",3.96
51,"[1, 3, 4]","[3, 2, 3]","[0.58, 0.58, 0.75]","[['A', 'B', 'C', 'D'], ['A', 'B', 'D', 'C'], ['B', 'D', 'A', 'C']]","{'B': 4, 'A': 3, 'D': 2, 'C': 1}","[1.0, 0.75, 1.0]",3.96
51,"[1, 3, 4]","[3, 2, 3]","[0.58, 0.58, 0.75]","[['A', 'B', 'C', 'D'], ['A', 'B', 'D', 'C'], ['B', 'D', 'C', 'A']]","{'B': 4, 'A': 3, 'D': 2, 'C': 1}","[1.0, 0.75, 1.0]",3.96
51,"[1, 3, 4]","[3, 2, 3]","[0.58, 0.58, 0.75]","[['A', 'B', 'C', 'D'], ['A', 'B', 'D', 'C'], ['D', 'B', 'A', 'C']]","{'B': 4, 'A': 3, 'D': 2, 'C': 1}","[1.0, 0.75, 1.0]",3.96
51,"[1, 3, 4]","[3, 2, 3]","[0.58, 0.58, 0.75]","[['A', 'B', 'C', 'D'], ['A', 'B', 'D', 'C'], ['D', 'B', 'C', 'A']]","{'B': 4, 'A': 3, 'D': 2, 'C': 1}","[1.0, 0.75, 1.0]",3.96
51,"[1, 3, 4]","[3, 2, 3]","[0.58, 0.58, 0.75]","[['A', 'B', 'C', 'D'], ['B', 'A', 'C', 'D'], ['B', 'D', 'A', 'C']]","{'B': 4, 'A': 3, 'D': 2, 'C': 1}","[1.0, 0.75, 1.0]",3.96
51,"[1, 3, 4]","[3, 2, 3]","[0.58, 0.58, 0.75]","[['A', 'B', 'C', 'D'], ['B', 'A', 'C', 'D'], ['B', 'D', 'C', 'A']]","{'B': 4, 'A': 3, 'D': 2, 'C': 1}","[1.0, 0.75, 1.0]",3.96
51,"[1, 3, 4]","[3, 2, 3]","[0.58, 0.58, 0.75]","[['A', 'B', 'C', 'D'], ['B', 'A', 'C', 'D'], ['D', 'B', 'A', 'C']]","{'B': 4, 'A': 3, 'D': 2, 'C': 1}","[1.0, 0.75, 1.0]",3.96
51,"[1, 3, 4]","[3, 2, 3]","[0.58, 0.58, 0.75]","[['A', 'B', 'C', 'D'], ['B', 'A', 'C', 'D'], ['D', 'B', 'C', 'A']]","{'B': 4, 'A': 3, 'D': 2, 'C': 1}","[1.0, 0.75, 1.0]",3.96
51,"[1, 3, 4]","[3, 2, 3]","[0.58, 0.58, 0.75]","[['A', 'B', 'C', 'D'], ['B', 'A', 'D', 'C'], ['B', 'D', 'A', 'C']]","{'B': 4, 'A': 3, 'D': 2, 'C': 1}","[1.0, 0.75, 1.0]",3.96
51,"[1, 3, 4]","[3, 2, 3]","[0.58, 0.58, 0.75]","[['A', 'B', 'C', 'D'], ['B', 'A', 'D', 'C'], ['B', 'D', 'C', 'A']]","{'B': 4, 'A': 3, 'D': 2, 'C': 1}","[1.0, 0.75, 1.0]",3.96
51,"[1, 3, 4]","[3, 2, 3]","[0.58, 0.58, 0.75]","[['A', 'B', 'C', 'D'], ['B', 'A', 'D', 'C'], ['D', 'B', 'A', 'C']]","{'B': 4, 'A': 3, 'D': 2, 'C': 1}","[1.0, 0.75, 1.0]",3.96
51,"[1, 3, 4]","[3, 2, 3]","[0.58, 0.58, 0.75]","[['A', 'B', 'C', 'D'], ['B', 'A', 'D', 'C'], ['D', 'B', 'C', 'A']]","{'B': 4, 'A': 3, 'D': 2, 'C': 1}","[1.0, 0.75, 1.0]",3.96
51,"[1, 3, 4]","[3, 2, 3]","[0.58, 0.58, 0.75]","[['A', 'B', 'C', 'D'], ['B', 'D', 'A', 'C'], ['A', 'B', 'C', 'D']]","{'B': 4, 'A': 3, 'D': 2, 'C': 1}","[1.0, 0.75, 1.0]",3.96
51,"[1, 3, 4]","[3, 2, 3]","[0.58, 0.58, 0.75]","[['A', 'B', 'C', 'D'], ['B', 'D', 'A', 'C'], ['A', 'B', 'D', 'C']]","{'B': 4, 'A': 3, 'D': 2, 'C': 1}","[1.0, 0.75, 1.0]",3.96
51,"[1, 3, 4]","[3, 2, 3]","[0.58, 0.58, 0.75]","[['A', 'B', 'C', 'D'], ['B', 'D', 'A', 'C'], ['B', 'A', 'C', 'D']]","{'B': 4, 'A': 3, 'D': 2, 'C': 1}","[1.0, 0.75, 1.0]",3.96
51,"[1, 3, 4]","[3, 2, 3]","[0.58, 0.58, 0.75]","[['A', 'B', 'C', 'D'], ['B', 'D', 'A', 'C'], ['B', 'A', 'D', 'C']]","{'B': 4, 'A': 3, 'D': 2, 'C': 1}","[1.0, 0.75, 1.0]",3.96
51,"[1, 3, 4]","[3, 2, 3]","[0.58, 0.58, 0.75]","[['A', 'B', 'C', 'D'], ['B', 'D', 'A', 'C'], ['B', 'D', 'A', 'C']]","{'B': 4, 'D': 3, 'A': 2, 'C': 1}","[1.0, 0.79, 1.0]",3.95
51,"[1, 3, 4]","[3, 2, 3]","[0.58, 0.58, 0.75]","[['A', 'B', 'C', 'D'], ['B', 'D', 'A', 'C'], ['B', 'D', 'C', 'A']]","{'B': 4, 'D': 3, 'A': 2, 'C': 1}","[1.0, 0.79, 1.0]",3.95
51,"[1, 3, 4]","[3, 2, 3]","[0.58, 0.58, 0.75]","[['A', 'B', 'C', 'D'], ['B', 'D', 'A', 'C'], ['C', 'D', 'A', 'B']]","{'B': 3, 'D': 3, 'A': 2, 'C': 2}","[1.0, 0.79, 1.0]",3.95
51,"[1, 3, 4]","[3, 2, 3]","[0.58, 0.58, 0.75]","[['A', 'B', 'C', 'D'], ['B', 'D', 'A', 'C'], ['C', 'D', 'B', 'A']]","{'B': 3, 'D': 3, 'A': 2, 'C': 2}","[1.0, 0.79, 1.0]",3.95
51,"[1, 3, 4]","[3, 2, 3]","[0.58, 0.58, 0.75]","[['A', 'B', 'C', 'D'], ['B', 'D', 'A', 'C'], ['D', 'B', 'A', 'C']]","{'B': 4, 'D': 3, 'A': 2, 'C': 1}","[1.0, 0.79, 1.0]",3.95
51,"[1, 3, 4]","[3, 2, 3]","[0.58, 0.58, 0.75]","[['A', 'B', 'C', 'D'], ['B', 'D', 'A', 'C'], ['D', 'B', 'C', 'A']]","{'B': 4, 'D': 3, 'A': 2, 'C': 1}","[1.0, 0.79, 1.0]",3.95
51,"[1, 3, 4]","[3, 2, 3]","[0.58, 0.58, 0.75]","[['A', 'B', 'C', 'D'], ['B', 'D', 'A', 'C'], ['D', 'C', 'A', 'B']]","{'B': 3, 'D': 3, 'A': 2, 'C': 2}","[1.0, 0.79, 1.0]",3.95
51,"[1, 3, 4]","[3, 2, 3]","[0.58, 0.58, 0.75]","[['A', 'B', 'C', 'D'], ['B', 'D', 'A', 'C'], ['D', 'C', 'B', 'A']]","{'B': 3, 'D': 3, 'A': 2, 'C': 2}","[1.0, 0.79, 1.0]",3.95
51,"[1, 3, 4]","[3, 2, 3]","[0.58, 0.58, 0.75]","[['A', 'B', 'C', 'D'], ['B', 'D', 'C', 'A'], ['A', 'B', 'C', 'D']]","{'B': 4, 'A': 3, 'D': 2, 'C': 1}","[1.0, 0.75, 1.0]",3.96
51,"[1, 3, 4]","[3, 2, 3]","[0.58, 0.58, 0.75]","[['A', 'B', 'C', 'D'], ['B', 'D', 'C', 'A'], ['A', 'B', 'D', 'C']]","{'B': 4, 'A': 3, 'D': 2, 'C': 1}","[1.0, 0.75, 1.0]",3.96
51,"[1, 3, 4]","[3, 2, 3]","[0.58, 0.58, 0.75]","[['A', 'B', 'C', 'D'], ['B', 'D', 'C', 'A'], ['B', 'A', 'C', 'D']]","{'B': 4, 'A': 3, 'D': 2, 'C': 1}","[1.0, 0.75, 1.0]",3.96
51,"[1, 3, 4]","[3, 2, 3]","[0.58, 0.58, 0.75]","[['A', 'B', 'C', 'D'], ['B', 'D', 'C', 'A'], ['B', 'A', 'D', 'C']]","{'B': 4, 'A': 3, 'D': 2, 'C': 1}","[1.0, 0.75, 1.0]",3.96
51,"[1, 3, 4]","[3, 2, 3]","[0.58, 0.58, 0.75]","[['A', 'B', 'C', 'D'], ['B', 'D', 'C', 'A'], ['B', 'D', 'A', 'C']]","{'B': 4, 'D': 3, 'A': 2, 'C': 1}","[1.0, 0.79, 1.0]",3.95
51,"[1, 3, 4]","[3, 2, 3]","[0.58, 0.58, 0.75]","[['A', 'B', 'C', 'D'], ['B', 'D', 'C', 'A'], ['B', 'D', 'C', 'A']]","{'B': 4, 'D': 3, 'A': 2, 'C': 1}","[1.0, 0.79, 1.0]",3.95
51,"[1, 3, 4]","[3, 2, 3]","[0.58, 0.58, 0.75]","[['A', 'B', 'C', 'D'], ['B', 'D', 'C', 'A'], ['C', 'D', 'A', 'B']]","{'B': 3, 'D': 3, 'A': 2, 'C': 2}","[1.0, 0.79, 1.0]",3.95
51,"[1, 3, 4]","[3, 2, 3]","[0.58, 0.58, 0.75]","[['A', 'B', 'C', 'D'], ['B', 'D', 'C', 'A'], ['C', 'D', 'B', 'A']]","{'B': 3, 'D': 3, 'A': 2, 'C': 2}","[1.0, 0.79, 1.0]",3.95
51,"[1, 3, 4]","[3, 2, 3]","[0.58, 0.58, 0.75]","[['A', 'B', 'C', 'D'], ['B', 'D', 'C', 'A'], ['D', 'B', 'A', 'C']]","{'B': 4, 'D': 3, 'A': 2, 'C': 1}","[1.0, 0.79, 1.0]",3.95
51,"[1, 3, 4]","[3, 2, 3]","[0.58, 0.58, 0.75]","[['A', 'B', 'C', 'D'], ['B', 'D', 'C', 'A'], ['D', 'B', 'C', 'A']]","{'B': 4, 'D': 3, 'A': 2, 'C': 1}","[1.0, 0.79, 1.0]",3.95
51,"[1, 3, 4]","[3, 2, 3]","[0.58, 0.58, 0.75]","[['A', 'B', 'C', 'D'], ['B', 'D', 'C', 'A'], ['D', 'C', 'A', 'B']]","{'B': 3, 'D': 3, 'A': 2, 'C': 2}","[1.0, 0.79, 1.0]",3.95
51,"[1, 3, 4]","[3, 2, 3]","[0.58, 0.58, 0.75]","[['A', 'B', 'C', 'D'], ['B', 'D', 'C', 'A'], ['D', 'C', 'B', 'A']]","{'B': 3, 'D': 3, 'A': 2, 'C': 2}","[1.0, 0.79, 1.0]",3.95
51,"[1, 3, 4]","[3, 2, 3]","[0.58, 0.58, 0.75]","[['A', 'B', 'C', 'D'], ['C', 'D', 'A', 'B'], ['B', 'D', 'A', 'C']]","{'B': 3, 'D': 3, 'A': 2, 'C': 2}","[1.0, 0.79, 1.0]",3.95
51,"[1, 3, 4]","[3, 2, 3]","[0.58, 0.58, 0.75]","[['A', 'B', 'C', 'D'], ['C', 'D', 'A', 'B'], ['B', 'D', 'C', 'A']]","{'B': 3, 'D': 3, 'A': 2, 'C': 2}","[1.0, 0.79, 1.0]",3.95
51,"[1, 3, 4]","[3, 2, 3]","[0.58, 0.58, 0.75]","[['A', 'B', 'C', 'D'], ['C', 'D', 'A', 'B'], ['D', 'B', 'A', 'C']]","{'B': 3, 'D': 3, 'A': 2, 'C': 2}","[1.0, 0.79, 1.0]",3.95
51,"[1, 3, 4]","[3, 2, 3]","[0.58, 0.58, 0.75]","[['A', 'B', 'C', 'D'], ['C', 'D', 'A', 'B'], ['D', 'B', 'C', 'A']]","{'B': 3, 'D': 3, 'A': 2, 'C': 2}","[1.0, 0.79, 1.0]",3.95
51,"[1, 3, 4]","[3, 2, 3]","[0.58, 0.58, 0.75]","[['A', 'B', 'C', 'D'], ['C', 'D', 'B', 'A'], ['B', 'D', 'A', 'C']]","{'B': 3, 'D': 3, 'A': 2, 'C': 2}","[1.0, 0.79, 1.0]",3.95
51,"[1, 3, 4]","[3, 2, 3]","[0.58, 0.58, 0.75]","[['A', 'B', 'C', 'D'], ['C', 'D', 'B', 'A'], ['B', 'D', 'C', 'A']]","{'B': 3, 'D': 3, 'A': 2, 'C': 2}","[1.0, 0.79, 1.0]",3.95
51,"[1, 3, 4]","[3, 2, 3]","[0.58, 0.58, 0.75]","[['A', 'B', 'C', 'D'], ['C', 'D', 'B', 'A'], ['D', 'B', 'A', 'C']]","{'B': 3, 'D': 3, 'A': 2, 'C': 2}","[1.0, 0.79, 1.0]",3.95
51,"[1, 3, 4]","[3, 2, 3]","[0.58, 0.58, 0.75]","[['A', 'B', 'C', 'D'], ['C', 'D', 'B', 'A'], ['D', 'B', 'C', 'A']]","{'B': 3, 'D': 3, 'A': 2, 'C': 2}","[1.0, 0.79, 1.0]",3.95
51,"[1, 3, 4]","[3, 2, 3]","[0.58, 0.58, 0.75]","[['A', 'B', 'C', 'D'], ['D', 'B', 'A', 'C'], ['A', 'B', 'C', 'D']]","{'B': 4, 'A': 3, 'D': 2, 'C': 1}","[1.0, 0.75, 1.0]",3.96
51,"[1, 3, 4]","[3, 2, 3]","[0.58, 0.58, 0.75]","[['A', 'B', 'C', 'D'], ['D', 'B', 'A', 'C'], ['A', 'B', 'D', 'C']]","{'B': 4, 'A': 3, 'D': 2, 'C': 1}","[1.0, 0.75, 1.0]",3.96
51,"[1, 3, 4]","[3, 2, 3]","[0.58, 0.58, 0.75]","[['A', 'B', 'C', 'D'], ['D', 'B', 'A', 'C'], ['B', 'A', 'C', 'D']]","{'B': 4, 'A': 3, 'D': 2, 'C': 1}","[1.0, 0.75, 1.0]",3.96
51,"[1, 3, 4]","[3, 2, 3]","[0.58, 0.58, 0.75]","[['A', 'B', 'C', 'D'], ['D', 'B', 'A', 'C'], ['B', 'A', 'D', 'C']]","{'B': 4, 'A': 3, 'D': 2, 'C': 1}","[1.0, 0.75, 1.0]",3.96
51,"[1, 3, 4]","[3, 2, 3]","[0.58, 0.58, 0.75]","[['A', 'B', 'C', 'D'], ['D', 'B', 'A', 'C'], ['B', 'D', 'A', 'C']]","{'B': 4, 'D': 3, 'A': 2, 'C': 1}","[1.0, 0.79, 1.0]",3.95
51,"[1, 3, 4]","[3, 2, 3]","[0.58, 0.58, 0.75]","[['A', 'B', 'C', 'D'], ['D', 'B', 'A', 'C'], ['B', 'D', 'C', 'A']]","{'B': 4, 'D': 3, 'A': 2, 'C': 1}","[1.0, 0.79, 1.0]",3.95
51,"[1, 3, 4]","[3, 2, 3]","[0.58, 0.58, 0.75]","[['A', 'B', 'C', 'D'], ['D', 'B', 'A', 'C'], ['C', 'D', 'A', 'B']]","{'B': 3, 'D': 3, 'A': 2, 'C': 2}","[1.0, 0.79, 1.0]",3.95
51,"[1, 3, 4]","[3, 2, 3]","[0.58, 0.58, 0.75]","[['A', 'B', 'C', 'D'], ['D', 'B', 'A', 'C'], ['C', 'D', 'B', 'A']]","{'B': 3, 'D': 3, 'A': 2, 'C': 2}","[1.0, 0.79, 1.0]",3.95
51,"[1, 3, 4]","[3, 2, 3]","[0.58, 0.58, 0.75]","[['A', 'B', 'C', 'D'], ['D', 'B', 'A', 'C'], ['D', 'B', 'A', 'C']]","{'B': 4, 'D': 3, 'A': 2, 'C': 1}","[1.0, 0.79, 1.0]",3.95
51,"[1, 3, 4]","[3, 2, 3]","[0.58, 0.58, 0.75]","[['A', 'B', 'C', 'D'], ['D', 'B', 'A', 'C'], ['D', 'B', 'C', 'A']]","{'B': 4, 'D': 3, 'A': 2, 'C': 1}","[1.0, 0.79, 1.0]",3.95
51,"[1, 3, 4]","[3, 2, 3]","[0.58, 0.58, 0.75]","[['A', 'B', 'C', 'D'], ['D', 'B', 'A', 'C'], ['D', 'C', 'A', 'B']]","{'B': 3, 'D': 3, 'A': 2, 'C': 2}","[1.0, 0.79, 1.0]",3.95
51,"[1, 3, 4]","[3, 2, 3]","[0.58, 0.58, 0.75]","[['A', 'B', 'C', 'D'], ['D', 'B', 'A', 'C'], ['D', 'C', 'B', 'A']]","{'B': 3, 'D': 3, 'A': 2, 'C': 2}","[1.0, 0.79, 1.0]",3.95
51,"[1, 3, 4]","[3, 2, 3]","[0.58, 0.58, 0.75]","[['A', 'B', 'C', 'D'], ['D', 'B', 'C', 'A'], ['A', 'B', 'C', 'D']]","{'B': 4, 'A': 3, 'D': 2, 'C': 1}","[1.0, 0.75, 1.0]",3.96
51,"[1, 3, 4]","[3, 2, 3]","[0.58, 0.58, 0.75]","[['A', 'B', 'C', 'D'], ['D', 'B', 'C', 'A'], ['A', 'B', 'D', 'C']]","{'B': 4, 'A': 3, 'D': 2, 'C': 1}","[1.0, 0.75, 1.0]",3.96
51,"[1, 3, 4]","[3, 2, 3]","[0.58, 0.58, 0.75]","[['A', 'B', 'C', 'D'], ['D', 'B', 'C', 'A'], ['B', 'A', 'C', 'D']]","{'B': 4, 'A': 3, 'D': 2, 'C': 1}","[1.0, 0.75, 1.0]",3.96
51,"[1, 3, 4]","[3, 2, 3]","[0.58, 0.58, 0.75]","[['A', 'B', 'C', 'D'], ['D', 'B', 'C', 'A'], ['B', 'A', 'D', 'C']]","{'B': 4, 'A': 3, 'D': 2, 'C': 1}","[1.0, 0.75, 1.0]",3.96
51,"[1, 3, 4]","[3, 2, 3]","[0.58, 0.58, 0.75]","[['A', 'B', 'C', 'D'], ['D', 'B', 'C', 'A'], ['B', 'D', 'A', 'C']]","{'B': 4, 'D': 3, 'A': 2, 'C': 1}","[1.0, 0.79, 1.0]",3.95
51,"[1, 3, 4]","[3, 2, 3]","[0.58, 0.58, 0.75]","[['A', 'B', 'C', 'D'], ['D', 'B', 'C', 'A'], ['B', 'D', 'C', 'A']]","{'B': 4, 'D': 3, 'A': 2, 'C': 1}","[1.0, 0.79, 1.0]",3.95
51,"[1, 3, 4]","[3, 2, 3]","[0.58, 0.58, 0.75]","[['A', 'B', 'C', 'D'], ['D', 'B', 'C', 'A'], ['C', 'D', 'A', 'B']]","{'B': 3, 'D': 3, 'A': 2, 'C': 2}","[1.0, 0.79, 1.0]",3.95
51,"[1, 3, 4]","[3, 2, 3]","[0.58, 0.58, 0.75]","[['A', 'B', 'C', 'D'], ['D', 'B', 'C', 'A'], ['C', 'D', 'B', 'A']]","{'B': 3, 'D': 3, 'A': 2, 'C': 2}","[1.0, 0.79, 1.0]",3.95
51,"[1, 3, 4]","[3, 2, 3]","[0.58, 0.58, 0.75]","[['A', 'B', 'C', 'D'], ['D', 'B', 'C', 'A'], ['D', 'B', 'A', 'C']]","{'B': 4, 'D': 3, 'A': 2, 'C': 1}","[1.0, 0.79, 1.0]",3.95
51,"[1, 3, 4]","[3, 2, 3]","[0.58, 0.58, 0.75]","[['A', 'B', 'C', 'D'], ['D', 'B', 'C', 'A'], ['D', 'B', 'C', 'A']]","{'B': 4, 'D': 3, 'A': 2, 'C': 1}","[1.0, 0.79, 1.0]",3.95
51,"[1, 3, 4]","[3, 2, 3]","[0.58, 0.58, 0.75]","[['A', 'B', 'C', 'D'], ['D', 'B', 'C', 'A'], ['D', 'C', 'A', 'B']]","{'B': 3, 'D': 3, 'A': 2, 'C': 2}","[1.0, 0.79, 1.0]",3.95
51,"[1, 3, 4]","[3, 2, 3]","[0.58, 0.58, 0.75]","[['A', 'B', 'C', 'D'], ['D', 'B', 'C', 'A'], ['D', 'C', 'B', 'A']]","{'B': 3, 'D': 3, 'A': 2, 'C': 2}","[1.0, 0.79, 1.0]",3.95
51,"[1, 3, 4]","[3, 2, 3]","[0.58, 0.58, 0.75]","[['A', 'B', 'C', 'D'], ['D', 'C', 'A', 'B'], ['B', 'D', 'A', 'C']]","{'B': 3, 'D': 3, 'A': 2, 'C': 2}","[1.0, 0.79, 1.0]",3.95
51,"[1, 3, 4]","[3, 2, 3]","[0.58, 0.58, 0.75]","[['A', 'B', 'C', 'D'], ['D', 'C', 'A', 'B'], ['B', 'D', 'C', 'A']]","{'B': 3, 'D': 3, 'A': 2, 'C': 2}","[1.0, 0.79, 1.0]",3.95
51,"[1, 3, 4]","[3, 2, 3]","[0.58, 0.58, 0.75]","[['A', 'B', 'C', 'D'], ['D', 'C', 'A', 'B'], ['D', 'B', 'A', 'C']]","{'B': 3, 'D': 3, 'A': 2, 'C': 2}","[1.0, 0.79, 1.0]",3.95
51,"[1, 3, 4]","[3, 2, 3]","[0.58, 0.58, 0.75]","[['A', 'B', 'C', 'D'], ['D', 'C', 'A', 'B'], ['D', 'B', 'C', 'A']]","{'B': 3, 'D': 3, 'A': 2, 'C': 2}","[1.0, 0.79, 1.0]",3.95
51,"[1, 3, 4]","[3, 2, 3]","[0.58, 0.58, 0.75]","[['A', 'B', 'C', 'D'], ['D', 'C', 'B', 'A'], ['B', 'D', 'A', 'C']]","{'B': 3, 'D': 3, 'A': 2, 'C': 2}","[1.0, 0.79, 1.0]",3.95
51,"[1, 3, 4]","[3, 2, 3]","[0.58, 0.58, 0.75]","[['A', 'B', 'C', 'D'], ['D', 'C', 'B', 'A'], ['B', 'D', 'C', 'A']]","{'B': 3, 'D': 3, 'A': 2, 'C': 2}","[1.0, 0.79, 1.0]",3.95
51,"[1, 3, 4]","[3, 2, 3]","[0.58, 0.58, 0.75]","[['A', 'B', 'C', 'D'], ['D', 'C', 'B', 'A'], ['D', 'B', 'A', 'C']]","{'B': 3, 'D': 3, 'A': 2, 'C': 2}","[1.0, 0.79, 1.0]",3.95
51,"[1, 3, 4]","[3, 2, 3]","[0.58, 0.58, 0.75]","[['A', 'B', 'C', 'D'], ['D', 'C', 'B', 'A'], ['D', 'B', 'C', 'A']]","{'B': 3, 'D': 3, 'A': 2, 'C': 2}","[1.0, 0.79, 1.0]",3.95
51,"[1, 3, 4]","[3, 2, 3]","[0.58, 0.58, 0.75]","[['A', 'B', 'D', 'C'], ['A', 'B', 'C', 'D'], ['B', 'D', 'A', 'C']]","{'B': 4, 'A': 3, 'D': 2, 'C': 1}","[1.0, 0.75, 1.0]",3.96
51,"[1, 3, 4]","[3, 2, 3]","[0.58, 0.58, 0.75]","[['A', 'B', 'D', 'C'], ['A', 'B', 'C', 'D'], ['B', 'D', 'C', 'A']]","{'B': 4, 'A': 3, 'D': 2, 'C': 1}","[1.0, 0.75, 1.0]",3.96
51,"[1, 3, 4]","[3, 2, 3]","[0.58, 0.58, 0.75]","[['A', 'B', 'D', 'C'], ['A', 'B', 'C', 'D'], ['D', 'B', 'A', 'C']]","{'B': 4, 'A': 3, 'D': 2, 'C': 1}","[1.0, 0.75, 1.0]",3.96
51,"[1, 3, 4]","[3, 2, 3]","[0.58, 0.58, 0.75]","[['A', 'B', 'D', 'C'], ['A', 'B', 'C', 'D'], ['D', 'B', 'C', 'A']]","{'B': 4, 'A': 3, 'D': 2, 'C': 1}","[1.0, 0.75, 1.0]",3.96
51,"[1, 3, 4]","[3, 2, 3]","[0.58, 0.58, 0.75]","[['A', 'B', 'D', 'C'], ['A', 'B', 'D', 'C'], ['B', 'D', 'A', 'C']]","{'B': 4, 'A': 3, 'D': 2, 'C': 1}","[1.0, 0.75, 1.0]",3.96
51,"[1, 3, 4]","[3, 2, 3]","[0.58, 0.58, 0.75]","[['A', 'B', 'D', 'C'], ['A', 'B', 'D', 'C'], ['B', 'D', 'C', 'A']]","{'B': 4, 'A': 3, 'D': 2, 'C': 1}","[1.0, 0.75, 1.0]",3.96
51,"[1, 3, 4]","[3, 2, 3]","[0.58, 0.58, 0.75]","[['A', 'B', 'D', 'C'], ['A', 'B', 'D', 'C'], ['D', 'B', 'A', 'C']]","{'B': 4, 'A': 3, 'D': 2, 'C': 1}","[1.0, 0.75, 1.0]",3.96
51,"[1, 3, 4]","[3, 2, 3]","[0.58, 0.58, 0.75]","[['A', 'B', 'D', 'C'], ['A', 'B', 'D', 'C'], ['D', 'B', 'C', 'A']]","{'B': 4, 'A': 3, 'D': 2, 'C': 1}","[1.0, 0.75, 1.0]",3.96
51,"[1, 3, 4]","[3, 2, 3]","[0.58, 0.58, 0.75]","[['A', 'B', 'D', 'C'], ['B', 'A', 'C', 'D'], ['B', 'D', 'A', 'C']]","{'B': 4, 'A': 3, 'D': 2, 'C': 1}","[1.0, 0.75, 1.0]",3.96
51,"[1, 3, 4]","[3, 2, 3]","[0.58, 0.58, 0.75]","[['A', 'B', 'D', 'C'], ['B', 'A', 'C', 'D'], ['B', 'D', 'C', 'A']]","{'B': 4, 'A': 3, 'D': 2, 'C': 1}","[1.0, 0.75, 1.0]",3.96
51,"[1, 3, 4]","[3, 2, 3]","[0.58, 0.58, 0.75]","[['A', 'B', 'D', 'C'], ['B', 'A', 'C', 'D'], ['D', 'B', 'A', 'C']]","{'B': 4, 'A': 3, 'D': 2, 'C': 1}","[1.0, 0.75, 1.0]",3.96
51,"[1, 3, 4]","[3, 2, 3]","[0.58, 0.58, 0.75]","[['A', 'B', 'D', 'C'], ['B', 'A', 'C', 'D'], ['D', 'B', 'C', 'A']]","{'B': 4, 'A': 3, 'D': 2, 'C': 1}","[1.0, 0.75, 1.0]",3.96
51,"[1, 3, 4]","[3, 2, 3]","[0.58, 0.58, 0.75]","[['A', 'B', 'D', 'C'], ['B', 'A', 'D', 'C'], ['B', 'D', 'A', 'C']]","{'B': 4, 'A': 3, 'D': 2, 'C': 1}","[1.0, 0.75, 1.0]",3.96
51,"[1, 3, 4]","[3, 2, 3]","[0.58, 0.58, 0.75]","[['A', 'B', 'D', 'C'], ['B', 'A', 'D', 'C'], ['B', 'D', 'C', 'A']]","{'B': 4, 'A': 3, 'D': 2, 'C': 1}","[1.0, 0.75, 1.0]",3.96
51,"[1, 3, 4]","[3, 2, 3]","[0.58, 0.58, 0.75]","[['A', 'B', 'D', 'C'], ['B', 'A', 'D', 'C'], ['D', 'B', 'A', 'C']]","{'B': 4, 'A': 3, 'D': 2, 'C': 1}","[1.0, 0.75, 1.0]",3.96
51,"[1, 3, 4]","[3, 2, 3]","[0.58, 0.58, 0.75]","[['A', 'B', 'D', 'C'], ['B', 'A', 'D', 'C'], ['D', 'B', 'C', 'A']]","{'B': 4, 'A': 3, 'D': 2, 'C': 1}","[1.0, 0.75, 1.0]",3.96
51,"[1, 3, 4]","[3, 2, 3]","[0.58, 0.58, 0.75]","[['A', 'B', 'D', 'C'], ['B', 'D', 'A', 'C'], ['A', 'B', 'C', 'D']]","{'B': 4, 'A': 3, 'D': 2, 'C': 1}","[1.0, 0.75, 1.0]",3.96
51,"[1, 3, 4]","[3, 2, 3]","[0.58, 0.58, 0.75]","[['A', 'B', 'D', 'C'], ['B', 'D', 'A', 'C'], ['A', 'B', 'D', 'C']]","{'B': 4, 'A': 3, 'D': 2, 'C': 1}","[1.0, 0.75, 1.0]",3.96
51,"[1, 3, 4]","[3, 2, 3]","[0.58, 0.58, 0.75]","[['A', 'B', 'D', 'C'], ['B', 'D', 'A', 'C'], ['B', 'A', 'C', 'D']]","{'B': 4, 'A': 3, 'D': 2, 'C': 1}","[1.0, 0.75, 1.0]",3.96
51,"[1, 3, 4]","[3, 2, 3]","[0.58, 0.58, 0.75]","[['A', 'B', 'D', 'C'], ['B', 'D', 'A', 'C'], ['B', 'A', 'D', 'C']]","{'B': 4, 'A': 3, 'D': 2, 'C': 1}","[1.0, 0.75, 1.0]",3.96
51,"[1, 3, 4]","[3, 2, 3]","[0.58, 0.58, 0.75]","[['A', 'B', 'D', 'C'], ['B', 'D', 'A', 'C'], ['B', 'D', 'A', 'C']]","{'B': 4, 'D': 3, 'A': 2, 'C': 1}","[1.0, 0.79, 1.0]",3.95
51,"[1, 3, 4]","[3, 2, 3]","[0.58, 0.58, 0.75]","[['A', 'B', 'D', 'C'], ['B', 'D', 'A', 'C'], ['B', 'D', 'C', 'A']]","{'B': 4, 'D': 3, 'A': 2, 'C': 1}","[1.0, 0.79, 1.0]",3.95
51,"[1, 3, 4]","[3, 2, 3]","[0.58, 0.58, 0.75]","[['A', 'B', 'D', 'C'], ['B', 'D', 'A', 'C'], ['C', 'D', 'A', 'B']]","{'B': 3, 'D': 3, 'A': 2, 'C': 2}","[1.0, 0.79, 1.0]",3.95
51,"[1, 3, 4]","[3, 2, 3]","[0.58, 0.58, 0.75]","[['A', 'B', 'D', 'C'], ['B', 'D', 'A', 'C'], ['C', 'D', 'B', 'A']]","{'B': 3, 'D': 3, 'A': 2, 'C': 2}","[1.0, 0.79, 1.0]",3.95
51,"[1, 3, 4]","[3, 2, 3]","[0.58, 0.58, 0.75]","[['A', 'B', 'D', 'C'], ['B', 'D', 'A', 'C'], ['D', 'B', 'A', 'C']]","{'B': 4, 'D': 3, 'A': 2, 'C': 1}","[1.0, 0.79, 1.0]",3.95
51,"[1, 3, 4]","[3, 2, 3]","[0.58, 0.58, 0.75]","[['A', 'B', 'D', 'C'], ['B', 'D', 'A', 'C'], ['D', 'B', 'C', 'A']]","{'B': 4, 'D': 3, 'A': 2, 'C': 1}","[1.0, 0.79, 1.0]",3.95
51,"[1, 3, 4]","[3, 2, 3]","[0.58, 0.58, 0.75]","[['A', 'B', 'D', 'C'], ['B', 'D', 'A', 'C'], ['D', 'C', 'A', 'B']]","{'B': 3, 'D': 3, 'A': 2, 'C': 2}","[1.0, 0.79, 1.0]",3.95
51,"[1, 3, 4]","[3, 2, 3]","[0.58, 0.58, 0.75]","[['A', 'B', 'D', 'C'], ['B', 'D', 'A', 'C'], ['D', 'C', 'B', 'A']]","{'B': 3, 'D': 3, 'A': 2, 'C': 2}","[1.0, 0.79, 1.0]",3.95
51,"[1, 3, 4]","[3, 2, 3]","[0.58, 0.58, 0.75]","[['A', 'B', 'D', 'C'], ['B', 'D', 'C', 'A'], ['A', 'B', 'C', 'D']]","{'B': 4, 'A': 3, 'D': 2, 'C': 1}","[1.0, 0.75, 1.0]",3.96
51,"[1, 3, 4]","[3, 2, 3]","[0.58, 0.58, 0.75]","[['A', 'B', 'D', 'C'], ['B', 'D', 'C', 'A'], ['A', 'B', 'D', 'C']]","{'B': 4, 'A': 3, 'D': 2, 'C': 1}","[1.0, 0.75, 1.0]",3.96
51,"[1, 3, 4]","[3, 2, 3]","[0.58, 0.58, 0.75]","[['A', 'B', 'D', 'C'], ['B', 'D', 'C', 'A'], ['B', 'A', 'C', 'D']]","{'B': 4, 'A': 3, 'D': 2, 'C': 1}","[1.0, 0.75, 1.0]",3.96
51,"[1, 3, 4]","[3, 2, 3]","[0.58, 0.58, 0.75]","[['A', 'B', 'D', 'C'], ['B', 'D', 'C', 'A'], ['B', 'A', 'D', 'C']]","{'B': 4, 'A': 3, 'D': 2, 'C': 1}","[1.0, 0.75, 1.0]",3.96
51,"[1, 3, 4]","[3, 2, 3]","[0.58, 0.58, 0.75]","[['A', 'B', 'D', 'C'], ['B', 'D', 'C', 'A'], ['B', 'D', 'A', 'C']]","{'B': 4, 'D': 3, 'A': 2, 'C': 1}","[1.0, 0.79, 1.0]",3.95
51,"[1, 3, 4]","[3, 2, 3]","[0.58, 0.58, 0.75]","[['A', 'B', 'D', 'C'], ['B', 'D', 'C', 'A'], ['B', 'D', 'C', 'A']]","{'B': 4, 'D': 3, 'A': 2, 'C': 1}","[1.0, 0.79, 1.0]",3.95
51,"[1, 3, 4]","[3, 2, 3]","[0.58, 0.58, 0.75]","[['A', 'B', 'D', 'C'], ['B', 'D', 'C', 'A'], ['C', 'D', 'A', 'B']]","{'B': 3, 'D': 3, 'A': 2, 'C': 2}","[1.0, 0.79, 1.0]",3.95
51,"[1, 3, 4]","[3, 2, 3]","[0.58, 0.58, 0.75]","[['A', 'B', 'D', 'C'], ['B', 'D', 'C', 'A'], ['C', 'D', 'B', 'A']]","{'B': 3, 'D': 3, 'A': 2, 'C': 2}","[1.0, 0.79, 1.0]",3.95
51,"[1, 3, 4]","[3, 2, 3]","[0.58, 0.58, 0.75]","[['A', 'B', 'D', 'C'], ['B', 'D', 'C', 'A'], ['D', 'B', 'A', 'C']]","{'B': 4, 'D': 3, 'A': 2, 'C': 1}","[1.0, 0.79, 1.0]",3.95
51,"[1, 3, 4]","[3, 2, 3]","[0.58, 0.58, 0.75]","[['A', 'B', 'D', 'C'], ['B', 'D', 'C', 'A'], ['D', 'B', 'C', 'A']]","{'B': 4, 'D': 3, 'A': 2, 'C': 1}","[1.0, 0.79, 1.0]",3.95
51,"[1, 3, 4]","[3, 2, 3]","[0.58, 0.58, 0.75]","[['A', 'B', 'D', 'C'], ['B', 'D', 'C', 'A'], ['D', 'C', 'A', 'B']]","{'B': 3, 'D': 3, 'A': 2, 'C': 2}","[1.0, 0.79, 1.0]",3.95
51,"[1, 3, 4]","[3, 2, 3]","[0.58, 0.58, 0.75]","[['A', 'B', 'D', 'C'], ['B', 'D', 'C', 'A'], ['D', 'C', 'B', 'A']]","{'B': 3, 'D': 3, 'A': 2, 'C': 2}","[1.0, 0.79, 1.0]",3.95
51,"[1, 3, 4]","[3, 2, 3]","[0.58, 0.58, 0.75]","[['A', 'B', 'D', 'C'], ['C', 'D', 'A', 'B'], ['B', 'D', 'A', 'C']]","{'B': 3, 'D': 3, 'A': 2, 'C': 2}","[1.0, 0.79, 1.0]",3.95
51,"[1, 3, 4]","[3, 2, 3]","[0.58, 0.58, 0.75]","[['A', 'B', 'D', 'C'], ['C', 'D', 'A', 'B'], ['B', 'D', 'C', 'A']]","{'B': 3, 'D': 3, 'A': 2, 'C': 2}","[1.0, 0.79, 1.0]",3.95
51,"[1, 3, 4]","[3, 2, 3]","[0.58, 0.58, 0.75]","[['A', 'B', 'D', 'C'], ['C', 'D', 'A', 'B'], ['D', 'B', 'A', 'C']]","{'B': 3, 'D': 3, 'A': 2, 'C': 2}","[1.0, 0.79, 1.0]",3.95
51,"[1, 3, 4]","[3, 2, 3]","[0.58, 0.58, 0.75]","[['A', 'B', 'D', 'C'], ['C', 'D', 'A', 'B'], ['D', 'B', 'C', 'A']]","{'B': 3, 'D': 3, 'A': 2, 'C': 2}","[1.0, 0.79, 1.0]",3.95
51,"[1, 3, 4]","[3, 2, 3]","[0.58, 0.58, 0.75]","[['A', 'B', 'D', 'C'], ['C', 'D', 'B', 'A'], ['B', 'D', 'A', 'C']]","{'B': 3, 'D': 3, 'A': 2, 'C': 2}","[1.0, 0.79, 1.0]",3.95
51,"[1, 3, 4]","[3, 2, 3]","[0.58, 0.58, 0.75]","[['A', 'B', 'D', 'C'], ['C', 'D', 'B', 'A'], ['B', 'D', 'C', 'A']]","{'B': 3, 'D': 3, 'A': 2, 'C': 2}","[1.0, 0.79, 1.0]",3.95
51,"[1, 3, 4]","[3, 2, 3]","[0.58, 0.58, 0.75]","[['A', 'B', 'D', 'C'], ['C', 'D', 'B', 'A'], ['D', 'B', 'A', 'C']]","{'B': 3, 'D': 3, 'A': 2, 'C': 2}","[1.0, 0.79, 1.0]",3.95
51,"[1, 3, 4]","[3, 2, 3]","[0.58, 0.58, 0.75]","[['A', 'B', 'D', 'C'], ['C', 'D', 'B', 'A'], ['D', 'B', 'C', 'A']]","{'B': 3, 'D': 3, 'A': 2, 'C': 2}","[1.0, 0.79, 1.0]",3.95
51,"[1, 3, 4]","[3, 2, 3]","[0.58, 0.58, 0.75]","[['A', 'B', 'D', 'C'], ['D', 'B', 'A', 'C'], ['A', 'B', 'C', 'D']]","{'B': 4, 'A': 3, 'D': 2, 'C': 1}","[1.0, 0.75, 1.0]",3.96
51,"[1, 3, 4]","[3, 2, 3]","[0.58, 0.58, 0.75]","[['A', 'B', 'D', 'C'], ['D', 'B', 'A', 'C'], ['A', 'B', 'D', 'C']]","{'B': 4, 'A': 3, 'D': 2, 'C': 1}","[1.0, 0.75, 1.0]",3.96
51,"[1, 3, 4]","[3, 2, 3]","[0.58, 0.58, 0.75]","[['A', 'B', 'D', 'C'], ['D', 'B', 'A', 'C'], ['B', 'A', 'C', 'D']]","{'B': 4, 'A': 3, 'D': 2, 'C': 1}","[1.0, 0.75, 1.0]",3.96
51,"[1, 3, 4]","[3, 2, 3]","[0.58, 0.58, 0.75]","[['A', 'B', 'D', 'C'], ['D', 'B', 'A', 'C'], ['B', 'A', 'D', 'C']]","{'B': 4, 'A': 3, 'D': 2, 'C': 1}","[1.0, 0.75, 1.0]",3.96
51,"[1, 3, 4]","[3, 2, 3]","[0.58, 0.58, 0.75]","[['A', 'B', 'D', 'C'], ['D', 'B', 'A', 'C'], ['B', 'D', 'A', 'C']]","{'B': 4, 'D': 3, 'A': 2, 'C': 1}","[1.0, 0.79, 1.0]",3.95
51,"[1, 3, 4]","[3, 2, 3]","[0.58, 0.58, 0.75]","[['A', 'B', 'D', 'C'], ['D', 'B', 'A', 'C'], ['B', 'D', 'C', 'A']]","{'B': 4, 'D': 3, 'A': 2, 'C': 1}","[1.0, 0.79, 1.0]",3.95
51,"[1, 3, 4]","[3, 2, 3]","[0.58, 0.58, 0.75]","[['A', 'B', 'D', 'C'], ['D', 'B', 'A', 'C'], ['C', 'D', 'A', 'B']]","{'B': 3, 'D': 3, 'A': 2, 'C': 2}","[1.0, 0.79, 1.0]",3.95
51,"[1, 3, 4]","[3, 2, 3]","[0.58, 0.58, 0.75]","[['A', 'B', 'D', 'C'], ['D', 'B', 'A', 'C'], ['C', 'D', 'B', 'A']]","{'B': 3, 'D': 3, 'A': 2, 'C': 2}","[1.0, 0.79, 1.0]",3.95
51,"[1, 3, 4]","[3, 2, 3]","[0.58, 0.58, 0.75]","[['A', 'B', 'D', 'C'], ['D', 'B', 'A', 'C'], ['D', 'B', 'A', 'C']]","{'B': 4, 'D': 3, 'A': 2, 'C': 1}","[1.0, 0.79, 1.0]",3.95
51,"[1, 3, 4]","[3, 2, 3]","[0.58, 0.58, 0.75]","[['A', 'B', 'D', 'C'], ['D', 'B', 'A', 'C'], ['D', 'B', 'C', 'A']]","{'B': 4, 'D': 3, 'A': 2, 'C': 1}","[1.0, 0.79, 1.0]",3.95
51,"[1, 3, 4]","[3, 2, 3]","[0.58, 0.58, 0.75]","[['A', 'B', 'D', 'C'], ['D', 'B', 'A', 'C'], ['D', 'C', 'A', 'B']]","{'B': 3, 'D': 3, 'A': 2, 'C': 2}","[1.0, 0.79, 1.0]",3.95
51,"[1, 3, 4]","[3, 2, 3]","[0.58, 0.58, 0.75]","[['A', 'B', 'D', 'C'], ['D', 'B', 'A', 'C'], ['D', 'C', 'B', 'A']]","{'B': 3, 'D': 3, 'A': 2, 'C': 2}","[1.0, 0.79, 1.0]",3.95
51,"[1, 3, 4]","[3, 2, 3]","[0.58, 0.58, 0.75]","[['A', 'B', 'D', 'C'], ['D', 'B', 'C', 'A'], ['A', 'B', 'C', 'D']]","{'B': 4, 'A': 3, 'D': 2, 'C': 1}","[1.0, 0.75, 1.0]",3.96
51,"[1, 3, 4]","[3, 2, 3]","[0.58, 0.58, 0.75]","[['A', 'B', 'D', 'C'], ['D', 'B', 'C', 'A'], ['A', 'B', 'D', 'C']]","{'B': 4, 'A': 3, 'D': 2, 'C': 1}","[1.0, 0.75, 1.0]",3.96
51,"[1, 3, 4]","[3, 2, 3]","[0.58, 0.58, 0.75]","[['A', 'B', 'D', 'C'], ['D', 'B', 'C', 'A'], ['B', 'A', 'C', 'D']]","{'B': 4, 'A': 3, 'D': 2, 'C': 1}","[1.0, 0.75, 1.0]",3.96
51,"[1, 3, 4]","[3, 2, 3]","[0.58, 0.58, 0.75]","[['A', 'B', 'D', 'C'], ['D', 'B', 'C', 'A'], ['B', 'A', 'D', 'C']]","{'B': 4, 'A': 3, 'D': 2, 'C': 1}","[1.0, 0.75, 1.0]",3.96
51,"[1, 3, 4]","[3, 2, 3]","[0.58, 0.58, 0.75]","[['A', 'B', 'D', 'C'], ['D', 'B', 'C', 'A'], ['B', 'D', 'A', 'C']]","{'B': 4, 'D': 3, 'A': 2, 'C': 1}","[1.0, 0.79, 1.0]",3.95
51,"[1, 3, 4]","[3, 2, 3]","[0.58, 0.58, 0.75]","[['A', 'B', 'D', 'C'], ['D', 'B', 'C', 'A'], ['B', 'D', 'C', 'A']]","{'B': 4, 'D': 3, 'A': 2, 'C': 1}","[1.0, 0.79, 1.0]",3.95
51,"[1, 3, 4]","[3, 2, 3]","[0.58, 0.58, 0.75]","[['A', 'B', 'D', 'C'], ['D', 'B', 'C', 'A'], ['C', 'D', 'A', 'B']]","{'B': 3, 'D': 3, 'A': 2, 'C': 2}","[1.0, 0.79, 1.0]",3.95
51,"[1, 3, 4]","[3, 2, 3]","[0.58, 0.58, 0.75]","[['A', 'B', 'D', 'C'], ['D', 'B', 'C', 'A'], ['C', 'D', 'B', 'A']]","{'B': 3, 'D': 3, 'A': 2, 'C': 2}","[1.0, 0.79, 1.0]",3.95
51,"[1, 3, 4]","[3, 2, 3]","[0.58, 0.58, 0.75]","[['A', 'B', 'D', 'C'], ['D', 'B', 'C', 'A'], ['D', 'B', 'A', 'C']]","{'B': 4, 'D': 3, 'A': 2, 'C': 1}","[1.0, 0.79, 1.0]",3.95
51,"[1, 3, 4]","[3, 2, 3]","[0.58, 0.58, 0.75]","[['A', 'B', 'D', 'C'], ['D', 'B', 'C', 'A'], ['D', 'B', 'C', 'A']]","{'B': 4, 'D': 3, 'A': 2, 'C': 1}","[1.0, 0.79, 1.0]",3.95
51,"[1, 3, 4]","[3, 2, 3]","[0.58, 0.58, 0.75]","[['A', 'B', 'D', 'C'], ['D', 'B', 'C', 'A'], ['D', 'C', 'A', 'B']]","{'B': 3, 'D': 3, 'A': 2, 'C': 2}","[1.0, 0.79, 1.0]",3.95
51,"[1, 3, 4]","[3, 2, 3]","[0.58, 0.58, 0.75]","[['A', 'B', 'D', 'C'], ['D', 'B', 'C', 'A'], ['D', 'C', 'B', 'A']]","{'B': 3, 'D': 3, 'A': 2, 'C': 2}","[1.0, 0.79, 1.0]",3.95
51,"[1, 3, 4]","[3, 2, 3]","[0.58, 0.58, 0.75]","[['A', 'B', 'D', 'C'], ['D', 'C', 'A', 'B'], ['B', 'D', 'A', 'C']]","{'B': 3, 'D': 3, 'A': 2, 'C': 2}","[1.0, 0.79, 1.0]",3.95
51,"[1, 3, 4]","[3, 2, 3]","[0.58, 0.58, 0.75]","[['A', 'B', 'D', 'C'], ['D', 'C', 'A', 'B'], ['B', 'D', 'C', 'A']]","{'B': 3, 'D': 3, 'A': 2, 'C': 2}","[1.0, 0.79, 1.0]",3.95
51,"[1, 3, 4]","[3, 2, 3]","[0.58, 0.58, 0.75]","[['A', 'B', 'D', 'C'], ['D', 'C', 'A', 'B'], ['D', 'B', 'A', 'C']]","{'B': 3, 'D': 3, 'A': 2, 'C': 2}","[1.0, 0.79, 1.0]",3.95
51,"[1, 3, 4]","[3, 2, 3]","[0.58, 0.58, 0.75]","[['A', 'B', 'D', 'C'], ['D', 'C', 'A', 'B'], ['D', 'B', 'C', 'A']]","{'B': 3, 'D': 3, 'A': 2, 'C': 2}","[1.0, 0.79, 1.0]",3.95
51,"[1, 3, 4]","[3, 2, 3]","[0.58, 0.58, 0.75]","[['A', 'B', 'D', 'C'], ['D', 'C', 'B', 'A'], ['B', 'D', 'A', 'C']]","{'B': 3, 'D': 3, 'A': 2, 'C': 2}","[1.0, 0.79, 1.0]",3.95
51,"[1, 3, 4]","[3, 2, 3]","[0.58, 0.58, 0.75]","[['A', 'B', 'D', 'C'], ['D', 'C', 'B', 'A'], ['B', 'D', 'C', 'A']]","{'B': 3, 'D': 3, 'A': 2, 'C': 2}","[1.0, 0.79, 1.0]",3.95
51,"[1, 3, 4]","[3, 2, 3]","[0.58, 0.58, 0.75]","[['A', 'B', 'D', 'C'], ['D', 'C', 'B', 'A'], ['D', 'B', 'A', 'C']]","{'B': 3, 'D': 3, 'A': 2, 'C': 2}","[1.0, 0.79, 1.0]",3.95
51,"[1, 3, 4]","[3, 2, 3]","[0.58, 0.58, 0.75]","[['A', 'B', 'D', 'C'], ['D', 'C', 'B', 'A'], ['D', 'B', 'C', 'A']]","{'B': 3, 'D': 3, 'A': 2, 'C': 2}","[1.0, 0.79, 1.0]",3.95
51,"[1, 3, 4]","[3, 2, 3]","[0.58, 0.58, 0.75]","[['A', 'C', 'B', 'D'], ['B', 'D', 'A', 'C'], ['B', 'D', 'A', 'C']]","{'B': 3, 'D': 3, 'A': 2, 'C': 2}","[1.0, 0.79, 1.0]",3.95
51,"[1, 3, 4]","[3, 2, 3]","[0.58, 0.58, 0.75]","[['A', 'C', 'B', 'D'], ['B', 'D', 'A', 'C'], ['B', 'D', 'C', 'A']]","{'B': 3, 'D': 3, 'A': 2, 'C': 2}","[1.0, 0.79, 1.0]",3.95
51,"[1, 3, 4]","[3, 2, 3]","[0.58, 0.58, 0.75]","[['A', 'C', 'B', 'D'], ['B', 'D', 'A', 'C'], ['D', 'B', 'A', 'C']]","{'B': 3, 'D': 3, 'A': 2, 'C': 2}","[1.0, 0.79, 1.0]",3.95
51,"[1, 3, 4]","[3, 2, 3]","[0.58, 0.58, 0.75]","[['A', 'C', 'B', 'D'], ['B', 'D', 'A', 'C'], ['D', 'B', 'C', 'A']]","{'B': 3, 'D': 3, 'A': 2, 'C': 2}","[1.0, 0.79, 1.0]",3.95
51,"[1, 3, 4]","[3, 2, 3]","[0.58, 0.58, 0.75]","[['A', 'C', 'B', 'D'], ['B', 'D', 'C', 'A'], ['B', 'D', 'A', 'C']]","{'B': 3, 'D': 3, 'A': 2, 'C': 2}","[1.0, 0.79, 1.0]",3.95
51,"[1, 3, 4]","[3, 2, 3]","[0.58, 0.58, 0.75]","[['A', 'C', 'B', 'D'], ['B', 'D', 'C', 'A'], ['B', 'D', 'C', 'A']]","{'B': 3, 'D': 3, 'A': 2, 'C': 2}","[1.0, 0.79, 1.0]",3.95
51,"[1, 3, 4]","[3, 2, 3]","[0.58, 0.58, 0.75]","[['A', 'C', 'B', 'D'], ['B', 'D', 'C', 'A'], ['D', 'B', 'A', 'C']]","{'B': 3, 'D': 3, 'A': 2, 'C': 2}","[1.0, 0.79, 1.0]",3.95
51,"[1, 3, 4]","[3, 2, 3]","[0.58, 0.58, 0.75]","[['A', 'C', 'B', 'D'], ['B', 'D', 'C', 'A'], ['D', 'B', 'C', 'A']]","{'B': 3, 'D': 3, 'A': 2, 'C': 2}","[1.0, 0.79, 1.0]",3.95
51,"[1, 3, 4]","[3, 2, 3]","[0.58, 0.58, 0.75]","[['A', 'C', 'B', 'D'], ['D', 'B', 'A', 'C'], ['B', 'D', 'A', 'C']]","{'B': 3, 'D': 3, 'A': 2, 'C': 2}","[1.0, 0.79, 1.0]",3.95
51,"[1, 3, 4]","[3, 2, 3]","[0.58, 0.58, 0.75]","[['A', 'C', 'B', 'D'], ['D', 'B', 'A', 'C'], ['B', 'D', 'C', 'A']]","{'B': 3, 'D': 3, 'A': 2, 'C': 2}","[1.0, 0.79, 1.0]",3.95
51,"[1, 3, 4]","[3, 2, 3]","[0.58, 0.58, 0.75]","[['A', 'C', 'B', 'D'], ['D', 'B', 'A', 'C'], ['D', 'B', 'A', 'C']]","{'B': 3, 'D': 3, 'A': 2, 'C': 2}","[1.0, 0.79, 1.0]",3.95
51,"[1, 3, 4]","[3, 2, 3]","[0.58, 0.58, 0.75]","[['A', 'C', 'B', 'D'], ['D', 'B', 'A', 'C'], ['D', 'B', 'C', 'A']]","{'B': 3, 'D': 3, 'A': 2, 'C': 2}","[1.0, 0.79, 1.0]",3.95
51,"[1, 3, 4]","[3, 2, 3]","[0.58, 0.58, 0.75]","[['A', 'C', 'B', 'D'], ['D', 'B', 'C', 'A'], ['B', 'D', 'A', 'C']]","{'B': 3, 'D': 3, 'A': 2, 'C': 2}","[1.0, 0.79, 1.0]",3.95
51,"[1, 3, 4]","[3, 2, 3]","[0.58, 0.58, 0.75]","[['A', 'C', 'B', 'D'], ['D', 'B', 'C', 'A'], ['B', 'D', 'C', 'A']]","{'B': 3, 'D': 3, 'A': 2, 'C': 2}","[1.0, 0.79, 1.0]",3.95
51,"[1, 3, 4]","[3, 2, 3]","[0.58, 0.58, 0.75]","[['A', 'C', 'B', 'D'], ['D', 'B', 'C', 'A'], ['D', 'B', 'A', 'C']]","{'B': 3, 'D': 3, 'A': 2, 'C': 2}","[1.0, 0.79, 1.0]",3.95
51,"[1, 3, 4]","[3, 2, 3]","[0.58, 0.58, 0.75]","[['A', 'C', 'B', 'D'], ['D', 'B', 'C', 'A'], ['D', 'B', 'C', 'A']]","{'B': 3, 'D': 3, 'A': 2, 'C': 2}","[1.0, 0.79, 1.0]",3.95
51,"[1, 3, 4]","[3, 2, 3]","[0.58, 0.58, 0.75]","[['A', 'C', 'D', 'B'], ['B', 'D', 'A', 'C'], ['B', 'D', 'A', 'C']]","{'B': 3, 'D': 3, 'A': 2, 'C': 2}","[1.0, 0.79, 1.0]",3.95
51,"[1, 3, 4]","[3, 2, 3]","[0.58, 0.58, 0.75]","[['A', 'C', 'D', 'B'], ['B', 'D', 'A', 'C'], ['B', 'D', 'C', 'A']]","{'B': 3, 'D': 3, 'A': 2, 'C': 2}","[1.0, 0.79, 1.0]",3.95
51,"[1, 3, 4]","[3, 2, 3]","[0.58, 0.58, 0.75]","[['A', 'C', 'D', 'B'], ['B', 'D', 'A', 'C'], ['D', 'B', 'A', 'C']]","{'B': 3, 'D': 3, 'A': 2, 'C': 2}","[1.0, 0.79, 1.0]",3.95
51,"[1, 3, 4]","[3, 2, 3]","[0.58, 0.58, 0.75]","[['A', 'C', 'D', 'B'], ['B', 'D', 'A', 'C'], ['D', 'B', 'C', 'A']]","{'B': 3, 'D': 3, 'A': 2, 'C': 2}","[1.0, 0.79, 1.0]",3.95
51,"[1, 3, 4]","[3, 2, 3]","[0.58, 0.58, 0.75]","[['A', 'C', 'D', 'B'], ['B', 'D', 'C', 'A'], ['B', 'D', 'A', 'C']]","{'B': 3, 'D': 3, 'A': 2, 'C': 2}","[1.0, 0.79, 1.0]",3.95
51,"[1, 3, 4]","[3, 2, 3]","[0.58, 0.58, 0.75]","[['A', 'C', 'D', 'B'], ['B', 'D', 'C', 'A'], ['B', 'D', 'C', 'A']]","{'B': 3, 'D': 3, 'A': 2, 'C': 2}","[1.0, 0.79, 1.0]",3.95
51,"[1, 3, 4]","[3, 2, 3]","[0.58, 0.58, 0.75]","[['A', 'C', 'D', 'B'], ['B', 'D', 'C', 'A'], ['D', 'B', 'A', 'C']]","{'B': 3, 'D': 3, 'A': 2, 'C': 2}","[1.0, 0.79, 1.0]",3.95
51,"[1, 3, 4]","[3, 2, 3]","[0.58, 0.58, 0.75]","[['A', 'C', 'D', 'B'], ['B', 'D', 'C', 'A'], ['D', 'B', 'C', 'A']]","{'B': 3, 'D': 3, 'A': 2, 'C': 2}","[1.0, 0.79, 1.0]",3.95
51,"[1, 3, 4]","[3, 2, 3]","[0.58, 0.58, 0.75]","[['A', 'C', 'D', 'B'], ['D', 'B', 'A', 'C'], ['B', 'D', 'A', 'C']]","{'B': 3, 'D': 3, 'A': 2, 'C': 2}","[1.0, 0.79, 1.0]",3.95
51,"[1, 3, 4]","[3, 2, 3]","[0.58, 0.58, 0.75]","[['A', 'C', 'D', 'B'], ['D', 'B', 'A', 'C'], ['B', 'D', 'C', 'A']]","{'B': 3, 'D': 3, 'A': 2, 'C': 2}","[1.0, 0.79, 1.0]",3.95
51,"[1, 3, 4]","[3, 2, 3]","[0.58, 0.58, 0.75]","[['A', 'C', 'D', 'B'], ['D', 'B', 'A', 'C'], ['D', 'B', 'A', 'C']]","{'B': 3, 'D': 3, 'A': 2, 'C': 2}","[1.0, 0.79, 1.0]",3.95
51,"[1, 3, 4]","[3, 2, 3]","[0.58, 0.58, 0.75]","[['A', 'C', 'D', 'B'], ['D', 'B', 'A', 'C'], ['D', 'B', 'C', 'A']]","{'B': 3, 'D': 3, 'A': 2, 'C': 2}","[1.0, 0.79, 1.0]",3.95
51,"[1, 3, 4]","[3, 2, 3]","[0.58, 0.58, 0.75]","[['A', 'C', 'D', 'B'], ['D', 'B', 'C', 'A'], ['B', 'D', 'A', 'C']]","{'B': 3, 'D': 3, 'A': 2, 'C': 2}","[1.0, 0.79, 1.0]",3.95
51,"[1, 3, 4]","[3, 2, 3]","[0.58, 0.58, 0.75]","[['A', 'C', 'D', 'B'], ['D', 'B', 'C', 'A'], ['B', 'D', 'C', 'A']]","{'B': 3, 'D': 3, 'A': 2, 'C': 2}","[1.0, 0.79, 1.0]",3.95
51,"[1, 3, 4]","[3, 2, 3]","[0.58, 0.58, 0.75]","[['A', 'C', 'D', 'B'], ['D', 'B', 'C', 'A'], ['D', 'B', 'A', 'C']]","{'B': 3, 'D': 3, 'A': 2, 'C': 2}","[1.0, 0.79, 1.0]",3.95
51,"[1, 3, 4]","[3, 2, 3]","[0.58, 0.58, 0.75]","[['A', 'C', 'D', 'B'], ['D', 'B', 'C', 'A'], ['D', 'B', 'C', 'A']]","{'B': 3, 'D': 3, 'A': 2, 'C': 2}","[1.0, 0.79, 1.0]",3.95
51,"[1, 3, 4]","[3, 2, 3]","[0.58, 0.58, 0.75]","[['A', 'D', 'B', 'C'], ['B', 'C', 'A', 'D'], ['B', 'D', 'A', 'C']]","{'B': 3, 'D': 3, 'A': 2, 'C': 2}","[1.0, 0.79, 1.0]",3.95
51,"[1, 3, 4]","[3, 2, 3]","[0.58, 0.58, 0.75]","[['A', 'D', 'B', 'C'], ['B', 'C', 'A', 'D'], ['B', 'D', 'C', 'A']]","{'B': 3, 'D': 3, 'A': 2, 'C': 2}","[1.0, 0.79, 1.0]",3.95
51,"[1, 3, 4]","[3, 2, 3]","[0.58, 0.58, 0.75]","[['A', 'D', 'B', 'C'], ['B', 'C', 'A', 'D'], ['D', 'B', 'A', 'C']]","{'B': 3, 'D': 3, 'A': 2, 'C': 2}","[1.0, 0.79, 1.0]",3.95
51,"[1, 3, 4]","[3, 2, 3]","[0.58, 0.58, 0.75]","[['A', 'D', 'B', 'C'], ['B', 'C', 'A', 'D'], ['D', 'B', 'C', 'A']]","{'B': 3, 'D': 3, 'A': 2, 'C': 2}","[1.0, 0.79, 1.0]",3.95
51,"[1, 3, 4]","[3, 2, 3]","[0.58, 0.58, 0.75]","[['A', 'D', 'B', 'C'], ['B', 'C', 'D', 'A'], ['B', 'D', 'A', 'C']]","{'B': 3, 'D': 3, 'A': 2, 'C': 2}","[1.0, 0.79, 1.0]",3.95
51,"[1, 3, 4]","[3, 2, 3]","[0.58, 0.58, 0.75]","[['A', 'D', 'B', 'C'], ['B', 'C', 'D', 'A'], ['B', 'D', 'C', 'A']]","{'B': 3, 'D': 3, 'A': 2, 'C': 2}","[1.0, 0.79, 1.0]",3.95
51,"[1, 3, 4]","[3, 2, 3]","[0.58, 0.58, 0.75]","[['A', 'D', 'B', 'C'], ['B', 'C', 'D', 'A'], ['D', 'B', 'A', 'C']]","{'B': 3, 'D': 3, 'A': 2, 'C': 2}","[1.0, 0.79, 1.0]",3.95
51,"[1, 3, 4]","[3, 2, 3]","[0.58, 0.58, 0.75]","[['A', 'D', 'B', 'C'], ['B', 'C', 'D', 'A'], ['D', 'B', 'C', 'A']]","{'B': 3, 'D': 3, 'A': 2, 'C': 2}","[1.0, 0.79, 1.0]",3.95
51,"[1, 3, 4]","[3, 2, 3]","[0.58, 0.58, 0.75]","[['A', 'D', 'B', 'C'], ['B', 'D', 'A', 'C'], ['B', 'C', 'A', 'D']]","{'B': 3, 'D': 3, 'A': 2, 'C': 2}","[1.0, 0.79, 1.0]",3.95
51,"[1, 3, 4]","[3, 2, 3]","[0.58, 0.58, 0.75]","[['A', 'D', 'B', 'C'], ['B', 'D', 'A', 'C'], ['B', 'C', 'D', 'A']]","{'B': 3, 'D': 3, 'A': 2, 'C': 2}","[1.0, 0.79, 1.0]",3.95
51,"[1, 3, 4]","[3, 2, 3]","[0.58, 0.58, 0.75]","[['A', 'D', 'B', 'C'], ['B', 'D', 'A', 'C'], ['B', 'D', 'A', 'C']]","{'D': 4, 'B': 3, 'A': 2, 'C': 1}","[0.67, 1.0, 0.79]",3.58
51,"[1, 3, 4]","[3, 2, 3]","[0.58, 0.58, 0.75]","[['A', 'D', 'B', 'C'], ['B', 'D', 'A', 'C'], ['B', 'D', 'C', 'A']]","{'D': 4, 'B': 3, 'A': 2, 'C': 1}","[0.67, 1.0, 0.79]",3.58
51,"[1, 3, 4]","[3, 2, 3]","[0.58, 0.58, 0.75]","[['A', 'D', 'B', 'C'], ['B', 'D', 'A', 'C'], ['C', 'B', 'A', 'D']]","{'B': 3, 'D': 3, 'A': 2, 'C': 2}","[1.0, 0.79, 1.0]",3.95
51,"[1, 3, 4]","[3, 2, 3]","[0.58, 0.58, 0.75]","[['A', 'D', 'B', 'C'], ['B', 'D', 'A', 'C'], ['C', 'B', 'D', 'A']]","{'B': 3, 'D': 3, 'A': 2, 'C': 2}","[1.0, 0.79, 1.0]",3.95
51,"[1, 3, 4]","[3, 2, 3]","[0.58, 0.58, 0.75]","[['A', 'D', 'B', 'C'], ['B', 'D', 'A', 'C'], ['D', 'B', 'A', 'C']]","{'D': 4, 'B': 3, 'A': 2, 'C': 1}","[0.67, 1.0, 0.79]",3.58
51,"[1, 3, 4]","[3, 2, 3]","[0.58, 0.58, 0.75]","[['A', 'D', 'B', 'C'], ['B', 'D', 'A', 'C'], ['D', 'B', 'C', 'A']]","{'D': 4, 'B': 3, 'A': 2, 'C': 1}","[0.67, 1.0, 0.79]",3.58
51,"[1, 3, 4]","[3, 2, 3]","[0.58, 0.58, 0.75]","[['A', 'D', 'B', 'C'], ['B', 'D', 'C', 'A'], ['B', 'C', 'A', 'D']]","{'B': 3, 'D': 3, 'A': 2, 'C': 2}","[1.0, 0.79, 1.0]",3.95
51,"[1, 3, 4]","[3, 2, 3]","[0.58, 0.58, 0.75]","[['A', 'D', 'B', 'C'], ['B', 'D', 'C', 'A'], ['B', 'C', 'D', 'A']]","{'B': 3, 'D': 3, 'A': 2, 'C': 2}","[1.0, 0.79, 1.0]",3.95
51,"[1, 3, 4]","[3, 2, 3]","[0.58, 0.58, 0.75]","[['A', 'D', 'B', 'C'], ['B', 'D', 'C', 'A'], ['B', 'D', 'A', 'C']]","{'D': 4, 'B': 3, 'A': 2, 'C': 1}","[0.67, 1.0, 0.79]",3.58
51,"[1, 3, 4]","[3, 2, 3]","[0.58, 0.58, 0.75]","[['A', 'D', 'B', 'C'], ['B', 'D', 'C', 'A'], ['B', 'D', 'C', 'A']]","{'D': 4, 'B': 3, 'A': 2, 'C': 1}","[0.67, 1.0, 0.79]",3.58
51,"[1, 3, 4]","[3, 2, 3]","[0.58, 0.58, 0.75]","[['A', 'D', 'B', 'C'], ['B', 'D', 'C', 'A'], ['C', 'B', 'A', 'D']]","{'B': 3, 'D': 3, 'A': 2, 'C': 2}","[1.0, 0.79, 1.0]",3.95
51,"[1, 3, 4]","[3, 2, 3]","[0.58, 0.58, 0.75]","[['A', 'D', 'B', 'C'], ['B', 'D', 'C', 'A'], ['C', 'B', 'D', 'A']]","{'B': 3, 'D': 3, 'A': 2, 'C': 2}","[1.0, 0.79, 1.0]",3.95
51,"[1, 3, 4]","[3, 2, 3]","[0.58, 0.58, 0.75]","[['A', 'D', 'B', 'C'], ['B', 'D', 'C', 'A'], ['D', 'B', 'A', 'C']]","{'D': 4, 'B': 3, 'A': 2, 'C': 1}","[0.67, 1.0, 0.79]",3.58
51,"[1, 3, 4]","[3, 2, 3]","[0.58, 0.58, 0.75]","[['A', 'D', 'B', 'C'], ['B', 'D', 'C', 'A'], ['D', 'B', 'C', 'A']]","{'D': 4, 'B': 3, 'A': 2, 'C': 1}","[0.67, 1.0, 0.79]",3.58
51,"[1, 3, 4]","[3, 2, 3]","[0.58, 0.58, 0.75]","[['A', 'D', 'B', 'C'], ['C', 'B', 'A', 'D'], ['B', 'D', 'A', 'C']]","{'B': 3, 'D': 3, 'A': 2, 'C': 2}","[1.0, 0.79, 1.0]",3.95
51,"[1, 3, 4]","[3, 2, 3]","[0.58, 0.58, 0.75]","[['A', 'D', 'B', 'C'], ['C', 'B', 'A', 'D'], ['B', 'D', 'C', 'A']]","{'B': 3, 'D': 3, 'A': 2, 'C': 2}","[1.0, 0.79, 1.0]",3.95
51,"[1, 3, 4]","[3, 2, 3]","[0.58, 0.58, 0.75]","[['A', 'D', 'B', 'C'], ['C', 'B', 'A', 'D'], ['D', 'B', 'A', 'C']]","{'B': 3, 'D': 3, 'A': 2, 'C': 2}","[1.0, 0.79, 1.0]",3.95
51,"[1, 3, 4]","[3, 2, 3]","[0.58, 0.58, 0.75]","[['A', 'D', 'B', 'C'], ['C', 'B', 'A', 'D'], ['D', 'B', 'C', 'A']]","{'B': 3, 'D': 3, 'A': 2, 'C': 2}","[1.0, 0.79, 1.0]",3.95
51,"[1, 3, 4]","[3, 2, 3]","[0.58, 0.58, 0.75]","[['A', 'D', 'B', 'C'], ['C', 'B', 'D', 'A'], ['B', 'D', 'A', 'C']]","{'B': 3, 'D': 3, 'A': 2, 'C': 2}","[1.0, 0.79, 1.0]",3.95
51,"[1, 3, 4]","[3, 2, 3]","[0.58, 0.58, 0.75]","[['A', 'D', 'B', 'C'], ['C', 'B', 'D', 'A'], ['B', 'D', 'C', 'A']]","{'B': 3, 'D': 3, 'A': 2, 'C': 2}","[1.0, 0.79, 1.0]",3.95
51,"[1, 3, 4]","[3, 2, 3]","[0.58, 0.58, 0.75]","[['A', 'D', 'B', 'C'], ['C', 'B', 'D', 'A'], ['D', 'B', 'A', 'C']]","{'B': 3, 'D': 3, 'A': 2, 'C': 2}","[1.0, 0.79, 1.0]",3.95
51,"[1, 3, 4]","[3, 2, 3]","[0.58, 0.58, 0.75]","[['A', 'D', 'B', 'C'], ['C', 'B', 'D', 'A'], ['D', 'B', 'C', 'A']]","{'B': 3, 'D': 3, 'A': 2, 'C': 2}","[1.0, 0.79, 1.0]",3.95
51,"[1, 3, 4]","[3, 2, 3]","[0.58, 0.58, 0.75]","[['A', 'D', 'B', 'C'], ['D', 'B', 'A', 'C'], ['B', 'C', 'A', 'D']]","{'B': 3, 'D': 3, 'A': 2, 'C': 2}","[1.0, 0.79, 1.0]",3.95
51,"[1, 3, 4]","[3, 2, 3]","[0.58, 0.58, 0.75]","[['A', 'D', 'B', 'C'], ['D', 'B', 'A', 'C'], ['B', 'C', 'D', 'A']]","{'B': 3, 'D': 3, 'A': 2, 'C': 2}","[1.0, 0.79, 1.0]",3.95
51,"[1, 3, 4]","[3, 2, 3]","[0.58, 0.58, 0.75]","[['A', 'D', 'B', 'C'], ['D', 'B', 'A', 'C'], ['B', 'D', 'A', 'C']]","{'D': 4, 'B': 3, 'A': 2, 'C': 1}","[0.67, 1.0, 0.79]",3.58
51,"[1, 3, 4]","[3, 2, 3]","[0.58, 0.58, 0.75]","[['A', 'D', 'B', 'C'], ['D', 'B', 'A', 'C'], ['B', 'D', 'C', 'A']]","{'D': 4, 'B': 3, 'A': 2, 'C': 1}","[0.67, 1.0, 0.79]",3.58
51,"[1, 3, 4]","[3, 2, 3]","[0.58, 0.58, 0.75]","[['A', 'D', 'B', 'C'], ['D', 'B', 'A', 'C'], ['C', 'B', 'A', 'D']]","{'B': 3, 'D': 3, 'A': 2, 'C': 2}","[1.0, 0.79, 1.0]",3.95
51,"[1, 3, 4]","[3, 2, 3]","[0.58, 0.58, 0.75]","[['A', 'D', 'B', 'C'], ['D', 'B', 'A', 'C'], ['C', 'B', 'D', 'A']]","{'B': 3, 'D': 3, 'A': 2, 'C': 2}","[1.0, 0.79, 1.0]",3.95
51,"[1, 3, 4]","[3, 2, 3]","[0.58, 0.58, 0.75]","[['A', 'D', 'B', 'C'], ['D', 'B', 'A', 'C'], ['D', 'B', 'A', 'C']]","{'D': 4, 'B': 3, 'A': 2, 'C': 1}","[0.67, 1.0, 0.79]",3.58
51,"[1, 3, 4]","[3, 2, 3]","[0.58, 0.58, 0.75]","[['A', 'D', 'B', 'C'], ['D', 'B', 'A', 'C'], ['D', 'B', 'C', 'A']]","{'D': 4, 'B': 3, 'A': 2, 'C': 1}","[0.67, 1.0, 0.79]",3.58
51,"[1, 3, 4]","[3, 2, 3]","[0.58, 0.58, 0.75]","[['A', 'D', 'B', 'C'], ['D', 'B', 'C', 'A'], ['B', 'C', 'A', 'D']]","{'B': 3, 'D': 3, 'A': 2, 'C': 2}","[1.0, 0.79, 1.0]",3.95
51,"[1, 3, 4]","[3, 2, 3]","[0.58, 0.58, 0.75]","[['A', 'D', 'B', 'C'], ['D', 'B', 'C', 'A'], ['B', 'C', 'D', 'A']]","{'B': 3, 'D': 3, 'A': 2, 'C': 2}","[1.0, 0.79, 1.0]",3.95
51,"[1, 3, 4]","[3, 2, 3]","[0.58, 0.58, 0.75]","[['A', 'D', 'B', 'C'], ['D', 'B', 'C', 'A'], ['B', 'D', 'A', 'C']]","{'D': 4, 'B': 3, 'A': 2, 'C': 1}","[0.67, 1.0, 0.79]",3.58
51,"[1, 3, 4]","[3, 2, 3]","[0.58, 0.58, 0.75]","[['A', 'D', 'B', 'C'], ['D', 'B', 'C', 'A'], ['B', 'D', 'C', 'A']]","{'D': 4, 'B': 3, 'A': 2, 'C': 1}","[0.67, 1.0, 0.79]",3.58
51,"[1, 3, 4]","[3, 2, 3]","[0.58, 0.58, 0.75]","[['A', 'D', 'B', 'C'], ['D', 'B', 'C', 'A'], ['C', 'B', 'A', 'D']]","{'B': 3, 'D': 3, 'A': 2, 'C': 2}","[1.0, 0.79, 1.0]",3.95
51,"[1, 3, 4]","[3, 2, 3]","[0.58, 0.58, 0.75]","[['A', 'D', 'B', 'C'], ['D', 'B', 'C', 'A'], ['C', 'B', 'D', 'A']]","{'B': 3, 'D': 3, 'A': 2, 'C': 2}","[1.0, 0.79, 1.0]",3.95
51,"[1, 3, 4]","[3, 2, 3]","[0.58, 0.58, 0.75]","[['A', 'D', 'B', 'C'], ['D', 'B', 'C', 'A'], ['D', 'B', 'A', 'C']]","{'D': 4, 'B': 3, 'A': 2, 'C': 1}","[0.67, 1.0, 0.79]",3.58
51,"[1, 3, 4]","[3, 2, 3]","[0.58, 0.58, 0.75]","[['A', 'D', 'B', 'C'], ['D', 'B', 'C', 'A'], ['D', 'B', 'C', 'A']]","{'D': 4, 'B': 3, 'A': 2, 'C': 1}","[0.67, 1.0, 0.79]",3.58
51,"[1, 3, 4]","[3, 2, 3]","[0.58, 0.58, 0.75]","[['A', 'D', 'C', 'B'], ['B', 'C', 'A', 'D'], ['B', 'D', 'A', 'C']]","{'B': 3, 'D': 3, 'A': 2, 'C': 2}","[1.0, 0.79, 1.0]",3.95
51,"[1, 3, 4]","[3, 2, 3]","[0.58, 0.58, 0.75]","[['A', 'D', 'C', 'B'], ['B', 'C', 'A', 'D'], ['B', 'D', 'C', 'A']]","{'B': 3, 'D': 3, 'A': 2, 'C': 2}","[1.0, 0.79, 1.0]",3.95
51,"[1, 3, 4]","[3, 2, 3]","[0.58, 0.58, 0.75]","[['A', 'D', 'C', 'B'], ['B', 'C', 'A', 'D'], ['D', 'B', 'A', 'C']]","{'B': 3, 'D': 3, 'A': 2, 'C': 2}","[1.0, 0.79, 1.0]",3.95
51,"[1, 3, 4]","[3, 2, 3]","[0.58, 0.58, 0.75]","[['A', 'D', 'C', 'B'], ['B', 'C', 'A', 'D'], ['D', 'B', 'C', 'A']]","{'B': 3, 'D': 3, 'A': 2, 'C': 2}","[1.0, 0.79, 1.0]",3.95
51,"[1, 3, 4]","[3, 2, 3]","[0.58, 0.58, 0.75]","[['A', 'D', 'C', 'B'], ['B', 'C', 'D', 'A'], ['B', 'D', 'A', 'C']]","{'B': 3, 'D': 3, 'A': 2, 'C': 2}","[1.0, 0.79, 1.0]",3.95
51,"[1, 3, 4]","[3, 2, 3]","[0.58, 0.58, 0.75]","[['A', 'D', 'C', 'B'], ['B', 'C', 'D', 'A'], ['B', 'D', 'C', 'A']]","{'B': 3, 'D': 3, 'A': 2, 'C': 2}","[1.0, 0.79, 1.0]",3.95
51,"[1, 3, 4]","[3, 2, 3]","[0.58, 0.58, 0.75]","[['A', 'D', 'C', 'B'], ['B', 'C', 'D', 'A'], ['D', 'B', 'A', 'C']]","{'B': 3, 'D': 3, 'A': 2, 'C': 2}","[1.0, 0.79, 1.0]",3.95
51,"[1, 3, 4]","[3, 2, 3]","[0.58, 0.58, 0.75]","[['A', 'D', 'C', 'B'], ['B', 'C', 'D', 'A'], ['D', 'B', 'C', 'A']]","{'B': 3, 'D': 3, 'A': 2, 'C': 2}","[1.0, 0.79, 1.0]",3.95
51,"[1, 3, 4]","[3, 2, 3]","[0.58, 0.58, 0.75]","[['A', 'D', 'C', 'B'], ['B', 'D', 'A', 'C'], ['B', 'C', 'A', 'D']]","{'B': 3, 'D': 3, 'A': 2, 'C': 2}","[1.0, 0.79, 1.0]",3.95
51,"[1, 3, 4]","[3, 2, 3]","[0.58, 0.58, 0.75]","[['A', 'D', 'C', 'B'], ['B', 'D', 'A', 'C'], ['B', 'C', 'D', 'A']]","{'B': 3, 'D': 3, 'A': 2, 'C': 2}","[1.0, 0.79, 1.0]",3.95
51,"[1, 3, 4]","[3, 2, 3]","[0.58, 0.58, 0.75]","[['A', 'D', 'C', 'B'], ['B', 'D', 'A', 'C'], ['B', 'D', 'A', 'C']]","{'D': 4, 'B': 3, 'A': 2, 'C': 1}","[0.67, 1.0, 0.79]",3.58
51,"[1, 3, 4]","[3, 2, 3]","[0.58, 0.58, 0.75]","[['A', 'D', 'C', 'B'], ['B', 'D', 'A', 'C'], ['B', 'D', 'C', 'A']]","{'D': 4, 'B': 3, 'A': 2, 'C': 1}","[0.67, 1.0, 0.79]",3.58
51,"[1, 3, 4]","[3, 2, 3]","[0.58, 0.58, 0.75]","[['A', 'D', 'C', 'B'], ['B', 'D', 'A', 'C'], ['C', 'B', 'A', 'D']]","{'B': 3, 'D': 3, 'A': 2, 'C': 2}","[1.0, 0.79, 1.0]",3.95
51,"[1, 3, 4]","[3, 2, 3]","[0.58, 0.58, 0.75]","[['A', 'D', 'C', 'B'], ['B', 'D', 'A', 'C'], ['C', 'B', 'D', 'A']]","{'B': 3, 'D': 3, 'A': 2, 'C': 2}","[1.0, 0.79, 1.0]",3.95
51,"[1, 3, 4]","[3, 2, 3]","[0.58, 0.58, 0.75]","[['A', 'D', 'C', 'B'], ['B', 'D', 'A', 'C'], ['D', 'B', 'A', 'C']]","{'D': 4, 'B': 3, 'A': 2, 'C': 1}","[0.67, 1.0, 0.79]",3.58
51,"[1, 3, 4]","[3, 2, 3]","[0.58, 0.58, 0.75]","[['A', 'D', 'C', 'B'], ['B', 'D', 'A', 'C'], ['D', 'B', 'C', 'A']]","{'D': 4, 'B': 3, 'A': 2, 'C': 1}","[0.67, 1.0, 0.79]",3.58
51,"[1, 3, 4]","[3, 2, 3]","[0.58, 0.58, 0.75]","[['A', 'D', 'C', 'B'], ['B', 'D', 'C', 'A'], ['B', 'C', 'A', 'D']]","{'B': 3, 'D': 3, 'A': 2, 'C': 2}","[1.0, 0.79, 1.0]",3.95
51,"[1, 3, 4]","[3, 2, 3]","[0.58, 0.58, 0.75]","[['A', 'D', 'C', 'B'], ['B', 'D', 'C', 'A'], ['B', 'C', 'D', 'A']]","{'B': 3, 'D': 3, 'A': 2, 'C': 2}","[1.0, 0.79, 1.0]",3.95
51,"[1, 3, 4]","[3, 2, 3]","[0.58, 0.58, 0.75]","[['A', 'D', 'C', 'B'], ['B', 'D', 'C', 'A'], ['B', 'D', 'A', 'C']]","{'D': 4, 'B': 3, 'A': 2, 'C': 1}","[0.67, 1.0, 0.79]",3.58
51,"[1, 3, 4]","[3, 2, 3]","[0.58, 0.58, 0.75]","[['A', 'D', 'C', 'B'], ['B', 'D', 'C', 'A'], ['B', 'D', 'C', 'A']]","{'D': 4, 'B': 3, 'A': 2, 'C': 1}","[0.67, 1.0, 0.79]",3.58
51,"[1, 3, 4]","[3, 2, 3]","[0.58, 0.58, 0.75]","[['A', 'D', 'C', 'B'], ['B', 'D', 'C', 'A'], ['C', 'B', 'A', 'D']]","{'B': 3, 'D': 3, 'A': 2, 'C': 2}","[1.0, 0.79, 1.0]",3.95
51,"[1, 3, 4]","[3, 2, 3]","[0.58, 0.58, 0.75]","[['A', 'D', 'C', 'B'], ['B', 'D', 'C', 'A'], ['C', 'B', 'D', 'A']]","{'B': 3, 'D': 3, 'A': 2, 'C': 2}","[1.0, 0.79, 1.0]",3.95
51,"[1, 3, 4]","[3, 2, 3]","[0.58, 0.58, 0.75]","[['A', 'D', 'C', 'B'], ['B', 'D', 'C', 'A'], ['D', 'B', 'A', 'C']]","{'D': 4, 'B': 3, 'A': 2, 'C': 1}","[0.67, 1.0, 0.79]",3.58
51,"[1, 3, 4]","[3, 2, 3]","[0.58, 0.58, 0.75]","[['A', 'D', 'C', 'B'], ['B', 'D', 'C', 'A'], ['D', 'B', 'C', 'A']]","{'D': 4, 'B': 3, 'A': 2, 'C': 1}","[0.67, 1.0, 0.79]",3.58
51,"[1, 3, 4]","[3, 2, 3]","[0.58, 0.58, 0.75]","[['A', 'D', 'C', 'B'], ['C', 'B', 'A', 'D'], ['B', 'D', 'A', 'C']]","{'B': 3, 'D': 3, 'A': 2, 'C': 2}","[1.0, 0.79, 1.0]",3.95
51,"[1, 3, 4]","[3, 2, 3]","[0.58, 0.58, 0.75]","[['A', 'D', 'C', 'B'], ['C', 'B', 'A', 'D'], ['B', 'D', 'C', 'A']]","{'B': 3, 'D': 3, 'A': 2, 'C': 2}","[1.0, 0.79, 1.0]",3.95
51,"[1, 3, 4]","[3, 2, 3]","[0.58, 0.58, 0.75]","[['A', 'D', 'C', 'B'], ['C', 'B', 'A', 'D'], ['D', 'B', 'A', 'C']]","{'B': 3, 'D': 3, 'A': 2, 'C': 2}","[1.0, 0.79, 1.0]",3.95
51,"[1, 3, 4]","[3, 2, 3]","[0.58, 0.58, 0.75]","[['A', 'D', 'C', 'B'], ['C', 'B', 'A', 'D'], ['D', 'B', 'C', 'A']]","{'B': 3, 'D': 3, 'A': 2, 'C': 2}","[1.0, 0.79, 1.0]",3.95
51,"[1, 3, 4]","[3, 2, 3]","[0.58, 0.58, 0.75]","[['A', 'D', 'C', 'B'], ['C', 'B', 'D', 'A'], ['B', 'D', 'A', 'C']]","{'B': 3, 'D': 3, 'A': 2, 'C': 2}","[1.0, 0.79, 1.0]",3.95
51,"[1, 3, 4]","[3, 2, 3]","[0.58, 0.58, 0.75]","[['A', 'D', 'C', 'B'], ['C', 'B', 'D', 'A'], ['B', 'D', 'C', 'A']]","{'B': 3, 'D': 3, 'A': 2, 'C': 2}","[1.0, 0.79, 1.0]",3.95
51,"[1, 3, 4]","[3, 2, 3]","[0.58, 0.58, 0.75]","[['A', 'D', 'C', 'B'], ['C', 'B', 'D', 'A'], ['D', 'B', 'A', 'C']]","{'B': 3, 'D': 3, 'A': 2, 'C': 2}","[1.0, 0.79, 1.0]",3.95
51,"[1, 3, 4]","[3, 2, 3]","[0.58, 0.58, 0.75]","[['A', 'D', 'C', 'B'], ['C', 'B', 'D', 'A'], ['D', 'B', 'C', 'A']]","{'B': 3, 'D': 3, 'A': 2, 'C': 2}","[1.0, 0.79, 1.0]",3.95
51,"[1, 3, 4]","[3, 2, 3]","[0.58, 0.58, 0.75]","[['A', 'D', 'C', 'B'], ['D', 'B', 'A', 'C'], ['B', 'C', 'A', 'D']]","{'B': 3, 'D': 3, 'A': 2, 'C': 2}","[1.0, 0.79, 1.0]",3.95
51,"[1, 3, 4]","[3, 2, 3]","[0.58, 0.58, 0.75]","[['A', 'D', 'C', 'B'], ['D', 'B', 'A', 'C'], ['B', 'C', 'D', 'A']]","{'B': 3, 'D': 3, 'A': 2, 'C': 2}","[1.0, 0.79, 1.0]",3.95
51,"[1, 3, 4]","[3, 2, 3]","[0.58, 0.58, 0.75]","[['A', 'D', 'C', 'B'], ['D', 'B', 'A', 'C'], ['B', 'D', 'A', 'C']]","{'D': 4, 'B': 3, 'A': 2, 'C': 1}","[0.67, 1.0, 0.79]",3.58
51,"[1, 3, 4]","[3, 2, 3]","[0.58, 0.58, 0.75]","[['A', 'D', 'C', 'B'], ['D', 'B', 'A', 'C'], ['B', 'D', 'C', 'A']]","{'D': 4, 'B': 3, 'A': 2, 'C': 1}","[0.67, 1.0, 0.79]",3.58
51,"[1, 3, 4]","[3, 2, 3]","[0.58, 0.58, 0.75]","[['A', 'D', 'C', 'B'], ['D', 'B', 'A', 'C'], ['C', 'B', 'A', 'D']]","{'B': 3, 'D': 3, 'A': 2, 'C': 2}","[1.0, 0.79, 1.0]",3.95
51,"[1, 3, 4]","[3, 2, 3]","[0.58, 0.58, 0.75]","[['A', 'D', 'C', 'B'], ['D', 'B', 'A', 'C'], ['C', 'B', 'D', 'A']]","{'B': 3, 'D': 3, 'A': 2, 'C': 2}","[1.0, 0.79, 1.0]",3.95
51,"[1, 3, 4]","[3, 2, 3]","[0.58, 0.58, 0.75]","[['A', 'D', 'C', 'B'], ['D', 'B', 'A', 'C'], ['D', 'B', 'A', 'C']]","{'D': 4, 'B': 3, 'A': 2, 'C': 1}","[0.67, 1.0, 0.79]",3.58
51,"[1, 3, 4]","[3, 2, 3]","[0.58, 0.58, 0.75]","[['A', 'D', 'C', 'B'], ['D', 'B', 'A', 'C'], ['D', 'B', 'C', 'A']]","{'D': 4, 'B': 3, 'A': 2, 'C': 1}","[0.67, 1.0, 0.79]",3.58
51,"[1, 3, 4]","[3, 2, 3]","[0.58, 0.58, 0.75]","[['A', 'D', 'C', 'B'], ['D', 'B', 'C', 'A'], ['B', 'C', 'A', 'D']]","{'B': 3, 'D': 3, 'A': 2, 'C': 2}","[1.0, 0.79, 1.0]",3.95
51,"[1, 3, 4]","[3, 2, 3]","[0.58, 0.58, 0.75]","[['A', 'D', 'C', 'B'], ['D', 'B', 'C', 'A'], ['B', 'C', 'D', 'A']]","{'B': 3, 'D': 3, 'A': 2, 'C': 2}","[1.0, 0.79, 1.0]",3.95
51,"[1, 3, 4]","[3, 2, 3]","[0.58, 0.58, 0.75]","[['A', 'D', 'C', 'B'], ['D', 'B', 'C', 'A'], ['B', 'D', 'A', 'C']]","{'D': 4, 'B': 3, 'A': 2, 'C': 1}","[0.67, 1.0, 0.79]",3.58
51,"[1, 3, 4]","[3, 2, 3]","[0.58, 0.58, 0.75]","[['A', 'D', 'C', 'B'], ['D', 'B', 'C', 'A'], ['B', 'D', 'C', 'A']]","{'D': 4, 'B': 3, 'A': 2, 'C': 1}","[0.67, 1.0, 0.79]",3.58
51,"[1, 3, 4]","[3, 2, 3]","[0.58, 0.58, 0.75]","[['A', 'D', 'C', 'B'], ['D', 'B', 'C', 'A'], ['C', 'B', 'A', 'D']]","{'B': 3, 'D': 3, 'A': 2, 'C': 2}","[1.0, 0.79, 1.0]",3.95
51,"[1, 3, 4]","[3, 2, 3]","[0.58, 0.58, 0.75]","[['A', 'D', 'C', 'B'], ['D', 'B', 'C', 'A'], ['C', 'B', 'D', 'A']]","{'B': 3, 'D': 3, 'A': 2, 'C': 2}","[1.0, 0.79, 1.0]",3.95
51,"[1, 3, 4]","[3, 2, 3]","[0.58, 0.58, 0.75]","[['A', 'D', 'C', 'B'], ['D', 'B', 'C', 'A'], ['D', 'B', 'A', 'C']]","{'D': 4, 'B': 3, 'A': 2, 'C': 1}","[0.67, 1.0, 0.79]",3.58
51,"[1, 3, 4]","[3, 2, 3]","[0.58, 0.58, 0.75]","[['A', 'D', 'C', 'B'], ['D', 'B', 'C', 'A'], ['D', 'B', 'C', 'A']]","{'D': 4, 'B': 3, 'A': 2, 'C': 1}","[0.67, 1.0, 0.79]",3.58
51,"[1, 3, 4]","[3, 2, 3]","[0.58, 0.58, 0.75]","[['B', 'A', 'C', 'D'], ['A', 'B', 'C', 'D'], ['B', 'D', 'A', 'C']]","{'B': 4, 'A': 3, 'D': 2, 'C': 1}","[1.0, 0.75, 1.0]",3.96
51,"[1, 3, 4]","[3, 2, 3]","[0.58, 0.58, 0.75]","[['B', 'A', 'C', 'D'], ['A', 'B', 'C', 'D'], ['B', 'D', 'C', 'A']]","{'B': 4, 'A': 3, 'D': 2, 'C': 1}","[1.0, 0.75, 1.0]",3.96
51,"[1, 3, 4]","[3, 2, 3]","[0.58, 0.58, 0.75]","[['B', 'A', 'C', 'D'], ['A', 'B', 'C', 'D'], ['D', 'B', 'A', 'C']]","{'B': 4, 'A': 3, 'D': 2, 'C': 1}","[1.0, 0.75, 1.0]",3.96
51,"[1, 3, 4]","[3, 2, 3]","[0.58, 0.58, 0.75]","[['B', 'A', 'C', 'D'], ['A', 'B', 'C', 'D'], ['D', 'B', 'C', 'A']]","{'B': 4, 'A': 3, 'D': 2, 'C': 1}","[1.0, 0.75, 1.0]",3.96
51,"[1, 3, 4]","[3, 2, 3]","[0.58, 0.58, 0.75]","[['B', 'A', 'C', 'D'], ['A', 'B', 'D', 'C'], ['B', 'D', 'A', 'C']]","{'B': 4, 'A': 3, 'D': 2, 'C': 1}","[1.0, 0.75, 1.0]",3.96
51,"[1, 3, 4]","[3, 2, 3]","[0.58, 0.58, 0.75]","[['B', 'A', 'C', 'D'], ['A', 'B', 'D', 'C'], ['B', 'D', 'C', 'A']]","{'B': 4, 'A': 3, 'D': 2, 'C': 1}","[1.0, 0.75, 1.0]",3.96
51,"[1, 3, 4]","[3, 2, 3]","[0.58, 0.58, 0.75]","[['B', 'A', 'C', 'D'], ['A', 'B', 'D', 'C'], ['D', 'B', 'A', 'C']]","{'B': 4, 'A': 3, 'D': 2, 'C': 1}","[1.0, 0.75, 1.0]",3.96
51,"[1, 3, 4]","[3, 2, 3]","[0.58, 0.58, 0.75]","[['B', 'A', 'C', 'D'], ['A', 'B', 'D', 'C'], ['D', 'B', 'C', 'A']]","{'B': 4, 'A': 3, 'D': 2, 'C': 1}","[1.0, 0.75, 1.0]",3.96
51,"[1, 3, 4]","[3, 2, 3]","[0.58, 0.58, 0.75]","[['B', 'A', 'C', 'D'], ['B', 'A', 'C', 'D'], ['B', 'D', 'A', 'C']]","{'B': 4, 'A': 3, 'D': 2, 'C': 1}","[1.0, 0.75, 1.0]",3.96
51,"[1, 3, 4]","[3, 2, 3]","[0.58, 0.58, 0.75]","[['B', 'A', 'C', 'D'], ['B', 'A', 'C', 'D'], ['B', 'D', 'C', 'A']]","{'B': 4, 'A': 3, 'D': 2, 'C': 1}","[1.0, 0.75, 1.0]",3.96
51,"[1, 3, 4]","[3, 2, 3]","[0.58, 0.58, 0.75]","[['B', 'A', 'C', 'D'], ['B', 'A', 'C', 'D'], ['D', 'B', 'A', 'C']]","{'B': 4, 'A': 3, 'D': 2, 'C': 1}","[1.0, 0.75, 1.0]",3.96
51,"[1, 3, 4]","[3, 2, 3]","[0.58, 0.58, 0.75]","[['B', 'A', 'C', 'D'], ['B', 'A', 'C', 'D'], ['D', 'B', 'C', 'A']]","{'B': 4, 'A': 3, 'D': 2, 'C': 1}","[1.0, 0.75, 1.0]",3.96
51,"[1, 3, 4]","[3, 2, 3]","[0.58, 0.58, 0.75]","[['B', 'A', 'C', 'D'], ['B', 'A', 'D', 'C'], ['B', 'D', 'A', 'C']]","{'B': 4, 'A': 3, 'D': 2, 'C': 1}","[1.0, 0.75, 1.0]",3.96
51,"[1, 3, 4]","[3, 2, 3]","[0.58, 0.58, 0.75]","[['B', 'A', 'C', 'D'], ['B', 'A', 'D', 'C'], ['B', 'D', 'C', 'A']]","{'B': 4, 'A': 3, 'D': 2, 'C': 1}","[1.0, 0.75, 1.0]",3.96
51,"[1, 3, 4]","[3, 2, 3]","[0.58, 0.58, 0.75]","[['B', 'A', 'C', 'D'], ['B', 'A', 'D', 'C'], ['D', 'B', 'A', 'C']]","{'B': 4, 'A': 3, 'D': 2, 'C': 1}","[1.0, 0.75, 1.0]",3.96
51,"[1, 3, 4]","[3, 2, 3]","[0.58, 0.58, 0.75]","[['B', 'A', 'C', 'D'], ['B', 'A', 'D', 'C'], ['D', 'B', 'C', 'A']]","{'B': 4, 'A': 3, 'D': 2, 'C': 1}","[1.0, 0.75, 1.0]",3.96
51,"[1, 3, 4]","[3, 2, 3]","[0.58, 0.58, 0.75]","[['B', 'A', 'C', 'D'], ['B', 'D', 'A', 'C'], ['A', 'B', 'C', 'D']]","{'B': 4, 'A': 3, 'D': 2, 'C': 1}","[1.0, 0.75, 1.0]",3.96
51,"[1, 3, 4]","[3, 2, 3]","[0.58, 0.58, 0.75]","[['B', 'A', 'C', 'D'], ['B', 'D', 'A', 'C'], ['A', 'B', 'D', 'C']]","{'B': 4, 'A': 3, 'D': 2, 'C': 1}","[1.0, 0.75, 1.0]",3.96
51,"[1, 3, 4]","[3, 2, 3]","[0.58, 0.58, 0.75]","[['B', 'A', 'C', 'D'], ['B', 'D', 'A', 'C'], ['B', 'A', 'C', 'D']]","{'B': 4, 'A': 3, 'D': 2, 'C': 1}","[1.0, 0.75, 1.0]",3.96
51,"[1, 3, 4]","[3, 2, 3]","[0.58, 0.58, 0.75]","[['B', 'A', 'C', 'D'], ['B', 'D', 'A', 'C'], ['B', 'A', 'D', 'C']]","{'B': 4, 'A': 3, 'D': 2, 'C': 1}","[1.0, 0.75, 1.0]",3.96
51,"[1, 3, 4]","[3, 2, 3]","[0.58, 0.58, 0.75]","[['B', 'A', 'C', 'D'], ['B', 'D', 'A', 'C'], ['B', 'D', 'A', 'C']]","{'B': 4, 'D': 3, 'A': 2, 'C': 1}","[1.0, 0.79, 1.0]",3.95
51,"[1, 3, 4]","[3, 2, 3]","[0.58, 0.58, 0.75]","[['B', 'A', 'C', 'D'], ['B', 'D', 'A', 'C'], ['B', 'D', 'C', 'A']]","{'B': 4, 'D': 3, 'A': 2, 'C': 1}","[1.0, 0.79, 1.0]",3.95
51,"[1, 3, 4]","[3, 2, 3]","[0.58, 0.58, 0.75]","[['B', 'A', 'C', 'D'], ['B', 'D', 'A', 'C'], ['C', 'D', 'A', 'B']]","{'B': 3, 'D': 3, 'A': 2, 'C': 2}","[1.0, 0.79, 1.0]",3.95
51,"[1, 3, 4]","[3, 2, 3]","[0.58, 0.58, 0.75]","[['B', 'A', 'C', 'D'], ['B', 'D', 'A', 'C'], ['C', 'D', 'B', 'A']]","{'B': 3, 'D': 3, 'A': 2, 'C': 2}","[1.0, 0.79, 1.0]",3.95
51,"[1, 3, 4]","[3, 2, 3]","[0.58, 0.58, 0.75]","[['B', 'A', 'C', 'D'], ['B', 'D', 'A', 'C'], ['D', 'B', 'A', 'C']]","{'B': 4, 'D': 3, 'A': 2, 'C': 1}","[1.0, 0.79, 1.0]",3.95
51,"[1, 3, 4]","[3, 2, 3]","[0.58, 0.58, 0.75]","[['B', 'A', 'C', 'D'], ['B', 'D', 'A', 'C'], ['D', 'B', 'C', 'A']]","{'B': 4, 'D': 3, 'A': 2, 'C': 1}","[1.0, 0.79, 1.0]",3.95
51,"[1, 3, 4]","[3, 2, 3]","[0.58, 0.58, 0.75]","[['B', 'A', 'C', 'D'], ['B', 'D', 'A', 'C'], ['D', 'C', 'A', 'B']]","{'B': 3, 'D': 3, 'A': 2, 'C': 2}","[1.0, 0.79, 1.0]",3.95
51,"[1, 3, 4]","[3, 2, 3]","[0.58, 0.58, 0.75]","[['B', 'A', 'C', 'D'], ['B', 'D', 'A', 'C'], ['D', 'C', 'B', 'A']]","{'B': 3, 'D': 3, 'A': 2, 'C': 2}","[1.0, 0.79, 1.0]",3.95
51,"[1, 3, 4]","[3, 2, 3]","[0.58, 0.58, 0.75]","[['B', 'A', 'C', 'D'], ['B', 'D', 'C', 'A'], ['A', 'B', 'C', 'D']]","{'B': 4, 'A': 3, 'D': 2, 'C': 1}","[1.0, 0.75, 1.0]",3.96
51,"[1, 3, 4]","[3, 2, 3]","[0.58, 0.58, 0.75]","[['B', 'A', 'C', 'D'], ['B', 'D', 'C', 'A'], ['A', 'B', 'D', 'C']]","{'B': 4, 'A': 3, 'D': 2, 'C': 1}","[1.0, 0.75, 1.0]",3.96
51,"[1, 3, 4]","[3, 2, 3]","[0.58, 0.58, 0.75]","[['B', 'A', 'C', 'D'], ['B', 'D', 'C', 'A'], ['B', 'A', 'C', 'D']]","{'B': 4, 'A': 3, 'D': 2, 'C': 1}","[1.0, 0.75, 1.0]",3.96
51,"[1, 3, 4]","[3, 2, 3]","[0.58, 0.58, 0.75]","[['B', 'A', 'C', 'D'], ['B', 'D', 'C', 'A'], ['B', 'A', 'D', 'C']]","{'B': 4, 'A': 3, 'D': 2, 'C': 1}","[1.0, 0.75, 1.0]",3.96
51,"[1, 3, 4]","[3, 2, 3]","[0.58, 0.58, 0.75]","[['B', 'A', 'C', 'D'], ['B', 'D', 'C', 'A'], ['B', 'D', 'A', 'C']]","{'B': 4, 'D': 3, 'A': 2, 'C': 1}","[1.0, 0.79, 1.0]",3.95
51,"[1, 3, 4]","[3, 2, 3]","[0.58, 0.58, 0.75]","[['B', 'A', 'C', 'D'], ['B', 'D', 'C', 'A'], ['B', 'D', 'C', 'A']]","{'B': 4, 'D': 3, 'A': 2, 'C': 1}","[1.0, 0.79, 1.0]",3.95
51,"[1, 3, 4]","[3, 2, 3]","[0.58, 0.58, 0.75]","[['B', 'A', 'C', 'D'], ['B', 'D', 'C', 'A'], ['C', 'D', 'A', 'B']]","{'B': 3, 'D': 3, 'A': 2, 'C': 2}","[1.0, 0.79, 1.0]",3.95
51,"[1, 3, 4]","[3, 2, 3]","[0.58, 0.58, 0.75]","[['B', 'A', 'C', 'D'], ['B', 'D', 'C', 'A'], ['C', 'D', 'B', 'A']]","{'B': 3, 'D': 3, 'A': 2, 'C': 2}","[1.0, 0.79, 1.0]",3.95
51,"[1, 3, 4]","[3, 2, 3]","[0.58, 0.58, 0.75]","[['B', 'A', 'C', 'D'], ['B', 'D', 'C', 'A'], ['D', 'B', 'A', 'C']]","{'B': 4, 'D': 3, 'A': 2, 'C': 1}","[1.0, 0.79, 1.0]",3.95
51,"[1, 3, 4]","[3, 2, 3]","[0.58, 0.58, 0.75]","[['B', 'A', 'C', 'D'], ['B', 'D', 'C', 'A'], ['D', 'B', 'C', 'A']]","{'B': 4, 'D': 3, 'A': 2, 'C': 1}","[1.0, 0.79, 1.0]",3.95
51,"[1, 3, 4]","[3, 2, 3]","[0.58, 0.58, 0.75]","[['B', 'A', 'C', 'D'], ['B', 'D', 'C', 'A'], ['D', 'C', 'A', 'B']]","{'B': 3, 'D': 3, 'A': 2, 'C': 2}","[1.0, 0.79, 1.0]",3.95
51,"[1, 3, 4]","[3, 2, 3]","[0.58, 0.58, 0.75]","[['B', 'A', 'C', 'D'], ['B', 'D', 'C', 'A'], ['D', 'C', 'B', 'A']]","{'B': 3, 'D': 3, 'A': 2, 'C': 2}","[1.0, 0.79, 1.0]",3.95
51,"[1, 3, 4]","[3, 2, 3]","[0.58, 0.58, 0.75]","[['B', 'A', 'C', 'D'], ['C', 'D', 'A', 'B'], ['B', 'D', 'A', 'C']]","{'B': 3, 'D': 3, 'A': 2, 'C': 2}","[1.0, 0.79, 1.0]",3.95
51,"[1, 3, 4]","[3, 2, 3]","[0.58, 0.58, 0.75]","[['B', 'A', 'C', 'D'], ['C', 'D', 'A', 'B'], ['B', 'D', 'C', 'A']]","{'B': 3, 'D': 3, 'A': 2, 'C': 2}","[1.0, 0.79, 1.0]",3.95
51,"[1, 3, 4]","[3, 2, 3]","[0.58, 0.58, 0.75]","[['B', 'A', 'C', 'D'], ['C', 'D', 'A', 'B'], ['D', 'B', 'A', 'C']]","{'B': 3, 'D': 3, 'A': 2, 'C': 2}","[1.0, 0.79, 1.0]",3.95
51,"[1, 3, 4]","[3, 2, 3]","[0.58, 0.58, 0.75]","[['B', 'A', 'C', 'D'], ['C', 'D', 'A', 'B'], ['D', 'B', 'C', 'A']]","{'B': 3, 'D': 3, 'A': 2, 'C': 2}","[1.0, 0.79, 1.0]",3.95
51,"[1, 3, 4]","[3, 2, 3]","[0.58, 0.58, 0.75]","[['B', 'A', 'C', 'D'], ['C', 'D', 'B', 'A'], ['B', 'D', 'A', 'C']]","{'B': 3, 'D': 3, 'A': 2, 'C': 2}","[1.0, 0.79, 1.0]",3.95
51,"[1, 3, 4]","[3, 2, 3]","[0.58, 0.58, 0.75]","[['B', 'A', 'C', 'D'], ['C', 'D', 'B', 'A'], ['B', 'D', 'C', 'A']]","{'B': 3, 'D': 3, 'A': 2, 'C': 2}","[1.0, 0.79, 1.0]",3.95
51,"[1, 3, 4]","[3, 2, 3]","[0.58, 0.58, 0.75]","[['B', 'A', 'C', 'D'], ['C', 'D', 'B', 'A'], ['D', 'B', 'A', 'C']]","{'B': 3, 'D': 3, 'A': 2, 'C': 2}","[1.0, 0.79, 1.0]",3.95
51,"[1, 3, 4]","[3, 2, 3]","[0.58, 0.58, 0.75]","[['B', 'A', 'C', 'D'], ['C', 'D', 'B', 'A'], ['D', 'B', 'C', 'A']]","{'B': 3, 'D': 3, 'A': 2, 'C': 2}","[1.0, 0.79, 1.0]",3.95
51,"[1, 3, 4]","[3, 2, 3]","[0.58, 0.58, 0.75]","[['B', 'A', 'C', 'D'], ['D', 'B', 'A', 'C'], ['A', 'B', 'C', 'D']]","{'B': 4, 'A': 3, 'D': 2, 'C': 1}","[1.0, 0.75, 1.0]",3.96
51,"[1, 3, 4]","[3, 2, 3]","[0.58, 0.58, 0.75]","[['B', 'A', 'C', 'D'], ['D', 'B', 'A', 'C'], ['A', 'B', 'D', 'C']]","{'B': 4, 'A': 3, 'D': 2, 'C': 1}","[1.0, 0.75, 1.0]",3.96
51,"[1, 3, 4]","[3, 2, 3]","[0.58, 0.58, 0.75]","[['B', 'A', 'C', 'D'], ['D', 'B', 'A', 'C'], ['B', 'A', 'C', 'D']]","{'B': 4, 'A': 3, 'D': 2, 'C': 1}","[1.0, 0.75, 1.0]",3.96
51,"[1, 3, 4]","[3, 2, 3]","[0.58, 0.58, 0.75]","[['B', 'A', 'C', 'D'], ['D', 'B', 'A', 'C'], ['B', 'A', 'D', 'C']]","{'B': 4, 'A': 3, 'D': 2, 'C': 1}","[1.0, 0.75, 1.0]",3.96
51,"[1, 3, 4]","[3, 2, 3]","[0.58, 0.58, 0.75]","[['B', 'A', 'C', 'D'], ['D', 'B', 'A', 'C'], ['B', 'D', 'A', 'C']]","{'B': 4, 'D': 3, 'A': 2, 'C': 1}","[1.0, 0.79, 1.0]",3.95
51,"[1, 3, 4]","[3, 2, 3]","[0.58, 0.58, 0.75]","[['B', 'A', 'C', 'D'], ['D', 'B', 'A', 'C'], ['B', 'D', 'C', 'A']]","{'B': 4, 'D': 3, 'A': 2, 'C': 1}","[1.0, 0.79, 1.0]",3.95
51,"[1, 3, 4]","[3, 2, 3]","[0.58, 0.58, 0.75]","[['B', 'A', 'C', 'D'], ['D', 'B', 'A', 'C'], ['C', 'D', 'A', 'B']]","{'B': 3, 'D': 3, 'A': 2, 'C': 2}","[1.0, 0.79, 1.0]",3.95
51,"[1, 3, 4]","[3, 2, 3]","[0.58, 0.58, 0.75]","[['B', 'A', 'C', 'D'], ['D', 'B', 'A', 'C'], ['C', 'D', 'B', 'A']]","{'B': 3, 'D': 3, 'A': 2, 'C': 2}","[1.0, 0.79, 1.0]",3.95
51,"[1, 3, 4]","[3, 2, 3]","[0.58, 0.58, 0.75]","[['B', 'A', 'C', 'D'], ['D', 'B', 'A', 'C'], ['D', 'B', 'A', 'C']]","{'B': 4, 'D': 3, 'A': 2, 'C': 1}","[1.0, 0.79, 1.0]",3.95
51,"[1, 3, 4]","[3, 2, 3]","[0.58, 0.58, 0.75]","[['B', 'A', 'C', 'D'], ['D', 'B', 'A', 'C'], ['D', 'B', 'C', 'A']]","{'B': 4, 'D': 3, 'A': 2, 'C': 1}","[1.0, 0.79, 1.0]",3.95
51,"[1, 3, 4]","[3, 2, 3]","[0.58, 0.58, 0.75]","[['B', 'A', 'C', 'D'], ['D', 'B', 'A', 'C'], ['D', 'C', 'A', 'B']]","{'B': 3, 'D': 3, 'A': 2, 'C': 2}","[1.0, 0.79, 1.0]",3.95
51,"[1, 3, 4]","[3, 2, 3]","[0.58, 0.58, 0.75]","[['B', 'A', 'C', 'D'], ['D', 'B', 'A', 'C'], ['D', 'C', 'B', 'A']]","{'B': 3, 'D': 3, 'A': 2, 'C': 2}","[1.0, 0.79, 1.0]",3.95
51,"[1, 3, 4]","[3, 2, 3]","[0.58, 0.58, 0.75]","[['B', 'A', 'C', 'D'], ['D', 'B', 'C', 'A'], ['A', 'B', 'C', 'D']]","{'B': 4, 'A': 3, 'D': 2, 'C': 1}","[1.0, 0.75, 1.0]",3.96
51,"[1, 3, 4]","[3, 2, 3]","[0.58, 0.58, 0.75]","[['B', 'A', 'C', 'D'], ['D', 'B', 'C', 'A'], ['A', 'B', 'D', 'C']]","{'B': 4, 'A': 3, 'D': 2, 'C': 1}","[1.0, 0.75, 1.0]",3.96
51,"[1, 3, 4]","[3, 2, 3]","[0.58, 0.58, 0.75]","[['B', 'A', 'C', 'D'], ['D', 'B', 'C', 'A'], ['B', 'A', 'C', 'D']]","{'B': 4, 'A': 3, 'D': 2, 'C': 1}","[1.0, 0.75, 1.0]",3.96
51,"[1, 3, 4]","[3, 2, 3]","[0.58, 0.58, 0.75]","[['B', 'A', 'C', 'D'], ['D', 'B', 'C', 'A'], ['B', 'A', 'D', 'C']]","{'B': 4, 'A': 3, 'D': 2, 'C': 1}","[1.0, 0.75, 1.0]",3.96
51,"[1, 3, 4]","[3, 2, 3]","[0.58, 0.58, 0.75]","[['B', 'A', 'C', 'D'], ['D', 'B', 'C', 'A'], ['B', 'D', 'A', 'C']]","{'B': 4, 'D': 3, 'A': 2, 'C': 1}","[1.0, 0.79, 1.0]",3.95
51,"[1, 3, 4]","[3, 2, 3]","[0.58, 0.58, 0.75]","[['B', 'A', 'C', 'D'], ['D', 'B', 'C', 'A'], ['B', 'D', 'C', 'A']]","{'B': 4, 'D': 3, 'A': 2, 'C': 1}","[1.0, 0.79, 1.0]",3.95
51,"[1, 3, 4]","[3, 2, 3]","[0.58, 0.58, 0.75]","[['B', 'A', 'C', 'D'], ['D', 'B', 'C', 'A'], ['C', 'D', 'A', 'B']]","{'B': 3, 'D': 3, 'A': 2, 'C': 2}","[1.0, 0.79, 1.0]",3.95
51,"[1, 3, 4]","[3, 2, 3]","[0.58, 0.58, 0.75]","[['B', 'A', 'C', 'D'], ['D', 'B', 'C', 'A'], ['C', 'D', 'B', 'A']]","{'B': 3, 'D': 3, 'A': 2, 'C': 2}","[1.0, 0.79, 1.0]",3.95
51,"[1, 3, 4]","[3, 2, 3]","[0.58, 0.58, 0.75]","[['B', 'A', 'C', 'D'], ['D', 'B', 'C', 'A'], ['D', 'B', 'A', 'C']]","{'B': 4, 'D': 3, 'A': 2, 'C': 1}","[1.0, 0.79, 1.0]",3.95
51,"[1, 3, 4]","[3, 2, 3]","[0.58, 0.58, 0.75]","[['B', 'A', 'C', 'D'], ['D', 'B', 'C', 'A'], ['D', 'B', 'C', 'A']]","{'B': 4, 'D': 3, 'A': 2, 'C': 1}","[1.0, 0.79, 1.0]",3.95
51,"[1, 3, 4]","[3, 2, 3]","[0.58, 0.58, 0.75]","[['B', 'A', 'C', 'D'], ['D', 'B', 'C', 'A'], ['D', 'C', 'A', 'B']]","{'B': 3, 'D': 3, 'A': 2, 'C': 2}","[1.0, 0.79, 1.0]",3.95
51,"[1, 3, 4]","[3, 2, 3]","[0.58, 0.58, 0.75]","[['B', 'A', 'C', 'D'], ['D', 'B', 'C', 'A'], ['D', 'C', 'B', 'A']]","{'B': 3, 'D': 3, 'A': 2, 'C': 2}","[1.0, 0.79, 1.0]",3.95
51,"[1, 3, 4]","[3, 2, 3]","[0.58, 0.58, 0.75]","[['B', 'A', 'C', 'D'], ['D', 'C', 'A', 'B'], ['B', 'D', 'A', 'C']]","{'B': 3, 'D': 3, 'A': 2, 'C': 2}","[1.0, 0.79, 1.0]",3.95
51,"[1, 3, 4]","[3, 2, 3]","[0.58, 0.58, 0.75]","[['B', 'A', 'C', 'D'], ['D', 'C', 'A', 'B'], ['B', 'D', 'C', 'A']]","{'B': 3, 'D': 3, 'A': 2, 'C': 2}","[1.0, 0.79, 1.0]",3.95
51,"[1, 3, 4]","[3, 2, 3]","[0.58, 0.58, 0.75]","[['B', 'A', 'C', 'D'], ['D', 'C', 'A', 'B'], ['D', 'B', 'A', 'C']]","{'B': 3, 'D': 3, 'A': 2, 'C': 2}","[1.0, 0.79, 1.0]",3.95
51,"[1, 3, 4]","[3, 2, 3]","[0.58, 0.58, 0.75]","[['B', 'A', 'C', 'D'], ['D', 'C', 'A', 'B'], ['D', 'B', 'C', 'A']]","{'B': 3, 'D': 3, 'A': 2, 'C': 2}","[1.0, 0.79, 1.0]",3.95
51,"[1, 3, 4]","[3, 2, 3]","[0.58, 0.58, 0.75]","[['B', 'A', 'C', 'D'], ['D', 'C', 'B', 'A'], ['B', 'D', 'A', 'C']]","{'B': 3, 'D': 3, 'A': 2, 'C': 2}","[1.0, 0.79, 1.0]",3.95
51,"[1, 3, 4]","[3, 2, 3]","[0.58, 0.58, 0.75]","[['B', 'A', 'C', 'D'], ['D', 'C', 'B', 'A'], ['B', 'D', 'C', 'A']]","{'B': 3, 'D': 3, 'A': 2, 'C': 2}","[1.0, 0.79, 1.0]",3.95
51,"[1, 3, 4]","[3, 2, 3]","[0.58, 0.58, 0.75]","[['B', 'A', 'C', 'D'], ['D', 'C', 'B', 'A'], ['D', 'B', 'A', 'C']]","{'B': 3, 'D': 3, 'A': 2, 'C': 2}","[1.0, 0.79, 1.0]",3.95
51,"[1, 3, 4]","[3, 2, 3]","[0.58, 0.58, 0.75]","[['B', 'A', 'C', 'D'], ['D', 'C', 'B', 'A'], ['D', 'B', 'C', 'A']]","{'B': 3, 'D': 3, 'A': 2, 'C': 2}","[1.0, 0.79, 1.0]",3.95
51,"[1, 3, 4]","[3, 2, 3]","[0.58, 0.58, 0.75]","[['B', 'A', 'D', 'C'], ['A', 'B', 'C', 'D'], ['B', 'D', 'A', 'C']]","{'B': 4, 'A': 3, 'D': 2, 'C': 1}","[1.0, 0.75, 1.0]",3.96
51,"[1, 3, 4]","[3, 2, 3]","[0.58, 0.58, 0.75]","[['B', 'A', 'D', 'C'], ['A', 'B', 'C', 'D'], ['B', 'D', 'C', 'A']]","{'B': 4, 'A': 3, 'D': 2, 'C': 1}","[1.0, 0.75, 1.0]",3.96
51,"[1, 3, 4]","[3, 2, 3]","[0.58, 0.58, 0.75]","[['B', 'A', 'D', 'C'], ['A', 'B', 'C', 'D'], ['D', 'B', 'A', 'C']]","{'B': 4, 'A': 3, 'D': 2, 'C': 1}","[1.0, 0.75, 1.0]",3.96
51,"[1, 3, 4]","[3, 2, 3]","[0.58, 0.58, 0.75]","[['B', 'A', 'D', 'C'], ['A', 'B', 'C', 'D'], ['D', 'B', 'C', 'A']]","{'B': 4, 'A': 3, 'D': 2, 'C': 1}","[1.0, 0.75, 1.0]",3.96
51,"[1, 3, 4]","[3, 2, 3]","[0.58, 0.58, 0.75]","[['B', 'A', 'D', 'C'], ['A', 'B', 'D', 'C'], ['B', 'D', 'A', 'C']]","{'B': 4, 'A': 3, 'D': 2, 'C': 1}","[1.0, 0.75, 1.0]",3.96
51,"[1, 3, 4]","[3, 2, 3]","[0.58, 0.58, 0.75]","[['B', 'A', 'D', 'C'], ['A', 'B', 'D', 'C'], ['B', 'D', 'C', 'A']]","{'B': 4, 'A': 3, 'D': 2, 'C': 1}","[1.0, 0.75, 1.0]",3.96
51,"[1, 3, 4]","[3, 2, 3]","[0.58, 0.58, 0.75]","[['B', 'A', 'D', 'C'], ['A', 'B', 'D', 'C'], ['D', 'B', 'A', 'C']]","{'B': 4, 'A': 3, 'D': 2, 'C': 1}","[1.0, 0.75, 1.0]",3.96
51,"[1, 3, 4]","[3, 2, 3]","[0.58, 0.58, 0.75]","[['B', 'A', 'D', 'C'], ['A', 'B', 'D', 'C'], ['D', 'B', 'C', 'A']]","{'B': 4, 'A': 3, 'D': 2, 'C': 1}","[1.0, 0.75, 1.0]",3.96
51,"[1, 3, 4]","[3, 2, 3]","[0.58, 0.58, 0.75]","[['B', 'A', 'D', 'C'], ['B', 'A', 'C', 'D'], ['B', 'D', 'A', 'C']]","{'B': 4, 'A': 3, 'D': 2, 'C': 1}","[1.0, 0.75, 1.0]",3.96
51,"[1, 3, 4]","[3, 2, 3]","[0.58, 0.58, 0.75]","[['B', 'A', 'D', 'C'], ['B', 'A', 'C', 'D'], ['B', 'D', 'C', 'A']]","{'B': 4, 'A': 3, 'D': 2, 'C': 1}","[1.0, 0.75, 1.0]",3.96
51,"[1, 3, 4]","[3, 2, 3]","[0.58, 0.58, 0.75]","[['B', 'A', 'D', 'C'], ['B', 'A', 'C', 'D'], ['D', 'B', 'A', 'C']]","{'B': 4, 'A': 3, 'D': 2, 'C': 1}","[1.0, 0.75, 1.0]",3.96
51,"[1, 3, 4]","[3, 2, 3]","[0.58, 0.58, 0.75]","[['B', 'A', 'D', 'C'], ['B', 'A', 'C', 'D'], ['D', 'B', 'C', 'A']]","{'B': 4, 'A': 3, 'D': 2, 'C': 1}","[1.0, 0.75, 1.0]",3.96
51,"[1, 3, 4]","[3, 2, 3]","[0.58, 0.58, 0.75]","[['B', 'A', 'D', 'C'], ['B', 'A', 'D', 'C'], ['B', 'D', 'A', 'C']]","{'B': 4, 'A': 3, 'D': 2, 'C': 1}","[1.0, 0.75, 1.0]",3.96
51,"[1, 3, 4]","[3, 2, 3]","[0.58, 0.58, 0.75]","[['B', 'A', 'D', 'C'], ['B', 'A', 'D', 'C'], ['B', 'D', 'C', 'A']]","{'B': 4, 'A': 3, 'D': 2, 'C': 1}","[1.0, 0.75, 1.0]",3.96
51,"[1, 3, 4]","[3, 2, 3]","[0.58, 0.58, 0.75]","[['B', 'A', 'D', 'C'], ['B', 'A', 'D', 'C'], ['D', 'B', 'A', 'C']]","{'B': 4, 'A': 3, 'D': 2, 'C': 1}","[1.0, 0.75, 1.0]",3.96
51,"[1, 3, 4]","[3, 2, 3]","[0.58, 0.58, 0.75]","[['B', 'A', 'D', 'C'], ['B', 'A', 'D', 'C'], ['D', 'B', 'C', 'A']]","{'B': 4, 'A': 3, 'D': 2, 'C': 1}","[1.0, 0.75, 1.0]",3.96
51,"[1, 3, 4]","[3, 2, 3]","[0.58, 0.58, 0.75]","[['B', 'A', 'D', 'C'], ['B', 'D', 'A', 'C'], ['A', 'B', 'C', 'D']]","{'B': 4, 'A': 3, 'D': 2, 'C': 1}","[1.0, 0.75, 1.0]",3.96
51,"[1, 3, 4]","[3, 2, 3]","[0.58, 0.58, 0.75]","[['B', 'A', 'D', 'C'], ['B', 'D', 'A', 'C'], ['A', 'B', 'D', 'C']]","{'B': 4, 'A': 3, 'D': 2, 'C': 1}","[1.0, 0.75, 1.0]",3.96
51,"[1, 3, 4]","[3, 2, 3]","[0.58, 0.58, 0.75]","[['B', 'A', 'D', 'C'], ['B', 'D', 'A', 'C'], ['B', 'A', 'C', 'D']]","{'B': 4, 'A': 3, 'D': 2, 'C': 1}","[1.0, 0.75, 1.0]",3.96
51,"[1, 3, 4]","[3, 2, 3]","[0.58, 0.58, 0.75]","[['B', 'A', 'D', 'C'], ['B', 'D', 'A', 'C'], ['B', 'A', 'D', 'C']]","{'B': 4, 'A': 3, 'D': 2, 'C': 1}","[1.0, 0.75, 1.0]",3.96
51,"[1, 3, 4]","[3, 2, 3]","[0.58, 0.58, 0.75]","[['B', 'A', 'D', 'C'], ['B', 'D', 'A', 'C'], ['B', 'D', 'A', 'C']]","{'B': 4, 'D': 3, 'A': 2, 'C': 1}","[1.0, 0.79, 1.0]",3.95
51,"[1, 3, 4]","[3, 2, 3]","[0.58, 0.58, 0.75]","[['B', 'A', 'D', 'C'], ['B', 'D', 'A', 'C'], ['B', 'D', 'C', 'A']]","{'B': 4, 'D': 3, 'A': 2, 'C': 1}","[1.0, 0.79, 1.0]",3.95
51,"[1, 3, 4]","[3, 2, 3]","[0.58, 0.58, 0.75]","[['B', 'A', 'D', 'C'], ['B', 'D', 'A', 'C'], ['C', 'D', 'A', 'B']]","{'B': 3, 'D': 3, 'A': 2, 'C': 2}","[1.0, 0.79, 1.0]",3.95
51,"[1, 3, 4]","[3, 2, 3]","[0.58, 0.58, 0.75]","[['B', 'A', 'D', 'C'], ['B', 'D', 'A', 'C'], ['C', 'D', 'B', 'A']]","{'B': 3, 'D': 3, 'A': 2, 'C': 2}","[1.0, 0.79, 1.0]",3.95
51,"[1, 3, 4]","[3, 2, 3]","[0.58, 0.58, 0.75]","[['B', 'A', 'D', 'C'], ['B', 'D', 'A', 'C'], ['D', 'B', 'A', 'C']]","{'B': 4, 'D': 3, 'A': 2, 'C': 1}","[1.0, 0.79, 1.0]",3.95
51,"[1, 3, 4]","[3, 2, 3]","[0.58, 0.58, 0.75]","[['B', 'A', 'D', 'C'], ['B', 'D', 'A', 'C'], ['D', 'B', 'C', 'A']]","{'B': 4, 'D': 3, 'A': 2, 'C': 1}","[1.0, 0.79, 1.0]",3.95
51,"[1, 3, 4]","[3, 2, 3]","[0.58, 0.58, 0.75]","[['B', 'A', 'D', 'C'], ['B', 'D', 'A', 'C'], ['D', 'C', 'A', 'B']]","{'B': 3, 'D': 3, 'A': 2, 'C': 2}","[1.0, 0.79, 1.0]",3.95
51,"[1, 3, 4]","[3, 2, 3]","[0.58, 0.58, 0.75]","[['B', 'A', 'D', 'C'], ['B', 'D', 'A', 'C'], ['D', 'C', 'B', 'A']]","{'B': 3, 'D': 3, 'A': 2, 'C': 2}","[1.0, 0.79, 1.0]",3.95
51,"[1, 3, 4]","[3, 2, 3]","[0.58, 0.58, 0.75]","[['B', 'A', 'D', 'C'], ['B', 'D', 'C', 'A'], ['A', 'B', 'C', 'D']]","{'B': 4, 'A': 3, 'D': 2, 'C': 1}","[1.0, 0.75, 1.0]",3.96
51,"[1, 3, 4]","[3, 2, 3]","[0.58, 0.58, 0.75]","[['B', 'A', 'D', 'C'], ['B', 'D', 'C', 'A'], ['A', 'B', 'D', 'C']]","{'B': 4, 'A': 3, 'D': 2, 'C': 1}","[1.0, 0.75, 1.0]",3.96
51,"[1, 3, 4]","[3, 2, 3]","[0.58, 0.58, 0.75]","[['B', 'A', 'D', 'C'], ['B', 'D', 'C', 'A'], ['B', 'A', 'C', 'D']]","{'B': 4, 'A': 3, 'D': 2, 'C': 1}","[1.0, 0.75, 1.0]",3.96
51,"[1, 3, 4]","[3, 2, 3]","[0.58, 0.58, 0.75]","[['B', 'A', 'D', 'C'], ['B', 'D', 'C', 'A'], ['B', 'A', 'D', 'C']]","{'B': 4, 'A': 3, 'D': 2, 'C': 1}","[1.0, 0.75, 1.0]",3.96
51,"[1, 3, 4]","[3, 2, 3]","[0.58, 0.58, 0.75]","[['B', 'A', 'D', 'C'], ['B', 'D', 'C', 'A'], ['B', 'D', 'A', 'C']]","{'B': 4, 'D': 3, 'A': 2, 'C': 1}","[1.0, 0.79, 1.0]",3.95
51,"[1, 3, 4]","[3, 2, 3]","[0.58, 0.58, 0.75]","[['B', 'A', 'D', 'C'], ['B', 'D', 'C', 'A'], ['B', 'D', 'C', 'A']]","{'B': 4, 'D': 3, 'A': 2, 'C': 1}","[1.0, 0.79, 1.0]",3.95
51,"[1, 3, 4]","[3, 2, 3]","[0.58, 0.58, 0.75]","[['B', 'A', 'D', 'C'], ['B', 'D', 'C', 'A'], ['C', 'D', 'A', 'B']]","{'B': 3, 'D': 3, 'A': 2, 'C': 2}","[1.0, 0.79, 1.0]",3.95
51,"[1, 3, 4]","[3, 2, 3]","[0.58, 0.58, 0.75]","[['B', 'A', 'D', 'C'], ['B', 'D', 'C', 'A'], ['C', 'D', 'B', 'A']]","{'B': 3, 'D': 3, 'A': 2, 'C': 2}","[1.0, 0.79, 1.0]",3.95
51,"[1, 3, 4]","[3, 2, 3]","[0.58, 0.58, 0.75]","[['B', 'A', 'D', 'C'], ['B', 'D', 'C', 'A'], ['D', 'B', 'A', 'C']]","{'B': 4, 'D': 3, 'A': 2, 'C': 1}","[1.0, 0.79, 1.0]",3.95
51,"[1, 3, 4]","[3, 2, 3]","[0.58, 0.58, 0.75]","[['B', 'A', 'D', 'C'], ['B', 'D', 'C', 'A'], ['D', 'B', 'C', 'A']]","{'B': 4, 'D': 3, 'A': 2, 'C': 1}","[1.0, 0.79, 1.0]",3.95
51,"[1, 3, 4]","[3, 2, 3]","[0.58, 0.58, 0.75]","[['B', 'A', 'D', 'C'], ['B', 'D', 'C', 'A'], ['D', 'C', 'A', 'B']]","{'B': 3, 'D': 3, 'A': 2, 'C': 2}","[1.0, 0.79, 1.0]",3.95
51,"[1, 3, 4]","[3, 2, 3]","[0.58, 0.58, 0.75]","[['B', 'A', 'D', 'C'], ['B', 'D', 'C', 'A'], ['D', 'C', 'B', 'A']]","{'B': 3, 'D': 3, 'A': 2, 'C': 2}","[1.0, 0.79, 1.0]",3.95
51,"[1, 3, 4]","[3, 2, 3]","[0.58, 0.58, 0.75]","[['B', 'A', 'D', 'C'], ['C', 'D', 'A', 'B'], ['B', 'D', 'A', 'C']]","{'B': 3, 'D': 3, 'A': 2, 'C': 2}","[1.0, 0.79, 1.0]",3.95
51,"[1, 3, 4]","[3, 2, 3]","[0.58, 0.58, 0.75]","[['B', 'A', 'D', 'C'], ['C', 'D', 'A', 'B'], ['B', 'D', 'C', 'A']]","{'B': 3, 'D': 3, 'A': 2, 'C': 2}","[1.0, 0.79, 1.0]",3.95
51,"[1, 3, 4]","[3, 2, 3]","[0.58, 0.58, 0.75]","[['B', 'A', 'D', 'C'], ['C', 'D', 'A', 'B'], ['D', 'B', 'A', 'C']]","{'B': 3, 'D': 3, 'A': 2, 'C': 2}","[1.0, 0.79, 1.0]",3.95
51,"[1, 3, 4]","[3, 2, 3]","[0.58, 0.58, 0.75]","[['B', 'A', 'D', 'C'], ['C', 'D', 'A', 'B'], ['D', 'B', 'C', 'A']]","{'B': 3, 'D': 3, 'A': 2, 'C': 2}","[1.0, 0.79, 1.0]",3.95
51,"[1, 3, 4]","[3, 2, 3]","[0.58, 0.58, 0.75]","[['B', 'A', 'D', 'C'], ['C', 'D', 'B', 'A'], ['B', 'D', 'A', 'C']]","{'B': 3, 'D': 3, 'A': 2, 'C': 2}","[1.0, 0.79, 1.0]",3.95
51,"[1, 3, 4]","[3, 2, 3]","[0.58, 0.58, 0.75]","[['B', 'A', 'D', 'C'], ['C', 'D', 'B', 'A'], ['B', 'D', 'C', 'A']]","{'B': 3, 'D': 3, 'A': 2, 'C': 2}","[1.0, 0.79, 1.0]",3.95
51,"[1, 3, 4]","[3, 2, 3]","[0.58, 0.58, 0.75]","[['B', 'A', 'D', 'C'], ['C', 'D', 'B', 'A'], ['D', 'B', 'A', 'C']]","{'B': 3, 'D': 3, 'A': 2, 'C': 2}","[1.0, 0.79, 1.0]",3.95
51,"[1, 3, 4]","[3, 2, 3]","[0.58, 0.58, 0.75]","[['B', 'A', 'D', 'C'], ['C', 'D', 'B', 'A'], ['D', 'B', 'C', 'A']]","{'B': 3, 'D': 3, 'A': 2, 'C': 2}","[1.0, 0.79, 1.0]",3.95
51,"[1, 3, 4]","[3, 2, 3]","[0.58, 0.58, 0.75]","[['B', 'A', 'D', 'C'], ['D', 'B', 'A', 'C'], ['A', 'B', 'C', 'D']]","{'B': 4, 'A': 3, 'D': 2, 'C': 1}","[1.0, 0.75, 1.0]",3.96
51,"[1, 3, 4]","[3, 2, 3]","[0.58, 0.58, 0.75]","[['B', 'A', 'D', 'C'], ['D', 'B', 'A', 'C'], ['A', 'B', 'D', 'C']]","{'B': 4, 'A': 3, 'D': 2, 'C': 1}","[1.0, 0.75, 1.0]",3.96
51,"[1, 3, 4]","[3, 2, 3]","[0.58, 0.58, 0.75]","[['B', 'A', 'D', 'C'], ['D', 'B', 'A', 'C'], ['B', 'A', 'C', 'D']]","{'B': 4, 'A': 3, 'D': 2, 'C': 1}","[1.0, 0.75, 1.0]",3.96
51,"[1, 3, 4]","[3, 2, 3]","[0.58, 0.58, 0.75]","[['B', 'A', 'D', 'C'], ['D', 'B', 'A', 'C'], ['B', 'A', 'D', 'C']]","{'B': 4, 'A': 3, 'D': 2, 'C': 1}","[1.0, 0.75, 1.0]",3.96
51,"[1, 3, 4]","[3, 2, 3]","[0.58, 0.58, 0.75]","[['B', 'A', 'D', 'C'], ['D', 'B', 'A', 'C'], ['B', 'D', 'A', 'C']]","{'B': 4, 'D': 3, 'A': 2, 'C': 1}","[1.0, 0.79, 1.0]",3.95
51,"[1, 3, 4]","[3, 2, 3]","[0.58, 0.58, 0.75]","[['B', 'A', 'D', 'C'], ['D', 'B', 'A', 'C'], ['B', 'D', 'C', 'A']]","{'B': 4, 'D': 3, 'A': 2, 'C': 1}","[1.0, 0.79, 1.0]",3.95
51,"[1, 3, 4]","[3, 2, 3]","[0.58, 0.58, 0.75]","[['B', 'A', 'D', 'C'], ['D', 'B', 'A', 'C'], ['C', 'D', 'A', 'B']]","{'B': 3, 'D': 3, 'A': 2, 'C': 2}","[1.0, 0.79, 1.0]",3.95
51,"[1, 3, 4]","[3, 2, 3]","[0.58, 0.58, 0.75]","[['B', 'A', 'D', 'C'], ['D', 'B', 'A', 'C'], ['C', 'D', 'B', 'A']]","{'B': 3, 'D': 3, 'A': 2, 'C': 2}","[1.0, 0.79, 1.0]",3.95
51,"[1, 3, 4]","[3, 2, 3]","[0.58, 0.58, 0.75]","[['B', 'A', 'D', 'C'], ['D', 'B', 'A', 'C'], ['D', 'B', 'A', 'C']]","{'B': 4, 'D': 3, 'A': 2, 'C': 1}","[1.0, 0.79, 1.0]",3.95
51,"[1, 3, 4]","[3, 2, 3]","[0.58, 0.58, 0.75]","[['B', 'A', 'D', 'C'], ['D', 'B', 'A', 'C'], ['D', 'B', 'C', 'A']]","{'B': 4, 'D': 3, 'A': 2, 'C': 1}","[1.0, 0.79, 1.0]",3.95
51,"[1, 3, 4]","[3, 2, 3]","[0.58, 0.58, 0.75]","[['B', 'A', 'D', 'C'], ['D', 'B', 'A', 'C'], ['D', 'C', 'A', 'B']]","{'B': 3, 'D': 3, 'A': 2, 'C': 2}","[1.0, 0.79, 1.0]",3.95
51,"[1, 3, 4]","[3, 2, 3]","[0.58, 0.58, 0.75]","[['B', 'A', 'D', 'C'], ['D', 'B', 'A', 'C'], ['D', 'C', 'B', 'A']]","{'B': 3, 'D': 3, 'A': 2, 'C': 2}","[1.0, 0.79, 1.0]",3.95
51,"[1, 3, 4]","[3, 2, 3]","[0.58, 0.58, 0.75]","[['B', 'A', 'D', 'C'], ['D', 'B', 'C', 'A'], ['A', 'B', 'C', 'D']]","{'B': 4, 'A': 3, 'D': 2, 'C': 1}","[1.0, 0.75, 1.0]",3.96
51,"[1, 3, 4]","[3, 2, 3]","[0.58, 0.58, 0.75]","[['B', 'A', 'D', 'C'], ['D', 'B', 'C', 'A'], ['A', 'B', 'D', 'C']]","{'B': 4, 'A': 3, 'D': 2, 'C': 1}","[1.0, 0.75, 1.0]",3.96
51,"[1, 3, 4]","[3, 2, 3]","[0.58, 0.58, 0.75]","[['B', 'A', 'D', 'C'], ['D', 'B', 'C', 'A'], ['B', 'A', 'C', 'D']]","{'B': 4, 'A': 3, 'D': 2, 'C': 1}","[1.0, 0.75, 1.0]",3.96
51,"[1, 3, 4]","[3, 2, 3]","[0.58, 0.58, 0.75]","[['B', 'A', 'D', 'C'], ['D', 'B', 'C', 'A'], ['B', 'A', 'D', 'C']]","{'B': 4, 'A': 3, 'D': 2, 'C': 1}","[1.0, 0.75, 1.0]",3.96
51,"[1, 3, 4]","[3, 2, 3]","[0.58, 0.58, 0.75]","[['B', 'A', 'D', 'C'], ['D', 'B', 'C', 'A'], ['B', 'D', 'A', 'C']]","{'B': 4, 'D': 3, 'A': 2, 'C': 1}","[1.0, 0.79, 1.0]",3.95
51,"[1, 3, 4]","[3, 2, 3]","[0.58, 0.58, 0.75]","[['B', 'A', 'D', 'C'], ['D', 'B', 'C', 'A'], ['B', 'D', 'C', 'A']]","{'B': 4, 'D': 3, 'A': 2, 'C': 1}","[1.0, 0.79, 1.0]",3.95
51,"[1, 3, 4]","[3, 2, 3]","[0.58, 0.58, 0.75]","[['B', 'A', 'D', 'C'], ['D', 'B', 'C', 'A'], ['C', 'D', 'A', 'B']]","{'B': 3, 'D': 3, 'A': 2, 'C': 2}","[1.0, 0.79, 1.0]",3.95
51,"[1, 3, 4]","[3, 2, 3]","[0.58, 0.58, 0.75]","[['B', 'A', 'D', 'C'], ['D', 'B', 'C', 'A'], ['C', 'D', 'B', 'A']]","{'B': 3, 'D': 3, 'A': 2, 'C': 2}","[1.0, 0.79, 1.0]",3.95
51,"[1, 3, 4]","[3, 2, 3]","[0.58, 0.58, 0.75]","[['B', 'A', 'D', 'C'], ['D', 'B', 'C', 'A'], ['D', 'B', 'A', 'C']]","{'B': 4, 'D': 3, 'A': 2, 'C': 1}","[1.0, 0.79, 1.0]",3.95
51,"[1, 3, 4]","[3, 2, 3]","[0.58, 0.58, 0.75]","[['B', 'A', 'D', 'C'], ['D', 'B', 'C', 'A'], ['D', 'B', 'C', 'A']]","{'B': 4, 'D': 3, 'A': 2, 'C': 1}","[1.0, 0.79, 1.0]",3.95
51,"[1, 3, 4]","[3, 2, 3]","[0.58, 0.58, 0.75]","[['B', 'A', 'D', 'C'], ['D', 'B', 'C', 'A'], ['D', 'C', 'A', 'B']]","{'B': 3, 'D': 3, 'A': 2, 'C': 2}","[1.0, 0.79, 1.0]",3.95
51,"[1, 3, 4]","[3, 2, 3]","[0.58, 0.58, 0.75]","[['B', 'A', 'D', 'C'], ['D', 'B', 'C', 'A'], ['D', 'C', 'B', 'A']]","{'B': 3, 'D': 3, 'A': 2, 'C': 2}","[1.0, 0.79, 1.0]",3.95
51,"[1, 3, 4]","[3, 2, 3]","[0.58, 0.58, 0.75]","[['B', 'A', 'D', 'C'], ['D', 'C', 'A', 'B'], ['B', 'D', 'A', 'C']]","{'B': 3, 'D': 3, 'A': 2, 'C': 2}","[1.0, 0.79, 1.0]",3.95
51,"[1, 3, 4]","[3, 2, 3]","[0.58, 0.58, 0.75]","[['B', 'A', 'D', 'C'], ['D', 'C', 'A', 'B'], ['B', 'D', 'C', 'A']]","{'B': 3, 'D': 3, 'A': 2, 'C': 2}","[1.0, 0.79, 1.0]",3.95
51,"[1, 3, 4]","[3, 2, 3]","[0.58, 0.58, 0.75]","[['B', 'A', 'D', 'C'], ['D', 'C', 'A', 'B'], ['D', 'B', 'A', 'C']]","{'B': 3, 'D': 3, 'A': 2, 'C': 2}","[1.0, 0.79, 1.0]",3.95
51,"[1, 3, 4]","[3, 2, 3]","[0.58, 0.58, 0.75]","[['B', 'A', 'D', 'C'], ['D', 'C', 'A', 'B'], ['D', 'B', 'C', 'A']]","{'B': 3, 'D': 3, 'A': 2, 'C': 2}","[1.0, 0.79, 1.0]",3.95
51,"[1, 3, 4]","[3, 2, 3]","[0.58, 0.58, 0.75]","[['B', 'A', 'D', 'C'], ['D', 'C', 'B', 'A'], ['B', 'D', 'A', 'C']]","{'B': 3, 'D': 3, 'A': 2, 'C': 2}","[1.0, 0.79, 1.0]",3.95
51,"[1, 3, 4]","[3, 2, 3]","[0.58, 0.58, 0.75]","[['B', 'A', 'D', 'C'], ['D', 'C', 'B', 'A'], ['B', 'D', 'C', 'A']]","{'B': 3, 'D': 3, 'A': 2, 'C': 2}","[1.0, 0.79, 1.0]",3.95
51,"[1, 3, 4]","[3, 2, 3]","[0.58, 0.58, 0.75]","[['B', 'A', 'D', 'C'], ['D', 'C', 'B', 'A'], ['D', 'B', 'A', 'C']]","{'B': 3, 'D': 3, 'A': 2, 'C': 2}","[1.0, 0.79, 1.0]",3.95
51,"[1, 3, 4]","[3, 2, 3]","[0.58, 0.58, 0.75]","[['B', 'A', 'D', 'C'], ['D', 'C', 'B', 'A'], ['D', 'B', 'C', 'A']]","{'B': 3, 'D': 3, 'A': 2, 'C': 2}","[1.0, 0.79, 1.0]",3.95
51,"[1, 3, 4]","[3, 2, 3]","[0.58, 0.58, 0.75]","[['B', 'C', 'A', 'D'], ['A', 'D', 'B', 'C'], ['B', 'D', 'A', 'C']]","{'B': 3, 'D': 3, 'A': 2, 'C': 2}","[1.0, 0.79, 1.0]",3.95
51,"[1, 3, 4]","[3, 2, 3]","[0.58, 0.58, 0.75]","[['B', 'C', 'A', 'D'], ['A', 'D', 'B', 'C'], ['B', 'D', 'C', 'A']]","{'B': 3, 'D': 3, 'A': 2, 'C': 2}","[1.0, 0.79, 1.0]",3.95
51,"[1, 3, 4]","[3, 2, 3]","[0.58, 0.58, 0.75]","[['B', 'C', 'A', 'D'], ['A', 'D', 'B', 'C'], ['D', 'B', 'A', 'C']]","{'B': 3, 'D': 3, 'A': 2, 'C': 2}","[1.0, 0.79, 1.0]",3.95
51,"[1, 3, 4]","[3, 2, 3]","[0.58, 0.58, 0.75]","[['B', 'C', 'A', 'D'], ['A', 'D', 'B', 'C'], ['D', 'B', 'C', 'A']]","{'B': 3, 'D': 3, 'A': 2, 'C': 2}","[1.0, 0.79, 1.0]",3.95
51,"[1, 3, 4]","[3, 2, 3]","[0.58, 0.58, 0.75]","[['B', 'C', 'A', 'D'], ['A', 'D', 'C', 'B'], ['B', 'D', 'A', 'C']]","{'B': 3, 'D': 3, 'A': 2, 'C': 2}","[1.0, 0.79, 1.0]",3.95
51,"[1, 3, 4]","[3, 2, 3]","[0.58, 0.58, 0.75]","[['B', 'C', 'A', 'D'], ['A', 'D', 'C', 'B'], ['B', 'D', 'C', 'A']]","{'B': 3, 'D': 3, 'A': 2, 'C': 2}","[1.0, 0.79, 1.0]",3.95
51,"[1, 3, 4]","[3, 2, 3]","[0.58, 0.58, 0.75]","[['B', 'C', 'A', 'D'], ['A', 'D', 'C', 'B'], ['D', 'B', 'A', 'C']]","{'B': 3, 'D': 3, 'A': 2, 'C': 2}","[1.0, 0.79, 1.0]",3.95
51,"[1, 3, 4]","[3, 2, 3]","[0.58, 0.58, 0.75]","[['B', 'C', 'A', 'D'], ['A', 'D', 'C', 'B'], ['D', 'B', 'C', 'A']]","{'B': 3, 'D': 3, 'A': 2, 'C': 2}","[1.0, 0.79, 1.0]",3.95
51,"[1, 3, 4]","[3, 2, 3]","[0.58, 0.58, 0.75]","[['B', 'C', 'A', 'D'], ['B', 'D', 'A', 'C'], ['A', 'D', 'B', 'C']]","{'B': 3, 'D': 3, 'A': 2, 'C': 2}","[1.0, 0.79, 1.0]",3.95
51,"[1, 3, 4]","[3, 2, 3]","[0.58, 0.58, 0.75]","[['B', 'C', 'A', 'D'], ['B', 'D', 'A', 'C'], ['A', 'D', 'C', 'B']]","{'B': 3, 'D': 3, 'A': 2, 'C': 2}","[1.0, 0.79, 1.0]",3.95
51,"[1, 3, 4]","[3, 2, 3]","[0.58, 0.58, 0.75]","[['B', 'C', 'A', 'D'], ['B', 'D', 'A', 'C'], ['B', 'D', 'A', 'C']]","{'B': 4, 'D': 3, 'C': 2, 'A': 1}","[1.0, 0.67, 1.0]",3.96
51,"[1, 3, 4]","[3, 2, 3]","[0.58, 0.58, 0.75]","[['B', 'C', 'A', 'D'], ['B', 'D', 'A', 'C'], ['B', 'D', 'C', 'A']]","{'B': 4, 'D': 3, 'C': 2, 'A': 1}","[1.0, 0.67, 1.0]",3.96
51,"[1, 3, 4]","[3, 2, 3]","[0.58, 0.58, 0.75]","[['B', 'C', 'A', 'D'], ['B', 'D', 'A', 'C'], ['D', 'A', 'B', 'C']]","{'B': 3, 'D': 3, 'A': 2, 'C': 2}","[1.0, 0.79, 1.0]",3.95
51,"[1, 3, 4]","[3, 2, 3]","[0.58, 0.58, 0.75]","[['B', 'C', 'A', 'D'], ['B', 'D', 'A', 'C'], ['D', 'A', 'C', 'B']]","{'B': 3, 'D': 3, 'A': 2, 'C': 2}","[1.0, 0.79, 1.0]",3.95
51,"[1, 3, 4]","[3, 2, 3]","[0.58, 0.58, 0.75]","[['B', 'C', 'A', 'D'], ['B', 'D', 'A', 'C'], ['D', 'B', 'A', 'C']]","{'B': 4, 'D': 3, 'C': 2, 'A': 1}","[1.0, 0.67, 1.0]",3.96
51,"[1, 3, 4]","[3, 2, 3]","[0.58, 0.58, 0.75]","[['B', 'C', 'A', 'D'], ['B', 'D', 'A', 'C'], ['D', 'B', 'C', 'A']]","{'B': 4, 'D': 3, 'C': 2, 'A': 1}","[1.0, 0.67, 1.0]",3.96
51,"[1, 3, 4]","[3, 2, 3]","[0.58, 0.58, 0.75]","[['B', 'C', 'A', 'D'], ['B', 'D', 'C', 'A'], ['A', 'D', 'B', 'C']]","{'B': 3, 'D': 3, 'A': 2, 'C': 2}","[1.0, 0.79, 1.0]",3.95
51,"[1, 3, 4]","[3, 2, 3]","[0.58, 0.58, 0.75]","[['B', 'C', 'A', 'D'], ['B', 'D', 'C', 'A'], ['A', 'D', 'C', 'B']]","{'B': 3, 'D': 3, 'A': 2, 'C': 2}","[1.0, 0.79, 1.0]",3.95
51,"[1, 3, 4]","[3, 2, 3]","[0.58, 0.58, 0.75]","[['B', 'C', 'A', 'D'], ['B', 'D', 'C', 'A'], ['B', 'D', 'A', 'C']]","{'B': 4, 'D': 3, 'C': 2, 'A': 1}","[1.0, 0.67, 1.0]",3.96
51,"[1, 3, 4]","[3, 2, 3]","[0.58, 0.58, 0.75]","[['B', 'C', 'A', 'D'], ['B', 'D', 'C', 'A'], ['B', 'D', 'C', 'A']]","{'B': 4, 'D': 3, 'C': 2, 'A': 1}","[1.0, 0.67, 1.0]",3.96
51,"[1, 3, 4]","[3, 2, 3]","[0.58, 0.58, 0.75]","[['B', 'C', 'A', 'D'], ['B', 'D', 'C', 'A'], ['D', 'A', 'B', 'C']]","{'B': 3, 'D': 3, 'A': 2, 'C': 2}","[1.0, 0.79, 1.0]",3.95
51,"[1, 3, 4]","[3, 2, 3]","[0.58, 0.58, 0.75]","[['B', 'C', 'A', 'D'], ['B', 'D', 'C', 'A'], ['D', 'A', 'C', 'B']]","{'B': 3, 'D': 3, 'A': 2, 'C': 2}","[1.0, 0.79, 1.0]",3.95
51,"[1, 3, 4]","[3, 2, 3]","[0.58, 0.58, 0.75]","[['B', 'C', 'A', 'D'], ['B', 'D', 'C', 'A'], ['D', 'B', 'A', 'C']]","{'B': 4, 'D': 3, 'C': 2, 'A': 1}","[1.0, 0.67, 1.0]",3.96
51,"[1, 3, 4]","[3, 2, 3]","[0.58, 0.58, 0.75]","[['B', 'C', 'A', 'D'], ['B', 'D', 'C', 'A'], ['D', 'B', 'C', 'A']]","{'B': 4, 'D': 3, 'C': 2, 'A': 1}","[1.0, 0.67, 1.0]",3.96
51,"[1, 3, 4]","[3, 2, 3]","[0.58, 0.58, 0.75]","[['B', 'C', 'A', 'D'], ['D', 'A', 'B', 'C'], ['B', 'D', 'A', 'C']]","{'B': 3, 'D': 3, 'A': 2, 'C': 2}","[1.0, 0.79, 1.0]",3.95
51,"[1, 3, 4]","[3, 2, 3]","[0.58, 0.58, 0.75]","[['B', 'C', 'A', 'D'], ['D', 'A', 'B', 'C'], ['B', 'D', 'C', 'A']]","{'B': 3, 'D': 3, 'A': 2, 'C': 2}","[1.0, 0.79, 1.0]",3.95
51,"[1, 3, 4]","[3, 2, 3]","[0.58, 0.58, 0.75]","[['B', 'C', 'A', 'D'], ['D', 'A', 'B', 'C'], ['D', 'B', 'A', 'C']]","{'B': 3, 'D': 3, 'A': 2, 'C': 2}","[1.0, 0.79, 1.0]",3.95
51,"[1, 3, 4]","[3, 2, 3]","[0.58, 0.58, 0.75]","[['B', 'C', 'A', 'D'], ['D', 'A', 'B', 'C'], ['D', 'B', 'C', 'A']]","{'B': 3, 'D': 3, 'A': 2, 'C': 2}","[1.0, 0.79, 1.0]",3.95
51,"[1, 3, 4]","[3, 2, 3]","[0.58, 0.58, 0.75]","[['B', 'C', 'A', 'D'], ['D', 'A', 'C', 'B'], ['B', 'D', 'A', 'C']]","{'B': 3, 'D': 3, 'A': 2, 'C': 2}","[1.0, 0.79, 1.0]",3.95
51,"[1, 3, 4]","[3, 2, 3]","[0.58, 0.58, 0.75]","[['B', 'C', 'A', 'D'], ['D', 'A', 'C', 'B'], ['B', 'D', 'C', 'A']]","{'B': 3, 'D': 3, 'A': 2, 'C': 2}","[1.0, 0.79, 1.0]",3.95
51,"[1, 3, 4]","[3, 2, 3]","[0.58, 0.58, 0.75]","[['B', 'C', 'A', 'D'], ['D', 'A', 'C', 'B'], ['D', 'B', 'A', 'C']]","{'B': 3, 'D': 3, 'A': 2, 'C': 2}","[1.0, 0.79, 1.0]",3.95
51,"[1, 3, 4]","[3, 2, 3]","[0.58, 0.58, 0.75]","[['B', 'C', 'A', 'D'], ['D', 'A', 'C', 'B'], ['D', 'B', 'C', 'A']]","{'B': 3, 'D': 3, 'A': 2, 'C': 2}","[1.0, 0.79, 1.0]",3.95
51,"[1, 3, 4]","[3, 2, 3]","[0.58, 0.58, 0.75]","[['B', 'C', 'A', 'D'], ['D', 'B', 'A', 'C'], ['A', 'D', 'B', 'C']]","{'B': 3, 'D': 3, 'A': 2, 'C': 2}","[1.0, 0.79, 1.0]",3.95
51,"[1, 3, 4]","[3, 2, 3]","[0.58, 0.58, 0.75]","[['B', 'C', 'A', 'D'], ['D', 'B', 'A', 'C'], ['A', 'D', 'C', 'B']]","{'B': 3, 'D': 3, 'A': 2, 'C': 2}","[1.0, 0.79, 1.0]",3.95
51,"[1, 3, 4]","[3, 2, 3]","[0.58, 0.58, 0.75]","[['B', 'C', 'A', 'D'], ['D', 'B', 'A', 'C'], ['B', 'D', 'A', 'C']]","{'B': 4, 'D': 3, 'C': 2, 'A': 1}","[1.0, 0.67, 1.0]",3.96
51,"[1, 3, 4]","[3, 2, 3]","[0.58, 0.58, 0.75]","[['B', 'C', 'A', 'D'], ['D', 'B', 'A', 'C'], ['B', 'D', 'C', 'A']]","{'B': 4, 'D': 3, 'C': 2, 'A': 1}","[1.0, 0.67, 1.0]",3.96
51,"[1, 3, 4]","[3, 2, 3]","[0.58, 0.58, 0.75]","[['B', 'C', 'A', 'D'], ['D', 'B', 'A', 'C'], ['D', 'A', 'B', 'C']]","{'B': 3, 'D': 3, 'A': 2, 'C': 2}","[1.0, 0.79, 1.0]",3.95
51,"[1, 3, 4]","[3, 2, 3]","[0.58, 0.58, 0.75]","[['B', 'C', 'A', 'D'], ['D', 'B', 'A', 'C'], ['D', 'A', 'C', 'B']]","{'B': 3, 'D': 3, 'A': 2, 'C': 2}","[1.0, 0.79, 1.0]",3.95
51,"[1, 3, 4]","[3, 2, 3]","[0.58, 0.58, 0.75]","[['B', 'C', 'A', 'D'], ['D', 'B', 'A', 'C'], ['D', 'B', 'A', 'C']]","{'B': 4, 'D': 3, 'C': 2, 'A': 1}","[1.0, 0.67, 1.0]",3.96
51,"[1, 3, 4]","[3, 2, 3]","[0.58, 0.58, 0.75]","[['B', 'C', 'A', 'D'], ['D', 'B', 'A', 'C'], ['D', 'B', 'C', 'A']]","{'B': 4, 'D': 3, 'C': 2, 'A': 1}","[1.0, 0.67, 1.0]",3.96
51,"[1, 3, 4]","[3, 2, 3]","[0.58, 0.58, 0.75]","[['B', 'C', 'A', 'D'], ['D', 'B', 'C', 'A'], ['A', 'D', 'B', 'C']]","{'B': 3, 'D': 3, 'A': 2, 'C': 2}","[1.0, 0.79, 1.0]",3.95
51,"[1, 3, 4]","[3, 2, 3]","[0.58, 0.58, 0.75]","[['B', 'C', 'A', 'D'], ['D', 'B', 'C', 'A'], ['A', 'D', 'C', 'B']]","{'B': 3, 'D': 3, 'A': 2, 'C': 2}","[1.0, 0.79, 1.0]",3.95
51,"[1, 3, 4]","[3, 2, 3]","[0.58, 0.58, 0.75]","[['B', 'C', 'A', 'D'], ['D', 'B', 'C', 'A'], ['B', 'D', 'A', 'C']]","{'B': 4, 'D': 3, 'C': 2, 'A': 1}","[1.0, 0.67, 1.0]",3.96
51,"[1, 3, 4]","[3, 2, 3]","[0.58, 0.58, 0.75]","[['B', 'C', 'A', 'D'], ['D', 'B', 'C', 'A'], ['B', 'D', 'C', 'A']]","{'B': 4, 'D': 3, 'C': 2, 'A': 1}","[1.0, 0.67, 1.0]",3.96
51,"[1, 3, 4]","[3, 2, 3]","[0.58, 0.58, 0.75]","[['B', 'C', 'A', 'D'], ['D', 'B', 'C', 'A'], ['D', 'A', 'B', 'C']]","{'B': 3, 'D': 3, 'A': 2, 'C': 2}","[1.0, 0.79, 1.0]",3.95
51,"[1, 3, 4]","[3, 2, 3]","[0.58, 0.58, 0.75]","[['B', 'C', 'A', 'D'], ['D', 'B', 'C', 'A'], ['D', 'A', 'C', 'B']]","{'B': 3, 'D': 3, 'A': 2, 'C': 2}","[1.0, 0.79, 1.0]",3.95
51,"[1, 3, 4]","[3, 2, 3]","[0.58, 0.58, 0.75]","[['B', 'C', 'A', 'D'], ['D', 'B', 'C', 'A'], ['D', 'B', 'A', 'C']]","{'B': 4, 'D': 3, 'C': 2, 'A': 1}","[1.0, 0.67, 1.0]",3.96
51,"[1, 3, 4]","[3, 2, 3]","[0.58, 0.58, 0.75]","[['B', 'C', 'A', 'D'], ['D', 'B', 'C', 'A'], ['D', 'B', 'C', 'A']]","{'B': 4, 'D': 3, 'C': 2, 'A': 1}","[1.0, 0.67, 1.0]",3.96
51,"[1, 3, 4]","[3, 2, 3]","[0.58, 0.58, 0.75]","[['B', 'C', 'D', 'A'], ['A', 'D', 'B', 'C'], ['B', 'D', 'A', 'C']]","{'B': 3, 'D': 3, 'A': 2, 'C': 2}","[1.0, 0.79, 1.0]",3.95
51,"[1, 3, 4]","[3, 2, 3]","[0.58, 0.58, 0.75]","[['B', 'C', 'D', 'A'], ['A', 'D', 'B', 'C'], ['B', 'D', 'C', 'A']]","{'B': 3, 'D': 3, 'A': 2, 'C': 2}","[1.0, 0.79, 1.0]",3.95
51,"[1, 3, 4]","[3, 2, 3]","[0.58, 0.58, 0.75]","[['B', 'C', 'D', 'A'], ['A', 'D', 'B', 'C'], ['D', 'B', 'A', 'C']]","{'B': 3, 'D': 3, 'A': 2, 'C': 2}","[1.0, 0.79, 1.0]",3.95
51,"[1, 3, 4]","[3, 2, 3]","[0.58, 0.58, 0.75]","[['B', 'C', 'D', 'A'], ['A', 'D', 'B', 'C'], ['D', 'B', 'C', 'A']]","{'B': 3, 'D': 3, 'A': 2, 'C': 2}","[1.0, 0.79, 1.0]",3.95
51,"[1, 3, 4]","[3, 2, 3]","[0.58, 0.58, 0.75]","[['B', 'C', 'D', 'A'], ['A', 'D', 'C', 'B'], ['B', 'D', 'A', 'C']]","{'B': 3, 'D': 3, 'A': 2, 'C': 2}","[1.0, 0.79, 1.0]",3.95
51,"[1, 3, 4]","[3, 2, 3]","[0.58, 0.58, 0.75]","[['B', 'C', 'D', 'A'], ['A', 'D', 'C', 'B'], ['B', 'D', 'C', 'A']]","{'B': 3, 'D': 3, 'A': 2, 'C': 2}","[1.0, 0.79, 1.0]",3.95
51,"[1, 3, 4]","[3, 2, 3]","[0.58, 0.58, 0.75]","[['B', 'C', 'D', 'A'], ['A', 'D', 'C', 'B'], ['D', 'B', 'A', 'C']]","{'B': 3, 'D': 3, 'A': 2, 'C': 2}","[1.0, 0.79, 1.0]",3.95
51,"[1, 3, 4]","[3, 2, 3]","[0.58, 0.58, 0.75]","[['B', 'C', 'D', 'A'], ['A', 'D', 'C', 'B'], ['D', 'B', 'C', 'A']]","{'B': 3, 'D': 3, 'A': 2, 'C': 2}","[1.0, 0.79, 1.0]",3.95
51,"[1, 3, 4]","[3, 2, 3]","[0.58, 0.58, 0.75]","[['B', 'C', 'D', 'A'], ['B', 'D', 'A', 'C'], ['A', 'D', 'B', 'C']]","{'B': 3, 'D': 3, 'A': 2, 'C': 2}","[1.0, 0.79, 1.0]",3.95
51,"[1, 3, 4]","[3, 2, 3]","[0.58, 0.58, 0.75]","[['B', 'C', 'D', 'A'], ['B', 'D', 'A', 'C'], ['A', 'D', 'C', 'B']]","{'B': 3, 'D': 3, 'A': 2, 'C': 2}","[1.0, 0.79, 1.0]",3.95
51,"[1, 3, 4]","[3, 2, 3]","[0.58, 0.58, 0.75]","[['B', 'C', 'D', 'A'], ['B', 'D', 'A', 'C'], ['B', 'D', 'A', 'C']]","{'B': 4, 'D': 3, 'C': 2, 'A': 1}","[1.0, 0.67, 1.0]",3.96
51,"[1, 3, 4]","[3, 2, 3]","[0.58, 0.58, 0.75]","[['B', 'C', 'D', 'A'], ['B', 'D', 'A', 'C'], ['B', 'D', 'C', 'A']]","{'B': 4, 'D': 3, 'C': 2, 'A': 1}","[1.0, 0.67, 1.0]",3.96
51,"[1, 3, 4]","[3, 2, 3]","[0.58, 0.58, 0.75]","[['B', 'C', 'D', 'A'], ['B', 'D', 'A', 'C'], ['D', 'A', 'B', 'C']]","{'B': 3, 'D': 3, 'A': 2, 'C': 2}","[1.0, 0.79, 1.0]",3.95
51,"[1, 3, 4]","[3, 2, 3]","[0.58, 0.58, 0.75]","[['B', 'C', 'D', 'A'], ['B', 'D', 'A', 'C'], ['D', 'A', 'C', 'B']]","{'B': 3, 'D': 3, 'A': 2, 'C': 2}","[1.0, 0.79, 1.0]",3.95
51,"[1, 3, 4]","[3, 2, 3]","[0.58, 0.58, 0.75]","[['B', 'C', 'D', 'A'], ['B', 'D', 'A', 'C'], ['D', 'B', 'A', 'C']]","{'B': 4, 'D': 3, 'C': 2, 'A': 1}","[1.0, 0.67, 1.0]",3.96
51,"[1, 3, 4]","[3, 2, 3]","[0.58, 0.58, 0.75]","[['B', 'C', 'D', 'A'], ['B', 'D', 'A', 'C'], ['D', 'B', 'C', 'A']]","{'B': 4, 'D': 3, 'C': 2, 'A': 1}","[1.0, 0.67, 1.0]",3.96
51,"[1, 3, 4]","[3, 2, 3]","[0.58, 0.58, 0.75]","[['B', 'C', 'D', 'A'], ['B', 'D', 'C', 'A'], ['A', 'D', 'B', 'C']]","{'B': 3, 'D': 3, 'A': 2, 'C': 2}","[1.0, 0.79, 1.0]",3.95
51,"[1, 3, 4]","[3, 2, 3]","[0.58, 0.58, 0.75]","[['B', 'C', 'D', 'A'], ['B', 'D', 'C', 'A'], ['A', 'D', 'C', 'B']]","{'B': 3, 'D': 3, 'A': 2, 'C': 2}","[1.0, 0.79, 1.0]",3.95
51,"[1, 3, 4]","[3, 2, 3]","[0.58, 0.58, 0.75]","[['B', 'C', 'D', 'A'], ['B', 'D', 'C', 'A'], ['B', 'D', 'A', 'C']]","{'B': 4, 'D': 3, 'C': 2, 'A': 1}","[1.0, 0.67, 1.0]",3.96
51,"[1, 3, 4]","[3, 2, 3]","[0.58, 0.58, 0.75]","[['B', 'C', 'D', 'A'], ['B', 'D', 'C', 'A'], ['B', 'D', 'C', 'A']]","{'B': 4, 'D': 3, 'C': 2, 'A': 1}","[1.0, 0.67, 1.0]",3.96
51,"[1, 3, 4]","[3, 2, 3]","[0.58, 0.58, 0.75]","[['B', 'C', 'D', 'A'], ['B', 'D', 'C', 'A'], ['D', 'A', 'B', 'C']]","{'B': 3, 'D': 3, 'A': 2, 'C': 2}","[1.0, 0.79, 1.0]",3.95
51,"[1, 3, 4]","[3, 2, 3]","[0.58, 0.58, 0.75]","[['B', 'C', 'D', 'A'], ['B', 'D', 'C', 'A'], ['D', 'A', 'C', 'B']]","{'B': 3, 'D': 3, 'A': 2, 'C': 2}","[1.0, 0.79, 1.0]",3.95
51,"[1, 3, 4]","[3, 2, 3]","[0.58, 0.58, 0.75]","[['B', 'C', 'D', 'A'], ['B', 'D', 'C', 'A'], ['D', 'B', 'A', 'C']]","{'B': 4, 'D': 3, 'C': 2, 'A': 1}","[1.0, 0.67, 1.0]",3.96
51,"[1, 3, 4]","[3, 2, 3]","[0.58, 0.58, 0.75]","[['B', 'C', 'D', 'A'], ['B', 'D', 'C', 'A'], ['D', 'B', 'C', 'A']]","{'B': 4, 'D': 3, 'C': 2, 'A': 1}","[1.0, 0.67, 1.0]",3.96
51,"[1, 3, 4]","[3, 2, 3]","[0.58, 0.58, 0.75]","[['B', 'C', 'D', 'A'], ['D', 'A', 'B', 'C'], ['B', 'D', 'A', 'C']]","{'B': 3, 'D': 3, 'A': 2, 'C': 2}","[1.0, 0.79, 1.0]",3.95
51,"[1, 3, 4]","[3, 2, 3]","[0.58, 0.58, 0.75]","[['B', 'C', 'D', 'A'], ['D', 'A', 'B', 'C'], ['B', 'D', 'C', 'A']]","{'B': 3, 'D': 3, 'A': 2, 'C': 2}","[1.0, 0.79, 1.0]",3.95
51,"[1, 3, 4]","[3, 2, 3]","[0.58, 0.58, 0.75]","[['B', 'C', 'D', 'A'], ['D', 'A', 'B', 'C'], ['D', 'B', 'A', 'C']]","{'B': 3, 'D': 3, 'A': 2, 'C': 2}","[1.0, 0.79, 1.0]",3.95
51,"[1, 3, 4]","[3, 2, 3]","[0.58, 0.58, 0.75]","[['B', 'C', 'D', 'A'], ['D', 'A', 'B', 'C'], ['D', 'B', 'C', 'A']]","{'B': 3, 'D': 3, 'A': 2, 'C': 2}","[1.0, 0.79, 1.0]",3.95
51,"[1, 3, 4]","[3, 2, 3]","[0.58, 0.58, 0.75]","[['B', 'C', 'D', 'A'], ['D', 'A', 'C', 'B'], ['B', 'D', 'A', 'C']]","{'B': 3, 'D': 3, 'A': 2, 'C': 2}","[1.0, 0.79, 1.0]",3.95
51,"[1, 3, 4]","[3, 2, 3]","[0.58, 0.58, 0.75]","[['B', 'C', 'D', 'A'], ['D', 'A', 'C', 'B'], ['B', 'D', 'C', 'A']]","{'B': 3, 'D': 3, 'A': 2, 'C': 2}","[1.0, 0.79, 1.0]",3.95
51,"[1, 3, 4]","[3, 2, 3]","[0.58, 0.58, 0.75]","[['B', 'C', 'D', 'A'], ['D', 'A', 'C', 'B'], ['D', 'B', 'A', 'C']]","{'B': 3, 'D': 3, 'A': 2, 'C': 2}","[1.0, 0.79, 1.0]",3.95
51,"[1, 3, 4]","[3, 2, 3]","[0.58, 0.58, 0.75]","[['B', 'C', 'D', 'A'], ['D', 'A', 'C', 'B'], ['D', 'B', 'C', 'A']]","{'B': 3, 'D': 3, 'A': 2, 'C': 2}","[1.0, 0.79, 1.0]",3.95
51,"[1, 3, 4]","[3, 2, 3]","[0.58, 0.58, 0.75]","[['B', 'C', 'D', 'A'], ['D', 'B', 'A', 'C'], ['A', 'D', 'B', 'C']]","{'B': 3, 'D': 3, 'A': 2, 'C': 2}","[1.0, 0.79, 1.0]",3.95
51,"[1, 3, 4]","[3, 2, 3]","[0.58, 0.58, 0.75]","[['B', 'C', 'D', 'A'], ['D', 'B', 'A', 'C'], ['A', 'D', 'C', 'B']]","{'B': 3, 'D': 3, 'A': 2, 'C': 2}","[1.0, 0.79, 1.0]",3.95
51,"[1, 3, 4]","[3, 2, 3]","[0.58, 0.58, 0.75]","[['B', 'C', 'D', 'A'], ['D', 'B', 'A', 'C'], ['B', 'D', 'A', 'C']]","{'B': 4, 'D': 3, 'C': 2, 'A': 1}","[1.0, 0.67, 1.0]",3.96
51,"[1, 3, 4]","[3, 2, 3]","[0.58, 0.58, 0.75]","[['B', 'C', 'D', 'A'], ['D', 'B', 'A', 'C'], ['B', 'D', 'C', 'A']]","{'B': 4, 'D': 3, 'C': 2, 'A': 1}","[1.0, 0.67, 1.0]",3.96
51,"[1, 3, 4]","[3, 2, 3]","[0.58, 0.58, 0.75]","[['B', 'C', 'D', 'A'], ['D', 'B', 'A', 'C'], ['D', 'A', 'B', 'C']]","{'B': 3, 'D': 3, 'A': 2, 'C': 2}","[1.0, 0.79, 1.0]",3.95
51,"[1, 3, 4]","[3, 2, 3]","[0.58, 0.58, 0.75]","[['B', 'C', 'D', 'A'], ['D', 'B', 'A', 'C'], ['D', 'A', 'C', 'B']]","{'B': 3, 'D': 3, 'A': 2, 'C': 2}","[1.0, 0.79, 1.0]",3.95
51,"[1, 3, 4]","[3, 2, 3]","[0.58, 0.58, 0.75]","[['B', 'C', 'D', 'A'], ['D', 'B', 'A', 'C'], ['D', 'B', 'A', 'C']]","{'B': 4, 'D': 3, 'C': 2, 'A': 1}","[1.0, 0.67, 1.0]",3.96
51,"[1, 3, 4]","[3, 2, 3]","[0.58, 0.58, 0.75]","[['B', 'C', 'D', 'A'], ['D', 'B', 'A', 'C'], ['D', 'B', 'C', 'A']]","{'B': 4, 'D': 3, 'C': 2, 'A': 1}","[1.0, 0.67, 1.0]",3.96
51,"[1, 3, 4]","[3, 2, 3]","[0.58, 0.58, 0.75]","[['B', 'C', 'D', 'A'], ['D', 'B', 'C', 'A'], ['A', 'D', 'B', 'C']]","{'B': 3, 'D': 3, 'A': 2, 'C': 2}","[1.0, 0.79, 1.0]",3.95
51,"[1, 3, 4]","[3, 2, 3]","[0.58, 0.58, 0.75]","[['B', 'C', 'D', 'A'], ['D', 'B', 'C', 'A'], ['A', 'D', 'C', 'B']]","{'B': 3, 'D': 3, 'A': 2, 'C': 2}","[1.0, 0.79, 1.0]",3.95
51,"[1, 3, 4]","[3, 2, 3]","[0.58, 0.58, 0.75]","[['B', 'C', 'D', 'A'], ['D', 'B', 'C', 'A'], ['B', 'D', 'A', 'C']]","{'B': 4, 'D': 3, 'C': 2, 'A': 1}","[1.0, 0.67, 1.0]",3.96
51,"[1, 3, 4]","[3, 2, 3]","[0.58, 0.58, 0.75]","[['B', 'C', 'D', 'A'], ['D', 'B', 'C', 'A'], ['B', 'D', 'C', 'A']]","{'B': 4, 'D': 3, 'C': 2, 'A': 1}","[1.0, 0.67, 1.0]",3.96
51,"[1, 3, 4]","[3, 2, 3]","[0.58, 0.58, 0.75]","[['B', 'C', 'D', 'A'], ['D', 'B', 'C', 'A'], ['D', 'A', 'B', 'C']]","{'B': 3, 'D': 3, 'A': 2, 'C': 2}","[1.0, 0.79, 1.0]",3.95
51,"[1, 3, 4]","[3, 2, 3]","[0.58, 0.58, 0.75]","[['B', 'C', 'D', 'A'], ['D', 'B', 'C', 'A'], ['D', 'A', 'C', 'B']]","{'B': 3, 'D': 3, 'A': 2, 'C': 2}","[1.0, 0.79, 1.0]",3.95
51,"[1, 3, 4]","[3, 2, 3]","[0.58, 0.58, 0.75]","[['B', 'C', 'D', 'A'], ['D', 'B', 'C', 'A'], ['D', 'B', 'A', 'C']]","{'B': 4, 'D': 3, 'C': 2, 'A': 1}","[1.0, 0.67, 1.0]",3.96
51,"[1, 3, 4]","[3, 2, 3]","[0.58, 0.58, 0.75]","[['B', 'C', 'D', 'A'], ['D', 'B', 'C', 'A'], ['D', 'B', 'C', 'A']]","{'B': 4, 'D': 3, 'C': 2, 'A': 1}","[1.0, 0.67, 1.0]",3.96
51,"[1, 3, 4]","[3, 2, 3]","[0.58, 0.58, 0.75]","[['B', 'D', 'A', 'C'], ['A', 'B', 'C', 'D'], ['A', 'B', 'C', 'D']]","{'B': 4, 'A': 3, 'D': 2, 'C': 1}","[1.0, 0.75, 1.0]",3.96
51,"[1, 3, 4]","[3, 2, 3]","[0.58, 0.58, 0.75]","[['B', 'D', 'A', 'C'], ['A', 'B', 'C', 'D'], ['A', 'B', 'D', 'C']]","{'B': 4, 'A': 3, 'D': 2, 'C': 1}","[1.0, 0.75, 1.0]",3.96
51,"[1, 3, 4]","[3, 2, 3]","[0.58, 0.58, 0.75]","[['B', 'D', 'A', 'C'], ['A', 'B', 'C', 'D'], ['B', 'A', 'C', 'D']]","{'B': 4, 'A': 3, 'D': 2, 'C': 1}","[1.0, 0.75, 1.0]",3.96
51,"[1, 3, 4]","[3, 2, 3]","[0.58, 0.58, 0.75]","[['B', 'D', 'A', 'C'], ['A', 'B', 'C', 'D'], ['B', 'A', 'D', 'C']]","{'B': 4, 'A': 3, 'D': 2, 'C': 1}","[1.0, 0.75, 1.0]",3.96
51,"[1, 3, 4]","[3, 2, 3]","[0.58, 0.58, 0.75]","[['B', 'D', 'A', 'C'], ['A', 'B', 'C', 'D'], ['B', 'D', 'A', 'C']]","{'B': 4, 'D': 3, 'A': 2, 'C': 1}","[1.0, 0.79, 1.0]",3.95
51,"[1, 3, 4]","[3, 2, 3]","[0.58, 0.58, 0.75]","[['B', 'D', 'A', 'C'], ['A', 'B', 'C', 'D'], ['B', 'D', 'C', 'A']]","{'B': 4, 'D': 3, 'A': 2, 'C': 1}","[1.0, 0.79, 1.0]",3.95
51,"[1, 3, 4]","[3, 2, 3]","[0.58, 0.58, 0.75]","[['B', 'D', 'A', 'C'], ['A', 'B', 'C', 'D'], ['C', 'D', 'A', 'B']]","{'B': 3, 'D': 3, 'A': 2, 'C': 2}","[1.0, 0.79, 1.0]",3.95
51,"[1, 3, 4]","[3, 2, 3]","[0.58, 0.58, 0.75]","[['B', 'D', 'A', 'C'], ['A', 'B', 'C', 'D'], ['C', 'D', 'B', 'A']]","{'B': 3, 'D': 3, 'A': 2, 'C': 2}","[1.0, 0.79, 1.0]",3.95
51,"[1, 3, 4]","[3, 2, 3]","[0.58, 0.58, 0.75]","[['B', 'D', 'A', 'C'], ['A', 'B', 'C', 'D'], ['D', 'B', 'A', 'C']]","{'B': 4, 'D': 3, 'A': 2, 'C': 1}","[1.0, 0.79, 1.0]",3.95
51,"[1, 3, 4]","[3, 2, 3]","[0.58, 0.58, 0.75]","[['B', 'D', 'A', 'C'], ['A', 'B', 'C', 'D'], ['D', 'B', 'C', 'A']]","{'B': 4, 'D': 3, 'A': 2, 'C': 1}","[1.0, 0.79, 1.0]",3.95
51,"[1, 3, 4]","[3, 2, 3]","[0.58, 0.58, 0.75]","[['B', 'D', 'A', 'C'], ['A', 'B', 'C', 'D'], ['D', 'C', 'A', 'B']]","{'B': 3, 'D': 3, 'A': 2, 'C': 2}","[1.0, 0.79, 1.0]",3.95
51,"[1, 3, 4]","[3, 2, 3]","[0.58, 0.58, 0.75]","[['B', 'D', 'A', 'C'], ['A', 'B', 'C', 'D'], ['D', 'C', 'B', 'A']]","{'B': 3, 'D': 3, 'A': 2, 'C': 2}","[1.0, 0.79, 1.0]",3.95
51,"[1, 3, 4]","[3, 2, 3]","[0.58, 0.58, 0.75]","[['B', 'D', 'A', 'C'], ['A', 'B', 'D', 'C'], ['A', 'B', 'C', 'D']]","{'B': 4, 'A': 3, 'D': 2, 'C': 1}","[1.0, 0.75, 1.0]",3.96
51,"[1, 3, 4]","[3, 2, 3]","[0.58, 0.58, 0.75]","[['B', 'D', 'A', 'C'], ['A', 'B', 'D', 'C'], ['A', 'B', 'D', 'C']]","{'B': 4, 'A': 3, 'D': 2, 'C': 1}","[1.0, 0.75, 1.0]",3.96
51,"[1, 3, 4]","[3, 2, 3]","[0.58, 0.58, 0.75]","[['B', 'D', 'A', 'C'], ['A', 'B', 'D', 'C'], ['B', 'A', 'C', 'D']]","{'B': 4, 'A': 3, 'D': 2, 'C': 1}","[1.0, 0.75, 1.0]",3.96
51,"[1, 3, 4]","[3, 2, 3]","[0.58, 0.58, 0.75]","[['B', 'D', 'A', 'C'], ['A', 'B', 'D', 'C'], ['B', 'A', 'D', 'C']]","{'B': 4, 'A': 3, 'D': 2, 'C': 1}","[1.0, 0.75, 1.0]",3.96
51,"[1, 3, 4]","[3, 2, 3]","[0.58, 0.58, 0.75]","[['B', 'D', 'A', 'C'], ['A', 'B', 'D', 'C'], ['B', 'D', 'A', 'C']]","{'B': 4, 'D': 3, 'A': 2, 'C': 1}","[1.0, 0.79, 1.0]",3.95
51,"[1, 3, 4]","[3, 2, 3]","[0.58, 0.58, 0.75]","[['B', 'D', 'A', 'C'], ['A', 'B', 'D', 'C'], ['B', 'D', 'C', 'A']]","{'B': 4, 'D': 3, 'A': 2, 'C': 1}","[1.0, 0.79, 1.0]",3.95
51,"[1, 3, 4]","[3, 2, 3]","[0.58, 0.58, 0.75]","[['B', 'D', 'A', 'C'], ['A', 'B', 'D', 'C'], ['C', 'D', 'A', 'B']]","{'B': 3, 'D': 3, 'A': 2, 'C': 2}","[1.0, 0.79, 1.0]",3.95
51,"[1, 3, 4]","[3, 2, 3]","[0.58, 0.58, 0.75]","[['B', 'D', 'A', 'C'], ['A', 'B', 'D', 'C'], ['C', 'D', 'B', 'A']]","{'B': 3, 'D': 3, 'A': 2, 'C': 2}","[1.0, 0.79, 1.0]",3.95
51,"[1, 3, 4]","[3, 2, 3]","[0.58, 0.58, 0.75]","[['B', 'D', 'A', 'C'], ['A', 'B', 'D', 'C'], ['D', 'B', 'A', 'C']]","{'B': 4, 'D': 3, 'A': 2, 'C': 1}","[1.0, 0.79, 1.0]",3.95
51,"[1, 3, 4]","[3, 2, 3]","[0.58, 0.58, 0.75]","[['B', 'D', 'A', 'C'], ['A', 'B', 'D', 'C'], ['D', 'B', 'C', 'A']]","{'B': 4, 'D': 3, 'A': 2, 'C': 1}","[1.0, 0.79, 1.0]",3.95
51,"[1, 3, 4]","[3, 2, 3]","[0.58, 0.58, 0.75]","[['B', 'D', 'A', 'C'], ['A', 'B', 'D', 'C'], ['D', 'C', 'A', 'B']]","{'B': 3, 'D': 3, 'A': 2, 'C': 2}","[1.0, 0.79, 1.0]",3.95
51,"[1, 3, 4]","[3, 2, 3]","[0.58, 0.58, 0.75]","[['B', 'D', 'A', 'C'], ['A', 'B', 'D', 'C'], ['D', 'C', 'B', 'A']]","{'B': 3, 'D': 3, 'A': 2, 'C': 2}","[1.0, 0.79, 1.0]",3.95
51,"[1, 3, 4]","[3, 2, 3]","[0.58, 0.58, 0.75]","[['B', 'D', 'A', 'C'], ['A', 'C', 'B', 'D'], ['B', 'D', 'A', 'C']]","{'B': 3, 'D': 3, 'A': 2, 'C': 2}","[1.0, 0.79, 1.0]",3.95
51,"[1, 3, 4]","[3, 2, 3]","[0.58, 0.58, 0.75]","[['B', 'D', 'A', 'C'], ['A', 'C', 'B', 'D'], ['B', 'D', 'C', 'A']]","{'B': 3, 'D': 3, 'A': 2, 'C': 2}","[1.0, 0.79, 1.0]",3.95
51,"[1, 3, 4]","[3, 2, 3]","[0.58, 0.58, 0.75]","[['B', 'D', 'A', 'C'], ['A', 'C', 'B', 'D'], ['D', 'B', 'A', 'C']]","{'B': 3, 'D': 3, 'A': 2, 'C': 2}","[1.0, 0.79, 1.0]",3.95
51,"[1, 3, 4]","[3, 2, 3]","[0.58, 0.58, 0.75]","[['B', 'D', 'A', 'C'], ['A', 'C', 'B', 'D'], ['D', 'B', 'C', 'A']]","{'B': 3, 'D': 3, 'A': 2, 'C': 2}","[1.0, 0.79, 1.0]",3.95
51,"[1, 3, 4]","[3, 2, 3]","[0.58, 0.58, 0.75]","[['B', 'D', 'A', 'C'], ['A', 'C', 'D', 'B'], ['B', 'D', 'A', 'C']]","{'B': 3, 'D': 3, 'A': 2, 'C': 2}","[1.0, 0.79, 1.0]",3.95
51,"[1, 3, 4]","[3, 2, 3]","[0.58, 0.58, 0.75]","[['B', 'D', 'A', 'C'], ['A', 'C', 'D', 'B'], ['B', 'D', 'C', 'A']]","{'B': 3, 'D': 3, 'A': 2, 'C': 2}","[1.0, 0.79, 1.0]",3.95
51,"[1, 3, 4]","[3, 2, 3]","[0.58, 0.58, 0.75]","[['B', 'D', 'A', 'C'], ['A', 'C', 'D', 'B'], ['D', 'B', 'A', 'C']]","{'B': 3, 'D': 3, 'A': 2, 'C': 2}","[1.0, 0.79, 1.0]",3.95
51,"[1, 3, 4]","[3, 2, 3]","[0.58, 0.58, 0.75]","[['B', 'D', 'A', 'C'], ['A', 'C', 'D', 'B'], ['D', 'B', 'C', 'A']]","{'B': 3, 'D': 3, 'A': 2, 'C': 2}","[1.0, 0.79, 1.0]",3.95
51,"[1, 3, 4]","[3, 2, 3]","[0.58, 0.58, 0.75]","[['B', 'D', 'A', 'C'], ['A', 'D', 'B', 'C'], ['B', 'C', 'A', 'D']]","{'B': 3, 'D': 3, 'A': 2, 'C': 2}","[1.0, 0.79, 1.0]",3.95
51,"[1, 3, 4]","[3, 2, 3]","[0.58, 0.58, 0.75]","[['B', 'D', 'A', 'C'], ['A', 'D', 'B', 'C'], ['B', 'C', 'D', 'A']]","{'B': 3, 'D': 3, 'A': 2, 'C': 2}","[1.0, 0.79, 1.0]",3.95
51,"[1, 3, 4]","[3, 2, 3]","[0.58, 0.58, 0.75]","[['B', 'D', 'A', 'C'], ['A', 'D', 'B', 'C'], ['B', 'D', 'A', 'C']]","{'D': 4, 'B': 3, 'A': 2, 'C': 1}","[0.67, 1.0, 0.79]",3.58
51,"[1, 3, 4]","[3, 2, 3]","[0.58, 0.58, 0.75]","[['B', 'D', 'A', 'C'], ['A', 'D', 'B', 'C'], ['B', 'D', 'C', 'A']]","{'D': 4, 'B': 3, 'A': 2, 'C': 1}","[0.67, 1.0, 0.79]",3.58
51,"[1, 3, 4]","[3, 2, 3]","[0.58, 0.58, 0.75]","[['B', 'D', 'A', 'C'], ['A', 'D', 'B', 'C'], ['C', 'B', 'A', 'D']]","{'B': 3, 'D': 3, 'A': 2, 'C': 2}","[1.0, 0.79, 1.0]",3.95
51,"[1, 3, 4]","[3, 2, 3]","[0.58, 0.58, 0.75]","[['B', 'D', 'A', 'C'], ['A', 'D', 'B', 'C'], ['C', 'B', 'D', 'A']]","{'B': 3, 'D': 3, 'A': 2, 'C': 2}","[1.0, 0.79, 1.0]",3.95
51,"[1, 3, 4]","[3, 2, 3]","[0.58, 0.58, 0.75]","[['B', 'D', 'A', 'C'], ['A', 'D', 'B', 'C'], ['D', 'B', 'A', 'C']]","{'D': 4, 'B': 3, 'A': 2, 'C': 1}","[0.67, 1.0, 0.79]",3.58
51,"[1, 3, 4]","[3, 2, 3]","[0.58, 0.58, 0.75]","[['B', 'D', 'A', 'C'], ['A', 'D', 'B', 'C'], ['D', 'B', 'C', 'A']]","{'D': 4, 'B': 3, 'A': 2, 'C': 1}","[0.67, 1.0, 0.79]",3.58
51,"[1, 3, 4]","[3, 2, 3]","[0.58, 0.58, 0.75]","[['B', 'D', 'A', 'C'], ['A', 'D', 'C', 'B'], ['B', 'C', 'A', 'D']]","{'B': 3, 'D': 3, 'A': 2, 'C': 2}","[1.0, 0.79, 1.0]",3.95
51,"[1, 3, 4]","[3, 2, 3]","[0.58, 0.58, 0.75]","[['B', 'D', 'A', 'C'], ['A', 'D', 'C', 'B'], ['B', 'C', 'D', 'A']]","{'B': 3, 'D': 3, 'A': 2, 'C': 2}","[1.0, 0.79, 1.0]",3.95
51,"[1, 3, 4]","[3, 2, 3]","[0.58, 0.58, 0.75]","[['B', 'D', 'A', 'C'], ['A', 'D', 'C', 'B'], ['B', 'D', 'A', 'C']]","{'D': 4, 'B': 3, 'A': 2, 'C': 1}","[0.67, 1.0, 0.79]",3.58
51,"[1, 3, 4]","[3, 2, 3]","[0.58, 0.58, 0.75]","[['B', 'D', 'A', 'C'], ['A', 'D', 'C', 'B'], ['B', 'D', 'C', 'A']]","{'D': 4, 'B': 3, 'A': 2, 'C': 1}","[0.67, 1.0, 0.79]",3.58
51,"[1, 3, 4]","[3, 2, 3]","[0.58, 0.58, 0.75]","[['B', 'D', 'A', 'C'], ['A', 'D', 'C', 'B'], ['C', 'B', 'A', 'D']]","{'B': 3, 'D': 3, 'A': 2, 'C': 2}","[1.0, 0.79, 1.0]",3.95
51,"[1, 3, 4]","[3, 2, 3]","[0.58, 0.58, 0.75]","[['B', 'D', 'A', 'C'], ['A', 'D', 'C', 'B'], ['C', 'B', 'D', 'A']]","{'B': 3, 'D': 3, 'A': 2, 'C': 2}","[1.0, 0.79, 1.0]",3.95
51,"[1, 3, 4]","[3, 2, 3]","[0.58, 0.58, 0.75]","[['B', 'D', 'A', 'C'], ['A', 'D', 'C', 'B'], ['D', 'B', 'A', 'C']]","{'D': 4, 'B': 3, 'A': 2, 'C': 1}","[0.67, 1.0, 0.79]",3.58
51,"[1, 3, 4]","[3, 2, 3]","[0.58, 0.58, 0.75]","[['B', 'D', 'A', 'C'], ['A', 'D', 'C', 'B'], ['D', 'B', 'C', 'A']]","{'D': 4, 'B': 3, 'A': 2, 'C': 1}","[0.67, 1.0, 0.79]",3.58
51,"[1, 3, 4]","[3, 2, 3]","[0.58, 0.58, 0.75]","[['B', 'D', 'A', 'C'], ['B', 'A', 'C', 'D'], ['A', 'B', 'C', 'D']]","{'B': 4, 'A': 3, 'D': 2, 'C': 1}","[1.0, 0.75, 1.0]",3.96
51,"[1, 3, 4]","[3, 2, 3]","[0.58, 0.58, 0.75]","[['B', 'D', 'A', 'C'], ['B', 'A', 'C', 'D'], ['A', 'B', 'D', 'C']]","{'B': 4, 'A': 3, 'D': 2, 'C': 1}","[1.0, 0.75, 1.0]",3.96
51,"[1, 3, 4]","[3, 2, 3]","[0.58, 0.58, 0.75]","[['B', 'D', 'A', 'C'], ['B', 'A', 'C', 'D'], ['B', 'A', 'C', 'D']]","{'B': 4, 'A': 3, 'D': 2, 'C': 1}","[1.0, 0.75, 1.0]",3.96
51,"[1, 3, 4]","[3, 2, 3]","[0.58, 0.58, 0.75]","[['B', 'D', 'A', 'C'], ['B', 'A', 'C', 'D'], ['B', 'A', 'D', 'C']]","{'B': 4, 'A': 3, 'D': 2, 'C': 1}","[1.0, 0.75, 1.0]",3.96
51,"[1, 3, 4]","[3, 2, 3]","[0.58, 0.58, 0.75]","[['B', 'D', 'A', 'C'], ['B', 'A', 'C', 'D'], ['B', 'D', 'A', 'C']]","{'B': 4, 'D': 3, 'A': 2, 'C': 1}","[1.0, 0.79, 1.0]",3.95
51,"[1, 3, 4]","[3, 2, 3]","[0.58, 0.58, 0.75]","[['B', 'D', 'A', 'C'], ['B', 'A', 'C', 'D'], ['B', 'D', 'C', 'A']]","{'B': 4, 'D': 3, 'A': 2, 'C': 1}","[1.0, 0.79, 1.0]",3.95
51,"[1, 3, 4]","[3, 2, 3]","[0.58, 0.58, 0.75]","[['B', 'D', 'A', 'C'], ['B', 'A', 'C', 'D'], ['C', 'D', 'A', 'B']]","{'B': 3, 'D': 3, 'A': 2, 'C': 2}","[1.0, 0.79, 1.0]",3.95
51,"[1, 3, 4]","[3, 2, 3]","[0.58, 0.58, 0.75]","[['B', 'D', 'A', 'C'], ['B', 'A', 'C', 'D'], ['C', 'D', 'B', 'A']]","{'B': 3, 'D': 3, 'A': 2, 'C': 2}","[1.0, 0.79, 1.0]",3.95
51,"[1, 3, 4]","[3, 2, 3]","[0.58, 0.58, 0.75]","[['B', 'D', 'A', 'C'], ['B', 'A', 'C', 'D'], ['D', 'B', 'A', 'C']]","{'B': 4, 'D': 3, 'A': 2, 'C': 1}","[1.0, 0.79, 1.0]",3.95
51,"[1, 3, 4]","[3, 2, 3]","[0.58, 0.58, 0.75]","[['B', 'D', 'A', 'C'], ['B', 'A', 'C', 'D'], ['D', 'B', 'C', 'A']]","{'B': 4, 'D': 3, 'A': 2, 'C': 1}","[1.0, 0.79, 1.0]",3.95
51,"[1, 3, 4]","[3, 2, 3]","[0.58, 0.58, 0.75]","[['B', 'D', 'A', 'C'], ['B', 'A', 'C', 'D'], ['D', 'C', 'A', 'B']]","{'B': 3, 'D': 3, 'A': 2, 'C': 2}","[1.0, 0.79, 1.0]",3.95
51,"[1, 3, 4]","[3, 2, 3]","[0.58, 0.58, 0.75]","[['B', 'D', 'A', 'C'], ['B', 'A', 'C', 'D'], ['D', 'C', 'B', 'A']]","{'B': 3, 'D': 3, 'A': 2, 'C': 2}","[1.0, 0.79, 1.0]",3.95
51,"[1, 3, 4]","[3, 2, 3]","[0.58, 0.58, 0.75]","[['B', 'D', 'A', 'C'], ['B', 'A', 'D', 'C'], ['A', 'B', 'C', 'D']]","{'B': 4, 'A': 3, 'D': 2, 'C': 1}","[1.0, 0.75, 1.0]",3.96
51,"[1, 3, 4]","[3, 2, 3]","[0.58, 0.58, 0.75]","[['B', 'D', 'A', 'C'], ['B', 'A', 'D', 'C'], ['A', 'B', 'D', 'C']]","{'B': 4, 'A': 3, 'D': 2, 'C': 1}","[1.0, 0.75, 1.0]",3.96
51,"[1, 3, 4]","[3, 2, 3]","[0.58, 0.58, 0.75]","[['B', 'D', 'A', 'C'], ['B', 'A', 'D', 'C'], ['B', 'A', 'C', 'D']]","{'B': 4, 'A': 3, 'D': 2, 'C': 1}","[1.0, 0.75, 1.0]",3.96
51,"[1, 3, 4]","[3, 2, 3]","[0.58, 0.58, 0.75]","[['B', 'D', 'A', 'C'], ['B', 'A', 'D', 'C'], ['B', 'A', 'D', 'C']]","{'B': 4, 'A': 3, 'D': 2, 'C': 1}","[1.0, 0.75, 1.0]",3.96
51,"[1, 3, 4]","[3, 2, 3]","[0.58, 0.58, 0.75]","[['B', 'D', 'A', 'C'], ['B', 'A', 'D', 'C'], ['B', 'D', 'A', 'C']]","{'B': 4, 'D': 3, 'A': 2, 'C': 1}","[1.0, 0.79, 1.0]",3.95
51,"[1, 3, 4]","[3, 2, 3]","[0.58, 0.58, 0.75]","[['B', 'D', 'A', 'C'], ['B', 'A', 'D', 'C'], ['B', 'D', 'C', 'A']]","{'B': 4, 'D': 3, 'A': 2, 'C': 1}","[1.0, 0.79, 1.0]",3.95
51,"[1, 3, 4]","[3, 2, 3]","[0.58, 0.58, 0.75]","[['B', 'D', 'A', 'C'], ['B', 'A', 'D', 'C'], ['C', 'D', 'A', 'B']]","{'B': 3, 'D': 3, 'A': 2, 'C': 2}","[1.0, 0.79, 1.0]",3.95
51,"[1, 3, 4]","[3, 2, 3]","[0.58, 0.58, 0.75]","[['B', 'D', 'A', 'C'], ['B', 'A', 'D', 'C'], ['C', 'D', 'B', 'A']]","{'B': 3, 'D': 3, 'A': 2, 'C': 2}","[1.0, 0.79, 1.0]",3.95
51,"[1, 3, 4]","[3, 2, 3]","[0.58, 0.58, 0.75]","[['B', 'D', 'A', 'C'], ['B', 'A', 'D', 'C'], ['D', 'B', 'A', 'C']]","{'B': 4, 'D': 3, 'A': 2, 'C': 1}","[1.0, 0.79, 1.0]",3.95
51,"[1, 3, 4]","[3, 2, 3]","[0.58, 0.58, 0.75]","[['B', 'D', 'A', 'C'], ['B', 'A', 'D', 'C'], ['D', 'B', 'C', 'A']]","{'B': 4, 'D': 3, 'A': 2, 'C': 1}","[1.0, 0.79, 1.0]",3.95
51,"[1, 3, 4]","[3, 2, 3]","[0.58, 0.58, 0.75]","[['B', 'D', 'A', 'C'], ['B', 'A', 'D', 'C'], ['D', 'C', 'A', 'B']]","{'B': 3, 'D': 3, 'A': 2, 'C': 2}","[1.0, 0.79, 1.0]",3.95
51,"[1, 3, 4]","[3, 2, 3]","[0.58, 0.58, 0.75]","[['B', 'D', 'A', 'C'], ['B', 'A', 'D', 'C'], ['D', 'C', 'B', 'A']]","{'B': 3, 'D': 3, 'A': 2, 'C': 2}","[1.0, 0.79, 1.0]",3.95
51,"[1, 3, 4]","[3, 2, 3]","[0.58, 0.58, 0.75]","[['B', 'D', 'A', 'C'], ['B', 'C', 'A', 'D'], ['A', 'D', 'B', 'C']]","{'B': 3, 'D': 3, 'A': 2, 'C': 2}","[1.0, 0.79, 1.0]",3.95
51,"[1, 3, 4]","[3, 2, 3]","[0.58, 0.58, 0.75]","[['B', 'D', 'A', 'C'], ['B', 'C', 'A', 'D'], ['A', 'D', 'C', 'B']]","{'B': 3, 'D': 3, 'A': 2, 'C': 2}","[1.0, 0.79, 1.0]",3.95
51,"[1, 3, 4]","[3, 2, 3]","[0.58, 0.58, 0.75]","[['B', 'D', 'A', 'C'], ['B', 'C', 'A', 'D'], ['B', 'D', 'A', 'C']]","{'B': 4, 'D': 3, 'C': 2, 'A': 1}","[1.0, 0.67, 1.0]",3.96
51,"[1, 3, 4]","[3, 2, 3]","[0.58, 0.58, 0.75]","[['B', 'D', 'A', 'C'], ['B', 'C', 'A', 'D'], ['B', 'D', 'C', 'A']]","{'B': 4, 'D': 3, 'C': 2, 'A': 1}","[1.0, 0.67, 1.0]",3.96
51,"[1, 3, 4]","[3, 2, 3]","[0.58, 0.58, 0.75]","[['B', 'D', 'A', 'C'], ['B', 'C', 'A', 'D'], ['D', 'A', 'B', 'C']]","{'B': 3, 'D': 3, 'A': 2, 'C': 2}","[1.0, 0.79, 1.0]",3.95
51,"[1, 3, 4]","[3, 2, 3]","[0.58, 0.58, 0.75]","[['B', 'D', 'A', 'C'], ['B', 'C', 'A', 'D'], ['D', 'A', 'C', 'B']]","{'B': 3, 'D': 3, 'A': 2, 'C': 2}","[1.0, 0.79, 1.0]",3.95
51,"[1, 3, 4]","[3, 2, 3]","[0.58, 0.58, 0.75]","[['B', 'D', 'A', 'C'], ['B', 'C', 'A', 'D'], ['D', 'B', 'A', 'C']]","{'B': 4, 'D': 3, 'C': 2, 'A': 1}","[1.0, 0.67, 1.0]",3.96
51,"[1, 3, 4]","[3, 2, 3]","[0.58, 0.58, 0.75]","[['B', 'D', 'A', 'C'], ['B', 'C', 'A', 'D'], ['D', 'B', 'C', 'A']]","{'B': 4, 'D': 3, 'C': 2, 'A': 1}","[1.0, 0.67, 1.0]",3.96
51,"[1, 3, 4]","[3, 2, 3]","[0.58, 0.58, 0.75]","[['B', 'D', 'A', 'C'], ['B', 'C', 'D', 'A'], ['A', 'D', 'B', 'C']]","{'B': 3, 'D': 3, 'A': 2, 'C': 2}","[1.0, 0.79, 1.0]",3.95
51,"[1, 3, 4]","[3, 2, 3]","[0.58, 0.58, 0.75]","[['B', 'D', 'A', 'C'], ['B', 'C', 'D', 'A'], ['A', 'D', 'C', 'B']]","{'B': 3, 'D': 3, 'A': 2, 'C': 2}","[1.0, 0.79, 1.0]",3.95
51,"[1, 3, 4]","[3, 2, 3]","[0.58, 0.58, 0.75]","[['B', 'D', 'A', 'C'], ['B', 'C', 'D', 'A'], ['B', 'D', 'A', 'C']]","{'B': 4, 'D': 3, 'C': 2, 'A': 1}","[1.0, 0.67, 1.0]",3.96
51,"[1, 3, 4]","[3, 2, 3]","[0.58, 0.58, 0.75]","[['B', 'D', 'A', 'C'], ['B', 'C', 'D', 'A'], ['B', 'D', 'C', 'A']]","{'B': 4, 'D': 3, 'C': 2, 'A': 1}","[1.0, 0.67, 1.0]",3.96
51,"[1, 3, 4]","[3, 2, 3]","[0.58, 0.58, 0.75]","[['B', 'D', 'A', 'C'], ['B', 'C', 'D', 'A'], ['D', 'A', 'B', 'C']]","{'B': 3, 'D': 3, 'A': 2, 'C': 2}","[1.0, 0.79, 1.0]",3.95
51,"[1, 3, 4]","[3, 2, 3]","[0.58, 0.58, 0.75]","[['B', 'D', 'A', 'C'], ['B', 'C', 'D', 'A'], ['D', 'A', 'C', 'B']]","{'B': 3, 'D': 3, 'A': 2, 'C': 2}","[1.0, 0.79, 1.0]",3.95
51,"[1, 3, 4]","[3, 2, 3]","[0.58, 0.58, 0.75]","[['B', 'D', 'A', 'C'], ['B', 'C', 'D', 'A'], ['D', 'B', 'A', 'C']]","{'B': 4, 'D': 3, 'C': 2, 'A': 1}","[1.0, 0.67, 1.0]",3.96
51,"[1, 3, 4]","[3, 2, 3]","[0.58, 0.58, 0.75]","[['B', 'D', 'A', 'C'], ['B', 'C', 'D', 'A'], ['D', 'B', 'C', 'A']]","{'B': 4, 'D': 3, 'C': 2, 'A': 1}","[1.0, 0.67, 1.0]",3.96
51,"[1, 3, 4]","[3, 2, 3]","[0.58, 0.58, 0.75]","[['B', 'D', 'A', 'C'], ['B', 'D', 'A', 'C'], ['A', 'B', 'C', 'D']]","{'B': 4, 'D': 3, 'A': 2, 'C': 1}","[1.0, 0.79, 1.0]",3.95
51,"[1, 3, 4]","[3, 2, 3]","[0.58, 0.58, 0.75]","[['B', 'D', 'A', 'C'], ['B', 'D', 'A', 'C'], ['A', 'B', 'D', 'C']]","{'B': 4, 'D': 3, 'A': 2, 'C': 1}","[1.0, 0.79, 1.0]",3.95
51,"[1, 3, 4]","[3, 2, 3]","[0.58, 0.58, 0.75]","[['B', 'D', 'A', 'C'], ['B', 'D', 'A', 'C'], ['A', 'C', 'B', 'D']]","{'B': 3, 'D': 3, 'A': 2, 'C': 2}","[1.0, 0.79, 1.0]",3.95
51,"[1, 3, 4]","[3, 2, 3]","[0.58, 0.58, 0.75]","[['B', 'D', 'A', 'C'], ['B', 'D', 'A', 'C'], ['A', 'C', 'D', 'B']]","{'B': 3, 'D': 3, 'A': 2, 'C': 2}","[1.0, 0.79, 1.0]",3.95
51,"[1, 3, 4]","[3, 2, 3]","[0.58, 0.58, 0.75]","[['B', 'D', 'A', 'C'], ['B', 'D', 'A', 'C'], ['A', 'D', 'B', 'C']]","{'D': 4, 'B': 3, 'A': 2, 'C': 1}","[0.67, 1.0, 0.79]",3.58
51,"[1, 3, 4]","[3, 2, 3]","[0.58, 0.58, 0.75]","[['B', 'D', 'A', 'C'], ['B', 'D', 'A', 'C'], ['A', 'D', 'C', 'B']]","{'D': 4, 'B': 3, 'A': 2, 'C': 1}","[0.67, 1.0, 0.79]",3.58
51,"[1, 3, 4]","[3, 2, 3]","[0.58, 0.58, 0.75]","[['B', 'D', 'A', 'C'], ['B', 'D', 'A', 'C'], ['B', 'A', 'C', 'D']]","{'B': 4, 'D': 3, 'A': 2, 'C': 1}","[1.0, 0.79, 1.0]",3.95
51,"[1, 3, 4]","[3, 2, 3]","[0.58, 0.58, 0.75]","[['B', 'D', 'A', 'C'], ['B', 'D', 'A', 'C'], ['B', 'A', 'D', 'C']]","{'B': 4, 'D': 3, 'A': 2, 'C': 1}","[1.0, 0.79, 1.0]",3.95
51,"[1, 3, 4]","[3, 2, 3]","[0.58, 0.58, 0.75]","[['B', 'D', 'A', 'C'], ['B', 'D', 'A', 'C'], ['B', 'C', 'A', 'D']]","{'B': 4, 'D': 3, 'C': 2, 'A': 1}","[1.0, 0.67, 1.0]",3.96
51,"[1, 3, 4]","[3, 2, 3]","[0.58, 0.58, 0.75]","[['B', 'D', 'A', 'C'], ['B', 'D', 'A', 'C'], ['B', 'C', 'D', 'A']]","{'B': 4, 'D': 3, 'C': 2, 'A': 1}","[1.0, 0.67, 1.0]",3.96
51,"[1, 3, 4]","[3, 2, 3]","[0.58, 0.58, 0.75]","[['B', 'D', 'A', 'C'], ['B', 'D', 'A', 'C'], ['B', 'D', 'A', 'C']]","{'B': 4, 'D': 4, 'A': 1, 'C': 1}","[1.0, 0.79, 1.0]",3.95
51,"[1, 3, 4]","[3, 2, 3]","[0.58, 0.58, 0.75]","[['B', 'D', 'A', 'C'], ['B', 'D', 'A', 'C'], ['B', 'D', 'C', 'A']]","{'B': 4, 'D': 4, 'A': 1, 'C': 1}","[1.0, 0.79, 1.0]",3.95
51,"[1, 3, 4]","[3, 2, 3]","[0.58, 0.58, 0.75]","[['B', 'D', 'A', 'C'], ['B', 'D', 'A', 'C'], ['C', 'A', 'B', 'D']]","{'B': 3, 'D': 3, 'A': 2, 'C': 2}","[1.0, 0.79, 1.0]",3.95
51,"[1, 3, 4]","[3, 2, 3]","[0.58, 0.58, 0.75]","[['B', 'D', 'A', 'C'], ['B', 'D', 'A', 'C'], ['C', 'A', 'D', 'B']]","{'B': 3, 'D': 3, 'A': 2, 'C': 2}","[1.0, 0.79, 1.0]",3.95
51,"[1, 3, 4]","[3, 2, 3]","[0.58, 0.58, 0.75]","[['B', 'D', 'A', 'C'], ['B', 'D', 'A', 'C'], ['C', 'B', 'A', 'D']]","{'B': 4, 'D': 3, 'C': 2, 'A': 1}","[1.0, 0.67, 1.0]",3.96
51,"[1, 3, 4]","[3, 2, 3]","[0.58, 0.58, 0.75]","[['B', 'D', 'A', 'C'], ['B', 'D', 'A', 'C'], ['C', 'B', 'D', 'A']]","{'B': 4, 'D': 3, 'C': 2, 'A': 1}","[1.0, 0.67, 1.0]",3.96
51,"[1, 3, 4]","[3, 2, 3]","[0.58, 0.58, 0.75]","[['B', 'D', 'A', 'C'], ['B', 'D', 'A', 'C'], ['D', 'A', 'B', 'C']]","{'D': 4, 'B': 3, 'A': 2, 'C': 1}","[0.67, 1.0, 0.79]",3.58
51,"[1, 3, 4]","[3, 2, 3]","[0.58, 0.58, 0.75]","[['B', 'D', 'A', 'C'], ['B', 'D', 'A', 'C'], ['D', 'A', 'C', 'B']]","{'D': 4, 'B': 3, 'A': 2, 'C': 1}","[0.67, 1.0, 0.79]",3.58
51,"[1, 3, 4]","[3, 2, 3]","[0.58, 0.58, 0.75]","[['B', 'D', 'A', 'C'], ['B', 'D', 'A', 'C'], ['D', 'B', 'A', 'C']]","{'B': 4, 'D': 4, 'A': 1, 'C': 1}","[1.0, 0.79, 1.0]",3.95
51,"[1, 3, 4]","[3, 2, 3]","[0.58, 0.58, 0.75]","[['B', 'D', 'A', 'C'], ['B', 'D', 'A', 'C'], ['D', 'B', 'C', 'A']]","{'B': 4, 'D': 4, 'A': 1, 'C': 1}","[1.0, 0.79, 1.0]",3.95
51,"[1, 3, 4]","[3, 2, 3]","[0.58, 0.58, 0.75]","[['B', 'D', 'A', 'C'], ['B', 'D', 'C', 'A'], ['A', 'B', 'C', 'D']]","{'B': 4, 'D': 3, 'A': 2, 'C': 1}","[1.0, 0.79, 1.0]",3.95
51,"[1, 3, 4]","[3, 2, 3]","[0.58, 0.58, 0.75]","[['B', 'D', 'A', 'C'], ['B', 'D', 'C', 'A'], ['A', 'B', 'D', 'C']]","{'B': 4, 'D': 3, 'A': 2, 'C': 1}","[1.0, 0.79, 1.0]",3.95
51,"[1, 3, 4]","[3, 2, 3]","[0.58, 0.58, 0.75]","[['B', 'D', 'A', 'C'], ['B', 'D', 'C', 'A'], ['A', 'C', 'B', 'D']]","{'B': 3, 'D': 3, 'A': 2, 'C': 2}","[1.0, 0.79, 1.0]",3.95
51,"[1, 3, 4]","[3, 2, 3]","[0.58, 0.58, 0.75]","[['B', 'D', 'A', 'C'], ['B', 'D', 'C', 'A'], ['A', 'C', 'D', 'B']]","{'B': 3, 'D': 3, 'A': 2, 'C': 2}","[1.0, 0.79, 1.0]",3.95
51,"[1, 3, 4]","[3, 2, 3]","[0.58, 0.58, 0.75]","[['B', 'D', 'A', 'C'], ['B', 'D', 'C', 'A'], ['A', 'D', 'B', 'C']]","{'D': 4, 'B': 3, 'A': 2, 'C': 1}","[0.67, 1.0, 0.79]",3.58
51,"[1, 3, 4]","[3, 2, 3]","[0.58, 0.58, 0.75]","[['B', 'D', 'A', 'C'], ['B', 'D', 'C', 'A'], ['A', 'D', 'C', 'B']]","{'D': 4, 'B': 3, 'A': 2, 'C': 1}","[0.67, 1.0, 0.79]",3.58
51,"[1, 3, 4]","[3, 2, 3]","[0.58, 0.58, 0.75]","[['B', 'D', 'A', 'C'], ['B', 'D', 'C', 'A'], ['B', 'A', 'C', 'D']]","{'B': 4, 'D': 3, 'A': 2, 'C': 1}","[1.0, 0.79, 1.0]",3.95
51,"[1, 3, 4]","[3, 2, 3]","[0.58, 0.58, 0.75]","[['B', 'D', 'A', 'C'], ['B', 'D', 'C', 'A'], ['B', 'A', 'D', 'C']]","{'B': 4, 'D': 3, 'A': 2, 'C': 1}","[1.0, 0.79, 1.0]",3.95
51,"[1, 3, 4]","[3, 2, 3]","[0.58, 0.58, 0.75]","[['B', 'D', 'A', 'C'], ['B', 'D', 'C', 'A'], ['B', 'C', 'A', 'D']]","{'B': 4, 'D': 3, 'C': 2, 'A': 1}","[1.0, 0.67, 1.0]",3.96
51,"[1, 3, 4]","[3, 2, 3]","[0.58, 0.58, 0.75]","[['B', 'D', 'A', 'C'], ['B', 'D', 'C', 'A'], ['B', 'C', 'D', 'A']]","{'B': 4, 'D': 3, 'C': 2, 'A': 1}","[1.0, 0.67, 1.0]",3.96
51,"[1, 3, 4]","[3, 2, 3]","[0.58, 0.58, 0.75]","[['B', 'D', 'A', 'C'], ['B', 'D', 'C', 'A'], ['B', 'D', 'A', 'C']]","{'B': 4, 'D': 4, 'A': 1, 'C': 1}","[1.0, 0.79, 1.0]",3.95
51,"[1, 3, 4]","[3, 2, 3]","[0.58, 0.58, 0.75]","[['B', 'D', 'A', 'C'], ['B', 'D', 'C', 'A'], ['B', 'D', 'C', 'A']]","{'B': 4, 'D': 4, 'A': 1, 'C': 1}","[1.0, 0.79, 1.0]",3.95
51,"[1, 3, 4]","[3, 2, 3]","[0.58, 0.58, 0.75]","[['B', 'D', 'A', 'C'], ['B', 'D', 'C', 'A'], ['C', 'A', 'B', 'D']]","{'B': 3, 'D': 3, 'A': 2, 'C': 2}","[1.0, 0.79, 1.0]",3.95
51,"[1, 3, 4]","[3, 2, 3]","[0.58, 0.58, 0.75]","[['B', 'D', 'A', 'C'], ['B', 'D', 'C', 'A'], ['C', 'A', 'D', 'B']]","{'B': 3, 'D': 3, 'A': 2, 'C': 2}","[1.0, 0.79, 1.0]",3.95
51,"[1, 3, 4]","[3, 2, 3]","[0.58, 0.58, 0.75]","[['B', 'D', 'A', 'C'], ['B', 'D', 'C', 'A'], ['C', 'B', 'A', 'D']]","{'B': 4, 'D': 3, 'C': 2, 'A': 1}","[1.0, 0.67, 1.0]",3.96
51,"[1, 3, 4]","[3, 2, 3]","[0.58, 0.58, 0.75]","[['B', 'D', 'A', 'C'], ['B', 'D', 'C', 'A'], ['C', 'B', 'D', 'A']]","{'B': 4, 'D': 3, 'C': 2, 'A': 1}","[1.0, 0.67, 1.0]",3.96
51,"[1, 3, 4]","[3, 2, 3]","[0.58, 0.58, 0.75]","[['B', 'D', 'A', 'C'], ['B', 'D', 'C', 'A'], ['D', 'A', 'B', 'C']]","{'D': 4, 'B': 3, 'A': 2, 'C': 1}","[0.67, 1.0, 0.79]",3.58
51,"[1, 3, 4]","[3, 2, 3]","[0.58, 0.58, 0.75]","[['B', 'D', 'A', 'C'], ['B', 'D', 'C', 'A'], ['D', 'A', 'C', 'B']]","{'D': 4, 'B': 3, 'A': 2, 'C': 1}","[0.67, 1.0, 0.79]",3.58
51,"[1, 3, 4]","[3, 2, 3]","[0.58, 0.58, 0.75]","[['B', 'D', 'A', 'C'], ['B', 'D', 'C', 'A'], ['D', 'B', 'A', 'C']]","{'B': 4, 'D': 4, 'A': 1, 'C': 1}","[1.0, 0.79, 1.0]",3.95
51,"[1, 3, 4]","[3, 2, 3]","[0.58, 0.58, 0.75]","[['B', 'D', 'A', 'C'], ['B', 'D', 'C', 'A'], ['D', 'B', 'C', 'A']]","{'B': 4, 'D': 4, 'A': 1, 'C': 1}","[1.0, 0.79, 1.0]",3.95
51,"[1, 3, 4]","[3, 2, 3]","[0.58, 0.58, 0.75]","[['B', 'D', 'A', 'C'], ['C', 'A', 'B', 'D'], ['B', 'D', 'A', 'C']]","{'B': 3, 'D': 3, 'A': 2, 'C': 2}","[1.0, 0.79, 1.0]",3.95
51,"[1, 3, 4]","[3, 2, 3]","[0.58, 0.58, 0.75]","[['B', 'D', 'A', 'C'], ['C', 'A', 'B', 'D'], ['B', 'D', 'C', 'A']]","{'B': 3, 'D': 3, 'A': 2, 'C': 2}","[1.0, 0.79, 1.0]",3.95
51,"[1, 3, 4]","[3, 2, 3]","[0.58, 0.58, 0.75]","[['B', 'D', 'A', 'C'], ['C', 'A', 'B', 'D'], ['D', 'B', 'A', 'C']]","{'B': 3, 'D': 3, 'A': 2, 'C': 2}","[1.0, 0.79, 1.0]",3.95
51,"[1, 3, 4]","[3, 2, 3]","[0.58, 0.58, 0.75]","[['B', 'D', 'A', 'C'], ['C', 'A', 'B', 'D'], ['D', 'B', 'C', 'A']]","{'B': 3, 'D': 3, 'A': 2, 'C': 2}","[1.0, 0.79, 1.0]",3.95
51,"[1, 3, 4]","[3, 2, 3]","[0.58, 0.58, 0.75]","[['B', 'D', 'A', 'C'], ['C', 'A', 'D', 'B'], ['B', 'D', 'A', 'C']]","{'B': 3, 'D': 3, 'A': 2, 'C': 2}","[1.0, 0.79, 1.0]",3.95
51,"[1, 3, 4]","[3, 2, 3]","[0.58, 0.58, 0.75]","[['B', 'D', 'A', 'C'], ['C', 'A', 'D', 'B'], ['B', 'D', 'C', 'A']]","{'B': 3, 'D': 3, 'A': 2, 'C': 2}","[1.0, 0.79, 1.0]",3.95
51,"[1, 3, 4]","[3, 2, 3]","[0.58, 0.58, 0.75]","[['B', 'D', 'A', 'C'], ['C', 'A', 'D', 'B'], ['D', 'B', 'A', 'C']]","{'B': 3, 'D': 3, 'A': 2, 'C': 2}","[1.0, 0.79, 1.0]",3.95
51,"[1, 3, 4]","[3, 2, 3]","[0.58, 0.58, 0.75]","[['B', 'D', 'A', 'C'], ['C', 'A', 'D', 'B'], ['D', 'B', 'C', 'A']]","{'B': 3, 'D': 3, 'A': 2, 'C': 2}","[1.0, 0.79, 1.0]",3.95
51,"[1, 3, 4]","[3, 2, 3]","[0.58, 0.58, 0.75]","[['B', 'D', 'A', 'C'], ['C', 'B', 'A', 'D'], ['A', 'D', 'B', 'C']]","{'B': 3, 'D': 3, 'A': 2, 'C': 2}","[1.0, 0.79, 1.0]",3.95
51,"[1, 3, 4]","[3, 2, 3]","[0.58, 0.58, 0.75]","[['B', 'D', 'A', 'C'], ['C', 'B', 'A', 'D'], ['A', 'D', 'C', 'B']]","{'B': 3, 'D': 3, 'A': 2, 'C': 2}","[1.0, 0.79, 1.0]",3.95
51,"[1, 3, 4]","[3, 2, 3]","[0.58, 0.58, 0.75]","[['B', 'D', 'A', 'C'], ['C', 'B', 'A', 'D'], ['B', 'D', 'A', 'C']]","{'B': 4, 'D': 3, 'C': 2, 'A': 1}","[1.0, 0.67, 1.0]",3.96
51,"[1, 3, 4]","[3, 2, 3]","[0.58, 0.58, 0.75]","[['B', 'D', 'A', 'C'], ['C', 'B', 'A', 'D'], ['B', 'D', 'C', 'A']]","{'B': 4, 'D': 3, 'C': 2, 'A': 1}","[1.0, 0.67, 1.0]",3.96
51,"[1, 3, 4]","[3, 2, 3]","[0.58, 0.58, 0.75]","[['B', 'D', 'A', 'C'], ['C', 'B', 'A', 'D'], ['D', 'A', 'B', 'C']]","{'B': 3, 'D': 3, 'A': 2, 'C': 2}","[1.0, 0.79, 1.0]",3.95
51,"[1, 3, 4]","[3, 2, 3]","[0.58, 0.58, 0.75]","[['B', 'D', 'A', 'C'], ['C', 'B', 'A', 'D'], ['D', 'A', 'C', 'B']]","{'B': 3, 'D': 3, 'A': 2, 'C': 2}","[1.0, 0.79, 1.0]",3.95
51,"[1, 3, 4]","[3, 2, 3]","[0.58, 0.58, 0.75]","[['B', 'D', 'A', 'C'], ['C', 'B', 'A', 'D'], ['D', 'B', 'A', 'C']]","{'B': 4, 'D': 3, 'C': 2, 'A': 1}","[1.0, 0.67, 1.0]",3.96
51,"[1, 3, 4]","[3, 2, 3]","[0.58, 0.58, 0.75]","[['B', 'D', 'A', 'C'], ['C', 'B', 'A', 'D'], ['D', 'B', 'C', 'A']]","{'B': 4, 'D': 3, 'C': 2, 'A': 1}","[1.0, 0.67, 1.0]",3.96
51,"[1, 3, 4]","[3, 2, 3]","[0.58, 0.58, 0.75]","[['B', 'D', 'A', 'C'], ['C', 'B', 'D', 'A'], ['A', 'D', 'B', 'C']]","{'B': 3, 'D': 3, 'A': 2, 'C': 2}","[1.0, 0.79, 1.0]",3.95
51,"[1, 3, 4]","[3, 2, 3]","[0.58, 0.58, 0.75]","[['B', 'D', 'A', 'C'], ['C', 'B', 'D', 'A'], ['A', 'D', 'C', 'B']]","{'B': 3, 'D': 3, 'A': 2, 'C': 2}","[1.0, 0.79, 1.0]",3.95
51,"[1, 3, 4]","[3, 2, 3]","[0.58, 0.58, 0.75]","[['B', 'D', 'A', 'C'], ['C', 'B', 'D', 'A'], ['B', 'D', 'A', 'C']]","{'B': 4, 'D': 3, 'C': 2, 'A': 1}","[1.0, 0.67, 1.0]",3.96
51,"[1, 3, 4]","[3, 2, 3]","[0.58, 0.58, 0.75]","[['B', 'D', 'A', 'C'], ['C', 'B', 'D', 'A'], ['B', 'D', 'C', 'A']]","{'B': 4, 'D': 3, 'C': 2, 'A': 1}","[1.0, 0.67, 1.0]",3.96
51,"[1, 3, 4]","[3, 2, 3]","[0.58, 0.58, 0.75]","[['B', 'D', 'A', 'C'], ['C', 'B', 'D', 'A'], ['D', 'A', 'B', 'C']]","{'B': 3, 'D': 3, 'A': 2, 'C': 2}","[1.0, 0.79, 1.0]",3.95
51,"[1, 3, 4]","[3, 2, 3]","[0.58, 0.58, 0.75]","[['B', 'D', 'A', 'C'], ['C', 'B', 'D', 'A'], ['D', 'A', 'C', 'B']]","{'B': 3, 'D': 3, 'A': 2, 'C': 2}","[1.0, 0.79, 1.0]",3.95
51,"[1, 3, 4]","[3, 2, 3]","[0.58, 0.58, 0.75]","[['B', 'D', 'A', 'C'], ['C', 'B', 'D', 'A'], ['D', 'B', 'A', 'C']]","{'B': 4, 'D': 3, 'C': 2, 'A': 1}","[1.0, 0.67, 1.0]",3.96
51,"[1, 3, 4]","[3, 2, 3]","[0.58, 0.58, 0.75]","[['B', 'D', 'A', 'C'], ['C', 'B', 'D', 'A'], ['D', 'B', 'C', 'A']]","{'B': 4, 'D': 3, 'C': 2, 'A': 1}","[1.0, 0.67, 1.0]",3.96
51,"[1, 3, 4]","[3, 2, 3]","[0.58, 0.58, 0.75]","[['B', 'D', 'A', 'C'], ['C', 'D', 'A', 'B'], ['A', 'B', 'C', 'D']]","{'B': 3, 'D': 3, 'A': 2, 'C': 2}","[1.0, 0.79, 1.0]",3.95
51,"[1, 3, 4]","[3, 2, 3]","[0.58, 0.58, 0.75]","[['B', 'D', 'A', 'C'], ['C', 'D', 'A', 'B'], ['A', 'B', 'D', 'C']]","{'B': 3, 'D': 3, 'A': 2, 'C': 2}","[1.0, 0.79, 1.0]",3.95
51,"[1, 3, 4]","[3, 2, 3]","[0.58, 0.58, 0.75]","[['B', 'D', 'A', 'C'], ['C', 'D', 'A', 'B'], ['B', 'A', 'C', 'D']]","{'B': 3, 'D': 3, 'A': 2, 'C': 2}","[1.0, 0.79, 1.0]",3.95
51,"[1, 3, 4]","[3, 2, 3]","[0.58, 0.58, 0.75]","[['B', 'D', 'A', 'C'], ['C', 'D', 'A', 'B'], ['B', 'A', 'D', 'C']]","{'B': 3, 'D': 3, 'A': 2, 'C': 2}","[1.0, 0.79, 1.0]",3.95
51,"[1, 3, 4]","[3, 2, 3]","[0.58, 0.58, 0.75]","[['B', 'D', 'A', 'C'], ['C', 'D', 'B', 'A'], ['A', 'B', 'C', 'D']]","{'B': 3, 'D': 3, 'A': 2, 'C': 2}","[1.0, 0.79, 1.0]",3.95
51,"[1, 3, 4]","[3, 2, 3]","[0.58, 0.58, 0.75]","[['B', 'D', 'A', 'C'], ['C', 'D', 'B', 'A'], ['A', 'B', 'D', 'C']]","{'B': 3, 'D': 3, 'A': 2, 'C': 2}","[1.0, 0.79, 1.0]",3.95
51,"[1, 3, 4]","[3, 2, 3]","[0.58, 0.58, 0.75]","[['B', 'D', 'A', 'C'], ['C', 'D', 'B', 'A'], ['B', 'A', 'C', 'D']]","{'B': 3, 'D': 3, 'A': 2, 'C': 2}","[1.0, 0.79, 1.0]",3.95
51,"[1, 3, 4]","[3, 2, 3]","[0.58, 0.58, 0.75]","[['B', 'D', 'A', 'C'], ['C', 'D', 'B', 'A'], ['B', 'A', 'D', 'C']]","{'B': 3, 'D': 3, 'A': 2, 'C': 2}","[1.0, 0.79, 1.0]",3.95
51,"[1, 3, 4]","[3, 2, 3]","[0.58, 0.58, 0.75]","[['B', 'D', 'A', 'C'], ['D', 'A', 'B', 'C'], ['B', 'C', 'A', 'D']]","{'B': 3, 'D': 3, 'A': 2, 'C': 2}","[1.0, 0.79, 1.0]",3.95
51,"[1, 3, 4]","[3, 2, 3]","[0.58, 0.58, 0.75]","[['B', 'D', 'A', 'C'], ['D', 'A', 'B', 'C'], ['B', 'C', 'D', 'A']]","{'B': 3, 'D': 3, 'A': 2, 'C': 2}","[1.0, 0.79, 1.0]",3.95
51,"[1, 3, 4]","[3, 2, 3]","[0.58, 0.58, 0.75]","[['B', 'D', 'A', 'C'], ['D', 'A', 'B', 'C'], ['B', 'D', 'A', 'C']]","{'D': 4, 'B': 3, 'A': 2, 'C': 1}","[0.67, 1.0, 0.79]",3.58
51,"[1, 3, 4]","[3, 2, 3]","[0.58, 0.58, 0.75]","[['B', 'D', 'A', 'C'], ['D', 'A', 'B', 'C'], ['B', 'D', 'C', 'A']]","{'D': 4, 'B': 3, 'A': 2, 'C': 1}","[0.67, 1.0, 0.79]",3.58
51,"[1, 3, 4]","[3, 2, 3]","[0.58, 0.58, 0.75]","[['B', 'D', 'A', 'C'], ['D', 'A', 'B', 'C'], ['C', 'B', 'A', 'D']]","{'B': 3, 'D': 3, 'A': 2, 'C': 2}","[1.0, 0.79, 1.0]",3.95
51,"[1, 3, 4]","[3, 2, 3]","[0.58, 0.58, 0.75]","[['B', 'D', 'A', 'C'], ['D', 'A', 'B', 'C'], ['C', 'B', 'D', 'A']]","{'B': 3, 'D': 3, 'A': 2, 'C': 2}","[1.0, 0.79, 1.0]",3.95
51,"[1, 3, 4]","[3, 2, 3]","[0.58, 0.58, 0.75]","[['B', 'D', 'A', 'C'], ['D', 'A', 'B', 'C'], ['D', 'B', 'A', 'C']]","{'D': 4, 'B': 3, 'A': 2, 'C': 1}","[0.67, 1.0, 0.79]",3.58
51,"[1, 3, 4]","[3, 2, 3]","[0.58, 0.58, 0.75]","[['B', 'D', 'A', 'C'], ['D', 'A', 'B', 'C'], ['D', 'B', 'C', 'A']]","{'D': 4, 'B': 3, 'A': 2, 'C': 1}","[0.67, 1.0, 0.79]",3.58
51,"[1, 3, 4]","[3, 2, 3]","[0.58, 0.58, 0.75]","[['B', 'D', 'A', 'C'], ['D', 'A', 'C', 'B'], ['B', 'C', 'A', 'D']]","{'B': 3, 'D': 3, 'A': 2, 'C': 2}","[1.0, 0.79, 1.0]",3.95
51,"[1, 3, 4]","[3, 2, 3]","[0.58, 0.58, 0.75]","[['B', 'D', 'A', 'C'], ['D', 'A', 'C', 'B'], ['B', 'C', 'D', 'A']]","{'B': 3, 'D': 3, 'A': 2, 'C': 2}","[1.0, 0.79, 1.0]",3.95
51,"[1, 3, 4]","[3, 2, 3]","[0.58, 0.58, 0.75]","[['B', 'D', 'A', 'C'], ['D', 'A', 'C', 'B'], ['B', 'D', 'A', 'C']]","{'D': 4, 'B': 3, 'A': 2, 'C': 1}","[0.67, 1.0, 0.79]",3.58
51,"[1, 3, 4]","[3, 2, 3]","[0.58, 0.58, 0.75]","[['B', 'D', 'A', 'C'], ['D', 'A', 'C', 'B'], ['B', 'D', 'C', 'A']]","{'D': 4, 'B': 3, 'A': 2, 'C': 1}","[0.67, 1.0, 0.79]",3.58
51,"[1, 3, 4]","[3, 2, 3]","[0.58, 0.58, 0.75]","[['B', 'D', 'A', 'C'], ['D', 'A', 'C', 'B'], ['C', 'B', 'A', 'D']]","{'B': 3, 'D': 3, 'A': 2, 'C': 2}","[1.0, 0.79, 1.0]",3.95
51,"[1, 3, 4]","[3, 2, 3]","[0.58, 0.58, 0.75]","[['B', 'D', 'A', 'C'], ['D', 'A', 'C', 'B'], ['C', 'B', 'D', 'A']]","{'B': 3, 'D': 3, 'A': 2, 'C': 2}","[1.0, 0.79, 1.0]",3.95
51,"[1, 3, 4]","[3, 2, 3]","[0.58, 0.58, 0.75]","[['B', 'D', 'A', 'C'], ['D', 'A', 'C', 'B'], ['D', 'B', 'A', 'C']]","{'D': 4, 'B': 3, 'A': 2, 'C': 1}","[0.67, 1.0, 0.79]",3.58
51,"[1, 3, 4]","[3, 2, 3]","[0.58, 0.58, 0.75]","[['B', 'D', 'A', 'C'], ['D', 'A', 'C', 'B'], ['D', 'B', 'C', 'A']]","{'D': 4, 'B': 3, 'A': 2, 'C': 1}","[0.67, 1.0, 0.79]",3.58
51,"[1, 3, 4]","[3, 2, 3]","[0.58, 0.58, 0.75]","[['B', 'D', 'A', 'C'], ['D', 'B', 'A', 'C'], ['A', 'B', 'C', 'D']]","{'B': 4, 'D': 3, 'A': 2, 'C': 1}","[1.0, 0.79, 1.0]",3.95
51,"[1, 3, 4]","[3, 2, 3]","[0.58, 0.58, 0.75]","[['B', 'D', 'A', 'C'], ['D', 'B', 'A', 'C'], ['A', 'B', 'D', 'C']]","{'B': 4, 'D': 3, 'A': 2, 'C': 1}","[1.0, 0.79, 1.0]",3.95
51,"[1, 3, 4]","[3, 2, 3]","[0.58, 0.58, 0.75]","[['B', 'D', 'A', 'C'], ['D', 'B', 'A', 'C'], ['A', 'C', 'B', 'D']]","{'B': 3, 'D': 3, 'A': 2, 'C': 2}","[1.0, 0.79, 1.0]",3.95
51,"[1, 3, 4]","[3, 2, 3]","[0.58, 0.58, 0.75]","[['B', 'D', 'A', 'C'], ['D', 'B', 'A', 'C'], ['A', 'C', 'D', 'B']]","{'B': 3, 'D': 3, 'A': 2, 'C': 2}","[1.0, 0.79, 1.0]",3.95
51,"[1, 3, 4]","[3, 2, 3]","[0.58, 0.58, 0.75]","[['B', 'D', 'A', 'C'], ['D', 'B', 'A', 'C'], ['A', 'D', 'B', 'C']]","{'D': 4, 'B': 3, 'A': 2, 'C': 1}","[0.67, 1.0, 0.79]",3.58
51,"[1, 3, 4]","[3, 2, 3]","[0.58, 0.58, 0.75]","[['B', 'D', 'A', 'C'], ['D', 'B', 'A', 'C'], ['A', 'D', 'C', 'B']]","{'D': 4, 'B': 3, 'A': 2, 'C': 1}","[0.67, 1.0, 0.79]",3.58
51,"[1, 3, 4]","[3, 2, 3]","[0.58, 0.58, 0.75]","[['B', 'D', 'A', 'C'], ['D', 'B', 'A', 'C'], ['B', 'A', 'C', 'D']]","{'B': 4, 'D': 3, 'A': 2, 'C': 1}","[1.0, 0.79, 1.0]",3.95
51,"[1, 3, 4]","[3, 2, 3]","[0.58, 0.58, 0.75]","[['B', 'D', 'A', 'C'], ['D', 'B', 'A', 'C'], ['B', 'A', 'D', 'C']]","{'B': 4, 'D': 3, 'A': 2, 'C': 1}","[1.0, 0.79, 1.0]",3.95
51,"[1, 3, 4]","[3, 2, 3]","[0.58, 0.58, 0.75]","[['B', 'D', 'A', 'C'], ['D', 'B', 'A', 'C'], ['B', 'C', 'A', 'D']]","{'B': 4, 'D': 3, 'C': 2, 'A': 1}","[1.0, 0.67, 1.0]",3.96
51,"[1, 3, 4]","[3, 2, 3]","[0.58, 0.58, 0.75]","[['B', 'D', 'A', 'C'], ['D', 'B', 'A', 'C'], ['B', 'C', 'D', 'A']]","{'B': 4, 'D': 3, 'C': 2, 'A': 1}","[1.0, 0.67, 1.0]",3.96
51,"[1, 3, 4]","[3, 2, 3]","[0.58, 0.58, 0.75]","[['B', 'D', 'A', 'C'], ['D', 'B', 'A', 'C'], ['B', 'D', 'A', 'C']]","{'B': 4, 'D': 4, 'A': 1, 'C': 1}","[1.0, 0.79, 1.0]",3.95
51,"[1, 3, 4]","[3, 2, 3]","[0.58, 0.58, 0.75]","[['B', 'D', 'A', 'C'], ['D', 'B', 'A', 'C'], ['B', 'D', 'C', 'A']]","{'B': 4, 'D': 4, 'A': 1, 'C': 1}","[1.0, 0.79, 1.0]",3.95
51,"[1, 3, 4]","[3, 2, 3]","[0.58, 0.58, 0.75]","[['B', 'D', 'A', 'C'], ['D', 'B', 'A', 'C'], ['C', 'A', 'B', 'D']]","{'B': 3, 'D': 3, 'A': 2, 'C': 2}","[1.0, 0.79, 1.0]",3.95
51,"[1, 3, 4]","[3, 2, 3]","[0.58, 0.58, 0.75]","[['B', 'D', 'A', 'C'], ['D', 'B', 'A', 'C'], ['C', 'A', 'D', 'B']]","{'B': 3, 'D': 3, 'A': 2, 'C': 2}","[1.0, 0.79, 1.0]",3.95
51,"[1, 3, 4]","[3, 2, 3]","[0.58, 0.58, 0.75]","[['B', 'D', 'A', 'C'], ['D', 'B', 'A', 'C'], ['C', 'B', 'A', 'D']]","{'B': 4, 'D': 3, 'C': 2, 'A': 1}","[1.0, 0.67, 1.0]",3.96
51,"[1, 3, 4]","[3, 2, 3]","[0.58, 0.58, 0.75]","[['B', 'D', 'A', 'C'], ['D', 'B', 'A', 'C'], ['C', 'B', 'D', 'A']]","{'B': 4, 'D': 3, 'C': 2, 'A': 1}","[1.0, 0.67, 1.0]",3.96
51,"[1, 3, 4]","[3, 2, 3]","[0.58, 0.58, 0.75]","[['B', 'D', 'A', 'C'], ['D', 'B', 'A', 'C'], ['D', 'A', 'B', 'C']]","{'D': 4, 'B': 3, 'A': 2, 'C': 1}","[0.67, 1.0, 0.79]",3.58
51,"[1, 3, 4]","[3, 2, 3]","[0.58, 0.58, 0.75]","[['B', 'D', 'A', 'C'], ['D', 'B', 'A', 'C'], ['D', 'A', 'C', 'B']]","{'D': 4, 'B': 3, 'A': 2, 'C': 1}","[0.67, 1.0, 0.79]",3.58
51,"[1, 3, 4]","[3, 2, 3]","[0.58, 0.58, 0.75]","[['B', 'D', 'A', 'C'], ['D', 'B', 'A', 'C'], ['D', 'B', 'A', 'C']]","{'B': 4, 'D': 4, 'A': 1, 'C': 1}","[1.0, 0.79, 1.0]",3.95
51,"[1, 3, 4]","[3, 2, 3]","[0.58, 0.58, 0.75]","[['B', 'D', 'A', 'C'], ['D', 'B', 'A', 'C'], ['D', 'B', 'C', 'A']]","{'B': 4, 'D': 4, 'A': 1, 'C': 1}","[1.0, 0.79, 1.0]",3.95
51,"[1, 3, 4]","[3, 2, 3]","[0.58, 0.58, 0.75]","[['B', 'D', 'A', 'C'], ['D', 'B', 'C', 'A'], ['A', 'B', 'C', 'D']]","{'B': 4, 'D': 3, 'A': 2, 'C': 1}","[1.0, 0.79, 1.0]",3.95
51,"[1, 3, 4]","[3, 2, 3]","[0.58, 0.58, 0.75]","[['B', 'D', 'A', 'C'], ['D', 'B', 'C', 'A'], ['A', 'B', 'D', 'C']]","{'B': 4, 'D': 3, 'A': 2, 'C': 1}","[1.0, 0.79, 1.0]",3.95
51,"[1, 3, 4]","[3, 2, 3]","[0.58, 0.58, 0.75]","[['B', 'D', 'A', 'C'], ['D', 'B', 'C', 'A'], ['A', 'C', 'B', 'D']]","{'B': 3, 'D': 3, 'A': 2, 'C': 2}","[1.0, 0.79, 1.0]",3.95
51,"[1, 3, 4]","[3, 2, 3]","[0.58, 0.58, 0.75]","[['B', 'D', 'A', 'C'], ['D', 'B', 'C', 'A'], ['A', 'C', 'D', 'B']]","{'B': 3, 'D': 3, 'A': 2, 'C': 2}","[1.0, 0.79, 1.0]",3.95
51,"[1, 3, 4]","[3, 2, 3]","[0.58, 0.58, 0.75]","[['B', 'D', 'A', 'C'], ['D', 'B', 'C', 'A'], ['A', 'D', 'B', 'C']]","{'D': 4, 'B': 3, 'A': 2, 'C': 1}","[0.67, 1.0, 0.79]",3.58
51,"[1, 3, 4]","[3, 2, 3]","[0.58, 0.58, 0.75]","[['B', 'D', 'A', 'C'], ['D', 'B', 'C', 'A'], ['A', 'D', 'C', 'B']]","{'D': 4, 'B': 3, 'A': 2, 'C': 1}","[0.67, 1.0, 0.79]",3.58
51,"[1, 3, 4]","[3, 2, 3]","[0.58, 0.58, 0.75]","[['B', 'D', 'A', 'C'], ['D', 'B', 'C', 'A'], ['B', 'A', 'C', 'D']]","{'B': 4, 'D': 3, 'A': 2, 'C': 1}","[1.0, 0.79, 1.0]",3.95
51,"[1, 3, 4]","[3, 2, 3]","[0.58, 0.58, 0.75]","[['B', 'D', 'A', 'C'], ['D', 'B', 'C', 'A'], ['B', 'A', 'D', 'C']]","{'B': 4, 'D': 3, 'A': 2, 'C': 1}","[1.0, 0.79, 1.0]",3.95
51,"[1, 3, 4]","[3, 2, 3]","[0.58, 0.58, 0.75]","[['B', 'D', 'A', 'C'], ['D', 'B', 'C', 'A'], ['B', 'C', 'A', 'D']]","{'B': 4, 'D': 3, 'C': 2, 'A': 1}","[1.0, 0.67, 1.0]",3.96
51,"[1, 3, 4]","[3, 2, 3]","[0.58, 0.58, 0.75]","[['B', 'D', 'A', 'C'], ['D', 'B', 'C', 'A'], ['B', 'C', 'D', 'A']]","{'B': 4, 'D': 3, 'C': 2, 'A': 1}","[1.0, 0.67, 1.0]",3.96
51,"[1, 3, 4]","[3, 2, 3]","[0.58, 0.58, 0.75]","[['B', 'D', 'A', 'C'], ['D', 'B', 'C', 'A'], ['B', 'D', 'A', 'C']]","{'B': 4, 'D': 4, 'A': 1, 'C': 1}","[1.0, 0.79, 1.0]",3.95
51,"[1, 3, 4]","[3, 2, 3]","[0.58, 0.58, 0.75]","[['B', 'D', 'A', 'C'], ['D', 'B', 'C', 'A'], ['B', 'D', 'C', 'A']]","{'B': 4, 'D': 4, 'A': 1, 'C': 1}","[1.0, 0.79, 1.0]",3.95
51,"[1, 3, 4]","[3, 2, 3]","[0.58, 0.58, 0.75]","[['B', 'D', 'A', 'C'], ['D', 'B', 'C', 'A'], ['C', 'A', 'B', 'D']]","{'B': 3, 'D': 3, 'A': 2, 'C': 2}","[1.0, 0.79, 1.0]",3.95
51,"[1, 3, 4]","[3, 2, 3]","[0.58, 0.58, 0.75]","[['B', 'D', 'A', 'C'], ['D', 'B', 'C', 'A'], ['C', 'A', 'D', 'B']]","{'B': 3, 'D': 3, 'A': 2, 'C': 2}","[1.0, 0.79, 1.0]",3.95
51,"[1, 3, 4]","[3, 2, 3]","[0.58, 0.58, 0.75]","[['B', 'D', 'A', 'C'], ['D', 'B', 'C', 'A'], ['C', 'B', 'A', 'D']]","{'B': 4, 'D': 3, 'C': 2, 'A': 1}","[1.0, 0.67, 1.0]",3.96
51,"[1, 3, 4]","[3, 2, 3]","[0.58, 0.58, 0.75]","[['B', 'D', 'A', 'C'], ['D', 'B', 'C', 'A'], ['C', 'B', 'D', 'A']]","{'B': 4, 'D': 3, 'C': 2, 'A': 1}","[1.0, 0.67, 1.0]",3.96
51,"[1, 3, 4]","[3, 2, 3]","[0.58, 0.58, 0.75]","[['B', 'D', 'A', 'C'], ['D', 'B', 'C', 'A'], ['D', 'A', 'B', 'C']]","{'D': 4, 'B': 3, 'A': 2, 'C': 1}","[0.67, 1.0, 0.79]",3.58
51,"[1, 3, 4]","[3, 2, 3]","[0.58, 0.58, 0.75]","[['B', 'D', 'A', 'C'], ['D', 'B', 'C', 'A'], ['D', 'A', 'C', 'B']]","{'D': 4, 'B': 3, 'A': 2, 'C': 1}","[0.67, 1.0, 0.79]",3.58
51,"[1, 3, 4]","[3, 2, 3]","[0.58, 0.58, 0.75]","[['B', 'D', 'A', 'C'], ['D', 'B', 'C', 'A'], ['D', 'B', 'A', 'C']]","{'B': 4, 'D': 4, 'A': 1, 'C': 1}","[1.0, 0.79, 1.0]",3.95
51,"[1, 3, 4]","[3, 2, 3]","[0.58, 0.58, 0.75]","[['B', 'D', 'A', 'C'], ['D', 'B', 'C', 'A'], ['D', 'B', 'C', 'A']]","{'B': 4, 'D': 4, 'A': 1, 'C': 1}","[1.0, 0.79, 1.0]",3.95
51,"[1, 3, 4]","[3, 2, 3]","[0.58, 0.58, 0.75]","[['B', 'D', 'A', 'C'], ['D', 'C', 'A', 'B'], ['A', 'B', 'C', 'D']]","{'B': 3, 'D': 3, 'A': 2, 'C': 2}","[1.0, 0.79, 1.0]",3.95
51,"[1, 3, 4]","[3, 2, 3]","[0.58, 0.58, 0.75]","[['B', 'D', 'A', 'C'], ['D', 'C', 'A', 'B'], ['A', 'B', 'D', 'C']]","{'B': 3, 'D': 3, 'A': 2, 'C': 2}","[1.0, 0.79, 1.0]",3.95
51,"[1, 3, 4]","[3, 2, 3]","[0.58, 0.58, 0.75]","[['B', 'D', 'A', 'C'], ['D', 'C', 'A', 'B'], ['B', 'A', 'C', 'D']]","{'B': 3, 'D': 3, 'A': 2, 'C': 2}","[1.0, 0.79, 1.0]",3.95
51,"[1, 3, 4]","[3, 2, 3]","[0.58, 0.58, 0.75]","[['B', 'D', 'A', 'C'], ['D', 'C', 'A', 'B'], ['B', 'A', 'D', 'C']]","{'B': 3, 'D': 3, 'A': 2, 'C': 2}","[1.0, 0.79, 1.0]",3.95
51,"[1, 3, 4]","[3, 2, 3]","[0.58, 0.58, 0.75]","[['B', 'D', 'A', 'C'], ['D', 'C', 'B', 'A'], ['A', 'B', 'C', 'D']]","{'B': 3, 'D': 3, 'A': 2, 'C': 2}","[1.0, 0.79, 1.0]",3.95
51,"[1, 3, 4]","[3, 2, 3]","[0.58, 0.58, 0.75]","[['B', 'D', 'A', 'C'], ['D', 'C', 'B', 'A'], ['A', 'B', 'D', 'C']]","{'B': 3, 'D': 3, 'A': 2, 'C': 2}","[1.0, 0.79, 1.0]",3.95
51,"[1, 3, 4]","[3, 2, 3]","[0.58, 0.58, 0.75]","[['B', 'D', 'A', 'C'], ['D', 'C', 'B', 'A'], ['B', 'A', 'C', 'D']]","{'B': 3, 'D': 3, 'A': 2, 'C': 2}","[1.0, 0.79, 1.0]",3.95
51,"[1, 3, 4]","[3, 2, 3]","[0.58, 0.58, 0.75]","[['B', 'D', 'A', 'C'], ['D', 'C', 'B', 'A'], ['B', 'A', 'D', 'C']]","{'B': 3, 'D': 3, 'A': 2, 'C': 2}","[1.0, 0.79, 1.0]",3.95
51,"[1, 3, 4]","[3, 2, 3]","[0.58, 0.58, 0.75]","[['B', 'D', 'C', 'A'], ['A', 'B', 'C', 'D'], ['A', 'B', 'C', 'D']]","{'B': 4, 'A': 3, 'D': 2, 'C': 1}","[1.0, 0.75, 1.0]",3.96
51,"[1, 3, 4]","[3, 2, 3]","[0.58, 0.58, 0.75]","[['B', 'D', 'C', 'A'], ['A', 'B', 'C', 'D'], ['A', 'B', 'D', 'C']]","{'B': 4, 'A': 3, 'D': 2, 'C': 1}","[1.0, 0.75, 1.0]",3.96
51,"[1, 3, 4]","[3, 2, 3]","[0.58, 0.58, 0.75]","[['B', 'D', 'C', 'A'], ['A', 'B', 'C', 'D'], ['B', 'A', 'C', 'D']]","{'B': 4, 'A': 3, 'D': 2, 'C': 1}","[1.0, 0.75, 1.0]",3.96
51,"[1, 3, 4]","[3, 2, 3]","[0.58, 0.58, 0.75]","[['B', 'D', 'C', 'A'], ['A', 'B', 'C', 'D'], ['B', 'A', 'D', 'C']]","{'B': 4, 'A': 3, 'D': 2, 'C': 1}","[1.0, 0.75, 1.0]",3.96
51,"[1, 3, 4]","[3, 2, 3]","[0.58, 0.58, 0.75]","[['B', 'D', 'C', 'A'], ['A', 'B', 'C', 'D'], ['B', 'D', 'A', 'C']]","{'B': 4, 'D': 3, 'A': 2, 'C': 1}","[1.0, 0.79, 1.0]",3.95
51,"[1, 3, 4]","[3, 2, 3]","[0.58, 0.58, 0.75]","[['B', 'D', 'C', 'A'], ['A', 'B', 'C', 'D'], ['B', 'D', 'C', 'A']]","{'B': 4, 'D': 3, 'A': 2, 'C': 1}","[1.0, 0.79, 1.0]",3.95
51,"[1, 3, 4]","[3, 2, 3]","[0.58, 0.58, 0.75]","[['B', 'D', 'C', 'A'], ['A', 'B', 'C', 'D'], ['C', 'D', 'A', 'B']]","{'B': 3, 'D': 3, 'A': 2, 'C': 2}","[1.0, 0.79, 1.0]",3.95
51,"[1, 3, 4]","[3, 2, 3]","[0.58, 0.58, 0.75]","[['B', 'D', 'C', 'A'], ['A', 'B', 'C', 'D'], ['C', 'D', 'B', 'A']]","{'B': 3, 'D': 3, 'A': 2, 'C': 2}","[1.0, 0.79, 1.0]",3.95
51,"[1, 3, 4]","[3, 2, 3]","[0.58, 0.58, 0.75]","[['B', 'D', 'C', 'A'], ['A', 'B', 'C', 'D'], ['D', 'B', 'A', 'C']]","{'B': 4, 'D': 3, 'A': 2, 'C': 1}","[1.0, 0.79, 1.0]",3.95
51,"[1, 3, 4]","[3, 2, 3]","[0.58, 0.58, 0.75]","[['B', 'D', 'C', 'A'], ['A', 'B', 'C', 'D'], ['D', 'B', 'C', 'A']]","{'B': 4, 'D': 3, 'A': 2, 'C': 1}","[1.0, 0.79, 1.0]",3.95
51,"[1, 3, 4]","[3, 2, 3]","[0.58, 0.58, 0.75]","[['B', 'D', 'C', 'A'], ['A', 'B', 'C', 'D'], ['D', 'C', 'A', 'B']]","{'B': 3, 'D': 3, 'A': 2, 'C': 2}","[1.0, 0.79, 1.0]",3.95
51,"[1, 3, 4]","[3, 2, 3]","[0.58, 0.58, 0.75]","[['B', 'D', 'C', 'A'], ['A', 'B', 'C', 'D'], ['D', 'C', 'B', 'A']]","{'B': 3, 'D': 3, 'A': 2, 'C': 2}","[1.0, 0.79, 1.0]",3.95
51,"[1, 3, 4]","[3, 2, 3]","[0.58, 0.58, 0.75]","[['B', 'D', 'C', 'A'], ['A', 'B', 'D', 'C'], ['A', 'B', 'C', 'D']]","{'B': 4, 'A': 3, 'D': 2, 'C': 1}","[1.0, 0.75, 1.0]",3.96
51,"[1, 3, 4]","[3, 2, 3]","[0.58, 0.58, 0.75]","[['B', 'D', 'C', 'A'], ['A', 'B', 'D', 'C'], ['A', 'B', 'D', 'C']]","{'B': 4, 'A': 3, 'D': 2, 'C': 1}","[1.0, 0.75, 1.0]",3.96
51,"[1, 3, 4]","[3, 2, 3]","[0.58, 0.58, 0.75]","[['B', 'D', 'C', 'A'], ['A', 'B', 'D', 'C'], ['B', 'A', 'C', 'D']]","{'B': 4, 'A': 3, 'D': 2, 'C': 1}","[1.0, 0.75, 1.0]",3.96
51,"[1, 3, 4]","[3, 2, 3]","[0.58, 0.58, 0.75]","[['B', 'D', 'C', 'A'], ['A', 'B', 'D', 'C'], ['B', 'A', 'D', 'C']]","{'B': 4, 'A': 3, 'D': 2, 'C': 1}","[1.0, 0.75, 1.0]",3.96
51,"[1, 3, 4]","[3, 2, 3]","[0.58, 0.58, 0.75]","[['B', 'D', 'C', 'A'], ['A', 'B', 'D', 'C'], ['B', 'D', 'A', 'C']]","{'B': 4, 'D': 3, 'A': 2, 'C': 1}","[1.0, 0.79, 1.0]",3.95
51,"[1, 3, 4]","[3, 2, 3]","[0.58, 0.58, 0.75]","[['B', 'D', 'C', 'A'], ['A', 'B', 'D', 'C'], ['B', 'D', 'C', 'A']]","{'B': 4, 'D': 3, 'A': 2, 'C': 1}","[1.0, 0.79, 1.0]",3.95
51,"[1, 3, 4]","[3, 2, 3]","[0.58, 0.58, 0.75]","[['B', 'D', 'C', 'A'], ['A', 'B', 'D', 'C'], ['C', 'D', 'A', 'B']]","{'B': 3, 'D': 3, 'A': 2, 'C': 2}","[1.0, 0.79, 1.0]",3.95
51,"[1, 3, 4]","[3, 2, 3]","[0.58, 0.58, 0.75]","[['B', 'D', 'C', 'A'], ['A', 'B', 'D', 'C'], ['C', 'D', 'B', 'A']]","{'B': 3, 'D': 3, 'A': 2, 'C': 2}","[1.0, 0.79, 1.0]",3.95
51,"[1, 3, 4]","[3, 2, 3]","[0.58, 0.58, 0.75]","[['B', 'D', 'C', 'A'], ['A', 'B', 'D', 'C'], ['D', 'B', 'A', 'C']]","{'B': 4, 'D': 3, 'A': 2, 'C': 1}","[1.0, 0.79, 1.0]",3.95
51,"[1, 3, 4]","[3, 2, 3]","[0.58, 0.58, 0.75]","[['B', 'D', 'C', 'A'], ['A', 'B', 'D', 'C'], ['D', 'B', 'C', 'A']]","{'B': 4, 'D': 3, 'A': 2, 'C': 1}","[1.0, 0.79, 1.0]",3.95
51,"[1, 3, 4]","[3, 2, 3]","[0.58, 0.58, 0.75]","[['B', 'D', 'C', 'A'], ['A', 'B', 'D', 'C'], ['D', 'C', 'A', 'B']]","{'B': 3, 'D': 3, 'A': 2, 'C': 2}","[1.0, 0.79, 1.0]",3.95
51,"[1, 3, 4]","[3, 2, 3]","[0.58, 0.58, 0.75]","[['B', 'D', 'C', 'A'], ['A', 'B', 'D', 'C'], ['D', 'C', 'B', 'A']]","{'B': 3, 'D': 3, 'A': 2, 'C': 2}","[1.0, 0.79, 1.0]",3.95
51,"[1, 3, 4]","[3, 2, 3]","[0.58, 0.58, 0.75]","[['B', 'D', 'C', 'A'], ['A', 'C', 'B', 'D'], ['B', 'D', 'A', 'C']]","{'B': 3, 'D': 3, 'A': 2, 'C': 2}","[1.0, 0.79, 1.0]",3.95
51,"[1, 3, 4]","[3, 2, 3]","[0.58, 0.58, 0.75]","[['B', 'D', 'C', 'A'], ['A', 'C', 'B', 'D'], ['B', 'D', 'C', 'A']]","{'B': 3, 'D': 3, 'A': 2, 'C': 2}","[1.0, 0.79, 1.0]",3.95
51,"[1, 3, 4]","[3, 2, 3]","[0.58, 0.58, 0.75]","[['B', 'D', 'C', 'A'], ['A', 'C', 'B', 'D'], ['D', 'B', 'A', 'C']]","{'B': 3, 'D': 3, 'A': 2, 'C': 2}","[1.0, 0.79, 1.0]",3.95
51,"[1, 3, 4]","[3, 2, 3]","[0.58, 0.58, 0.75]","[['B', 'D', 'C', 'A'], ['A', 'C', 'B', 'D'], ['D', 'B', 'C', 'A']]","{'B': 3, 'D': 3, 'A': 2, 'C': 2}","[1.0, 0.79, 1.0]",3.95
51,"[1, 3, 4]","[3, 2, 3]","[0.58, 0.58, 0.75]","[['B', 'D', 'C', 'A'], ['A', 'C', 'D', 'B'], ['B', 'D', 'A', 'C']]","{'B': 3, 'D': 3, 'A': 2, 'C': 2}","[1.0, 0.79, 1.0]",3.95
51,"[1, 3, 4]","[3, 2, 3]","[0.58, 0.58, 0.75]","[['B', 'D', 'C', 'A'], ['A', 'C', 'D', 'B'], ['B', 'D', 'C', 'A']]","{'B': 3, 'D': 3, 'A': 2, 'C': 2}","[1.0, 0.79, 1.0]",3.95
51,"[1, 3, 4]","[3, 2, 3]","[0.58, 0.58, 0.75]","[['B', 'D', 'C', 'A'], ['A', 'C', 'D', 'B'], ['D', 'B', 'A', 'C']]","{'B': 3, 'D': 3, 'A': 2, 'C': 2}","[1.0, 0.79, 1.0]",3.95
51,"[1, 3, 4]","[3, 2, 3]","[0.58, 0.58, 0.75]","[['B', 'D', 'C', 'A'], ['A', 'C', 'D', 'B'], ['D', 'B', 'C', 'A']]","{'B': 3, 'D': 3, 'A': 2, 'C': 2}","[1.0, 0.79, 1.0]",3.95
51,"[1, 3, 4]","[3, 2, 3]","[0.58, 0.58, 0.75]","[['B', 'D', 'C', 'A'], ['A', 'D', 'B', 'C'], ['B', 'C', 'A', 'D']]","{'B': 3, 'D': 3, 'A': 2, 'C': 2}","[1.0, 0.79, 1.0]",3.95
51,"[1, 3, 4]","[3, 2, 3]","[0.58, 0.58, 0.75]","[['B', 'D', 'C', 'A'], ['A', 'D', 'B', 'C'], ['B', 'C', 'D', 'A']]","{'B': 3, 'D': 3, 'A': 2, 'C': 2}","[1.0, 0.79, 1.0]",3.95
51,"[1, 3, 4]","[3, 2, 3]","[0.58, 0.58, 0.75]","[['B', 'D', 'C', 'A'], ['A', 'D', 'B', 'C'], ['B', 'D', 'A', 'C']]","{'D': 4, 'B': 3, 'A': 2, 'C': 1}","[0.67, 1.0, 0.79]",3.58
51,"[1, 3, 4]","[3, 2, 3]","[0.58, 0.58, 0.75]","[['B', 'D', 'C', 'A'], ['A', 'D', 'B', 'C'], ['B', 'D', 'C', 'A']]","{'D': 4, 'B': 3, 'A': 2, 'C': 1}","[0.67, 1.0, 0.79]",3.58
51,"[1, 3, 4]","[3, 2, 3]","[0.58, 0.58, 0.75]","[['B', 'D', 'C', 'A'], ['A', 'D', 'B', 'C'], ['C', 'B', 'A', 'D']]","{'B': 3, 'D': 3, 'A': 2, 'C': 2}","[1.0, 0.79, 1.0]",3.95
51,"[1, 3, 4]","[3, 2, 3]","[0.58, 0.58, 0.75]","[['B', 'D', 'C', 'A'], ['A', 'D', 'B', 'C'], ['C', 'B', 'D', 'A']]","{'B': 3, 'D': 3, 'A': 2, 'C': 2}","[1.0, 0.79, 1.0]",3.95
51,"[1, 3, 4]","[3, 2, 3]","[0.58, 0.58, 0.75]","[['B', 'D', 'C', 'A'], ['A', 'D', 'B', 'C'], ['D', 'B', 'A', 'C']]","{'D': 4, 'B': 3, 'A': 2, 'C': 1}","[0.67, 1.0, 0.79]",3.58
51,"[1, 3, 4]","[3, 2, 3]","[0.58, 0.58, 0.75]","[['B', 'D', 'C', 'A'], ['A', 'D', 'B', 'C'], ['D', 'B', 'C', 'A']]","{'D': 4, 'B': 3, 'A': 2, 'C': 1}","[0.67, 1.0, 0.79]",3.58
51,"[1, 3, 4]","[3, 2, 3]","[0.58, 0.58, 0.75]","[['B', 'D', 'C', 'A'], ['A', 'D', 'C', 'B'], ['B', 'C', 'A', 'D']]","{'B': 3, 'D': 3, 'A': 2, 'C': 2}","[1.0, 0.79, 1.0]",3.95
51,"[1, 3, 4]","[3, 2, 3]","[0.58, 0.58, 0.75]","[['B', 'D', 'C', 'A'], ['A', 'D', 'C', 'B'], ['B', 'C', 'D', 'A']]","{'B': 3, 'D': 3, 'A': 2, 'C': 2}","[1.0, 0.79, 1.0]",3.95
51,"[1, 3, 4]","[3, 2, 3]","[0.58, 0.58, 0.75]","[['B', 'D', 'C', 'A'], ['A', 'D', 'C', 'B'], ['B', 'D', 'A', 'C']]","{'D': 4, 'B': 3, 'A': 2, 'C': 1}","[0.67, 1.0, 0.79]",3.58
51,"[1, 3, 4]","[3, 2, 3]","[0.58, 0.58, 0.75]","[['B', 'D', 'C', 'A'], ['A', 'D', 'C', 'B'], ['B', 'D', 'C', 'A']]","{'D': 4, 'B': 3, 'A': 2, 'C': 1}","[0.67, 1.0, 0.79]",3.58
51,"[1, 3, 4]","[3, 2, 3]","[0.58, 0.58, 0.75]","[['B', 'D', 'C', 'A'], ['A', 'D', 'C', 'B'], ['C', 'B', 'A', 'D']]","{'B': 3, 'D': 3, 'A': 2, 'C': 2}","[1.0, 0.79, 1.0]",3.95
51,"[1, 3, 4]","[3, 2, 3]","[0.58, 0.58, 0.75]","[['B', 'D', 'C', 'A'], ['A', 'D', 'C', 'B'], ['C', 'B', 'D', 'A']]","{'B': 3, 'D': 3, 'A': 2, 'C': 2}","[1.0, 0.79, 1.0]",3.95
51,"[1, 3, 4]","[3, 2, 3]","[0.58, 0.58, 0.75]","[['B', 'D', 'C', 'A'], ['A', 'D', 'C', 'B'], ['D', 'B', 'A', 'C']]","{'D': 4, 'B': 3, 'A': 2, 'C': 1}","[0.67, 1.0, 0.79]",3.58
51,"[1, 3, 4]","[3, 2, 3]","[0.58, 0.58, 0.75]","[['B', 'D', 'C', 'A'], ['A', 'D', 'C', 'B'], ['D', 'B', 'C', 'A']]","{'D': 4, 'B': 3, 'A': 2, 'C': 1}","[0.67, 1.0, 0.79]",3.58
51,"[1, 3, 4]","[3, 2, 3]","[0.58, 0.58, 0.75]","[['B', 'D', 'C', 'A'], ['B', 'A', 'C', 'D'], ['A', 'B', 'C', 'D']]","{'B': 4, 'A': 3, 'D': 2, 'C': 1}","[1.0, 0.75, 1.0]",3.96
51,"[1, 3, 4]","[3, 2, 3]","[0.58, 0.58, 0.75]","[['B', 'D', 'C', 'A'], ['B', 'A', 'C', 'D'], ['A', 'B', 'D', 'C']]","{'B': 4, 'A': 3, 'D': 2, 'C': 1}","[1.0, 0.75, 1.0]",3.96
51,"[1, 3, 4]","[3, 2, 3]","[0.58, 0.58, 0.75]","[['B', 'D', 'C', 'A'], ['B', 'A', 'C', 'D'], ['B', 'A', 'C', 'D']]","{'B': 4, 'A': 3, 'D': 2, 'C': 1}","[1.0, 0.75, 1.0]",3.96
51,"[1, 3, 4]","[3, 2, 3]","[0.58, 0.58, 0.75]","[['B', 'D', 'C', 'A'], ['B', 'A', 'C', 'D'], ['B', 'A', 'D', 'C']]","{'B': 4, 'A': 3, 'D': 2, 'C': 1}","[1.0, 0.75, 1.0]",3.96
51,"[1, 3, 4]","[3, 2, 3]","[0.58, 0.58, 0.75]","[['B', 'D', 'C', 'A'], ['B', 'A', 'C', 'D'], ['B', 'D', 'A', 'C']]","{'B': 4, 'D': 3, 'A': 2, 'C': 1}","[1.0, 0.79, 1.0]",3.95
51,"[1, 3, 4]","[3, 2, 3]","[0.58, 0.58, 0.75]","[['B', 'D', 'C', 'A'], ['B', 'A', 'C', 'D'], ['B', 'D', 'C', 'A']]","{'B': 4, 'D': 3, 'A': 2, 'C': 1}","[1.0, 0.79, 1.0]",3.95
51,"[1, 3, 4]","[3, 2, 3]","[0.58, 0.58, 0.75]","[['B', 'D', 'C', 'A'], ['B', 'A', 'C', 'D'], ['C', 'D', 'A', 'B']]","{'B': 3, 'D': 3, 'A': 2, 'C': 2}","[1.0, 0.79, 1.0]",3.95
51,"[1, 3, 4]","[3, 2, 3]","[0.58, 0.58, 0.75]","[['B', 'D', 'C', 'A'], ['B', 'A', 'C', 'D'], ['C', 'D', 'B', 'A']]","{'B': 3, 'D': 3, 'A': 2, 'C': 2}","[1.0, 0.79, 1.0]",3.95
51,"[1, 3, 4]","[3, 2, 3]","[0.58, 0.58, 0.75]","[['B', 'D', 'C', 'A'], ['B', 'A', 'C', 'D'], ['D', 'B', 'A', 'C']]","{'B': 4, 'D': 3, 'A': 2, 'C': 1}","[1.0, 0.79, 1.0]",3.95
51,"[1, 3, 4]","[3, 2, 3]","[0.58, 0.58, 0.75]","[['B', 'D', 'C', 'A'], ['B', 'A', 'C', 'D'], ['D', 'B', 'C', 'A']]","{'B': 4, 'D': 3, 'A': 2, 'C': 1}","[1.0, 0.79, 1.0]",3.95
51,"[1, 3, 4]","[3, 2, 3]","[0.58, 0.58, 0.75]","[['B', 'D', 'C', 'A'], ['B', 'A', 'C', 'D'], ['D', 'C', 'A', 'B']]","{'B': 3, 'D': 3, 'A': 2, 'C': 2}","[1.0, 0.79, 1.0]",3.95
51,"[1, 3, 4]","[3, 2, 3]","[0.58, 0.58, 0.75]","[['B', 'D', 'C', 'A'], ['B', 'A', 'C', 'D'], ['D', 'C', 'B', 'A']]","{'B': 3, 'D': 3, 'A': 2, 'C': 2}","[1.0, 0.79, 1.0]",3.95
51,"[1, 3, 4]","[3, 2, 3]","[0.58, 0.58, 0.75]","[['B', 'D', 'C', 'A'], ['B', 'A', 'D', 'C'], ['A', 'B', 'C', 'D']]","{'B': 4, 'A': 3, 'D': 2, 'C': 1}","[1.0, 0.75, 1.0]",3.96
51,"[1, 3, 4]","[3, 2, 3]","[0.58, 0.58, 0.75]","[['B', 'D', 'C', 'A'], ['B', 'A', 'D', 'C'], ['A', 'B', 'D', 'C']]","{'B': 4, 'A': 3, 'D': 2, 'C': 1}","[1.0, 0.75, 1.0]",3.96
51,"[1, 3, 4]","[3, 2, 3]","[0.58, 0.58, 0.75]","[['B', 'D', 'C', 'A'], ['B', 'A', 'D', 'C'], ['B', 'A', 'C', 'D']]","{'B': 4, 'A': 3, 'D': 2, 'C': 1}","[1.0, 0.75, 1.0]",3.96
51,"[1, 3, 4]","[3, 2, 3]","[0.58, 0.58, 0.75]","[['B', 'D', 'C', 'A'], ['B', 'A', 'D', 'C'], ['B', 'A', 'D', 'C']]","{'B': 4, 'A': 3, 'D': 2, 'C': 1}","[1.0, 0.75, 1.0]",3.96
51,"[1, 3, 4]","[3, 2, 3]","[0.58, 0.58, 0.75]","[['B', 'D', 'C', 'A'], ['B', 'A', 'D', 'C'], ['B', 'D', 'A', 'C']]","{'B': 4, 'D': 3, 'A': 2, 'C': 1}","[1.0, 0.79, 1.0]",3.95
51,"[1, 3, 4]","[3, 2, 3]","[0.58, 0.58, 0.75]","[['B', 'D', 'C', 'A'], ['B', 'A', 'D', 'C'], ['B', 'D', 'C', 'A']]","{'B': 4, 'D': 3, 'A': 2, 'C': 1}","[1.0, 0.79, 1.0]",3.95
51,"[1, 3, 4]","[3, 2, 3]","[0.58, 0.58, 0.75]","[['B', 'D', 'C', 'A'], ['B', 'A', 'D', 'C'], ['C', 'D', 'A', 'B']]","{'B': 3, 'D': 3, 'A': 2, 'C': 2}","[1.0, 0.79, 1.0]",3.95
51,"[1, 3, 4]","[3, 2, 3]","[0.58, 0.58, 0.75]","[['B', 'D', 'C', 'A'], ['B', 'A', 'D', 'C'], ['C', 'D', 'B', 'A']]","{'B': 3, 'D': 3, 'A': 2, 'C': 2}","[1.0, 0.79, 1.0]",3.95
51,"[1, 3, 4]","[3, 2, 3]","[0.58, 0.58, 0.75]","[['B', 'D', 'C', 'A'], ['B', 'A', 'D', 'C'], ['D', 'B', 'A', 'C']]","{'B': 4, 'D': 3, 'A': 2, 'C': 1}","[1.0, 0.79, 1.0]",3.95
51,"[1, 3, 4]","[3, 2, 3]","[0.58, 0.58, 0.75]","[['B', 'D', 'C', 'A'], ['B', 'A', 'D', 'C'], ['D', 'B', 'C', 'A']]","{'B': 4, 'D': 3, 'A': 2, 'C': 1}","[1.0, 0.79, 1.0]",3.95
51,"[1, 3, 4]","[3, 2, 3]","[0.58, 0.58, 0.75]","[['B', 'D', 'C', 'A'], ['B', 'A', 'D', 'C'], ['D', 'C', 'A', 'B']]","{'B': 3, 'D': 3, 'A': 2, 'C': 2}","[1.0, 0.79, 1.0]",3.95
51,"[1, 3, 4]","[3, 2, 3]","[0.58, 0.58, 0.75]","[['B', 'D', 'C', 'A'], ['B', 'A', 'D', 'C'], ['D', 'C', 'B', 'A']]","{'B': 3, 'D': 3, 'A': 2, 'C': 2}","[1.0, 0.79, 1.0]",3.95
51,"[1, 3, 4]","[3, 2, 3]","[0.58, 0.58, 0.75]","[['B', 'D', 'C', 'A'], ['B', 'C', 'A', 'D'], ['A', 'D', 'B', 'C']]","{'B': 3, 'D': 3, 'A': 2, 'C': 2}","[1.0, 0.79, 1.0]",3.95
51,"[1, 3, 4]","[3, 2, 3]","[0.58, 0.58, 0.75]","[['B', 'D', 'C', 'A'], ['B', 'C', 'A', 'D'], ['A', 'D', 'C', 'B']]","{'B': 3, 'D': 3, 'A': 2, 'C': 2}","[1.0, 0.79, 1.0]",3.95
51,"[1, 3, 4]","[3, 2, 3]","[0.58, 0.58, 0.75]","[['B', 'D', 'C', 'A'], ['B', 'C', 'A', 'D'], ['B', 'D', 'A', 'C']]","{'B': 4, 'D': 3, 'C': 2, 'A': 1}","[1.0, 0.67, 1.0]",3.96
51,"[1, 3, 4]","[3, 2, 3]","[0.58, 0.58, 0.75]","[['B', 'D', 'C', 'A'], ['B', 'C', 'A', 'D'], ['B', 'D', 'C', 'A']]","{'B': 4, 'D': 3, 'C': 2, 'A': 1}","[1.0, 0.67, 1.0]",3.96
51,"[1, 3, 4]","[3, 2, 3]","[0.58, 0.58, 0.75]","[['B', 'D', 'C', 'A'], ['B', 'C', 'A', 'D'], ['D', 'A', 'B', 'C']]","{'B': 3, 'D': 3, 'A': 2, 'C': 2}","[1.0, 0.79, 1.0]",3.95
51,"[1, 3, 4]","[3, 2, 3]","[0.58, 0.58, 0.75]","[['B', 'D', 'C', 'A'], ['B', 'C', 'A', 'D'], ['D', 'A', 'C', 'B']]","{'B': 3, 'D': 3, 'A': 2, 'C': 2}","[1.0, 0.79, 1.0]",3.95
51,"[1, 3, 4]","[3, 2, 3]","[0.58, 0.58, 0.75]","[['B', 'D', 'C', 'A'], ['B', 'C', 'A', 'D'], ['D', 'B', 'A', 'C']]","{'B': 4, 'D': 3, 'C': 2, 'A': 1}","[1.0, 0.67, 1.0]",3.96
51,"[1, 3, 4]","[3, 2, 3]","[0.58, 0.58, 0.75]","[['B', 'D', 'C', 'A'], ['B', 'C', 'A', 'D'], ['D', 'B', 'C', 'A']]","{'B': 4, 'D': 3, 'C': 2, 'A': 1}","[1.0, 0.67, 1.0]",3.96
51,"[1, 3, 4]","[3, 2, 3]","[0.58, 0.58, 0.75]","[['B', 'D', 'C', 'A'], ['B', 'C', 'D', 'A'], ['A', 'D', 'B', 'C']]","{'B': 3, 'D': 3, 'A': 2, 'C': 2}","[1.0, 0.79, 1.0]",3.95
51,"[1, 3, 4]","[3, 2, 3]","[0.58, 0.58, 0.75]","[['B', 'D', 'C', 'A'], ['B', 'C', 'D', 'A'], ['A', 'D', 'C', 'B']]","{'B': 3, 'D': 3, 'A': 2, 'C': 2}","[1.0, 0.79, 1.0]",3.95
51,"[1, 3, 4]","[3, 2, 3]","[0.58, 0.58, 0.75]","[['B', 'D', 'C', 'A'], ['B', 'C', 'D', 'A'], ['B', 'D', 'A', 'C']]","{'B': 4, 'D': 3, 'C': 2, 'A': 1}","[1.0, 0.67, 1.0]",3.96
51,"[1, 3, 4]","[3, 2, 3]","[0.58, 0.58, 0.75]","[['B', 'D', 'C', 'A'], ['B', 'C', 'D', 'A'], ['B', 'D', 'C', 'A']]","{'B': 4, 'D': 3, 'C': 2, 'A': 1}","[1.0, 0.67, 1.0]",3.96
51,"[1, 3, 4]","[3, 2, 3]","[0.58, 0.58, 0.75]","[['B', 'D', 'C', 'A'], ['B', 'C', 'D', 'A'], ['D', 'A', 'B', 'C']]","{'B': 3, 'D': 3, 'A': 2, 'C': 2}","[1.0, 0.79, 1.0]",3.95
51,"[1, 3, 4]","[3, 2, 3]","[0.58, 0.58, 0.75]","[['B', 'D', 'C', 'A'], ['B', 'C', 'D', 'A'], ['D', 'A', 'C', 'B']]","{'B': 3, 'D': 3, 'A': 2, 'C': 2}","[1.0, 0.79, 1.0]",3.95
51,"[1, 3, 4]","[3, 2, 3]","[0.58, 0.58, 0.75]","[['B', 'D', 'C', 'A'], ['B', 'C', 'D', 'A'], ['D', 'B', 'A', 'C']]","{'B': 4, 'D': 3, 'C': 2, 'A': 1}","[1.0, 0.67, 1.0]",3.96
51,"[1, 3, 4]","[3, 2, 3]","[0.58, 0.58, 0.75]","[['B', 'D', 'C', 'A'], ['B', 'C', 'D', 'A'], ['D', 'B', 'C', 'A']]","{'B': 4, 'D': 3, 'C': 2, 'A': 1}","[1.0, 0.67, 1.0]",3.96
51,"[1, 3, 4]","[3, 2, 3]","[0.58, 0.58, 0.75]","[['B', 'D', 'C', 'A'], ['B', 'D', 'A', 'C'], ['A', 'B', 'C', 'D']]","{'B': 4, 'D': 3, 'A': 2, 'C': 1}","[1.0, 0.79, 1.0]",3.95
51,"[1, 3, 4]","[3, 2, 3]","[0.58, 0.58, 0.75]","[['B', 'D', 'C', 'A'], ['B', 'D', 'A', 'C'], ['A', 'B', 'D', 'C']]","{'B': 4, 'D': 3, 'A': 2, 'C': 1}","[1.0, 0.79, 1.0]",3.95
51,"[1, 3, 4]","[3, 2, 3]","[0.58, 0.58, 0.75]","[['B', 'D', 'C', 'A'], ['B', 'D', 'A', 'C'], ['A', 'C', 'B', 'D']]","{'B': 3, 'D': 3, 'A': 2, 'C': 2}","[1.0, 0.79, 1.0]",3.95
51,"[1, 3, 4]","[3, 2, 3]","[0.58, 0.58, 0.75]","[['B', 'D', 'C', 'A'], ['B', 'D', 'A', 'C'], ['A', 'C', 'D', 'B']]","{'B': 3, 'D': 3, 'A': 2, 'C': 2}","[1.0, 0.79, 1.0]",3.95
51,"[1, 3, 4]","[3, 2, 3]","[0.58, 0.58, 0.75]","[['B', 'D', 'C', 'A'], ['B', 'D', 'A', 'C'], ['A', 'D', 'B', 'C']]","{'D': 4, 'B': 3, 'A': 2, 'C': 1}","[0.67, 1.0, 0.79]",3.58
51,"[1, 3, 4]","[3, 2, 3]","[0.58, 0.58, 0.75]","[['B', 'D', 'C', 'A'], ['B', 'D', 'A', 'C'], ['A', 'D', 'C', 'B']]","{'D': 4, 'B': 3, 'A': 2, 'C': 1}","[0.67, 1.0, 0.79]",3.58
51,"[1, 3, 4]","[3, 2, 3]","[0.58, 0.58, 0.75]","[['B', 'D', 'C', 'A'], ['B', 'D', 'A', 'C'], ['B', 'A', 'C', 'D']]","{'B': 4, 'D': 3, 'A': 2, 'C': 1}","[1.0, 0.79, 1.0]",3.95
51,"[1, 3, 4]","[3, 2, 3]","[0.58, 0.58, 0.75]","[['B', 'D', 'C', 'A'], ['B', 'D', 'A', 'C'], ['B', 'A', 'D', 'C']]","{'B': 4, 'D': 3, 'A': 2, 'C': 1}","[1.0, 0.79, 1.0]",3.95
51,"[1, 3, 4]","[3, 2, 3]","[0.58, 0.58, 0.75]","[['B', 'D', 'C', 'A'], ['B', 'D', 'A', 'C'], ['B', 'C', 'A', 'D']]","{'B': 4, 'D': 3, 'C': 2, 'A': 1}","[1.0, 0.67, 1.0]",3.96
51,"[1, 3, 4]","[3, 2, 3]","[0.58, 0.58, 0.75]","[['B', 'D', 'C', 'A'], ['B', 'D', 'A', 'C'], ['B', 'C', 'D', 'A']]","{'B': 4, 'D': 3, 'C': 2, 'A': 1}","[1.0, 0.67, 1.0]",3.96
51,"[1, 3, 4]","[3, 2, 3]","[0.58, 0.58, 0.75]","[['B', 'D', 'C', 'A'], ['B', 'D', 'A', 'C'], ['B', 'D', 'A', 'C']]","{'B': 4, 'D': 4, 'A': 1, 'C': 1}","[1.0, 0.79, 1.0]",3.95
51,"[1, 3, 4]","[3, 2, 3]","[0.58, 0.58, 0.75]","[['B', 'D', 'C', 'A'], ['B', 'D', 'A', 'C'], ['B', 'D', 'C', 'A']]","{'B': 4, 'D': 4, 'A': 1, 'C': 1}","[1.0, 0.79, 1.0]",3.95
51,"[1, 3, 4]","[3, 2, 3]","[0.58, 0.58, 0.75]","[['B', 'D', 'C', 'A'], ['B', 'D', 'A', 'C'], ['C', 'A', 'B', 'D']]","{'B': 3, 'D': 3, 'A': 2, 'C': 2}","[1.0, 0.79, 1.0]",3.95
51,"[1, 3, 4]","[3, 2, 3]","[0.58, 0.58, 0.75]","[['B', 'D', 'C', 'A'], ['B', 'D', 'A', 'C'], ['C', 'A', 'D', 'B']]","{'B': 3, 'D': 3, 'A': 2, 'C': 2}","[1.0, 0.79, 1.0]",3.95
51,"[1, 3, 4]","[3, 2, 3]","[0.58, 0.58, 0.75]","[['B', 'D', 'C', 'A'], ['B', 'D', 'A', 'C'], ['C', 'B', 'A', 'D']]","{'B': 4, 'D': 3, 'C': 2, 'A': 1}","[1.0, 0.67, 1.0]",3.96
51,"[1, 3, 4]","[3, 2, 3]","[0.58, 0.58, 0.75]","[['B', 'D', 'C', 'A'], ['B', 'D', 'A', 'C'], ['C', 'B', 'D', 'A']]","{'B': 4, 'D': 3, 'C': 2, 'A': 1}","[1.0, 0.67, 1.0]",3.96
51,"[1, 3, 4]","[3, 2, 3]","[0.58, 0.58, 0.75]","[['B', 'D', 'C', 'A'], ['B', 'D', 'A', 'C'], ['D', 'A', 'B', 'C']]","{'D': 4, 'B': 3, 'A': 2, 'C': 1}","[0.67, 1.0, 0.79]",3.58
51,"[1, 3, 4]","[3, 2, 3]","[0.58, 0.58, 0.75]","[['B', 'D', 'C', 'A'], ['B', 'D', 'A', 'C'], ['D', 'A', 'C', 'B']]","{'D': 4, 'B': 3, 'A': 2, 'C': 1}","[0.67, 1.0, 0.79]",3.58
51,"[1, 3, 4]","[3, 2, 3]","[0.58, 0.58, 0.75]","[['B', 'D', 'C', 'A'], ['B', 'D', 'A', 'C'], ['D', 'B', 'A', 'C']]","{'B': 4, 'D': 4, 'A': 1, 'C': 1}","[1.0, 0.79, 1.0]",3.95
51,"[1, 3, 4]","[3, 2, 3]","[0.58, 0.58, 0.75]","[['B', 'D', 'C', 'A'], ['B', 'D', 'A', 'C'], ['D', 'B', 'C', 'A']]","{'B': 4, 'D': 4, 'A': 1, 'C': 1}","[1.0, 0.79, 1.0]",3.95
51,"[1, 3, 4]","[3, 2, 3]","[0.58, 0.58, 0.75]","[['B', 'D', 'C', 'A'], ['B', 'D', 'C', 'A'], ['A', 'B', 'C', 'D']]","{'B': 4, 'D': 3, 'A': 2, 'C': 1}","[1.0, 0.79, 1.0]",3.95
51,"[1, 3, 4]","[3, 2, 3]","[0.58, 0.58, 0.75]","[['B', 'D', 'C', 'A'], ['B', 'D', 'C', 'A'], ['A', 'B', 'D', 'C']]","{'B': 4, 'D': 3, 'A': 2, 'C': 1}","[1.0, 0.79, 1.0]",3.95
51,"[1, 3, 4]","[3, 2, 3]","[0.58, 0.58, 0.75]","[['B', 'D', 'C', 'A'], ['B', 'D', 'C', 'A'], ['A', 'C', 'B', 'D']]","{'B': 3, 'D': 3, 'A': 2, 'C': 2}","[1.0, 0.79, 1.0]",3.95
51,"[1, 3, 4]","[3, 2, 3]","[0.58, 0.58, 0.75]","[['B', 'D', 'C', 'A'], ['B', 'D', 'C', 'A'], ['A', 'C', 'D', 'B']]","{'B': 3, 'D': 3, 'A': 2, 'C': 2}","[1.0, 0.79, 1.0]",3.95
51,"[1, 3, 4]","[3, 2, 3]","[0.58, 0.58, 0.75]","[['B', 'D', 'C', 'A'], ['B', 'D', 'C', 'A'], ['A', 'D', 'B', 'C']]","{'D': 4, 'B': 3, 'A': 2, 'C': 1}","[0.67, 1.0, 0.79]",3.58
51,"[1, 3, 4]","[3, 2, 3]","[0.58, 0.58, 0.75]","[['B', 'D', 'C', 'A'], ['B', 'D', 'C', 'A'], ['A', 'D', 'C', 'B']]","{'D': 4, 'B': 3, 'A': 2, 'C': 1}","[0.67, 1.0, 0.79]",3.58
51,"[1, 3, 4]","[3, 2, 3]","[0.58, 0.58, 0.75]","[['B', 'D', 'C', 'A'], ['B', 'D', 'C', 'A'], ['B', 'A', 'C', 'D']]","{'B': 4, 'D': 3, 'A': 2, 'C': 1}","[1.0, 0.79, 1.0]",3.95
51,"[1, 3, 4]","[3, 2, 3]","[0.58, 0.58, 0.75]","[['B', 'D', 'C', 'A'], ['B', 'D', 'C', 'A'], ['B', 'A', 'D', 'C']]","{'B': 4, 'D': 3, 'A': 2, 'C': 1}","[1.0, 0.79, 1.0]",3.95
51,"[1, 3, 4]","[3, 2, 3]","[0.58, 0.58, 0.75]","[['B', 'D', 'C', 'A'], ['B', 'D', 'C', 'A'], ['B', 'C', 'A', 'D']]","{'B': 4, 'D': 3, 'C': 2, 'A': 1}","[1.0, 0.67, 1.0]",3.96
51,"[1, 3, 4]","[3, 2, 3]","[0.58, 0.58, 0.75]","[['B', 'D', 'C', 'A'], ['B', 'D', 'C', 'A'], ['B', 'C', 'D', 'A']]","{'B': 4, 'D': 3, 'C': 2, 'A': 1}","[1.0, 0.67, 1.0]",3.96
51,"[1, 3, 4]","[3, 2, 3]","[0.58, 0.58, 0.75]","[['B', 'D', 'C', 'A'], ['B', 'D', 'C', 'A'], ['B', 'D', 'A', 'C']]","{'B': 4, 'D': 4, 'A': 1, 'C': 1}","[1.0, 0.79, 1.0]",3.95
51,"[1, 3, 4]","[3, 2, 3]","[0.58, 0.58, 0.75]","[['B', 'D', 'C', 'A'], ['B', 'D', 'C', 'A'], ['B', 'D', 'C', 'A']]","{'B': 4, 'D': 4, 'A': 1, 'C': 1}","[1.0, 0.79, 1.0]",3.95
51,"[1, 3, 4]","[3, 2, 3]","[0.58, 0.58, 0.75]","[['B', 'D', 'C', 'A'], ['B', 'D', 'C', 'A'], ['C', 'A', 'B', 'D']]","{'B': 3, 'D': 3, 'A': 2, 'C': 2}","[1.0, 0.79, 1.0]",3.95
51,"[1, 3, 4]","[3, 2, 3]","[0.58, 0.58, 0.75]","[['B', 'D', 'C', 'A'], ['B', 'D', 'C', 'A'], ['C', 'A', 'D', 'B']]","{'B': 3, 'D': 3, 'A': 2, 'C': 2}","[1.0, 0.79, 1.0]",3.95
51,"[1, 3, 4]","[3, 2, 3]","[0.58, 0.58, 0.75]","[['B', 'D', 'C', 'A'], ['B', 'D', 'C', 'A'], ['C', 'B', 'A', 'D']]","{'B': 4, 'D': 3, 'C': 2, 'A': 1}","[1.0, 0.67, 1.0]",3.96
51,"[1, 3, 4]","[3, 2, 3]","[0.58, 0.58, 0.75]","[['B', 'D', 'C', 'A'], ['B', 'D', 'C', 'A'], ['C', 'B', 'D', 'A']]","{'B': 4, 'D': 3, 'C': 2, 'A': 1}","[1.0, 0.67, 1.0]",3.96
51,"[1, 3, 4]","[3, 2, 3]","[0.58, 0.58, 0.75]","[['B', 'D', 'C', 'A'], ['B', 'D', 'C', 'A'], ['D', 'A', 'B', 'C']]","{'D': 4, 'B': 3, 'A': 2, 'C': 1}","[0.67, 1.0, 0.79]",3.58
51,"[1, 3, 4]","[3, 2, 3]","[0.58, 0.58, 0.75]","[['B', 'D', 'C', 'A'], ['B', 'D', 'C', 'A'], ['D', 'A', 'C', 'B']]","{'D': 4, 'B': 3, 'A': 2, 'C': 1}","[0.67, 1.0, 0.79]",3.58
51,"[1, 3, 4]","[3, 2, 3]","[0.58, 0.58, 0.75]","[['B', 'D', 'C', 'A'], ['B', 'D', 'C', 'A'], ['D', 'B', 'A', 'C']]","{'B': 4, 'D': 4, 'A': 1, 'C': 1}","[1.0, 0.79, 1.0]",3.95
51,"[1, 3, 4]","[3, 2, 3]","[0.58, 0.58, 0.75]","[['B', 'D', 'C', 'A'], ['B', 'D', 'C', 'A'], ['D', 'B', 'C', 'A']]","{'B': 4, 'D': 4, 'A': 1, 'C': 1}","[1.0, 0.79, 1.0]",3.95
51,"[1, 3, 4]","[3, 2, 3]","[0.58, 0.58, 0.75]","[['B', 'D', 'C', 'A'], ['C', 'A', 'B', 'D'], ['B', 'D', 'A', 'C']]","{'B': 3, 'D': 3, 'A': 2, 'C': 2}","[1.0, 0.79, 1.0]",3.95
51,"[1, 3, 4]","[3, 2, 3]","[0.58, 0.58, 0.75]","[['B', 'D', 'C', 'A'], ['C', 'A', 'B', 'D'], ['B', 'D', 'C', 'A']]","{'B': 3, 'D': 3, 'A': 2, 'C': 2}","[1.0, 0.79, 1.0]",3.95
51,"[1, 3, 4]","[3, 2, 3]","[0.58, 0.58, 0.75]","[['B', 'D', 'C', 'A'], ['C', 'A', 'B', 'D'], ['D', 'B', 'A', 'C']]","{'B': 3, 'D': 3, 'A': 2, 'C': 2}","[1.0, 0.79, 1.0]",3.95
51,"[1, 3, 4]","[3, 2, 3]","[0.58, 0.58, 0.75]","[['B', 'D', 'C', 'A'], ['C', 'A', 'B', 'D'], ['D', 'B', 'C', 'A']]","{'B': 3, 'D': 3, 'A': 2, 'C': 2}","[1.0, 0.79, 1.0]",3.95
51,"[1, 3, 4]","[3, 2, 3]","[0.58, 0.58, 0.75]","[['B', 'D', 'C', 'A'], ['C', 'A', 'D', 'B'], ['B', 'D', 'A', 'C']]","{'B': 3, 'D': 3, 'A': 2, 'C': 2}","[1.0, 0.79, 1.0]",3.95
51,"[1, 3, 4]","[3, 2, 3]","[0.58, 0.58, 0.75]","[['B', 'D', 'C', 'A'], ['C', 'A', 'D', 'B'], ['B', 'D', 'C', 'A']]","{'B': 3, 'D': 3, 'A': 2, 'C': 2}","[1.0, 0.79, 1.0]",3.95
51,"[1, 3, 4]","[3, 2, 3]","[0.58, 0.58, 0.75]","[['B', 'D', 'C', 'A'], ['C', 'A', 'D', 'B'], ['D', 'B', 'A', 'C']]","{'B': 3, 'D': 3, 'A': 2, 'C': 2}","[1.0, 0.79, 1.0]",3.95
51,"[1, 3, 4]","[3, 2, 3]","[0.58, 0.58, 0.75]","[['B', 'D', 'C', 'A'], ['C', 'A', 'D', 'B'], ['D', 'B', 'C', 'A']]","{'B': 3, 'D': 3, 'A': 2, 'C': 2}","[1.0, 0.79, 1.0]",3.95
51,"[1, 3, 4]","[3, 2, 3]","[0.58, 0.58, 0.75]","[['B', 'D', 'C', 'A'], ['C', 'B', 'A', 'D'], ['A', 'D', 'B', 'C']]","{'B': 3, 'D': 3, 'A': 2, 'C': 2}","[1.0, 0.79, 1.0]",3.95
51,"[1, 3, 4]","[3, 2, 3]","[0.58, 0.58, 0.75]","[['B', 'D', 'C', 'A'], ['C', 'B', 'A', 'D'], ['A', 'D', 'C', 'B']]","{'B': 3, 'D': 3, 'A': 2, 'C': 2}","[1.0, 0.79, 1.0]",3.95
51,"[1, 3, 4]","[3, 2, 3]","[0.58, 0.58, 0.75]","[['B', 'D', 'C', 'A'], ['C', 'B', 'A', 'D'], ['B', 'D', 'A', 'C']]","{'B': 4, 'D': 3, 'C': 2, 'A': 1}","[1.0, 0.67, 1.0]",3.96
51,"[1, 3, 4]","[3, 2, 3]","[0.58, 0.58, 0.75]","[['B', 'D', 'C', 'A'], ['C', 'B', 'A', 'D'], ['B', 'D', 'C', 'A']]","{'B': 4, 'D': 3, 'C': 2, 'A': 1}","[1.0, 0.67, 1.0]",3.96
51,"[1, 3, 4]","[3, 2, 3]","[0.58, 0.58, 0.75]","[['B', 'D', 'C', 'A'], ['C', 'B', 'A', 'D'], ['D', 'A', 'B', 'C']]","{'B': 3, 'D': 3, 'A': 2, 'C': 2}","[1.0, 0.79, 1.0]",3.95
51,"[1, 3, 4]","[3, 2, 3]","[0.58, 0.58, 0.75]","[['B', 'D', 'C', 'A'], ['C', 'B', 'A', 'D'], ['D', 'A', 'C', 'B']]","{'B': 3, 'D': 3, 'A': 2, 'C': 2}","[1.0, 0.79, 1.0]",3.95
51,"[1, 3, 4]","[3, 2, 3]","[0.58, 0.58, 0.75]","[['B', 'D', 'C', 'A'], ['C', 'B', 'A', 'D'], ['D', 'B', 'A', 'C']]","{'B': 4, 'D': 3, 'C': 2, 'A': 1}","[1.0, 0.67, 1.0]",3.96
51,"[1, 3, 4]","[3, 2, 3]","[0.58, 0.58, 0.75]","[['B', 'D', 'C', 'A'], ['C', 'B', 'A', 'D'], ['D', 'B', 'C', 'A']]","{'B': 4, 'D': 3, 'C': 2, 'A': 1}","[1.0, 0.67, 1.0]",3.96
51,"[1, 3, 4]","[3, 2, 3]","[0.58, 0.58, 0.75]","[['B', 'D', 'C', 'A'], ['C', 'B', 'D', 'A'], ['A', 'D', 'B', 'C']]","{'B': 3, 'D': 3, 'A': 2, 'C': 2}","[1.0, 0.79, 1.0]",3.95
51,"[1, 3, 4]","[3, 2, 3]","[0.58, 0.58, 0.75]","[['B', 'D', 'C', 'A'], ['C', 'B', 'D', 'A'], ['A', 'D', 'C', 'B']]","{'B': 3, 'D': 3, 'A': 2, 'C': 2}","[1.0, 0.79, 1.0]",3.95
51,"[1, 3, 4]","[3, 2, 3]","[0.58, 0.58, 0.75]","[['B', 'D', 'C', 'A'], ['C', 'B', 'D', 'A'], ['B', 'D', 'A', 'C']]","{'B': 4, 'D': 3, 'C': 2, 'A': 1}","[1.0, 0.67, 1.0]",3.96
51,"[1, 3, 4]","[3, 2, 3]","[0.58, 0.58, 0.75]","[['B', 'D', 'C', 'A'], ['C', 'B', 'D', 'A'], ['B', 'D', 'C', 'A']]","{'B': 4, 'D': 3, 'C': 2, 'A': 1}","[1.0, 0.67, 1.0]",3.96
51,"[1, 3, 4]","[3, 2, 3]","[0.58, 0.58, 0.75]","[['B', 'D', 'C', 'A'], ['C', 'B', 'D', 'A'], ['D', 'A', 'B', 'C']]","{'B': 3, 'D': 3, 'A': 2, 'C': 2}","[1.0, 0.79, 1.0]",3.95
51,"[1, 3, 4]","[3, 2, 3]","[0.58, 0.58, 0.75]","[['B', 'D', 'C', 'A'], ['C', 'B', 'D', 'A'], ['D', 'A', 'C', 'B']]","{'B': 3, 'D': 3, 'A': 2, 'C': 2}","[1.0, 0.79, 1.0]",3.95
51,"[1, 3, 4]","[3, 2, 3]","[0.58, 0.58, 0.75]","[['B', 'D', 'C', 'A'], ['C', 'B', 'D', 'A'], ['D', 'B', 'A', 'C']]","{'B': 4, 'D': 3, 'C': 2, 'A': 1}","[1.0, 0.67, 1.0]",3.96
51,"[1, 3, 4]","[3, 2, 3]","[0.58, 0.58, 0.75]","[['B', 'D', 'C', 'A'], ['C', 'B', 'D', 'A'], ['D', 'B', 'C', 'A']]","{'B': 4, 'D': 3, 'C': 2, 'A': 1}","[1.0, 0.67, 1.0]",3.96
51,"[1, 3, 4]","[3, 2, 3]","[0.58, 0.58, 0.75]","[['B', 'D', 'C', 'A'], ['C', 'D', 'A', 'B'], ['A', 'B', 'C', 'D']]","{'B': 3, 'D': 3, 'A': 2, 'C': 2}","[1.0, 0.79, 1.0]",3.95
51,"[1, 3, 4]","[3, 2, 3]","[0.58, 0.58, 0.75]","[['B', 'D', 'C', 'A'], ['C', 'D', 'A', 'B'], ['A', 'B', 'D', 'C']]","{'B': 3, 'D': 3, 'A': 2, 'C': 2}","[1.0, 0.79, 1.0]",3.95
51,"[1, 3, 4]","[3, 2, 3]","[0.58, 0.58, 0.75]","[['B', 'D', 'C', 'A'], ['C', 'D', 'A', 'B'], ['B', 'A', 'C', 'D']]","{'B': 3, 'D': 3, 'A': 2, 'C': 2}","[1.0, 0.79, 1.0]",3.95
51,"[1, 3, 4]","[3, 2, 3]","[0.58, 0.58, 0.75]","[['B', 'D', 'C', 'A'], ['C', 'D', 'A', 'B'], ['B', 'A', 'D', 'C']]","{'B': 3, 'D': 3, 'A': 2, 'C': 2}","[1.0, 0.79, 1.0]",3.95
51,"[1, 3, 4]","[3, 2, 3]","[0.58, 0.58, 0.75]","[['B', 'D', 'C', 'A'], ['C', 'D', 'B', 'A'], ['A', 'B', 'C', 'D']]","{'B': 3, 'D': 3, 'A': 2, 'C': 2}","[1.0, 0.79, 1.0]",3.95
51,"[1, 3, 4]","[3, 2, 3]","[0.58, 0.58, 0.75]","[['B', 'D', 'C', 'A'], ['C', 'D', 'B', 'A'], ['A', 'B', 'D', 'C']]","{'B': 3, 'D': 3, 'A': 2, 'C': 2}","[1.0, 0.79, 1.0]",3.95
51,"[1, 3, 4]","[3, 2, 3]","[0.58, 0.58, 0.75]","[['B', 'D', 'C', 'A'], ['C', 'D', 'B', 'A'], ['B', 'A', 'C', 'D']]","{'B': 3, 'D': 3, 'A': 2, 'C': 2}","[1.0, 0.79, 1.0]",3.95
51,"[1, 3, 4]","[3, 2, 3]","[0.58, 0.58, 0.75]","[['B', 'D', 'C', 'A'], ['C', 'D', 'B', 'A'], ['B', 'A', 'D', 'C']]","{'B': 3, 'D': 3, 'A': 2, 'C': 2}","[1.0, 0.79, 1.0]",3.95
51,"[1, 3, 4]","[3, 2, 3]","[0.58, 0.58, 0.75]","[['B', 'D', 'C', 'A'], ['D', 'A', 'B', 'C'], ['B', 'C', 'A', 'D']]","{'B': 3, 'D': 3, 'A': 2, 'C': 2}","[1.0, 0.79, 1.0]",3.95
51,"[1, 3, 4]","[3, 2, 3]","[0.58, 0.58, 0.75]","[['B', 'D', 'C', 'A'], ['D', 'A', 'B', 'C'], ['B', 'C', 'D', 'A']]","{'B': 3, 'D': 3, 'A': 2, 'C': 2}","[1.0, 0.79, 1.0]",3.95
51,"[1, 3, 4]","[3, 2, 3]","[0.58, 0.58, 0.75]","[['B', 'D', 'C', 'A'], ['D', 'A', 'B', 'C'], ['B', 'D', 'A', 'C']]","{'D': 4, 'B': 3, 'A': 2, 'C': 1}","[0.67, 1.0, 0.79]",3.58
51,"[1, 3, 4]","[3, 2, 3]","[0.58, 0.58, 0.75]","[['B', 'D', 'C', 'A'], ['D', 'A', 'B', 'C'], ['B', 'D', 'C', 'A']]","{'D': 4, 'B': 3, 'A': 2, 'C': 1}","[0.67, 1.0, 0.79]",3.58
51,"[1, 3, 4]","[3, 2, 3]","[0.58, 0.58, 0.75]","[['B', 'D', 'C', 'A'], ['D', 'A', 'B', 'C'], ['C', 'B', 'A', 'D']]","{'B': 3, 'D': 3, 'A': 2, 'C': 2}","[1.0, 0.79, 1.0]",3.95
51,"[1, 3, 4]","[3, 2, 3]","[0.58, 0.58, 0.75]","[['B', 'D', 'C', 'A'], ['D', 'A', 'B', 'C'], ['C', 'B', 'D', 'A']]","{'B': 3, 'D': 3, 'A': 2, 'C': 2}","[1.0, 0.79, 1.0]",3.95
51,"[1, 3, 4]","[3, 2, 3]","[0.58, 0.58, 0.75]","[['B', 'D', 'C', 'A'], ['D', 'A', 'B', 'C'], ['D', 'B', 'A', 'C']]","{'D': 4, 'B': 3, 'A': 2, 'C': 1}","[0.67, 1.0, 0.79]",3.58
51,"[1, 3, 4]","[3, 2, 3]","[0.58, 0.58, 0.75]","[['B', 'D', 'C', 'A'], ['D', 'A', 'B', 'C'], ['D', 'B', 'C', 'A']]","{'D': 4, 'B': 3, 'A': 2, 'C': 1}","[0.67, 1.0, 0.79]",3.58
51,"[1, 3, 4]","[3, 2, 3]","[0.58, 0.58, 0.75]","[['B', 'D', 'C', 'A'], ['D', 'A', 'C', 'B'], ['B', 'C', 'A', 'D']]","{'B': 3, 'D': 3, 'A': 2, 'C': 2}","[1.0, 0.79, 1.0]",3.95
51,"[1, 3, 4]","[3, 2, 3]","[0.58, 0.58, 0.75]","[['B', 'D', 'C', 'A'], ['D', 'A', 'C', 'B'], ['B', 'C', 'D', 'A']]","{'B': 3, 'D': 3, 'A': 2, 'C': 2}","[1.0, 0.79, 1.0]",3.95
51,"[1, 3, 4]","[3, 2, 3]","[0.58, 0.58, 0.75]","[['B', 'D', 'C', 'A'], ['D', 'A', 'C', 'B'], ['B', 'D', 'A', 'C']]","{'D': 4, 'B': 3, 'A': 2, 'C': 1}","[0.67, 1.0, 0.79]",3.58
51,"[1, 3, 4]","[3, 2, 3]","[0.58, 0.58, 0.75]","[['B', 'D', 'C', 'A'], ['D', 'A', 'C', 'B'], ['B', 'D', 'C', 'A']]","{'D': 4, 'B': 3, 'A': 2, 'C': 1}","[0.67, 1.0, 0.79]",3.58
51,"[1, 3, 4]","[3, 2, 3]","[0.58, 0.58, 0.75]","[['B', 'D', 'C', 'A'], ['D', 'A', 'C', 'B'], ['C', 'B', 'A', 'D']]","{'B': 3, 'D': 3, 'A': 2, 'C': 2}","[1.0, 0.79, 1.0]",3.95
51,"[1, 3, 4]","[3, 2, 3]","[0.58, 0.58, 0.75]","[['B', 'D', 'C', 'A'], ['D', 'A', 'C', 'B'], ['C', 'B', 'D', 'A']]","{'B': 3, 'D': 3, 'A': 2, 'C': 2}","[1.0, 0.79, 1.0]",3.95
51,"[1, 3, 4]","[3, 2, 3]","[0.58, 0.58, 0.75]","[['B', 'D', 'C', 'A'], ['D', 'A', 'C', 'B'], ['D', 'B', 'A', 'C']]","{'D': 4, 'B': 3, 'A': 2, 'C': 1}","[0.67, 1.0, 0.79]",3.58
51,"[1, 3, 4]","[3, 2, 3]","[0.58, 0.58, 0.75]","[['B', 'D', 'C', 'A'], ['D', 'A', 'C', 'B'], ['D', 'B', 'C', 'A']]","{'D': 4, 'B': 3, 'A': 2, 'C': 1}","[0.67, 1.0, 0.79]",3.58
51,"[1, 3, 4]","[3, 2, 3]","[0.58, 0.58, 0.75]","[['B', 'D', 'C', 'A'], ['D', 'B', 'A', 'C'], ['A', 'B', 'C', 'D']]","{'B': 4, 'D': 3, 'A': 2, 'C': 1}","[1.0, 0.79, 1.0]",3.95
51,"[1, 3, 4]","[3, 2, 3]","[0.58, 0.58, 0.75]","[['B', 'D', 'C', 'A'], ['D', 'B', 'A', 'C'], ['A', 'B', 'D', 'C']]","{'B': 4, 'D': 3, 'A': 2, 'C': 1}","[1.0, 0.79, 1.0]",3.95
51,"[1, 3, 4]","[3, 2, 3]","[0.58, 0.58, 0.75]","[['B', 'D', 'C', 'A'], ['D', 'B', 'A', 'C'], ['A', 'C', 'B', 'D']]","{'B': 3, 'D': 3, 'A': 2, 'C': 2}","[1.0, 0.79, 1.0]",3.95
51,"[1, 3, 4]","[3, 2, 3]","[0.58, 0.58, 0.75]","[['B', 'D', 'C', 'A'], ['D', 'B', 'A', 'C'], ['A', 'C', 'D', 'B']]","{'B': 3, 'D': 3, 'A': 2, 'C': 2}","[1.0, 0.79, 1.0]",3.95
51,"[1, 3, 4]","[3, 2, 3]","[0.58, 0.58, 0.75]","[['B', 'D', 'C', 'A'], ['D', 'B', 'A', 'C'], ['A', 'D', 'B', 'C']]","{'D': 4, 'B': 3, 'A': 2, 'C': 1}","[0.67, 1.0, 0.79]",3.58
51,"[1, 3, 4]","[3, 2, 3]","[0.58, 0.58, 0.75]","[['B', 'D', 'C', 'A'], ['D', 'B', 'A', 'C'], ['A', 'D', 'C', 'B']]","{'D': 4, 'B': 3, 'A': 2, 'C': 1}","[0.67, 1.0, 0.79]",3.58
51,"[1, 3, 4]","[3, 2, 3]","[0.58, 0.58, 0.75]","[['B', 'D', 'C', 'A'], ['D', 'B', 'A', 'C'], ['B', 'A', 'C', 'D']]","{'B': 4, 'D': 3, 'A': 2, 'C': 1}","[1.0, 0.79, 1.0]",3.95
51,"[1, 3, 4]","[3, 2, 3]","[0.58, 0.58, 0.75]","[['B', 'D', 'C', 'A'], ['D', 'B', 'A', 'C'], ['B', 'A', 'D', 'C']]","{'B': 4, 'D': 3, 'A': 2, 'C': 1}","[1.0, 0.79, 1.0]",3.95
51,"[1, 3, 4]","[3, 2, 3]","[0.58, 0.58, 0.75]","[['B', 'D', 'C', 'A'], ['D', 'B', 'A', 'C'], ['B', 'C', 'A', 'D']]","{'B': 4, 'D': 3, 'C': 2, 'A': 1}","[1.0, 0.67, 1.0]",3.96
51,"[1, 3, 4]","[3, 2, 3]","[0.58, 0.58, 0.75]","[['B', 'D', 'C', 'A'], ['D', 'B', 'A', 'C'], ['B', 'C', 'D', 'A']]","{'B': 4, 'D': 3, 'C': 2, 'A': 1}","[1.0, 0.67, 1.0]",3.96
51,"[1, 3, 4]","[3, 2, 3]","[0.58, 0.58, 0.75]","[['B', 'D', 'C', 'A'], ['D', 'B', 'A', 'C'], ['B', 'D', 'A', 'C']]","{'B': 4, 'D': 4, 'A': 1, 'C': 1}","[1.0, 0.79, 1.0]",3.95
51,"[1, 3, 4]","[3, 2, 3]","[0.58, 0.58, 0.75]","[['B', 'D', 'C', 'A'], ['D', 'B', 'A', 'C'], ['B', 'D', 'C', 'A']]","{'B': 4, 'D': 4, 'A': 1, 'C': 1}","[1.0, 0.79, 1.0]",3.95
51,"[1, 3, 4]","[3, 2, 3]","[0.58, 0.58, 0.75]","[['B', 'D', 'C', 'A'], ['D', 'B', 'A', 'C'], ['C', 'A', 'B', 'D']]","{'B': 3, 'D': 3, 'A': 2, 'C': 2}","[1.0, 0.79, 1.0]",3.95
51,"[1, 3, 4]","[3, 2, 3]","[0.58, 0.58, 0.75]","[['B', 'D', 'C', 'A'], ['D', 'B', 'A', 'C'], ['C', 'A', 'D', 'B']]","{'B': 3, 'D': 3, 'A': 2, 'C': 2}","[1.0, 0.79, 1.0]",3.95
51,"[1, 3, 4]","[3, 2, 3]","[0.58, 0.58, 0.75]","[['B', 'D', 'C', 'A'], ['D', 'B', 'A', 'C'], ['C', 'B', 'A', 'D']]","{'B': 4, 'D': 3, 'C': 2, 'A': 1}","[1.0, 0.67, 1.0]",3.96
51,"[1, 3, 4]","[3, 2, 3]","[0.58, 0.58, 0.75]","[['B', 'D', 'C', 'A'], ['D', 'B', 'A', 'C'], ['C', 'B', 'D', 'A']]","{'B': 4, 'D': 3, 'C': 2, 'A': 1}","[1.0, 0.67, 1.0]",3.96
51,"[1, 3, 4]","[3, 2, 3]","[0.58, 0.58, 0.75]","[['B', 'D', 'C', 'A'], ['D', 'B', 'A', 'C'], ['D', 'A', 'B', 'C']]","{'D': 4, 'B': 3, 'A': 2, 'C': 1}","[0.67, 1.0, 0.79]",3.58
51,"[1, 3, 4]","[3, 2, 3]","[0.58, 0.58, 0.75]","[['B', 'D', 'C', 'A'], ['D', 'B', 'A', 'C'], ['D', 'A', 'C', 'B']]","{'D': 4, 'B': 3, 'A': 2, 'C': 1}","[0.67, 1.0, 0.79]",3.58
51,"[1, 3, 4]","[3, 2, 3]","[0.58, 0.58, 0.75]","[['B', 'D', 'C', 'A'], ['D', 'B', 'A', 'C'], ['D', 'B', 'A', 'C']]","{'B': 4, 'D': 4, 'A': 1, 'C': 1}","[1.0, 0.79, 1.0]",3.95
51,"[1, 3, 4]","[3, 2, 3]","[0.58, 0.58, 0.75]","[['B', 'D', 'C', 'A'], ['D', 'B', 'A', 'C'], ['D', 'B', 'C', 'A']]","{'B': 4, 'D': 4, 'A': 1, 'C': 1}","[1.0, 0.79, 1.0]",3.95
51,"[1, 3, 4]","[3, 2, 3]","[0.58, 0.58, 0.75]","[['B', 'D', 'C', 'A'], ['D', 'B', 'C', 'A'], ['A', 'B', 'C', 'D']]","{'B': 4, 'D': 3, 'A': 2, 'C': 1}","[1.0, 0.79, 1.0]",3.95
51,"[1, 3, 4]","[3, 2, 3]","[0.58, 0.58, 0.75]","[['B', 'D', 'C', 'A'], ['D', 'B', 'C', 'A'], ['A', 'B', 'D', 'C']]","{'B': 4, 'D': 3, 'A': 2, 'C': 1}","[1.0, 0.79, 1.0]",3.95
51,"[1, 3, 4]","[3, 2, 3]","[0.58, 0.58, 0.75]","[['B', 'D', 'C', 'A'], ['D', 'B', 'C', 'A'], ['A', 'C', 'B', 'D']]","{'B': 3, 'D': 3, 'A': 2, 'C': 2}","[1.0, 0.79, 1.0]",3.95
51,"[1, 3, 4]","[3, 2, 3]","[0.58, 0.58, 0.75]","[['B', 'D', 'C', 'A'], ['D', 'B', 'C', 'A'], ['A', 'C', 'D', 'B']]","{'B': 3, 'D': 3, 'A': 2, 'C': 2}","[1.0, 0.79, 1.0]",3.95
51,"[1, 3, 4]","[3, 2, 3]","[0.58, 0.58, 0.75]","[['B', 'D', 'C', 'A'], ['D', 'B', 'C', 'A'], ['A', 'D', 'B', 'C']]","{'D': 4, 'B': 3, 'A': 2, 'C': 1}","[0.67, 1.0, 0.79]",3.58
51,"[1, 3, 4]","[3, 2, 3]","[0.58, 0.58, 0.75]","[['B', 'D', 'C', 'A'], ['D', 'B', 'C', 'A'], ['A', 'D', 'C', 'B']]","{'D': 4, 'B': 3, 'A': 2, 'C': 1}","[0.67, 1.0, 0.79]",3.58
51,"[1, 3, 4]","[3, 2, 3]","[0.58, 0.58, 0.75]","[['B', 'D', 'C', 'A'], ['D', 'B', 'C', 'A'], ['B', 'A', 'C', 'D']]","{'B': 4, 'D': 3, 'A': 2, 'C': 1}","[1.0, 0.79, 1.0]",3.95
51,"[1, 3, 4]","[3, 2, 3]","[0.58, 0.58, 0.75]","[['B', 'D', 'C', 'A'], ['D', 'B', 'C', 'A'], ['B', 'A', 'D', 'C']]","{'B': 4, 'D': 3, 'A': 2, 'C': 1}","[1.0, 0.79, 1.0]",3.95
51,"[1, 3, 4]","[3, 2, 3]","[0.58, 0.58, 0.75]","[['B', 'D', 'C', 'A'], ['D', 'B', 'C', 'A'], ['B', 'C', 'A', 'D']]","{'B': 4, 'D': 3, 'C': 2, 'A': 1}","[1.0, 0.67, 1.0]",3.96
51,"[1, 3, 4]","[3, 2, 3]","[0.58, 0.58, 0.75]","[['B', 'D', 'C', 'A'], ['D', 'B', 'C', 'A'], ['B', 'C', 'D', 'A']]","{'B': 4, 'D': 3, 'C': 2, 'A': 1}","[1.0, 0.67, 1.0]",3.96
51,"[1, 3, 4]","[3, 2, 3]","[0.58, 0.58, 0.75]","[['B', 'D', 'C', 'A'], ['D', 'B', 'C', 'A'], ['B', 'D', 'A', 'C']]","{'B': 4, 'D': 4, 'A': 1, 'C': 1}","[1.0, 0.79, 1.0]",3.95
51,"[1, 3, 4]","[3, 2, 3]","[0.58, 0.58, 0.75]","[['B', 'D', 'C', 'A'], ['D', 'B', 'C', 'A'], ['B', 'D', 'C', 'A']]","{'B': 4, 'D': 4, 'A': 1, 'C': 1}","[1.0, 0.79, 1.0]",3.95
51,"[1, 3, 4]","[3, 2, 3]","[0.58, 0.58, 0.75]","[['B', 'D', 'C', 'A'], ['D', 'B', 'C', 'A'], ['C', 'A', 'B', 'D']]","{'B': 3, 'D': 3, 'A': 2, 'C': 2}","[1.0, 0.79, 1.0]",3.95
51,"[1, 3, 4]","[3, 2, 3]","[0.58, 0.58, 0.75]","[['B', 'D', 'C', 'A'], ['D', 'B', 'C', 'A'], ['C', 'A', 'D', 'B']]","{'B': 3, 'D': 3, 'A': 2, 'C': 2}","[1.0, 0.79, 1.0]",3.95
51,"[1, 3, 4]","[3, 2, 3]","[0.58, 0.58, 0.75]","[['B', 'D', 'C', 'A'], ['D', 'B', 'C', 'A'], ['C', 'B', 'A', 'D']]","{'B': 4, 'D': 3, 'C': 2, 'A': 1}","[1.0, 0.67, 1.0]",3.96
51,"[1, 3, 4]","[3, 2, 3]","[0.58, 0.58, 0.75]","[['B', 'D', 'C', 'A'], ['D', 'B', 'C', 'A'], ['C', 'B', 'D', 'A']]","{'B': 4, 'D': 3, 'C': 2, 'A': 1}","[1.0, 0.67, 1.0]",3.96
51,"[1, 3, 4]","[3, 2, 3]","[0.58, 0.58, 0.75]","[['B', 'D', 'C', 'A'], ['D', 'B', 'C', 'A'], ['D', 'A', 'B', 'C']]","{'D': 4, 'B': 3, 'A': 2, 'C': 1}","[0.67, 1.0, 0.79]",3.58
51,"[1, 3, 4]","[3, 2, 3]","[0.58, 0.58, 0.75]","[['B', 'D', 'C', 'A'], ['D', 'B', 'C', 'A'], ['D', 'A', 'C', 'B']]","{'D': 4, 'B': 3, 'A': 2, 'C': 1}","[0.67, 1.0, 0.79]",3.58
51,"[1, 3, 4]","[3, 2, 3]","[0.58, 0.58, 0.75]","[['B', 'D', 'C', 'A'], ['D', 'B', 'C', 'A'], ['D', 'B', 'A', 'C']]","{'B': 4, 'D': 4, 'A': 1, 'C': 1}","[1.0, 0.79, 1.0]",3.95
51,"[1, 3, 4]","[3, 2, 3]","[0.58, 0.58, 0.75]","[['B', 'D', 'C', 'A'], ['D', 'B', 'C', 'A'], ['D', 'B', 'C', 'A']]","{'B': 4, 'D': 4, 'A': 1, 'C': 1}","[1.0, 0.79, 1.0]",3.95
51,"[1, 3, 4]","[3, 2, 3]","[0.58, 0.58, 0.75]","[['B', 'D', 'C', 'A'], ['D', 'C', 'A', 'B'], ['A', 'B', 'C', 'D']]","{'B': 3, 'D': 3, 'A': 2, 'C': 2}","[1.0, 0.79, 1.0]",3.95
51,"[1, 3, 4]","[3, 2, 3]","[0.58, 0.58, 0.75]","[['B', 'D', 'C', 'A'], ['D', 'C', 'A', 'B'], ['A', 'B', 'D', 'C']]","{'B': 3, 'D': 3, 'A': 2, 'C': 2}","[1.0, 0.79, 1.0]",3.95
51,"[1, 3, 4]","[3, 2, 3]","[0.58, 0.58, 0.75]","[['B', 'D', 'C', 'A'], ['D', 'C', 'A', 'B'], ['B', 'A', 'C', 'D']]","{'B': 3, 'D': 3, 'A': 2, 'C': 2}","[1.0, 0.79, 1.0]",3.95
51,"[1, 3, 4]","[3, 2, 3]","[0.58, 0.58, 0.75]","[['B', 'D', 'C', 'A'], ['D', 'C', 'A', 'B'], ['B', 'A', 'D', 'C']]","{'B': 3, 'D': 3, 'A': 2, 'C': 2}","[1.0, 0.79, 1.0]",3.95
51,"[1, 3, 4]","[3, 2, 3]","[0.58, 0.58, 0.75]","[['B', 'D', 'C', 'A'], ['D', 'C', 'B', 'A'], ['A', 'B', 'C', 'D']]","{'B': 3, 'D': 3, 'A': 2, 'C': 2}","[1.0, 0.79, 1.0]",3.95
51,"[1, 3, 4]","[3, 2, 3]","[0.58, 0.58, 0.75]","[['B', 'D', 'C', 'A'], ['D', 'C', 'B', 'A'], ['A', 'B', 'D', 'C']]","{'B': 3, 'D': 3, 'A': 2, 'C': 2}","[1.0, 0.79, 1.0]",3.95
51,"[1, 3, 4]","[3, 2, 3]","[0.58, 0.58, 0.75]","[['B', 'D', 'C', 'A'], ['D', 'C', 'B', 'A'], ['B', 'A', 'C', 'D']]","{'B': 3, 'D': 3, 'A': 2, 'C': 2}","[1.0, 0.79, 1.0]",3.95
51,"[1, 3, 4]","[3, 2, 3]","[0.58, 0.58, 0.75]","[['B', 'D', 'C', 'A'], ['D', 'C', 'B', 'A'], ['B', 'A', 'D', 'C']]","{'B': 3, 'D': 3, 'A': 2, 'C': 2}","[1.0, 0.79, 1.0]",3.95
51,"[1, 3, 4]","[3, 2, 3]","[0.58, 0.58, 0.75]","[['C', 'A', 'B', 'D'], ['B', 'D', 'A', 'C'], ['B', 'D', 'A', 'C']]","{'B': 3, 'D': 3, 'A': 2, 'C': 2}","[1.0, 0.79, 1.0]",3.95
51,"[1, 3, 4]","[3, 2, 3]","[0.58, 0.58, 0.75]","[['C', 'A', 'B', 'D'], ['B', 'D', 'A', 'C'], ['B', 'D', 'C', 'A']]","{'B': 3, 'D': 3, 'A': 2, 'C': 2}","[1.0, 0.79, 1.0]",3.95
51,"[1, 3, 4]","[3, 2, 3]","[0.58, 0.58, 0.75]","[['C', 'A', 'B', 'D'], ['B', 'D', 'A', 'C'], ['D', 'B', 'A', 'C']]","{'B': 3, 'D': 3, 'A': 2, 'C': 2}","[1.0, 0.79, 1.0]",3.95
51,"[1, 3, 4]","[3, 2, 3]","[0.58, 0.58, 0.75]","[['C', 'A', 'B', 'D'], ['B', 'D', 'A', 'C'], ['D', 'B', 'C', 'A']]","{'B': 3, 'D': 3, 'A': 2, 'C': 2}","[1.0, 0.79, 1.0]",3.95
51,"[1, 3, 4]","[3, 2, 3]","[0.58, 0.58, 0.75]","[['C', 'A', 'B', 'D'], ['B', 'D', 'C', 'A'], ['B', 'D', 'A', 'C']]","{'B': 3, 'D': 3, 'A': 2, 'C': 2}","[1.0, 0.79, 1.0]",3.95
51,"[1, 3, 4]","[3, 2, 3]","[0.58, 0.58, 0.75]","[['C', 'A', 'B', 'D'], ['B', 'D', 'C', 'A'], ['B', 'D', 'C', 'A']]","{'B': 3, 'D': 3, 'A': 2, 'C': 2}","[1.0, 0.79, 1.0]",3.95
51,"[1, 3, 4]","[3, 2, 3]","[0.58, 0.58, 0.75]","[['C', 'A', 'B', 'D'], ['B', 'D', 'C', 'A'], ['D', 'B', 'A', 'C']]","{'B': 3, 'D': 3, 'A': 2, 'C': 2}","[1.0, 0.79, 1.0]",3.95
51,"[1, 3, 4]","[3, 2, 3]","[0.58, 0.58, 0.75]","[['C', 'A', 'B', 'D'], ['B', 'D', 'C', 'A'], ['D', 'B', 'C', 'A']]","{'B': 3, 'D': 3, 'A': 2, 'C': 2}","[1.0, 0.79, 1.0]",3.95
51,"[1, 3, 4]","[3, 2, 3]","[0.58, 0.58, 0.75]","[['C', 'A', 'B', 'D'], ['D', 'B', 'A', 'C'], ['B', 'D', 'A', 'C']]","{'B': 3, 'D': 3, 'A': 2, 'C': 2}","[1.0, 0.79, 1.0]",3.95
51,"[1, 3, 4]","[3, 2, 3]","[0.58, 0.58, 0.75]","[['C', 'A', 'B', 'D'], ['D', 'B', 'A', 'C'], ['B', 'D', 'C', 'A']]","{'B': 3, 'D': 3, 'A': 2, 'C': 2}","[1.0, 0.79, 1.0]",3.95
51,"[1, 3, 4]","[3, 2, 3]","[0.58, 0.58, 0.75]","[['C', 'A', 'B', 'D'], ['D', 'B', 'A', 'C'], ['D', 'B', 'A', 'C']]","{'B': 3, 'D': 3, 'A': 2, 'C': 2}","[1.0, 0.79, 1.0]",3.95
51,"[1, 3, 4]","[3, 2, 3]","[0.58, 0.58, 0.75]","[['C', 'A', 'B', 'D'], ['D', 'B', 'A', 'C'], ['D', 'B', 'C', 'A']]","{'B': 3, 'D': 3, 'A': 2, 'C': 2}","[1.0, 0.79, 1.0]",3.95
51,"[1, 3, 4]","[3, 2, 3]","[0.58, 0.58, 0.75]","[['C', 'A', 'B', 'D'], ['D', 'B', 'C', 'A'], ['B', 'D', 'A', 'C']]","{'B': 3, 'D': 3, 'A': 2, 'C': 2}","[1.0, 0.79, 1.0]",3.95
51,"[1, 3, 4]","[3, 2, 3]","[0.58, 0.58, 0.75]","[['C', 'A', 'B', 'D'], ['D', 'B', 'C', 'A'], ['B', 'D', 'C', 'A']]","{'B': 3, 'D': 3, 'A': 2, 'C': 2}","[1.0, 0.79, 1.0]",3.95
51,"[1, 3, 4]","[3, 2, 3]","[0.58, 0.58, 0.75]","[['C', 'A', 'B', 'D'], ['D', 'B', 'C', 'A'], ['D', 'B', 'A', 'C']]","{'B': 3, 'D': 3, 'A': 2, 'C': 2}","[1.0, 0.79, 1.0]",3.95
51,"[1, 3, 4]","[3, 2, 3]","[0.58, 0.58, 0.75]","[['C', 'A', 'B', 'D'], ['D', 'B', 'C', 'A'], ['D', 'B', 'C', 'A']]","{'B': 3, 'D': 3, 'A': 2, 'C': 2}","[1.0, 0.79, 1.0]",3.95
51,"[1, 3, 4]","[3, 2, 3]","[0.58, 0.58, 0.75]","[['C', 'A', 'D', 'B'], ['B', 'D', 'A', 'C'], ['B', 'D', 'A', 'C']]","{'B': 3, 'D': 3, 'A': 2, 'C': 2}","[1.0, 0.79, 1.0]",3.95
51,"[1, 3, 4]","[3, 2, 3]","[0.58, 0.58, 0.75]","[['C', 'A', 'D', 'B'], ['B', 'D', 'A', 'C'], ['B', 'D', 'C', 'A']]","{'B': 3, 'D': 3, 'A': 2, 'C': 2}","[1.0, 0.79, 1.0]",3.95
51,"[1, 3, 4]","[3, 2, 3]","[0.58, 0.58, 0.75]","[['C', 'A', 'D', 'B'], ['B', 'D', 'A', 'C'], ['D', 'B', 'A', 'C']]","{'B': 3, 'D': 3, 'A': 2, 'C': 2}","[1.0, 0.79, 1.0]",3.95
51,"[1, 3, 4]","[3, 2, 3]","[0.58, 0.58, 0.75]","[['C', 'A', 'D', 'B'], ['B', 'D', 'A', 'C'], ['D', 'B', 'C', 'A']]","{'B': 3, 'D': 3, 'A': 2, 'C': 2}","[1.0, 0.79, 1.0]",3.95
51,"[1, 3, 4]","[3, 2, 3]","[0.58, 0.58, 0.75]","[['C', 'A', 'D', 'B'], ['B', 'D', 'C', 'A'], ['B', 'D', 'A', 'C']]","{'B': 3, 'D': 3, 'A': 2, 'C': 2}","[1.0, 0.79, 1.0]",3.95
51,"[1, 3, 4]","[3, 2, 3]","[0.58, 0.58, 0.75]","[['C', 'A', 'D', 'B'], ['B', 'D', 'C', 'A'], ['B', 'D', 'C', 'A']]","{'B': 3, 'D': 3, 'A': 2, 'C': 2}","[1.0, 0.79, 1.0]",3.95
51,"[1, 3, 4]","[3, 2, 3]","[0.58, 0.58, 0.75]","[['C', 'A', 'D', 'B'], ['B', 'D', 'C', 'A'], ['D', 'B', 'A', 'C']]","{'B': 3, 'D': 3, 'A': 2, 'C': 2}","[1.0, 0.79, 1.0]",3.95
51,"[1, 3, 4]","[3, 2, 3]","[0.58, 0.58, 0.75]","[['C', 'A', 'D', 'B'], ['B', 'D', 'C', 'A'], ['D', 'B', 'C', 'A']]","{'B': 3, 'D': 3, 'A': 2, 'C': 2}","[1.0, 0.79, 1.0]",3.95
51,"[1, 3, 4]","[3, 2, 3]","[0.58, 0.58, 0.75]","[['C', 'A', 'D', 'B'], ['D', 'B', 'A', 'C'], ['B', 'D', 'A', 'C']]","{'B': 3, 'D': 3, 'A': 2, 'C': 2}","[1.0, 0.79, 1.0]",3.95
51,"[1, 3, 4]","[3, 2, 3]","[0.58, 0.58, 0.75]","[['C', 'A', 'D', 'B'], ['D', 'B', 'A', 'C'], ['B', 'D', 'C', 'A']]","{'B': 3, 'D': 3, 'A': 2, 'C': 2}","[1.0, 0.79, 1.0]",3.95
51,"[1, 3, 4]","[3, 2, 3]","[0.58, 0.58, 0.75]","[['C', 'A', 'D', 'B'], ['D', 'B', 'A', 'C'], ['D', 'B', 'A', 'C']]","{'B': 3, 'D': 3, 'A': 2, 'C': 2}","[1.0, 0.79, 1.0]",3.95
51,"[1, 3, 4]","[3, 2, 3]","[0.58, 0.58, 0.75]","[['C', 'A', 'D', 'B'], ['D', 'B', 'A', 'C'], ['D', 'B', 'C', 'A']]","{'B': 3, 'D': 3, 'A': 2, 'C': 2}","[1.0, 0.79, 1.0]",3.95
51,"[1, 3, 4]","[3, 2, 3]","[0.58, 0.58, 0.75]","[['C', 'A', 'D', 'B'], ['D', 'B', 'C', 'A'], ['B', 'D', 'A', 'C']]","{'B': 3, 'D': 3, 'A': 2, 'C': 2}","[1.0, 0.79, 1.0]",3.95
51,"[1, 3, 4]","[3, 2, 3]","[0.58, 0.58, 0.75]","[['C', 'A', 'D', 'B'], ['D', 'B', 'C', 'A'], ['B', 'D', 'C', 'A']]","{'B': 3, 'D': 3, 'A': 2, 'C': 2}","[1.0, 0.79, 1.0]",3.95
51,"[1, 3, 4]","[3, 2, 3]","[0.58, 0.58, 0.75]","[['C', 'A', 'D', 'B'], ['D', 'B', 'C', 'A'], ['D', 'B', 'A', 'C']]","{'B': 3, 'D': 3, 'A': 2, 'C': 2}","[1.0, 0.79, 1.0]",3.95
51,"[1, 3, 4]","[3, 2, 3]","[0.58, 0.58, 0.75]","[['C', 'A', 'D', 'B'], ['D', 'B', 'C', 'A'], ['D', 'B', 'C', 'A']]","{'B': 3, 'D': 3, 'A': 2, 'C': 2}","[1.0, 0.79, 1.0]",3.95
51,"[1, 3, 4]","[3, 2, 3]","[0.58, 0.58, 0.75]","[['C', 'B', 'A', 'D'], ['A', 'D', 'B', 'C'], ['B', 'D', 'A', 'C']]","{'B': 3, 'D': 3, 'A': 2, 'C': 2}","[1.0, 0.79, 1.0]",3.95
51,"[1, 3, 4]","[3, 2, 3]","[0.58, 0.58, 0.75]","[['C', 'B', 'A', 'D'], ['A', 'D', 'B', 'C'], ['B', 'D', 'C', 'A']]","{'B': 3, 'D': 3, 'A': 2, 'C': 2}","[1.0, 0.79, 1.0]",3.95
51,"[1, 3, 4]","[3, 2, 3]","[0.58, 0.58, 0.75]","[['C', 'B', 'A', 'D'], ['A', 'D', 'B', 'C'], ['D', 'B', 'A', 'C']]","{'B': 3, 'D': 3, 'A': 2, 'C': 2}","[1.0, 0.79, 1.0]",3.95
51,"[1, 3, 4]","[3, 2, 3]","[0.58, 0.58, 0.75]","[['C', 'B', 'A', 'D'], ['A', 'D', 'B', 'C'], ['D', 'B', 'C', 'A']]","{'B': 3, 'D': 3, 'A': 2, 'C': 2}","[1.0, 0.79, 1.0]",3.95
51,"[1, 3, 4]","[3, 2, 3]","[0.58, 0.58, 0.75]","[['C', 'B', 'A', 'D'], ['A', 'D', 'C', 'B'], ['B', 'D', 'A', 'C']]","{'B': 3, 'D': 3, 'A': 2, 'C': 2}","[1.0, 0.79, 1.0]",3.95
51,"[1, 3, 4]","[3, 2, 3]","[0.58, 0.58, 0.75]","[['C', 'B', 'A', 'D'], ['A', 'D', 'C', 'B'], ['B', 'D', 'C', 'A']]","{'B': 3, 'D': 3, 'A': 2, 'C': 2}","[1.0, 0.79, 1.0]",3.95
51,"[1, 3, 4]","[3, 2, 3]","[0.58, 0.58, 0.75]","[['C', 'B', 'A', 'D'], ['A', 'D', 'C', 'B'], ['D', 'B', 'A', 'C']]","{'B': 3, 'D': 3, 'A': 2, 'C': 2}","[1.0, 0.79, 1.0]",3.95
51,"[1, 3, 4]","[3, 2, 3]","[0.58, 0.58, 0.75]","[['C', 'B', 'A', 'D'], ['A', 'D', 'C', 'B'], ['D', 'B', 'C', 'A']]","{'B': 3, 'D': 3, 'A': 2, 'C': 2}","[1.0, 0.79, 1.0]",3.95
51,"[1, 3, 4]","[3, 2, 3]","[0.58, 0.58, 0.75]","[['C', 'B', 'A', 'D'], ['B', 'D', 'A', 'C'], ['A', 'D', 'B', 'C']]","{'B': 3, 'D': 3, 'A': 2, 'C': 2}","[1.0, 0.79, 1.0]",3.95
51,"[1, 3, 4]","[3, 2, 3]","[0.58, 0.58, 0.75]","[['C', 'B', 'A', 'D'], ['B', 'D', 'A', 'C'], ['A', 'D', 'C', 'B']]","{'B': 3, 'D': 3, 'A': 2, 'C': 2}","[1.0, 0.79, 1.0]",3.95
51,"[1, 3, 4]","[3, 2, 3]","[0.58, 0.58, 0.75]","[['C', 'B', 'A', 'D'], ['B', 'D', 'A', 'C'], ['B', 'D', 'A', 'C']]","{'B': 4, 'D': 3, 'C': 2, 'A': 1}","[1.0, 0.67, 1.0]",3.96
51,"[1, 3, 4]","[3, 2, 3]","[0.58, 0.58, 0.75]","[['C', 'B', 'A', 'D'], ['B', 'D', 'A', 'C'], ['B', 'D', 'C', 'A']]","{'B': 4, 'D': 3, 'C': 2, 'A': 1}","[1.0, 0.67, 1.0]",3.96
51,"[1, 3, 4]","[3, 2, 3]","[0.58, 0.58, 0.75]","[['C', 'B', 'A', 'D'], ['B', 'D', 'A', 'C'], ['D', 'A', 'B', 'C']]","{'B': 3, 'D': 3, 'A': 2, 'C': 2}","[1.0, 0.79, 1.0]",3.95
51,"[1, 3, 4]","[3, 2, 3]","[0.58, 0.58, 0.75]","[['C', 'B', 'A', 'D'], ['B', 'D', 'A', 'C'], ['D', 'A', 'C', 'B']]","{'B': 3, 'D': 3, 'A': 2, 'C': 2}","[1.0, 0.79, 1.0]",3.95
51,"[1, 3, 4]","[3, 2, 3]","[0.58, 0.58, 0.75]","[['C', 'B', 'A', 'D'], ['B', 'D', 'A', 'C'], ['D', 'B', 'A', 'C']]","{'B': 4, 'D': 3, 'C': 2, 'A': 1}","[1.0, 0.67, 1.0]",3.96
51,"[1, 3, 4]","[3, 2, 3]","[0.58, 0.58, 0.75]","[['C', 'B', 'A', 'D'], ['B', 'D', 'A', 'C'], ['D', 'B', 'C', 'A']]","{'B': 4, 'D': 3, 'C': 2, 'A': 1}","[1.0, 0.67, 1.0]",3.96
51,"[1, 3, 4]","[3, 2, 3]","[0.58, 0.58, 0.75]","[['C', 'B', 'A', 'D'], ['B', 'D', 'C', 'A'], ['A', 'D', 'B', 'C']]","{'B': 3, 'D': 3, 'A': 2, 'C': 2}","[1.0, 0.79, 1.0]",3.95
51,"[1, 3, 4]","[3, 2, 3]","[0.58, 0.58, 0.75]","[['C', 'B', 'A', 'D'], ['B', 'D', 'C', 'A'], ['A', 'D', 'C', 'B']]","{'B': 3, 'D': 3, 'A': 2, 'C': 2}","[1.0, 0.79, 1.0]",3.95
51,"[1, 3, 4]","[3, 2, 3]","[0.58, 0.58, 0.75]","[['C', 'B', 'A', 'D'], ['B', 'D', 'C', 'A'], ['B', 'D', 'A', 'C']]","{'B': 4, 'D': 3, 'C': 2, 'A': 1}","[1.0, 0.67, 1.0]",3.96
51,"[1, 3, 4]","[3, 2, 3]","[0.58, 0.58, 0.75]","[['C', 'B', 'A', 'D'], ['B', 'D', 'C', 'A'], ['B', 'D', 'C', 'A']]","{'B': 4, 'D': 3, 'C': 2, 'A': 1}","[1.0, 0.67, 1.0]",3.96
51,"[1, 3, 4]","[3, 2, 3]","[0.58, 0.58, 0.75]","[['C', 'B', 'A', 'D'], ['B', 'D', 'C', 'A'], ['D', 'A', 'B', 'C']]","{'B': 3, 'D': 3, 'A': 2, 'C': 2}","[1.0, 0.79, 1.0]",3.95
51,"[1, 3, 4]","[3, 2, 3]","[0.58, 0.58, 0.75]","[['C', 'B', 'A', 'D'], ['B', 'D', 'C', 'A'], ['D', 'A', 'C', 'B']]","{'B': 3, 'D': 3, 'A': 2, 'C': 2}","[1.0, 0.79, 1.0]",3.95
51,"[1, 3, 4]","[3, 2, 3]","[0.58, 0.58, 0.75]","[['C', 'B', 'A', 'D'], ['B', 'D', 'C', 'A'], ['D', 'B', 'A', 'C']]","{'B': 4, 'D': 3, 'C': 2, 'A': 1}","[1.0, 0.67, 1.0]",3.96
51,"[1, 3, 4]","[3, 2, 3]","[0.58, 0.58, 0.75]","[['C', 'B', 'A', 'D'], ['B', 'D', 'C', 'A'], ['D', 'B', 'C', 'A']]","{'B': 4, 'D': 3, 'C': 2, 'A': 1}","[1.0, 0.67, 1.0]",3.96
51,"[1, 3, 4]","[3, 2, 3]","[0.58, 0.58, 0.75]","[['C', 'B', 'A', 'D'], ['D', 'A', 'B', 'C'], ['B', 'D', 'A', 'C']]","{'B': 3, 'D': 3, 'A': 2, 'C': 2}","[1.0, 0.79, 1.0]",3.95
51,"[1, 3, 4]","[3, 2, 3]","[0.58, 0.58, 0.75]","[['C', 'B', 'A', 'D'], ['D', 'A', 'B', 'C'], ['B', 'D', 'C', 'A']]","{'B': 3, 'D': 3, 'A': 2, 'C': 2}","[1.0, 0.79, 1.0]",3.95
51,"[1, 3, 4]","[3, 2, 3]","[0.58, 0.58, 0.75]","[['C', 'B', 'A', 'D'], ['D', 'A', 'B', 'C'], ['D', 'B', 'A', 'C']]","{'B': 3, 'D': 3, 'A': 2, 'C': 2}","[1.0, 0.79, 1.0]",3.95
51,"[1, 3, 4]","[3, 2, 3]","[0.58, 0.58, 0.75]","[['C', 'B', 'A', 'D'], ['D', 'A', 'B', 'C'], ['D', 'B', 'C', 'A']]","{'B': 3, 'D': 3, 'A': 2, 'C': 2}","[1.0, 0.79, 1.0]",3.95
51,"[1, 3, 4]","[3, 2, 3]","[0.58, 0.58, 0.75]","[['C', 'B', 'A', 'D'], ['D', 'A', 'C', 'B'], ['B', 'D', 'A', 'C']]","{'B': 3, 'D': 3, 'A': 2, 'C': 2}","[1.0, 0.79, 1.0]",3.95
51,"[1, 3, 4]","[3, 2, 3]","[0.58, 0.58, 0.75]","[['C', 'B', 'A', 'D'], ['D', 'A', 'C', 'B'], ['B', 'D', 'C', 'A']]","{'B': 3, 'D': 3, 'A': 2, 'C': 2}","[1.0, 0.79, 1.0]",3.95
51,"[1, 3, 4]","[3, 2, 3]","[0.58, 0.58, 0.75]","[['C', 'B', 'A', 'D'], ['D', 'A', 'C', 'B'], ['D', 'B', 'A', 'C']]","{'B': 3, 'D': 3, 'A': 2, 'C': 2}","[1.0, 0.79, 1.0]",3.95
51,"[1, 3, 4]","[3, 2, 3]","[0.58, 0.58, 0.75]","[['C', 'B', 'A', 'D'], ['D', 'A', 'C', 'B'], ['D', 'B', 'C', 'A']]","{'B': 3, 'D': 3, 'A': 2, 'C': 2}","[1.0, 0.79, 1.0]",3.95
51,"[1, 3, 4]","[3, 2, 3]","[0.58, 0.58, 0.75]","[['C', 'B', 'A', 'D'], ['D', 'B', 'A', 'C'], ['A', 'D', 'B', 'C']]","{'B': 3, 'D': 3, 'A': 2, 'C': 2}","[1.0, 0.79, 1.0]",3.95
51,"[1, 3, 4]","[3, 2, 3]","[0.58, 0.58, 0.75]","[['C', 'B', 'A', 'D'], ['D', 'B', 'A', 'C'], ['A', 'D', 'C', 'B']]","{'B': 3, 'D': 3, 'A': 2, 'C': 2}","[1.0, 0.79, 1.0]",3.95
51,"[1, 3, 4]","[3, 2, 3]","[0.58, 0.58, 0.75]","[['C', 'B', 'A', 'D'], ['D', 'B', 'A', 'C'], ['B', 'D', 'A', 'C']]","{'B': 4, 'D': 3, 'C': 2, 'A': 1}","[1.0, 0.67, 1.0]",3.96
51,"[1, 3, 4]","[3, 2, 3]","[0.58, 0.58, 0.75]","[['C', 'B', 'A', 'D'], ['D', 'B', 'A', 'C'], ['B', 'D', 'C', 'A']]","{'B': 4, 'D': 3, 'C': 2, 'A': 1}","[1.0, 0.67, 1.0]",3.96
51,"[1, 3, 4]","[3, 2, 3]","[0.58, 0.58, 0.75]","[['C', 'B', 'A', 'D'], ['D', 'B', 'A', 'C'], ['D', 'A', 'B', 'C']]","{'B': 3, 'D': 3, 'A': 2, 'C': 2}","[1.0, 0.79, 1.0]",3.95
51,"[1, 3, 4]","[3, 2, 3]","[0.58, 0.58, 0.75]","[['C', 'B', 'A', 'D'], ['D', 'B', 'A', 'C'], ['D', 'A', 'C', 'B']]","{'B': 3, 'D': 3, 'A': 2, 'C': 2}","[1.0, 0.79, 1.0]",3.95
51,"[1, 3, 4]","[3, 2, 3]","[0.58, 0.58, 0.75]","[['C', 'B', 'A', 'D'], ['D', 'B', 'A', 'C'], ['D', 'B', 'A', 'C']]","{'B': 4, 'D': 3, 'C': 2, 'A': 1}","[1.0, 0.67, 1.0]",3.96
51,"[1, 3, 4]","[3, 2, 3]","[0.58, 0.58, 0.75]","[['C', 'B', 'A', 'D'], ['D', 'B', 'A', 'C'], ['D', 'B', 'C', 'A']]","{'B': 4, 'D': 3, 'C': 2, 'A': 1}","[1.0, 0.67, 1.0]",3.96
51,"[1, 3, 4]","[3, 2, 3]","[0.58, 0.58, 0.75]","[['C', 'B', 'A', 'D'], ['D', 'B', 'C', 'A'], ['A', 'D', 'B', 'C']]","{'B': 3, 'D': 3, 'A': 2, 'C': 2}","[1.0, 0.79, 1.0]",3.95
51,"[1, 3, 4]","[3, 2, 3]","[0.58, 0.58, 0.75]","[['C', 'B', 'A', 'D'], ['D', 'B', 'C', 'A'], ['A', 'D', 'C', 'B']]","{'B': 3, 'D': 3, 'A': 2, 'C': 2}","[1.0, 0.79, 1.0]",3.95
51,"[1, 3, 4]","[3, 2, 3]","[0.58, 0.58, 0.75]","[['C', 'B', 'A', 'D'], ['D', 'B', 'C', 'A'], ['B', 'D', 'A', 'C']]","{'B': 4, 'D': 3, 'C': 2, 'A': 1}","[1.0, 0.67, 1.0]",3.96
51,"[1, 3, 4]","[3, 2, 3]","[0.58, 0.58, 0.75]","[['C', 'B', 'A', 'D'], ['D', 'B', 'C', 'A'], ['B', 'D', 'C', 'A']]","{'B': 4, 'D': 3, 'C': 2, 'A': 1}","[1.0, 0.67, 1.0]",3.96
51,"[1, 3, 4]","[3, 2, 3]","[0.58, 0.58, 0.75]","[['C', 'B', 'A', 'D'], ['D', 'B', 'C', 'A'], ['D', 'A', 'B', 'C']]","{'B': 3, 'D': 3, 'A': 2, 'C': 2}","[1.0, 0.79, 1.0]",3.95
51,"[1, 3, 4]","[3, 2, 3]","[0.58, 0.58, 0.75]","[['C', 'B', 'A', 'D'], ['D', 'B', 'C', 'A'], ['D', 'A', 'C', 'B']]","{'B': 3, 'D': 3, 'A': 2, 'C': 2}","[1.0, 0.79, 1.0]",3.95
51,"[1, 3, 4]","[3, 2, 3]","[0.58, 0.58, 0.75]","[['C', 'B', 'A', 'D'], ['D', 'B', 'C', 'A'], ['D', 'B', 'A', 'C']]","{'B': 4, 'D': 3, 'C': 2, 'A': 1}","[1.0, 0.67, 1.0]",3.96
51,"[1, 3, 4]","[3, 2, 3]","[0.58, 0.58, 0.75]","[['C', 'B', 'A', 'D'], ['D', 'B', 'C', 'A'], ['D', 'B', 'C', 'A']]","{'B': 4, 'D': 3, 'C': 2, 'A': 1}","[1.0, 0.67, 1.0]",3.96
51,"[1, 3, 4]","[3, 2, 3]","[0.58, 0.58, 0.75]","[['C', 'B', 'D', 'A'], ['A', 'D', 'B', 'C'], ['B', 'D', 'A', 'C']]","{'B': 3, 'D': 3, 'A': 2, 'C': 2}","[1.0, 0.79, 1.0]",3.95
51,"[1, 3, 4]","[3, 2, 3]","[0.58, 0.58, 0.75]","[['C', 'B', 'D', 'A'], ['A', 'D', 'B', 'C'], ['B', 'D', 'C', 'A']]","{'B': 3, 'D': 3, 'A': 2, 'C': 2}","[1.0, 0.79, 1.0]",3.95
51,"[1, 3, 4]","[3, 2, 3]","[0.58, 0.58, 0.75]","[['C', 'B', 'D', 'A'], ['A', 'D', 'B', 'C'], ['D', 'B', 'A', 'C']]","{'B': 3, 'D': 3, 'A': 2, 'C': 2}","[1.0, 0.79, 1.0]",3.95
51,"[1, 3, 4]","[3, 2, 3]","[0.58, 0.58, 0.75]","[['C', 'B', 'D', 'A'], ['A', 'D', 'B', 'C'], ['D', 'B', 'C', 'A']]","{'B': 3, 'D': 3, 'A': 2, 'C': 2}","[1.0, 0.79, 1.0]",3.95
51,"[1, 3, 4]","[3, 2, 3]","[0.58, 0.58, 0.75]","[['C', 'B', 'D', 'A'], ['A', 'D', 'C', 'B'], ['B', 'D', 'A', 'C']]","{'B': 3, 'D': 3, 'A': 2, 'C': 2}","[1.0, 0.79, 1.0]",3.95
51,"[1, 3, 4]","[3, 2, 3]","[0.58, 0.58, 0.75]","[['C', 'B', 'D', 'A'], ['A', 'D', 'C', 'B'], ['B', 'D', 'C', 'A']]","{'B': 3, 'D': 3, 'A': 2, 'C': 2}","[1.0, 0.79, 1.0]",3.95
51,"[1, 3, 4]","[3, 2, 3]","[0.58, 0.58, 0.75]","[['C', 'B', 'D', 'A'], ['A', 'D', 'C', 'B'], ['D', 'B', 'A', 'C']]","{'B': 3, 'D': 3, 'A': 2, 'C': 2}","[1.0, 0.79, 1.0]",3.95
51,"[1, 3, 4]","[3, 2, 3]","[0.58, 0.58, 0.75]","[['C', 'B', 'D', 'A'], ['A', 'D', 'C', 'B'], ['D', 'B', 'C', 'A']]","{'B': 3, 'D': 3, 'A': 2, 'C': 2}","[1.0, 0.79, 1.0]",3.95
51,"[1, 3, 4]","[3, 2, 3]","[0.58, 0.58, 0.75]","[['C', 'B', 'D', 'A'], ['B', 'D', 'A', 'C'], ['A', 'D', 'B', 'C']]","{'B': 3, 'D': 3, 'A': 2, 'C': 2}","[1.0, 0.79, 1.0]",3.95
51,"[1, 3, 4]","[3, 2, 3]","[0.58, 0.58, 0.75]","[['C', 'B', 'D', 'A'], ['B', 'D', 'A', 'C'], ['A', 'D', 'C', 'B']]","{'B': 3, 'D': 3, 'A': 2, 'C': 2}","[1.0, 0.79, 1.0]",3.95
51,"[1, 3, 4]","[3, 2, 3]","[0.58, 0.58, 0.75]","[['C', 'B', 'D', 'A'], ['B', 'D', 'A', 'C'], ['B', 'D', 'A', 'C']]","{'B': 4, 'D': 3, 'C': 2, 'A': 1}","[1.0, 0.67, 1.0]",3.96
51,"[1, 3, 4]","[3, 2, 3]","[0.58, 0.58, 0.75]","[['C', 'B', 'D', 'A'], ['B', 'D', 'A', 'C'], ['B', 'D', 'C', 'A']]","{'B': 4, 'D': 3, 'C': 2, 'A': 1}","[1.0, 0.67, 1.0]",3.96
51,"[1, 3, 4]","[3, 2, 3]","[0.58, 0.58, 0.75]","[['C', 'B', 'D', 'A'], ['B', 'D', 'A', 'C'], ['D', 'A', 'B', 'C']]","{'B': 3, 'D': 3, 'A': 2, 'C': 2}","[1.0, 0.79, 1.0]",3.95
51,"[1, 3, 4]","[3, 2, 3]","[0.58, 0.58, 0.75]","[['C', 'B', 'D', 'A'], ['B', 'D', 'A', 'C'], ['D', 'A', 'C', 'B']]","{'B': 3, 'D': 3, 'A': 2, 'C': 2}","[1.0, 0.79, 1.0]",3.95
51,"[1, 3, 4]","[3, 2, 3]","[0.58, 0.58, 0.75]","[['C', 'B', 'D', 'A'], ['B', 'D', 'A', 'C'], ['D', 'B', 'A', 'C']]","{'B': 4, 'D': 3, 'C': 2, 'A': 1}","[1.0, 0.67, 1.0]",3.96
51,"[1, 3, 4]","[3, 2, 3]","[0.58, 0.58, 0.75]","[['C', 'B', 'D', 'A'], ['B', 'D', 'A', 'C'], ['D', 'B', 'C', 'A']]","{'B': 4, 'D': 3, 'C': 2, 'A': 1}","[1.0, 0.67, 1.0]",3.96
51,"[1, 3, 4]","[3, 2, 3]","[0.58, 0.58, 0.75]","[['C', 'B', 'D', 'A'], ['B', 'D', 'C', 'A'], ['A', 'D', 'B', 'C']]","{'B': 3, 'D': 3, 'A': 2, 'C': 2}","[1.0, 0.79, 1.0]",3.95
51,"[1, 3, 4]","[3, 2, 3]","[0.58, 0.58, 0.75]","[['C', 'B', 'D', 'A'], ['B', 'D', 'C', 'A'], ['A', 'D', 'C', 'B']]","{'B': 3, 'D': 3, 'A': 2, 'C': 2}","[1.0, 0.79, 1.0]",3.95
51,"[1, 3, 4]","[3, 2, 3]","[0.58, 0.58, 0.75]","[['C', 'B', 'D', 'A'], ['B', 'D', 'C', 'A'], ['B', 'D', 'A', 'C']]","{'B': 4, 'D': 3, 'C': 2, 'A': 1}","[1.0, 0.67, 1.0]",3.96
51,"[1, 3, 4]","[3, 2, 3]","[0.58, 0.58, 0.75]","[['C', 'B', 'D', 'A'], ['B', 'D', 'C', 'A'], ['B', 'D', 'C', 'A']]","{'B': 4, 'D': 3, 'C': 2, 'A': 1}","[1.0, 0.67, 1.0]",3.96
51,"[1, 3, 4]","[3, 2, 3]","[0.58, 0.58, 0.75]","[['C', 'B', 'D', 'A'], ['B', 'D', 'C', 'A'], ['D', 'A', 'B', 'C']]","{'B': 3, 'D': 3, 'A': 2, 'C': 2}","[1.0, 0.79, 1.0]",3.95
51,"[1, 3, 4]","[3, 2, 3]","[0.58, 0.58, 0.75]","[['C', 'B', 'D', 'A'], ['B', 'D', 'C', 'A'], ['D', 'A', 'C', 'B']]","{'B': 3, 'D': 3, 'A': 2, 'C': 2}","[1.0, 0.79, 1.0]",3.95
51,"[1, 3, 4]","[3, 2, 3]","[0.58, 0.58, 0.75]","[['C', 'B', 'D', 'A'], ['B', 'D', 'C', 'A'], ['D', 'B', 'A', 'C']]","{'B': 4, 'D': 3, 'C': 2, 'A': 1}","[1.0, 0.67, 1.0]",3.96
51,"[1, 3, 4]","[3, 2, 3]","[0.58, 0.58, 0.75]","[['C', 'B', 'D', 'A'], ['B', 'D', 'C', 'A'], ['D', 'B', 'C', 'A']]","{'B': 4, 'D': 3, 'C': 2, 'A': 1}","[1.0, 0.67, 1.0]",3.96
51,"[1, 3, 4]","[3, 2, 3]","[0.58, 0.58, 0.75]","[['C', 'B', 'D', 'A'], ['D', 'A', 'B', 'C'], ['B', 'D', 'A', 'C']]","{'B': 3, 'D': 3, 'A': 2, 'C': 2}","[1.0, 0.79, 1.0]",3.95
51,"[1, 3, 4]","[3, 2, 3]","[0.58, 0.58, 0.75]","[['C', 'B', 'D', 'A'], ['D', 'A', 'B', 'C'], ['B', 'D', 'C', 'A']]","{'B': 3, 'D': 3, 'A': 2, 'C': 2}","[1.0, 0.79, 1.0]",3.95
51,"[1, 3, 4]","[3, 2, 3]","[0.58, 0.58, 0.75]","[['C', 'B', 'D', 'A'], ['D', 'A', 'B', 'C'], ['D', 'B', 'A', 'C']]","{'B': 3, 'D': 3, 'A': 2, 'C': 2}","[1.0, 0.79, 1.0]",3.95
51,"[1, 3, 4]","[3, 2, 3]","[0.58, 0.58, 0.75]","[['C', 'B', 'D', 'A'], ['D', 'A', 'B', 'C'], ['D', 'B', 'C', 'A']]","{'B': 3, 'D': 3, 'A': 2, 'C': 2}","[1.0, 0.79, 1.0]",3.95
51,"[1, 3, 4]","[3, 2, 3]","[0.58, 0.58, 0.75]","[['C', 'B', 'D', 'A'], ['D', 'A', 'C', 'B'], ['B', 'D', 'A', 'C']]","{'B': 3, 'D': 3, 'A': 2, 'C': 2}","[1.0, 0.79, 1.0]",3.95
51,"[1, 3, 4]","[3, 2, 3]","[0.58, 0.58, 0.75]","[['C', 'B', 'D', 'A'], ['D', 'A', 'C', 'B'], ['B', 'D', 'C', 'A']]","{'B': 3, 'D': 3, 'A': 2, 'C': 2}","[1.0, 0.79, 1.0]",3.95
51,"[1, 3, 4]","[3, 2, 3]","[0.58, 0.58, 0.75]","[['C', 'B', 'D', 'A'], ['D', 'A', 'C', 'B'], ['D', 'B', 'A', 'C']]","{'B': 3, 'D': 3, 'A': 2, 'C': 2}","[1.0, 0.79, 1.0]",3.95
51,"[1, 3, 4]","[3, 2, 3]","[0.58, 0.58, 0.75]","[['C', 'B', 'D', 'A'], ['D', 'A', 'C', 'B'], ['D', 'B', 'C', 'A']]","{'B': 3, 'D': 3, 'A': 2, 'C': 2}","[1.0, 0.79, 1.0]",3.95
51,"[1, 3, 4]","[3, 2, 3]","[0.58, 0.58, 0.75]","[['C', 'B', 'D', 'A'], ['D', 'B', 'A', 'C'], ['A', 'D', 'B', 'C']]","{'B': 3, 'D': 3, 'A': 2, 'C': 2}","[1.0, 0.79, 1.0]",3.95
51,"[1, 3, 4]","[3, 2, 3]","[0.58, 0.58, 0.75]","[['C', 'B', 'D', 'A'], ['D', 'B', 'A', 'C'], ['A', 'D', 'C', 'B']]","{'B': 3, 'D': 3, 'A': 2, 'C': 2}","[1.0, 0.79, 1.0]",3.95
51,"[1, 3, 4]","[3, 2, 3]","[0.58, 0.58, 0.75]","[['C', 'B', 'D', 'A'], ['D', 'B', 'A', 'C'], ['B', 'D', 'A', 'C']]","{'B': 4, 'D': 3, 'C': 2, 'A': 1}","[1.0, 0.67, 1.0]",3.96
51,"[1, 3, 4]","[3, 2, 3]","[0.58, 0.58, 0.75]","[['C', 'B', 'D', 'A'], ['D', 'B', 'A', 'C'], ['B', 'D', 'C', 'A']]","{'B': 4, 'D': 3, 'C': 2, 'A': 1}","[1.0, 0.67, 1.0]",3.96
51,"[1, 3, 4]","[3, 2, 3]","[0.58, 0.58, 0.75]","[['C', 'B', 'D', 'A'], ['D', 'B', 'A', 'C'], ['D', 'A', 'B', 'C']]","{'B': 3, 'D': 3, 'A': 2, 'C': 2}","[1.0, 0.79, 1.0]",3.95
51,"[1, 3, 4]","[3, 2, 3]","[0.58, 0.58, 0.75]","[['C', 'B', 'D', 'A'], ['D', 'B', 'A', 'C'], ['D', 'A', 'C', 'B']]","{'B': 3, 'D': 3, 'A': 2, 'C': 2}","[1.0, 0.79, 1.0]",3.95
51,"[1, 3, 4]","[3, 2, 3]","[0.58, 0.58, 0.75]","[['C', 'B', 'D', 'A'], ['D', 'B', 'A', 'C'], ['D', 'B', 'A', 'C']]","{'B': 4, 'D': 3, 'C': 2, 'A': 1}","[1.0, 0.67, 1.0]",3.96
51,"[1, 3, 4]","[3, 2, 3]","[0.58, 0.58, 0.75]","[['C', 'B', 'D', 'A'], ['D', 'B', 'A', 'C'], ['D', 'B', 'C', 'A']]","{'B': 4, 'D': 3, 'C': 2, 'A': 1}","[1.0, 0.67, 1.0]",3.96
51,"[1, 3, 4]","[3, 2, 3]","[0.58, 0.58, 0.75]","[['C', 'B', 'D', 'A'], ['D', 'B', 'C', 'A'], ['A', 'D', 'B', 'C']]","{'B': 3, 'D': 3, 'A': 2, 'C': 2}","[1.0, 0.79, 1.0]",3.95
51,"[1, 3, 4]","[3, 2, 3]","[0.58, 0.58, 0.75]","[['C', 'B', 'D', 'A'], ['D', 'B', 'C', 'A'], ['A', 'D', 'C', 'B']]","{'B': 3, 'D': 3, 'A': 2, 'C': 2}","[1.0, 0.79, 1.0]",3.95
51,"[1, 3, 4]","[3, 2, 3]","[0.58, 0.58, 0.75]","[['C', 'B', 'D', 'A'], ['D', 'B', 'C', 'A'], ['B', 'D', 'A', 'C']]","{'B': 4, 'D': 3, 'C': 2, 'A': 1}","[1.0, 0.67, 1.0]",3.96
51,"[1, 3, 4]","[3, 2, 3]","[0.58, 0.58, 0.75]","[['C', 'B', 'D', 'A'], ['D', 'B', 'C', 'A'], ['B', 'D', 'C', 'A']]","{'B': 4, 'D': 3, 'C': 2, 'A': 1}","[1.0, 0.67, 1.0]",3.96
51,"[1, 3, 4]","[3, 2, 3]","[0.58, 0.58, 0.75]","[['C', 'B', 'D', 'A'], ['D', 'B', 'C', 'A'], ['D', 'A', 'B', 'C']]","{'B': 3, 'D': 3, 'A': 2, 'C': 2}","[1.0, 0.79, 1.0]",3.95
51,"[1, 3, 4]","[3, 2, 3]","[0.58, 0.58, 0.75]","[['C', 'B', 'D', 'A'], ['D', 'B', 'C', 'A'], ['D', 'A', 'C', 'B']]","{'B': 3, 'D': 3, 'A': 2, 'C': 2}","[1.0, 0.79, 1.0]",3.95
51,"[1, 3, 4]","[3, 2, 3]","[0.58, 0.58, 0.75]","[['C', 'B', 'D', 'A'], ['D', 'B', 'C', 'A'], ['D', 'B', 'A', 'C']]","{'B': 4, 'D': 3, 'C': 2, 'A': 1}","[1.0, 0.67, 1.0]",3.96
51,"[1, 3, 4]","[3, 2, 3]","[0.58, 0.58, 0.75]","[['C', 'B', 'D', 'A'], ['D', 'B', 'C', 'A'], ['D', 'B', 'C', 'A']]","{'B': 4, 'D': 3, 'C': 2, 'A': 1}","[1.0, 0.67, 1.0]",3.96
51,"[1, 3, 4]","[3, 2, 3]","[0.58, 0.58, 0.75]","[['C', 'D', 'A', 'B'], ['A', 'B', 'C', 'D'], ['B', 'D', 'A', 'C']]","{'B': 3, 'D': 3, 'A': 2, 'C': 2}","[1.0, 0.79, 1.0]",3.95
51,"[1, 3, 4]","[3, 2, 3]","[0.58, 0.58, 0.75]","[['C', 'D', 'A', 'B'], ['A', 'B', 'C', 'D'], ['B', 'D', 'C', 'A']]","{'B': 3, 'D': 3, 'A': 2, 'C': 2}","[1.0, 0.79, 1.0]",3.95
51,"[1, 3, 4]","[3, 2, 3]","[0.58, 0.58, 0.75]","[['C', 'D', 'A', 'B'], ['A', 'B', 'C', 'D'], ['D', 'B', 'A', 'C']]","{'B': 3, 'D': 3, 'A': 2, 'C': 2}","[1.0, 0.79, 1.0]",3.95
51,"[1, 3, 4]","[3, 2, 3]","[0.58, 0.58, 0.75]","[['C', 'D', 'A', 'B'], ['A', 'B', 'C', 'D'], ['D', 'B', 'C', 'A']]","{'B': 3, 'D': 3, 'A': 2, 'C': 2}","[1.0, 0.79, 1.0]",3.95
51,"[1, 3, 4]","[3, 2, 3]","[0.58, 0.58, 0.75]","[['C', 'D', 'A', 'B'], ['A', 'B', 'D', 'C'], ['B', 'D', 'A', 'C']]","{'B': 3, 'D': 3, 'A': 2, 'C': 2}","[1.0, 0.79, 1.0]",3.95
51,"[1, 3, 4]","[3, 2, 3]","[0.58, 0.58, 0.75]","[['C', 'D', 'A', 'B'], ['A', 'B', 'D', 'C'], ['B', 'D', 'C', 'A']]","{'B': 3, 'D': 3, 'A': 2, 'C': 2}","[1.0, 0.79, 1.0]",3.95
51,"[1, 3, 4]","[3, 2, 3]","[0.58, 0.58, 0.75]","[['C', 'D', 'A', 'B'], ['A', 'B', 'D', 'C'], ['D', 'B', 'A', 'C']]","{'B': 3, 'D': 3, 'A': 2, 'C': 2}","[1.0, 0.79, 1.0]",3.95
51,"[1, 3, 4]","[3, 2, 3]","[0.58, 0.58, 0.75]","[['C', 'D', 'A', 'B'], ['A', 'B', 'D', 'C'], ['D', 'B', 'C', 'A']]","{'B': 3, 'D': 3, 'A': 2, 'C': 2}","[1.0, 0.79, 1.0]",3.95
51,"[1, 3, 4]","[3, 2, 3]","[0.58, 0.58, 0.75]","[['C', 'D', 'A', 'B'], ['B', 'A', 'C', 'D'], ['B', 'D', 'A', 'C']]","{'B': 3, 'D': 3, 'A': 2, 'C': 2}","[1.0, 0.79, 1.0]",3.95
51,"[1, 3, 4]","[3, 2, 3]","[0.58, 0.58, 0.75]","[['C', 'D', 'A', 'B'], ['B', 'A', 'C', 'D'], ['B', 'D', 'C', 'A']]","{'B': 3, 'D': 3, 'A': 2, 'C': 2}","[1.0, 0.79, 1.0]",3.95
51,"[1, 3, 4]","[3, 2, 3]","[0.58, 0.58, 0.75]","[['C', 'D', 'A', 'B'], ['B', 'A', 'C', 'D'], ['D', 'B', 'A', 'C']]","{'B': 3, 'D': 3, 'A': 2, 'C': 2}","[1.0, 0.79, 1.0]",3.95
51,"[1, 3, 4]","[3, 2, 3]","[0.58, 0.58, 0.75]","[['C', 'D', 'A', 'B'], ['B', 'A', 'C', 'D'], ['D', 'B', 'C', 'A']]","{'B': 3, 'D': 3, 'A': 2, 'C': 2}","[1.0, 0.79, 1.0]",3.95
51,"[1, 3, 4]","[3, 2, 3]","[0.58, 0.58, 0.75]","[['C', 'D', 'A', 'B'], ['B', 'A', 'D', 'C'], ['B', 'D', 'A', 'C']]","{'B': 3, 'D': 3, 'A': 2, 'C': 2}","[1.0, 0.79, 1.0]",3.95
51,"[1, 3, 4]","[3, 2, 3]","[0.58, 0.58, 0.75]","[['C', 'D', 'A', 'B'], ['B', 'A', 'D', 'C'], ['B', 'D', 'C', 'A']]","{'B': 3, 'D': 3, 'A': 2, 'C': 2}","[1.0, 0.79, 1.0]",3.95
51,"[1, 3, 4]","[3, 2, 3]","[0.58, 0.58, 0.75]","[['C', 'D', 'A', 'B'], ['B', 'A', 'D', 'C'], ['D', 'B', 'A', 'C']]","{'B': 3, 'D': 3, 'A': 2, 'C': 2}","[1.0, 0.79, 1.0]",3.95
51,"[1, 3, 4]","[3, 2, 3]","[0.58, 0.58, 0.75]","[['C', 'D', 'A', 'B'], ['B', 'A', 'D', 'C'], ['D', 'B', 'C', 'A']]","{'B': 3, 'D': 3, 'A': 2, 'C': 2}","[1.0, 0.79, 1.0]",3.95
51,"[1, 3, 4]","[3, 2, 3]","[0.58, 0.58, 0.75]","[['C', 'D', 'A', 'B'], ['B', 'D', 'A', 'C'], ['A', 'B', 'C', 'D']]","{'B': 3, 'D': 3, 'A': 2, 'C': 2}","[1.0, 0.79, 1.0]",3.95
51,"[1, 3, 4]","[3, 2, 3]","[0.58, 0.58, 0.75]","[['C', 'D', 'A', 'B'], ['B', 'D', 'A', 'C'], ['A', 'B', 'D', 'C']]","{'B': 3, 'D': 3, 'A': 2, 'C': 2}","[1.0, 0.79, 1.0]",3.95
51,"[1, 3, 4]","[3, 2, 3]","[0.58, 0.58, 0.75]","[['C', 'D', 'A', 'B'], ['B', 'D', 'A', 'C'], ['B', 'A', 'C', 'D']]","{'B': 3, 'D': 3, 'A': 2, 'C': 2}","[1.0, 0.79, 1.0]",3.95
51,"[1, 3, 4]","[3, 2, 3]","[0.58, 0.58, 0.75]","[['C', 'D', 'A', 'B'], ['B', 'D', 'A', 'C'], ['B', 'A', 'D', 'C']]","{'B': 3, 'D': 3, 'A': 2, 'C': 2}","[1.0, 0.79, 1.0]",3.95
51,"[1, 3, 4]","[3, 2, 3]","[0.58, 0.58, 0.75]","[['C', 'D', 'A', 'B'], ['B', 'D', 'C', 'A'], ['A', 'B', 'C', 'D']]","{'B': 3, 'D': 3, 'A': 2, 'C': 2}","[1.0, 0.79, 1.0]",3.95
51,"[1, 3, 4]","[3, 2, 3]","[0.58, 0.58, 0.75]","[['C', 'D', 'A', 'B'], ['B', 'D', 'C', 'A'], ['A', 'B', 'D', 'C']]","{'B': 3, 'D': 3, 'A': 2, 'C': 2}","[1.0, 0.79, 1.0]",3.95
51,"[1, 3, 4]","[3, 2, 3]","[0.58, 0.58, 0.75]","[['C', 'D', 'A', 'B'], ['B', 'D', 'C', 'A'], ['B', 'A', 'C', 'D']]","{'B': 3, 'D': 3, 'A': 2, 'C': 2}","[1.0, 0.79, 1.0]",3.95
51,"[1, 3, 4]","[3, 2, 3]","[0.58, 0.58, 0.75]","[['C', 'D', 'A', 'B'], ['B', 'D', 'C', 'A'], ['B', 'A', 'D', 'C']]","{'B': 3, 'D': 3, 'A': 2, 'C': 2}","[1.0, 0.79, 1.0]",3.95
51,"[1, 3, 4]","[3, 2, 3]","[0.58, 0.58, 0.75]","[['C', 'D', 'A', 'B'], ['D', 'B', 'A', 'C'], ['A', 'B', 'C', 'D']]","{'B': 3, 'D': 3, 'A': 2, 'C': 2}","[1.0, 0.79, 1.0]",3.95
51,"[1, 3, 4]","[3, 2, 3]","[0.58, 0.58, 0.75]","[['C', 'D', 'A', 'B'], ['D', 'B', 'A', 'C'], ['A', 'B', 'D', 'C']]","{'B': 3, 'D': 3, 'A': 2, 'C': 2}","[1.0, 0.79, 1.0]",3.95
51,"[1, 3, 4]","[3, 2, 3]","[0.58, 0.58, 0.75]","[['C', 'D', 'A', 'B'], ['D', 'B', 'A', 'C'], ['B', 'A', 'C', 'D']]","{'B': 3, 'D': 3, 'A': 2, 'C': 2}","[1.0, 0.79, 1.0]",3.95
51,"[1, 3, 4]","[3, 2, 3]","[0.58, 0.58, 0.75]","[['C', 'D', 'A', 'B'], ['D', 'B', 'A', 'C'], ['B', 'A', 'D', 'C']]","{'B': 3, 'D': 3, 'A': 2, 'C': 2}","[1.0, 0.79, 1.0]",3.95
51,"[1, 3, 4]","[3, 2, 3]","[0.58, 0.58, 0.75]","[['C', 'D', 'A', 'B'], ['D', 'B', 'C', 'A'], ['A', 'B', 'C', 'D']]","{'B': 3, 'D': 3, 'A': 2, 'C': 2}","[1.0, 0.79, 1.0]",3.95
51,"[1, 3, 4]","[3, 2, 3]","[0.58, 0.58, 0.75]","[['C', 'D', 'A', 'B'], ['D', 'B', 'C', 'A'], ['A', 'B', 'D', 'C']]","{'B': 3, 'D': 3, 'A': 2, 'C': 2}","[1.0, 0.79, 1.0]",3.95
51,"[1, 3, 4]","[3, 2, 3]","[0.58, 0.58, 0.75]","[['C', 'D', 'A', 'B'], ['D', 'B', 'C', 'A'], ['B', 'A', 'C', 'D']]","{'B': 3, 'D': 3, 'A': 2, 'C': 2}","[1.0, 0.79, 1.0]",3.95
51,"[1, 3, 4]","[3, 2, 3]","[0.58, 0.58, 0.75]","[['C', 'D', 'A', 'B'], ['D', 'B', 'C', 'A'], ['B', 'A', 'D', 'C']]","{'B': 3, 'D': 3, 'A': 2, 'C': 2}","[1.0, 0.79, 1.0]",3.95
51,"[1, 3, 4]","[3, 2, 3]","[0.58, 0.58, 0.75]","[['C', 'D', 'B', 'A'], ['A', 'B', 'C', 'D'], ['B', 'D', 'A', 'C']]","{'B': 3, 'D': 3, 'A': 2, 'C': 2}","[1.0, 0.79, 1.0]",3.95
51,"[1, 3, 4]","[3, 2, 3]","[0.58, 0.58, 0.75]","[['C', 'D', 'B', 'A'], ['A', 'B', 'C', 'D'], ['B', 'D', 'C', 'A']]","{'B': 3, 'D': 3, 'A': 2, 'C': 2}","[1.0, 0.79, 1.0]",3.95
51,"[1, 3, 4]","[3, 2, 3]","[0.58, 0.58, 0.75]","[['C', 'D', 'B', 'A'], ['A', 'B', 'C', 'D'], ['D', 'B', 'A', 'C']]","{'B': 3, 'D': 3, 'A': 2, 'C': 2}","[1.0, 0.79, 1.0]",3.95
51,"[1, 3, 4]","[3, 2, 3]","[0.58, 0.58, 0.75]","[['C', 'D', 'B', 'A'], ['A', 'B', 'C', 'D'], ['D', 'B', 'C', 'A']]","{'B': 3, 'D': 3, 'A': 2, 'C': 2}","[1.0, 0.79, 1.0]",3.95
51,"[1, 3, 4]","[3, 2, 3]","[0.58, 0.58, 0.75]","[['C', 'D', 'B', 'A'], ['A', 'B', 'D', 'C'], ['B', 'D', 'A', 'C']]","{'B': 3, 'D': 3, 'A': 2, 'C': 2}","[1.0, 0.79, 1.0]",3.95
51,"[1, 3, 4]","[3, 2, 3]","[0.58, 0.58, 0.75]","[['C', 'D', 'B', 'A'], ['A', 'B', 'D', 'C'], ['B', 'D', 'C', 'A']]","{'B': 3, 'D': 3, 'A': 2, 'C': 2}","[1.0, 0.79, 1.0]",3.95
51,"[1, 3, 4]","[3, 2, 3]","[0.58, 0.58, 0.75]","[['C', 'D', 'B', 'A'], ['A', 'B', 'D', 'C'], ['D', 'B', 'A', 'C']]","{'B': 3, 'D': 3, 'A': 2, 'C': 2}","[1.0, 0.79, 1.0]",3.95
51,"[1, 3, 4]","[3, 2, 3]","[0.58, 0.58, 0.75]","[['C', 'D', 'B', 'A'], ['A', 'B', 'D', 'C'], ['D', 'B', 'C', 'A']]","{'B': 3, 'D': 3, 'A': 2, 'C': 2}","[1.0, 0.79, 1.0]",3.95
51,"[1, 3, 4]","[3, 2, 3]","[0.58, 0.58, 0.75]","[['C', 'D', 'B', 'A'], ['B', 'A', 'C', 'D'], ['B', 'D', 'A', 'C']]","{'B': 3, 'D': 3, 'A': 2, 'C': 2}","[1.0, 0.79, 1.0]",3.95
51,"[1, 3, 4]","[3, 2, 3]","[0.58, 0.58, 0.75]","[['C', 'D', 'B', 'A'], ['B', 'A', 'C', 'D'], ['B', 'D', 'C', 'A']]","{'B': 3, 'D': 3, 'A': 2, 'C': 2}","[1.0, 0.79, 1.0]",3.95
51,"[1, 3, 4]","[3, 2, 3]","[0.58, 0.58, 0.75]","[['C', 'D', 'B', 'A'], ['B', 'A', 'C', 'D'], ['D', 'B', 'A', 'C']]","{'B': 3, 'D': 3, 'A': 2, 'C': 2}","[1.0, 0.79, 1.0]",3.95
51,"[1, 3, 4]","[3, 2, 3]","[0.58, 0.58, 0.75]","[['C', 'D', 'B', 'A'], ['B', 'A', 'C', 'D'], ['D', 'B', 'C', 'A']]","{'B': 3, 'D': 3, 'A': 2, 'C': 2}","[1.0, 0.79, 1.0]",3.95
51,"[1, 3, 4]","[3, 2, 3]","[0.58, 0.58, 0.75]","[['C', 'D', 'B', 'A'], ['B', 'A', 'D', 'C'], ['B', 'D', 'A', 'C']]","{'B': 3, 'D': 3, 'A': 2, 'C': 2}","[1.0, 0.79, 1.0]",3.95
51,"[1, 3, 4]","[3, 2, 3]","[0.58, 0.58, 0.75]","[['C', 'D', 'B', 'A'], ['B', 'A', 'D', 'C'], ['B', 'D', 'C', 'A']]","{'B': 3, 'D': 3, 'A': 2, 'C': 2}","[1.0, 0.79, 1.0]",3.95
51,"[1, 3, 4]","[3, 2, 3]","[0.58, 0.58, 0.75]","[['C', 'D', 'B', 'A'], ['B', 'A', 'D', 'C'], ['D', 'B', 'A', 'C']]","{'B': 3, 'D': 3, 'A': 2, 'C': 2}","[1.0, 0.79, 1.0]",3.95
51,"[1, 3, 4]","[3, 2, 3]","[0.58, 0.58, 0.75]","[['C', 'D', 'B', 'A'], ['B', 'A', 'D', 'C'], ['D', 'B', 'C', 'A']]","{'B': 3, 'D': 3, 'A': 2, 'C': 2}","[1.0, 0.79, 1.0]",3.95
51,"[1, 3, 4]","[3, 2, 3]","[0.58, 0.58, 0.75]","[['C', 'D', 'B', 'A'], ['B', 'D', 'A', 'C'], ['A', 'B', 'C', 'D']]","{'B': 3, 'D': 3, 'A': 2, 'C': 2}","[1.0, 0.79, 1.0]",3.95
51,"[1, 3, 4]","[3, 2, 3]","[0.58, 0.58, 0.75]","[['C', 'D', 'B', 'A'], ['B', 'D', 'A', 'C'], ['A', 'B', 'D', 'C']]","{'B': 3, 'D': 3, 'A': 2, 'C': 2}","[1.0, 0.79, 1.0]",3.95
51,"[1, 3, 4]","[3, 2, 3]","[0.58, 0.58, 0.75]","[['C', 'D', 'B', 'A'], ['B', 'D', 'A', 'C'], ['B', 'A', 'C', 'D']]","{'B': 3, 'D': 3, 'A': 2, 'C': 2}","[1.0, 0.79, 1.0]",3.95
51,"[1, 3, 4]","[3, 2, 3]","[0.58, 0.58, 0.75]","[['C', 'D', 'B', 'A'], ['B', 'D', 'A', 'C'], ['B', 'A', 'D', 'C']]","{'B': 3, 'D': 3, 'A': 2, 'C': 2}","[1.0, 0.79, 1.0]",3.95
51,"[1, 3, 4]","[3, 2, 3]","[0.58, 0.58, 0.75]","[['C', 'D', 'B', 'A'], ['B', 'D', 'C', 'A'], ['A', 'B', 'C', 'D']]","{'B': 3, 'D': 3, 'A': 2, 'C': 2}","[1.0, 0.79, 1.0]",3.95
51,"[1, 3, 4]","[3, 2, 3]","[0.58, 0.58, 0.75]","[['C', 'D', 'B', 'A'], ['B', 'D', 'C', 'A'], ['A', 'B', 'D', 'C']]","{'B': 3, 'D': 3, 'A': 2, 'C': 2}","[1.0, 0.79, 1.0]",3.95
51,"[1, 3, 4]","[3, 2, 3]","[0.58, 0.58, 0.75]","[['C', 'D', 'B', 'A'], ['B', 'D', 'C', 'A'], ['B', 'A', 'C', 'D']]","{'B': 3, 'D': 3, 'A': 2, 'C': 2}","[1.0, 0.79, 1.0]",3.95
51,"[1, 3, 4]","[3, 2, 3]","[0.58, 0.58, 0.75]","[['C', 'D', 'B', 'A'], ['B', 'D', 'C', 'A'], ['B', 'A', 'D', 'C']]","{'B': 3, 'D': 3, 'A': 2, 'C': 2}","[1.0, 0.79, 1.0]",3.95
51,"[1, 3, 4]","[3, 2, 3]","[0.58, 0.58, 0.75]","[['C', 'D', 'B', 'A'], ['D', 'B', 'A', 'C'], ['A', 'B', 'C', 'D']]","{'B': 3, 'D': 3, 'A': 2, 'C': 2}","[1.0, 0.79, 1.0]",3.95
51,"[1, 3, 4]","[3, 2, 3]","[0.58, 0.58, 0.75]","[['C', 'D', 'B', 'A'], ['D', 'B', 'A', 'C'], ['A', 'B', 'D', 'C']]","{'B': 3, 'D': 3, 'A': 2, 'C': 2}","[1.0, 0.79, 1.0]",3.95
51,"[1, 3, 4]","[3, 2, 3]","[0.58, 0.58, 0.75]","[['C', 'D', 'B', 'A'], ['D', 'B', 'A', 'C'], ['B', 'A', 'C', 'D']]","{'B': 3, 'D': 3, 'A': 2, 'C': 2}","[1.0, 0.79, 1.0]",3.95
51,"[1, 3, 4]","[3, 2, 3]","[0.58, 0.58, 0.75]","[['C', 'D', 'B', 'A'], ['D', 'B', 'A', 'C'], ['B', 'A', 'D', 'C']]","{'B': 3, 'D': 3, 'A': 2, 'C': 2}","[1.0, 0.79, 1.0]",3.95
51,"[1, 3, 4]","[3, 2, 3]","[0.58, 0.58, 0.75]","[['C', 'D', 'B', 'A'], ['D', 'B', 'C', 'A'], ['A', 'B', 'C', 'D']]","{'B': 3, 'D': 3, 'A': 2, 'C': 2}","[1.0, 0.79, 1.0]",3.95
51,"[1, 3, 4]","[3, 2, 3]","[0.58, 0.58, 0.75]","[['C', 'D', 'B', 'A'], ['D', 'B', 'C', 'A'], ['A', 'B', 'D', 'C']]","{'B': 3, 'D': 3, 'A': 2, 'C': 2}","[1.0, 0.79, 1.0]",3.95
51,"[1, 3, 4]","[3, 2, 3]","[0.58, 0.58, 0.75]","[['C', 'D', 'B', 'A'], ['D', 'B', 'C', 'A'], ['B', 'A', 'C', 'D']]","{'B': 3, 'D': 3, 'A': 2, 'C': 2}","[1.0, 0.79, 1.0]",3.95
51,"[1, 3, 4]","[3, 2, 3]","[0.58, 0.58, 0.75]","[['C', 'D', 'B', 'A'], ['D', 'B', 'C', 'A'], ['B', 'A', 'D', 'C']]","{'B': 3, 'D': 3, 'A': 2, 'C': 2}","[1.0, 0.79, 1.0]",3.95
51,"[1, 3, 4]","[3, 2, 3]","[0.58, 0.58, 0.75]","[['D', 'A', 'B', 'C'], ['B', 'C', 'A', 'D'], ['B', 'D', 'A', 'C']]","{'B': 3, 'D': 3, 'A': 2, 'C': 2}","[1.0, 0.79, 1.0]",3.95
51,"[1, 3, 4]","[3, 2, 3]","[0.58, 0.58, 0.75]","[['D', 'A', 'B', 'C'], ['B', 'C', 'A', 'D'], ['B', 'D', 'C', 'A']]","{'B': 3, 'D': 3, 'A': 2, 'C': 2}","[1.0, 0.79, 1.0]",3.95
51,"[1, 3, 4]","[3, 2, 3]","[0.58, 0.58, 0.75]","[['D', 'A', 'B', 'C'], ['B', 'C', 'A', 'D'], ['D', 'B', 'A', 'C']]","{'B': 3, 'D': 3, 'A': 2, 'C': 2}","[1.0, 0.79, 1.0]",3.95
51,"[1, 3, 4]","[3, 2, 3]","[0.58, 0.58, 0.75]","[['D', 'A', 'B', 'C'], ['B', 'C', 'A', 'D'], ['D', 'B', 'C', 'A']]","{'B': 3, 'D': 3, 'A': 2, 'C': 2}","[1.0, 0.79, 1.0]",3.95
51,"[1, 3, 4]","[3, 2, 3]","[0.58, 0.58, 0.75]","[['D', 'A', 'B', 'C'], ['B', 'C', 'D', 'A'], ['B', 'D', 'A', 'C']]","{'B': 3, 'D': 3, 'A': 2, 'C': 2}","[1.0, 0.79, 1.0]",3.95
51,"[1, 3, 4]","[3, 2, 3]","[0.58, 0.58, 0.75]","[['D', 'A', 'B', 'C'], ['B', 'C', 'D', 'A'], ['B', 'D', 'C', 'A']]","{'B': 3, 'D': 3, 'A': 2, 'C': 2}","[1.0, 0.79, 1.0]",3.95
51,"[1, 3, 4]","[3, 2, 3]","[0.58, 0.58, 0.75]","[['D', 'A', 'B', 'C'], ['B', 'C', 'D', 'A'], ['D', 'B', 'A', 'C']]","{'B': 3, 'D': 3, 'A': 2, 'C': 2}","[1.0, 0.79, 1.0]",3.95
51,"[1, 3, 4]","[3, 2, 3]","[0.58, 0.58, 0.75]","[['D', 'A', 'B', 'C'], ['B', 'C', 'D', 'A'], ['D', 'B', 'C', 'A']]","{'B': 3, 'D': 3, 'A': 2, 'C': 2}","[1.0, 0.79, 1.0]",3.95
51,"[1, 3, 4]","[3, 2, 3]","[0.58, 0.58, 0.75]","[['D', 'A', 'B', 'C'], ['B', 'D', 'A', 'C'], ['B', 'C', 'A', 'D']]","{'B': 3, 'D': 3, 'A': 2, 'C': 2}","[1.0, 0.79, 1.0]",3.95
51,"[1, 3, 4]","[3, 2, 3]","[0.58, 0.58, 0.75]","[['D', 'A', 'B', 'C'], ['B', 'D', 'A', 'C'], ['B', 'C', 'D', 'A']]","{'B': 3, 'D': 3, 'A': 2, 'C': 2}","[1.0, 0.79, 1.0]",3.95
51,"[1, 3, 4]","[3, 2, 3]","[0.58, 0.58, 0.75]","[['D', 'A', 'B', 'C'], ['B', 'D', 'A', 'C'], ['B', 'D', 'A', 'C']]","{'D': 4, 'B': 3, 'A': 2, 'C': 1}","[0.67, 1.0, 0.79]",3.58
51,"[1, 3, 4]","[3, 2, 3]","[0.58, 0.58, 0.75]","[['D', 'A', 'B', 'C'], ['B', 'D', 'A', 'C'], ['B', 'D', 'C', 'A']]","{'D': 4, 'B': 3, 'A': 2, 'C': 1}","[0.67, 1.0, 0.79]",3.58
51,"[1, 3, 4]","[3, 2, 3]","[0.58, 0.58, 0.75]","[['D', 'A', 'B', 'C'], ['B', 'D', 'A', 'C'], ['C', 'B', 'A', 'D']]","{'B': 3, 'D': 3, 'A': 2, 'C': 2}","[1.0, 0.79, 1.0]",3.95
51,"[1, 3, 4]","[3, 2, 3]","[0.58, 0.58, 0.75]","[['D', 'A', 'B', 'C'], ['B', 'D', 'A', 'C'], ['C', 'B', 'D', 'A']]","{'B': 3, 'D': 3, 'A': 2, 'C': 2}","[1.0, 0.79, 1.0]",3.95
51,"[1, 3, 4]","[3, 2, 3]","[0.58, 0.58, 0.75]","[['D', 'A', 'B', 'C'], ['B', 'D', 'A', 'C'], ['D', 'B', 'A', 'C']]","{'D': 4, 'B': 3, 'A': 2, 'C': 1}","[0.67, 1.0, 0.79]",3.58
51,"[1, 3, 4]","[3, 2, 3]","[0.58, 0.58, 0.75]","[['D', 'A', 'B', 'C'], ['B', 'D', 'A', 'C'], ['D', 'B', 'C', 'A']]","{'D': 4, 'B': 3, 'A': 2, 'C': 1}","[0.67, 1.0, 0.79]",3.58
51,"[1, 3, 4]","[3, 2, 3]","[0.58, 0.58, 0.75]","[['D', 'A', 'B', 'C'], ['B', 'D', 'C', 'A'], ['B', 'C', 'A', 'D']]","{'B': 3, 'D': 3, 'A': 2, 'C': 2}","[1.0, 0.79, 1.0]",3.95
51,"[1, 3, 4]","[3, 2, 3]","[0.58, 0.58, 0.75]","[['D', 'A', 'B', 'C'], ['B', 'D', 'C', 'A'], ['B', 'C', 'D', 'A']]","{'B': 3, 'D': 3, 'A': 2, 'C': 2}","[1.0, 0.79, 1.0]",3.95
51,"[1, 3, 4]","[3, 2, 3]","[0.58, 0.58, 0.75]","[['D', 'A', 'B', 'C'], ['B', 'D', 'C', 'A'], ['B', 'D', 'A', 'C']]","{'D': 4, 'B': 3, 'A': 2, 'C': 1}","[0.67, 1.0, 0.79]",3.58
51,"[1, 3, 4]","[3, 2, 3]","[0.58, 0.58, 0.75]","[['D', 'A', 'B', 'C'], ['B', 'D', 'C', 'A'], ['B', 'D', 'C', 'A']]","{'D': 4, 'B': 3, 'A': 2, 'C': 1}","[0.67, 1.0, 0.79]",3.58
51,"[1, 3, 4]","[3, 2, 3]","[0.58, 0.58, 0.75]","[['D', 'A', 'B', 'C'], ['B', 'D', 'C', 'A'], ['C', 'B', 'A', 'D']]","{'B': 3, 'D': 3, 'A': 2, 'C': 2}","[1.0, 0.79, 1.0]",3.95
51,"[1, 3, 4]","[3, 2, 3]","[0.58, 0.58, 0.75]","[['D', 'A', 'B', 'C'], ['B', 'D', 'C', 'A'], ['C', 'B', 'D', 'A']]","{'B': 3, 'D': 3, 'A': 2, 'C': 2}","[1.0, 0.79, 1.0]",3.95
51,"[1, 3, 4]","[3, 2, 3]","[0.58, 0.58, 0.75]","[['D', 'A', 'B', 'C'], ['B', 'D', 'C', 'A'], ['D', 'B', 'A', 'C']]","{'D': 4, 'B': 3, 'A': 2, 'C': 1}","[0.67, 1.0, 0.79]",3.58
51,"[1, 3, 4]","[3, 2, 3]","[0.58, 0.58, 0.75]","[['D', 'A', 'B', 'C'], ['B', 'D', 'C', 'A'], ['D', 'B', 'C', 'A']]","{'D': 4, 'B': 3, 'A': 2, 'C': 1}","[0.67, 1.0, 0.79]",3.58
51,"[1, 3, 4]","[3, 2, 3]","[0.58, 0.58, 0.75]","[['D', 'A', 'B', 'C'], ['C', 'B', 'A', 'D'], ['B', 'D', 'A', 'C']]","{'B': 3, 'D': 3, 'A': 2, 'C': 2}","[1.0, 0.79, 1.0]",3.95
51,"[1, 3, 4]","[3, 2, 3]","[0.58, 0.58, 0.75]","[['D', 'A', 'B', 'C'], ['C', 'B', 'A', 'D'], ['B', 'D', 'C', 'A']]","{'B': 3, 'D': 3, 'A': 2, 'C': 2}","[1.0, 0.79, 1.0]",3.95
51,"[1, 3, 4]","[3, 2, 3]","[0.58, 0.58, 0.75]","[['D', 'A', 'B', 'C'], ['C', 'B', 'A', 'D'], ['D', 'B', 'A', 'C']]","{'B': 3, 'D': 3, 'A': 2, 'C': 2}","[1.0, 0.79, 1.0]",3.95
51,"[1, 3, 4]","[3, 2, 3]","[0.58, 0.58, 0.75]","[['D', 'A', 'B', 'C'], ['C', 'B', 'A', 'D'], ['D', 'B', 'C', 'A']]","{'B': 3, 'D': 3, 'A': 2, 'C': 2}","[1.0, 0.79, 1.0]",3.95
51,"[1, 3, 4]","[3, 2, 3]","[0.58, 0.58, 0.75]","[['D', 'A', 'B', 'C'], ['C', 'B', 'D', 'A'], ['B', 'D', 'A', 'C']]","{'B': 3, 'D': 3, 'A': 2, 'C': 2}","[1.0, 0.79, 1.0]",3.95
51,"[1, 3, 4]","[3, 2, 3]","[0.58, 0.58, 0.75]","[['D', 'A', 'B', 'C'], ['C', 'B', 'D', 'A'], ['B', 'D', 'C', 'A']]","{'B': 3, 'D': 3, 'A': 2, 'C': 2}","[1.0, 0.79, 1.0]",3.95
51,"[1, 3, 4]","[3, 2, 3]","[0.58, 0.58, 0.75]","[['D', 'A', 'B', 'C'], ['C', 'B', 'D', 'A'], ['D', 'B', 'A', 'C']]","{'B': 3, 'D': 3, 'A': 2, 'C': 2}","[1.0, 0.79, 1.0]",3.95
51,"[1, 3, 4]","[3, 2, 3]","[0.58, 0.58, 0.75]","[['D', 'A', 'B', 'C'], ['C', 'B', 'D', 'A'], ['D', 'B', 'C', 'A']]","{'B': 3, 'D': 3, 'A': 2, 'C': 2}","[1.0, 0.79, 1.0]",3.95
51,"[1, 3, 4]","[3, 2, 3]","[0.58, 0.58, 0.75]","[['D', 'A', 'B', 'C'], ['D', 'B', 'A', 'C'], ['B', 'C', 'A', 'D']]","{'B': 3, 'D': 3, 'A': 2, 'C': 2}","[1.0, 0.79, 1.0]",3.95
51,"[1, 3, 4]","[3, 2, 3]","[0.58, 0.58, 0.75]","[['D', 'A', 'B', 'C'], ['D', 'B', 'A', 'C'], ['B', 'C', 'D', 'A']]","{'B': 3, 'D': 3, 'A': 2, 'C': 2}","[1.0, 0.79, 1.0]",3.95
51,"[1, 3, 4]","[3, 2, 3]","[0.58, 0.58, 0.75]","[['D', 'A', 'B', 'C'], ['D', 'B', 'A', 'C'], ['B', 'D', 'A', 'C']]","{'D': 4, 'B': 3, 'A': 2, 'C': 1}","[0.67, 1.0, 0.79]",3.58
51,"[1, 3, 4]","[3, 2, 3]","[0.58, 0.58, 0.75]","[['D', 'A', 'B', 'C'], ['D', 'B', 'A', 'C'], ['B', 'D', 'C', 'A']]","{'D': 4, 'B': 3, 'A': 2, 'C': 1}","[0.67, 1.0, 0.79]",3.58
51,"[1, 3, 4]","[3, 2, 3]","[0.58, 0.58, 0.75]","[['D', 'A', 'B', 'C'], ['D', 'B', 'A', 'C'], ['C', 'B', 'A', 'D']]","{'B': 3, 'D': 3, 'A': 2, 'C': 2}","[1.0, 0.79, 1.0]",3.95
51,"[1, 3, 4]","[3, 2, 3]","[0.58, 0.58, 0.75]","[['D', 'A', 'B', 'C'], ['D', 'B', 'A', 'C'], ['C', 'B', 'D', 'A']]","{'B': 3, 'D': 3, 'A': 2, 'C': 2}","[1.0, 0.79, 1.0]",3.95
51,"[1, 3, 4]","[3, 2, 3]","[0.58, 0.58, 0.75]","[['D', 'A', 'B', 'C'], ['D', 'B', 'A', 'C'], ['D', 'B', 'A', 'C']]","{'D': 4, 'B': 3, 'A': 2, 'C': 1}","[0.67, 1.0, 0.79]",3.58
51,"[1, 3, 4]","[3, 2, 3]","[0.58, 0.58, 0.75]","[['D', 'A', 'B', 'C'], ['D', 'B', 'A', 'C'], ['D', 'B', 'C', 'A']]","{'D': 4, 'B': 3, 'A': 2, 'C': 1}","[0.67, 1.0, 0.79]",3.58
51,"[1, 3, 4]","[3, 2, 3]","[0.58, 0.58, 0.75]","[['D', 'A', 'B', 'C'], ['D', 'B', 'C', 'A'], ['B', 'C', 'A', 'D']]","{'B': 3, 'D': 3, 'A': 2, 'C': 2}","[1.0, 0.79, 1.0]",3.95
51,"[1, 3, 4]","[3, 2, 3]","[0.58, 0.58, 0.75]","[['D', 'A', 'B', 'C'], ['D', 'B', 'C', 'A'], ['B', 'C', 'D', 'A']]","{'B': 3, 'D': 3, 'A': 2, 'C': 2}","[1.0, 0.79, 1.0]",3.95
51,"[1, 3, 4]","[3, 2, 3]","[0.58, 0.58, 0.75]","[['D', 'A', 'B', 'C'], ['D', 'B', 'C', 'A'], ['B', 'D', 'A', 'C']]","{'D': 4, 'B': 3, 'A': 2, 'C': 1}","[0.67, 1.0, 0.79]",3.58
51,"[1, 3, 4]","[3, 2, 3]","[0.58, 0.58, 0.75]","[['D', 'A', 'B', 'C'], ['D', 'B', 'C', 'A'], ['B', 'D', 'C', 'A']]","{'D': 4, 'B': 3, 'A': 2, 'C': 1}","[0.67, 1.0, 0.79]",3.58
51,"[1, 3, 4]","[3, 2, 3]","[0.58, 0.58, 0.75]","[['D', 'A', 'B', 'C'], ['D', 'B', 'C', 'A'], ['C', 'B', 'A', 'D']]","{'B': 3, 'D': 3, 'A': 2, 'C': 2}","[1.0, 0.79, 1.0]",3.95
51,"[1, 3, 4]","[3, 2, 3]","[0.58, 0.58, 0.75]","[['D', 'A', 'B', 'C'], ['D', 'B', 'C', 'A'], ['C', 'B', 'D', 'A']]","{'B': 3, 'D': 3, 'A': 2, 'C': 2}","[1.0, 0.79, 1.0]",3.95
51,"[1, 3, 4]","[3, 2, 3]","[0.58, 0.58, 0.75]","[['D', 'A', 'B', 'C'], ['D', 'B', 'C', 'A'], ['D', 'B', 'A', 'C']]","{'D': 4, 'B': 3, 'A': 2, 'C': 1}","[0.67, 1.0, 0.79]",3.58
51,"[1, 3, 4]","[3, 2, 3]","[0.58, 0.58, 0.75]","[['D', 'A', 'B', 'C'], ['D', 'B', 'C', 'A'], ['D', 'B', 'C', 'A']]","{'D': 4, 'B': 3, 'A': 2, 'C': 1}","[0.67, 1.0, 0.79]",3.58
51,"[1, 3, 4]","[3, 2, 3]","[0.58, 0.58, 0.75]","[['D', 'A', 'C', 'B'], ['B', 'C', 'A', 'D'], ['B', 'D', 'A', 'C']]","{'B': 3, 'D': 3, 'A': 2, 'C': 2}","[1.0, 0.79, 1.0]",3.95
51,"[1, 3, 4]","[3, 2, 3]","[0.58, 0.58, 0.75]","[['D', 'A', 'C', 'B'], ['B', 'C', 'A', 'D'], ['B', 'D', 'C', 'A']]","{'B': 3, 'D': 3, 'A': 2, 'C': 2}","[1.0, 0.79, 1.0]",3.95
51,"[1, 3, 4]","[3, 2, 3]","[0.58, 0.58, 0.75]","[['D', 'A', 'C', 'B'], ['B', 'C', 'A', 'D'], ['D', 'B', 'A', 'C']]","{'B': 3, 'D': 3, 'A': 2, 'C': 2}","[1.0, 0.79, 1.0]",3.95
51,"[1, 3, 4]","[3, 2, 3]","[0.58, 0.58, 0.75]","[['D', 'A', 'C', 'B'], ['B', 'C', 'A', 'D'], ['D', 'B', 'C', 'A']]","{'B': 3, 'D': 3, 'A': 2, 'C': 2}","[1.0, 0.79, 1.0]",3.95
51,"[1, 3, 4]","[3, 2, 3]","[0.58, 0.58, 0.75]","[['D', 'A', 'C', 'B'], ['B', 'C', 'D', 'A'], ['B', 'D', 'A', 'C']]","{'B': 3, 'D': 3, 'A': 2, 'C': 2}","[1.0, 0.79, 1.0]",3.95
51,"[1, 3, 4]","[3, 2, 3]","[0.58, 0.58, 0.75]","[['D', 'A', 'C', 'B'], ['B', 'C', 'D', 'A'], ['B', 'D', 'C', 'A']]","{'B': 3, 'D': 3, 'A': 2, 'C': 2}","[1.0, 0.79, 1.0]",3.95
51,"[1, 3, 4]","[3, 2, 3]","[0.58, 0.58, 0.75]","[['D', 'A', 'C', 'B'], ['B', 'C', 'D', 'A'], ['D', 'B', 'A', 'C']]","{'B': 3, 'D': 3, 'A': 2, 'C': 2}","[1.0, 0.79, 1.0]",3.95
51,"[1, 3, 4]","[3, 2, 3]","[0.58, 0.58, 0.75]","[['D', 'A', 'C', 'B'], ['B', 'C', 'D', 'A'], ['D', 'B', 'C', 'A']]","{'B': 3, 'D': 3, 'A': 2, 'C': 2}","[1.0, 0.79, 1.0]",3.95
51,"[1, 3, 4]","[3, 2, 3]","[0.58, 0.58, 0.75]","[['D', 'A', 'C', 'B'], ['B', 'D', 'A', 'C'], ['B', 'C', 'A', 'D']]","{'B': 3, 'D': 3, 'A': 2, 'C': 2}","[1.0, 0.79, 1.0]",3.95
51,"[1, 3, 4]","[3, 2, 3]","[0.58, 0.58, 0.75]","[['D', 'A', 'C', 'B'], ['B', 'D', 'A', 'C'], ['B', 'C', 'D', 'A']]","{'B': 3, 'D': 3, 'A': 2, 'C': 2}","[1.0, 0.79, 1.0]",3.95
51,"[1, 3, 4]","[3, 2, 3]","[0.58, 0.58, 0.75]","[['D', 'A', 'C', 'B'], ['B', 'D', 'A', 'C'], ['B', 'D', 'A', 'C']]","{'D': 4, 'B': 3, 'A': 2, 'C': 1}","[0.67, 1.0, 0.79]",3.58
51,"[1, 3, 4]","[3, 2, 3]","[0.58, 0.58, 0.75]","[['D', 'A', 'C', 'B'], ['B', 'D', 'A', 'C'], ['B', 'D', 'C', 'A']]","{'D': 4, 'B': 3, 'A': 2, 'C': 1}","[0.67, 1.0, 0.79]",3.58
51,"[1, 3, 4]","[3, 2, 3]","[0.58, 0.58, 0.75]","[['D', 'A', 'C', 'B'], ['B', 'D', 'A', 'C'], ['C', 'B', 'A', 'D']]","{'B': 3, 'D': 3, 'A': 2, 'C': 2}","[1.0, 0.79, 1.0]",3.95
51,"[1, 3, 4]","[3, 2, 3]","[0.58, 0.58, 0.75]","[['D', 'A', 'C', 'B'], ['B', 'D', 'A', 'C'], ['C', 'B', 'D', 'A']]","{'B': 3, 'D': 3, 'A': 2, 'C': 2}","[1.0, 0.79, 1.0]",3.95
51,"[1, 3, 4]","[3, 2, 3]","[0.58, 0.58, 0.75]","[['D', 'A', 'C', 'B'], ['B', 'D', 'A', 'C'], ['D', 'B', 'A', 'C']]","{'D': 4, 'B': 3, 'A': 2, 'C': 1}","[0.67, 1.0, 0.79]",3.58
51,"[1, 3, 4]","[3, 2, 3]","[0.58, 0.58, 0.75]","[['D', 'A', 'C', 'B'], ['B', 'D', 'A', 'C'], ['D', 'B', 'C', 'A']]","{'D': 4, 'B': 3, 'A': 2, 'C': 1}","[0.67, 1.0, 0.79]",3.58
51,"[1, 3, 4]","[3, 2, 3]","[0.58, 0.58, 0.75]","[['D', 'A', 'C', 'B'], ['B', 'D', 'C', 'A'], ['B', 'C', 'A', 'D']]","{'B': 3, 'D': 3, 'A': 2, 'C': 2}","[1.0, 0.79, 1.0]",3.95
51,"[1, 3, 4]","[3, 2, 3]","[0.58, 0.58, 0.75]","[['D', 'A', 'C', 'B'], ['B', 'D', 'C', 'A'], ['B', 'C', 'D', 'A']]","{'B': 3, 'D': 3, 'A': 2, 'C': 2}","[1.0, 0.79, 1.0]",3.95
51,"[1, 3, 4]","[3, 2, 3]","[0.58, 0.58, 0.75]","[['D', 'A', 'C', 'B'], ['B', 'D', 'C', 'A'], ['B', 'D', 'A', 'C']]","{'D': 4, 'B': 3, 'A': 2, 'C': 1}","[0.67, 1.0, 0.79]",3.58
51,"[1, 3, 4]","[3, 2, 3]","[0.58, 0.58, 0.75]","[['D', 'A', 'C', 'B'], ['B', 'D', 'C', 'A'], ['B', 'D', 'C', 'A']]","{'D': 4, 'B': 3, 'A': 2, 'C': 1}","[0.67, 1.0, 0.79]",3.58
51,"[1, 3, 4]","[3, 2, 3]","[0.58, 0.58, 0.75]","[['D', 'A', 'C', 'B'], ['B', 'D', 'C', 'A'], ['C', 'B', 'A', 'D']]","{'B': 3, 'D': 3, 'A': 2, 'C': 2}","[1.0, 0.79, 1.0]",3.95
51,"[1, 3, 4]","[3, 2, 3]","[0.58, 0.58, 0.75]","[['D', 'A', 'C', 'B'], ['B', 'D', 'C', 'A'], ['C', 'B', 'D', 'A']]","{'B': 3, 'D': 3, 'A': 2, 'C': 2}","[1.0, 0.79, 1.0]",3.95
51,"[1, 3, 4]","[3, 2, 3]","[0.58, 0.58, 0.75]","[['D', 'A', 'C', 'B'], ['B', 'D', 'C', 'A'], ['D', 'B', 'A', 'C']]","{'D': 4, 'B': 3, 'A': 2, 'C': 1}","[0.67, 1.0, 0.79]",3.58
51,"[1, 3, 4]","[3, 2, 3]","[0.58, 0.58, 0.75]","[['D', 'A', 'C', 'B'], ['B', 'D', 'C', 'A'], ['D', 'B', 'C', 'A']]","{'D': 4, 'B': 3, 'A': 2, 'C': 1}","[0.67, 1.0, 0.79]",3.58
51,"[1, 3, 4]","[3, 2, 3]","[0.58, 0.58, 0.75]","[['D', 'A', 'C', 'B'], ['C', 'B', 'A', 'D'], ['B', 'D', 'A', 'C']]","{'B': 3, 'D': 3, 'A': 2, 'C': 2}","[1.0, 0.79, 1.0]",3.95
51,"[1, 3, 4]","[3, 2, 3]","[0.58, 0.58, 0.75]","[['D', 'A', 'C', 'B'], ['C', 'B', 'A', 'D'], ['B', 'D', 'C', 'A']]","{'B': 3, 'D': 3, 'A': 2, 'C': 2}","[1.0, 0.79, 1.0]",3.95
51,"[1, 3, 4]","[3, 2, 3]","[0.58, 0.58, 0.75]","[['D', 'A', 'C', 'B'], ['C', 'B', 'A', 'D'], ['D', 'B', 'A', 'C']]","{'B': 3, 'D': 3, 'A': 2, 'C': 2}","[1.0, 0.79, 1.0]",3.95
51,"[1, 3, 4]","[3, 2, 3]","[0.58, 0.58, 0.75]","[['D', 'A', 'C', 'B'], ['C', 'B', 'A', 'D'], ['D', 'B', 'C', 'A']]","{'B': 3, 'D': 3, 'A': 2, 'C': 2}","[1.0, 0.79, 1.0]",3.95
51,"[1, 3, 4]","[3, 2, 3]","[0.58, 0.58, 0.75]","[['D', 'A', 'C', 'B'], ['C', 'B', 'D', 'A'], ['B', 'D', 'A', 'C']]","{'B': 3, 'D': 3, 'A': 2, 'C': 2}","[1.0, 0.79, 1.0]",3.95
51,"[1, 3, 4]","[3, 2, 3]","[0.58, 0.58, 0.75]","[['D', 'A', 'C', 'B'], ['C', 'B', 'D', 'A'], ['B', 'D', 'C', 'A']]","{'B': 3, 'D': 3, 'A': 2, 'C': 2}","[1.0, 0.79, 1.0]",3.95
51,"[1, 3, 4]","[3, 2, 3]","[0.58, 0.58, 0.75]","[['D', 'A', 'C', 'B'], ['C', 'B', 'D', 'A'], ['D', 'B', 'A', 'C']]","{'B': 3, 'D': 3, 'A': 2, 'C': 2}","[1.0, 0.79, 1.0]",3.95
51,"[1, 3, 4]","[3, 2, 3]","[0.58, 0.58, 0.75]","[['D', 'A', 'C', 'B'], ['C', 'B', 'D', 'A'], ['D', 'B', 'C', 'A']]","{'B': 3, 'D': 3, 'A': 2, 'C': 2}","[1.0, 0.79, 1.0]",3.95
51,"[1, 3, 4]","[3, 2, 3]","[0.58, 0.58, 0.75]","[['D', 'A', 'C', 'B'], ['D', 'B', 'A', 'C'], ['B', 'C', 'A', 'D']]","{'B': 3, 'D': 3, 'A': 2, 'C': 2}","[1.0, 0.79, 1.0]",3.95
51,"[1, 3, 4]","[3, 2, 3]","[0.58, 0.58, 0.75]","[['D', 'A', 'C', 'B'], ['D', 'B', 'A', 'C'], ['B', 'C', 'D', 'A']]","{'B': 3, 'D': 3, 'A': 2, 'C': 2}","[1.0, 0.79, 1.0]",3.95
51,"[1, 3, 4]","[3, 2, 3]","[0.58, 0.58, 0.75]","[['D', 'A', 'C', 'B'], ['D', 'B', 'A', 'C'], ['B', 'D', 'A', 'C']]","{'D': 4, 'B': 3, 'A': 2, 'C': 1}","[0.67, 1.0, 0.79]",3.58
51,"[1, 3, 4]","[3, 2, 3]","[0.58, 0.58, 0.75]","[['D', 'A', 'C', 'B'], ['D', 'B', 'A', 'C'], ['B', 'D', 'C', 'A']]","{'D': 4, 'B': 3, 'A': 2, 'C': 1}","[0.67, 1.0, 0.79]",3.58
51,"[1, 3, 4]","[3, 2, 3]","[0.58, 0.58, 0.75]","[['D', 'A', 'C', 'B'], ['D', 'B', 'A', 'C'], ['C', 'B', 'A', 'D']]","{'B': 3, 'D': 3, 'A': 2, 'C': 2}","[1.0, 0.79, 1.0]",3.95
51,"[1, 3, 4]","[3, 2, 3]","[0.58, 0.58, 0.75]","[['D', 'A', 'C', 'B'], ['D', 'B', 'A', 'C'], ['C', 'B', 'D', 'A']]","{'B': 3, 'D': 3, 'A': 2, 'C': 2}","[1.0, 0.79, 1.0]",3.95
51,"[1, 3, 4]","[3, 2, 3]","[0.58, 0.58, 0.75]","[['D', 'A', 'C', 'B'], ['D', 'B', 'A', 'C'], ['D', 'B', 'A', 'C']]","{'D': 4, 'B': 3, 'A': 2, 'C': 1}","[0.67, 1.0, 0.79]",3.58
51,"[1, 3, 4]","[3, 2, 3]","[0.58, 0.58, 0.75]","[['D', 'A', 'C', 'B'], ['D', 'B', 'A', 'C'], ['D', 'B', 'C', 'A']]","{'D': 4, 'B': 3, 'A': 2, 'C': 1}","[0.67, 1.0, 0.79]",3.58
51,"[1, 3, 4]","[3, 2, 3]","[0.58, 0.58, 0.75]","[['D', 'A', 'C', 'B'], ['D', 'B', 'C', 'A'], ['B', 'C', 'A', 'D']]","{'B': 3, 'D': 3, 'A': 2, 'C': 2}","[1.0, 0.79, 1.0]",3.95
51,"[1, 3, 4]","[3, 2, 3]","[0.58, 0.58, 0.75]","[['D', 'A', 'C', 'B'], ['D', 'B', 'C', 'A'], ['B', 'C', 'D', 'A']]","{'B': 3, 'D': 3, 'A': 2, 'C': 2}","[1.0, 0.79, 1.0]",3.95
51,"[1, 3, 4]","[3, 2, 3]","[0.58, 0.58, 0.75]","[['D', 'A', 'C', 'B'], ['D', 'B', 'C', 'A'], ['B', 'D', 'A', 'C']]","{'D': 4, 'B': 3, 'A': 2, 'C': 1}","[0.67, 1.0, 0.79]",3.58
51,"[1, 3, 4]","[3, 2, 3]","[0.58, 0.58, 0.75]","[['D', 'A', 'C', 'B'], ['D', 'B', 'C', 'A'], ['B', 'D', 'C', 'A']]","{'D': 4, 'B': 3, 'A': 2, 'C': 1}","[0.67, 1.0, 0.79]",3.58
51,"[1, 3, 4]","[3, 2, 3]","[0.58, 0.58, 0.75]","[['D', 'A', 'C', 'B'], ['D', 'B', 'C', 'A'], ['C', 'B', 'A', 'D']]","{'B': 3, 'D': 3, 'A': 2, 'C': 2}","[1.0, 0.79, 1.0]",3.95
51,"[1, 3, 4]","[3, 2, 3]","[0.58, 0.58, 0.75]","[['D', 'A', 'C', 'B'], ['D', 'B', 'C', 'A'], ['C', 'B', 'D', 'A']]","{'B': 3, 'D': 3, 'A': 2, 'C': 2}","[1.0, 0.79, 1.0]",3.95
51,"[1, 3, 4]","[3, 2, 3]","[0.58, 0.58, 0.75]","[['D', 'A', 'C', 'B'], ['D', 'B', 'C', 'A'], ['D', 'B', 'A', 'C']]","{'D': 4, 'B': 3, 'A': 2, 'C': 1}","[0.67, 1.0, 0.79]",3.58
51,"[1, 3, 4]","[3, 2, 3]","[0.58, 0.58, 0.75]","[['D', 'A', 'C', 'B'], ['D', 'B', 'C', 'A'], ['D', 'B', 'C', 'A']]","{'D': 4, 'B': 3, 'A': 2, 'C': 1}","[0.67, 1.0, 0.79]",3.58
51,"[1, 3, 4]","[3, 2, 3]","[0.58, 0.58, 0.75]","[['D', 'B', 'A', 'C'], ['A', 'B', 'C', 'D'], ['A', 'B', 'C', 'D']]","{'B': 4, 'A': 3, 'D': 2, 'C': 1}","[1.0, 0.75, 1.0]",3.96
51,"[1, 3, 4]","[3, 2, 3]","[0.58, 0.58, 0.75]","[['D', 'B', 'A', 'C'], ['A', 'B', 'C', 'D'], ['A', 'B', 'D', 'C']]","{'B': 4, 'A': 3, 'D': 2, 'C': 1}","[1.0, 0.75, 1.0]",3.96
51,"[1, 3, 4]","[3, 2, 3]","[0.58, 0.58, 0.75]","[['D', 'B', 'A', 'C'], ['A', 'B', 'C', 'D'], ['B', 'A', 'C', 'D']]","{'B': 4, 'A': 3, 'D': 2, 'C': 1}","[1.0, 0.75, 1.0]",3.96
51,"[1, 3, 4]","[3, 2, 3]","[0.58, 0.58, 0.75]","[['D', 'B', 'A', 'C'], ['A', 'B', 'C', 'D'], ['B', 'A', 'D', 'C']]","{'B': 4, 'A': 3, 'D': 2, 'C': 1}","[1.0, 0.75, 1.0]",3.96
51,"[1, 3, 4]","[3, 2, 3]","[0.58, 0.58, 0.75]","[['D', 'B', 'A', 'C'], ['A', 'B', 'C', 'D'], ['B', 'D', 'A', 'C']]","{'B': 4, 'D': 3, 'A': 2, 'C': 1}","[1.0, 0.79, 1.0]",3.95
51,"[1, 3, 4]","[3, 2, 3]","[0.58, 0.58, 0.75]","[['D', 'B', 'A', 'C'], ['A', 'B', 'C', 'D'], ['B', 'D', 'C', 'A']]","{'B': 4, 'D': 3, 'A': 2, 'C': 1}","[1.0, 0.79, 1.0]",3.95
51,"[1, 3, 4]","[3, 2, 3]","[0.58, 0.58, 0.75]","[['D', 'B', 'A', 'C'], ['A', 'B', 'C', 'D'], ['C', 'D', 'A', 'B']]","{'B': 3, 'D': 3, 'A': 2, 'C': 2}","[1.0, 0.79, 1.0]",3.95
51,"[1, 3, 4]","[3, 2, 3]","[0.58, 0.58, 0.75]","[['D', 'B', 'A', 'C'], ['A', 'B', 'C', 'D'], ['C', 'D', 'B', 'A']]","{'B': 3, 'D': 3, 'A': 2, 'C': 2}","[1.0, 0.79, 1.0]",3.95
51,"[1, 3, 4]","[3, 2, 3]","[0.58, 0.58, 0.75]","[['D', 'B', 'A', 'C'], ['A', 'B', 'C', 'D'], ['D', 'B', 'A', 'C']]","{'B': 4, 'D': 3, 'A': 2, 'C': 1}","[1.0, 0.79, 1.0]",3.95
51,"[1, 3, 4]","[3, 2, 3]","[0.58, 0.58, 0.75]","[['D', 'B', 'A', 'C'], ['A', 'B', 'C', 'D'], ['D', 'B', 'C', 'A']]","{'B': 4, 'D': 3, 'A': 2, 'C': 1}","[1.0, 0.79, 1.0]",3.95
51,"[1, 3, 4]","[3, 2, 3]","[0.58, 0.58, 0.75]","[['D', 'B', 'A', 'C'], ['A', 'B', 'C', 'D'], ['D', 'C', 'A', 'B']]","{'B': 3, 'D': 3, 'A': 2, 'C': 2}","[1.0, 0.79, 1.0]",3.95
51,"[1, 3, 4]","[3, 2, 3]","[0.58, 0.58, 0.75]","[['D', 'B', 'A', 'C'], ['A', 'B', 'C', 'D'], ['D', 'C', 'B', 'A']]","{'B': 3, 'D': 3, 'A': 2, 'C': 2}","[1.0, 0.79, 1.0]",3.95
51,"[1, 3, 4]","[3, 2, 3]","[0.58, 0.58, 0.75]","[['D', 'B', 'A', 'C'], ['A', 'B', 'D', 'C'], ['A', 'B', 'C', 'D']]","{'B': 4, 'A': 3, 'D': 2, 'C': 1}","[1.0, 0.75, 1.0]",3.96
51,"[1, 3, 4]","[3, 2, 3]","[0.58, 0.58, 0.75]","[['D', 'B', 'A', 'C'], ['A', 'B', 'D', 'C'], ['A', 'B', 'D', 'C']]","{'B': 4, 'A': 3, 'D': 2, 'C': 1}","[1.0, 0.75, 1.0]",3.96
51,"[1, 3, 4]","[3, 2, 3]","[0.58, 0.58, 0.75]","[['D', 'B', 'A', 'C'], ['A', 'B', 'D', 'C'], ['B', 'A', 'C', 'D']]","{'B': 4, 'A': 3, 'D': 2, 'C': 1}","[1.0, 0.75, 1.0]",3.96
51,"[1, 3, 4]","[3, 2, 3]","[0.58, 0.58, 0.75]","[['D', 'B', 'A', 'C'], ['A', 'B', 'D', 'C'], ['B', 'A', 'D', 'C']]","{'B': 4, 'A': 3, 'D': 2, 'C': 1}","[1.0, 0.75, 1.0]",3.96
51,"[1, 3, 4]","[3, 2, 3]","[0.58, 0.58, 0.75]","[['D', 'B', 'A', 'C'], ['A', 'B', 'D', 'C'], ['B', 'D', 'A', 'C']]","{'B': 4, 'D': 3, 'A': 2, 'C': 1}","[1.0, 0.79, 1.0]",3.95
51,"[1, 3, 4]","[3, 2, 3]","[0.58, 0.58, 0.75]","[['D', 'B', 'A', 'C'], ['A', 'B', 'D', 'C'], ['B', 'D', 'C', 'A']]","{'B': 4, 'D': 3, 'A': 2, 'C': 1}","[1.0, 0.79, 1.0]",3.95
51,"[1, 3, 4]","[3, 2, 3]","[0.58, 0.58, 0.75]","[['D', 'B', 'A', 'C'], ['A', 'B', 'D', 'C'], ['C', 'D', 'A', 'B']]","{'B': 3, 'D': 3, 'A': 2, 'C': 2}","[1.0, 0.79, 1.0]",3.95
51,"[1, 3, 4]","[3, 2, 3]","[0.58, 0.58, 0.75]","[['D', 'B', 'A', 'C'], ['A', 'B', 'D', 'C'], ['C', 'D', 'B', 'A']]","{'B': 3, 'D': 3, 'A': 2, 'C': 2}","[1.0, 0.79, 1.0]",3.95
51,"[1, 3, 4]","[3, 2, 3]","[0.58, 0.58, 0.75]","[['D', 'B', 'A', 'C'], ['A', 'B', 'D', 'C'], ['D', 'B', 'A', 'C']]","{'B': 4, 'D': 3, 'A': 2, 'C': 1}","[1.0, 0.79, 1.0]",3.95
51,"[1, 3, 4]","[3, 2, 3]","[0.58, 0.58, 0.75]","[['D', 'B', 'A', 'C'], ['A', 'B', 'D', 'C'], ['D', 'B', 'C', 'A']]","{'B': 4, 'D': 3, 'A': 2, 'C': 1}","[1.0, 0.79, 1.0]",3.95
51,"[1, 3, 4]","[3, 2, 3]","[0.58, 0.58, 0.75]","[['D', 'B', 'A', 'C'], ['A', 'B', 'D', 'C'], ['D', 'C', 'A', 'B']]","{'B': 3, 'D': 3, 'A': 2, 'C': 2}","[1.0, 0.79, 1.0]",3.95
51,"[1, 3, 4]","[3, 2, 3]","[0.58, 0.58, 0.75]","[['D', 'B', 'A', 'C'], ['A', 'B', 'D', 'C'], ['D', 'C', 'B', 'A']]","{'B': 3, 'D': 3, 'A': 2, 'C': 2}","[1.0, 0.79, 1.0]",3.95
51,"[1, 3, 4]","[3, 2, 3]","[0.58, 0.58, 0.75]","[['D', 'B', 'A', 'C'], ['A', 'C', 'B', 'D'], ['B', 'D', 'A', 'C']]","{'B': 3, 'D': 3, 'A': 2, 'C': 2}","[1.0, 0.79, 1.0]",3.95
51,"[1, 3, 4]","[3, 2, 3]","[0.58, 0.58, 0.75]","[['D', 'B', 'A', 'C'], ['A', 'C', 'B', 'D'], ['B', 'D', 'C', 'A']]","{'B': 3, 'D': 3, 'A': 2, 'C': 2}","[1.0, 0.79, 1.0]",3.95
51,"[1, 3, 4]","[3, 2, 3]","[0.58, 0.58, 0.75]","[['D', 'B', 'A', 'C'], ['A', 'C', 'B', 'D'], ['D', 'B', 'A', 'C']]","{'B': 3, 'D': 3, 'A': 2, 'C': 2}","[1.0, 0.79, 1.0]",3.95
51,"[1, 3, 4]","[3, 2, 3]","[0.58, 0.58, 0.75]","[['D', 'B', 'A', 'C'], ['A', 'C', 'B', 'D'], ['D', 'B', 'C', 'A']]","{'B': 3, 'D': 3, 'A': 2, 'C': 2}","[1.0, 0.79, 1.0]",3.95
51,"[1, 3, 4]","[3, 2, 3]","[0.58, 0.58, 0.75]","[['D', 'B', 'A', 'C'], ['A', 'C', 'D', 'B'], ['B', 'D', 'A', 'C']]","{'B': 3, 'D': 3, 'A': 2, 'C': 2}","[1.0, 0.79, 1.0]",3.95
51,"[1, 3, 4]","[3, 2, 3]","[0.58, 0.58, 0.75]","[['D', 'B', 'A', 'C'], ['A', 'C', 'D', 'B'], ['B', 'D', 'C', 'A']]","{'B': 3, 'D': 3, 'A': 2, 'C': 2}","[1.0, 0.79, 1.0]",3.95
51,"[1, 3, 4]","[3, 2, 3]","[0.58, 0.58, 0.75]","[['D', 'B', 'A', 'C'], ['A', 'C', 'D', 'B'], ['D', 'B', 'A', 'C']]","{'B': 3, 'D': 3, 'A': 2, 'C': 2}","[1.0, 0.79, 1.0]",3.95
51,"[1, 3, 4]","[3, 2, 3]","[0.58, 0.58, 0.75]","[['D', 'B', 'A', 'C'], ['A', 'C', 'D', 'B'], ['D', 'B', 'C', 'A']]","{'B': 3, 'D': 3, 'A': 2, 'C': 2}","[1.0, 0.79, 1.0]",3.95
51,"[1, 3, 4]","[3, 2, 3]","[0.58, 0.58, 0.75]","[['D', 'B', 'A', 'C'], ['A', 'D', 'B', 'C'], ['B', 'C', 'A', 'D']]","{'B': 3, 'D': 3, 'A': 2, 'C': 2}","[1.0, 0.79, 1.0]",3.95
51,"[1, 3, 4]","[3, 2, 3]","[0.58, 0.58, 0.75]","[['D', 'B', 'A', 'C'], ['A', 'D', 'B', 'C'], ['B', 'C', 'D', 'A']]","{'B': 3, 'D': 3, 'A': 2, 'C': 2}","[1.0, 0.79, 1.0]",3.95
51,"[1, 3, 4]","[3, 2, 3]","[0.58, 0.58, 0.75]","[['D', 'B', 'A', 'C'], ['A', 'D', 'B', 'C'], ['B', 'D', 'A', 'C']]","{'D': 4, 'B': 3, 'A': 2, 'C': 1}","[0.67, 1.0, 0.79]",3.58
51,"[1, 3, 4]","[3, 2, 3]","[0.58, 0.58, 0.75]","[['D', 'B', 'A', 'C'], ['A', 'D', 'B', 'C'], ['B', 'D', 'C', 'A']]","{'D': 4, 'B': 3, 'A': 2, 'C': 1}","[0.67, 1.0, 0.79]",3.58
51,"[1, 3, 4]","[3, 2, 3]","[0.58, 0.58, 0.75]","[['D', 'B', 'A', 'C'], ['A', 'D', 'B', 'C'], ['C', 'B', 'A', 'D']]","{'B': 3, 'D': 3, 'A': 2, 'C': 2}","[1.0, 0.79, 1.0]",3.95
51,"[1, 3, 4]","[3, 2, 3]","[0.58, 0.58, 0.75]","[['D', 'B', 'A', 'C'], ['A', 'D', 'B', 'C'], ['C', 'B', 'D', 'A']]","{'B': 3, 'D': 3, 'A': 2, 'C': 2}","[1.0, 0.79, 1.0]",3.95
51,"[1, 3, 4]","[3, 2, 3]","[0.58, 0.58, 0.75]","[['D', 'B', 'A', 'C'], ['A', 'D', 'B', 'C'], ['D', 'B', 'A', 'C']]","{'D': 4, 'B': 3, 'A': 2, 'C': 1}","[0.67, 1.0, 0.79]",3.58
51,"[1, 3, 4]","[3, 2, 3]","[0.58, 0.58, 0.75]","[['D', 'B', 'A', 'C'], ['A', 'D', 'B', 'C'], ['D', 'B', 'C', 'A']]","{'D': 4, 'B': 3, 'A': 2, 'C': 1}","[0.67, 1.0, 0.79]",3.58
51,"[1, 3, 4]","[3, 2, 3]","[0.58, 0.58, 0.75]","[['D', 'B', 'A', 'C'], ['A', 'D', 'C', 'B'], ['B', 'C', 'A', 'D']]","{'B': 3, 'D': 3, 'A': 2, 'C': 2}","[1.0, 0.79, 1.0]",3.95
51,"[1, 3, 4]","[3, 2, 3]","[0.58, 0.58, 0.75]","[['D', 'B', 'A', 'C'], ['A', 'D', 'C', 'B'], ['B', 'C', 'D', 'A']]","{'B': 3, 'D': 3, 'A': 2, 'C': 2}","[1.0, 0.79, 1.0]",3.95
51,"[1, 3, 4]","[3, 2, 3]","[0.58, 0.58, 0.75]","[['D', 'B', 'A', 'C'], ['A', 'D', 'C', 'B'], ['B', 'D', 'A', 'C']]","{'D': 4, 'B': 3, 'A': 2, 'C': 1}","[0.67, 1.0, 0.79]",3.58
51,"[1, 3, 4]","[3, 2, 3]","[0.58, 0.58, 0.75]","[['D', 'B', 'A', 'C'], ['A', 'D', 'C', 'B'], ['B', 'D', 'C', 'A']]","{'D': 4, 'B': 3, 'A': 2, 'C': 1}","[0.67, 1.0, 0.79]",3.58
51,"[1, 3, 4]","[3, 2, 3]","[0.58, 0.58, 0.75]","[['D', 'B', 'A', 'C'], ['A', 'D', 'C', 'B'], ['C', 'B', 'A', 'D']]","{'B': 3, 'D': 3, 'A': 2, 'C': 2}","[1.0, 0.79, 1.0]",3.95
51,"[1, 3, 4]","[3, 2, 3]","[0.58, 0.58, 0.75]","[['D', 'B', 'A', 'C'], ['A', 'D', 'C', 'B'], ['C', 'B', 'D', 'A']]","{'B': 3, 'D': 3, 'A': 2, 'C': 2}","[1.0, 0.79, 1.0]",3.95
51,"[1, 3, 4]","[3, 2, 3]","[0.58, 0.58, 0.75]","[['D', 'B', 'A', 'C'], ['A', 'D', 'C', 'B'], ['D', 'B', 'A', 'C']]","{'D': 4, 'B': 3, 'A': 2, 'C': 1}","[0.67, 1.0, 0.79]",3.58
51,"[1, 3, 4]","[3, 2, 3]","[0.58, 0.58, 0.75]","[['D', 'B', 'A', 'C'], ['A', 'D', 'C', 'B'], ['D', 'B', 'C', 'A']]","{'D': 4, 'B': 3, 'A': 2, 'C': 1}","[0.67, 1.0, 0.79]",3.58
51,"[1, 3, 4]","[3, 2, 3]","[0.58, 0.58, 0.75]","[['D', 'B', 'A', 'C'], ['B', 'A', 'C', 'D'], ['A', 'B', 'C', 'D']]","{'B': 4, 'A': 3, 'D': 2, 'C': 1}","[1.0, 0.75, 1.0]",3.96
51,"[1, 3, 4]","[3, 2, 3]","[0.58, 0.58, 0.75]","[['D', 'B', 'A', 'C'], ['B', 'A', 'C', 'D'], ['A', 'B', 'D', 'C']]","{'B': 4, 'A': 3, 'D': 2, 'C': 1}","[1.0, 0.75, 1.0]",3.96
51,"[1, 3, 4]","[3, 2, 3]","[0.58, 0.58, 0.75]","[['D', 'B', 'A', 'C'], ['B', 'A', 'C', 'D'], ['B', 'A', 'C', 'D']]","{'B': 4, 'A': 3, 'D': 2, 'C': 1}","[1.0, 0.75, 1.0]",3.96
51,"[1, 3, 4]","[3, 2, 3]","[0.58, 0.58, 0.75]","[['D', 'B', 'A', 'C'], ['B', 'A', 'C', 'D'], ['B', 'A', 'D', 'C']]","{'B': 4, 'A': 3, 'D': 2, 'C': 1}","[1.0, 0.75, 1.0]",3.96
51,"[1, 3, 4]","[3, 2, 3]","[0.58, 0.58, 0.75]","[['D', 'B', 'A', 'C'], ['B', 'A', 'C', 'D'], ['B', 'D', 'A', 'C']]","{'B': 4, 'D': 3, 'A': 2, 'C': 1}","[1.0, 0.79, 1.0]",3.95
51,"[1, 3, 4]","[3, 2, 3]","[0.58, 0.58, 0.75]","[['D', 'B', 'A', 'C'], ['B', 'A', 'C', 'D'], ['B', 'D', 'C', 'A']]","{'B': 4, 'D': 3, 'A': 2, 'C': 1}","[1.0, 0.79, 1.0]",3.95
51,"[1, 3, 4]","[3, 2, 3]","[0.58, 0.58, 0.75]","[['D', 'B', 'A', 'C'], ['B', 'A', 'C', 'D'], ['C', 'D', 'A', 'B']]","{'B': 3, 'D': 3, 'A': 2, 'C': 2}","[1.0, 0.79, 1.0]",3.95
51,"[1, 3, 4]","[3, 2, 3]","[0.58, 0.58, 0.75]","[['D', 'B', 'A', 'C'], ['B', 'A', 'C', 'D'], ['C', 'D', 'B', 'A']]","{'B': 3, 'D': 3, 'A': 2, 'C': 2}","[1.0, 0.79, 1.0]",3.95
51,"[1, 3, 4]","[3, 2, 3]","[0.58, 0.58, 0.75]","[['D', 'B', 'A', 'C'], ['B', 'A', 'C', 'D'], ['D', 'B', 'A', 'C']]","{'B': 4, 'D': 3, 'A': 2, 'C': 1}","[1.0, 0.79, 1.0]",3.95
51,"[1, 3, 4]","[3, 2, 3]","[0.58, 0.58, 0.75]","[['D', 'B', 'A', 'C'], ['B', 'A', 'C', 'D'], ['D', 'B', 'C', 'A']]","{'B': 4, 'D': 3, 'A': 2, 'C': 1}","[1.0, 0.79, 1.0]",3.95
51,"[1, 3, 4]","[3, 2, 3]","[0.58, 0.58, 0.75]","[['D', 'B', 'A', 'C'], ['B', 'A', 'C', 'D'], ['D', 'C', 'A', 'B']]","{'B': 3, 'D': 3, 'A': 2, 'C': 2}","[1.0, 0.79, 1.0]",3.95
51,"[1, 3, 4]","[3, 2, 3]","[0.58, 0.58, 0.75]","[['D', 'B', 'A', 'C'], ['B', 'A', 'C', 'D'], ['D', 'C', 'B', 'A']]","{'B': 3, 'D': 3, 'A': 2, 'C': 2}","[1.0, 0.79, 1.0]",3.95
51,"[1, 3, 4]","[3, 2, 3]","[0.58, 0.58, 0.75]","[['D', 'B', 'A', 'C'], ['B', 'A', 'D', 'C'], ['A', 'B', 'C', 'D']]","{'B': 4, 'A': 3, 'D': 2, 'C': 1}","[1.0, 0.75, 1.0]",3.96
51,"[1, 3, 4]","[3, 2, 3]","[0.58, 0.58, 0.75]","[['D', 'B', 'A', 'C'], ['B', 'A', 'D', 'C'], ['A', 'B', 'D', 'C']]","{'B': 4, 'A': 3, 'D': 2, 'C': 1}","[1.0, 0.75, 1.0]",3.96
51,"[1, 3, 4]","[3, 2, 3]","[0.58, 0.58, 0.75]","[['D', 'B', 'A', 'C'], ['B', 'A', 'D', 'C'], ['B', 'A', 'C', 'D']]","{'B': 4, 'A': 3, 'D': 2, 'C': 1}","[1.0, 0.75, 1.0]",3.96
51,"[1, 3, 4]","[3, 2, 3]","[0.58, 0.58, 0.75]","[['D', 'B', 'A', 'C'], ['B', 'A', 'D', 'C'], ['B', 'A', 'D', 'C']]","{'B': 4, 'A': 3, 'D': 2, 'C': 1}","[1.0, 0.75, 1.0]",3.96
51,"[1, 3, 4]","[3, 2, 3]","[0.58, 0.58, 0.75]","[['D', 'B', 'A', 'C'], ['B', 'A', 'D', 'C'], ['B', 'D', 'A', 'C']]","{'B': 4, 'D': 3, 'A': 2, 'C': 1}","[1.0, 0.79, 1.0]",3.95
51,"[1, 3, 4]","[3, 2, 3]","[0.58, 0.58, 0.75]","[['D', 'B', 'A', 'C'], ['B', 'A', 'D', 'C'], ['B', 'D', 'C', 'A']]","{'B': 4, 'D': 3, 'A': 2, 'C': 1}","[1.0, 0.79, 1.0]",3.95
51,"[1, 3, 4]","[3, 2, 3]","[0.58, 0.58, 0.75]","[['D', 'B', 'A', 'C'], ['B', 'A', 'D', 'C'], ['C', 'D', 'A', 'B']]","{'B': 3, 'D': 3, 'A': 2, 'C': 2}","[1.0, 0.79, 1.0]",3.95
51,"[1, 3, 4]","[3, 2, 3]","[0.58, 0.58, 0.75]","[['D', 'B', 'A', 'C'], ['B', 'A', 'D', 'C'], ['C', 'D', 'B', 'A']]","{'B': 3, 'D': 3, 'A': 2, 'C': 2}","[1.0, 0.79, 1.0]",3.95
51,"[1, 3, 4]","[3, 2, 3]","[0.58, 0.58, 0.75]","[['D', 'B', 'A', 'C'], ['B', 'A', 'D', 'C'], ['D', 'B', 'A', 'C']]","{'B': 4, 'D': 3, 'A': 2, 'C': 1}","[1.0, 0.79, 1.0]",3.95
51,"[1, 3, 4]","[3, 2, 3]","[0.58, 0.58, 0.75]","[['D', 'B', 'A', 'C'], ['B', 'A', 'D', 'C'], ['D', 'B', 'C', 'A']]","{'B': 4, 'D': 3, 'A': 2, 'C': 1}","[1.0, 0.79, 1.0]",3.95
51,"[1, 3, 4]","[3, 2, 3]","[0.58, 0.58, 0.75]","[['D', 'B', 'A', 'C'], ['B', 'A', 'D', 'C'], ['D', 'C', 'A', 'B']]","{'B': 3, 'D': 3, 'A': 2, 'C': 2}","[1.0, 0.79, 1.0]",3.95
51,"[1, 3, 4]","[3, 2, 3]","[0.58, 0.58, 0.75]","[['D', 'B', 'A', 'C'], ['B', 'A', 'D', 'C'], ['D', 'C', 'B', 'A']]","{'B': 3, 'D': 3, 'A': 2, 'C': 2}","[1.0, 0.79, 1.0]",3.95
51,"[1, 3, 4]","[3, 2, 3]","[0.58, 0.58, 0.75]","[['D', 'B', 'A', 'C'], ['B', 'C', 'A', 'D'], ['A', 'D', 'B', 'C']]","{'B': 3, 'D': 3, 'A': 2, 'C': 2}","[1.0, 0.79, 1.0]",3.95
51,"[1, 3, 4]","[3, 2, 3]","[0.58, 0.58, 0.75]","[['D', 'B', 'A', 'C'], ['B', 'C', 'A', 'D'], ['A', 'D', 'C', 'B']]","{'B': 3, 'D': 3, 'A': 2, 'C': 2}","[1.0, 0.79, 1.0]",3.95
51,"[1, 3, 4]","[3, 2, 3]","[0.58, 0.58, 0.75]","[['D', 'B', 'A', 'C'], ['B', 'C', 'A', 'D'], ['B', 'D', 'A', 'C']]","{'B': 4, 'D': 3, 'C': 2, 'A': 1}","[1.0, 0.67, 1.0]",3.96
51,"[1, 3, 4]","[3, 2, 3]","[0.58, 0.58, 0.75]","[['D', 'B', 'A', 'C'], ['B', 'C', 'A', 'D'], ['B', 'D', 'C', 'A']]","{'B': 4, 'D': 3, 'C': 2, 'A': 1}","[1.0, 0.67, 1.0]",3.96
51,"[1, 3, 4]","[3, 2, 3]","[0.58, 0.58, 0.75]","[['D', 'B', 'A', 'C'], ['B', 'C', 'A', 'D'], ['D', 'A', 'B', 'C']]","{'B': 3, 'D': 3, 'A': 2, 'C': 2}","[1.0, 0.79, 1.0]",3.95
51,"[1, 3, 4]","[3, 2, 3]","[0.58, 0.58, 0.75]","[['D', 'B', 'A', 'C'], ['B', 'C', 'A', 'D'], ['D', 'A', 'C', 'B']]","{'B': 3, 'D': 3, 'A': 2, 'C': 2}","[1.0, 0.79, 1.0]",3.95
51,"[1, 3, 4]","[3, 2, 3]","[0.58, 0.58, 0.75]","[['D', 'B', 'A', 'C'], ['B', 'C', 'A', 'D'], ['D', 'B', 'A', 'C']]","{'B': 4, 'D': 3, 'C': 2, 'A': 1}","[1.0, 0.67, 1.0]",3.96
51,"[1, 3, 4]","[3, 2, 3]","[0.58, 0.58, 0.75]","[['D', 'B', 'A', 'C'], ['B', 'C', 'A', 'D'], ['D', 'B', 'C', 'A']]","{'B': 4, 'D': 3, 'C': 2, 'A': 1}","[1.0, 0.67, 1.0]",3.96
51,"[1, 3, 4]","[3, 2, 3]","[0.58, 0.58, 0.75]","[['D', 'B', 'A', 'C'], ['B', 'C', 'D', 'A'], ['A', 'D', 'B', 'C']]","{'B': 3, 'D': 3, 'A': 2, 'C': 2}","[1.0, 0.79, 1.0]",3.95
51,"[1, 3, 4]","[3, 2, 3]","[0.58, 0.58, 0.75]","[['D', 'B', 'A', 'C'], ['B', 'C', 'D', 'A'], ['A', 'D', 'C', 'B']]","{'B': 3, 'D': 3, 'A': 2, 'C': 2}","[1.0, 0.79, 1.0]",3.95
51,"[1, 3, 4]","[3, 2, 3]","[0.58, 0.58, 0.75]","[['D', 'B', 'A', 'C'], ['B', 'C', 'D', 'A'], ['B', 'D', 'A', 'C']]","{'B': 4, 'D': 3, 'C': 2, 'A': 1}","[1.0, 0.67, 1.0]",3.96
51,"[1, 3, 4]","[3, 2, 3]","[0.58, 0.58, 0.75]","[['D', 'B', 'A', 'C'], ['B', 'C', 'D', 'A'], ['B', 'D', 'C', 'A']]","{'B': 4, 'D': 3, 'C': 2, 'A': 1}","[1.0, 0.67, 1.0]",3.96
51,"[1, 3, 4]","[3, 2, 3]","[0.58, 0.58, 0.75]","[['D', 'B', 'A', 'C'], ['B', 'C', 'D', 'A'], ['D', 'A', 'B', 'C']]","{'B': 3, 'D': 3, 'A': 2, 'C': 2}","[1.0, 0.79, 1.0]",3.95
51,"[1, 3, 4]","[3, 2, 3]","[0.58, 0.58, 0.75]","[['D', 'B', 'A', 'C'], ['B', 'C', 'D', 'A'], ['D', 'A', 'C', 'B']]","{'B': 3, 'D': 3, 'A': 2, 'C': 2}","[1.0, 0.79, 1.0]",3.95
51,"[1, 3, 4]","[3, 2, 3]","[0.58, 0.58, 0.75]","[['D', 'B', 'A', 'C'], ['B', 'C', 'D', 'A'], ['D', 'B', 'A', 'C']]","{'B': 4, 'D': 3, 'C': 2, 'A': 1}","[1.0, 0.67, 1.0]",3.96
51,"[1, 3, 4]","[3, 2, 3]","[0.58, 0.58, 0.75]","[['D', 'B', 'A', 'C'], ['B', 'C', 'D', 'A'], ['D', 'B', 'C', 'A']]","{'B': 4, 'D': 3, 'C': 2, 'A': 1}","[1.0, 0.67, 1.0]",3.96
51,"[1, 3, 4]","[3, 2, 3]","[0.58, 0.58, 0.75]","[['D', 'B', 'A', 'C'], ['B', 'D', 'A', 'C'], ['A', 'B', 'C', 'D']]","{'B': 4, 'D': 3, 'A': 2, 'C': 1}","[1.0, 0.79, 1.0]",3.95
51,"[1, 3, 4]","[3, 2, 3]","[0.58, 0.58, 0.75]","[['D', 'B', 'A', 'C'], ['B', 'D', 'A', 'C'], ['A', 'B', 'D', 'C']]","{'B': 4, 'D': 3, 'A': 2, 'C': 1}","[1.0, 0.79, 1.0]",3.95
51,"[1, 3, 4]","[3, 2, 3]","[0.58, 0.58, 0.75]","[['D', 'B', 'A', 'C'], ['B', 'D', 'A', 'C'], ['A', 'C', 'B', 'D']]","{'B': 3, 'D': 3, 'A': 2, 'C': 2}","[1.0, 0.79, 1.0]",3.95
51,"[1, 3, 4]","[3, 2, 3]","[0.58, 0.58, 0.75]","[['D', 'B', 'A', 'C'], ['B', 'D', 'A', 'C'], ['A', 'C', 'D', 'B']]","{'B': 3, 'D': 3, 'A': 2, 'C': 2}","[1.0, 0.79, 1.0]",3.95
51,"[1, 3, 4]","[3, 2, 3]","[0.58, 0.58, 0.75]","[['D', 'B', 'A', 'C'], ['B', 'D', 'A', 'C'], ['A', 'D', 'B', 'C']]","{'D': 4, 'B': 3, 'A': 2, 'C': 1}","[0.67, 1.0, 0.79]",3.58
51,"[1, 3, 4]","[3, 2, 3]","[0.58, 0.58, 0.75]","[['D', 'B', 'A', 'C'], ['B', 'D', 'A', 'C'], ['A', 'D', 'C', 'B']]","{'D': 4, 'B': 3, 'A': 2, 'C': 1}","[0.67, 1.0, 0.79]",3.58
51,"[1, 3, 4]","[3, 2, 3]","[0.58, 0.58, 0.75]","[['D', 'B', 'A', 'C'], ['B', 'D', 'A', 'C'], ['B', 'A', 'C', 'D']]","{'B': 4, 'D': 3, 'A': 2, 'C': 1}","[1.0, 0.79, 1.0]",3.95
51,"[1, 3, 4]","[3, 2, 3]","[0.58, 0.58, 0.75]","[['D', 'B', 'A', 'C'], ['B', 'D', 'A', 'C'], ['B', 'A', 'D', 'C']]","{'B': 4, 'D': 3, 'A': 2, 'C': 1}","[1.0, 0.79, 1.0]",3.95
51,"[1, 3, 4]","[3, 2, 3]","[0.58, 0.58, 0.75]","[['D', 'B', 'A', 'C'], ['B', 'D', 'A', 'C'], ['B', 'C', 'A', 'D']]","{'B': 4, 'D': 3, 'C': 2, 'A': 1}","[1.0, 0.67, 1.0]",3.96
51,"[1, 3, 4]","[3, 2, 3]","[0.58, 0.58, 0.75]","[['D', 'B', 'A', 'C'], ['B', 'D', 'A', 'C'], ['B', 'C', 'D', 'A']]","{'B': 4, 'D': 3, 'C': 2, 'A': 1}","[1.0, 0.67, 1.0]",3.96
51,"[1, 3, 4]","[3, 2, 3]","[0.58, 0.58, 0.75]","[['D', 'B', 'A', 'C'], ['B', 'D', 'A', 'C'], ['B', 'D', 'A', 'C']]","{'B': 4, 'D': 4, 'A': 1, 'C': 1}","[1.0, 0.79, 1.0]",3.95
51,"[1, 3, 4]","[3, 2, 3]","[0.58, 0.58, 0.75]","[['D', 'B', 'A', 'C'], ['B', 'D', 'A', 'C'], ['B', 'D', 'C', 'A']]","{'B': 4, 'D': 4, 'A': 1, 'C': 1}","[1.0, 0.79, 1.0]",3.95
51,"[1, 3, 4]","[3, 2, 3]","[0.58, 0.58, 0.75]","[['D', 'B', 'A', 'C'], ['B', 'D', 'A', 'C'], ['C', 'A', 'B', 'D']]","{'B': 3, 'D': 3, 'A': 2, 'C': 2}","[1.0, 0.79, 1.0]",3.95
51,"[1, 3, 4]","[3, 2, 3]","[0.58, 0.58, 0.75]","[['D', 'B', 'A', 'C'], ['B', 'D', 'A', 'C'], ['C', 'A', 'D', 'B']]","{'B': 3, 'D': 3, 'A': 2, 'C': 2}","[1.0, 0.79, 1.0]",3.95
51,"[1, 3, 4]","[3, 2, 3]","[0.58, 0.58, 0.75]","[['D', 'B', 'A', 'C'], ['B', 'D', 'A', 'C'], ['C', 'B', 'A', 'D']]","{'B': 4, 'D': 3, 'C': 2, 'A': 1}","[1.0, 0.67, 1.0]",3.96
51,"[1, 3, 4]","[3, 2, 3]","[0.58, 0.58, 0.75]","[['D', 'B', 'A', 'C'], ['B', 'D', 'A', 'C'], ['C', 'B', 'D', 'A']]","{'B': 4, 'D': 3, 'C': 2, 'A': 1}","[1.0, 0.67, 1.0]",3.96
51,"[1, 3, 4]","[3, 2, 3]","[0.58, 0.58, 0.75]","[['D', 'B', 'A', 'C'], ['B', 'D', 'A', 'C'], ['D', 'A', 'B', 'C']]","{'D': 4, 'B': 3, 'A': 2, 'C': 1}","[0.67, 1.0, 0.79]",3.58
51,"[1, 3, 4]","[3, 2, 3]","[0.58, 0.58, 0.75]","[['D', 'B', 'A', 'C'], ['B', 'D', 'A', 'C'], ['D', 'A', 'C', 'B']]","{'D': 4, 'B': 3, 'A': 2, 'C': 1}","[0.67, 1.0, 0.79]",3.58
51,"[1, 3, 4]","[3, 2, 3]","[0.58, 0.58, 0.75]","[['D', 'B', 'A', 'C'], ['B', 'D', 'A', 'C'], ['D', 'B', 'A', 'C']]","{'B': 4, 'D': 4, 'A': 1, 'C': 1}","[1.0, 0.79, 1.0]",3.95
51,"[1, 3, 4]","[3, 2, 3]","[0.58, 0.58, 0.75]","[['D', 'B', 'A', 'C'], ['B', 'D', 'A', 'C'], ['D', 'B', 'C', 'A']]","{'B': 4, 'D': 4, 'A': 1, 'C': 1}","[1.0, 0.79, 1.0]",3.95
51,"[1, 3, 4]","[3, 2, 3]","[0.58, 0.58, 0.75]","[['D', 'B', 'A', 'C'], ['B', 'D', 'C', 'A'], ['A', 'B', 'C', 'D']]","{'B': 4, 'D': 3, 'A': 2, 'C': 1}","[1.0, 0.79, 1.0]",3.95
51,"[1, 3, 4]","[3, 2, 3]","[0.58, 0.58, 0.75]","[['D', 'B', 'A', 'C'], ['B', 'D', 'C', 'A'], ['A', 'B', 'D', 'C']]","{'B': 4, 'D': 3, 'A': 2, 'C': 1}","[1.0, 0.79, 1.0]",3.95
51,"[1, 3, 4]","[3, 2, 3]","[0.58, 0.58, 0.75]","[['D', 'B', 'A', 'C'], ['B', 'D', 'C', 'A'], ['A', 'C', 'B', 'D']]","{'B': 3, 'D': 3, 'A': 2, 'C': 2}","[1.0, 0.79, 1.0]",3.95
51,"[1, 3, 4]","[3, 2, 3]","[0.58, 0.58, 0.75]","[['D', 'B', 'A', 'C'], ['B', 'D', 'C', 'A'], ['A', 'C', 'D', 'B']]","{'B': 3, 'D': 3, 'A': 2, 'C': 2}","[1.0, 0.79, 1.0]",3.95
51,"[1, 3, 4]","[3, 2, 3]","[0.58, 0.58, 0.75]","[['D', 'B', 'A', 'C'], ['B', 'D', 'C', 'A'], ['A', 'D', 'B', 'C']]","{'D': 4, 'B': 3, 'A': 2, 'C': 1}","[0.67, 1.0, 0.79]",3.58
51,"[1, 3, 4]","[3, 2, 3]","[0.58, 0.58, 0.75]","[['D', 'B', 'A', 'C'], ['B', 'D', 'C', 'A'], ['A', 'D', 'C', 'B']]","{'D': 4, 'B': 3, 'A': 2, 'C': 1}","[0.67, 1.0, 0.79]",3.58
51,"[1, 3, 4]","[3, 2, 3]","[0.58, 0.58, 0.75]","[['D', 'B', 'A', 'C'], ['B', 'D', 'C', 'A'], ['B', 'A', 'C', 'D']]","{'B': 4, 'D': 3, 'A': 2, 'C': 1}","[1.0, 0.79, 1.0]",3.95
51,"[1, 3, 4]","[3, 2, 3]","[0.58, 0.58, 0.75]","[['D', 'B', 'A', 'C'], ['B', 'D', 'C', 'A'], ['B', 'A', 'D', 'C']]","{'B': 4, 'D': 3, 'A': 2, 'C': 1}","[1.0, 0.79, 1.0]",3.95
51,"[1, 3, 4]","[3, 2, 3]","[0.58, 0.58, 0.75]","[['D', 'B', 'A', 'C'], ['B', 'D', 'C', 'A'], ['B', 'C', 'A', 'D']]","{'B': 4, 'D': 3, 'C': 2, 'A': 1}","[1.0, 0.67, 1.0]",3.96
51,"[1, 3, 4]","[3, 2, 3]","[0.58, 0.58, 0.75]","[['D', 'B', 'A', 'C'], ['B', 'D', 'C', 'A'], ['B', 'C', 'D', 'A']]","{'B': 4, 'D': 3, 'C': 2, 'A': 1}","[1.0, 0.67, 1.0]",3.96
51,"[1, 3, 4]","[3, 2, 3]","[0.58, 0.58, 0.75]","[['D', 'B', 'A', 'C'], ['B', 'D', 'C', 'A'], ['B', 'D', 'A', 'C']]","{'B': 4, 'D': 4, 'A': 1, 'C': 1}","[1.0, 0.79, 1.0]",3.95
51,"[1, 3, 4]","[3, 2, 3]","[0.58, 0.58, 0.75]","[['D', 'B', 'A', 'C'], ['B', 'D', 'C', 'A'], ['B', 'D', 'C', 'A']]","{'B': 4, 'D': 4, 'A': 1, 'C': 1}","[1.0, 0.79, 1.0]",3.95
51,"[1, 3, 4]","[3, 2, 3]","[0.58, 0.58, 0.75]","[['D', 'B', 'A', 'C'], ['B', 'D', 'C', 'A'], ['C', 'A', 'B', 'D']]","{'B': 3, 'D': 3, 'A': 2, 'C': 2}","[1.0, 0.79, 1.0]",3.95
51,"[1, 3, 4]","[3, 2, 3]","[0.58, 0.58, 0.75]","[['D', 'B', 'A', 'C'], ['B', 'D', 'C', 'A'], ['C', 'A', 'D', 'B']]","{'B': 3, 'D': 3, 'A': 2, 'C': 2}","[1.0, 0.79, 1.0]",3.95
51,"[1, 3, 4]","[3, 2, 3]","[0.58, 0.58, 0.75]","[['D', 'B', 'A', 'C'], ['B', 'D', 'C', 'A'], ['C', 'B', 'A', 'D']]","{'B': 4, 'D': 3, 'C': 2, 'A': 1}","[1.0, 0.67, 1.0]",3.96
51,"[1, 3, 4]","[3, 2, 3]","[0.58, 0.58, 0.75]","[['D', 'B', 'A', 'C'], ['B', 'D', 'C', 'A'], ['C', 'B', 'D', 'A']]","{'B': 4, 'D': 3, 'C': 2, 'A': 1}","[1.0, 0.67, 1.0]",3.96
51,"[1, 3, 4]","[3, 2, 3]","[0.58, 0.58, 0.75]","[['D', 'B', 'A', 'C'], ['B', 'D', 'C', 'A'], ['D', 'A', 'B', 'C']]","{'D': 4, 'B': 3, 'A': 2, 'C': 1}","[0.67, 1.0, 0.79]",3.58
51,"[1, 3, 4]","[3, 2, 3]","[0.58, 0.58, 0.75]","[['D', 'B', 'A', 'C'], ['B', 'D', 'C', 'A'], ['D', 'A', 'C', 'B']]","{'D': 4, 'B': 3, 'A': 2, 'C': 1}","[0.67, 1.0, 0.79]",3.58
51,"[1, 3, 4]","[3, 2, 3]","[0.58, 0.58, 0.75]","[['D', 'B', 'A', 'C'], ['B', 'D', 'C', 'A'], ['D', 'B', 'A', 'C']]","{'B': 4, 'D': 4, 'A': 1, 'C': 1}","[1.0, 0.79, 1.0]",3.95
51,"[1, 3, 4]","[3, 2, 3]","[0.58, 0.58, 0.75]","[['D', 'B', 'A', 'C'], ['B', 'D', 'C', 'A'], ['D', 'B', 'C', 'A']]","{'B': 4, 'D': 4, 'A': 1, 'C': 1}","[1.0, 0.79, 1.0]",3.95
51,"[1, 3, 4]","[3, 2, 3]","[0.58, 0.58, 0.75]","[['D', 'B', 'A', 'C'], ['C', 'A', 'B', 'D'], ['B', 'D', 'A', 'C']]","{'B': 3, 'D': 3, 'A': 2, 'C': 2}","[1.0, 0.79, 1.0]",3.95
51,"[1, 3, 4]","[3, 2, 3]","[0.58, 0.58, 0.75]","[['D', 'B', 'A', 'C'], ['C', 'A', 'B', 'D'], ['B', 'D', 'C', 'A']]","{'B': 3, 'D': 3, 'A': 2, 'C': 2}","[1.0, 0.79, 1.0]",3.95
51,"[1, 3, 4]","[3, 2, 3]","[0.58, 0.58, 0.75]","[['D', 'B', 'A', 'C'], ['C', 'A', 'B', 'D'], ['D', 'B', 'A', 'C']]","{'B': 3, 'D': 3, 'A': 2, 'C': 2}","[1.0, 0.79, 1.0]",3.95
51,"[1, 3, 4]","[3, 2, 3]","[0.58, 0.58, 0.75]","[['D', 'B', 'A', 'C'], ['C', 'A', 'B', 'D'], ['D', 'B', 'C', 'A']]","{'B': 3, 'D': 3, 'A': 2, 'C': 2}","[1.0, 0.79, 1.0]",3.95
51,"[1, 3, 4]","[3, 2, 3]","[0.58, 0.58, 0.75]","[['D', 'B', 'A', 'C'], ['C', 'A', 'D', 'B'], ['B', 'D', 'A', 'C']]","{'B': 3, 'D': 3, 'A': 2, 'C': 2}","[1.0, 0.79, 1.0]",3.95
51,"[1, 3, 4]","[3, 2, 3]","[0.58, 0.58, 0.75]","[['D', 'B', 'A', 'C'], ['C', 'A', 'D', 'B'], ['B', 'D', 'C', 'A']]","{'B': 3, 'D': 3, 'A': 2, 'C': 2}","[1.0, 0.79, 1.0]",3.95
51,"[1, 3, 4]","[3, 2, 3]","[0.58, 0.58, 0.75]","[['D', 'B', 'A', 'C'], ['C', 'A', 'D', 'B'], ['D', 'B', 'A', 'C']]","{'B': 3, 'D': 3, 'A': 2, 'C': 2}","[1.0, 0.79, 1.0]",3.95
51,"[1, 3, 4]","[3, 2, 3]","[0.58, 0.58, 0.75]","[['D', 'B', 'A', 'C'], ['C', 'A', 'D', 'B'], ['D', 'B', 'C', 'A']]","{'B': 3, 'D': 3, 'A': 2, 'C': 2}","[1.0, 0.79, 1.0]",3.95
51,"[1, 3, 4]","[3, 2, 3]","[0.58, 0.58, 0.75]","[['D', 'B', 'A', 'C'], ['C', 'B', 'A', 'D'], ['A', 'D', 'B', 'C']]","{'B': 3, 'D': 3, 'A': 2, 'C': 2}","[1.0, 0.79, 1.0]",3.95
51,"[1, 3, 4]","[3, 2, 3]","[0.58, 0.58, 0.75]","[['D', 'B', 'A', 'C'], ['C', 'B', 'A', 'D'], ['A', 'D', 'C', 'B']]","{'B': 3, 'D': 3, 'A': 2, 'C': 2}","[1.0, 0.79, 1.0]",3.95
51,"[1, 3, 4]","[3, 2, 3]","[0.58, 0.58, 0.75]","[['D', 'B', 'A', 'C'], ['C', 'B', 'A', 'D'], ['B', 'D', 'A', 'C']]","{'B': 4, 'D': 3, 'C': 2, 'A': 1}","[1.0, 0.67, 1.0]",3.96
51,"[1, 3, 4]","[3, 2, 3]","[0.58, 0.58, 0.75]","[['D', 'B', 'A', 'C'], ['C', 'B', 'A', 'D'], ['B', 'D', 'C', 'A']]","{'B': 4, 'D': 3, 'C': 2, 'A': 1}","[1.0, 0.67, 1.0]",3.96
51,"[1, 3, 4]","[3, 2, 3]","[0.58, 0.58, 0.75]","[['D', 'B', 'A', 'C'], ['C', 'B', 'A', 'D'], ['D', 'A', 'B', 'C']]","{'B': 3, 'D': 3, 'A': 2, 'C': 2}","[1.0, 0.79, 1.0]",3.95
51,"[1, 3, 4]","[3, 2, 3]","[0.58, 0.58, 0.75]","[['D', 'B', 'A', 'C'], ['C', 'B', 'A', 'D'], ['D', 'A', 'C', 'B']]","{'B': 3, 'D': 3, 'A': 2, 'C': 2}","[1.0, 0.79, 1.0]",3.95
51,"[1, 3, 4]","[3, 2, 3]","[0.58, 0.58, 0.75]","[['D', 'B', 'A', 'C'], ['C', 'B', 'A', 'D'], ['D', 'B', 'A', 'C']]","{'B': 4, 'D': 3, 'C': 2, 'A': 1}","[1.0, 0.67, 1.0]",3.96
51,"[1, 3, 4]","[3, 2, 3]","[0.58, 0.58, 0.75]","[['D', 'B', 'A', 'C'], ['C', 'B', 'A', 'D'], ['D', 'B', 'C', 'A']]","{'B': 4, 'D': 3, 'C': 2, 'A': 1}","[1.0, 0.67, 1.0]",3.96
51,"[1, 3, 4]","[3, 2, 3]","[0.58, 0.58, 0.75]","[['D', 'B', 'A', 'C'], ['C', 'B', 'D', 'A'], ['A', 'D', 'B', 'C']]","{'B': 3, 'D': 3, 'A': 2, 'C': 2}","[1.0, 0.79, 1.0]",3.95
51,"[1, 3, 4]","[3, 2, 3]","[0.58, 0.58, 0.75]","[['D', 'B', 'A', 'C'], ['C', 'B', 'D', 'A'], ['A', 'D', 'C', 'B']]","{'B': 3, 'D': 3, 'A': 2, 'C': 2}","[1.0, 0.79, 1.0]",3.95
51,"[1, 3, 4]","[3, 2, 3]","[0.58, 0.58, 0.75]","[['D', 'B', 'A', 'C'], ['C', 'B', 'D', 'A'], ['B', 'D', 'A', 'C']]","{'B': 4, 'D': 3, 'C': 2, 'A': 1}","[1.0, 0.67, 1.0]",3.96
51,"[1, 3, 4]","[3, 2, 3]","[0.58, 0.58, 0.75]","[['D', 'B', 'A', 'C'], ['C', 'B', 'D', 'A'], ['B', 'D', 'C', 'A']]","{'B': 4, 'D': 3, 'C': 2, 'A': 1}","[1.0, 0.67, 1.0]",3.96
51,"[1, 3, 4]","[3, 2, 3]","[0.58, 0.58, 0.75]","[['D', 'B', 'A', 'C'], ['C', 'B', 'D', 'A'], ['D', 'A', 'B', 'C']]","{'B': 3, 'D': 3, 'A': 2, 'C': 2}","[1.0, 0.79, 1.0]",3.95
51,"[1, 3, 4]","[3, 2, 3]","[0.58, 0.58, 0.75]","[['D', 'B', 'A', 'C'], ['C', 'B', 'D', 'A'], ['D', 'A', 'C', 'B']]","{'B': 3, 'D': 3, 'A': 2, 'C': 2}","[1.0, 0.79, 1.0]",3.95
51,"[1, 3, 4]","[3, 2, 3]","[0.58, 0.58, 0.75]","[['D', 'B', 'A', 'C'], ['C', 'B', 'D', 'A'], ['D', 'B', 'A', 'C']]","{'B': 4, 'D': 3, 'C': 2, 'A': 1}","[1.0, 0.67, 1.0]",3.96
51,"[1, 3, 4]","[3, 2, 3]","[0.58, 0.58, 0.75]","[['D', 'B', 'A', 'C'], ['C', 'B', 'D', 'A'], ['D', 'B', 'C', 'A']]","{'B': 4, 'D': 3, 'C': 2, 'A': 1}","[1.0, 0.67, 1.0]",3.96
51,"[1, 3, 4]","[3, 2, 3]","[0.58, 0.58, 0.75]","[['D', 'B', 'A', 'C'], ['C', 'D', 'A', 'B'], ['A', 'B', 'C', 'D']]","{'B': 3, 'D': 3, 'A': 2, 'C': 2}","[1.0, 0.79, 1.0]",3.95
51,"[1, 3, 4]","[3, 2, 3]","[0.58, 0.58, 0.75]","[['D', 'B', 'A', 'C'], ['C', 'D', 'A', 'B'], ['A', 'B', 'D', 'C']]","{'B': 3, 'D': 3, 'A': 2, 'C': 2}","[1.0, 0.79, 1.0]",3.95
51,"[1, 3, 4]","[3, 2, 3]","[0.58, 0.58, 0.75]","[['D', 'B', 'A', 'C'], ['C', 'D', 'A', 'B'], ['B', 'A', 'C', 'D']]","{'B': 3, 'D': 3, 'A': 2, 'C': 2}","[1.0, 0.79, 1.0]",3.95
51,"[1, 3, 4]","[3, 2, 3]","[0.58, 0.58, 0.75]","[['D', 'B', 'A', 'C'], ['C', 'D', 'A', 'B'], ['B', 'A', 'D', 'C']]","{'B': 3, 'D': 3, 'A': 2, 'C': 2}","[1.0, 0.79, 1.0]",3.95
51,"[1, 3, 4]","[3, 2, 3]","[0.58, 0.58, 0.75]","[['D', 'B', 'A', 'C'], ['C', 'D', 'B', 'A'], ['A', 'B', 'C', 'D']]","{'B': 3, 'D': 3, 'A': 2, 'C': 2}","[1.0, 0.79, 1.0]",3.95
51,"[1, 3, 4]","[3, 2, 3]","[0.58, 0.58, 0.75]","[['D', 'B', 'A', 'C'], ['C', 'D', 'B', 'A'], ['A', 'B', 'D', 'C']]","{'B': 3, 'D': 3, 'A': 2, 'C': 2}","[1.0, 0.79, 1.0]",3.95
51,"[1, 3, 4]","[3, 2, 3]","[0.58, 0.58, 0.75]","[['D', 'B', 'A', 'C'], ['C', 'D', 'B', 'A'], ['B', 'A', 'C', 'D']]","{'B': 3, 'D': 3, 'A': 2, 'C': 2}","[1.0, 0.79, 1.0]",3.95
51,"[1, 3, 4]","[3, 2, 3]","[0.58, 0.58, 0.75]","[['D', 'B', 'A', 'C'], ['C', 'D', 'B', 'A'], ['B', 'A', 'D', 'C']]","{'B': 3, 'D': 3, 'A': 2, 'C': 2}","[1.0, 0.79, 1.0]",3.95
51,"[1, 3, 4]","[3, 2, 3]","[0.58, 0.58, 0.75]","[['D', 'B', 'A', 'C'], ['D', 'A', 'B', 'C'], ['B', 'C', 'A', 'D']]","{'B': 3, 'D': 3, 'A': 2, 'C': 2}","[1.0, 0.79, 1.0]",3.95
51,"[1, 3, 4]","[3, 2, 3]","[0.58, 0.58, 0.75]","[['D', 'B', 'A', 'C'], ['D', 'A', 'B', 'C'], ['B', 'C', 'D', 'A']]","{'B': 3, 'D': 3, 'A': 2, 'C': 2}","[1.0, 0.79, 1.0]",3.95
51,"[1, 3, 4]","[3, 2, 3]","[0.58, 0.58, 0.75]","[['D', 'B', 'A', 'C'], ['D', 'A', 'B', 'C'], ['B', 'D', 'A', 'C']]","{'D': 4, 'B': 3, 'A': 2, 'C': 1}","[0.67, 1.0, 0.79]",3.58
51,"[1, 3, 4]","[3, 2, 3]","[0.58, 0.58, 0.75]","[['D', 'B', 'A', 'C'], ['D', 'A', 'B', 'C'], ['B', 'D', 'C', 'A']]","{'D': 4, 'B': 3, 'A': 2, 'C': 1}","[0.67, 1.0, 0.79]",3.58
51,"[1, 3, 4]","[3, 2, 3]","[0.58, 0.58, 0.75]","[['D', 'B', 'A', 'C'], ['D', 'A', 'B', 'C'], ['C', 'B', 'A', 'D']]","{'B': 3, 'D': 3, 'A': 2, 'C': 2}","[1.0, 0.79, 1.0]",3.95
51,"[1, 3, 4]","[3, 2, 3]","[0.58, 0.58, 0.75]","[['D', 'B', 'A', 'C'], ['D', 'A', 'B', 'C'], ['C', 'B', 'D', 'A']]","{'B': 3, 'D': 3, 'A': 2, 'C': 2}","[1.0, 0.79, 1.0]",3.95
51,"[1, 3, 4]","[3, 2, 3]","[0.58, 0.58, 0.75]","[['D', 'B', 'A', 'C'], ['D', 'A', 'B', 'C'], ['D', 'B', 'A', 'C']]","{'D': 4, 'B': 3, 'A': 2, 'C': 1}","[0.67, 1.0, 0.79]",3.58
51,"[1, 3, 4]","[3, 2, 3]","[0.58, 0.58, 0.75]","[['D', 'B', 'A', 'C'], ['D', 'A', 'B', 'C'], ['D', 'B', 'C', 'A']]","{'D': 4, 'B': 3, 'A': 2, 'C': 1}","[0.67, 1.0, 0.79]",3.58
51,"[1, 3, 4]","[3, 2, 3]","[0.58, 0.58, 0.75]","[['D', 'B', 'A', 'C'], ['D', 'A', 'C', 'B'], ['B', 'C', 'A', 'D']]","{'B': 3, 'D': 3, 'A': 2, 'C': 2}","[1.0, 0.79, 1.0]",3.95
51,"[1, 3, 4]","[3, 2, 3]","[0.58, 0.58, 0.75]","[['D', 'B', 'A', 'C'], ['D', 'A', 'C', 'B'], ['B', 'C', 'D', 'A']]","{'B': 3, 'D': 3, 'A': 2, 'C': 2}","[1.0, 0.79, 1.0]",3.95
51,"[1, 3, 4]","[3, 2, 3]","[0.58, 0.58, 0.75]","[['D', 'B', 'A', 'C'], ['D', 'A', 'C', 'B'], ['B', 'D', 'A', 'C']]","{'D': 4, 'B': 3, 'A': 2, 'C': 1}","[0.67, 1.0, 0.79]",3.58
51,"[1, 3, 4]","[3, 2, 3]","[0.58, 0.58, 0.75]","[['D', 'B', 'A', 'C'], ['D', 'A', 'C', 'B'], ['B', 'D', 'C', 'A']]","{'D': 4, 'B': 3, 'A': 2, 'C': 1}","[0.67, 1.0, 0.79]",3.58
51,"[1, 3, 4]","[3, 2, 3]","[0.58, 0.58, 0.75]","[['D', 'B', 'A', 'C'], ['D', 'A', 'C', 'B'], ['C', 'B', 'A', 'D']]","{'B': 3, 'D': 3, 'A': 2, 'C': 2}","[1.0, 0.79, 1.0]",3.95
51,"[1, 3, 4]","[3, 2, 3]","[0.58, 0.58, 0.75]","[['D', 'B', 'A', 'C'], ['D', 'A', 'C', 'B'], ['C', 'B', 'D', 'A']]","{'B': 3, 'D': 3, 'A': 2, 'C': 2}","[1.0, 0.79, 1.0]",3.95
51,"[1, 3, 4]","[3, 2, 3]","[0.58, 0.58, 0.75]","[['D', 'B', 'A', 'C'], ['D', 'A', 'C', 'B'], ['D', 'B', 'A', 'C']]","{'D': 4, 'B': 3, 'A': 2, 'C': 1}","[0.67, 1.0, 0.79]",3.58
51,"[1, 3, 4]","[3, 2, 3]","[0.58, 0.58, 0.75]","[['D', 'B', 'A', 'C'], ['D', 'A', 'C', 'B'], ['D', 'B', 'C', 'A']]","{'D': 4, 'B': 3, 'A': 2, 'C': 1}","[0.67, 1.0, 0.79]",3.58
51,"[1, 3, 4]","[3, 2, 3]","[0.58, 0.58, 0.75]","[['D', 'B', 'A', 'C'], ['D', 'B', 'A', 'C'], ['A', 'B', 'C', 'D']]","{'B': 4, 'D': 3, 'A': 2, 'C': 1}","[1.0, 0.79, 1.0]",3.95
51,"[1, 3, 4]","[3, 2, 3]","[0.58, 0.58, 0.75]","[['D', 'B', 'A', 'C'], ['D', 'B', 'A', 'C'], ['A', 'B', 'D', 'C']]","{'B': 4, 'D': 3, 'A': 2, 'C': 1}","[1.0, 0.79, 1.0]",3.95
51,"[1, 3, 4]","[3, 2, 3]","[0.58, 0.58, 0.75]","[['D', 'B', 'A', 'C'], ['D', 'B', 'A', 'C'], ['A', 'C', 'B', 'D']]","{'B': 3, 'D': 3, 'A': 2, 'C': 2}","[1.0, 0.79, 1.0]",3.95
51,"[1, 3, 4]","[3, 2, 3]","[0.58, 0.58, 0.75]","[['D', 'B', 'A', 'C'], ['D', 'B', 'A', 'C'], ['A', 'C', 'D', 'B']]","{'B': 3, 'D': 3, 'A': 2, 'C': 2}","[1.0, 0.79, 1.0]",3.95
51,"[1, 3, 4]","[3, 2, 3]","[0.58, 0.58, 0.75]","[['D', 'B', 'A', 'C'], ['D', 'B', 'A', 'C'], ['A', 'D', 'B', 'C']]","{'D': 4, 'B': 3, 'A': 2, 'C': 1}","[0.67, 1.0, 0.79]",3.58
51,"[1, 3, 4]","[3, 2, 3]","[0.58, 0.58, 0.75]","[['D', 'B', 'A', 'C'], ['D', 'B', 'A', 'C'], ['A', 'D', 'C', 'B']]","{'D': 4, 'B': 3, 'A': 2, 'C': 1}","[0.67, 1.0, 0.79]",3.58
51,"[1, 3, 4]","[3, 2, 3]","[0.58, 0.58, 0.75]","[['D', 'B', 'A', 'C'], ['D', 'B', 'A', 'C'], ['B', 'A', 'C', 'D']]","{'B': 4, 'D': 3, 'A': 2, 'C': 1}","[1.0, 0.79, 1.0]",3.95
51,"[1, 3, 4]","[3, 2, 3]","[0.58, 0.58, 0.75]","[['D', 'B', 'A', 'C'], ['D', 'B', 'A', 'C'], ['B', 'A', 'D', 'C']]","{'B': 4, 'D': 3, 'A': 2, 'C': 1}","[1.0, 0.79, 1.0]",3.95
51,"[1, 3, 4]","[3, 2, 3]","[0.58, 0.58, 0.75]","[['D', 'B', 'A', 'C'], ['D', 'B', 'A', 'C'], ['B', 'C', 'A', 'D']]","{'B': 4, 'D': 3, 'C': 2, 'A': 1}","[1.0, 0.67, 1.0]",3.96
51,"[1, 3, 4]","[3, 2, 3]","[0.58, 0.58, 0.75]","[['D', 'B', 'A', 'C'], ['D', 'B', 'A', 'C'], ['B', 'C', 'D', 'A']]","{'B': 4, 'D': 3, 'C': 2, 'A': 1}","[1.0, 0.67, 1.0]",3.96
51,"[1, 3, 4]","[3, 2, 3]","[0.58, 0.58, 0.75]","[['D', 'B', 'A', 'C'], ['D', 'B', 'A', 'C'], ['B', 'D', 'A', 'C']]","{'B': 4, 'D': 4, 'A': 1, 'C': 1}","[1.0, 0.79, 1.0]",3.95
51,"[1, 3, 4]","[3, 2, 3]","[0.58, 0.58, 0.75]","[['D', 'B', 'A', 'C'], ['D', 'B', 'A', 'C'], ['B', 'D', 'C', 'A']]","{'B': 4, 'D': 4, 'A': 1, 'C': 1}","[1.0, 0.79, 1.0]",3.95
51,"[1, 3, 4]","[3, 2, 3]","[0.58, 0.58, 0.75]","[['D', 'B', 'A', 'C'], ['D', 'B', 'A', 'C'], ['C', 'A', 'B', 'D']]","{'B': 3, 'D': 3, 'A': 2, 'C': 2}","[1.0, 0.79, 1.0]",3.95
51,"[1, 3, 4]","[3, 2, 3]","[0.58, 0.58, 0.75]","[['D', 'B', 'A', 'C'], ['D', 'B', 'A', 'C'], ['C', 'A', 'D', 'B']]","{'B': 3, 'D': 3, 'A': 2, 'C': 2}","[1.0, 0.79, 1.0]",3.95
51,"[1, 3, 4]","[3, 2, 3]","[0.58, 0.58, 0.75]","[['D', 'B', 'A', 'C'], ['D', 'B', 'A', 'C'], ['C', 'B', 'A', 'D']]","{'B': 4, 'D': 3, 'C': 2, 'A': 1}","[1.0, 0.67, 1.0]",3.96
51,"[1, 3, 4]","[3, 2, 3]","[0.58, 0.58, 0.75]","[['D', 'B', 'A', 'C'], ['D', 'B', 'A', 'C'], ['C', 'B', 'D', 'A']]","{'B': 4, 'D': 3, 'C': 2, 'A': 1}","[1.0, 0.67, 1.0]",3.96
51,"[1, 3, 4]","[3, 2, 3]","[0.58, 0.58, 0.75]","[['D', 'B', 'A', 'C'], ['D', 'B', 'A', 'C'], ['D', 'A', 'B', 'C']]","{'D': 4, 'B': 3, 'A': 2, 'C': 1}","[0.67, 1.0, 0.79]",3.58
51,"[1, 3, 4]","[3, 2, 3]","[0.58, 0.58, 0.75]","[['D', 'B', 'A', 'C'], ['D', 'B', 'A', 'C'], ['D', 'A', 'C', 'B']]","{'D': 4, 'B': 3, 'A': 2, 'C': 1}","[0.67, 1.0, 0.79]",3.58
51,"[1, 3, 4]","[3, 2, 3]","[0.58, 0.58, 0.75]","[['D', 'B', 'A', 'C'], ['D', 'B', 'A', 'C'], ['D', 'B', 'A', 'C']]","{'B': 4, 'D': 4, 'A': 1, 'C': 1}","[1.0, 0.79, 1.0]",3.95
51,"[1, 3, 4]","[3, 2, 3]","[0.58, 0.58, 0.75]","[['D', 'B', 'A', 'C'], ['D', 'B', 'A', 'C'], ['D', 'B', 'C', 'A']]","{'B': 4, 'D': 4, 'A': 1, 'C': 1}","[1.0, 0.79, 1.0]",3.95
51,"[1, 3, 4]","[3, 2, 3]","[0.58, 0.58, 0.75]","[['D', 'B', 'A', 'C'], ['D', 'B', 'C', 'A'], ['A', 'B', 'C', 'D']]","{'B': 4, 'D': 3, 'A': 2, 'C': 1}","[1.0, 0.79, 1.0]",3.95
51,"[1, 3, 4]","[3, 2, 3]","[0.58, 0.58, 0.75]","[['D', 'B', 'A', 'C'], ['D', 'B', 'C', 'A'], ['A', 'B', 'D', 'C']]","{'B': 4, 'D': 3, 'A': 2, 'C': 1}","[1.0, 0.79, 1.0]",3.95
51,"[1, 3, 4]","[3, 2, 3]","[0.58, 0.58, 0.75]","[['D', 'B', 'A', 'C'], ['D', 'B', 'C', 'A'], ['A', 'C', 'B', 'D']]","{'B': 3, 'D': 3, 'A': 2, 'C': 2}","[1.0, 0.79, 1.0]",3.95
51,"[1, 3, 4]","[3, 2, 3]","[0.58, 0.58, 0.75]","[['D', 'B', 'A', 'C'], ['D', 'B', 'C', 'A'], ['A', 'C', 'D', 'B']]","{'B': 3, 'D': 3, 'A': 2, 'C': 2}","[1.0, 0.79, 1.0]",3.95
51,"[1, 3, 4]","[3, 2, 3]","[0.58, 0.58, 0.75]","[['D', 'B', 'A', 'C'], ['D', 'B', 'C', 'A'], ['A', 'D', 'B', 'C']]","{'D': 4, 'B': 3, 'A': 2, 'C': 1}","[0.67, 1.0, 0.79]",3.58
51,"[1, 3, 4]","[3, 2, 3]","[0.58, 0.58, 0.75]","[['D', 'B', 'A', 'C'], ['D', 'B', 'C', 'A'], ['A', 'D', 'C', 'B']]","{'D': 4, 'B': 3, 'A': 2, 'C': 1}","[0.67, 1.0, 0.79]",3.58
51,"[1, 3, 4]","[3, 2, 3]","[0.58, 0.58, 0.75]","[['D', 'B', 'A', 'C'], ['D', 'B', 'C', 'A'], ['B', 'A', 'C', 'D']]","{'B': 4, 'D': 3, 'A': 2, 'C': 1}","[1.0, 0.79, 1.0]",3.95
51,"[1, 3, 4]","[3, 2, 3]","[0.58, 0.58, 0.75]","[['D', 'B', 'A', 'C'], ['D', 'B', 'C', 'A'], ['B', 'A', 'D', 'C']]","{'B': 4, 'D': 3, 'A': 2, 'C': 1}","[1.0, 0.79, 1.0]",3.95
51,"[1, 3, 4]","[3, 2, 3]","[0.58, 0.58, 0.75]","[['D', 'B', 'A', 'C'], ['D', 'B', 'C', 'A'], ['B', 'C', 'A', 'D']]","{'B': 4, 'D': 3, 'C': 2, 'A': 1}","[1.0, 0.67, 1.0]",3.96
51,"[1, 3, 4]","[3, 2, 3]","[0.58, 0.58, 0.75]","[['D', 'B', 'A', 'C'], ['D', 'B', 'C', 'A'], ['B', 'C', 'D', 'A']]","{'B': 4, 'D': 3, 'C': 2, 'A': 1}","[1.0, 0.67, 1.0]",3.96
51,"[1, 3, 4]","[3, 2, 3]","[0.58, 0.58, 0.75]","[['D', 'B', 'A', 'C'], ['D', 'B', 'C', 'A'], ['B', 'D', 'A', 'C']]","{'B': 4, 'D': 4, 'A': 1, 'C': 1}","[1.0, 0.79, 1.0]",3.95
51,"[1, 3, 4]","[3, 2, 3]","[0.58, 0.58, 0.75]","[['D', 'B', 'A', 'C'], ['D', 'B', 'C', 'A'], ['B', 'D', 'C', 'A']]","{'B': 4, 'D': 4, 'A': 1, 'C': 1}","[1.0, 0.79, 1.0]",3.95
51,"[1, 3, 4]","[3, 2, 3]","[0.58, 0.58, 0.75]","[['D', 'B', 'A', 'C'], ['D', 'B', 'C', 'A'], ['C', 'A', 'B', 'D']]","{'B': 3, 'D': 3, 'A': 2, 'C': 2}","[1.0, 0.79, 1.0]",3.95
51,"[1, 3, 4]","[3, 2, 3]","[0.58, 0.58, 0.75]","[['D', 'B', 'A', 'C'], ['D', 'B', 'C', 'A'], ['C', 'A', 'D', 'B']]","{'B': 3, 'D': 3, 'A': 2, 'C': 2}","[1.0, 0.79, 1.0]",3.95
51,"[1, 3, 4]","[3, 2, 3]","[0.58, 0.58, 0.75]","[['D', 'B', 'A', 'C'], ['D', 'B', 'C', 'A'], ['C', 'B', 'A', 'D']]","{'B': 4, 'D': 3, 'C': 2, 'A': 1}","[1.0, 0.67, 1.0]",3.96
51,"[1, 3, 4]","[3, 2, 3]","[0.58, 0.58, 0.75]","[['D', 'B', 'A', 'C'], ['D', 'B', 'C', 'A'], ['C', 'B', 'D', 'A']]","{'B': 4, 'D': 3, 'C': 2, 'A': 1}","[1.0, 0.67, 1.0]",3.96
51,"[1, 3, 4]","[3, 2, 3]","[0.58, 0.58, 0.75]","[['D', 'B', 'A', 'C'], ['D', 'B', 'C', 'A'], ['D', 'A', 'B', 'C']]","{'D': 4, 'B': 3, 'A': 2, 'C': 1}","[0.67, 1.0, 0.79]",3.58
51,"[1, 3, 4]","[3, 2, 3]","[0.58, 0.58, 0.75]","[['D', 'B', 'A', 'C'], ['D', 'B', 'C', 'A'], ['D', 'A', 'C', 'B']]","{'D': 4, 'B': 3, 'A': 2, 'C': 1}","[0.67, 1.0, 0.79]",3.58
51,"[1, 3, 4]","[3, 2, 3]","[0.58, 0.58, 0.75]","[['D', 'B', 'A', 'C'], ['D', 'B', 'C', 'A'], ['D', 'B', 'A', 'C']]","{'B': 4, 'D': 4, 'A': 1, 'C': 1}","[1.0, 0.79, 1.0]",3.95
51,"[1, 3, 4]","[3, 2, 3]","[0.58, 0.58, 0.75]","[['D', 'B', 'A', 'C'], ['D', 'B', 'C', 'A'], ['D', 'B', 'C', 'A']]","{'B': 4, 'D': 4, 'A': 1, 'C': 1}","[1.0, 0.79, 1.0]",3.95
51,"[1, 3, 4]","[3, 2, 3]","[0.58, 0.58, 0.75]","[['D', 'B', 'A', 'C'], ['D', 'C', 'A', 'B'], ['A', 'B', 'C', 'D']]","{'B': 3, 'D': 3, 'A': 2, 'C': 2}","[1.0, 0.79, 1.0]",3.95
51,"[1, 3, 4]","[3, 2, 3]","[0.58, 0.58, 0.75]","[['D', 'B', 'A', 'C'], ['D', 'C', 'A', 'B'], ['A', 'B', 'D', 'C']]","{'B': 3, 'D': 3, 'A': 2, 'C': 2}","[1.0, 0.79, 1.0]",3.95
51,"[1, 3, 4]","[3, 2, 3]","[0.58, 0.58, 0.75]","[['D', 'B', 'A', 'C'], ['D', 'C', 'A', 'B'], ['B', 'A', 'C', 'D']]","{'B': 3, 'D': 3, 'A': 2, 'C': 2}","[1.0, 0.79, 1.0]",3.95
51,"[1, 3, 4]","[3, 2, 3]","[0.58, 0.58, 0.75]","[['D', 'B', 'A', 'C'], ['D', 'C', 'A', 'B'], ['B', 'A', 'D', 'C']]","{'B': 3, 'D': 3, 'A': 2, 'C': 2}","[1.0, 0.79, 1.0]",3.95
51,"[1, 3, 4]","[3, 2, 3]","[0.58, 0.58, 0.75]","[['D', 'B', 'A', 'C'], ['D', 'C', 'B', 'A'], ['A', 'B', 'C', 'D']]","{'B': 3, 'D': 3, 'A': 2, 'C': 2}","[1.0, 0.79, 1.0]",3.95
51,"[1, 3, 4]","[3, 2, 3]","[0.58, 0.58, 0.75]","[['D', 'B', 'A', 'C'], ['D', 'C', 'B', 'A'], ['A', 'B', 'D', 'C']]","{'B': 3, 'D': 3, 'A': 2, 'C': 2}","[1.0, 0.79, 1.0]",3.95
51,"[1, 3, 4]","[3, 2, 3]","[0.58, 0.58, 0.75]","[['D', 'B', 'A', 'C'], ['D', 'C', 'B', 'A'], ['B', 'A', 'C', 'D']]","{'B': 3, 'D': 3, 'A': 2, 'C': 2}","[1.0, 0.79, 1.0]",3.95
51,"[1, 3, 4]","[3, 2, 3]","[0.58, 0.58, 0.75]","[['D', 'B', 'A', 'C'], ['D', 'C', 'B', 'A'], ['B', 'A', 'D', 'C']]","{'B': 3, 'D': 3, 'A': 2, 'C': 2}","[1.0, 0.79, 1.0]",3.95
51,"[1, 3, 4]","[3, 2, 3]","[0.58, 0.58, 0.75]","[['D', 'B', 'C', 'A'], ['A', 'B', 'C', 'D'], ['A', 'B', 'C', 'D']]","{'B': 4, 'A': 3, 'D': 2, 'C': 1}","[1.0, 0.75, 1.0]",3.96
51,"[1, 3, 4]","[3, 2, 3]","[0.58, 0.58, 0.75]","[['D', 'B', 'C', 'A'], ['A', 'B', 'C', 'D'], ['A', 'B', 'D', 'C']]","{'B': 4, 'A': 3, 'D': 2, 'C': 1}","[1.0, 0.75, 1.0]",3.96
51,"[1, 3, 4]","[3, 2, 3]","[0.58, 0.58, 0.75]","[['D', 'B', 'C', 'A'], ['A', 'B', 'C', 'D'], ['B', 'A', 'C', 'D']]","{'B': 4, 'A': 3, 'D': 2, 'C': 1}","[1.0, 0.75, 1.0]",3.96
51,"[1, 3, 4]","[3, 2, 3]","[0.58, 0.58, 0.75]","[['D', 'B', 'C', 'A'], ['A', 'B', 'C', 'D'], ['B', 'A', 'D', 'C']]","{'B': 4, 'A': 3, 'D': 2, 'C': 1}","[1.0, 0.75, 1.0]",3.96
51,"[1, 3, 4]","[3, 2, 3]","[0.58, 0.58, 0.75]","[['D', 'B', 'C', 'A'], ['A', 'B', 'C', 'D'], ['B', 'D', 'A', 'C']]","{'B': 4, 'D': 3, 'A': 2, 'C': 1}","[1.0, 0.79, 1.0]",3.95
51,"[1, 3, 4]","[3, 2, 3]","[0.58, 0.58, 0.75]","[['D', 'B', 'C', 'A'], ['A', 'B', 'C', 'D'], ['B', 'D', 'C', 'A']]","{'B': 4, 'D': 3, 'A': 2, 'C': 1}","[1.0, 0.79, 1.0]",3.95
51,"[1, 3, 4]","[3, 2, 3]","[0.58, 0.58, 0.75]","[['D', 'B', 'C', 'A'], ['A', 'B', 'C', 'D'], ['C', 'D', 'A', 'B']]","{'B': 3, 'D': 3, 'A': 2, 'C': 2}","[1.0, 0.79, 1.0]",3.95
51,"[1, 3, 4]","[3, 2, 3]","[0.58, 0.58, 0.75]","[['D', 'B', 'C', 'A'], ['A', 'B', 'C', 'D'], ['C', 'D', 'B', 'A']]","{'B': 3, 'D': 3, 'A': 2, 'C': 2}","[1.0, 0.79, 1.0]",3.95
51,"[1, 3, 4]","[3, 2, 3]","[0.58, 0.58, 0.75]","[['D', 'B', 'C', 'A'], ['A', 'B', 'C', 'D'], ['D', 'B', 'A', 'C']]","{'B': 4, 'D': 3, 'A': 2, 'C': 1}","[1.0, 0.79, 1.0]",3.95
51,"[1, 3, 4]","[3, 2, 3]","[0.58, 0.58, 0.75]","[['D', 'B', 'C', 'A'], ['A', 'B', 'C', 'D'], ['D', 'B', 'C', 'A']]","{'B': 4, 'D': 3, 'A': 2, 'C': 1}","[1.0, 0.79, 1.0]",3.95
51,"[1, 3, 4]","[3, 2, 3]","[0.58, 0.58, 0.75]","[['D', 'B', 'C', 'A'], ['A', 'B', 'C', 'D'], ['D', 'C', 'A', 'B']]","{'B': 3, 'D': 3, 'A': 2, 'C': 2}","[1.0, 0.79, 1.0]",3.95
51,"[1, 3, 4]","[3, 2, 3]","[0.58, 0.58, 0.75]","[['D', 'B', 'C', 'A'], ['A', 'B', 'C', 'D'], ['D', 'C', 'B', 'A']]","{'B': 3, 'D': 3, 'A': 2, 'C': 2}","[1.0, 0.79, 1.0]",3.95
51,"[1, 3, 4]","[3, 2, 3]","[0.58, 0.58, 0.75]","[['D', 'B', 'C', 'A'], ['A', 'B', 'D', 'C'], ['A', 'B', 'C', 'D']]","{'B': 4, 'A': 3, 'D': 2, 'C': 1}","[1.0, 0.75, 1.0]",3.96
51,"[1, 3, 4]","[3, 2, 3]","[0.58, 0.58, 0.75]","[['D', 'B', 'C', 'A'], ['A', 'B', 'D', 'C'], ['A', 'B', 'D', 'C']]","{'B': 4, 'A': 3, 'D': 2, 'C': 1}","[1.0, 0.75, 1.0]",3.96
51,"[1, 3, 4]","[3, 2, 3]","[0.58, 0.58, 0.75]","[['D', 'B', 'C', 'A'], ['A', 'B', 'D', 'C'], ['B', 'A', 'C', 'D']]","{'B': 4, 'A': 3, 'D': 2, 'C': 1}","[1.0, 0.75, 1.0]",3.96
51,"[1, 3, 4]","[3, 2, 3]","[0.58, 0.58, 0.75]","[['D', 'B', 'C', 'A'], ['A', 'B', 'D', 'C'], ['B', 'A', 'D', 'C']]","{'B': 4, 'A': 3, 'D': 2, 'C': 1}","[1.0, 0.75, 1.0]",3.96
51,"[1, 3, 4]","[3, 2, 3]","[0.58, 0.58, 0.75]","[['D', 'B', 'C', 'A'], ['A', 'B', 'D', 'C'], ['B', 'D', 'A', 'C']]","{'B': 4, 'D': 3, 'A': 2, 'C': 1}","[1.0, 0.79, 1.0]",3.95
51,"[1, 3, 4]","[3, 2, 3]","[0.58, 0.58, 0.75]","[['D', 'B', 'C', 'A'], ['A', 'B', 'D', 'C'], ['B', 'D', 'C', 'A']]","{'B': 4, 'D': 3, 'A': 2, 'C': 1}","[1.0, 0.79, 1.0]",3.95
51,"[1, 3, 4]","[3, 2, 3]","[0.58, 0.58, 0.75]","[['D', 'B', 'C', 'A'], ['A', 'B', 'D', 'C'], ['C', 'D', 'A', 'B']]","{'B': 3, 'D': 3, 'A': 2, 'C': 2}","[1.0, 0.79, 1.0]",3.95
51,"[1, 3, 4]","[3, 2, 3]","[0.58, 0.58, 0.75]","[['D', 'B', 'C', 'A'], ['A', 'B', 'D', 'C'], ['C', 'D', 'B', 'A']]","{'B': 3, 'D': 3, 'A': 2, 'C': 2}","[1.0, 0.79, 1.0]",3.95
51,"[1, 3, 4]","[3, 2, 3]","[0.58, 0.58, 0.75]","[['D', 'B', 'C', 'A'], ['A', 'B', 'D', 'C'], ['D', 'B', 'A', 'C']]","{'B': 4, 'D': 3, 'A': 2, 'C': 1}","[1.0, 0.79, 1.0]",3.95
51,"[1, 3, 4]","[3, 2, 3]","[0.58, 0.58, 0.75]","[['D', 'B', 'C', 'A'], ['A', 'B', 'D', 'C'], ['D', 'B', 'C', 'A']]","{'B': 4, 'D': 3, 'A': 2, 'C': 1}","[1.0, 0.79, 1.0]",3.95
51,"[1, 3, 4]","[3, 2, 3]","[0.58, 0.58, 0.75]","[['D', 'B', 'C', 'A'], ['A', 'B', 'D', 'C'], ['D', 'C', 'A', 'B']]","{'B': 3, 'D': 3, 'A': 2, 'C': 2}","[1.0, 0.79, 1.0]",3.95
51,"[1, 3, 4]","[3, 2, 3]","[0.58, 0.58, 0.75]","[['D', 'B', 'C', 'A'], ['A', 'B', 'D', 'C'], ['D', 'C', 'B', 'A']]","{'B': 3, 'D': 3, 'A': 2, 'C': 2}","[1.0, 0.79, 1.0]",3.95
51,"[1, 3, 4]","[3, 2, 3]","[0.58, 0.58, 0.75]","[['D', 'B', 'C', 'A'], ['A', 'C', 'B', 'D'], ['B', 'D', 'A', 'C']]","{'B': 3, 'D': 3, 'A': 2, 'C': 2}","[1.0, 0.79, 1.0]",3.95
51,"[1, 3, 4]","[3, 2, 3]","[0.58, 0.58, 0.75]","[['D', 'B', 'C', 'A'], ['A', 'C', 'B', 'D'], ['B', 'D', 'C', 'A']]","{'B': 3, 'D': 3, 'A': 2, 'C': 2}","[1.0, 0.79, 1.0]",3.95
51,"[1, 3, 4]","[3, 2, 3]","[0.58, 0.58, 0.75]","[['D', 'B', 'C', 'A'], ['A', 'C', 'B', 'D'], ['D', 'B', 'A', 'C']]","{'B': 3, 'D': 3, 'A': 2, 'C': 2}","[1.0, 0.79, 1.0]",3.95
51,"[1, 3, 4]","[3, 2, 3]","[0.58, 0.58, 0.75]","[['D', 'B', 'C', 'A'], ['A', 'C', 'B', 'D'], ['D', 'B', 'C', 'A']]","{'B': 3, 'D': 3, 'A': 2, 'C': 2}","[1.0, 0.79, 1.0]",3.95
51,"[1, 3, 4]","[3, 2, 3]","[0.58, 0.58, 0.75]","[['D', 'B', 'C', 'A'], ['A', 'C', 'D', 'B'], ['B', 'D', 'A', 'C']]","{'B': 3, 'D': 3, 'A': 2, 'C': 2}","[1.0, 0.79, 1.0]",3.95
51,"[1, 3, 4]","[3, 2, 3]","[0.58, 0.58, 0.75]","[['D', 'B', 'C', 'A'], ['A', 'C', 'D', 'B'], ['B', 'D', 'C', 'A']]","{'B': 3, 'D': 3, 'A': 2, 'C': 2}","[1.0, 0.79, 1.0]",3.95
51,"[1, 3, 4]","[3, 2, 3]","[0.58, 0.58, 0.75]","[['D', 'B', 'C', 'A'], ['A', 'C', 'D', 'B'], ['D', 'B', 'A', 'C']]","{'B': 3, 'D': 3, 'A': 2, 'C': 2}","[1.0, 0.79, 1.0]",3.95
51,"[1, 3, 4]","[3, 2, 3]","[0.58, 0.58, 0.75]","[['D', 'B', 'C', 'A'], ['A', 'C', 'D', 'B'], ['D', 'B', 'C', 'A']]","{'B': 3, 'D': 3, 'A': 2, 'C': 2}","[1.0, 0.79, 1.0]",3.95
51,"[1, 3, 4]","[3, 2, 3]","[0.58, 0.58, 0.75]","[['D', 'B', 'C', 'A'], ['A', 'D', 'B', 'C'], ['B', 'C', 'A', 'D']]","{'B': 3, 'D': 3, 'A': 2, 'C': 2}","[1.0, 0.79, 1.0]",3.95
51,"[1, 3, 4]","[3, 2, 3]","[0.58, 0.58, 0.75]","[['D', 'B', 'C', 'A'], ['A', 'D', 'B', 'C'], ['B', 'C', 'D', 'A']]","{'B': 3, 'D': 3, 'A': 2, 'C': 2}","[1.0, 0.79, 1.0]",3.95
51,"[1, 3, 4]","[3, 2, 3]","[0.58, 0.58, 0.75]","[['D', 'B', 'C', 'A'], ['A', 'D', 'B', 'C'], ['B', 'D', 'A', 'C']]","{'D': 4, 'B': 3, 'A': 2, 'C': 1}","[0.67, 1.0, 0.79]",3.58
51,"[1, 3, 4]","[3, 2, 3]","[0.58, 0.58, 0.75]","[['D', 'B', 'C', 'A'], ['A', 'D', 'B', 'C'], ['B', 'D', 'C', 'A']]","{'D': 4, 'B': 3, 'A': 2, 'C': 1}","[0.67, 1.0, 0.79]",3.58
51,"[1, 3, 4]","[3, 2, 3]","[0.58, 0.58, 0.75]","[['D', 'B', 'C', 'A'], ['A', 'D', 'B', 'C'], ['C', 'B', 'A', 'D']]","{'B': 3, 'D': 3, 'A': 2, 'C': 2}","[1.0, 0.79, 1.0]",3.95
51,"[1, 3, 4]","[3, 2, 3]","[0.58, 0.58, 0.75]","[['D', 'B', 'C', 'A'], ['A', 'D', 'B', 'C'], ['C', 'B', 'D', 'A']]","{'B': 3, 'D': 3, 'A': 2, 'C': 2}","[1.0, 0.79, 1.0]",3.95
51,"[1, 3, 4]","[3, 2, 3]","[0.58, 0.58, 0.75]","[['D', 'B', 'C', 'A'], ['A', 'D', 'B', 'C'], ['D', 'B', 'A', 'C']]","{'D': 4, 'B': 3, 'A': 2, 'C': 1}","[0.67, 1.0, 0.79]",3.58
51,"[1, 3, 4]","[3, 2, 3]","[0.58, 0.58, 0.75]","[['D', 'B', 'C', 'A'], ['A', 'D', 'B', 'C'], ['D', 'B', 'C', 'A']]","{'D': 4, 'B': 3, 'A': 2, 'C': 1}","[0.67, 1.0, 0.79]",3.58
51,"[1, 3, 4]","[3, 2, 3]","[0.58, 0.58, 0.75]","[['D', 'B', 'C', 'A'], ['A', 'D', 'C', 'B'], ['B', 'C', 'A', 'D']]","{'B': 3, 'D': 3, 'A': 2, 'C': 2}","[1.0, 0.79, 1.0]",3.95
51,"[1, 3, 4]","[3, 2, 3]","[0.58, 0.58, 0.75]","[['D', 'B', 'C', 'A'], ['A', 'D', 'C', 'B'], ['B', 'C', 'D', 'A']]","{'B': 3, 'D': 3, 'A': 2, 'C': 2}","[1.0, 0.79, 1.0]",3.95
51,"[1, 3, 4]","[3, 2, 3]","[0.58, 0.58, 0.75]","[['D', 'B', 'C', 'A'], ['A', 'D', 'C', 'B'], ['B', 'D', 'A', 'C']]","{'D': 4, 'B': 3, 'A': 2, 'C': 1}","[0.67, 1.0, 0.79]",3.58
51,"[1, 3, 4]","[3, 2, 3]","[0.58, 0.58, 0.75]","[['D', 'B', 'C', 'A'], ['A', 'D', 'C', 'B'], ['B', 'D', 'C', 'A']]","{'D': 4, 'B': 3, 'A': 2, 'C': 1}","[0.67, 1.0, 0.79]",3.58
51,"[1, 3, 4]","[3, 2, 3]","[0.58, 0.58, 0.75]","[['D', 'B', 'C', 'A'], ['A', 'D', 'C', 'B'], ['C', 'B', 'A', 'D']]","{'B': 3, 'D': 3, 'A': 2, 'C': 2}","[1.0, 0.79, 1.0]",3.95
51,"[1, 3, 4]","[3, 2, 3]","[0.58, 0.58, 0.75]","[['D', 'B', 'C', 'A'], ['A', 'D', 'C', 'B'], ['C', 'B', 'D', 'A']]","{'B': 3, 'D': 3, 'A': 2, 'C': 2}","[1.0, 0.79, 1.0]",3.95
51,"[1, 3, 4]","[3, 2, 3]","[0.58, 0.58, 0.75]","[['D', 'B', 'C', 'A'], ['A', 'D', 'C', 'B'], ['D', 'B', 'A', 'C']]","{'D': 4, 'B': 3, 'A': 2, 'C': 1}","[0.67, 1.0, 0.79]",3.58
51,"[1, 3, 4]","[3, 2, 3]","[0.58, 0.58, 0.75]","[['D', 'B', 'C', 'A'], ['A', 'D', 'C', 'B'], ['D', 'B', 'C', 'A']]","{'D': 4, 'B': 3, 'A': 2, 'C': 1}","[0.67, 1.0, 0.79]",3.58
51,"[1, 3, 4]","[3, 2, 3]","[0.58, 0.58, 0.75]","[['D', 'B', 'C', 'A'], ['B', 'A', 'C', 'D'], ['A', 'B', 'C', 'D']]","{'B': 4, 'A': 3, 'D': 2, 'C': 1}","[1.0, 0.75, 1.0]",3.96
51,"[1, 3, 4]","[3, 2, 3]","[0.58, 0.58, 0.75]","[['D', 'B', 'C', 'A'], ['B', 'A', 'C', 'D'], ['A', 'B', 'D', 'C']]","{'B': 4, 'A': 3, 'D': 2, 'C': 1}","[1.0, 0.75, 1.0]",3.96
51,"[1, 3, 4]","[3, 2, 3]","[0.58, 0.58, 0.75]","[['D', 'B', 'C', 'A'], ['B', 'A', 'C', 'D'], ['B', 'A', 'C', 'D']]","{'B': 4, 'A': 3, 'D': 2, 'C': 1}","[1.0, 0.75, 1.0]",3.96
51,"[1, 3, 4]","[3, 2, 3]","[0.58, 0.58, 0.75]","[['D', 'B', 'C', 'A'], ['B', 'A', 'C', 'D'], ['B', 'A', 'D', 'C']]","{'B': 4, 'A': 3, 'D': 2, 'C': 1}","[1.0, 0.75, 1.0]",3.96
51,"[1, 3, 4]","[3, 2, 3]","[0.58, 0.58, 0.75]","[['D', 'B', 'C', 'A'], ['B', 'A', 'C', 'D'], ['B', 'D', 'A', 'C']]","{'B': 4, 'D': 3, 'A': 2, 'C': 1}","[1.0, 0.79, 1.0]",3.95
51,"[1, 3, 4]","[3, 2, 3]","[0.58, 0.58, 0.75]","[['D', 'B', 'C', 'A'], ['B', 'A', 'C', 'D'], ['B', 'D', 'C', 'A']]","{'B': 4, 'D': 3, 'A': 2, 'C': 1}","[1.0, 0.79, 1.0]",3.95
51,"[1, 3, 4]","[3, 2, 3]","[0.58, 0.58, 0.75]","[['D', 'B', 'C', 'A'], ['B', 'A', 'C', 'D'], ['C', 'D', 'A', 'B']]","{'B': 3, 'D': 3, 'A': 2, 'C': 2}","[1.0, 0.79, 1.0]",3.95
51,"[1, 3, 4]","[3, 2, 3]","[0.58, 0.58, 0.75]","[['D', 'B', 'C', 'A'], ['B', 'A', 'C', 'D'], ['C', 'D', 'B', 'A']]","{'B': 3, 'D': 3, 'A': 2, 'C': 2}","[1.0, 0.79, 1.0]",3.95
51,"[1, 3, 4]","[3, 2, 3]","[0.58, 0.58, 0.75]","[['D', 'B', 'C', 'A'], ['B', 'A', 'C', 'D'], ['D', 'B', 'A', 'C']]","{'B': 4, 'D': 3, 'A': 2, 'C': 1}","[1.0, 0.79, 1.0]",3.95
51,"[1, 3, 4]","[3, 2, 3]","[0.58, 0.58, 0.75]","[['D', 'B', 'C', 'A'], ['B', 'A', 'C', 'D'], ['D', 'B', 'C', 'A']]","{'B': 4, 'D': 3, 'A': 2, 'C': 1}","[1.0, 0.79, 1.0]",3.95
51,"[1, 3, 4]","[3, 2, 3]","[0.58, 0.58, 0.75]","[['D', 'B', 'C', 'A'], ['B', 'A', 'C', 'D'], ['D', 'C', 'A', 'B']]","{'B': 3, 'D': 3, 'A': 2, 'C': 2}","[1.0, 0.79, 1.0]",3.95
51,"[1, 3, 4]","[3, 2, 3]","[0.58, 0.58, 0.75]","[['D', 'B', 'C', 'A'], ['B', 'A', 'C', 'D'], ['D', 'C', 'B', 'A']]","{'B': 3, 'D': 3, 'A': 2, 'C': 2}","[1.0, 0.79, 1.0]",3.95
51,"[1, 3, 4]","[3, 2, 3]","[0.58, 0.58, 0.75]","[['D', 'B', 'C', 'A'], ['B', 'A', 'D', 'C'], ['A', 'B', 'C', 'D']]","{'B': 4, 'A': 3, 'D': 2, 'C': 1}","[1.0, 0.75, 1.0]",3.96
51,"[1, 3, 4]","[3, 2, 3]","[0.58, 0.58, 0.75]","[['D', 'B', 'C', 'A'], ['B', 'A', 'D', 'C'], ['A', 'B', 'D', 'C']]","{'B': 4, 'A': 3, 'D': 2, 'C': 1}","[1.0, 0.75, 1.0]",3.96
51,"[1, 3, 4]","[3, 2, 3]","[0.58, 0.58, 0.75]","[['D', 'B', 'C', 'A'], ['B', 'A', 'D', 'C'], ['B', 'A', 'C', 'D']]","{'B': 4, 'A': 3, 'D': 2, 'C': 1}","[1.0, 0.75, 1.0]",3.96
51,"[1, 3, 4]","[3, 2, 3]","[0.58, 0.58, 0.75]","[['D', 'B', 'C', 'A'], ['B', 'A', 'D', 'C'], ['B', 'A', 'D', 'C']]","{'B': 4, 'A': 3, 'D': 2, 'C': 1}","[1.0, 0.75, 1.0]",3.96
51,"[1, 3, 4]","[3, 2, 3]","[0.58, 0.58, 0.75]","[['D', 'B', 'C', 'A'], ['B', 'A', 'D', 'C'], ['B', 'D', 'A', 'C']]","{'B': 4, 'D': 3, 'A': 2, 'C': 1}","[1.0, 0.79, 1.0]",3.95
51,"[1, 3, 4]","[3, 2, 3]","[0.58, 0.58, 0.75]","[['D', 'B', 'C', 'A'], ['B', 'A', 'D', 'C'], ['B', 'D', 'C', 'A']]","{'B': 4, 'D': 3, 'A': 2, 'C': 1}","[1.0, 0.79, 1.0]",3.95
51,"[1, 3, 4]","[3, 2, 3]","[0.58, 0.58, 0.75]","[['D', 'B', 'C', 'A'], ['B', 'A', 'D', 'C'], ['C', 'D', 'A', 'B']]","{'B': 3, 'D': 3, 'A': 2, 'C': 2}","[1.0, 0.79, 1.0]",3.95
51,"[1, 3, 4]","[3, 2, 3]","[0.58, 0.58, 0.75]","[['D', 'B', 'C', 'A'], ['B', 'A', 'D', 'C'], ['C', 'D', 'B', 'A']]","{'B': 3, 'D': 3, 'A': 2, 'C': 2}","[1.0, 0.79, 1.0]",3.95
51,"[1, 3, 4]","[3, 2, 3]","[0.58, 0.58, 0.75]","[['D', 'B', 'C', 'A'], ['B', 'A', 'D', 'C'], ['D', 'B', 'A', 'C']]","{'B': 4, 'D': 3, 'A': 2, 'C': 1}","[1.0, 0.79, 1.0]",3.95
51,"[1, 3, 4]","[3, 2, 3]","[0.58, 0.58, 0.75]","[['D', 'B', 'C', 'A'], ['B', 'A', 'D', 'C'], ['D', 'B', 'C', 'A']]","{'B': 4, 'D': 3, 'A': 2, 'C': 1}","[1.0, 0.79, 1.0]",3.95
51,"[1, 3, 4]","[3, 2, 3]","[0.58, 0.58, 0.75]","[['D', 'B', 'C', 'A'], ['B', 'A', 'D', 'C'], ['D', 'C', 'A', 'B']]","{'B': 3, 'D': 3, 'A': 2, 'C': 2}","[1.0, 0.79, 1.0]",3.95
51,"[1, 3, 4]","[3, 2, 3]","[0.58, 0.58, 0.75]","[['D', 'B', 'C', 'A'], ['B', 'A', 'D', 'C'], ['D', 'C', 'B', 'A']]","{'B': 3, 'D': 3, 'A': 2, 'C': 2}","[1.0, 0.79, 1.0]",3.95
51,"[1, 3, 4]","[3, 2, 3]","[0.58, 0.58, 0.75]","[['D', 'B', 'C', 'A'], ['B', 'C', 'A', 'D'], ['A', 'D', 'B', 'C']]","{'B': 3, 'D': 3, 'A': 2, 'C': 2}","[1.0, 0.79, 1.0]",3.95
51,"[1, 3, 4]","[3, 2, 3]","[0.58, 0.58, 0.75]","[['D', 'B', 'C', 'A'], ['B', 'C', 'A', 'D'], ['A', 'D', 'C', 'B']]","{'B': 3, 'D': 3, 'A': 2, 'C': 2}","[1.0, 0.79, 1.0]",3.95
51,"[1, 3, 4]","[3, 2, 3]","[0.58, 0.58, 0.75]","[['D', 'B', 'C', 'A'], ['B', 'C', 'A', 'D'], ['B', 'D', 'A', 'C']]","{'B': 4, 'D': 3, 'C': 2, 'A': 1}","[1.0, 0.67, 1.0]",3.96
51,"[1, 3, 4]","[3, 2, 3]","[0.58, 0.58, 0.75]","[['D', 'B', 'C', 'A'], ['B', 'C', 'A', 'D'], ['B', 'D', 'C', 'A']]","{'B': 4, 'D': 3, 'C': 2, 'A': 1}","[1.0, 0.67, 1.0]",3.96
51,"[1, 3, 4]","[3, 2, 3]","[0.58, 0.58, 0.75]","[['D', 'B', 'C', 'A'], ['B', 'C', 'A', 'D'], ['D', 'A', 'B', 'C']]","{'B': 3, 'D': 3, 'A': 2, 'C': 2}","[1.0, 0.79, 1.0]",3.95
51,"[1, 3, 4]","[3, 2, 3]","[0.58, 0.58, 0.75]","[['D', 'B', 'C', 'A'], ['B', 'C', 'A', 'D'], ['D', 'A', 'C', 'B']]","{'B': 3, 'D': 3, 'A': 2, 'C': 2}","[1.0, 0.79, 1.0]",3.95
51,"[1, 3, 4]","[3, 2, 3]","[0.58, 0.58, 0.75]","[['D', 'B', 'C', 'A'], ['B', 'C', 'A', 'D'], ['D', 'B', 'A', 'C']]","{'B': 4, 'D': 3, 'C': 2, 'A': 1}","[1.0, 0.67, 1.0]",3.96
51,"[1, 3, 4]","[3, 2, 3]","[0.58, 0.58, 0.75]","[['D', 'B', 'C', 'A'], ['B', 'C', 'A', 'D'], ['D', 'B', 'C', 'A']]","{'B': 4, 'D': 3, 'C': 2, 'A': 1}","[1.0, 0.67, 1.0]",3.96
51,"[1, 3, 4]","[3, 2, 3]","[0.58, 0.58, 0.75]","[['D', 'B', 'C', 'A'], ['B', 'C', 'D', 'A'], ['A', 'D', 'B', 'C']]","{'B': 3, 'D': 3, 'A': 2, 'C': 2}","[1.0, 0.79, 1.0]",3.95
51,"[1, 3, 4]","[3, 2, 3]","[0.58, 0.58, 0.75]","[['D', 'B', 'C', 'A'], ['B', 'C', 'D', 'A'], ['A', 'D', 'C', 'B']]","{'B': 3, 'D': 3, 'A': 2, 'C': 2}","[1.0, 0.79, 1.0]",3.95
51,"[1, 3, 4]","[3, 2, 3]","[0.58, 0.58, 0.75]","[['D', 'B', 'C', 'A'], ['B', 'C', 'D', 'A'], ['B', 'D', 'A', 'C']]","{'B': 4, 'D': 3, 'C': 2, 'A': 1}","[1.0, 0.67, 1.0]",3.96
51,"[1, 3, 4]","[3, 2, 3]","[0.58, 0.58, 0.75]","[['D', 'B', 'C', 'A'], ['B', 'C', 'D', 'A'], ['B', 'D', 'C', 'A']]","{'B': 4, 'D': 3, 'C': 2, 'A': 1}","[1.0, 0.67, 1.0]",3.96
51,"[1, 3, 4]","[3, 2, 3]","[0.58, 0.58, 0.75]","[['D', 'B', 'C', 'A'], ['B', 'C', 'D', 'A'], ['D', 'A', 'B', 'C']]","{'B': 3, 'D': 3, 'A': 2, 'C': 2}","[1.0, 0.79, 1.0]",3.95
51,"[1, 3, 4]","[3, 2, 3]","[0.58, 0.58, 0.75]","[['D', 'B', 'C', 'A'], ['B', 'C', 'D', 'A'], ['D', 'A', 'C', 'B']]","{'B': 3, 'D': 3, 'A': 2, 'C': 2}","[1.0, 0.79, 1.0]",3.95
51,"[1, 3, 4]","[3, 2, 3]","[0.58, 0.58, 0.75]","[['D', 'B', 'C', 'A'], ['B', 'C', 'D', 'A'], ['D', 'B', 'A', 'C']]","{'B': 4, 'D': 3, 'C': 2, 'A': 1}","[1.0, 0.67, 1.0]",3.96
51,"[1, 3, 4]","[3, 2, 3]","[0.58, 0.58, 0.75]","[['D', 'B', 'C', 'A'], ['B', 'C', 'D', 'A'], ['D', 'B', 'C', 'A']]","{'B': 4, 'D': 3, 'C': 2, 'A': 1}","[1.0, 0.67, 1.0]",3.96
51,"[1, 3, 4]","[3, 2, 3]","[0.58, 0.58, 0.75]","[['D', 'B', 'C', 'A'], ['B', 'D', 'A', 'C'], ['A', 'B', 'C', 'D']]","{'B': 4, 'D': 3, 'A': 2, 'C': 1}","[1.0, 0.79, 1.0]",3.95
51,"[1, 3, 4]","[3, 2, 3]","[0.58, 0.58, 0.75]","[['D', 'B', 'C', 'A'], ['B', 'D', 'A', 'C'], ['A', 'B', 'D', 'C']]","{'B': 4, 'D': 3, 'A': 2, 'C': 1}","[1.0, 0.79, 1.0]",3.95
51,"[1, 3, 4]","[3, 2, 3]","[0.58, 0.58, 0.75]","[['D', 'B', 'C', 'A'], ['B', 'D', 'A', 'C'], ['A', 'C', 'B', 'D']]","{'B': 3, 'D': 3, 'A': 2, 'C': 2}","[1.0, 0.79, 1.0]",3.95
51,"[1, 3, 4]","[3, 2, 3]","[0.58, 0.58, 0.75]","[['D', 'B', 'C', 'A'], ['B', 'D', 'A', 'C'], ['A', 'C', 'D', 'B']]","{'B': 3, 'D': 3, 'A': 2, 'C': 2}","[1.0, 0.79, 1.0]",3.95
51,"[1, 3, 4]","[3, 2, 3]","[0.58, 0.58, 0.75]","[['D', 'B', 'C', 'A'], ['B', 'D', 'A', 'C'], ['A', 'D', 'B', 'C']]","{'D': 4, 'B': 3, 'A': 2, 'C': 1}","[0.67, 1.0, 0.79]",3.58
51,"[1, 3, 4]","[3, 2, 3]","[0.58, 0.58, 0.75]","[['D', 'B', 'C', 'A'], ['B', 'D', 'A', 'C'], ['A', 'D', 'C', 'B']]","{'D': 4, 'B': 3, 'A': 2, 'C': 1}","[0.67, 1.0, 0.79]",3.58
51,"[1, 3, 4]","[3, 2, 3]","[0.58, 0.58, 0.75]","[['D', 'B', 'C', 'A'], ['B', 'D', 'A', 'C'], ['B', 'A', 'C', 'D']]","{'B': 4, 'D': 3, 'A': 2, 'C': 1}","[1.0, 0.79, 1.0]",3.95
51,"[1, 3, 4]","[3, 2, 3]","[0.58, 0.58, 0.75]","[['D', 'B', 'C', 'A'], ['B', 'D', 'A', 'C'], ['B', 'A', 'D', 'C']]","{'B': 4, 'D': 3, 'A': 2, 'C': 1}","[1.0, 0.79, 1.0]",3.95
51,"[1, 3, 4]","[3, 2, 3]","[0.58, 0.58, 0.75]","[['D', 'B', 'C', 'A'], ['B', 'D', 'A', 'C'], ['B', 'C', 'A', 'D']]","{'B': 4, 'D': 3, 'C': 2, 'A': 1}","[1.0, 0.67, 1.0]",3.96
51,"[1, 3, 4]","[3, 2, 3]","[0.58, 0.58, 0.75]","[['D', 'B', 'C', 'A'], ['B', 'D', 'A', 'C'], ['B', 'C', 'D', 'A']]","{'B': 4, 'D': 3, 'C': 2, 'A': 1}","[1.0, 0.67, 1.0]",3.96
51,"[1, 3, 4]","[3, 2, 3]","[0.58, 0.58, 0.75]","[['D', 'B', 'C', 'A'], ['B', 'D', 'A', 'C'], ['B', 'D', 'A', 'C']]","{'B': 4, 'D': 4, 'A': 1, 'C': 1}","[1.0, 0.79, 1.0]",3.95
51,"[1, 3, 4]","[3, 2, 3]","[0.58, 0.58, 0.75]","[['D', 'B', 'C', 'A'], ['B', 'D', 'A', 'C'], ['B', 'D', 'C', 'A']]","{'B': 4, 'D': 4, 'A': 1, 'C': 1}","[1.0, 0.79, 1.0]",3.95
51,"[1, 3, 4]","[3, 2, 3]","[0.58, 0.58, 0.75]","[['D', 'B', 'C', 'A'], ['B', 'D', 'A', 'C'], ['C', 'A', 'B', 'D']]","{'B': 3, 'D': 3, 'A': 2, 'C': 2}","[1.0, 0.79, 1.0]",3.95
51,"[1, 3, 4]","[3, 2, 3]","[0.58, 0.58, 0.75]","[['D', 'B', 'C', 'A'], ['B', 'D', 'A', 'C'], ['C', 'A', 'D', 'B']]","{'B': 3, 'D': 3, 'A': 2, 'C': 2}","[1.0, 0.79, 1.0]",3.95
51,"[1, 3, 4]","[3, 2, 3]","[0.58, 0.58, 0.75]","[['D', 'B', 'C', 'A'], ['B', 'D', 'A', 'C'], ['C', 'B', 'A', 'D']]","{'B': 4, 'D': 3, 'C': 2, 'A': 1}","[1.0, 0.67, 1.0]",3.96
51,"[1, 3, 4]","[3, 2, 3]","[0.58, 0.58, 0.75]","[['D', 'B', 'C', 'A'], ['B', 'D', 'A', 'C'], ['C', 'B', 'D', 'A']]","{'B': 4, 'D': 3, 'C': 2, 'A': 1}","[1.0, 0.67, 1.0]",3.96
51,"[1, 3, 4]","[3, 2, 3]","[0.58, 0.58, 0.75]","[['D', 'B', 'C', 'A'], ['B', 'D', 'A', 'C'], ['D', 'A', 'B', 'C']]","{'D': 4, 'B': 3, 'A': 2, 'C': 1}","[0.67, 1.0, 0.79]",3.58
51,"[1, 3, 4]","[3, 2, 3]","[0.58, 0.58, 0.75]","[['D', 'B', 'C', 'A'], ['B', 'D', 'A', 'C'], ['D', 'A', 'C', 'B']]","{'D': 4, 'B': 3, 'A': 2, 'C': 1}","[0.67, 1.0, 0.79]",3.58
51,"[1, 3, 4]","[3, 2, 3]","[0.58, 0.58, 0.75]","[['D', 'B', 'C', 'A'], ['B', 'D', 'A', 'C'], ['D', 'B', 'A', 'C']]","{'B': 4, 'D': 4, 'A': 1, 'C': 1}","[1.0, 0.79, 1.0]",3.95
51,"[1, 3, 4]","[3, 2, 3]","[0.58, 0.58, 0.75]","[['D', 'B', 'C', 'A'], ['B', 'D', 'A', 'C'], ['D', 'B', 'C', 'A']]","{'B': 4, 'D': 4, 'A': 1, 'C': 1}","[1.0, 0.79, 1.0]",3.95
51,"[1, 3, 4]","[3, 2, 3]","[0.58, 0.58, 0.75]","[['D', 'B', 'C', 'A'], ['B', 'D', 'C', 'A'], ['A', 'B', 'C', 'D']]","{'B': 4, 'D': 3, 'A': 2, 'C': 1}","[1.0, 0.79, 1.0]",3.95
51,"[1, 3, 4]","[3, 2, 3]","[0.58, 0.58, 0.75]","[['D', 'B', 'C', 'A'], ['B', 'D', 'C', 'A'], ['A', 'B', 'D', 'C']]","{'B': 4, 'D': 3, 'A': 2, 'C': 1}","[1.0, 0.79, 1.0]",3.95
51,"[1, 3, 4]","[3, 2, 3]","[0.58, 0.58, 0.75]","[['D', 'B', 'C', 'A'], ['B', 'D', 'C', 'A'], ['A', 'C', 'B', 'D']]","{'B': 3, 'D': 3, 'A': 2, 'C': 2}","[1.0, 0.79, 1.0]",3.95
51,"[1, 3, 4]","[3, 2, 3]","[0.58, 0.58, 0.75]","[['D', 'B', 'C', 'A'], ['B', 'D', 'C', 'A'], ['A', 'C', 'D', 'B']]","{'B': 3, 'D': 3, 'A': 2, 'C': 2}","[1.0, 0.79, 1.0]",3.95
51,"[1, 3, 4]","[3, 2, 3]","[0.58, 0.58, 0.75]","[['D', 'B', 'C', 'A'], ['B', 'D', 'C', 'A'], ['A', 'D', 'B', 'C']]","{'D': 4, 'B': 3, 'A': 2, 'C': 1}","[0.67, 1.0, 0.79]",3.58
51,"[1, 3, 4]","[3, 2, 3]","[0.58, 0.58, 0.75]","[['D', 'B', 'C', 'A'], ['B', 'D', 'C', 'A'], ['A', 'D', 'C', 'B']]","{'D': 4, 'B': 3, 'A': 2, 'C': 1}","[0.67, 1.0, 0.79]",3.58
51,"[1, 3, 4]","[3, 2, 3]","[0.58, 0.58, 0.75]","[['D', 'B', 'C', 'A'], ['B', 'D', 'C', 'A'], ['B', 'A', 'C', 'D']]","{'B': 4, 'D': 3, 'A': 2, 'C': 1}","[1.0, 0.79, 1.0]",3.95
51,"[1, 3, 4]","[3, 2, 3]","[0.58, 0.58, 0.75]","[['D', 'B', 'C', 'A'], ['B', 'D', 'C', 'A'], ['B', 'A', 'D', 'C']]","{'B': 4, 'D': 3, 'A': 2, 'C': 1}","[1.0, 0.79, 1.0]",3.95
51,"[1, 3, 4]","[3, 2, 3]","[0.58, 0.58, 0.75]","[['D', 'B', 'C', 'A'], ['B', 'D', 'C', 'A'], ['B', 'C', 'A', 'D']]","{'B': 4, 'D': 3, 'C': 2, 'A': 1}","[1.0, 0.67, 1.0]",3.96
51,"[1, 3, 4]","[3, 2, 3]","[0.58, 0.58, 0.75]","[['D', 'B', 'C', 'A'], ['B', 'D', 'C', 'A'], ['B', 'C', 'D', 'A']]","{'B': 4, 'D': 3, 'C': 2, 'A': 1}","[1.0, 0.67, 1.0]",3.96
51,"[1, 3, 4]","[3, 2, 3]","[0.58, 0.58, 0.75]","[['D', 'B', 'C', 'A'], ['B', 'D', 'C', 'A'], ['B', 'D', 'A', 'C']]","{'B': 4, 'D': 4, 'A': 1, 'C': 1}","[1.0, 0.79, 1.0]",3.95
51,"[1, 3, 4]","[3, 2, 3]","[0.58, 0.58, 0.75]","[['D', 'B', 'C', 'A'], ['B', 'D', 'C', 'A'], ['B', 'D', 'C', 'A']]","{'B': 4, 'D': 4, 'A': 1, 'C': 1}","[1.0, 0.79, 1.0]",3.95
51,"[1, 3, 4]","[3, 2, 3]","[0.58, 0.58, 0.75]","[['D', 'B', 'C', 'A'], ['B', 'D', 'C', 'A'], ['C', 'A', 'B', 'D']]","{'B': 3, 'D': 3, 'A': 2, 'C': 2}","[1.0, 0.79, 1.0]",3.95
51,"[1, 3, 4]","[3, 2, 3]","[0.58, 0.58, 0.75]","[['D', 'B', 'C', 'A'], ['B', 'D', 'C', 'A'], ['C', 'A', 'D', 'B']]","{'B': 3, 'D': 3, 'A': 2, 'C': 2}","[1.0, 0.79, 1.0]",3.95
51,"[1, 3, 4]","[3, 2, 3]","[0.58, 0.58, 0.75]","[['D', 'B', 'C', 'A'], ['B', 'D', 'C', 'A'], ['C', 'B', 'A', 'D']]","{'B': 4, 'D': 3, 'C': 2, 'A': 1}","[1.0, 0.67, 1.0]",3.96
51,"[1, 3, 4]","[3, 2, 3]","[0.58, 0.58, 0.75]","[['D', 'B', 'C', 'A'], ['B', 'D', 'C', 'A'], ['C', 'B', 'D', 'A']]","{'B': 4, 'D': 3, 'C': 2, 'A': 1}","[1.0, 0.67, 1.0]",3.96
51,"[1, 3, 4]","[3, 2, 3]","[0.58, 0.58, 0.75]","[['D', 'B', 'C', 'A'], ['B', 'D', 'C', 'A'], ['D', 'A', 'B', 'C']]","{'D': 4, 'B': 3, 'A': 2, 'C': 1}","[0.67, 1.0, 0.79]",3.58
51,"[1, 3, 4]","[3, 2, 3]","[0.58, 0.58, 0.75]","[['D', 'B', 'C', 'A'], ['B', 'D', 'C', 'A'], ['D', 'A', 'C', 'B']]","{'D': 4, 'B': 3, 'A': 2, 'C': 1}","[0.67, 1.0, 0.79]",3.58
51,"[1, 3, 4]","[3, 2, 3]","[0.58, 0.58, 0.75]","[['D', 'B', 'C', 'A'], ['B', 'D', 'C', 'A'], ['D', 'B', 'A', 'C']]","{'B': 4, 'D': 4, 'A': 1, 'C': 1}","[1.0, 0.79, 1.0]",3.95
51,"[1, 3, 4]","[3, 2, 3]","[0.58, 0.58, 0.75]","[['D', 'B', 'C', 'A'], ['B', 'D', 'C', 'A'], ['D', 'B', 'C', 'A']]","{'B': 4, 'D': 4, 'A': 1, 'C': 1}","[1.0, 0.79, 1.0]",3.95
51,"[1, 3, 4]","[3, 2, 3]","[0.58, 0.58, 0.75]","[['D', 'B', 'C', 'A'], ['C', 'A', 'B', 'D'], ['B', 'D', 'A', 'C']]","{'B': 3, 'D': 3, 'A': 2, 'C': 2}","[1.0, 0.79, 1.0]",3.95
51,"[1, 3, 4]","[3, 2, 3]","[0.58, 0.58, 0.75]","[['D', 'B', 'C', 'A'], ['C', 'A', 'B', 'D'], ['B', 'D', 'C', 'A']]","{'B': 3, 'D': 3, 'A': 2, 'C': 2}","[1.0, 0.79, 1.0]",3.95
51,"[1, 3, 4]","[3, 2, 3]","[0.58, 0.58, 0.75]","[['D', 'B', 'C', 'A'], ['C', 'A', 'B', 'D'], ['D', 'B', 'A', 'C']]","{'B': 3, 'D': 3, 'A': 2, 'C': 2}","[1.0, 0.79, 1.0]",3.95
51,"[1, 3, 4]","[3, 2, 3]","[0.58, 0.58, 0.75]","[['D', 'B', 'C', 'A'], ['C', 'A', 'B', 'D'], ['D', 'B', 'C', 'A']]","{'B': 3, 'D': 3, 'A': 2, 'C': 2}","[1.0, 0.79, 1.0]",3.95
51,"[1, 3, 4]","[3, 2, 3]","[0.58, 0.58, 0.75]","[['D', 'B', 'C', 'A'], ['C', 'A', 'D', 'B'], ['B', 'D', 'A', 'C']]","{'B': 3, 'D': 3, 'A': 2, 'C': 2}","[1.0, 0.79, 1.0]",3.95
51,"[1, 3, 4]","[3, 2, 3]","[0.58, 0.58, 0.75]","[['D', 'B', 'C', 'A'], ['C', 'A', 'D', 'B'], ['B', 'D', 'C', 'A']]","{'B': 3, 'D': 3, 'A': 2, 'C': 2}","[1.0, 0.79, 1.0]",3.95
51,"[1, 3, 4]","[3, 2, 3]","[0.58, 0.58, 0.75]","[['D', 'B', 'C', 'A'], ['C', 'A', 'D', 'B'], ['D', 'B', 'A', 'C']]","{'B': 3, 'D': 3, 'A': 2, 'C': 2}","[1.0, 0.79, 1.0]",3.95
51,"[1, 3, 4]","[3, 2, 3]","[0.58, 0.58, 0.75]","[['D', 'B', 'C', 'A'], ['C', 'A', 'D', 'B'], ['D', 'B', 'C', 'A']]","{'B': 3, 'D': 3, 'A': 2, 'C': 2}","[1.0, 0.79, 1.0]",3.95
51,"[1, 3, 4]","[3, 2, 3]","[0.58, 0.58, 0.75]","[['D', 'B', 'C', 'A'], ['C', 'B', 'A', 'D'], ['A', 'D', 'B', 'C']]","{'B': 3, 'D': 3, 'A': 2, 'C': 2}","[1.0, 0.79, 1.0]",3.95
51,"[1, 3, 4]","[3, 2, 3]","[0.58, 0.58, 0.75]","[['D', 'B', 'C', 'A'], ['C', 'B', 'A', 'D'], ['A', 'D', 'C', 'B']]","{'B': 3, 'D': 3, 'A': 2, 'C': 2}","[1.0, 0.79, 1.0]",3.95
51,"[1, 3, 4]","[3, 2, 3]","[0.58, 0.58, 0.75]","[['D', 'B', 'C', 'A'], ['C', 'B', 'A', 'D'], ['B', 'D', 'A', 'C']]","{'B': 4, 'D': 3, 'C': 2, 'A': 1}","[1.0, 0.67, 1.0]",3.96
51,"[1, 3, 4]","[3, 2, 3]","[0.58, 0.58, 0.75]","[['D', 'B', 'C', 'A'], ['C', 'B', 'A', 'D'], ['B', 'D', 'C', 'A']]","{'B': 4, 'D': 3, 'C': 2, 'A': 1}","[1.0, 0.67, 1.0]",3.96
51,"[1, 3, 4]","[3, 2, 3]","[0.58, 0.58, 0.75]","[['D', 'B', 'C', 'A'], ['C', 'B', 'A', 'D'], ['D', 'A', 'B', 'C']]","{'B': 3, 'D': 3, 'A': 2, 'C': 2}","[1.0, 0.79, 1.0]",3.95
51,"[1, 3, 4]","[3, 2, 3]","[0.58, 0.58, 0.75]","[['D', 'B', 'C', 'A'], ['C', 'B', 'A', 'D'], ['D', 'A', 'C', 'B']]","{'B': 3, 'D': 3, 'A': 2, 'C': 2}","[1.0, 0.79, 1.0]",3.95
51,"[1, 3, 4]","[3, 2, 3]","[0.58, 0.58, 0.75]","[['D', 'B', 'C', 'A'], ['C', 'B', 'A', 'D'], ['D', 'B', 'A', 'C']]","{'B': 4, 'D': 3, 'C': 2, 'A': 1}","[1.0, 0.67, 1.0]",3.96
51,"[1, 3, 4]","[3, 2, 3]","[0.58, 0.58, 0.75]","[['D', 'B', 'C', 'A'], ['C', 'B', 'A', 'D'], ['D', 'B', 'C', 'A']]","{'B': 4, 'D': 3, 'C': 2, 'A': 1}","[1.0, 0.67, 1.0]",3.96
51,"[1, 3, 4]","[3, 2, 3]","[0.58, 0.58, 0.75]","[['D', 'B', 'C', 'A'], ['C', 'B', 'D', 'A'], ['A', 'D', 'B', 'C']]","{'B': 3, 'D': 3, 'A': 2, 'C': 2}","[1.0, 0.79, 1.0]",3.95
51,"[1, 3, 4]","[3, 2, 3]","[0.58, 0.58, 0.75]","[['D', 'B', 'C', 'A'], ['C', 'B', 'D', 'A'], ['A', 'D', 'C', 'B']]","{'B': 3, 'D': 3, 'A': 2, 'C': 2}","[1.0, 0.79, 1.0]",3.95
51,"[1, 3, 4]","[3, 2, 3]","[0.58, 0.58, 0.75]","[['D', 'B', 'C', 'A'], ['C', 'B', 'D', 'A'], ['B', 'D', 'A', 'C']]","{'B': 4, 'D': 3, 'C': 2, 'A': 1}","[1.0, 0.67, 1.0]",3.96
51,"[1, 3, 4]","[3, 2, 3]","[0.58, 0.58, 0.75]","[['D', 'B', 'C', 'A'], ['C', 'B', 'D', 'A'], ['B', 'D', 'C', 'A']]","{'B': 4, 'D': 3, 'C': 2, 'A': 1}","[1.0, 0.67, 1.0]",3.96
51,"[1, 3, 4]","[3, 2, 3]","[0.58, 0.58, 0.75]","[['D', 'B', 'C', 'A'], ['C', 'B', 'D', 'A'], ['D', 'A', 'B', 'C']]","{'B': 3, 'D': 3, 'A': 2, 'C': 2}","[1.0, 0.79, 1.0]",3.95
51,"[1, 3, 4]","[3, 2, 3]","[0.58, 0.58, 0.75]","[['D', 'B', 'C', 'A'], ['C', 'B', 'D', 'A'], ['D', 'A', 'C', 'B']]","{'B': 3, 'D': 3, 'A': 2, 'C': 2}","[1.0, 0.79, 1.0]",3.95
51,"[1, 3, 4]","[3, 2, 3]","[0.58, 0.58, 0.75]","[['D', 'B', 'C', 'A'], ['C', 'B', 'D', 'A'], ['D', 'B', 'A', 'C']]","{'B': 4, 'D': 3, 'C': 2, 'A': 1}","[1.0, 0.67, 1.0]",3.96
51,"[1, 3, 4]","[3, 2, 3]","[0.58, 0.58, 0.75]","[['D', 'B', 'C', 'A'], ['C', 'B', 'D', 'A'], ['D', 'B', 'C', 'A']]","{'B': 4, 'D': 3, 'C': 2, 'A': 1}","[1.0, 0.67, 1.0]",3.96
51,"[1, 3, 4]","[3, 2, 3]","[0.58, 0.58, 0.75]","[['D', 'B', 'C', 'A'], ['C', 'D', 'A', 'B'], ['A', 'B', 'C', 'D']]","{'B': 3, 'D': 3, 'A': 2, 'C': 2}","[1.0, 0.79, 1.0]",3.95
51,"[1, 3, 4]","[3, 2, 3]","[0.58, 0.58, 0.75]","[['D', 'B', 'C', 'A'], ['C', 'D', 'A', 'B'], ['A', 'B', 'D', 'C']]","{'B': 3, 'D': 3, 'A': 2, 'C': 2}","[1.0, 0.79, 1.0]",3.95
51,"[1, 3, 4]","[3, 2, 3]","[0.58, 0.58, 0.75]","[['D', 'B', 'C', 'A'], ['C', 'D', 'A', 'B'], ['B', 'A', 'C', 'D']]","{'B': 3, 'D': 3, 'A': 2, 'C': 2}","[1.0, 0.79, 1.0]",3.95
51,"[1, 3, 4]","[3, 2, 3]","[0.58, 0.58, 0.75]","[['D', 'B', 'C', 'A'], ['C', 'D', 'A', 'B'], ['B', 'A', 'D', 'C']]","{'B': 3, 'D': 3, 'A': 2, 'C': 2}","[1.0, 0.79, 1.0]",3.95
51,"[1, 3, 4]","[3, 2, 3]","[0.58, 0.58, 0.75]","[['D', 'B', 'C', 'A'], ['C', 'D', 'B', 'A'], ['A', 'B', 'C', 'D']]","{'B': 3, 'D': 3, 'A': 2, 'C': 2}","[1.0, 0.79, 1.0]",3.95
51,"[1, 3, 4]","[3, 2, 3]","[0.58, 0.58, 0.75]","[['D', 'B', 'C', 'A'], ['C', 'D', 'B', 'A'], ['A', 'B', 'D', 'C']]","{'B': 3, 'D': 3, 'A': 2, 'C': 2}","[1.0, 0.79, 1.0]",3.95
51,"[1, 3, 4]","[3, 2, 3]","[0.58, 0.58, 0.75]","[['D', 'B', 'C', 'A'], ['C', 'D', 'B', 'A'], ['B', 'A', 'C', 'D']]","{'B': 3, 'D': 3, 'A': 2, 'C': 2}","[1.0, 0.79, 1.0]",3.95
51,"[1, 3, 4]","[3, 2, 3]","[0.58, 0.58, 0.75]","[['D', 'B', 'C', 'A'], ['C', 'D', 'B', 'A'], ['B', 'A', 'D', 'C']]","{'B': 3, 'D': 3, 'A': 2, 'C': 2}","[1.0, 0.79, 1.0]",3.95
51,"[1, 3, 4]","[3, 2, 3]","[0.58, 0.58, 0.75]","[['D', 'B', 'C', 'A'], ['D', 'A', 'B', 'C'], ['B', 'C', 'A', 'D']]","{'B': 3, 'D': 3, 'A': 2, 'C': 2}","[1.0, 0.79, 1.0]",3.95
51,"[1, 3, 4]","[3, 2, 3]","[0.58, 0.58, 0.75]","[['D', 'B', 'C', 'A'], ['D', 'A', 'B', 'C'], ['B', 'C', 'D', 'A']]","{'B': 3, 'D': 3, 'A': 2, 'C': 2}","[1.0, 0.79, 1.0]",3.95
51,"[1, 3, 4]","[3, 2, 3]","[0.58, 0.58, 0.75]","[['D', 'B', 'C', 'A'], ['D', 'A', 'B', 'C'], ['B', 'D', 'A', 'C']]","{'D': 4, 'B': 3, 'A': 2, 'C': 1}","[0.67, 1.0, 0.79]",3.58
51,"[1, 3, 4]","[3, 2, 3]","[0.58, 0.58, 0.75]","[['D', 'B', 'C', 'A'], ['D', 'A', 'B', 'C'], ['B', 'D', 'C', 'A']]","{'D': 4, 'B': 3, 'A': 2, 'C': 1}","[0.67, 1.0, 0.79]",3.58
51,"[1, 3, 4]","[3, 2, 3]","[0.58, 0.58, 0.75]","[['D', 'B', 'C', 'A'], ['D', 'A', 'B', 'C'], ['C', 'B', 'A', 'D']]","{'B': 3, 'D': 3, 'A': 2, 'C': 2}","[1.0, 0.79, 1.0]",3.95
51,"[1, 3, 4]","[3, 2, 3]","[0.58, 0.58, 0.75]","[['D', 'B', 'C', 'A'], ['D', 'A', 'B', 'C'], ['C', 'B', 'D', 'A']]","{'B': 3, 'D': 3, 'A': 2, 'C': 2}","[1.0, 0.79, 1.0]",3.95
51,"[1, 3, 4]","[3, 2, 3]","[0.58, 0.58, 0.75]","[['D', 'B', 'C', 'A'], ['D', 'A', 'B', 'C'], ['D', 'B', 'A', 'C']]","{'D': 4, 'B': 3, 'A': 2, 'C': 1}","[0.67, 1.0, 0.79]",3.58
51,"[1, 3, 4]","[3, 2, 3]","[0.58, 0.58, 0.75]","[['D', 'B', 'C', 'A'], ['D', 'A', 'B', 'C'], ['D', 'B', 'C', 'A']]","{'D': 4, 'B': 3, 'A': 2, 'C': 1}","[0.67, 1.0, 0.79]",3.58
51,"[1, 3, 4]","[3, 2, 3]","[0.58, 0.58, 0.75]","[['D', 'B', 'C', 'A'], ['D', 'A', 'C', 'B'], ['B', 'C', 'A', 'D']]","{'B': 3, 'D': 3, 'A': 2, 'C': 2}","[1.0, 0.79, 1.0]",3.95
51,"[1, 3, 4]","[3, 2, 3]","[0.58, 0.58, 0.75]","[['D', 'B', 'C', 'A'], ['D', 'A', 'C', 'B'], ['B', 'C', 'D', 'A']]","{'B': 3, 'D': 3, 'A': 2, 'C': 2}","[1.0, 0.79, 1.0]",3.95
51,"[1, 3, 4]","[3, 2, 3]","[0.58, 0.58, 0.75]","[['D', 'B', 'C', 'A'], ['D', 'A', 'C', 'B'], ['B', 'D', 'A', 'C']]","{'D': 4, 'B': 3, 'A': 2, 'C': 1}","[0.67, 1.0, 0.79]",3.58
51,"[1, 3, 4]","[3, 2, 3]","[0.58, 0.58, 0.75]","[['D', 'B', 'C', 'A'], ['D', 'A', 'C', 'B'], ['B', 'D', 'C', 'A']]","{'D': 4, 'B': 3, 'A': 2, 'C': 1}","[0.67, 1.0, 0.79]",3.58
51,"[1, 3, 4]","[3, 2, 3]","[0.58, 0.58, 0.75]","[['D', 'B', 'C', 'A'], ['D', 'A', 'C', 'B'], ['C', 'B', 'A', 'D']]","{'B': 3, 'D': 3, 'A': 2, 'C': 2}","[1.0, 0.79, 1.0]",3.95
51,"[1, 3, 4]","[3, 2, 3]","[0.58, 0.58, 0.75]","[['D', 'B', 'C', 'A'], ['D', 'A', 'C', 'B'], ['C', 'B', 'D', 'A']]","{'B': 3, 'D': 3, 'A': 2, 'C': 2}","[1.0, 0.79, 1.0]",3.95
51,"[1, 3, 4]","[3, 2, 3]","[0.58, 0.58, 0.75]","[['D', 'B', 'C', 'A'], ['D', 'A', 'C', 'B'], ['D', 'B', 'A', 'C']]","{'D': 4, 'B': 3, 'A': 2, 'C': 1}","[0.67, 1.0, 0.79]",3.58
51,"[1, 3, 4]","[3, 2, 3]","[0.58, 0.58, 0.75]","[['D', 'B', 'C', 'A'], ['D', 'A', 'C', 'B'], ['D', 'B', 'C', 'A']]","{'D': 4, 'B': 3, 'A': 2, 'C': 1}","[0.67, 1.0, 0.79]",3.58
51,"[1, 3, 4]","[3, 2, 3]","[0.58, 0.58, 0.75]","[['D', 'B', 'C', 'A'], ['D', 'B', 'A', 'C'], ['A', 'B', 'C', 'D']]","{'B': 4, 'D': 3, 'A': 2, 'C': 1}","[1.0, 0.79, 1.0]",3.95
51,"[1, 3, 4]","[3, 2, 3]","[0.58, 0.58, 0.75]","[['D', 'B', 'C', 'A'], ['D', 'B', 'A', 'C'], ['A', 'B', 'D', 'C']]","{'B': 4, 'D': 3, 'A': 2, 'C': 1}","[1.0, 0.79, 1.0]",3.95
51,"[1, 3, 4]","[3, 2, 3]","[0.58, 0.58, 0.75]","[['D', 'B', 'C', 'A'], ['D', 'B', 'A', 'C'], ['A', 'C', 'B', 'D']]","{'B': 3, 'D': 3, 'A': 2, 'C': 2}","[1.0, 0.79, 1.0]",3.95
51,"[1, 3, 4]","[3, 2, 3]","[0.58, 0.58, 0.75]","[['D', 'B', 'C', 'A'], ['D', 'B', 'A', 'C'], ['A', 'C', 'D', 'B']]","{'B': 3, 'D': 3, 'A': 2, 'C': 2}","[1.0, 0.79, 1.0]",3.95
51,"[1, 3, 4]","[3, 2, 3]","[0.58, 0.58, 0.75]","[['D', 'B', 'C', 'A'], ['D', 'B', 'A', 'C'], ['A', 'D', 'B', 'C']]","{'D': 4, 'B': 3, 'A': 2, 'C': 1}","[0.67, 1.0, 0.79]",3.58
51,"[1, 3, 4]","[3, 2, 3]","[0.58, 0.58, 0.75]","[['D', 'B', 'C', 'A'], ['D', 'B', 'A', 'C'], ['A', 'D', 'C', 'B']]","{'D': 4, 'B': 3, 'A': 2, 'C': 1}","[0.67, 1.0, 0.79]",3.58
51,"[1, 3, 4]","[3, 2, 3]","[0.58, 0.58, 0.75]","[['D', 'B', 'C', 'A'], ['D', 'B', 'A', 'C'], ['B', 'A', 'C', 'D']]","{'B': 4, 'D': 3, 'A': 2, 'C': 1}","[1.0, 0.79, 1.0]",3.95
51,"[1, 3, 4]","[3, 2, 3]","[0.58, 0.58, 0.75]","[['D', 'B', 'C', 'A'], ['D', 'B', 'A', 'C'], ['B', 'A', 'D', 'C']]","{'B': 4, 'D': 3, 'A': 2, 'C': 1}","[1.0, 0.79, 1.0]",3.95
51,"[1, 3, 4]","[3, 2, 3]","[0.58, 0.58, 0.75]","[['D', 'B', 'C', 'A'], ['D', 'B', 'A', 'C'], ['B', 'C', 'A', 'D']]","{'B': 4, 'D': 3, 'C': 2, 'A': 1}","[1.0, 0.67, 1.0]",3.96
51,"[1, 3, 4]","[3, 2, 3]","[0.58, 0.58, 0.75]","[['D', 'B', 'C', 'A'], ['D', 'B', 'A', 'C'], ['B', 'C', 'D', 'A']]","{'B': 4, 'D': 3, 'C': 2, 'A': 1}","[1.0, 0.67, 1.0]",3.96
51,"[1, 3, 4]","[3, 2, 3]","[0.58, 0.58, 0.75]","[['D', 'B', 'C', 'A'], ['D', 'B', 'A', 'C'], ['B', 'D', 'A', 'C']]","{'B': 4, 'D': 4, 'A': 1, 'C': 1}","[1.0, 0.79, 1.0]",3.95
51,"[1, 3, 4]","[3, 2, 3]","[0.58, 0.58, 0.75]","[['D', 'B', 'C', 'A'], ['D', 'B', 'A', 'C'], ['B', 'D', 'C', 'A']]","{'B': 4, 'D': 4, 'A': 1, 'C': 1}","[1.0, 0.79, 1.0]",3.95
51,"[1, 3, 4]","[3, 2, 3]","[0.58, 0.58, 0.75]","[['D', 'B', 'C', 'A'], ['D', 'B', 'A', 'C'], ['C', 'A', 'B', 'D']]","{'B': 3, 'D': 3, 'A': 2, 'C': 2}","[1.0, 0.79, 1.0]",3.95
51,"[1, 3, 4]","[3, 2, 3]","[0.58, 0.58, 0.75]","[['D', 'B', 'C', 'A'], ['D', 'B', 'A', 'C'], ['C', 'A', 'D', 'B']]","{'B': 3, 'D': 3, 'A': 2, 'C': 2}","[1.0, 0.79, 1.0]",3.95
51,"[1, 3, 4]","[3, 2, 3]","[0.58, 0.58, 0.75]","[['D', 'B', 'C', 'A'], ['D', 'B', 'A', 'C'], ['C', 'B', 'A', 'D']]","{'B': 4, 'D': 3, 'C': 2, 'A': 1}","[1.0, 0.67, 1.0]",3.96
51,"[1, 3, 4]","[3, 2, 3]","[0.58, 0.58, 0.75]","[['D', 'B', 'C', 'A'], ['D', 'B', 'A', 'C'], ['C', 'B', 'D', 'A']]","{'B': 4, 'D': 3, 'C': 2, 'A': 1}","[1.0, 0.67, 1.0]",3.96
51,"[1, 3, 4]","[3, 2, 3]","[0.58, 0.58, 0.75]","[['D', 'B', 'C', 'A'], ['D', 'B', 'A', 'C'], ['D', 'A', 'B', 'C']]","{'D': 4, 'B': 3, 'A': 2, 'C': 1}","[0.67, 1.0, 0.79]",3.58
51,"[1, 3, 4]","[3, 2, 3]","[0.58, 0.58, 0.75]","[['D', 'B', 'C', 'A'], ['D', 'B', 'A', 'C'], ['D', 'A', 'C', 'B']]","{'D': 4, 'B': 3, 'A': 2, 'C': 1}","[0.67, 1.0, 0.79]",3.58
51,"[1, 3, 4]","[3, 2, 3]","[0.58, 0.58, 0.75]","[['D', 'B', 'C', 'A'], ['D', 'B', 'A', 'C'], ['D', 'B', 'A', 'C']]","{'B': 4, 'D': 4, 'A': 1, 'C': 1}","[1.0, 0.79, 1.0]",3.95
51,"[1, 3, 4]","[3, 2, 3]","[0.58, 0.58, 0.75]","[['D', 'B', 'C', 'A'], ['D', 'B', 'A', 'C'], ['D', 'B', 'C', 'A']]","{'B': 4, 'D': 4, 'A': 1, 'C': 1}","[1.0, 0.79, 1.0]",3.95
51,"[1, 3, 4]","[3, 2, 3]","[0.58, 0.58, 0.75]","[['D', 'B', 'C', 'A'], ['D', 'B', 'C', 'A'], ['A', 'B', 'C', 'D']]","{'B': 4, 'D': 3, 'A': 2, 'C': 1}","[1.0, 0.79, 1.0]",3.95
51,"[1, 3, 4]","[3, 2, 3]","[0.58, 0.58, 0.75]","[['D', 'B', 'C', 'A'], ['D', 'B', 'C', 'A'], ['A', 'B', 'D', 'C']]","{'B': 4, 'D': 3, 'A': 2, 'C': 1}","[1.0, 0.79, 1.0]",3.95
51,"[1, 3, 4]","[3, 2, 3]","[0.58, 0.58, 0.75]","[['D', 'B', 'C', 'A'], ['D', 'B', 'C', 'A'], ['A', 'C', 'B', 'D']]","{'B': 3, 'D': 3, 'A': 2, 'C': 2}","[1.0, 0.79, 1.0]",3.95
51,"[1, 3, 4]","[3, 2, 3]","[0.58, 0.58, 0.75]","[['D', 'B', 'C', 'A'], ['D', 'B', 'C', 'A'], ['A', 'C', 'D', 'B']]","{'B': 3, 'D': 3, 'A': 2, 'C': 2}","[1.0, 0.79, 1.0]",3.95
51,"[1, 3, 4]","[3, 2, 3]","[0.58, 0.58, 0.75]","[['D', 'B', 'C', 'A'], ['D', 'B', 'C', 'A'], ['A', 'D', 'B', 'C']]","{'D': 4, 'B': 3, 'A': 2, 'C': 1}","[0.67, 1.0, 0.79]",3.58
51,"[1, 3, 4]","[3, 2, 3]","[0.58, 0.58, 0.75]","[['D', 'B', 'C', 'A'], ['D', 'B', 'C', 'A'], ['A', 'D', 'C', 'B']]","{'D': 4, 'B': 3, 'A': 2, 'C': 1}","[0.67, 1.0, 0.79]",3.58
51,"[1, 3, 4]","[3, 2, 3]","[0.58, 0.58, 0.75]","[['D', 'B', 'C', 'A'], ['D', 'B', 'C', 'A'], ['B', 'A', 'C', 'D']]","{'B': 4, 'D': 3, 'A': 2, 'C': 1}","[1.0, 0.79, 1.0]",3.95
51,"[1, 3, 4]","[3, 2, 3]","[0.58, 0.58, 0.75]","[['D', 'B', 'C', 'A'], ['D', 'B', 'C', 'A'], ['B', 'A', 'D', 'C']]","{'B': 4, 'D': 3, 'A': 2, 'C': 1}","[1.0, 0.79, 1.0]",3.95
51,"[1, 3, 4]","[3, 2, 3]","[0.58, 0.58, 0.75]","[['D', 'B', 'C', 'A'], ['D', 'B', 'C', 'A'], ['B', 'C', 'A', 'D']]","{'B': 4, 'D': 3, 'C': 2, 'A': 1}","[1.0, 0.67, 1.0]",3.96
51,"[1, 3, 4]","[3, 2, 3]","[0.58, 0.58, 0.75]","[['D', 'B', 'C', 'A'], ['D', 'B', 'C', 'A'], ['B', 'C', 'D', 'A']]","{'B': 4, 'D': 3, 'C': 2, 'A': 1}","[1.0, 0.67, 1.0]",3.96
51,"[1, 3, 4]","[3, 2, 3]","[0.58, 0.58, 0.75]","[['D', 'B', 'C', 'A'], ['D', 'B', 'C', 'A'], ['B', 'D', 'A', 'C']]","{'B': 4, 'D': 4, 'A': 1, 'C': 1}","[1.0, 0.79, 1.0]",3.95
51,"[1, 3, 4]","[3, 2, 3]","[0.58, 0.58, 0.75]","[['D', 'B', 'C', 'A'], ['D', 'B', 'C', 'A'], ['B', 'D', 'C', 'A']]","{'B': 4, 'D': 4, 'A': 1, 'C': 1}","[1.0, 0.79, 1.0]",3.95
51,"[1, 3, 4]","[3, 2, 3]","[0.58, 0.58, 0.75]","[['D', 'B', 'C', 'A'], ['D', 'B', 'C', 'A'], ['C', 'A', 'B', 'D']]","{'B': 3, 'D': 3, 'A': 2, 'C': 2}","[1.0, 0.79, 1.0]",3.95
51,"[1, 3, 4]","[3, 2, 3]","[0.58, 0.58, 0.75]","[['D', 'B', 'C', 'A'], ['D', 'B', 'C', 'A'], ['C', 'A', 'D', 'B']]","{'B': 3, 'D': 3, 'A': 2, 'C': 2}","[1.0, 0.79, 1.0]",3.95
51,"[1, 3, 4]","[3, 2, 3]","[0.58, 0.58, 0.75]","[['D', 'B', 'C', 'A'], ['D', 'B', 'C', 'A'], ['C', 'B', 'A', 'D']]","{'B': 4, 'D': 3, 'C': 2, 'A': 1}","[1.0, 0.67, 1.0]",3.96
51,"[1, 3, 4]","[3, 2, 3]","[0.58, 0.58, 0.75]","[['D', 'B', 'C', 'A'], ['D', 'B', 'C', 'A'], ['C', 'B', 'D', 'A']]","{'B': 4, 'D': 3, 'C': 2, 'A': 1}","[1.0, 0.67, 1.0]",3.96
51,"[1, 3, 4]","[3, 2, 3]","[0.58, 0.58, 0.75]","[['D', 'B', 'C', 'A'], ['D', 'B', 'C', 'A'], ['D', 'A', 'B', 'C']]","{'D': 4, 'B': 3, 'A': 2, 'C': 1}","[0.67, 1.0, 0.79]",3.58
51,"[1, 3, 4]","[3, 2, 3]","[0.58, 0.58, 0.75]","[['D', 'B', 'C', 'A'], ['D', 'B', 'C', 'A'], ['D', 'A', 'C', 'B']]","{'D': 4, 'B': 3, 'A': 2, 'C': 1}","[0.67, 1.0, 0.79]",3.58
51,"[1, 3, 4]","[3, 2, 3]","[0.58, 0.58, 0.75]","[['D', 'B', 'C', 'A'], ['D', 'B', 'C', 'A'], ['D', 'B', 'A', 'C']]","{'B': 4, 'D': 4, 'A': 1, 'C': 1}","[1.0, 0.79, 1.0]",3.95
51,"[1, 3, 4]","[3, 2, 3]","[0.58, 0.58, 0.75]","[['D', 'B', 'C', 'A'], ['D', 'B', 'C', 'A'], ['D', 'B', 'C', 'A']]","{'B': 4, 'D': 4, 'A': 1, 'C': 1}","[1.0, 0.79, 1.0]",3.95
51,"[1, 3, 4]","[3, 2, 3]","[0.58, 0.58, 0.75]","[['D', 'B', 'C', 'A'], ['D', 'C', 'A', 'B'], ['A', 'B', 'C', 'D']]","{'B': 3, 'D': 3, 'A': 2, 'C': 2}","[1.0, 0.79, 1.0]",3.95
51,"[1, 3, 4]","[3, 2, 3]","[0.58, 0.58, 0.75]","[['D', 'B', 'C', 'A'], ['D', 'C', 'A', 'B'], ['A', 'B', 'D', 'C']]","{'B': 3, 'D': 3, 'A': 2, 'C': 2}","[1.0, 0.79, 1.0]",3.95
51,"[1, 3, 4]","[3, 2, 3]","[0.58, 0.58, 0.75]","[['D', 'B', 'C', 'A'], ['D', 'C', 'A', 'B'], ['B', 'A', 'C', 'D']]","{'B': 3, 'D': 3, 'A': 2, 'C': 2}","[1.0, 0.79, 1.0]",3.95
51,"[1, 3, 4]","[3, 2, 3]","[0.58, 0.58, 0.75]","[['D', 'B', 'C', 'A'], ['D', 'C', 'A', 'B'], ['B', 'A', 'D', 'C']]","{'B': 3, 'D': 3, 'A': 2, 'C': 2}","[1.0, 0.79, 1.0]",3.95
51,"[1, 3, 4]","[3, 2, 3]","[0.58, 0.58, 0.75]","[['D', 'B', 'C', 'A'], ['D', 'C', 'B', 'A'], ['A', 'B', 'C', 'D']]","{'B': 3, 'D': 3, 'A': 2, 'C': 2}","[1.0, 0.79, 1.0]",3.95
51,"[1, 3, 4]","[3, 2, 3]","[0.58, 0.58, 0.75]","[['D', 'B', 'C', 'A'], ['D', 'C', 'B', 'A'], ['A', 'B', 'D', 'C']]","{'B': 3, 'D': 3, 'A': 2, 'C': 2}","[1.0, 0.79, 1.0]",3.95
51,"[1, 3, 4]","[3, 2, 3]","[0.58, 0.58, 0.75]","[['D', 'B', 'C', 'A'], ['D', 'C', 'B', 'A'], ['B', 'A', 'C', 'D']]","{'B': 3, 'D': 3, 'A': 2, 'C': 2}","[1.0, 0.79, 1.0]",3.95
51,"[1, 3, 4]","[3, 2, 3]","[0.58, 0.58, 0.75]","[['D', 'B', 'C', 'A'], ['D', 'C', 'B', 'A'], ['B', 'A', 'D', 'C']]","{'B': 3, 'D': 3, 'A': 2, 'C': 2}","[1.0, 0.79, 1.0]",3.95
51,"[1, 3, 4]","[3, 2, 3]","[0.58, 0.58, 0.75]","[['D', 'C', 'A', 'B'], ['A', 'B', 'C', 'D'], ['B', 'D', 'A', 'C']]","{'B': 3, 'D': 3, 'A': 2, 'C': 2}","[1.0, 0.79, 1.0]",3.95
51,"[1, 3, 4]","[3, 2, 3]","[0.58, 0.58, 0.75]","[['D', 'C', 'A', 'B'], ['A', 'B', 'C', 'D'], ['B', 'D', 'C', 'A']]","{'B': 3, 'D': 3, 'A': 2, 'C': 2}","[1.0, 0.79, 1.0]",3.95
51,"[1, 3, 4]","[3, 2, 3]","[0.58, 0.58, 0.75]","[['D', 'C', 'A', 'B'], ['A', 'B', 'C', 'D'], ['D', 'B', 'A', 'C']]","{'B': 3, 'D': 3, 'A': 2, 'C': 2}","[1.0, 0.79, 1.0]",3.95
51,"[1, 3, 4]","[3, 2, 3]","[0.58, 0.58, 0.75]","[['D', 'C', 'A', 'B'], ['A', 'B', 'C', 'D'], ['D', 'B', 'C', 'A']]","{'B': 3, 'D': 3, 'A': 2, 'C': 2}","[1.0, 0.79, 1.0]",3.95
51,"[1, 3, 4]","[3, 2, 3]","[0.58, 0.58, 0.75]","[['D', 'C', 'A', 'B'], ['A', 'B', 'D', 'C'], ['B', 'D', 'A', 'C']]","{'B': 3, 'D': 3, 'A': 2, 'C': 2}","[1.0, 0.79, 1.0]",3.95
51,"[1, 3, 4]","[3, 2, 3]","[0.58, 0.58, 0.75]","[['D', 'C', 'A', 'B'], ['A', 'B', 'D', 'C'], ['B', 'D', 'C', 'A']]","{'B': 3, 'D': 3, 'A': 2, 'C': 2}","[1.0, 0.79, 1.0]",3.95
51,"[1, 3, 4]","[3, 2, 3]","[0.58, 0.58, 0.75]","[['D', 'C', 'A', 'B'], ['A', 'B', 'D', 'C'], ['D', 'B', 'A', 'C']]","{'B': 3, 'D': 3, 'A': 2, 'C': 2}","[1.0, 0.79, 1.0]",3.95
51,"[1, 3, 4]","[3, 2, 3]","[0.58, 0.58, 0.75]","[['D', 'C', 'A', 'B'], ['A', 'B', 'D', 'C'], ['D', 'B', 'C', 'A']]","{'B': 3, 'D': 3, 'A': 2, 'C': 2}","[1.0, 0.79, 1.0]",3.95
51,"[1, 3, 4]","[3, 2, 3]","[0.58, 0.58, 0.75]","[['D', 'C', 'A', 'B'], ['B', 'A', 'C', 'D'], ['B', 'D', 'A', 'C']]","{'B': 3, 'D': 3, 'A': 2, 'C': 2}","[1.0, 0.79, 1.0]",3.95
51,"[1, 3, 4]","[3, 2, 3]","[0.58, 0.58, 0.75]","[['D', 'C', 'A', 'B'], ['B', 'A', 'C', 'D'], ['B', 'D', 'C', 'A']]","{'B': 3, 'D': 3, 'A': 2, 'C': 2}","[1.0, 0.79, 1.0]",3.95
51,"[1, 3, 4]","[3, 2, 3]","[0.58, 0.58, 0.75]","[['D', 'C', 'A', 'B'], ['B', 'A', 'C', 'D'], ['D', 'B', 'A', 'C']]","{'B': 3, 'D': 3, 'A': 2, 'C': 2}","[1.0, 0.79, 1.0]",3.95
51,"[1, 3, 4]","[3, 2, 3]","[0.58, 0.58, 0.75]","[['D', 'C', 'A', 'B'], ['B', 'A', 'C', 'D'], ['D', 'B', 'C', 'A']]","{'B': 3, 'D': 3, 'A': 2, 'C': 2}","[1.0, 0.79, 1.0]",3.95
51,"[1, 3, 4]","[3, 2, 3]","[0.58, 0.58, 0.75]","[['D', 'C', 'A', 'B'], ['B', 'A', 'D', 'C'], ['B', 'D', 'A', 'C']]","{'B': 3, 'D': 3, 'A': 2, 'C': 2}","[1.0, 0.79, 1.0]",3.95
51,"[1, 3, 4]","[3, 2, 3]","[0.58, 0.58, 0.75]","[['D', 'C', 'A', 'B'], ['B', 'A', 'D', 'C'], ['B', 'D', 'C', 'A']]","{'B': 3, 'D': 3, 'A': 2, 'C': 2}","[1.0, 0.79, 1.0]",3.95
51,"[1, 3, 4]","[3, 2, 3]","[0.58, 0.58, 0.75]","[['D', 'C', 'A', 'B'], ['B', 'A', 'D', 'C'], ['D', 'B', 'A', 'C']]","{'B': 3, 'D': 3, 'A': 2, 'C': 2}","[1.0, 0.79, 1.0]",3.95
51,"[1, 3, 4]","[3, 2, 3]","[0.58, 0.58, 0.75]","[['D', 'C', 'A', 'B'], ['B', 'A', 'D', 'C'], ['D', 'B', 'C', 'A']]","{'B': 3, 'D': 3, 'A': 2, 'C': 2}","[1.0, 0.79, 1.0]",3.95
51,"[1, 3, 4]","[3, 2, 3]","[0.58, 0.58, 0.75]","[['D', 'C', 'A', 'B'], ['B', 'D', 'A', 'C'], ['A', 'B', 'C', 'D']]","{'B': 3, 'D': 3, 'A': 2, 'C': 2}","[1.0, 0.79, 1.0]",3.95
51,"[1, 3, 4]","[3, 2, 3]","[0.58, 0.58, 0.75]","[['D', 'C', 'A', 'B'], ['B', 'D', 'A', 'C'], ['A', 'B', 'D', 'C']]","{'B': 3, 'D': 3, 'A': 2, 'C': 2}","[1.0, 0.79, 1.0]",3.95
51,"[1, 3, 4]","[3, 2, 3]","[0.58, 0.58, 0.75]","[['D', 'C', 'A', 'B'], ['B', 'D', 'A', 'C'], ['B', 'A', 'C', 'D']]","{'B': 3, 'D': 3, 'A': 2, 'C': 2}","[1.0, 0.79, 1.0]",3.95
51,"[1, 3, 4]","[3, 2, 3]","[0.58, 0.58, 0.75]","[['D', 'C', 'A', 'B'], ['B', 'D', 'A', 'C'], ['B', 'A', 'D', 'C']]","{'B': 3, 'D': 3, 'A': 2, 'C': 2}","[1.0, 0.79, 1.0]",3.95
51,"[1, 3, 4]","[3, 2, 3]","[0.58, 0.58, 0.75]","[['D', 'C', 'A', 'B'], ['B', 'D', 'C', 'A'], ['A', 'B', 'C', 'D']]","{'B': 3, 'D': 3, 'A': 2, 'C': 2}","[1.0, 0.79, 1.0]",3.95
51,"[1, 3, 4]","[3, 2, 3]","[0.58, 0.58, 0.75]","[['D', 'C', 'A', 'B'], ['B', 'D', 'C', 'A'], ['A', 'B', 'D', 'C']]","{'B': 3, 'D': 3, 'A': 2, 'C': 2}","[1.0, 0.79, 1.0]",3.95
51,"[1, 3, 4]","[3, 2, 3]","[0.58, 0.58, 0.75]","[['D', 'C', 'A', 'B'], ['B', 'D', 'C', 'A'], ['B', 'A', 'C', 'D']]","{'B': 3, 'D': 3, 'A': 2, 'C': 2}","[1.0, 0.79, 1.0]",3.95
51,"[1, 3, 4]","[3, 2, 3]","[0.58, 0.58, 0.75]","[['D', 'C', 'A', 'B'], ['B', 'D', 'C', 'A'], ['B', 'A', 'D', 'C']]","{'B': 3, 'D': 3, 'A': 2, 'C': 2}","[1.0, 0.79, 1.0]",3.95
51,"[1, 3, 4]","[3, 2, 3]","[0.58, 0.58, 0.75]","[['D', 'C', 'A', 'B'], ['D', 'B', 'A', 'C'], ['A', 'B', 'C', 'D']]","{'B': 3, 'D': 3, 'A': 2, 'C': 2}","[1.0, 0.79, 1.0]",3.95
51,"[1, 3, 4]","[3, 2, 3]","[0.58, 0.58, 0.75]","[['D', 'C', 'A', 'B'], ['D', 'B', 'A', 'C'], ['A', 'B', 'D', 'C']]","{'B': 3, 'D': 3, 'A': 2, 'C': 2}","[1.0, 0.79, 1.0]",3.95
51,"[1, 3, 4]","[3, 2, 3]","[0.58, 0.58, 0.75]","[['D', 'C', 'A', 'B'], ['D', 'B', 'A', 'C'], ['B', 'A', 'C', 'D']]","{'B': 3, 'D': 3, 'A': 2, 'C': 2}","[1.0, 0.79, 1.0]",3.95
51,"[1, 3, 4]","[3, 2, 3]","[0.58, 0.58, 0.75]","[['D', 'C', 'A', 'B'], ['D', 'B', 'A', 'C'], ['B', 'A', 'D', 'C']]","{'B': 3, 'D': 3, 'A': 2, 'C': 2}","[1.0, 0.79, 1.0]",3.95
51,"[1, 3, 4]","[3, 2, 3]","[0.58, 0.58, 0.75]","[['D', 'C', 'A', 'B'], ['D', 'B', 'C', 'A'], ['A', 'B', 'C', 'D']]","{'B': 3, 'D': 3, 'A': 2, 'C': 2}","[1.0, 0.79, 1.0]",3.95
51,"[1, 3, 4]","[3, 2, 3]","[0.58, 0.58, 0.75]","[['D', 'C', 'A', 'B'], ['D', 'B', 'C', 'A'], ['A', 'B', 'D', 'C']]","{'B': 3, 'D': 3, 'A': 2, 'C': 2}","[1.0, 0.79, 1.0]",3.95
51,"[1, 3, 4]","[3, 2, 3]","[0.58, 0.58, 0.75]","[['D', 'C', 'A', 'B'], ['D', 'B', 'C', 'A'], ['B', 'A', 'C', 'D']]","{'B': 3, 'D': 3, 'A': 2, 'C': 2}","[1.0, 0.79, 1.0]",3.95
51,"[1, 3, 4]","[3, 2, 3]","[0.58, 0.58, 0.75]","[['D', 'C', 'A', 'B'], ['D', 'B', 'C', 'A'], ['B', 'A', 'D', 'C']]","{'B': 3, 'D': 3, 'A': 2, 'C': 2}","[1.0, 0.79, 1.0]",3.95
51,"[1, 3, 4]","[3, 2, 3]","[0.58, 0.58, 0.75]","[['D', 'C', 'B', 'A'], ['A', 'B', 'C', 'D'], ['B', 'D', 'A', 'C']]","{'B': 3, 'D': 3, 'A': 2, 'C': 2}","[1.0, 0.79, 1.0]",3.95
51,"[1, 3, 4]","[3, 2, 3]","[0.58, 0.58, 0.75]","[['D', 'C', 'B', 'A'], ['A', 'B', 'C', 'D'], ['B', 'D', 'C', 'A']]","{'B': 3, 'D': 3, 'A': 2, 'C': 2}","[1.0, 0.79, 1.0]",3.95
51,"[1, 3, 4]","[3, 2, 3]","[0.58, 0.58, 0.75]","[['D', 'C', 'B', 'A'], ['A', 'B', 'C', 'D'], ['D', 'B', 'A', 'C']]","{'B': 3, 'D': 3, 'A': 2, 'C': 2}","[1.0, 0.79, 1.0]",3.95
51,"[1, 3, 4]","[3, 2, 3]","[0.58, 0.58, 0.75]","[['D', 'C', 'B', 'A'], ['A', 'B', 'C', 'D'], ['D', 'B', 'C', 'A']]","{'B': 3, 'D': 3, 'A': 2, 'C': 2}","[1.0, 0.79, 1.0]",3.95
51,"[1, 3, 4]","[3, 2, 3]","[0.58, 0.58, 0.75]","[['D', 'C', 'B', 'A'], ['A', 'B', 'D', 'C'], ['B', 'D', 'A', 'C']]","{'B': 3, 'D': 3, 'A': 2, 'C': 2}","[1.0, 0.79, 1.0]",3.95
51,"[1, 3, 4]","[3, 2, 3]","[0.58, 0.58, 0.75]","[['D', 'C', 'B', 'A'], ['A', 'B', 'D', 'C'], ['B', 'D', 'C', 'A']]","{'B': 3, 'D': 3, 'A': 2, 'C': 2}","[1.0, 0.79, 1.0]",3.95
51,"[1, 3, 4]","[3, 2, 3]","[0.58, 0.58, 0.75]","[['D', 'C', 'B', 'A'], ['A', 'B', 'D', 'C'], ['D', 'B', 'A', 'C']]","{'B': 3, 'D': 3, 'A': 2, 'C': 2}","[1.0, 0.79, 1.0]",3.95
51,"[1, 3, 4]","[3, 2, 3]","[0.58, 0.58, 0.75]","[['D', 'C', 'B', 'A'], ['A', 'B', 'D', 'C'], ['D', 'B', 'C', 'A']]","{'B': 3, 'D': 3, 'A': 2, 'C': 2}","[1.0, 0.79, 1.0]",3.95
51,"[1, 3, 4]","[3, 2, 3]","[0.58, 0.58, 0.75]","[['D', 'C', 'B', 'A'], ['B', 'A', 'C', 'D'], ['B', 'D', 'A', 'C']]","{'B': 3, 'D': 3, 'A': 2, 'C': 2}","[1.0, 0.79, 1.0]",3.95
51,"[1, 3, 4]","[3, 2, 3]","[0.58, 0.58, 0.75]","[['D', 'C', 'B', 'A'], ['B', 'A', 'C', 'D'], ['B', 'D', 'C', 'A']]","{'B': 3, 'D': 3, 'A': 2, 'C': 2}","[1.0, 0.79, 1.0]",3.95
51,"[1, 3, 4]","[3, 2, 3]","[0.58, 0.58, 0.75]","[['D', 'C', 'B', 'A'], ['B', 'A', 'C', 'D'], ['D', 'B', 'A', 'C']]","{'B': 3, 'D': 3, 'A': 2, 'C': 2}","[1.0, 0.79, 1.0]",3.95
51,"[1, 3, 4]","[3, 2, 3]","[0.58, 0.58, 0.75]","[['D', 'C', 'B', 'A'], ['B', 'A', 'C', 'D'], ['D', 'B', 'C', 'A']]","{'B': 3, 'D': 3, 'A': 2, 'C': 2}","[1.0, 0.79, 1.0]",3.95
51,"[1, 3, 4]","[3, 2, 3]","[0.58, 0.58, 0.75]","[['D', 'C', 'B', 'A'], ['B', 'A', 'D', 'C'], ['B', 'D', 'A', 'C']]","{'B': 3, 'D': 3, 'A': 2, 'C': 2}","[1.0, 0.79, 1.0]",3.95
51,"[1, 3, 4]","[3, 2, 3]","[0.58, 0.58, 0.75]","[['D', 'C', 'B', 'A'], ['B', 'A', 'D', 'C'], ['B', 'D', 'C', 'A']]","{'B': 3, 'D': 3, 'A': 2, 'C': 2}","[1.0, 0.79, 1.0]",3.95
51,"[1, 3, 4]","[3, 2, 3]","[0.58, 0.58, 0.75]","[['D', 'C', 'B', 'A'], ['B', 'A', 'D', 'C'], ['D', 'B', 'A', 'C']]","{'B': 3, 'D': 3, 'A': 2, 'C': 2}","[1.0, 0.79, 1.0]",3.95
51,"[1, 3, 4]","[3, 2, 3]","[0.58, 0.58, 0.75]","[['D', 'C', 'B', 'A'], ['B', 'A', 'D', 'C'], ['D', 'B', 'C', 'A']]","{'B': 3, 'D': 3, 'A': 2, 'C': 2}","[1.0, 0.79, 1.0]",3.95
51,"[1, 3, 4]","[3, 2, 3]","[0.58, 0.58, 0.75]","[['D', 'C', 'B', 'A'], ['B', 'D', 'A', 'C'], ['A', 'B', 'C', 'D']]","{'B': 3, 'D': 3, 'A': 2, 'C': 2}","[1.0, 0.79, 1.0]",3.95
51,"[1, 3, 4]","[3, 2, 3]","[0.58, 0.58, 0.75]","[['D', 'C', 'B', 'A'], ['B', 'D', 'A', 'C'], ['A', 'B', 'D', 'C']]","{'B': 3, 'D': 3, 'A': 2, 'C': 2}","[1.0, 0.79, 1.0]",3.95
51,"[1, 3, 4]","[3, 2, 3]","[0.58, 0.58, 0.75]","[['D', 'C', 'B', 'A'], ['B', 'D', 'A', 'C'], ['B', 'A', 'C', 'D']]","{'B': 3, 'D': 3, 'A': 2, 'C': 2}","[1.0, 0.79, 1.0]",3.95
51,"[1, 3, 4]","[3, 2, 3]","[0.58, 0.58, 0.75]","[['D', 'C', 'B', 'A'], ['B', 'D', 'A', 'C'], ['B', 'A', 'D', 'C']]","{'B': 3, 'D': 3, 'A': 2, 'C': 2}","[1.0, 0.79, 1.0]",3.95
51,"[1, 3, 4]","[3, 2, 3]","[0.58, 0.58, 0.75]","[['D', 'C', 'B', 'A'], ['B', 'D', 'C', 'A'], ['A', 'B', 'C', 'D']]","{'B': 3, 'D': 3, 'A': 2, 'C': 2}","[1.0, 0.79, 1.0]",3.95
51,"[1, 3, 4]","[3, 2, 3]","[0.58, 0.58, 0.75]","[['D', 'C', 'B', 'A'], ['B', 'D', 'C', 'A'], ['A', 'B', 'D', 'C']]","{'B': 3, 'D': 3, 'A': 2, 'C': 2}","[1.0, 0.79, 1.0]",3.95
51,"[1, 3, 4]","[3, 2, 3]","[0.58, 0.58, 0.75]","[['D', 'C', 'B', 'A'], ['B', 'D', 'C', 'A'], ['B', 'A', 'C', 'D']]","{'B': 3, 'D': 3, 'A': 2, 'C': 2}","[1.0, 0.79, 1.0]",3.95
51,"[1, 3, 4]","[3, 2, 3]","[0.58, 0.58, 0.75]","[['D', 'C', 'B', 'A'], ['B', 'D', 'C', 'A'], ['B', 'A', 'D', 'C']]","{'B': 3, 'D': 3, 'A': 2, 'C': 2}","[1.0, 0.79, 1.0]",3.95
51,"[1, 3, 4]","[3, 2, 3]","[0.58, 0.58, 0.75]","[['D', 'C', 'B', 'A'], ['D', 'B', 'A', 'C'], ['A', 'B', 'C', 'D']]","{'B': 3, 'D': 3, 'A': 2, 'C': 2}","[1.0, 0.79, 1.0]",3.95
51,"[1, 3, 4]","[3, 2, 3]","[0.58, 0.58, 0.75]","[['D', 'C', 'B', 'A'], ['D', 'B', 'A', 'C'], ['A', 'B', 'D', 'C']]","{'B': 3, 'D': 3, 'A': 2, 'C': 2}","[1.0, 0.79, 1.0]",3.95
51,"[1, 3, 4]","[3, 2, 3]","[0.58, 0.58, 0.75]","[['D', 'C', 'B', 'A'], ['D', 'B', 'A', 'C'], ['B', 'A', 'C', 'D']]","{'B': 3, 'D': 3, 'A': 2, 'C': 2}","[1.0, 0.79, 1.0]",3.95
51,"[1, 3, 4]","[3, 2, 3]","[0.58, 0.58, 0.75]","[['D', 'C', 'B', 'A'], ['D', 'B', 'A', 'C'], ['B', 'A', 'D', 'C']]","{'B': 3, 'D': 3, 'A': 2, 'C': 2}","[1.0, 0.79, 1.0]",3.95
51,"[1, 3, 4]","[3, 2, 3]","[0.58, 0.58, 0.75]","[['D', 'C', 'B', 'A'], ['D', 'B', 'C', 'A'], ['A', 'B', 'C', 'D']]","{'B': 3, 'D': 3, 'A': 2, 'C': 2}","[1.0, 0.79, 1.0]",3.95
51,"[1, 3, 4]","[3, 2, 3]","[0.58, 0.58, 0.75]","[['D', 'C', 'B', 'A'], ['D', 'B', 'C', 'A'], ['A', 'B', 'D', 'C']]","{'B': 3, 'D': 3, 'A': 2, 'C': 2}","[1.0, 0.79, 1.0]",3.95
51,"[1, 3, 4]","[3, 2, 3]","[0.58, 0.58, 0.75]","[['D', 'C', 'B', 'A'], ['D', 'B', 'C', 'A'], ['B', 'A', 'C', 'D']]","{'B': 3, 'D': 3, 'A': 2, 'C': 2}","[1.0, 0.79, 1.0]",3.95
51,"[1, 3, 4]","[3, 2, 3]","[0.58, 0.58, 0.75]","[['D', 'C', 'B', 'A'], ['D', 'B', 'C', 'A'], ['B', 'A', 'D', 'C']]","{'B': 3, 'D': 3, 'A': 2, 'C': 2}","[1.0, 0.79, 1.0]",3.95
51,"[1, 3, 5]","[3, 2, 2]","[0.58, 0.58, 0.46]","[['B', 'D', 'A', 'C'], ['B', 'D', 'A', 'C'], ['B', 'D', 'A', 'C']]","{'B': 5, 'D': 3, 'A': 2, 'C': 0}","[1.0, 0.79, 0.58]",3.95
51,"[1, 3, 5]","[3, 2, 2]","[0.58, 0.58, 0.46]","[['B', 'D', 'A', 'C'], ['B', 'D', 'A', 'C'], ['B', 'D', 'C', 'A']]","{'B': 5, 'D': 3, 'A': 2, 'C': 0}","[1.0, 0.79, 0.58]",3.95
51,"[1, 3, 5]","[3, 2, 2]","[0.58, 0.58, 0.46]","[['B', 'D', 'A', 'C'], ['B', 'D', 'A', 'C'], ['C', 'D', 'A', 'B']]","{'B': 4, 'D': 3, 'A': 2, 'C': 1}","[1.0, 0.79, 0.58]",3.95
51,"[1, 3, 5]","[3, 2, 2]","[0.58, 0.58, 0.46]","[['B', 'D', 'A', 'C'], ['B', 'D', 'A', 'C'], ['C', 'D', 'B', 'A']]","{'B': 4, 'D': 3, 'A': 2, 'C': 1}","[1.0, 0.79, 0.58]",3.95
51,"[1, 3, 5]","[3, 2, 2]","[0.58, 0.58, 0.46]","[['B', 'D', 'A', 'C'], ['B', 'D', 'A', 'C'], ['D', 'B', 'A', 'C']]","{'B': 5, 'D': 3, 'A': 2, 'C': 0}","[1.0, 0.79, 0.58]",3.95
51,"[1, 3, 5]","[3, 2, 2]","[0.58, 0.58, 0.46]","[['B', 'D', 'A', 'C'], ['B', 'D', 'A', 'C'], ['D', 'B', 'C', 'A']]","{'B': 5, 'D': 3, 'A': 2, 'C': 0}","[1.0, 0.79, 0.58]",3.95
51,"[1, 3, 5]","[3, 2, 2]","[0.58, 0.58, 0.46]","[['B', 'D', 'A', 'C'], ['B', 'D', 'A', 'C'], ['D', 'C', 'A', 'B']]","{'B': 4, 'D': 3, 'A': 2, 'C': 1}","[1.0, 0.79, 0.58]",3.95
51,"[1, 3, 5]","[3, 2, 2]","[0.58, 0.58, 0.46]","[['B', 'D', 'A', 'C'], ['B', 'D', 'A', 'C'], ['D', 'C', 'B', 'A']]","{'B': 4, 'D': 3, 'A': 2, 'C': 1}","[1.0, 0.79, 0.58]",3.95
51,"[1, 3, 5]","[3, 2, 2]","[0.58, 0.58, 0.46]","[['B', 'D', 'A', 'C'], ['B', 'D', 'C', 'A'], ['B', 'D', 'A', 'C']]","{'B': 5, 'D': 3, 'A': 2, 'C': 0}","[1.0, 0.79, 0.58]",3.95
51,"[1, 3, 5]","[3, 2, 2]","[0.58, 0.58, 0.46]","[['B', 'D', 'A', 'C'], ['B', 'D', 'C', 'A'], ['B', 'D', 'C', 'A']]","{'B': 5, 'D': 3, 'A': 2, 'C': 0}","[1.0, 0.79, 0.58]",3.95
51,"[1, 3, 5]","[3, 2, 2]","[0.58, 0.58, 0.46]","[['B', 'D', 'A', 'C'], ['B', 'D', 'C', 'A'], ['C', 'D', 'A', 'B']]","{'B': 4, 'D': 3, 'A': 2, 'C': 1}","[1.0, 0.79, 0.58]",3.95
51,"[1, 3, 5]","[3, 2, 2]","[0.58, 0.58, 0.46]","[['B', 'D', 'A', 'C'], ['B', 'D', 'C', 'A'], ['C', 'D', 'B', 'A']]","{'B': 4, 'D': 3, 'A': 2, 'C': 1}","[1.0, 0.79, 0.58]",3.95
51,"[1, 3, 5]","[3, 2, 2]","[0.58, 0.58, 0.46]","[['B', 'D', 'A', 'C'], ['B', 'D', 'C', 'A'], ['D', 'B', 'A', 'C']]","{'B': 5, 'D': 3, 'A': 2, 'C': 0}","[1.0, 0.79, 0.58]",3.95
51,"[1, 3, 5]","[3, 2, 2]","[0.58, 0.58, 0.46]","[['B', 'D', 'A', 'C'], ['B', 'D', 'C', 'A'], ['D', 'B', 'C', 'A']]","{'B': 5, 'D': 3, 'A': 2, 'C': 0}","[1.0, 0.79, 0.58]",3.95
51,"[1, 3, 5]","[3, 2, 2]","[0.58, 0.58, 0.46]","[['B', 'D', 'A', 'C'], ['B', 'D', 'C', 'A'], ['D', 'C', 'A', 'B']]","{'B': 4, 'D': 3, 'A': 2, 'C': 1}","[1.0, 0.79, 0.58]",3.95
51,"[1, 3, 5]","[3, 2, 2]","[0.58, 0.58, 0.46]","[['B', 'D', 'A', 'C'], ['B', 'D', 'C', 'A'], ['D', 'C', 'B', 'A']]","{'B': 4, 'D': 3, 'A': 2, 'C': 1}","[1.0, 0.79, 0.58]",3.95
51,"[1, 3, 5]","[3, 2, 2]","[0.58, 0.58, 0.46]","[['B', 'D', 'A', 'C'], ['C', 'D', 'A', 'B'], ['B', 'D', 'A', 'C']]","{'B': 4, 'D': 3, 'A': 2, 'C': 1}","[1.0, 0.79, 0.58]",3.95
51,"[1, 3, 5]","[3, 2, 2]","[0.58, 0.58, 0.46]","[['B', 'D', 'A', 'C'], ['C', 'D', 'A', 'B'], ['B', 'D', 'C', 'A']]","{'B': 4, 'D': 3, 'A': 2, 'C': 1}","[1.0, 0.79, 0.58]",3.95
51,"[1, 3, 5]","[3, 2, 2]","[0.58, 0.58, 0.46]","[['B', 'D', 'A', 'C'], ['C', 'D', 'A', 'B'], ['C', 'D', 'A', 'B']]","{'B': 3, 'D': 3, 'A': 2, 'C': 2}","[1.0, 0.79, 0.58]",3.95
51,"[1, 3, 5]","[3, 2, 2]","[0.58, 0.58, 0.46]","[['B', 'D', 'A', 'C'], ['C', 'D', 'A', 'B'], ['C', 'D', 'B', 'A']]","{'B': 3, 'D': 3, 'A': 2, 'C': 2}","[1.0, 0.79, 0.58]",3.95
51,"[1, 3, 5]","[3, 2, 2]","[0.58, 0.58, 0.46]","[['B', 'D', 'A', 'C'], ['C', 'D', 'A', 'B'], ['D', 'B', 'A', 'C']]","{'B': 4, 'D': 3, 'A': 2, 'C': 1}","[1.0, 0.79, 0.58]",3.95
51,"[1, 3, 5]","[3, 2, 2]","[0.58, 0.58, 0.46]","[['B', 'D', 'A', 'C'], ['C', 'D', 'A', 'B'], ['D', 'B', 'C', 'A']]","{'B': 4, 'D': 3, 'A': 2, 'C': 1}","[1.0, 0.79, 0.58]",3.95
51,"[1, 3, 5]","[3, 2, 2]","[0.58, 0.58, 0.46]","[['B', 'D', 'A', 'C'], ['C', 'D', 'A', 'B'], ['D', 'C', 'A', 'B']]","{'B': 3, 'D': 3, 'A': 2, 'C': 2}","[1.0, 0.79, 0.58]",3.95
51,"[1, 3, 5]","[3, 2, 2]","[0.58, 0.58, 0.46]","[['B', 'D', 'A', 'C'], ['C', 'D', 'A', 'B'], ['D', 'C', 'B', 'A']]","{'B': 3, 'D': 3, 'A': 2, 'C': 2}","[1.0, 0.79, 0.58]",3.95
51,"[1, 3, 5]","[3, 2, 2]","[0.58, 0.58, 0.46]","[['B', 'D', 'A', 'C'], ['C', 'D', 'B', 'A'], ['B', 'D', 'A', 'C']]","{'B': 4, 'D': 3, 'A': 2, 'C': 1}","[1.0, 0.79, 0.58]",3.95
51,"[1, 3, 5]","[3, 2, 2]","[0.58, 0.58, 0.46]","[['B', 'D', 'A', 'C'], ['C', 'D', 'B', 'A'], ['B', 'D', 'C', 'A']]","{'B': 4, 'D': 3, 'A': 2, 'C': 1}","[1.0, 0.79, 0.58]",3.95
51,"[1, 3, 5]","[3, 2, 2]","[0.58, 0.58, 0.46]","[['B', 'D', 'A', 'C'], ['C', 'D', 'B', 'A'], ['C', 'D', 'A', 'B']]","{'B': 3, 'D': 3, 'A': 2, 'C': 2}","[1.0, 0.79, 0.58]",3.95
51,"[1, 3, 5]","[3, 2, 2]","[0.58, 0.58, 0.46]","[['B', 'D', 'A', 'C'], ['C', 'D', 'B', 'A'], ['C', 'D', 'B', 'A']]","{'B': 3, 'D': 3, 'A': 2, 'C': 2}","[1.0, 0.79, 0.58]",3.95
51,"[1, 3, 5]","[3, 2, 2]","[0.58, 0.58, 0.46]","[['B', 'D', 'A', 'C'], ['C', 'D', 'B', 'A'], ['D', 'B', 'A', 'C']]","{'B': 4, 'D': 3, 'A': 2, 'C': 1}","[1.0, 0.79, 0.58]",3.95
51,"[1, 3, 5]","[3, 2, 2]","[0.58, 0.58, 0.46]","[['B', 'D', 'A', 'C'], ['C', 'D', 'B', 'A'], ['D', 'B', 'C', 'A']]","{'B': 4, 'D': 3, 'A': 2, 'C': 1}","[1.0, 0.79, 0.58]",3.95
51,"[1, 3, 5]","[3, 2, 2]","[0.58, 0.58, 0.46]","[['B', 'D', 'A', 'C'], ['C', 'D', 'B', 'A'], ['D', 'C', 'A', 'B']]","{'B': 3, 'D': 3, 'A': 2, 'C': 2}","[1.0, 0.79, 0.58]",3.95
51,"[1, 3, 5]","[3, 2, 2]","[0.58, 0.58, 0.46]","[['B', 'D', 'A', 'C'], ['C', 'D', 'B', 'A'], ['D', 'C', 'B', 'A']]","{'B': 3, 'D': 3, 'A': 2, 'C': 2}","[1.0, 0.79, 0.58]",3.95
51,"[1, 3, 5]","[3, 2, 2]","[0.58, 0.58, 0.46]","[['B', 'D', 'A', 'C'], ['D', 'B', 'A', 'C'], ['B', 'D', 'A', 'C']]","{'B': 5, 'D': 3, 'A': 2, 'C': 0}","[1.0, 0.79, 0.58]",3.95
51,"[1, 3, 5]","[3, 2, 2]","[0.58, 0.58, 0.46]","[['B', 'D', 'A', 'C'], ['D', 'B', 'A', 'C'], ['B', 'D', 'C', 'A']]","{'B': 5, 'D': 3, 'A': 2, 'C': 0}","[1.0, 0.79, 0.58]",3.95
51,"[1, 3, 5]","[3, 2, 2]","[0.58, 0.58, 0.46]","[['B', 'D', 'A', 'C'], ['D', 'B', 'A', 'C'], ['C', 'D', 'A', 'B']]","{'B': 4, 'D': 3, 'A': 2, 'C': 1}","[1.0, 0.79, 0.58]",3.95
51,"[1, 3, 5]","[3, 2, 2]","[0.58, 0.58, 0.46]","[['B', 'D', 'A', 'C'], ['D', 'B', 'A', 'C'], ['C', 'D', 'B', 'A']]","{'B': 4, 'D': 3, 'A': 2, 'C': 1}","[1.0, 0.79, 0.58]",3.95
51,"[1, 3, 5]","[3, 2, 2]","[0.58, 0.58, 0.46]","[['B', 'D', 'A', 'C'], ['D', 'B', 'A', 'C'], ['D', 'B', 'A', 'C']]","{'B': 5, 'D': 3, 'A': 2, 'C': 0}","[1.0, 0.79, 0.58]",3.95
51,"[1, 3, 5]","[3, 2, 2]","[0.58, 0.58, 0.46]","[['B', 'D', 'A', 'C'], ['D', 'B', 'A', 'C'], ['D', 'B', 'C', 'A']]","{'B': 5, 'D': 3, 'A': 2, 'C': 0}","[1.0, 0.79, 0.58]",3.95
51,"[1, 3, 5]","[3, 2, 2]","[0.58, 0.58, 0.46]","[['B', 'D', 'A', 'C'], ['D', 'B', 'A', 'C'], ['D', 'C', 'A', 'B']]","{'B': 4, 'D': 3, 'A': 2, 'C': 1}","[1.0, 0.79, 0.58]",3.95
51,"[1, 3, 5]","[3, 2, 2]","[0.58, 0.58, 0.46]","[['B', 'D', 'A', 'C'], ['D', 'B', 'A', 'C'], ['D', 'C', 'B', 'A']]","{'B': 4, 'D': 3, 'A': 2, 'C': 1}","[1.0, 0.79, 0.58]",3.95
51,"[1, 3, 5]","[3, 2, 2]","[0.58, 0.58, 0.46]","[['B', 'D', 'A', 'C'], ['D', 'B', 'C', 'A'], ['B', 'D', 'A', 'C']]","{'B': 5, 'D': 3, 'A': 2, 'C': 0}","[1.0, 0.79, 0.58]",3.95
51,"[1, 3, 5]","[3, 2, 2]","[0.58, 0.58, 0.46]","[['B', 'D', 'A', 'C'], ['D', 'B', 'C', 'A'], ['B', 'D', 'C', 'A']]","{'B': 5, 'D': 3, 'A': 2, 'C': 0}","[1.0, 0.79, 0.58]",3.95
51,"[1, 3, 5]","[3, 2, 2]","[0.58, 0.58, 0.46]","[['B', 'D', 'A', 'C'], ['D', 'B', 'C', 'A'], ['C', 'D', 'A', 'B']]","{'B': 4, 'D': 3, 'A': 2, 'C': 1}","[1.0, 0.79, 0.58]",3.95
51,"[1, 3, 5]","[3, 2, 2]","[0.58, 0.58, 0.46]","[['B', 'D', 'A', 'C'], ['D', 'B', 'C', 'A'], ['C', 'D', 'B', 'A']]","{'B': 4, 'D': 3, 'A': 2, 'C': 1}","[1.0, 0.79, 0.58]",3.95
51,"[1, 3, 5]","[3, 2, 2]","[0.58, 0.58, 0.46]","[['B', 'D', 'A', 'C'], ['D', 'B', 'C', 'A'], ['D', 'B', 'A', 'C']]","{'B': 5, 'D': 3, 'A': 2, 'C': 0}","[1.0, 0.79, 0.58]",3.95
51,"[1, 3, 5]","[3, 2, 2]","[0.58, 0.58, 0.46]","[['B', 'D', 'A', 'C'], ['D', 'B', 'C', 'A'], ['D', 'B', 'C', 'A']]","{'B': 5, 'D': 3, 'A': 2, 'C': 0}","[1.0, 0.79, 0.58]",3.95
51,"[1, 3, 5]","[3, 2, 2]","[0.58, 0.58, 0.46]","[['B', 'D', 'A', 'C'], ['D', 'B', 'C', 'A'], ['D', 'C', 'A', 'B']]","{'B': 4, 'D': 3, 'A': 2, 'C': 1}","[1.0, 0.79, 0.58]",3.95
51,"[1, 3, 5]","[3, 2, 2]","[0.58, 0.58, 0.46]","[['B', 'D', 'A', 'C'], ['D', 'B', 'C', 'A'], ['D', 'C', 'B', 'A']]","{'B': 4, 'D': 3, 'A': 2, 'C': 1}","[1.0, 0.79, 0.58]",3.95
51,"[1, 3, 5]","[3, 2, 2]","[0.58, 0.58, 0.46]","[['B', 'D', 'A', 'C'], ['D', 'C', 'A', 'B'], ['B', 'D', 'A', 'C']]","{'B': 4, 'D': 3, 'A': 2, 'C': 1}","[1.0, 0.79, 0.58]",3.95
51,"[1, 3, 5]","[3, 2, 2]","[0.58, 0.58, 0.46]","[['B', 'D', 'A', 'C'], ['D', 'C', 'A', 'B'], ['B', 'D', 'C', 'A']]","{'B': 4, 'D': 3, 'A': 2, 'C': 1}","[1.0, 0.79, 0.58]",3.95
51,"[1, 3, 5]","[3, 2, 2]","[0.58, 0.58, 0.46]","[['B', 'D', 'A', 'C'], ['D', 'C', 'A', 'B'], ['C', 'D', 'A', 'B']]","{'B': 3, 'D': 3, 'A': 2, 'C': 2}","[1.0, 0.79, 0.58]",3.95
51,"[1, 3, 5]","[3, 2, 2]","[0.58, 0.58, 0.46]","[['B', 'D', 'A', 'C'], ['D', 'C', 'A', 'B'], ['C', 'D', 'B', 'A']]","{'B': 3, 'D': 3, 'A': 2, 'C': 2}","[1.0, 0.79, 0.58]",3.95
51,"[1, 3, 5]","[3, 2, 2]","[0.58, 0.58, 0.46]","[['B', 'D', 'A', 'C'], ['D', 'C', 'A', 'B'], ['D', 'B', 'A', 'C']]","{'B': 4, 'D': 3, 'A': 2, 'C': 1}","[1.0, 0.79, 0.58]",3.95
51,"[1, 3, 5]","[3, 2, 2]","[0.58, 0.58, 0.46]","[['B', 'D', 'A', 'C'], ['D', 'C', 'A', 'B'], ['D', 'B', 'C', 'A']]","{'B': 4, 'D': 3, 'A': 2, 'C': 1}","[1.0, 0.79, 0.58]",3.95
51,"[1, 3, 5]","[3, 2, 2]","[0.58, 0.58, 0.46]","[['B', 'D', 'A', 'C'], ['D', 'C', 'A', 'B'], ['D', 'C', 'A', 'B']]","{'B': 3, 'D': 3, 'A': 2, 'C': 2}","[1.0, 0.79, 0.58]",3.95
51,"[1, 3, 5]","[3, 2, 2]","[0.58, 0.58, 0.46]","[['B', 'D', 'A', 'C'], ['D', 'C', 'A', 'B'], ['D', 'C', 'B', 'A']]","{'B': 3, 'D': 3, 'A': 2, 'C': 2}","[1.0, 0.79, 0.58]",3.95
51,"[1, 3, 5]","[3, 2, 2]","[0.58, 0.58, 0.46]","[['B', 'D', 'A', 'C'], ['D', 'C', 'B', 'A'], ['B', 'D', 'A', 'C']]","{'B': 4, 'D': 3, 'A': 2, 'C': 1}","[1.0, 0.79, 0.58]",3.95
51,"[1, 3, 5]","[3, 2, 2]","[0.58, 0.58, 0.46]","[['B', 'D', 'A', 'C'], ['D', 'C', 'B', 'A'], ['B', 'D', 'C', 'A']]","{'B': 4, 'D': 3, 'A': 2, 'C': 1}","[1.0, 0.79, 0.58]",3.95
51,"[1, 3, 5]","[3, 2, 2]","[0.58, 0.58, 0.46]","[['B', 'D', 'A', 'C'], ['D', 'C', 'B', 'A'], ['C', 'D', 'A', 'B']]","{'B': 3, 'D': 3, 'A': 2, 'C': 2}","[1.0, 0.79, 0.58]",3.95
51,"[1, 3, 5]","[3, 2, 2]","[0.58, 0.58, 0.46]","[['B', 'D', 'A', 'C'], ['D', 'C', 'B', 'A'], ['C', 'D', 'B', 'A']]","{'B': 3, 'D': 3, 'A': 2, 'C': 2}","[1.0, 0.79, 0.58]",3.95
51,"[1, 3, 5]","[3, 2, 2]","[0.58, 0.58, 0.46]","[['B', 'D', 'A', 'C'], ['D', 'C', 'B', 'A'], ['D', 'B', 'A', 'C']]","{'B': 4, 'D': 3, 'A': 2, 'C': 1}","[1.0, 0.79, 0.58]",3.95
51,"[1, 3, 5]","[3, 2, 2]","[0.58, 0.58, 0.46]","[['B', 'D', 'A', 'C'], ['D', 'C', 'B', 'A'], ['D', 'B', 'C', 'A']]","{'B': 4, 'D': 3, 'A': 2, 'C': 1}","[1.0, 0.79, 0.58]",3.95
51,"[1, 3, 5]","[3, 2, 2]","[0.58, 0.58, 0.46]","[['B', 'D', 'A', 'C'], ['D', 'C', 'B', 'A'], ['D', 'C', 'A', 'B']]","{'B': 3, 'D': 3, 'A': 2, 'C': 2}","[1.0, 0.79, 0.58]",3.95
51,"[1, 3, 5]","[3, 2, 2]","[0.58, 0.58, 0.46]","[['B', 'D', 'A', 'C'], ['D', 'C', 'B', 'A'], ['D', 'C', 'B', 'A']]","{'B': 3, 'D': 3, 'A': 2, 'C': 2}","[1.0, 0.79, 0.58]",3.95
51,"[1, 3, 5]","[3, 2, 2]","[0.58, 0.58, 0.46]","[['B', 'D', 'C', 'A'], ['B', 'D', 'A', 'C'], ['B', 'D', 'A', 'C']]","{'B': 5, 'D': 3, 'A': 2, 'C': 0}","[1.0, 0.79, 0.58]",3.95
51,"[1, 3, 5]","[3, 2, 2]","[0.58, 0.58, 0.46]","[['B', 'D', 'C', 'A'], ['B', 'D', 'A', 'C'], ['B', 'D', 'C', 'A']]","{'B': 5, 'D': 3, 'A': 2, 'C': 0}","[1.0, 0.79, 0.58]",3.95
51,"[1, 3, 5]","[3, 2, 2]","[0.58, 0.58, 0.46]","[['B', 'D', 'C', 'A'], ['B', 'D', 'A', 'C'], ['C', 'D', 'A', 'B']]","{'B': 4, 'D': 3, 'A': 2, 'C': 1}","[1.0, 0.79, 0.58]",3.95
51,"[1, 3, 5]","[3, 2, 2]","[0.58, 0.58, 0.46]","[['B', 'D', 'C', 'A'], ['B', 'D', 'A', 'C'], ['C', 'D', 'B', 'A']]","{'B': 4, 'D': 3, 'A': 2, 'C': 1}","[1.0, 0.79, 0.58]",3.95
51,"[1, 3, 5]","[3, 2, 2]","[0.58, 0.58, 0.46]","[['B', 'D', 'C', 'A'], ['B', 'D', 'A', 'C'], ['D', 'B', 'A', 'C']]","{'B': 5, 'D': 3, 'A': 2, 'C': 0}","[1.0, 0.79, 0.58]",3.95
51,"[1, 3, 5]","[3, 2, 2]","[0.58, 0.58, 0.46]","[['B', 'D', 'C', 'A'], ['B', 'D', 'A', 'C'], ['D', 'B', 'C', 'A']]","{'B': 5, 'D': 3, 'A': 2, 'C': 0}","[1.0, 0.79, 0.58]",3.95
51,"[1, 3, 5]","[3, 2, 2]","[0.58, 0.58, 0.46]","[['B', 'D', 'C', 'A'], ['B', 'D', 'A', 'C'], ['D', 'C', 'A', 'B']]","{'B': 4, 'D': 3, 'A': 2, 'C': 1}","[1.0, 0.79, 0.58]",3.95
51,"[1, 3, 5]","[3, 2, 2]","[0.58, 0.58, 0.46]","[['B', 'D', 'C', 'A'], ['B', 'D', 'A', 'C'], ['D', 'C', 'B', 'A']]","{'B': 4, 'D': 3, 'A': 2, 'C': 1}","[1.0, 0.79, 0.58]",3.95
51,"[1, 3, 5]","[3, 2, 2]","[0.58, 0.58, 0.46]","[['B', 'D', 'C', 'A'], ['B', 'D', 'C', 'A'], ['B', 'D', 'A', 'C']]","{'B': 5, 'D': 3, 'A': 2, 'C': 0}","[1.0, 0.79, 0.58]",3.95
51,"[1, 3, 5]","[3, 2, 2]","[0.58, 0.58, 0.46]","[['B', 'D', 'C', 'A'], ['B', 'D', 'C', 'A'], ['B', 'D', 'C', 'A']]","{'B': 5, 'D': 3, 'A': 2, 'C': 0}","[1.0, 0.79, 0.58]",3.95
51,"[1, 3, 5]","[3, 2, 2]","[0.58, 0.58, 0.46]","[['B', 'D', 'C', 'A'], ['B', 'D', 'C', 'A'], ['C', 'D', 'A', 'B']]","{'B': 4, 'D': 3, 'A': 2, 'C': 1}","[1.0, 0.79, 0.58]",3.95
51,"[1, 3, 5]","[3, 2, 2]","[0.58, 0.58, 0.46]","[['B', 'D', 'C', 'A'], ['B', 'D', 'C', 'A'], ['C', 'D', 'B', 'A']]","{'B': 4, 'D': 3, 'A': 2, 'C': 1}","[1.0, 0.79, 0.58]",3.95
51,"[1, 3, 5]","[3, 2, 2]","[0.58, 0.58, 0.46]","[['B', 'D', 'C', 'A'], ['B', 'D', 'C', 'A'], ['D', 'B', 'A', 'C']]","{'B': 5, 'D': 3, 'A': 2, 'C': 0}","[1.0, 0.79, 0.58]",3.95
51,"[1, 3, 5]","[3, 2, 2]","[0.58, 0.58, 0.46]","[['B', 'D', 'C', 'A'], ['B', 'D', 'C', 'A'], ['D', 'B', 'C', 'A']]","{'B': 5, 'D': 3, 'A': 2, 'C': 0}","[1.0, 0.79, 0.58]",3.95
51,"[1, 3, 5]","[3, 2, 2]","[0.58, 0.58, 0.46]","[['B', 'D', 'C', 'A'], ['B', 'D', 'C', 'A'], ['D', 'C', 'A', 'B']]","{'B': 4, 'D': 3, 'A': 2, 'C': 1}","[1.0, 0.79, 0.58]",3.95
51,"[1, 3, 5]","[3, 2, 2]","[0.58, 0.58, 0.46]","[['B', 'D', 'C', 'A'], ['B', 'D', 'C', 'A'], ['D', 'C', 'B', 'A']]","{'B': 4, 'D': 3, 'A': 2, 'C': 1}","[1.0, 0.79, 0.58]",3.95
51,"[1, 3, 5]","[3, 2, 2]","[0.58, 0.58, 0.46]","[['B', 'D', 'C', 'A'], ['C', 'D', 'A', 'B'], ['B', 'D', 'A', 'C']]","{'B': 4, 'D': 3, 'A': 2, 'C': 1}","[1.0, 0.79, 0.58]",3.95
51,"[1, 3, 5]","[3, 2, 2]","[0.58, 0.58, 0.46]","[['B', 'D', 'C', 'A'], ['C', 'D', 'A', 'B'], ['B', 'D', 'C', 'A']]","{'B': 4, 'D': 3, 'A': 2, 'C': 1}","[1.0, 0.79, 0.58]",3.95
51,"[1, 3, 5]","[3, 2, 2]","[0.58, 0.58, 0.46]","[['B', 'D', 'C', 'A'], ['C', 'D', 'A', 'B'], ['C', 'D', 'A', 'B']]","{'B': 3, 'D': 3, 'A': 2, 'C': 2}","[1.0, 0.79, 0.58]",3.95
51,"[1, 3, 5]","[3, 2, 2]","[0.58, 0.58, 0.46]","[['B', 'D', 'C', 'A'], ['C', 'D', 'A', 'B'], ['C', 'D', 'B', 'A']]","{'B': 3, 'D': 3, 'A': 2, 'C': 2}","[1.0, 0.79, 0.58]",3.95
51,"[1, 3, 5]","[3, 2, 2]","[0.58, 0.58, 0.46]","[['B', 'D', 'C', 'A'], ['C', 'D', 'A', 'B'], ['D', 'B', 'A', 'C']]","{'B': 4, 'D': 3, 'A': 2, 'C': 1}","[1.0, 0.79, 0.58]",3.95
51,"[1, 3, 5]","[3, 2, 2]","[0.58, 0.58, 0.46]","[['B', 'D', 'C', 'A'], ['C', 'D', 'A', 'B'], ['D', 'B', 'C', 'A']]","{'B': 4, 'D': 3, 'A': 2, 'C': 1}","[1.0, 0.79, 0.58]",3.95
51,"[1, 3, 5]","[3, 2, 2]","[0.58, 0.58, 0.46]","[['B', 'D', 'C', 'A'], ['C', 'D', 'A', 'B'], ['D', 'C', 'A', 'B']]","{'B': 3, 'D': 3, 'A': 2, 'C': 2}","[1.0, 0.79, 0.58]",3.95
51,"[1, 3, 5]","[3, 2, 2]","[0.58, 0.58, 0.46]","[['B', 'D', 'C', 'A'], ['C', 'D', 'A', 'B'], ['D', 'C', 'B', 'A']]","{'B': 3, 'D': 3, 'A': 2, 'C': 2}","[1.0, 0.79, 0.58]",3.95
51,"[1, 3, 5]","[3, 2, 2]","[0.58, 0.58, 0.46]","[['B', 'D', 'C', 'A'], ['C', 'D', 'B', 'A'], ['B', 'D', 'A', 'C']]","{'B': 4, 'D': 3, 'A': 2, 'C': 1}","[1.0, 0.79, 0.58]",3.95
51,"[1, 3, 5]","[3, 2, 2]","[0.58, 0.58, 0.46]","[['B', 'D', 'C', 'A'], ['C', 'D', 'B', 'A'], ['B', 'D', 'C', 'A']]","{'B': 4, 'D': 3, 'A': 2, 'C': 1}","[1.0, 0.79, 0.58]",3.95
51,"[1, 3, 5]","[3, 2, 2]","[0.58, 0.58, 0.46]","[['B', 'D', 'C', 'A'], ['C', 'D', 'B', 'A'], ['C', 'D', 'A', 'B']]","{'B': 3, 'D': 3, 'A': 2, 'C': 2}","[1.0, 0.79, 0.58]",3.95
51,"[1, 3, 5]","[3, 2, 2]","[0.58, 0.58, 0.46]","[['B', 'D', 'C', 'A'], ['C', 'D', 'B', 'A'], ['C', 'D', 'B', 'A']]","{'B': 3, 'D': 3, 'A': 2, 'C': 2}","[1.0, 0.79, 0.58]",3.95
51,"[1, 3, 5]","[3, 2, 2]","[0.58, 0.58, 0.46]","[['B', 'D', 'C', 'A'], ['C', 'D', 'B', 'A'], ['D', 'B', 'A', 'C']]","{'B': 4, 'D': 3, 'A': 2, 'C': 1}","[1.0, 0.79, 0.58]",3.95
51,"[1, 3, 5]","[3, 2, 2]","[0.58, 0.58, 0.46]","[['B', 'D', 'C', 'A'], ['C', 'D', 'B', 'A'], ['D', 'B', 'C', 'A']]","{'B': 4, 'D': 3, 'A': 2, 'C': 1}","[1.0, 0.79, 0.58]",3.95
51,"[1, 3, 5]","[3, 2, 2]","[0.58, 0.58, 0.46]","[['B', 'D', 'C', 'A'], ['C', 'D', 'B', 'A'], ['D', 'C', 'A', 'B']]","{'B': 3, 'D': 3, 'A': 2, 'C': 2}","[1.0, 0.79, 0.58]",3.95
51,"[1, 3, 5]","[3, 2, 2]","[0.58, 0.58, 0.46]","[['B', 'D', 'C', 'A'], ['C', 'D', 'B', 'A'], ['D', 'C', 'B', 'A']]","{'B': 3, 'D': 3, 'A': 2, 'C': 2}","[1.0, 0.79, 0.58]",3.95
51,"[1, 3, 5]","[3, 2, 2]","[0.58, 0.58, 0.46]","[['B', 'D', 'C', 'A'], ['D', 'B', 'A', 'C'], ['B', 'D', 'A', 'C']]","{'B': 5, 'D': 3, 'A': 2, 'C': 0}","[1.0, 0.79, 0.58]",3.95
51,"[1, 3, 5]","[3, 2, 2]","[0.58, 0.58, 0.46]","[['B', 'D', 'C', 'A'], ['D', 'B', 'A', 'C'], ['B', 'D', 'C', 'A']]","{'B': 5, 'D': 3, 'A': 2, 'C': 0}","[1.0, 0.79, 0.58]",3.95
51,"[1, 3, 5]","[3, 2, 2]","[0.58, 0.58, 0.46]","[['B', 'D', 'C', 'A'], ['D', 'B', 'A', 'C'], ['C', 'D', 'A', 'B']]","{'B': 4, 'D': 3, 'A': 2, 'C': 1}","[1.0, 0.79, 0.58]",3.95
51,"[1, 3, 5]","[3, 2, 2]","[0.58, 0.58, 0.46]","[['B', 'D', 'C', 'A'], ['D', 'B', 'A', 'C'], ['C', 'D', 'B', 'A']]","{'B': 4, 'D': 3, 'A': 2, 'C': 1}","[1.0, 0.79, 0.58]",3.95
51,"[1, 3, 5]","[3, 2, 2]","[0.58, 0.58, 0.46]","[['B', 'D', 'C', 'A'], ['D', 'B', 'A', 'C'], ['D', 'B', 'A', 'C']]","{'B': 5, 'D': 3, 'A': 2, 'C': 0}","[1.0, 0.79, 0.58]",3.95
51,"[1, 3, 5]","[3, 2, 2]","[0.58, 0.58, 0.46]","[['B', 'D', 'C', 'A'], ['D', 'B', 'A', 'C'], ['D', 'B', 'C', 'A']]","{'B': 5, 'D': 3, 'A': 2, 'C': 0}","[1.0, 0.79, 0.58]",3.95
51,"[1, 3, 5]","[3, 2, 2]","[0.58, 0.58, 0.46]","[['B', 'D', 'C', 'A'], ['D', 'B', 'A', 'C'], ['D', 'C', 'A', 'B']]","{'B': 4, 'D': 3, 'A': 2, 'C': 1}","[1.0, 0.79, 0.58]",3.95
51,"[1, 3, 5]","[3, 2, 2]","[0.58, 0.58, 0.46]","[['B', 'D', 'C', 'A'], ['D', 'B', 'A', 'C'], ['D', 'C', 'B', 'A']]","{'B': 4, 'D': 3, 'A': 2, 'C': 1}","[1.0, 0.79, 0.58]",3.95
51,"[1, 3, 5]","[3, 2, 2]","[0.58, 0.58, 0.46]","[['B', 'D', 'C', 'A'], ['D', 'B', 'C', 'A'], ['B', 'D', 'A', 'C']]","{'B': 5, 'D': 3, 'A': 2, 'C': 0}","[1.0, 0.79, 0.58]",3.95
51,"[1, 3, 5]","[3, 2, 2]","[0.58, 0.58, 0.46]","[['B', 'D', 'C', 'A'], ['D', 'B', 'C', 'A'], ['B', 'D', 'C', 'A']]","{'B': 5, 'D': 3, 'A': 2, 'C': 0}","[1.0, 0.79, 0.58]",3.95
51,"[1, 3, 5]","[3, 2, 2]","[0.58, 0.58, 0.46]","[['B', 'D', 'C', 'A'], ['D', 'B', 'C', 'A'], ['C', 'D', 'A', 'B']]","{'B': 4, 'D': 3, 'A': 2, 'C': 1}","[1.0, 0.79, 0.58]",3.95
51,"[1, 3, 5]","[3, 2, 2]","[0.58, 0.58, 0.46]","[['B', 'D', 'C', 'A'], ['D', 'B', 'C', 'A'], ['C', 'D', 'B', 'A']]","{'B': 4, 'D': 3, 'A': 2, 'C': 1}","[1.0, 0.79, 0.58]",3.95
51,"[1, 3, 5]","[3, 2, 2]","[0.58, 0.58, 0.46]","[['B', 'D', 'C', 'A'], ['D', 'B', 'C', 'A'], ['D', 'B', 'A', 'C']]","{'B': 5, 'D': 3, 'A': 2, 'C': 0}","[1.0, 0.79, 0.58]",3.95
51,"[1, 3, 5]","[3, 2, 2]","[0.58, 0.58, 0.46]","[['B', 'D', 'C', 'A'], ['D', 'B', 'C', 'A'], ['D', 'B', 'C', 'A']]","{'B': 5, 'D': 3, 'A': 2, 'C': 0}","[1.0, 0.79, 0.58]",3.95
51,"[1, 3, 5]","[3, 2, 2]","[0.58, 0.58, 0.46]","[['B', 'D', 'C', 'A'], ['D', 'B', 'C', 'A'], ['D', 'C', 'A', 'B']]","{'B': 4, 'D': 3, 'A': 2, 'C': 1}","[1.0, 0.79, 0.58]",3.95
51,"[1, 3, 5]","[3, 2, 2]","[0.58, 0.58, 0.46]","[['B', 'D', 'C', 'A'], ['D', 'B', 'C', 'A'], ['D', 'C', 'B', 'A']]","{'B': 4, 'D': 3, 'A': 2, 'C': 1}","[1.0, 0.79, 0.58]",3.95
51,"[1, 3, 5]","[3, 2, 2]","[0.58, 0.58, 0.46]","[['B', 'D', 'C', 'A'], ['D', 'C', 'A', 'B'], ['B', 'D', 'A', 'C']]","{'B': 4, 'D': 3, 'A': 2, 'C': 1}","[1.0, 0.79, 0.58]",3.95
51,"[1, 3, 5]","[3, 2, 2]","[0.58, 0.58, 0.46]","[['B', 'D', 'C', 'A'], ['D', 'C', 'A', 'B'], ['B', 'D', 'C', 'A']]","{'B': 4, 'D': 3, 'A': 2, 'C': 1}","[1.0, 0.79, 0.58]",3.95
51,"[1, 3, 5]","[3, 2, 2]","[0.58, 0.58, 0.46]","[['B', 'D', 'C', 'A'], ['D', 'C', 'A', 'B'], ['C', 'D', 'A', 'B']]","{'B': 3, 'D': 3, 'A': 2, 'C': 2}","[1.0, 0.79, 0.58]",3.95
51,"[1, 3, 5]","[3, 2, 2]","[0.58, 0.58, 0.46]","[['B', 'D', 'C', 'A'], ['D', 'C', 'A', 'B'], ['C', 'D', 'B', 'A']]","{'B': 3, 'D': 3, 'A': 2, 'C': 2}","[1.0, 0.79, 0.58]",3.95
51,"[1, 3, 5]","[3, 2, 2]","[0.58, 0.58, 0.46]","[['B', 'D', 'C', 'A'], ['D', 'C', 'A', 'B'], ['D', 'B', 'A', 'C']]","{'B': 4, 'D': 3, 'A': 2, 'C': 1}","[1.0, 0.79, 0.58]",3.95
51,"[1, 3, 5]","[3, 2, 2]","[0.58, 0.58, 0.46]","[['B', 'D', 'C', 'A'], ['D', 'C', 'A', 'B'], ['D', 'B', 'C', 'A']]","{'B': 4, 'D': 3, 'A': 2, 'C': 1}","[1.0, 0.79, 0.58]",3.95
51,"[1, 3, 5]","[3, 2, 2]","[0.58, 0.58, 0.46]","[['B', 'D', 'C', 'A'], ['D', 'C', 'A', 'B'], ['D', 'C', 'A', 'B']]","{'B': 3, 'D': 3, 'A': 2, 'C': 2}","[1.0, 0.79, 0.58]",3.95
51,"[1, 3, 5]","[3, 2, 2]","[0.58, 0.58, 0.46]","[['B', 'D', 'C', 'A'], ['D', 'C', 'A', 'B'], ['D', 'C', 'B', 'A']]","{'B': 3, 'D': 3, 'A': 2, 'C': 2}","[1.0, 0.79, 0.58]",3.95
51,"[1, 3, 5]","[3, 2, 2]","[0.58, 0.58, 0.46]","[['B', 'D', 'C', 'A'], ['D', 'C', 'B', 'A'], ['B', 'D', 'A', 'C']]","{'B': 4, 'D': 3, 'A': 2, 'C': 1}","[1.0, 0.79, 0.58]",3.95
51,"[1, 3, 5]","[3, 2, 2]","[0.58, 0.58, 0.46]","[['B', 'D', 'C', 'A'], ['D', 'C', 'B', 'A'], ['B', 'D', 'C', 'A']]","{'B': 4, 'D': 3, 'A': 2, 'C': 1}","[1.0, 0.79, 0.58]",3.95
51,"[1, 3, 5]","[3, 2, 2]","[0.58, 0.58, 0.46]","[['B', 'D', 'C', 'A'], ['D', 'C', 'B', 'A'], ['C', 'D', 'A', 'B']]","{'B': 3, 'D': 3, 'A': 2, 'C': 2}","[1.0, 0.79, 0.58]",3.95
51,"[1, 3, 5]","[3, 2, 2]","[0.58, 0.58, 0.46]","[['B', 'D', 'C', 'A'], ['D', 'C', 'B', 'A'], ['C', 'D', 'B', 'A']]","{'B': 3, 'D': 3, 'A': 2, 'C': 2}","[1.0, 0.79, 0.58]",3.95
51,"[1, 3, 5]","[3, 2, 2]","[0.58, 0.58, 0.46]","[['B', 'D', 'C', 'A'], ['D', 'C', 'B', 'A'], ['D', 'B', 'A', 'C']]","{'B': 4, 'D': 3, 'A': 2, 'C': 1}","[1.0, 0.79, 0.58]",3.95
51,"[1, 3, 5]","[3, 2, 2]","[0.58, 0.58, 0.46]","[['B', 'D', 'C', 'A'], ['D', 'C', 'B', 'A'], ['D', 'B', 'C', 'A']]","{'B': 4, 'D': 3, 'A': 2, 'C': 1}","[1.0, 0.79, 0.58]",3.95
51,"[1, 3, 5]","[3, 2, 2]","[0.58, 0.58, 0.46]","[['B', 'D', 'C', 'A'], ['D', 'C', 'B', 'A'], ['D', 'C', 'A', 'B']]","{'B': 3, 'D': 3, 'A': 2, 'C': 2}","[1.0, 0.79, 0.58]",3.95
51,"[1, 3, 5]","[3, 2, 2]","[0.58, 0.58, 0.46]","[['B', 'D', 'C', 'A'], ['D', 'C', 'B', 'A'], ['D', 'C', 'B', 'A']]","{'B': 3, 'D': 3, 'A': 2, 'C': 2}","[1.0, 0.79, 0.58]",3.95
51,"[1, 3, 5]","[3, 2, 2]","[0.58, 0.58, 0.46]","[['C', 'D', 'A', 'B'], ['B', 'D', 'A', 'C'], ['B', 'D', 'A', 'C']]","{'B': 4, 'D': 3, 'A': 2, 'C': 1}","[1.0, 0.79, 0.58]",3.95
51,"[1, 3, 5]","[3, 2, 2]","[0.58, 0.58, 0.46]","[['C', 'D', 'A', 'B'], ['B', 'D', 'A', 'C'], ['B', 'D', 'C', 'A']]","{'B': 4, 'D': 3, 'A': 2, 'C': 1}","[1.0, 0.79, 0.58]",3.95
51,"[1, 3, 5]","[3, 2, 2]","[0.58, 0.58, 0.46]","[['C', 'D', 'A', 'B'], ['B', 'D', 'A', 'C'], ['C', 'D', 'A', 'B']]","{'B': 3, 'D': 3, 'A': 2, 'C': 2}","[1.0, 0.79, 0.58]",3.95
51,"[1, 3, 5]","[3, 2, 2]","[0.58, 0.58, 0.46]","[['C', 'D', 'A', 'B'], ['B', 'D', 'A', 'C'], ['C', 'D', 'B', 'A']]","{'B': 3, 'D': 3, 'A': 2, 'C': 2}","[1.0, 0.79, 0.58]",3.95
51,"[1, 3, 5]","[3, 2, 2]","[0.58, 0.58, 0.46]","[['C', 'D', 'A', 'B'], ['B', 'D', 'A', 'C'], ['D', 'B', 'A', 'C']]","{'B': 4, 'D': 3, 'A': 2, 'C': 1}","[1.0, 0.79, 0.58]",3.95
51,"[1, 3, 5]","[3, 2, 2]","[0.58, 0.58, 0.46]","[['C', 'D', 'A', 'B'], ['B', 'D', 'A', 'C'], ['D', 'B', 'C', 'A']]","{'B': 4, 'D': 3, 'A': 2, 'C': 1}","[1.0, 0.79, 0.58]",3.95
51,"[1, 3, 5]","[3, 2, 2]","[0.58, 0.58, 0.46]","[['C', 'D', 'A', 'B'], ['B', 'D', 'A', 'C'], ['D', 'C', 'A', 'B']]","{'B': 3, 'D': 3, 'A': 2, 'C': 2}","[1.0, 0.79, 0.58]",3.95
51,"[1, 3, 5]","[3, 2, 2]","[0.58, 0.58, 0.46]","[['C', 'D', 'A', 'B'], ['B', 'D', 'A', 'C'], ['D', 'C', 'B', 'A']]","{'B': 3, 'D': 3, 'A': 2, 'C': 2}","[1.0, 0.79, 0.58]",3.95
51,"[1, 3, 5]","[3, 2, 2]","[0.58, 0.58, 0.46]","[['C', 'D', 'A', 'B'], ['B', 'D', 'C', 'A'], ['B', 'D', 'A', 'C']]","{'B': 4, 'D': 3, 'A': 2, 'C': 1}","[1.0, 0.79, 0.58]",3.95
51,"[1, 3, 5]","[3, 2, 2]","[0.58, 0.58, 0.46]","[['C', 'D', 'A', 'B'], ['B', 'D', 'C', 'A'], ['B', 'D', 'C', 'A']]","{'B': 4, 'D': 3, 'A': 2, 'C': 1}","[1.0, 0.79, 0.58]",3.95
51,"[1, 3, 5]","[3, 2, 2]","[0.58, 0.58, 0.46]","[['C', 'D', 'A', 'B'], ['B', 'D', 'C', 'A'], ['C', 'D', 'A', 'B']]","{'B': 3, 'D': 3, 'A': 2, 'C': 2}","[1.0, 0.79, 0.58]",3.95
51,"[1, 3, 5]","[3, 2, 2]","[0.58, 0.58, 0.46]","[['C', 'D', 'A', 'B'], ['B', 'D', 'C', 'A'], ['C', 'D', 'B', 'A']]","{'B': 3, 'D': 3, 'A': 2, 'C': 2}","[1.0, 0.79, 0.58]",3.95
51,"[1, 3, 5]","[3, 2, 2]","[0.58, 0.58, 0.46]","[['C', 'D', 'A', 'B'], ['B', 'D', 'C', 'A'], ['D', 'B', 'A', 'C']]","{'B': 4, 'D': 3, 'A': 2, 'C': 1}","[1.0, 0.79, 0.58]",3.95
51,"[1, 3, 5]","[3, 2, 2]","[0.58, 0.58, 0.46]","[['C', 'D', 'A', 'B'], ['B', 'D', 'C', 'A'], ['D', 'B', 'C', 'A']]","{'B': 4, 'D': 3, 'A': 2, 'C': 1}","[1.0, 0.79, 0.58]",3.95
51,"[1, 3, 5]","[3, 2, 2]","[0.58, 0.58, 0.46]","[['C', 'D', 'A', 'B'], ['B', 'D', 'C', 'A'], ['D', 'C', 'A', 'B']]","{'B': 3, 'D': 3, 'A': 2, 'C': 2}","[1.0, 0.79, 0.58]",3.95
51,"[1, 3, 5]","[3, 2, 2]","[0.58, 0.58, 0.46]","[['C', 'D', 'A', 'B'], ['B', 'D', 'C', 'A'], ['D', 'C', 'B', 'A']]","{'B': 3, 'D': 3, 'A': 2, 'C': 2}","[1.0, 0.79, 0.58]",3.95
51,"[1, 3, 5]","[3, 2, 2]","[0.58, 0.58, 0.46]","[['C', 'D', 'A', 'B'], ['C', 'D', 'A', 'B'], ['B', 'D', 'A', 'C']]","{'B': 3, 'D': 3, 'A': 2, 'C': 2}","[1.0, 0.79, 0.58]",3.95
51,"[1, 3, 5]","[3, 2, 2]","[0.58, 0.58, 0.46]","[['C', 'D', 'A', 'B'], ['C', 'D', 'A', 'B'], ['B', 'D', 'C', 'A']]","{'B': 3, 'D': 3, 'A': 2, 'C': 2}","[1.0, 0.79, 0.58]",3.95
51,"[1, 3, 5]","[3, 2, 2]","[0.58, 0.58, 0.46]","[['C', 'D', 'A', 'B'], ['C', 'D', 'A', 'B'], ['D', 'B', 'A', 'C']]","{'B': 3, 'D': 3, 'A': 2, 'C': 2}","[1.0, 0.79, 0.58]",3.95
51,"[1, 3, 5]","[3, 2, 2]","[0.58, 0.58, 0.46]","[['C', 'D', 'A', 'B'], ['C', 'D', 'A', 'B'], ['D', 'B', 'C', 'A']]","{'B': 3, 'D': 3, 'A': 2, 'C': 2}","[1.0, 0.79, 0.58]",3.95
51,"[1, 3, 5]","[3, 2, 2]","[0.58, 0.58, 0.46]","[['C', 'D', 'A', 'B'], ['C', 'D', 'B', 'A'], ['B', 'D', 'A', 'C']]","{'B': 3, 'D': 3, 'A': 2, 'C': 2}","[1.0, 0.79, 0.58]",3.95
51,"[1, 3, 5]","[3, 2, 2]","[0.58, 0.58, 0.46]","[['C', 'D', 'A', 'B'], ['C', 'D', 'B', 'A'], ['B', 'D', 'C', 'A']]","{'B': 3, 'D': 3, 'A': 2, 'C': 2}","[1.0, 0.79, 0.58]",3.95
51,"[1, 3, 5]","[3, 2, 2]","[0.58, 0.58, 0.46]","[['C', 'D', 'A', 'B'], ['C', 'D', 'B', 'A'], ['D', 'B', 'A', 'C']]","{'B': 3, 'D': 3, 'A': 2, 'C': 2}","[1.0, 0.79, 0.58]",3.95
51,"[1, 3, 5]","[3, 2, 2]","[0.58, 0.58, 0.46]","[['C', 'D', 'A', 'B'], ['C', 'D', 'B', 'A'], ['D', 'B', 'C', 'A']]","{'B': 3, 'D': 3, 'A': 2, 'C': 2}","[1.0, 0.79, 0.58]",3.95
51,"[1, 3, 5]","[3, 2, 2]","[0.58, 0.58, 0.46]","[['C', 'D', 'A', 'B'], ['D', 'B', 'A', 'C'], ['B', 'D', 'A', 'C']]","{'B': 4, 'D': 3, 'A': 2, 'C': 1}","[1.0, 0.79, 0.58]",3.95
51,"[1, 3, 5]","[3, 2, 2]","[0.58, 0.58, 0.46]","[['C', 'D', 'A', 'B'], ['D', 'B', 'A', 'C'], ['B', 'D', 'C', 'A']]","{'B': 4, 'D': 3, 'A': 2, 'C': 1}","[1.0, 0.79, 0.58]",3.95
51,"[1, 3, 5]","[3, 2, 2]","[0.58, 0.58, 0.46]","[['C', 'D', 'A', 'B'], ['D', 'B', 'A', 'C'], ['C', 'D', 'A', 'B']]","{'B': 3, 'D': 3, 'A': 2, 'C': 2}","[1.0, 0.79, 0.58]",3.95
51,"[1, 3, 5]","[3, 2, 2]","[0.58, 0.58, 0.46]","[['C', 'D', 'A', 'B'], ['D', 'B', 'A', 'C'], ['C', 'D', 'B', 'A']]","{'B': 3, 'D': 3, 'A': 2, 'C': 2}","[1.0, 0.79, 0.58]",3.95
51,"[1, 3, 5]","[3, 2, 2]","[0.58, 0.58, 0.46]","[['C', 'D', 'A', 'B'], ['D', 'B', 'A', 'C'], ['D', 'B', 'A', 'C']]","{'B': 4, 'D': 3, 'A': 2, 'C': 1}","[1.0, 0.79, 0.58]",3.95
51,"[1, 3, 5]","[3, 2, 2]","[0.58, 0.58, 0.46]","[['C', 'D', 'A', 'B'], ['D', 'B', 'A', 'C'], ['D', 'B', 'C', 'A']]","{'B': 4, 'D': 3, 'A': 2, 'C': 1}","[1.0, 0.79, 0.58]",3.95
51,"[1, 3, 5]","[3, 2, 2]","[0.58, 0.58, 0.46]","[['C', 'D', 'A', 'B'], ['D', 'B', 'A', 'C'], ['D', 'C', 'A', 'B']]","{'B': 3, 'D': 3, 'A': 2, 'C': 2}","[1.0, 0.79, 0.58]",3.95
51,"[1, 3, 5]","[3, 2, 2]","[0.58, 0.58, 0.46]","[['C', 'D', 'A', 'B'], ['D', 'B', 'A', 'C'], ['D', 'C', 'B', 'A']]","{'B': 3, 'D': 3, 'A': 2, 'C': 2}","[1.0, 0.79, 0.58]",3.95
51,"[1, 3, 5]","[3, 2, 2]","[0.58, 0.58, 0.46]","[['C', 'D', 'A', 'B'], ['D', 'B', 'C', 'A'], ['B', 'D', 'A', 'C']]","{'B': 4, 'D': 3, 'A': 2, 'C': 1}","[1.0, 0.79, 0.58]",3.95
51,"[1, 3, 5]","[3, 2, 2]","[0.58, 0.58, 0.46]","[['C', 'D', 'A', 'B'], ['D', 'B', 'C', 'A'], ['B', 'D', 'C', 'A']]","{'B': 4, 'D': 3, 'A': 2, 'C': 1}","[1.0, 0.79, 0.58]",3.95
51,"[1, 3, 5]","[3, 2, 2]","[0.58, 0.58, 0.46]","[['C', 'D', 'A', 'B'], ['D', 'B', 'C', 'A'], ['C', 'D', 'A', 'B']]","{'B': 3, 'D': 3, 'A': 2, 'C': 2}","[1.0, 0.79, 0.58]",3.95
51,"[1, 3, 5]","[3, 2, 2]","[0.58, 0.58, 0.46]","[['C', 'D', 'A', 'B'], ['D', 'B', 'C', 'A'], ['C', 'D', 'B', 'A']]","{'B': 3, 'D': 3, 'A': 2, 'C': 2}","[1.0, 0.79, 0.58]",3.95
51,"[1, 3, 5]","[3, 2, 2]","[0.58, 0.58, 0.46]","[['C', 'D', 'A', 'B'], ['D', 'B', 'C', 'A'], ['D', 'B', 'A', 'C']]","{'B': 4, 'D': 3, 'A': 2, 'C': 1}","[1.0, 0.79, 0.58]",3.95
51,"[1, 3, 5]","[3, 2, 2]","[0.58, 0.58, 0.46]","[['C', 'D', 'A', 'B'], ['D', 'B', 'C', 'A'], ['D', 'B', 'C', 'A']]","{'B': 4, 'D': 3, 'A': 2, 'C': 1}","[1.0, 0.79, 0.58]",3.95
51,"[1, 3, 5]","[3, 2, 2]","[0.58, 0.58, 0.46]","[['C', 'D', 'A', 'B'], ['D', 'B', 'C', 'A'], ['D', 'C', 'A', 'B']]","{'B': 3, 'D': 3, 'A': 2, 'C': 2}","[1.0, 0.79, 0.58]",3.95
51,"[1, 3, 5]","[3, 2, 2]","[0.58, 0.58, 0.46]","[['C', 'D', 'A', 'B'], ['D', 'B', 'C', 'A'], ['D', 'C', 'B', 'A']]","{'B': 3, 'D': 3, 'A': 2, 'C': 2}","[1.0, 0.79, 0.58]",3.95
51,"[1, 3, 5]","[3, 2, 2]","[0.58, 0.58, 0.46]","[['C', 'D', 'A', 'B'], ['D', 'C', 'A', 'B'], ['B', 'D', 'A', 'C']]","{'B': 3, 'D': 3, 'A': 2, 'C': 2}","[1.0, 0.79, 0.58]",3.95
51,"[1, 3, 5]","[3, 2, 2]","[0.58, 0.58, 0.46]","[['C', 'D', 'A', 'B'], ['D', 'C', 'A', 'B'], ['B', 'D', 'C', 'A']]","{'B': 3, 'D': 3, 'A': 2, 'C': 2}","[1.0, 0.79, 0.58]",3.95
51,"[1, 3, 5]","[3, 2, 2]","[0.58, 0.58, 0.46]","[['C', 'D', 'A', 'B'], ['D', 'C', 'A', 'B'], ['D', 'B', 'A', 'C']]","{'B': 3, 'D': 3, 'A': 2, 'C': 2}","[1.0, 0.79, 0.58]",3.95
51,"[1, 3, 5]","[3, 2, 2]","[0.58, 0.58, 0.46]","[['C', 'D', 'A', 'B'], ['D', 'C', 'A', 'B'], ['D', 'B', 'C', 'A']]","{'B': 3, 'D': 3, 'A': 2, 'C': 2}","[1.0, 0.79, 0.58]",3.95
51,"[1, 3, 5]","[3, 2, 2]","[0.58, 0.58, 0.46]","[['C', 'D', 'A', 'B'], ['D', 'C', 'B', 'A'], ['B', 'D', 'A', 'C']]","{'B': 3, 'D': 3, 'A': 2, 'C': 2}","[1.0, 0.79, 0.58]",3.95
51,"[1, 3, 5]","[3, 2, 2]","[0.58, 0.58, 0.46]","[['C', 'D', 'A', 'B'], ['D', 'C', 'B', 'A'], ['B', 'D', 'C', 'A']]","{'B': 3, 'D': 3, 'A': 2, 'C': 2}","[1.0, 0.79, 0.58]",3.95
51,"[1, 3, 5]","[3, 2, 2]","[0.58, 0.58, 0.46]","[['C', 'D', 'A', 'B'], ['D', 'C', 'B', 'A'], ['D', 'B', 'A', 'C']]","{'B': 3, 'D': 3, 'A': 2, 'C': 2}","[1.0, 0.79, 0.58]",3.95
51,"[1, 3, 5]","[3, 2, 2]","[0.58, 0.58, 0.46]","[['C', 'D', 'A', 'B'], ['D', 'C', 'B', 'A'], ['D', 'B', 'C', 'A']]","{'B': 3, 'D': 3, 'A': 2, 'C': 2}","[1.0, 0.79, 0.58]",3.95
51,"[1, 3, 5]","[3, 2, 2]","[0.58, 0.58, 0.46]","[['C', 'D', 'B', 'A'], ['B', 'D', 'A', 'C'], ['B', 'D', 'A', 'C']]","{'B': 4, 'D': 3, 'A': 2, 'C': 1}","[1.0, 0.79, 0.58]",3.95
51,"[1, 3, 5]","[3, 2, 2]","[0.58, 0.58, 0.46]","[['C', 'D', 'B', 'A'], ['B', 'D', 'A', 'C'], ['B', 'D', 'C', 'A']]","{'B': 4, 'D': 3, 'A': 2, 'C': 1}","[1.0, 0.79, 0.58]",3.95
51,"[1, 3, 5]","[3, 2, 2]","[0.58, 0.58, 0.46]","[['C', 'D', 'B', 'A'], ['B', 'D', 'A', 'C'], ['C', 'D', 'A', 'B']]","{'B': 3, 'D': 3, 'A': 2, 'C': 2}","[1.0, 0.79, 0.58]",3.95
51,"[1, 3, 5]","[3, 2, 2]","[0.58, 0.58, 0.46]","[['C', 'D', 'B', 'A'], ['B', 'D', 'A', 'C'], ['C', 'D', 'B', 'A']]","{'B': 3, 'D': 3, 'A': 2, 'C': 2}","[1.0, 0.79, 0.58]",3.95
51,"[1, 3, 5]","[3, 2, 2]","[0.58, 0.58, 0.46]","[['C', 'D', 'B', 'A'], ['B', 'D', 'A', 'C'], ['D', 'B', 'A', 'C']]","{'B': 4, 'D': 3, 'A': 2, 'C': 1}","[1.0, 0.79, 0.58]",3.95
51,"[1, 3, 5]","[3, 2, 2]","[0.58, 0.58, 0.46]","[['C', 'D', 'B', 'A'], ['B', 'D', 'A', 'C'], ['D', 'B', 'C', 'A']]","{'B': 4, 'D': 3, 'A': 2, 'C': 1}","[1.0, 0.79, 0.58]",3.95
51,"[1, 3, 5]","[3, 2, 2]","[0.58, 0.58, 0.46]","[['C', 'D', 'B', 'A'], ['B', 'D', 'A', 'C'], ['D', 'C', 'A', 'B']]","{'B': 3, 'D': 3, 'A': 2, 'C': 2}","[1.0, 0.79, 0.58]",3.95
51,"[1, 3, 5]","[3, 2, 2]","[0.58, 0.58, 0.46]","[['C', 'D', 'B', 'A'], ['B', 'D', 'A', 'C'], ['D', 'C', 'B', 'A']]","{'B': 3, 'D': 3, 'A': 2, 'C': 2}","[1.0, 0.79, 0.58]",3.95
51,"[1, 3, 5]","[3, 2, 2]","[0.58, 0.58, 0.46]","[['C', 'D', 'B', 'A'], ['B', 'D', 'C', 'A'], ['B', 'D', 'A', 'C']]","{'B': 4, 'D': 3, 'A': 2, 'C': 1}","[1.0, 0.79, 0.58]",3.95
51,"[1, 3, 5]","[3, 2, 2]","[0.58, 0.58, 0.46]","[['C', 'D', 'B', 'A'], ['B', 'D', 'C', 'A'], ['B', 'D', 'C', 'A']]","{'B': 4, 'D': 3, 'A': 2, 'C': 1}","[1.0, 0.79, 0.58]",3.95
51,"[1, 3, 5]","[3, 2, 2]","[0.58, 0.58, 0.46]","[['C', 'D', 'B', 'A'], ['B', 'D', 'C', 'A'], ['C', 'D', 'A', 'B']]","{'B': 3, 'D': 3, 'A': 2, 'C': 2}","[1.0, 0.79, 0.58]",3.95
51,"[1, 3, 5]","[3, 2, 2]","[0.58, 0.58, 0.46]","[['C', 'D', 'B', 'A'], ['B', 'D', 'C', 'A'], ['C', 'D', 'B', 'A']]","{'B': 3, 'D': 3, 'A': 2, 'C': 2}","[1.0, 0.79, 0.58]",3.95
51,"[1, 3, 5]","[3, 2, 2]","[0.58, 0.58, 0.46]","[['C', 'D', 'B', 'A'], ['B', 'D', 'C', 'A'], ['D', 'B', 'A', 'C']]","{'B': 4, 'D': 3, 'A': 2, 'C': 1}","[1.0, 0.79, 0.58]",3.95
51,"[1, 3, 5]","[3, 2, 2]","[0.58, 0.58, 0.46]","[['C', 'D', 'B', 'A'], ['B', 'D', 'C', 'A'], ['D', 'B', 'C', 'A']]","{'B': 4, 'D': 3, 'A': 2, 'C': 1}","[1.0, 0.79, 0.58]",3.95
51,"[1, 3, 5]","[3, 2, 2]","[0.58, 0.58, 0.46]","[['C', 'D', 'B', 'A'], ['B', 'D', 'C', 'A'], ['D', 'C', 'A', 'B']]","{'B': 3, 'D': 3, 'A': 2, 'C': 2}","[1.0, 0.79, 0.58]",3.95
51,"[1, 3, 5]","[3, 2, 2]","[0.58, 0.58, 0.46]","[['C', 'D', 'B', 'A'], ['B', 'D', 'C', 'A'], ['D', 'C', 'B', 'A']]","{'B': 3, 'D': 3, 'A': 2, 'C': 2}","[1.0, 0.79, 0.58]",3.95
51,"[1, 3, 5]","[3, 2, 2]","[0.58, 0.58, 0.46]","[['C', 'D', 'B', 'A'], ['C', 'D', 'A', 'B'], ['B', 'D', 'A', 'C']]","{'B': 3, 'D': 3, 'A': 2, 'C': 2}","[1.0, 0.79, 0.58]",3.95
51,"[1, 3, 5]","[3, 2, 2]","[0.58, 0.58, 0.46]","[['C', 'D', 'B', 'A'], ['C', 'D', 'A', 'B'], ['B', 'D', 'C', 'A']]","{'B': 3, 'D': 3, 'A': 2, 'C': 2}","[1.0, 0.79, 0.58]",3.95
51,"[1, 3, 5]","[3, 2, 2]","[0.58, 0.58, 0.46]","[['C', 'D', 'B', 'A'], ['C', 'D', 'A', 'B'], ['D', 'B', 'A', 'C']]","{'B': 3, 'D': 3, 'A': 2, 'C': 2}","[1.0, 0.79, 0.58]",3.95
51,"[1, 3, 5]","[3, 2, 2]","[0.58, 0.58, 0.46]","[['C', 'D', 'B', 'A'], ['C', 'D', 'A', 'B'], ['D', 'B', 'C', 'A']]","{'B': 3, 'D': 3, 'A': 2, 'C': 2}","[1.0, 0.79, 0.58]",3.95
51,"[1, 3, 5]","[3, 2, 2]","[0.58, 0.58, 0.46]","[['C', 'D', 'B', 'A'], ['C', 'D', 'B', 'A'], ['B', 'D', 'A', 'C']]","{'B': 3, 'D': 3, 'A': 2, 'C': 2}","[1.0, 0.79, 0.58]",3.95
51,"[1, 3, 5]","[3, 2, 2]","[0.58, 0.58, 0.46]","[['C', 'D', 'B', 'A'], ['C', 'D', 'B', 'A'], ['B', 'D', 'C', 'A']]","{'B': 3, 'D': 3, 'A': 2, 'C': 2}","[1.0, 0.79, 0.58]",3.95
51,"[1, 3, 5]","[3, 2, 2]","[0.58, 0.58, 0.46]","[['C', 'D', 'B', 'A'], ['C', 'D', 'B', 'A'], ['D', 'B', 'A', 'C']]","{'B': 3, 'D': 3, 'A': 2, 'C': 2}","[1.0, 0.79, 0.58]",3.95
51,"[1, 3, 5]","[3, 2, 2]","[0.58, 0.58, 0.46]","[['C', 'D', 'B', 'A'], ['C', 'D', 'B', 'A'], ['D', 'B', 'C', 'A']]","{'B': 3, 'D': 3, 'A': 2, 'C': 2}","[1.0, 0.79, 0.58]",3.95
51,"[1, 3, 5]","[3, 2, 2]","[0.58, 0.58, 0.46]","[['C', 'D', 'B', 'A'], ['D', 'B', 'A', 'C'], ['B', 'D', 'A', 'C']]","{'B': 4, 'D': 3, 'A': 2, 'C': 1}","[1.0, 0.79, 0.58]",3.95
51,"[1, 3, 5]","[3, 2, 2]","[0.58, 0.58, 0.46]","[['C', 'D', 'B', 'A'], ['D', 'B', 'A', 'C'], ['B', 'D', 'C', 'A']]","{'B': 4, 'D': 3, 'A': 2, 'C': 1}","[1.0, 0.79, 0.58]",3.95
51,"[1, 3, 5]","[3, 2, 2]","[0.58, 0.58, 0.46]","[['C', 'D', 'B', 'A'], ['D', 'B', 'A', 'C'], ['C', 'D', 'A', 'B']]","{'B': 3, 'D': 3, 'A': 2, 'C': 2}","[1.0, 0.79, 0.58]",3.95
51,"[1, 3, 5]","[3, 2, 2]","[0.58, 0.58, 0.46]","[['C', 'D', 'B', 'A'], ['D', 'B', 'A', 'C'], ['C', 'D', 'B', 'A']]","{'B': 3, 'D': 3, 'A': 2, 'C': 2}","[1.0, 0.79, 0.58]",3.95
51,"[1, 3, 5]","[3, 2, 2]","[0.58, 0.58, 0.46]","[['C', 'D', 'B', 'A'], ['D', 'B', 'A', 'C'], ['D', 'B', 'A', 'C']]","{'B': 4, 'D': 3, 'A': 2, 'C': 1}","[1.0, 0.79, 0.58]",3.95
51,"[1, 3, 5]","[3, 2, 2]","[0.58, 0.58, 0.46]","[['C', 'D', 'B', 'A'], ['D', 'B', 'A', 'C'], ['D', 'B', 'C', 'A']]","{'B': 4, 'D': 3, 'A': 2, 'C': 1}","[1.0, 0.79, 0.58]",3.95
51,"[1, 3, 5]","[3, 2, 2]","[0.58, 0.58, 0.46]","[['C', 'D', 'B', 'A'], ['D', 'B', 'A', 'C'], ['D', 'C', 'A', 'B']]","{'B': 3, 'D': 3, 'A': 2, 'C': 2}","[1.0, 0.79, 0.58]",3.95
51,"[1, 3, 5]","[3, 2, 2]","[0.58, 0.58, 0.46]","[['C', 'D', 'B', 'A'], ['D', 'B', 'A', 'C'], ['D', 'C', 'B', 'A']]","{'B': 3, 'D': 3, 'A': 2, 'C': 2}","[1.0, 0.79, 0.58]",3.95
51,"[1, 3, 5]","[3, 2, 2]","[0.58, 0.58, 0.46]","[['C', 'D', 'B', 'A'], ['D', 'B', 'C', 'A'], ['B', 'D', 'A', 'C']]","{'B': 4, 'D': 3, 'A': 2, 'C': 1}","[1.0, 0.79, 0.58]",3.95
51,"[1, 3, 5]","[3, 2, 2]","[0.58, 0.58, 0.46]","[['C', 'D', 'B', 'A'], ['D', 'B', 'C', 'A'], ['B', 'D', 'C', 'A']]","{'B': 4, 'D': 3, 'A': 2, 'C': 1}","[1.0, 0.79, 0.58]",3.95
51,"[1, 3, 5]","[3, 2, 2]","[0.58, 0.58, 0.46]","[['C', 'D', 'B', 'A'], ['D', 'B', 'C', 'A'], ['C', 'D', 'A', 'B']]","{'B': 3, 'D': 3, 'A': 2, 'C': 2}","[1.0, 0.79, 0.58]",3.95
51,"[1, 3, 5]","[3, 2, 2]","[0.58, 0.58, 0.46]","[['C', 'D', 'B', 'A'], ['D', 'B', 'C', 'A'], ['C', 'D', 'B', 'A']]","{'B': 3, 'D': 3, 'A': 2, 'C': 2}","[1.0, 0.79, 0.58]",3.95
51,"[1, 3, 5]","[3, 2, 2]","[0.58, 0.58, 0.46]","[['C', 'D', 'B', 'A'], ['D', 'B', 'C', 'A'], ['D', 'B', 'A', 'C']]","{'B': 4, 'D': 3, 'A': 2, 'C': 1}","[1.0, 0.79, 0.58]",3.95
51,"[1, 3, 5]","[3, 2, 2]","[0.58, 0.58, 0.46]","[['C', 'D', 'B', 'A'], ['D', 'B', 'C', 'A'], ['D', 'B', 'C', 'A']]","{'B': 4, 'D': 3, 'A': 2, 'C': 1}","[1.0, 0.79, 0.58]",3.95
51,"[1, 3, 5]","[3, 2, 2]","[0.58, 0.58, 0.46]","[['C', 'D', 'B', 'A'], ['D', 'B', 'C', 'A'], ['D', 'C', 'A', 'B']]","{'B': 3, 'D': 3, 'A': 2, 'C': 2}","[1.0, 0.79, 0.58]",3.95
51,"[1, 3, 5]","[3, 2, 2]","[0.58, 0.58, 0.46]","[['C', 'D', 'B', 'A'], ['D', 'B', 'C', 'A'], ['D', 'C', 'B', 'A']]","{'B': 3, 'D': 3, 'A': 2, 'C': 2}","[1.0, 0.79, 0.58]",3.95
51,"[1, 3, 5]","[3, 2, 2]","[0.58, 0.58, 0.46]","[['C', 'D', 'B', 'A'], ['D', 'C', 'A', 'B'], ['B', 'D', 'A', 'C']]","{'B': 3, 'D': 3, 'A': 2, 'C': 2}","[1.0, 0.79, 0.58]",3.95
51,"[1, 3, 5]","[3, 2, 2]","[0.58, 0.58, 0.46]","[['C', 'D', 'B', 'A'], ['D', 'C', 'A', 'B'], ['B', 'D', 'C', 'A']]","{'B': 3, 'D': 3, 'A': 2, 'C': 2}","[1.0, 0.79, 0.58]",3.95
51,"[1, 3, 5]","[3, 2, 2]","[0.58, 0.58, 0.46]","[['C', 'D', 'B', 'A'], ['D', 'C', 'A', 'B'], ['D', 'B', 'A', 'C']]","{'B': 3, 'D': 3, 'A': 2, 'C': 2}","[1.0, 0.79, 0.58]",3.95
51,"[1, 3, 5]","[3, 2, 2]","[0.58, 0.58, 0.46]","[['C', 'D', 'B', 'A'], ['D', 'C', 'A', 'B'], ['D', 'B', 'C', 'A']]","{'B': 3, 'D': 3, 'A': 2, 'C': 2}","[1.0, 0.79, 0.58]",3.95
51,"[1, 3, 5]","[3, 2, 2]","[0.58, 0.58, 0.46]","[['C', 'D', 'B', 'A'], ['D', 'C', 'B', 'A'], ['B', 'D', 'A', 'C']]","{'B': 3, 'D': 3, 'A': 2, 'C': 2}","[1.0, 0.79, 0.58]",3.95
51,"[1, 3, 5]","[3, 2, 2]","[0.58, 0.58, 0.46]","[['C', 'D', 'B', 'A'], ['D', 'C', 'B', 'A'], ['B', 'D', 'C', 'A']]","{'B': 3, 'D': 3, 'A': 2, 'C': 2}","[1.0, 0.79, 0.58]",3.95
51,"[1, 3, 5]","[3, 2, 2]","[0.58, 0.58, 0.46]","[['C', 'D', 'B', 'A'], ['D', 'C', 'B', 'A'], ['D', 'B', 'A', 'C']]","{'B': 3, 'D': 3, 'A': 2, 'C': 2}","[1.0, 0.79, 0.58]",3.95
51,"[1, 3, 5]","[3, 2, 2]","[0.58, 0.58, 0.46]","[['C', 'D', 'B', 'A'], ['D', 'C', 'B', 'A'], ['D', 'B', 'C', 'A']]","{'B': 3, 'D': 3, 'A': 2, 'C': 2}","[1.0, 0.79, 0.58]",3.95
51,"[1, 3, 5]","[3, 2, 2]","[0.58, 0.58, 0.46]","[['D', 'B', 'A', 'C'], ['B', 'D', 'A', 'C'], ['B', 'D', 'A', 'C']]","{'B': 5, 'D': 3, 'A': 2, 'C': 0}","[1.0, 0.79, 0.58]",3.95
51,"[1, 3, 5]","[3, 2, 2]","[0.58, 0.58, 0.46]","[['D', 'B', 'A', 'C'], ['B', 'D', 'A', 'C'], ['B', 'D', 'C', 'A']]","{'B': 5, 'D': 3, 'A': 2, 'C': 0}","[1.0, 0.79, 0.58]",3.95
51,"[1, 3, 5]","[3, 2, 2]","[0.58, 0.58, 0.46]","[['D', 'B', 'A', 'C'], ['B', 'D', 'A', 'C'], ['C', 'D', 'A', 'B']]","{'B': 4, 'D': 3, 'A': 2, 'C': 1}","[1.0, 0.79, 0.58]",3.95
51,"[1, 3, 5]","[3, 2, 2]","[0.58, 0.58, 0.46]","[['D', 'B', 'A', 'C'], ['B', 'D', 'A', 'C'], ['C', 'D', 'B', 'A']]","{'B': 4, 'D': 3, 'A': 2, 'C': 1}","[1.0, 0.79, 0.58]",3.95
51,"[1, 3, 5]","[3, 2, 2]","[0.58, 0.58, 0.46]","[['D', 'B', 'A', 'C'], ['B', 'D', 'A', 'C'], ['D', 'B', 'A', 'C']]","{'B': 5, 'D': 3, 'A': 2, 'C': 0}","[1.0, 0.79, 0.58]",3.95
51,"[1, 3, 5]","[3, 2, 2]","[0.58, 0.58, 0.46]","[['D', 'B', 'A', 'C'], ['B', 'D', 'A', 'C'], ['D', 'B', 'C', 'A']]","{'B': 5, 'D': 3, 'A': 2, 'C': 0}","[1.0, 0.79, 0.58]",3.95
51,"[1, 3, 5]","[3, 2, 2]","[0.58, 0.58, 0.46]","[['D', 'B', 'A', 'C'], ['B', 'D', 'A', 'C'], ['D', 'C', 'A', 'B']]","{'B': 4, 'D': 3, 'A': 2, 'C': 1}","[1.0, 0.79, 0.58]",3.95
51,"[1, 3, 5]","[3, 2, 2]","[0.58, 0.58, 0.46]","[['D', 'B', 'A', 'C'], ['B', 'D', 'A', 'C'], ['D', 'C', 'B', 'A']]","{'B': 4, 'D': 3, 'A': 2, 'C': 1}","[1.0, 0.79, 0.58]",3.95
51,"[1, 3, 5]","[3, 2, 2]","[0.58, 0.58, 0.46]","[['D', 'B', 'A', 'C'], ['B', 'D', 'C', 'A'], ['B', 'D', 'A', 'C']]","{'B': 5, 'D': 3, 'A': 2, 'C': 0}","[1.0, 0.79, 0.58]",3.95
51,"[1, 3, 5]","[3, 2, 2]","[0.58, 0.58, 0.46]","[['D', 'B', 'A', 'C'], ['B', 'D', 'C', 'A'], ['B', 'D', 'C', 'A']]","{'B': 5, 'D': 3, 'A': 2, 'C': 0}","[1.0, 0.79, 0.58]",3.95
51,"[1, 3, 5]","[3, 2, 2]","[0.58, 0.58, 0.46]","[['D', 'B', 'A', 'C'], ['B', 'D', 'C', 'A'], ['C', 'D', 'A', 'B']]","{'B': 4, 'D': 3, 'A': 2, 'C': 1}","[1.0, 0.79, 0.58]",3.95
51,"[1, 3, 5]","[3, 2, 2]","[0.58, 0.58, 0.46]","[['D', 'B', 'A', 'C'], ['B', 'D', 'C', 'A'], ['C', 'D', 'B', 'A']]","{'B': 4, 'D': 3, 'A': 2, 'C': 1}","[1.0, 0.79, 0.58]",3.95
51,"[1, 3, 5]","[3, 2, 2]","[0.58, 0.58, 0.46]","[['D', 'B', 'A', 'C'], ['B', 'D', 'C', 'A'], ['D', 'B', 'A', 'C']]","{'B': 5, 'D': 3, 'A': 2, 'C': 0}","[1.0, 0.79, 0.58]",3.95
51,"[1, 3, 5]","[3, 2, 2]","[0.58, 0.58, 0.46]","[['D', 'B', 'A', 'C'], ['B', 'D', 'C', 'A'], ['D', 'B', 'C', 'A']]","{'B': 5, 'D': 3, 'A': 2, 'C': 0}","[1.0, 0.79, 0.58]",3.95
51,"[1, 3, 5]","[3, 2, 2]","[0.58, 0.58, 0.46]","[['D', 'B', 'A', 'C'], ['B', 'D', 'C', 'A'], ['D', 'C', 'A', 'B']]","{'B': 4, 'D': 3, 'A': 2, 'C': 1}","[1.0, 0.79, 0.58]",3.95
51,"[1, 3, 5]","[3, 2, 2]","[0.58, 0.58, 0.46]","[['D', 'B', 'A', 'C'], ['B', 'D', 'C', 'A'], ['D', 'C', 'B', 'A']]","{'B': 4, 'D': 3, 'A': 2, 'C': 1}","[1.0, 0.79, 0.58]",3.95
51,"[1, 3, 5]","[3, 2, 2]","[0.58, 0.58, 0.46]","[['D', 'B', 'A', 'C'], ['C', 'D', 'A', 'B'], ['B', 'D', 'A', 'C']]","{'B': 4, 'D': 3, 'A': 2, 'C': 1}","[1.0, 0.79, 0.58]",3.95
51,"[1, 3, 5]","[3, 2, 2]","[0.58, 0.58, 0.46]","[['D', 'B', 'A', 'C'], ['C', 'D', 'A', 'B'], ['B', 'D', 'C', 'A']]","{'B': 4, 'D': 3, 'A': 2, 'C': 1}","[1.0, 0.79, 0.58]",3.95
51,"[1, 3, 5]","[3, 2, 2]","[0.58, 0.58, 0.46]","[['D', 'B', 'A', 'C'], ['C', 'D', 'A', 'B'], ['C', 'D', 'A', 'B']]","{'B': 3, 'D': 3, 'A': 2, 'C': 2}","[1.0, 0.79, 0.58]",3.95
51,"[1, 3, 5]","[3, 2, 2]","[0.58, 0.58, 0.46]","[['D', 'B', 'A', 'C'], ['C', 'D', 'A', 'B'], ['C', 'D', 'B', 'A']]","{'B': 3, 'D': 3, 'A': 2, 'C': 2}","[1.0, 0.79, 0.58]",3.95
51,"[1, 3, 5]","[3, 2, 2]","[0.58, 0.58, 0.46]","[['D', 'B', 'A', 'C'], ['C', 'D', 'A', 'B'], ['D', 'B', 'A', 'C']]","{'B': 4, 'D': 3, 'A': 2, 'C': 1}","[1.0, 0.79, 0.58]",3.95
51,"[1, 3, 5]","[3, 2, 2]","[0.58, 0.58, 0.46]","[['D', 'B', 'A', 'C'], ['C', 'D', 'A', 'B'], ['D', 'B', 'C', 'A']]","{'B': 4, 'D': 3, 'A': 2, 'C': 1}","[1.0, 0.79, 0.58]",3.95
51,"[1, 3, 5]","[3, 2, 2]","[0.58, 0.58, 0.46]","[['D', 'B', 'A', 'C'], ['C', 'D', 'A', 'B'], ['D', 'C', 'A', 'B']]","{'B': 3, 'D': 3, 'A': 2, 'C': 2}","[1.0, 0.79, 0.58]",3.95
51,"[1, 3, 5]","[3, 2, 2]","[0.58, 0.58, 0.46]","[['D', 'B', 'A', 'C'], ['C', 'D', 'A', 'B'], ['D', 'C', 'B', 'A']]","{'B': 3, 'D': 3, 'A': 2, 'C': 2}","[1.0, 0.79, 0.58]",3.95
51,"[1, 3, 5]","[3, 2, 2]","[0.58, 0.58, 0.46]","[['D', 'B', 'A', 'C'], ['C', 'D', 'B', 'A'], ['B', 'D', 'A', 'C']]","{'B': 4, 'D': 3, 'A': 2, 'C': 1}","[1.0, 0.79, 0.58]",3.95
51,"[1, 3, 5]","[3, 2, 2]","[0.58, 0.58, 0.46]","[['D', 'B', 'A', 'C'], ['C', 'D', 'B', 'A'], ['B', 'D', 'C', 'A']]","{'B': 4, 'D': 3, 'A': 2, 'C': 1}","[1.0, 0.79, 0.58]",3.95
51,"[1, 3, 5]","[3, 2, 2]","[0.58, 0.58, 0.46]","[['D', 'B', 'A', 'C'], ['C', 'D', 'B', 'A'], ['C', 'D', 'A', 'B']]","{'B': 3, 'D': 3, 'A': 2, 'C': 2}","[1.0, 0.79, 0.58]",3.95
51,"[1, 3, 5]","[3, 2, 2]","[0.58, 0.58, 0.46]","[['D', 'B', 'A', 'C'], ['C', 'D', 'B', 'A'], ['C', 'D', 'B', 'A']]","{'B': 3, 'D': 3, 'A': 2, 'C': 2}","[1.0, 0.79, 0.58]",3.95
51,"[1, 3, 5]","[3, 2, 2]","[0.58, 0.58, 0.46]","[['D', 'B', 'A', 'C'], ['C', 'D', 'B', 'A'], ['D', 'B', 'A', 'C']]","{'B': 4, 'D': 3, 'A': 2, 'C': 1}","[1.0, 0.79, 0.58]",3.95
51,"[1, 3, 5]","[3, 2, 2]","[0.58, 0.58, 0.46]","[['D', 'B', 'A', 'C'], ['C', 'D', 'B', 'A'], ['D', 'B', 'C', 'A']]","{'B': 4, 'D': 3, 'A': 2, 'C': 1}","[1.0, 0.79, 0.58]",3.95
51,"[1, 3, 5]","[3, 2, 2]","[0.58, 0.58, 0.46]","[['D', 'B', 'A', 'C'], ['C', 'D', 'B', 'A'], ['D', 'C', 'A', 'B']]","{'B': 3, 'D': 3, 'A': 2, 'C': 2}","[1.0, 0.79, 0.58]",3.95
51,"[1, 3, 5]","[3, 2, 2]","[0.58, 0.58, 0.46]","[['D', 'B', 'A', 'C'], ['C', 'D', 'B', 'A'], ['D', 'C', 'B', 'A']]","{'B': 3, 'D': 3, 'A': 2, 'C': 2}","[1.0, 0.79, 0.58]",3.95
51,"[1, 3, 5]","[3, 2, 2]","[0.58, 0.58, 0.46]","[['D', 'B', 'A', 'C'], ['D', 'B', 'A', 'C'], ['B', 'D', 'A', 'C']]","{'B': 5, 'D': 3, 'A': 2, 'C': 0}","[1.0, 0.79, 0.58]",3.95
51,"[1, 3, 5]","[3, 2, 2]","[0.58, 0.58, 0.46]","[['D', 'B', 'A', 'C'], ['D', 'B', 'A', 'C'], ['B', 'D', 'C', 'A']]","{'B': 5, 'D': 3, 'A': 2, 'C': 0}","[1.0, 0.79, 0.58]",3.95
51,"[1, 3, 5]","[3, 2, 2]","[0.58, 0.58, 0.46]","[['D', 'B', 'A', 'C'], ['D', 'B', 'A', 'C'], ['C', 'D', 'A', 'B']]","{'B': 4, 'D': 3, 'A': 2, 'C': 1}","[1.0, 0.79, 0.58]",3.95
51,"[1, 3, 5]","[3, 2, 2]","[0.58, 0.58, 0.46]","[['D', 'B', 'A', 'C'], ['D', 'B', 'A', 'C'], ['C', 'D', 'B', 'A']]","{'B': 4, 'D': 3, 'A': 2, 'C': 1}","[1.0, 0.79, 0.58]",3.95
51,"[1, 3, 5]","[3, 2, 2]","[0.58, 0.58, 0.46]","[['D', 'B', 'A', 'C'], ['D', 'B', 'A', 'C'], ['D', 'B', 'A', 'C']]","{'B': 5, 'D': 3, 'A': 2, 'C': 0}","[1.0, 0.79, 0.58]",3.95
51,"[1, 3, 5]","[3, 2, 2]","[0.58, 0.58, 0.46]","[['D', 'B', 'A', 'C'], ['D', 'B', 'A', 'C'], ['D', 'B', 'C', 'A']]","{'B': 5, 'D': 3, 'A': 2, 'C': 0}","[1.0, 0.79, 0.58]",3.95
51,"[1, 3, 5]","[3, 2, 2]","[0.58, 0.58, 0.46]","[['D', 'B', 'A', 'C'], ['D', 'B', 'A', 'C'], ['D', 'C', 'A', 'B']]","{'B': 4, 'D': 3, 'A': 2, 'C': 1}","[1.0, 0.79, 0.58]",3.95
51,"[1, 3, 5]","[3, 2, 2]","[0.58, 0.58, 0.46]","[['D', 'B', 'A', 'C'], ['D', 'B', 'A', 'C'], ['D', 'C', 'B', 'A']]","{'B': 4, 'D': 3, 'A': 2, 'C': 1}","[1.0, 0.79, 0.58]",3.95
51,"[1, 3, 5]","[3, 2, 2]","[0.58, 0.58, 0.46]","[['D', 'B', 'A', 'C'], ['D', 'B', 'C', 'A'], ['B', 'D', 'A', 'C']]","{'B': 5, 'D': 3, 'A': 2, 'C': 0}","[1.0, 0.79, 0.58]",3.95
51,"[1, 3, 5]","[3, 2, 2]","[0.58, 0.58, 0.46]","[['D', 'B', 'A', 'C'], ['D', 'B', 'C', 'A'], ['B', 'D', 'C', 'A']]","{'B': 5, 'D': 3, 'A': 2, 'C': 0}","[1.0, 0.79, 0.58]",3.95
51,"[1, 3, 5]","[3, 2, 2]","[0.58, 0.58, 0.46]","[['D', 'B', 'A', 'C'], ['D', 'B', 'C', 'A'], ['C', 'D', 'A', 'B']]","{'B': 4, 'D': 3, 'A': 2, 'C': 1}","[1.0, 0.79, 0.58]",3.95
51,"[1, 3, 5]","[3, 2, 2]","[0.58, 0.58, 0.46]","[['D', 'B', 'A', 'C'], ['D', 'B', 'C', 'A'], ['C', 'D', 'B', 'A']]","{'B': 4, 'D': 3, 'A': 2, 'C': 1}","[1.0, 0.79, 0.58]",3.95
51,"[1, 3, 5]","[3, 2, 2]","[0.58, 0.58, 0.46]","[['D', 'B', 'A', 'C'], ['D', 'B', 'C', 'A'], ['D', 'B', 'A', 'C']]","{'B': 5, 'D': 3, 'A': 2, 'C': 0}","[1.0, 0.79, 0.58]",3.95
51,"[1, 3, 5]","[3, 2, 2]","[0.58, 0.58, 0.46]","[['D', 'B', 'A', 'C'], ['D', 'B', 'C', 'A'], ['D', 'B', 'C', 'A']]","{'B': 5, 'D': 3, 'A': 2, 'C': 0}","[1.0, 0.79, 0.58]",3.95
51,"[1, 3, 5]","[3, 2, 2]","[0.58, 0.58, 0.46]","[['D', 'B', 'A', 'C'], ['D', 'B', 'C', 'A'], ['D', 'C', 'A', 'B']]","{'B': 4, 'D': 3, 'A': 2, 'C': 1}","[1.0, 0.79, 0.58]",3.95
51,"[1, 3, 5]","[3, 2, 2]","[0.58, 0.58, 0.46]","[['D', 'B', 'A', 'C'], ['D', 'B', 'C', 'A'], ['D', 'C', 'B', 'A']]","{'B': 4, 'D': 3, 'A': 2, 'C': 1}","[1.0, 0.79, 0.58]",3.95
51,"[1, 3, 5]","[3, 2, 2]","[0.58, 0.58, 0.46]","[['D', 'B', 'A', 'C'], ['D', 'C', 'A', 'B'], ['B', 'D', 'A', 'C']]","{'B': 4, 'D': 3, 'A': 2, 'C': 1}","[1.0, 0.79, 0.58]",3.95
51,"[1, 3, 5]","[3, 2, 2]","[0.58, 0.58, 0.46]","[['D', 'B', 'A', 'C'], ['D', 'C', 'A', 'B'], ['B', 'D', 'C', 'A']]","{'B': 4, 'D': 3, 'A': 2, 'C': 1}","[1.0, 0.79, 0.58]",3.95
51,"[1, 3, 5]","[3, 2, 2]","[0.58, 0.58, 0.46]","[['D', 'B', 'A', 'C'], ['D', 'C', 'A', 'B'], ['C', 'D', 'A', 'B']]","{'B': 3, 'D': 3, 'A': 2, 'C': 2}","[1.0, 0.79, 0.58]",3.95
51,"[1, 3, 5]","[3, 2, 2]","[0.58, 0.58, 0.46]","[['D', 'B', 'A', 'C'], ['D', 'C', 'A', 'B'], ['C', 'D', 'B', 'A']]","{'B': 3, 'D': 3, 'A': 2, 'C': 2}","[1.0, 0.79, 0.58]",3.95
51,"[1, 3, 5]","[3, 2, 2]","[0.58, 0.58, 0.46]","[['D', 'B', 'A', 'C'], ['D', 'C', 'A', 'B'], ['D', 'B', 'A', 'C']]","{'B': 4, 'D': 3, 'A': 2, 'C': 1}","[1.0, 0.79, 0.58]",3.95
51,"[1, 3, 5]","[3, 2, 2]","[0.58, 0.58, 0.46]","[['D', 'B', 'A', 'C'], ['D', 'C', 'A', 'B'], ['D', 'B', 'C', 'A']]","{'B': 4, 'D': 3, 'A': 2, 'C': 1}","[1.0, 0.79, 0.58]",3.95
51,"[1, 3, 5]","[3, 2, 2]","[0.58, 0.58, 0.46]","[['D', 'B', 'A', 'C'], ['D', 'C', 'A', 'B'], ['D', 'C', 'A', 'B']]","{'B': 3, 'D': 3, 'A': 2, 'C': 2}","[1.0, 0.79, 0.58]",3.95
51,"[1, 3, 5]","[3, 2, 2]","[0.58, 0.58, 0.46]","[['D', 'B', 'A', 'C'], ['D', 'C', 'A', 'B'], ['D', 'C', 'B', 'A']]","{'B': 3, 'D': 3, 'A': 2, 'C': 2}","[1.0, 0.79, 0.58]",3.95
51,"[1, 3, 5]","[3, 2, 2]","[0.58, 0.58, 0.46]","[['D', 'B', 'A', 'C'], ['D', 'C', 'B', 'A'], ['B', 'D', 'A', 'C']]","{'B': 4, 'D': 3, 'A': 2, 'C': 1}","[1.0, 0.79, 0.58]",3.95
51,"[1, 3, 5]","[3, 2, 2]","[0.58, 0.58, 0.46]","[['D', 'B', 'A', 'C'], ['D', 'C', 'B', 'A'], ['B', 'D', 'C', 'A']]","{'B': 4, 'D': 3, 'A': 2, 'C': 1}","[1.0, 0.79, 0.58]",3.95
51,"[1, 3, 5]","[3, 2, 2]","[0.58, 0.58, 0.46]","[['D', 'B', 'A', 'C'], ['D', 'C', 'B', 'A'], ['C', 'D', 'A', 'B']]","{'B': 3, 'D': 3, 'A': 2, 'C': 2}","[1.0, 0.79, 0.58]",3.95
51,"[1, 3, 5]","[3, 2, 2]","[0.58, 0.58, 0.46]","[['D', 'B', 'A', 'C'], ['D', 'C', 'B', 'A'], ['C', 'D', 'B', 'A']]","{'B': 3, 'D': 3, 'A': 2, 'C': 2}","[1.0, 0.79, 0.58]",3.95
51,"[1, 3, 5]","[3, 2, 2]","[0.58, 0.58, 0.46]","[['D', 'B', 'A', 'C'], ['D', 'C', 'B', 'A'], ['D', 'B', 'A', 'C']]","{'B': 4, 'D': 3, 'A': 2, 'C': 1}","[1.0, 0.79, 0.58]",3.95
51,"[1, 3, 5]","[3, 2, 2]","[0.58, 0.58, 0.46]","[['D', 'B', 'A', 'C'], ['D', 'C', 'B', 'A'], ['D', 'B', 'C', 'A']]","{'B': 4, 'D': 3, 'A': 2, 'C': 1}","[1.0, 0.79, 0.58]",3.95
51,"[1, 3, 5]","[3, 2, 2]","[0.58, 0.58, 0.46]","[['D', 'B', 'A', 'C'], ['D', 'C', 'B', 'A'], ['D', 'C', 'A', 'B']]","{'B': 3, 'D': 3, 'A': 2, 'C': 2}","[1.0, 0.79, 0.58]",3.95
51,"[1, 3, 5]","[3, 2, 2]","[0.58, 0.58, 0.46]","[['D', 'B', 'A', 'C'], ['D', 'C', 'B', 'A'], ['D', 'C', 'B', 'A']]","{'B': 3, 'D': 3, 'A': 2, 'C': 2}","[1.0, 0.79, 0.58]",3.95
51,"[1, 3, 5]","[3, 2, 2]","[0.58, 0.58, 0.46]","[['D', 'B', 'C', 'A'], ['B', 'D', 'A', 'C'], ['B', 'D', 'A', 'C']]","{'B': 5, 'D': 3, 'A': 2, 'C': 0}","[1.0, 0.79, 0.58]",3.95
51,"[1, 3, 5]","[3, 2, 2]","[0.58, 0.58, 0.46]","[['D', 'B', 'C', 'A'], ['B', 'D', 'A', 'C'], ['B', 'D', 'C', 'A']]","{'B': 5, 'D': 3, 'A': 2, 'C': 0}","[1.0, 0.79, 0.58]",3.95
51,"[1, 3, 5]","[3, 2, 2]","[0.58, 0.58, 0.46]","[['D', 'B', 'C', 'A'], ['B', 'D', 'A', 'C'], ['C', 'D', 'A', 'B']]","{'B': 4, 'D': 3, 'A': 2, 'C': 1}","[1.0, 0.79, 0.58]",3.95
51,"[1, 3, 5]","[3, 2, 2]","[0.58, 0.58, 0.46]","[['D', 'B', 'C', 'A'], ['B', 'D', 'A', 'C'], ['C', 'D', 'B', 'A']]","{'B': 4, 'D': 3, 'A': 2, 'C': 1}","[1.0, 0.79, 0.58]",3.95
51,"[1, 3, 5]","[3, 2, 2]","[0.58, 0.58, 0.46]","[['D', 'B', 'C', 'A'], ['B', 'D', 'A', 'C'], ['D', 'B', 'A', 'C']]","{'B': 5, 'D': 3, 'A': 2, 'C': 0}","[1.0, 0.79, 0.58]",3.95
51,"[1, 3, 5]","[3, 2, 2]","[0.58, 0.58, 0.46]","[['D', 'B', 'C', 'A'], ['B', 'D', 'A', 'C'], ['D', 'B', 'C', 'A']]","{'B': 5, 'D': 3, 'A': 2, 'C': 0}","[1.0, 0.79, 0.58]",3.95
51,"[1, 3, 5]","[3, 2, 2]","[0.58, 0.58, 0.46]","[['D', 'B', 'C', 'A'], ['B', 'D', 'A', 'C'], ['D', 'C', 'A', 'B']]","{'B': 4, 'D': 3, 'A': 2, 'C': 1}","[1.0, 0.79, 0.58]",3.95
51,"[1, 3, 5]","[3, 2, 2]","[0.58, 0.58, 0.46]","[['D', 'B', 'C', 'A'], ['B', 'D', 'A', 'C'], ['D', 'C', 'B', 'A']]","{'B': 4, 'D': 3, 'A': 2, 'C': 1}","[1.0, 0.79, 0.58]",3.95
51,"[1, 3, 5]","[3, 2, 2]","[0.58, 0.58, 0.46]","[['D', 'B', 'C', 'A'], ['B', 'D', 'C', 'A'], ['B', 'D', 'A', 'C']]","{'B': 5, 'D': 3, 'A': 2, 'C': 0}","[1.0, 0.79, 0.58]",3.95
51,"[1, 3, 5]","[3, 2, 2]","[0.58, 0.58, 0.46]","[['D', 'B', 'C', 'A'], ['B', 'D', 'C', 'A'], ['B', 'D', 'C', 'A']]","{'B': 5, 'D': 3, 'A': 2, 'C': 0}","[1.0, 0.79, 0.58]",3.95
51,"[1, 3, 5]","[3, 2, 2]","[0.58, 0.58, 0.46]","[['D', 'B', 'C', 'A'], ['B', 'D', 'C', 'A'], ['C', 'D', 'A', 'B']]","{'B': 4, 'D': 3, 'A': 2, 'C': 1}","[1.0, 0.79, 0.58]",3.95
51,"[1, 3, 5]","[3, 2, 2]","[0.58, 0.58, 0.46]","[['D', 'B', 'C', 'A'], ['B', 'D', 'C', 'A'], ['C', 'D', 'B', 'A']]","{'B': 4, 'D': 3, 'A': 2, 'C': 1}","[1.0, 0.79, 0.58]",3.95
51,"[1, 3, 5]","[3, 2, 2]","[0.58, 0.58, 0.46]","[['D', 'B', 'C', 'A'], ['B', 'D', 'C', 'A'], ['D', 'B', 'A', 'C']]","{'B': 5, 'D': 3, 'A': 2, 'C': 0}","[1.0, 0.79, 0.58]",3.95
51,"[1, 3, 5]","[3, 2, 2]","[0.58, 0.58, 0.46]","[['D', 'B', 'C', 'A'], ['B', 'D', 'C', 'A'], ['D', 'B', 'C', 'A']]","{'B': 5, 'D': 3, 'A': 2, 'C': 0}","[1.0, 0.79, 0.58]",3.95
51,"[1, 3, 5]","[3, 2, 2]","[0.58, 0.58, 0.46]","[['D', 'B', 'C', 'A'], ['B', 'D', 'C', 'A'], ['D', 'C', 'A', 'B']]","{'B': 4, 'D': 3, 'A': 2, 'C': 1}","[1.0, 0.79, 0.58]",3.95
51,"[1, 3, 5]","[3, 2, 2]","[0.58, 0.58, 0.46]","[['D', 'B', 'C', 'A'], ['B', 'D', 'C', 'A'], ['D', 'C', 'B', 'A']]","{'B': 4, 'D': 3, 'A': 2, 'C': 1}","[1.0, 0.79, 0.58]",3.95
51,"[1, 3, 5]","[3, 2, 2]","[0.58, 0.58, 0.46]","[['D', 'B', 'C', 'A'], ['C', 'D', 'A', 'B'], ['B', 'D', 'A', 'C']]","{'B': 4, 'D': 3, 'A': 2, 'C': 1}","[1.0, 0.79, 0.58]",3.95
51,"[1, 3, 5]","[3, 2, 2]","[0.58, 0.58, 0.46]","[['D', 'B', 'C', 'A'], ['C', 'D', 'A', 'B'], ['B', 'D', 'C', 'A']]","{'B': 4, 'D': 3, 'A': 2, 'C': 1}","[1.0, 0.79, 0.58]",3.95
51,"[1, 3, 5]","[3, 2, 2]","[0.58, 0.58, 0.46]","[['D', 'B', 'C', 'A'], ['C', 'D', 'A', 'B'], ['C', 'D', 'A', 'B']]","{'B': 3, 'D': 3, 'A': 2, 'C': 2}","[1.0, 0.79, 0.58]",3.95
51,"[1, 3, 5]","[3, 2, 2]","[0.58, 0.58, 0.46]","[['D', 'B', 'C', 'A'], ['C', 'D', 'A', 'B'], ['C', 'D', 'B', 'A']]","{'B': 3, 'D': 3, 'A': 2, 'C': 2}","[1.0, 0.79, 0.58]",3.95
51,"[1, 3, 5]","[3, 2, 2]","[0.58, 0.58, 0.46]","[['D', 'B', 'C', 'A'], ['C', 'D', 'A', 'B'], ['D', 'B', 'A', 'C']]","{'B': 4, 'D': 3, 'A': 2, 'C': 1}","[1.0, 0.79, 0.58]",3.95
51,"[1, 3, 5]","[3, 2, 2]","[0.58, 0.58, 0.46]","[['D', 'B', 'C', 'A'], ['C', 'D', 'A', 'B'], ['D', 'B', 'C', 'A']]","{'B': 4, 'D': 3, 'A': 2, 'C': 1}","[1.0, 0.79, 0.58]",3.95
51,"[1, 3, 5]","[3, 2, 2]","[0.58, 0.58, 0.46]","[['D', 'B', 'C', 'A'], ['C', 'D', 'A', 'B'], ['D', 'C', 'A', 'B']]","{'B': 3, 'D': 3, 'A': 2, 'C': 2}","[1.0, 0.79, 0.58]",3.95
51,"[1, 3, 5]","[3, 2, 2]","[0.58, 0.58, 0.46]","[['D', 'B', 'C', 'A'], ['C', 'D', 'A', 'B'], ['D', 'C', 'B', 'A']]","{'B': 3, 'D': 3, 'A': 2, 'C': 2}","[1.0, 0.79, 0.58]",3.95
51,"[1, 3, 5]","[3, 2, 2]","[0.58, 0.58, 0.46]","[['D', 'B', 'C', 'A'], ['C', 'D', 'B', 'A'], ['B', 'D', 'A', 'C']]","{'B': 4, 'D': 3, 'A': 2, 'C': 1}","[1.0, 0.79, 0.58]",3.95
51,"[1, 3, 5]","[3, 2, 2]","[0.58, 0.58, 0.46]","[['D', 'B', 'C', 'A'], ['C', 'D', 'B', 'A'], ['B', 'D', 'C', 'A']]","{'B': 4, 'D': 3, 'A': 2, 'C': 1}","[1.0, 0.79, 0.58]",3.95
51,"[1, 3, 5]","[3, 2, 2]","[0.58, 0.58, 0.46]","[['D', 'B', 'C', 'A'], ['C', 'D', 'B', 'A'], ['C', 'D', 'A', 'B']]","{'B': 3, 'D': 3, 'A': 2, 'C': 2}","[1.0, 0.79, 0.58]",3.95
51,"[1, 3, 5]","[3, 2, 2]","[0.58, 0.58, 0.46]","[['D', 'B', 'C', 'A'], ['C', 'D', 'B', 'A'], ['C', 'D', 'B', 'A']]","{'B': 3, 'D': 3, 'A': 2, 'C': 2}","[1.0, 0.79, 0.58]",3.95
51,"[1, 3, 5]","[3, 2, 2]","[0.58, 0.58, 0.46]","[['D', 'B', 'C', 'A'], ['C', 'D', 'B', 'A'], ['D', 'B', 'A', 'C']]","{'B': 4, 'D': 3, 'A': 2, 'C': 1}","[1.0, 0.79, 0.58]",3.95
51,"[1, 3, 5]","[3, 2, 2]","[0.58, 0.58, 0.46]","[['D', 'B', 'C', 'A'], ['C', 'D', 'B', 'A'], ['D', 'B', 'C', 'A']]","{'B': 4, 'D': 3, 'A': 2, 'C': 1}","[1.0, 0.79, 0.58]",3.95
51,"[1, 3, 5]","[3, 2, 2]","[0.58, 0.58, 0.46]","[['D', 'B', 'C', 'A'], ['C', 'D', 'B', 'A'], ['D', 'C', 'A', 'B']]","{'B': 3, 'D': 3, 'A': 2, 'C': 2}","[1.0, 0.79, 0.58]",3.95
51,"[1, 3, 5]","[3, 2, 2]","[0.58, 0.58, 0.46]","[['D', 'B', 'C', 'A'], ['C', 'D', 'B', 'A'], ['D', 'C', 'B', 'A']]","{'B': 3, 'D': 3, 'A': 2, 'C': 2}","[1.0, 0.79, 0.58]",3.95
51,"[1, 3, 5]","[3, 2, 2]","[0.58, 0.58, 0.46]","[['D', 'B', 'C', 'A'], ['D', 'B', 'A', 'C'], ['B', 'D', 'A', 'C']]","{'B': 5, 'D': 3, 'A': 2, 'C': 0}","[1.0, 0.79, 0.58]",3.95
51,"[1, 3, 5]","[3, 2, 2]","[0.58, 0.58, 0.46]","[['D', 'B', 'C', 'A'], ['D', 'B', 'A', 'C'], ['B', 'D', 'C', 'A']]","{'B': 5, 'D': 3, 'A': 2, 'C': 0}","[1.0, 0.79, 0.58]",3.95
51,"[1, 3, 5]","[3, 2, 2]","[0.58, 0.58, 0.46]","[['D', 'B', 'C', 'A'], ['D', 'B', 'A', 'C'], ['C', 'D', 'A', 'B']]","{'B': 4, 'D': 3, 'A': 2, 'C': 1}","[1.0, 0.79, 0.58]",3.95
51,"[1, 3, 5]","[3, 2, 2]","[0.58, 0.58, 0.46]","[['D', 'B', 'C', 'A'], ['D', 'B', 'A', 'C'], ['C', 'D', 'B', 'A']]","{'B': 4, 'D': 3, 'A': 2, 'C': 1}","[1.0, 0.79, 0.58]",3.95
51,"[1, 3, 5]","[3, 2, 2]","[0.58, 0.58, 0.46]","[['D', 'B', 'C', 'A'], ['D', 'B', 'A', 'C'], ['D', 'B', 'A', 'C']]","{'B': 5, 'D': 3, 'A': 2, 'C': 0}","[1.0, 0.79, 0.58]",3.95
51,"[1, 3, 5]","[3, 2, 2]","[0.58, 0.58, 0.46]","[['D', 'B', 'C', 'A'], ['D', 'B', 'A', 'C'], ['D', 'B', 'C', 'A']]","{'B': 5, 'D': 3, 'A': 2, 'C': 0}","[1.0, 0.79, 0.58]",3.95
51,"[1, 3, 5]","[3, 2, 2]","[0.58, 0.58, 0.46]","[['D', 'B', 'C', 'A'], ['D', 'B', 'A', 'C'], ['D', 'C', 'A', 'B']]","{'B': 4, 'D': 3, 'A': 2, 'C': 1}","[1.0, 0.79, 0.58]",3.95
51,"[1, 3, 5]","[3, 2, 2]","[0.58, 0.58, 0.46]","[['D', 'B', 'C', 'A'], ['D', 'B', 'A', 'C'], ['D', 'C', 'B', 'A']]","{'B': 4, 'D': 3, 'A': 2, 'C': 1}","[1.0, 0.79, 0.58]",3.95
51,"[1, 3, 5]","[3, 2, 2]","[0.58, 0.58, 0.46]","[['D', 'B', 'C', 'A'], ['D', 'B', 'C', 'A'], ['B', 'D', 'A', 'C']]","{'B': 5, 'D': 3, 'A': 2, 'C': 0}","[1.0, 0.79, 0.58]",3.95
51,"[1, 3, 5]","[3, 2, 2]","[0.58, 0.58, 0.46]","[['D', 'B', 'C', 'A'], ['D', 'B', 'C', 'A'], ['B', 'D', 'C', 'A']]","{'B': 5, 'D': 3, 'A': 2, 'C': 0}","[1.0, 0.79, 0.58]",3.95
51,"[1, 3, 5]","[3, 2, 2]","[0.58, 0.58, 0.46]","[['D', 'B', 'C', 'A'], ['D', 'B', 'C', 'A'], ['C', 'D', 'A', 'B']]","{'B': 4, 'D': 3, 'A': 2, 'C': 1}","[1.0, 0.79, 0.58]",3.95
51,"[1, 3, 5]","[3, 2, 2]","[0.58, 0.58, 0.46]","[['D', 'B', 'C', 'A'], ['D', 'B', 'C', 'A'], ['C', 'D', 'B', 'A']]","{'B': 4, 'D': 3, 'A': 2, 'C': 1}","[1.0, 0.79, 0.58]",3.95
51,"[1, 3, 5]","[3, 2, 2]","[0.58, 0.58, 0.46]","[['D', 'B', 'C', 'A'], ['D', 'B', 'C', 'A'], ['D', 'B', 'A', 'C']]","{'B': 5, 'D': 3, 'A': 2, 'C': 0}","[1.0, 0.79, 0.58]",3.95
51,"[1, 3, 5]","[3, 2, 2]","[0.58, 0.58, 0.46]","[['D', 'B', 'C', 'A'], ['D', 'B', 'C', 'A'], ['D', 'B', 'C', 'A']]","{'B': 5, 'D': 3, 'A': 2, 'C': 0}","[1.0, 0.79, 0.58]",3.95
51,"[1, 3, 5]","[3, 2, 2]","[0.58, 0.58, 0.46]","[['D', 'B', 'C', 'A'], ['D', 'B', 'C', 'A'], ['D', 'C', 'A', 'B']]","{'B': 4, 'D': 3, 'A': 2, 'C': 1}","[1.0, 0.79, 0.58]",3.95
51,"[1, 3, 5]","[3, 2, 2]","[0.58, 0.58, 0.46]","[['D', 'B', 'C', 'A'], ['D', 'B', 'C', 'A'], ['D', 'C', 'B', 'A']]","{'B': 4, 'D': 3, 'A': 2, 'C': 1}","[1.0, 0.79, 0.58]",3.95
51,"[1, 3, 5]","[3, 2, 2]","[0.58, 0.58, 0.46]","[['D', 'B', 'C', 'A'], ['D', 'C', 'A', 'B'], ['B', 'D', 'A', 'C']]","{'B': 4, 'D': 3, 'A': 2, 'C': 1}","[1.0, 0.79, 0.58]",3.95
51,"[1, 3, 5]","[3, 2, 2]","[0.58, 0.58, 0.46]","[['D', 'B', 'C', 'A'], ['D', 'C', 'A', 'B'], ['B', 'D', 'C', 'A']]","{'B': 4, 'D': 3, 'A': 2, 'C': 1}","[1.0, 0.79, 0.58]",3.95
51,"[1, 3, 5]","[3, 2, 2]","[0.58, 0.58, 0.46]","[['D', 'B', 'C', 'A'], ['D', 'C', 'A', 'B'], ['C', 'D', 'A', 'B']]","{'B': 3, 'D': 3, 'A': 2, 'C': 2}","[1.0, 0.79, 0.58]",3.95
51,"[1, 3, 5]","[3, 2, 2]","[0.58, 0.58, 0.46]","[['D', 'B', 'C', 'A'], ['D', 'C', 'A', 'B'], ['C', 'D', 'B', 'A']]","{'B': 3, 'D': 3, 'A': 2, 'C': 2}","[1.0, 0.79, 0.58]",3.95
51,"[1, 3, 5]","[3, 2, 2]","[0.58, 0.58, 0.46]","[['D', 'B', 'C', 'A'], ['D', 'C', 'A', 'B'], ['D', 'B', 'A', 'C']]","{'B': 4, 'D': 3, 'A': 2, 'C': 1}","[1.0, 0.79, 0.58]",3.95
51,"[1, 3, 5]","[3, 2, 2]","[0.58, 0.58, 0.46]","[['D', 'B', 'C', 'A'], ['D', 'C', 'A', 'B'], ['D', 'B', 'C', 'A']]","{'B': 4, 'D': 3, 'A': 2, 'C': 1}","[1.0, 0.79, 0.58]",3.95
51,"[1, 3, 5]","[3, 2, 2]","[0.58, 0.58, 0.46]","[['D', 'B', 'C', 'A'], ['D', 'C', 'A', 'B'], ['D', 'C', 'A', 'B']]","{'B': 3, 'D': 3, 'A': 2, 'C': 2}","[1.0, 0.79, 0.58]",3.95
51,"[1, 3, 5]","[3, 2, 2]","[0.58, 0.58, 0.46]","[['D', 'B', 'C', 'A'], ['D', 'C', 'A', 'B'], ['D', 'C', 'B', 'A']]","{'B': 3, 'D': 3, 'A': 2, 'C': 2}","[1.0, 0.79, 0.58]",3.95
51,"[1, 3, 5]","[3, 2, 2]","[0.58, 0.58, 0.46]","[['D', 'B', 'C', 'A'], ['D', 'C', 'B', 'A'], ['B', 'D', 'A', 'C']]","{'B': 4, 'D': 3, 'A': 2, 'C': 1}","[1.0, 0.79, 0.58]",3.95
51,"[1, 3, 5]","[3, 2, 2]","[0.58, 0.58, 0.46]","[['D', 'B', 'C', 'A'], ['D', 'C', 'B', 'A'], ['B', 'D', 'C', 'A']]","{'B': 4, 'D': 3, 'A': 2, 'C': 1}","[1.0, 0.79, 0.58]",3.95
51,"[1, 3, 5]","[3, 2, 2]","[0.58, 0.58, 0.46]","[['D', 'B', 'C', 'A'], ['D', 'C', 'B', 'A'], ['C', 'D', 'A', 'B']]","{'B': 3, 'D': 3, 'A': 2, 'C': 2}","[1.0, 0.79, 0.58]",3.95
51,"[1, 3, 5]","[3, 2, 2]","[0.58, 0.58, 0.46]","[['D', 'B', 'C', 'A'], ['D', 'C', 'B', 'A'], ['C', 'D', 'B', 'A']]","{'B': 3, 'D': 3, 'A': 2, 'C': 2}","[1.0, 0.79, 0.58]",3.95
51,"[1, 3, 5]","[3, 2, 2]","[0.58, 0.58, 0.46]","[['D', 'B', 'C', 'A'], ['D', 'C', 'B', 'A'], ['D', 'B', 'A', 'C']]","{'B': 4, 'D': 3, 'A': 2, 'C': 1}","[1.0, 0.79, 0.58]",3.95
51,"[1, 3, 5]","[3, 2, 2]","[0.58, 0.58, 0.46]","[['D', 'B', 'C', 'A'], ['D', 'C', 'B', 'A'], ['D', 'B', 'C', 'A']]","{'B': 4, 'D': 3, 'A': 2, 'C': 1}","[1.0, 0.79, 0.58]",3.95
51,"[1, 3, 5]","[3, 2, 2]","[0.58, 0.58, 0.46]","[['D', 'B', 'C', 'A'], ['D', 'C', 'B', 'A'], ['D', 'C', 'A', 'B']]","{'B': 3, 'D': 3, 'A': 2, 'C': 2}","[1.0, 0.79, 0.58]",3.95
51,"[1, 3, 5]","[3, 2, 2]","[0.58, 0.58, 0.46]","[['D', 'B', 'C', 'A'], ['D', 'C', 'B', 'A'], ['D', 'C', 'B', 'A']]","{'B': 3, 'D': 3, 'A': 2, 'C': 2}","[1.0, 0.79, 0.58]",3.95
51,"[1, 3, 5]","[3, 2, 2]","[0.58, 0.58, 0.46]","[['D', 'C', 'A', 'B'], ['B', 'D', 'A', 'C'], ['B', 'D', 'A', 'C']]","{'B': 4, 'D': 3, 'A': 2, 'C': 1}","[1.0, 0.79, 0.58]",3.95
51,"[1, 3, 5]","[3, 2, 2]","[0.58, 0.58, 0.46]","[['D', 'C', 'A', 'B'], ['B', 'D', 'A', 'C'], ['B', 'D', 'C', 'A']]","{'B': 4, 'D': 3, 'A': 2, 'C': 1}","[1.0, 0.79, 0.58]",3.95
51,"[1, 3, 5]","[3, 2, 2]","[0.58, 0.58, 0.46]","[['D', 'C', 'A', 'B'], ['B', 'D', 'A', 'C'], ['C', 'D', 'A', 'B']]","{'B': 3, 'D': 3, 'A': 2, 'C': 2}","[1.0, 0.79, 0.58]",3.95
51,"[1, 3, 5]","[3, 2, 2]","[0.58, 0.58, 0.46]","[['D', 'C', 'A', 'B'], ['B', 'D', 'A', 'C'], ['C', 'D', 'B', 'A']]","{'B': 3, 'D': 3, 'A': 2, 'C': 2}","[1.0, 0.79, 0.58]",3.95
51,"[1, 3, 5]","[3, 2, 2]","[0.58, 0.58, 0.46]","[['D', 'C', 'A', 'B'], ['B', 'D', 'A', 'C'], ['D', 'B', 'A', 'C']]","{'B': 4, 'D': 3, 'A': 2, 'C': 1}","[1.0, 0.79, 0.58]",3.95
51,"[1, 3, 5]","[3, 2, 2]","[0.58, 0.58, 0.46]","[['D', 'C', 'A', 'B'], ['B', 'D', 'A', 'C'], ['D', 'B', 'C', 'A']]","{'B': 4, 'D': 3, 'A': 2, 'C': 1}","[1.0, 0.79, 0.58]",3.95
51,"[1, 3, 5]","[3, 2, 2]","[0.58, 0.58, 0.46]","[['D', 'C', 'A', 'B'], ['B', 'D', 'A', 'C'], ['D', 'C', 'A', 'B']]","{'B': 3, 'D': 3, 'A': 2, 'C': 2}","[1.0, 0.79, 0.58]",3.95
51,"[1, 3, 5]","[3, 2, 2]","[0.58, 0.58, 0.46]","[['D', 'C', 'A', 'B'], ['B', 'D', 'A', 'C'], ['D', 'C', 'B', 'A']]","{'B': 3, 'D': 3, 'A': 2, 'C': 2}","[1.0, 0.79, 0.58]",3.95
51,"[1, 3, 5]","[3, 2, 2]","[0.58, 0.58, 0.46]","[['D', 'C', 'A', 'B'], ['B', 'D', 'C', 'A'], ['B', 'D', 'A', 'C']]","{'B': 4, 'D': 3, 'A': 2, 'C': 1}","[1.0, 0.79, 0.58]",3.95
51,"[1, 3, 5]","[3, 2, 2]","[0.58, 0.58, 0.46]","[['D', 'C', 'A', 'B'], ['B', 'D', 'C', 'A'], ['B', 'D', 'C', 'A']]","{'B': 4, 'D': 3, 'A': 2, 'C': 1}","[1.0, 0.79, 0.58]",3.95
51,"[1, 3, 5]","[3, 2, 2]","[0.58, 0.58, 0.46]","[['D', 'C', 'A', 'B'], ['B', 'D', 'C', 'A'], ['C', 'D', 'A', 'B']]","{'B': 3, 'D': 3, 'A': 2, 'C': 2}","[1.0, 0.79, 0.58]",3.95
51,"[1, 3, 5]","[3, 2, 2]","[0.58, 0.58, 0.46]","[['D', 'C', 'A', 'B'], ['B', 'D', 'C', 'A'], ['C', 'D', 'B', 'A']]","{'B': 3, 'D': 3, 'A': 2, 'C': 2}","[1.0, 0.79, 0.58]",3.95
51,"[1, 3, 5]","[3, 2, 2]","[0.58, 0.58, 0.46]","[['D', 'C', 'A', 'B'], ['B', 'D', 'C', 'A'], ['D', 'B', 'A', 'C']]","{'B': 4, 'D': 3, 'A': 2, 'C': 1}","[1.0, 0.79, 0.58]",3.95
51,"[1, 3, 5]","[3, 2, 2]","[0.58, 0.58, 0.46]","[['D', 'C', 'A', 'B'], ['B', 'D', 'C', 'A'], ['D', 'B', 'C', 'A']]","{'B': 4, 'D': 3, 'A': 2, 'C': 1}","[1.0, 0.79, 0.58]",3.95
51,"[1, 3, 5]","[3, 2, 2]","[0.58, 0.58, 0.46]","[['D', 'C', 'A', 'B'], ['B', 'D', 'C', 'A'], ['D', 'C', 'A', 'B']]","{'B': 3, 'D': 3, 'A': 2, 'C': 2}","[1.0, 0.79, 0.58]",3.95
51,"[1, 3, 5]","[3, 2, 2]","[0.58, 0.58, 0.46]","[['D', 'C', 'A', 'B'], ['B', 'D', 'C', 'A'], ['D', 'C', 'B', 'A']]","{'B': 3, 'D': 3, 'A': 2, 'C': 2}","[1.0, 0.79, 0.58]",3.95
51,"[1, 3, 5]","[3, 2, 2]","[0.58, 0.58, 0.46]","[['D', 'C', 'A', 'B'], ['C', 'D', 'A', 'B'], ['B', 'D', 'A', 'C']]","{'B': 3, 'D': 3, 'A': 2, 'C': 2}","[1.0, 0.79, 0.58]",3.95
51,"[1, 3, 5]","[3, 2, 2]","[0.58, 0.58, 0.46]","[['D', 'C', 'A', 'B'], ['C', 'D', 'A', 'B'], ['B', 'D', 'C', 'A']]","{'B': 3, 'D': 3, 'A': 2, 'C': 2}","[1.0, 0.79, 0.58]",3.95
51,"[1, 3, 5]","[3, 2, 2]","[0.58, 0.58, 0.46]","[['D', 'C', 'A', 'B'], ['C', 'D', 'A', 'B'], ['D', 'B', 'A', 'C']]","{'B': 3, 'D': 3, 'A': 2, 'C': 2}","[1.0, 0.79, 0.58]",3.95
51,"[1, 3, 5]","[3, 2, 2]","[0.58, 0.58, 0.46]","[['D', 'C', 'A', 'B'], ['C', 'D', 'A', 'B'], ['D', 'B', 'C', 'A']]","{'B': 3, 'D': 3, 'A': 2, 'C': 2}","[1.0, 0.79, 0.58]",3.95
51,"[1, 3, 5]","[3, 2, 2]","[0.58, 0.58, 0.46]","[['D', 'C', 'A', 'B'], ['C', 'D', 'B', 'A'], ['B', 'D', 'A', 'C']]","{'B': 3, 'D': 3, 'A': 2, 'C': 2}","[1.0, 0.79, 0.58]",3.95
51,"[1, 3, 5]","[3, 2, 2]","[0.58, 0.58, 0.46]","[['D', 'C', 'A', 'B'], ['C', 'D', 'B', 'A'], ['B', 'D', 'C', 'A']]","{'B': 3, 'D': 3, 'A': 2, 'C': 2}","[1.0, 0.79, 0.58]",3.95
51,"[1, 3, 5]","[3, 2, 2]","[0.58, 0.58, 0.46]","[['D', 'C', 'A', 'B'], ['C', 'D', 'B', 'A'], ['D', 'B', 'A', 'C']]","{'B': 3, 'D': 3, 'A': 2, 'C': 2}","[1.0, 0.79, 0.58]",3.95
51,"[1, 3, 5]","[3, 2, 2]","[0.58, 0.58, 0.46]","[['D', 'C', 'A', 'B'], ['C', 'D', 'B', 'A'], ['D', 'B', 'C', 'A']]","{'B': 3, 'D': 3, 'A': 2, 'C': 2}","[1.0, 0.79, 0.58]",3.95
51,"[1, 3, 5]","[3, 2, 2]","[0.58, 0.58, 0.46]","[['D', 'C', 'A', 'B'], ['D', 'B', 'A', 'C'], ['B', 'D', 'A', 'C']]","{'B': 4, 'D': 3, 'A': 2, 'C': 1}","[1.0, 0.79, 0.58]",3.95
51,"[1, 3, 5]","[3, 2, 2]","[0.58, 0.58, 0.46]","[['D', 'C', 'A', 'B'], ['D', 'B', 'A', 'C'], ['B', 'D', 'C', 'A']]","{'B': 4, 'D': 3, 'A': 2, 'C': 1}","[1.0, 0.79, 0.58]",3.95
51,"[1, 3, 5]","[3, 2, 2]","[0.58, 0.58, 0.46]","[['D', 'C', 'A', 'B'], ['D', 'B', 'A', 'C'], ['C', 'D', 'A', 'B']]","{'B': 3, 'D': 3, 'A': 2, 'C': 2}","[1.0, 0.79, 0.58]",3.95
51,"[1, 3, 5]","[3, 2, 2]","[0.58, 0.58, 0.46]","[['D', 'C', 'A', 'B'], ['D', 'B', 'A', 'C'], ['C', 'D', 'B', 'A']]","{'B': 3, 'D': 3, 'A': 2, 'C': 2}","[1.0, 0.79, 0.58]",3.95
51,"[1, 3, 5]","[3, 2, 2]","[0.58, 0.58, 0.46]","[['D', 'C', 'A', 'B'], ['D', 'B', 'A', 'C'], ['D', 'B', 'A', 'C']]","{'B': 4, 'D': 3, 'A': 2, 'C': 1}","[1.0, 0.79, 0.58]",3.95
51,"[1, 3, 5]","[3, 2, 2]","[0.58, 0.58, 0.46]","[['D', 'C', 'A', 'B'], ['D', 'B', 'A', 'C'], ['D', 'B', 'C', 'A']]","{'B': 4, 'D': 3, 'A': 2, 'C': 1}","[1.0, 0.79, 0.58]",3.95
51,"[1, 3, 5]","[3, 2, 2]","[0.58, 0.58, 0.46]","[['D', 'C', 'A', 'B'], ['D', 'B', 'A', 'C'], ['D', 'C', 'A', 'B']]","{'B': 3, 'D': 3, 'A': 2, 'C': 2}","[1.0, 0.79, 0.58]",3.95
51,"[1, 3, 5]","[3, 2, 2]","[0.58, 0.58, 0.46]","[['D', 'C', 'A', 'B'], ['D', 'B', 'A', 'C'], ['D', 'C', 'B', 'A']]","{'B': 3, 'D': 3, 'A': 2, 'C': 2}","[1.0, 0.79, 0.58]",3.95
51,"[1, 3, 5]","[3, 2, 2]","[0.58, 0.58, 0.46]","[['D', 'C', 'A', 'B'], ['D', 'B', 'C', 'A'], ['B', 'D', 'A', 'C']]","{'B': 4, 'D': 3, 'A': 2, 'C': 1}","[1.0, 0.79, 0.58]",3.95
51,"[1, 3, 5]","[3, 2, 2]","[0.58, 0.58, 0.46]","[['D', 'C', 'A', 'B'], ['D', 'B', 'C', 'A'], ['B', 'D', 'C', 'A']]","{'B': 4, 'D': 3, 'A': 2, 'C': 1}","[1.0, 0.79, 0.58]",3.95
51,"[1, 3, 5]","[3, 2, 2]","[0.58, 0.58, 0.46]","[['D', 'C', 'A', 'B'], ['D', 'B', 'C', 'A'], ['C', 'D', 'A', 'B']]","{'B': 3, 'D': 3, 'A': 2, 'C': 2}","[1.0, 0.79, 0.58]",3.95
51,"[1, 3, 5]","[3, 2, 2]","[0.58, 0.58, 0.46]","[['D', 'C', 'A', 'B'], ['D', 'B', 'C', 'A'], ['C', 'D', 'B', 'A']]","{'B': 3, 'D': 3, 'A': 2, 'C': 2}","[1.0, 0.79, 0.58]",3.95
51,"[1, 3, 5]","[3, 2, 2]","[0.58, 0.58, 0.46]","[['D', 'C', 'A', 'B'], ['D', 'B', 'C', 'A'], ['D', 'B', 'A', 'C']]","{'B': 4, 'D': 3, 'A': 2, 'C': 1}","[1.0, 0.79, 0.58]",3.95
51,"[1, 3, 5]","[3, 2, 2]","[0.58, 0.58, 0.46]","[['D', 'C', 'A', 'B'], ['D', 'B', 'C', 'A'], ['D', 'B', 'C', 'A']]","{'B': 4, 'D': 3, 'A': 2, 'C': 1}","[1.0, 0.79, 0.58]",3.95
51,"[1, 3, 5]","[3, 2, 2]","[0.58, 0.58, 0.46]","[['D', 'C', 'A', 'B'], ['D', 'B', 'C', 'A'], ['D', 'C', 'A', 'B']]","{'B': 3, 'D': 3, 'A': 2, 'C': 2}","[1.0, 0.79, 0.58]",3.95
51,"[1, 3, 5]","[3, 2, 2]","[0.58, 0.58, 0.46]","[['D', 'C', 'A', 'B'], ['D', 'B', 'C', 'A'], ['D', 'C', 'B', 'A']]","{'B': 3, 'D': 3, 'A': 2, 'C': 2}","[1.0, 0.79, 0.58]",3.95
51,"[1, 3, 5]","[3, 2, 2]","[0.58, 0.58, 0.46]","[['D', 'C', 'A', 'B'], ['D', 'C', 'A', 'B'], ['B', 'D', 'A', 'C']]","{'B': 3, 'D': 3, 'A': 2, 'C': 2}","[1.0, 0.79, 0.58]",3.95
51,"[1, 3, 5]","[3, 2, 2]","[0.58, 0.58, 0.46]","[['D', 'C', 'A', 'B'], ['D', 'C', 'A', 'B'], ['B', 'D', 'C', 'A']]","{'B': 3, 'D': 3, 'A': 2, 'C': 2}","[1.0, 0.79, 0.58]",3.95
51,"[1, 3, 5]","[3, 2, 2]","[0.58, 0.58, 0.46]","[['D', 'C', 'A', 'B'], ['D', 'C', 'A', 'B'], ['D', 'B', 'A', 'C']]","{'B': 3, 'D': 3, 'A': 2, 'C': 2}","[1.0, 0.79, 0.58]",3.95
51,"[1, 3, 5]","[3, 2, 2]","[0.58, 0.58, 0.46]","[['D', 'C', 'A', 'B'], ['D', 'C', 'A', 'B'], ['D', 'B', 'C', 'A']]","{'B': 3, 'D': 3, 'A': 2, 'C': 2}","[1.0, 0.79, 0.58]",3.95
51,"[1, 3, 5]","[3, 2, 2]","[0.58, 0.58, 0.46]","[['D', 'C', 'A', 'B'], ['D', 'C', 'B', 'A'], ['B', 'D', 'A', 'C']]","{'B': 3, 'D': 3, 'A': 2, 'C': 2}","[1.0, 0.79, 0.58]",3.95
51,"[1, 3, 5]","[3, 2, 2]","[0.58, 0.58, 0.46]","[['D', 'C', 'A', 'B'], ['D', 'C', 'B', 'A'], ['B', 'D', 'C', 'A']]","{'B': 3, 'D': 3, 'A': 2, 'C': 2}","[1.0, 0.79, 0.58]",3.95
51,"[1, 3, 5]","[3, 2, 2]","[0.58, 0.58, 0.46]","[['D', 'C', 'A', 'B'], ['D', 'C', 'B', 'A'], ['D', 'B', 'A', 'C']]","{'B': 3, 'D': 3, 'A': 2, 'C': 2}","[1.0, 0.79, 0.58]",3.95
51,"[1, 3, 5]","[3, 2, 2]","[0.58, 0.58, 0.46]","[['D', 'C', 'A', 'B'], ['D', 'C', 'B', 'A'], ['D', 'B', 'C', 'A']]","{'B': 3, 'D': 3, 'A': 2, 'C': 2}","[1.0, 0.79, 0.58]",3.95
51,"[1, 3, 5]","[3, 2, 2]","[0.58, 0.58, 0.46]","[['D', 'C', 'B', 'A'], ['B', 'D', 'A', 'C'], ['B', 'D', 'A', 'C']]","{'B': 4, 'D': 3, 'A': 2, 'C': 1}","[1.0, 0.79, 0.58]",3.95
51,"[1, 3, 5]","[3, 2, 2]","[0.58, 0.58, 0.46]","[['D', 'C', 'B', 'A'], ['B', 'D', 'A', 'C'], ['B', 'D', 'C', 'A']]","{'B': 4, 'D': 3, 'A': 2, 'C': 1}","[1.0, 0.79, 0.58]",3.95
51,"[1, 3, 5]","[3, 2, 2]","[0.58, 0.58, 0.46]","[['D', 'C', 'B', 'A'], ['B', 'D', 'A', 'C'], ['C', 'D', 'A', 'B']]","{'B': 3, 'D': 3, 'A': 2, 'C': 2}","[1.0, 0.79, 0.58]",3.95
51,"[1, 3, 5]","[3, 2, 2]","[0.58, 0.58, 0.46]","[['D', 'C', 'B', 'A'], ['B', 'D', 'A', 'C'], ['C', 'D', 'B', 'A']]","{'B': 3, 'D': 3, 'A': 2, 'C': 2}","[1.0, 0.79, 0.58]",3.95
51,"[1, 3, 5]","[3, 2, 2]","[0.58, 0.58, 0.46]","[['D', 'C', 'B', 'A'], ['B', 'D', 'A', 'C'], ['D', 'B', 'A', 'C']]","{'B': 4, 'D': 3, 'A': 2, 'C': 1}","[1.0, 0.79, 0.58]",3.95
51,"[1, 3, 5]","[3, 2, 2]","[0.58, 0.58, 0.46]","[['D', 'C', 'B', 'A'], ['B', 'D', 'A', 'C'], ['D', 'B', 'C', 'A']]","{'B': 4, 'D': 3, 'A': 2, 'C': 1}","[1.0, 0.79, 0.58]",3.95
51,"[1, 3, 5]","[3, 2, 2]","[0.58, 0.58, 0.46]","[['D', 'C', 'B', 'A'], ['B', 'D', 'A', 'C'], ['D', 'C', 'A', 'B']]","{'B': 3, 'D': 3, 'A': 2, 'C': 2}","[1.0, 0.79, 0.58]",3.95
51,"[1, 3, 5]","[3, 2, 2]","[0.58, 0.58, 0.46]","[['D', 'C', 'B', 'A'], ['B', 'D', 'A', 'C'], ['D', 'C', 'B', 'A']]","{'B': 3, 'D': 3, 'A': 2, 'C': 2}","[1.0, 0.79, 0.58]",3.95
51,"[1, 3, 5]","[3, 2, 2]","[0.58, 0.58, 0.46]","[['D', 'C', 'B', 'A'], ['B', 'D', 'C', 'A'], ['B', 'D', 'A', 'C']]","{'B': 4, 'D': 3, 'A': 2, 'C': 1}","[1.0, 0.79, 0.58]",3.95
51,"[1, 3, 5]","[3, 2, 2]","[0.58, 0.58, 0.46]","[['D', 'C', 'B', 'A'], ['B', 'D', 'C', 'A'], ['B', 'D', 'C', 'A']]","{'B': 4, 'D': 3, 'A': 2, 'C': 1}","[1.0, 0.79, 0.58]",3.95
51,"[1, 3, 5]","[3, 2, 2]","[0.58, 0.58, 0.46]","[['D', 'C', 'B', 'A'], ['B', 'D', 'C', 'A'], ['C', 'D', 'A', 'B']]","{'B': 3, 'D': 3, 'A': 2, 'C': 2}","[1.0, 0.79, 0.58]",3.95
51,"[1, 3, 5]","[3, 2, 2]","[0.58, 0.58, 0.46]","[['D', 'C', 'B', 'A'], ['B', 'D', 'C', 'A'], ['C', 'D', 'B', 'A']]","{'B': 3, 'D': 3, 'A': 2, 'C': 2}","[1.0, 0.79, 0.58]",3.95
51,"[1, 3, 5]","[3, 2, 2]","[0.58, 0.58, 0.46]","[['D', 'C', 'B', 'A'], ['B', 'D', 'C', 'A'], ['D', 'B', 'A', 'C']]","{'B': 4, 'D': 3, 'A': 2, 'C': 1}","[1.0, 0.79, 0.58]",3.95
51,"[1, 3, 5]","[3, 2, 2]","[0.58, 0.58, 0.46]","[['D', 'C', 'B', 'A'], ['B', 'D', 'C', 'A'], ['D', 'B', 'C', 'A']]","{'B': 4, 'D': 3, 'A': 2, 'C': 1}","[1.0, 0.79, 0.58]",3.95
51,"[1, 3, 5]","[3, 2, 2]","[0.58, 0.58, 0.46]","[['D', 'C', 'B', 'A'], ['B', 'D', 'C', 'A'], ['D', 'C', 'A', 'B']]","{'B': 3, 'D': 3, 'A': 2, 'C': 2}","[1.0, 0.79, 0.58]",3.95
51,"[1, 3, 5]","[3, 2, 2]","[0.58, 0.58, 0.46]","[['D', 'C', 'B', 'A'], ['B', 'D', 'C', 'A'], ['D', 'C', 'B', 'A']]","{'B': 3, 'D': 3, 'A': 2, 'C': 2}","[1.0, 0.79, 0.58]",3.95
51,"[1, 3, 5]","[3, 2, 2]","[0.58, 0.58, 0.46]","[['D', 'C', 'B', 'A'], ['C', 'D', 'A', 'B'], ['B', 'D', 'A', 'C']]","{'B': 3, 'D': 3, 'A': 2, 'C': 2}","[1.0, 0.79, 0.58]",3.95
51,"[1, 3, 5]","[3, 2, 2]","[0.58, 0.58, 0.46]","[['D', 'C', 'B', 'A'], ['C', 'D', 'A', 'B'], ['B', 'D', 'C', 'A']]","{'B': 3, 'D': 3, 'A': 2, 'C': 2}","[1.0, 0.79, 0.58]",3.95
51,"[1, 3, 5]","[3, 2, 2]","[0.58, 0.58, 0.46]","[['D', 'C', 'B', 'A'], ['C', 'D', 'A', 'B'], ['D', 'B', 'A', 'C']]","{'B': 3, 'D': 3, 'A': 2, 'C': 2}","[1.0, 0.79, 0.58]",3.95
51,"[1, 3, 5]","[3, 2, 2]","[0.58, 0.58, 0.46]","[['D', 'C', 'B', 'A'], ['C', 'D', 'A', 'B'], ['D', 'B', 'C', 'A']]","{'B': 3, 'D': 3, 'A': 2, 'C': 2}","[1.0, 0.79, 0.58]",3.95
51,"[1, 3, 5]","[3, 2, 2]","[0.58, 0.58, 0.46]","[['D', 'C', 'B', 'A'], ['C', 'D', 'B', 'A'], ['B', 'D', 'A', 'C']]","{'B': 3, 'D': 3, 'A': 2, 'C': 2}","[1.0, 0.79, 0.58]",3.95
51,"[1, 3, 5]","[3, 2, 2]","[0.58, 0.58, 0.46]","[['D', 'C', 'B', 'A'], ['C', 'D', 'B', 'A'], ['B', 'D', 'C', 'A']]","{'B': 3, 'D': 3, 'A': 2, 'C': 2}","[1.0, 0.79, 0.58]",3.95
51,"[1, 3, 5]","[3, 2, 2]","[0.58, 0.58, 0.46]","[['D', 'C', 'B', 'A'], ['C', 'D', 'B', 'A'], ['D', 'B', 'A', 'C']]","{'B': 3, 'D': 3, 'A': 2, 'C': 2}","[1.0, 0.79, 0.58]",3.95
51,"[1, 3, 5]","[3, 2, 2]","[0.58, 0.58, 0.46]","[['D', 'C', 'B', 'A'], ['C', 'D', 'B', 'A'], ['D', 'B', 'C', 'A']]","{'B': 3, 'D': 3, 'A': 2, 'C': 2}","[1.0, 0.79, 0.58]",3.95
51,"[1, 3, 5]","[3, 2, 2]","[0.58, 0.58, 0.46]","[['D', 'C', 'B', 'A'], ['D', 'B', 'A', 'C'], ['B', 'D', 'A', 'C']]","{'B': 4, 'D': 3, 'A': 2, 'C': 1}","[1.0, 0.79, 0.58]",3.95
51,"[1, 3, 5]","[3, 2, 2]","[0.58, 0.58, 0.46]","[['D', 'C', 'B', 'A'], ['D', 'B', 'A', 'C'], ['B', 'D', 'C', 'A']]","{'B': 4, 'D': 3, 'A': 2, 'C': 1}","[1.0, 0.79, 0.58]",3.95
51,"[1, 3, 5]","[3, 2, 2]","[0.58, 0.58, 0.46]","[['D', 'C', 'B', 'A'], ['D', 'B', 'A', 'C'], ['C', 'D', 'A', 'B']]","{'B': 3, 'D': 3, 'A': 2, 'C': 2}","[1.0, 0.79, 0.58]",3.95
51,"[1, 3, 5]","[3, 2, 2]","[0.58, 0.58, 0.46]","[['D', 'C', 'B', 'A'], ['D', 'B', 'A', 'C'], ['C', 'D', 'B', 'A']]","{'B': 3, 'D': 3, 'A': 2, 'C': 2}","[1.0, 0.79, 0.58]",3.95
51,"[1, 3, 5]","[3, 2, 2]","[0.58, 0.58, 0.46]","[['D', 'C', 'B', 'A'], ['D', 'B', 'A', 'C'], ['D', 'B', 'A', 'C']]","{'B': 4, 'D': 3, 'A': 2, 'C': 1}","[1.0, 0.79, 0.58]",3.95
51,"[1, 3, 5]","[3, 2, 2]","[0.58, 0.58, 0.46]","[['D', 'C', 'B', 'A'], ['D', 'B', 'A', 'C'], ['D', 'B', 'C', 'A']]","{'B': 4, 'D': 3, 'A': 2, 'C': 1}","[1.0, 0.79, 0.58]",3.95
51,"[1, 3, 5]","[3, 2, 2]","[0.58, 0.58, 0.46]","[['D', 'C', 'B', 'A'], ['D', 'B', 'A', 'C'], ['D', 'C', 'A', 'B']]","{'B': 3, 'D': 3, 'A': 2, 'C': 2}","[1.0, 0.79, 0.58]",3.95
51,"[1, 3, 5]","[3, 2, 2]","[0.58, 0.58, 0.46]","[['D', 'C', 'B', 'A'], ['D', 'B', 'A', 'C'], ['D', 'C', 'B', 'A']]","{'B': 3, 'D': 3, 'A': 2, 'C': 2}","[1.0, 0.79, 0.58]",3.95
51,"[1, 3, 5]","[3, 2, 2]","[0.58, 0.58, 0.46]","[['D', 'C', 'B', 'A'], ['D', 'B', 'C', 'A'], ['B', 'D', 'A', 'C']]","{'B': 4, 'D': 3, 'A': 2, 'C': 1}","[1.0, 0.79, 0.58]",3.95
51,"[1, 3, 5]","[3, 2, 2]","[0.58, 0.58, 0.46]","[['D', 'C', 'B', 'A'], ['D', 'B', 'C', 'A'], ['B', 'D', 'C', 'A']]","{'B': 4, 'D': 3, 'A': 2, 'C': 1}","[1.0, 0.79, 0.58]",3.95
51,"[1, 3, 5]","[3, 2, 2]","[0.58, 0.58, 0.46]","[['D', 'C', 'B', 'A'], ['D', 'B', 'C', 'A'], ['C', 'D', 'A', 'B']]","{'B': 3, 'D': 3, 'A': 2, 'C': 2}","[1.0, 0.79, 0.58]",3.95
51,"[1, 3, 5]","[3, 2, 2]","[0.58, 0.58, 0.46]","[['D', 'C', 'B', 'A'], ['D', 'B', 'C', 'A'], ['C', 'D', 'B', 'A']]","{'B': 3, 'D': 3, 'A': 2, 'C': 2}","[1.0, 0.79, 0.58]",3.95
51,"[1, 3, 5]","[3, 2, 2]","[0.58, 0.58, 0.46]","[['D', 'C', 'B', 'A'], ['D', 'B', 'C', 'A'], ['D', 'B', 'A', 'C']]","{'B': 4, 'D': 3, 'A': 2, 'C': 1}","[1.0, 0.79, 0.58]",3.95
51,"[1, 3, 5]","[3, 2, 2]","[0.58, 0.58, 0.46]","[['D', 'C', 'B', 'A'], ['D', 'B', 'C', 'A'], ['D', 'B', 'C', 'A']]","{'B': 4, 'D': 3, 'A': 2, 'C': 1}","[1.0, 0.79, 0.58]",3.95
51,"[1, 3, 5]","[3, 2, 2]","[0.58, 0.58, 0.46]","[['D', 'C', 'B', 'A'], ['D', 'B', 'C', 'A'], ['D', 'C', 'A', 'B']]","{'B': 3, 'D': 3, 'A': 2, 'C': 2}","[1.0, 0.79, 0.58]",3.95
51,"[1, 3, 5]","[3, 2, 2]","[0.58, 0.58, 0.46]","[['D', 'C', 'B', 'A'], ['D', 'B', 'C', 'A'], ['D', 'C', 'B', 'A']]","{'B': 3, 'D': 3, 'A': 2, 'C': 2}","[1.0, 0.79, 0.58]",3.95
51,"[1, 3, 5]","[3, 2, 2]","[0.58, 0.58, 0.46]","[['D', 'C', 'B', 'A'], ['D', 'C', 'A', 'B'], ['B', 'D', 'A', 'C']]","{'B': 3, 'D': 3, 'A': 2, 'C': 2}","[1.0, 0.79, 0.58]",3.95
51,"[1, 3, 5]","[3, 2, 2]","[0.58, 0.58, 0.46]","[['D', 'C', 'B', 'A'], ['D', 'C', 'A', 'B'], ['B', 'D', 'C', 'A']]","{'B': 3, 'D': 3, 'A': 2, 'C': 2}","[1.0, 0.79, 0.58]",3.95
51,"[1, 3, 5]","[3, 2, 2]","[0.58, 0.58, 0.46]","[['D', 'C', 'B', 'A'], ['D', 'C', 'A', 'B'], ['D', 'B', 'A', 'C']]","{'B': 3, 'D': 3, 'A': 2, 'C': 2}","[1.0, 0.79, 0.58]",3.95
51,"[1, 3, 5]","[3, 2, 2]","[0.58, 0.58, 0.46]","[['D', 'C', 'B', 'A'], ['D', 'C', 'A', 'B'], ['D', 'B', 'C', 'A']]","{'B': 3, 'D': 3, 'A': 2, 'C': 2}","[1.0, 0.79, 0.58]",3.95
51,"[1, 3, 5]","[3, 2, 2]","[0.58, 0.58, 0.46]","[['D', 'C', 'B', 'A'], ['D', 'C', 'B', 'A'], ['B', 'D', 'A', 'C']]","{'B': 3, 'D': 3, 'A': 2, 'C': 2}","[1.0, 0.79, 0.58]",3.95
51,"[1, 3, 5]","[3, 2, 2]","[0.58, 0.58, 0.46]","[['D', 'C', 'B', 'A'], ['D', 'C', 'B', 'A'], ['B', 'D', 'C', 'A']]","{'B': 3, 'D': 3, 'A': 2, 'C': 2}","[1.0, 0.79, 0.58]",3.95
51,"[1, 3, 5]","[3, 2, 2]","[0.58, 0.58, 0.46]","[['D', 'C', 'B', 'A'], ['D', 'C', 'B', 'A'], ['D', 'B', 'A', 'C']]","{'B': 3, 'D': 3, 'A': 2, 'C': 2}","[1.0, 0.79, 0.58]",3.95
51,"[1, 3, 5]","[3, 2, 2]","[0.58, 0.58, 0.46]","[['D', 'C', 'B', 'A'], ['D', 'C', 'B', 'A'], ['D', 'B', 'C', 'A']]","{'B': 3, 'D': 3, 'A': 2, 'C': 2}","[1.0, 0.79, 0.58]",3.95
51,"[1, 4, 5]","[3, 3, 2]","[0.58, 0.75, 0.46]","[['A', 'B', 'C', 'D'], ['B', 'C', 'A', 'D'], ['B', 'C', 'A', 'D']]","{'B': 4, 'A': 3, 'C': 2, 'D': 1}","[1.0, 1.0, 0.5]",3.96
51,"[1, 4, 5]","[3, 3, 2]","[0.58, 0.75, 0.46]","[['A', 'B', 'C', 'D'], ['B', 'C', 'A', 'D'], ['B', 'C', 'D', 'A']]","{'B': 4, 'A': 3, 'C': 2, 'D': 1}","[1.0, 1.0, 0.5]",3.96
51,"[1, 4, 5]","[3, 3, 2]","[0.58, 0.75, 0.46]","[['A', 'B', 'C', 'D'], ['B', 'C', 'A', 'D'], ['C', 'B', 'A', 'D']]","{'B': 4, 'A': 3, 'C': 2, 'D': 1}","[1.0, 1.0, 0.5]",3.96
51,"[1, 4, 5]","[3, 3, 2]","[0.58, 0.75, 0.46]","[['A', 'B', 'C', 'D'], ['B', 'C', 'A', 'D'], ['C', 'B', 'D', 'A']]","{'B': 4, 'A': 3, 'C': 2, 'D': 1}","[1.0, 1.0, 0.5]",3.96
51,"[1, 4, 5]","[3, 3, 2]","[0.58, 0.75, 0.46]","[['A', 'B', 'C', 'D'], ['B', 'C', 'D', 'A'], ['B', 'C', 'A', 'D']]","{'B': 4, 'A': 3, 'C': 2, 'D': 1}","[1.0, 1.0, 0.5]",3.96
51,"[1, 4, 5]","[3, 3, 2]","[0.58, 0.75, 0.46]","[['A', 'B', 'C', 'D'], ['B', 'C', 'D', 'A'], ['B', 'C', 'D', 'A']]","{'B': 4, 'A': 3, 'C': 2, 'D': 1}","[1.0, 1.0, 0.5]",3.96
51,"[1, 4, 5]","[3, 3, 2]","[0.58, 0.75, 0.46]","[['A', 'B', 'C', 'D'], ['B', 'C', 'D', 'A'], ['C', 'B', 'A', 'D']]","{'B': 4, 'A': 3, 'C': 2, 'D': 1}","[1.0, 1.0, 0.5]",3.96
51,"[1, 4, 5]","[3, 3, 2]","[0.58, 0.75, 0.46]","[['A', 'B', 'C', 'D'], ['B', 'C', 'D', 'A'], ['C', 'B', 'D', 'A']]","{'B': 4, 'A': 3, 'C': 2, 'D': 1}","[1.0, 1.0, 0.5]",3.96
51,"[1, 4, 5]","[3, 3, 2]","[0.58, 0.75, 0.46]","[['A', 'B', 'C', 'D'], ['C', 'B', 'A', 'D'], ['B', 'C', 'A', 'D']]","{'B': 4, 'A': 3, 'C': 2, 'D': 1}","[1.0, 1.0, 0.5]",3.96
51,"[1, 4, 5]","[3, 3, 2]","[0.58, 0.75, 0.46]","[['A', 'B', 'C', 'D'], ['C', 'B', 'A', 'D'], ['B', 'C', 'D', 'A']]","{'B': 4, 'A': 3, 'C': 2, 'D': 1}","[1.0, 1.0, 0.5]",3.96
51,"[1, 4, 5]","[3, 3, 2]","[0.58, 0.75, 0.46]","[['A', 'B', 'C', 'D'], ['C', 'B', 'A', 'D'], ['C', 'B', 'A', 'D']]","{'B': 4, 'A': 3, 'C': 2, 'D': 1}","[1.0, 1.0, 0.5]",3.96
51,"[1, 4, 5]","[3, 3, 2]","[0.58, 0.75, 0.46]","[['A', 'B', 'C', 'D'], ['C', 'B', 'A', 'D'], ['C', 'B', 'D', 'A']]","{'B': 4, 'A': 3, 'C': 2, 'D': 1}","[1.0, 1.0, 0.5]",3.96
51,"[1, 4, 5]","[3, 3, 2]","[0.58, 0.75, 0.46]","[['A', 'B', 'C', 'D'], ['C', 'B', 'D', 'A'], ['B', 'C', 'A', 'D']]","{'B': 4, 'A': 3, 'C': 2, 'D': 1}","[1.0, 1.0, 0.5]",3.96
51,"[1, 4, 5]","[3, 3, 2]","[0.58, 0.75, 0.46]","[['A', 'B', 'C', 'D'], ['C', 'B', 'D', 'A'], ['B', 'C', 'D', 'A']]","{'B': 4, 'A': 3, 'C': 2, 'D': 1}","[1.0, 1.0, 0.5]",3.96
51,"[1, 4, 5]","[3, 3, 2]","[0.58, 0.75, 0.46]","[['A', 'B', 'C', 'D'], ['C', 'B', 'D', 'A'], ['C', 'B', 'A', 'D']]","{'B': 4, 'A': 3, 'C': 2, 'D': 1}","[1.0, 1.0, 0.5]",3.96
51,"[1, 4, 5]","[3, 3, 2]","[0.58, 0.75, 0.46]","[['A', 'B', 'C', 'D'], ['C', 'B', 'D', 'A'], ['C', 'B', 'D', 'A']]","{'B': 4, 'A': 3, 'C': 2, 'D': 1}","[1.0, 1.0, 0.5]",3.96
51,"[1, 4, 5]","[3, 3, 2]","[0.58, 0.75, 0.46]","[['A', 'B', 'D', 'C'], ['B', 'C', 'A', 'D'], ['B', 'C', 'A', 'D']]","{'B': 4, 'A': 3, 'C': 2, 'D': 1}","[1.0, 1.0, 0.5]",3.96
51,"[1, 4, 5]","[3, 3, 2]","[0.58, 0.75, 0.46]","[['A', 'B', 'D', 'C'], ['B', 'C', 'A', 'D'], ['B', 'C', 'D', 'A']]","{'B': 4, 'A': 3, 'C': 2, 'D': 1}","[1.0, 1.0, 0.5]",3.96
51,"[1, 4, 5]","[3, 3, 2]","[0.58, 0.75, 0.46]","[['A', 'B', 'D', 'C'], ['B', 'C', 'A', 'D'], ['C', 'B', 'A', 'D']]","{'B': 4, 'A': 3, 'C': 2, 'D': 1}","[1.0, 1.0, 0.5]",3.96
51,"[1, 4, 5]","[3, 3, 2]","[0.58, 0.75, 0.46]","[['A', 'B', 'D', 'C'], ['B', 'C', 'A', 'D'], ['C', 'B', 'D', 'A']]","{'B': 4, 'A': 3, 'C': 2, 'D': 1}","[1.0, 1.0, 0.5]",3.96
51,"[1, 4, 5]","[3, 3, 2]","[0.58, 0.75, 0.46]","[['A', 'B', 'D', 'C'], ['B', 'C', 'D', 'A'], ['B', 'C', 'A', 'D']]","{'B': 4, 'A': 3, 'C': 2, 'D': 1}","[1.0, 1.0, 0.5]",3.96
51,"[1, 4, 5]","[3, 3, 2]","[0.58, 0.75, 0.46]","[['A', 'B', 'D', 'C'], ['B', 'C', 'D', 'A'], ['B', 'C', 'D', 'A']]","{'B': 4, 'A': 3, 'C': 2, 'D': 1}","[1.0, 1.0, 0.5]",3.96
51,"[1, 4, 5]","[3, 3, 2]","[0.58, 0.75, 0.46]","[['A', 'B', 'D', 'C'], ['B', 'C', 'D', 'A'], ['C', 'B', 'A', 'D']]","{'B': 4, 'A': 3, 'C': 2, 'D': 1}","[1.0, 1.0, 0.5]",3.96
51,"[1, 4, 5]","[3, 3, 2]","[0.58, 0.75, 0.46]","[['A', 'B', 'D', 'C'], ['B', 'C', 'D', 'A'], ['C', 'B', 'D', 'A']]","{'B': 4, 'A': 3, 'C': 2, 'D': 1}","[1.0, 1.0, 0.5]",3.96
51,"[1, 4, 5]","[3, 3, 2]","[0.58, 0.75, 0.46]","[['A', 'B', 'D', 'C'], ['C', 'B', 'A', 'D'], ['B', 'C', 'A', 'D']]","{'B': 4, 'A': 3, 'C': 2, 'D': 1}","[1.0, 1.0, 0.5]",3.96
51,"[1, 4, 5]","[3, 3, 2]","[0.58, 0.75, 0.46]","[['A', 'B', 'D', 'C'], ['C', 'B', 'A', 'D'], ['B', 'C', 'D', 'A']]","{'B': 4, 'A': 3, 'C': 2, 'D': 1}","[1.0, 1.0, 0.5]",3.96
51,"[1, 4, 5]","[3, 3, 2]","[0.58, 0.75, 0.46]","[['A', 'B', 'D', 'C'], ['C', 'B', 'A', 'D'], ['C', 'B', 'A', 'D']]","{'B': 4, 'A': 3, 'C': 2, 'D': 1}","[1.0, 1.0, 0.5]",3.96
51,"[1, 4, 5]","[3, 3, 2]","[0.58, 0.75, 0.46]","[['A', 'B', 'D', 'C'], ['C', 'B', 'A', 'D'], ['C', 'B', 'D', 'A']]","{'B': 4, 'A': 3, 'C': 2, 'D': 1}","[1.0, 1.0, 0.5]",3.96
51,"[1, 4, 5]","[3, 3, 2]","[0.58, 0.75, 0.46]","[['A', 'B', 'D', 'C'], ['C', 'B', 'D', 'A'], ['B', 'C', 'A', 'D']]","{'B': 4, 'A': 3, 'C': 2, 'D': 1}","[1.0, 1.0, 0.5]",3.96
51,"[1, 4, 5]","[3, 3, 2]","[0.58, 0.75, 0.46]","[['A', 'B', 'D', 'C'], ['C', 'B', 'D', 'A'], ['B', 'C', 'D', 'A']]","{'B': 4, 'A': 3, 'C': 2, 'D': 1}","[1.0, 1.0, 0.5]",3.96
51,"[1, 4, 5]","[3, 3, 2]","[0.58, 0.75, 0.46]","[['A', 'B', 'D', 'C'], ['C', 'B', 'D', 'A'], ['C', 'B', 'A', 'D']]","{'B': 4, 'A': 3, 'C': 2, 'D': 1}","[1.0, 1.0, 0.5]",3.96
51,"[1, 4, 5]","[3, 3, 2]","[0.58, 0.75, 0.46]","[['A', 'B', 'D', 'C'], ['C', 'B', 'D', 'A'], ['C', 'B', 'D', 'A']]","{'B': 4, 'A': 3, 'C': 2, 'D': 1}","[1.0, 1.0, 0.5]",3.96
51,"[1, 4, 5]","[3, 3, 2]","[0.58, 0.75, 0.46]","[['B', 'A', 'C', 'D'], ['B', 'C', 'A', 'D'], ['B', 'C', 'A', 'D']]","{'B': 4, 'A': 3, 'C': 2, 'D': 1}","[1.0, 1.0, 0.5]",3.96
51,"[1, 4, 5]","[3, 3, 2]","[0.58, 0.75, 0.46]","[['B', 'A', 'C', 'D'], ['B', 'C', 'A', 'D'], ['B', 'C', 'D', 'A']]","{'B': 4, 'A': 3, 'C': 2, 'D': 1}","[1.0, 1.0, 0.5]",3.96
51,"[1, 4, 5]","[3, 3, 2]","[0.58, 0.75, 0.46]","[['B', 'A', 'C', 'D'], ['B', 'C', 'A', 'D'], ['C', 'B', 'A', 'D']]","{'B': 4, 'A': 3, 'C': 2, 'D': 1}","[1.0, 1.0, 0.5]",3.96
51,"[1, 4, 5]","[3, 3, 2]","[0.58, 0.75, 0.46]","[['B', 'A', 'C', 'D'], ['B', 'C', 'A', 'D'], ['C', 'B', 'D', 'A']]","{'B': 4, 'A': 3, 'C': 2, 'D': 1}","[1.0, 1.0, 0.5]",3.96
51,"[1, 4, 5]","[3, 3, 2]","[0.58, 0.75, 0.46]","[['B', 'A', 'C', 'D'], ['B', 'C', 'D', 'A'], ['B', 'C', 'A', 'D']]","{'B': 4, 'A': 3, 'C': 2, 'D': 1}","[1.0, 1.0, 0.5]",3.96
51,"[1, 4, 5]","[3, 3, 2]","[0.58, 0.75, 0.46]","[['B', 'A', 'C', 'D'], ['B', 'C', 'D', 'A'], ['B', 'C', 'D', 'A']]","{'B': 4, 'A': 3, 'C': 2, 'D': 1}","[1.0, 1.0, 0.5]",3.96
51,"[1, 4, 5]","[3, 3, 2]","[0.58, 0.75, 0.46]","[['B', 'A', 'C', 'D'], ['B', 'C', 'D', 'A'], ['C', 'B', 'A', 'D']]","{'B': 4, 'A': 3, 'C': 2, 'D': 1}","[1.0, 1.0, 0.5]",3.96
51,"[1, 4, 5]","[3, 3, 2]","[0.58, 0.75, 0.46]","[['B', 'A', 'C', 'D'], ['B', 'C', 'D', 'A'], ['C', 'B', 'D', 'A']]","{'B': 4, 'A': 3, 'C': 2, 'D': 1}","[1.0, 1.0, 0.5]",3.96
51,"[1, 4, 5]","[3, 3, 2]","[0.58, 0.75, 0.46]","[['B', 'A', 'C', 'D'], ['C', 'B', 'A', 'D'], ['B', 'C', 'A', 'D']]","{'B': 4, 'A': 3, 'C': 2, 'D': 1}","[1.0, 1.0, 0.5]",3.96
51,"[1, 4, 5]","[3, 3, 2]","[0.58, 0.75, 0.46]","[['B', 'A', 'C', 'D'], ['C', 'B', 'A', 'D'], ['B', 'C', 'D', 'A']]","{'B': 4, 'A': 3, 'C': 2, 'D': 1}","[1.0, 1.0, 0.5]",3.96
51,"[1, 4, 5]","[3, 3, 2]","[0.58, 0.75, 0.46]","[['B', 'A', 'C', 'D'], ['C', 'B', 'A', 'D'], ['C', 'B', 'A', 'D']]","{'B': 4, 'A': 3, 'C': 2, 'D': 1}","[1.0, 1.0, 0.5]",3.96
51,"[1, 4, 5]","[3, 3, 2]","[0.58, 0.75, 0.46]","[['B', 'A', 'C', 'D'], ['C', 'B', 'A', 'D'], ['C', 'B', 'D', 'A']]","{'B': 4, 'A': 3, 'C': 2, 'D': 1}","[1.0, 1.0, 0.5]",3.96
51,"[1, 4, 5]","[3, 3, 2]","[0.58, 0.75, 0.46]","[['B', 'A', 'C', 'D'], ['C', 'B', 'D', 'A'], ['B', 'C', 'A', 'D']]","{'B': 4, 'A': 3, 'C': 2, 'D': 1}","[1.0, 1.0, 0.5]",3.96
51,"[1, 4, 5]","[3, 3, 2]","[0.58, 0.75, 0.46]","[['B', 'A', 'C', 'D'], ['C', 'B', 'D', 'A'], ['B', 'C', 'D', 'A']]","{'B': 4, 'A': 3, 'C': 2, 'D': 1}","[1.0, 1.0, 0.5]",3.96
51,"[1, 4, 5]","[3, 3, 2]","[0.58, 0.75, 0.46]","[['B', 'A', 'C', 'D'], ['C', 'B', 'D', 'A'], ['C', 'B', 'A', 'D']]","{'B': 4, 'A': 3, 'C': 2, 'D': 1}","[1.0, 1.0, 0.5]",3.96
51,"[1, 4, 5]","[3, 3, 2]","[0.58, 0.75, 0.46]","[['B', 'A', 'C', 'D'], ['C', 'B', 'D', 'A'], ['C', 'B', 'D', 'A']]","{'B': 4, 'A': 3, 'C': 2, 'D': 1}","[1.0, 1.0, 0.5]",3.96
51,"[1, 4, 5]","[3, 3, 2]","[0.58, 0.75, 0.46]","[['B', 'A', 'D', 'C'], ['B', 'C', 'A', 'D'], ['B', 'C', 'A', 'D']]","{'B': 4, 'A': 3, 'C': 2, 'D': 1}","[1.0, 1.0, 0.5]",3.96
51,"[1, 4, 5]","[3, 3, 2]","[0.58, 0.75, 0.46]","[['B', 'A', 'D', 'C'], ['B', 'C', 'A', 'D'], ['B', 'C', 'D', 'A']]","{'B': 4, 'A': 3, 'C': 2, 'D': 1}","[1.0, 1.0, 0.5]",3.96
51,"[1, 4, 5]","[3, 3, 2]","[0.58, 0.75, 0.46]","[['B', 'A', 'D', 'C'], ['B', 'C', 'A', 'D'], ['C', 'B', 'A', 'D']]","{'B': 4, 'A': 3, 'C': 2, 'D': 1}","[1.0, 1.0, 0.5]",3.96
51,"[1, 4, 5]","[3, 3, 2]","[0.58, 0.75, 0.46]","[['B', 'A', 'D', 'C'], ['B', 'C', 'A', 'D'], ['C', 'B', 'D', 'A']]","{'B': 4, 'A': 3, 'C': 2, 'D': 1}","[1.0, 1.0, 0.5]",3.96
51,"[1, 4, 5]","[3, 3, 2]","[0.58, 0.75, 0.46]","[['B', 'A', 'D', 'C'], ['B', 'C', 'D', 'A'], ['B', 'C', 'A', 'D']]","{'B': 4, 'A': 3, 'C': 2, 'D': 1}","[1.0, 1.0, 0.5]",3.96
51,"[1, 4, 5]","[3, 3, 2]","[0.58, 0.75, 0.46]","[['B', 'A', 'D', 'C'], ['B', 'C', 'D', 'A'], ['B', 'C', 'D', 'A']]","{'B': 4, 'A': 3, 'C': 2, 'D': 1}","[1.0, 1.0, 0.5]",3.96
51,"[1, 4, 5]","[3, 3, 2]","[0.58, 0.75, 0.46]","[['B', 'A', 'D', 'C'], ['B', 'C', 'D', 'A'], ['C', 'B', 'A', 'D']]","{'B': 4, 'A': 3, 'C': 2, 'D': 1}","[1.0, 1.0, 0.5]",3.96
51,"[1, 4, 5]","[3, 3, 2]","[0.58, 0.75, 0.46]","[['B', 'A', 'D', 'C'], ['B', 'C', 'D', 'A'], ['C', 'B', 'D', 'A']]","{'B': 4, 'A': 3, 'C': 2, 'D': 1}","[1.0, 1.0, 0.5]",3.96
51,"[1, 4, 5]","[3, 3, 2]","[0.58, 0.75, 0.46]","[['B', 'A', 'D', 'C'], ['C', 'B', 'A', 'D'], ['B', 'C', 'A', 'D']]","{'B': 4, 'A': 3, 'C': 2, 'D': 1}","[1.0, 1.0, 0.5]",3.96
51,"[1, 4, 5]","[3, 3, 2]","[0.58, 0.75, 0.46]","[['B', 'A', 'D', 'C'], ['C', 'B', 'A', 'D'], ['B', 'C', 'D', 'A']]","{'B': 4, 'A': 3, 'C': 2, 'D': 1}","[1.0, 1.0, 0.5]",3.96
51,"[1, 4, 5]","[3, 3, 2]","[0.58, 0.75, 0.46]","[['B', 'A', 'D', 'C'], ['C', 'B', 'A', 'D'], ['C', 'B', 'A', 'D']]","{'B': 4, 'A': 3, 'C': 2, 'D': 1}","[1.0, 1.0, 0.5]",3.96
51,"[1, 4, 5]","[3, 3, 2]","[0.58, 0.75, 0.46]","[['B', 'A', 'D', 'C'], ['C', 'B', 'A', 'D'], ['C', 'B', 'D', 'A']]","{'B': 4, 'A': 3, 'C': 2, 'D': 1}","[1.0, 1.0, 0.5]",3.96
51,"[1, 4, 5]","[3, 3, 2]","[0.58, 0.75, 0.46]","[['B', 'A', 'D', 'C'], ['C', 'B', 'D', 'A'], ['B', 'C', 'A', 'D']]","{'B': 4, 'A': 3, 'C': 2, 'D': 1}","[1.0, 1.0, 0.5]",3.96
51,"[1, 4, 5]","[3, 3, 2]","[0.58, 0.75, 0.46]","[['B', 'A', 'D', 'C'], ['C', 'B', 'D', 'A'], ['B', 'C', 'D', 'A']]","{'B': 4, 'A': 3, 'C': 2, 'D': 1}","[1.0, 1.0, 0.5]",3.96
51,"[1, 4, 5]","[3, 3, 2]","[0.58, 0.75, 0.46]","[['B', 'A', 'D', 'C'], ['C', 'B', 'D', 'A'], ['C', 'B', 'A', 'D']]","{'B': 4, 'A': 3, 'C': 2, 'D': 1}","[1.0, 1.0, 0.5]",3.96
51,"[1, 4, 5]","[3, 3, 2]","[0.58, 0.75, 0.46]","[['B', 'A', 'D', 'C'], ['C', 'B', 'D', 'A'], ['C', 'B', 'D', 'A']]","{'B': 4, 'A': 3, 'C': 2, 'D': 1}","[1.0, 1.0, 0.5]",3.96
51,"[1, 4, 5]","[3, 3, 2]","[0.58, 0.75, 0.46]","[['B', 'C', 'A', 'D'], ['A', 'B', 'C', 'D'], ['B', 'C', 'A', 'D']]","{'B': 4, 'A': 3, 'C': 2, 'D': 1}","[1.0, 1.0, 0.5]",3.96
51,"[1, 4, 5]","[3, 3, 2]","[0.58, 0.75, 0.46]","[['B', 'C', 'A', 'D'], ['A', 'B', 'C', 'D'], ['B', 'C', 'D', 'A']]","{'B': 4, 'A': 3, 'C': 2, 'D': 1}","[1.0, 1.0, 0.5]",3.96
51,"[1, 4, 5]","[3, 3, 2]","[0.58, 0.75, 0.46]","[['B', 'C', 'A', 'D'], ['A', 'B', 'C', 'D'], ['C', 'B', 'A', 'D']]","{'B': 4, 'A': 3, 'C': 2, 'D': 1}","[1.0, 1.0, 0.5]",3.96
51,"[1, 4, 5]","[3, 3, 2]","[0.58, 0.75, 0.46]","[['B', 'C', 'A', 'D'], ['A', 'B', 'C', 'D'], ['C', 'B', 'D', 'A']]","{'B': 4, 'A': 3, 'C': 2, 'D': 1}","[1.0, 1.0, 0.5]",3.96
51,"[1, 4, 5]","[3, 3, 2]","[0.58, 0.75, 0.46]","[['B', 'C', 'A', 'D'], ['A', 'B', 'D', 'C'], ['B', 'C', 'A', 'D']]","{'B': 4, 'A': 3, 'C': 2, 'D': 1}","[1.0, 1.0, 0.5]",3.96
51,"[1, 4, 5]","[3, 3, 2]","[0.58, 0.75, 0.46]","[['B', 'C', 'A', 'D'], ['A', 'B', 'D', 'C'], ['B', 'C', 'D', 'A']]","{'B': 4, 'A': 3, 'C': 2, 'D': 1}","[1.0, 1.0, 0.5]",3.96
51,"[1, 4, 5]","[3, 3, 2]","[0.58, 0.75, 0.46]","[['B', 'C', 'A', 'D'], ['A', 'B', 'D', 'C'], ['C', 'B', 'A', 'D']]","{'B': 4, 'A': 3, 'C': 2, 'D': 1}","[1.0, 1.0, 0.5]",3.96
51,"[1, 4, 5]","[3, 3, 2]","[0.58, 0.75, 0.46]","[['B', 'C', 'A', 'D'], ['A', 'B', 'D', 'C'], ['C', 'B', 'D', 'A']]","{'B': 4, 'A': 3, 'C': 2, 'D': 1}","[1.0, 1.0, 0.5]",3.96
51,"[1, 4, 5]","[3, 3, 2]","[0.58, 0.75, 0.46]","[['B', 'C', 'A', 'D'], ['B', 'A', 'C', 'D'], ['B', 'C', 'A', 'D']]","{'B': 4, 'A': 3, 'C': 2, 'D': 1}","[1.0, 1.0, 0.5]",3.96
51,"[1, 4, 5]","[3, 3, 2]","[0.58, 0.75, 0.46]","[['B', 'C', 'A', 'D'], ['B', 'A', 'C', 'D'], ['B', 'C', 'D', 'A']]","{'B': 4, 'A': 3, 'C': 2, 'D': 1}","[1.0, 1.0, 0.5]",3.96
51,"[1, 4, 5]","[3, 3, 2]","[0.58, 0.75, 0.46]","[['B', 'C', 'A', 'D'], ['B', 'A', 'C', 'D'], ['C', 'B', 'A', 'D']]","{'B': 4, 'A': 3, 'C': 2, 'D': 1}","[1.0, 1.0, 0.5]",3.96
51,"[1, 4, 5]","[3, 3, 2]","[0.58, 0.75, 0.46]","[['B', 'C', 'A', 'D'], ['B', 'A', 'C', 'D'], ['C', 'B', 'D', 'A']]","{'B': 4, 'A': 3, 'C': 2, 'D': 1}","[1.0, 1.0, 0.5]",3.96
51,"[1, 4, 5]","[3, 3, 2]","[0.58, 0.75, 0.46]","[['B', 'C', 'A', 'D'], ['B', 'A', 'D', 'C'], ['B', 'C', 'A', 'D']]","{'B': 4, 'A': 3, 'C': 2, 'D': 1}","[1.0, 1.0, 0.5]",3.96
51,"[1, 4, 5]","[3, 3, 2]","[0.58, 0.75, 0.46]","[['B', 'C', 'A', 'D'], ['B', 'A', 'D', 'C'], ['B', 'C', 'D', 'A']]","{'B': 4, 'A': 3, 'C': 2, 'D': 1}","[1.0, 1.0, 0.5]",3.96
51,"[1, 4, 5]","[3, 3, 2]","[0.58, 0.75, 0.46]","[['B', 'C', 'A', 'D'], ['B', 'A', 'D', 'C'], ['C', 'B', 'A', 'D']]","{'B': 4, 'A': 3, 'C': 2, 'D': 1}","[1.0, 1.0, 0.5]",3.96
51,"[1, 4, 5]","[3, 3, 2]","[0.58, 0.75, 0.46]","[['B', 'C', 'A', 'D'], ['B', 'A', 'D', 'C'], ['C', 'B', 'D', 'A']]","{'B': 4, 'A': 3, 'C': 2, 'D': 1}","[1.0, 1.0, 0.5]",3.96
51,"[1, 4, 5]","[3, 3, 2]","[0.58, 0.75, 0.46]","[['B', 'C', 'A', 'D'], ['B', 'C', 'A', 'D'], ['A', 'B', 'C', 'D']]","{'B': 4, 'A': 3, 'C': 2, 'D': 1}","[1.0, 1.0, 0.5]",3.96
51,"[1, 4, 5]","[3, 3, 2]","[0.58, 0.75, 0.46]","[['B', 'C', 'A', 'D'], ['B', 'C', 'A', 'D'], ['A', 'B', 'D', 'C']]","{'B': 4, 'A': 3, 'C': 2, 'D': 1}","[1.0, 1.0, 0.5]",3.96
51,"[1, 4, 5]","[3, 3, 2]","[0.58, 0.75, 0.46]","[['B', 'C', 'A', 'D'], ['B', 'C', 'A', 'D'], ['B', 'A', 'C', 'D']]","{'B': 4, 'A': 3, 'C': 2, 'D': 1}","[1.0, 1.0, 0.5]",3.96
51,"[1, 4, 5]","[3, 3, 2]","[0.58, 0.75, 0.46]","[['B', 'C', 'A', 'D'], ['B', 'C', 'A', 'D'], ['B', 'A', 'D', 'C']]","{'B': 4, 'A': 3, 'C': 2, 'D': 1}","[1.0, 1.0, 0.5]",3.96
51,"[1, 4, 5]","[3, 3, 2]","[0.58, 0.75, 0.46]","[['B', 'C', 'A', 'D'], ['B', 'C', 'A', 'D'], ['B', 'C', 'A', 'D']]","{'B': 4, 'C': 3, 'A': 2, 'D': 1}","[1.0, 1.0, 0.67]",3.88
51,"[1, 4, 5]","[3, 3, 2]","[0.58, 0.75, 0.46]","[['B', 'C', 'A', 'D'], ['B', 'C', 'A', 'D'], ['B', 'C', 'D', 'A']]","{'B': 4, 'C': 3, 'A': 2, 'D': 1}","[1.0, 1.0, 0.67]",3.88
51,"[1, 4, 5]","[3, 3, 2]","[0.58, 0.75, 0.46]","[['B', 'C', 'A', 'D'], ['B', 'C', 'A', 'D'], ['B', 'D', 'A', 'C']]","{'B': 4, 'A': 2, 'C': 2, 'D': 2}","[1.0, 1.0, 0.5]",3.96
51,"[1, 4, 5]","[3, 3, 2]","[0.58, 0.75, 0.46]","[['B', 'C', 'A', 'D'], ['B', 'C', 'A', 'D'], ['B', 'D', 'C', 'A']]","{'B': 4, 'A': 2, 'C': 2, 'D': 2}","[1.0, 1.0, 0.5]",3.96
51,"[1, 4, 5]","[3, 3, 2]","[0.58, 0.75, 0.46]","[['B', 'C', 'A', 'D'], ['B', 'C', 'A', 'D'], ['C', 'B', 'A', 'D']]","{'B': 4, 'C': 3, 'A': 2, 'D': 1}","[1.0, 1.0, 0.67]",3.88
51,"[1, 4, 5]","[3, 3, 2]","[0.58, 0.75, 0.46]","[['B', 'C', 'A', 'D'], ['B', 'C', 'A', 'D'], ['C', 'B', 'D', 'A']]","{'B': 4, 'C': 3, 'A': 2, 'D': 1}","[1.0, 1.0, 0.67]",3.88
51,"[1, 4, 5]","[3, 3, 2]","[0.58, 0.75, 0.46]","[['B', 'C', 'A', 'D'], ['B', 'C', 'A', 'D'], ['C', 'D', 'A', 'B']]","{'B': 3, 'C': 3, 'A': 2, 'D': 2}","[1.0, 1.0, 0.67]",3.88
51,"[1, 4, 5]","[3, 3, 2]","[0.58, 0.75, 0.46]","[['B', 'C', 'A', 'D'], ['B', 'C', 'A', 'D'], ['C', 'D', 'B', 'A']]","{'B': 3, 'C': 3, 'A': 2, 'D': 2}","[1.0, 1.0, 0.67]",3.88
51,"[1, 4, 5]","[3, 3, 2]","[0.58, 0.75, 0.46]","[['B', 'C', 'A', 'D'], ['B', 'C', 'A', 'D'], ['D', 'B', 'A', 'C']]","{'B': 4, 'A': 2, 'C': 2, 'D': 2}","[1.0, 1.0, 0.5]",3.96
51,"[1, 4, 5]","[3, 3, 2]","[0.58, 0.75, 0.46]","[['B', 'C', 'A', 'D'], ['B', 'C', 'A', 'D'], ['D', 'B', 'C', 'A']]","{'B': 4, 'A': 2, 'C': 2, 'D': 2}","[1.0, 1.0, 0.5]",3.96
51,"[1, 4, 5]","[3, 3, 2]","[0.58, 0.75, 0.46]","[['B', 'C', 'A', 'D'], ['B', 'C', 'A', 'D'], ['D', 'C', 'A', 'B']]","{'B': 3, 'C': 3, 'A': 2, 'D': 2}","[1.0, 1.0, 0.67]",3.88
51,"[1, 4, 5]","[3, 3, 2]","[0.58, 0.75, 0.46]","[['B', 'C', 'A', 'D'], ['B', 'C', 'A', 'D'], ['D', 'C', 'B', 'A']]","{'B': 3, 'C': 3, 'A': 2, 'D': 2}","[1.0, 1.0, 0.67]",3.88
51,"[1, 4, 5]","[3, 3, 2]","[0.58, 0.75, 0.46]","[['B', 'C', 'A', 'D'], ['B', 'C', 'D', 'A'], ['A', 'B', 'C', 'D']]","{'B': 4, 'A': 3, 'C': 2, 'D': 1}","[1.0, 1.0, 0.5]",3.96
51,"[1, 4, 5]","[3, 3, 2]","[0.58, 0.75, 0.46]","[['B', 'C', 'A', 'D'], ['B', 'C', 'D', 'A'], ['A', 'B', 'D', 'C']]","{'B': 4, 'A': 3, 'C': 2, 'D': 1}","[1.0, 1.0, 0.5]",3.96
51,"[1, 4, 5]","[3, 3, 2]","[0.58, 0.75, 0.46]","[['B', 'C', 'A', 'D'], ['B', 'C', 'D', 'A'], ['B', 'A', 'C', 'D']]","{'B': 4, 'A': 3, 'C': 2, 'D': 1}","[1.0, 1.0, 0.5]",3.96
51,"[1, 4, 5]","[3, 3, 2]","[0.58, 0.75, 0.46]","[['B', 'C', 'A', 'D'], ['B', 'C', 'D', 'A'], ['B', 'A', 'D', 'C']]","{'B': 4, 'A': 3, 'C': 2, 'D': 1}","[1.0, 1.0, 0.5]",3.96
51,"[1, 4, 5]","[3, 3, 2]","[0.58, 0.75, 0.46]","[['B', 'C', 'A', 'D'], ['B', 'C', 'D', 'A'], ['B', 'C', 'A', 'D']]","{'B': 4, 'C': 3, 'A': 2, 'D': 1}","[1.0, 1.0, 0.67]",3.88
51,"[1, 4, 5]","[3, 3, 2]","[0.58, 0.75, 0.46]","[['B', 'C', 'A', 'D'], ['B', 'C', 'D', 'A'], ['B', 'C', 'D', 'A']]","{'B': 4, 'C': 3, 'A': 2, 'D': 1}","[1.0, 1.0, 0.67]",3.88
51,"[1, 4, 5]","[3, 3, 2]","[0.58, 0.75, 0.46]","[['B', 'C', 'A', 'D'], ['B', 'C', 'D', 'A'], ['B', 'D', 'A', 'C']]","{'B': 4, 'A': 2, 'C': 2, 'D': 2}","[1.0, 1.0, 0.5]",3.96
51,"[1, 4, 5]","[3, 3, 2]","[0.58, 0.75, 0.46]","[['B', 'C', 'A', 'D'], ['B', 'C', 'D', 'A'], ['B', 'D', 'C', 'A']]","{'B': 4, 'A': 2, 'C': 2, 'D': 2}","[1.0, 1.0, 0.5]",3.96
51,"[1, 4, 5]","[3, 3, 2]","[0.58, 0.75, 0.46]","[['B', 'C', 'A', 'D'], ['B', 'C', 'D', 'A'], ['C', 'B', 'A', 'D']]","{'B': 4, 'C': 3, 'A': 2, 'D': 1}","[1.0, 1.0, 0.67]",3.88
51,"[1, 4, 5]","[3, 3, 2]","[0.58, 0.75, 0.46]","[['B', 'C', 'A', 'D'], ['B', 'C', 'D', 'A'], ['C', 'B', 'D', 'A']]","{'B': 4, 'C': 3, 'A': 2, 'D': 1}","[1.0, 1.0, 0.67]",3.88
51,"[1, 4, 5]","[3, 3, 2]","[0.58, 0.75, 0.46]","[['B', 'C', 'A', 'D'], ['B', 'C', 'D', 'A'], ['C', 'D', 'A', 'B']]","{'B': 3, 'C': 3, 'A': 2, 'D': 2}","[1.0, 1.0, 0.67]",3.88
51,"[1, 4, 5]","[3, 3, 2]","[0.58, 0.75, 0.46]","[['B', 'C', 'A', 'D'], ['B', 'C', 'D', 'A'], ['C', 'D', 'B', 'A']]","{'B': 3, 'C': 3, 'A': 2, 'D': 2}","[1.0, 1.0, 0.67]",3.88
51,"[1, 4, 5]","[3, 3, 2]","[0.58, 0.75, 0.46]","[['B', 'C', 'A', 'D'], ['B', 'C', 'D', 'A'], ['D', 'B', 'A', 'C']]","{'B': 4, 'A': 2, 'C': 2, 'D': 2}","[1.0, 1.0, 0.5]",3.96
51,"[1, 4, 5]","[3, 3, 2]","[0.58, 0.75, 0.46]","[['B', 'C', 'A', 'D'], ['B', 'C', 'D', 'A'], ['D', 'B', 'C', 'A']]","{'B': 4, 'A': 2, 'C': 2, 'D': 2}","[1.0, 1.0, 0.5]",3.96
51,"[1, 4, 5]","[3, 3, 2]","[0.58, 0.75, 0.46]","[['B', 'C', 'A', 'D'], ['B', 'C', 'D', 'A'], ['D', 'C', 'A', 'B']]","{'B': 3, 'C': 3, 'A': 2, 'D': 2}","[1.0, 1.0, 0.67]",3.88
51,"[1, 4, 5]","[3, 3, 2]","[0.58, 0.75, 0.46]","[['B', 'C', 'A', 'D'], ['B', 'C', 'D', 'A'], ['D', 'C', 'B', 'A']]","{'B': 3, 'C': 3, 'A': 2, 'D': 2}","[1.0, 1.0, 0.67]",3.88
51,"[1, 4, 5]","[3, 3, 2]","[0.58, 0.75, 0.46]","[['B', 'C', 'A', 'D'], ['B', 'D', 'A', 'C'], ['B', 'C', 'A', 'D']]","{'B': 4, 'A': 2, 'C': 2, 'D': 2}","[1.0, 1.0, 0.5]",3.96
51,"[1, 4, 5]","[3, 3, 2]","[0.58, 0.75, 0.46]","[['B', 'C', 'A', 'D'], ['B', 'D', 'A', 'C'], ['B', 'C', 'D', 'A']]","{'B': 4, 'A': 2, 'C': 2, 'D': 2}","[1.0, 1.0, 0.5]",3.96
51,"[1, 4, 5]","[3, 3, 2]","[0.58, 0.75, 0.46]","[['B', 'C', 'A', 'D'], ['B', 'D', 'A', 'C'], ['B', 'D', 'A', 'C']]","{'B': 4, 'D': 3, 'A': 2, 'C': 1}","[1.0, 1.0, 0.58]",3.95
51,"[1, 4, 5]","[3, 3, 2]","[0.58, 0.75, 0.46]","[['B', 'C', 'A', 'D'], ['B', 'D', 'A', 'C'], ['B', 'D', 'C', 'A']]","{'B': 4, 'D': 3, 'A': 2, 'C': 1}","[1.0, 1.0, 0.58]",3.95
51,"[1, 4, 5]","[3, 3, 2]","[0.58, 0.75, 0.46]","[['B', 'C', 'A', 'D'], ['B', 'D', 'A', 'C'], ['C', 'B', 'A', 'D']]","{'B': 4, 'A': 2, 'C': 2, 'D': 2}","[1.0, 1.0, 0.5]",3.96
51,"[1, 4, 5]","[3, 3, 2]","[0.58, 0.75, 0.46]","[['B', 'C', 'A', 'D'], ['B', 'D', 'A', 'C'], ['C', 'B', 'D', 'A']]","{'B': 4, 'A': 2, 'C': 2, 'D': 2}","[1.0, 1.0, 0.5]",3.96
51,"[1, 4, 5]","[3, 3, 2]","[0.58, 0.75, 0.46]","[['B', 'C', 'A', 'D'], ['B', 'D', 'A', 'C'], ['C', 'D', 'A', 'B']]","{'B': 3, 'D': 3, 'A': 2, 'C': 2}","[1.0, 1.0, 0.58]",3.95
51,"[1, 4, 5]","[3, 3, 2]","[0.58, 0.75, 0.46]","[['B', 'C', 'A', 'D'], ['B', 'D', 'A', 'C'], ['C', 'D', 'B', 'A']]","{'B': 3, 'D': 3, 'A': 2, 'C': 2}","[1.0, 1.0, 0.58]",3.95
51,"[1, 4, 5]","[3, 3, 2]","[0.58, 0.75, 0.46]","[['B', 'C', 'A', 'D'], ['B', 'D', 'A', 'C'], ['D', 'B', 'A', 'C']]","{'B': 4, 'D': 3, 'A': 2, 'C': 1}","[1.0, 1.0, 0.58]",3.95
51,"[1, 4, 5]","[3, 3, 2]","[0.58, 0.75, 0.46]","[['B', 'C', 'A', 'D'], ['B', 'D', 'A', 'C'], ['D', 'B', 'C', 'A']]","{'B': 4, 'D': 3, 'A': 2, 'C': 1}","[1.0, 1.0, 0.58]",3.95
51,"[1, 4, 5]","[3, 3, 2]","[0.58, 0.75, 0.46]","[['B', 'C', 'A', 'D'], ['B', 'D', 'A', 'C'], ['D', 'C', 'A', 'B']]","{'B': 3, 'D': 3, 'A': 2, 'C': 2}","[1.0, 1.0, 0.58]",3.95
51,"[1, 4, 5]","[3, 3, 2]","[0.58, 0.75, 0.46]","[['B', 'C', 'A', 'D'], ['B', 'D', 'A', 'C'], ['D', 'C', 'B', 'A']]","{'B': 3, 'D': 3, 'A': 2, 'C': 2}","[1.0, 1.0, 0.58]",3.95
51,"[1, 4, 5]","[3, 3, 2]","[0.58, 0.75, 0.46]","[['B', 'C', 'A', 'D'], ['B', 'D', 'C', 'A'], ['B', 'C', 'A', 'D']]","{'B': 4, 'A': 2, 'C': 2, 'D': 2}","[1.0, 1.0, 0.5]",3.96
51,"[1, 4, 5]","[3, 3, 2]","[0.58, 0.75, 0.46]","[['B', 'C', 'A', 'D'], ['B', 'D', 'C', 'A'], ['B', 'C', 'D', 'A']]","{'B': 4, 'A': 2, 'C': 2, 'D': 2}","[1.0, 1.0, 0.5]",3.96
51,"[1, 4, 5]","[3, 3, 2]","[0.58, 0.75, 0.46]","[['B', 'C', 'A', 'D'], ['B', 'D', 'C', 'A'], ['B', 'D', 'A', 'C']]","{'B': 4, 'D': 3, 'A': 2, 'C': 1}","[1.0, 1.0, 0.58]",3.95
51,"[1, 4, 5]","[3, 3, 2]","[0.58, 0.75, 0.46]","[['B', 'C', 'A', 'D'], ['B', 'D', 'C', 'A'], ['B', 'D', 'C', 'A']]","{'B': 4, 'D': 3, 'A': 2, 'C': 1}","[1.0, 1.0, 0.58]",3.95
51,"[1, 4, 5]","[3, 3, 2]","[0.58, 0.75, 0.46]","[['B', 'C', 'A', 'D'], ['B', 'D', 'C', 'A'], ['C', 'B', 'A', 'D']]","{'B': 4, 'A': 2, 'C': 2, 'D': 2}","[1.0, 1.0, 0.5]",3.96
51,"[1, 4, 5]","[3, 3, 2]","[0.58, 0.75, 0.46]","[['B', 'C', 'A', 'D'], ['B', 'D', 'C', 'A'], ['C', 'B', 'D', 'A']]","{'B': 4, 'A': 2, 'C': 2, 'D': 2}","[1.0, 1.0, 0.5]",3.96
51,"[1, 4, 5]","[3, 3, 2]","[0.58, 0.75, 0.46]","[['B', 'C', 'A', 'D'], ['B', 'D', 'C', 'A'], ['C', 'D', 'A', 'B']]","{'B': 3, 'D': 3, 'A': 2, 'C': 2}","[1.0, 1.0, 0.58]",3.95
51,"[1, 4, 5]","[3, 3, 2]","[0.58, 0.75, 0.46]","[['B', 'C', 'A', 'D'], ['B', 'D', 'C', 'A'], ['C', 'D', 'B', 'A']]","{'B': 3, 'D': 3, 'A': 2, 'C': 2}","[1.0, 1.0, 0.58]",3.95
51,"[1, 4, 5]","[3, 3, 2]","[0.58, 0.75, 0.46]","[['B', 'C', 'A', 'D'], ['B', 'D', 'C', 'A'], ['D', 'B', 'A', 'C']]","{'B': 4, 'D': 3, 'A': 2, 'C': 1}","[1.0, 1.0, 0.58]",3.95
51,"[1, 4, 5]","[3, 3, 2]","[0.58, 0.75, 0.46]","[['B', 'C', 'A', 'D'], ['B', 'D', 'C', 'A'], ['D', 'B', 'C', 'A']]","{'B': 4, 'D': 3, 'A': 2, 'C': 1}","[1.0, 1.0, 0.58]",3.95
51,"[1, 4, 5]","[3, 3, 2]","[0.58, 0.75, 0.46]","[['B', 'C', 'A', 'D'], ['B', 'D', 'C', 'A'], ['D', 'C', 'A', 'B']]","{'B': 3, 'D': 3, 'A': 2, 'C': 2}","[1.0, 1.0, 0.58]",3.95
51,"[1, 4, 5]","[3, 3, 2]","[0.58, 0.75, 0.46]","[['B', 'C', 'A', 'D'], ['B', 'D', 'C', 'A'], ['D', 'C', 'B', 'A']]","{'B': 3, 'D': 3, 'A': 2, 'C': 2}","[1.0, 1.0, 0.58]",3.95
51,"[1, 4, 5]","[3, 3, 2]","[0.58, 0.75, 0.46]","[['B', 'C', 'A', 'D'], ['C', 'B', 'A', 'D'], ['A', 'B', 'C', 'D']]","{'B': 4, 'A': 3, 'C': 2, 'D': 1}","[1.0, 1.0, 0.5]",3.96
51,"[1, 4, 5]","[3, 3, 2]","[0.58, 0.75, 0.46]","[['B', 'C', 'A', 'D'], ['C', 'B', 'A', 'D'], ['A', 'B', 'D', 'C']]","{'B': 4, 'A': 3, 'C': 2, 'D': 1}","[1.0, 1.0, 0.5]",3.96
51,"[1, 4, 5]","[3, 3, 2]","[0.58, 0.75, 0.46]","[['B', 'C', 'A', 'D'], ['C', 'B', 'A', 'D'], ['B', 'A', 'C', 'D']]","{'B': 4, 'A': 3, 'C': 2, 'D': 1}","[1.0, 1.0, 0.5]",3.96
51,"[1, 4, 5]","[3, 3, 2]","[0.58, 0.75, 0.46]","[['B', 'C', 'A', 'D'], ['C', 'B', 'A', 'D'], ['B', 'A', 'D', 'C']]","{'B': 4, 'A': 3, 'C': 2, 'D': 1}","[1.0, 1.0, 0.5]",3.96
51,"[1, 4, 5]","[3, 3, 2]","[0.58, 0.75, 0.46]","[['B', 'C', 'A', 'D'], ['C', 'B', 'A', 'D'], ['B', 'C', 'A', 'D']]","{'B': 4, 'C': 3, 'A': 2, 'D': 1}","[1.0, 1.0, 0.67]",3.88
51,"[1, 4, 5]","[3, 3, 2]","[0.58, 0.75, 0.46]","[['B', 'C', 'A', 'D'], ['C', 'B', 'A', 'D'], ['B', 'C', 'D', 'A']]","{'B': 4, 'C': 3, 'A': 2, 'D': 1}","[1.0, 1.0, 0.67]",3.88
51,"[1, 4, 5]","[3, 3, 2]","[0.58, 0.75, 0.46]","[['B', 'C', 'A', 'D'], ['C', 'B', 'A', 'D'], ['B', 'D', 'A', 'C']]","{'B': 4, 'A': 2, 'C': 2, 'D': 2}","[1.0, 1.0, 0.5]",3.96
51,"[1, 4, 5]","[3, 3, 2]","[0.58, 0.75, 0.46]","[['B', 'C', 'A', 'D'], ['C', 'B', 'A', 'D'], ['B', 'D', 'C', 'A']]","{'B': 4, 'A': 2, 'C': 2, 'D': 2}","[1.0, 1.0, 0.5]",3.96
51,"[1, 4, 5]","[3, 3, 2]","[0.58, 0.75, 0.46]","[['B', 'C', 'A', 'D'], ['C', 'B', 'A', 'D'], ['C', 'B', 'A', 'D']]","{'B': 4, 'C': 3, 'A': 2, 'D': 1}","[1.0, 1.0, 0.67]",3.88
51,"[1, 4, 5]","[3, 3, 2]","[0.58, 0.75, 0.46]","[['B', 'C', 'A', 'D'], ['C', 'B', 'A', 'D'], ['C', 'B', 'D', 'A']]","{'B': 4, 'C': 3, 'A': 2, 'D': 1}","[1.0, 1.0, 0.67]",3.88
51,"[1, 4, 5]","[3, 3, 2]","[0.58, 0.75, 0.46]","[['B', 'C', 'A', 'D'], ['C', 'B', 'A', 'D'], ['C', 'D', 'A', 'B']]","{'B': 3, 'C': 3, 'A': 2, 'D': 2}","[1.0, 1.0, 0.67]",3.88
51,"[1, 4, 5]","[3, 3, 2]","[0.58, 0.75, 0.46]","[['B', 'C', 'A', 'D'], ['C', 'B', 'A', 'D'], ['C', 'D', 'B', 'A']]","{'B': 3, 'C': 3, 'A': 2, 'D': 2}","[1.0, 1.0, 0.67]",3.88
51,"[1, 4, 5]","[3, 3, 2]","[0.58, 0.75, 0.46]","[['B', 'C', 'A', 'D'], ['C', 'B', 'A', 'D'], ['D', 'B', 'A', 'C']]","{'B': 4, 'A': 2, 'C': 2, 'D': 2}","[1.0, 1.0, 0.5]",3.96
51,"[1, 4, 5]","[3, 3, 2]","[0.58, 0.75, 0.46]","[['B', 'C', 'A', 'D'], ['C', 'B', 'A', 'D'], ['D', 'B', 'C', 'A']]","{'B': 4, 'A': 2, 'C': 2, 'D': 2}","[1.0, 1.0, 0.5]",3.96
51,"[1, 4, 5]","[3, 3, 2]","[0.58, 0.75, 0.46]","[['B', 'C', 'A', 'D'], ['C', 'B', 'A', 'D'], ['D', 'C', 'A', 'B']]","{'B': 3, 'C': 3, 'A': 2, 'D': 2}","[1.0, 1.0, 0.67]",3.88
51,"[1, 4, 5]","[3, 3, 2]","[0.58, 0.75, 0.46]","[['B', 'C', 'A', 'D'], ['C', 'B', 'A', 'D'], ['D', 'C', 'B', 'A']]","{'B': 3, 'C': 3, 'A': 2, 'D': 2}","[1.0, 1.0, 0.67]",3.88
51,"[1, 4, 5]","[3, 3, 2]","[0.58, 0.75, 0.46]","[['B', 'C', 'A', 'D'], ['C', 'B', 'D', 'A'], ['A', 'B', 'C', 'D']]","{'B': 4, 'A': 3, 'C': 2, 'D': 1}","[1.0, 1.0, 0.5]",3.96
51,"[1, 4, 5]","[3, 3, 2]","[0.58, 0.75, 0.46]","[['B', 'C', 'A', 'D'], ['C', 'B', 'D', 'A'], ['A', 'B', 'D', 'C']]","{'B': 4, 'A': 3, 'C': 2, 'D': 1}","[1.0, 1.0, 0.5]",3.96
51,"[1, 4, 5]","[3, 3, 2]","[0.58, 0.75, 0.46]","[['B', 'C', 'A', 'D'], ['C', 'B', 'D', 'A'], ['B', 'A', 'C', 'D']]","{'B': 4, 'A': 3, 'C': 2, 'D': 1}","[1.0, 1.0, 0.5]",3.96
51,"[1, 4, 5]","[3, 3, 2]","[0.58, 0.75, 0.46]","[['B', 'C', 'A', 'D'], ['C', 'B', 'D', 'A'], ['B', 'A', 'D', 'C']]","{'B': 4, 'A': 3, 'C': 2, 'D': 1}","[1.0, 1.0, 0.5]",3.96
51,"[1, 4, 5]","[3, 3, 2]","[0.58, 0.75, 0.46]","[['B', 'C', 'A', 'D'], ['C', 'B', 'D', 'A'], ['B', 'C', 'A', 'D']]","{'B': 4, 'C': 3, 'A': 2, 'D': 1}","[1.0, 1.0, 0.67]",3.88
51,"[1, 4, 5]","[3, 3, 2]","[0.58, 0.75, 0.46]","[['B', 'C', 'A', 'D'], ['C', 'B', 'D', 'A'], ['B', 'C', 'D', 'A']]","{'B': 4, 'C': 3, 'A': 2, 'D': 1}","[1.0, 1.0, 0.67]",3.88
51,"[1, 4, 5]","[3, 3, 2]","[0.58, 0.75, 0.46]","[['B', 'C', 'A', 'D'], ['C', 'B', 'D', 'A'], ['B', 'D', 'A', 'C']]","{'B': 4, 'A': 2, 'C': 2, 'D': 2}","[1.0, 1.0, 0.5]",3.96
51,"[1, 4, 5]","[3, 3, 2]","[0.58, 0.75, 0.46]","[['B', 'C', 'A', 'D'], ['C', 'B', 'D', 'A'], ['B', 'D', 'C', 'A']]","{'B': 4, 'A': 2, 'C': 2, 'D': 2}","[1.0, 1.0, 0.5]",3.96
51,"[1, 4, 5]","[3, 3, 2]","[0.58, 0.75, 0.46]","[['B', 'C', 'A', 'D'], ['C', 'B', 'D', 'A'], ['C', 'B', 'A', 'D']]","{'B': 4, 'C': 3, 'A': 2, 'D': 1}","[1.0, 1.0, 0.67]",3.88
51,"[1, 4, 5]","[3, 3, 2]","[0.58, 0.75, 0.46]","[['B', 'C', 'A', 'D'], ['C', 'B', 'D', 'A'], ['C', 'B', 'D', 'A']]","{'B': 4, 'C': 3, 'A': 2, 'D': 1}","[1.0, 1.0, 0.67]",3.88
51,"[1, 4, 5]","[3, 3, 2]","[0.58, 0.75, 0.46]","[['B', 'C', 'A', 'D'], ['C', 'B', 'D', 'A'], ['C', 'D', 'A', 'B']]","{'B': 3, 'C': 3, 'A': 2, 'D': 2}","[1.0, 1.0, 0.67]",3.88
51,"[1, 4, 5]","[3, 3, 2]","[0.58, 0.75, 0.46]","[['B', 'C', 'A', 'D'], ['C', 'B', 'D', 'A'], ['C', 'D', 'B', 'A']]","{'B': 3, 'C': 3, 'A': 2, 'D': 2}","[1.0, 1.0, 0.67]",3.88
51,"[1, 4, 5]","[3, 3, 2]","[0.58, 0.75, 0.46]","[['B', 'C', 'A', 'D'], ['C', 'B', 'D', 'A'], ['D', 'B', 'A', 'C']]","{'B': 4, 'A': 2, 'C': 2, 'D': 2}","[1.0, 1.0, 0.5]",3.96
51,"[1, 4, 5]","[3, 3, 2]","[0.58, 0.75, 0.46]","[['B', 'C', 'A', 'D'], ['C', 'B', 'D', 'A'], ['D', 'B', 'C', 'A']]","{'B': 4, 'A': 2, 'C': 2, 'D': 2}","[1.0, 1.0, 0.5]",3.96
51,"[1, 4, 5]","[3, 3, 2]","[0.58, 0.75, 0.46]","[['B', 'C', 'A', 'D'], ['C', 'B', 'D', 'A'], ['D', 'C', 'A', 'B']]","{'B': 3, 'C': 3, 'A': 2, 'D': 2}","[1.0, 1.0, 0.67]",3.88
51,"[1, 4, 5]","[3, 3, 2]","[0.58, 0.75, 0.46]","[['B', 'C', 'A', 'D'], ['C', 'B', 'D', 'A'], ['D', 'C', 'B', 'A']]","{'B': 3, 'C': 3, 'A': 2, 'D': 2}","[1.0, 1.0, 0.67]",3.88
51,"[1, 4, 5]","[3, 3, 2]","[0.58, 0.75, 0.46]","[['B', 'C', 'A', 'D'], ['C', 'D', 'A', 'B'], ['B', 'C', 'A', 'D']]","{'B': 3, 'C': 3, 'A': 2, 'D': 2}","[1.0, 1.0, 0.67]",3.88
51,"[1, 4, 5]","[3, 3, 2]","[0.58, 0.75, 0.46]","[['B', 'C', 'A', 'D'], ['C', 'D', 'A', 'B'], ['B', 'C', 'D', 'A']]","{'B': 3, 'C': 3, 'A': 2, 'D': 2}","[1.0, 1.0, 0.67]",3.88
51,"[1, 4, 5]","[3, 3, 2]","[0.58, 0.75, 0.46]","[['B', 'C', 'A', 'D'], ['C', 'D', 'A', 'B'], ['B', 'D', 'A', 'C']]","{'B': 3, 'D': 3, 'A': 2, 'C': 2}","[1.0, 1.0, 0.58]",3.95
51,"[1, 4, 5]","[3, 3, 2]","[0.58, 0.75, 0.46]","[['B', 'C', 'A', 'D'], ['C', 'D', 'A', 'B'], ['B', 'D', 'C', 'A']]","{'B': 3, 'D': 3, 'A': 2, 'C': 2}","[1.0, 1.0, 0.58]",3.95
51,"[1, 4, 5]","[3, 3, 2]","[0.58, 0.75, 0.46]","[['B', 'C', 'A', 'D'], ['C', 'D', 'A', 'B'], ['C', 'B', 'A', 'D']]","{'B': 3, 'C': 3, 'A': 2, 'D': 2}","[1.0, 1.0, 0.67]",3.88
51,"[1, 4, 5]","[3, 3, 2]","[0.58, 0.75, 0.46]","[['B', 'C', 'A', 'D'], ['C', 'D', 'A', 'B'], ['C', 'B', 'D', 'A']]","{'B': 3, 'C': 3, 'A': 2, 'D': 2}","[1.0, 1.0, 0.67]",3.88
51,"[1, 4, 5]","[3, 3, 2]","[0.58, 0.75, 0.46]","[['B', 'C', 'A', 'D'], ['C', 'D', 'A', 'B'], ['D', 'B', 'A', 'C']]","{'B': 3, 'D': 3, 'A': 2, 'C': 2}","[1.0, 1.0, 0.58]",3.95
51,"[1, 4, 5]","[3, 3, 2]","[0.58, 0.75, 0.46]","[['B', 'C', 'A', 'D'], ['C', 'D', 'A', 'B'], ['D', 'B', 'C', 'A']]","{'B': 3, 'D': 3, 'A': 2, 'C': 2}","[1.0, 1.0, 0.58]",3.95
51,"[1, 4, 5]","[3, 3, 2]","[0.58, 0.75, 0.46]","[['B', 'C', 'A', 'D'], ['C', 'D', 'B', 'A'], ['B', 'C', 'A', 'D']]","{'B': 3, 'C': 3, 'A': 2, 'D': 2}","[1.0, 1.0, 0.67]",3.88
51,"[1, 4, 5]","[3, 3, 2]","[0.58, 0.75, 0.46]","[['B', 'C', 'A', 'D'], ['C', 'D', 'B', 'A'], ['B', 'C', 'D', 'A']]","{'B': 3, 'C': 3, 'A': 2, 'D': 2}","[1.0, 1.0, 0.67]",3.88
51,"[1, 4, 5]","[3, 3, 2]","[0.58, 0.75, 0.46]","[['B', 'C', 'A', 'D'], ['C', 'D', 'B', 'A'], ['B', 'D', 'A', 'C']]","{'B': 3, 'D': 3, 'A': 2, 'C': 2}","[1.0, 1.0, 0.58]",3.95
51,"[1, 4, 5]","[3, 3, 2]","[0.58, 0.75, 0.46]","[['B', 'C', 'A', 'D'], ['C', 'D', 'B', 'A'], ['B', 'D', 'C', 'A']]","{'B': 3, 'D': 3, 'A': 2, 'C': 2}","[1.0, 1.0, 0.58]",3.95
51,"[1, 4, 5]","[3, 3, 2]","[0.58, 0.75, 0.46]","[['B', 'C', 'A', 'D'], ['C', 'D', 'B', 'A'], ['C', 'B', 'A', 'D']]","{'B': 3, 'C': 3, 'A': 2, 'D': 2}","[1.0, 1.0, 0.67]",3.88
51,"[1, 4, 5]","[3, 3, 2]","[0.58, 0.75, 0.46]","[['B', 'C', 'A', 'D'], ['C', 'D', 'B', 'A'], ['C', 'B', 'D', 'A']]","{'B': 3, 'C': 3, 'A': 2, 'D': 2}","[1.0, 1.0, 0.67]",3.88
51,"[1, 4, 5]","[3, 3, 2]","[0.58, 0.75, 0.46]","[['B', 'C', 'A', 'D'], ['C', 'D', 'B', 'A'], ['D', 'B', 'A', 'C']]","{'B': 3, 'D': 3, 'A': 2, 'C': 2}","[1.0, 1.0, 0.58]",3.95
51,"[1, 4, 5]","[3, 3, 2]","[0.58, 0.75, 0.46]","[['B', 'C', 'A', 'D'], ['C', 'D', 'B', 'A'], ['D', 'B', 'C', 'A']]","{'B': 3, 'D': 3, 'A': 2, 'C': 2}","[1.0, 1.0, 0.58]",3.95
51,"[1, 4, 5]","[3, 3, 2]","[0.58, 0.75, 0.46]","[['B', 'C', 'A', 'D'], ['D', 'B', 'A', 'C'], ['B', 'C', 'A', 'D']]","{'B': 4, 'A': 2, 'C': 2, 'D': 2}","[1.0, 1.0, 0.5]",3.96
51,"[1, 4, 5]","[3, 3, 2]","[0.58, 0.75, 0.46]","[['B', 'C', 'A', 'D'], ['D', 'B', 'A', 'C'], ['B', 'C', 'D', 'A']]","{'B': 4, 'A': 2, 'C': 2, 'D': 2}","[1.0, 1.0, 0.5]",3.96
51,"[1, 4, 5]","[3, 3, 2]","[0.58, 0.75, 0.46]","[['B', 'C', 'A', 'D'], ['D', 'B', 'A', 'C'], ['B', 'D', 'A', 'C']]","{'B': 4, 'D': 3, 'A': 2, 'C': 1}","[1.0, 1.0, 0.58]",3.95
51,"[1, 4, 5]","[3, 3, 2]","[0.58, 0.75, 0.46]","[['B', 'C', 'A', 'D'], ['D', 'B', 'A', 'C'], ['B', 'D', 'C', 'A']]","{'B': 4, 'D': 3, 'A': 2, 'C': 1}","[1.0, 1.0, 0.58]",3.95
51,"[1, 4, 5]","[3, 3, 2]","[0.58, 0.75, 0.46]","[['B', 'C', 'A', 'D'], ['D', 'B', 'A', 'C'], ['C', 'B', 'A', 'D']]","{'B': 4, 'A': 2, 'C': 2, 'D': 2}","[1.0, 1.0, 0.5]",3.96
51,"[1, 4, 5]","[3, 3, 2]","[0.58, 0.75, 0.46]","[['B', 'C', 'A', 'D'], ['D', 'B', 'A', 'C'], ['C', 'B', 'D', 'A']]","{'B': 4, 'A': 2, 'C': 2, 'D': 2}","[1.0, 1.0, 0.5]",3.96
51,"[1, 4, 5]","[3, 3, 2]","[0.58, 0.75, 0.46]","[['B', 'C', 'A', 'D'], ['D', 'B', 'A', 'C'], ['C', 'D', 'A', 'B']]","{'B': 3, 'D': 3, 'A': 2, 'C': 2}","[1.0, 1.0, 0.58]",3.95
51,"[1, 4, 5]","[3, 3, 2]","[0.58, 0.75, 0.46]","[['B', 'C', 'A', 'D'], ['D', 'B', 'A', 'C'], ['C', 'D', 'B', 'A']]","{'B': 3, 'D': 3, 'A': 2, 'C': 2}","[1.0, 1.0, 0.58]",3.95
51,"[1, 4, 5]","[3, 3, 2]","[0.58, 0.75, 0.46]","[['B', 'C', 'A', 'D'], ['D', 'B', 'A', 'C'], ['D', 'B', 'A', 'C']]","{'B': 4, 'D': 3, 'A': 2, 'C': 1}","[1.0, 1.0, 0.58]",3.95
51,"[1, 4, 5]","[3, 3, 2]","[0.58, 0.75, 0.46]","[['B', 'C', 'A', 'D'], ['D', 'B', 'A', 'C'], ['D', 'B', 'C', 'A']]","{'B': 4, 'D': 3, 'A': 2, 'C': 1}","[1.0, 1.0, 0.58]",3.95
51,"[1, 4, 5]","[3, 3, 2]","[0.58, 0.75, 0.46]","[['B', 'C', 'A', 'D'], ['D', 'B', 'A', 'C'], ['D', 'C', 'A', 'B']]","{'B': 3, 'D': 3, 'A': 2, 'C': 2}","[1.0, 1.0, 0.58]",3.95
51,"[1, 4, 5]","[3, 3, 2]","[0.58, 0.75, 0.46]","[['B', 'C', 'A', 'D'], ['D', 'B', 'A', 'C'], ['D', 'C', 'B', 'A']]","{'B': 3, 'D': 3, 'A': 2, 'C': 2}","[1.0, 1.0, 0.58]",3.95
51,"[1, 4, 5]","[3, 3, 2]","[0.58, 0.75, 0.46]","[['B', 'C', 'A', 'D'], ['D', 'B', 'C', 'A'], ['B', 'C', 'A', 'D']]","{'B': 4, 'A': 2, 'C': 2, 'D': 2}","[1.0, 1.0, 0.5]",3.96
51,"[1, 4, 5]","[3, 3, 2]","[0.58, 0.75, 0.46]","[['B', 'C', 'A', 'D'], ['D', 'B', 'C', 'A'], ['B', 'C', 'D', 'A']]","{'B': 4, 'A': 2, 'C': 2, 'D': 2}","[1.0, 1.0, 0.5]",3.96
51,"[1, 4, 5]","[3, 3, 2]","[0.58, 0.75, 0.46]","[['B', 'C', 'A', 'D'], ['D', 'B', 'C', 'A'], ['B', 'D', 'A', 'C']]","{'B': 4, 'D': 3, 'A': 2, 'C': 1}","[1.0, 1.0, 0.58]",3.95
51,"[1, 4, 5]","[3, 3, 2]","[0.58, 0.75, 0.46]","[['B', 'C', 'A', 'D'], ['D', 'B', 'C', 'A'], ['B', 'D', 'C', 'A']]","{'B': 4, 'D': 3, 'A': 2, 'C': 1}","[1.0, 1.0, 0.58]",3.95
51,"[1, 4, 5]","[3, 3, 2]","[0.58, 0.75, 0.46]","[['B', 'C', 'A', 'D'], ['D', 'B', 'C', 'A'], ['C', 'B', 'A', 'D']]","{'B': 4, 'A': 2, 'C': 2, 'D': 2}","[1.0, 1.0, 0.5]",3.96
51,"[1, 4, 5]","[3, 3, 2]","[0.58, 0.75, 0.46]","[['B', 'C', 'A', 'D'], ['D', 'B', 'C', 'A'], ['C', 'B', 'D', 'A']]","{'B': 4, 'A': 2, 'C': 2, 'D': 2}","[1.0, 1.0, 0.5]",3.96
51,"[1, 4, 5]","[3, 3, 2]","[0.58, 0.75, 0.46]","[['B', 'C', 'A', 'D'], ['D', 'B', 'C', 'A'], ['C', 'D', 'A', 'B']]","{'B': 3, 'D': 3, 'A': 2, 'C': 2}","[1.0, 1.0, 0.58]",3.95
51,"[1, 4, 5]","[3, 3, 2]","[0.58, 0.75, 0.46]","[['B', 'C', 'A', 'D'], ['D', 'B', 'C', 'A'], ['C', 'D', 'B', 'A']]","{'B': 3, 'D': 3, 'A': 2, 'C': 2}","[1.0, 1.0, 0.58]",3.95
51,"[1, 4, 5]","[3, 3, 2]","[0.58, 0.75, 0.46]","[['B', 'C', 'A', 'D'], ['D', 'B', 'C', 'A'], ['D', 'B', 'A', 'C']]","{'B': 4, 'D': 3, 'A': 2, 'C': 1}","[1.0, 1.0, 0.58]",3.95
51,"[1, 4, 5]","[3, 3, 2]","[0.58, 0.75, 0.46]","[['B', 'C', 'A', 'D'], ['D', 'B', 'C', 'A'], ['D', 'B', 'C', 'A']]","{'B': 4, 'D': 3, 'A': 2, 'C': 1}","[1.0, 1.0, 0.58]",3.95
51,"[1, 4, 5]","[3, 3, 2]","[0.58, 0.75, 0.46]","[['B', 'C', 'A', 'D'], ['D', 'B', 'C', 'A'], ['D', 'C', 'A', 'B']]","{'B': 3, 'D': 3, 'A': 2, 'C': 2}","[1.0, 1.0, 0.58]",3.95
51,"[1, 4, 5]","[3, 3, 2]","[0.58, 0.75, 0.46]","[['B', 'C', 'A', 'D'], ['D', 'B', 'C', 'A'], ['D', 'C', 'B', 'A']]","{'B': 3, 'D': 3, 'A': 2, 'C': 2}","[1.0, 1.0, 0.58]",3.95
51,"[1, 4, 5]","[3, 3, 2]","[0.58, 0.75, 0.46]","[['B', 'C', 'A', 'D'], ['D', 'C', 'A', 'B'], ['B', 'C', 'A', 'D']]","{'B': 3, 'C': 3, 'A': 2, 'D': 2}","[1.0, 1.0, 0.67]",3.88
51,"[1, 4, 5]","[3, 3, 2]","[0.58, 0.75, 0.46]","[['B', 'C', 'A', 'D'], ['D', 'C', 'A', 'B'], ['B', 'C', 'D', 'A']]","{'B': 3, 'C': 3, 'A': 2, 'D': 2}","[1.0, 1.0, 0.67]",3.88
51,"[1, 4, 5]","[3, 3, 2]","[0.58, 0.75, 0.46]","[['B', 'C', 'A', 'D'], ['D', 'C', 'A', 'B'], ['B', 'D', 'A', 'C']]","{'B': 3, 'D': 3, 'A': 2, 'C': 2}","[1.0, 1.0, 0.58]",3.95
51,"[1, 4, 5]","[3, 3, 2]","[0.58, 0.75, 0.46]","[['B', 'C', 'A', 'D'], ['D', 'C', 'A', 'B'], ['B', 'D', 'C', 'A']]","{'B': 3, 'D': 3, 'A': 2, 'C': 2}","[1.0, 1.0, 0.58]",3.95
51,"[1, 4, 5]","[3, 3, 2]","[0.58, 0.75, 0.46]","[['B', 'C', 'A', 'D'], ['D', 'C', 'A', 'B'], ['C', 'B', 'A', 'D']]","{'B': 3, 'C': 3, 'A': 2, 'D': 2}","[1.0, 1.0, 0.67]",3.88
51,"[1, 4, 5]","[3, 3, 2]","[0.58, 0.75, 0.46]","[['B', 'C', 'A', 'D'], ['D', 'C', 'A', 'B'], ['C', 'B', 'D', 'A']]","{'B': 3, 'C': 3, 'A': 2, 'D': 2}","[1.0, 1.0, 0.67]",3.88
51,"[1, 4, 5]","[3, 3, 2]","[0.58, 0.75, 0.46]","[['B', 'C', 'A', 'D'], ['D', 'C', 'A', 'B'], ['D', 'B', 'A', 'C']]","{'B': 3, 'D': 3, 'A': 2, 'C': 2}","[1.0, 1.0, 0.58]",3.95
51,"[1, 4, 5]","[3, 3, 2]","[0.58, 0.75, 0.46]","[['B', 'C', 'A', 'D'], ['D', 'C', 'A', 'B'], ['D', 'B', 'C', 'A']]","{'B': 3, 'D': 3, 'A': 2, 'C': 2}","[1.0, 1.0, 0.58]",3.95
51,"[1, 4, 5]","[3, 3, 2]","[0.58, 0.75, 0.46]","[['B', 'C', 'A', 'D'], ['D', 'C', 'B', 'A'], ['B', 'C', 'A', 'D']]","{'B': 3, 'C': 3, 'A': 2, 'D': 2}","[1.0, 1.0, 0.67]",3.88
51,"[1, 4, 5]","[3, 3, 2]","[0.58, 0.75, 0.46]","[['B', 'C', 'A', 'D'], ['D', 'C', 'B', 'A'], ['B', 'C', 'D', 'A']]","{'B': 3, 'C': 3, 'A': 2, 'D': 2}","[1.0, 1.0, 0.67]",3.88
51,"[1, 4, 5]","[3, 3, 2]","[0.58, 0.75, 0.46]","[['B', 'C', 'A', 'D'], ['D', 'C', 'B', 'A'], ['B', 'D', 'A', 'C']]","{'B': 3, 'D': 3, 'A': 2, 'C': 2}","[1.0, 1.0, 0.58]",3.95
51,"[1, 4, 5]","[3, 3, 2]","[0.58, 0.75, 0.46]","[['B', 'C', 'A', 'D'], ['D', 'C', 'B', 'A'], ['B', 'D', 'C', 'A']]","{'B': 3, 'D': 3, 'A': 2, 'C': 2}","[1.0, 1.0, 0.58]",3.95
51,"[1, 4, 5]","[3, 3, 2]","[0.58, 0.75, 0.46]","[['B', 'C', 'A', 'D'], ['D', 'C', 'B', 'A'], ['C', 'B', 'A', 'D']]","{'B': 3, 'C': 3, 'A': 2, 'D': 2}","[1.0, 1.0, 0.67]",3.88
51,"[1, 4, 5]","[3, 3, 2]","[0.58, 0.75, 0.46]","[['B', 'C', 'A', 'D'], ['D', 'C', 'B', 'A'], ['C', 'B', 'D', 'A']]","{'B': 3, 'C': 3, 'A': 2, 'D': 2}","[1.0, 1.0, 0.67]",3.88
51,"[1, 4, 5]","[3, 3, 2]","[0.58, 0.75, 0.46]","[['B', 'C', 'A', 'D'], ['D', 'C', 'B', 'A'], ['D', 'B', 'A', 'C']]","{'B': 3, 'D': 3, 'A': 2, 'C': 2}","[1.0, 1.0, 0.58]",3.95
51,"[1, 4, 5]","[3, 3, 2]","[0.58, 0.75, 0.46]","[['B', 'C', 'A', 'D'], ['D', 'C', 'B', 'A'], ['D', 'B', 'C', 'A']]","{'B': 3, 'D': 3, 'A': 2, 'C': 2}","[1.0, 1.0, 0.58]",3.95
51,"[1, 4, 5]","[3, 3, 2]","[0.58, 0.75, 0.46]","[['B', 'C', 'D', 'A'], ['A', 'B', 'C', 'D'], ['B', 'C', 'A', 'D']]","{'B': 4, 'A': 3, 'C': 2, 'D': 1}","[1.0, 1.0, 0.5]",3.96
51,"[1, 4, 5]","[3, 3, 2]","[0.58, 0.75, 0.46]","[['B', 'C', 'D', 'A'], ['A', 'B', 'C', 'D'], ['B', 'C', 'D', 'A']]","{'B': 4, 'A': 3, 'C': 2, 'D': 1}","[1.0, 1.0, 0.5]",3.96
51,"[1, 4, 5]","[3, 3, 2]","[0.58, 0.75, 0.46]","[['B', 'C', 'D', 'A'], ['A', 'B', 'C', 'D'], ['C', 'B', 'A', 'D']]","{'B': 4, 'A': 3, 'C': 2, 'D': 1}","[1.0, 1.0, 0.5]",3.96
51,"[1, 4, 5]","[3, 3, 2]","[0.58, 0.75, 0.46]","[['B', 'C', 'D', 'A'], ['A', 'B', 'C', 'D'], ['C', 'B', 'D', 'A']]","{'B': 4, 'A': 3, 'C': 2, 'D': 1}","[1.0, 1.0, 0.5]",3.96
51,"[1, 4, 5]","[3, 3, 2]","[0.58, 0.75, 0.46]","[['B', 'C', 'D', 'A'], ['A', 'B', 'D', 'C'], ['B', 'C', 'A', 'D']]","{'B': 4, 'A': 3, 'C': 2, 'D': 1}","[1.0, 1.0, 0.5]",3.96
51,"[1, 4, 5]","[3, 3, 2]","[0.58, 0.75, 0.46]","[['B', 'C', 'D', 'A'], ['A', 'B', 'D', 'C'], ['B', 'C', 'D', 'A']]","{'B': 4, 'A': 3, 'C': 2, 'D': 1}","[1.0, 1.0, 0.5]",3.96
51,"[1, 4, 5]","[3, 3, 2]","[0.58, 0.75, 0.46]","[['B', 'C', 'D', 'A'], ['A', 'B', 'D', 'C'], ['C', 'B', 'A', 'D']]","{'B': 4, 'A': 3, 'C': 2, 'D': 1}","[1.0, 1.0, 0.5]",3.96
51,"[1, 4, 5]","[3, 3, 2]","[0.58, 0.75, 0.46]","[['B', 'C', 'D', 'A'], ['A', 'B', 'D', 'C'], ['C', 'B', 'D', 'A']]","{'B': 4, 'A': 3, 'C': 2, 'D': 1}","[1.0, 1.0, 0.5]",3.96
51,"[1, 4, 5]","[3, 3, 2]","[0.58, 0.75, 0.46]","[['B', 'C', 'D', 'A'], ['B', 'A', 'C', 'D'], ['B', 'C', 'A', 'D']]","{'B': 4, 'A': 3, 'C': 2, 'D': 1}","[1.0, 1.0, 0.5]",3.96
51,"[1, 4, 5]","[3, 3, 2]","[0.58, 0.75, 0.46]","[['B', 'C', 'D', 'A'], ['B', 'A', 'C', 'D'], ['B', 'C', 'D', 'A']]","{'B': 4, 'A': 3, 'C': 2, 'D': 1}","[1.0, 1.0, 0.5]",3.96
51,"[1, 4, 5]","[3, 3, 2]","[0.58, 0.75, 0.46]","[['B', 'C', 'D', 'A'], ['B', 'A', 'C', 'D'], ['C', 'B', 'A', 'D']]","{'B': 4, 'A': 3, 'C': 2, 'D': 1}","[1.0, 1.0, 0.5]",3.96
51,"[1, 4, 5]","[3, 3, 2]","[0.58, 0.75, 0.46]","[['B', 'C', 'D', 'A'], ['B', 'A', 'C', 'D'], ['C', 'B', 'D', 'A']]","{'B': 4, 'A': 3, 'C': 2, 'D': 1}","[1.0, 1.0, 0.5]",3.96
51,"[1, 4, 5]","[3, 3, 2]","[0.58, 0.75, 0.46]","[['B', 'C', 'D', 'A'], ['B', 'A', 'D', 'C'], ['B', 'C', 'A', 'D']]","{'B': 4, 'A': 3, 'C': 2, 'D': 1}","[1.0, 1.0, 0.5]",3.96
51,"[1, 4, 5]","[3, 3, 2]","[0.58, 0.75, 0.46]","[['B', 'C', 'D', 'A'], ['B', 'A', 'D', 'C'], ['B', 'C', 'D', 'A']]","{'B': 4, 'A': 3, 'C': 2, 'D': 1}","[1.0, 1.0, 0.5]",3.96
51,"[1, 4, 5]","[3, 3, 2]","[0.58, 0.75, 0.46]","[['B', 'C', 'D', 'A'], ['B', 'A', 'D', 'C'], ['C', 'B', 'A', 'D']]","{'B': 4, 'A': 3, 'C': 2, 'D': 1}","[1.0, 1.0, 0.5]",3.96
51,"[1, 4, 5]","[3, 3, 2]","[0.58, 0.75, 0.46]","[['B', 'C', 'D', 'A'], ['B', 'A', 'D', 'C'], ['C', 'B', 'D', 'A']]","{'B': 4, 'A': 3, 'C': 2, 'D': 1}","[1.0, 1.0, 0.5]",3.96
51,"[1, 4, 5]","[3, 3, 2]","[0.58, 0.75, 0.46]","[['B', 'C', 'D', 'A'], ['B', 'C', 'A', 'D'], ['A', 'B', 'C', 'D']]","{'B': 4, 'A': 3, 'C': 2, 'D': 1}","[1.0, 1.0, 0.5]",3.96
51,"[1, 4, 5]","[3, 3, 2]","[0.58, 0.75, 0.46]","[['B', 'C', 'D', 'A'], ['B', 'C', 'A', 'D'], ['A', 'B', 'D', 'C']]","{'B': 4, 'A': 3, 'C': 2, 'D': 1}","[1.0, 1.0, 0.5]",3.96
51,"[1, 4, 5]","[3, 3, 2]","[0.58, 0.75, 0.46]","[['B', 'C', 'D', 'A'], ['B', 'C', 'A', 'D'], ['B', 'A', 'C', 'D']]","{'B': 4, 'A': 3, 'C': 2, 'D': 1}","[1.0, 1.0, 0.5]",3.96
51,"[1, 4, 5]","[3, 3, 2]","[0.58, 0.75, 0.46]","[['B', 'C', 'D', 'A'], ['B', 'C', 'A', 'D'], ['B', 'A', 'D', 'C']]","{'B': 4, 'A': 3, 'C': 2, 'D': 1}","[1.0, 1.0, 0.5]",3.96
51,"[1, 4, 5]","[3, 3, 2]","[0.58, 0.75, 0.46]","[['B', 'C', 'D', 'A'], ['B', 'C', 'A', 'D'], ['B', 'C', 'A', 'D']]","{'B': 4, 'C': 3, 'A': 2, 'D': 1}","[1.0, 1.0, 0.67]",3.88
51,"[1, 4, 5]","[3, 3, 2]","[0.58, 0.75, 0.46]","[['B', 'C', 'D', 'A'], ['B', 'C', 'A', 'D'], ['B', 'C', 'D', 'A']]","{'B': 4, 'C': 3, 'A': 2, 'D': 1}","[1.0, 1.0, 0.67]",3.88
51,"[1, 4, 5]","[3, 3, 2]","[0.58, 0.75, 0.46]","[['B', 'C', 'D', 'A'], ['B', 'C', 'A', 'D'], ['B', 'D', 'A', 'C']]","{'B': 4, 'A': 2, 'C': 2, 'D': 2}","[1.0, 1.0, 0.5]",3.96
51,"[1, 4, 5]","[3, 3, 2]","[0.58, 0.75, 0.46]","[['B', 'C', 'D', 'A'], ['B', 'C', 'A', 'D'], ['B', 'D', 'C', 'A']]","{'B': 4, 'A': 2, 'C': 2, 'D': 2}","[1.0, 1.0, 0.5]",3.96
51,"[1, 4, 5]","[3, 3, 2]","[0.58, 0.75, 0.46]","[['B', 'C', 'D', 'A'], ['B', 'C', 'A', 'D'], ['C', 'B', 'A', 'D']]","{'B': 4, 'C': 3, 'A': 2, 'D': 1}","[1.0, 1.0, 0.67]",3.88
51,"[1, 4, 5]","[3, 3, 2]","[0.58, 0.75, 0.46]","[['B', 'C', 'D', 'A'], ['B', 'C', 'A', 'D'], ['C', 'B', 'D', 'A']]","{'B': 4, 'C': 3, 'A': 2, 'D': 1}","[1.0, 1.0, 0.67]",3.88
51,"[1, 4, 5]","[3, 3, 2]","[0.58, 0.75, 0.46]","[['B', 'C', 'D', 'A'], ['B', 'C', 'A', 'D'], ['C', 'D', 'A', 'B']]","{'B': 3, 'C': 3, 'A': 2, 'D': 2}","[1.0, 1.0, 0.67]",3.88
51,"[1, 4, 5]","[3, 3, 2]","[0.58, 0.75, 0.46]","[['B', 'C', 'D', 'A'], ['B', 'C', 'A', 'D'], ['C', 'D', 'B', 'A']]","{'B': 3, 'C': 3, 'A': 2, 'D': 2}","[1.0, 1.0, 0.67]",3.88
51,"[1, 4, 5]","[3, 3, 2]","[0.58, 0.75, 0.46]","[['B', 'C', 'D', 'A'], ['B', 'C', 'A', 'D'], ['D', 'B', 'A', 'C']]","{'B': 4, 'A': 2, 'C': 2, 'D': 2}","[1.0, 1.0, 0.5]",3.96
51,"[1, 4, 5]","[3, 3, 2]","[0.58, 0.75, 0.46]","[['B', 'C', 'D', 'A'], ['B', 'C', 'A', 'D'], ['D', 'B', 'C', 'A']]","{'B': 4, 'A': 2, 'C': 2, 'D': 2}","[1.0, 1.0, 0.5]",3.96
51,"[1, 4, 5]","[3, 3, 2]","[0.58, 0.75, 0.46]","[['B', 'C', 'D', 'A'], ['B', 'C', 'A', 'D'], ['D', 'C', 'A', 'B']]","{'B': 3, 'C': 3, 'A': 2, 'D': 2}","[1.0, 1.0, 0.67]",3.88
51,"[1, 4, 5]","[3, 3, 2]","[0.58, 0.75, 0.46]","[['B', 'C', 'D', 'A'], ['B', 'C', 'A', 'D'], ['D', 'C', 'B', 'A']]","{'B': 3, 'C': 3, 'A': 2, 'D': 2}","[1.0, 1.0, 0.67]",3.88
51,"[1, 4, 5]","[3, 3, 2]","[0.58, 0.75, 0.46]","[['B', 'C', 'D', 'A'], ['B', 'C', 'D', 'A'], ['A', 'B', 'C', 'D']]","{'B': 4, 'A': 3, 'C': 2, 'D': 1}","[1.0, 1.0, 0.5]",3.96
51,"[1, 4, 5]","[3, 3, 2]","[0.58, 0.75, 0.46]","[['B', 'C', 'D', 'A'], ['B', 'C', 'D', 'A'], ['A', 'B', 'D', 'C']]","{'B': 4, 'A': 3, 'C': 2, 'D': 1}","[1.0, 1.0, 0.5]",3.96
51,"[1, 4, 5]","[3, 3, 2]","[0.58, 0.75, 0.46]","[['B', 'C', 'D', 'A'], ['B', 'C', 'D', 'A'], ['B', 'A', 'C', 'D']]","{'B': 4, 'A': 3, 'C': 2, 'D': 1}","[1.0, 1.0, 0.5]",3.96
51,"[1, 4, 5]","[3, 3, 2]","[0.58, 0.75, 0.46]","[['B', 'C', 'D', 'A'], ['B', 'C', 'D', 'A'], ['B', 'A', 'D', 'C']]","{'B': 4, 'A': 3, 'C': 2, 'D': 1}","[1.0, 1.0, 0.5]",3.96
51,"[1, 4, 5]","[3, 3, 2]","[0.58, 0.75, 0.46]","[['B', 'C', 'D', 'A'], ['B', 'C', 'D', 'A'], ['B', 'C', 'A', 'D']]","{'B': 4, 'C': 3, 'A': 2, 'D': 1}","[1.0, 1.0, 0.67]",3.88
51,"[1, 4, 5]","[3, 3, 2]","[0.58, 0.75, 0.46]","[['B', 'C', 'D', 'A'], ['B', 'C', 'D', 'A'], ['B', 'C', 'D', 'A']]","{'B': 4, 'C': 3, 'A': 2, 'D': 1}","[1.0, 1.0, 0.67]",3.88
51,"[1, 4, 5]","[3, 3, 2]","[0.58, 0.75, 0.46]","[['B', 'C', 'D', 'A'], ['B', 'C', 'D', 'A'], ['B', 'D', 'A', 'C']]","{'B': 4, 'A': 2, 'C': 2, 'D': 2}","[1.0, 1.0, 0.5]",3.96
51,"[1, 4, 5]","[3, 3, 2]","[0.58, 0.75, 0.46]","[['B', 'C', 'D', 'A'], ['B', 'C', 'D', 'A'], ['B', 'D', 'C', 'A']]","{'B': 4, 'A': 2, 'C': 2, 'D': 2}","[1.0, 1.0, 0.5]",3.96
51,"[1, 4, 5]","[3, 3, 2]","[0.58, 0.75, 0.46]","[['B', 'C', 'D', 'A'], ['B', 'C', 'D', 'A'], ['C', 'B', 'A', 'D']]","{'B': 4, 'C': 3, 'A': 2, 'D': 1}","[1.0, 1.0, 0.67]",3.88
51,"[1, 4, 5]","[3, 3, 2]","[0.58, 0.75, 0.46]","[['B', 'C', 'D', 'A'], ['B', 'C', 'D', 'A'], ['C', 'B', 'D', 'A']]","{'B': 4, 'C': 3, 'A': 2, 'D': 1}","[1.0, 1.0, 0.67]",3.88
51,"[1, 4, 5]","[3, 3, 2]","[0.58, 0.75, 0.46]","[['B', 'C', 'D', 'A'], ['B', 'C', 'D', 'A'], ['C', 'D', 'A', 'B']]","{'B': 3, 'C': 3, 'A': 2, 'D': 2}","[1.0, 1.0, 0.67]",3.88
51,"[1, 4, 5]","[3, 3, 2]","[0.58, 0.75, 0.46]","[['B', 'C', 'D', 'A'], ['B', 'C', 'D', 'A'], ['C', 'D', 'B', 'A']]","{'B': 3, 'C': 3, 'A': 2, 'D': 2}","[1.0, 1.0, 0.67]",3.88
51,"[1, 4, 5]","[3, 3, 2]","[0.58, 0.75, 0.46]","[['B', 'C', 'D', 'A'], ['B', 'C', 'D', 'A'], ['D', 'B', 'A', 'C']]","{'B': 4, 'A': 2, 'C': 2, 'D': 2}","[1.0, 1.0, 0.5]",3.96
51,"[1, 4, 5]","[3, 3, 2]","[0.58, 0.75, 0.46]","[['B', 'C', 'D', 'A'], ['B', 'C', 'D', 'A'], ['D', 'B', 'C', 'A']]","{'B': 4, 'A': 2, 'C': 2, 'D': 2}","[1.0, 1.0, 0.5]",3.96
51,"[1, 4, 5]","[3, 3, 2]","[0.58, 0.75, 0.46]","[['B', 'C', 'D', 'A'], ['B', 'C', 'D', 'A'], ['D', 'C', 'A', 'B']]","{'B': 3, 'C': 3, 'A': 2, 'D': 2}","[1.0, 1.0, 0.67]",3.88
51,"[1, 4, 5]","[3, 3, 2]","[0.58, 0.75, 0.46]","[['B', 'C', 'D', 'A'], ['B', 'C', 'D', 'A'], ['D', 'C', 'B', 'A']]","{'B': 3, 'C': 3, 'A': 2, 'D': 2}","[1.0, 1.0, 0.67]",3.88
51,"[1, 4, 5]","[3, 3, 2]","[0.58, 0.75, 0.46]","[['B', 'C', 'D', 'A'], ['B', 'D', 'A', 'C'], ['B', 'C', 'A', 'D']]","{'B': 4, 'A': 2, 'C': 2, 'D': 2}","[1.0, 1.0, 0.5]",3.96
51,"[1, 4, 5]","[3, 3, 2]","[0.58, 0.75, 0.46]","[['B', 'C', 'D', 'A'], ['B', 'D', 'A', 'C'], ['B', 'C', 'D', 'A']]","{'B': 4, 'A': 2, 'C': 2, 'D': 2}","[1.0, 1.0, 0.5]",3.96
51,"[1, 4, 5]","[3, 3, 2]","[0.58, 0.75, 0.46]","[['B', 'C', 'D', 'A'], ['B', 'D', 'A', 'C'], ['B', 'D', 'A', 'C']]","{'B': 4, 'D': 3, 'A': 2, 'C': 1}","[1.0, 1.0, 0.58]",3.95
51,"[1, 4, 5]","[3, 3, 2]","[0.58, 0.75, 0.46]","[['B', 'C', 'D', 'A'], ['B', 'D', 'A', 'C'], ['B', 'D', 'C', 'A']]","{'B': 4, 'D': 3, 'A': 2, 'C': 1}","[1.0, 1.0, 0.58]",3.95
51,"[1, 4, 5]","[3, 3, 2]","[0.58, 0.75, 0.46]","[['B', 'C', 'D', 'A'], ['B', 'D', 'A', 'C'], ['C', 'B', 'A', 'D']]","{'B': 4, 'A': 2, 'C': 2, 'D': 2}","[1.0, 1.0, 0.5]",3.96
51,"[1, 4, 5]","[3, 3, 2]","[0.58, 0.75, 0.46]","[['B', 'C', 'D', 'A'], ['B', 'D', 'A', 'C'], ['C', 'B', 'D', 'A']]","{'B': 4, 'A': 2, 'C': 2, 'D': 2}","[1.0, 1.0, 0.5]",3.96
51,"[1, 4, 5]","[3, 3, 2]","[0.58, 0.75, 0.46]","[['B', 'C', 'D', 'A'], ['B', 'D', 'A', 'C'], ['C', 'D', 'A', 'B']]","{'B': 3, 'D': 3, 'A': 2, 'C': 2}","[1.0, 1.0, 0.58]",3.95
51,"[1, 4, 5]","[3, 3, 2]","[0.58, 0.75, 0.46]","[['B', 'C', 'D', 'A'], ['B', 'D', 'A', 'C'], ['C', 'D', 'B', 'A']]","{'B': 3, 'D': 3, 'A': 2, 'C': 2}","[1.0, 1.0, 0.58]",3.95
51,"[1, 4, 5]","[3, 3, 2]","[0.58, 0.75, 0.46]","[['B', 'C', 'D', 'A'], ['B', 'D', 'A', 'C'], ['D', 'B', 'A', 'C']]","{'B': 4, 'D': 3, 'A': 2, 'C': 1}","[1.0, 1.0, 0.58]",3.95
51,"[1, 4, 5]","[3, 3, 2]","[0.58, 0.75, 0.46]","[['B', 'C', 'D', 'A'], ['B', 'D', 'A', 'C'], ['D', 'B', 'C', 'A']]","{'B': 4, 'D': 3, 'A': 2, 'C': 1}","[1.0, 1.0, 0.58]",3.95
51,"[1, 4, 5]","[3, 3, 2]","[0.58, 0.75, 0.46]","[['B', 'C', 'D', 'A'], ['B', 'D', 'A', 'C'], ['D', 'C', 'A', 'B']]","{'B': 3, 'D': 3, 'A': 2, 'C': 2}","[1.0, 1.0, 0.58]",3.95
51,"[1, 4, 5]","[3, 3, 2]","[0.58, 0.75, 0.46]","[['B', 'C', 'D', 'A'], ['B', 'D', 'A', 'C'], ['D', 'C', 'B', 'A']]","{'B': 3, 'D': 3, 'A': 2, 'C': 2}","[1.0, 1.0, 0.58]",3.95
51,"[1, 4, 5]","[3, 3, 2]","[0.58, 0.75, 0.46]","[['B', 'C', 'D', 'A'], ['B', 'D', 'C', 'A'], ['B', 'C', 'A', 'D']]","{'B': 4, 'A': 2, 'C': 2, 'D': 2}","[1.0, 1.0, 0.5]",3.96
51,"[1, 4, 5]","[3, 3, 2]","[0.58, 0.75, 0.46]","[['B', 'C', 'D', 'A'], ['B', 'D', 'C', 'A'], ['B', 'C', 'D', 'A']]","{'B': 4, 'A': 2, 'C': 2, 'D': 2}","[1.0, 1.0, 0.5]",3.96
51,"[1, 4, 5]","[3, 3, 2]","[0.58, 0.75, 0.46]","[['B', 'C', 'D', 'A'], ['B', 'D', 'C', 'A'], ['B', 'D', 'A', 'C']]","{'B': 4, 'D': 3, 'A': 2, 'C': 1}","[1.0, 1.0, 0.58]",3.95
51,"[1, 4, 5]","[3, 3, 2]","[0.58, 0.75, 0.46]","[['B', 'C', 'D', 'A'], ['B', 'D', 'C', 'A'], ['B', 'D', 'C', 'A']]","{'B': 4, 'D': 3, 'A': 2, 'C': 1}","[1.0, 1.0, 0.58]",3.95
51,"[1, 4, 5]","[3, 3, 2]","[0.58, 0.75, 0.46]","[['B', 'C', 'D', 'A'], ['B', 'D', 'C', 'A'], ['C', 'B', 'A', 'D']]","{'B': 4, 'A': 2, 'C': 2, 'D': 2}","[1.0, 1.0, 0.5]",3.96
51,"[1, 4, 5]","[3, 3, 2]","[0.58, 0.75, 0.46]","[['B', 'C', 'D', 'A'], ['B', 'D', 'C', 'A'], ['C', 'B', 'D', 'A']]","{'B': 4, 'A': 2, 'C': 2, 'D': 2}","[1.0, 1.0, 0.5]",3.96
51,"[1, 4, 5]","[3, 3, 2]","[0.58, 0.75, 0.46]","[['B', 'C', 'D', 'A'], ['B', 'D', 'C', 'A'], ['C', 'D', 'A', 'B']]","{'B': 3, 'D': 3, 'A': 2, 'C': 2}","[1.0, 1.0, 0.58]",3.95
51,"[1, 4, 5]","[3, 3, 2]","[0.58, 0.75, 0.46]","[['B', 'C', 'D', 'A'], ['B', 'D', 'C', 'A'], ['C', 'D', 'B', 'A']]","{'B': 3, 'D': 3, 'A': 2, 'C': 2}","[1.0, 1.0, 0.58]",3.95
51,"[1, 4, 5]","[3, 3, 2]","[0.58, 0.75, 0.46]","[['B', 'C', 'D', 'A'], ['B', 'D', 'C', 'A'], ['D', 'B', 'A', 'C']]","{'B': 4, 'D': 3, 'A': 2, 'C': 1}","[1.0, 1.0, 0.58]",3.95
51,"[1, 4, 5]","[3, 3, 2]","[0.58, 0.75, 0.46]","[['B', 'C', 'D', 'A'], ['B', 'D', 'C', 'A'], ['D', 'B', 'C', 'A']]","{'B': 4, 'D': 3, 'A': 2, 'C': 1}","[1.0, 1.0, 0.58]",3.95
51,"[1, 4, 5]","[3, 3, 2]","[0.58, 0.75, 0.46]","[['B', 'C', 'D', 'A'], ['B', 'D', 'C', 'A'], ['D', 'C', 'A', 'B']]","{'B': 3, 'D': 3, 'A': 2, 'C': 2}","[1.0, 1.0, 0.58]",3.95
51,"[1, 4, 5]","[3, 3, 2]","[0.58, 0.75, 0.46]","[['B', 'C', 'D', 'A'], ['B', 'D', 'C', 'A'], ['D', 'C', 'B', 'A']]","{'B': 3, 'D': 3, 'A': 2, 'C': 2}","[1.0, 1.0, 0.58]",3.95
51,"[1, 4, 5]","[3, 3, 2]","[0.58, 0.75, 0.46]","[['B', 'C', 'D', 'A'], ['C', 'B', 'A', 'D'], ['A', 'B', 'C', 'D']]","{'B': 4, 'A': 3, 'C': 2, 'D': 1}","[1.0, 1.0, 0.5]",3.96
51,"[1, 4, 5]","[3, 3, 2]","[0.58, 0.75, 0.46]","[['B', 'C', 'D', 'A'], ['C', 'B', 'A', 'D'], ['A', 'B', 'D', 'C']]","{'B': 4, 'A': 3, 'C': 2, 'D': 1}","[1.0, 1.0, 0.5]",3.96
51,"[1, 4, 5]","[3, 3, 2]","[0.58, 0.75, 0.46]","[['B', 'C', 'D', 'A'], ['C', 'B', 'A', 'D'], ['B', 'A', 'C', 'D']]","{'B': 4, 'A': 3, 'C': 2, 'D': 1}","[1.0, 1.0, 0.5]",3.96
51,"[1, 4, 5]","[3, 3, 2]","[0.58, 0.75, 0.46]","[['B', 'C', 'D', 'A'], ['C', 'B', 'A', 'D'], ['B', 'A', 'D', 'C']]","{'B': 4, 'A': 3, 'C': 2, 'D': 1}","[1.0, 1.0, 0.5]",3.96
51,"[1, 4, 5]","[3, 3, 2]","[0.58, 0.75, 0.46]","[['B', 'C', 'D', 'A'], ['C', 'B', 'A', 'D'], ['B', 'C', 'A', 'D']]","{'B': 4, 'C': 3, 'A': 2, 'D': 1}","[1.0, 1.0, 0.67]",3.88
51,"[1, 4, 5]","[3, 3, 2]","[0.58, 0.75, 0.46]","[['B', 'C', 'D', 'A'], ['C', 'B', 'A', 'D'], ['B', 'C', 'D', 'A']]","{'B': 4, 'C': 3, 'A': 2, 'D': 1}","[1.0, 1.0, 0.67]",3.88
51,"[1, 4, 5]","[3, 3, 2]","[0.58, 0.75, 0.46]","[['B', 'C', 'D', 'A'], ['C', 'B', 'A', 'D'], ['B', 'D', 'A', 'C']]","{'B': 4, 'A': 2, 'C': 2, 'D': 2}","[1.0, 1.0, 0.5]",3.96
51,"[1, 4, 5]","[3, 3, 2]","[0.58, 0.75, 0.46]","[['B', 'C', 'D', 'A'], ['C', 'B', 'A', 'D'], ['B', 'D', 'C', 'A']]","{'B': 4, 'A': 2, 'C': 2, 'D': 2}","[1.0, 1.0, 0.5]",3.96
51,"[1, 4, 5]","[3, 3, 2]","[0.58, 0.75, 0.46]","[['B', 'C', 'D', 'A'], ['C', 'B', 'A', 'D'], ['C', 'B', 'A', 'D']]","{'B': 4, 'C': 3, 'A': 2, 'D': 1}","[1.0, 1.0, 0.67]",3.88
51,"[1, 4, 5]","[3, 3, 2]","[0.58, 0.75, 0.46]","[['B', 'C', 'D', 'A'], ['C', 'B', 'A', 'D'], ['C', 'B', 'D', 'A']]","{'B': 4, 'C': 3, 'A': 2, 'D': 1}","[1.0, 1.0, 0.67]",3.88
51,"[1, 4, 5]","[3, 3, 2]","[0.58, 0.75, 0.46]","[['B', 'C', 'D', 'A'], ['C', 'B', 'A', 'D'], ['C', 'D', 'A', 'B']]","{'B': 3, 'C': 3, 'A': 2, 'D': 2}","[1.0, 1.0, 0.67]",3.88
51,"[1, 4, 5]","[3, 3, 2]","[0.58, 0.75, 0.46]","[['B', 'C', 'D', 'A'], ['C', 'B', 'A', 'D'], ['C', 'D', 'B', 'A']]","{'B': 3, 'C': 3, 'A': 2, 'D': 2}","[1.0, 1.0, 0.67]",3.88
51,"[1, 4, 5]","[3, 3, 2]","[0.58, 0.75, 0.46]","[['B', 'C', 'D', 'A'], ['C', 'B', 'A', 'D'], ['D', 'B', 'A', 'C']]","{'B': 4, 'A': 2, 'C': 2, 'D': 2}","[1.0, 1.0, 0.5]",3.96
51,"[1, 4, 5]","[3, 3, 2]","[0.58, 0.75, 0.46]","[['B', 'C', 'D', 'A'], ['C', 'B', 'A', 'D'], ['D', 'B', 'C', 'A']]","{'B': 4, 'A': 2, 'C': 2, 'D': 2}","[1.0, 1.0, 0.5]",3.96
51,"[1, 4, 5]","[3, 3, 2]","[0.58, 0.75, 0.46]","[['B', 'C', 'D', 'A'], ['C', 'B', 'A', 'D'], ['D', 'C', 'A', 'B']]","{'B': 3, 'C': 3, 'A': 2, 'D': 2}","[1.0, 1.0, 0.67]",3.88
51,"[1, 4, 5]","[3, 3, 2]","[0.58, 0.75, 0.46]","[['B', 'C', 'D', 'A'], ['C', 'B', 'A', 'D'], ['D', 'C', 'B', 'A']]","{'B': 3, 'C': 3, 'A': 2, 'D': 2}","[1.0, 1.0, 0.67]",3.88
51,"[1, 4, 5]","[3, 3, 2]","[0.58, 0.75, 0.46]","[['B', 'C', 'D', 'A'], ['C', 'B', 'D', 'A'], ['A', 'B', 'C', 'D']]","{'B': 4, 'A': 3, 'C': 2, 'D': 1}","[1.0, 1.0, 0.5]",3.96
51,"[1, 4, 5]","[3, 3, 2]","[0.58, 0.75, 0.46]","[['B', 'C', 'D', 'A'], ['C', 'B', 'D', 'A'], ['A', 'B', 'D', 'C']]","{'B': 4, 'A': 3, 'C': 2, 'D': 1}","[1.0, 1.0, 0.5]",3.96
51,"[1, 4, 5]","[3, 3, 2]","[0.58, 0.75, 0.46]","[['B', 'C', 'D', 'A'], ['C', 'B', 'D', 'A'], ['B', 'A', 'C', 'D']]","{'B': 4, 'A': 3, 'C': 2, 'D': 1}","[1.0, 1.0, 0.5]",3.96
51,"[1, 4, 5]","[3, 3, 2]","[0.58, 0.75, 0.46]","[['B', 'C', 'D', 'A'], ['C', 'B', 'D', 'A'], ['B', 'A', 'D', 'C']]","{'B': 4, 'A': 3, 'C': 2, 'D': 1}","[1.0, 1.0, 0.5]",3.96
51,"[1, 4, 5]","[3, 3, 2]","[0.58, 0.75, 0.46]","[['B', 'C', 'D', 'A'], ['C', 'B', 'D', 'A'], ['B', 'C', 'A', 'D']]","{'B': 4, 'C': 3, 'A': 2, 'D': 1}","[1.0, 1.0, 0.67]",3.88
51,"[1, 4, 5]","[3, 3, 2]","[0.58, 0.75, 0.46]","[['B', 'C', 'D', 'A'], ['C', 'B', 'D', 'A'], ['B', 'C', 'D', 'A']]","{'B': 4, 'C': 3, 'A': 2, 'D': 1}","[1.0, 1.0, 0.67]",3.88
51,"[1, 4, 5]","[3, 3, 2]","[0.58, 0.75, 0.46]","[['B', 'C', 'D', 'A'], ['C', 'B', 'D', 'A'], ['B', 'D', 'A', 'C']]","{'B': 4, 'A': 2, 'C': 2, 'D': 2}","[1.0, 1.0, 0.5]",3.96
51,"[1, 4, 5]","[3, 3, 2]","[0.58, 0.75, 0.46]","[['B', 'C', 'D', 'A'], ['C', 'B', 'D', 'A'], ['B', 'D', 'C', 'A']]","{'B': 4, 'A': 2, 'C': 2, 'D': 2}","[1.0, 1.0, 0.5]",3.96
51,"[1, 4, 5]","[3, 3, 2]","[0.58, 0.75, 0.46]","[['B', 'C', 'D', 'A'], ['C', 'B', 'D', 'A'], ['C', 'B', 'A', 'D']]","{'B': 4, 'C': 3, 'A': 2, 'D': 1}","[1.0, 1.0, 0.67]",3.88
51,"[1, 4, 5]","[3, 3, 2]","[0.58, 0.75, 0.46]","[['B', 'C', 'D', 'A'], ['C', 'B', 'D', 'A'], ['C', 'B', 'D', 'A']]","{'B': 4, 'C': 3, 'A': 2, 'D': 1}","[1.0, 1.0, 0.67]",3.88
51,"[1, 4, 5]","[3, 3, 2]","[0.58, 0.75, 0.46]","[['B', 'C', 'D', 'A'], ['C', 'B', 'D', 'A'], ['C', 'D', 'A', 'B']]","{'B': 3, 'C': 3, 'A': 2, 'D': 2}","[1.0, 1.0, 0.67]",3.88
51,"[1, 4, 5]","[3, 3, 2]","[0.58, 0.75, 0.46]","[['B', 'C', 'D', 'A'], ['C', 'B', 'D', 'A'], ['C', 'D', 'B', 'A']]","{'B': 3, 'C': 3, 'A': 2, 'D': 2}","[1.0, 1.0, 0.67]",3.88
51,"[1, 4, 5]","[3, 3, 2]","[0.58, 0.75, 0.46]","[['B', 'C', 'D', 'A'], ['C', 'B', 'D', 'A'], ['D', 'B', 'A', 'C']]","{'B': 4, 'A': 2, 'C': 2, 'D': 2}","[1.0, 1.0, 0.5]",3.96
51,"[1, 4, 5]","[3, 3, 2]","[0.58, 0.75, 0.46]","[['B', 'C', 'D', 'A'], ['C', 'B', 'D', 'A'], ['D', 'B', 'C', 'A']]","{'B': 4, 'A': 2, 'C': 2, 'D': 2}","[1.0, 1.0, 0.5]",3.96
51,"[1, 4, 5]","[3, 3, 2]","[0.58, 0.75, 0.46]","[['B', 'C', 'D', 'A'], ['C', 'B', 'D', 'A'], ['D', 'C', 'A', 'B']]","{'B': 3, 'C': 3, 'A': 2, 'D': 2}","[1.0, 1.0, 0.67]",3.88
51,"[1, 4, 5]","[3, 3, 2]","[0.58, 0.75, 0.46]","[['B', 'C', 'D', 'A'], ['C', 'B', 'D', 'A'], ['D', 'C', 'B', 'A']]","{'B': 3, 'C': 3, 'A': 2, 'D': 2}","[1.0, 1.0, 0.67]",3.88
51,"[1, 4, 5]","[3, 3, 2]","[0.58, 0.75, 0.46]","[['B', 'C', 'D', 'A'], ['C', 'D', 'A', 'B'], ['B', 'C', 'A', 'D']]","{'B': 3, 'C': 3, 'A': 2, 'D': 2}","[1.0, 1.0, 0.67]",3.88
51,"[1, 4, 5]","[3, 3, 2]","[0.58, 0.75, 0.46]","[['B', 'C', 'D', 'A'], ['C', 'D', 'A', 'B'], ['B', 'C', 'D', 'A']]","{'B': 3, 'C': 3, 'A': 2, 'D': 2}","[1.0, 1.0, 0.67]",3.88
51,"[1, 4, 5]","[3, 3, 2]","[0.58, 0.75, 0.46]","[['B', 'C', 'D', 'A'], ['C', 'D', 'A', 'B'], ['B', 'D', 'A', 'C']]","{'B': 3, 'D': 3, 'A': 2, 'C': 2}","[1.0, 1.0, 0.58]",3.95
51,"[1, 4, 5]","[3, 3, 2]","[0.58, 0.75, 0.46]","[['B', 'C', 'D', 'A'], ['C', 'D', 'A', 'B'], ['B', 'D', 'C', 'A']]","{'B': 3, 'D': 3, 'A': 2, 'C': 2}","[1.0, 1.0, 0.58]",3.95
51,"[1, 4, 5]","[3, 3, 2]","[0.58, 0.75, 0.46]","[['B', 'C', 'D', 'A'], ['C', 'D', 'A', 'B'], ['C', 'B', 'A', 'D']]","{'B': 3, 'C': 3, 'A': 2, 'D': 2}","[1.0, 1.0, 0.67]",3.88
51,"[1, 4, 5]","[3, 3, 2]","[0.58, 0.75, 0.46]","[['B', 'C', 'D', 'A'], ['C', 'D', 'A', 'B'], ['C', 'B', 'D', 'A']]","{'B': 3, 'C': 3, 'A': 2, 'D': 2}","[1.0, 1.0, 0.67]",3.88
51,"[1, 4, 5]","[3, 3, 2]","[0.58, 0.75, 0.46]","[['B', 'C', 'D', 'A'], ['C', 'D', 'A', 'B'], ['D', 'B', 'A', 'C']]","{'B': 3, 'D': 3, 'A': 2, 'C': 2}","[1.0, 1.0, 0.58]",3.95
51,"[1, 4, 5]","[3, 3, 2]","[0.58, 0.75, 0.46]","[['B', 'C', 'D', 'A'], ['C', 'D', 'A', 'B'], ['D', 'B', 'C', 'A']]","{'B': 3, 'D': 3, 'A': 2, 'C': 2}","[1.0, 1.0, 0.58]",3.95
51,"[1, 4, 5]","[3, 3, 2]","[0.58, 0.75, 0.46]","[['B', 'C', 'D', 'A'], ['C', 'D', 'B', 'A'], ['B', 'C', 'A', 'D']]","{'B': 3, 'C': 3, 'A': 2, 'D': 2}","[1.0, 1.0, 0.67]",3.88
51,"[1, 4, 5]","[3, 3, 2]","[0.58, 0.75, 0.46]","[['B', 'C', 'D', 'A'], ['C', 'D', 'B', 'A'], ['B', 'C', 'D', 'A']]","{'B': 3, 'C': 3, 'A': 2, 'D': 2}","[1.0, 1.0, 0.67]",3.88
51,"[1, 4, 5]","[3, 3, 2]","[0.58, 0.75, 0.46]","[['B', 'C', 'D', 'A'], ['C', 'D', 'B', 'A'], ['B', 'D', 'A', 'C']]","{'B': 3, 'D': 3, 'A': 2, 'C': 2}","[1.0, 1.0, 0.58]",3.95
51,"[1, 4, 5]","[3, 3, 2]","[0.58, 0.75, 0.46]","[['B', 'C', 'D', 'A'], ['C', 'D', 'B', 'A'], ['B', 'D', 'C', 'A']]","{'B': 3, 'D': 3, 'A': 2, 'C': 2}","[1.0, 1.0, 0.58]",3.95
51,"[1, 4, 5]","[3, 3, 2]","[0.58, 0.75, 0.46]","[['B', 'C', 'D', 'A'], ['C', 'D', 'B', 'A'], ['C', 'B', 'A', 'D']]","{'B': 3, 'C': 3, 'A': 2, 'D': 2}","[1.0, 1.0, 0.67]",3.88
51,"[1, 4, 5]","[3, 3, 2]","[0.58, 0.75, 0.46]","[['B', 'C', 'D', 'A'], ['C', 'D', 'B', 'A'], ['C', 'B', 'D', 'A']]","{'B': 3, 'C': 3, 'A': 2, 'D': 2}","[1.0, 1.0, 0.67]",3.88
51,"[1, 4, 5]","[3, 3, 2]","[0.58, 0.75, 0.46]","[['B', 'C', 'D', 'A'], ['C', 'D', 'B', 'A'], ['D', 'B', 'A', 'C']]","{'B': 3, 'D': 3, 'A': 2, 'C': 2}","[1.0, 1.0, 0.58]",3.95
51,"[1, 4, 5]","[3, 3, 2]","[0.58, 0.75, 0.46]","[['B', 'C', 'D', 'A'], ['C', 'D', 'B', 'A'], ['D', 'B', 'C', 'A']]","{'B': 3, 'D': 3, 'A': 2, 'C': 2}","[1.0, 1.0, 0.58]",3.95
51,"[1, 4, 5]","[3, 3, 2]","[0.58, 0.75, 0.46]","[['B', 'C', 'D', 'A'], ['D', 'B', 'A', 'C'], ['B', 'C', 'A', 'D']]","{'B': 4, 'A': 2, 'C': 2, 'D': 2}","[1.0, 1.0, 0.5]",3.96
51,"[1, 4, 5]","[3, 3, 2]","[0.58, 0.75, 0.46]","[['B', 'C', 'D', 'A'], ['D', 'B', 'A', 'C'], ['B', 'C', 'D', 'A']]","{'B': 4, 'A': 2, 'C': 2, 'D': 2}","[1.0, 1.0, 0.5]",3.96
51,"[1, 4, 5]","[3, 3, 2]","[0.58, 0.75, 0.46]","[['B', 'C', 'D', 'A'], ['D', 'B', 'A', 'C'], ['B', 'D', 'A', 'C']]","{'B': 4, 'D': 3, 'A': 2, 'C': 1}","[1.0, 1.0, 0.58]",3.95
51,"[1, 4, 5]","[3, 3, 2]","[0.58, 0.75, 0.46]","[['B', 'C', 'D', 'A'], ['D', 'B', 'A', 'C'], ['B', 'D', 'C', 'A']]","{'B': 4, 'D': 3, 'A': 2, 'C': 1}","[1.0, 1.0, 0.58]",3.95
51,"[1, 4, 5]","[3, 3, 2]","[0.58, 0.75, 0.46]","[['B', 'C', 'D', 'A'], ['D', 'B', 'A', 'C'], ['C', 'B', 'A', 'D']]","{'B': 4, 'A': 2, 'C': 2, 'D': 2}","[1.0, 1.0, 0.5]",3.96
51,"[1, 4, 5]","[3, 3, 2]","[0.58, 0.75, 0.46]","[['B', 'C', 'D', 'A'], ['D', 'B', 'A', 'C'], ['C', 'B', 'D', 'A']]","{'B': 4, 'A': 2, 'C': 2, 'D': 2}","[1.0, 1.0, 0.5]",3.96
51,"[1, 4, 5]","[3, 3, 2]","[0.58, 0.75, 0.46]","[['B', 'C', 'D', 'A'], ['D', 'B', 'A', 'C'], ['C', 'D', 'A', 'B']]","{'B': 3, 'D': 3, 'A': 2, 'C': 2}","[1.0, 1.0, 0.58]",3.95
51,"[1, 4, 5]","[3, 3, 2]","[0.58, 0.75, 0.46]","[['B', 'C', 'D', 'A'], ['D', 'B', 'A', 'C'], ['C', 'D', 'B', 'A']]","{'B': 3, 'D': 3, 'A': 2, 'C': 2}","[1.0, 1.0, 0.58]",3.95
51,"[1, 4, 5]","[3, 3, 2]","[0.58, 0.75, 0.46]","[['B', 'C', 'D', 'A'], ['D', 'B', 'A', 'C'], ['D', 'B', 'A', 'C']]","{'B': 4, 'D': 3, 'A': 2, 'C': 1}","[1.0, 1.0, 0.58]",3.95
51,"[1, 4, 5]","[3, 3, 2]","[0.58, 0.75, 0.46]","[['B', 'C', 'D', 'A'], ['D', 'B', 'A', 'C'], ['D', 'B', 'C', 'A']]","{'B': 4, 'D': 3, 'A': 2, 'C': 1}","[1.0, 1.0, 0.58]",3.95
51,"[1, 4, 5]","[3, 3, 2]","[0.58, 0.75, 0.46]","[['B', 'C', 'D', 'A'], ['D', 'B', 'A', 'C'], ['D', 'C', 'A', 'B']]","{'B': 3, 'D': 3, 'A': 2, 'C': 2}","[1.0, 1.0, 0.58]",3.95
51,"[1, 4, 5]","[3, 3, 2]","[0.58, 0.75, 0.46]","[['B', 'C', 'D', 'A'], ['D', 'B', 'A', 'C'], ['D', 'C', 'B', 'A']]","{'B': 3, 'D': 3, 'A': 2, 'C': 2}","[1.0, 1.0, 0.58]",3.95
51,"[1, 4, 5]","[3, 3, 2]","[0.58, 0.75, 0.46]","[['B', 'C', 'D', 'A'], ['D', 'B', 'C', 'A'], ['B', 'C', 'A', 'D']]","{'B': 4, 'A': 2, 'C': 2, 'D': 2}","[1.0, 1.0, 0.5]",3.96
51,"[1, 4, 5]","[3, 3, 2]","[0.58, 0.75, 0.46]","[['B', 'C', 'D', 'A'], ['D', 'B', 'C', 'A'], ['B', 'C', 'D', 'A']]","{'B': 4, 'A': 2, 'C': 2, 'D': 2}","[1.0, 1.0, 0.5]",3.96
51,"[1, 4, 5]","[3, 3, 2]","[0.58, 0.75, 0.46]","[['B', 'C', 'D', 'A'], ['D', 'B', 'C', 'A'], ['B', 'D', 'A', 'C']]","{'B': 4, 'D': 3, 'A': 2, 'C': 1}","[1.0, 1.0, 0.58]",3.95
51,"[1, 4, 5]","[3, 3, 2]","[0.58, 0.75, 0.46]","[['B', 'C', 'D', 'A'], ['D', 'B', 'C', 'A'], ['B', 'D', 'C', 'A']]","{'B': 4, 'D': 3, 'A': 2, 'C': 1}","[1.0, 1.0, 0.58]",3.95
51,"[1, 4, 5]","[3, 3, 2]","[0.58, 0.75, 0.46]","[['B', 'C', 'D', 'A'], ['D', 'B', 'C', 'A'], ['C', 'B', 'A', 'D']]","{'B': 4, 'A': 2, 'C': 2, 'D': 2}","[1.0, 1.0, 0.5]",3.96
51,"[1, 4, 5]","[3, 3, 2]","[0.58, 0.75, 0.46]","[['B', 'C', 'D', 'A'], ['D', 'B', 'C', 'A'], ['C', 'B', 'D', 'A']]","{'B': 4, 'A': 2, 'C': 2, 'D': 2}","[1.0, 1.0, 0.5]",3.96
51,"[1, 4, 5]","[3, 3, 2]","[0.58, 0.75, 0.46]","[['B', 'C', 'D', 'A'], ['D', 'B', 'C', 'A'], ['C', 'D', 'A', 'B']]","{'B': 3, 'D': 3, 'A': 2, 'C': 2}","[1.0, 1.0, 0.58]",3.95
51,"[1, 4, 5]","[3, 3, 2]","[0.58, 0.75, 0.46]","[['B', 'C', 'D', 'A'], ['D', 'B', 'C', 'A'], ['C', 'D', 'B', 'A']]","{'B': 3, 'D': 3, 'A': 2, 'C': 2}","[1.0, 1.0, 0.58]",3.95
51,"[1, 4, 5]","[3, 3, 2]","[0.58, 0.75, 0.46]","[['B', 'C', 'D', 'A'], ['D', 'B', 'C', 'A'], ['D', 'B', 'A', 'C']]","{'B': 4, 'D': 3, 'A': 2, 'C': 1}","[1.0, 1.0, 0.58]",3.95
51,"[1, 4, 5]","[3, 3, 2]","[0.58, 0.75, 0.46]","[['B', 'C', 'D', 'A'], ['D', 'B', 'C', 'A'], ['D', 'B', 'C', 'A']]","{'B': 4, 'D': 3, 'A': 2, 'C': 1}","[1.0, 1.0, 0.58]",3.95
51,"[1, 4, 5]","[3, 3, 2]","[0.58, 0.75, 0.46]","[['B', 'C', 'D', 'A'], ['D', 'B', 'C', 'A'], ['D', 'C', 'A', 'B']]","{'B': 3, 'D': 3, 'A': 2, 'C': 2}","[1.0, 1.0, 0.58]",3.95
51,"[1, 4, 5]","[3, 3, 2]","[0.58, 0.75, 0.46]","[['B', 'C', 'D', 'A'], ['D', 'B', 'C', 'A'], ['D', 'C', 'B', 'A']]","{'B': 3, 'D': 3, 'A': 2, 'C': 2}","[1.0, 1.0, 0.58]",3.95
51,"[1, 4, 5]","[3, 3, 2]","[0.58, 0.75, 0.46]","[['B', 'C', 'D', 'A'], ['D', 'C', 'A', 'B'], ['B', 'C', 'A', 'D']]","{'B': 3, 'C': 3, 'A': 2, 'D': 2}","[1.0, 1.0, 0.67]",3.88
51,"[1, 4, 5]","[3, 3, 2]","[0.58, 0.75, 0.46]","[['B', 'C', 'D', 'A'], ['D', 'C', 'A', 'B'], ['B', 'C', 'D', 'A']]","{'B': 3, 'C': 3, 'A': 2, 'D': 2}","[1.0, 1.0, 0.67]",3.88
51,"[1, 4, 5]","[3, 3, 2]","[0.58, 0.75, 0.46]","[['B', 'C', 'D', 'A'], ['D', 'C', 'A', 'B'], ['B', 'D', 'A', 'C']]","{'B': 3, 'D': 3, 'A': 2, 'C': 2}","[1.0, 1.0, 0.58]",3.95
51,"[1, 4, 5]","[3, 3, 2]","[0.58, 0.75, 0.46]","[['B', 'C', 'D', 'A'], ['D', 'C', 'A', 'B'], ['B', 'D', 'C', 'A']]","{'B': 3, 'D': 3, 'A': 2, 'C': 2}","[1.0, 1.0, 0.58]",3.95
51,"[1, 4, 5]","[3, 3, 2]","[0.58, 0.75, 0.46]","[['B', 'C', 'D', 'A'], ['D', 'C', 'A', 'B'], ['C', 'B', 'A', 'D']]","{'B': 3, 'C': 3, 'A': 2, 'D': 2}","[1.0, 1.0, 0.67]",3.88
51,"[1, 4, 5]","[3, 3, 2]","[0.58, 0.75, 0.46]","[['B', 'C', 'D', 'A'], ['D', 'C', 'A', 'B'], ['C', 'B', 'D', 'A']]","{'B': 3, 'C': 3, 'A': 2, 'D': 2}","[1.0, 1.0, 0.67]",3.88
51,"[1, 4, 5]","[3, 3, 2]","[0.58, 0.75, 0.46]","[['B', 'C', 'D', 'A'], ['D', 'C', 'A', 'B'], ['D', 'B', 'A', 'C']]","{'B': 3, 'D': 3, 'A': 2, 'C': 2}","[1.0, 1.0, 0.58]",3.95
51,"[1, 4, 5]","[3, 3, 2]","[0.58, 0.75, 0.46]","[['B', 'C', 'D', 'A'], ['D', 'C', 'A', 'B'], ['D', 'B', 'C', 'A']]","{'B': 3, 'D': 3, 'A': 2, 'C': 2}","[1.0, 1.0, 0.58]",3.95
51,"[1, 4, 5]","[3, 3, 2]","[0.58, 0.75, 0.46]","[['B', 'C', 'D', 'A'], ['D', 'C', 'B', 'A'], ['B', 'C', 'A', 'D']]","{'B': 3, 'C': 3, 'A': 2, 'D': 2}","[1.0, 1.0, 0.67]",3.88
51,"[1, 4, 5]","[3, 3, 2]","[0.58, 0.75, 0.46]","[['B', 'C', 'D', 'A'], ['D', 'C', 'B', 'A'], ['B', 'C', 'D', 'A']]","{'B': 3, 'C': 3, 'A': 2, 'D': 2}","[1.0, 1.0, 0.67]",3.88
51,"[1, 4, 5]","[3, 3, 2]","[0.58, 0.75, 0.46]","[['B', 'C', 'D', 'A'], ['D', 'C', 'B', 'A'], ['B', 'D', 'A', 'C']]","{'B': 3, 'D': 3, 'A': 2, 'C': 2}","[1.0, 1.0, 0.58]",3.95
51,"[1, 4, 5]","[3, 3, 2]","[0.58, 0.75, 0.46]","[['B', 'C', 'D', 'A'], ['D', 'C', 'B', 'A'], ['B', 'D', 'C', 'A']]","{'B': 3, 'D': 3, 'A': 2, 'C': 2}","[1.0, 1.0, 0.58]",3.95
51,"[1, 4, 5]","[3, 3, 2]","[0.58, 0.75, 0.46]","[['B', 'C', 'D', 'A'], ['D', 'C', 'B', 'A'], ['C', 'B', 'A', 'D']]","{'B': 3, 'C': 3, 'A': 2, 'D': 2}","[1.0, 1.0, 0.67]",3.88
51,"[1, 4, 5]","[3, 3, 2]","[0.58, 0.75, 0.46]","[['B', 'C', 'D', 'A'], ['D', 'C', 'B', 'A'], ['C', 'B', 'D', 'A']]","{'B': 3, 'C': 3, 'A': 2, 'D': 2}","[1.0, 1.0, 0.67]",3.88
51,"[1, 4, 5]","[3, 3, 2]","[0.58, 0.75, 0.46]","[['B', 'C', 'D', 'A'], ['D', 'C', 'B', 'A'], ['D', 'B', 'A', 'C']]","{'B': 3, 'D': 3, 'A': 2, 'C': 2}","[1.0, 1.0, 0.58]",3.95
51,"[1, 4, 5]","[3, 3, 2]","[0.58, 0.75, 0.46]","[['B', 'C', 'D', 'A'], ['D', 'C', 'B', 'A'], ['D', 'B', 'C', 'A']]","{'B': 3, 'D': 3, 'A': 2, 'C': 2}","[1.0, 1.0, 0.58]",3.95
51,"[1, 4, 5]","[3, 3, 2]","[0.58, 0.75, 0.46]","[['B', 'D', 'A', 'C'], ['B', 'C', 'A', 'D'], ['B', 'C', 'A', 'D']]","{'B': 4, 'A': 2, 'C': 2, 'D': 2}","[1.0, 1.0, 0.5]",3.96
51,"[1, 4, 5]","[3, 3, 2]","[0.58, 0.75, 0.46]","[['B', 'D', 'A', 'C'], ['B', 'C', 'A', 'D'], ['B', 'C', 'D', 'A']]","{'B': 4, 'A': 2, 'C': 2, 'D': 2}","[1.0, 1.0, 0.5]",3.96
51,"[1, 4, 5]","[3, 3, 2]","[0.58, 0.75, 0.46]","[['B', 'D', 'A', 'C'], ['B', 'C', 'A', 'D'], ['B', 'D', 'A', 'C']]","{'B': 4, 'D': 3, 'A': 2, 'C': 1}","[1.0, 1.0, 0.58]",3.95
51,"[1, 4, 5]","[3, 3, 2]","[0.58, 0.75, 0.46]","[['B', 'D', 'A', 'C'], ['B', 'C', 'A', 'D'], ['B', 'D', 'C', 'A']]","{'B': 4, 'D': 3, 'A': 2, 'C': 1}","[1.0, 1.0, 0.58]",3.95
51,"[1, 4, 5]","[3, 3, 2]","[0.58, 0.75, 0.46]","[['B', 'D', 'A', 'C'], ['B', 'C', 'A', 'D'], ['C', 'B', 'A', 'D']]","{'B': 4, 'A': 2, 'C': 2, 'D': 2}","[1.0, 1.0, 0.5]",3.96
51,"[1, 4, 5]","[3, 3, 2]","[0.58, 0.75, 0.46]","[['B', 'D', 'A', 'C'], ['B', 'C', 'A', 'D'], ['C', 'B', 'D', 'A']]","{'B': 4, 'A': 2, 'C': 2, 'D': 2}","[1.0, 1.0, 0.5]",3.96
51,"[1, 4, 5]","[3, 3, 2]","[0.58, 0.75, 0.46]","[['B', 'D', 'A', 'C'], ['B', 'C', 'A', 'D'], ['C', 'D', 'A', 'B']]","{'B': 3, 'D': 3, 'A': 2, 'C': 2}","[1.0, 1.0, 0.58]",3.95
51,"[1, 4, 5]","[3, 3, 2]","[0.58, 0.75, 0.46]","[['B', 'D', 'A', 'C'], ['B', 'C', 'A', 'D'], ['C', 'D', 'B', 'A']]","{'B': 3, 'D': 3, 'A': 2, 'C': 2}","[1.0, 1.0, 0.58]",3.95
51,"[1, 4, 5]","[3, 3, 2]","[0.58, 0.75, 0.46]","[['B', 'D', 'A', 'C'], ['B', 'C', 'A', 'D'], ['D', 'B', 'A', 'C']]","{'B': 4, 'D': 3, 'A': 2, 'C': 1}","[1.0, 1.0, 0.58]",3.95
51,"[1, 4, 5]","[3, 3, 2]","[0.58, 0.75, 0.46]","[['B', 'D', 'A', 'C'], ['B', 'C', 'A', 'D'], ['D', 'B', 'C', 'A']]","{'B': 4, 'D': 3, 'A': 2, 'C': 1}","[1.0, 1.0, 0.58]",3.95
51,"[1, 4, 5]","[3, 3, 2]","[0.58, 0.75, 0.46]","[['B', 'D', 'A', 'C'], ['B', 'C', 'A', 'D'], ['D', 'C', 'A', 'B']]","{'B': 3, 'D': 3, 'A': 2, 'C': 2}","[1.0, 1.0, 0.58]",3.95
51,"[1, 4, 5]","[3, 3, 2]","[0.58, 0.75, 0.46]","[['B', 'D', 'A', 'C'], ['B', 'C', 'A', 'D'], ['D', 'C', 'B', 'A']]","{'B': 3, 'D': 3, 'A': 2, 'C': 2}","[1.0, 1.0, 0.58]",3.95
51,"[1, 4, 5]","[3, 3, 2]","[0.58, 0.75, 0.46]","[['B', 'D', 'A', 'C'], ['B', 'C', 'D', 'A'], ['B', 'C', 'A', 'D']]","{'B': 4, 'A': 2, 'C': 2, 'D': 2}","[1.0, 1.0, 0.5]",3.96
51,"[1, 4, 5]","[3, 3, 2]","[0.58, 0.75, 0.46]","[['B', 'D', 'A', 'C'], ['B', 'C', 'D', 'A'], ['B', 'C', 'D', 'A']]","{'B': 4, 'A': 2, 'C': 2, 'D': 2}","[1.0, 1.0, 0.5]",3.96
51,"[1, 4, 5]","[3, 3, 2]","[0.58, 0.75, 0.46]","[['B', 'D', 'A', 'C'], ['B', 'C', 'D', 'A'], ['B', 'D', 'A', 'C']]","{'B': 4, 'D': 3, 'A': 2, 'C': 1}","[1.0, 1.0, 0.58]",3.95
51,"[1, 4, 5]","[3, 3, 2]","[0.58, 0.75, 0.46]","[['B', 'D', 'A', 'C'], ['B', 'C', 'D', 'A'], ['B', 'D', 'C', 'A']]","{'B': 4, 'D': 3, 'A': 2, 'C': 1}","[1.0, 1.0, 0.58]",3.95
51,"[1, 4, 5]","[3, 3, 2]","[0.58, 0.75, 0.46]","[['B', 'D', 'A', 'C'], ['B', 'C', 'D', 'A'], ['C', 'B', 'A', 'D']]","{'B': 4, 'A': 2, 'C': 2, 'D': 2}","[1.0, 1.0, 0.5]",3.96
51,"[1, 4, 5]","[3, 3, 2]","[0.58, 0.75, 0.46]","[['B', 'D', 'A', 'C'], ['B', 'C', 'D', 'A'], ['C', 'B', 'D', 'A']]","{'B': 4, 'A': 2, 'C': 2, 'D': 2}","[1.0, 1.0, 0.5]",3.96
51,"[1, 4, 5]","[3, 3, 2]","[0.58, 0.75, 0.46]","[['B', 'D', 'A', 'C'], ['B', 'C', 'D', 'A'], ['C', 'D', 'A', 'B']]","{'B': 3, 'D': 3, 'A': 2, 'C': 2}","[1.0, 1.0, 0.58]",3.95
51,"[1, 4, 5]","[3, 3, 2]","[0.58, 0.75, 0.46]","[['B', 'D', 'A', 'C'], ['B', 'C', 'D', 'A'], ['C', 'D', 'B', 'A']]","{'B': 3, 'D': 3, 'A': 2, 'C': 2}","[1.0, 1.0, 0.58]",3.95
51,"[1, 4, 5]","[3, 3, 2]","[0.58, 0.75, 0.46]","[['B', 'D', 'A', 'C'], ['B', 'C', 'D', 'A'], ['D', 'B', 'A', 'C']]","{'B': 4, 'D': 3, 'A': 2, 'C': 1}","[1.0, 1.0, 0.58]",3.95
51,"[1, 4, 5]","[3, 3, 2]","[0.58, 0.75, 0.46]","[['B', 'D', 'A', 'C'], ['B', 'C', 'D', 'A'], ['D', 'B', 'C', 'A']]","{'B': 4, 'D': 3, 'A': 2, 'C': 1}","[1.0, 1.0, 0.58]",3.95
51,"[1, 4, 5]","[3, 3, 2]","[0.58, 0.75, 0.46]","[['B', 'D', 'A', 'C'], ['B', 'C', 'D', 'A'], ['D', 'C', 'A', 'B']]","{'B': 3, 'D': 3, 'A': 2, 'C': 2}","[1.0, 1.0, 0.58]",3.95
51,"[1, 4, 5]","[3, 3, 2]","[0.58, 0.75, 0.46]","[['B', 'D', 'A', 'C'], ['B', 'C', 'D', 'A'], ['D', 'C', 'B', 'A']]","{'B': 3, 'D': 3, 'A': 2, 'C': 2}","[1.0, 1.0, 0.58]",3.95
51,"[1, 4, 5]","[3, 3, 2]","[0.58, 0.75, 0.46]","[['B', 'D', 'A', 'C'], ['B', 'D', 'A', 'C'], ['B', 'C', 'A', 'D']]","{'B': 4, 'D': 3, 'A': 2, 'C': 1}","[1.0, 1.0, 0.58]",3.95
51,"[1, 4, 5]","[3, 3, 2]","[0.58, 0.75, 0.46]","[['B', 'D', 'A', 'C'], ['B', 'D', 'A', 'C'], ['B', 'C', 'D', 'A']]","{'B': 4, 'D': 3, 'A': 2, 'C': 1}","[1.0, 1.0, 0.58]",3.95
51,"[1, 4, 5]","[3, 3, 2]","[0.58, 0.75, 0.46]","[['B', 'D', 'A', 'C'], ['B', 'D', 'A', 'C'], ['B', 'D', 'A', 'C']]","{'B': 4, 'D': 4, 'A': 2, 'C': 0}","[1.0, 1.0, 0.58]",3.95
51,"[1, 4, 5]","[3, 3, 2]","[0.58, 0.75, 0.46]","[['B', 'D', 'A', 'C'], ['B', 'D', 'A', 'C'], ['B', 'D', 'C', 'A']]","{'B': 4, 'D': 4, 'A': 2, 'C': 0}","[1.0, 1.0, 0.58]",3.95
51,"[1, 4, 5]","[3, 3, 2]","[0.58, 0.75, 0.46]","[['B', 'D', 'A', 'C'], ['B', 'D', 'A', 'C'], ['C', 'B', 'A', 'D']]","{'B': 4, 'D': 3, 'A': 2, 'C': 1}","[1.0, 1.0, 0.58]",3.95
51,"[1, 4, 5]","[3, 3, 2]","[0.58, 0.75, 0.46]","[['B', 'D', 'A', 'C'], ['B', 'D', 'A', 'C'], ['C', 'B', 'D', 'A']]","{'B': 4, 'D': 3, 'A': 2, 'C': 1}","[1.0, 1.0, 0.58]",3.95
51,"[1, 4, 5]","[3, 3, 2]","[0.58, 0.75, 0.46]","[['B', 'D', 'A', 'C'], ['B', 'D', 'A', 'C'], ['C', 'D', 'A', 'B']]","{'D': 4, 'B': 3, 'A': 2, 'C': 1}","[0.67, 0.79, 0.58]",3.58
51,"[1, 4, 5]","[3, 3, 2]","[0.58, 0.75, 0.46]","[['B', 'D', 'A', 'C'], ['B', 'D', 'A', 'C'], ['C', 'D', 'B', 'A']]","{'D': 4, 'B': 3, 'A': 2, 'C': 1}","[0.67, 0.79, 0.58]",3.58
51,"[1, 4, 5]","[3, 3, 2]","[0.58, 0.75, 0.46]","[['B', 'D', 'A', 'C'], ['B', 'D', 'A', 'C'], ['D', 'B', 'A', 'C']]","{'B': 4, 'D': 4, 'A': 2, 'C': 0}","[1.0, 1.0, 0.58]",3.95
51,"[1, 4, 5]","[3, 3, 2]","[0.58, 0.75, 0.46]","[['B', 'D', 'A', 'C'], ['B', 'D', 'A', 'C'], ['D', 'B', 'C', 'A']]","{'B': 4, 'D': 4, 'A': 2, 'C': 0}","[1.0, 1.0, 0.58]",3.95
51,"[1, 4, 5]","[3, 3, 2]","[0.58, 0.75, 0.46]","[['B', 'D', 'A', 'C'], ['B', 'D', 'A', 'C'], ['D', 'C', 'A', 'B']]","{'D': 4, 'B': 3, 'A': 2, 'C': 1}","[0.67, 0.79, 0.58]",3.58
51,"[1, 4, 5]","[3, 3, 2]","[0.58, 0.75, 0.46]","[['B', 'D', 'A', 'C'], ['B', 'D', 'A', 'C'], ['D', 'C', 'B', 'A']]","{'D': 4, 'B': 3, 'A': 2, 'C': 1}","[0.67, 0.79, 0.58]",3.58
51,"[1, 4, 5]","[3, 3, 2]","[0.58, 0.75, 0.46]","[['B', 'D', 'A', 'C'], ['B', 'D', 'C', 'A'], ['B', 'C', 'A', 'D']]","{'B': 4, 'D': 3, 'A': 2, 'C': 1}","[1.0, 1.0, 0.58]",3.95
51,"[1, 4, 5]","[3, 3, 2]","[0.58, 0.75, 0.46]","[['B', 'D', 'A', 'C'], ['B', 'D', 'C', 'A'], ['B', 'C', 'D', 'A']]","{'B': 4, 'D': 3, 'A': 2, 'C': 1}","[1.0, 1.0, 0.58]",3.95
51,"[1, 4, 5]","[3, 3, 2]","[0.58, 0.75, 0.46]","[['B', 'D', 'A', 'C'], ['B', 'D', 'C', 'A'], ['B', 'D', 'A', 'C']]","{'B': 4, 'D': 4, 'A': 2, 'C': 0}","[1.0, 1.0, 0.58]",3.95
51,"[1, 4, 5]","[3, 3, 2]","[0.58, 0.75, 0.46]","[['B', 'D', 'A', 'C'], ['B', 'D', 'C', 'A'], ['B', 'D', 'C', 'A']]","{'B': 4, 'D': 4, 'A': 2, 'C': 0}","[1.0, 1.0, 0.58]",3.95
51,"[1, 4, 5]","[3, 3, 2]","[0.58, 0.75, 0.46]","[['B', 'D', 'A', 'C'], ['B', 'D', 'C', 'A'], ['C', 'B', 'A', 'D']]","{'B': 4, 'D': 3, 'A': 2, 'C': 1}","[1.0, 1.0, 0.58]",3.95
51,"[1, 4, 5]","[3, 3, 2]","[0.58, 0.75, 0.46]","[['B', 'D', 'A', 'C'], ['B', 'D', 'C', 'A'], ['C', 'B', 'D', 'A']]","{'B': 4, 'D': 3, 'A': 2, 'C': 1}","[1.0, 1.0, 0.58]",3.95
51,"[1, 4, 5]","[3, 3, 2]","[0.58, 0.75, 0.46]","[['B', 'D', 'A', 'C'], ['B', 'D', 'C', 'A'], ['C', 'D', 'A', 'B']]","{'D': 4, 'B': 3, 'A': 2, 'C': 1}","[0.67, 0.79, 0.58]",3.58
51,"[1, 4, 5]","[3, 3, 2]","[0.58, 0.75, 0.46]","[['B', 'D', 'A', 'C'], ['B', 'D', 'C', 'A'], ['C', 'D', 'B', 'A']]","{'D': 4, 'B': 3, 'A': 2, 'C': 1}","[0.67, 0.79, 0.58]",3.58
51,"[1, 4, 5]","[3, 3, 2]","[0.58, 0.75, 0.46]","[['B', 'D', 'A', 'C'], ['B', 'D', 'C', 'A'], ['D', 'B', 'A', 'C']]","{'B': 4, 'D': 4, 'A': 2, 'C': 0}","[1.0, 1.0, 0.58]",3.95
51,"[1, 4, 5]","[3, 3, 2]","[0.58, 0.75, 0.46]","[['B', 'D', 'A', 'C'], ['B', 'D', 'C', 'A'], ['D', 'B', 'C', 'A']]","{'B': 4, 'D': 4, 'A': 2, 'C': 0}","[1.0, 1.0, 0.58]",3.95
51,"[1, 4, 5]","[3, 3, 2]","[0.58, 0.75, 0.46]","[['B', 'D', 'A', 'C'], ['B', 'D', 'C', 'A'], ['D', 'C', 'A', 'B']]","{'D': 4, 'B': 3, 'A': 2, 'C': 1}","[0.67, 0.79, 0.58]",3.58
51,"[1, 4, 5]","[3, 3, 2]","[0.58, 0.75, 0.46]","[['B', 'D', 'A', 'C'], ['B', 'D', 'C', 'A'], ['D', 'C', 'B', 'A']]","{'D': 4, 'B': 3, 'A': 2, 'C': 1}","[0.67, 0.79, 0.58]",3.58
51,"[1, 4, 5]","[3, 3, 2]","[0.58, 0.75, 0.46]","[['B', 'D', 'A', 'C'], ['C', 'B', 'A', 'D'], ['B', 'C', 'A', 'D']]","{'B': 4, 'A': 2, 'C': 2, 'D': 2}","[1.0, 1.0, 0.5]",3.96
51,"[1, 4, 5]","[3, 3, 2]","[0.58, 0.75, 0.46]","[['B', 'D', 'A', 'C'], ['C', 'B', 'A', 'D'], ['B', 'C', 'D', 'A']]","{'B': 4, 'A': 2, 'C': 2, 'D': 2}","[1.0, 1.0, 0.5]",3.96
51,"[1, 4, 5]","[3, 3, 2]","[0.58, 0.75, 0.46]","[['B', 'D', 'A', 'C'], ['C', 'B', 'A', 'D'], ['B', 'D', 'A', 'C']]","{'B': 4, 'D': 3, 'A': 2, 'C': 1}","[1.0, 1.0, 0.58]",3.95
51,"[1, 4, 5]","[3, 3, 2]","[0.58, 0.75, 0.46]","[['B', 'D', 'A', 'C'], ['C', 'B', 'A', 'D'], ['B', 'D', 'C', 'A']]","{'B': 4, 'D': 3, 'A': 2, 'C': 1}","[1.0, 1.0, 0.58]",3.95
51,"[1, 4, 5]","[3, 3, 2]","[0.58, 0.75, 0.46]","[['B', 'D', 'A', 'C'], ['C', 'B', 'A', 'D'], ['C', 'B', 'A', 'D']]","{'B': 4, 'A': 2, 'C': 2, 'D': 2}","[1.0, 1.0, 0.5]",3.96
51,"[1, 4, 5]","[3, 3, 2]","[0.58, 0.75, 0.46]","[['B', 'D', 'A', 'C'], ['C', 'B', 'A', 'D'], ['C', 'B', 'D', 'A']]","{'B': 4, 'A': 2, 'C': 2, 'D': 2}","[1.0, 1.0, 0.5]",3.96
51,"[1, 4, 5]","[3, 3, 2]","[0.58, 0.75, 0.46]","[['B', 'D', 'A', 'C'], ['C', 'B', 'A', 'D'], ['C', 'D', 'A', 'B']]","{'B': 3, 'D': 3, 'A': 2, 'C': 2}","[1.0, 1.0, 0.58]",3.95
51,"[1, 4, 5]","[3, 3, 2]","[0.58, 0.75, 0.46]","[['B', 'D', 'A', 'C'], ['C', 'B', 'A', 'D'], ['C', 'D', 'B', 'A']]","{'B': 3, 'D': 3, 'A': 2, 'C': 2}","[1.0, 1.0, 0.58]",3.95
51,"[1, 4, 5]","[3, 3, 2]","[0.58, 0.75, 0.46]","[['B', 'D', 'A', 'C'], ['C', 'B', 'A', 'D'], ['D', 'B', 'A', 'C']]","{'B': 4, 'D': 3, 'A': 2, 'C': 1}","[1.0, 1.0, 0.58]",3.95
51,"[1, 4, 5]","[3, 3, 2]","[0.58, 0.75, 0.46]","[['B', 'D', 'A', 'C'], ['C', 'B', 'A', 'D'], ['D', 'B', 'C', 'A']]","{'B': 4, 'D': 3, 'A': 2, 'C': 1}","[1.0, 1.0, 0.58]",3.95
51,"[1, 4, 5]","[3, 3, 2]","[0.58, 0.75, 0.46]","[['B', 'D', 'A', 'C'], ['C', 'B', 'A', 'D'], ['D', 'C', 'A', 'B']]","{'B': 3, 'D': 3, 'A': 2, 'C': 2}","[1.0, 1.0, 0.58]",3.95
51,"[1, 4, 5]","[3, 3, 2]","[0.58, 0.75, 0.46]","[['B', 'D', 'A', 'C'], ['C', 'B', 'A', 'D'], ['D', 'C', 'B', 'A']]","{'B': 3, 'D': 3, 'A': 2, 'C': 2}","[1.0, 1.0, 0.58]",3.95
51,"[1, 4, 5]","[3, 3, 2]","[0.58, 0.75, 0.46]","[['B', 'D', 'A', 'C'], ['C', 'B', 'D', 'A'], ['B', 'C', 'A', 'D']]","{'B': 4, 'A': 2, 'C': 2, 'D': 2}","[1.0, 1.0, 0.5]",3.96
51,"[1, 4, 5]","[3, 3, 2]","[0.58, 0.75, 0.46]","[['B', 'D', 'A', 'C'], ['C', 'B', 'D', 'A'], ['B', 'C', 'D', 'A']]","{'B': 4, 'A': 2, 'C': 2, 'D': 2}","[1.0, 1.0, 0.5]",3.96
51,"[1, 4, 5]","[3, 3, 2]","[0.58, 0.75, 0.46]","[['B', 'D', 'A', 'C'], ['C', 'B', 'D', 'A'], ['B', 'D', 'A', 'C']]","{'B': 4, 'D': 3, 'A': 2, 'C': 1}","[1.0, 1.0, 0.58]",3.95
51,"[1, 4, 5]","[3, 3, 2]","[0.58, 0.75, 0.46]","[['B', 'D', 'A', 'C'], ['C', 'B', 'D', 'A'], ['B', 'D', 'C', 'A']]","{'B': 4, 'D': 3, 'A': 2, 'C': 1}","[1.0, 1.0, 0.58]",3.95
51,"[1, 4, 5]","[3, 3, 2]","[0.58, 0.75, 0.46]","[['B', 'D', 'A', 'C'], ['C', 'B', 'D', 'A'], ['C', 'B', 'A', 'D']]","{'B': 4, 'A': 2, 'C': 2, 'D': 2}","[1.0, 1.0, 0.5]",3.96
51,"[1, 4, 5]","[3, 3, 2]","[0.58, 0.75, 0.46]","[['B', 'D', 'A', 'C'], ['C', 'B', 'D', 'A'], ['C', 'B', 'D', 'A']]","{'B': 4, 'A': 2, 'C': 2, 'D': 2}","[1.0, 1.0, 0.5]",3.96
51,"[1, 4, 5]","[3, 3, 2]","[0.58, 0.75, 0.46]","[['B', 'D', 'A', 'C'], ['C', 'B', 'D', 'A'], ['C', 'D', 'A', 'B']]","{'B': 3, 'D': 3, 'A': 2, 'C': 2}","[1.0, 1.0, 0.58]",3.95
51,"[1, 4, 5]","[3, 3, 2]","[0.58, 0.75, 0.46]","[['B', 'D', 'A', 'C'], ['C', 'B', 'D', 'A'], ['C', 'D', 'B', 'A']]","{'B': 3, 'D': 3, 'A': 2, 'C': 2}","[1.0, 1.0, 0.58]",3.95
51,"[1, 4, 5]","[3, 3, 2]","[0.58, 0.75, 0.46]","[['B', 'D', 'A', 'C'], ['C', 'B', 'D', 'A'], ['D', 'B', 'A', 'C']]","{'B': 4, 'D': 3, 'A': 2, 'C': 1}","[1.0, 1.0, 0.58]",3.95
51,"[1, 4, 5]","[3, 3, 2]","[0.58, 0.75, 0.46]","[['B', 'D', 'A', 'C'], ['C', 'B', 'D', 'A'], ['D', 'B', 'C', 'A']]","{'B': 4, 'D': 3, 'A': 2, 'C': 1}","[1.0, 1.0, 0.58]",3.95
51,"[1, 4, 5]","[3, 3, 2]","[0.58, 0.75, 0.46]","[['B', 'D', 'A', 'C'], ['C', 'B', 'D', 'A'], ['D', 'C', 'A', 'B']]","{'B': 3, 'D': 3, 'A': 2, 'C': 2}","[1.0, 1.0, 0.58]",3.95
51,"[1, 4, 5]","[3, 3, 2]","[0.58, 0.75, 0.46]","[['B', 'D', 'A', 'C'], ['C', 'B', 'D', 'A'], ['D', 'C', 'B', 'A']]","{'B': 3, 'D': 3, 'A': 2, 'C': 2}","[1.0, 1.0, 0.58]",3.95
51,"[1, 4, 5]","[3, 3, 2]","[0.58, 0.75, 0.46]","[['B', 'D', 'A', 'C'], ['C', 'D', 'A', 'B'], ['B', 'C', 'A', 'D']]","{'B': 3, 'D': 3, 'A': 2, 'C': 2}","[1.0, 1.0, 0.58]",3.95
51,"[1, 4, 5]","[3, 3, 2]","[0.58, 0.75, 0.46]","[['B', 'D', 'A', 'C'], ['C', 'D', 'A', 'B'], ['B', 'C', 'D', 'A']]","{'B': 3, 'D': 3, 'A': 2, 'C': 2}","[1.0, 1.0, 0.58]",3.95
51,"[1, 4, 5]","[3, 3, 2]","[0.58, 0.75, 0.46]","[['B', 'D', 'A', 'C'], ['C', 'D', 'A', 'B'], ['B', 'D', 'A', 'C']]","{'D': 4, 'B': 3, 'A': 2, 'C': 1}","[0.67, 0.79, 0.58]",3.58
51,"[1, 4, 5]","[3, 3, 2]","[0.58, 0.75, 0.46]","[['B', 'D', 'A', 'C'], ['C', 'D', 'A', 'B'], ['B', 'D', 'C', 'A']]","{'D': 4, 'B': 3, 'A': 2, 'C': 1}","[0.67, 0.79, 0.58]",3.58
51,"[1, 4, 5]","[3, 3, 2]","[0.58, 0.75, 0.46]","[['B', 'D', 'A', 'C'], ['C', 'D', 'A', 'B'], ['C', 'B', 'A', 'D']]","{'B': 3, 'D': 3, 'A': 2, 'C': 2}","[1.0, 1.0, 0.58]",3.95
51,"[1, 4, 5]","[3, 3, 2]","[0.58, 0.75, 0.46]","[['B', 'D', 'A', 'C'], ['C', 'D', 'A', 'B'], ['C', 'B', 'D', 'A']]","{'B': 3, 'D': 3, 'A': 2, 'C': 2}","[1.0, 1.0, 0.58]",3.95
51,"[1, 4, 5]","[3, 3, 2]","[0.58, 0.75, 0.46]","[['B', 'D', 'A', 'C'], ['C', 'D', 'A', 'B'], ['D', 'B', 'A', 'C']]","{'D': 4, 'B': 3, 'A': 2, 'C': 1}","[0.67, 0.79, 0.58]",3.58
51,"[1, 4, 5]","[3, 3, 2]","[0.58, 0.75, 0.46]","[['B', 'D', 'A', 'C'], ['C', 'D', 'A', 'B'], ['D', 'B', 'C', 'A']]","{'D': 4, 'B': 3, 'A': 2, 'C': 1}","[0.67, 0.79, 0.58]",3.58
51,"[1, 4, 5]","[3, 3, 2]","[0.58, 0.75, 0.46]","[['B', 'D', 'A', 'C'], ['C', 'D', 'B', 'A'], ['B', 'C', 'A', 'D']]","{'B': 3, 'D': 3, 'A': 2, 'C': 2}","[1.0, 1.0, 0.58]",3.95
51,"[1, 4, 5]","[3, 3, 2]","[0.58, 0.75, 0.46]","[['B', 'D', 'A', 'C'], ['C', 'D', 'B', 'A'], ['B', 'C', 'D', 'A']]","{'B': 3, 'D': 3, 'A': 2, 'C': 2}","[1.0, 1.0, 0.58]",3.95
51,"[1, 4, 5]","[3, 3, 2]","[0.58, 0.75, 0.46]","[['B', 'D', 'A', 'C'], ['C', 'D', 'B', 'A'], ['B', 'D', 'A', 'C']]","{'D': 4, 'B': 3, 'A': 2, 'C': 1}","[0.67, 0.79, 0.58]",3.58
51,"[1, 4, 5]","[3, 3, 2]","[0.58, 0.75, 0.46]","[['B', 'D', 'A', 'C'], ['C', 'D', 'B', 'A'], ['B', 'D', 'C', 'A']]","{'D': 4, 'B': 3, 'A': 2, 'C': 1}","[0.67, 0.79, 0.58]",3.58
51,"[1, 4, 5]","[3, 3, 2]","[0.58, 0.75, 0.46]","[['B', 'D', 'A', 'C'], ['C', 'D', 'B', 'A'], ['C', 'B', 'A', 'D']]","{'B': 3, 'D': 3, 'A': 2, 'C': 2}","[1.0, 1.0, 0.58]",3.95
51,"[1, 4, 5]","[3, 3, 2]","[0.58, 0.75, 0.46]","[['B', 'D', 'A', 'C'], ['C', 'D', 'B', 'A'], ['C', 'B', 'D', 'A']]","{'B': 3, 'D': 3, 'A': 2, 'C': 2}","[1.0, 1.0, 0.58]",3.95
51,"[1, 4, 5]","[3, 3, 2]","[0.58, 0.75, 0.46]","[['B', 'D', 'A', 'C'], ['C', 'D', 'B', 'A'], ['D', 'B', 'A', 'C']]","{'D': 4, 'B': 3, 'A': 2, 'C': 1}","[0.67, 0.79, 0.58]",3.58
51,"[1, 4, 5]","[3, 3, 2]","[0.58, 0.75, 0.46]","[['B', 'D', 'A', 'C'], ['C', 'D', 'B', 'A'], ['D', 'B', 'C', 'A']]","{'D': 4, 'B': 3, 'A': 2, 'C': 1}","[0.67, 0.79, 0.58]",3.58
51,"[1, 4, 5]","[3, 3, 2]","[0.58, 0.75, 0.46]","[['B', 'D', 'A', 'C'], ['D', 'B', 'A', 'C'], ['B', 'C', 'A', 'D']]","{'B': 4, 'D': 3, 'A': 2, 'C': 1}","[1.0, 1.0, 0.58]",3.95
51,"[1, 4, 5]","[3, 3, 2]","[0.58, 0.75, 0.46]","[['B', 'D', 'A', 'C'], ['D', 'B', 'A', 'C'], ['B', 'C', 'D', 'A']]","{'B': 4, 'D': 3, 'A': 2, 'C': 1}","[1.0, 1.0, 0.58]",3.95
51,"[1, 4, 5]","[3, 3, 2]","[0.58, 0.75, 0.46]","[['B', 'D', 'A', 'C'], ['D', 'B', 'A', 'C'], ['B', 'D', 'A', 'C']]","{'B': 4, 'D': 4, 'A': 2, 'C': 0}","[1.0, 1.0, 0.58]",3.95
51,"[1, 4, 5]","[3, 3, 2]","[0.58, 0.75, 0.46]","[['B', 'D', 'A', 'C'], ['D', 'B', 'A', 'C'], ['B', 'D', 'C', 'A']]","{'B': 4, 'D': 4, 'A': 2, 'C': 0}","[1.0, 1.0, 0.58]",3.95
51,"[1, 4, 5]","[3, 3, 2]","[0.58, 0.75, 0.46]","[['B', 'D', 'A', 'C'], ['D', 'B', 'A', 'C'], ['C', 'B', 'A', 'D']]","{'B': 4, 'D': 3, 'A': 2, 'C': 1}","[1.0, 1.0, 0.58]",3.95
51,"[1, 4, 5]","[3, 3, 2]","[0.58, 0.75, 0.46]","[['B', 'D', 'A', 'C'], ['D', 'B', 'A', 'C'], ['C', 'B', 'D', 'A']]","{'B': 4, 'D': 3, 'A': 2, 'C': 1}","[1.0, 1.0, 0.58]",3.95
51,"[1, 4, 5]","[3, 3, 2]","[0.58, 0.75, 0.46]","[['B', 'D', 'A', 'C'], ['D', 'B', 'A', 'C'], ['C', 'D', 'A', 'B']]","{'D': 4, 'B': 3, 'A': 2, 'C': 1}","[0.67, 0.79, 0.58]",3.58
51,"[1, 4, 5]","[3, 3, 2]","[0.58, 0.75, 0.46]","[['B', 'D', 'A', 'C'], ['D', 'B', 'A', 'C'], ['C', 'D', 'B', 'A']]","{'D': 4, 'B': 3, 'A': 2, 'C': 1}","[0.67, 0.79, 0.58]",3.58
51,"[1, 4, 5]","[3, 3, 2]","[0.58, 0.75, 0.46]","[['B', 'D', 'A', 'C'], ['D', 'B', 'A', 'C'], ['D', 'B', 'A', 'C']]","{'B': 4, 'D': 4, 'A': 2, 'C': 0}","[1.0, 1.0, 0.58]",3.95
51,"[1, 4, 5]","[3, 3, 2]","[0.58, 0.75, 0.46]","[['B', 'D', 'A', 'C'], ['D', 'B', 'A', 'C'], ['D', 'B', 'C', 'A']]","{'B': 4, 'D': 4, 'A': 2, 'C': 0}","[1.0, 1.0, 0.58]",3.95
51,"[1, 4, 5]","[3, 3, 2]","[0.58, 0.75, 0.46]","[['B', 'D', 'A', 'C'], ['D', 'B', 'A', 'C'], ['D', 'C', 'A', 'B']]","{'D': 4, 'B': 3, 'A': 2, 'C': 1}","[0.67, 0.79, 0.58]",3.58
51,"[1, 4, 5]","[3, 3, 2]","[0.58, 0.75, 0.46]","[['B', 'D', 'A', 'C'], ['D', 'B', 'A', 'C'], ['D', 'C', 'B', 'A']]","{'D': 4, 'B': 3, 'A': 2, 'C': 1}","[0.67, 0.79, 0.58]",3.58
51,"[1, 4, 5]","[3, 3, 2]","[0.58, 0.75, 0.46]","[['B', 'D', 'A', 'C'], ['D', 'B', 'C', 'A'], ['B', 'C', 'A', 'D']]","{'B': 4, 'D': 3, 'A': 2, 'C': 1}","[1.0, 1.0, 0.58]",3.95
51,"[1, 4, 5]","[3, 3, 2]","[0.58, 0.75, 0.46]","[['B', 'D', 'A', 'C'], ['D', 'B', 'C', 'A'], ['B', 'C', 'D', 'A']]","{'B': 4, 'D': 3, 'A': 2, 'C': 1}","[1.0, 1.0, 0.58]",3.95
51,"[1, 4, 5]","[3, 3, 2]","[0.58, 0.75, 0.46]","[['B', 'D', 'A', 'C'], ['D', 'B', 'C', 'A'], ['B', 'D', 'A', 'C']]","{'B': 4, 'D': 4, 'A': 2, 'C': 0}","[1.0, 1.0, 0.58]",3.95
51,"[1, 4, 5]","[3, 3, 2]","[0.58, 0.75, 0.46]","[['B', 'D', 'A', 'C'], ['D', 'B', 'C', 'A'], ['B', 'D', 'C', 'A']]","{'B': 4, 'D': 4, 'A': 2, 'C': 0}","[1.0, 1.0, 0.58]",3.95
51,"[1, 4, 5]","[3, 3, 2]","[0.58, 0.75, 0.46]","[['B', 'D', 'A', 'C'], ['D', 'B', 'C', 'A'], ['C', 'B', 'A', 'D']]","{'B': 4, 'D': 3, 'A': 2, 'C': 1}","[1.0, 1.0, 0.58]",3.95
51,"[1, 4, 5]","[3, 3, 2]","[0.58, 0.75, 0.46]","[['B', 'D', 'A', 'C'], ['D', 'B', 'C', 'A'], ['C', 'B', 'D', 'A']]","{'B': 4, 'D': 3, 'A': 2, 'C': 1}","[1.0, 1.0, 0.58]",3.95
51,"[1, 4, 5]","[3, 3, 2]","[0.58, 0.75, 0.46]","[['B', 'D', 'A', 'C'], ['D', 'B', 'C', 'A'], ['C', 'D', 'A', 'B']]","{'D': 4, 'B': 3, 'A': 2, 'C': 1}","[0.67, 0.79, 0.58]",3.58
51,"[1, 4, 5]","[3, 3, 2]","[0.58, 0.75, 0.46]","[['B', 'D', 'A', 'C'], ['D', 'B', 'C', 'A'], ['C', 'D', 'B', 'A']]","{'D': 4, 'B': 3, 'A': 2, 'C': 1}","[0.67, 0.79, 0.58]",3.58
51,"[1, 4, 5]","[3, 3, 2]","[0.58, 0.75, 0.46]","[['B', 'D', 'A', 'C'], ['D', 'B', 'C', 'A'], ['D', 'B', 'A', 'C']]","{'B': 4, 'D': 4, 'A': 2, 'C': 0}","[1.0, 1.0, 0.58]",3.95
51,"[1, 4, 5]","[3, 3, 2]","[0.58, 0.75, 0.46]","[['B', 'D', 'A', 'C'], ['D', 'B', 'C', 'A'], ['D', 'B', 'C', 'A']]","{'B': 4, 'D': 4, 'A': 2, 'C': 0}","[1.0, 1.0, 0.58]",3.95
51,"[1, 4, 5]","[3, 3, 2]","[0.58, 0.75, 0.46]","[['B', 'D', 'A', 'C'], ['D', 'B', 'C', 'A'], ['D', 'C', 'A', 'B']]","{'D': 4, 'B': 3, 'A': 2, 'C': 1}","[0.67, 0.79, 0.58]",3.58
51,"[1, 4, 5]","[3, 3, 2]","[0.58, 0.75, 0.46]","[['B', 'D', 'A', 'C'], ['D', 'B', 'C', 'A'], ['D', 'C', 'B', 'A']]","{'D': 4, 'B': 3, 'A': 2, 'C': 1}","[0.67, 0.79, 0.58]",3.58
51,"[1, 4, 5]","[3, 3, 2]","[0.58, 0.75, 0.46]","[['B', 'D', 'A', 'C'], ['D', 'C', 'A', 'B'], ['B', 'C', 'A', 'D']]","{'B': 3, 'D': 3, 'A': 2, 'C': 2}","[1.0, 1.0, 0.58]",3.95
51,"[1, 4, 5]","[3, 3, 2]","[0.58, 0.75, 0.46]","[['B', 'D', 'A', 'C'], ['D', 'C', 'A', 'B'], ['B', 'C', 'D', 'A']]","{'B': 3, 'D': 3, 'A': 2, 'C': 2}","[1.0, 1.0, 0.58]",3.95
51,"[1, 4, 5]","[3, 3, 2]","[0.58, 0.75, 0.46]","[['B', 'D', 'A', 'C'], ['D', 'C', 'A', 'B'], ['B', 'D', 'A', 'C']]","{'D': 4, 'B': 3, 'A': 2, 'C': 1}","[0.67, 0.79, 0.58]",3.58
51,"[1, 4, 5]","[3, 3, 2]","[0.58, 0.75, 0.46]","[['B', 'D', 'A', 'C'], ['D', 'C', 'A', 'B'], ['B', 'D', 'C', 'A']]","{'D': 4, 'B': 3, 'A': 2, 'C': 1}","[0.67, 0.79, 0.58]",3.58
51,"[1, 4, 5]","[3, 3, 2]","[0.58, 0.75, 0.46]","[['B', 'D', 'A', 'C'], ['D', 'C', 'A', 'B'], ['C', 'B', 'A', 'D']]","{'B': 3, 'D': 3, 'A': 2, 'C': 2}","[1.0, 1.0, 0.58]",3.95
51,"[1, 4, 5]","[3, 3, 2]","[0.58, 0.75, 0.46]","[['B', 'D', 'A', 'C'], ['D', 'C', 'A', 'B'], ['C', 'B', 'D', 'A']]","{'B': 3, 'D': 3, 'A': 2, 'C': 2}","[1.0, 1.0, 0.58]",3.95
51,"[1, 4, 5]","[3, 3, 2]","[0.58, 0.75, 0.46]","[['B', 'D', 'A', 'C'], ['D', 'C', 'A', 'B'], ['D', 'B', 'A', 'C']]","{'D': 4, 'B': 3, 'A': 2, 'C': 1}","[0.67, 0.79, 0.58]",3.58
51,"[1, 4, 5]","[3, 3, 2]","[0.58, 0.75, 0.46]","[['B', 'D', 'A', 'C'], ['D', 'C', 'A', 'B'], ['D', 'B', 'C', 'A']]","{'D': 4, 'B': 3, 'A': 2, 'C': 1}","[0.67, 0.79, 0.58]",3.58
51,"[1, 4, 5]","[3, 3, 2]","[0.58, 0.75, 0.46]","[['B', 'D', 'A', 'C'], ['D', 'C', 'B', 'A'], ['B', 'C', 'A', 'D']]","{'B': 3, 'D': 3, 'A': 2, 'C': 2}","[1.0, 1.0, 0.58]",3.95
51,"[1, 4, 5]","[3, 3, 2]","[0.58, 0.75, 0.46]","[['B', 'D', 'A', 'C'], ['D', 'C', 'B', 'A'], ['B', 'C', 'D', 'A']]","{'B': 3, 'D': 3, 'A': 2, 'C': 2}","[1.0, 1.0, 0.58]",3.95
51,"[1, 4, 5]","[3, 3, 2]","[0.58, 0.75, 0.46]","[['B', 'D', 'A', 'C'], ['D', 'C', 'B', 'A'], ['B', 'D', 'A', 'C']]","{'D': 4, 'B': 3, 'A': 2, 'C': 1}","[0.67, 0.79, 0.58]",3.58
51,"[1, 4, 5]","[3, 3, 2]","[0.58, 0.75, 0.46]","[['B', 'D', 'A', 'C'], ['D', 'C', 'B', 'A'], ['B', 'D', 'C', 'A']]","{'D': 4, 'B': 3, 'A': 2, 'C': 1}","[0.67, 0.79, 0.58]",3.58
51,"[1, 4, 5]","[3, 3, 2]","[0.58, 0.75, 0.46]","[['B', 'D', 'A', 'C'], ['D', 'C', 'B', 'A'], ['C', 'B', 'A', 'D']]","{'B': 3, 'D': 3, 'A': 2, 'C': 2}","[1.0, 1.0, 0.58]",3.95
51,"[1, 4, 5]","[3, 3, 2]","[0.58, 0.75, 0.46]","[['B', 'D', 'A', 'C'], ['D', 'C', 'B', 'A'], ['C', 'B', 'D', 'A']]","{'B': 3, 'D': 3, 'A': 2, 'C': 2}","[1.0, 1.0, 0.58]",3.95
51,"[1, 4, 5]","[3, 3, 2]","[0.58, 0.75, 0.46]","[['B', 'D', 'A', 'C'], ['D', 'C', 'B', 'A'], ['D', 'B', 'A', 'C']]","{'D': 4, 'B': 3, 'A': 2, 'C': 1}","[0.67, 0.79, 0.58]",3.58
51,"[1, 4, 5]","[3, 3, 2]","[0.58, 0.75, 0.46]","[['B', 'D', 'A', 'C'], ['D', 'C', 'B', 'A'], ['D', 'B', 'C', 'A']]","{'D': 4, 'B': 3, 'A': 2, 'C': 1}","[0.67, 0.79, 0.58]",3.58
51,"[1, 4, 5]","[3, 3, 2]","[0.58, 0.75, 0.46]","[['B', 'D', 'C', 'A'], ['B', 'C', 'A', 'D'], ['B', 'C', 'A', 'D']]","{'B': 4, 'A': 2, 'C': 2, 'D': 2}","[1.0, 1.0, 0.5]",3.96
51,"[1, 4, 5]","[3, 3, 2]","[0.58, 0.75, 0.46]","[['B', 'D', 'C', 'A'], ['B', 'C', 'A', 'D'], ['B', 'C', 'D', 'A']]","{'B': 4, 'A': 2, 'C': 2, 'D': 2}","[1.0, 1.0, 0.5]",3.96
51,"[1, 4, 5]","[3, 3, 2]","[0.58, 0.75, 0.46]","[['B', 'D', 'C', 'A'], ['B', 'C', 'A', 'D'], ['B', 'D', 'A', 'C']]","{'B': 4, 'D': 3, 'A': 2, 'C': 1}","[1.0, 1.0, 0.58]",3.95
51,"[1, 4, 5]","[3, 3, 2]","[0.58, 0.75, 0.46]","[['B', 'D', 'C', 'A'], ['B', 'C', 'A', 'D'], ['B', 'D', 'C', 'A']]","{'B': 4, 'D': 3, 'A': 2, 'C': 1}","[1.0, 1.0, 0.58]",3.95
51,"[1, 4, 5]","[3, 3, 2]","[0.58, 0.75, 0.46]","[['B', 'D', 'C', 'A'], ['B', 'C', 'A', 'D'], ['C', 'B', 'A', 'D']]","{'B': 4, 'A': 2, 'C': 2, 'D': 2}","[1.0, 1.0, 0.5]",3.96
51,"[1, 4, 5]","[3, 3, 2]","[0.58, 0.75, 0.46]","[['B', 'D', 'C', 'A'], ['B', 'C', 'A', 'D'], ['C', 'B', 'D', 'A']]","{'B': 4, 'A': 2, 'C': 2, 'D': 2}","[1.0, 1.0, 0.5]",3.96
51,"[1, 4, 5]","[3, 3, 2]","[0.58, 0.75, 0.46]","[['B', 'D', 'C', 'A'], ['B', 'C', 'A', 'D'], ['C', 'D', 'A', 'B']]","{'B': 3, 'D': 3, 'A': 2, 'C': 2}","[1.0, 1.0, 0.58]",3.95
51,"[1, 4, 5]","[3, 3, 2]","[0.58, 0.75, 0.46]","[['B', 'D', 'C', 'A'], ['B', 'C', 'A', 'D'], ['C', 'D', 'B', 'A']]","{'B': 3, 'D': 3, 'A': 2, 'C': 2}","[1.0, 1.0, 0.58]",3.95
51,"[1, 4, 5]","[3, 3, 2]","[0.58, 0.75, 0.46]","[['B', 'D', 'C', 'A'], ['B', 'C', 'A', 'D'], ['D', 'B', 'A', 'C']]","{'B': 4, 'D': 3, 'A': 2, 'C': 1}","[1.0, 1.0, 0.58]",3.95
51,"[1, 4, 5]","[3, 3, 2]","[0.58, 0.75, 0.46]","[['B', 'D', 'C', 'A'], ['B', 'C', 'A', 'D'], ['D', 'B', 'C', 'A']]","{'B': 4, 'D': 3, 'A': 2, 'C': 1}","[1.0, 1.0, 0.58]",3.95
51,"[1, 4, 5]","[3, 3, 2]","[0.58, 0.75, 0.46]","[['B', 'D', 'C', 'A'], ['B', 'C', 'A', 'D'], ['D', 'C', 'A', 'B']]","{'B': 3, 'D': 3, 'A': 2, 'C': 2}","[1.0, 1.0, 0.58]",3.95
51,"[1, 4, 5]","[3, 3, 2]","[0.58, 0.75, 0.46]","[['B', 'D', 'C', 'A'], ['B', 'C', 'A', 'D'], ['D', 'C', 'B', 'A']]","{'B': 3, 'D': 3, 'A': 2, 'C': 2}","[1.0, 1.0, 0.58]",3.95
51,"[1, 4, 5]","[3, 3, 2]","[0.58, 0.75, 0.46]","[['B', 'D', 'C', 'A'], ['B', 'C', 'D', 'A'], ['B', 'C', 'A', 'D']]","{'B': 4, 'A': 2, 'C': 2, 'D': 2}","[1.0, 1.0, 0.5]",3.96
51,"[1, 4, 5]","[3, 3, 2]","[0.58, 0.75, 0.46]","[['B', 'D', 'C', 'A'], ['B', 'C', 'D', 'A'], ['B', 'C', 'D', 'A']]","{'B': 4, 'A': 2, 'C': 2, 'D': 2}","[1.0, 1.0, 0.5]",3.96
51,"[1, 4, 5]","[3, 3, 2]","[0.58, 0.75, 0.46]","[['B', 'D', 'C', 'A'], ['B', 'C', 'D', 'A'], ['B', 'D', 'A', 'C']]","{'B': 4, 'D': 3, 'A': 2, 'C': 1}","[1.0, 1.0, 0.58]",3.95
51,"[1, 4, 5]","[3, 3, 2]","[0.58, 0.75, 0.46]","[['B', 'D', 'C', 'A'], ['B', 'C', 'D', 'A'], ['B', 'D', 'C', 'A']]","{'B': 4, 'D': 3, 'A': 2, 'C': 1}","[1.0, 1.0, 0.58]",3.95
51,"[1, 4, 5]","[3, 3, 2]","[0.58, 0.75, 0.46]","[['B', 'D', 'C', 'A'], ['B', 'C', 'D', 'A'], ['C', 'B', 'A', 'D']]","{'B': 4, 'A': 2, 'C': 2, 'D': 2}","[1.0, 1.0, 0.5]",3.96
51,"[1, 4, 5]","[3, 3, 2]","[0.58, 0.75, 0.46]","[['B', 'D', 'C', 'A'], ['B', 'C', 'D', 'A'], ['C', 'B', 'D', 'A']]","{'B': 4, 'A': 2, 'C': 2, 'D': 2}","[1.0, 1.0, 0.5]",3.96
51,"[1, 4, 5]","[3, 3, 2]","[0.58, 0.75, 0.46]","[['B', 'D', 'C', 'A'], ['B', 'C', 'D', 'A'], ['C', 'D', 'A', 'B']]","{'B': 3, 'D': 3, 'A': 2, 'C': 2}","[1.0, 1.0, 0.58]",3.95
51,"[1, 4, 5]","[3, 3, 2]","[0.58, 0.75, 0.46]","[['B', 'D', 'C', 'A'], ['B', 'C', 'D', 'A'], ['C', 'D', 'B', 'A']]","{'B': 3, 'D': 3, 'A': 2, 'C': 2}","[1.0, 1.0, 0.58]",3.95
51,"[1, 4, 5]","[3, 3, 2]","[0.58, 0.75, 0.46]","[['B', 'D', 'C', 'A'], ['B', 'C', 'D', 'A'], ['D', 'B', 'A', 'C']]","{'B': 4, 'D': 3, 'A': 2, 'C': 1}","[1.0, 1.0, 0.58]",3.95
51,"[1, 4, 5]","[3, 3, 2]","[0.58, 0.75, 0.46]","[['B', 'D', 'C', 'A'], ['B', 'C', 'D', 'A'], ['D', 'B', 'C', 'A']]","{'B': 4, 'D': 3, 'A': 2, 'C': 1}","[1.0, 1.0, 0.58]",3.95
51,"[1, 4, 5]","[3, 3, 2]","[0.58, 0.75, 0.46]","[['B', 'D', 'C', 'A'], ['B', 'C', 'D', 'A'], ['D', 'C', 'A', 'B']]","{'B': 3, 'D': 3, 'A': 2, 'C': 2}","[1.0, 1.0, 0.58]",3.95
51,"[1, 4, 5]","[3, 3, 2]","[0.58, 0.75, 0.46]","[['B', 'D', 'C', 'A'], ['B', 'C', 'D', 'A'], ['D', 'C', 'B', 'A']]","{'B': 3, 'D': 3, 'A': 2, 'C': 2}","[1.0, 1.0, 0.58]",3.95
51,"[1, 4, 5]","[3, 3, 2]","[0.58, 0.75, 0.46]","[['B', 'D', 'C', 'A'], ['B', 'D', 'A', 'C'], ['B', 'C', 'A', 'D']]","{'B': 4, 'D': 3, 'A': 2, 'C': 1}","[1.0, 1.0, 0.58]",3.95
51,"[1, 4, 5]","[3, 3, 2]","[0.58, 0.75, 0.46]","[['B', 'D', 'C', 'A'], ['B', 'D', 'A', 'C'], ['B', 'C', 'D', 'A']]","{'B': 4, 'D': 3, 'A': 2, 'C': 1}","[1.0, 1.0, 0.58]",3.95
51,"[1, 4, 5]","[3, 3, 2]","[0.58, 0.75, 0.46]","[['B', 'D', 'C', 'A'], ['B', 'D', 'A', 'C'], ['B', 'D', 'A', 'C']]","{'B': 4, 'D': 4, 'A': 2, 'C': 0}","[1.0, 1.0, 0.58]",3.95
51,"[1, 4, 5]","[3, 3, 2]","[0.58, 0.75, 0.46]","[['B', 'D', 'C', 'A'], ['B', 'D', 'A', 'C'], ['B', 'D', 'C', 'A']]","{'B': 4, 'D': 4, 'A': 2, 'C': 0}","[1.0, 1.0, 0.58]",3.95
51,"[1, 4, 5]","[3, 3, 2]","[0.58, 0.75, 0.46]","[['B', 'D', 'C', 'A'], ['B', 'D', 'A', 'C'], ['C', 'B', 'A', 'D']]","{'B': 4, 'D': 3, 'A': 2, 'C': 1}","[1.0, 1.0, 0.58]",3.95
51,"[1, 4, 5]","[3, 3, 2]","[0.58, 0.75, 0.46]","[['B', 'D', 'C', 'A'], ['B', 'D', 'A', 'C'], ['C', 'B', 'D', 'A']]","{'B': 4, 'D': 3, 'A': 2, 'C': 1}","[1.0, 1.0, 0.58]",3.95
51,"[1, 4, 5]","[3, 3, 2]","[0.58, 0.75, 0.46]","[['B', 'D', 'C', 'A'], ['B', 'D', 'A', 'C'], ['C', 'D', 'A', 'B']]","{'D': 4, 'B': 3, 'A': 2, 'C': 1}","[0.67, 0.79, 0.58]",3.58
51,"[1, 4, 5]","[3, 3, 2]","[0.58, 0.75, 0.46]","[['B', 'D', 'C', 'A'], ['B', 'D', 'A', 'C'], ['C', 'D', 'B', 'A']]","{'D': 4, 'B': 3, 'A': 2, 'C': 1}","[0.67, 0.79, 0.58]",3.58
51,"[1, 4, 5]","[3, 3, 2]","[0.58, 0.75, 0.46]","[['B', 'D', 'C', 'A'], ['B', 'D', 'A', 'C'], ['D', 'B', 'A', 'C']]","{'B': 4, 'D': 4, 'A': 2, 'C': 0}","[1.0, 1.0, 0.58]",3.95
51,"[1, 4, 5]","[3, 3, 2]","[0.58, 0.75, 0.46]","[['B', 'D', 'C', 'A'], ['B', 'D', 'A', 'C'], ['D', 'B', 'C', 'A']]","{'B': 4, 'D': 4, 'A': 2, 'C': 0}","[1.0, 1.0, 0.58]",3.95
51,"[1, 4, 5]","[3, 3, 2]","[0.58, 0.75, 0.46]","[['B', 'D', 'C', 'A'], ['B', 'D', 'A', 'C'], ['D', 'C', 'A', 'B']]","{'D': 4, 'B': 3, 'A': 2, 'C': 1}","[0.67, 0.79, 0.58]",3.58
51,"[1, 4, 5]","[3, 3, 2]","[0.58, 0.75, 0.46]","[['B', 'D', 'C', 'A'], ['B', 'D', 'A', 'C'], ['D', 'C', 'B', 'A']]","{'D': 4, 'B': 3, 'A': 2, 'C': 1}","[0.67, 0.79, 0.58]",3.58
51,"[1, 4, 5]","[3, 3, 2]","[0.58, 0.75, 0.46]","[['B', 'D', 'C', 'A'], ['B', 'D', 'C', 'A'], ['B', 'C', 'A', 'D']]","{'B': 4, 'D': 3, 'A': 2, 'C': 1}","[1.0, 1.0, 0.58]",3.95
51,"[1, 4, 5]","[3, 3, 2]","[0.58, 0.75, 0.46]","[['B', 'D', 'C', 'A'], ['B', 'D', 'C', 'A'], ['B', 'C', 'D', 'A']]","{'B': 4, 'D': 3, 'A': 2, 'C': 1}","[1.0, 1.0, 0.58]",3.95
51,"[1, 4, 5]","[3, 3, 2]","[0.58, 0.75, 0.46]","[['B', 'D', 'C', 'A'], ['B', 'D', 'C', 'A'], ['B', 'D', 'A', 'C']]","{'B': 4, 'D': 4, 'A': 2, 'C': 0}","[1.0, 1.0, 0.58]",3.95
51,"[1, 4, 5]","[3, 3, 2]","[0.58, 0.75, 0.46]","[['B', 'D', 'C', 'A'], ['B', 'D', 'C', 'A'], ['B', 'D', 'C', 'A']]","{'B': 4, 'D': 4, 'A': 2, 'C': 0}","[1.0, 1.0, 0.58]",3.95
51,"[1, 4, 5]","[3, 3, 2]","[0.58, 0.75, 0.46]","[['B', 'D', 'C', 'A'], ['B', 'D', 'C', 'A'], ['C', 'B', 'A', 'D']]","{'B': 4, 'D': 3, 'A': 2, 'C': 1}","[1.0, 1.0, 0.58]",3.95
51,"[1, 4, 5]","[3, 3, 2]","[0.58, 0.75, 0.46]","[['B', 'D', 'C', 'A'], ['B', 'D', 'C', 'A'], ['C', 'B', 'D', 'A']]","{'B': 4, 'D': 3, 'A': 2, 'C': 1}","[1.0, 1.0, 0.58]",3.95
51,"[1, 4, 5]","[3, 3, 2]","[0.58, 0.75, 0.46]","[['B', 'D', 'C', 'A'], ['B', 'D', 'C', 'A'], ['C', 'D', 'A', 'B']]","{'D': 4, 'B': 3, 'A': 2, 'C': 1}","[0.67, 0.79, 0.58]",3.58
51,"[1, 4, 5]","[3, 3, 2]","[0.58, 0.75, 0.46]","[['B', 'D', 'C', 'A'], ['B', 'D', 'C', 'A'], ['C', 'D', 'B', 'A']]","{'D': 4, 'B': 3, 'A': 2, 'C': 1}","[0.67, 0.79, 0.58]",3.58
51,"[1, 4, 5]","[3, 3, 2]","[0.58, 0.75, 0.46]","[['B', 'D', 'C', 'A'], ['B', 'D', 'C', 'A'], ['D', 'B', 'A', 'C']]","{'B': 4, 'D': 4, 'A': 2, 'C': 0}","[1.0, 1.0, 0.58]",3.95
51,"[1, 4, 5]","[3, 3, 2]","[0.58, 0.75, 0.46]","[['B', 'D', 'C', 'A'], ['B', 'D', 'C', 'A'], ['D', 'B', 'C', 'A']]","{'B': 4, 'D': 4, 'A': 2, 'C': 0}","[1.0, 1.0, 0.58]",3.95
51,"[1, 4, 5]","[3, 3, 2]","[0.58, 0.75, 0.46]","[['B', 'D', 'C', 'A'], ['B', 'D', 'C', 'A'], ['D', 'C', 'A', 'B']]","{'D': 4, 'B': 3, 'A': 2, 'C': 1}","[0.67, 0.79, 0.58]",3.58
51,"[1, 4, 5]","[3, 3, 2]","[0.58, 0.75, 0.46]","[['B', 'D', 'C', 'A'], ['B', 'D', 'C', 'A'], ['D', 'C', 'B', 'A']]","{'D': 4, 'B': 3, 'A': 2, 'C': 1}","[0.67, 0.79, 0.58]",3.58
51,"[1, 4, 5]","[3, 3, 2]","[0.58, 0.75, 0.46]","[['B', 'D', 'C', 'A'], ['C', 'B', 'A', 'D'], ['B', 'C', 'A', 'D']]","{'B': 4, 'A': 2, 'C': 2, 'D': 2}","[1.0, 1.0, 0.5]",3.96
51,"[1, 4, 5]","[3, 3, 2]","[0.58, 0.75, 0.46]","[['B', 'D', 'C', 'A'], ['C', 'B', 'A', 'D'], ['B', 'C', 'D', 'A']]","{'B': 4, 'A': 2, 'C': 2, 'D': 2}","[1.0, 1.0, 0.5]",3.96
51,"[1, 4, 5]","[3, 3, 2]","[0.58, 0.75, 0.46]","[['B', 'D', 'C', 'A'], ['C', 'B', 'A', 'D'], ['B', 'D', 'A', 'C']]","{'B': 4, 'D': 3, 'A': 2, 'C': 1}","[1.0, 1.0, 0.58]",3.95
51,"[1, 4, 5]","[3, 3, 2]","[0.58, 0.75, 0.46]","[['B', 'D', 'C', 'A'], ['C', 'B', 'A', 'D'], ['B', 'D', 'C', 'A']]","{'B': 4, 'D': 3, 'A': 2, 'C': 1}","[1.0, 1.0, 0.58]",3.95
51,"[1, 4, 5]","[3, 3, 2]","[0.58, 0.75, 0.46]","[['B', 'D', 'C', 'A'], ['C', 'B', 'A', 'D'], ['C', 'B', 'A', 'D']]","{'B': 4, 'A': 2, 'C': 2, 'D': 2}","[1.0, 1.0, 0.5]",3.96
51,"[1, 4, 5]","[3, 3, 2]","[0.58, 0.75, 0.46]","[['B', 'D', 'C', 'A'], ['C', 'B', 'A', 'D'], ['C', 'B', 'D', 'A']]","{'B': 4, 'A': 2, 'C': 2, 'D': 2}","[1.0, 1.0, 0.5]",3.96
51,"[1, 4, 5]","[3, 3, 2]","[0.58, 0.75, 0.46]","[['B', 'D', 'C', 'A'], ['C', 'B', 'A', 'D'], ['C', 'D', 'A', 'B']]","{'B': 3, 'D': 3, 'A': 2, 'C': 2}","[1.0, 1.0, 0.58]",3.95
51,"[1, 4, 5]","[3, 3, 2]","[0.58, 0.75, 0.46]","[['B', 'D', 'C', 'A'], ['C', 'B', 'A', 'D'], ['C', 'D', 'B', 'A']]","{'B': 3, 'D': 3, 'A': 2, 'C': 2}","[1.0, 1.0, 0.58]",3.95
51,"[1, 4, 5]","[3, 3, 2]","[0.58, 0.75, 0.46]","[['B', 'D', 'C', 'A'], ['C', 'B', 'A', 'D'], ['D', 'B', 'A', 'C']]","{'B': 4, 'D': 3, 'A': 2, 'C': 1}","[1.0, 1.0, 0.58]",3.95
51,"[1, 4, 5]","[3, 3, 2]","[0.58, 0.75, 0.46]","[['B', 'D', 'C', 'A'], ['C', 'B', 'A', 'D'], ['D', 'B', 'C', 'A']]","{'B': 4, 'D': 3, 'A': 2, 'C': 1}","[1.0, 1.0, 0.58]",3.95
51,"[1, 4, 5]","[3, 3, 2]","[0.58, 0.75, 0.46]","[['B', 'D', 'C', 'A'], ['C', 'B', 'A', 'D'], ['D', 'C', 'A', 'B']]","{'B': 3, 'D': 3, 'A': 2, 'C': 2}","[1.0, 1.0, 0.58]",3.95
51,"[1, 4, 5]","[3, 3, 2]","[0.58, 0.75, 0.46]","[['B', 'D', 'C', 'A'], ['C', 'B', 'A', 'D'], ['D', 'C', 'B', 'A']]","{'B': 3, 'D': 3, 'A': 2, 'C': 2}","[1.0, 1.0, 0.58]",3.95
51,"[1, 4, 5]","[3, 3, 2]","[0.58, 0.75, 0.46]","[['B', 'D', 'C', 'A'], ['C', 'B', 'D', 'A'], ['B', 'C', 'A', 'D']]","{'B': 4, 'A': 2, 'C': 2, 'D': 2}","[1.0, 1.0, 0.5]",3.96
51,"[1, 4, 5]","[3, 3, 2]","[0.58, 0.75, 0.46]","[['B', 'D', 'C', 'A'], ['C', 'B', 'D', 'A'], ['B', 'C', 'D', 'A']]","{'B': 4, 'A': 2, 'C': 2, 'D': 2}","[1.0, 1.0, 0.5]",3.96
51,"[1, 4, 5]","[3, 3, 2]","[0.58, 0.75, 0.46]","[['B', 'D', 'C', 'A'], ['C', 'B', 'D', 'A'], ['B', 'D', 'A', 'C']]","{'B': 4, 'D': 3, 'A': 2, 'C': 1}","[1.0, 1.0, 0.58]",3.95
51,"[1, 4, 5]","[3, 3, 2]","[0.58, 0.75, 0.46]","[['B', 'D', 'C', 'A'], ['C', 'B', 'D', 'A'], ['B', 'D', 'C', 'A']]","{'B': 4, 'D': 3, 'A': 2, 'C': 1}","[1.0, 1.0, 0.58]",3.95
51,"[1, 4, 5]","[3, 3, 2]","[0.58, 0.75, 0.46]","[['B', 'D', 'C', 'A'], ['C', 'B', 'D', 'A'], ['C', 'B', 'A', 'D']]","{'B': 4, 'A': 2, 'C': 2, 'D': 2}","[1.0, 1.0, 0.5]",3.96
51,"[1, 4, 5]","[3, 3, 2]","[0.58, 0.75, 0.46]","[['B', 'D', 'C', 'A'], ['C', 'B', 'D', 'A'], ['C', 'B', 'D', 'A']]","{'B': 4, 'A': 2, 'C': 2, 'D': 2}","[1.0, 1.0, 0.5]",3.96
51,"[1, 4, 5]","[3, 3, 2]","[0.58, 0.75, 0.46]","[['B', 'D', 'C', 'A'], ['C', 'B', 'D', 'A'], ['C', 'D', 'A', 'B']]","{'B': 3, 'D': 3, 'A': 2, 'C': 2}","[1.0, 1.0, 0.58]",3.95
51,"[1, 4, 5]","[3, 3, 2]","[0.58, 0.75, 0.46]","[['B', 'D', 'C', 'A'], ['C', 'B', 'D', 'A'], ['C', 'D', 'B', 'A']]","{'B': 3, 'D': 3, 'A': 2, 'C': 2}","[1.0, 1.0, 0.58]",3.95
51,"[1, 4, 5]","[3, 3, 2]","[0.58, 0.75, 0.46]","[['B', 'D', 'C', 'A'], ['C', 'B', 'D', 'A'], ['D', 'B', 'A', 'C']]","{'B': 4, 'D': 3, 'A': 2, 'C': 1}","[1.0, 1.0, 0.58]",3.95
51,"[1, 4, 5]","[3, 3, 2]","[0.58, 0.75, 0.46]","[['B', 'D', 'C', 'A'], ['C', 'B', 'D', 'A'], ['D', 'B', 'C', 'A']]","{'B': 4, 'D': 3, 'A': 2, 'C': 1}","[1.0, 1.0, 0.58]",3.95
51,"[1, 4, 5]","[3, 3, 2]","[0.58, 0.75, 0.46]","[['B', 'D', 'C', 'A'], ['C', 'B', 'D', 'A'], ['D', 'C', 'A', 'B']]","{'B': 3, 'D': 3, 'A': 2, 'C': 2}","[1.0, 1.0, 0.58]",3.95
51,"[1, 4, 5]","[3, 3, 2]","[0.58, 0.75, 0.46]","[['B', 'D', 'C', 'A'], ['C', 'B', 'D', 'A'], ['D', 'C', 'B', 'A']]","{'B': 3, 'D': 3, 'A': 2, 'C': 2}","[1.0, 1.0, 0.58]",3.95
51,"[1, 4, 5]","[3, 3, 2]","[0.58, 0.75, 0.46]","[['B', 'D', 'C', 'A'], ['C', 'D', 'A', 'B'], ['B', 'C', 'A', 'D']]","{'B': 3, 'D': 3, 'A': 2, 'C': 2}","[1.0, 1.0, 0.58]",3.95
51,"[1, 4, 5]","[3, 3, 2]","[0.58, 0.75, 0.46]","[['B', 'D', 'C', 'A'], ['C', 'D', 'A', 'B'], ['B', 'C', 'D', 'A']]","{'B': 3, 'D': 3, 'A': 2, 'C': 2}","[1.0, 1.0, 0.58]",3.95
51,"[1, 4, 5]","[3, 3, 2]","[0.58, 0.75, 0.46]","[['B', 'D', 'C', 'A'], ['C', 'D', 'A', 'B'], ['B', 'D', 'A', 'C']]","{'D': 4, 'B': 3, 'A': 2, 'C': 1}","[0.67, 0.79, 0.58]",3.58
51,"[1, 4, 5]","[3, 3, 2]","[0.58, 0.75, 0.46]","[['B', 'D', 'C', 'A'], ['C', 'D', 'A', 'B'], ['B', 'D', 'C', 'A']]","{'D': 4, 'B': 3, 'A': 2, 'C': 1}","[0.67, 0.79, 0.58]",3.58
51,"[1, 4, 5]","[3, 3, 2]","[0.58, 0.75, 0.46]","[['B', 'D', 'C', 'A'], ['C', 'D', 'A', 'B'], ['C', 'B', 'A', 'D']]","{'B': 3, 'D': 3, 'A': 2, 'C': 2}","[1.0, 1.0, 0.58]",3.95
51,"[1, 4, 5]","[3, 3, 2]","[0.58, 0.75, 0.46]","[['B', 'D', 'C', 'A'], ['C', 'D', 'A', 'B'], ['C', 'B', 'D', 'A']]","{'B': 3, 'D': 3, 'A': 2, 'C': 2}","[1.0, 1.0, 0.58]",3.95
51,"[1, 4, 5]","[3, 3, 2]","[0.58, 0.75, 0.46]","[['B', 'D', 'C', 'A'], ['C', 'D', 'A', 'B'], ['D', 'B', 'A', 'C']]","{'D': 4, 'B': 3, 'A': 2, 'C': 1}","[0.67, 0.79, 0.58]",3.58
51,"[1, 4, 5]","[3, 3, 2]","[0.58, 0.75, 0.46]","[['B', 'D', 'C', 'A'], ['C', 'D', 'A', 'B'], ['D', 'B', 'C', 'A']]","{'D': 4, 'B': 3, 'A': 2, 'C': 1}","[0.67, 0.79, 0.58]",3.58
51,"[1, 4, 5]","[3, 3, 2]","[0.58, 0.75, 0.46]","[['B', 'D', 'C', 'A'], ['C', 'D', 'B', 'A'], ['B', 'C', 'A', 'D']]","{'B': 3, 'D': 3, 'A': 2, 'C': 2}","[1.0, 1.0, 0.58]",3.95
51,"[1, 4, 5]","[3, 3, 2]","[0.58, 0.75, 0.46]","[['B', 'D', 'C', 'A'], ['C', 'D', 'B', 'A'], ['B', 'C', 'D', 'A']]","{'B': 3, 'D': 3, 'A': 2, 'C': 2}","[1.0, 1.0, 0.58]",3.95
51,"[1, 4, 5]","[3, 3, 2]","[0.58, 0.75, 0.46]","[['B', 'D', 'C', 'A'], ['C', 'D', 'B', 'A'], ['B', 'D', 'A', 'C']]","{'D': 4, 'B': 3, 'A': 2, 'C': 1}","[0.67, 0.79, 0.58]",3.58
51,"[1, 4, 5]","[3, 3, 2]","[0.58, 0.75, 0.46]","[['B', 'D', 'C', 'A'], ['C', 'D', 'B', 'A'], ['B', 'D', 'C', 'A']]","{'D': 4, 'B': 3, 'A': 2, 'C': 1}","[0.67, 0.79, 0.58]",3.58
51,"[1, 4, 5]","[3, 3, 2]","[0.58, 0.75, 0.46]","[['B', 'D', 'C', 'A'], ['C', 'D', 'B', 'A'], ['C', 'B', 'A', 'D']]","{'B': 3, 'D': 3, 'A': 2, 'C': 2}","[1.0, 1.0, 0.58]",3.95
51,"[1, 4, 5]","[3, 3, 2]","[0.58, 0.75, 0.46]","[['B', 'D', 'C', 'A'], ['C', 'D', 'B', 'A'], ['C', 'B', 'D', 'A']]","{'B': 3, 'D': 3, 'A': 2, 'C': 2}","[1.0, 1.0, 0.58]",3.95
51,"[1, 4, 5]","[3, 3, 2]","[0.58, 0.75, 0.46]","[['B', 'D', 'C', 'A'], ['C', 'D', 'B', 'A'], ['D', 'B', 'A', 'C']]","{'D': 4, 'B': 3, 'A': 2, 'C': 1}","[0.67, 0.79, 0.58]",3.58
51,"[1, 4, 5]","[3, 3, 2]","[0.58, 0.75, 0.46]","[['B', 'D', 'C', 'A'], ['C', 'D', 'B', 'A'], ['D', 'B', 'C', 'A']]","{'D': 4, 'B': 3, 'A': 2, 'C': 1}","[0.67, 0.79, 0.58]",3.58
51,"[1, 4, 5]","[3, 3, 2]","[0.58, 0.75, 0.46]","[['B', 'D', 'C', 'A'], ['D', 'B', 'A', 'C'], ['B', 'C', 'A', 'D']]","{'B': 4, 'D': 3, 'A': 2, 'C': 1}","[1.0, 1.0, 0.58]",3.95
51,"[1, 4, 5]","[3, 3, 2]","[0.58, 0.75, 0.46]","[['B', 'D', 'C', 'A'], ['D', 'B', 'A', 'C'], ['B', 'C', 'D', 'A']]","{'B': 4, 'D': 3, 'A': 2, 'C': 1}","[1.0, 1.0, 0.58]",3.95
51,"[1, 4, 5]","[3, 3, 2]","[0.58, 0.75, 0.46]","[['B', 'D', 'C', 'A'], ['D', 'B', 'A', 'C'], ['B', 'D', 'A', 'C']]","{'B': 4, 'D': 4, 'A': 2, 'C': 0}","[1.0, 1.0, 0.58]",3.95
51,"[1, 4, 5]","[3, 3, 2]","[0.58, 0.75, 0.46]","[['B', 'D', 'C', 'A'], ['D', 'B', 'A', 'C'], ['B', 'D', 'C', 'A']]","{'B': 4, 'D': 4, 'A': 2, 'C': 0}","[1.0, 1.0, 0.58]",3.95
51,"[1, 4, 5]","[3, 3, 2]","[0.58, 0.75, 0.46]","[['B', 'D', 'C', 'A'], ['D', 'B', 'A', 'C'], ['C', 'B', 'A', 'D']]","{'B': 4, 'D': 3, 'A': 2, 'C': 1}","[1.0, 1.0, 0.58]",3.95
51,"[1, 4, 5]","[3, 3, 2]","[0.58, 0.75, 0.46]","[['B', 'D', 'C', 'A'], ['D', 'B', 'A', 'C'], ['C', 'B', 'D', 'A']]","{'B': 4, 'D': 3, 'A': 2, 'C': 1}","[1.0, 1.0, 0.58]",3.95
51,"[1, 4, 5]","[3, 3, 2]","[0.58, 0.75, 0.46]","[['B', 'D', 'C', 'A'], ['D', 'B', 'A', 'C'], ['C', 'D', 'A', 'B']]","{'D': 4, 'B': 3, 'A': 2, 'C': 1}","[0.67, 0.79, 0.58]",3.58
51,"[1, 4, 5]","[3, 3, 2]","[0.58, 0.75, 0.46]","[['B', 'D', 'C', 'A'], ['D', 'B', 'A', 'C'], ['C', 'D', 'B', 'A']]","{'D': 4, 'B': 3, 'A': 2, 'C': 1}","[0.67, 0.79, 0.58]",3.58
51,"[1, 4, 5]","[3, 3, 2]","[0.58, 0.75, 0.46]","[['B', 'D', 'C', 'A'], ['D', 'B', 'A', 'C'], ['D', 'B', 'A', 'C']]","{'B': 4, 'D': 4, 'A': 2, 'C': 0}","[1.0, 1.0, 0.58]",3.95
51,"[1, 4, 5]","[3, 3, 2]","[0.58, 0.75, 0.46]","[['B', 'D', 'C', 'A'], ['D', 'B', 'A', 'C'], ['D', 'B', 'C', 'A']]","{'B': 4, 'D': 4, 'A': 2, 'C': 0}","[1.0, 1.0, 0.58]",3.95
51,"[1, 4, 5]","[3, 3, 2]","[0.58, 0.75, 0.46]","[['B', 'D', 'C', 'A'], ['D', 'B', 'A', 'C'], ['D', 'C', 'A', 'B']]","{'D': 4, 'B': 3, 'A': 2, 'C': 1}","[0.67, 0.79, 0.58]",3.58
51,"[1, 4, 5]","[3, 3, 2]","[0.58, 0.75, 0.46]","[['B', 'D', 'C', 'A'], ['D', 'B', 'A', 'C'], ['D', 'C', 'B', 'A']]","{'D': 4, 'B': 3, 'A': 2, 'C': 1}","[0.67, 0.79, 0.58]",3.58
51,"[1, 4, 5]","[3, 3, 2]","[0.58, 0.75, 0.46]","[['B', 'D', 'C', 'A'], ['D', 'B', 'C', 'A'], ['B', 'C', 'A', 'D']]","{'B': 4, 'D': 3, 'A': 2, 'C': 1}","[1.0, 1.0, 0.58]",3.95
51,"[1, 4, 5]","[3, 3, 2]","[0.58, 0.75, 0.46]","[['B', 'D', 'C', 'A'], ['D', 'B', 'C', 'A'], ['B', 'C', 'D', 'A']]","{'B': 4, 'D': 3, 'A': 2, 'C': 1}","[1.0, 1.0, 0.58]",3.95
51,"[1, 4, 5]","[3, 3, 2]","[0.58, 0.75, 0.46]","[['B', 'D', 'C', 'A'], ['D', 'B', 'C', 'A'], ['B', 'D', 'A', 'C']]","{'B': 4, 'D': 4, 'A': 2, 'C': 0}","[1.0, 1.0, 0.58]",3.95
51,"[1, 4, 5]","[3, 3, 2]","[0.58, 0.75, 0.46]","[['B', 'D', 'C', 'A'], ['D', 'B', 'C', 'A'], ['B', 'D', 'C', 'A']]","{'B': 4, 'D': 4, 'A': 2, 'C': 0}","[1.0, 1.0, 0.58]",3.95
51,"[1, 4, 5]","[3, 3, 2]","[0.58, 0.75, 0.46]","[['B', 'D', 'C', 'A'], ['D', 'B', 'C', 'A'], ['C', 'B', 'A', 'D']]","{'B': 4, 'D': 3, 'A': 2, 'C': 1}","[1.0, 1.0, 0.58]",3.95
51,"[1, 4, 5]","[3, 3, 2]","[0.58, 0.75, 0.46]","[['B', 'D', 'C', 'A'], ['D', 'B', 'C', 'A'], ['C', 'B', 'D', 'A']]","{'B': 4, 'D': 3, 'A': 2, 'C': 1}","[1.0, 1.0, 0.58]",3.95
51,"[1, 4, 5]","[3, 3, 2]","[0.58, 0.75, 0.46]","[['B', 'D', 'C', 'A'], ['D', 'B', 'C', 'A'], ['C', 'D', 'A', 'B']]","{'D': 4, 'B': 3, 'A': 2, 'C': 1}","[0.67, 0.79, 0.58]",3.58
51,"[1, 4, 5]","[3, 3, 2]","[0.58, 0.75, 0.46]","[['B', 'D', 'C', 'A'], ['D', 'B', 'C', 'A'], ['C', 'D', 'B', 'A']]","{'D': 4, 'B': 3, 'A': 2, 'C': 1}","[0.67, 0.79, 0.58]",3.58
51,"[1, 4, 5]","[3, 3, 2]","[0.58, 0.75, 0.46]","[['B', 'D', 'C', 'A'], ['D', 'B', 'C', 'A'], ['D', 'B', 'A', 'C']]","{'B': 4, 'D': 4, 'A': 2, 'C': 0}","[1.0, 1.0, 0.58]",3.95
51,"[1, 4, 5]","[3, 3, 2]","[0.58, 0.75, 0.46]","[['B', 'D', 'C', 'A'], ['D', 'B', 'C', 'A'], ['D', 'B', 'C', 'A']]","{'B': 4, 'D': 4, 'A': 2, 'C': 0}","[1.0, 1.0, 0.58]",3.95
51,"[1, 4, 5]","[3, 3, 2]","[0.58, 0.75, 0.46]","[['B', 'D', 'C', 'A'], ['D', 'B', 'C', 'A'], ['D', 'C', 'A', 'B']]","{'D': 4, 'B': 3, 'A': 2, 'C': 1}","[0.67, 0.79, 0.58]",3.58
51,"[1, 4, 5]","[3, 3, 2]","[0.58, 0.75, 0.46]","[['B', 'D', 'C', 'A'], ['D', 'B', 'C', 'A'], ['D', 'C', 'B', 'A']]","{'D': 4, 'B': 3, 'A': 2, 'C': 1}","[0.67, 0.79, 0.58]",3.58
51,"[1, 4, 5]","[3, 3, 2]","[0.58, 0.75, 0.46]","[['B', 'D', 'C', 'A'], ['D', 'C', 'A', 'B'], ['B', 'C', 'A', 'D']]","{'B': 3, 'D': 3, 'A': 2, 'C': 2}","[1.0, 1.0, 0.58]",3.95
51,"[1, 4, 5]","[3, 3, 2]","[0.58, 0.75, 0.46]","[['B', 'D', 'C', 'A'], ['D', 'C', 'A', 'B'], ['B', 'C', 'D', 'A']]","{'B': 3, 'D': 3, 'A': 2, 'C': 2}","[1.0, 1.0, 0.58]",3.95
51,"[1, 4, 5]","[3, 3, 2]","[0.58, 0.75, 0.46]","[['B', 'D', 'C', 'A'], ['D', 'C', 'A', 'B'], ['B', 'D', 'A', 'C']]","{'D': 4, 'B': 3, 'A': 2, 'C': 1}","[0.67, 0.79, 0.58]",3.58
51,"[1, 4, 5]","[3, 3, 2]","[0.58, 0.75, 0.46]","[['B', 'D', 'C', 'A'], ['D', 'C', 'A', 'B'], ['B', 'D', 'C', 'A']]","{'D': 4, 'B': 3, 'A': 2, 'C': 1}","[0.67, 0.79, 0.58]",3.58
51,"[1, 4, 5]","[3, 3, 2]","[0.58, 0.75, 0.46]","[['B', 'D', 'C', 'A'], ['D', 'C', 'A', 'B'], ['C', 'B', 'A', 'D']]","{'B': 3, 'D': 3, 'A': 2, 'C': 2}","[1.0, 1.0, 0.58]",3.95
51,"[1, 4, 5]","[3, 3, 2]","[0.58, 0.75, 0.46]","[['B', 'D', 'C', 'A'], ['D', 'C', 'A', 'B'], ['C', 'B', 'D', 'A']]","{'B': 3, 'D': 3, 'A': 2, 'C': 2}","[1.0, 1.0, 0.58]",3.95
51,"[1, 4, 5]","[3, 3, 2]","[0.58, 0.75, 0.46]","[['B', 'D', 'C', 'A'], ['D', 'C', 'A', 'B'], ['D', 'B', 'A', 'C']]","{'D': 4, 'B': 3, 'A': 2, 'C': 1}","[0.67, 0.79, 0.58]",3.58
51,"[1, 4, 5]","[3, 3, 2]","[0.58, 0.75, 0.46]","[['B', 'D', 'C', 'A'], ['D', 'C', 'A', 'B'], ['D', 'B', 'C', 'A']]","{'D': 4, 'B': 3, 'A': 2, 'C': 1}","[0.67, 0.79, 0.58]",3.58
51,"[1, 4, 5]","[3, 3, 2]","[0.58, 0.75, 0.46]","[['B', 'D', 'C', 'A'], ['D', 'C', 'B', 'A'], ['B', 'C', 'A', 'D']]","{'B': 3, 'D': 3, 'A': 2, 'C': 2}","[1.0, 1.0, 0.58]",3.95
51,"[1, 4, 5]","[3, 3, 2]","[0.58, 0.75, 0.46]","[['B', 'D', 'C', 'A'], ['D', 'C', 'B', 'A'], ['B', 'C', 'D', 'A']]","{'B': 3, 'D': 3, 'A': 2, 'C': 2}","[1.0, 1.0, 0.58]",3.95
51,"[1, 4, 5]","[3, 3, 2]","[0.58, 0.75, 0.46]","[['B', 'D', 'C', 'A'], ['D', 'C', 'B', 'A'], ['B', 'D', 'A', 'C']]","{'D': 4, 'B': 3, 'A': 2, 'C': 1}","[0.67, 0.79, 0.58]",3.58
51,"[1, 4, 5]","[3, 3, 2]","[0.58, 0.75, 0.46]","[['B', 'D', 'C', 'A'], ['D', 'C', 'B', 'A'], ['B', 'D', 'C', 'A']]","{'D': 4, 'B': 3, 'A': 2, 'C': 1}","[0.67, 0.79, 0.58]",3.58
51,"[1, 4, 5]","[3, 3, 2]","[0.58, 0.75, 0.46]","[['B', 'D', 'C', 'A'], ['D', 'C', 'B', 'A'], ['C', 'B', 'A', 'D']]","{'B': 3, 'D': 3, 'A': 2, 'C': 2}","[1.0, 1.0, 0.58]",3.95
51,"[1, 4, 5]","[3, 3, 2]","[0.58, 0.75, 0.46]","[['B', 'D', 'C', 'A'], ['D', 'C', 'B', 'A'], ['C', 'B', 'D', 'A']]","{'B': 3, 'D': 3, 'A': 2, 'C': 2}","[1.0, 1.0, 0.58]",3.95
51,"[1, 4, 5]","[3, 3, 2]","[0.58, 0.75, 0.46]","[['B', 'D', 'C', 'A'], ['D', 'C', 'B', 'A'], ['D', 'B', 'A', 'C']]","{'D': 4, 'B': 3, 'A': 2, 'C': 1}","[0.67, 0.79, 0.58]",3.58
51,"[1, 4, 5]","[3, 3, 2]","[0.58, 0.75, 0.46]","[['B', 'D', 'C', 'A'], ['D', 'C', 'B', 'A'], ['D', 'B', 'C', 'A']]","{'D': 4, 'B': 3, 'A': 2, 'C': 1}","[0.67, 0.79, 0.58]",3.58
51,"[1, 4, 5]","[3, 3, 2]","[0.58, 0.75, 0.46]","[['C', 'B', 'A', 'D'], ['A', 'B', 'C', 'D'], ['B', 'C', 'A', 'D']]","{'B': 4, 'A': 3, 'C': 2, 'D': 1}","[1.0, 1.0, 0.5]",3.96
51,"[1, 4, 5]","[3, 3, 2]","[0.58, 0.75, 0.46]","[['C', 'B', 'A', 'D'], ['A', 'B', 'C', 'D'], ['B', 'C', 'D', 'A']]","{'B': 4, 'A': 3, 'C': 2, 'D': 1}","[1.0, 1.0, 0.5]",3.96
51,"[1, 4, 5]","[3, 3, 2]","[0.58, 0.75, 0.46]","[['C', 'B', 'A', 'D'], ['A', 'B', 'C', 'D'], ['C', 'B', 'A', 'D']]","{'B': 4, 'A': 3, 'C': 2, 'D': 1}","[1.0, 1.0, 0.5]",3.96
51,"[1, 4, 5]","[3, 3, 2]","[0.58, 0.75, 0.46]","[['C', 'B', 'A', 'D'], ['A', 'B', 'C', 'D'], ['C', 'B', 'D', 'A']]","{'B': 4, 'A': 3, 'C': 2, 'D': 1}","[1.0, 1.0, 0.5]",3.96
51,"[1, 4, 5]","[3, 3, 2]","[0.58, 0.75, 0.46]","[['C', 'B', 'A', 'D'], ['A', 'B', 'D', 'C'], ['B', 'C', 'A', 'D']]","{'B': 4, 'A': 3, 'C': 2, 'D': 1}","[1.0, 1.0, 0.5]",3.96
51,"[1, 4, 5]","[3, 3, 2]","[0.58, 0.75, 0.46]","[['C', 'B', 'A', 'D'], ['A', 'B', 'D', 'C'], ['B', 'C', 'D', 'A']]","{'B': 4, 'A': 3, 'C': 2, 'D': 1}","[1.0, 1.0, 0.5]",3.96
51,"[1, 4, 5]","[3, 3, 2]","[0.58, 0.75, 0.46]","[['C', 'B', 'A', 'D'], ['A', 'B', 'D', 'C'], ['C', 'B', 'A', 'D']]","{'B': 4, 'A': 3, 'C': 2, 'D': 1}","[1.0, 1.0, 0.5]",3.96
51,"[1, 4, 5]","[3, 3, 2]","[0.58, 0.75, 0.46]","[['C', 'B', 'A', 'D'], ['A', 'B', 'D', 'C'], ['C', 'B', 'D', 'A']]","{'B': 4, 'A': 3, 'C': 2, 'D': 1}","[1.0, 1.0, 0.5]",3.96
51,"[1, 4, 5]","[3, 3, 2]","[0.58, 0.75, 0.46]","[['C', 'B', 'A', 'D'], ['B', 'A', 'C', 'D'], ['B', 'C', 'A', 'D']]","{'B': 4, 'A': 3, 'C': 2, 'D': 1}","[1.0, 1.0, 0.5]",3.96
51,"[1, 4, 5]","[3, 3, 2]","[0.58, 0.75, 0.46]","[['C', 'B', 'A', 'D'], ['B', 'A', 'C', 'D'], ['B', 'C', 'D', 'A']]","{'B': 4, 'A': 3, 'C': 2, 'D': 1}","[1.0, 1.0, 0.5]",3.96
51,"[1, 4, 5]","[3, 3, 2]","[0.58, 0.75, 0.46]","[['C', 'B', 'A', 'D'], ['B', 'A', 'C', 'D'], ['C', 'B', 'A', 'D']]","{'B': 4, 'A': 3, 'C': 2, 'D': 1}","[1.0, 1.0, 0.5]",3.96
51,"[1, 4, 5]","[3, 3, 2]","[0.58, 0.75, 0.46]","[['C', 'B', 'A', 'D'], ['B', 'A', 'C', 'D'], ['C', 'B', 'D', 'A']]","{'B': 4, 'A': 3, 'C': 2, 'D': 1}","[1.0, 1.0, 0.5]",3.96
51,"[1, 4, 5]","[3, 3, 2]","[0.58, 0.75, 0.46]","[['C', 'B', 'A', 'D'], ['B', 'A', 'D', 'C'], ['B', 'C', 'A', 'D']]","{'B': 4, 'A': 3, 'C': 2, 'D': 1}","[1.0, 1.0, 0.5]",3.96
51,"[1, 4, 5]","[3, 3, 2]","[0.58, 0.75, 0.46]","[['C', 'B', 'A', 'D'], ['B', 'A', 'D', 'C'], ['B', 'C', 'D', 'A']]","{'B': 4, 'A': 3, 'C': 2, 'D': 1}","[1.0, 1.0, 0.5]",3.96
51,"[1, 4, 5]","[3, 3, 2]","[0.58, 0.75, 0.46]","[['C', 'B', 'A', 'D'], ['B', 'A', 'D', 'C'], ['C', 'B', 'A', 'D']]","{'B': 4, 'A': 3, 'C': 2, 'D': 1}","[1.0, 1.0, 0.5]",3.96
51,"[1, 4, 5]","[3, 3, 2]","[0.58, 0.75, 0.46]","[['C', 'B', 'A', 'D'], ['B', 'A', 'D', 'C'], ['C', 'B', 'D', 'A']]","{'B': 4, 'A': 3, 'C': 2, 'D': 1}","[1.0, 1.0, 0.5]",3.96
51,"[1, 4, 5]","[3, 3, 2]","[0.58, 0.75, 0.46]","[['C', 'B', 'A', 'D'], ['B', 'C', 'A', 'D'], ['A', 'B', 'C', 'D']]","{'B': 4, 'A': 3, 'C': 2, 'D': 1}","[1.0, 1.0, 0.5]",3.96
51,"[1, 4, 5]","[3, 3, 2]","[0.58, 0.75, 0.46]","[['C', 'B', 'A', 'D'], ['B', 'C', 'A', 'D'], ['A', 'B', 'D', 'C']]","{'B': 4, 'A': 3, 'C': 2, 'D': 1}","[1.0, 1.0, 0.5]",3.96
51,"[1, 4, 5]","[3, 3, 2]","[0.58, 0.75, 0.46]","[['C', 'B', 'A', 'D'], ['B', 'C', 'A', 'D'], ['B', 'A', 'C', 'D']]","{'B': 4, 'A': 3, 'C': 2, 'D': 1}","[1.0, 1.0, 0.5]",3.96
51,"[1, 4, 5]","[3, 3, 2]","[0.58, 0.75, 0.46]","[['C', 'B', 'A', 'D'], ['B', 'C', 'A', 'D'], ['B', 'A', 'D', 'C']]","{'B': 4, 'A': 3, 'C': 2, 'D': 1}","[1.0, 1.0, 0.5]",3.96
51,"[1, 4, 5]","[3, 3, 2]","[0.58, 0.75, 0.46]","[['C', 'B', 'A', 'D'], ['B', 'C', 'A', 'D'], ['B', 'C', 'A', 'D']]","{'B': 4, 'C': 3, 'A': 2, 'D': 1}","[1.0, 1.0, 0.67]",3.88
51,"[1, 4, 5]","[3, 3, 2]","[0.58, 0.75, 0.46]","[['C', 'B', 'A', 'D'], ['B', 'C', 'A', 'D'], ['B', 'C', 'D', 'A']]","{'B': 4, 'C': 3, 'A': 2, 'D': 1}","[1.0, 1.0, 0.67]",3.88
51,"[1, 4, 5]","[3, 3, 2]","[0.58, 0.75, 0.46]","[['C', 'B', 'A', 'D'], ['B', 'C', 'A', 'D'], ['B', 'D', 'A', 'C']]","{'B': 4, 'A': 2, 'C': 2, 'D': 2}","[1.0, 1.0, 0.5]",3.96
51,"[1, 4, 5]","[3, 3, 2]","[0.58, 0.75, 0.46]","[['C', 'B', 'A', 'D'], ['B', 'C', 'A', 'D'], ['B', 'D', 'C', 'A']]","{'B': 4, 'A': 2, 'C': 2, 'D': 2}","[1.0, 1.0, 0.5]",3.96
51,"[1, 4, 5]","[3, 3, 2]","[0.58, 0.75, 0.46]","[['C', 'B', 'A', 'D'], ['B', 'C', 'A', 'D'], ['C', 'B', 'A', 'D']]","{'B': 4, 'C': 3, 'A': 2, 'D': 1}","[1.0, 1.0, 0.67]",3.88
51,"[1, 4, 5]","[3, 3, 2]","[0.58, 0.75, 0.46]","[['C', 'B', 'A', 'D'], ['B', 'C', 'A', 'D'], ['C', 'B', 'D', 'A']]","{'B': 4, 'C': 3, 'A': 2, 'D': 1}","[1.0, 1.0, 0.67]",3.88
51,"[1, 4, 5]","[3, 3, 2]","[0.58, 0.75, 0.46]","[['C', 'B', 'A', 'D'], ['B', 'C', 'A', 'D'], ['C', 'D', 'A', 'B']]","{'B': 3, 'C': 3, 'A': 2, 'D': 2}","[1.0, 1.0, 0.67]",3.88
51,"[1, 4, 5]","[3, 3, 2]","[0.58, 0.75, 0.46]","[['C', 'B', 'A', 'D'], ['B', 'C', 'A', 'D'], ['C', 'D', 'B', 'A']]","{'B': 3, 'C': 3, 'A': 2, 'D': 2}","[1.0, 1.0, 0.67]",3.88
51,"[1, 4, 5]","[3, 3, 2]","[0.58, 0.75, 0.46]","[['C', 'B', 'A', 'D'], ['B', 'C', 'A', 'D'], ['D', 'B', 'A', 'C']]","{'B': 4, 'A': 2, 'C': 2, 'D': 2}","[1.0, 1.0, 0.5]",3.96
51,"[1, 4, 5]","[3, 3, 2]","[0.58, 0.75, 0.46]","[['C', 'B', 'A', 'D'], ['B', 'C', 'A', 'D'], ['D', 'B', 'C', 'A']]","{'B': 4, 'A': 2, 'C': 2, 'D': 2}","[1.0, 1.0, 0.5]",3.96
51,"[1, 4, 5]","[3, 3, 2]","[0.58, 0.75, 0.46]","[['C', 'B', 'A', 'D'], ['B', 'C', 'A', 'D'], ['D', 'C', 'A', 'B']]","{'B': 3, 'C': 3, 'A': 2, 'D': 2}","[1.0, 1.0, 0.67]",3.88
51,"[1, 4, 5]","[3, 3, 2]","[0.58, 0.75, 0.46]","[['C', 'B', 'A', 'D'], ['B', 'C', 'A', 'D'], ['D', 'C', 'B', 'A']]","{'B': 3, 'C': 3, 'A': 2, 'D': 2}","[1.0, 1.0, 0.67]",3.88
51,"[1, 4, 5]","[3, 3, 2]","[0.58, 0.75, 0.46]","[['C', 'B', 'A', 'D'], ['B', 'C', 'D', 'A'], ['A', 'B', 'C', 'D']]","{'B': 4, 'A': 3, 'C': 2, 'D': 1}","[1.0, 1.0, 0.5]",3.96
51,"[1, 4, 5]","[3, 3, 2]","[0.58, 0.75, 0.46]","[['C', 'B', 'A', 'D'], ['B', 'C', 'D', 'A'], ['A', 'B', 'D', 'C']]","{'B': 4, 'A': 3, 'C': 2, 'D': 1}","[1.0, 1.0, 0.5]",3.96
51,"[1, 4, 5]","[3, 3, 2]","[0.58, 0.75, 0.46]","[['C', 'B', 'A', 'D'], ['B', 'C', 'D', 'A'], ['B', 'A', 'C', 'D']]","{'B': 4, 'A': 3, 'C': 2, 'D': 1}","[1.0, 1.0, 0.5]",3.96
51,"[1, 4, 5]","[3, 3, 2]","[0.58, 0.75, 0.46]","[['C', 'B', 'A', 'D'], ['B', 'C', 'D', 'A'], ['B', 'A', 'D', 'C']]","{'B': 4, 'A': 3, 'C': 2, 'D': 1}","[1.0, 1.0, 0.5]",3.96
51,"[1, 4, 5]","[3, 3, 2]","[0.58, 0.75, 0.46]","[['C', 'B', 'A', 'D'], ['B', 'C', 'D', 'A'], ['B', 'C', 'A', 'D']]","{'B': 4, 'C': 3, 'A': 2, 'D': 1}","[1.0, 1.0, 0.67]",3.88
51,"[1, 4, 5]","[3, 3, 2]","[0.58, 0.75, 0.46]","[['C', 'B', 'A', 'D'], ['B', 'C', 'D', 'A'], ['B', 'C', 'D', 'A']]","{'B': 4, 'C': 3, 'A': 2, 'D': 1}","[1.0, 1.0, 0.67]",3.88
51,"[1, 4, 5]","[3, 3, 2]","[0.58, 0.75, 0.46]","[['C', 'B', 'A', 'D'], ['B', 'C', 'D', 'A'], ['B', 'D', 'A', 'C']]","{'B': 4, 'A': 2, 'C': 2, 'D': 2}","[1.0, 1.0, 0.5]",3.96
51,"[1, 4, 5]","[3, 3, 2]","[0.58, 0.75, 0.46]","[['C', 'B', 'A', 'D'], ['B', 'C', 'D', 'A'], ['B', 'D', 'C', 'A']]","{'B': 4, 'A': 2, 'C': 2, 'D': 2}","[1.0, 1.0, 0.5]",3.96
51,"[1, 4, 5]","[3, 3, 2]","[0.58, 0.75, 0.46]","[['C', 'B', 'A', 'D'], ['B', 'C', 'D', 'A'], ['C', 'B', 'A', 'D']]","{'B': 4, 'C': 3, 'A': 2, 'D': 1}","[1.0, 1.0, 0.67]",3.88
51,"[1, 4, 5]","[3, 3, 2]","[0.58, 0.75, 0.46]","[['C', 'B', 'A', 'D'], ['B', 'C', 'D', 'A'], ['C', 'B', 'D', 'A']]","{'B': 4, 'C': 3, 'A': 2, 'D': 1}","[1.0, 1.0, 0.67]",3.88
51,"[1, 4, 5]","[3, 3, 2]","[0.58, 0.75, 0.46]","[['C', 'B', 'A', 'D'], ['B', 'C', 'D', 'A'], ['C', 'D', 'A', 'B']]","{'B': 3, 'C': 3, 'A': 2, 'D': 2}","[1.0, 1.0, 0.67]",3.88
51,"[1, 4, 5]","[3, 3, 2]","[0.58, 0.75, 0.46]","[['C', 'B', 'A', 'D'], ['B', 'C', 'D', 'A'], ['C', 'D', 'B', 'A']]","{'B': 3, 'C': 3, 'A': 2, 'D': 2}","[1.0, 1.0, 0.67]",3.88
51,"[1, 4, 5]","[3, 3, 2]","[0.58, 0.75, 0.46]","[['C', 'B', 'A', 'D'], ['B', 'C', 'D', 'A'], ['D', 'B', 'A', 'C']]","{'B': 4, 'A': 2, 'C': 2, 'D': 2}","[1.0, 1.0, 0.5]",3.96
51,"[1, 4, 5]","[3, 3, 2]","[0.58, 0.75, 0.46]","[['C', 'B', 'A', 'D'], ['B', 'C', 'D', 'A'], ['D', 'B', 'C', 'A']]","{'B': 4, 'A': 2, 'C': 2, 'D': 2}","[1.0, 1.0, 0.5]",3.96
51,"[1, 4, 5]","[3, 3, 2]","[0.58, 0.75, 0.46]","[['C', 'B', 'A', 'D'], ['B', 'C', 'D', 'A'], ['D', 'C', 'A', 'B']]","{'B': 3, 'C': 3, 'A': 2, 'D': 2}","[1.0, 1.0, 0.67]",3.88
51,"[1, 4, 5]","[3, 3, 2]","[0.58, 0.75, 0.46]","[['C', 'B', 'A', 'D'], ['B', 'C', 'D', 'A'], ['D', 'C', 'B', 'A']]","{'B': 3, 'C': 3, 'A': 2, 'D': 2}","[1.0, 1.0, 0.67]",3.88
51,"[1, 4, 5]","[3, 3, 2]","[0.58, 0.75, 0.46]","[['C', 'B', 'A', 'D'], ['B', 'D', 'A', 'C'], ['B', 'C', 'A', 'D']]","{'B': 4, 'A': 2, 'C': 2, 'D': 2}","[1.0, 1.0, 0.5]",3.96
51,"[1, 4, 5]","[3, 3, 2]","[0.58, 0.75, 0.46]","[['C', 'B', 'A', 'D'], ['B', 'D', 'A', 'C'], ['B', 'C', 'D', 'A']]","{'B': 4, 'A': 2, 'C': 2, 'D': 2}","[1.0, 1.0, 0.5]",3.96
51,"[1, 4, 5]","[3, 3, 2]","[0.58, 0.75, 0.46]","[['C', 'B', 'A', 'D'], ['B', 'D', 'A', 'C'], ['B', 'D', 'A', 'C']]","{'B': 4, 'D': 3, 'A': 2, 'C': 1}","[1.0, 1.0, 0.58]",3.95
51,"[1, 4, 5]","[3, 3, 2]","[0.58, 0.75, 0.46]","[['C', 'B', 'A', 'D'], ['B', 'D', 'A', 'C'], ['B', 'D', 'C', 'A']]","{'B': 4, 'D': 3, 'A': 2, 'C': 1}","[1.0, 1.0, 0.58]",3.95
51,"[1, 4, 5]","[3, 3, 2]","[0.58, 0.75, 0.46]","[['C', 'B', 'A', 'D'], ['B', 'D', 'A', 'C'], ['C', 'B', 'A', 'D']]","{'B': 4, 'A': 2, 'C': 2, 'D': 2}","[1.0, 1.0, 0.5]",3.96
51,"[1, 4, 5]","[3, 3, 2]","[0.58, 0.75, 0.46]","[['C', 'B', 'A', 'D'], ['B', 'D', 'A', 'C'], ['C', 'B', 'D', 'A']]","{'B': 4, 'A': 2, 'C': 2, 'D': 2}","[1.0, 1.0, 0.5]",3.96
51,"[1, 4, 5]","[3, 3, 2]","[0.58, 0.75, 0.46]","[['C', 'B', 'A', 'D'], ['B', 'D', 'A', 'C'], ['C', 'D', 'A', 'B']]","{'B': 3, 'D': 3, 'A': 2, 'C': 2}","[1.0, 1.0, 0.58]",3.95
51,"[1, 4, 5]","[3, 3, 2]","[0.58, 0.75, 0.46]","[['C', 'B', 'A', 'D'], ['B', 'D', 'A', 'C'], ['C', 'D', 'B', 'A']]","{'B': 3, 'D': 3, 'A': 2, 'C': 2}","[1.0, 1.0, 0.58]",3.95
51,"[1, 4, 5]","[3, 3, 2]","[0.58, 0.75, 0.46]","[['C', 'B', 'A', 'D'], ['B', 'D', 'A', 'C'], ['D', 'B', 'A', 'C']]","{'B': 4, 'D': 3, 'A': 2, 'C': 1}","[1.0, 1.0, 0.58]",3.95
51,"[1, 4, 5]","[3, 3, 2]","[0.58, 0.75, 0.46]","[['C', 'B', 'A', 'D'], ['B', 'D', 'A', 'C'], ['D', 'B', 'C', 'A']]","{'B': 4, 'D': 3, 'A': 2, 'C': 1}","[1.0, 1.0, 0.58]",3.95
51,"[1, 4, 5]","[3, 3, 2]","[0.58, 0.75, 0.46]","[['C', 'B', 'A', 'D'], ['B', 'D', 'A', 'C'], ['D', 'C', 'A', 'B']]","{'B': 3, 'D': 3, 'A': 2, 'C': 2}","[1.0, 1.0, 0.58]",3.95
51,"[1, 4, 5]","[3, 3, 2]","[0.58, 0.75, 0.46]","[['C', 'B', 'A', 'D'], ['B', 'D', 'A', 'C'], ['D', 'C', 'B', 'A']]","{'B': 3, 'D': 3, 'A': 2, 'C': 2}","[1.0, 1.0, 0.58]",3.95
51,"[1, 4, 5]","[3, 3, 2]","[0.58, 0.75, 0.46]","[['C', 'B', 'A', 'D'], ['B', 'D', 'C', 'A'], ['B', 'C', 'A', 'D']]","{'B': 4, 'A': 2, 'C': 2, 'D': 2}","[1.0, 1.0, 0.5]",3.96
51,"[1, 4, 5]","[3, 3, 2]","[0.58, 0.75, 0.46]","[['C', 'B', 'A', 'D'], ['B', 'D', 'C', 'A'], ['B', 'C', 'D', 'A']]","{'B': 4, 'A': 2, 'C': 2, 'D': 2}","[1.0, 1.0, 0.5]",3.96
51,"[1, 4, 5]","[3, 3, 2]","[0.58, 0.75, 0.46]","[['C', 'B', 'A', 'D'], ['B', 'D', 'C', 'A'], ['B', 'D', 'A', 'C']]","{'B': 4, 'D': 3, 'A': 2, 'C': 1}","[1.0, 1.0, 0.58]",3.95
51,"[1, 4, 5]","[3, 3, 2]","[0.58, 0.75, 0.46]","[['C', 'B', 'A', 'D'], ['B', 'D', 'C', 'A'], ['B', 'D', 'C', 'A']]","{'B': 4, 'D': 3, 'A': 2, 'C': 1}","[1.0, 1.0, 0.58]",3.95
51,"[1, 4, 5]","[3, 3, 2]","[0.58, 0.75, 0.46]","[['C', 'B', 'A', 'D'], ['B', 'D', 'C', 'A'], ['C', 'B', 'A', 'D']]","{'B': 4, 'A': 2, 'C': 2, 'D': 2}","[1.0, 1.0, 0.5]",3.96
51,"[1, 4, 5]","[3, 3, 2]","[0.58, 0.75, 0.46]","[['C', 'B', 'A', 'D'], ['B', 'D', 'C', 'A'], ['C', 'B', 'D', 'A']]","{'B': 4, 'A': 2, 'C': 2, 'D': 2}","[1.0, 1.0, 0.5]",3.96
51,"[1, 4, 5]","[3, 3, 2]","[0.58, 0.75, 0.46]","[['C', 'B', 'A', 'D'], ['B', 'D', 'C', 'A'], ['C', 'D', 'A', 'B']]","{'B': 3, 'D': 3, 'A': 2, 'C': 2}","[1.0, 1.0, 0.58]",3.95
51,"[1, 4, 5]","[3, 3, 2]","[0.58, 0.75, 0.46]","[['C', 'B', 'A', 'D'], ['B', 'D', 'C', 'A'], ['C', 'D', 'B', 'A']]","{'B': 3, 'D': 3, 'A': 2, 'C': 2}","[1.0, 1.0, 0.58]",3.95
51,"[1, 4, 5]","[3, 3, 2]","[0.58, 0.75, 0.46]","[['C', 'B', 'A', 'D'], ['B', 'D', 'C', 'A'], ['D', 'B', 'A', 'C']]","{'B': 4, 'D': 3, 'A': 2, 'C': 1}","[1.0, 1.0, 0.58]",3.95
51,"[1, 4, 5]","[3, 3, 2]","[0.58, 0.75, 0.46]","[['C', 'B', 'A', 'D'], ['B', 'D', 'C', 'A'], ['D', 'B', 'C', 'A']]","{'B': 4, 'D': 3, 'A': 2, 'C': 1}","[1.0, 1.0, 0.58]",3.95
51,"[1, 4, 5]","[3, 3, 2]","[0.58, 0.75, 0.46]","[['C', 'B', 'A', 'D'], ['B', 'D', 'C', 'A'], ['D', 'C', 'A', 'B']]","{'B': 3, 'D': 3, 'A': 2, 'C': 2}","[1.0, 1.0, 0.58]",3.95
51,"[1, 4, 5]","[3, 3, 2]","[0.58, 0.75, 0.46]","[['C', 'B', 'A', 'D'], ['B', 'D', 'C', 'A'], ['D', 'C', 'B', 'A']]","{'B': 3, 'D': 3, 'A': 2, 'C': 2}","[1.0, 1.0, 0.58]",3.95
51,"[1, 4, 5]","[3, 3, 2]","[0.58, 0.75, 0.46]","[['C', 'B', 'A', 'D'], ['C', 'B', 'A', 'D'], ['A', 'B', 'C', 'D']]","{'B': 4, 'A': 3, 'C': 2, 'D': 1}","[1.0, 1.0, 0.5]",3.96
51,"[1, 4, 5]","[3, 3, 2]","[0.58, 0.75, 0.46]","[['C', 'B', 'A', 'D'], ['C', 'B', 'A', 'D'], ['A', 'B', 'D', 'C']]","{'B': 4, 'A': 3, 'C': 2, 'D': 1}","[1.0, 1.0, 0.5]",3.96
51,"[1, 4, 5]","[3, 3, 2]","[0.58, 0.75, 0.46]","[['C', 'B', 'A', 'D'], ['C', 'B', 'A', 'D'], ['B', 'A', 'C', 'D']]","{'B': 4, 'A': 3, 'C': 2, 'D': 1}","[1.0, 1.0, 0.5]",3.96
51,"[1, 4, 5]","[3, 3, 2]","[0.58, 0.75, 0.46]","[['C', 'B', 'A', 'D'], ['C', 'B', 'A', 'D'], ['B', 'A', 'D', 'C']]","{'B': 4, 'A': 3, 'C': 2, 'D': 1}","[1.0, 1.0, 0.5]",3.96
51,"[1, 4, 5]","[3, 3, 2]","[0.58, 0.75, 0.46]","[['C', 'B', 'A', 'D'], ['C', 'B', 'A', 'D'], ['B', 'C', 'A', 'D']]","{'B': 4, 'C': 3, 'A': 2, 'D': 1}","[1.0, 1.0, 0.67]",3.88
51,"[1, 4, 5]","[3, 3, 2]","[0.58, 0.75, 0.46]","[['C', 'B', 'A', 'D'], ['C', 'B', 'A', 'D'], ['B', 'C', 'D', 'A']]","{'B': 4, 'C': 3, 'A': 2, 'D': 1}","[1.0, 1.0, 0.67]",3.88
51,"[1, 4, 5]","[3, 3, 2]","[0.58, 0.75, 0.46]","[['C', 'B', 'A', 'D'], ['C', 'B', 'A', 'D'], ['B', 'D', 'A', 'C']]","{'B': 4, 'A': 2, 'C': 2, 'D': 2}","[1.0, 1.0, 0.5]",3.96
51,"[1, 4, 5]","[3, 3, 2]","[0.58, 0.75, 0.46]","[['C', 'B', 'A', 'D'], ['C', 'B', 'A', 'D'], ['B', 'D', 'C', 'A']]","{'B': 4, 'A': 2, 'C': 2, 'D': 2}","[1.0, 1.0, 0.5]",3.96
51,"[1, 4, 5]","[3, 3, 2]","[0.58, 0.75, 0.46]","[['C', 'B', 'A', 'D'], ['C', 'B', 'A', 'D'], ['C', 'B', 'A', 'D']]","{'B': 4, 'C': 3, 'A': 2, 'D': 1}","[1.0, 1.0, 0.67]",3.88
51,"[1, 4, 5]","[3, 3, 2]","[0.58, 0.75, 0.46]","[['C', 'B', 'A', 'D'], ['C', 'B', 'A', 'D'], ['C', 'B', 'D', 'A']]","{'B': 4, 'C': 3, 'A': 2, 'D': 1}","[1.0, 1.0, 0.67]",3.88
51,"[1, 4, 5]","[3, 3, 2]","[0.58, 0.75, 0.46]","[['C', 'B', 'A', 'D'], ['C', 'B', 'A', 'D'], ['C', 'D', 'A', 'B']]","{'B': 3, 'C': 3, 'A': 2, 'D': 2}","[1.0, 1.0, 0.67]",3.88
51,"[1, 4, 5]","[3, 3, 2]","[0.58, 0.75, 0.46]","[['C', 'B', 'A', 'D'], ['C', 'B', 'A', 'D'], ['C', 'D', 'B', 'A']]","{'B': 3, 'C': 3, 'A': 2, 'D': 2}","[1.0, 1.0, 0.67]",3.88
51,"[1, 4, 5]","[3, 3, 2]","[0.58, 0.75, 0.46]","[['C', 'B', 'A', 'D'], ['C', 'B', 'A', 'D'], ['D', 'B', 'A', 'C']]","{'B': 4, 'A': 2, 'C': 2, 'D': 2}","[1.0, 1.0, 0.5]",3.96
51,"[1, 4, 5]","[3, 3, 2]","[0.58, 0.75, 0.46]","[['C', 'B', 'A', 'D'], ['C', 'B', 'A', 'D'], ['D', 'B', 'C', 'A']]","{'B': 4, 'A': 2, 'C': 2, 'D': 2}","[1.0, 1.0, 0.5]",3.96
51,"[1, 4, 5]","[3, 3, 2]","[0.58, 0.75, 0.46]","[['C', 'B', 'A', 'D'], ['C', 'B', 'A', 'D'], ['D', 'C', 'A', 'B']]","{'B': 3, 'C': 3, 'A': 2, 'D': 2}","[1.0, 1.0, 0.67]",3.88
51,"[1, 4, 5]","[3, 3, 2]","[0.58, 0.75, 0.46]","[['C', 'B', 'A', 'D'], ['C', 'B', 'A', 'D'], ['D', 'C', 'B', 'A']]","{'B': 3, 'C': 3, 'A': 2, 'D': 2}","[1.0, 1.0, 0.67]",3.88
51,"[1, 4, 5]","[3, 3, 2]","[0.58, 0.75, 0.46]","[['C', 'B', 'A', 'D'], ['C', 'B', 'D', 'A'], ['A', 'B', 'C', 'D']]","{'B': 4, 'A': 3, 'C': 2, 'D': 1}","[1.0, 1.0, 0.5]",3.96
51,"[1, 4, 5]","[3, 3, 2]","[0.58, 0.75, 0.46]","[['C', 'B', 'A', 'D'], ['C', 'B', 'D', 'A'], ['A', 'B', 'D', 'C']]","{'B': 4, 'A': 3, 'C': 2, 'D': 1}","[1.0, 1.0, 0.5]",3.96
51,"[1, 4, 5]","[3, 3, 2]","[0.58, 0.75, 0.46]","[['C', 'B', 'A', 'D'], ['C', 'B', 'D', 'A'], ['B', 'A', 'C', 'D']]","{'B': 4, 'A': 3, 'C': 2, 'D': 1}","[1.0, 1.0, 0.5]",3.96
51,"[1, 4, 5]","[3, 3, 2]","[0.58, 0.75, 0.46]","[['C', 'B', 'A', 'D'], ['C', 'B', 'D', 'A'], ['B', 'A', 'D', 'C']]","{'B': 4, 'A': 3, 'C': 2, 'D': 1}","[1.0, 1.0, 0.5]",3.96
51,"[1, 4, 5]","[3, 3, 2]","[0.58, 0.75, 0.46]","[['C', 'B', 'A', 'D'], ['C', 'B', 'D', 'A'], ['B', 'C', 'A', 'D']]","{'B': 4, 'C': 3, 'A': 2, 'D': 1}","[1.0, 1.0, 0.67]",3.88
51,"[1, 4, 5]","[3, 3, 2]","[0.58, 0.75, 0.46]","[['C', 'B', 'A', 'D'], ['C', 'B', 'D', 'A'], ['B', 'C', 'D', 'A']]","{'B': 4, 'C': 3, 'A': 2, 'D': 1}","[1.0, 1.0, 0.67]",3.88
51,"[1, 4, 5]","[3, 3, 2]","[0.58, 0.75, 0.46]","[['C', 'B', 'A', 'D'], ['C', 'B', 'D', 'A'], ['B', 'D', 'A', 'C']]","{'B': 4, 'A': 2, 'C': 2, 'D': 2}","[1.0, 1.0, 0.5]",3.96
51,"[1, 4, 5]","[3, 3, 2]","[0.58, 0.75, 0.46]","[['C', 'B', 'A', 'D'], ['C', 'B', 'D', 'A'], ['B', 'D', 'C', 'A']]","{'B': 4, 'A': 2, 'C': 2, 'D': 2}","[1.0, 1.0, 0.5]",3.96
51,"[1, 4, 5]","[3, 3, 2]","[0.58, 0.75, 0.46]","[['C', 'B', 'A', 'D'], ['C', 'B', 'D', 'A'], ['C', 'B', 'A', 'D']]","{'B': 4, 'C': 3, 'A': 2, 'D': 1}","[1.0, 1.0, 0.67]",3.88
51,"[1, 4, 5]","[3, 3, 2]","[0.58, 0.75, 0.46]","[['C', 'B', 'A', 'D'], ['C', 'B', 'D', 'A'], ['C', 'B', 'D', 'A']]","{'B': 4, 'C': 3, 'A': 2, 'D': 1}","[1.0, 1.0, 0.67]",3.88
51,"[1, 4, 5]","[3, 3, 2]","[0.58, 0.75, 0.46]","[['C', 'B', 'A', 'D'], ['C', 'B', 'D', 'A'], ['C', 'D', 'A', 'B']]","{'B': 3, 'C': 3, 'A': 2, 'D': 2}","[1.0, 1.0, 0.67]",3.88
51,"[1, 4, 5]","[3, 3, 2]","[0.58, 0.75, 0.46]","[['C', 'B', 'A', 'D'], ['C', 'B', 'D', 'A'], ['C', 'D', 'B', 'A']]","{'B': 3, 'C': 3, 'A': 2, 'D': 2}","[1.0, 1.0, 0.67]",3.88
51,"[1, 4, 5]","[3, 3, 2]","[0.58, 0.75, 0.46]","[['C', 'B', 'A', 'D'], ['C', 'B', 'D', 'A'], ['D', 'B', 'A', 'C']]","{'B': 4, 'A': 2, 'C': 2, 'D': 2}","[1.0, 1.0, 0.5]",3.96
51,"[1, 4, 5]","[3, 3, 2]","[0.58, 0.75, 0.46]","[['C', 'B', 'A', 'D'], ['C', 'B', 'D', 'A'], ['D', 'B', 'C', 'A']]","{'B': 4, 'A': 2, 'C': 2, 'D': 2}","[1.0, 1.0, 0.5]",3.96
51,"[1, 4, 5]","[3, 3, 2]","[0.58, 0.75, 0.46]","[['C', 'B', 'A', 'D'], ['C', 'B', 'D', 'A'], ['D', 'C', 'A', 'B']]","{'B': 3, 'C': 3, 'A': 2, 'D': 2}","[1.0, 1.0, 0.67]",3.88
51,"[1, 4, 5]","[3, 3, 2]","[0.58, 0.75, 0.46]","[['C', 'B', 'A', 'D'], ['C', 'B', 'D', 'A'], ['D', 'C', 'B', 'A']]","{'B': 3, 'C': 3, 'A': 2, 'D': 2}","[1.0, 1.0, 0.67]",3.88
51,"[1, 4, 5]","[3, 3, 2]","[0.58, 0.75, 0.46]","[['C', 'B', 'A', 'D'], ['C', 'D', 'A', 'B'], ['B', 'C', 'A', 'D']]","{'B': 3, 'C': 3, 'A': 2, 'D': 2}","[1.0, 1.0, 0.67]",3.88
51,"[1, 4, 5]","[3, 3, 2]","[0.58, 0.75, 0.46]","[['C', 'B', 'A', 'D'], ['C', 'D', 'A', 'B'], ['B', 'C', 'D', 'A']]","{'B': 3, 'C': 3, 'A': 2, 'D': 2}","[1.0, 1.0, 0.67]",3.88
51,"[1, 4, 5]","[3, 3, 2]","[0.58, 0.75, 0.46]","[['C', 'B', 'A', 'D'], ['C', 'D', 'A', 'B'], ['B', 'D', 'A', 'C']]","{'B': 3, 'D': 3, 'A': 2, 'C': 2}","[1.0, 1.0, 0.58]",3.95
51,"[1, 4, 5]","[3, 3, 2]","[0.58, 0.75, 0.46]","[['C', 'B', 'A', 'D'], ['C', 'D', 'A', 'B'], ['B', 'D', 'C', 'A']]","{'B': 3, 'D': 3, 'A': 2, 'C': 2}","[1.0, 1.0, 0.58]",3.95
51,"[1, 4, 5]","[3, 3, 2]","[0.58, 0.75, 0.46]","[['C', 'B', 'A', 'D'], ['C', 'D', 'A', 'B'], ['C', 'B', 'A', 'D']]","{'B': 3, 'C': 3, 'A': 2, 'D': 2}","[1.0, 1.0, 0.67]",3.88
51,"[1, 4, 5]","[3, 3, 2]","[0.58, 0.75, 0.46]","[['C', 'B', 'A', 'D'], ['C', 'D', 'A', 'B'], ['C', 'B', 'D', 'A']]","{'B': 3, 'C': 3, 'A': 2, 'D': 2}","[1.0, 1.0, 0.67]",3.88
51,"[1, 4, 5]","[3, 3, 2]","[0.58, 0.75, 0.46]","[['C', 'B', 'A', 'D'], ['C', 'D', 'A', 'B'], ['D', 'B', 'A', 'C']]","{'B': 3, 'D': 3, 'A': 2, 'C': 2}","[1.0, 1.0, 0.58]",3.95
51,"[1, 4, 5]","[3, 3, 2]","[0.58, 0.75, 0.46]","[['C', 'B', 'A', 'D'], ['C', 'D', 'A', 'B'], ['D', 'B', 'C', 'A']]","{'B': 3, 'D': 3, 'A': 2, 'C': 2}","[1.0, 1.0, 0.58]",3.95
51,"[1, 4, 5]","[3, 3, 2]","[0.58, 0.75, 0.46]","[['C', 'B', 'A', 'D'], ['C', 'D', 'B', 'A'], ['B', 'C', 'A', 'D']]","{'B': 3, 'C': 3, 'A': 2, 'D': 2}","[1.0, 1.0, 0.67]",3.88
51,"[1, 4, 5]","[3, 3, 2]","[0.58, 0.75, 0.46]","[['C', 'B', 'A', 'D'], ['C', 'D', 'B', 'A'], ['B', 'C', 'D', 'A']]","{'B': 3, 'C': 3, 'A': 2, 'D': 2}","[1.0, 1.0, 0.67]",3.88
51,"[1, 4, 5]","[3, 3, 2]","[0.58, 0.75, 0.46]","[['C', 'B', 'A', 'D'], ['C', 'D', 'B', 'A'], ['B', 'D', 'A', 'C']]","{'B': 3, 'D': 3, 'A': 2, 'C': 2}","[1.0, 1.0, 0.58]",3.95
51,"[1, 4, 5]","[3, 3, 2]","[0.58, 0.75, 0.46]","[['C', 'B', 'A', 'D'], ['C', 'D', 'B', 'A'], ['B', 'D', 'C', 'A']]","{'B': 3, 'D': 3, 'A': 2, 'C': 2}","[1.0, 1.0, 0.58]",3.95
51,"[1, 4, 5]","[3, 3, 2]","[0.58, 0.75, 0.46]","[['C', 'B', 'A', 'D'], ['C', 'D', 'B', 'A'], ['C', 'B', 'A', 'D']]","{'B': 3, 'C': 3, 'A': 2, 'D': 2}","[1.0, 1.0, 0.67]",3.88
51,"[1, 4, 5]","[3, 3, 2]","[0.58, 0.75, 0.46]","[['C', 'B', 'A', 'D'], ['C', 'D', 'B', 'A'], ['C', 'B', 'D', 'A']]","{'B': 3, 'C': 3, 'A': 2, 'D': 2}","[1.0, 1.0, 0.67]",3.88
51,"[1, 4, 5]","[3, 3, 2]","[0.58, 0.75, 0.46]","[['C', 'B', 'A', 'D'], ['C', 'D', 'B', 'A'], ['D', 'B', 'A', 'C']]","{'B': 3, 'D': 3, 'A': 2, 'C': 2}","[1.0, 1.0, 0.58]",3.95
51,"[1, 4, 5]","[3, 3, 2]","[0.58, 0.75, 0.46]","[['C', 'B', 'A', 'D'], ['C', 'D', 'B', 'A'], ['D', 'B', 'C', 'A']]","{'B': 3, 'D': 3, 'A': 2, 'C': 2}","[1.0, 1.0, 0.58]",3.95
51,"[1, 4, 5]","[3, 3, 2]","[0.58, 0.75, 0.46]","[['C', 'B', 'A', 'D'], ['D', 'B', 'A', 'C'], ['B', 'C', 'A', 'D']]","{'B': 4, 'A': 2, 'C': 2, 'D': 2}","[1.0, 1.0, 0.5]",3.96
51,"[1, 4, 5]","[3, 3, 2]","[0.58, 0.75, 0.46]","[['C', 'B', 'A', 'D'], ['D', 'B', 'A', 'C'], ['B', 'C', 'D', 'A']]","{'B': 4, 'A': 2, 'C': 2, 'D': 2}","[1.0, 1.0, 0.5]",3.96
51,"[1, 4, 5]","[3, 3, 2]","[0.58, 0.75, 0.46]","[['C', 'B', 'A', 'D'], ['D', 'B', 'A', 'C'], ['B', 'D', 'A', 'C']]","{'B': 4, 'D': 3, 'A': 2, 'C': 1}","[1.0, 1.0, 0.58]",3.95
51,"[1, 4, 5]","[3, 3, 2]","[0.58, 0.75, 0.46]","[['C', 'B', 'A', 'D'], ['D', 'B', 'A', 'C'], ['B', 'D', 'C', 'A']]","{'B': 4, 'D': 3, 'A': 2, 'C': 1}","[1.0, 1.0, 0.58]",3.95
51,"[1, 4, 5]","[3, 3, 2]","[0.58, 0.75, 0.46]","[['C', 'B', 'A', 'D'], ['D', 'B', 'A', 'C'], ['C', 'B', 'A', 'D']]","{'B': 4, 'A': 2, 'C': 2, 'D': 2}","[1.0, 1.0, 0.5]",3.96
51,"[1, 4, 5]","[3, 3, 2]","[0.58, 0.75, 0.46]","[['C', 'B', 'A', 'D'], ['D', 'B', 'A', 'C'], ['C', 'B', 'D', 'A']]","{'B': 4, 'A': 2, 'C': 2, 'D': 2}","[1.0, 1.0, 0.5]",3.96
51,"[1, 4, 5]","[3, 3, 2]","[0.58, 0.75, 0.46]","[['C', 'B', 'A', 'D'], ['D', 'B', 'A', 'C'], ['C', 'D', 'A', 'B']]","{'B': 3, 'D': 3, 'A': 2, 'C': 2}","[1.0, 1.0, 0.58]",3.95
51,"[1, 4, 5]","[3, 3, 2]","[0.58, 0.75, 0.46]","[['C', 'B', 'A', 'D'], ['D', 'B', 'A', 'C'], ['C', 'D', 'B', 'A']]","{'B': 3, 'D': 3, 'A': 2, 'C': 2}","[1.0, 1.0, 0.58]",3.95
51,"[1, 4, 5]","[3, 3, 2]","[0.58, 0.75, 0.46]","[['C', 'B', 'A', 'D'], ['D', 'B', 'A', 'C'], ['D', 'B', 'A', 'C']]","{'B': 4, 'D': 3, 'A': 2, 'C': 1}","[1.0, 1.0, 0.58]",3.95
51,"[1, 4, 5]","[3, 3, 2]","[0.58, 0.75, 0.46]","[['C', 'B', 'A', 'D'], ['D', 'B', 'A', 'C'], ['D', 'B', 'C', 'A']]","{'B': 4, 'D': 3, 'A': 2, 'C': 1}","[1.0, 1.0, 0.58]",3.95
51,"[1, 4, 5]","[3, 3, 2]","[0.58, 0.75, 0.46]","[['C', 'B', 'A', 'D'], ['D', 'B', 'A', 'C'], ['D', 'C', 'A', 'B']]","{'B': 3, 'D': 3, 'A': 2, 'C': 2}","[1.0, 1.0, 0.58]",3.95
51,"[1, 4, 5]","[3, 3, 2]","[0.58, 0.75, 0.46]","[['C', 'B', 'A', 'D'], ['D', 'B', 'A', 'C'], ['D', 'C', 'B', 'A']]","{'B': 3, 'D': 3, 'A': 2, 'C': 2}","[1.0, 1.0, 0.58]",3.95
51,"[1, 4, 5]","[3, 3, 2]","[0.58, 0.75, 0.46]","[['C', 'B', 'A', 'D'], ['D', 'B', 'C', 'A'], ['B', 'C', 'A', 'D']]","{'B': 4, 'A': 2, 'C': 2, 'D': 2}","[1.0, 1.0, 0.5]",3.96
51,"[1, 4, 5]","[3, 3, 2]","[0.58, 0.75, 0.46]","[['C', 'B', 'A', 'D'], ['D', 'B', 'C', 'A'], ['B', 'C', 'D', 'A']]","{'B': 4, 'A': 2, 'C': 2, 'D': 2}","[1.0, 1.0, 0.5]",3.96
51,"[1, 4, 5]","[3, 3, 2]","[0.58, 0.75, 0.46]","[['C', 'B', 'A', 'D'], ['D', 'B', 'C', 'A'], ['B', 'D', 'A', 'C']]","{'B': 4, 'D': 3, 'A': 2, 'C': 1}","[1.0, 1.0, 0.58]",3.95
51,"[1, 4, 5]","[3, 3, 2]","[0.58, 0.75, 0.46]","[['C', 'B', 'A', 'D'], ['D', 'B', 'C', 'A'], ['B', 'D', 'C', 'A']]","{'B': 4, 'D': 3, 'A': 2, 'C': 1}","[1.0, 1.0, 0.58]",3.95
51,"[1, 4, 5]","[3, 3, 2]","[0.58, 0.75, 0.46]","[['C', 'B', 'A', 'D'], ['D', 'B', 'C', 'A'], ['C', 'B', 'A', 'D']]","{'B': 4, 'A': 2, 'C': 2, 'D': 2}","[1.0, 1.0, 0.5]",3.96
51,"[1, 4, 5]","[3, 3, 2]","[0.58, 0.75, 0.46]","[['C', 'B', 'A', 'D'], ['D', 'B', 'C', 'A'], ['C', 'B', 'D', 'A']]","{'B': 4, 'A': 2, 'C': 2, 'D': 2}","[1.0, 1.0, 0.5]",3.96
51,"[1, 4, 5]","[3, 3, 2]","[0.58, 0.75, 0.46]","[['C', 'B', 'A', 'D'], ['D', 'B', 'C', 'A'], ['C', 'D', 'A', 'B']]","{'B': 3, 'D': 3, 'A': 2, 'C': 2}","[1.0, 1.0, 0.58]",3.95
51,"[1, 4, 5]","[3, 3, 2]","[0.58, 0.75, 0.46]","[['C', 'B', 'A', 'D'], ['D', 'B', 'C', 'A'], ['C', 'D', 'B', 'A']]","{'B': 3, 'D': 3, 'A': 2, 'C': 2}","[1.0, 1.0, 0.58]",3.95
51,"[1, 4, 5]","[3, 3, 2]","[0.58, 0.75, 0.46]","[['C', 'B', 'A', 'D'], ['D', 'B', 'C', 'A'], ['D', 'B', 'A', 'C']]","{'B': 4, 'D': 3, 'A': 2, 'C': 1}","[1.0, 1.0, 0.58]",3.95
51,"[1, 4, 5]","[3, 3, 2]","[0.58, 0.75, 0.46]","[['C', 'B', 'A', 'D'], ['D', 'B', 'C', 'A'], ['D', 'B', 'C', 'A']]","{'B': 4, 'D': 3, 'A': 2, 'C': 1}","[1.0, 1.0, 0.58]",3.95
51,"[1, 4, 5]","[3, 3, 2]","[0.58, 0.75, 0.46]","[['C', 'B', 'A', 'D'], ['D', 'B', 'C', 'A'], ['D', 'C', 'A', 'B']]","{'B': 3, 'D': 3, 'A': 2, 'C': 2}","[1.0, 1.0, 0.58]",3.95
51,"[1, 4, 5]","[3, 3, 2]","[0.58, 0.75, 0.46]","[['C', 'B', 'A', 'D'], ['D', 'B', 'C', 'A'], ['D', 'C', 'B', 'A']]","{'B': 3, 'D': 3, 'A': 2, 'C': 2}","[1.0, 1.0, 0.58]",3.95
51,"[1, 4, 5]","[3, 3, 2]","[0.58, 0.75, 0.46]","[['C', 'B', 'A', 'D'], ['D', 'C', 'A', 'B'], ['B', 'C', 'A', 'D']]","{'B': 3, 'C': 3, 'A': 2, 'D': 2}","[1.0, 1.0, 0.67]",3.88
51,"[1, 4, 5]","[3, 3, 2]","[0.58, 0.75, 0.46]","[['C', 'B', 'A', 'D'], ['D', 'C', 'A', 'B'], ['B', 'C', 'D', 'A']]","{'B': 3, 'C': 3, 'A': 2, 'D': 2}","[1.0, 1.0, 0.67]",3.88
51,"[1, 4, 5]","[3, 3, 2]","[0.58, 0.75, 0.46]","[['C', 'B', 'A', 'D'], ['D', 'C', 'A', 'B'], ['B', 'D', 'A', 'C']]","{'B': 3, 'D': 3, 'A': 2, 'C': 2}","[1.0, 1.0, 0.58]",3.95
51,"[1, 4, 5]","[3, 3, 2]","[0.58, 0.75, 0.46]","[['C', 'B', 'A', 'D'], ['D', 'C', 'A', 'B'], ['B', 'D', 'C', 'A']]","{'B': 3, 'D': 3, 'A': 2, 'C': 2}","[1.0, 1.0, 0.58]",3.95
51,"[1, 4, 5]","[3, 3, 2]","[0.58, 0.75, 0.46]","[['C', 'B', 'A', 'D'], ['D', 'C', 'A', 'B'], ['C', 'B', 'A', 'D']]","{'B': 3, 'C': 3, 'A': 2, 'D': 2}","[1.0, 1.0, 0.67]",3.88
51,"[1, 4, 5]","[3, 3, 2]","[0.58, 0.75, 0.46]","[['C', 'B', 'A', 'D'], ['D', 'C', 'A', 'B'], ['C', 'B', 'D', 'A']]","{'B': 3, 'C': 3, 'A': 2, 'D': 2}","[1.0, 1.0, 0.67]",3.88
51,"[1, 4, 5]","[3, 3, 2]","[0.58, 0.75, 0.46]","[['C', 'B', 'A', 'D'], ['D', 'C', 'A', 'B'], ['D', 'B', 'A', 'C']]","{'B': 3, 'D': 3, 'A': 2, 'C': 2}","[1.0, 1.0, 0.58]",3.95
51,"[1, 4, 5]","[3, 3, 2]","[0.58, 0.75, 0.46]","[['C', 'B', 'A', 'D'], ['D', 'C', 'A', 'B'], ['D', 'B', 'C', 'A']]","{'B': 3, 'D': 3, 'A': 2, 'C': 2}","[1.0, 1.0, 0.58]",3.95
51,"[1, 4, 5]","[3, 3, 2]","[0.58, 0.75, 0.46]","[['C', 'B', 'A', 'D'], ['D', 'C', 'B', 'A'], ['B', 'C', 'A', 'D']]","{'B': 3, 'C': 3, 'A': 2, 'D': 2}","[1.0, 1.0, 0.67]",3.88
51,"[1, 4, 5]","[3, 3, 2]","[0.58, 0.75, 0.46]","[['C', 'B', 'A', 'D'], ['D', 'C', 'B', 'A'], ['B', 'C', 'D', 'A']]","{'B': 3, 'C': 3, 'A': 2, 'D': 2}","[1.0, 1.0, 0.67]",3.88
51,"[1, 4, 5]","[3, 3, 2]","[0.58, 0.75, 0.46]","[['C', 'B', 'A', 'D'], ['D', 'C', 'B', 'A'], ['B', 'D', 'A', 'C']]","{'B': 3, 'D': 3, 'A': 2, 'C': 2}","[1.0, 1.0, 0.58]",3.95
51,"[1, 4, 5]","[3, 3, 2]","[0.58, 0.75, 0.46]","[['C', 'B', 'A', 'D'], ['D', 'C', 'B', 'A'], ['B', 'D', 'C', 'A']]","{'B': 3, 'D': 3, 'A': 2, 'C': 2}","[1.0, 1.0, 0.58]",3.95
51,"[1, 4, 5]","[3, 3, 2]","[0.58, 0.75, 0.46]","[['C', 'B', 'A', 'D'], ['D', 'C', 'B', 'A'], ['C', 'B', 'A', 'D']]","{'B': 3, 'C': 3, 'A': 2, 'D': 2}","[1.0, 1.0, 0.67]",3.88
51,"[1, 4, 5]","[3, 3, 2]","[0.58, 0.75, 0.46]","[['C', 'B', 'A', 'D'], ['D', 'C', 'B', 'A'], ['C', 'B', 'D', 'A']]","{'B': 3, 'C': 3, 'A': 2, 'D': 2}","[1.0, 1.0, 0.67]",3.88
51,"[1, 4, 5]","[3, 3, 2]","[0.58, 0.75, 0.46]","[['C', 'B', 'A', 'D'], ['D', 'C', 'B', 'A'], ['D', 'B', 'A', 'C']]","{'B': 3, 'D': 3, 'A': 2, 'C': 2}","[1.0, 1.0, 0.58]",3.95
51,"[1, 4, 5]","[3, 3, 2]","[0.58, 0.75, 0.46]","[['C', 'B', 'A', 'D'], ['D', 'C', 'B', 'A'], ['D', 'B', 'C', 'A']]","{'B': 3, 'D': 3, 'A': 2, 'C': 2}","[1.0, 1.0, 0.58]",3.95
51,"[1, 4, 5]","[3, 3, 2]","[0.58, 0.75, 0.46]","[['C', 'B', 'D', 'A'], ['A', 'B', 'C', 'D'], ['B', 'C', 'A', 'D']]","{'B': 4, 'A': 3, 'C': 2, 'D': 1}","[1.0, 1.0, 0.5]",3.96
51,"[1, 4, 5]","[3, 3, 2]","[0.58, 0.75, 0.46]","[['C', 'B', 'D', 'A'], ['A', 'B', 'C', 'D'], ['B', 'C', 'D', 'A']]","{'B': 4, 'A': 3, 'C': 2, 'D': 1}","[1.0, 1.0, 0.5]",3.96
51,"[1, 4, 5]","[3, 3, 2]","[0.58, 0.75, 0.46]","[['C', 'B', 'D', 'A'], ['A', 'B', 'C', 'D'], ['C', 'B', 'A', 'D']]","{'B': 4, 'A': 3, 'C': 2, 'D': 1}","[1.0, 1.0, 0.5]",3.96
51,"[1, 4, 5]","[3, 3, 2]","[0.58, 0.75, 0.46]","[['C', 'B', 'D', 'A'], ['A', 'B', 'C', 'D'], ['C', 'B', 'D', 'A']]","{'B': 4, 'A': 3, 'C': 2, 'D': 1}","[1.0, 1.0, 0.5]",3.96
51,"[1, 4, 5]","[3, 3, 2]","[0.58, 0.75, 0.46]","[['C', 'B', 'D', 'A'], ['A', 'B', 'D', 'C'], ['B', 'C', 'A', 'D']]","{'B': 4, 'A': 3, 'C': 2, 'D': 1}","[1.0, 1.0, 0.5]",3.96
51,"[1, 4, 5]","[3, 3, 2]","[0.58, 0.75, 0.46]","[['C', 'B', 'D', 'A'], ['A', 'B', 'D', 'C'], ['B', 'C', 'D', 'A']]","{'B': 4, 'A': 3, 'C': 2, 'D': 1}","[1.0, 1.0, 0.5]",3.96
51,"[1, 4, 5]","[3, 3, 2]","[0.58, 0.75, 0.46]","[['C', 'B', 'D', 'A'], ['A', 'B', 'D', 'C'], ['C', 'B', 'A', 'D']]","{'B': 4, 'A': 3, 'C': 2, 'D': 1}","[1.0, 1.0, 0.5]",3.96
51,"[1, 4, 5]","[3, 3, 2]","[0.58, 0.75, 0.46]","[['C', 'B', 'D', 'A'], ['A', 'B', 'D', 'C'], ['C', 'B', 'D', 'A']]","{'B': 4, 'A': 3, 'C': 2, 'D': 1}","[1.0, 1.0, 0.5]",3.96
51,"[1, 4, 5]","[3, 3, 2]","[0.58, 0.75, 0.46]","[['C', 'B', 'D', 'A'], ['B', 'A', 'C', 'D'], ['B', 'C', 'A', 'D']]","{'B': 4, 'A': 3, 'C': 2, 'D': 1}","[1.0, 1.0, 0.5]",3.96
51,"[1, 4, 5]","[3, 3, 2]","[0.58, 0.75, 0.46]","[['C', 'B', 'D', 'A'], ['B', 'A', 'C', 'D'], ['B', 'C', 'D', 'A']]","{'B': 4, 'A': 3, 'C': 2, 'D': 1}","[1.0, 1.0, 0.5]",3.96
51,"[1, 4, 5]","[3, 3, 2]","[0.58, 0.75, 0.46]","[['C', 'B', 'D', 'A'], ['B', 'A', 'C', 'D'], ['C', 'B', 'A', 'D']]","{'B': 4, 'A': 3, 'C': 2, 'D': 1}","[1.0, 1.0, 0.5]",3.96
51,"[1, 4, 5]","[3, 3, 2]","[0.58, 0.75, 0.46]","[['C', 'B', 'D', 'A'], ['B', 'A', 'C', 'D'], ['C', 'B', 'D', 'A']]","{'B': 4, 'A': 3, 'C': 2, 'D': 1}","[1.0, 1.0, 0.5]",3.96
51,"[1, 4, 5]","[3, 3, 2]","[0.58, 0.75, 0.46]","[['C', 'B', 'D', 'A'], ['B', 'A', 'D', 'C'], ['B', 'C', 'A', 'D']]","{'B': 4, 'A': 3, 'C': 2, 'D': 1}","[1.0, 1.0, 0.5]",3.96
51,"[1, 4, 5]","[3, 3, 2]","[0.58, 0.75, 0.46]","[['C', 'B', 'D', 'A'], ['B', 'A', 'D', 'C'], ['B', 'C', 'D', 'A']]","{'B': 4, 'A': 3, 'C': 2, 'D': 1}","[1.0, 1.0, 0.5]",3.96
51,"[1, 4, 5]","[3, 3, 2]","[0.58, 0.75, 0.46]","[['C', 'B', 'D', 'A'], ['B', 'A', 'D', 'C'], ['C', 'B', 'A', 'D']]","{'B': 4, 'A': 3, 'C': 2, 'D': 1}","[1.0, 1.0, 0.5]",3.96
51,"[1, 4, 5]","[3, 3, 2]","[0.58, 0.75, 0.46]","[['C', 'B', 'D', 'A'], ['B', 'A', 'D', 'C'], ['C', 'B', 'D', 'A']]","{'B': 4, 'A': 3, 'C': 2, 'D': 1}","[1.0, 1.0, 0.5]",3.96
51,"[1, 4, 5]","[3, 3, 2]","[0.58, 0.75, 0.46]","[['C', 'B', 'D', 'A'], ['B', 'C', 'A', 'D'], ['A', 'B', 'C', 'D']]","{'B': 4, 'A': 3, 'C': 2, 'D': 1}","[1.0, 1.0, 0.5]",3.96
51,"[1, 4, 5]","[3, 3, 2]","[0.58, 0.75, 0.46]","[['C', 'B', 'D', 'A'], ['B', 'C', 'A', 'D'], ['A', 'B', 'D', 'C']]","{'B': 4, 'A': 3, 'C': 2, 'D': 1}","[1.0, 1.0, 0.5]",3.96
51,"[1, 4, 5]","[3, 3, 2]","[0.58, 0.75, 0.46]","[['C', 'B', 'D', 'A'], ['B', 'C', 'A', 'D'], ['B', 'A', 'C', 'D']]","{'B': 4, 'A': 3, 'C': 2, 'D': 1}","[1.0, 1.0, 0.5]",3.96
51,"[1, 4, 5]","[3, 3, 2]","[0.58, 0.75, 0.46]","[['C', 'B', 'D', 'A'], ['B', 'C', 'A', 'D'], ['B', 'A', 'D', 'C']]","{'B': 4, 'A': 3, 'C': 2, 'D': 1}","[1.0, 1.0, 0.5]",3.96
51,"[1, 4, 5]","[3, 3, 2]","[0.58, 0.75, 0.46]","[['C', 'B', 'D', 'A'], ['B', 'C', 'A', 'D'], ['B', 'C', 'A', 'D']]","{'B': 4, 'C': 3, 'A': 2, 'D': 1}","[1.0, 1.0, 0.67]",3.88
51,"[1, 4, 5]","[3, 3, 2]","[0.58, 0.75, 0.46]","[['C', 'B', 'D', 'A'], ['B', 'C', 'A', 'D'], ['B', 'C', 'D', 'A']]","{'B': 4, 'C': 3, 'A': 2, 'D': 1}","[1.0, 1.0, 0.67]",3.88
51,"[1, 4, 5]","[3, 3, 2]","[0.58, 0.75, 0.46]","[['C', 'B', 'D', 'A'], ['B', 'C', 'A', 'D'], ['B', 'D', 'A', 'C']]","{'B': 4, 'A': 2, 'C': 2, 'D': 2}","[1.0, 1.0, 0.5]",3.96
51,"[1, 4, 5]","[3, 3, 2]","[0.58, 0.75, 0.46]","[['C', 'B', 'D', 'A'], ['B', 'C', 'A', 'D'], ['B', 'D', 'C', 'A']]","{'B': 4, 'A': 2, 'C': 2, 'D': 2}","[1.0, 1.0, 0.5]",3.96
51,"[1, 4, 5]","[3, 3, 2]","[0.58, 0.75, 0.46]","[['C', 'B', 'D', 'A'], ['B', 'C', 'A', 'D'], ['C', 'B', 'A', 'D']]","{'B': 4, 'C': 3, 'A': 2, 'D': 1}","[1.0, 1.0, 0.67]",3.88
51,"[1, 4, 5]","[3, 3, 2]","[0.58, 0.75, 0.46]","[['C', 'B', 'D', 'A'], ['B', 'C', 'A', 'D'], ['C', 'B', 'D', 'A']]","{'B': 4, 'C': 3, 'A': 2, 'D': 1}","[1.0, 1.0, 0.67]",3.88
51,"[1, 4, 5]","[3, 3, 2]","[0.58, 0.75, 0.46]","[['C', 'B', 'D', 'A'], ['B', 'C', 'A', 'D'], ['C', 'D', 'A', 'B']]","{'B': 3, 'C': 3, 'A': 2, 'D': 2}","[1.0, 1.0, 0.67]",3.88
51,"[1, 4, 5]","[3, 3, 2]","[0.58, 0.75, 0.46]","[['C', 'B', 'D', 'A'], ['B', 'C', 'A', 'D'], ['C', 'D', 'B', 'A']]","{'B': 3, 'C': 3, 'A': 2, 'D': 2}","[1.0, 1.0, 0.67]",3.88
51,"[1, 4, 5]","[3, 3, 2]","[0.58, 0.75, 0.46]","[['C', 'B', 'D', 'A'], ['B', 'C', 'A', 'D'], ['D', 'B', 'A', 'C']]","{'B': 4, 'A': 2, 'C': 2, 'D': 2}","[1.0, 1.0, 0.5]",3.96
51,"[1, 4, 5]","[3, 3, 2]","[0.58, 0.75, 0.46]","[['C', 'B', 'D', 'A'], ['B', 'C', 'A', 'D'], ['D', 'B', 'C', 'A']]","{'B': 4, 'A': 2, 'C': 2, 'D': 2}","[1.0, 1.0, 0.5]",3.96
51,"[1, 4, 5]","[3, 3, 2]","[0.58, 0.75, 0.46]","[['C', 'B', 'D', 'A'], ['B', 'C', 'A', 'D'], ['D', 'C', 'A', 'B']]","{'B': 3, 'C': 3, 'A': 2, 'D': 2}","[1.0, 1.0, 0.67]",3.88
51,"[1, 4, 5]","[3, 3, 2]","[0.58, 0.75, 0.46]","[['C', 'B', 'D', 'A'], ['B', 'C', 'A', 'D'], ['D', 'C', 'B', 'A']]","{'B': 3, 'C': 3, 'A': 2, 'D': 2}","[1.0, 1.0, 0.67]",3.88
51,"[1, 4, 5]","[3, 3, 2]","[0.58, 0.75, 0.46]","[['C', 'B', 'D', 'A'], ['B', 'C', 'D', 'A'], ['A', 'B', 'C', 'D']]","{'B': 4, 'A': 3, 'C': 2, 'D': 1}","[1.0, 1.0, 0.5]",3.96
51,"[1, 4, 5]","[3, 3, 2]","[0.58, 0.75, 0.46]","[['C', 'B', 'D', 'A'], ['B', 'C', 'D', 'A'], ['A', 'B', 'D', 'C']]","{'B': 4, 'A': 3, 'C': 2, 'D': 1}","[1.0, 1.0, 0.5]",3.96
51,"[1, 4, 5]","[3, 3, 2]","[0.58, 0.75, 0.46]","[['C', 'B', 'D', 'A'], ['B', 'C', 'D', 'A'], ['B', 'A', 'C', 'D']]","{'B': 4, 'A': 3, 'C': 2, 'D': 1}","[1.0, 1.0, 0.5]",3.96
51,"[1, 4, 5]","[3, 3, 2]","[0.58, 0.75, 0.46]","[['C', 'B', 'D', 'A'], ['B', 'C', 'D', 'A'], ['B', 'A', 'D', 'C']]","{'B': 4, 'A': 3, 'C': 2, 'D': 1}","[1.0, 1.0, 0.5]",3.96
51,"[1, 4, 5]","[3, 3, 2]","[0.58, 0.75, 0.46]","[['C', 'B', 'D', 'A'], ['B', 'C', 'D', 'A'], ['B', 'C', 'A', 'D']]","{'B': 4, 'C': 3, 'A': 2, 'D': 1}","[1.0, 1.0, 0.67]",3.88
51,"[1, 4, 5]","[3, 3, 2]","[0.58, 0.75, 0.46]","[['C', 'B', 'D', 'A'], ['B', 'C', 'D', 'A'], ['B', 'C', 'D', 'A']]","{'B': 4, 'C': 3, 'A': 2, 'D': 1}","[1.0, 1.0, 0.67]",3.88
51,"[1, 4, 5]","[3, 3, 2]","[0.58, 0.75, 0.46]","[['C', 'B', 'D', 'A'], ['B', 'C', 'D', 'A'], ['B', 'D', 'A', 'C']]","{'B': 4, 'A': 2, 'C': 2, 'D': 2}","[1.0, 1.0, 0.5]",3.96
51,"[1, 4, 5]","[3, 3, 2]","[0.58, 0.75, 0.46]","[['C', 'B', 'D', 'A'], ['B', 'C', 'D', 'A'], ['B', 'D', 'C', 'A']]","{'B': 4, 'A': 2, 'C': 2, 'D': 2}","[1.0, 1.0, 0.5]",3.96
51,"[1, 4, 5]","[3, 3, 2]","[0.58, 0.75, 0.46]","[['C', 'B', 'D', 'A'], ['B', 'C', 'D', 'A'], ['C', 'B', 'A', 'D']]","{'B': 4, 'C': 3, 'A': 2, 'D': 1}","[1.0, 1.0, 0.67]",3.88
51,"[1, 4, 5]","[3, 3, 2]","[0.58, 0.75, 0.46]","[['C', 'B', 'D', 'A'], ['B', 'C', 'D', 'A'], ['C', 'B', 'D', 'A']]","{'B': 4, 'C': 3, 'A': 2, 'D': 1}","[1.0, 1.0, 0.67]",3.88
51,"[1, 4, 5]","[3, 3, 2]","[0.58, 0.75, 0.46]","[['C', 'B', 'D', 'A'], ['B', 'C', 'D', 'A'], ['C', 'D', 'A', 'B']]","{'B': 3, 'C': 3, 'A': 2, 'D': 2}","[1.0, 1.0, 0.67]",3.88
51,"[1, 4, 5]","[3, 3, 2]","[0.58, 0.75, 0.46]","[['C', 'B', 'D', 'A'], ['B', 'C', 'D', 'A'], ['C', 'D', 'B', 'A']]","{'B': 3, 'C': 3, 'A': 2, 'D': 2}","[1.0, 1.0, 0.67]",3.88
51,"[1, 4, 5]","[3, 3, 2]","[0.58, 0.75, 0.46]","[['C', 'B', 'D', 'A'], ['B', 'C', 'D', 'A'], ['D', 'B', 'A', 'C']]","{'B': 4, 'A': 2, 'C': 2, 'D': 2}","[1.0, 1.0, 0.5]",3.96
51,"[1, 4, 5]","[3, 3, 2]","[0.58, 0.75, 0.46]","[['C', 'B', 'D', 'A'], ['B', 'C', 'D', 'A'], ['D', 'B', 'C', 'A']]","{'B': 4, 'A': 2, 'C': 2, 'D': 2}","[1.0, 1.0, 0.5]",3.96
51,"[1, 4, 5]","[3, 3, 2]","[0.58, 0.75, 0.46]","[['C', 'B', 'D', 'A'], ['B', 'C', 'D', 'A'], ['D', 'C', 'A', 'B']]","{'B': 3, 'C': 3, 'A': 2, 'D': 2}","[1.0, 1.0, 0.67]",3.88
51,"[1, 4, 5]","[3, 3, 2]","[0.58, 0.75, 0.46]","[['C', 'B', 'D', 'A'], ['B', 'C', 'D', 'A'], ['D', 'C', 'B', 'A']]","{'B': 3, 'C': 3, 'A': 2, 'D': 2}","[1.0, 1.0, 0.67]",3.88
51,"[1, 4, 5]","[3, 3, 2]","[0.58, 0.75, 0.46]","[['C', 'B', 'D', 'A'], ['B', 'D', 'A', 'C'], ['B', 'C', 'A', 'D']]","{'B': 4, 'A': 2, 'C': 2, 'D': 2}","[1.0, 1.0, 0.5]",3.96
51,"[1, 4, 5]","[3, 3, 2]","[0.58, 0.75, 0.46]","[['C', 'B', 'D', 'A'], ['B', 'D', 'A', 'C'], ['B', 'C', 'D', 'A']]","{'B': 4, 'A': 2, 'C': 2, 'D': 2}","[1.0, 1.0, 0.5]",3.96
51,"[1, 4, 5]","[3, 3, 2]","[0.58, 0.75, 0.46]","[['C', 'B', 'D', 'A'], ['B', 'D', 'A', 'C'], ['B', 'D', 'A', 'C']]","{'B': 4, 'D': 3, 'A': 2, 'C': 1}","[1.0, 1.0, 0.58]",3.95
51,"[1, 4, 5]","[3, 3, 2]","[0.58, 0.75, 0.46]","[['C', 'B', 'D', 'A'], ['B', 'D', 'A', 'C'], ['B', 'D', 'C', 'A']]","{'B': 4, 'D': 3, 'A': 2, 'C': 1}","[1.0, 1.0, 0.58]",3.95
51,"[1, 4, 5]","[3, 3, 2]","[0.58, 0.75, 0.46]","[['C', 'B', 'D', 'A'], ['B', 'D', 'A', 'C'], ['C', 'B', 'A', 'D']]","{'B': 4, 'A': 2, 'C': 2, 'D': 2}","[1.0, 1.0, 0.5]",3.96
51,"[1, 4, 5]","[3, 3, 2]","[0.58, 0.75, 0.46]","[['C', 'B', 'D', 'A'], ['B', 'D', 'A', 'C'], ['C', 'B', 'D', 'A']]","{'B': 4, 'A': 2, 'C': 2, 'D': 2}","[1.0, 1.0, 0.5]",3.96
51,"[1, 4, 5]","[3, 3, 2]","[0.58, 0.75, 0.46]","[['C', 'B', 'D', 'A'], ['B', 'D', 'A', 'C'], ['C', 'D', 'A', 'B']]","{'B': 3, 'D': 3, 'A': 2, 'C': 2}","[1.0, 1.0, 0.58]",3.95
51,"[1, 4, 5]","[3, 3, 2]","[0.58, 0.75, 0.46]","[['C', 'B', 'D', 'A'], ['B', 'D', 'A', 'C'], ['C', 'D', 'B', 'A']]","{'B': 3, 'D': 3, 'A': 2, 'C': 2}","[1.0, 1.0, 0.58]",3.95
51,"[1, 4, 5]","[3, 3, 2]","[0.58, 0.75, 0.46]","[['C', 'B', 'D', 'A'], ['B', 'D', 'A', 'C'], ['D', 'B', 'A', 'C']]","{'B': 4, 'D': 3, 'A': 2, 'C': 1}","[1.0, 1.0, 0.58]",3.95
51,"[1, 4, 5]","[3, 3, 2]","[0.58, 0.75, 0.46]","[['C', 'B', 'D', 'A'], ['B', 'D', 'A', 'C'], ['D', 'B', 'C', 'A']]","{'B': 4, 'D': 3, 'A': 2, 'C': 1}","[1.0, 1.0, 0.58]",3.95
51,"[1, 4, 5]","[3, 3, 2]","[0.58, 0.75, 0.46]","[['C', 'B', 'D', 'A'], ['B', 'D', 'A', 'C'], ['D', 'C', 'A', 'B']]","{'B': 3, 'D': 3, 'A': 2, 'C': 2}","[1.0, 1.0, 0.58]",3.95
51,"[1, 4, 5]","[3, 3, 2]","[0.58, 0.75, 0.46]","[['C', 'B', 'D', 'A'], ['B', 'D', 'A', 'C'], ['D', 'C', 'B', 'A']]","{'B': 3, 'D': 3, 'A': 2, 'C': 2}","[1.0, 1.0, 0.58]",3.95
51,"[1, 4, 5]","[3, 3, 2]","[0.58, 0.75, 0.46]","[['C', 'B', 'D', 'A'], ['B', 'D', 'C', 'A'], ['B', 'C', 'A', 'D']]","{'B': 4, 'A': 2, 'C': 2, 'D': 2}","[1.0, 1.0, 0.5]",3.96
51,"[1, 4, 5]","[3, 3, 2]","[0.58, 0.75, 0.46]","[['C', 'B', 'D', 'A'], ['B', 'D', 'C', 'A'], ['B', 'C', 'D', 'A']]","{'B': 4, 'A': 2, 'C': 2, 'D': 2}","[1.0, 1.0, 0.5]",3.96
51,"[1, 4, 5]","[3, 3, 2]","[0.58, 0.75, 0.46]","[['C', 'B', 'D', 'A'], ['B', 'D', 'C', 'A'], ['B', 'D', 'A', 'C']]","{'B': 4, 'D': 3, 'A': 2, 'C': 1}","[1.0, 1.0, 0.58]",3.95
51,"[1, 4, 5]","[3, 3, 2]","[0.58, 0.75, 0.46]","[['C', 'B', 'D', 'A'], ['B', 'D', 'C', 'A'], ['B', 'D', 'C', 'A']]","{'B': 4, 'D': 3, 'A': 2, 'C': 1}","[1.0, 1.0, 0.58]",3.95
51,"[1, 4, 5]","[3, 3, 2]","[0.58, 0.75, 0.46]","[['C', 'B', 'D', 'A'], ['B', 'D', 'C', 'A'], ['C', 'B', 'A', 'D']]","{'B': 4, 'A': 2, 'C': 2, 'D': 2}","[1.0, 1.0, 0.5]",3.96
51,"[1, 4, 5]","[3, 3, 2]","[0.58, 0.75, 0.46]","[['C', 'B', 'D', 'A'], ['B', 'D', 'C', 'A'], ['C', 'B', 'D', 'A']]","{'B': 4, 'A': 2, 'C': 2, 'D': 2}","[1.0, 1.0, 0.5]",3.96
51,"[1, 4, 5]","[3, 3, 2]","[0.58, 0.75, 0.46]","[['C', 'B', 'D', 'A'], ['B', 'D', 'C', 'A'], ['C', 'D', 'A', 'B']]","{'B': 3, 'D': 3, 'A': 2, 'C': 2}","[1.0, 1.0, 0.58]",3.95
51,"[1, 4, 5]","[3, 3, 2]","[0.58, 0.75, 0.46]","[['C', 'B', 'D', 'A'], ['B', 'D', 'C', 'A'], ['C', 'D', 'B', 'A']]","{'B': 3, 'D': 3, 'A': 2, 'C': 2}","[1.0, 1.0, 0.58]",3.95
51,"[1, 4, 5]","[3, 3, 2]","[0.58, 0.75, 0.46]","[['C', 'B', 'D', 'A'], ['B', 'D', 'C', 'A'], ['D', 'B', 'A', 'C']]","{'B': 4, 'D': 3, 'A': 2, 'C': 1}","[1.0, 1.0, 0.58]",3.95
51,"[1, 4, 5]","[3, 3, 2]","[0.58, 0.75, 0.46]","[['C', 'B', 'D', 'A'], ['B', 'D', 'C', 'A'], ['D', 'B', 'C', 'A']]","{'B': 4, 'D': 3, 'A': 2, 'C': 1}","[1.0, 1.0, 0.58]",3.95
51,"[1, 4, 5]","[3, 3, 2]","[0.58, 0.75, 0.46]","[['C', 'B', 'D', 'A'], ['B', 'D', 'C', 'A'], ['D', 'C', 'A', 'B']]","{'B': 3, 'D': 3, 'A': 2, 'C': 2}","[1.0, 1.0, 0.58]",3.95
51,"[1, 4, 5]","[3, 3, 2]","[0.58, 0.75, 0.46]","[['C', 'B', 'D', 'A'], ['B', 'D', 'C', 'A'], ['D', 'C', 'B', 'A']]","{'B': 3, 'D': 3, 'A': 2, 'C': 2}","[1.0, 1.0, 0.58]",3.95
51,"[1, 4, 5]","[3, 3, 2]","[0.58, 0.75, 0.46]","[['C', 'B', 'D', 'A'], ['C', 'B', 'A', 'D'], ['A', 'B', 'C', 'D']]","{'B': 4, 'A': 3, 'C': 2, 'D': 1}","[1.0, 1.0, 0.5]",3.96
51,"[1, 4, 5]","[3, 3, 2]","[0.58, 0.75, 0.46]","[['C', 'B', 'D', 'A'], ['C', 'B', 'A', 'D'], ['A', 'B', 'D', 'C']]","{'B': 4, 'A': 3, 'C': 2, 'D': 1}","[1.0, 1.0, 0.5]",3.96
51,"[1, 4, 5]","[3, 3, 2]","[0.58, 0.75, 0.46]","[['C', 'B', 'D', 'A'], ['C', 'B', 'A', 'D'], ['B', 'A', 'C', 'D']]","{'B': 4, 'A': 3, 'C': 2, 'D': 1}","[1.0, 1.0, 0.5]",3.96
51,"[1, 4, 5]","[3, 3, 2]","[0.58, 0.75, 0.46]","[['C', 'B', 'D', 'A'], ['C', 'B', 'A', 'D'], ['B', 'A', 'D', 'C']]","{'B': 4, 'A': 3, 'C': 2, 'D': 1}","[1.0, 1.0, 0.5]",3.96
51,"[1, 4, 5]","[3, 3, 2]","[0.58, 0.75, 0.46]","[['C', 'B', 'D', 'A'], ['C', 'B', 'A', 'D'], ['B', 'C', 'A', 'D']]","{'B': 4, 'C': 3, 'A': 2, 'D': 1}","[1.0, 1.0, 0.67]",3.88
51,"[1, 4, 5]","[3, 3, 2]","[0.58, 0.75, 0.46]","[['C', 'B', 'D', 'A'], ['C', 'B', 'A', 'D'], ['B', 'C', 'D', 'A']]","{'B': 4, 'C': 3, 'A': 2, 'D': 1}","[1.0, 1.0, 0.67]",3.88
51,"[1, 4, 5]","[3, 3, 2]","[0.58, 0.75, 0.46]","[['C', 'B', 'D', 'A'], ['C', 'B', 'A', 'D'], ['B', 'D', 'A', 'C']]","{'B': 4, 'A': 2, 'C': 2, 'D': 2}","[1.0, 1.0, 0.5]",3.96
51,"[1, 4, 5]","[3, 3, 2]","[0.58, 0.75, 0.46]","[['C', 'B', 'D', 'A'], ['C', 'B', 'A', 'D'], ['B', 'D', 'C', 'A']]","{'B': 4, 'A': 2, 'C': 2, 'D': 2}","[1.0, 1.0, 0.5]",3.96
51,"[1, 4, 5]","[3, 3, 2]","[0.58, 0.75, 0.46]","[['C', 'B', 'D', 'A'], ['C', 'B', 'A', 'D'], ['C', 'B', 'A', 'D']]","{'B': 4, 'C': 3, 'A': 2, 'D': 1}","[1.0, 1.0, 0.67]",3.88
51,"[1, 4, 5]","[3, 3, 2]","[0.58, 0.75, 0.46]","[['C', 'B', 'D', 'A'], ['C', 'B', 'A', 'D'], ['C', 'B', 'D', 'A']]","{'B': 4, 'C': 3, 'A': 2, 'D': 1}","[1.0, 1.0, 0.67]",3.88
51,"[1, 4, 5]","[3, 3, 2]","[0.58, 0.75, 0.46]","[['C', 'B', 'D', 'A'], ['C', 'B', 'A', 'D'], ['C', 'D', 'A', 'B']]","{'B': 3, 'C': 3, 'A': 2, 'D': 2}","[1.0, 1.0, 0.67]",3.88
51,"[1, 4, 5]","[3, 3, 2]","[0.58, 0.75, 0.46]","[['C', 'B', 'D', 'A'], ['C', 'B', 'A', 'D'], ['C', 'D', 'B', 'A']]","{'B': 3, 'C': 3, 'A': 2, 'D': 2}","[1.0, 1.0, 0.67]",3.88
51,"[1, 4, 5]","[3, 3, 2]","[0.58, 0.75, 0.46]","[['C', 'B', 'D', 'A'], ['C', 'B', 'A', 'D'], ['D', 'B', 'A', 'C']]","{'B': 4, 'A': 2, 'C': 2, 'D': 2}","[1.0, 1.0, 0.5]",3.96
51,"[1, 4, 5]","[3, 3, 2]","[0.58, 0.75, 0.46]","[['C', 'B', 'D', 'A'], ['C', 'B', 'A', 'D'], ['D', 'B', 'C', 'A']]","{'B': 4, 'A': 2, 'C': 2, 'D': 2}","[1.0, 1.0, 0.5]",3.96
51,"[1, 4, 5]","[3, 3, 2]","[0.58, 0.75, 0.46]","[['C', 'B', 'D', 'A'], ['C', 'B', 'A', 'D'], ['D', 'C', 'A', 'B']]","{'B': 3, 'C': 3, 'A': 2, 'D': 2}","[1.0, 1.0, 0.67]",3.88
51,"[1, 4, 5]","[3, 3, 2]","[0.58, 0.75, 0.46]","[['C', 'B', 'D', 'A'], ['C', 'B', 'A', 'D'], ['D', 'C', 'B', 'A']]","{'B': 3, 'C': 3, 'A': 2, 'D': 2}","[1.0, 1.0, 0.67]",3.88
51,"[1, 4, 5]","[3, 3, 2]","[0.58, 0.75, 0.46]","[['C', 'B', 'D', 'A'], ['C', 'B', 'D', 'A'], ['A', 'B', 'C', 'D']]","{'B': 4, 'A': 3, 'C': 2, 'D': 1}","[1.0, 1.0, 0.5]",3.96
51,"[1, 4, 5]","[3, 3, 2]","[0.58, 0.75, 0.46]","[['C', 'B', 'D', 'A'], ['C', 'B', 'D', 'A'], ['A', 'B', 'D', 'C']]","{'B': 4, 'A': 3, 'C': 2, 'D': 1}","[1.0, 1.0, 0.5]",3.96
51,"[1, 4, 5]","[3, 3, 2]","[0.58, 0.75, 0.46]","[['C', 'B', 'D', 'A'], ['C', 'B', 'D', 'A'], ['B', 'A', 'C', 'D']]","{'B': 4, 'A': 3, 'C': 2, 'D': 1}","[1.0, 1.0, 0.5]",3.96
51,"[1, 4, 5]","[3, 3, 2]","[0.58, 0.75, 0.46]","[['C', 'B', 'D', 'A'], ['C', 'B', 'D', 'A'], ['B', 'A', 'D', 'C']]","{'B': 4, 'A': 3, 'C': 2, 'D': 1}","[1.0, 1.0, 0.5]",3.96
51,"[1, 4, 5]","[3, 3, 2]","[0.58, 0.75, 0.46]","[['C', 'B', 'D', 'A'], ['C', 'B', 'D', 'A'], ['B', 'C', 'A', 'D']]","{'B': 4, 'C': 3, 'A': 2, 'D': 1}","[1.0, 1.0, 0.67]",3.88
51,"[1, 4, 5]","[3, 3, 2]","[0.58, 0.75, 0.46]","[['C', 'B', 'D', 'A'], ['C', 'B', 'D', 'A'], ['B', 'C', 'D', 'A']]","{'B': 4, 'C': 3, 'A': 2, 'D': 1}","[1.0, 1.0, 0.67]",3.88
51,"[1, 4, 5]","[3, 3, 2]","[0.58, 0.75, 0.46]","[['C', 'B', 'D', 'A'], ['C', 'B', 'D', 'A'], ['B', 'D', 'A', 'C']]","{'B': 4, 'A': 2, 'C': 2, 'D': 2}","[1.0, 1.0, 0.5]",3.96
51,"[1, 4, 5]","[3, 3, 2]","[0.58, 0.75, 0.46]","[['C', 'B', 'D', 'A'], ['C', 'B', 'D', 'A'], ['B', 'D', 'C', 'A']]","{'B': 4, 'A': 2, 'C': 2, 'D': 2}","[1.0, 1.0, 0.5]",3.96
51,"[1, 4, 5]","[3, 3, 2]","[0.58, 0.75, 0.46]","[['C', 'B', 'D', 'A'], ['C', 'B', 'D', 'A'], ['C', 'B', 'A', 'D']]","{'B': 4, 'C': 3, 'A': 2, 'D': 1}","[1.0, 1.0, 0.67]",3.88
51,"[1, 4, 5]","[3, 3, 2]","[0.58, 0.75, 0.46]","[['C', 'B', 'D', 'A'], ['C', 'B', 'D', 'A'], ['C', 'B', 'D', 'A']]","{'B': 4, 'C': 3, 'A': 2, 'D': 1}","[1.0, 1.0, 0.67]",3.88
51,"[1, 4, 5]","[3, 3, 2]","[0.58, 0.75, 0.46]","[['C', 'B', 'D', 'A'], ['C', 'B', 'D', 'A'], ['C', 'D', 'A', 'B']]","{'B': 3, 'C': 3, 'A': 2, 'D': 2}","[1.0, 1.0, 0.67]",3.88
51,"[1, 4, 5]","[3, 3, 2]","[0.58, 0.75, 0.46]","[['C', 'B', 'D', 'A'], ['C', 'B', 'D', 'A'], ['C', 'D', 'B', 'A']]","{'B': 3, 'C': 3, 'A': 2, 'D': 2}","[1.0, 1.0, 0.67]",3.88
51,"[1, 4, 5]","[3, 3, 2]","[0.58, 0.75, 0.46]","[['C', 'B', 'D', 'A'], ['C', 'B', 'D', 'A'], ['D', 'B', 'A', 'C']]","{'B': 4, 'A': 2, 'C': 2, 'D': 2}","[1.0, 1.0, 0.5]",3.96
51,"[1, 4, 5]","[3, 3, 2]","[0.58, 0.75, 0.46]","[['C', 'B', 'D', 'A'], ['C', 'B', 'D', 'A'], ['D', 'B', 'C', 'A']]","{'B': 4, 'A': 2, 'C': 2, 'D': 2}","[1.0, 1.0, 0.5]",3.96
51,"[1, 4, 5]","[3, 3, 2]","[0.58, 0.75, 0.46]","[['C', 'B', 'D', 'A'], ['C', 'B', 'D', 'A'], ['D', 'C', 'A', 'B']]","{'B': 3, 'C': 3, 'A': 2, 'D': 2}","[1.0, 1.0, 0.67]",3.88
51,"[1, 4, 5]","[3, 3, 2]","[0.58, 0.75, 0.46]","[['C', 'B', 'D', 'A'], ['C', 'B', 'D', 'A'], ['D', 'C', 'B', 'A']]","{'B': 3, 'C': 3, 'A': 2, 'D': 2}","[1.0, 1.0, 0.67]",3.88
51,"[1, 4, 5]","[3, 3, 2]","[0.58, 0.75, 0.46]","[['C', 'B', 'D', 'A'], ['C', 'D', 'A', 'B'], ['B', 'C', 'A', 'D']]","{'B': 3, 'C': 3, 'A': 2, 'D': 2}","[1.0, 1.0, 0.67]",3.88
51,"[1, 4, 5]","[3, 3, 2]","[0.58, 0.75, 0.46]","[['C', 'B', 'D', 'A'], ['C', 'D', 'A', 'B'], ['B', 'C', 'D', 'A']]","{'B': 3, 'C': 3, 'A': 2, 'D': 2}","[1.0, 1.0, 0.67]",3.88
51,"[1, 4, 5]","[3, 3, 2]","[0.58, 0.75, 0.46]","[['C', 'B', 'D', 'A'], ['C', 'D', 'A', 'B'], ['B', 'D', 'A', 'C']]","{'B': 3, 'D': 3, 'A': 2, 'C': 2}","[1.0, 1.0, 0.58]",3.95
51,"[1, 4, 5]","[3, 3, 2]","[0.58, 0.75, 0.46]","[['C', 'B', 'D', 'A'], ['C', 'D', 'A', 'B'], ['B', 'D', 'C', 'A']]","{'B': 3, 'D': 3, 'A': 2, 'C': 2}","[1.0, 1.0, 0.58]",3.95
51,"[1, 4, 5]","[3, 3, 2]","[0.58, 0.75, 0.46]","[['C', 'B', 'D', 'A'], ['C', 'D', 'A', 'B'], ['C', 'B', 'A', 'D']]","{'B': 3, 'C': 3, 'A': 2, 'D': 2}","[1.0, 1.0, 0.67]",3.88
51,"[1, 4, 5]","[3, 3, 2]","[0.58, 0.75, 0.46]","[['C', 'B', 'D', 'A'], ['C', 'D', 'A', 'B'], ['C', 'B', 'D', 'A']]","{'B': 3, 'C': 3, 'A': 2, 'D': 2}","[1.0, 1.0, 0.67]",3.88
51,"[1, 4, 5]","[3, 3, 2]","[0.58, 0.75, 0.46]","[['C', 'B', 'D', 'A'], ['C', 'D', 'A', 'B'], ['D', 'B', 'A', 'C']]","{'B': 3, 'D': 3, 'A': 2, 'C': 2}","[1.0, 1.0, 0.58]",3.95
51,"[1, 4, 5]","[3, 3, 2]","[0.58, 0.75, 0.46]","[['C', 'B', 'D', 'A'], ['C', 'D', 'A', 'B'], ['D', 'B', 'C', 'A']]","{'B': 3, 'D': 3, 'A': 2, 'C': 2}","[1.0, 1.0, 0.58]",3.95
51,"[1, 4, 5]","[3, 3, 2]","[0.58, 0.75, 0.46]","[['C', 'B', 'D', 'A'], ['C', 'D', 'B', 'A'], ['B', 'C', 'A', 'D']]","{'B': 3, 'C': 3, 'A': 2, 'D': 2}","[1.0, 1.0, 0.67]",3.88
51,"[1, 4, 5]","[3, 3, 2]","[0.58, 0.75, 0.46]","[['C', 'B', 'D', 'A'], ['C', 'D', 'B', 'A'], ['B', 'C', 'D', 'A']]","{'B': 3, 'C': 3, 'A': 2, 'D': 2}","[1.0, 1.0, 0.67]",3.88
51,"[1, 4, 5]","[3, 3, 2]","[0.58, 0.75, 0.46]","[['C', 'B', 'D', 'A'], ['C', 'D', 'B', 'A'], ['B', 'D', 'A', 'C']]","{'B': 3, 'D': 3, 'A': 2, 'C': 2}","[1.0, 1.0, 0.58]",3.95
51,"[1, 4, 5]","[3, 3, 2]","[0.58, 0.75, 0.46]","[['C', 'B', 'D', 'A'], ['C', 'D', 'B', 'A'], ['B', 'D', 'C', 'A']]","{'B': 3, 'D': 3, 'A': 2, 'C': 2}","[1.0, 1.0, 0.58]",3.95
51,"[1, 4, 5]","[3, 3, 2]","[0.58, 0.75, 0.46]","[['C', 'B', 'D', 'A'], ['C', 'D', 'B', 'A'], ['C', 'B', 'A', 'D']]","{'B': 3, 'C': 3, 'A': 2, 'D': 2}","[1.0, 1.0, 0.67]",3.88
51,"[1, 4, 5]","[3, 3, 2]","[0.58, 0.75, 0.46]","[['C', 'B', 'D', 'A'], ['C', 'D', 'B', 'A'], ['C', 'B', 'D', 'A']]","{'B': 3, 'C': 3, 'A': 2, 'D': 2}","[1.0, 1.0, 0.67]",3.88
51,"[1, 4, 5]","[3, 3, 2]","[0.58, 0.75, 0.46]","[['C', 'B', 'D', 'A'], ['C', 'D', 'B', 'A'], ['D', 'B', 'A', 'C']]","{'B': 3, 'D': 3, 'A': 2, 'C': 2}","[1.0, 1.0, 0.58]",3.95
51,"[1, 4, 5]","[3, 3, 2]","[0.58, 0.75, 0.46]","[['C', 'B', 'D', 'A'], ['C', 'D', 'B', 'A'], ['D', 'B', 'C', 'A']]","{'B': 3, 'D': 3, 'A': 2, 'C': 2}","[1.0, 1.0, 0.58]",3.95
51,"[1, 4, 5]","[3, 3, 2]","[0.58, 0.75, 0.46]","[['C', 'B', 'D', 'A'], ['D', 'B', 'A', 'C'], ['B', 'C', 'A', 'D']]","{'B': 4, 'A': 2, 'C': 2, 'D': 2}","[1.0, 1.0, 0.5]",3.96
51,"[1, 4, 5]","[3, 3, 2]","[0.58, 0.75, 0.46]","[['C', 'B', 'D', 'A'], ['D', 'B', 'A', 'C'], ['B', 'C', 'D', 'A']]","{'B': 4, 'A': 2, 'C': 2, 'D': 2}","[1.0, 1.0, 0.5]",3.96
51,"[1, 4, 5]","[3, 3, 2]","[0.58, 0.75, 0.46]","[['C', 'B', 'D', 'A'], ['D', 'B', 'A', 'C'], ['B', 'D', 'A', 'C']]","{'B': 4, 'D': 3, 'A': 2, 'C': 1}","[1.0, 1.0, 0.58]",3.95
51,"[1, 4, 5]","[3, 3, 2]","[0.58, 0.75, 0.46]","[['C', 'B', 'D', 'A'], ['D', 'B', 'A', 'C'], ['B', 'D', 'C', 'A']]","{'B': 4, 'D': 3, 'A': 2, 'C': 1}","[1.0, 1.0, 0.58]",3.95
51,"[1, 4, 5]","[3, 3, 2]","[0.58, 0.75, 0.46]","[['C', 'B', 'D', 'A'], ['D', 'B', 'A', 'C'], ['C', 'B', 'A', 'D']]","{'B': 4, 'A': 2, 'C': 2, 'D': 2}","[1.0, 1.0, 0.5]",3.96
51,"[1, 4, 5]","[3, 3, 2]","[0.58, 0.75, 0.46]","[['C', 'B', 'D', 'A'], ['D', 'B', 'A', 'C'], ['C', 'B', 'D', 'A']]","{'B': 4, 'A': 2, 'C': 2, 'D': 2}","[1.0, 1.0, 0.5]",3.96
51,"[1, 4, 5]","[3, 3, 2]","[0.58, 0.75, 0.46]","[['C', 'B', 'D', 'A'], ['D', 'B', 'A', 'C'], ['C', 'D', 'A', 'B']]","{'B': 3, 'D': 3, 'A': 2, 'C': 2}","[1.0, 1.0, 0.58]",3.95
51,"[1, 4, 5]","[3, 3, 2]","[0.58, 0.75, 0.46]","[['C', 'B', 'D', 'A'], ['D', 'B', 'A', 'C'], ['C', 'D', 'B', 'A']]","{'B': 3, 'D': 3, 'A': 2, 'C': 2}","[1.0, 1.0, 0.58]",3.95
51,"[1, 4, 5]","[3, 3, 2]","[0.58, 0.75, 0.46]","[['C', 'B', 'D', 'A'], ['D', 'B', 'A', 'C'], ['D', 'B', 'A', 'C']]","{'B': 4, 'D': 3, 'A': 2, 'C': 1}","[1.0, 1.0, 0.58]",3.95
51,"[1, 4, 5]","[3, 3, 2]","[0.58, 0.75, 0.46]","[['C', 'B', 'D', 'A'], ['D', 'B', 'A', 'C'], ['D', 'B', 'C', 'A']]","{'B': 4, 'D': 3, 'A': 2, 'C': 1}","[1.0, 1.0, 0.58]",3.95
51,"[1, 4, 5]","[3, 3, 2]","[0.58, 0.75, 0.46]","[['C', 'B', 'D', 'A'], ['D', 'B', 'A', 'C'], ['D', 'C', 'A', 'B']]","{'B': 3, 'D': 3, 'A': 2, 'C': 2}","[1.0, 1.0, 0.58]",3.95
51,"[1, 4, 5]","[3, 3, 2]","[0.58, 0.75, 0.46]","[['C', 'B', 'D', 'A'], ['D', 'B', 'A', 'C'], ['D', 'C', 'B', 'A']]","{'B': 3, 'D': 3, 'A': 2, 'C': 2}","[1.0, 1.0, 0.58]",3.95
51,"[1, 4, 5]","[3, 3, 2]","[0.58, 0.75, 0.46]","[['C', 'B', 'D', 'A'], ['D', 'B', 'C', 'A'], ['B', 'C', 'A', 'D']]","{'B': 4, 'A': 2, 'C': 2, 'D': 2}","[1.0, 1.0, 0.5]",3.96
51,"[1, 4, 5]","[3, 3, 2]","[0.58, 0.75, 0.46]","[['C', 'B', 'D', 'A'], ['D', 'B', 'C', 'A'], ['B', 'C', 'D', 'A']]","{'B': 4, 'A': 2, 'C': 2, 'D': 2}","[1.0, 1.0, 0.5]",3.96
51,"[1, 4, 5]","[3, 3, 2]","[0.58, 0.75, 0.46]","[['C', 'B', 'D', 'A'], ['D', 'B', 'C', 'A'], ['B', 'D', 'A', 'C']]","{'B': 4, 'D': 3, 'A': 2, 'C': 1}","[1.0, 1.0, 0.58]",3.95
51,"[1, 4, 5]","[3, 3, 2]","[0.58, 0.75, 0.46]","[['C', 'B', 'D', 'A'], ['D', 'B', 'C', 'A'], ['B', 'D', 'C', 'A']]","{'B': 4, 'D': 3, 'A': 2, 'C': 1}","[1.0, 1.0, 0.58]",3.95
51,"[1, 4, 5]","[3, 3, 2]","[0.58, 0.75, 0.46]","[['C', 'B', 'D', 'A'], ['D', 'B', 'C', 'A'], ['C', 'B', 'A', 'D']]","{'B': 4, 'A': 2, 'C': 2, 'D': 2}","[1.0, 1.0, 0.5]",3.96
51,"[1, 4, 5]","[3, 3, 2]","[0.58, 0.75, 0.46]","[['C', 'B', 'D', 'A'], ['D', 'B', 'C', 'A'], ['C', 'B', 'D', 'A']]","{'B': 4, 'A': 2, 'C': 2, 'D': 2}","[1.0, 1.0, 0.5]",3.96
51,"[1, 4, 5]","[3, 3, 2]","[0.58, 0.75, 0.46]","[['C', 'B', 'D', 'A'], ['D', 'B', 'C', 'A'], ['C', 'D', 'A', 'B']]","{'B': 3, 'D': 3, 'A': 2, 'C': 2}","[1.0, 1.0, 0.58]",3.95
51,"[1, 4, 5]","[3, 3, 2]","[0.58, 0.75, 0.46]","[['C', 'B', 'D', 'A'], ['D', 'B', 'C', 'A'], ['C', 'D', 'B', 'A']]","{'B': 3, 'D': 3, 'A': 2, 'C': 2}","[1.0, 1.0, 0.58]",3.95
51,"[1, 4, 5]","[3, 3, 2]","[0.58, 0.75, 0.46]","[['C', 'B', 'D', 'A'], ['D', 'B', 'C', 'A'], ['D', 'B', 'A', 'C']]","{'B': 4, 'D': 3, 'A': 2, 'C': 1}","[1.0, 1.0, 0.58]",3.95
51,"[1, 4, 5]","[3, 3, 2]","[0.58, 0.75, 0.46]","[['C', 'B', 'D', 'A'], ['D', 'B', 'C', 'A'], ['D', 'B', 'C', 'A']]","{'B': 4, 'D': 3, 'A': 2, 'C': 1}","[1.0, 1.0, 0.58]",3.95
51,"[1, 4, 5]","[3, 3, 2]","[0.58, 0.75, 0.46]","[['C', 'B', 'D', 'A'], ['D', 'B', 'C', 'A'], ['D', 'C', 'A', 'B']]","{'B': 3, 'D': 3, 'A': 2, 'C': 2}","[1.0, 1.0, 0.58]",3.95
51,"[1, 4, 5]","[3, 3, 2]","[0.58, 0.75, 0.46]","[['C', 'B', 'D', 'A'], ['D', 'B', 'C', 'A'], ['D', 'C', 'B', 'A']]","{'B': 3, 'D': 3, 'A': 2, 'C': 2}","[1.0, 1.0, 0.58]",3.95
51,"[1, 4, 5]","[3, 3, 2]","[0.58, 0.75, 0.46]","[['C', 'B', 'D', 'A'], ['D', 'C', 'A', 'B'], ['B', 'C', 'A', 'D']]","{'B': 3, 'C': 3, 'A': 2, 'D': 2}","[1.0, 1.0, 0.67]",3.88
51,"[1, 4, 5]","[3, 3, 2]","[0.58, 0.75, 0.46]","[['C', 'B', 'D', 'A'], ['D', 'C', 'A', 'B'], ['B', 'C', 'D', 'A']]","{'B': 3, 'C': 3, 'A': 2, 'D': 2}","[1.0, 1.0, 0.67]",3.88
51,"[1, 4, 5]","[3, 3, 2]","[0.58, 0.75, 0.46]","[['C', 'B', 'D', 'A'], ['D', 'C', 'A', 'B'], ['B', 'D', 'A', 'C']]","{'B': 3, 'D': 3, 'A': 2, 'C': 2}","[1.0, 1.0, 0.58]",3.95
51,"[1, 4, 5]","[3, 3, 2]","[0.58, 0.75, 0.46]","[['C', 'B', 'D', 'A'], ['D', 'C', 'A', 'B'], ['B', 'D', 'C', 'A']]","{'B': 3, 'D': 3, 'A': 2, 'C': 2}","[1.0, 1.0, 0.58]",3.95
51,"[1, 4, 5]","[3, 3, 2]","[0.58, 0.75, 0.46]","[['C', 'B', 'D', 'A'], ['D', 'C', 'A', 'B'], ['C', 'B', 'A', 'D']]","{'B': 3, 'C': 3, 'A': 2, 'D': 2}","[1.0, 1.0, 0.67]",3.88
51,"[1, 4, 5]","[3, 3, 2]","[0.58, 0.75, 0.46]","[['C', 'B', 'D', 'A'], ['D', 'C', 'A', 'B'], ['C', 'B', 'D', 'A']]","{'B': 3, 'C': 3, 'A': 2, 'D': 2}","[1.0, 1.0, 0.67]",3.88
51,"[1, 4, 5]","[3, 3, 2]","[0.58, 0.75, 0.46]","[['C', 'B', 'D', 'A'], ['D', 'C', 'A', 'B'], ['D', 'B', 'A', 'C']]","{'B': 3, 'D': 3, 'A': 2, 'C': 2}","[1.0, 1.0, 0.58]",3.95
51,"[1, 4, 5]","[3, 3, 2]","[0.58, 0.75, 0.46]","[['C', 'B', 'D', 'A'], ['D', 'C', 'A', 'B'], ['D', 'B', 'C', 'A']]","{'B': 3, 'D': 3, 'A': 2, 'C': 2}","[1.0, 1.0, 0.58]",3.95
51,"[1, 4, 5]","[3, 3, 2]","[0.58, 0.75, 0.46]","[['C', 'B', 'D', 'A'], ['D', 'C', 'B', 'A'], ['B', 'C', 'A', 'D']]","{'B': 3, 'C': 3, 'A': 2, 'D': 2}","[1.0, 1.0, 0.67]",3.88
51,"[1, 4, 5]","[3, 3, 2]","[0.58, 0.75, 0.46]","[['C', 'B', 'D', 'A'], ['D', 'C', 'B', 'A'], ['B', 'C', 'D', 'A']]","{'B': 3, 'C': 3, 'A': 2, 'D': 2}","[1.0, 1.0, 0.67]",3.88
51,"[1, 4, 5]","[3, 3, 2]","[0.58, 0.75, 0.46]","[['C', 'B', 'D', 'A'], ['D', 'C', 'B', 'A'], ['B', 'D', 'A', 'C']]","{'B': 3, 'D': 3, 'A': 2, 'C': 2}","[1.0, 1.0, 0.58]",3.95
51,"[1, 4, 5]","[3, 3, 2]","[0.58, 0.75, 0.46]","[['C', 'B', 'D', 'A'], ['D', 'C', 'B', 'A'], ['B', 'D', 'C', 'A']]","{'B': 3, 'D': 3, 'A': 2, 'C': 2}","[1.0, 1.0, 0.58]",3.95
51,"[1, 4, 5]","[3, 3, 2]","[0.58, 0.75, 0.46]","[['C', 'B', 'D', 'A'], ['D', 'C', 'B', 'A'], ['C', 'B', 'A', 'D']]","{'B': 3, 'C': 3, 'A': 2, 'D': 2}","[1.0, 1.0, 0.67]",3.88
51,"[1, 4, 5]","[3, 3, 2]","[0.58, 0.75, 0.46]","[['C', 'B', 'D', 'A'], ['D', 'C', 'B', 'A'], ['C', 'B', 'D', 'A']]","{'B': 3, 'C': 3, 'A': 2, 'D': 2}","[1.0, 1.0, 0.67]",3.88
51,"[1, 4, 5]","[3, 3, 2]","[0.58, 0.75, 0.46]","[['C', 'B', 'D', 'A'], ['D', 'C', 'B', 'A'], ['D', 'B', 'A', 'C']]","{'B': 3, 'D': 3, 'A': 2, 'C': 2}","[1.0, 1.0, 0.58]",3.95
51,"[1, 4, 5]","[3, 3, 2]","[0.58, 0.75, 0.46]","[['C', 'B', 'D', 'A'], ['D', 'C', 'B', 'A'], ['D', 'B', 'C', 'A']]","{'B': 3, 'D': 3, 'A': 2, 'C': 2}","[1.0, 1.0, 0.58]",3.95
51,"[1, 4, 5]","[3, 3, 2]","[0.58, 0.75, 0.46]","[['C', 'D', 'A', 'B'], ['B', 'C', 'A', 'D'], ['B', 'C', 'A', 'D']]","{'B': 3, 'C': 3, 'A': 2, 'D': 2}","[1.0, 1.0, 0.67]",3.88
51,"[1, 4, 5]","[3, 3, 2]","[0.58, 0.75, 0.46]","[['C', 'D', 'A', 'B'], ['B', 'C', 'A', 'D'], ['B', 'C', 'D', 'A']]","{'B': 3, 'C': 3, 'A': 2, 'D': 2}","[1.0, 1.0, 0.67]",3.88
51,"[1, 4, 5]","[3, 3, 2]","[0.58, 0.75, 0.46]","[['C', 'D', 'A', 'B'], ['B', 'C', 'A', 'D'], ['B', 'D', 'A', 'C']]","{'B': 3, 'D': 3, 'A': 2, 'C': 2}","[1.0, 1.0, 0.58]",3.95
51,"[1, 4, 5]","[3, 3, 2]","[0.58, 0.75, 0.46]","[['C', 'D', 'A', 'B'], ['B', 'C', 'A', 'D'], ['B', 'D', 'C', 'A']]","{'B': 3, 'D': 3, 'A': 2, 'C': 2}","[1.0, 1.0, 0.58]",3.95
51,"[1, 4, 5]","[3, 3, 2]","[0.58, 0.75, 0.46]","[['C', 'D', 'A', 'B'], ['B', 'C', 'A', 'D'], ['C', 'B', 'A', 'D']]","{'B': 3, 'C': 3, 'A': 2, 'D': 2}","[1.0, 1.0, 0.67]",3.88
51,"[1, 4, 5]","[3, 3, 2]","[0.58, 0.75, 0.46]","[['C', 'D', 'A', 'B'], ['B', 'C', 'A', 'D'], ['C', 'B', 'D', 'A']]","{'B': 3, 'C': 3, 'A': 2, 'D': 2}","[1.0, 1.0, 0.67]",3.88
51,"[1, 4, 5]","[3, 3, 2]","[0.58, 0.75, 0.46]","[['C', 'D', 'A', 'B'], ['B', 'C', 'A', 'D'], ['D', 'B', 'A', 'C']]","{'B': 3, 'D': 3, 'A': 2, 'C': 2}","[1.0, 1.0, 0.58]",3.95
51,"[1, 4, 5]","[3, 3, 2]","[0.58, 0.75, 0.46]","[['C', 'D', 'A', 'B'], ['B', 'C', 'A', 'D'], ['D', 'B', 'C', 'A']]","{'B': 3, 'D': 3, 'A': 2, 'C': 2}","[1.0, 1.0, 0.58]",3.95
51,"[1, 4, 5]","[3, 3, 2]","[0.58, 0.75, 0.46]","[['C', 'D', 'A', 'B'], ['B', 'C', 'D', 'A'], ['B', 'C', 'A', 'D']]","{'B': 3, 'C': 3, 'A': 2, 'D': 2}","[1.0, 1.0, 0.67]",3.88
51,"[1, 4, 5]","[3, 3, 2]","[0.58, 0.75, 0.46]","[['C', 'D', 'A', 'B'], ['B', 'C', 'D', 'A'], ['B', 'C', 'D', 'A']]","{'B': 3, 'C': 3, 'A': 2, 'D': 2}","[1.0, 1.0, 0.67]",3.88
51,"[1, 4, 5]","[3, 3, 2]","[0.58, 0.75, 0.46]","[['C', 'D', 'A', 'B'], ['B', 'C', 'D', 'A'], ['B', 'D', 'A', 'C']]","{'B': 3, 'D': 3, 'A': 2, 'C': 2}","[1.0, 1.0, 0.58]",3.95
51,"[1, 4, 5]","[3, 3, 2]","[0.58, 0.75, 0.46]","[['C', 'D', 'A', 'B'], ['B', 'C', 'D', 'A'], ['B', 'D', 'C', 'A']]","{'B': 3, 'D': 3, 'A': 2, 'C': 2}","[1.0, 1.0, 0.58]",3.95
51,"[1, 4, 5]","[3, 3, 2]","[0.58, 0.75, 0.46]","[['C', 'D', 'A', 'B'], ['B', 'C', 'D', 'A'], ['C', 'B', 'A', 'D']]","{'B': 3, 'C': 3, 'A': 2, 'D': 2}","[1.0, 1.0, 0.67]",3.88
51,"[1, 4, 5]","[3, 3, 2]","[0.58, 0.75, 0.46]","[['C', 'D', 'A', 'B'], ['B', 'C', 'D', 'A'], ['C', 'B', 'D', 'A']]","{'B': 3, 'C': 3, 'A': 2, 'D': 2}","[1.0, 1.0, 0.67]",3.88
51,"[1, 4, 5]","[3, 3, 2]","[0.58, 0.75, 0.46]","[['C', 'D', 'A', 'B'], ['B', 'C', 'D', 'A'], ['D', 'B', 'A', 'C']]","{'B': 3, 'D': 3, 'A': 2, 'C': 2}","[1.0, 1.0, 0.58]",3.95
51,"[1, 4, 5]","[3, 3, 2]","[0.58, 0.75, 0.46]","[['C', 'D', 'A', 'B'], ['B', 'C', 'D', 'A'], ['D', 'B', 'C', 'A']]","{'B': 3, 'D': 3, 'A': 2, 'C': 2}","[1.0, 1.0, 0.58]",3.95
51,"[1, 4, 5]","[3, 3, 2]","[0.58, 0.75, 0.46]","[['C', 'D', 'A', 'B'], ['B', 'D', 'A', 'C'], ['B', 'C', 'A', 'D']]","{'B': 3, 'D': 3, 'A': 2, 'C': 2}","[1.0, 1.0, 0.58]",3.95
51,"[1, 4, 5]","[3, 3, 2]","[0.58, 0.75, 0.46]","[['C', 'D', 'A', 'B'], ['B', 'D', 'A', 'C'], ['B', 'C', 'D', 'A']]","{'B': 3, 'D': 3, 'A': 2, 'C': 2}","[1.0, 1.0, 0.58]",3.95
51,"[1, 4, 5]","[3, 3, 2]","[0.58, 0.75, 0.46]","[['C', 'D', 'A', 'B'], ['B', 'D', 'A', 'C'], ['B', 'D', 'A', 'C']]","{'D': 4, 'B': 3, 'A': 2, 'C': 1}","[0.67, 0.79, 0.58]",3.58
51,"[1, 4, 5]","[3, 3, 2]","[0.58, 0.75, 0.46]","[['C', 'D', 'A', 'B'], ['B', 'D', 'A', 'C'], ['B', 'D', 'C', 'A']]","{'D': 4, 'B': 3, 'A': 2, 'C': 1}","[0.67, 0.79, 0.58]",3.58
51,"[1, 4, 5]","[3, 3, 2]","[0.58, 0.75, 0.46]","[['C', 'D', 'A', 'B'], ['B', 'D', 'A', 'C'], ['C', 'B', 'A', 'D']]","{'B': 3, 'D': 3, 'A': 2, 'C': 2}","[1.0, 1.0, 0.58]",3.95
51,"[1, 4, 5]","[3, 3, 2]","[0.58, 0.75, 0.46]","[['C', 'D', 'A', 'B'], ['B', 'D', 'A', 'C'], ['C', 'B', 'D', 'A']]","{'B': 3, 'D': 3, 'A': 2, 'C': 2}","[1.0, 1.0, 0.58]",3.95
51,"[1, 4, 5]","[3, 3, 2]","[0.58, 0.75, 0.46]","[['C', 'D', 'A', 'B'], ['B', 'D', 'A', 'C'], ['D', 'B', 'A', 'C']]","{'D': 4, 'B': 3, 'A': 2, 'C': 1}","[0.67, 0.79, 0.58]",3.58
51,"[1, 4, 5]","[3, 3, 2]","[0.58, 0.75, 0.46]","[['C', 'D', 'A', 'B'], ['B', 'D', 'A', 'C'], ['D', 'B', 'C', 'A']]","{'D': 4, 'B': 3, 'A': 2, 'C': 1}","[0.67, 0.79, 0.58]",3.58
51,"[1, 4, 5]","[3, 3, 2]","[0.58, 0.75, 0.46]","[['C', 'D', 'A', 'B'], ['B', 'D', 'C', 'A'], ['B', 'C', 'A', 'D']]","{'B': 3, 'D': 3, 'A': 2, 'C': 2}","[1.0, 1.0, 0.58]",3.95
51,"[1, 4, 5]","[3, 3, 2]","[0.58, 0.75, 0.46]","[['C', 'D', 'A', 'B'], ['B', 'D', 'C', 'A'], ['B', 'C', 'D', 'A']]","{'B': 3, 'D': 3, 'A': 2, 'C': 2}","[1.0, 1.0, 0.58]",3.95
51,"[1, 4, 5]","[3, 3, 2]","[0.58, 0.75, 0.46]","[['C', 'D', 'A', 'B'], ['B', 'D', 'C', 'A'], ['B', 'D', 'A', 'C']]","{'D': 4, 'B': 3, 'A': 2, 'C': 1}","[0.67, 0.79, 0.58]",3.58
51,"[1, 4, 5]","[3, 3, 2]","[0.58, 0.75, 0.46]","[['C', 'D', 'A', 'B'], ['B', 'D', 'C', 'A'], ['B', 'D', 'C', 'A']]","{'D': 4, 'B': 3, 'A': 2, 'C': 1}","[0.67, 0.79, 0.58]",3.58
51,"[1, 4, 5]","[3, 3, 2]","[0.58, 0.75, 0.46]","[['C', 'D', 'A', 'B'], ['B', 'D', 'C', 'A'], ['C', 'B', 'A', 'D']]","{'B': 3, 'D': 3, 'A': 2, 'C': 2}","[1.0, 1.0, 0.58]",3.95
51,"[1, 4, 5]","[3, 3, 2]","[0.58, 0.75, 0.46]","[['C', 'D', 'A', 'B'], ['B', 'D', 'C', 'A'], ['C', 'B', 'D', 'A']]","{'B': 3, 'D': 3, 'A': 2, 'C': 2}","[1.0, 1.0, 0.58]",3.95
51,"[1, 4, 5]","[3, 3, 2]","[0.58, 0.75, 0.46]","[['C', 'D', 'A', 'B'], ['B', 'D', 'C', 'A'], ['D', 'B', 'A', 'C']]","{'D': 4, 'B': 3, 'A': 2, 'C': 1}","[0.67, 0.79, 0.58]",3.58
51,"[1, 4, 5]","[3, 3, 2]","[0.58, 0.75, 0.46]","[['C', 'D', 'A', 'B'], ['B', 'D', 'C', 'A'], ['D', 'B', 'C', 'A']]","{'D': 4, 'B': 3, 'A': 2, 'C': 1}","[0.67, 0.79, 0.58]",3.58
51,"[1, 4, 5]","[3, 3, 2]","[0.58, 0.75, 0.46]","[['C', 'D', 'A', 'B'], ['C', 'B', 'A', 'D'], ['B', 'C', 'A', 'D']]","{'B': 3, 'C': 3, 'A': 2, 'D': 2}","[1.0, 1.0, 0.67]",3.88
51,"[1, 4, 5]","[3, 3, 2]","[0.58, 0.75, 0.46]","[['C', 'D', 'A', 'B'], ['C', 'B', 'A', 'D'], ['B', 'C', 'D', 'A']]","{'B': 3, 'C': 3, 'A': 2, 'D': 2}","[1.0, 1.0, 0.67]",3.88
51,"[1, 4, 5]","[3, 3, 2]","[0.58, 0.75, 0.46]","[['C', 'D', 'A', 'B'], ['C', 'B', 'A', 'D'], ['B', 'D', 'A', 'C']]","{'B': 3, 'D': 3, 'A': 2, 'C': 2}","[1.0, 1.0, 0.58]",3.95
51,"[1, 4, 5]","[3, 3, 2]","[0.58, 0.75, 0.46]","[['C', 'D', 'A', 'B'], ['C', 'B', 'A', 'D'], ['B', 'D', 'C', 'A']]","{'B': 3, 'D': 3, 'A': 2, 'C': 2}","[1.0, 1.0, 0.58]",3.95
51,"[1, 4, 5]","[3, 3, 2]","[0.58, 0.75, 0.46]","[['C', 'D', 'A', 'B'], ['C', 'B', 'A', 'D'], ['C', 'B', 'A', 'D']]","{'B': 3, 'C': 3, 'A': 2, 'D': 2}","[1.0, 1.0, 0.67]",3.88
51,"[1, 4, 5]","[3, 3, 2]","[0.58, 0.75, 0.46]","[['C', 'D', 'A', 'B'], ['C', 'B', 'A', 'D'], ['C', 'B', 'D', 'A']]","{'B': 3, 'C': 3, 'A': 2, 'D': 2}","[1.0, 1.0, 0.67]",3.88
51,"[1, 4, 5]","[3, 3, 2]","[0.58, 0.75, 0.46]","[['C', 'D', 'A', 'B'], ['C', 'B', 'A', 'D'], ['D', 'B', 'A', 'C']]","{'B': 3, 'D': 3, 'A': 2, 'C': 2}","[1.0, 1.0, 0.58]",3.95
51,"[1, 4, 5]","[3, 3, 2]","[0.58, 0.75, 0.46]","[['C', 'D', 'A', 'B'], ['C', 'B', 'A', 'D'], ['D', 'B', 'C', 'A']]","{'B': 3, 'D': 3, 'A': 2, 'C': 2}","[1.0, 1.0, 0.58]",3.95
51,"[1, 4, 5]","[3, 3, 2]","[0.58, 0.75, 0.46]","[['C', 'D', 'A', 'B'], ['C', 'B', 'D', 'A'], ['B', 'C', 'A', 'D']]","{'B': 3, 'C': 3, 'A': 2, 'D': 2}","[1.0, 1.0, 0.67]",3.88
51,"[1, 4, 5]","[3, 3, 2]","[0.58, 0.75, 0.46]","[['C', 'D', 'A', 'B'], ['C', 'B', 'D', 'A'], ['B', 'C', 'D', 'A']]","{'B': 3, 'C': 3, 'A': 2, 'D': 2}","[1.0, 1.0, 0.67]",3.88
51,"[1, 4, 5]","[3, 3, 2]","[0.58, 0.75, 0.46]","[['C', 'D', 'A', 'B'], ['C', 'B', 'D', 'A'], ['B', 'D', 'A', 'C']]","{'B': 3, 'D': 3, 'A': 2, 'C': 2}","[1.0, 1.0, 0.58]",3.95
51,"[1, 4, 5]","[3, 3, 2]","[0.58, 0.75, 0.46]","[['C', 'D', 'A', 'B'], ['C', 'B', 'D', 'A'], ['B', 'D', 'C', 'A']]","{'B': 3, 'D': 3, 'A': 2, 'C': 2}","[1.0, 1.0, 0.58]",3.95
51,"[1, 4, 5]","[3, 3, 2]","[0.58, 0.75, 0.46]","[['C', 'D', 'A', 'B'], ['C', 'B', 'D', 'A'], ['C', 'B', 'A', 'D']]","{'B': 3, 'C': 3, 'A': 2, 'D': 2}","[1.0, 1.0, 0.67]",3.88
51,"[1, 4, 5]","[3, 3, 2]","[0.58, 0.75, 0.46]","[['C', 'D', 'A', 'B'], ['C', 'B', 'D', 'A'], ['C', 'B', 'D', 'A']]","{'B': 3, 'C': 3, 'A': 2, 'D': 2}","[1.0, 1.0, 0.67]",3.88
51,"[1, 4, 5]","[3, 3, 2]","[0.58, 0.75, 0.46]","[['C', 'D', 'A', 'B'], ['C', 'B', 'D', 'A'], ['D', 'B', 'A', 'C']]","{'B': 3, 'D': 3, 'A': 2, 'C': 2}","[1.0, 1.0, 0.58]",3.95
51,"[1, 4, 5]","[3, 3, 2]","[0.58, 0.75, 0.46]","[['C', 'D', 'A', 'B'], ['C', 'B', 'D', 'A'], ['D', 'B', 'C', 'A']]","{'B': 3, 'D': 3, 'A': 2, 'C': 2}","[1.0, 1.0, 0.58]",3.95
51,"[1, 4, 5]","[3, 3, 2]","[0.58, 0.75, 0.46]","[['C', 'D', 'A', 'B'], ['D', 'B', 'A', 'C'], ['B', 'C', 'A', 'D']]","{'B': 3, 'D': 3, 'A': 2, 'C': 2}","[1.0, 1.0, 0.58]",3.95
51,"[1, 4, 5]","[3, 3, 2]","[0.58, 0.75, 0.46]","[['C', 'D', 'A', 'B'], ['D', 'B', 'A', 'C'], ['B', 'C', 'D', 'A']]","{'B': 3, 'D': 3, 'A': 2, 'C': 2}","[1.0, 1.0, 0.58]",3.95
51,"[1, 4, 5]","[3, 3, 2]","[0.58, 0.75, 0.46]","[['C', 'D', 'A', 'B'], ['D', 'B', 'A', 'C'], ['B', 'D', 'A', 'C']]","{'D': 4, 'B': 3, 'A': 2, 'C': 1}","[0.67, 0.79, 0.58]",3.58
51,"[1, 4, 5]","[3, 3, 2]","[0.58, 0.75, 0.46]","[['C', 'D', 'A', 'B'], ['D', 'B', 'A', 'C'], ['B', 'D', 'C', 'A']]","{'D': 4, 'B': 3, 'A': 2, 'C': 1}","[0.67, 0.79, 0.58]",3.58
51,"[1, 4, 5]","[3, 3, 2]","[0.58, 0.75, 0.46]","[['C', 'D', 'A', 'B'], ['D', 'B', 'A', 'C'], ['C', 'B', 'A', 'D']]","{'B': 3, 'D': 3, 'A': 2, 'C': 2}","[1.0, 1.0, 0.58]",3.95
51,"[1, 4, 5]","[3, 3, 2]","[0.58, 0.75, 0.46]","[['C', 'D', 'A', 'B'], ['D', 'B', 'A', 'C'], ['C', 'B', 'D', 'A']]","{'B': 3, 'D': 3, 'A': 2, 'C': 2}","[1.0, 1.0, 0.58]",3.95
51,"[1, 4, 5]","[3, 3, 2]","[0.58, 0.75, 0.46]","[['C', 'D', 'A', 'B'], ['D', 'B', 'A', 'C'], ['D', 'B', 'A', 'C']]","{'D': 4, 'B': 3, 'A': 2, 'C': 1}","[0.67, 0.79, 0.58]",3.58
51,"[1, 4, 5]","[3, 3, 2]","[0.58, 0.75, 0.46]","[['C', 'D', 'A', 'B'], ['D', 'B', 'A', 'C'], ['D', 'B', 'C', 'A']]","{'D': 4, 'B': 3, 'A': 2, 'C': 1}","[0.67, 0.79, 0.58]",3.58
51,"[1, 4, 5]","[3, 3, 2]","[0.58, 0.75, 0.46]","[['C', 'D', 'A', 'B'], ['D', 'B', 'C', 'A'], ['B', 'C', 'A', 'D']]","{'B': 3, 'D': 3, 'A': 2, 'C': 2}","[1.0, 1.0, 0.58]",3.95
51,"[1, 4, 5]","[3, 3, 2]","[0.58, 0.75, 0.46]","[['C', 'D', 'A', 'B'], ['D', 'B', 'C', 'A'], ['B', 'C', 'D', 'A']]","{'B': 3, 'D': 3, 'A': 2, 'C': 2}","[1.0, 1.0, 0.58]",3.95
51,"[1, 4, 5]","[3, 3, 2]","[0.58, 0.75, 0.46]","[['C', 'D', 'A', 'B'], ['D', 'B', 'C', 'A'], ['B', 'D', 'A', 'C']]","{'D': 4, 'B': 3, 'A': 2, 'C': 1}","[0.67, 0.79, 0.58]",3.58
51,"[1, 4, 5]","[3, 3, 2]","[0.58, 0.75, 0.46]","[['C', 'D', 'A', 'B'], ['D', 'B', 'C', 'A'], ['B', 'D', 'C', 'A']]","{'D': 4, 'B': 3, 'A': 2, 'C': 1}","[0.67, 0.79, 0.58]",3.58
51,"[1, 4, 5]","[3, 3, 2]","[0.58, 0.75, 0.46]","[['C', 'D', 'A', 'B'], ['D', 'B', 'C', 'A'], ['C', 'B', 'A', 'D']]","{'B': 3, 'D': 3, 'A': 2, 'C': 2}","[1.0, 1.0, 0.58]",3.95
51,"[1, 4, 5]","[3, 3, 2]","[0.58, 0.75, 0.46]","[['C', 'D', 'A', 'B'], ['D', 'B', 'C', 'A'], ['C', 'B', 'D', 'A']]","{'B': 3, 'D': 3, 'A': 2, 'C': 2}","[1.0, 1.0, 0.58]",3.95
51,"[1, 4, 5]","[3, 3, 2]","[0.58, 0.75, 0.46]","[['C', 'D', 'A', 'B'], ['D', 'B', 'C', 'A'], ['D', 'B', 'A', 'C']]","{'D': 4, 'B': 3, 'A': 2, 'C': 1}","[0.67, 0.79, 0.58]",3.58
51,"[1, 4, 5]","[3, 3, 2]","[0.58, 0.75, 0.46]","[['C', 'D', 'A', 'B'], ['D', 'B', 'C', 'A'], ['D', 'B', 'C', 'A']]","{'D': 4, 'B': 3, 'A': 2, 'C': 1}","[0.67, 0.79, 0.58]",3.58
51,"[1, 4, 5]","[3, 3, 2]","[0.58, 0.75, 0.46]","[['C', 'D', 'B', 'A'], ['B', 'C', 'A', 'D'], ['B', 'C', 'A', 'D']]","{'B': 3, 'C': 3, 'A': 2, 'D': 2}","[1.0, 1.0, 0.67]",3.88
51,"[1, 4, 5]","[3, 3, 2]","[0.58, 0.75, 0.46]","[['C', 'D', 'B', 'A'], ['B', 'C', 'A', 'D'], ['B', 'C', 'D', 'A']]","{'B': 3, 'C': 3, 'A': 2, 'D': 2}","[1.0, 1.0, 0.67]",3.88
51,"[1, 4, 5]","[3, 3, 2]","[0.58, 0.75, 0.46]","[['C', 'D', 'B', 'A'], ['B', 'C', 'A', 'D'], ['B', 'D', 'A', 'C']]","{'B': 3, 'D': 3, 'A': 2, 'C': 2}","[1.0, 1.0, 0.58]",3.95
51,"[1, 4, 5]","[3, 3, 2]","[0.58, 0.75, 0.46]","[['C', 'D', 'B', 'A'], ['B', 'C', 'A', 'D'], ['B', 'D', 'C', 'A']]","{'B': 3, 'D': 3, 'A': 2, 'C': 2}","[1.0, 1.0, 0.58]",3.95
51,"[1, 4, 5]","[3, 3, 2]","[0.58, 0.75, 0.46]","[['C', 'D', 'B', 'A'], ['B', 'C', 'A', 'D'], ['C', 'B', 'A', 'D']]","{'B': 3, 'C': 3, 'A': 2, 'D': 2}","[1.0, 1.0, 0.67]",3.88
51,"[1, 4, 5]","[3, 3, 2]","[0.58, 0.75, 0.46]","[['C', 'D', 'B', 'A'], ['B', 'C', 'A', 'D'], ['C', 'B', 'D', 'A']]","{'B': 3, 'C': 3, 'A': 2, 'D': 2}","[1.0, 1.0, 0.67]",3.88
51,"[1, 4, 5]","[3, 3, 2]","[0.58, 0.75, 0.46]","[['C', 'D', 'B', 'A'], ['B', 'C', 'A', 'D'], ['D', 'B', 'A', 'C']]","{'B': 3, 'D': 3, 'A': 2, 'C': 2}","[1.0, 1.0, 0.58]",3.95
51,"[1, 4, 5]","[3, 3, 2]","[0.58, 0.75, 0.46]","[['C', 'D', 'B', 'A'], ['B', 'C', 'A', 'D'], ['D', 'B', 'C', 'A']]","{'B': 3, 'D': 3, 'A': 2, 'C': 2}","[1.0, 1.0, 0.58]",3.95
51,"[1, 4, 5]","[3, 3, 2]","[0.58, 0.75, 0.46]","[['C', 'D', 'B', 'A'], ['B', 'C', 'D', 'A'], ['B', 'C', 'A', 'D']]","{'B': 3, 'C': 3, 'A': 2, 'D': 2}","[1.0, 1.0, 0.67]",3.88
51,"[1, 4, 5]","[3, 3, 2]","[0.58, 0.75, 0.46]","[['C', 'D', 'B', 'A'], ['B', 'C', 'D', 'A'], ['B', 'C', 'D', 'A']]","{'B': 3, 'C': 3, 'A': 2, 'D': 2}","[1.0, 1.0, 0.67]",3.88
51,"[1, 4, 5]","[3, 3, 2]","[0.58, 0.75, 0.46]","[['C', 'D', 'B', 'A'], ['B', 'C', 'D', 'A'], ['B', 'D', 'A', 'C']]","{'B': 3, 'D': 3, 'A': 2, 'C': 2}","[1.0, 1.0, 0.58]",3.95
51,"[1, 4, 5]","[3, 3, 2]","[0.58, 0.75, 0.46]","[['C', 'D', 'B', 'A'], ['B', 'C', 'D', 'A'], ['B', 'D', 'C', 'A']]","{'B': 3, 'D': 3, 'A': 2, 'C': 2}","[1.0, 1.0, 0.58]",3.95
51,"[1, 4, 5]","[3, 3, 2]","[0.58, 0.75, 0.46]","[['C', 'D', 'B', 'A'], ['B', 'C', 'D', 'A'], ['C', 'B', 'A', 'D']]","{'B': 3, 'C': 3, 'A': 2, 'D': 2}","[1.0, 1.0, 0.67]",3.88
51,"[1, 4, 5]","[3, 3, 2]","[0.58, 0.75, 0.46]","[['C', 'D', 'B', 'A'], ['B', 'C', 'D', 'A'], ['C', 'B', 'D', 'A']]","{'B': 3, 'C': 3, 'A': 2, 'D': 2}","[1.0, 1.0, 0.67]",3.88
51,"[1, 4, 5]","[3, 3, 2]","[0.58, 0.75, 0.46]","[['C', 'D', 'B', 'A'], ['B', 'C', 'D', 'A'], ['D', 'B', 'A', 'C']]","{'B': 3, 'D': 3, 'A': 2, 'C': 2}","[1.0, 1.0, 0.58]",3.95
51,"[1, 4, 5]","[3, 3, 2]","[0.58, 0.75, 0.46]","[['C', 'D', 'B', 'A'], ['B', 'C', 'D', 'A'], ['D', 'B', 'C', 'A']]","{'B': 3, 'D': 3, 'A': 2, 'C': 2}","[1.0, 1.0, 0.58]",3.95
51,"[1, 4, 5]","[3, 3, 2]","[0.58, 0.75, 0.46]","[['C', 'D', 'B', 'A'], ['B', 'D', 'A', 'C'], ['B', 'C', 'A', 'D']]","{'B': 3, 'D': 3, 'A': 2, 'C': 2}","[1.0, 1.0, 0.58]",3.95
51,"[1, 4, 5]","[3, 3, 2]","[0.58, 0.75, 0.46]","[['C', 'D', 'B', 'A'], ['B', 'D', 'A', 'C'], ['B', 'C', 'D', 'A']]","{'B': 3, 'D': 3, 'A': 2, 'C': 2}","[1.0, 1.0, 0.58]",3.95
51,"[1, 4, 5]","[3, 3, 2]","[0.58, 0.75, 0.46]","[['C', 'D', 'B', 'A'], ['B', 'D', 'A', 'C'], ['B', 'D', 'A', 'C']]","{'D': 4, 'B': 3, 'A': 2, 'C': 1}","[0.67, 0.79, 0.58]",3.58
51,"[1, 4, 5]","[3, 3, 2]","[0.58, 0.75, 0.46]","[['C', 'D', 'B', 'A'], ['B', 'D', 'A', 'C'], ['B', 'D', 'C', 'A']]","{'D': 4, 'B': 3, 'A': 2, 'C': 1}","[0.67, 0.79, 0.58]",3.58
51,"[1, 4, 5]","[3, 3, 2]","[0.58, 0.75, 0.46]","[['C', 'D', 'B', 'A'], ['B', 'D', 'A', 'C'], ['C', 'B', 'A', 'D']]","{'B': 3, 'D': 3, 'A': 2, 'C': 2}","[1.0, 1.0, 0.58]",3.95
51,"[1, 4, 5]","[3, 3, 2]","[0.58, 0.75, 0.46]","[['C', 'D', 'B', 'A'], ['B', 'D', 'A', 'C'], ['C', 'B', 'D', 'A']]","{'B': 3, 'D': 3, 'A': 2, 'C': 2}","[1.0, 1.0, 0.58]",3.95
51,"[1, 4, 5]","[3, 3, 2]","[0.58, 0.75, 0.46]","[['C', 'D', 'B', 'A'], ['B', 'D', 'A', 'C'], ['D', 'B', 'A', 'C']]","{'D': 4, 'B': 3, 'A': 2, 'C': 1}","[0.67, 0.79, 0.58]",3.58
51,"[1, 4, 5]","[3, 3, 2]","[0.58, 0.75, 0.46]","[['C', 'D', 'B', 'A'], ['B', 'D', 'A', 'C'], ['D', 'B', 'C', 'A']]","{'D': 4, 'B': 3, 'A': 2, 'C': 1}","[0.67, 0.79, 0.58]",3.58
51,"[1, 4, 5]","[3, 3, 2]","[0.58, 0.75, 0.46]","[['C', 'D', 'B', 'A'], ['B', 'D', 'C', 'A'], ['B', 'C', 'A', 'D']]","{'B': 3, 'D': 3, 'A': 2, 'C': 2}","[1.0, 1.0, 0.58]",3.95
51,"[1, 4, 5]","[3, 3, 2]","[0.58, 0.75, 0.46]","[['C', 'D', 'B', 'A'], ['B', 'D', 'C', 'A'], ['B', 'C', 'D', 'A']]","{'B': 3, 'D': 3, 'A': 2, 'C': 2}","[1.0, 1.0, 0.58]",3.95
51,"[1, 4, 5]","[3, 3, 2]","[0.58, 0.75, 0.46]","[['C', 'D', 'B', 'A'], ['B', 'D', 'C', 'A'], ['B', 'D', 'A', 'C']]","{'D': 4, 'B': 3, 'A': 2, 'C': 1}","[0.67, 0.79, 0.58]",3.58
51,"[1, 4, 5]","[3, 3, 2]","[0.58, 0.75, 0.46]","[['C', 'D', 'B', 'A'], ['B', 'D', 'C', 'A'], ['B', 'D', 'C', 'A']]","{'D': 4, 'B': 3, 'A': 2, 'C': 1}","[0.67, 0.79, 0.58]",3.58
51,"[1, 4, 5]","[3, 3, 2]","[0.58, 0.75, 0.46]","[['C', 'D', 'B', 'A'], ['B', 'D', 'C', 'A'], ['C', 'B', 'A', 'D']]","{'B': 3, 'D': 3, 'A': 2, 'C': 2}","[1.0, 1.0, 0.58]",3.95
51,"[1, 4, 5]","[3, 3, 2]","[0.58, 0.75, 0.46]","[['C', 'D', 'B', 'A'], ['B', 'D', 'C', 'A'], ['C', 'B', 'D', 'A']]","{'B': 3, 'D': 3, 'A': 2, 'C': 2}","[1.0, 1.0, 0.58]",3.95
51,"[1, 4, 5]","[3, 3, 2]","[0.58, 0.75, 0.46]","[['C', 'D', 'B', 'A'], ['B', 'D', 'C', 'A'], ['D', 'B', 'A', 'C']]","{'D': 4, 'B': 3, 'A': 2, 'C': 1}","[0.67, 0.79, 0.58]",3.58
51,"[1, 4, 5]","[3, 3, 2]","[0.58, 0.75, 0.46]","[['C', 'D', 'B', 'A'], ['B', 'D', 'C', 'A'], ['D', 'B', 'C', 'A']]","{'D': 4, 'B': 3, 'A': 2, 'C': 1}","[0.67, 0.79, 0.58]",3.58
51,"[1, 4, 5]","[3, 3, 2]","[0.58, 0.75, 0.46]","[['C', 'D', 'B', 'A'], ['C', 'B', 'A', 'D'], ['B', 'C', 'A', 'D']]","{'B': 3, 'C': 3, 'A': 2, 'D': 2}","[1.0, 1.0, 0.67]",3.88
51,"[1, 4, 5]","[3, 3, 2]","[0.58, 0.75, 0.46]","[['C', 'D', 'B', 'A'], ['C', 'B', 'A', 'D'], ['B', 'C', 'D', 'A']]","{'B': 3, 'C': 3, 'A': 2, 'D': 2}","[1.0, 1.0, 0.67]",3.88
51,"[1, 4, 5]","[3, 3, 2]","[0.58, 0.75, 0.46]","[['C', 'D', 'B', 'A'], ['C', 'B', 'A', 'D'], ['B', 'D', 'A', 'C']]","{'B': 3, 'D': 3, 'A': 2, 'C': 2}","[1.0, 1.0, 0.58]",3.95
51,"[1, 4, 5]","[3, 3, 2]","[0.58, 0.75, 0.46]","[['C', 'D', 'B', 'A'], ['C', 'B', 'A', 'D'], ['B', 'D', 'C', 'A']]","{'B': 3, 'D': 3, 'A': 2, 'C': 2}","[1.0, 1.0, 0.58]",3.95
51,"[1, 4, 5]","[3, 3, 2]","[0.58, 0.75, 0.46]","[['C', 'D', 'B', 'A'], ['C', 'B', 'A', 'D'], ['C', 'B', 'A', 'D']]","{'B': 3, 'C': 3, 'A': 2, 'D': 2}","[1.0, 1.0, 0.67]",3.88
51,"[1, 4, 5]","[3, 3, 2]","[0.58, 0.75, 0.46]","[['C', 'D', 'B', 'A'], ['C', 'B', 'A', 'D'], ['C', 'B', 'D', 'A']]","{'B': 3, 'C': 3, 'A': 2, 'D': 2}","[1.0, 1.0, 0.67]",3.88
51,"[1, 4, 5]","[3, 3, 2]","[0.58, 0.75, 0.46]","[['C', 'D', 'B', 'A'], ['C', 'B', 'A', 'D'], ['D', 'B', 'A', 'C']]","{'B': 3, 'D': 3, 'A': 2, 'C': 2}","[1.0, 1.0, 0.58]",3.95
51,"[1, 4, 5]","[3, 3, 2]","[0.58, 0.75, 0.46]","[['C', 'D', 'B', 'A'], ['C', 'B', 'A', 'D'], ['D', 'B', 'C', 'A']]","{'B': 3, 'D': 3, 'A': 2, 'C': 2}","[1.0, 1.0, 0.58]",3.95
51,"[1, 4, 5]","[3, 3, 2]","[0.58, 0.75, 0.46]","[['C', 'D', 'B', 'A'], ['C', 'B', 'D', 'A'], ['B', 'C', 'A', 'D']]","{'B': 3, 'C': 3, 'A': 2, 'D': 2}","[1.0, 1.0, 0.67]",3.88
51,"[1, 4, 5]","[3, 3, 2]","[0.58, 0.75, 0.46]","[['C', 'D', 'B', 'A'], ['C', 'B', 'D', 'A'], ['B', 'C', 'D', 'A']]","{'B': 3, 'C': 3, 'A': 2, 'D': 2}","[1.0, 1.0, 0.67]",3.88
51,"[1, 4, 5]","[3, 3, 2]","[0.58, 0.75, 0.46]","[['C', 'D', 'B', 'A'], ['C', 'B', 'D', 'A'], ['B', 'D', 'A', 'C']]","{'B': 3, 'D': 3, 'A': 2, 'C': 2}","[1.0, 1.0, 0.58]",3.95
51,"[1, 4, 5]","[3, 3, 2]","[0.58, 0.75, 0.46]","[['C', 'D', 'B', 'A'], ['C', 'B', 'D', 'A'], ['B', 'D', 'C', 'A']]","{'B': 3, 'D': 3, 'A': 2, 'C': 2}","[1.0, 1.0, 0.58]",3.95
51,"[1, 4, 5]","[3, 3, 2]","[0.58, 0.75, 0.46]","[['C', 'D', 'B', 'A'], ['C', 'B', 'D', 'A'], ['C', 'B', 'A', 'D']]","{'B': 3, 'C': 3, 'A': 2, 'D': 2}","[1.0, 1.0, 0.67]",3.88
51,"[1, 4, 5]","[3, 3, 2]","[0.58, 0.75, 0.46]","[['C', 'D', 'B', 'A'], ['C', 'B', 'D', 'A'], ['C', 'B', 'D', 'A']]","{'B': 3, 'C': 3, 'A': 2, 'D': 2}","[1.0, 1.0, 0.67]",3.88
51,"[1, 4, 5]","[3, 3, 2]","[0.58, 0.75, 0.46]","[['C', 'D', 'B', 'A'], ['C', 'B', 'D', 'A'], ['D', 'B', 'A', 'C']]","{'B': 3, 'D': 3, 'A': 2, 'C': 2}","[1.0, 1.0, 0.58]",3.95
51,"[1, 4, 5]","[3, 3, 2]","[0.58, 0.75, 0.46]","[['C', 'D', 'B', 'A'], ['C', 'B', 'D', 'A'], ['D', 'B', 'C', 'A']]","{'B': 3, 'D': 3, 'A': 2, 'C': 2}","[1.0, 1.0, 0.58]",3.95
51,"[1, 4, 5]","[3, 3, 2]","[0.58, 0.75, 0.46]","[['C', 'D', 'B', 'A'], ['D', 'B', 'A', 'C'], ['B', 'C', 'A', 'D']]","{'B': 3, 'D': 3, 'A': 2, 'C': 2}","[1.0, 1.0, 0.58]",3.95
51,"[1, 4, 5]","[3, 3, 2]","[0.58, 0.75, 0.46]","[['C', 'D', 'B', 'A'], ['D', 'B', 'A', 'C'], ['B', 'C', 'D', 'A']]","{'B': 3, 'D': 3, 'A': 2, 'C': 2}","[1.0, 1.0, 0.58]",3.95
51,"[1, 4, 5]","[3, 3, 2]","[0.58, 0.75, 0.46]","[['C', 'D', 'B', 'A'], ['D', 'B', 'A', 'C'], ['B', 'D', 'A', 'C']]","{'D': 4, 'B': 3, 'A': 2, 'C': 1}","[0.67, 0.79, 0.58]",3.58
51,"[1, 4, 5]","[3, 3, 2]","[0.58, 0.75, 0.46]","[['C', 'D', 'B', 'A'], ['D', 'B', 'A', 'C'], ['B', 'D', 'C', 'A']]","{'D': 4, 'B': 3, 'A': 2, 'C': 1}","[0.67, 0.79, 0.58]",3.58
51,"[1, 4, 5]","[3, 3, 2]","[0.58, 0.75, 0.46]","[['C', 'D', 'B', 'A'], ['D', 'B', 'A', 'C'], ['C', 'B', 'A', 'D']]","{'B': 3, 'D': 3, 'A': 2, 'C': 2}","[1.0, 1.0, 0.58]",3.95
51,"[1, 4, 5]","[3, 3, 2]","[0.58, 0.75, 0.46]","[['C', 'D', 'B', 'A'], ['D', 'B', 'A', 'C'], ['C', 'B', 'D', 'A']]","{'B': 3, 'D': 3, 'A': 2, 'C': 2}","[1.0, 1.0, 0.58]",3.95
51,"[1, 4, 5]","[3, 3, 2]","[0.58, 0.75, 0.46]","[['C', 'D', 'B', 'A'], ['D', 'B', 'A', 'C'], ['D', 'B', 'A', 'C']]","{'D': 4, 'B': 3, 'A': 2, 'C': 1}","[0.67, 0.79, 0.58]",3.58
51,"[1, 4, 5]","[3, 3, 2]","[0.58, 0.75, 0.46]","[['C', 'D', 'B', 'A'], ['D', 'B', 'A', 'C'], ['D', 'B', 'C', 'A']]","{'D': 4, 'B': 3, 'A': 2, 'C': 1}","[0.67, 0.79, 0.58]",3.58
51,"[1, 4, 5]","[3, 3, 2]","[0.58, 0.75, 0.46]","[['C', 'D', 'B', 'A'], ['D', 'B', 'C', 'A'], ['B', 'C', 'A', 'D']]","{'B': 3, 'D': 3, 'A': 2, 'C': 2}","[1.0, 1.0, 0.58]",3.95
51,"[1, 4, 5]","[3, 3, 2]","[0.58, 0.75, 0.46]","[['C', 'D', 'B', 'A'], ['D', 'B', 'C', 'A'], ['B', 'C', 'D', 'A']]","{'B': 3, 'D': 3, 'A': 2, 'C': 2}","[1.0, 1.0, 0.58]",3.95
51,"[1, 4, 5]","[3, 3, 2]","[0.58, 0.75, 0.46]","[['C', 'D', 'B', 'A'], ['D', 'B', 'C', 'A'], ['B', 'D', 'A', 'C']]","{'D': 4, 'B': 3, 'A': 2, 'C': 1}","[0.67, 0.79, 0.58]",3.58
51,"[1, 4, 5]","[3, 3, 2]","[0.58, 0.75, 0.46]","[['C', 'D', 'B', 'A'], ['D', 'B', 'C', 'A'], ['B', 'D', 'C', 'A']]","{'D': 4, 'B': 3, 'A': 2, 'C': 1}","[0.67, 0.79, 0.58]",3.58
51,"[1, 4, 5]","[3, 3, 2]","[0.58, 0.75, 0.46]","[['C', 'D', 'B', 'A'], ['D', 'B', 'C', 'A'], ['C', 'B', 'A', 'D']]","{'B': 3, 'D': 3, 'A': 2, 'C': 2}","[1.0, 1.0, 0.58]",3.95
51,"[1, 4, 5]","[3, 3, 2]","[0.58, 0.75, 0.46]","[['C', 'D', 'B', 'A'], ['D', 'B', 'C', 'A'], ['C', 'B', 'D', 'A']]","{'B': 3, 'D': 3, 'A': 2, 'C': 2}","[1.0, 1.0, 0.58]",3.95
51,"[1, 4, 5]","[3, 3, 2]","[0.58, 0.75, 0.46]","[['C', 'D', 'B', 'A'], ['D', 'B', 'C', 'A'], ['D', 'B', 'A', 'C']]","{'D': 4, 'B': 3, 'A': 2, 'C': 1}","[0.67, 0.79, 0.58]",3.58
51,"[1, 4, 5]","[3, 3, 2]","[0.58, 0.75, 0.46]","[['C', 'D', 'B', 'A'], ['D', 'B', 'C', 'A'], ['D', 'B', 'C', 'A']]","{'D': 4, 'B': 3, 'A': 2, 'C': 1}","[0.67, 0.79, 0.58]",3.58
51,"[1, 4, 5]","[3, 3, 2]","[0.58, 0.75, 0.46]","[['D', 'B', 'A', 'C'], ['B', 'C', 'A', 'D'], ['B', 'C', 'A', 'D']]","{'B': 4, 'A': 2, 'C': 2, 'D': 2}","[1.0, 1.0, 0.5]",3.96
51,"[1, 4, 5]","[3, 3, 2]","[0.58, 0.75, 0.46]","[['D', 'B', 'A', 'C'], ['B', 'C', 'A', 'D'], ['B', 'C', 'D', 'A']]","{'B': 4, 'A': 2, 'C': 2, 'D': 2}","[1.0, 1.0, 0.5]",3.96
51,"[1, 4, 5]","[3, 3, 2]","[0.58, 0.75, 0.46]","[['D', 'B', 'A', 'C'], ['B', 'C', 'A', 'D'], ['B', 'D', 'A', 'C']]","{'B': 4, 'D': 3, 'A': 2, 'C': 1}","[1.0, 1.0, 0.58]",3.95
51,"[1, 4, 5]","[3, 3, 2]","[0.58, 0.75, 0.46]","[['D', 'B', 'A', 'C'], ['B', 'C', 'A', 'D'], ['B', 'D', 'C', 'A']]","{'B': 4, 'D': 3, 'A': 2, 'C': 1}","[1.0, 1.0, 0.58]",3.95
51,"[1, 4, 5]","[3, 3, 2]","[0.58, 0.75, 0.46]","[['D', 'B', 'A', 'C'], ['B', 'C', 'A', 'D'], ['C', 'B', 'A', 'D']]","{'B': 4, 'A': 2, 'C': 2, 'D': 2}","[1.0, 1.0, 0.5]",3.96
51,"[1, 4, 5]","[3, 3, 2]","[0.58, 0.75, 0.46]","[['D', 'B', 'A', 'C'], ['B', 'C', 'A', 'D'], ['C', 'B', 'D', 'A']]","{'B': 4, 'A': 2, 'C': 2, 'D': 2}","[1.0, 1.0, 0.5]",3.96
51,"[1, 4, 5]","[3, 3, 2]","[0.58, 0.75, 0.46]","[['D', 'B', 'A', 'C'], ['B', 'C', 'A', 'D'], ['C', 'D', 'A', 'B']]","{'B': 3, 'D': 3, 'A': 2, 'C': 2}","[1.0, 1.0, 0.58]",3.95
51,"[1, 4, 5]","[3, 3, 2]","[0.58, 0.75, 0.46]","[['D', 'B', 'A', 'C'], ['B', 'C', 'A', 'D'], ['C', 'D', 'B', 'A']]","{'B': 3, 'D': 3, 'A': 2, 'C': 2}","[1.0, 1.0, 0.58]",3.95
51,"[1, 4, 5]","[3, 3, 2]","[0.58, 0.75, 0.46]","[['D', 'B', 'A', 'C'], ['B', 'C', 'A', 'D'], ['D', 'B', 'A', 'C']]","{'B': 4, 'D': 3, 'A': 2, 'C': 1}","[1.0, 1.0, 0.58]",3.95
51,"[1, 4, 5]","[3, 3, 2]","[0.58, 0.75, 0.46]","[['D', 'B', 'A', 'C'], ['B', 'C', 'A', 'D'], ['D', 'B', 'C', 'A']]","{'B': 4, 'D': 3, 'A': 2, 'C': 1}","[1.0, 1.0, 0.58]",3.95
51,"[1, 4, 5]","[3, 3, 2]","[0.58, 0.75, 0.46]","[['D', 'B', 'A', 'C'], ['B', 'C', 'A', 'D'], ['D', 'C', 'A', 'B']]","{'B': 3, 'D': 3, 'A': 2, 'C': 2}","[1.0, 1.0, 0.58]",3.95
51,"[1, 4, 5]","[3, 3, 2]","[0.58, 0.75, 0.46]","[['D', 'B', 'A', 'C'], ['B', 'C', 'A', 'D'], ['D', 'C', 'B', 'A']]","{'B': 3, 'D': 3, 'A': 2, 'C': 2}","[1.0, 1.0, 0.58]",3.95
51,"[1, 4, 5]","[3, 3, 2]","[0.58, 0.75, 0.46]","[['D', 'B', 'A', 'C'], ['B', 'C', 'D', 'A'], ['B', 'C', 'A', 'D']]","{'B': 4, 'A': 2, 'C': 2, 'D': 2}","[1.0, 1.0, 0.5]",3.96
51,"[1, 4, 5]","[3, 3, 2]","[0.58, 0.75, 0.46]","[['D', 'B', 'A', 'C'], ['B', 'C', 'D', 'A'], ['B', 'C', 'D', 'A']]","{'B': 4, 'A': 2, 'C': 2, 'D': 2}","[1.0, 1.0, 0.5]",3.96
51,"[1, 4, 5]","[3, 3, 2]","[0.58, 0.75, 0.46]","[['D', 'B', 'A', 'C'], ['B', 'C', 'D', 'A'], ['B', 'D', 'A', 'C']]","{'B': 4, 'D': 3, 'A': 2, 'C': 1}","[1.0, 1.0, 0.58]",3.95
51,"[1, 4, 5]","[3, 3, 2]","[0.58, 0.75, 0.46]","[['D', 'B', 'A', 'C'], ['B', 'C', 'D', 'A'], ['B', 'D', 'C', 'A']]","{'B': 4, 'D': 3, 'A': 2, 'C': 1}","[1.0, 1.0, 0.58]",3.95
51,"[1, 4, 5]","[3, 3, 2]","[0.58, 0.75, 0.46]","[['D', 'B', 'A', 'C'], ['B', 'C', 'D', 'A'], ['C', 'B', 'A', 'D']]","{'B': 4, 'A': 2, 'C': 2, 'D': 2}","[1.0, 1.0, 0.5]",3.96
51,"[1, 4, 5]","[3, 3, 2]","[0.58, 0.75, 0.46]","[['D', 'B', 'A', 'C'], ['B', 'C', 'D', 'A'], ['C', 'B', 'D', 'A']]","{'B': 4, 'A': 2, 'C': 2, 'D': 2}","[1.0, 1.0, 0.5]",3.96
51,"[1, 4, 5]","[3, 3, 2]","[0.58, 0.75, 0.46]","[['D', 'B', 'A', 'C'], ['B', 'C', 'D', 'A'], ['C', 'D', 'A', 'B']]","{'B': 3, 'D': 3, 'A': 2, 'C': 2}","[1.0, 1.0, 0.58]",3.95
51,"[1, 4, 5]","[3, 3, 2]","[0.58, 0.75, 0.46]","[['D', 'B', 'A', 'C'], ['B', 'C', 'D', 'A'], ['C', 'D', 'B', 'A']]","{'B': 3, 'D': 3, 'A': 2, 'C': 2}","[1.0, 1.0, 0.58]",3.95
51,"[1, 4, 5]","[3, 3, 2]","[0.58, 0.75, 0.46]","[['D', 'B', 'A', 'C'], ['B', 'C', 'D', 'A'], ['D', 'B', 'A', 'C']]","{'B': 4, 'D': 3, 'A': 2, 'C': 1}","[1.0, 1.0, 0.58]",3.95
51,"[1, 4, 5]","[3, 3, 2]","[0.58, 0.75, 0.46]","[['D', 'B', 'A', 'C'], ['B', 'C', 'D', 'A'], ['D', 'B', 'C', 'A']]","{'B': 4, 'D': 3, 'A': 2, 'C': 1}","[1.0, 1.0, 0.58]",3.95
51,"[1, 4, 5]","[3, 3, 2]","[0.58, 0.75, 0.46]","[['D', 'B', 'A', 'C'], ['B', 'C', 'D', 'A'], ['D', 'C', 'A', 'B']]","{'B': 3, 'D': 3, 'A': 2, 'C': 2}","[1.0, 1.0, 0.58]",3.95
51,"[1, 4, 5]","[3, 3, 2]","[0.58, 0.75, 0.46]","[['D', 'B', 'A', 'C'], ['B', 'C', 'D', 'A'], ['D', 'C', 'B', 'A']]","{'B': 3, 'D': 3, 'A': 2, 'C': 2}","[1.0, 1.0, 0.58]",3.95
51,"[1, 4, 5]","[3, 3, 2]","[0.58, 0.75, 0.46]","[['D', 'B', 'A', 'C'], ['B', 'D', 'A', 'C'], ['B', 'C', 'A', 'D']]","{'B': 4, 'D': 3, 'A': 2, 'C': 1}","[1.0, 1.0, 0.58]",3.95
51,"[1, 4, 5]","[3, 3, 2]","[0.58, 0.75, 0.46]","[['D', 'B', 'A', 'C'], ['B', 'D', 'A', 'C'], ['B', 'C', 'D', 'A']]","{'B': 4, 'D': 3, 'A': 2, 'C': 1}","[1.0, 1.0, 0.58]",3.95
51,"[1, 4, 5]","[3, 3, 2]","[0.58, 0.75, 0.46]","[['D', 'B', 'A', 'C'], ['B', 'D', 'A', 'C'], ['B', 'D', 'A', 'C']]","{'B': 4, 'D': 4, 'A': 2, 'C': 0}","[1.0, 1.0, 0.58]",3.95
51,"[1, 4, 5]","[3, 3, 2]","[0.58, 0.75, 0.46]","[['D', 'B', 'A', 'C'], ['B', 'D', 'A', 'C'], ['B', 'D', 'C', 'A']]","{'B': 4, 'D': 4, 'A': 2, 'C': 0}","[1.0, 1.0, 0.58]",3.95
51,"[1, 4, 5]","[3, 3, 2]","[0.58, 0.75, 0.46]","[['D', 'B', 'A', 'C'], ['B', 'D', 'A', 'C'], ['C', 'B', 'A', 'D']]","{'B': 4, 'D': 3, 'A': 2, 'C': 1}","[1.0, 1.0, 0.58]",3.95
51,"[1, 4, 5]","[3, 3, 2]","[0.58, 0.75, 0.46]","[['D', 'B', 'A', 'C'], ['B', 'D', 'A', 'C'], ['C', 'B', 'D', 'A']]","{'B': 4, 'D': 3, 'A': 2, 'C': 1}","[1.0, 1.0, 0.58]",3.95
51,"[1, 4, 5]","[3, 3, 2]","[0.58, 0.75, 0.46]","[['D', 'B', 'A', 'C'], ['B', 'D', 'A', 'C'], ['C', 'D', 'A', 'B']]","{'D': 4, 'B': 3, 'A': 2, 'C': 1}","[0.67, 0.79, 0.58]",3.58
51,"[1, 4, 5]","[3, 3, 2]","[0.58, 0.75, 0.46]","[['D', 'B', 'A', 'C'], ['B', 'D', 'A', 'C'], ['C', 'D', 'B', 'A']]","{'D': 4, 'B': 3, 'A': 2, 'C': 1}","[0.67, 0.79, 0.58]",3.58
51,"[1, 4, 5]","[3, 3, 2]","[0.58, 0.75, 0.46]","[['D', 'B', 'A', 'C'], ['B', 'D', 'A', 'C'], ['D', 'B', 'A', 'C']]","{'B': 4, 'D': 4, 'A': 2, 'C': 0}","[1.0, 1.0, 0.58]",3.95
51,"[1, 4, 5]","[3, 3, 2]","[0.58, 0.75, 0.46]","[['D', 'B', 'A', 'C'], ['B', 'D', 'A', 'C'], ['D', 'B', 'C', 'A']]","{'B': 4, 'D': 4, 'A': 2, 'C': 0}","[1.0, 1.0, 0.58]",3.95
51,"[1, 4, 5]","[3, 3, 2]","[0.58, 0.75, 0.46]","[['D', 'B', 'A', 'C'], ['B', 'D', 'A', 'C'], ['D', 'C', 'A', 'B']]","{'D': 4, 'B': 3, 'A': 2, 'C': 1}","[0.67, 0.79, 0.58]",3.58
51,"[1, 4, 5]","[3, 3, 2]","[0.58, 0.75, 0.46]","[['D', 'B', 'A', 'C'], ['B', 'D', 'A', 'C'], ['D', 'C', 'B', 'A']]","{'D': 4, 'B': 3, 'A': 2, 'C': 1}","[0.67, 0.79, 0.58]",3.58
51,"[1, 4, 5]","[3, 3, 2]","[0.58, 0.75, 0.46]","[['D', 'B', 'A', 'C'], ['B', 'D', 'C', 'A'], ['B', 'C', 'A', 'D']]","{'B': 4, 'D': 3, 'A': 2, 'C': 1}","[1.0, 1.0, 0.58]",3.95
51,"[1, 4, 5]","[3, 3, 2]","[0.58, 0.75, 0.46]","[['D', 'B', 'A', 'C'], ['B', 'D', 'C', 'A'], ['B', 'C', 'D', 'A']]","{'B': 4, 'D': 3, 'A': 2, 'C': 1}","[1.0, 1.0, 0.58]",3.95
51,"[1, 4, 5]","[3, 3, 2]","[0.58, 0.75, 0.46]","[['D', 'B', 'A', 'C'], ['B', 'D', 'C', 'A'], ['B', 'D', 'A', 'C']]","{'B': 4, 'D': 4, 'A': 2, 'C': 0}","[1.0, 1.0, 0.58]",3.95
51,"[1, 4, 5]","[3, 3, 2]","[0.58, 0.75, 0.46]","[['D', 'B', 'A', 'C'], ['B', 'D', 'C', 'A'], ['B', 'D', 'C', 'A']]","{'B': 4, 'D': 4, 'A': 2, 'C': 0}","[1.0, 1.0, 0.58]",3.95
51,"[1, 4, 5]","[3, 3, 2]","[0.58, 0.75, 0.46]","[['D', 'B', 'A', 'C'], ['B', 'D', 'C', 'A'], ['C', 'B', 'A', 'D']]","{'B': 4, 'D': 3, 'A': 2, 'C': 1}","[1.0, 1.0, 0.58]",3.95
51,"[1, 4, 5]","[3, 3, 2]","[0.58, 0.75, 0.46]","[['D', 'B', 'A', 'C'], ['B', 'D', 'C', 'A'], ['C', 'B', 'D', 'A']]","{'B': 4, 'D': 3, 'A': 2, 'C': 1}","[1.0, 1.0, 0.58]",3.95
51,"[1, 4, 5]","[3, 3, 2]","[0.58, 0.75, 0.46]","[['D', 'B', 'A', 'C'], ['B', 'D', 'C', 'A'], ['C', 'D', 'A', 'B']]","{'D': 4, 'B': 3, 'A': 2, 'C': 1}","[0.67, 0.79, 0.58]",3.58
51,"[1, 4, 5]","[3, 3, 2]","[0.58, 0.75, 0.46]","[['D', 'B', 'A', 'C'], ['B', 'D', 'C', 'A'], ['C', 'D', 'B', 'A']]","{'D': 4, 'B': 3, 'A': 2, 'C': 1}","[0.67, 0.79, 0.58]",3.58
51,"[1, 4, 5]","[3, 3, 2]","[0.58, 0.75, 0.46]","[['D', 'B', 'A', 'C'], ['B', 'D', 'C', 'A'], ['D', 'B', 'A', 'C']]","{'B': 4, 'D': 4, 'A': 2, 'C': 0}","[1.0, 1.0, 0.58]",3.95
51,"[1, 4, 5]","[3, 3, 2]","[0.58, 0.75, 0.46]","[['D', 'B', 'A', 'C'], ['B', 'D', 'C', 'A'], ['D', 'B', 'C', 'A']]","{'B': 4, 'D': 4, 'A': 2, 'C': 0}","[1.0, 1.0, 0.58]",3.95
51,"[1, 4, 5]","[3, 3, 2]","[0.58, 0.75, 0.46]","[['D', 'B', 'A', 'C'], ['B', 'D', 'C', 'A'], ['D', 'C', 'A', 'B']]","{'D': 4, 'B': 3, 'A': 2, 'C': 1}","[0.67, 0.79, 0.58]",3.58
51,"[1, 4, 5]","[3, 3, 2]","[0.58, 0.75, 0.46]","[['D', 'B', 'A', 'C'], ['B', 'D', 'C', 'A'], ['D', 'C', 'B', 'A']]","{'D': 4, 'B': 3, 'A': 2, 'C': 1}","[0.67, 0.79, 0.58]",3.58
51,"[1, 4, 5]","[3, 3, 2]","[0.58, 0.75, 0.46]","[['D', 'B', 'A', 'C'], ['C', 'B', 'A', 'D'], ['B', 'C', 'A', 'D']]","{'B': 4, 'A': 2, 'C': 2, 'D': 2}","[1.0, 1.0, 0.5]",3.96
51,"[1, 4, 5]","[3, 3, 2]","[0.58, 0.75, 0.46]","[['D', 'B', 'A', 'C'], ['C', 'B', 'A', 'D'], ['B', 'C', 'D', 'A']]","{'B': 4, 'A': 2, 'C': 2, 'D': 2}","[1.0, 1.0, 0.5]",3.96
51,"[1, 4, 5]","[3, 3, 2]","[0.58, 0.75, 0.46]","[['D', 'B', 'A', 'C'], ['C', 'B', 'A', 'D'], ['B', 'D', 'A', 'C']]","{'B': 4, 'D': 3, 'A': 2, 'C': 1}","[1.0, 1.0, 0.58]",3.95
51,"[1, 4, 5]","[3, 3, 2]","[0.58, 0.75, 0.46]","[['D', 'B', 'A', 'C'], ['C', 'B', 'A', 'D'], ['B', 'D', 'C', 'A']]","{'B': 4, 'D': 3, 'A': 2, 'C': 1}","[1.0, 1.0, 0.58]",3.95
51,"[1, 4, 5]","[3, 3, 2]","[0.58, 0.75, 0.46]","[['D', 'B', 'A', 'C'], ['C', 'B', 'A', 'D'], ['C', 'B', 'A', 'D']]","{'B': 4, 'A': 2, 'C': 2, 'D': 2}","[1.0, 1.0, 0.5]",3.96
51,"[1, 4, 5]","[3, 3, 2]","[0.58, 0.75, 0.46]","[['D', 'B', 'A', 'C'], ['C', 'B', 'A', 'D'], ['C', 'B', 'D', 'A']]","{'B': 4, 'A': 2, 'C': 2, 'D': 2}","[1.0, 1.0, 0.5]",3.96
51,"[1, 4, 5]","[3, 3, 2]","[0.58, 0.75, 0.46]","[['D', 'B', 'A', 'C'], ['C', 'B', 'A', 'D'], ['C', 'D', 'A', 'B']]","{'B': 3, 'D': 3, 'A': 2, 'C': 2}","[1.0, 1.0, 0.58]",3.95
51,"[1, 4, 5]","[3, 3, 2]","[0.58, 0.75, 0.46]","[['D', 'B', 'A', 'C'], ['C', 'B', 'A', 'D'], ['C', 'D', 'B', 'A']]","{'B': 3, 'D': 3, 'A': 2, 'C': 2}","[1.0, 1.0, 0.58]",3.95
51,"[1, 4, 5]","[3, 3, 2]","[0.58, 0.75, 0.46]","[['D', 'B', 'A', 'C'], ['C', 'B', 'A', 'D'], ['D', 'B', 'A', 'C']]","{'B': 4, 'D': 3, 'A': 2, 'C': 1}","[1.0, 1.0, 0.58]",3.95
51,"[1, 4, 5]","[3, 3, 2]","[0.58, 0.75, 0.46]","[['D', 'B', 'A', 'C'], ['C', 'B', 'A', 'D'], ['D', 'B', 'C', 'A']]","{'B': 4, 'D': 3, 'A': 2, 'C': 1}","[1.0, 1.0, 0.58]",3.95
51,"[1, 4, 5]","[3, 3, 2]","[0.58, 0.75, 0.46]","[['D', 'B', 'A', 'C'], ['C', 'B', 'A', 'D'], ['D', 'C', 'A', 'B']]","{'B': 3, 'D': 3, 'A': 2, 'C': 2}","[1.0, 1.0, 0.58]",3.95
51,"[1, 4, 5]","[3, 3, 2]","[0.58, 0.75, 0.46]","[['D', 'B', 'A', 'C'], ['C', 'B', 'A', 'D'], ['D', 'C', 'B', 'A']]","{'B': 3, 'D': 3, 'A': 2, 'C': 2}","[1.0, 1.0, 0.58]",3.95
51,"[1, 4, 5]","[3, 3, 2]","[0.58, 0.75, 0.46]","[['D', 'B', 'A', 'C'], ['C', 'B', 'D', 'A'], ['B', 'C', 'A', 'D']]","{'B': 4, 'A': 2, 'C': 2, 'D': 2}","[1.0, 1.0, 0.5]",3.96
51,"[1, 4, 5]","[3, 3, 2]","[0.58, 0.75, 0.46]","[['D', 'B', 'A', 'C'], ['C', 'B', 'D', 'A'], ['B', 'C', 'D', 'A']]","{'B': 4, 'A': 2, 'C': 2, 'D': 2}","[1.0, 1.0, 0.5]",3.96
51,"[1, 4, 5]","[3, 3, 2]","[0.58, 0.75, 0.46]","[['D', 'B', 'A', 'C'], ['C', 'B', 'D', 'A'], ['B', 'D', 'A', 'C']]","{'B': 4, 'D': 3, 'A': 2, 'C': 1}","[1.0, 1.0, 0.58]",3.95
51,"[1, 4, 5]","[3, 3, 2]","[0.58, 0.75, 0.46]","[['D', 'B', 'A', 'C'], ['C', 'B', 'D', 'A'], ['B', 'D', 'C', 'A']]","{'B': 4, 'D': 3, 'A': 2, 'C': 1}","[1.0, 1.0, 0.58]",3.95
51,"[1, 4, 5]","[3, 3, 2]","[0.58, 0.75, 0.46]","[['D', 'B', 'A', 'C'], ['C', 'B', 'D', 'A'], ['C', 'B', 'A', 'D']]","{'B': 4, 'A': 2, 'C': 2, 'D': 2}","[1.0, 1.0, 0.5]",3.96
51,"[1, 4, 5]","[3, 3, 2]","[0.58, 0.75, 0.46]","[['D', 'B', 'A', 'C'], ['C', 'B', 'D', 'A'], ['C', 'B', 'D', 'A']]","{'B': 4, 'A': 2, 'C': 2, 'D': 2}","[1.0, 1.0, 0.5]",3.96
51,"[1, 4, 5]","[3, 3, 2]","[0.58, 0.75, 0.46]","[['D', 'B', 'A', 'C'], ['C', 'B', 'D', 'A'], ['C', 'D', 'A', 'B']]","{'B': 3, 'D': 3, 'A': 2, 'C': 2}","[1.0, 1.0, 0.58]",3.95
51,"[1, 4, 5]","[3, 3, 2]","[0.58, 0.75, 0.46]","[['D', 'B', 'A', 'C'], ['C', 'B', 'D', 'A'], ['C', 'D', 'B', 'A']]","{'B': 3, 'D': 3, 'A': 2, 'C': 2}","[1.0, 1.0, 0.58]",3.95
51,"[1, 4, 5]","[3, 3, 2]","[0.58, 0.75, 0.46]","[['D', 'B', 'A', 'C'], ['C', 'B', 'D', 'A'], ['D', 'B', 'A', 'C']]","{'B': 4, 'D': 3, 'A': 2, 'C': 1}","[1.0, 1.0, 0.58]",3.95
51,"[1, 4, 5]","[3, 3, 2]","[0.58, 0.75, 0.46]","[['D', 'B', 'A', 'C'], ['C', 'B', 'D', 'A'], ['D', 'B', 'C', 'A']]","{'B': 4, 'D': 3, 'A': 2, 'C': 1}","[1.0, 1.0, 0.58]",3.95
51,"[1, 4, 5]","[3, 3, 2]","[0.58, 0.75, 0.46]","[['D', 'B', 'A', 'C'], ['C', 'B', 'D', 'A'], ['D', 'C', 'A', 'B']]","{'B': 3, 'D': 3, 'A': 2, 'C': 2}","[1.0, 1.0, 0.58]",3.95
51,"[1, 4, 5]","[3, 3, 2]","[0.58, 0.75, 0.46]","[['D', 'B', 'A', 'C'], ['C', 'B', 'D', 'A'], ['D', 'C', 'B', 'A']]","{'B': 3, 'D': 3, 'A': 2, 'C': 2}","[1.0, 1.0, 0.58]",3.95
51,"[1, 4, 5]","[3, 3, 2]","[0.58, 0.75, 0.46]","[['D', 'B', 'A', 'C'], ['C', 'D', 'A', 'B'], ['B', 'C', 'A', 'D']]","{'B': 3, 'D': 3, 'A': 2, 'C': 2}","[1.0, 1.0, 0.58]",3.95
51,"[1, 4, 5]","[3, 3, 2]","[0.58, 0.75, 0.46]","[['D', 'B', 'A', 'C'], ['C', 'D', 'A', 'B'], ['B', 'C', 'D', 'A']]","{'B': 3, 'D': 3, 'A': 2, 'C': 2}","[1.0, 1.0, 0.58]",3.95
51,"[1, 4, 5]","[3, 3, 2]","[0.58, 0.75, 0.46]","[['D', 'B', 'A', 'C'], ['C', 'D', 'A', 'B'], ['B', 'D', 'A', 'C']]","{'D': 4, 'B': 3, 'A': 2, 'C': 1}","[0.67, 0.79, 0.58]",3.58
51,"[1, 4, 5]","[3, 3, 2]","[0.58, 0.75, 0.46]","[['D', 'B', 'A', 'C'], ['C', 'D', 'A', 'B'], ['B', 'D', 'C', 'A']]","{'D': 4, 'B': 3, 'A': 2, 'C': 1}","[0.67, 0.79, 0.58]",3.58
51,"[1, 4, 5]","[3, 3, 2]","[0.58, 0.75, 0.46]","[['D', 'B', 'A', 'C'], ['C', 'D', 'A', 'B'], ['C', 'B', 'A', 'D']]","{'B': 3, 'D': 3, 'A': 2, 'C': 2}","[1.0, 1.0, 0.58]",3.95
51,"[1, 4, 5]","[3, 3, 2]","[0.58, 0.75, 0.46]","[['D', 'B', 'A', 'C'], ['C', 'D', 'A', 'B'], ['C', 'B', 'D', 'A']]","{'B': 3, 'D': 3, 'A': 2, 'C': 2}","[1.0, 1.0, 0.58]",3.95
51,"[1, 4, 5]","[3, 3, 2]","[0.58, 0.75, 0.46]","[['D', 'B', 'A', 'C'], ['C', 'D', 'A', 'B'], ['D', 'B', 'A', 'C']]","{'D': 4, 'B': 3, 'A': 2, 'C': 1}","[0.67, 0.79, 0.58]",3.58
51,"[1, 4, 5]","[3, 3, 2]","[0.58, 0.75, 0.46]","[['D', 'B', 'A', 'C'], ['C', 'D', 'A', 'B'], ['D', 'B', 'C', 'A']]","{'D': 4, 'B': 3, 'A': 2, 'C': 1}","[0.67, 0.79, 0.58]",3.58
51,"[1, 4, 5]","[3, 3, 2]","[0.58, 0.75, 0.46]","[['D', 'B', 'A', 'C'], ['C', 'D', 'B', 'A'], ['B', 'C', 'A', 'D']]","{'B': 3, 'D': 3, 'A': 2, 'C': 2}","[1.0, 1.0, 0.58]",3.95
51,"[1, 4, 5]","[3, 3, 2]","[0.58, 0.75, 0.46]","[['D', 'B', 'A', 'C'], ['C', 'D', 'B', 'A'], ['B', 'C', 'D', 'A']]","{'B': 3, 'D': 3, 'A': 2, 'C': 2}","[1.0, 1.0, 0.58]",3.95
51,"[1, 4, 5]","[3, 3, 2]","[0.58, 0.75, 0.46]","[['D', 'B', 'A', 'C'], ['C', 'D', 'B', 'A'], ['B', 'D', 'A', 'C']]","{'D': 4, 'B': 3, 'A': 2, 'C': 1}","[0.67, 0.79, 0.58]",3.58
51,"[1, 4, 5]","[3, 3, 2]","[0.58, 0.75, 0.46]","[['D', 'B', 'A', 'C'], ['C', 'D', 'B', 'A'], ['B', 'D', 'C', 'A']]","{'D': 4, 'B': 3, 'A': 2, 'C': 1}","[0.67, 0.79, 0.58]",3.58
51,"[1, 4, 5]","[3, 3, 2]","[0.58, 0.75, 0.46]","[['D', 'B', 'A', 'C'], ['C', 'D', 'B', 'A'], ['C', 'B', 'A', 'D']]","{'B': 3, 'D': 3, 'A': 2, 'C': 2}","[1.0, 1.0, 0.58]",3.95
51,"[1, 4, 5]","[3, 3, 2]","[0.58, 0.75, 0.46]","[['D', 'B', 'A', 'C'], ['C', 'D', 'B', 'A'], ['C', 'B', 'D', 'A']]","{'B': 3, 'D': 3, 'A': 2, 'C': 2}","[1.0, 1.0, 0.58]",3.95
51,"[1, 4, 5]","[3, 3, 2]","[0.58, 0.75, 0.46]","[['D', 'B', 'A', 'C'], ['C', 'D', 'B', 'A'], ['D', 'B', 'A', 'C']]","{'D': 4, 'B': 3, 'A': 2, 'C': 1}","[0.67, 0.79, 0.58]",3.58
51,"[1, 4, 5]","[3, 3, 2]","[0.58, 0.75, 0.46]","[['D', 'B', 'A', 'C'], ['C', 'D', 'B', 'A'], ['D', 'B', 'C', 'A']]","{'D': 4, 'B': 3, 'A': 2, 'C': 1}","[0.67, 0.79, 0.58]",3.58
51,"[1, 4, 5]","[3, 3, 2]","[0.58, 0.75, 0.46]","[['D', 'B', 'A', 'C'], ['D', 'B', 'A', 'C'], ['B', 'C', 'A', 'D']]","{'B': 4, 'D': 3, 'A': 2, 'C': 1}","[1.0, 1.0, 0.58]",3.95
51,"[1, 4, 5]","[3, 3, 2]","[0.58, 0.75, 0.46]","[['D', 'B', 'A', 'C'], ['D', 'B', 'A', 'C'], ['B', 'C', 'D', 'A']]","{'B': 4, 'D': 3, 'A': 2, 'C': 1}","[1.0, 1.0, 0.58]",3.95
51,"[1, 4, 5]","[3, 3, 2]","[0.58, 0.75, 0.46]","[['D', 'B', 'A', 'C'], ['D', 'B', 'A', 'C'], ['B', 'D', 'A', 'C']]","{'B': 4, 'D': 4, 'A': 2, 'C': 0}","[1.0, 1.0, 0.58]",3.95
51,"[1, 4, 5]","[3, 3, 2]","[0.58, 0.75, 0.46]","[['D', 'B', 'A', 'C'], ['D', 'B', 'A', 'C'], ['B', 'D', 'C', 'A']]","{'B': 4, 'D': 4, 'A': 2, 'C': 0}","[1.0, 1.0, 0.58]",3.95
51,"[1, 4, 5]","[3, 3, 2]","[0.58, 0.75, 0.46]","[['D', 'B', 'A', 'C'], ['D', 'B', 'A', 'C'], ['C', 'B', 'A', 'D']]","{'B': 4, 'D': 3, 'A': 2, 'C': 1}","[1.0, 1.0, 0.58]",3.95
51,"[1, 4, 5]","[3, 3, 2]","[0.58, 0.75, 0.46]","[['D', 'B', 'A', 'C'], ['D', 'B', 'A', 'C'], ['C', 'B', 'D', 'A']]","{'B': 4, 'D': 3, 'A': 2, 'C': 1}","[1.0, 1.0, 0.58]",3.95
51,"[1, 4, 5]","[3, 3, 2]","[0.58, 0.75, 0.46]","[['D', 'B', 'A', 'C'], ['D', 'B', 'A', 'C'], ['C', 'D', 'A', 'B']]","{'D': 4, 'B': 3, 'A': 2, 'C': 1}","[0.67, 0.79, 0.58]",3.58
51,"[1, 4, 5]","[3, 3, 2]","[0.58, 0.75, 0.46]","[['D', 'B', 'A', 'C'], ['D', 'B', 'A', 'C'], ['C', 'D', 'B', 'A']]","{'D': 4, 'B': 3, 'A': 2, 'C': 1}","[0.67, 0.79, 0.58]",3.58
51,"[1, 4, 5]","[3, 3, 2]","[0.58, 0.75, 0.46]","[['D', 'B', 'A', 'C'], ['D', 'B', 'A', 'C'], ['D', 'B', 'A', 'C']]","{'B': 4, 'D': 4, 'A': 2, 'C': 0}","[1.0, 1.0, 0.58]",3.95
51,"[1, 4, 5]","[3, 3, 2]","[0.58, 0.75, 0.46]","[['D', 'B', 'A', 'C'], ['D', 'B', 'A', 'C'], ['D', 'B', 'C', 'A']]","{'B': 4, 'D': 4, 'A': 2, 'C': 0}","[1.0, 1.0, 0.58]",3.95
51,"[1, 4, 5]","[3, 3, 2]","[0.58, 0.75, 0.46]","[['D', 'B', 'A', 'C'], ['D', 'B', 'A', 'C'], ['D', 'C', 'A', 'B']]","{'D': 4, 'B': 3, 'A': 2, 'C': 1}","[0.67, 0.79, 0.58]",3.58
51,"[1, 4, 5]","[3, 3, 2]","[0.58, 0.75, 0.46]","[['D', 'B', 'A', 'C'], ['D', 'B', 'A', 'C'], ['D', 'C', 'B', 'A']]","{'D': 4, 'B': 3, 'A': 2, 'C': 1}","[0.67, 0.79, 0.58]",3.58
51,"[1, 4, 5]","[3, 3, 2]","[0.58, 0.75, 0.46]","[['D', 'B', 'A', 'C'], ['D', 'B', 'C', 'A'], ['B', 'C', 'A', 'D']]","{'B': 4, 'D': 3, 'A': 2, 'C': 1}","[1.0, 1.0, 0.58]",3.95
51,"[1, 4, 5]","[3, 3, 2]","[0.58, 0.75, 0.46]","[['D', 'B', 'A', 'C'], ['D', 'B', 'C', 'A'], ['B', 'C', 'D', 'A']]","{'B': 4, 'D': 3, 'A': 2, 'C': 1}","[1.0, 1.0, 0.58]",3.95
51,"[1, 4, 5]","[3, 3, 2]","[0.58, 0.75, 0.46]","[['D', 'B', 'A', 'C'], ['D', 'B', 'C', 'A'], ['B', 'D', 'A', 'C']]","{'B': 4, 'D': 4, 'A': 2, 'C': 0}","[1.0, 1.0, 0.58]",3.95
51,"[1, 4, 5]","[3, 3, 2]","[0.58, 0.75, 0.46]","[['D', 'B', 'A', 'C'], ['D', 'B', 'C', 'A'], ['B', 'D', 'C', 'A']]","{'B': 4, 'D': 4, 'A': 2, 'C': 0}","[1.0, 1.0, 0.58]",3.95
51,"[1, 4, 5]","[3, 3, 2]","[0.58, 0.75, 0.46]","[['D', 'B', 'A', 'C'], ['D', 'B', 'C', 'A'], ['C', 'B', 'A', 'D']]","{'B': 4, 'D': 3, 'A': 2, 'C': 1}","[1.0, 1.0, 0.58]",3.95
51,"[1, 4, 5]","[3, 3, 2]","[0.58, 0.75, 0.46]","[['D', 'B', 'A', 'C'], ['D', 'B', 'C', 'A'], ['C', 'B', 'D', 'A']]","{'B': 4, 'D': 3, 'A': 2, 'C': 1}","[1.0, 1.0, 0.58]",3.95
51,"[1, 4, 5]","[3, 3, 2]","[0.58, 0.75, 0.46]","[['D', 'B', 'A', 'C'], ['D', 'B', 'C', 'A'], ['C', 'D', 'A', 'B']]","{'D': 4, 'B': 3, 'A': 2, 'C': 1}","[0.67, 0.79, 0.58]",3.58
51,"[1, 4, 5]","[3, 3, 2]","[0.58, 0.75, 0.46]","[['D', 'B', 'A', 'C'], ['D', 'B', 'C', 'A'], ['C', 'D', 'B', 'A']]","{'D': 4, 'B': 3, 'A': 2, 'C': 1}","[0.67, 0.79, 0.58]",3.58
51,"[1, 4, 5]","[3, 3, 2]","[0.58, 0.75, 0.46]","[['D', 'B', 'A', 'C'], ['D', 'B', 'C', 'A'], ['D', 'B', 'A', 'C']]","{'B': 4, 'D': 4, 'A': 2, 'C': 0}","[1.0, 1.0, 0.58]",3.95
51,"[1, 4, 5]","[3, 3, 2]","[0.58, 0.75, 0.46]","[['D', 'B', 'A', 'C'], ['D', 'B', 'C', 'A'], ['D', 'B', 'C', 'A']]","{'B': 4, 'D': 4, 'A': 2, 'C': 0}","[1.0, 1.0, 0.58]",3.95
51,"[1, 4, 5]","[3, 3, 2]","[0.58, 0.75, 0.46]","[['D', 'B', 'A', 'C'], ['D', 'B', 'C', 'A'], ['D', 'C', 'A', 'B']]","{'D': 4, 'B': 3, 'A': 2, 'C': 1}","[0.67, 0.79, 0.58]",3.58
51,"[1, 4, 5]","[3, 3, 2]","[0.58, 0.75, 0.46]","[['D', 'B', 'A', 'C'], ['D', 'B', 'C', 'A'], ['D', 'C', 'B', 'A']]","{'D': 4, 'B': 3, 'A': 2, 'C': 1}","[0.67, 0.79, 0.58]",3.58
51,"[1, 4, 5]","[3, 3, 2]","[0.58, 0.75, 0.46]","[['D', 'B', 'A', 'C'], ['D', 'C', 'A', 'B'], ['B', 'C', 'A', 'D']]","{'B': 3, 'D': 3, 'A': 2, 'C': 2}","[1.0, 1.0, 0.58]",3.95
51,"[1, 4, 5]","[3, 3, 2]","[0.58, 0.75, 0.46]","[['D', 'B', 'A', 'C'], ['D', 'C', 'A', 'B'], ['B', 'C', 'D', 'A']]","{'B': 3, 'D': 3, 'A': 2, 'C': 2}","[1.0, 1.0, 0.58]",3.95
51,"[1, 4, 5]","[3, 3, 2]","[0.58, 0.75, 0.46]","[['D', 'B', 'A', 'C'], ['D', 'C', 'A', 'B'], ['B', 'D', 'A', 'C']]","{'D': 4, 'B': 3, 'A': 2, 'C': 1}","[0.67, 0.79, 0.58]",3.58
51,"[1, 4, 5]","[3, 3, 2]","[0.58, 0.75, 0.46]","[['D', 'B', 'A', 'C'], ['D', 'C', 'A', 'B'], ['B', 'D', 'C', 'A']]","{'D': 4, 'B': 3, 'A': 2, 'C': 1}","[0.67, 0.79, 0.58]",3.58
51,"[1, 4, 5]","[3, 3, 2]","[0.58, 0.75, 0.46]","[['D', 'B', 'A', 'C'], ['D', 'C', 'A', 'B'], ['C', 'B', 'A', 'D']]","{'B': 3, 'D': 3, 'A': 2, 'C': 2}","[1.0, 1.0, 0.58]",3.95
51,"[1, 4, 5]","[3, 3, 2]","[0.58, 0.75, 0.46]","[['D', 'B', 'A', 'C'], ['D', 'C', 'A', 'B'], ['C', 'B', 'D', 'A']]","{'B': 3, 'D': 3, 'A': 2, 'C': 2}","[1.0, 1.0, 0.58]",3.95
51,"[1, 4, 5]","[3, 3, 2]","[0.58, 0.75, 0.46]","[['D', 'B', 'A', 'C'], ['D', 'C', 'A', 'B'], ['D', 'B', 'A', 'C']]","{'D': 4, 'B': 3, 'A': 2, 'C': 1}","[0.67, 0.79, 0.58]",3.58
51,"[1, 4, 5]","[3, 3, 2]","[0.58, 0.75, 0.46]","[['D', 'B', 'A', 'C'], ['D', 'C', 'A', 'B'], ['D', 'B', 'C', 'A']]","{'D': 4, 'B': 3, 'A': 2, 'C': 1}","[0.67, 0.79, 0.58]",3.58
51,"[1, 4, 5]","[3, 3, 2]","[0.58, 0.75, 0.46]","[['D', 'B', 'A', 'C'], ['D', 'C', 'B', 'A'], ['B', 'C', 'A', 'D']]","{'B': 3, 'D': 3, 'A': 2, 'C': 2}","[1.0, 1.0, 0.58]",3.95
51,"[1, 4, 5]","[3, 3, 2]","[0.58, 0.75, 0.46]","[['D', 'B', 'A', 'C'], ['D', 'C', 'B', 'A'], ['B', 'C', 'D', 'A']]","{'B': 3, 'D': 3, 'A': 2, 'C': 2}","[1.0, 1.0, 0.58]",3.95
51,"[1, 4, 5]","[3, 3, 2]","[0.58, 0.75, 0.46]","[['D', 'B', 'A', 'C'], ['D', 'C', 'B', 'A'], ['B', 'D', 'A', 'C']]","{'D': 4, 'B': 3, 'A': 2, 'C': 1}","[0.67, 0.79, 0.58]",3.58
51,"[1, 4, 5]","[3, 3, 2]","[0.58, 0.75, 0.46]","[['D', 'B', 'A', 'C'], ['D', 'C', 'B', 'A'], ['B', 'D', 'C', 'A']]","{'D': 4, 'B': 3, 'A': 2, 'C': 1}","[0.67, 0.79, 0.58]",3.58
51,"[1, 4, 5]","[3, 3, 2]","[0.58, 0.75, 0.46]","[['D', 'B', 'A', 'C'], ['D', 'C', 'B', 'A'], ['C', 'B', 'A', 'D']]","{'B': 3, 'D': 3, 'A': 2, 'C': 2}","[1.0, 1.0, 0.58]",3.95
51,"[1, 4, 5]","[3, 3, 2]","[0.58, 0.75, 0.46]","[['D', 'B', 'A', 'C'], ['D', 'C', 'B', 'A'], ['C', 'B', 'D', 'A']]","{'B': 3, 'D': 3, 'A': 2, 'C': 2}","[1.0, 1.0, 0.58]",3.95
51,"[1, 4, 5]","[3, 3, 2]","[0.58, 0.75, 0.46]","[['D', 'B', 'A', 'C'], ['D', 'C', 'B', 'A'], ['D', 'B', 'A', 'C']]","{'D': 4, 'B': 3, 'A': 2, 'C': 1}","[0.67, 0.79, 0.58]",3.58
51,"[1, 4, 5]","[3, 3, 2]","[0.58, 0.75, 0.46]","[['D', 'B', 'A', 'C'], ['D', 'C', 'B', 'A'], ['D', 'B', 'C', 'A']]","{'D': 4, 'B': 3, 'A': 2, 'C': 1}","[0.67, 0.79, 0.58]",3.58
51,"[1, 4, 5]","[3, 3, 2]","[0.58, 0.75, 0.46]","[['D', 'B', 'C', 'A'], ['B', 'C', 'A', 'D'], ['B', 'C', 'A', 'D']]","{'B': 4, 'A': 2, 'C': 2, 'D': 2}","[1.0, 1.0, 0.5]",3.96
51,"[1, 4, 5]","[3, 3, 2]","[0.58, 0.75, 0.46]","[['D', 'B', 'C', 'A'], ['B', 'C', 'A', 'D'], ['B', 'C', 'D', 'A']]","{'B': 4, 'A': 2, 'C': 2, 'D': 2}","[1.0, 1.0, 0.5]",3.96
51,"[1, 4, 5]","[3, 3, 2]","[0.58, 0.75, 0.46]","[['D', 'B', 'C', 'A'], ['B', 'C', 'A', 'D'], ['B', 'D', 'A', 'C']]","{'B': 4, 'D': 3, 'A': 2, 'C': 1}","[1.0, 1.0, 0.58]",3.95
51,"[1, 4, 5]","[3, 3, 2]","[0.58, 0.75, 0.46]","[['D', 'B', 'C', 'A'], ['B', 'C', 'A', 'D'], ['B', 'D', 'C', 'A']]","{'B': 4, 'D': 3, 'A': 2, 'C': 1}","[1.0, 1.0, 0.58]",3.95
51,"[1, 4, 5]","[3, 3, 2]","[0.58, 0.75, 0.46]","[['D', 'B', 'C', 'A'], ['B', 'C', 'A', 'D'], ['C', 'B', 'A', 'D']]","{'B': 4, 'A': 2, 'C': 2, 'D': 2}","[1.0, 1.0, 0.5]",3.96
51,"[1, 4, 5]","[3, 3, 2]","[0.58, 0.75, 0.46]","[['D', 'B', 'C', 'A'], ['B', 'C', 'A', 'D'], ['C', 'B', 'D', 'A']]","{'B': 4, 'A': 2, 'C': 2, 'D': 2}","[1.0, 1.0, 0.5]",3.96
51,"[1, 4, 5]","[3, 3, 2]","[0.58, 0.75, 0.46]","[['D', 'B', 'C', 'A'], ['B', 'C', 'A', 'D'], ['C', 'D', 'A', 'B']]","{'B': 3, 'D': 3, 'A': 2, 'C': 2}","[1.0, 1.0, 0.58]",3.95
51,"[1, 4, 5]","[3, 3, 2]","[0.58, 0.75, 0.46]","[['D', 'B', 'C', 'A'], ['B', 'C', 'A', 'D'], ['C', 'D', 'B', 'A']]","{'B': 3, 'D': 3, 'A': 2, 'C': 2}","[1.0, 1.0, 0.58]",3.95
51,"[1, 4, 5]","[3, 3, 2]","[0.58, 0.75, 0.46]","[['D', 'B', 'C', 'A'], ['B', 'C', 'A', 'D'], ['D', 'B', 'A', 'C']]","{'B': 4, 'D': 3, 'A': 2, 'C': 1}","[1.0, 1.0, 0.58]",3.95
51,"[1, 4, 5]","[3, 3, 2]","[0.58, 0.75, 0.46]","[['D', 'B', 'C', 'A'], ['B', 'C', 'A', 'D'], ['D', 'B', 'C', 'A']]","{'B': 4, 'D': 3, 'A': 2, 'C': 1}","[1.0, 1.0, 0.58]",3.95
51,"[1, 4, 5]","[3, 3, 2]","[0.58, 0.75, 0.46]","[['D', 'B', 'C', 'A'], ['B', 'C', 'A', 'D'], ['D', 'C', 'A', 'B']]","{'B': 3, 'D': 3, 'A': 2, 'C': 2}","[1.0, 1.0, 0.58]",3.95
51,"[1, 4, 5]","[3, 3, 2]","[0.58, 0.75, 0.46]","[['D', 'B', 'C', 'A'], ['B', 'C', 'A', 'D'], ['D', 'C', 'B', 'A']]","{'B': 3, 'D': 3, 'A': 2, 'C': 2}","[1.0, 1.0, 0.58]",3.95
51,"[1, 4, 5]","[3, 3, 2]","[0.58, 0.75, 0.46]","[['D', 'B', 'C', 'A'], ['B', 'C', 'D', 'A'], ['B', 'C', 'A', 'D']]","{'B': 4, 'A': 2, 'C': 2, 'D': 2}","[1.0, 1.0, 0.5]",3.96
51,"[1, 4, 5]","[3, 3, 2]","[0.58, 0.75, 0.46]","[['D', 'B', 'C', 'A'], ['B', 'C', 'D', 'A'], ['B', 'C', 'D', 'A']]","{'B': 4, 'A': 2, 'C': 2, 'D': 2}","[1.0, 1.0, 0.5]",3.96
51,"[1, 4, 5]","[3, 3, 2]","[0.58, 0.75, 0.46]","[['D', 'B', 'C', 'A'], ['B', 'C', 'D', 'A'], ['B', 'D', 'A', 'C']]","{'B': 4, 'D': 3, 'A': 2, 'C': 1}","[1.0, 1.0, 0.58]",3.95
51,"[1, 4, 5]","[3, 3, 2]","[0.58, 0.75, 0.46]","[['D', 'B', 'C', 'A'], ['B', 'C', 'D', 'A'], ['B', 'D', 'C', 'A']]","{'B': 4, 'D': 3, 'A': 2, 'C': 1}","[1.0, 1.0, 0.58]",3.95
51,"[1, 4, 5]","[3, 3, 2]","[0.58, 0.75, 0.46]","[['D', 'B', 'C', 'A'], ['B', 'C', 'D', 'A'], ['C', 'B', 'A', 'D']]","{'B': 4, 'A': 2, 'C': 2, 'D': 2}","[1.0, 1.0, 0.5]",3.96
51,"[1, 4, 5]","[3, 3, 2]","[0.58, 0.75, 0.46]","[['D', 'B', 'C', 'A'], ['B', 'C', 'D', 'A'], ['C', 'B', 'D', 'A']]","{'B': 4, 'A': 2, 'C': 2, 'D': 2}","[1.0, 1.0, 0.5]",3.96
51,"[1, 4, 5]","[3, 3, 2]","[0.58, 0.75, 0.46]","[['D', 'B', 'C', 'A'], ['B', 'C', 'D', 'A'], ['C', 'D', 'A', 'B']]","{'B': 3, 'D': 3, 'A': 2, 'C': 2}","[1.0, 1.0, 0.58]",3.95
51,"[1, 4, 5]","[3, 3, 2]","[0.58, 0.75, 0.46]","[['D', 'B', 'C', 'A'], ['B', 'C', 'D', 'A'], ['C', 'D', 'B', 'A']]","{'B': 3, 'D': 3, 'A': 2, 'C': 2}","[1.0, 1.0, 0.58]",3.95
51,"[1, 4, 5]","[3, 3, 2]","[0.58, 0.75, 0.46]","[['D', 'B', 'C', 'A'], ['B', 'C', 'D', 'A'], ['D', 'B', 'A', 'C']]","{'B': 4, 'D': 3, 'A': 2, 'C': 1}","[1.0, 1.0, 0.58]",3.95
51,"[1, 4, 5]","[3, 3, 2]","[0.58, 0.75, 0.46]","[['D', 'B', 'C', 'A'], ['B', 'C', 'D', 'A'], ['D', 'B', 'C', 'A']]","{'B': 4, 'D': 3, 'A': 2, 'C': 1}","[1.0, 1.0, 0.58]",3.95
51,"[1, 4, 5]","[3, 3, 2]","[0.58, 0.75, 0.46]","[['D', 'B', 'C', 'A'], ['B', 'C', 'D', 'A'], ['D', 'C', 'A', 'B']]","{'B': 3, 'D': 3, 'A': 2, 'C': 2}","[1.0, 1.0, 0.58]",3.95
51,"[1, 4, 5]","[3, 3, 2]","[0.58, 0.75, 0.46]","[['D', 'B', 'C', 'A'], ['B', 'C', 'D', 'A'], ['D', 'C', 'B', 'A']]","{'B': 3, 'D': 3, 'A': 2, 'C': 2}","[1.0, 1.0, 0.58]",3.95
51,"[1, 4, 5]","[3, 3, 2]","[0.58, 0.75, 0.46]","[['D', 'B', 'C', 'A'], ['B', 'D', 'A', 'C'], ['B', 'C', 'A', 'D']]","{'B': 4, 'D': 3, 'A': 2, 'C': 1}","[1.0, 1.0, 0.58]",3.95
51,"[1, 4, 5]","[3, 3, 2]","[0.58, 0.75, 0.46]","[['D', 'B', 'C', 'A'], ['B', 'D', 'A', 'C'], ['B', 'C', 'D', 'A']]","{'B': 4, 'D': 3, 'A': 2, 'C': 1}","[1.0, 1.0, 0.58]",3.95
51,"[1, 4, 5]","[3, 3, 2]","[0.58, 0.75, 0.46]","[['D', 'B', 'C', 'A'], ['B', 'D', 'A', 'C'], ['B', 'D', 'A', 'C']]","{'B': 4, 'D': 4, 'A': 2, 'C': 0}","[1.0, 1.0, 0.58]",3.95
51,"[1, 4, 5]","[3, 3, 2]","[0.58, 0.75, 0.46]","[['D', 'B', 'C', 'A'], ['B', 'D', 'A', 'C'], ['B', 'D', 'C', 'A']]","{'B': 4, 'D': 4, 'A': 2, 'C': 0}","[1.0, 1.0, 0.58]",3.95
51,"[1, 4, 5]","[3, 3, 2]","[0.58, 0.75, 0.46]","[['D', 'B', 'C', 'A'], ['B', 'D', 'A', 'C'], ['C', 'B', 'A', 'D']]","{'B': 4, 'D': 3, 'A': 2, 'C': 1}","[1.0, 1.0, 0.58]",3.95
51,"[1, 4, 5]","[3, 3, 2]","[0.58, 0.75, 0.46]","[['D', 'B', 'C', 'A'], ['B', 'D', 'A', 'C'], ['C', 'B', 'D', 'A']]","{'B': 4, 'D': 3, 'A': 2, 'C': 1}","[1.0, 1.0, 0.58]",3.95
51,"[1, 4, 5]","[3, 3, 2]","[0.58, 0.75, 0.46]","[['D', 'B', 'C', 'A'], ['B', 'D', 'A', 'C'], ['C', 'D', 'A', 'B']]","{'D': 4, 'B': 3, 'A': 2, 'C': 1}","[0.67, 0.79, 0.58]",3.58
51,"[1, 4, 5]","[3, 3, 2]","[0.58, 0.75, 0.46]","[['D', 'B', 'C', 'A'], ['B', 'D', 'A', 'C'], ['C', 'D', 'B', 'A']]","{'D': 4, 'B': 3, 'A': 2, 'C': 1}","[0.67, 0.79, 0.58]",3.58
51,"[1, 4, 5]","[3, 3, 2]","[0.58, 0.75, 0.46]","[['D', 'B', 'C', 'A'], ['B', 'D', 'A', 'C'], ['D', 'B', 'A', 'C']]","{'B': 4, 'D': 4, 'A': 2, 'C': 0}","[1.0, 1.0, 0.58]",3.95
51,"[1, 4, 5]","[3, 3, 2]","[0.58, 0.75, 0.46]","[['D', 'B', 'C', 'A'], ['B', 'D', 'A', 'C'], ['D', 'B', 'C', 'A']]","{'B': 4, 'D': 4, 'A': 2, 'C': 0}","[1.0, 1.0, 0.58]",3.95
51,"[1, 4, 5]","[3, 3, 2]","[0.58, 0.75, 0.46]","[['D', 'B', 'C', 'A'], ['B', 'D', 'A', 'C'], ['D', 'C', 'A', 'B']]","{'D': 4, 'B': 3, 'A': 2, 'C': 1}","[0.67, 0.79, 0.58]",3.58
51,"[1, 4, 5]","[3, 3, 2]","[0.58, 0.75, 0.46]","[['D', 'B', 'C', 'A'], ['B', 'D', 'A', 'C'], ['D', 'C', 'B', 'A']]","{'D': 4, 'B': 3, 'A': 2, 'C': 1}","[0.67, 0.79, 0.58]",3.58
51,"[1, 4, 5]","[3, 3, 2]","[0.58, 0.75, 0.46]","[['D', 'B', 'C', 'A'], ['B', 'D', 'C', 'A'], ['B', 'C', 'A', 'D']]","{'B': 4, 'D': 3, 'A': 2, 'C': 1}","[1.0, 1.0, 0.58]",3.95
51,"[1, 4, 5]","[3, 3, 2]","[0.58, 0.75, 0.46]","[['D', 'B', 'C', 'A'], ['B', 'D', 'C', 'A'], ['B', 'C', 'D', 'A']]","{'B': 4, 'D': 3, 'A': 2, 'C': 1}","[1.0, 1.0, 0.58]",3.95
51,"[1, 4, 5]","[3, 3, 2]","[0.58, 0.75, 0.46]","[['D', 'B', 'C', 'A'], ['B', 'D', 'C', 'A'], ['B', 'D', 'A', 'C']]","{'B': 4, 'D': 4, 'A': 2, 'C': 0}","[1.0, 1.0, 0.58]",3.95
51,"[1, 4, 5]","[3, 3, 2]","[0.58, 0.75, 0.46]","[['D', 'B', 'C', 'A'], ['B', 'D', 'C', 'A'], ['B', 'D', 'C', 'A']]","{'B': 4, 'D': 4, 'A': 2, 'C': 0}","[1.0, 1.0, 0.58]",3.95
51,"[1, 4, 5]","[3, 3, 2]","[0.58, 0.75, 0.46]","[['D', 'B', 'C', 'A'], ['B', 'D', 'C', 'A'], ['C', 'B', 'A', 'D']]","{'B': 4, 'D': 3, 'A': 2, 'C': 1}","[1.0, 1.0, 0.58]",3.95
51,"[1, 4, 5]","[3, 3, 2]","[0.58, 0.75, 0.46]","[['D', 'B', 'C', 'A'], ['B', 'D', 'C', 'A'], ['C', 'B', 'D', 'A']]","{'B': 4, 'D': 3, 'A': 2, 'C': 1}","[1.0, 1.0, 0.58]",3.95
51,"[1, 4, 5]","[3, 3, 2]","[0.58, 0.75, 0.46]","[['D', 'B', 'C', 'A'], ['B', 'D', 'C', 'A'], ['C', 'D', 'A', 'B']]","{'D': 4, 'B': 3, 'A': 2, 'C': 1}","[0.67, 0.79, 0.58]",3.58
51,"[1, 4, 5]","[3, 3, 2]","[0.58, 0.75, 0.46]","[['D', 'B', 'C', 'A'], ['B', 'D', 'C', 'A'], ['C', 'D', 'B', 'A']]","{'D': 4, 'B': 3, 'A': 2, 'C': 1}","[0.67, 0.79, 0.58]",3.58
51,"[1, 4, 5]","[3, 3, 2]","[0.58, 0.75, 0.46]","[['D', 'B', 'C', 'A'], ['B', 'D', 'C', 'A'], ['D', 'B', 'A', 'C']]","{'B': 4, 'D': 4, 'A': 2, 'C': 0}","[1.0, 1.0, 0.58]",3.95
51,"[1, 4, 5]","[3, 3, 2]","[0.58, 0.75, 0.46]","[['D', 'B', 'C', 'A'], ['B', 'D', 'C', 'A'], ['D', 'B', 'C', 'A']]","{'B': 4, 'D': 4, 'A': 2, 'C': 0}","[1.0, 1.0, 0.58]",3.95
51,"[1, 4, 5]","[3, 3, 2]","[0.58, 0.75, 0.46]","[['D', 'B', 'C', 'A'], ['B', 'D', 'C', 'A'], ['D', 'C', 'A', 'B']]","{'D': 4, 'B': 3, 'A': 2, 'C': 1}","[0.67, 0.79, 0.58]",3.58
51,"[1, 4, 5]","[3, 3, 2]","[0.58, 0.75, 0.46]","[['D', 'B', 'C', 'A'], ['B', 'D', 'C', 'A'], ['D', 'C', 'B', 'A']]","{'D': 4, 'B': 3, 'A': 2, 'C': 1}","[0.67, 0.79, 0.58]",3.58
51,"[1, 4, 5]","[3, 3, 2]","[0.58, 0.75, 0.46]","[['D', 'B', 'C', 'A'], ['C', 'B', 'A', 'D'], ['B', 'C', 'A', 'D']]","{'B': 4, 'A': 2, 'C': 2, 'D': 2}","[1.0, 1.0, 0.5]",3.96
51,"[1, 4, 5]","[3, 3, 2]","[0.58, 0.75, 0.46]","[['D', 'B', 'C', 'A'], ['C', 'B', 'A', 'D'], ['B', 'C', 'D', 'A']]","{'B': 4, 'A': 2, 'C': 2, 'D': 2}","[1.0, 1.0, 0.5]",3.96
51,"[1, 4, 5]","[3, 3, 2]","[0.58, 0.75, 0.46]","[['D', 'B', 'C', 'A'], ['C', 'B', 'A', 'D'], ['B', 'D', 'A', 'C']]","{'B': 4, 'D': 3, 'A': 2, 'C': 1}","[1.0, 1.0, 0.58]",3.95
51,"[1, 4, 5]","[3, 3, 2]","[0.58, 0.75, 0.46]","[['D', 'B', 'C', 'A'], ['C', 'B', 'A', 'D'], ['B', 'D', 'C', 'A']]","{'B': 4, 'D': 3, 'A': 2, 'C': 1}","[1.0, 1.0, 0.58]",3.95
51,"[1, 4, 5]","[3, 3, 2]","[0.58, 0.75, 0.46]","[['D', 'B', 'C', 'A'], ['C', 'B', 'A', 'D'], ['C', 'B', 'A', 'D']]","{'B': 4, 'A': 2, 'C': 2, 'D': 2}","[1.0, 1.0, 0.5]",3.96
51,"[1, 4, 5]","[3, 3, 2]","[0.58, 0.75, 0.46]","[['D', 'B', 'C', 'A'], ['C', 'B', 'A', 'D'], ['C', 'B', 'D', 'A']]","{'B': 4, 'A': 2, 'C': 2, 'D': 2}","[1.0, 1.0, 0.5]",3.96
51,"[1, 4, 5]","[3, 3, 2]","[0.58, 0.75, 0.46]","[['D', 'B', 'C', 'A'], ['C', 'B', 'A', 'D'], ['C', 'D', 'A', 'B']]","{'B': 3, 'D': 3, 'A': 2, 'C': 2}","[1.0, 1.0, 0.58]",3.95
51,"[1, 4, 5]","[3, 3, 2]","[0.58, 0.75, 0.46]","[['D', 'B', 'C', 'A'], ['C', 'B', 'A', 'D'], ['C', 'D', 'B', 'A']]","{'B': 3, 'D': 3, 'A': 2, 'C': 2}","[1.0, 1.0, 0.58]",3.95
51,"[1, 4, 5]","[3, 3, 2]","[0.58, 0.75, 0.46]","[['D', 'B', 'C', 'A'], ['C', 'B', 'A', 'D'], ['D', 'B', 'A', 'C']]","{'B': 4, 'D': 3, 'A': 2, 'C': 1}","[1.0, 1.0, 0.58]",3.95
51,"[1, 4, 5]","[3, 3, 2]","[0.58, 0.75, 0.46]","[['D', 'B', 'C', 'A'], ['C', 'B', 'A', 'D'], ['D', 'B', 'C', 'A']]","{'B': 4, 'D': 3, 'A': 2, 'C': 1}","[1.0, 1.0, 0.58]",3.95
51,"[1, 4, 5]","[3, 3, 2]","[0.58, 0.75, 0.46]","[['D', 'B', 'C', 'A'], ['C', 'B', 'A', 'D'], ['D', 'C', 'A', 'B']]","{'B': 3, 'D': 3, 'A': 2, 'C': 2}","[1.0, 1.0, 0.58]",3.95
51,"[1, 4, 5]","[3, 3, 2]","[0.58, 0.75, 0.46]","[['D', 'B', 'C', 'A'], ['C', 'B', 'A', 'D'], ['D', 'C', 'B', 'A']]","{'B': 3, 'D': 3, 'A': 2, 'C': 2}","[1.0, 1.0, 0.58]",3.95
51,"[1, 4, 5]","[3, 3, 2]","[0.58, 0.75, 0.46]","[['D', 'B', 'C', 'A'], ['C', 'B', 'D', 'A'], ['B', 'C', 'A', 'D']]","{'B': 4, 'A': 2, 'C': 2, 'D': 2}","[1.0, 1.0, 0.5]",3.96
51,"[1, 4, 5]","[3, 3, 2]","[0.58, 0.75, 0.46]","[['D', 'B', 'C', 'A'], ['C', 'B', 'D', 'A'], ['B', 'C', 'D', 'A']]","{'B': 4, 'A': 2, 'C': 2, 'D': 2}","[1.0, 1.0, 0.5]",3.96
51,"[1, 4, 5]","[3, 3, 2]","[0.58, 0.75, 0.46]","[['D', 'B', 'C', 'A'], ['C', 'B', 'D', 'A'], ['B', 'D', 'A', 'C']]","{'B': 4, 'D': 3, 'A': 2, 'C': 1}","[1.0, 1.0, 0.58]",3.95
51,"[1, 4, 5]","[3, 3, 2]","[0.58, 0.75, 0.46]","[['D', 'B', 'C', 'A'], ['C', 'B', 'D', 'A'], ['B', 'D', 'C', 'A']]","{'B': 4, 'D': 3, 'A': 2, 'C': 1}","[1.0, 1.0, 0.58]",3.95
51,"[1, 4, 5]","[3, 3, 2]","[0.58, 0.75, 0.46]","[['D', 'B', 'C', 'A'], ['C', 'B', 'D', 'A'], ['C', 'B', 'A', 'D']]","{'B': 4, 'A': 2, 'C': 2, 'D': 2}","[1.0, 1.0, 0.5]",3.96
51,"[1, 4, 5]","[3, 3, 2]","[0.58, 0.75, 0.46]","[['D', 'B', 'C', 'A'], ['C', 'B', 'D', 'A'], ['C', 'B', 'D', 'A']]","{'B': 4, 'A': 2, 'C': 2, 'D': 2}","[1.0, 1.0, 0.5]",3.96
51,"[1, 4, 5]","[3, 3, 2]","[0.58, 0.75, 0.46]","[['D', 'B', 'C', 'A'], ['C', 'B', 'D', 'A'], ['C', 'D', 'A', 'B']]","{'B': 3, 'D': 3, 'A': 2, 'C': 2}","[1.0, 1.0, 0.58]",3.95
51,"[1, 4, 5]","[3, 3, 2]","[0.58, 0.75, 0.46]","[['D', 'B', 'C', 'A'], ['C', 'B', 'D', 'A'], ['C', 'D', 'B', 'A']]","{'B': 3, 'D': 3, 'A': 2, 'C': 2}","[1.0, 1.0, 0.58]",3.95
51,"[1, 4, 5]","[3, 3, 2]","[0.58, 0.75, 0.46]","[['D', 'B', 'C', 'A'], ['C', 'B', 'D', 'A'], ['D', 'B', 'A', 'C']]","{'B': 4, 'D': 3, 'A': 2, 'C': 1}","[1.0, 1.0, 0.58]",3.95
51,"[1, 4, 5]","[3, 3, 2]","[0.58, 0.75, 0.46]","[['D', 'B', 'C', 'A'], ['C', 'B', 'D', 'A'], ['D', 'B', 'C', 'A']]","{'B': 4, 'D': 3, 'A': 2, 'C': 1}","[1.0, 1.0, 0.58]",3.95
51,"[1, 4, 5]","[3, 3, 2]","[0.58, 0.75, 0.46]","[['D', 'B', 'C', 'A'], ['C', 'B', 'D', 'A'], ['D', 'C', 'A', 'B']]","{'B': 3, 'D': 3, 'A': 2, 'C': 2}","[1.0, 1.0, 0.58]",3.95
51,"[1, 4, 5]","[3, 3, 2]","[0.58, 0.75, 0.46]","[['D', 'B', 'C', 'A'], ['C', 'B', 'D', 'A'], ['D', 'C', 'B', 'A']]","{'B': 3, 'D': 3, 'A': 2, 'C': 2}","[1.0, 1.0, 0.58]",3.95
51,"[1, 4, 5]","[3, 3, 2]","[0.58, 0.75, 0.46]","[['D', 'B', 'C', 'A'], ['C', 'D', 'A', 'B'], ['B', 'C', 'A', 'D']]","{'B': 3, 'D': 3, 'A': 2, 'C': 2}","[1.0, 1.0, 0.58]",3.95
51,"[1, 4, 5]","[3, 3, 2]","[0.58, 0.75, 0.46]","[['D', 'B', 'C', 'A'], ['C', 'D', 'A', 'B'], ['B', 'C', 'D', 'A']]","{'B': 3, 'D': 3, 'A': 2, 'C': 2}","[1.0, 1.0, 0.58]",3.95
51,"[1, 4, 5]","[3, 3, 2]","[0.58, 0.75, 0.46]","[['D', 'B', 'C', 'A'], ['C', 'D', 'A', 'B'], ['B', 'D', 'A', 'C']]","{'D': 4, 'B': 3, 'A': 2, 'C': 1}","[0.67, 0.79, 0.58]",3.58
51,"[1, 4, 5]","[3, 3, 2]","[0.58, 0.75, 0.46]","[['D', 'B', 'C', 'A'], ['C', 'D', 'A', 'B'], ['B', 'D', 'C', 'A']]","{'D': 4, 'B': 3, 'A': 2, 'C': 1}","[0.67, 0.79, 0.58]",3.58
51,"[1, 4, 5]","[3, 3, 2]","[0.58, 0.75, 0.46]","[['D', 'B', 'C', 'A'], ['C', 'D', 'A', 'B'], ['C', 'B', 'A', 'D']]","{'B': 3, 'D': 3, 'A': 2, 'C': 2}","[1.0, 1.0, 0.58]",3.95
51,"[1, 4, 5]","[3, 3, 2]","[0.58, 0.75, 0.46]","[['D', 'B', 'C', 'A'], ['C', 'D', 'A', 'B'], ['C', 'B', 'D', 'A']]","{'B': 3, 'D': 3, 'A': 2, 'C': 2}","[1.0, 1.0, 0.58]",3.95
51,"[1, 4, 5]","[3, 3, 2]","[0.58, 0.75, 0.46]","[['D', 'B', 'C', 'A'], ['C', 'D', 'A', 'B'], ['D', 'B', 'A', 'C']]","{'D': 4, 'B': 3, 'A': 2, 'C': 1}","[0.67, 0.79, 0.58]",3.58
51,"[1, 4, 5]","[3, 3, 2]","[0.58, 0.75, 0.46]","[['D', 'B', 'C', 'A'], ['C', 'D', 'A', 'B'], ['D', 'B', 'C', 'A']]","{'D': 4, 'B': 3, 'A': 2, 'C': 1}","[0.67, 0.79, 0.58]",3.58
51,"[1, 4, 5]","[3, 3, 2]","[0.58, 0.75, 0.46]","[['D', 'B', 'C', 'A'], ['C', 'D', 'B', 'A'], ['B', 'C', 'A', 'D']]","{'B': 3, 'D': 3, 'A': 2, 'C': 2}","[1.0, 1.0, 0.58]",3.95
51,"[1, 4, 5]","[3, 3, 2]","[0.58, 0.75, 0.46]","[['D', 'B', 'C', 'A'], ['C', 'D', 'B', 'A'], ['B', 'C', 'D', 'A']]","{'B': 3, 'D': 3, 'A': 2, 'C': 2}","[1.0, 1.0, 0.58]",3.95
51,"[1, 4, 5]","[3, 3, 2]","[0.58, 0.75, 0.46]","[['D', 'B', 'C', 'A'], ['C', 'D', 'B', 'A'], ['B', 'D', 'A', 'C']]","{'D': 4, 'B': 3, 'A': 2, 'C': 1}","[0.67, 0.79, 0.58]",3.58
51,"[1, 4, 5]","[3, 3, 2]","[0.58, 0.75, 0.46]","[['D', 'B', 'C', 'A'], ['C', 'D', 'B', 'A'], ['B', 'D', 'C', 'A']]","{'D': 4, 'B': 3, 'A': 2, 'C': 1}","[0.67, 0.79, 0.58]",3.58
51,"[1, 4, 5]","[3, 3, 2]","[0.58, 0.75, 0.46]","[['D', 'B', 'C', 'A'], ['C', 'D', 'B', 'A'], ['C', 'B', 'A', 'D']]","{'B': 3, 'D': 3, 'A': 2, 'C': 2}","[1.0, 1.0, 0.58]",3.95
51,"[1, 4, 5]","[3, 3, 2]","[0.58, 0.75, 0.46]","[['D', 'B', 'C', 'A'], ['C', 'D', 'B', 'A'], ['C', 'B', 'D', 'A']]","{'B': 3, 'D': 3, 'A': 2, 'C': 2}","[1.0, 1.0, 0.58]",3.95
51,"[1, 4, 5]","[3, 3, 2]","[0.58, 0.75, 0.46]","[['D', 'B', 'C', 'A'], ['C', 'D', 'B', 'A'], ['D', 'B', 'A', 'C']]","{'D': 4, 'B': 3, 'A': 2, 'C': 1}","[0.67, 0.79, 0.58]",3.58
51,"[1, 4, 5]","[3, 3, 2]","[0.58, 0.75, 0.46]","[['D', 'B', 'C', 'A'], ['C', 'D', 'B', 'A'], ['D', 'B', 'C', 'A']]","{'D': 4, 'B': 3, 'A': 2, 'C': 1}","[0.67, 0.79, 0.58]",3.58
51,"[1, 4, 5]","[3, 3, 2]","[0.58, 0.75, 0.46]","[['D', 'B', 'C', 'A'], ['D', 'B', 'A', 'C'], ['B', 'C', 'A', 'D']]","{'B': 4, 'D': 3, 'A': 2, 'C': 1}","[1.0, 1.0, 0.58]",3.95
51,"[1, 4, 5]","[3, 3, 2]","[0.58, 0.75, 0.46]","[['D', 'B', 'C', 'A'], ['D', 'B', 'A', 'C'], ['B', 'C', 'D', 'A']]","{'B': 4, 'D': 3, 'A': 2, 'C': 1}","[1.0, 1.0, 0.58]",3.95
51,"[1, 4, 5]","[3, 3, 2]","[0.58, 0.75, 0.46]","[['D', 'B', 'C', 'A'], ['D', 'B', 'A', 'C'], ['B', 'D', 'A', 'C']]","{'B': 4, 'D': 4, 'A': 2, 'C': 0}","[1.0, 1.0, 0.58]",3.95
51,"[1, 4, 5]","[3, 3, 2]","[0.58, 0.75, 0.46]","[['D', 'B', 'C', 'A'], ['D', 'B', 'A', 'C'], ['B', 'D', 'C', 'A']]","{'B': 4, 'D': 4, 'A': 2, 'C': 0}","[1.0, 1.0, 0.58]",3.95
51,"[1, 4, 5]","[3, 3, 2]","[0.58, 0.75, 0.46]","[['D', 'B', 'C', 'A'], ['D', 'B', 'A', 'C'], ['C', 'B', 'A', 'D']]","{'B': 4, 'D': 3, 'A': 2, 'C': 1}","[1.0, 1.0, 0.58]",3.95
51,"[1, 4, 5]","[3, 3, 2]","[0.58, 0.75, 0.46]","[['D', 'B', 'C', 'A'], ['D', 'B', 'A', 'C'], ['C', 'B', 'D', 'A']]","{'B': 4, 'D': 3, 'A': 2, 'C': 1}","[1.0, 1.0, 0.58]",3.95
51,"[1, 4, 5]","[3, 3, 2]","[0.58, 0.75, 0.46]","[['D', 'B', 'C', 'A'], ['D', 'B', 'A', 'C'], ['C', 'D', 'A', 'B']]","{'D': 4, 'B': 3, 'A': 2, 'C': 1}","[0.67, 0.79, 0.58]",3.58
51,"[1, 4, 5]","[3, 3, 2]","[0.58, 0.75, 0.46]","[['D', 'B', 'C', 'A'], ['D', 'B', 'A', 'C'], ['C', 'D', 'B', 'A']]","{'D': 4, 'B': 3, 'A': 2, 'C': 1}","[0.67, 0.79, 0.58]",3.58
51,"[1, 4, 5]","[3, 3, 2]","[0.58, 0.75, 0.46]","[['D', 'B', 'C', 'A'], ['D', 'B', 'A', 'C'], ['D', 'B', 'A', 'C']]","{'B': 4, 'D': 4, 'A': 2, 'C': 0}","[1.0, 1.0, 0.58]",3.95
51,"[1, 4, 5]","[3, 3, 2]","[0.58, 0.75, 0.46]","[['D', 'B', 'C', 'A'], ['D', 'B', 'A', 'C'], ['D', 'B', 'C', 'A']]","{'B': 4, 'D': 4, 'A': 2, 'C': 0}","[1.0, 1.0, 0.58]",3.95
51,"[1, 4, 5]","[3, 3, 2]","[0.58, 0.75, 0.46]","[['D', 'B', 'C', 'A'], ['D', 'B', 'A', 'C'], ['D', 'C', 'A', 'B']]","{'D': 4, 'B': 3, 'A': 2, 'C': 1}","[0.67, 0.79, 0.58]",3.58
51,"[1, 4, 5]","[3, 3, 2]","[0.58, 0.75, 0.46]","[['D', 'B', 'C', 'A'], ['D', 'B', 'A', 'C'], ['D', 'C', 'B', 'A']]","{'D': 4, 'B': 3, 'A': 2, 'C': 1}","[0.67, 0.79, 0.58]",3.58
51,"[1, 4, 5]","[3, 3, 2]","[0.58, 0.75, 0.46]","[['D', 'B', 'C', 'A'], ['D', 'B', 'C', 'A'], ['B', 'C', 'A', 'D']]","{'B': 4, 'D': 3, 'A': 2, 'C': 1}","[1.0, 1.0, 0.58]",3.95
51,"[1, 4, 5]","[3, 3, 2]","[0.58, 0.75, 0.46]","[['D', 'B', 'C', 'A'], ['D', 'B', 'C', 'A'], ['B', 'C', 'D', 'A']]","{'B': 4, 'D': 3, 'A': 2, 'C': 1}","[1.0, 1.0, 0.58]",3.95
51,"[1, 4, 5]","[3, 3, 2]","[0.58, 0.75, 0.46]","[['D', 'B', 'C', 'A'], ['D', 'B', 'C', 'A'], ['B', 'D', 'A', 'C']]","{'B': 4, 'D': 4, 'A': 2, 'C': 0}","[1.0, 1.0, 0.58]",3.95
51,"[1, 4, 5]","[3, 3, 2]","[0.58, 0.75, 0.46]","[['D', 'B', 'C', 'A'], ['D', 'B', 'C', 'A'], ['B', 'D', 'C', 'A']]","{'B': 4, 'D': 4, 'A': 2, 'C': 0}","[1.0, 1.0, 0.58]",3.95
51,"[1, 4, 5]","[3, 3, 2]","[0.58, 0.75, 0.46]","[['D', 'B', 'C', 'A'], ['D', 'B', 'C', 'A'], ['C', 'B', 'A', 'D']]","{'B': 4, 'D': 3, 'A': 2, 'C': 1}","[1.0, 1.0, 0.58]",3.95
51,"[1, 4, 5]","[3, 3, 2]","[0.58, 0.75, 0.46]","[['D', 'B', 'C', 'A'], ['D', 'B', 'C', 'A'], ['C', 'B', 'D', 'A']]","{'B': 4, 'D': 3, 'A': 2, 'C': 1}","[1.0, 1.0, 0.58]",3.95
51,"[1, 4, 5]","[3, 3, 2]","[0.58, 0.75, 0.46]","[['D', 'B', 'C', 'A'], ['D', 'B', 'C', 'A'], ['C', 'D', 'A', 'B']]","{'D': 4, 'B': 3, 'A': 2, 'C': 1}","[0.67, 0.79, 0.58]",3.58
51,"[1, 4, 5]","[3, 3, 2]","[0.58, 0.75, 0.46]","[['D', 'B', 'C', 'A'], ['D', 'B', 'C', 'A'], ['C', 'D', 'B', 'A']]","{'D': 4, 'B': 3, 'A': 2, 'C': 1}","[0.67, 0.79, 0.58]",3.58
51,"[1, 4, 5]","[3, 3, 2]","[0.58, 0.75, 0.46]","[['D', 'B', 'C', 'A'], ['D', 'B', 'C', 'A'], ['D', 'B', 'A', 'C']]","{'B': 4, 'D': 4, 'A': 2, 'C': 0}","[1.0, 1.0, 0.58]",3.95
51,"[1, 4, 5]","[3, 3, 2]","[0.58, 0.75, 0.46]","[['D', 'B', 'C', 'A'], ['D', 'B', 'C', 'A'], ['D', 'B', 'C', 'A']]","{'B': 4, 'D': 4, 'A': 2, 'C': 0}","[1.0, 1.0, 0.58]",3.95
51,"[1, 4, 5]","[3, 3, 2]","[0.58, 0.75, 0.46]","[['D', 'B', 'C', 'A'], ['D', 'B', 'C', 'A'], ['D', 'C', 'A', 'B']]","{'D': 4, 'B': 3, 'A': 2, 'C': 1}","[0.67, 0.79, 0.58]",3.58
51,"[1, 4, 5]","[3, 3, 2]","[0.58, 0.75, 0.46]","[['D', 'B', 'C', 'A'], ['D', 'B', 'C', 'A'], ['D', 'C', 'B', 'A']]","{'D': 4, 'B': 3, 'A': 2, 'C': 1}","[0.67, 0.79, 0.58]",3.58
51,"[1, 4, 5]","[3, 3, 2]","[0.58, 0.75, 0.46]","[['D', 'B', 'C', 'A'], ['D', 'C', 'A', 'B'], ['B', 'C', 'A', 'D']]","{'B': 3, 'D': 3, 'A': 2, 'C': 2}","[1.0, 1.0, 0.58]",3.95
51,"[1, 4, 5]","[3, 3, 2]","[0.58, 0.75, 0.46]","[['D', 'B', 'C', 'A'], ['D', 'C', 'A', 'B'], ['B', 'C', 'D', 'A']]","{'B': 3, 'D': 3, 'A': 2, 'C': 2}","[1.0, 1.0, 0.58]",3.95
51,"[1, 4, 5]","[3, 3, 2]","[0.58, 0.75, 0.46]","[['D', 'B', 'C', 'A'], ['D', 'C', 'A', 'B'], ['B', 'D', 'A', 'C']]","{'D': 4, 'B': 3, 'A': 2, 'C': 1}","[0.67, 0.79, 0.58]",3.58
51,"[1, 4, 5]","[3, 3, 2]","[0.58, 0.75, 0.46]","[['D', 'B', 'C', 'A'], ['D', 'C', 'A', 'B'], ['B', 'D', 'C', 'A']]","{'D': 4, 'B': 3, 'A': 2, 'C': 1}","[0.67, 0.79, 0.58]",3.58
51,"[1, 4, 5]","[3, 3, 2]","[0.58, 0.75, 0.46]","[['D', 'B', 'C', 'A'], ['D', 'C', 'A', 'B'], ['C', 'B', 'A', 'D']]","{'B': 3, 'D': 3, 'A': 2, 'C': 2}","[1.0, 1.0, 0.58]",3.95
51,"[1, 4, 5]","[3, 3, 2]","[0.58, 0.75, 0.46]","[['D', 'B', 'C', 'A'], ['D', 'C', 'A', 'B'], ['C', 'B', 'D', 'A']]","{'B': 3, 'D': 3, 'A': 2, 'C': 2}","[1.0, 1.0, 0.58]",3.95
51,"[1, 4, 5]","[3, 3, 2]","[0.58, 0.75, 0.46]","[['D', 'B', 'C', 'A'], ['D', 'C', 'A', 'B'], ['D', 'B', 'A', 'C']]","{'D': 4, 'B': 3, 'A': 2, 'C': 1}","[0.67, 0.79, 0.58]",3.58
51,"[1, 4, 5]","[3, 3, 2]","[0.58, 0.75, 0.46]","[['D', 'B', 'C', 'A'], ['D', 'C', 'A', 'B'], ['D', 'B', 'C', 'A']]","{'D': 4, 'B': 3, 'A': 2, 'C': 1}","[0.67, 0.79, 0.58]",3.58
51,"[1, 4, 5]","[3, 3, 2]","[0.58, 0.75, 0.46]","[['D', 'B', 'C', 'A'], ['D', 'C', 'B', 'A'], ['B', 'C', 'A', 'D']]","{'B': 3, 'D': 3, 'A': 2, 'C': 2}","[1.0, 1.0, 0.58]",3.95
51,"[1, 4, 5]","[3, 3, 2]","[0.58, 0.75, 0.46]","[['D', 'B', 'C', 'A'], ['D', 'C', 'B', 'A'], ['B', 'C', 'D', 'A']]","{'B': 3, 'D': 3, 'A': 2, 'C': 2}","[1.0, 1.0, 0.58]",3.95
51,"[1, 4, 5]","[3, 3, 2]","[0.58, 0.75, 0.46]","[['D', 'B', 'C', 'A'], ['D', 'C', 'B', 'A'], ['B', 'D', 'A', 'C']]","{'D': 4, 'B': 3, 'A': 2, 'C': 1}","[0.67, 0.79, 0.58]",3.58
51,"[1, 4, 5]","[3, 3, 2]","[0.58, 0.75, 0.46]","[['D', 'B', 'C', 'A'], ['D', 'C', 'B', 'A'], ['B', 'D', 'C', 'A']]","{'D': 4, 'B': 3, 'A': 2, 'C': 1}","[0.67, 0.79, 0.58]",3.58
51,"[1, 4, 5]","[3, 3, 2]","[0.58, 0.75, 0.46]","[['D', 'B', 'C', 'A'], ['D', 'C', 'B', 'A'], ['C', 'B', 'A', 'D']]","{'B': 3, 'D': 3, 'A': 2, 'C': 2}","[1.0, 1.0, 0.58]",3.95
51,"[1, 4, 5]","[3, 3, 2]","[0.58, 0.75, 0.46]","[['D', 'B', 'C', 'A'], ['D', 'C', 'B', 'A'], ['C', 'B', 'D', 'A']]","{'B': 3, 'D': 3, 'A': 2, 'C': 2}","[1.0, 1.0, 0.58]",3.95
51,"[1, 4, 5]","[3, 3, 2]","[0.58, 0.75, 0.46]","[['D', 'B', 'C', 'A'], ['D', 'C', 'B', 'A'], ['D', 'B', 'A', 'C']]","{'D': 4, 'B': 3, 'A': 2, 'C': 1}","[0.67, 0.79, 0.58]",3.58
51,"[1, 4, 5]","[3, 3, 2]","[0.58, 0.75, 0.46]","[['D', 'B', 'C', 'A'], ['D', 'C', 'B', 'A'], ['D', 'B', 'C', 'A']]","{'D': 4, 'B': 3, 'A': 2, 'C': 1}","[0.67, 0.79, 0.58]",3.58
51,"[1, 4, 5]","[3, 3, 2]","[0.58, 0.75, 0.46]","[['D', 'C', 'A', 'B'], ['B', 'C', 'A', 'D'], ['B', 'C', 'A', 'D']]","{'B': 3, 'C': 3, 'A': 2, 'D': 2}","[1.0, 1.0, 0.67]",3.88
51,"[1, 4, 5]","[3, 3, 2]","[0.58, 0.75, 0.46]","[['D', 'C', 'A', 'B'], ['B', 'C', 'A', 'D'], ['B', 'C', 'D', 'A']]","{'B': 3, 'C': 3, 'A': 2, 'D': 2}","[1.0, 1.0, 0.67]",3.88
51,"[1, 4, 5]","[3, 3, 2]","[0.58, 0.75, 0.46]","[['D', 'C', 'A', 'B'], ['B', 'C', 'A', 'D'], ['B', 'D', 'A', 'C']]","{'B': 3, 'D': 3, 'A': 2, 'C': 2}","[1.0, 1.0, 0.58]",3.95
51,"[1, 4, 5]","[3, 3, 2]","[0.58, 0.75, 0.46]","[['D', 'C', 'A', 'B'], ['B', 'C', 'A', 'D'], ['B', 'D', 'C', 'A']]","{'B': 3, 'D': 3, 'A': 2, 'C': 2}","[1.0, 1.0, 0.58]",3.95
51,"[1, 4, 5]","[3, 3, 2]","[0.58, 0.75, 0.46]","[['D', 'C', 'A', 'B'], ['B', 'C', 'A', 'D'], ['C', 'B', 'A', 'D']]","{'B': 3, 'C': 3, 'A': 2, 'D': 2}","[1.0, 1.0, 0.67]",3.88
51,"[1, 4, 5]","[3, 3, 2]","[0.58, 0.75, 0.46]","[['D', 'C', 'A', 'B'], ['B', 'C', 'A', 'D'], ['C', 'B', 'D', 'A']]","{'B': 3, 'C': 3, 'A': 2, 'D': 2}","[1.0, 1.0, 0.67]",3.88
51,"[1, 4, 5]","[3, 3, 2]","[0.58, 0.75, 0.46]","[['D', 'C', 'A', 'B'], ['B', 'C', 'A', 'D'], ['D', 'B', 'A', 'C']]","{'B': 3, 'D': 3, 'A': 2, 'C': 2}","[1.0, 1.0, 0.58]",3.95
51,"[1, 4, 5]","[3, 3, 2]","[0.58, 0.75, 0.46]","[['D', 'C', 'A', 'B'], ['B', 'C', 'A', 'D'], ['D', 'B', 'C', 'A']]","{'B': 3, 'D': 3, 'A': 2, 'C': 2}","[1.0, 1.0, 0.58]",3.95
51,"[1, 4, 5]","[3, 3, 2]","[0.58, 0.75, 0.46]","[['D', 'C', 'A', 'B'], ['B', 'C', 'D', 'A'], ['B', 'C', 'A', 'D']]","{'B': 3, 'C': 3, 'A': 2, 'D': 2}","[1.0, 1.0, 0.67]",3.88
51,"[1, 4, 5]","[3, 3, 2]","[0.58, 0.75, 0.46]","[['D', 'C', 'A', 'B'], ['B', 'C', 'D', 'A'], ['B', 'C', 'D', 'A']]","{'B': 3, 'C': 3, 'A': 2, 'D': 2}","[1.0, 1.0, 0.67]",3.88
51,"[1, 4, 5]","[3, 3, 2]","[0.58, 0.75, 0.46]","[['D', 'C', 'A', 'B'], ['B', 'C', 'D', 'A'], ['B', 'D', 'A', 'C']]","{'B': 3, 'D': 3, 'A': 2, 'C': 2}","[1.0, 1.0, 0.58]",3.95
51,"[1, 4, 5]","[3, 3, 2]","[0.58, 0.75, 0.46]","[['D', 'C', 'A', 'B'], ['B', 'C', 'D', 'A'], ['B', 'D', 'C', 'A']]","{'B': 3, 'D': 3, 'A': 2, 'C': 2}","[1.0, 1.0, 0.58]",3.95
51,"[1, 4, 5]","[3, 3, 2]","[0.58, 0.75, 0.46]","[['D', 'C', 'A', 'B'], ['B', 'C', 'D', 'A'], ['C', 'B', 'A', 'D']]","{'B': 3, 'C': 3, 'A': 2, 'D': 2}","[1.0, 1.0, 0.67]",3.88
51,"[1, 4, 5]","[3, 3, 2]","[0.58, 0.75, 0.46]","[['D', 'C', 'A', 'B'], ['B', 'C', 'D', 'A'], ['C', 'B', 'D', 'A']]","{'B': 3, 'C': 3, 'A': 2, 'D': 2}","[1.0, 1.0, 0.67]",3.88
51,"[1, 4, 5]","[3, 3, 2]","[0.58, 0.75, 0.46]","[['D', 'C', 'A', 'B'], ['B', 'C', 'D', 'A'], ['D', 'B', 'A', 'C']]","{'B': 3, 'D': 3, 'A': 2, 'C': 2}","[1.0, 1.0, 0.58]",3.95
51,"[1, 4, 5]","[3, 3, 2]","[0.58, 0.75, 0.46]","[['D', 'C', 'A', 'B'], ['B', 'C', 'D', 'A'], ['D', 'B', 'C', 'A']]","{'B': 3, 'D': 3, 'A': 2, 'C': 2}","[1.0, 1.0, 0.58]",3.95
51,"[1, 4, 5]","[3, 3, 2]","[0.58, 0.75, 0.46]","[['D', 'C', 'A', 'B'], ['B', 'D', 'A', 'C'], ['B', 'C', 'A', 'D']]","{'B': 3, 'D': 3, 'A': 2, 'C': 2}","[1.0, 1.0, 0.58]",3.95
51,"[1, 4, 5]","[3, 3, 2]","[0.58, 0.75, 0.46]","[['D', 'C', 'A', 'B'], ['B', 'D', 'A', 'C'], ['B', 'C', 'D', 'A']]","{'B': 3, 'D': 3, 'A': 2, 'C': 2}","[1.0, 1.0, 0.58]",3.95
51,"[1, 4, 5]","[3, 3, 2]","[0.58, 0.75, 0.46]","[['D', 'C', 'A', 'B'], ['B', 'D', 'A', 'C'], ['B', 'D', 'A', 'C']]","{'D': 4, 'B': 3, 'A': 2, 'C': 1}","[0.67, 0.79, 0.58]",3.58
51,"[1, 4, 5]","[3, 3, 2]","[0.58, 0.75, 0.46]","[['D', 'C', 'A', 'B'], ['B', 'D', 'A', 'C'], ['B', 'D', 'C', 'A']]","{'D': 4, 'B': 3, 'A': 2, 'C': 1}","[0.67, 0.79, 0.58]",3.58
51,"[1, 4, 5]","[3, 3, 2]","[0.58, 0.75, 0.46]","[['D', 'C', 'A', 'B'], ['B', 'D', 'A', 'C'], ['C', 'B', 'A', 'D']]","{'B': 3, 'D': 3, 'A': 2, 'C': 2}","[1.0, 1.0, 0.58]",3.95
51,"[1, 4, 5]","[3, 3, 2]","[0.58, 0.75, 0.46]","[['D', 'C', 'A', 'B'], ['B', 'D', 'A', 'C'], ['C', 'B', 'D', 'A']]","{'B': 3, 'D': 3, 'A': 2, 'C': 2}","[1.0, 1.0, 0.58]",3.95
51,"[1, 4, 5]","[3, 3, 2]","[0.58, 0.75, 0.46]","[['D', 'C', 'A', 'B'], ['B', 'D', 'A', 'C'], ['D', 'B', 'A', 'C']]","{'D': 4, 'B': 3, 'A': 2, 'C': 1}","[0.67, 0.79, 0.58]",3.58
51,"[1, 4, 5]","[3, 3, 2]","[0.58, 0.75, 0.46]","[['D', 'C', 'A', 'B'], ['B', 'D', 'A', 'C'], ['D', 'B', 'C', 'A']]","{'D': 4, 'B': 3, 'A': 2, 'C': 1}","[0.67, 0.79, 0.58]",3.58
51,"[1, 4, 5]","[3, 3, 2]","[0.58, 0.75, 0.46]","[['D', 'C', 'A', 'B'], ['B', 'D', 'C', 'A'], ['B', 'C', 'A', 'D']]","{'B': 3, 'D': 3, 'A': 2, 'C': 2}","[1.0, 1.0, 0.58]",3.95
51,"[1, 4, 5]","[3, 3, 2]","[0.58, 0.75, 0.46]","[['D', 'C', 'A', 'B'], ['B', 'D', 'C', 'A'], ['B', 'C', 'D', 'A']]","{'B': 3, 'D': 3, 'A': 2, 'C': 2}","[1.0, 1.0, 0.58]",3.95
51,"[1, 4, 5]","[3, 3, 2]","[0.58, 0.75, 0.46]","[['D', 'C', 'A', 'B'], ['B', 'D', 'C', 'A'], ['B', 'D', 'A', 'C']]","{'D': 4, 'B': 3, 'A': 2, 'C': 1}","[0.67, 0.79, 0.58]",3.58
51,"[1, 4, 5]","[3, 3, 2]","[0.58, 0.75, 0.46]","[['D', 'C', 'A', 'B'], ['B', 'D', 'C', 'A'], ['B', 'D', 'C', 'A']]","{'D': 4, 'B': 3, 'A': 2, 'C': 1}","[0.67, 0.79, 0.58]",3.58
51,"[1, 4, 5]","[3, 3, 2]","[0.58, 0.75, 0.46]","[['D', 'C', 'A', 'B'], ['B', 'D', 'C', 'A'], ['C', 'B', 'A', 'D']]","{'B': 3, 'D': 3, 'A': 2, 'C': 2}","[1.0, 1.0, 0.58]",3.95
51,"[1, 4, 5]","[3, 3, 2]","[0.58, 0.75, 0.46]","[['D', 'C', 'A', 'B'], ['B', 'D', 'C', 'A'], ['C', 'B', 'D', 'A']]","{'B': 3, 'D': 3, 'A': 2, 'C': 2}","[1.0, 1.0, 0.58]",3.95
51,"[1, 4, 5]","[3, 3, 2]","[0.58, 0.75, 0.46]","[['D', 'C', 'A', 'B'], ['B', 'D', 'C', 'A'], ['D', 'B', 'A', 'C']]","{'D': 4, 'B': 3, 'A': 2, 'C': 1}","[0.67, 0.79, 0.58]",3.58
51,"[1, 4, 5]","[3, 3, 2]","[0.58, 0.75, 0.46]","[['D', 'C', 'A', 'B'], ['B', 'D', 'C', 'A'], ['D', 'B', 'C', 'A']]","{'D': 4, 'B': 3, 'A': 2, 'C': 1}","[0.67, 0.79, 0.58]",3.58
51,"[1, 4, 5]","[3, 3, 2]","[0.58, 0.75, 0.46]","[['D', 'C', 'A', 'B'], ['C', 'B', 'A', 'D'], ['B', 'C', 'A', 'D']]","{'B': 3, 'C': 3, 'A': 2, 'D': 2}","[1.0, 1.0, 0.67]",3.88
51,"[1, 4, 5]","[3, 3, 2]","[0.58, 0.75, 0.46]","[['D', 'C', 'A', 'B'], ['C', 'B', 'A', 'D'], ['B', 'C', 'D', 'A']]","{'B': 3, 'C': 3, 'A': 2, 'D': 2}","[1.0, 1.0, 0.67]",3.88
51,"[1, 4, 5]","[3, 3, 2]","[0.58, 0.75, 0.46]","[['D', 'C', 'A', 'B'], ['C', 'B', 'A', 'D'], ['B', 'D', 'A', 'C']]","{'B': 3, 'D': 3, 'A': 2, 'C': 2}","[1.0, 1.0, 0.58]",3.95
51,"[1, 4, 5]","[3, 3, 2]","[0.58, 0.75, 0.46]","[['D', 'C', 'A', 'B'], ['C', 'B', 'A', 'D'], ['B', 'D', 'C', 'A']]","{'B': 3, 'D': 3, 'A': 2, 'C': 2}","[1.0, 1.0, 0.58]",3.95
51,"[1, 4, 5]","[3, 3, 2]","[0.58, 0.75, 0.46]","[['D', 'C', 'A', 'B'], ['C', 'B', 'A', 'D'], ['C', 'B', 'A', 'D']]","{'B': 3, 'C': 3, 'A': 2, 'D': 2}","[1.0, 1.0, 0.67]",3.88
51,"[1, 4, 5]","[3, 3, 2]","[0.58, 0.75, 0.46]","[['D', 'C', 'A', 'B'], ['C', 'B', 'A', 'D'], ['C', 'B', 'D', 'A']]","{'B': 3, 'C': 3, 'A': 2, 'D': 2}","[1.0, 1.0, 0.67]",3.88
51,"[1, 4, 5]","[3, 3, 2]","[0.58, 0.75, 0.46]","[['D', 'C', 'A', 'B'], ['C', 'B', 'A', 'D'], ['D', 'B', 'A', 'C']]","{'B': 3, 'D': 3, 'A': 2, 'C': 2}","[1.0, 1.0, 0.58]",3.95
51,"[1, 4, 5]","[3, 3, 2]","[0.58, 0.75, 0.46]","[['D', 'C', 'A', 'B'], ['C', 'B', 'A', 'D'], ['D', 'B', 'C', 'A']]","{'B': 3, 'D': 3, 'A': 2, 'C': 2}","[1.0, 1.0, 0.58]",3.95
51,"[1, 4, 5]","[3, 3, 2]","[0.58, 0.75, 0.46]","[['D', 'C', 'A', 'B'], ['C', 'B', 'D', 'A'], ['B', 'C', 'A', 'D']]","{'B': 3, 'C': 3, 'A': 2, 'D': 2}","[1.0, 1.0, 0.67]",3.88
51,"[1, 4, 5]","[3, 3, 2]","[0.58, 0.75, 0.46]","[['D', 'C', 'A', 'B'], ['C', 'B', 'D', 'A'], ['B', 'C', 'D', 'A']]","{'B': 3, 'C': 3, 'A': 2, 'D': 2}","[1.0, 1.0, 0.67]",3.88
51,"[1, 4, 5]","[3, 3, 2]","[0.58, 0.75, 0.46]","[['D', 'C', 'A', 'B'], ['C', 'B', 'D', 'A'], ['B', 'D', 'A', 'C']]","{'B': 3, 'D': 3, 'A': 2, 'C': 2}","[1.0, 1.0, 0.58]",3.95
51,"[1, 4, 5]","[3, 3, 2]","[0.58, 0.75, 0.46]","[['D', 'C', 'A', 'B'], ['C', 'B', 'D', 'A'], ['B', 'D', 'C', 'A']]","{'B': 3, 'D': 3, 'A': 2, 'C': 2}","[1.0, 1.0, 0.58]",3.95
51,"[1, 4, 5]","[3, 3, 2]","[0.58, 0.75, 0.46]","[['D', 'C', 'A', 'B'], ['C', 'B', 'D', 'A'], ['C', 'B', 'A', 'D']]","{'B': 3, 'C': 3, 'A': 2, 'D': 2}","[1.0, 1.0, 0.67]",3.88
51,"[1, 4, 5]","[3, 3, 2]","[0.58, 0.75, 0.46]","[['D', 'C', 'A', 'B'], ['C', 'B', 'D', 'A'], ['C', 'B', 'D', 'A']]","{'B': 3, 'C': 3, 'A': 2, 'D': 2}","[1.0, 1.0, 0.67]",3.88
51,"[1, 4, 5]","[3, 3, 2]","[0.58, 0.75, 0.46]","[['D', 'C', 'A', 'B'], ['C', 'B', 'D', 'A'], ['D', 'B', 'A', 'C']]","{'B': 3, 'D': 3, 'A': 2, 'C': 2}","[1.0, 1.0, 0.58]",3.95
51,"[1, 4, 5]","[3, 3, 2]","[0.58, 0.75, 0.46]","[['D', 'C', 'A', 'B'], ['C', 'B', 'D', 'A'], ['D', 'B', 'C', 'A']]","{'B': 3, 'D': 3, 'A': 2, 'C': 2}","[1.0, 1.0, 0.58]",3.95
51,"[1, 4, 5]","[3, 3, 2]","[0.58, 0.75, 0.46]","[['D', 'C', 'A', 'B'], ['D', 'B', 'A', 'C'], ['B', 'C', 'A', 'D']]","{'B': 3, 'D': 3, 'A': 2, 'C': 2}","[1.0, 1.0, 0.58]",3.95
51,"[1, 4, 5]","[3, 3, 2]","[0.58, 0.75, 0.46]","[['D', 'C', 'A', 'B'], ['D', 'B', 'A', 'C'], ['B', 'C', 'D', 'A']]","{'B': 3, 'D': 3, 'A': 2, 'C': 2}","[1.0, 1.0, 0.58]",3.95
51,"[1, 4, 5]","[3, 3, 2]","[0.58, 0.75, 0.46]","[['D', 'C', 'A', 'B'], ['D', 'B', 'A', 'C'], ['B', 'D', 'A', 'C']]","{'D': 4, 'B': 3, 'A': 2, 'C': 1}","[0.67, 0.79, 0.58]",3.58
51,"[1, 4, 5]","[3, 3, 2]","[0.58, 0.75, 0.46]","[['D', 'C', 'A', 'B'], ['D', 'B', 'A', 'C'], ['B', 'D', 'C', 'A']]","{'D': 4, 'B': 3, 'A': 2, 'C': 1}","[0.67, 0.79, 0.58]",3.58
51,"[1, 4, 5]","[3, 3, 2]","[0.58, 0.75, 0.46]","[['D', 'C', 'A', 'B'], ['D', 'B', 'A', 'C'], ['C', 'B', 'A', 'D']]","{'B': 3, 'D': 3, 'A': 2, 'C': 2}","[1.0, 1.0, 0.58]",3.95
51,"[1, 4, 5]","[3, 3, 2]","[0.58, 0.75, 0.46]","[['D', 'C', 'A', 'B'], ['D', 'B', 'A', 'C'], ['C', 'B', 'D', 'A']]","{'B': 3, 'D': 3, 'A': 2, 'C': 2}","[1.0, 1.0, 0.58]",3.95
51,"[1, 4, 5]","[3, 3, 2]","[0.58, 0.75, 0.46]","[['D', 'C', 'A', 'B'], ['D', 'B', 'A', 'C'], ['D', 'B', 'A', 'C']]","{'D': 4, 'B': 3, 'A': 2, 'C': 1}","[0.67, 0.79, 0.58]",3.58
51,"[1, 4, 5]","[3, 3, 2]","[0.58, 0.75, 0.46]","[['D', 'C', 'A', 'B'], ['D', 'B', 'A', 'C'], ['D', 'B', 'C', 'A']]","{'D': 4, 'B': 3, 'A': 2, 'C': 1}","[0.67, 0.79, 0.58]",3.58
51,"[1, 4, 5]","[3, 3, 2]","[0.58, 0.75, 0.46]","[['D', 'C', 'A', 'B'], ['D', 'B', 'C', 'A'], ['B', 'C', 'A', 'D']]","{'B': 3, 'D': 3, 'A': 2, 'C': 2}","[1.0, 1.0, 0.58]",3.95
51,"[1, 4, 5]","[3, 3, 2]","[0.58, 0.75, 0.46]","[['D', 'C', 'A', 'B'], ['D', 'B', 'C', 'A'], ['B', 'C', 'D', 'A']]","{'B': 3, 'D': 3, 'A': 2, 'C': 2}","[1.0, 1.0, 0.58]",3.95
51,"[1, 4, 5]","[3, 3, 2]","[0.58, 0.75, 0.46]","[['D', 'C', 'A', 'B'], ['D', 'B', 'C', 'A'], ['B', 'D', 'A', 'C']]","{'D': 4, 'B': 3, 'A': 2, 'C': 1}","[0.67, 0.79, 0.58]",3.58
51,"[1, 4, 5]","[3, 3, 2]","[0.58, 0.75, 0.46]","[['D', 'C', 'A', 'B'], ['D', 'B', 'C', 'A'], ['B', 'D', 'C', 'A']]","{'D': 4, 'B': 3, 'A': 2, 'C': 1}","[0.67, 0.79, 0.58]",3.58
51,"[1, 4, 5]","[3, 3, 2]","[0.58, 0.75, 0.46]","[['D', 'C', 'A', 'B'], ['D', 'B', 'C', 'A'], ['C', 'B', 'A', 'D']]","{'B': 3, 'D': 3, 'A': 2, 'C': 2}","[1.0, 1.0, 0.58]",3.95
51,"[1, 4, 5]","[3, 3, 2]","[0.58, 0.75, 0.46]","[['D', 'C', 'A', 'B'], ['D', 'B', 'C', 'A'], ['C', 'B', 'D', 'A']]","{'B': 3, 'D': 3, 'A': 2, 'C': 2}","[1.0, 1.0, 0.58]",3.95
51,"[1, 4, 5]","[3, 3, 2]","[0.58, 0.75, 0.46]","[['D', 'C', 'A', 'B'], ['D', 'B', 'C', 'A'], ['D', 'B', 'A', 'C']]","{'D': 4, 'B': 3, 'A': 2, 'C': 1}","[0.67, 0.79, 0.58]",3.58
51,"[1, 4, 5]","[3, 3, 2]","[0.58, 0.75, 0.46]","[['D', 'C', 'A', 'B'], ['D', 'B', 'C', 'A'], ['D', 'B', 'C', 'A']]","{'D': 4, 'B': 3, 'A': 2, 'C': 1}","[0.67, 0.79, 0.58]",3.58
51,"[1, 4, 5]","[3, 3, 2]","[0.58, 0.75, 0.46]","[['D', 'C', 'B', 'A'], ['B', 'C', 'A', 'D'], ['B', 'C', 'A', 'D']]","{'B': 3, 'C': 3, 'A': 2, 'D': 2}","[1.0, 1.0, 0.67]",3.88
51,"[1, 4, 5]","[3, 3, 2]","[0.58, 0.75, 0.46]","[['D', 'C', 'B', 'A'], ['B', 'C', 'A', 'D'], ['B', 'C', 'D', 'A']]","{'B': 3, 'C': 3, 'A': 2, 'D': 2}","[1.0, 1.0, 0.67]",3.88
51,"[1, 4, 5]","[3, 3, 2]","[0.58, 0.75, 0.46]","[['D', 'C', 'B', 'A'], ['B', 'C', 'A', 'D'], ['B', 'D', 'A', 'C']]","{'B': 3, 'D': 3, 'A': 2, 'C': 2}","[1.0, 1.0, 0.58]",3.95
51,"[1, 4, 5]","[3, 3, 2]","[0.58, 0.75, 0.46]","[['D', 'C', 'B', 'A'], ['B', 'C', 'A', 'D'], ['B', 'D', 'C', 'A']]","{'B': 3, 'D': 3, 'A': 2, 'C': 2}","[1.0, 1.0, 0.58]",3.95
51,"[1, 4, 5]","[3, 3, 2]","[0.58, 0.75, 0.46]","[['D', 'C', 'B', 'A'], ['B', 'C', 'A', 'D'], ['C', 'B', 'A', 'D']]","{'B': 3, 'C': 3, 'A': 2, 'D': 2}","[1.0, 1.0, 0.67]",3.88
51,"[1, 4, 5]","[3, 3, 2]","[0.58, 0.75, 0.46]","[['D', 'C', 'B', 'A'], ['B', 'C', 'A', 'D'], ['C', 'B', 'D', 'A']]","{'B': 3, 'C': 3, 'A': 2, 'D': 2}","[1.0, 1.0, 0.67]",3.88
51,"[1, 4, 5]","[3, 3, 2]","[0.58, 0.75, 0.46]","[['D', 'C', 'B', 'A'], ['B', 'C', 'A', 'D'], ['D', 'B', 'A', 'C']]","{'B': 3, 'D': 3, 'A': 2, 'C': 2}","[1.0, 1.0, 0.58]",3.95
51,"[1, 4, 5]","[3, 3, 2]","[0.58, 0.75, 0.46]","[['D', 'C', 'B', 'A'], ['B', 'C', 'A', 'D'], ['D', 'B', 'C', 'A']]","{'B': 3, 'D': 3, 'A': 2, 'C': 2}","[1.0, 1.0, 0.58]",3.95
51,"[1, 4, 5]","[3, 3, 2]","[0.58, 0.75, 0.46]","[['D', 'C', 'B', 'A'], ['B', 'C', 'D', 'A'], ['B', 'C', 'A', 'D']]","{'B': 3, 'C': 3, 'A': 2, 'D': 2}","[1.0, 1.0, 0.67]",3.88
51,"[1, 4, 5]","[3, 3, 2]","[0.58, 0.75, 0.46]","[['D', 'C', 'B', 'A'], ['B', 'C', 'D', 'A'], ['B', 'C', 'D', 'A']]","{'B': 3, 'C': 3, 'A': 2, 'D': 2}","[1.0, 1.0, 0.67]",3.88
51,"[1, 4, 5]","[3, 3, 2]","[0.58, 0.75, 0.46]","[['D', 'C', 'B', 'A'], ['B', 'C', 'D', 'A'], ['B', 'D', 'A', 'C']]","{'B': 3, 'D': 3, 'A': 2, 'C': 2}","[1.0, 1.0, 0.58]",3.95
51,"[1, 4, 5]","[3, 3, 2]","[0.58, 0.75, 0.46]","[['D', 'C', 'B', 'A'], ['B', 'C', 'D', 'A'], ['B', 'D', 'C', 'A']]","{'B': 3, 'D': 3, 'A': 2, 'C': 2}","[1.0, 1.0, 0.58]",3.95
51,"[1, 4, 5]","[3, 3, 2]","[0.58, 0.75, 0.46]","[['D', 'C', 'B', 'A'], ['B', 'C', 'D', 'A'], ['C', 'B', 'A', 'D']]","{'B': 3, 'C': 3, 'A': 2, 'D': 2}","[1.0, 1.0, 0.67]",3.88
51,"[1, 4, 5]","[3, 3, 2]","[0.58, 0.75, 0.46]","[['D', 'C', 'B', 'A'], ['B', 'C', 'D', 'A'], ['C', 'B', 'D', 'A']]","{'B': 3, 'C': 3, 'A': 2, 'D': 2}","[1.0, 1.0, 0.67]",3.88
51,"[1, 4, 5]","[3, 3, 2]","[0.58, 0.75, 0.46]","[['D', 'C', 'B', 'A'], ['B', 'C', 'D', 'A'], ['D', 'B', 'A', 'C']]","{'B': 3, 'D': 3, 'A': 2, 'C': 2}","[1.0, 1.0, 0.58]",3.95
51,"[1, 4, 5]","[3, 3, 2]","[0.58, 0.75, 0.46]","[['D', 'C', 'B', 'A'], ['B', 'C', 'D', 'A'], ['D', 'B', 'C', 'A']]","{'B': 3, 'D': 3, 'A': 2, 'C': 2}","[1.0, 1.0, 0.58]",3.95
51,"[1, 4, 5]","[3, 3, 2]","[0.58, 0.75, 0.46]","[['D', 'C', 'B', 'A'], ['B', 'D', 'A', 'C'], ['B', 'C', 'A', 'D']]","{'B': 3, 'D': 3, 'A': 2, 'C': 2}","[1.0, 1.0, 0.58]",3.95
51,"[1, 4, 5]","[3, 3, 2]","[0.58, 0.75, 0.46]","[['D', 'C', 'B', 'A'], ['B', 'D', 'A', 'C'], ['B', 'C', 'D', 'A']]","{'B': 3, 'D': 3, 'A': 2, 'C': 2}","[1.0, 1.0, 0.58]",3.95
51,"[1, 4, 5]","[3, 3, 2]","[0.58, 0.75, 0.46]","[['D', 'C', 'B', 'A'], ['B', 'D', 'A', 'C'], ['B', 'D', 'A', 'C']]","{'D': 4, 'B': 3, 'A': 2, 'C': 1}","[0.67, 0.79, 0.58]",3.58
51,"[1, 4, 5]","[3, 3, 2]","[0.58, 0.75, 0.46]","[['D', 'C', 'B', 'A'], ['B', 'D', 'A', 'C'], ['B', 'D', 'C', 'A']]","{'D': 4, 'B': 3, 'A': 2, 'C': 1}","[0.67, 0.79, 0.58]",3.58
51,"[1, 4, 5]","[3, 3, 2]","[0.58, 0.75, 0.46]","[['D', 'C', 'B', 'A'], ['B', 'D', 'A', 'C'], ['C', 'B', 'A', 'D']]","{'B': 3, 'D': 3, 'A': 2, 'C': 2}","[1.0, 1.0, 0.58]",3.95
51,"[1, 4, 5]","[3, 3, 2]","[0.58, 0.75, 0.46]","[['D', 'C', 'B', 'A'], ['B', 'D', 'A', 'C'], ['C', 'B', 'D', 'A']]","{'B': 3, 'D': 3, 'A': 2, 'C': 2}","[1.0, 1.0, 0.58]",3.95
51,"[1, 4, 5]","[3, 3, 2]","[0.58, 0.75, 0.46]","[['D', 'C', 'B', 'A'], ['B', 'D', 'A', 'C'], ['D', 'B', 'A', 'C']]","{'D': 4, 'B': 3, 'A': 2, 'C': 1}","[0.67, 0.79, 0.58]",3.58
51,"[1, 4, 5]","[3, 3, 2]","[0.58, 0.75, 0.46]","[['D', 'C', 'B', 'A'], ['B', 'D', 'A', 'C'], ['D', 'B', 'C', 'A']]","{'D': 4, 'B': 3, 'A': 2, 'C': 1}","[0.67, 0.79, 0.58]",3.58
51,"[1, 4, 5]","[3, 3, 2]","[0.58, 0.75, 0.46]","[['D', 'C', 'B', 'A'], ['B', 'D', 'C', 'A'], ['B', 'C', 'A', 'D']]","{'B': 3, 'D': 3, 'A': 2, 'C': 2}","[1.0, 1.0, 0.58]",3.95
51,"[1, 4, 5]","[3, 3, 2]","[0.58, 0.75, 0.46]","[['D', 'C', 'B', 'A'], ['B', 'D', 'C', 'A'], ['B', 'C', 'D', 'A']]","{'B': 3, 'D': 3, 'A': 2, 'C': 2}","[1.0, 1.0, 0.58]",3.95
51,"[1, 4, 5]","[3, 3, 2]","[0.58, 0.75, 0.46]","[['D', 'C', 'B', 'A'], ['B', 'D', 'C', 'A'], ['B', 'D', 'A', 'C']]","{'D': 4, 'B': 3, 'A': 2, 'C': 1}","[0.67, 0.79, 0.58]",3.58
51,"[1, 4, 5]","[3, 3, 2]","[0.58, 0.75, 0.46]","[['D', 'C', 'B', 'A'], ['B', 'D', 'C', 'A'], ['B', 'D', 'C', 'A']]","{'D': 4, 'B': 3, 'A': 2, 'C': 1}","[0.67, 0.79, 0.58]",3.58
51,"[1, 4, 5]","[3, 3, 2]","[0.58, 0.75, 0.46]","[['D', 'C', 'B', 'A'], ['B', 'D', 'C', 'A'], ['C', 'B', 'A', 'D']]","{'B': 3, 'D': 3, 'A': 2, 'C': 2}","[1.0, 1.0, 0.58]",3.95
51,"[1, 4, 5]","[3, 3, 2]","[0.58, 0.75, 0.46]","[['D', 'C', 'B', 'A'], ['B', 'D', 'C', 'A'], ['C', 'B', 'D', 'A']]","{'B': 3, 'D': 3, 'A': 2, 'C': 2}","[1.0, 1.0, 0.58]",3.95
51,"[1, 4, 5]","[3, 3, 2]","[0.58, 0.75, 0.46]","[['D', 'C', 'B', 'A'], ['B', 'D', 'C', 'A'], ['D', 'B', 'A', 'C']]","{'D': 4, 'B': 3, 'A': 2, 'C': 1}","[0.67, 0.79, 0.58]",3.58
51,"[1, 4, 5]","[3, 3, 2]","[0.58, 0.75, 0.46]","[['D', 'C', 'B', 'A'], ['B', 'D', 'C', 'A'], ['D', 'B', 'C', 'A']]","{'D': 4, 'B': 3, 'A': 2, 'C': 1}","[0.67, 0.79, 0.58]",3.58
51,"[1, 4, 5]","[3, 3, 2]","[0.58, 0.75, 0.46]","[['D', 'C', 'B', 'A'], ['C', 'B', 'A', 'D'], ['B', 'C', 'A', 'D']]","{'B': 3, 'C': 3, 'A': 2, 'D': 2}","[1.0, 1.0, 0.67]",3.88
51,"[1, 4, 5]","[3, 3, 2]","[0.58, 0.75, 0.46]","[['D', 'C', 'B', 'A'], ['C', 'B', 'A', 'D'], ['B', 'C', 'D', 'A']]","{'B': 3, 'C': 3, 'A': 2, 'D': 2}","[1.0, 1.0, 0.67]",3.88
51,"[1, 4, 5]","[3, 3, 2]","[0.58, 0.75, 0.46]","[['D', 'C', 'B', 'A'], ['C', 'B', 'A', 'D'], ['B', 'D', 'A', 'C']]","{'B': 3, 'D': 3, 'A': 2, 'C': 2}","[1.0, 1.0, 0.58]",3.95
51,"[1, 4, 5]","[3, 3, 2]","[0.58, 0.75, 0.46]","[['D', 'C', 'B', 'A'], ['C', 'B', 'A', 'D'], ['B', 'D', 'C', 'A']]","{'B': 3, 'D': 3, 'A': 2, 'C': 2}","[1.0, 1.0, 0.58]",3.95
51,"[1, 4, 5]","[3, 3, 2]","[0.58, 0.75, 0.46]","[['D', 'C', 'B', 'A'], ['C', 'B', 'A', 'D'], ['C', 'B', 'A', 'D']]","{'B': 3, 'C': 3, 'A': 2, 'D': 2}","[1.0, 1.0, 0.67]",3.88
51,"[1, 4, 5]","[3, 3, 2]","[0.58, 0.75, 0.46]","[['D', 'C', 'B', 'A'], ['C', 'B', 'A', 'D'], ['C', 'B', 'D', 'A']]","{'B': 3, 'C': 3, 'A': 2, 'D': 2}","[1.0, 1.0, 0.67]",3.88
51,"[1, 4, 5]","[3, 3, 2]","[0.58, 0.75, 0.46]","[['D', 'C', 'B', 'A'], ['C', 'B', 'A', 'D'], ['D', 'B', 'A', 'C']]","{'B': 3, 'D': 3, 'A': 2, 'C': 2}","[1.0, 1.0, 0.58]",3.95
51,"[1, 4, 5]","[3, 3, 2]","[0.58, 0.75, 0.46]","[['D', 'C', 'B', 'A'], ['C', 'B', 'A', 'D'], ['D', 'B', 'C', 'A']]","{'B': 3, 'D': 3, 'A': 2, 'C': 2}","[1.0, 1.0, 0.58]",3.95
51,"[1, 4, 5]","[3, 3, 2]","[0.58, 0.75, 0.46]","[['D', 'C', 'B', 'A'], ['C', 'B', 'D', 'A'], ['B', 'C', 'A', 'D']]","{'B': 3, 'C': 3, 'A': 2, 'D': 2}","[1.0, 1.0, 0.67]",3.88
51,"[1, 4, 5]","[3, 3, 2]","[0.58, 0.75, 0.46]","[['D', 'C', 'B', 'A'], ['C', 'B', 'D', 'A'], ['B', 'C', 'D', 'A']]","{'B': 3, 'C': 3, 'A': 2, 'D': 2}","[1.0, 1.0, 0.67]",3.88
51,"[1, 4, 5]","[3, 3, 2]","[0.58, 0.75, 0.46]","[['D', 'C', 'B', 'A'], ['C', 'B', 'D', 'A'], ['B', 'D', 'A', 'C']]","{'B': 3, 'D': 3, 'A': 2, 'C': 2}","[1.0, 1.0, 0.58]",3.95
51,"[1, 4, 5]","[3, 3, 2]","[0.58, 0.75, 0.46]","[['D', 'C', 'B', 'A'], ['C', 'B', 'D', 'A'], ['B', 'D', 'C', 'A']]","{'B': 3, 'D': 3, 'A': 2, 'C': 2}","[1.0, 1.0, 0.58]",3.95
51,"[1, 4, 5]","[3, 3, 2]","[0.58, 0.75, 0.46]","[['D', 'C', 'B', 'A'], ['C', 'B', 'D', 'A'], ['C', 'B', 'A', 'D']]","{'B': 3, 'C': 3, 'A': 2, 'D': 2}","[1.0, 1.0, 0.67]",3.88
51,"[1, 4, 5]","[3, 3, 2]","[0.58, 0.75, 0.46]","[['D', 'C', 'B', 'A'], ['C', 'B', 'D', 'A'], ['C', 'B', 'D', 'A']]","{'B': 3, 'C': 3, 'A': 2, 'D': 2}","[1.0, 1.0, 0.67]",3.88
51,"[1, 4, 5]","[3, 3, 2]","[0.58, 0.75, 0.46]","[['D', 'C', 'B', 'A'], ['C', 'B', 'D', 'A'], ['D', 'B', 'A', 'C']]","{'B': 3, 'D': 3, 'A': 2, 'C': 2}","[1.0, 1.0, 0.58]",3.95
51,"[1, 4, 5]","[3, 3, 2]","[0.58, 0.75, 0.46]","[['D', 'C', 'B', 'A'], ['C', 'B', 'D', 'A'], ['D', 'B', 'C', 'A']]","{'B': 3, 'D': 3, 'A': 2, 'C': 2}","[1.0, 1.0, 0.58]",3.95
51,"[1, 4, 5]","[3, 3, 2]","[0.58, 0.75, 0.46]","[['D', 'C', 'B', 'A'], ['D', 'B', 'A', 'C'], ['B', 'C', 'A', 'D']]","{'B': 3, 'D': 3, 'A': 2, 'C': 2}","[1.0, 1.0, 0.58]",3.95
51,"[1, 4, 5]","[3, 3, 2]","[0.58, 0.75, 0.46]","[['D', 'C', 'B', 'A'], ['D', 'B', 'A', 'C'], ['B', 'C', 'D', 'A']]","{'B': 3, 'D': 3, 'A': 2, 'C': 2}","[1.0, 1.0, 0.58]",3.95
51,"[1, 4, 5]","[3, 3, 2]","[0.58, 0.75, 0.46]","[['D', 'C', 'B', 'A'], ['D', 'B', 'A', 'C'], ['B', 'D', 'A', 'C']]","{'D': 4, 'B': 3, 'A': 2, 'C': 1}","[0.67, 0.79, 0.58]",3.58
51,"[1, 4, 5]","[3, 3, 2]","[0.58, 0.75, 0.46]","[['D', 'C', 'B', 'A'], ['D', 'B', 'A', 'C'], ['B', 'D', 'C', 'A']]","{'D': 4, 'B': 3, 'A': 2, 'C': 1}","[0.67, 0.79, 0.58]",3.58
51,"[1, 4, 5]","[3, 3, 2]","[0.58, 0.75, 0.46]","[['D', 'C', 'B', 'A'], ['D', 'B', 'A', 'C'], ['C', 'B', 'A', 'D']]","{'B': 3, 'D': 3, 'A': 2, 'C': 2}","[1.0, 1.0, 0.58]",3.95
51,"[1, 4, 5]","[3, 3, 2]","[0.58, 0.75, 0.46]","[['D', 'C', 'B', 'A'], ['D', 'B', 'A', 'C'], ['C', 'B', 'D', 'A']]","{'B': 3, 'D': 3, 'A': 2, 'C': 2}","[1.0, 1.0, 0.58]",3.95
51,"[1, 4, 5]","[3, 3, 2]","[0.58, 0.75, 0.46]","[['D', 'C', 'B', 'A'], ['D', 'B', 'A', 'C'], ['D', 'B', 'A', 'C']]","{'D': 4, 'B': 3, 'A': 2, 'C': 1}","[0.67, 0.79, 0.58]",3.58
51,"[1, 4, 5]","[3, 3, 2]","[0.58, 0.75, 0.46]","[['D', 'C', 'B', 'A'], ['D', 'B', 'A', 'C'], ['D', 'B', 'C', 'A']]","{'D': 4, 'B': 3, 'A': 2, 'C': 1}","[0.67, 0.79, 0.58]",3.58
51,"[1, 4, 5]","[3, 3, 2]","[0.58, 0.75, 0.46]","[['D', 'C', 'B', 'A'], ['D', 'B', 'C', 'A'], ['B', 'C', 'A', 'D']]","{'B': 3, 'D': 3, 'A': 2, 'C': 2}","[1.0, 1.0, 0.58]",3.95
51,"[1, 4, 5]","[3, 3, 2]","[0.58, 0.75, 0.46]","[['D', 'C', 'B', 'A'], ['D', 'B', 'C', 'A'], ['B', 'C', 'D', 'A']]","{'B': 3, 'D': 3, 'A': 2, 'C': 2}","[1.0, 1.0, 0.58]",3.95
51,"[1, 4, 5]","[3, 3, 2]","[0.58, 0.75, 0.46]","[['D', 'C', 'B', 'A'], ['D', 'B', 'C', 'A'], ['B', 'D', 'A', 'C']]","{'D': 4, 'B': 3, 'A': 2, 'C': 1}","[0.67, 0.79, 0.58]",3.58
51,"[1, 4, 5]","[3, 3, 2]","[0.58, 0.75, 0.46]","[['D', 'C', 'B', 'A'], ['D', 'B', 'C', 'A'], ['B', 'D', 'C', 'A']]","{'D': 4, 'B': 3, 'A': 2, 'C': 1}","[0.67, 0.79, 0.58]",3.58
51,"[1, 4, 5]","[3, 3, 2]","[0.58, 0.75, 0.46]","[['D', 'C', 'B', 'A'], ['D', 'B', 'C', 'A'], ['C', 'B', 'A', 'D']]","{'B': 3, 'D': 3, 'A': 2, 'C': 2}","[1.0, 1.0, 0.58]",3.95
51,"[1, 4, 5]","[3, 3, 2]","[0.58, 0.75, 0.46]","[['D', 'C', 'B', 'A'], ['D', 'B', 'C', 'A'], ['C', 'B', 'D', 'A']]","{'B': 3, 'D': 3, 'A': 2, 'C': 2}","[1.0, 1.0, 0.58]",3.95
51,"[1, 4, 5]","[3, 3, 2]","[0.58, 0.75, 0.46]","[['D', 'C', 'B', 'A'], ['D', 'B', 'C', 'A'], ['D', 'B', 'A', 'C']]","{'D': 4, 'B': 3, 'A': 2, 'C': 1}","[0.67, 0.79, 0.58]",3.58
51,"[1, 4, 5]","[3, 3, 2]","[0.58, 0.75, 0.46]","[['D', 'C', 'B', 'A'], ['D', 'B', 'C', 'A'], ['D', 'B', 'C', 'A']]","{'D': 4, 'B': 3, 'A': 2, 'C': 1}","[0.67, 0.79, 0.58]",3.58
51,"[3, 4, 5]","[2, 3, 2]","[0.58, 0.75, 0.46]","[['A', 'D', 'B', 'C'], ['B', 'D', 'A', 'C'], ['B', 'D', 'A', 'C']]","{'B': 4, 'D': 3, 'A': 2, 'C': 1}","[0.79, 1.0, 0.58]",3.95
51,"[3, 4, 5]","[2, 3, 2]","[0.58, 0.75, 0.46]","[['A', 'D', 'B', 'C'], ['B', 'D', 'A', 'C'], ['B', 'D', 'C', 'A']]","{'B': 4, 'D': 3, 'A': 2, 'C': 1}","[0.79, 1.0, 0.58]",3.95
51,"[3, 4, 5]","[2, 3, 2]","[0.58, 0.75, 0.46]","[['A', 'D', 'B', 'C'], ['B', 'D', 'A', 'C'], ['C', 'D', 'A', 'B']]","{'B': 3, 'D': 3, 'A': 2, 'C': 2}","[0.79, 1.0, 0.58]",3.95
51,"[3, 4, 5]","[2, 3, 2]","[0.58, 0.75, 0.46]","[['A', 'D', 'B', 'C'], ['B', 'D', 'A', 'C'], ['C', 'D', 'B', 'A']]","{'B': 3, 'D': 3, 'A': 2, 'C': 2}","[0.79, 1.0, 0.58]",3.95
51,"[3, 4, 5]","[2, 3, 2]","[0.58, 0.75, 0.46]","[['A', 'D', 'B', 'C'], ['B', 'D', 'A', 'C'], ['D', 'B', 'A', 'C']]","{'B': 4, 'D': 3, 'A': 2, 'C': 1}","[0.79, 1.0, 0.58]",3.95
51,"[3, 4, 5]","[2, 3, 2]","[0.58, 0.75, 0.46]","[['A', 'D', 'B', 'C'], ['B', 'D', 'A', 'C'], ['D', 'B', 'C', 'A']]","{'B': 4, 'D': 3, 'A': 2, 'C': 1}","[0.79, 1.0, 0.58]",3.95
51,"[3, 4, 5]","[2, 3, 2]","[0.58, 0.75, 0.46]","[['A', 'D', 'B', 'C'], ['B', 'D', 'A', 'C'], ['D', 'C', 'A', 'B']]","{'B': 3, 'D': 3, 'A': 2, 'C': 2}","[0.79, 1.0, 0.58]",3.95
51,"[3, 4, 5]","[2, 3, 2]","[0.58, 0.75, 0.46]","[['A', 'D', 'B', 'C'], ['B', 'D', 'A', 'C'], ['D', 'C', 'B', 'A']]","{'B': 3, 'D': 3, 'A': 2, 'C': 2}","[0.79, 1.0, 0.58]",3.95
51,"[3, 4, 5]","[2, 3, 2]","[0.58, 0.75, 0.46]","[['A', 'D', 'B', 'C'], ['B', 'D', 'C', 'A'], ['B', 'D', 'A', 'C']]","{'B': 4, 'D': 3, 'A': 2, 'C': 1}","[0.79, 1.0, 0.58]",3.95
51,"[3, 4, 5]","[2, 3, 2]","[0.58, 0.75, 0.46]","[['A', 'D', 'B', 'C'], ['B', 'D', 'C', 'A'], ['B', 'D', 'C', 'A']]","{'B': 4, 'D': 3, 'A': 2, 'C': 1}","[0.79, 1.0, 0.58]",3.95
51,"[3, 4, 5]","[2, 3, 2]","[0.58, 0.75, 0.46]","[['A', 'D', 'B', 'C'], ['B', 'D', 'C', 'A'], ['C', 'D', 'A', 'B']]","{'B': 3, 'D': 3, 'A': 2, 'C': 2}","[0.79, 1.0, 0.58]",3.95
51,"[3, 4, 5]","[2, 3, 2]","[0.58, 0.75, 0.46]","[['A', 'D', 'B', 'C'], ['B', 'D', 'C', 'A'], ['C', 'D', 'B', 'A']]","{'B': 3, 'D': 3, 'A': 2, 'C': 2}","[0.79, 1.0, 0.58]",3.95
51,"[3, 4, 5]","[2, 3, 2]","[0.58, 0.75, 0.46]","[['A', 'D', 'B', 'C'], ['B', 'D', 'C', 'A'], ['D', 'B', 'A', 'C']]","{'B': 4, 'D': 3, 'A': 2, 'C': 1}","[0.79, 1.0, 0.58]",3.95
51,"[3, 4, 5]","[2, 3, 2]","[0.58, 0.75, 0.46]","[['A', 'D', 'B', 'C'], ['B', 'D', 'C', 'A'], ['D', 'B', 'C', 'A']]","{'B': 4, 'D': 3, 'A': 2, 'C': 1}","[0.79, 1.0, 0.58]",3.95
51,"[3, 4, 5]","[2, 3, 2]","[0.58, 0.75, 0.46]","[['A', 'D', 'B', 'C'], ['B', 'D', 'C', 'A'], ['D', 'C', 'A', 'B']]","{'B': 3, 'D': 3, 'A': 2, 'C': 2}","[0.79, 1.0, 0.58]",3.95
51,"[3, 4, 5]","[2, 3, 2]","[0.58, 0.75, 0.46]","[['A', 'D', 'B', 'C'], ['B', 'D', 'C', 'A'], ['D', 'C', 'B', 'A']]","{'B': 3, 'D': 3, 'A': 2, 'C': 2}","[0.79, 1.0, 0.58]",3.95
51,"[3, 4, 5]","[2, 3, 2]","[0.58, 0.75, 0.46]","[['A', 'D', 'B', 'C'], ['C', 'D', 'A', 'B'], ['B', 'D', 'A', 'C']]","{'B': 3, 'D': 3, 'A': 2, 'C': 2}","[0.79, 1.0, 0.58]",3.95
51,"[3, 4, 5]","[2, 3, 2]","[0.58, 0.75, 0.46]","[['A', 'D', 'B', 'C'], ['C', 'D', 'A', 'B'], ['B', 'D', 'C', 'A']]","{'B': 3, 'D': 3, 'A': 2, 'C': 2}","[0.79, 1.0, 0.58]",3.95
51,"[3, 4, 5]","[2, 3, 2]","[0.58, 0.75, 0.46]","[['A', 'D', 'B', 'C'], ['C', 'D', 'A', 'B'], ['D', 'B', 'A', 'C']]","{'B': 3, 'D': 3, 'A': 2, 'C': 2}","[0.79, 1.0, 0.58]",3.95
51,"[3, 4, 5]","[2, 3, 2]","[0.58, 0.75, 0.46]","[['A', 'D', 'B', 'C'], ['C', 'D', 'A', 'B'], ['D', 'B', 'C', 'A']]","{'B': 3, 'D': 3, 'A': 2, 'C': 2}","[0.79, 1.0, 0.58]",3.95
51,"[3, 4, 5]","[2, 3, 2]","[0.58, 0.75, 0.46]","[['A', 'D', 'B', 'C'], ['C', 'D', 'B', 'A'], ['B', 'D', 'A', 'C']]","{'B': 3, 'D': 3, 'A': 2, 'C': 2}","[0.79, 1.0, 0.58]",3.95
51,"[3, 4, 5]","[2, 3, 2]","[0.58, 0.75, 0.46]","[['A', 'D', 'B', 'C'], ['C', 'D', 'B', 'A'], ['B', 'D', 'C', 'A']]","{'B': 3, 'D': 3, 'A': 2, 'C': 2}","[0.79, 1.0, 0.58]",3.95
51,"[3, 4, 5]","[2, 3, 2]","[0.58, 0.75, 0.46]","[['A', 'D', 'B', 'C'], ['C', 'D', 'B', 'A'], ['D', 'B', 'A', 'C']]","{'B': 3, 'D': 3, 'A': 2, 'C': 2}","[0.79, 1.0, 0.58]",3.95
51,"[3, 4, 5]","[2, 3, 2]","[0.58, 0.75, 0.46]","[['A', 'D', 'B', 'C'], ['C', 'D', 'B', 'A'], ['D', 'B', 'C', 'A']]","{'B': 3, 'D': 3, 'A': 2, 'C': 2}","[0.79, 1.0, 0.58]",3.95
51,"[3, 4, 5]","[2, 3, 2]","[0.58, 0.75, 0.46]","[['A', 'D', 'B', 'C'], ['D', 'B', 'A', 'C'], ['B', 'D', 'A', 'C']]","{'B': 4, 'D': 3, 'A': 2, 'C': 1}","[0.79, 1.0, 0.58]",3.95
51,"[3, 4, 5]","[2, 3, 2]","[0.58, 0.75, 0.46]","[['A', 'D', 'B', 'C'], ['D', 'B', 'A', 'C'], ['B', 'D', 'C', 'A']]","{'B': 4, 'D': 3, 'A': 2, 'C': 1}","[0.79, 1.0, 0.58]",3.95
51,"[3, 4, 5]","[2, 3, 2]","[0.58, 0.75, 0.46]","[['A', 'D', 'B', 'C'], ['D', 'B', 'A', 'C'], ['C', 'D', 'A', 'B']]","{'B': 3, 'D': 3, 'A': 2, 'C': 2}","[0.79, 1.0, 0.58]",3.95
51,"[3, 4, 5]","[2, 3, 2]","[0.58, 0.75, 0.46]","[['A', 'D', 'B', 'C'], ['D', 'B', 'A', 'C'], ['C', 'D', 'B', 'A']]","{'B': 3, 'D': 3, 'A': 2, 'C': 2}","[0.79, 1.0, 0.58]",3.95
51,"[3, 4, 5]","[2, 3, 2]","[0.58, 0.75, 0.46]","[['A', 'D', 'B', 'C'], ['D', 'B', 'A', 'C'], ['D', 'B', 'A', 'C']]","{'B': 4, 'D': 3, 'A': 2, 'C': 1}","[0.79, 1.0, 0.58]",3.95
51,"[3, 4, 5]","[2, 3, 2]","[0.58, 0.75, 0.46]","[['A', 'D', 'B', 'C'], ['D', 'B', 'A', 'C'], ['D', 'B', 'C', 'A']]","{'B': 4, 'D': 3, 'A': 2, 'C': 1}","[0.79, 1.0, 0.58]",3.95
51,"[3, 4, 5]","[2, 3, 2]","[0.58, 0.75, 0.46]","[['A', 'D', 'B', 'C'], ['D', 'B', 'A', 'C'], ['D', 'C', 'A', 'B']]","{'B': 3, 'D': 3, 'A': 2, 'C': 2}","[0.79, 1.0, 0.58]",3.95
51,"[3, 4, 5]","[2, 3, 2]","[0.58, 0.75, 0.46]","[['A', 'D', 'B', 'C'], ['D', 'B', 'A', 'C'], ['D', 'C', 'B', 'A']]","{'B': 3, 'D': 3, 'A': 2, 'C': 2}","[0.79, 1.0, 0.58]",3.95
51,"[3, 4, 5]","[2, 3, 2]","[0.58, 0.75, 0.46]","[['A', 'D', 'B', 'C'], ['D', 'B', 'C', 'A'], ['B', 'D', 'A', 'C']]","{'B': 4, 'D': 3, 'A': 2, 'C': 1}","[0.79, 1.0, 0.58]",3.95
51,"[3, 4, 5]","[2, 3, 2]","[0.58, 0.75, 0.46]","[['A', 'D', 'B', 'C'], ['D', 'B', 'C', 'A'], ['B', 'D', 'C', 'A']]","{'B': 4, 'D': 3, 'A': 2, 'C': 1}","[0.79, 1.0, 0.58]",3.95
51,"[3, 4, 5]","[2, 3, 2]","[0.58, 0.75, 0.46]","[['A', 'D', 'B', 'C'], ['D', 'B', 'C', 'A'], ['C', 'D', 'A', 'B']]","{'B': 3, 'D': 3, 'A': 2, 'C': 2}","[0.79, 1.0, 0.58]",3.95
51,"[3, 4, 5]","[2, 3, 2]","[0.58, 0.75, 0.46]","[['A', 'D', 'B', 'C'], ['D', 'B', 'C', 'A'], ['C', 'D', 'B', 'A']]","{'B': 3, 'D': 3, 'A': 2, 'C': 2}","[0.79, 1.0, 0.58]",3.95
51,"[3, 4, 5]","[2, 3, 2]","[0.58, 0.75, 0.46]","[['A', 'D', 'B', 'C'], ['D', 'B', 'C', 'A'], ['D', 'B', 'A', 'C']]","{'B': 4, 'D': 3, 'A': 2, 'C': 1}","[0.79, 1.0, 0.58]",3.95
51,"[3, 4, 5]","[2, 3, 2]","[0.58, 0.75, 0.46]","[['A', 'D', 'B', 'C'], ['D', 'B', 'C', 'A'], ['D', 'B', 'C', 'A']]","{'B': 4, 'D': 3, 'A': 2, 'C': 1}","[0.79, 1.0, 0.58]",3.95
51,"[3, 4, 5]","[2, 3, 2]","[0.58, 0.75, 0.46]","[['A', 'D', 'B', 'C'], ['D', 'B', 'C', 'A'], ['D', 'C', 'A', 'B']]","{'B': 3, 'D': 3, 'A': 2, 'C': 2}","[0.79, 1.0, 0.58]",3.95
51,"[3, 4, 5]","[2, 3, 2]","[0.58, 0.75, 0.46]","[['A', 'D', 'B', 'C'], ['D', 'B', 'C', 'A'], ['D', 'C', 'B', 'A']]","{'B': 3, 'D': 3, 'A': 2, 'C': 2}","[0.79, 1.0, 0.58]",3.95
51,"[3, 4, 5]","[2, 3, 2]","[0.58, 0.75, 0.46]","[['A', 'D', 'B', 'C'], ['D', 'C', 'A', 'B'], ['B', 'D', 'A', 'C']]","{'B': 3, 'D': 3, 'A': 2, 'C': 2}","[0.79, 1.0, 0.58]",3.95
51,"[3, 4, 5]","[2, 3, 2]","[0.58, 0.75, 0.46]","[['A', 'D', 'B', 'C'], ['D', 'C', 'A', 'B'], ['B', 'D', 'C', 'A']]","{'B': 3, 'D': 3, 'A': 2, 'C': 2}","[0.79, 1.0, 0.58]",3.95
51,"[3, 4, 5]","[2, 3, 2]","[0.58, 0.75, 0.46]","[['A', 'D', 'B', 'C'], ['D', 'C', 'A', 'B'], ['D', 'B', 'A', 'C']]","{'B': 3, 'D': 3, 'A': 2, 'C': 2}","[0.79, 1.0, 0.58]",3.95
51,"[3, 4, 5]","[2, 3, 2]","[0.58, 0.75, 0.46]","[['A', 'D', 'B', 'C'], ['D', 'C', 'A', 'B'], ['D', 'B', 'C', 'A']]","{'B': 3, 'D': 3, 'A': 2, 'C': 2}","[0.79, 1.0, 0.58]",3.95
51,"[3, 4, 5]","[2, 3, 2]","[0.58, 0.75, 0.46]","[['A', 'D', 'B', 'C'], ['D', 'C', 'B', 'A'], ['B', 'D', 'A', 'C']]","{'B': 3, 'D': 3, 'A': 2, 'C': 2}","[0.79, 1.0, 0.58]",3.95
51,"[3, 4, 5]","[2, 3, 2]","[0.58, 0.75, 0.46]","[['A', 'D', 'B', 'C'], ['D', 'C', 'B', 'A'], ['B', 'D', 'C', 'A']]","{'B': 3, 'D': 3, 'A': 2, 'C': 2}","[0.79, 1.0, 0.58]",3.95
51,"[3, 4, 5]","[2, 3, 2]","[0.58, 0.75, 0.46]","[['A', 'D', 'B', 'C'], ['D', 'C', 'B', 'A'], ['D', 'B', 'A', 'C']]","{'B': 3, 'D': 3, 'A': 2, 'C': 2}","[0.79, 1.0, 0.58]",3.95
51,"[3, 4, 5]","[2, 3, 2]","[0.58, 0.75, 0.46]","[['A', 'D', 'B', 'C'], ['D', 'C', 'B', 'A'], ['D', 'B', 'C', 'A']]","{'B': 3, 'D': 3, 'A': 2, 'C': 2}","[0.79, 1.0, 0.58]",3.95
51,"[3, 4, 5]","[2, 3, 2]","[0.58, 0.75, 0.46]","[['A', 'D', 'C', 'B'], ['B', 'D', 'A', 'C'], ['B', 'D', 'A', 'C']]","{'B': 4, 'D': 3, 'A': 2, 'C': 1}","[0.79, 1.0, 0.58]",3.95
51,"[3, 4, 5]","[2, 3, 2]","[0.58, 0.75, 0.46]","[['A', 'D', 'C', 'B'], ['B', 'D', 'A', 'C'], ['B', 'D', 'C', 'A']]","{'B': 4, 'D': 3, 'A': 2, 'C': 1}","[0.79, 1.0, 0.58]",3.95
51,"[3, 4, 5]","[2, 3, 2]","[0.58, 0.75, 0.46]","[['A', 'D', 'C', 'B'], ['B', 'D', 'A', 'C'], ['C', 'D', 'A', 'B']]","{'B': 3, 'D': 3, 'A': 2, 'C': 2}","[0.79, 1.0, 0.58]",3.95
51,"[3, 4, 5]","[2, 3, 2]","[0.58, 0.75, 0.46]","[['A', 'D', 'C', 'B'], ['B', 'D', 'A', 'C'], ['C', 'D', 'B', 'A']]","{'B': 3, 'D': 3, 'A': 2, 'C': 2}","[0.79, 1.0, 0.58]",3.95
51,"[3, 4, 5]","[2, 3, 2]","[0.58, 0.75, 0.46]","[['A', 'D', 'C', 'B'], ['B', 'D', 'A', 'C'], ['D', 'B', 'A', 'C']]","{'B': 4, 'D': 3, 'A': 2, 'C': 1}","[0.79, 1.0, 0.58]",3.95
51,"[3, 4, 5]","[2, 3, 2]","[0.58, 0.75, 0.46]","[['A', 'D', 'C', 'B'], ['B', 'D', 'A', 'C'], ['D', 'B', 'C', 'A']]","{'B': 4, 'D': 3, 'A': 2, 'C': 1}","[0.79, 1.0, 0.58]",3.95
51,"[3, 4, 5]","[2, 3, 2]","[0.58, 0.75, 0.46]","[['A', 'D', 'C', 'B'], ['B', 'D', 'A', 'C'], ['D', 'C', 'A', 'B']]","{'B': 3, 'D': 3, 'A': 2, 'C': 2}","[0.79, 1.0, 0.58]",3.95
51,"[3, 4, 5]","[2, 3, 2]","[0.58, 0.75, 0.46]","[['A', 'D', 'C', 'B'], ['B', 'D', 'A', 'C'], ['D', 'C', 'B', 'A']]","{'B': 3, 'D': 3, 'A': 2, 'C': 2}","[0.79, 1.0, 0.58]",3.95
51,"[3, 4, 5]","[2, 3, 2]","[0.58, 0.75, 0.46]","[['A', 'D', 'C', 'B'], ['B', 'D', 'C', 'A'], ['B', 'D', 'A', 'C']]","{'B': 4, 'D': 3, 'A': 2, 'C': 1}","[0.79, 1.0, 0.58]",3.95
51,"[3, 4, 5]","[2, 3, 2]","[0.58, 0.75, 0.46]","[['A', 'D', 'C', 'B'], ['B', 'D', 'C', 'A'], ['B', 'D', 'C', 'A']]","{'B': 4, 'D': 3, 'A': 2, 'C': 1}","[0.79, 1.0, 0.58]",3.95
51,"[3, 4, 5]","[2, 3, 2]","[0.58, 0.75, 0.46]","[['A', 'D', 'C', 'B'], ['B', 'D', 'C', 'A'], ['C', 'D', 'A', 'B']]","{'B': 3, 'D': 3, 'A': 2, 'C': 2}","[0.79, 1.0, 0.58]",3.95
51,"[3, 4, 5]","[2, 3, 2]","[0.58, 0.75, 0.46]","[['A', 'D', 'C', 'B'], ['B', 'D', 'C', 'A'], ['C', 'D', 'B', 'A']]","{'B': 3, 'D': 3, 'A': 2, 'C': 2}","[0.79, 1.0, 0.58]",3.95
51,"[3, 4, 5]","[2, 3, 2]","[0.58, 0.75, 0.46]","[['A', 'D', 'C', 'B'], ['B', 'D', 'C', 'A'], ['D', 'B', 'A', 'C']]","{'B': 4, 'D': 3, 'A': 2, 'C': 1}","[0.79, 1.0, 0.58]",3.95
51,"[3, 4, 5]","[2, 3, 2]","[0.58, 0.75, 0.46]","[['A', 'D', 'C', 'B'], ['B', 'D', 'C', 'A'], ['D', 'B', 'C', 'A']]","{'B': 4, 'D': 3, 'A': 2, 'C': 1}","[0.79, 1.0, 0.58]",3.95
51,"[3, 4, 5]","[2, 3, 2]","[0.58, 0.75, 0.46]","[['A', 'D', 'C', 'B'], ['B', 'D', 'C', 'A'], ['D', 'C', 'A', 'B']]","{'B': 3, 'D': 3, 'A': 2, 'C': 2}","[0.79, 1.0, 0.58]",3.95
51,"[3, 4, 5]","[2, 3, 2]","[0.58, 0.75, 0.46]","[['A', 'D', 'C', 'B'], ['B', 'D', 'C', 'A'], ['D', 'C', 'B', 'A']]","{'B': 3, 'D': 3, 'A': 2, 'C': 2}","[0.79, 1.0, 0.58]",3.95
51,"[3, 4, 5]","[2, 3, 2]","[0.58, 0.75, 0.46]","[['A', 'D', 'C', 'B'], ['C', 'D', 'A', 'B'], ['B', 'D', 'A', 'C']]","{'B': 3, 'D': 3, 'A': 2, 'C': 2}","[0.79, 1.0, 0.58]",3.95
51,"[3, 4, 5]","[2, 3, 2]","[0.58, 0.75, 0.46]","[['A', 'D', 'C', 'B'], ['C', 'D', 'A', 'B'], ['B', 'D', 'C', 'A']]","{'B': 3, 'D': 3, 'A': 2, 'C': 2}","[0.79, 1.0, 0.58]",3.95
51,"[3, 4, 5]","[2, 3, 2]","[0.58, 0.75, 0.46]","[['A', 'D', 'C', 'B'], ['C', 'D', 'A', 'B'], ['D', 'B', 'A', 'C']]","{'B': 3, 'D': 3, 'A': 2, 'C': 2}","[0.79, 1.0, 0.58]",3.95
51,"[3, 4, 5]","[2, 3, 2]","[0.58, 0.75, 0.46]","[['A', 'D', 'C', 'B'], ['C', 'D', 'A', 'B'], ['D', 'B', 'C', 'A']]","{'B': 3, 'D': 3, 'A': 2, 'C': 2}","[0.79, 1.0, 0.58]",3.95
51,"[3, 4, 5]","[2, 3, 2]","[0.58, 0.75, 0.46]","[['A', 'D', 'C', 'B'], ['C', 'D', 'B', 'A'], ['B', 'D', 'A', 'C']]","{'B': 3, 'D': 3, 'A': 2, 'C': 2}","[0.79, 1.0, 0.58]",3.95
51,"[3, 4, 5]","[2, 3, 2]","[0.58, 0.75, 0.46]","[['A', 'D', 'C', 'B'], ['C', 'D', 'B', 'A'], ['B', 'D', 'C', 'A']]","{'B': 3, 'D': 3, 'A': 2, 'C': 2}","[0.79, 1.0, 0.58]",3.95
51,"[3, 4, 5]","[2, 3, 2]","[0.58, 0.75, 0.46]","[['A', 'D', 'C', 'B'], ['C', 'D', 'B', 'A'], ['D', 'B', 'A', 'C']]","{'B': 3, 'D': 3, 'A': 2, 'C': 2}","[0.79, 1.0, 0.58]",3.95
51,"[3, 4, 5]","[2, 3, 2]","[0.58, 0.75, 0.46]","[['A', 'D', 'C', 'B'], ['C', 'D', 'B', 'A'], ['D', 'B', 'C', 'A']]","{'B': 3, 'D': 3, 'A': 2, 'C': 2}","[0.79, 1.0, 0.58]",3.95
51,"[3, 4, 5]","[2, 3, 2]","[0.58, 0.75, 0.46]","[['A', 'D', 'C', 'B'], ['D', 'B', 'A', 'C'], ['B', 'D', 'A', 'C']]","{'B': 4, 'D': 3, 'A': 2, 'C': 1}","[0.79, 1.0, 0.58]",3.95
51,"[3, 4, 5]","[2, 3, 2]","[0.58, 0.75, 0.46]","[['A', 'D', 'C', 'B'], ['D', 'B', 'A', 'C'], ['B', 'D', 'C', 'A']]","{'B': 4, 'D': 3, 'A': 2, 'C': 1}","[0.79, 1.0, 0.58]",3.95
51,"[3, 4, 5]","[2, 3, 2]","[0.58, 0.75, 0.46]","[['A', 'D', 'C', 'B'], ['D', 'B', 'A', 'C'], ['C', 'D', 'A', 'B']]","{'B': 3, 'D': 3, 'A': 2, 'C': 2}","[0.79, 1.0, 0.58]",3.95
51,"[3, 4, 5]","[2, 3, 2]","[0.58, 0.75, 0.46]","[['A', 'D', 'C', 'B'], ['D', 'B', 'A', 'C'], ['C', 'D', 'B', 'A']]","{'B': 3, 'D': 3, 'A': 2, 'C': 2}","[0.79, 1.0, 0.58]",3.95
51,"[3, 4, 5]","[2, 3, 2]","[0.58, 0.75, 0.46]","[['A', 'D', 'C', 'B'], ['D', 'B', 'A', 'C'], ['D', 'B', 'A', 'C']]","{'B': 4, 'D': 3, 'A': 2, 'C': 1}","[0.79, 1.0, 0.58]",3.95
51,"[3, 4, 5]","[2, 3, 2]","[0.58, 0.75, 0.46]","[['A', 'D', 'C', 'B'], ['D', 'B', 'A', 'C'], ['D', 'B', 'C', 'A']]","{'B': 4, 'D': 3, 'A': 2, 'C': 1}","[0.79, 1.0, 0.58]",3.95
51,"[3, 4, 5]","[2, 3, 2]","[0.58, 0.75, 0.46]","[['A', 'D', 'C', 'B'], ['D', 'B', 'A', 'C'], ['D', 'C', 'A', 'B']]","{'B': 3, 'D': 3, 'A': 2, 'C': 2}","[0.79, 1.0, 0.58]",3.95
51,"[3, 4, 5]","[2, 3, 2]","[0.58, 0.75, 0.46]","[['A', 'D', 'C', 'B'], ['D', 'B', 'A', 'C'], ['D', 'C', 'B', 'A']]","{'B': 3, 'D': 3, 'A': 2, 'C': 2}","[0.79, 1.0, 0.58]",3.95
51,"[3, 4, 5]","[2, 3, 2]","[0.58, 0.75, 0.46]","[['A', 'D', 'C', 'B'], ['D', 'B', 'C', 'A'], ['B', 'D', 'A', 'C']]","{'B': 4, 'D': 3, 'A': 2, 'C': 1}","[0.79, 1.0, 0.58]",3.95
51,"[3, 4, 5]","[2, 3, 2]","[0.58, 0.75, 0.46]","[['A', 'D', 'C', 'B'], ['D', 'B', 'C', 'A'], ['B', 'D', 'C', 'A']]","{'B': 4, 'D': 3, 'A': 2, 'C': 1}","[0.79, 1.0, 0.58]",3.95
51,"[3, 4, 5]","[2, 3, 2]","[0.58, 0.75, 0.46]","[['A', 'D', 'C', 'B'], ['D', 'B', 'C', 'A'], ['C', 'D', 'A', 'B']]","{'B': 3, 'D': 3, 'A': 2, 'C': 2}","[0.79, 1.0, 0.58]",3.95
51,"[3, 4, 5]","[2, 3, 2]","[0.58, 0.75, 0.46]","[['A', 'D', 'C', 'B'], ['D', 'B', 'C', 'A'], ['C', 'D', 'B', 'A']]","{'B': 3, 'D': 3, 'A': 2, 'C': 2}","[0.79, 1.0, 0.58]",3.95
51,"[3, 4, 5]","[2, 3, 2]","[0.58, 0.75, 0.46]","[['A', 'D', 'C', 'B'], ['D', 'B', 'C', 'A'], ['D', 'B', 'A', 'C']]","{'B': 4, 'D': 3, 'A': 2, 'C': 1}","[0.79, 1.0, 0.58]",3.95
51,"[3, 4, 5]","[2, 3, 2]","[0.58, 0.75, 0.46]","[['A', 'D', 'C', 'B'], ['D', 'B', 'C', 'A'], ['D', 'B', 'C', 'A']]","{'B': 4, 'D': 3, 'A': 2, 'C': 1}","[0.79, 1.0, 0.58]",3.95
51,"[3, 4, 5]","[2, 3, 2]","[0.58, 0.75, 0.46]","[['A', 'D', 'C', 'B'], ['D', 'B', 'C', 'A'], ['D', 'C', 'A', 'B']]","{'B': 3, 'D': 3, 'A': 2, 'C': 2}","[0.79, 1.0, 0.58]",3.95
51,"[3, 4, 5]","[2, 3, 2]","[0.58, 0.75, 0.46]","[['A', 'D', 'C', 'B'], ['D', 'B', 'C', 'A'], ['D', 'C', 'B', 'A']]","{'B': 3, 'D': 3, 'A': 2, 'C': 2}","[0.79, 1.0, 0.58]",3.95
51,"[3, 4, 5]","[2, 3, 2]","[0.58, 0.75, 0.46]","[['A', 'D', 'C', 'B'], ['D', 'C', 'A', 'B'], ['B', 'D', 'A', 'C']]","{'B': 3, 'D': 3, 'A': 2, 'C': 2}","[0.79, 1.0, 0.58]",3.95
51,"[3, 4, 5]","[2, 3, 2]","[0.58, 0.75, 0.46]","[['A', 'D', 'C', 'B'], ['D', 'C', 'A', 'B'], ['B', 'D', 'C', 'A']]","{'B': 3, 'D': 3, 'A': 2, 'C': 2}","[0.79, 1.0, 0.58]",3.95
51,"[3, 4, 5]","[2, 3, 2]","[0.58, 0.75, 0.46]","[['A', 'D', 'C', 'B'], ['D', 'C', 'A', 'B'], ['D', 'B', 'A', 'C']]","{'B': 3, 'D': 3, 'A': 2, 'C': 2}","[0.79, 1.0, 0.58]",3.95
51,"[3, 4, 5]","[2, 3, 2]","[0.58, 0.75, 0.46]","[['A', 'D', 'C', 'B'], ['D', 'C', 'A', 'B'], ['D', 'B', 'C', 'A']]","{'B': 3, 'D': 3, 'A': 2, 'C': 2}","[0.79, 1.0, 0.58]",3.95
51,"[3, 4, 5]","[2, 3, 2]","[0.58, 0.75, 0.46]","[['A', 'D', 'C', 'B'], ['D', 'C', 'B', 'A'], ['B', 'D', 'A', 'C']]","{'B': 3, 'D': 3, 'A': 2, 'C': 2}","[0.79, 1.0, 0.58]",3.95
51,"[3, 4, 5]","[2, 3, 2]","[0.58, 0.75, 0.46]","[['A', 'D', 'C', 'B'], ['D', 'C', 'B', 'A'], ['B', 'D', 'C', 'A']]","{'B': 3, 'D': 3, 'A': 2, 'C': 2}","[0.79, 1.0, 0.58]",3.95
51,"[3, 4, 5]","[2, 3, 2]","[0.58, 0.75, 0.46]","[['A', 'D', 'C', 'B'], ['D', 'C', 'B', 'A'], ['D', 'B', 'A', 'C']]","{'B': 3, 'D': 3, 'A': 2, 'C': 2}","[0.79, 1.0, 0.58]",3.95
51,"[3, 4, 5]","[2, 3, 2]","[0.58, 0.75, 0.46]","[['A', 'D', 'C', 'B'], ['D', 'C', 'B', 'A'], ['D', 'B', 'C', 'A']]","{'B': 3, 'D': 3, 'A': 2, 'C': 2}","[0.79, 1.0, 0.58]",3.95
51,"[3, 4, 5]","[2, 3, 2]","[0.58, 0.75, 0.46]","[['B', 'D', 'A', 'C'], ['A', 'D', 'B', 'C'], ['B', 'D', 'A', 'C']]","{'B': 4, 'D': 3, 'A': 2, 'C': 1}","[0.79, 1.0, 0.58]",3.95
51,"[3, 4, 5]","[2, 3, 2]","[0.58, 0.75, 0.46]","[['B', 'D', 'A', 'C'], ['A', 'D', 'B', 'C'], ['B', 'D', 'C', 'A']]","{'B': 4, 'D': 3, 'A': 2, 'C': 1}","[0.79, 1.0, 0.58]",3.95
51,"[3, 4, 5]","[2, 3, 2]","[0.58, 0.75, 0.46]","[['B', 'D', 'A', 'C'], ['A', 'D', 'B', 'C'], ['C', 'D', 'A', 'B']]","{'B': 3, 'D': 3, 'A': 2, 'C': 2}","[0.79, 1.0, 0.58]",3.95
51,"[3, 4, 5]","[2, 3, 2]","[0.58, 0.75, 0.46]","[['B', 'D', 'A', 'C'], ['A', 'D', 'B', 'C'], ['C', 'D', 'B', 'A']]","{'B': 3, 'D': 3, 'A': 2, 'C': 2}","[0.79, 1.0, 0.58]",3.95
51,"[3, 4, 5]","[2, 3, 2]","[0.58, 0.75, 0.46]","[['B', 'D', 'A', 'C'], ['A', 'D', 'B', 'C'], ['D', 'B', 'A', 'C']]","{'B': 4, 'D': 3, 'A': 2, 'C': 1}","[0.79, 1.0, 0.58]",3.95
51,"[3, 4, 5]","[2, 3, 2]","[0.58, 0.75, 0.46]","[['B', 'D', 'A', 'C'], ['A', 'D', 'B', 'C'], ['D', 'B', 'C', 'A']]","{'B': 4, 'D': 3, 'A': 2, 'C': 1}","[0.79, 1.0, 0.58]",3.95
51,"[3, 4, 5]","[2, 3, 2]","[0.58, 0.75, 0.46]","[['B', 'D', 'A', 'C'], ['A', 'D', 'B', 'C'], ['D', 'C', 'A', 'B']]","{'B': 3, 'D': 3, 'A': 2, 'C': 2}","[0.79, 1.0, 0.58]",3.95
51,"[3, 4, 5]","[2, 3, 2]","[0.58, 0.75, 0.46]","[['B', 'D', 'A', 'C'], ['A', 'D', 'B', 'C'], ['D', 'C', 'B', 'A']]","{'B': 3, 'D': 3, 'A': 2, 'C': 2}","[0.79, 1.0, 0.58]",3.95
51,"[3, 4, 5]","[2, 3, 2]","[0.58, 0.75, 0.46]","[['B', 'D', 'A', 'C'], ['A', 'D', 'C', 'B'], ['B', 'D', 'A', 'C']]","{'B': 4, 'D': 3, 'A': 2, 'C': 1}","[0.79, 1.0, 0.58]",3.95
51,"[3, 4, 5]","[2, 3, 2]","[0.58, 0.75, 0.46]","[['B', 'D', 'A', 'C'], ['A', 'D', 'C', 'B'], ['B', 'D', 'C', 'A']]","{'B': 4, 'D': 3, 'A': 2, 'C': 1}","[0.79, 1.0, 0.58]",3.95
51,"[3, 4, 5]","[2, 3, 2]","[0.58, 0.75, 0.46]","[['B', 'D', 'A', 'C'], ['A', 'D', 'C', 'B'], ['C', 'D', 'A', 'B']]","{'B': 3, 'D': 3, 'A': 2, 'C': 2}","[0.79, 1.0, 0.58]",3.95
51,"[3, 4, 5]","[2, 3, 2]","[0.58, 0.75, 0.46]","[['B', 'D', 'A', 'C'], ['A', 'D', 'C', 'B'], ['C', 'D', 'B', 'A']]","{'B': 3, 'D': 3, 'A': 2, 'C': 2}","[0.79, 1.0, 0.58]",3.95
51,"[3, 4, 5]","[2, 3, 2]","[0.58, 0.75, 0.46]","[['B', 'D', 'A', 'C'], ['A', 'D', 'C', 'B'], ['D', 'B', 'A', 'C']]","{'B': 4, 'D': 3, 'A': 2, 'C': 1}","[0.79, 1.0, 0.58]",3.95
51,"[3, 4, 5]","[2, 3, 2]","[0.58, 0.75, 0.46]","[['B', 'D', 'A', 'C'], ['A', 'D', 'C', 'B'], ['D', 'B', 'C', 'A']]","{'B': 4, 'D': 3, 'A': 2, 'C': 1}","[0.79, 1.0, 0.58]",3.95
51,"[3, 4, 5]","[2, 3, 2]","[0.58, 0.75, 0.46]","[['B', 'D', 'A', 'C'], ['A', 'D', 'C', 'B'], ['D', 'C', 'A', 'B']]","{'B': 3, 'D': 3, 'A': 2, 'C': 2}","[0.79, 1.0, 0.58]",3.95
51,"[3, 4, 5]","[2, 3, 2]","[0.58, 0.75, 0.46]","[['B', 'D', 'A', 'C'], ['A', 'D', 'C', 'B'], ['D', 'C', 'B', 'A']]","{'B': 3, 'D': 3, 'A': 2, 'C': 2}","[0.79, 1.0, 0.58]",3.95
51,"[3, 4, 5]","[2, 3, 2]","[0.58, 0.75, 0.46]","[['B', 'D', 'A', 'C'], ['B', 'D', 'A', 'C'], ['A', 'D', 'B', 'C']]","{'B': 4, 'D': 3, 'A': 2, 'C': 1}","[0.79, 1.0, 0.58]",3.95
51,"[3, 4, 5]","[2, 3, 2]","[0.58, 0.75, 0.46]","[['B', 'D', 'A', 'C'], ['B', 'D', 'A', 'C'], ['A', 'D', 'C', 'B']]","{'B': 4, 'D': 3, 'A': 2, 'C': 1}","[0.79, 1.0, 0.58]",3.95
51,"[3, 4, 5]","[2, 3, 2]","[0.58, 0.75, 0.46]","[['B', 'D', 'A', 'C'], ['B', 'D', 'A', 'C'], ['B', 'D', 'A', 'C']]","{'B': 5, 'D': 3, 'A': 1, 'C': 1}","[0.79, 1.0, 0.58]",3.95
51,"[3, 4, 5]","[2, 3, 2]","[0.58, 0.75, 0.46]","[['B', 'D', 'A', 'C'], ['B', 'D', 'A', 'C'], ['B', 'D', 'C', 'A']]","{'B': 5, 'D': 3, 'A': 1, 'C': 1}","[0.79, 1.0, 0.58]",3.95
51,"[3, 4, 5]","[2, 3, 2]","[0.58, 0.75, 0.46]","[['B', 'D', 'A', 'C'], ['B', 'D', 'A', 'C'], ['C', 'D', 'A', 'B']]","{'B': 4, 'D': 3, 'C': 2, 'A': 1}","[0.67, 1.0, 0.75]",3.96
51,"[3, 4, 5]","[2, 3, 2]","[0.58, 0.75, 0.46]","[['B', 'D', 'A', 'C'], ['B', 'D', 'A', 'C'], ['C', 'D', 'B', 'A']]","{'B': 4, 'D': 3, 'C': 2, 'A': 1}","[0.67, 1.0, 0.75]",3.96
51,"[3, 4, 5]","[2, 3, 2]","[0.58, 0.75, 0.46]","[['B', 'D', 'A', 'C'], ['B', 'D', 'A', 'C'], ['D', 'A', 'B', 'C']]","{'B': 4, 'D': 3, 'A': 2, 'C': 1}","[0.79, 1.0, 0.58]",3.95
51,"[3, 4, 5]","[2, 3, 2]","[0.58, 0.75, 0.46]","[['B', 'D', 'A', 'C'], ['B', 'D', 'A', 'C'], ['D', 'A', 'C', 'B']]","{'B': 4, 'D': 3, 'A': 2, 'C': 1}","[0.79, 1.0, 0.58]",3.95
51,"[3, 4, 5]","[2, 3, 2]","[0.58, 0.75, 0.46]","[['B', 'D', 'A', 'C'], ['B', 'D', 'A', 'C'], ['D', 'B', 'A', 'C']]","{'B': 5, 'D': 3, 'A': 1, 'C': 1}","[0.79, 1.0, 0.58]",3.95
51,"[3, 4, 5]","[2, 3, 2]","[0.58, 0.75, 0.46]","[['B', 'D', 'A', 'C'], ['B', 'D', 'A', 'C'], ['D', 'B', 'C', 'A']]","{'B': 5, 'D': 3, 'A': 1, 'C': 1}","[0.79, 1.0, 0.58]",3.95
51,"[3, 4, 5]","[2, 3, 2]","[0.58, 0.75, 0.46]","[['B', 'D', 'A', 'C'], ['B', 'D', 'A', 'C'], ['D', 'C', 'A', 'B']]","{'B': 4, 'D': 3, 'C': 2, 'A': 1}","[0.67, 1.0, 0.75]",3.96
51,"[3, 4, 5]","[2, 3, 2]","[0.58, 0.75, 0.46]","[['B', 'D', 'A', 'C'], ['B', 'D', 'A', 'C'], ['D', 'C', 'B', 'A']]","{'B': 4, 'D': 3, 'C': 2, 'A': 1}","[0.67, 1.0, 0.75]",3.96
51,"[3, 4, 5]","[2, 3, 2]","[0.58, 0.75, 0.46]","[['B', 'D', 'A', 'C'], ['B', 'D', 'C', 'A'], ['A', 'D', 'B', 'C']]","{'B': 4, 'D': 3, 'A': 2, 'C': 1}","[0.79, 1.0, 0.58]",3.95
51,"[3, 4, 5]","[2, 3, 2]","[0.58, 0.75, 0.46]","[['B', 'D', 'A', 'C'], ['B', 'D', 'C', 'A'], ['A', 'D', 'C', 'B']]","{'B': 4, 'D': 3, 'A': 2, 'C': 1}","[0.79, 1.0, 0.58]",3.95
51,"[3, 4, 5]","[2, 3, 2]","[0.58, 0.75, 0.46]","[['B', 'D', 'A', 'C'], ['B', 'D', 'C', 'A'], ['B', 'D', 'A', 'C']]","{'B': 5, 'D': 3, 'A': 1, 'C': 1}","[0.79, 1.0, 0.58]",3.95
51,"[3, 4, 5]","[2, 3, 2]","[0.58, 0.75, 0.46]","[['B', 'D', 'A', 'C'], ['B', 'D', 'C', 'A'], ['B', 'D', 'C', 'A']]","{'B': 5, 'D': 3, 'A': 1, 'C': 1}","[0.79, 1.0, 0.58]",3.95
51,"[3, 4, 5]","[2, 3, 2]","[0.58, 0.75, 0.46]","[['B', 'D', 'A', 'C'], ['B', 'D', 'C', 'A'], ['C', 'D', 'A', 'B']]","{'B': 4, 'D': 3, 'C': 2, 'A': 1}","[0.67, 1.0, 0.75]",3.96
51,"[3, 4, 5]","[2, 3, 2]","[0.58, 0.75, 0.46]","[['B', 'D', 'A', 'C'], ['B', 'D', 'C', 'A'], ['C', 'D', 'B', 'A']]","{'B': 4, 'D': 3, 'C': 2, 'A': 1}","[0.67, 1.0, 0.75]",3.96
51,"[3, 4, 5]","[2, 3, 2]","[0.58, 0.75, 0.46]","[['B', 'D', 'A', 'C'], ['B', 'D', 'C', 'A'], ['D', 'A', 'B', 'C']]","{'B': 4, 'D': 3, 'A': 2, 'C': 1}","[0.79, 1.0, 0.58]",3.95
51,"[3, 4, 5]","[2, 3, 2]","[0.58, 0.75, 0.46]","[['B', 'D', 'A', 'C'], ['B', 'D', 'C', 'A'], ['D', 'A', 'C', 'B']]","{'B': 4, 'D': 3, 'A': 2, 'C': 1}","[0.79, 1.0, 0.58]",3.95
51,"[3, 4, 5]","[2, 3, 2]","[0.58, 0.75, 0.46]","[['B', 'D', 'A', 'C'], ['B', 'D', 'C', 'A'], ['D', 'B', 'A', 'C']]","{'B': 5, 'D': 3, 'A': 1, 'C': 1}","[0.79, 1.0, 0.58]",3.95
51,"[3, 4, 5]","[2, 3, 2]","[0.58, 0.75, 0.46]","[['B', 'D', 'A', 'C'], ['B', 'D', 'C', 'A'], ['D', 'B', 'C', 'A']]","{'B': 5, 'D': 3, 'A': 1, 'C': 1}","[0.79, 1.0, 0.58]",3.95
51,"[3, 4, 5]","[2, 3, 2]","[0.58, 0.75, 0.46]","[['B', 'D', 'A', 'C'], ['B', 'D', 'C', 'A'], ['D', 'C', 'A', 'B']]","{'B': 4, 'D': 3, 'C': 2, 'A': 1}","[0.67, 1.0, 0.75]",3.96
51,"[3, 4, 5]","[2, 3, 2]","[0.58, 0.75, 0.46]","[['B', 'D', 'A', 'C'], ['B', 'D', 'C', 'A'], ['D', 'C', 'B', 'A']]","{'B': 4, 'D': 3, 'C': 2, 'A': 1}","[0.67, 1.0, 0.75]",3.96
51,"[3, 4, 5]","[2, 3, 2]","[0.58, 0.75, 0.46]","[['B', 'D', 'A', 'C'], ['C', 'D', 'A', 'B'], ['A', 'D', 'B', 'C']]","{'B': 3, 'D': 3, 'A': 2, 'C': 2}","[0.79, 1.0, 0.58]",3.95
51,"[3, 4, 5]","[2, 3, 2]","[0.58, 0.75, 0.46]","[['B', 'D', 'A', 'C'], ['C', 'D', 'A', 'B'], ['A', 'D', 'C', 'B']]","{'B': 3, 'D': 3, 'A': 2, 'C': 2}","[0.79, 1.0, 0.58]",3.95
51,"[3, 4, 5]","[2, 3, 2]","[0.58, 0.75, 0.46]","[['B', 'D', 'A', 'C'], ['C', 'D', 'A', 'B'], ['B', 'D', 'A', 'C']]","{'B': 4, 'D': 3, 'C': 2, 'A': 1}","[0.67, 1.0, 0.75]",3.96
51,"[3, 4, 5]","[2, 3, 2]","[0.58, 0.75, 0.46]","[['B', 'D', 'A', 'C'], ['C', 'D', 'A', 'B'], ['B', 'D', 'C', 'A']]","{'B': 4, 'D': 3, 'C': 2, 'A': 1}","[0.67, 1.0, 0.75]",3.96
51,"[3, 4, 5]","[2, 3, 2]","[0.58, 0.75, 0.46]","[['B', 'D', 'A', 'C'], ['C', 'D', 'A', 'B'], ['D', 'A', 'B', 'C']]","{'B': 3, 'D': 3, 'A': 2, 'C': 2}","[0.79, 1.0, 0.58]",3.95
51,"[3, 4, 5]","[2, 3, 2]","[0.58, 0.75, 0.46]","[['B', 'D', 'A', 'C'], ['C', 'D', 'A', 'B'], ['D', 'A', 'C', 'B']]","{'B': 3, 'D': 3, 'A': 2, 'C': 2}","[0.79, 1.0, 0.58]",3.95
51,"[3, 4, 5]","[2, 3, 2]","[0.58, 0.75, 0.46]","[['B', 'D', 'A', 'C'], ['C', 'D', 'A', 'B'], ['D', 'B', 'A', 'C']]","{'B': 4, 'D': 3, 'C': 2, 'A': 1}","[0.67, 1.0, 0.75]",3.96
51,"[3, 4, 5]","[2, 3, 2]","[0.58, 0.75, 0.46]","[['B', 'D', 'A', 'C'], ['C', 'D', 'A', 'B'], ['D', 'B', 'C', 'A']]","{'B': 4, 'D': 3, 'C': 2, 'A': 1}","[0.67, 1.0, 0.75]",3.96
51,"[3, 4, 5]","[2, 3, 2]","[0.58, 0.75, 0.46]","[['B', 'D', 'A', 'C'], ['C', 'D', 'B', 'A'], ['A', 'D', 'B', 'C']]","{'B': 3, 'D': 3, 'A': 2, 'C': 2}","[0.79, 1.0, 0.58]",3.95
51,"[3, 4, 5]","[2, 3, 2]","[0.58, 0.75, 0.46]","[['B', 'D', 'A', 'C'], ['C', 'D', 'B', 'A'], ['A', 'D', 'C', 'B']]","{'B': 3, 'D': 3, 'A': 2, 'C': 2}","[0.79, 1.0, 0.58]",3.95
51,"[3, 4, 5]","[2, 3, 2]","[0.58, 0.75, 0.46]","[['B', 'D', 'A', 'C'], ['C', 'D', 'B', 'A'], ['B', 'D', 'A', 'C']]","{'B': 4, 'D': 3, 'C': 2, 'A': 1}","[0.67, 1.0, 0.75]",3.96
51,"[3, 4, 5]","[2, 3, 2]","[0.58, 0.75, 0.46]","[['B', 'D', 'A', 'C'], ['C', 'D', 'B', 'A'], ['B', 'D', 'C', 'A']]","{'B': 4, 'D': 3, 'C': 2, 'A': 1}","[0.67, 1.0, 0.75]",3.96
51,"[3, 4, 5]","[2, 3, 2]","[0.58, 0.75, 0.46]","[['B', 'D', 'A', 'C'], ['C', 'D', 'B', 'A'], ['D', 'A', 'B', 'C']]","{'B': 3, 'D': 3, 'A': 2, 'C': 2}","[0.79, 1.0, 0.58]",3.95
51,"[3, 4, 5]","[2, 3, 2]","[0.58, 0.75, 0.46]","[['B', 'D', 'A', 'C'], ['C', 'D', 'B', 'A'], ['D', 'A', 'C', 'B']]","{'B': 3, 'D': 3, 'A': 2, 'C': 2}","[0.79, 1.0, 0.58]",3.95
51,"[3, 4, 5]","[2, 3, 2]","[0.58, 0.75, 0.46]","[['B', 'D', 'A', 'C'], ['C', 'D', 'B', 'A'], ['D', 'B', 'A', 'C']]","{'B': 4, 'D': 3, 'C': 2, 'A': 1}","[0.67, 1.0, 0.75]",3.96
51,"[3, 4, 5]","[2, 3, 2]","[0.58, 0.75, 0.46]","[['B', 'D', 'A', 'C'], ['C', 'D', 'B', 'A'], ['D', 'B', 'C', 'A']]","{'B': 4, 'D': 3, 'C': 2, 'A': 1}","[0.67, 1.0, 0.75]",3.96
51,"[3, 4, 5]","[2, 3, 2]","[0.58, 0.75, 0.46]","[['B', 'D', 'A', 'C'], ['D', 'A', 'B', 'C'], ['B', 'D', 'A', 'C']]","{'B': 4, 'D': 3, 'A': 2, 'C': 1}","[0.79, 1.0, 0.58]",3.95
51,"[3, 4, 5]","[2, 3, 2]","[0.58, 0.75, 0.46]","[['B', 'D', 'A', 'C'], ['D', 'A', 'B', 'C'], ['B', 'D', 'C', 'A']]","{'B': 4, 'D': 3, 'A': 2, 'C': 1}","[0.79, 1.0, 0.58]",3.95
51,"[3, 4, 5]","[2, 3, 2]","[0.58, 0.75, 0.46]","[['B', 'D', 'A', 'C'], ['D', 'A', 'B', 'C'], ['C', 'D', 'A', 'B']]","{'B': 3, 'D': 3, 'A': 2, 'C': 2}","[0.79, 1.0, 0.58]",3.95
51,"[3, 4, 5]","[2, 3, 2]","[0.58, 0.75, 0.46]","[['B', 'D', 'A', 'C'], ['D', 'A', 'B', 'C'], ['C', 'D', 'B', 'A']]","{'B': 3, 'D': 3, 'A': 2, 'C': 2}","[0.79, 1.0, 0.58]",3.95
51,"[3, 4, 5]","[2, 3, 2]","[0.58, 0.75, 0.46]","[['B', 'D', 'A', 'C'], ['D', 'A', 'B', 'C'], ['D', 'B', 'A', 'C']]","{'B': 4, 'D': 3, 'A': 2, 'C': 1}","[0.79, 1.0, 0.58]",3.95
51,"[3, 4, 5]","[2, 3, 2]","[0.58, 0.75, 0.46]","[['B', 'D', 'A', 'C'], ['D', 'A', 'B', 'C'], ['D', 'B', 'C', 'A']]","{'B': 4, 'D': 3, 'A': 2, 'C': 1}","[0.79, 1.0, 0.58]",3.95
51,"[3, 4, 5]","[2, 3, 2]","[0.58, 0.75, 0.46]","[['B', 'D', 'A', 'C'], ['D', 'A', 'B', 'C'], ['D', 'C', 'A', 'B']]","{'B': 3, 'D': 3, 'A': 2, 'C': 2}","[0.79, 1.0, 0.58]",3.95
51,"[3, 4, 5]","[2, 3, 2]","[0.58, 0.75, 0.46]","[['B', 'D', 'A', 'C'], ['D', 'A', 'B', 'C'], ['D', 'C', 'B', 'A']]","{'B': 3, 'D': 3, 'A': 2, 'C': 2}","[0.79, 1.0, 0.58]",3.95
51,"[3, 4, 5]","[2, 3, 2]","[0.58, 0.75, 0.46]","[['B', 'D', 'A', 'C'], ['D', 'A', 'C', 'B'], ['B', 'D', 'A', 'C']]","{'B': 4, 'D': 3, 'A': 2, 'C': 1}","[0.79, 1.0, 0.58]",3.95
51,"[3, 4, 5]","[2, 3, 2]","[0.58, 0.75, 0.46]","[['B', 'D', 'A', 'C'], ['D', 'A', 'C', 'B'], ['B', 'D', 'C', 'A']]","{'B': 4, 'D': 3, 'A': 2, 'C': 1}","[0.79, 1.0, 0.58]",3.95
51,"[3, 4, 5]","[2, 3, 2]","[0.58, 0.75, 0.46]","[['B', 'D', 'A', 'C'], ['D', 'A', 'C', 'B'], ['C', 'D', 'A', 'B']]","{'B': 3, 'D': 3, 'A': 2, 'C': 2}","[0.79, 1.0, 0.58]",3.95
51,"[3, 4, 5]","[2, 3, 2]","[0.58, 0.75, 0.46]","[['B', 'D', 'A', 'C'], ['D', 'A', 'C', 'B'], ['C', 'D', 'B', 'A']]","{'B': 3, 'D': 3, 'A': 2, 'C': 2}","[0.79, 1.0, 0.58]",3.95
51,"[3, 4, 5]","[2, 3, 2]","[0.58, 0.75, 0.46]","[['B', 'D', 'A', 'C'], ['D', 'A', 'C', 'B'], ['D', 'B', 'A', 'C']]","{'B': 4, 'D': 3, 'A': 2, 'C': 1}","[0.79, 1.0, 0.58]",3.95
51,"[3, 4, 5]","[2, 3, 2]","[0.58, 0.75, 0.46]","[['B', 'D', 'A', 'C'], ['D', 'A', 'C', 'B'], ['D', 'B', 'C', 'A']]","{'B': 4, 'D': 3, 'A': 2, 'C': 1}","[0.79, 1.0, 0.58]",3.95
51,"[3, 4, 5]","[2, 3, 2]","[0.58, 0.75, 0.46]","[['B', 'D', 'A', 'C'], ['D', 'A', 'C', 'B'], ['D', 'C', 'A', 'B']]","{'B': 3, 'D': 3, 'A': 2, 'C': 2}","[0.79, 1.0, 0.58]",3.95
51,"[3, 4, 5]","[2, 3, 2]","[0.58, 0.75, 0.46]","[['B', 'D', 'A', 'C'], ['D', 'A', 'C', 'B'], ['D', 'C', 'B', 'A']]","{'B': 3, 'D': 3, 'A': 2, 'C': 2}","[0.79, 1.0, 0.58]",3.95
51,"[3, 4, 5]","[2, 3, 2]","[0.58, 0.75, 0.46]","[['B', 'D', 'A', 'C'], ['D', 'B', 'A', 'C'], ['A', 'D', 'B', 'C']]","{'B': 4, 'D': 3, 'A': 2, 'C': 1}","[0.79, 1.0, 0.58]",3.95
51,"[3, 4, 5]","[2, 3, 2]","[0.58, 0.75, 0.46]","[['B', 'D', 'A', 'C'], ['D', 'B', 'A', 'C'], ['A', 'D', 'C', 'B']]","{'B': 4, 'D': 3, 'A': 2, 'C': 1}","[0.79, 1.0, 0.58]",3.95
51,"[3, 4, 5]","[2, 3, 2]","[0.58, 0.75, 0.46]","[['B', 'D', 'A', 'C'], ['D', 'B', 'A', 'C'], ['B', 'D', 'A', 'C']]","{'B': 5, 'D': 3, 'A': 1, 'C': 1}","[0.79, 1.0, 0.58]",3.95
51,"[3, 4, 5]","[2, 3, 2]","[0.58, 0.75, 0.46]","[['B', 'D', 'A', 'C'], ['D', 'B', 'A', 'C'], ['B', 'D', 'C', 'A']]","{'B': 5, 'D': 3, 'A': 1, 'C': 1}","[0.79, 1.0, 0.58]",3.95
51,"[3, 4, 5]","[2, 3, 2]","[0.58, 0.75, 0.46]","[['B', 'D', 'A', 'C'], ['D', 'B', 'A', 'C'], ['C', 'D', 'A', 'B']]","{'B': 4, 'D': 3, 'C': 2, 'A': 1}","[0.67, 1.0, 0.75]",3.96
51,"[3, 4, 5]","[2, 3, 2]","[0.58, 0.75, 0.46]","[['B', 'D', 'A', 'C'], ['D', 'B', 'A', 'C'], ['C', 'D', 'B', 'A']]","{'B': 4, 'D': 3, 'C': 2, 'A': 1}","[0.67, 1.0, 0.75]",3.96
51,"[3, 4, 5]","[2, 3, 2]","[0.58, 0.75, 0.46]","[['B', 'D', 'A', 'C'], ['D', 'B', 'A', 'C'], ['D', 'A', 'B', 'C']]","{'B': 4, 'D': 3, 'A': 2, 'C': 1}","[0.79, 1.0, 0.58]",3.95
51,"[3, 4, 5]","[2, 3, 2]","[0.58, 0.75, 0.46]","[['B', 'D', 'A', 'C'], ['D', 'B', 'A', 'C'], ['D', 'A', 'C', 'B']]","{'B': 4, 'D': 3, 'A': 2, 'C': 1}","[0.79, 1.0, 0.58]",3.95
51,"[3, 4, 5]","[2, 3, 2]","[0.58, 0.75, 0.46]","[['B', 'D', 'A', 'C'], ['D', 'B', 'A', 'C'], ['D', 'B', 'A', 'C']]","{'B': 5, 'D': 3, 'A': 1, 'C': 1}","[0.79, 1.0, 0.58]",3.95
51,"[3, 4, 5]","[2, 3, 2]","[0.58, 0.75, 0.46]","[['B', 'D', 'A', 'C'], ['D', 'B', 'A', 'C'], ['D', 'B', 'C', 'A']]","{'B': 5, 'D': 3, 'A': 1, 'C': 1}","[0.79, 1.0, 0.58]",3.95
51,"[3, 4, 5]","[2, 3, 2]","[0.58, 0.75, 0.46]","[['B', 'D', 'A', 'C'], ['D', 'B', 'A', 'C'], ['D', 'C', 'A', 'B']]","{'B': 4, 'D': 3, 'C': 2, 'A': 1}","[0.67, 1.0, 0.75]",3.96
51,"[3, 4, 5]","[2, 3, 2]","[0.58, 0.75, 0.46]","[['B', 'D', 'A', 'C'], ['D', 'B', 'A', 'C'], ['D', 'C', 'B', 'A']]","{'B': 4, 'D': 3, 'C': 2, 'A': 1}","[0.67, 1.0, 0.75]",3.96
51,"[3, 4, 5]","[2, 3, 2]","[0.58, 0.75, 0.46]","[['B', 'D', 'A', 'C'], ['D', 'B', 'C', 'A'], ['A', 'D', 'B', 'C']]","{'B': 4, 'D': 3, 'A': 2, 'C': 1}","[0.79, 1.0, 0.58]",3.95
51,"[3, 4, 5]","[2, 3, 2]","[0.58, 0.75, 0.46]","[['B', 'D', 'A', 'C'], ['D', 'B', 'C', 'A'], ['A', 'D', 'C', 'B']]","{'B': 4, 'D': 3, 'A': 2, 'C': 1}","[0.79, 1.0, 0.58]",3.95
51,"[3, 4, 5]","[2, 3, 2]","[0.58, 0.75, 0.46]","[['B', 'D', 'A', 'C'], ['D', 'B', 'C', 'A'], ['B', 'D', 'A', 'C']]","{'B': 5, 'D': 3, 'A': 1, 'C': 1}","[0.79, 1.0, 0.58]",3.95
51,"[3, 4, 5]","[2, 3, 2]","[0.58, 0.75, 0.46]","[['B', 'D', 'A', 'C'], ['D', 'B', 'C', 'A'], ['B', 'D', 'C', 'A']]","{'B': 5, 'D': 3, 'A': 1, 'C': 1}","[0.79, 1.0, 0.58]",3.95
51,"[3, 4, 5]","[2, 3, 2]","[0.58, 0.75, 0.46]","[['B', 'D', 'A', 'C'], ['D', 'B', 'C', 'A'], ['C', 'D', 'A', 'B']]","{'B': 4, 'D': 3, 'C': 2, 'A': 1}","[0.67, 1.0, 0.75]",3.96
51,"[3, 4, 5]","[2, 3, 2]","[0.58, 0.75, 0.46]","[['B', 'D', 'A', 'C'], ['D', 'B', 'C', 'A'], ['C', 'D', 'B', 'A']]","{'B': 4, 'D': 3, 'C': 2, 'A': 1}","[0.67, 1.0, 0.75]",3.96
51,"[3, 4, 5]","[2, 3, 2]","[0.58, 0.75, 0.46]","[['B', 'D', 'A', 'C'], ['D', 'B', 'C', 'A'], ['D', 'A', 'B', 'C']]","{'B': 4, 'D': 3, 'A': 2, 'C': 1}","[0.79, 1.0, 0.58]",3.95
51,"[3, 4, 5]","[2, 3, 2]","[0.58, 0.75, 0.46]","[['B', 'D', 'A', 'C'], ['D', 'B', 'C', 'A'], ['D', 'A', 'C', 'B']]","{'B': 4, 'D': 3, 'A': 2, 'C': 1}","[0.79, 1.0, 0.58]",3.95
51,"[3, 4, 5]","[2, 3, 2]","[0.58, 0.75, 0.46]","[['B', 'D', 'A', 'C'], ['D', 'B', 'C', 'A'], ['D', 'B', 'A', 'C']]","{'B': 5, 'D': 3, 'A': 1, 'C': 1}","[0.79, 1.0, 0.58]",3.95
51,"[3, 4, 5]","[2, 3, 2]","[0.58, 0.75, 0.46]","[['B', 'D', 'A', 'C'], ['D', 'B', 'C', 'A'], ['D', 'B', 'C', 'A']]","{'B': 5, 'D': 3, 'A': 1, 'C': 1}","[0.79, 1.0, 0.58]",3.95
51,"[3, 4, 5]","[2, 3, 2]","[0.58, 0.75, 0.46]","[['B', 'D', 'A', 'C'], ['D', 'B', 'C', 'A'], ['D', 'C', 'A', 'B']]","{'B': 4, 'D': 3, 'C': 2, 'A': 1}","[0.67, 1.0, 0.75]",3.96
51,"[3, 4, 5]","[2, 3, 2]","[0.58, 0.75, 0.46]","[['B', 'D', 'A', 'C'], ['D', 'B', 'C', 'A'], ['D', 'C', 'B', 'A']]","{'B': 4, 'D': 3, 'C': 2, 'A': 1}","[0.67, 1.0, 0.75]",3.96
51,"[3, 4, 5]","[2, 3, 2]","[0.58, 0.75, 0.46]","[['B', 'D', 'A', 'C'], ['D', 'C', 'A', 'B'], ['A', 'D', 'B', 'C']]","{'B': 3, 'D': 3, 'A': 2, 'C': 2}","[0.79, 1.0, 0.58]",3.95
51,"[3, 4, 5]","[2, 3, 2]","[0.58, 0.75, 0.46]","[['B', 'D', 'A', 'C'], ['D', 'C', 'A', 'B'], ['A', 'D', 'C', 'B']]","{'B': 3, 'D': 3, 'A': 2, 'C': 2}","[0.79, 1.0, 0.58]",3.95
51,"[3, 4, 5]","[2, 3, 2]","[0.58, 0.75, 0.46]","[['B', 'D', 'A', 'C'], ['D', 'C', 'A', 'B'], ['B', 'D', 'A', 'C']]","{'B': 4, 'D': 3, 'C': 2, 'A': 1}","[0.67, 1.0, 0.75]",3.96
51,"[3, 4, 5]","[2, 3, 2]","[0.58, 0.75, 0.46]","[['B', 'D', 'A', 'C'], ['D', 'C', 'A', 'B'], ['B', 'D', 'C', 'A']]","{'B': 4, 'D': 3, 'C': 2, 'A': 1}","[0.67, 1.0, 0.75]",3.96
51,"[3, 4, 5]","[2, 3, 2]","[0.58, 0.75, 0.46]","[['B', 'D', 'A', 'C'], ['D', 'C', 'A', 'B'], ['D', 'A', 'B', 'C']]","{'B': 3, 'D': 3, 'A': 2, 'C': 2}","[0.79, 1.0, 0.58]",3.95
51,"[3, 4, 5]","[2, 3, 2]","[0.58, 0.75, 0.46]","[['B', 'D', 'A', 'C'], ['D', 'C', 'A', 'B'], ['D', 'A', 'C', 'B']]","{'B': 3, 'D': 3, 'A': 2, 'C': 2}","[0.79, 1.0, 0.58]",3.95
51,"[3, 4, 5]","[2, 3, 2]","[0.58, 0.75, 0.46]","[['B', 'D', 'A', 'C'], ['D', 'C', 'A', 'B'], ['D', 'B', 'A', 'C']]","{'B': 4, 'D': 3, 'C': 2, 'A': 1}","[0.67, 1.0, 0.75]",3.96
51,"[3, 4, 5]","[2, 3, 2]","[0.58, 0.75, 0.46]","[['B', 'D', 'A', 'C'], ['D', 'C', 'A', 'B'], ['D', 'B', 'C', 'A']]","{'B': 4, 'D': 3, 'C': 2, 'A': 1}","[0.67, 1.0, 0.75]",3.96
51,"[3, 4, 5]","[2, 3, 2]","[0.58, 0.75, 0.46]","[['B', 'D', 'A', 'C'], ['D', 'C', 'B', 'A'], ['A', 'D', 'B', 'C']]","{'B': 3, 'D': 3, 'A': 2, 'C': 2}","[0.79, 1.0, 0.58]",3.95
51,"[3, 4, 5]","[2, 3, 2]","[0.58, 0.75, 0.46]","[['B', 'D', 'A', 'C'], ['D', 'C', 'B', 'A'], ['A', 'D', 'C', 'B']]","{'B': 3, 'D': 3, 'A': 2, 'C': 2}","[0.79, 1.0, 0.58]",3.95
51,"[3, 4, 5]","[2, 3, 2]","[0.58, 0.75, 0.46]","[['B', 'D', 'A', 'C'], ['D', 'C', 'B', 'A'], ['B', 'D', 'A', 'C']]","{'B': 4, 'D': 3, 'C': 2, 'A': 1}","[0.67, 1.0, 0.75]",3.96
51,"[3, 4, 5]","[2, 3, 2]","[0.58, 0.75, 0.46]","[['B', 'D', 'A', 'C'], ['D', 'C', 'B', 'A'], ['B', 'D', 'C', 'A']]","{'B': 4, 'D': 3, 'C': 2, 'A': 1}","[0.67, 1.0, 0.75]",3.96
51,"[3, 4, 5]","[2, 3, 2]","[0.58, 0.75, 0.46]","[['B', 'D', 'A', 'C'], ['D', 'C', 'B', 'A'], ['D', 'A', 'B', 'C']]","{'B': 3, 'D': 3, 'A': 2, 'C': 2}","[0.79, 1.0, 0.58]",3.95
51,"[3, 4, 5]","[2, 3, 2]","[0.58, 0.75, 0.46]","[['B', 'D', 'A', 'C'], ['D', 'C', 'B', 'A'], ['D', 'A', 'C', 'B']]","{'B': 3, 'D': 3, 'A': 2, 'C': 2}","[0.79, 1.0, 0.58]",3.95
51,"[3, 4, 5]","[2, 3, 2]","[0.58, 0.75, 0.46]","[['B', 'D', 'A', 'C'], ['D', 'C', 'B', 'A'], ['D', 'B', 'A', 'C']]","{'B': 4, 'D': 3, 'C': 2, 'A': 1}","[0.67, 1.0, 0.75]",3.96
51,"[3, 4, 5]","[2, 3, 2]","[0.58, 0.75, 0.46]","[['B', 'D', 'A', 'C'], ['D', 'C', 'B', 'A'], ['D', 'B', 'C', 'A']]","{'B': 4, 'D': 3, 'C': 2, 'A': 1}","[0.67, 1.0, 0.75]",3.96
51,"[3, 4, 5]","[2, 3, 2]","[0.58, 0.75, 0.46]","[['B', 'D', 'C', 'A'], ['A', 'D', 'B', 'C'], ['B', 'D', 'A', 'C']]","{'B': 4, 'D': 3, 'A': 2, 'C': 1}","[0.79, 1.0, 0.58]",3.95
51,"[3, 4, 5]","[2, 3, 2]","[0.58, 0.75, 0.46]","[['B', 'D', 'C', 'A'], ['A', 'D', 'B', 'C'], ['B', 'D', 'C', 'A']]","{'B': 4, 'D': 3, 'A': 2, 'C': 1}","[0.79, 1.0, 0.58]",3.95
51,"[3, 4, 5]","[2, 3, 2]","[0.58, 0.75, 0.46]","[['B', 'D', 'C', 'A'], ['A', 'D', 'B', 'C'], ['C', 'D', 'A', 'B']]","{'B': 3, 'D': 3, 'A': 2, 'C': 2}","[0.79, 1.0, 0.58]",3.95
51,"[3, 4, 5]","[2, 3, 2]","[0.58, 0.75, 0.46]","[['B', 'D', 'C', 'A'], ['A', 'D', 'B', 'C'], ['C', 'D', 'B', 'A']]","{'B': 3, 'D': 3, 'A': 2, 'C': 2}","[0.79, 1.0, 0.58]",3.95
51,"[3, 4, 5]","[2, 3, 2]","[0.58, 0.75, 0.46]","[['B', 'D', 'C', 'A'], ['A', 'D', 'B', 'C'], ['D', 'B', 'A', 'C']]","{'B': 4, 'D': 3, 'A': 2, 'C': 1}","[0.79, 1.0, 0.58]",3.95
51,"[3, 4, 5]","[2, 3, 2]","[0.58, 0.75, 0.46]","[['B', 'D', 'C', 'A'], ['A', 'D', 'B', 'C'], ['D', 'B', 'C', 'A']]","{'B': 4, 'D': 3, 'A': 2, 'C': 1}","[0.79, 1.0, 0.58]",3.95
51,"[3, 4, 5]","[2, 3, 2]","[0.58, 0.75, 0.46]","[['B', 'D', 'C', 'A'], ['A', 'D', 'B', 'C'], ['D', 'C', 'A', 'B']]","{'B': 3, 'D': 3, 'A': 2, 'C': 2}","[0.79, 1.0, 0.58]",3.95
51,"[3, 4, 5]","[2, 3, 2]","[0.58, 0.75, 0.46]","[['B', 'D', 'C', 'A'], ['A', 'D', 'B', 'C'], ['D', 'C', 'B', 'A']]","{'B': 3, 'D': 3, 'A': 2, 'C': 2}","[0.79, 1.0, 0.58]",3.95
51,"[3, 4, 5]","[2, 3, 2]","[0.58, 0.75, 0.46]","[['B', 'D', 'C', 'A'], ['A', 'D', 'C', 'B'], ['B', 'D', 'A', 'C']]","{'B': 4, 'D': 3, 'A': 2, 'C': 1}","[0.79, 1.0, 0.58]",3.95
51,"[3, 4, 5]","[2, 3, 2]","[0.58, 0.75, 0.46]","[['B', 'D', 'C', 'A'], ['A', 'D', 'C', 'B'], ['B', 'D', 'C', 'A']]","{'B': 4, 'D': 3, 'A': 2, 'C': 1}","[0.79, 1.0, 0.58]",3.95
51,"[3, 4, 5]","[2, 3, 2]","[0.58, 0.75, 0.46]","[['B', 'D', 'C', 'A'], ['A', 'D', 'C', 'B'], ['C', 'D', 'A', 'B']]","{'B': 3, 'D': 3, 'A': 2, 'C': 2}","[0.79, 1.0, 0.58]",3.95
51,"[3, 4, 5]","[2, 3, 2]","[0.58, 0.75, 0.46]","[['B', 'D', 'C', 'A'], ['A', 'D', 'C', 'B'], ['C', 'D', 'B', 'A']]","{'B': 3, 'D': 3, 'A': 2, 'C': 2}","[0.79, 1.0, 0.58]",3.95
51,"[3, 4, 5]","[2, 3, 2]","[0.58, 0.75, 0.46]","[['B', 'D', 'C', 'A'], ['A', 'D', 'C', 'B'], ['D', 'B', 'A', 'C']]","{'B': 4, 'D': 3, 'A': 2, 'C': 1}","[0.79, 1.0, 0.58]",3.95
51,"[3, 4, 5]","[2, 3, 2]","[0.58, 0.75, 0.46]","[['B', 'D', 'C', 'A'], ['A', 'D', 'C', 'B'], ['D', 'B', 'C', 'A']]","{'B': 4, 'D': 3, 'A': 2, 'C': 1}","[0.79, 1.0, 0.58]",3.95
51,"[3, 4, 5]","[2, 3, 2]","[0.58, 0.75, 0.46]","[['B', 'D', 'C', 'A'], ['A', 'D', 'C', 'B'], ['D', 'C', 'A', 'B']]","{'B': 3, 'D': 3, 'A': 2, 'C': 2}","[0.79, 1.0, 0.58]",3.95
51,"[3, 4, 5]","[2, 3, 2]","[0.58, 0.75, 0.46]","[['B', 'D', 'C', 'A'], ['A', 'D', 'C', 'B'], ['D', 'C', 'B', 'A']]","{'B': 3, 'D': 3, 'A': 2, 'C': 2}","[0.79, 1.0, 0.58]",3.95
51,"[3, 4, 5]","[2, 3, 2]","[0.58, 0.75, 0.46]","[['B', 'D', 'C', 'A'], ['B', 'D', 'A', 'C'], ['A', 'D', 'B', 'C']]","{'B': 4, 'D': 3, 'A': 2, 'C': 1}","[0.79, 1.0, 0.58]",3.95
51,"[3, 4, 5]","[2, 3, 2]","[0.58, 0.75, 0.46]","[['B', 'D', 'C', 'A'], ['B', 'D', 'A', 'C'], ['A', 'D', 'C', 'B']]","{'B': 4, 'D': 3, 'A': 2, 'C': 1}","[0.79, 1.0, 0.58]",3.95
51,"[3, 4, 5]","[2, 3, 2]","[0.58, 0.75, 0.46]","[['B', 'D', 'C', 'A'], ['B', 'D', 'A', 'C'], ['B', 'D', 'A', 'C']]","{'B': 5, 'D': 3, 'A': 1, 'C': 1}","[0.79, 1.0, 0.58]",3.95
51,"[3, 4, 5]","[2, 3, 2]","[0.58, 0.75, 0.46]","[['B', 'D', 'C', 'A'], ['B', 'D', 'A', 'C'], ['B', 'D', 'C', 'A']]","{'B': 5, 'D': 3, 'A': 1, 'C': 1}","[0.79, 1.0, 0.58]",3.95
51,"[3, 4, 5]","[2, 3, 2]","[0.58, 0.75, 0.46]","[['B', 'D', 'C', 'A'], ['B', 'D', 'A', 'C'], ['C', 'D', 'A', 'B']]","{'B': 4, 'D': 3, 'C': 2, 'A': 1}","[0.67, 1.0, 0.75]",3.96
51,"[3, 4, 5]","[2, 3, 2]","[0.58, 0.75, 0.46]","[['B', 'D', 'C', 'A'], ['B', 'D', 'A', 'C'], ['C', 'D', 'B', 'A']]","{'B': 4, 'D': 3, 'C': 2, 'A': 1}","[0.67, 1.0, 0.75]",3.96
51,"[3, 4, 5]","[2, 3, 2]","[0.58, 0.75, 0.46]","[['B', 'D', 'C', 'A'], ['B', 'D', 'A', 'C'], ['D', 'A', 'B', 'C']]","{'B': 4, 'D': 3, 'A': 2, 'C': 1}","[0.79, 1.0, 0.58]",3.95
51,"[3, 4, 5]","[2, 3, 2]","[0.58, 0.75, 0.46]","[['B', 'D', 'C', 'A'], ['B', 'D', 'A', 'C'], ['D', 'A', 'C', 'B']]","{'B': 4, 'D': 3, 'A': 2, 'C': 1}","[0.79, 1.0, 0.58]",3.95
51,"[3, 4, 5]","[2, 3, 2]","[0.58, 0.75, 0.46]","[['B', 'D', 'C', 'A'], ['B', 'D', 'A', 'C'], ['D', 'B', 'A', 'C']]","{'B': 5, 'D': 3, 'A': 1, 'C': 1}","[0.79, 1.0, 0.58]",3.95
51,"[3, 4, 5]","[2, 3, 2]","[0.58, 0.75, 0.46]","[['B', 'D', 'C', 'A'], ['B', 'D', 'A', 'C'], ['D', 'B', 'C', 'A']]","{'B': 5, 'D': 3, 'A': 1, 'C': 1}","[0.79, 1.0, 0.58]",3.95
51,"[3, 4, 5]","[2, 3, 2]","[0.58, 0.75, 0.46]","[['B', 'D', 'C', 'A'], ['B', 'D', 'A', 'C'], ['D', 'C', 'A', 'B']]","{'B': 4, 'D': 3, 'C': 2, 'A': 1}","[0.67, 1.0, 0.75]",3.96
51,"[3, 4, 5]","[2, 3, 2]","[0.58, 0.75, 0.46]","[['B', 'D', 'C', 'A'], ['B', 'D', 'A', 'C'], ['D', 'C', 'B', 'A']]","{'B': 4, 'D': 3, 'C': 2, 'A': 1}","[0.67, 1.0, 0.75]",3.96
51,"[3, 4, 5]","[2, 3, 2]","[0.58, 0.75, 0.46]","[['B', 'D', 'C', 'A'], ['B', 'D', 'C', 'A'], ['A', 'D', 'B', 'C']]","{'B': 4, 'D': 3, 'A': 2, 'C': 1}","[0.79, 1.0, 0.58]",3.95
51,"[3, 4, 5]","[2, 3, 2]","[0.58, 0.75, 0.46]","[['B', 'D', 'C', 'A'], ['B', 'D', 'C', 'A'], ['A', 'D', 'C', 'B']]","{'B': 4, 'D': 3, 'A': 2, 'C': 1}","[0.79, 1.0, 0.58]",3.95
51,"[3, 4, 5]","[2, 3, 2]","[0.58, 0.75, 0.46]","[['B', 'D', 'C', 'A'], ['B', 'D', 'C', 'A'], ['B', 'D', 'A', 'C']]","{'B': 5, 'D': 3, 'A': 1, 'C': 1}","[0.79, 1.0, 0.58]",3.95
51,"[3, 4, 5]","[2, 3, 2]","[0.58, 0.75, 0.46]","[['B', 'D', 'C', 'A'], ['B', 'D', 'C', 'A'], ['B', 'D', 'C', 'A']]","{'B': 5, 'D': 3, 'A': 1, 'C': 1}","[0.79, 1.0, 0.58]",3.95
51,"[3, 4, 5]","[2, 3, 2]","[0.58, 0.75, 0.46]","[['B', 'D', 'C', 'A'], ['B', 'D', 'C', 'A'], ['C', 'D', 'A', 'B']]","{'B': 4, 'D': 3, 'C': 2, 'A': 1}","[0.67, 1.0, 0.75]",3.96
51,"[3, 4, 5]","[2, 3, 2]","[0.58, 0.75, 0.46]","[['B', 'D', 'C', 'A'], ['B', 'D', 'C', 'A'], ['C', 'D', 'B', 'A']]","{'B': 4, 'D': 3, 'C': 2, 'A': 1}","[0.67, 1.0, 0.75]",3.96
51,"[3, 4, 5]","[2, 3, 2]","[0.58, 0.75, 0.46]","[['B', 'D', 'C', 'A'], ['B', 'D', 'C', 'A'], ['D', 'A', 'B', 'C']]","{'B': 4, 'D': 3, 'A': 2, 'C': 1}","[0.79, 1.0, 0.58]",3.95
51,"[3, 4, 5]","[2, 3, 2]","[0.58, 0.75, 0.46]","[['B', 'D', 'C', 'A'], ['B', 'D', 'C', 'A'], ['D', 'A', 'C', 'B']]","{'B': 4, 'D': 3, 'A': 2, 'C': 1}","[0.79, 1.0, 0.58]",3.95
51,"[3, 4, 5]","[2, 3, 2]","[0.58, 0.75, 0.46]","[['B', 'D', 'C', 'A'], ['B', 'D', 'C', 'A'], ['D', 'B', 'A', 'C']]","{'B': 5, 'D': 3, 'A': 1, 'C': 1}","[0.79, 1.0, 0.58]",3.95
51,"[3, 4, 5]","[2, 3, 2]","[0.58, 0.75, 0.46]","[['B', 'D', 'C', 'A'], ['B', 'D', 'C', 'A'], ['D', 'B', 'C', 'A']]","{'B': 5, 'D': 3, 'A': 1, 'C': 1}","[0.79, 1.0, 0.58]",3.95
51,"[3, 4, 5]","[2, 3, 2]","[0.58, 0.75, 0.46]","[['B', 'D', 'C', 'A'], ['B', 'D', 'C', 'A'], ['D', 'C', 'A', 'B']]","{'B': 4, 'D': 3, 'C': 2, 'A': 1}","[0.67, 1.0, 0.75]",3.96
51,"[3, 4, 5]","[2, 3, 2]","[0.58, 0.75, 0.46]","[['B', 'D', 'C', 'A'], ['B', 'D', 'C', 'A'], ['D', 'C', 'B', 'A']]","{'B': 4, 'D': 3, 'C': 2, 'A': 1}","[0.67, 1.0, 0.75]",3.96
51,"[3, 4, 5]","[2, 3, 2]","[0.58, 0.75, 0.46]","[['B', 'D', 'C', 'A'], ['C', 'D', 'A', 'B'], ['A', 'D', 'B', 'C']]","{'B': 3, 'D': 3, 'A': 2, 'C': 2}","[0.79, 1.0, 0.58]",3.95
51,"[3, 4, 5]","[2, 3, 2]","[0.58, 0.75, 0.46]","[['B', 'D', 'C', 'A'], ['C', 'D', 'A', 'B'], ['A', 'D', 'C', 'B']]","{'B': 3, 'D': 3, 'A': 2, 'C': 2}","[0.79, 1.0, 0.58]",3.95
51,"[3, 4, 5]","[2, 3, 2]","[0.58, 0.75, 0.46]","[['B', 'D', 'C', 'A'], ['C', 'D', 'A', 'B'], ['B', 'D', 'A', 'C']]","{'B': 4, 'D': 3, 'C': 2, 'A': 1}","[0.67, 1.0, 0.75]",3.96
51,"[3, 4, 5]","[2, 3, 2]","[0.58, 0.75, 0.46]","[['B', 'D', 'C', 'A'], ['C', 'D', 'A', 'B'], ['B', 'D', 'C', 'A']]","{'B': 4, 'D': 3, 'C': 2, 'A': 1}","[0.67, 1.0, 0.75]",3.96
51,"[3, 4, 5]","[2, 3, 2]","[0.58, 0.75, 0.46]","[['B', 'D', 'C', 'A'], ['C', 'D', 'A', 'B'], ['D', 'A', 'B', 'C']]","{'B': 3, 'D': 3, 'A': 2, 'C': 2}","[0.79, 1.0, 0.58]",3.95
51,"[3, 4, 5]","[2, 3, 2]","[0.58, 0.75, 0.46]","[['B', 'D', 'C', 'A'], ['C', 'D', 'A', 'B'], ['D', 'A', 'C', 'B']]","{'B': 3, 'D': 3, 'A': 2, 'C': 2}","[0.79, 1.0, 0.58]",3.95
51,"[3, 4, 5]","[2, 3, 2]","[0.58, 0.75, 0.46]","[['B', 'D', 'C', 'A'], ['C', 'D', 'A', 'B'], ['D', 'B', 'A', 'C']]","{'B': 4, 'D': 3, 'C': 2, 'A': 1}","[0.67, 1.0, 0.75]",3.96
51,"[3, 4, 5]","[2, 3, 2]","[0.58, 0.75, 0.46]","[['B', 'D', 'C', 'A'], ['C', 'D', 'A', 'B'], ['D', 'B', 'C', 'A']]","{'B': 4, 'D': 3, 'C': 2, 'A': 1}","[0.67, 1.0, 0.75]",3.96
51,"[3, 4, 5]","[2, 3, 2]","[0.58, 0.75, 0.46]","[['B', 'D', 'C', 'A'], ['C', 'D', 'B', 'A'], ['A', 'D', 'B', 'C']]","{'B': 3, 'D': 3, 'A': 2, 'C': 2}","[0.79, 1.0, 0.58]",3.95
51,"[3, 4, 5]","[2, 3, 2]","[0.58, 0.75, 0.46]","[['B', 'D', 'C', 'A'], ['C', 'D', 'B', 'A'], ['A', 'D', 'C', 'B']]","{'B': 3, 'D': 3, 'A': 2, 'C': 2}","[0.79, 1.0, 0.58]",3.95
51,"[3, 4, 5]","[2, 3, 2]","[0.58, 0.75, 0.46]","[['B', 'D', 'C', 'A'], ['C', 'D', 'B', 'A'], ['B', 'D', 'A', 'C']]","{'B': 4, 'D': 3, 'C': 2, 'A': 1}","[0.67, 1.0, 0.75]",3.96
51,"[3, 4, 5]","[2, 3, 2]","[0.58, 0.75, 0.46]","[['B', 'D', 'C', 'A'], ['C', 'D', 'B', 'A'], ['B', 'D', 'C', 'A']]","{'B': 4, 'D': 3, 'C': 2, 'A': 1}","[0.67, 1.0, 0.75]",3.96
51,"[3, 4, 5]","[2, 3, 2]","[0.58, 0.75, 0.46]","[['B', 'D', 'C', 'A'], ['C', 'D', 'B', 'A'], ['D', 'A', 'B', 'C']]","{'B': 3, 'D': 3, 'A': 2, 'C': 2}","[0.79, 1.0, 0.58]",3.95
51,"[3, 4, 5]","[2, 3, 2]","[0.58, 0.75, 0.46]","[['B', 'D', 'C', 'A'], ['C', 'D', 'B', 'A'], ['D', 'A', 'C', 'B']]","{'B': 3, 'D': 3, 'A': 2, 'C': 2}","[0.79, 1.0, 0.58]",3.95
51,"[3, 4, 5]","[2, 3, 2]","[0.58, 0.75, 0.46]","[['B', 'D', 'C', 'A'], ['C', 'D', 'B', 'A'], ['D', 'B', 'A', 'C']]","{'B': 4, 'D': 3, 'C': 2, 'A': 1}","[0.67, 1.0, 0.75]",3.96
51,"[3, 4, 5]","[2, 3, 2]","[0.58, 0.75, 0.46]","[['B', 'D', 'C', 'A'], ['C', 'D', 'B', 'A'], ['D', 'B', 'C', 'A']]","{'B': 4, 'D': 3, 'C': 2, 'A': 1}","[0.67, 1.0, 0.75]",3.96
51,"[3, 4, 5]","[2, 3, 2]","[0.58, 0.75, 0.46]","[['B', 'D', 'C', 'A'], ['D', 'A', 'B', 'C'], ['B', 'D', 'A', 'C']]","{'B': 4, 'D': 3, 'A': 2, 'C': 1}","[0.79, 1.0, 0.58]",3.95
51,"[3, 4, 5]","[2, 3, 2]","[0.58, 0.75, 0.46]","[['B', 'D', 'C', 'A'], ['D', 'A', 'B', 'C'], ['B', 'D', 'C', 'A']]","{'B': 4, 'D': 3, 'A': 2, 'C': 1}","[0.79, 1.0, 0.58]",3.95
51,"[3, 4, 5]","[2, 3, 2]","[0.58, 0.75, 0.46]","[['B', 'D', 'C', 'A'], ['D', 'A', 'B', 'C'], ['C', 'D', 'A', 'B']]","{'B': 3, 'D': 3, 'A': 2, 'C': 2}","[0.79, 1.0, 0.58]",3.95
51,"[3, 4, 5]","[2, 3, 2]","[0.58, 0.75, 0.46]","[['B', 'D', 'C', 'A'], ['D', 'A', 'B', 'C'], ['C', 'D', 'B', 'A']]","{'B': 3, 'D': 3, 'A': 2, 'C': 2}","[0.79, 1.0, 0.58]",3.95
51,"[3, 4, 5]","[2, 3, 2]","[0.58, 0.75, 0.46]","[['B', 'D', 'C', 'A'], ['D', 'A', 'B', 'C'], ['D', 'B', 'A', 'C']]","{'B': 4, 'D': 3, 'A': 2, 'C': 1}","[0.79, 1.0, 0.58]",3.95
51,"[3, 4, 5]","[2, 3, 2]","[0.58, 0.75, 0.46]","[['B', 'D', 'C', 'A'], ['D', 'A', 'B', 'C'], ['D', 'B', 'C', 'A']]","{'B': 4, 'D': 3, 'A': 2, 'C': 1}","[0.79, 1.0, 0.58]",3.95
51,"[3, 4, 5]","[2, 3, 2]","[0.58, 0.75, 0.46]","[['B', 'D', 'C', 'A'], ['D', 'A', 'B', 'C'], ['D', 'C', 'A', 'B']]","{'B': 3, 'D': 3, 'A': 2, 'C': 2}","[0.79, 1.0, 0.58]",3.95
51,"[3, 4, 5]","[2, 3, 2]","[0.58, 0.75, 0.46]","[['B', 'D', 'C', 'A'], ['D', 'A', 'B', 'C'], ['D', 'C', 'B', 'A']]","{'B': 3, 'D': 3, 'A': 2, 'C': 2}","[0.79, 1.0, 0.58]",3.95
51,"[3, 4, 5]","[2, 3, 2]","[0.58, 0.75, 0.46]","[['B', 'D', 'C', 'A'], ['D', 'A', 'C', 'B'], ['B', 'D', 'A', 'C']]","{'B': 4, 'D': 3, 'A': 2, 'C': 1}","[0.79, 1.0, 0.58]",3.95
51,"[3, 4, 5]","[2, 3, 2]","[0.58, 0.75, 0.46]","[['B', 'D', 'C', 'A'], ['D', 'A', 'C', 'B'], ['B', 'D', 'C', 'A']]","{'B': 4, 'D': 3, 'A': 2, 'C': 1}","[0.79, 1.0, 0.58]",3.95
51,"[3, 4, 5]","[2, 3, 2]","[0.58, 0.75, 0.46]","[['B', 'D', 'C', 'A'], ['D', 'A', 'C', 'B'], ['C', 'D', 'A', 'B']]","{'B': 3, 'D': 3, 'A': 2, 'C': 2}","[0.79, 1.0, 0.58]",3.95
51,"[3, 4, 5]","[2, 3, 2]","[0.58, 0.75, 0.46]","[['B', 'D', 'C', 'A'], ['D', 'A', 'C', 'B'], ['C', 'D', 'B', 'A']]","{'B': 3, 'D': 3, 'A': 2, 'C': 2}","[0.79, 1.0, 0.58]",3.95
51,"[3, 4, 5]","[2, 3, 2]","[0.58, 0.75, 0.46]","[['B', 'D', 'C', 'A'], ['D', 'A', 'C', 'B'], ['D', 'B', 'A', 'C']]","{'B': 4, 'D': 3, 'A': 2, 'C': 1}","[0.79, 1.0, 0.58]",3.95
51,"[3, 4, 5]","[2, 3, 2]","[0.58, 0.75, 0.46]","[['B', 'D', 'C', 'A'], ['D', 'A', 'C', 'B'], ['D', 'B', 'C', 'A']]","{'B': 4, 'D': 3, 'A': 2, 'C': 1}","[0.79, 1.0, 0.58]",3.95
51,"[3, 4, 5]","[2, 3, 2]","[0.58, 0.75, 0.46]","[['B', 'D', 'C', 'A'], ['D', 'A', 'C', 'B'], ['D', 'C', 'A', 'B']]","{'B': 3, 'D': 3, 'A': 2, 'C': 2}","[0.79, 1.0, 0.58]",3.95
51,"[3, 4, 5]","[2, 3, 2]","[0.58, 0.75, 0.46]","[['B', 'D', 'C', 'A'], ['D', 'A', 'C', 'B'], ['D', 'C', 'B', 'A']]","{'B': 3, 'D': 3, 'A': 2, 'C': 2}","[0.79, 1.0, 0.58]",3.95
51,"[3, 4, 5]","[2, 3, 2]","[0.58, 0.75, 0.46]","[['B', 'D', 'C', 'A'], ['D', 'B', 'A', 'C'], ['A', 'D', 'B', 'C']]","{'B': 4, 'D': 3, 'A': 2, 'C': 1}","[0.79, 1.0, 0.58]",3.95
51,"[3, 4, 5]","[2, 3, 2]","[0.58, 0.75, 0.46]","[['B', 'D', 'C', 'A'], ['D', 'B', 'A', 'C'], ['A', 'D', 'C', 'B']]","{'B': 4, 'D': 3, 'A': 2, 'C': 1}","[0.79, 1.0, 0.58]",3.95
51,"[3, 4, 5]","[2, 3, 2]","[0.58, 0.75, 0.46]","[['B', 'D', 'C', 'A'], ['D', 'B', 'A', 'C'], ['B', 'D', 'A', 'C']]","{'B': 5, 'D': 3, 'A': 1, 'C': 1}","[0.79, 1.0, 0.58]",3.95
51,"[3, 4, 5]","[2, 3, 2]","[0.58, 0.75, 0.46]","[['B', 'D', 'C', 'A'], ['D', 'B', 'A', 'C'], ['B', 'D', 'C', 'A']]","{'B': 5, 'D': 3, 'A': 1, 'C': 1}","[0.79, 1.0, 0.58]",3.95
51,"[3, 4, 5]","[2, 3, 2]","[0.58, 0.75, 0.46]","[['B', 'D', 'C', 'A'], ['D', 'B', 'A', 'C'], ['C', 'D', 'A', 'B']]","{'B': 4, 'D': 3, 'C': 2, 'A': 1}","[0.67, 1.0, 0.75]",3.96
51,"[3, 4, 5]","[2, 3, 2]","[0.58, 0.75, 0.46]","[['B', 'D', 'C', 'A'], ['D', 'B', 'A', 'C'], ['C', 'D', 'B', 'A']]","{'B': 4, 'D': 3, 'C': 2, 'A': 1}","[0.67, 1.0, 0.75]",3.96
51,"[3, 4, 5]","[2, 3, 2]","[0.58, 0.75, 0.46]","[['B', 'D', 'C', 'A'], ['D', 'B', 'A', 'C'], ['D', 'A', 'B', 'C']]","{'B': 4, 'D': 3, 'A': 2, 'C': 1}","[0.79, 1.0, 0.58]",3.95
51,"[3, 4, 5]","[2, 3, 2]","[0.58, 0.75, 0.46]","[['B', 'D', 'C', 'A'], ['D', 'B', 'A', 'C'], ['D', 'A', 'C', 'B']]","{'B': 4, 'D': 3, 'A': 2, 'C': 1}","[0.79, 1.0, 0.58]",3.95
51,"[3, 4, 5]","[2, 3, 2]","[0.58, 0.75, 0.46]","[['B', 'D', 'C', 'A'], ['D', 'B', 'A', 'C'], ['D', 'B', 'A', 'C']]","{'B': 5, 'D': 3, 'A': 1, 'C': 1}","[0.79, 1.0, 0.58]",3.95
51,"[3, 4, 5]","[2, 3, 2]","[0.58, 0.75, 0.46]","[['B', 'D', 'C', 'A'], ['D', 'B', 'A', 'C'], ['D', 'B', 'C', 'A']]","{'B': 5, 'D': 3, 'A': 1, 'C': 1}","[0.79, 1.0, 0.58]",3.95
51,"[3, 4, 5]","[2, 3, 2]","[0.58, 0.75, 0.46]","[['B', 'D', 'C', 'A'], ['D', 'B', 'A', 'C'], ['D', 'C', 'A', 'B']]","{'B': 4, 'D': 3, 'C': 2, 'A': 1}","[0.67, 1.0, 0.75]",3.96
51,"[3, 4, 5]","[2, 3, 2]","[0.58, 0.75, 0.46]","[['B', 'D', 'C', 'A'], ['D', 'B', 'A', 'C'], ['D', 'C', 'B', 'A']]","{'B': 4, 'D': 3, 'C': 2, 'A': 1}","[0.67, 1.0, 0.75]",3.96
51,"[3, 4, 5]","[2, 3, 2]","[0.58, 0.75, 0.46]","[['B', 'D', 'C', 'A'], ['D', 'B', 'C', 'A'], ['A', 'D', 'B', 'C']]","{'B': 4, 'D': 3, 'A': 2, 'C': 1}","[0.79, 1.0, 0.58]",3.95
51,"[3, 4, 5]","[2, 3, 2]","[0.58, 0.75, 0.46]","[['B', 'D', 'C', 'A'], ['D', 'B', 'C', 'A'], ['A', 'D', 'C', 'B']]","{'B': 4, 'D': 3, 'A': 2, 'C': 1}","[0.79, 1.0, 0.58]",3.95
51,"[3, 4, 5]","[2, 3, 2]","[0.58, 0.75, 0.46]","[['B', 'D', 'C', 'A'], ['D', 'B', 'C', 'A'], ['B', 'D', 'A', 'C']]","{'B': 5, 'D': 3, 'A': 1, 'C': 1}","[0.79, 1.0, 0.58]",3.95
51,"[3, 4, 5]","[2, 3, 2]","[0.58, 0.75, 0.46]","[['B', 'D', 'C', 'A'], ['D', 'B', 'C', 'A'], ['B', 'D', 'C', 'A']]","{'B': 5, 'D': 3, 'A': 1, 'C': 1}","[0.79, 1.0, 0.58]",3.95
51,"[3, 4, 5]","[2, 3, 2]","[0.58, 0.75, 0.46]","[['B', 'D', 'C', 'A'], ['D', 'B', 'C', 'A'], ['C', 'D', 'A', 'B']]","{'B': 4, 'D': 3, 'C': 2, 'A': 1}","[0.67, 1.0, 0.75]",3.96
51,"[3, 4, 5]","[2, 3, 2]","[0.58, 0.75, 0.46]","[['B', 'D', 'C', 'A'], ['D', 'B', 'C', 'A'], ['C', 'D', 'B', 'A']]","{'B': 4, 'D': 3, 'C': 2, 'A': 1}","[0.67, 1.0, 0.75]",3.96
51,"[3, 4, 5]","[2, 3, 2]","[0.58, 0.75, 0.46]","[['B', 'D', 'C', 'A'], ['D', 'B', 'C', 'A'], ['D', 'A', 'B', 'C']]","{'B': 4, 'D': 3, 'A': 2, 'C': 1}","[0.79, 1.0, 0.58]",3.95
51,"[3, 4, 5]","[2, 3, 2]","[0.58, 0.75, 0.46]","[['B', 'D', 'C', 'A'], ['D', 'B', 'C', 'A'], ['D', 'A', 'C', 'B']]","{'B': 4, 'D': 3, 'A': 2, 'C': 1}","[0.79, 1.0, 0.58]",3.95
51,"[3, 4, 5]","[2, 3, 2]","[0.58, 0.75, 0.46]","[['B', 'D', 'C', 'A'], ['D', 'B', 'C', 'A'], ['D', 'B', 'A', 'C']]","{'B': 5, 'D': 3, 'A': 1, 'C': 1}","[0.79, 1.0, 0.58]",3.95
51,"[3, 4, 5]","[2, 3, 2]","[0.58, 0.75, 0.46]","[['B', 'D', 'C', 'A'], ['D', 'B', 'C', 'A'], ['D', 'B', 'C', 'A']]","{'B': 5, 'D': 3, 'A': 1, 'C': 1}","[0.79, 1.0, 0.58]",3.95
51,"[3, 4, 5]","[2, 3, 2]","[0.58, 0.75, 0.46]","[['B', 'D', 'C', 'A'], ['D', 'B', 'C', 'A'], ['D', 'C', 'A', 'B']]","{'B': 4, 'D': 3, 'C': 2, 'A': 1}","[0.67, 1.0, 0.75]",3.96
51,"[3, 4, 5]","[2, 3, 2]","[0.58, 0.75, 0.46]","[['B', 'D', 'C', 'A'], ['D', 'B', 'C', 'A'], ['D', 'C', 'B', 'A']]","{'B': 4, 'D': 3, 'C': 2, 'A': 1}","[0.67, 1.0, 0.75]",3.96
51,"[3, 4, 5]","[2, 3, 2]","[0.58, 0.75, 0.46]","[['B', 'D', 'C', 'A'], ['D', 'C', 'A', 'B'], ['A', 'D', 'B', 'C']]","{'B': 3, 'D': 3, 'A': 2, 'C': 2}","[0.79, 1.0, 0.58]",3.95
51,"[3, 4, 5]","[2, 3, 2]","[0.58, 0.75, 0.46]","[['B', 'D', 'C', 'A'], ['D', 'C', 'A', 'B'], ['A', 'D', 'C', 'B']]","{'B': 3, 'D': 3, 'A': 2, 'C': 2}","[0.79, 1.0, 0.58]",3.95
51,"[3, 4, 5]","[2, 3, 2]","[0.58, 0.75, 0.46]","[['B', 'D', 'C', 'A'], ['D', 'C', 'A', 'B'], ['B', 'D', 'A', 'C']]","{'B': 4, 'D': 3, 'C': 2, 'A': 1}","[0.67, 1.0, 0.75]",3.96
51,"[3, 4, 5]","[2, 3, 2]","[0.58, 0.75, 0.46]","[['B', 'D', 'C', 'A'], ['D', 'C', 'A', 'B'], ['B', 'D', 'C', 'A']]","{'B': 4, 'D': 3, 'C': 2, 'A': 1}","[0.67, 1.0, 0.75]",3.96
51,"[3, 4, 5]","[2, 3, 2]","[0.58, 0.75, 0.46]","[['B', 'D', 'C', 'A'], ['D', 'C', 'A', 'B'], ['D', 'A', 'B', 'C']]","{'B': 3, 'D': 3, 'A': 2, 'C': 2}","[0.79, 1.0, 0.58]",3.95
51,"[3, 4, 5]","[2, 3, 2]","[0.58, 0.75, 0.46]","[['B', 'D', 'C', 'A'], ['D', 'C', 'A', 'B'], ['D', 'A', 'C', 'B']]","{'B': 3, 'D': 3, 'A': 2, 'C': 2}","[0.79, 1.0, 0.58]",3.95
51,"[3, 4, 5]","[2, 3, 2]","[0.58, 0.75, 0.46]","[['B', 'D', 'C', 'A'], ['D', 'C', 'A', 'B'], ['D', 'B', 'A', 'C']]","{'B': 4, 'D': 3, 'C': 2, 'A': 1}","[0.67, 1.0, 0.75]",3.96
51,"[3, 4, 5]","[2, 3, 2]","[0.58, 0.75, 0.46]","[['B', 'D', 'C', 'A'], ['D', 'C', 'A', 'B'], ['D', 'B', 'C', 'A']]","{'B': 4, 'D': 3, 'C': 2, 'A': 1}","[0.67, 1.0, 0.75]",3.96
51,"[3, 4, 5]","[2, 3, 2]","[0.58, 0.75, 0.46]","[['B', 'D', 'C', 'A'], ['D', 'C', 'B', 'A'], ['A', 'D', 'B', 'C']]","{'B': 3, 'D': 3, 'A': 2, 'C': 2}","[0.79, 1.0, 0.58]",3.95
51,"[3, 4, 5]","[2, 3, 2]","[0.58, 0.75, 0.46]","[['B', 'D', 'C', 'A'], ['D', 'C', 'B', 'A'], ['A', 'D', 'C', 'B']]","{'B': 3, 'D': 3, 'A': 2, 'C': 2}","[0.79, 1.0, 0.58]",3.95
51,"[3, 4, 5]","[2, 3, 2]","[0.58, 0.75, 0.46]","[['B', 'D', 'C', 'A'], ['D', 'C', 'B', 'A'], ['B', 'D', 'A', 'C']]","{'B': 4, 'D': 3, 'C': 2, 'A': 1}","[0.67, 1.0, 0.75]",3.96
51,"[3, 4, 5]","[2, 3, 2]","[0.58, 0.75, 0.46]","[['B', 'D', 'C', 'A'], ['D', 'C', 'B', 'A'], ['B', 'D', 'C', 'A']]","{'B': 4, 'D': 3, 'C': 2, 'A': 1}","[0.67, 1.0, 0.75]",3.96
51,"[3, 4, 5]","[2, 3, 2]","[0.58, 0.75, 0.46]","[['B', 'D', 'C', 'A'], ['D', 'C', 'B', 'A'], ['D', 'A', 'B', 'C']]","{'B': 3, 'D': 3, 'A': 2, 'C': 2}","[0.79, 1.0, 0.58]",3.95
51,"[3, 4, 5]","[2, 3, 2]","[0.58, 0.75, 0.46]","[['B', 'D', 'C', 'A'], ['D', 'C', 'B', 'A'], ['D', 'A', 'C', 'B']]","{'B': 3, 'D': 3, 'A': 2, 'C': 2}","[0.79, 1.0, 0.58]",3.95
51,"[3, 4, 5]","[2, 3, 2]","[0.58, 0.75, 0.46]","[['B', 'D', 'C', 'A'], ['D', 'C', 'B', 'A'], ['D', 'B', 'A', 'C']]","{'B': 4, 'D': 3, 'C': 2, 'A': 1}","[0.67, 1.0, 0.75]",3.96
51,"[3, 4, 5]","[2, 3, 2]","[0.58, 0.75, 0.46]","[['B', 'D', 'C', 'A'], ['D', 'C', 'B', 'A'], ['D', 'B', 'C', 'A']]","{'B': 4, 'D': 3, 'C': 2, 'A': 1}","[0.67, 1.0, 0.75]",3.96
51,"[3, 4, 5]","[2, 3, 2]","[0.58, 0.75, 0.46]","[['C', 'D', 'A', 'B'], ['A', 'D', 'B', 'C'], ['B', 'D', 'A', 'C']]","{'B': 3, 'D': 3, 'A': 2, 'C': 2}","[0.79, 1.0, 0.58]",3.95
51,"[3, 4, 5]","[2, 3, 2]","[0.58, 0.75, 0.46]","[['C', 'D', 'A', 'B'], ['A', 'D', 'B', 'C'], ['B', 'D', 'C', 'A']]","{'B': 3, 'D': 3, 'A': 2, 'C': 2}","[0.79, 1.0, 0.58]",3.95
51,"[3, 4, 5]","[2, 3, 2]","[0.58, 0.75, 0.46]","[['C', 'D', 'A', 'B'], ['A', 'D', 'B', 'C'], ['D', 'B', 'A', 'C']]","{'B': 3, 'D': 3, 'A': 2, 'C': 2}","[0.79, 1.0, 0.58]",3.95
51,"[3, 4, 5]","[2, 3, 2]","[0.58, 0.75, 0.46]","[['C', 'D', 'A', 'B'], ['A', 'D', 'B', 'C'], ['D', 'B', 'C', 'A']]","{'B': 3, 'D': 3, 'A': 2, 'C': 2}","[0.79, 1.0, 0.58]",3.95
51,"[3, 4, 5]","[2, 3, 2]","[0.58, 0.75, 0.46]","[['C', 'D', 'A', 'B'], ['A', 'D', 'C', 'B'], ['B', 'D', 'A', 'C']]","{'B': 3, 'D': 3, 'A': 2, 'C': 2}","[0.79, 1.0, 0.58]",3.95
51,"[3, 4, 5]","[2, 3, 2]","[0.58, 0.75, 0.46]","[['C', 'D', 'A', 'B'], ['A', 'D', 'C', 'B'], ['B', 'D', 'C', 'A']]","{'B': 3, 'D': 3, 'A': 2, 'C': 2}","[0.79, 1.0, 0.58]",3.95
51,"[3, 4, 5]","[2, 3, 2]","[0.58, 0.75, 0.46]","[['C', 'D', 'A', 'B'], ['A', 'D', 'C', 'B'], ['D', 'B', 'A', 'C']]","{'B': 3, 'D': 3, 'A': 2, 'C': 2}","[0.79, 1.0, 0.58]",3.95
51,"[3, 4, 5]","[2, 3, 2]","[0.58, 0.75, 0.46]","[['C', 'D', 'A', 'B'], ['A', 'D', 'C', 'B'], ['D', 'B', 'C', 'A']]","{'B': 3, 'D': 3, 'A': 2, 'C': 2}","[0.79, 1.0, 0.58]",3.95
51,"[3, 4, 5]","[2, 3, 2]","[0.58, 0.75, 0.46]","[['C', 'D', 'A', 'B'], ['B', 'D', 'A', 'C'], ['A', 'D', 'B', 'C']]","{'B': 3, 'D': 3, 'A': 2, 'C': 2}","[0.79, 1.0, 0.58]",3.95
51,"[3, 4, 5]","[2, 3, 2]","[0.58, 0.75, 0.46]","[['C', 'D', 'A', 'B'], ['B', 'D', 'A', 'C'], ['A', 'D', 'C', 'B']]","{'B': 3, 'D': 3, 'A': 2, 'C': 2}","[0.79, 1.0, 0.58]",3.95
51,"[3, 4, 5]","[2, 3, 2]","[0.58, 0.75, 0.46]","[['C', 'D', 'A', 'B'], ['B', 'D', 'A', 'C'], ['B', 'D', 'A', 'C']]","{'B': 4, 'D': 3, 'C': 2, 'A': 1}","[0.67, 1.0, 0.75]",3.96
51,"[3, 4, 5]","[2, 3, 2]","[0.58, 0.75, 0.46]","[['C', 'D', 'A', 'B'], ['B', 'D', 'A', 'C'], ['B', 'D', 'C', 'A']]","{'B': 4, 'D': 3, 'C': 2, 'A': 1}","[0.67, 1.0, 0.75]",3.96
51,"[3, 4, 5]","[2, 3, 2]","[0.58, 0.75, 0.46]","[['C', 'D', 'A', 'B'], ['B', 'D', 'A', 'C'], ['D', 'A', 'B', 'C']]","{'B': 3, 'D': 3, 'A': 2, 'C': 2}","[0.79, 1.0, 0.58]",3.95
51,"[3, 4, 5]","[2, 3, 2]","[0.58, 0.75, 0.46]","[['C', 'D', 'A', 'B'], ['B', 'D', 'A', 'C'], ['D', 'A', 'C', 'B']]","{'B': 3, 'D': 3, 'A': 2, 'C': 2}","[0.79, 1.0, 0.58]",3.95
51,"[3, 4, 5]","[2, 3, 2]","[0.58, 0.75, 0.46]","[['C', 'D', 'A', 'B'], ['B', 'D', 'A', 'C'], ['D', 'B', 'A', 'C']]","{'B': 4, 'D': 3, 'C': 2, 'A': 1}","[0.67, 1.0, 0.75]",3.96
51,"[3, 4, 5]","[2, 3, 2]","[0.58, 0.75, 0.46]","[['C', 'D', 'A', 'B'], ['B', 'D', 'A', 'C'], ['D', 'B', 'C', 'A']]","{'B': 4, 'D': 3, 'C': 2, 'A': 1}","[0.67, 1.0, 0.75]",3.96
51,"[3, 4, 5]","[2, 3, 2]","[0.58, 0.75, 0.46]","[['C', 'D', 'A', 'B'], ['B', 'D', 'C', 'A'], ['A', 'D', 'B', 'C']]","{'B': 3, 'D': 3, 'A': 2, 'C': 2}","[0.79, 1.0, 0.58]",3.95
51,"[3, 4, 5]","[2, 3, 2]","[0.58, 0.75, 0.46]","[['C', 'D', 'A', 'B'], ['B', 'D', 'C', 'A'], ['A', 'D', 'C', 'B']]","{'B': 3, 'D': 3, 'A': 2, 'C': 2}","[0.79, 1.0, 0.58]",3.95
51,"[3, 4, 5]","[2, 3, 2]","[0.58, 0.75, 0.46]","[['C', 'D', 'A', 'B'], ['B', 'D', 'C', 'A'], ['B', 'D', 'A', 'C']]","{'B': 4, 'D': 3, 'C': 2, 'A': 1}","[0.67, 1.0, 0.75]",3.96
51,"[3, 4, 5]","[2, 3, 2]","[0.58, 0.75, 0.46]","[['C', 'D', 'A', 'B'], ['B', 'D', 'C', 'A'], ['B', 'D', 'C', 'A']]","{'B': 4, 'D': 3, 'C': 2, 'A': 1}","[0.67, 1.0, 0.75]",3.96
51,"[3, 4, 5]","[2, 3, 2]","[0.58, 0.75, 0.46]","[['C', 'D', 'A', 'B'], ['B', 'D', 'C', 'A'], ['D', 'A', 'B', 'C']]","{'B': 3, 'D': 3, 'A': 2, 'C': 2}","[0.79, 1.0, 0.58]",3.95
51,"[3, 4, 5]","[2, 3, 2]","[0.58, 0.75, 0.46]","[['C', 'D', 'A', 'B'], ['B', 'D', 'C', 'A'], ['D', 'A', 'C', 'B']]","{'B': 3, 'D': 3, 'A': 2, 'C': 2}","[0.79, 1.0, 0.58]",3.95
51,"[3, 4, 5]","[2, 3, 2]","[0.58, 0.75, 0.46]","[['C', 'D', 'A', 'B'], ['B', 'D', 'C', 'A'], ['D', 'B', 'A', 'C']]","{'B': 4, 'D': 3, 'C': 2, 'A': 1}","[0.67, 1.0, 0.75]",3.96
51,"[3, 4, 5]","[2, 3, 2]","[0.58, 0.75, 0.46]","[['C', 'D', 'A', 'B'], ['B', 'D', 'C', 'A'], ['D', 'B', 'C', 'A']]","{'B': 4, 'D': 3, 'C': 2, 'A': 1}","[0.67, 1.0, 0.75]",3.96
51,"[3, 4, 5]","[2, 3, 2]","[0.58, 0.75, 0.46]","[['C', 'D', 'A', 'B'], ['D', 'A', 'B', 'C'], ['B', 'D', 'A', 'C']]","{'B': 3, 'D': 3, 'A': 2, 'C': 2}","[0.79, 1.0, 0.58]",3.95
51,"[3, 4, 5]","[2, 3, 2]","[0.58, 0.75, 0.46]","[['C', 'D', 'A', 'B'], ['D', 'A', 'B', 'C'], ['B', 'D', 'C', 'A']]","{'B': 3, 'D': 3, 'A': 2, 'C': 2}","[0.79, 1.0, 0.58]",3.95
51,"[3, 4, 5]","[2, 3, 2]","[0.58, 0.75, 0.46]","[['C', 'D', 'A', 'B'], ['D', 'A', 'B', 'C'], ['D', 'B', 'A', 'C']]","{'B': 3, 'D': 3, 'A': 2, 'C': 2}","[0.79, 1.0, 0.58]",3.95
51,"[3, 4, 5]","[2, 3, 2]","[0.58, 0.75, 0.46]","[['C', 'D', 'A', 'B'], ['D', 'A', 'B', 'C'], ['D', 'B', 'C', 'A']]","{'B': 3, 'D': 3, 'A': 2, 'C': 2}","[0.79, 1.0, 0.58]",3.95
51,"[3, 4, 5]","[2, 3, 2]","[0.58, 0.75, 0.46]","[['C', 'D', 'A', 'B'], ['D', 'A', 'C', 'B'], ['B', 'D', 'A', 'C']]","{'B': 3, 'D': 3, 'A': 2, 'C': 2}","[0.79, 1.0, 0.58]",3.95
51,"[3, 4, 5]","[2, 3, 2]","[0.58, 0.75, 0.46]","[['C', 'D', 'A', 'B'], ['D', 'A', 'C', 'B'], ['B', 'D', 'C', 'A']]","{'B': 3, 'D': 3, 'A': 2, 'C': 2}","[0.79, 1.0, 0.58]",3.95
51,"[3, 4, 5]","[2, 3, 2]","[0.58, 0.75, 0.46]","[['C', 'D', 'A', 'B'], ['D', 'A', 'C', 'B'], ['D', 'B', 'A', 'C']]","{'B': 3, 'D': 3, 'A': 2, 'C': 2}","[0.79, 1.0, 0.58]",3.95
51,"[3, 4, 5]","[2, 3, 2]","[0.58, 0.75, 0.46]","[['C', 'D', 'A', 'B'], ['D', 'A', 'C', 'B'], ['D', 'B', 'C', 'A']]","{'B': 3, 'D': 3, 'A': 2, 'C': 2}","[0.79, 1.0, 0.58]",3.95
51,"[3, 4, 5]","[2, 3, 2]","[0.58, 0.75, 0.46]","[['C', 'D', 'A', 'B'], ['D', 'B', 'A', 'C'], ['A', 'D', 'B', 'C']]","{'B': 3, 'D': 3, 'A': 2, 'C': 2}","[0.79, 1.0, 0.58]",3.95
51,"[3, 4, 5]","[2, 3, 2]","[0.58, 0.75, 0.46]","[['C', 'D', 'A', 'B'], ['D', 'B', 'A', 'C'], ['A', 'D', 'C', 'B']]","{'B': 3, 'D': 3, 'A': 2, 'C': 2}","[0.79, 1.0, 0.58]",3.95
51,"[3, 4, 5]","[2, 3, 2]","[0.58, 0.75, 0.46]","[['C', 'D', 'A', 'B'], ['D', 'B', 'A', 'C'], ['B', 'D', 'A', 'C']]","{'B': 4, 'D': 3, 'C': 2, 'A': 1}","[0.67, 1.0, 0.75]",3.96
51,"[3, 4, 5]","[2, 3, 2]","[0.58, 0.75, 0.46]","[['C', 'D', 'A', 'B'], ['D', 'B', 'A', 'C'], ['B', 'D', 'C', 'A']]","{'B': 4, 'D': 3, 'C': 2, 'A': 1}","[0.67, 1.0, 0.75]",3.96
51,"[3, 4, 5]","[2, 3, 2]","[0.58, 0.75, 0.46]","[['C', 'D', 'A', 'B'], ['D', 'B', 'A', 'C'], ['D', 'A', 'B', 'C']]","{'B': 3, 'D': 3, 'A': 2, 'C': 2}","[0.79, 1.0, 0.58]",3.95
51,"[3, 4, 5]","[2, 3, 2]","[0.58, 0.75, 0.46]","[['C', 'D', 'A', 'B'], ['D', 'B', 'A', 'C'], ['D', 'A', 'C', 'B']]","{'B': 3, 'D': 3, 'A': 2, 'C': 2}","[0.79, 1.0, 0.58]",3.95
51,"[3, 4, 5]","[2, 3, 2]","[0.58, 0.75, 0.46]","[['C', 'D', 'A', 'B'], ['D', 'B', 'A', 'C'], ['D', 'B', 'A', 'C']]","{'B': 4, 'D': 3, 'C': 2, 'A': 1}","[0.67, 1.0, 0.75]",3.96
51,"[3, 4, 5]","[2, 3, 2]","[0.58, 0.75, 0.46]","[['C', 'D', 'A', 'B'], ['D', 'B', 'A', 'C'], ['D', 'B', 'C', 'A']]","{'B': 4, 'D': 3, 'C': 2, 'A': 1}","[0.67, 1.0, 0.75]",3.96
51,"[3, 4, 5]","[2, 3, 2]","[0.58, 0.75, 0.46]","[['C', 'D', 'A', 'B'], ['D', 'B', 'C', 'A'], ['A', 'D', 'B', 'C']]","{'B': 3, 'D': 3, 'A': 2, 'C': 2}","[0.79, 1.0, 0.58]",3.95
51,"[3, 4, 5]","[2, 3, 2]","[0.58, 0.75, 0.46]","[['C', 'D', 'A', 'B'], ['D', 'B', 'C', 'A'], ['A', 'D', 'C', 'B']]","{'B': 3, 'D': 3, 'A': 2, 'C': 2}","[0.79, 1.0, 0.58]",3.95
51,"[3, 4, 5]","[2, 3, 2]","[0.58, 0.75, 0.46]","[['C', 'D', 'A', 'B'], ['D', 'B', 'C', 'A'], ['B', 'D', 'A', 'C']]","{'B': 4, 'D': 3, 'C': 2, 'A': 1}","[0.67, 1.0, 0.75]",3.96
51,"[3, 4, 5]","[2, 3, 2]","[0.58, 0.75, 0.46]","[['C', 'D', 'A', 'B'], ['D', 'B', 'C', 'A'], ['B', 'D', 'C', 'A']]","{'B': 4, 'D': 3, 'C': 2, 'A': 1}","[0.67, 1.0, 0.75]",3.96
51,"[3, 4, 5]","[2, 3, 2]","[0.58, 0.75, 0.46]","[['C', 'D', 'A', 'B'], ['D', 'B', 'C', 'A'], ['D', 'A', 'B', 'C']]","{'B': 3, 'D': 3, 'A': 2, 'C': 2}","[0.79, 1.0, 0.58]",3.95
51,"[3, 4, 5]","[2, 3, 2]","[0.58, 0.75, 0.46]","[['C', 'D', 'A', 'B'], ['D', 'B', 'C', 'A'], ['D', 'A', 'C', 'B']]","{'B': 3, 'D': 3, 'A': 2, 'C': 2}","[0.79, 1.0, 0.58]",3.95
51,"[3, 4, 5]","[2, 3, 2]","[0.58, 0.75, 0.46]","[['C', 'D', 'A', 'B'], ['D', 'B', 'C', 'A'], ['D', 'B', 'A', 'C']]","{'B': 4, 'D': 3, 'C': 2, 'A': 1}","[0.67, 1.0, 0.75]",3.96
51,"[3, 4, 5]","[2, 3, 2]","[0.58, 0.75, 0.46]","[['C', 'D', 'A', 'B'], ['D', 'B', 'C', 'A'], ['D', 'B', 'C', 'A']]","{'B': 4, 'D': 3, 'C': 2, 'A': 1}","[0.67, 1.0, 0.75]",3.96
51,"[3, 4, 5]","[2, 3, 2]","[0.58, 0.75, 0.46]","[['C', 'D', 'B', 'A'], ['A', 'D', 'B', 'C'], ['B', 'D', 'A', 'C']]","{'B': 3, 'D': 3, 'A': 2, 'C': 2}","[0.79, 1.0, 0.58]",3.95
51,"[3, 4, 5]","[2, 3, 2]","[0.58, 0.75, 0.46]","[['C', 'D', 'B', 'A'], ['A', 'D', 'B', 'C'], ['B', 'D', 'C', 'A']]","{'B': 3, 'D': 3, 'A': 2, 'C': 2}","[0.79, 1.0, 0.58]",3.95
51,"[3, 4, 5]","[2, 3, 2]","[0.58, 0.75, 0.46]","[['C', 'D', 'B', 'A'], ['A', 'D', 'B', 'C'], ['D', 'B', 'A', 'C']]","{'B': 3, 'D': 3, 'A': 2, 'C': 2}","[0.79, 1.0, 0.58]",3.95
51,"[3, 4, 5]","[2, 3, 2]","[0.58, 0.75, 0.46]","[['C', 'D', 'B', 'A'], ['A', 'D', 'B', 'C'], ['D', 'B', 'C', 'A']]","{'B': 3, 'D': 3, 'A': 2, 'C': 2}","[0.79, 1.0, 0.58]",3.95
51,"[3, 4, 5]","[2, 3, 2]","[0.58, 0.75, 0.46]","[['C', 'D', 'B', 'A'], ['A', 'D', 'C', 'B'], ['B', 'D', 'A', 'C']]","{'B': 3, 'D': 3, 'A': 2, 'C': 2}","[0.79, 1.0, 0.58]",3.95
51,"[3, 4, 5]","[2, 3, 2]","[0.58, 0.75, 0.46]","[['C', 'D', 'B', 'A'], ['A', 'D', 'C', 'B'], ['B', 'D', 'C', 'A']]","{'B': 3, 'D': 3, 'A': 2, 'C': 2}","[0.79, 1.0, 0.58]",3.95
51,"[3, 4, 5]","[2, 3, 2]","[0.58, 0.75, 0.46]","[['C', 'D', 'B', 'A'], ['A', 'D', 'C', 'B'], ['D', 'B', 'A', 'C']]","{'B': 3, 'D': 3, 'A': 2, 'C': 2}","[0.79, 1.0, 0.58]",3.95
51,"[3, 4, 5]","[2, 3, 2]","[0.58, 0.75, 0.46]","[['C', 'D', 'B', 'A'], ['A', 'D', 'C', 'B'], ['D', 'B', 'C', 'A']]","{'B': 3, 'D': 3, 'A': 2, 'C': 2}","[0.79, 1.0, 0.58]",3.95
51,"[3, 4, 5]","[2, 3, 2]","[0.58, 0.75, 0.46]","[['C', 'D', 'B', 'A'], ['B', 'D', 'A', 'C'], ['A', 'D', 'B', 'C']]","{'B': 3, 'D': 3, 'A': 2, 'C': 2}","[0.79, 1.0, 0.58]",3.95
51,"[3, 4, 5]","[2, 3, 2]","[0.58, 0.75, 0.46]","[['C', 'D', 'B', 'A'], ['B', 'D', 'A', 'C'], ['A', 'D', 'C', 'B']]","{'B': 3, 'D': 3, 'A': 2, 'C': 2}","[0.79, 1.0, 0.58]",3.95
51,"[3, 4, 5]","[2, 3, 2]","[0.58, 0.75, 0.46]","[['C', 'D', 'B', 'A'], ['B', 'D', 'A', 'C'], ['B', 'D', 'A', 'C']]","{'B': 4, 'D': 3, 'C': 2, 'A': 1}","[0.67, 1.0, 0.75]",3.96
51,"[3, 4, 5]","[2, 3, 2]","[0.58, 0.75, 0.46]","[['C', 'D', 'B', 'A'], ['B', 'D', 'A', 'C'], ['B', 'D', 'C', 'A']]","{'B': 4, 'D': 3, 'C': 2, 'A': 1}","[0.67, 1.0, 0.75]",3.96
51,"[3, 4, 5]","[2, 3, 2]","[0.58, 0.75, 0.46]","[['C', 'D', 'B', 'A'], ['B', 'D', 'A', 'C'], ['D', 'A', 'B', 'C']]","{'B': 3, 'D': 3, 'A': 2, 'C': 2}","[0.79, 1.0, 0.58]",3.95
51,"[3, 4, 5]","[2, 3, 2]","[0.58, 0.75, 0.46]","[['C', 'D', 'B', 'A'], ['B', 'D', 'A', 'C'], ['D', 'A', 'C', 'B']]","{'B': 3, 'D': 3, 'A': 2, 'C': 2}","[0.79, 1.0, 0.58]",3.95
51,"[3, 4, 5]","[2, 3, 2]","[0.58, 0.75, 0.46]","[['C', 'D', 'B', 'A'], ['B', 'D', 'A', 'C'], ['D', 'B', 'A', 'C']]","{'B': 4, 'D': 3, 'C': 2, 'A': 1}","[0.67, 1.0, 0.75]",3.96
51,"[3, 4, 5]","[2, 3, 2]","[0.58, 0.75, 0.46]","[['C', 'D', 'B', 'A'], ['B', 'D', 'A', 'C'], ['D', 'B', 'C', 'A']]","{'B': 4, 'D': 3, 'C': 2, 'A': 1}","[0.67, 1.0, 0.75]",3.96
51,"[3, 4, 5]","[2, 3, 2]","[0.58, 0.75, 0.46]","[['C', 'D', 'B', 'A'], ['B', 'D', 'C', 'A'], ['A', 'D', 'B', 'C']]","{'B': 3, 'D': 3, 'A': 2, 'C': 2}","[0.79, 1.0, 0.58]",3.95
51,"[3, 4, 5]","[2, 3, 2]","[0.58, 0.75, 0.46]","[['C', 'D', 'B', 'A'], ['B', 'D', 'C', 'A'], ['A', 'D', 'C', 'B']]","{'B': 3, 'D': 3, 'A': 2, 'C': 2}","[0.79, 1.0, 0.58]",3.95
51,"[3, 4, 5]","[2, 3, 2]","[0.58, 0.75, 0.46]","[['C', 'D', 'B', 'A'], ['B', 'D', 'C', 'A'], ['B', 'D', 'A', 'C']]","{'B': 4, 'D': 3, 'C': 2, 'A': 1}","[0.67, 1.0, 0.75]",3.96
51,"[3, 4, 5]","[2, 3, 2]","[0.58, 0.75, 0.46]","[['C', 'D', 'B', 'A'], ['B', 'D', 'C', 'A'], ['B', 'D', 'C', 'A']]","{'B': 4, 'D': 3, 'C': 2, 'A': 1}","[0.67, 1.0, 0.75]",3.96
51,"[3, 4, 5]","[2, 3, 2]","[0.58, 0.75, 0.46]","[['C', 'D', 'B', 'A'], ['B', 'D', 'C', 'A'], ['D', 'A', 'B', 'C']]","{'B': 3, 'D': 3, 'A': 2, 'C': 2}","[0.79, 1.0, 0.58]",3.95
51,"[3, 4, 5]","[2, 3, 2]","[0.58, 0.75, 0.46]","[['C', 'D', 'B', 'A'], ['B', 'D', 'C', 'A'], ['D', 'A', 'C', 'B']]","{'B': 3, 'D': 3, 'A': 2, 'C': 2}","[0.79, 1.0, 0.58]",3.95
51,"[3, 4, 5]","[2, 3, 2]","[0.58, 0.75, 0.46]","[['C', 'D', 'B', 'A'], ['B', 'D', 'C', 'A'], ['D', 'B', 'A', 'C']]","{'B': 4, 'D': 3, 'C': 2, 'A': 1}","[0.67, 1.0, 0.75]",3.96
51,"[3, 4, 5]","[2, 3, 2]","[0.58, 0.75, 0.46]","[['C', 'D', 'B', 'A'], ['B', 'D', 'C', 'A'], ['D', 'B', 'C', 'A']]","{'B': 4, 'D': 3, 'C': 2, 'A': 1}","[0.67, 1.0, 0.75]",3.96
51,"[3, 4, 5]","[2, 3, 2]","[0.58, 0.75, 0.46]","[['C', 'D', 'B', 'A'], ['D', 'A', 'B', 'C'], ['B', 'D', 'A', 'C']]","{'B': 3, 'D': 3, 'A': 2, 'C': 2}","[0.79, 1.0, 0.58]",3.95
51,"[3, 4, 5]","[2, 3, 2]","[0.58, 0.75, 0.46]","[['C', 'D', 'B', 'A'], ['D', 'A', 'B', 'C'], ['B', 'D', 'C', 'A']]","{'B': 3, 'D': 3, 'A': 2, 'C': 2}","[0.79, 1.0, 0.58]",3.95
51,"[3, 4, 5]","[2, 3, 2]","[0.58, 0.75, 0.46]","[['C', 'D', 'B', 'A'], ['D', 'A', 'B', 'C'], ['D', 'B', 'A', 'C']]","{'B': 3, 'D': 3, 'A': 2, 'C': 2}","[0.79, 1.0, 0.58]",3.95
51,"[3, 4, 5]","[2, 3, 2]","[0.58, 0.75, 0.46]","[['C', 'D', 'B', 'A'], ['D', 'A', 'B', 'C'], ['D', 'B', 'C', 'A']]","{'B': 3, 'D': 3, 'A': 2, 'C': 2}","[0.79, 1.0, 0.58]",3.95
51,"[3, 4, 5]","[2, 3, 2]","[0.58, 0.75, 0.46]","[['C', 'D', 'B', 'A'], ['D', 'A', 'C', 'B'], ['B', 'D', 'A', 'C']]","{'B': 3, 'D': 3, 'A': 2, 'C': 2}","[0.79, 1.0, 0.58]",3.95
51,"[3, 4, 5]","[2, 3, 2]","[0.58, 0.75, 0.46]","[['C', 'D', 'B', 'A'], ['D', 'A', 'C', 'B'], ['B', 'D', 'C', 'A']]","{'B': 3, 'D': 3, 'A': 2, 'C': 2}","[0.79, 1.0, 0.58]",3.95
51,"[3, 4, 5]","[2, 3, 2]","[0.58, 0.75, 0.46]","[['C', 'D', 'B', 'A'], ['D', 'A', 'C', 'B'], ['D', 'B', 'A', 'C']]","{'B': 3, 'D': 3, 'A': 2, 'C': 2}","[0.79, 1.0, 0.58]",3.95
51,"[3, 4, 5]","[2, 3, 2]","[0.58, 0.75, 0.46]","[['C', 'D', 'B', 'A'], ['D', 'A', 'C', 'B'], ['D', 'B', 'C', 'A']]","{'B': 3, 'D': 3, 'A': 2, 'C': 2}","[0.79, 1.0, 0.58]",3.95
51,"[3, 4, 5]","[2, 3, 2]","[0.58, 0.75, 0.46]","[['C', 'D', 'B', 'A'], ['D', 'B', 'A', 'C'], ['A', 'D', 'B', 'C']]","{'B': 3, 'D': 3, 'A': 2, 'C': 2}","[0.79, 1.0, 0.58]",3.95
51,"[3, 4, 5]","[2, 3, 2]","[0.58, 0.75, 0.46]","[['C', 'D', 'B', 'A'], ['D', 'B', 'A', 'C'], ['A', 'D', 'C', 'B']]","{'B': 3, 'D': 3, 'A': 2, 'C': 2}","[0.79, 1.0, 0.58]",3.95
51,"[3, 4, 5]","[2, 3, 2]","[0.58, 0.75, 0.46]","[['C', 'D', 'B', 'A'], ['D', 'B', 'A', 'C'], ['B', 'D', 'A', 'C']]","{'B': 4, 'D': 3, 'C': 2, 'A': 1}","[0.67, 1.0, 0.75]",3.96
51,"[3, 4, 5]","[2, 3, 2]","[0.58, 0.75, 0.46]","[['C', 'D', 'B', 'A'], ['D', 'B', 'A', 'C'], ['B', 'D', 'C', 'A']]","{'B': 4, 'D': 3, 'C': 2, 'A': 1}","[0.67, 1.0, 0.75]",3.96
51,"[3, 4, 5]","[2, 3, 2]","[0.58, 0.75, 0.46]","[['C', 'D', 'B', 'A'], ['D', 'B', 'A', 'C'], ['D', 'A', 'B', 'C']]","{'B': 3, 'D': 3, 'A': 2, 'C': 2}","[0.79, 1.0, 0.58]",3.95
51,"[3, 4, 5]","[2, 3, 2]","[0.58, 0.75, 0.46]","[['C', 'D', 'B', 'A'], ['D', 'B', 'A', 'C'], ['D', 'A', 'C', 'B']]","{'B': 3, 'D': 3, 'A': 2, 'C': 2}","[0.79, 1.0, 0.58]",3.95
51,"[3, 4, 5]","[2, 3, 2]","[0.58, 0.75, 0.46]","[['C', 'D', 'B', 'A'], ['D', 'B', 'A', 'C'], ['D', 'B', 'A', 'C']]","{'B': 4, 'D': 3, 'C': 2, 'A': 1}","[0.67, 1.0, 0.75]",3.96
51,"[3, 4, 5]","[2, 3, 2]","[0.58, 0.75, 0.46]","[['C', 'D', 'B', 'A'], ['D', 'B', 'A', 'C'], ['D', 'B', 'C', 'A']]","{'B': 4, 'D': 3, 'C': 2, 'A': 1}","[0.67, 1.0, 0.75]",3.96
51,"[3, 4, 5]","[2, 3, 2]","[0.58, 0.75, 0.46]","[['C', 'D', 'B', 'A'], ['D', 'B', 'C', 'A'], ['A', 'D', 'B', 'C']]","{'B': 3, 'D': 3, 'A': 2, 'C': 2}","[0.79, 1.0, 0.58]",3.95
51,"[3, 4, 5]","[2, 3, 2]","[0.58, 0.75, 0.46]","[['C', 'D', 'B', 'A'], ['D', 'B', 'C', 'A'], ['A', 'D', 'C', 'B']]","{'B': 3, 'D': 3, 'A': 2, 'C': 2}","[0.79, 1.0, 0.58]",3.95
51,"[3, 4, 5]","[2, 3, 2]","[0.58, 0.75, 0.46]","[['C', 'D', 'B', 'A'], ['D', 'B', 'C', 'A'], ['B', 'D', 'A', 'C']]","{'B': 4, 'D': 3, 'C': 2, 'A': 1}","[0.67, 1.0, 0.75]",3.96
51,"[3, 4, 5]","[2, 3, 2]","[0.58, 0.75, 0.46]","[['C', 'D', 'B', 'A'], ['D', 'B', 'C', 'A'], ['B', 'D', 'C', 'A']]","{'B': 4, 'D': 3, 'C': 2, 'A': 1}","[0.67, 1.0, 0.75]",3.96
51,"[3, 4, 5]","[2, 3, 2]","[0.58, 0.75, 0.46]","[['C', 'D', 'B', 'A'], ['D', 'B', 'C', 'A'], ['D', 'A', 'B', 'C']]","{'B': 3, 'D': 3, 'A': 2, 'C': 2}","[0.79, 1.0, 0.58]",3.95
51,"[3, 4, 5]","[2, 3, 2]","[0.58, 0.75, 0.46]","[['C', 'D', 'B', 'A'], ['D', 'B', 'C', 'A'], ['D', 'A', 'C', 'B']]","{'B': 3, 'D': 3, 'A': 2, 'C': 2}","[0.79, 1.0, 0.58]",3.95
51,"[3, 4, 5]","[2, 3, 2]","[0.58, 0.75, 0.46]","[['C', 'D', 'B', 'A'], ['D', 'B', 'C', 'A'], ['D', 'B', 'A', 'C']]","{'B': 4, 'D': 3, 'C': 2, 'A': 1}","[0.67, 1.0, 0.75]",3.96
51,"[3, 4, 5]","[2, 3, 2]","[0.58, 0.75, 0.46]","[['C', 'D', 'B', 'A'], ['D', 'B', 'C', 'A'], ['D', 'B', 'C', 'A']]","{'B': 4, 'D': 3, 'C': 2, 'A': 1}","[0.67, 1.0, 0.75]",3.96
51,"[3, 4, 5]","[2, 3, 2]","[0.58, 0.75, 0.46]","[['D', 'A', 'B', 'C'], ['B', 'D', 'A', 'C'], ['B', 'D', 'A', 'C']]","{'B': 4, 'D': 3, 'A': 2, 'C': 1}","[0.79, 1.0, 0.58]",3.95
51,"[3, 4, 5]","[2, 3, 2]","[0.58, 0.75, 0.46]","[['D', 'A', 'B', 'C'], ['B', 'D', 'A', 'C'], ['B', 'D', 'C', 'A']]","{'B': 4, 'D': 3, 'A': 2, 'C': 1}","[0.79, 1.0, 0.58]",3.95
51,"[3, 4, 5]","[2, 3, 2]","[0.58, 0.75, 0.46]","[['D', 'A', 'B', 'C'], ['B', 'D', 'A', 'C'], ['C', 'D', 'A', 'B']]","{'B': 3, 'D': 3, 'A': 2, 'C': 2}","[0.79, 1.0, 0.58]",3.95
51,"[3, 4, 5]","[2, 3, 2]","[0.58, 0.75, 0.46]","[['D', 'A', 'B', 'C'], ['B', 'D', 'A', 'C'], ['C', 'D', 'B', 'A']]","{'B': 3, 'D': 3, 'A': 2, 'C': 2}","[0.79, 1.0, 0.58]",3.95
51,"[3, 4, 5]","[2, 3, 2]","[0.58, 0.75, 0.46]","[['D', 'A', 'B', 'C'], ['B', 'D', 'A', 'C'], ['D', 'B', 'A', 'C']]","{'B': 4, 'D': 3, 'A': 2, 'C': 1}","[0.79, 1.0, 0.58]",3.95
51,"[3, 4, 5]","[2, 3, 2]","[0.58, 0.75, 0.46]","[['D', 'A', 'B', 'C'], ['B', 'D', 'A', 'C'], ['D', 'B', 'C', 'A']]","{'B': 4, 'D': 3, 'A': 2, 'C': 1}","[0.79, 1.0, 0.58]",3.95
51,"[3, 4, 5]","[2, 3, 2]","[0.58, 0.75, 0.46]","[['D', 'A', 'B', 'C'], ['B', 'D', 'A', 'C'], ['D', 'C', 'A', 'B']]","{'B': 3, 'D': 3, 'A': 2, 'C': 2}","[0.79, 1.0, 0.58]",3.95
51,"[3, 4, 5]","[2, 3, 2]","[0.58, 0.75, 0.46]","[['D', 'A', 'B', 'C'], ['B', 'D', 'A', 'C'], ['D', 'C', 'B', 'A']]","{'B': 3, 'D': 3, 'A': 2, 'C': 2}","[0.79, 1.0, 0.58]",3.95
51,"[3, 4, 5]","[2, 3, 2]","[0.58, 0.75, 0.46]","[['D', 'A', 'B', 'C'], ['B', 'D', 'C', 'A'], ['B', 'D', 'A', 'C']]","{'B': 4, 'D': 3, 'A': 2, 'C': 1}","[0.79, 1.0, 0.58]",3.95
51,"[3, 4, 5]","[2, 3, 2]","[0.58, 0.75, 0.46]","[['D', 'A', 'B', 'C'], ['B', 'D', 'C', 'A'], ['B', 'D', 'C', 'A']]","{'B': 4, 'D': 3, 'A': 2, 'C': 1}","[0.79, 1.0, 0.58]",3.95
51,"[3, 4, 5]","[2, 3, 2]","[0.58, 0.75, 0.46]","[['D', 'A', 'B', 'C'], ['B', 'D', 'C', 'A'], ['C', 'D', 'A', 'B']]","{'B': 3, 'D': 3, 'A': 2, 'C': 2}","[0.79, 1.0, 0.58]",3.95
51,"[3, 4, 5]","[2, 3, 2]","[0.58, 0.75, 0.46]","[['D', 'A', 'B', 'C'], ['B', 'D', 'C', 'A'], ['C', 'D', 'B', 'A']]","{'B': 3, 'D': 3, 'A': 2, 'C': 2}","[0.79, 1.0, 0.58]",3.95
51,"[3, 4, 5]","[2, 3, 2]","[0.58, 0.75, 0.46]","[['D', 'A', 'B', 'C'], ['B', 'D', 'C', 'A'], ['D', 'B', 'A', 'C']]","{'B': 4, 'D': 3, 'A': 2, 'C': 1}","[0.79, 1.0, 0.58]",3.95
51,"[3, 4, 5]","[2, 3, 2]","[0.58, 0.75, 0.46]","[['D', 'A', 'B', 'C'], ['B', 'D', 'C', 'A'], ['D', 'B', 'C', 'A']]","{'B': 4, 'D': 3, 'A': 2, 'C': 1}","[0.79, 1.0, 0.58]",3.95
51,"[3, 4, 5]","[2, 3, 2]","[0.58, 0.75, 0.46]","[['D', 'A', 'B', 'C'], ['B', 'D', 'C', 'A'], ['D', 'C', 'A', 'B']]","{'B': 3, 'D': 3, 'A': 2, 'C': 2}","[0.79, 1.0, 0.58]",3.95
51,"[3, 4, 5]","[2, 3, 2]","[0.58, 0.75, 0.46]","[['D', 'A', 'B', 'C'], ['B', 'D', 'C', 'A'], ['D', 'C', 'B', 'A']]","{'B': 3, 'D': 3, 'A': 2, 'C': 2}","[0.79, 1.0, 0.58]",3.95
51,"[3, 4, 5]","[2, 3, 2]","[0.58, 0.75, 0.46]","[['D', 'A', 'B', 'C'], ['C', 'D', 'A', 'B'], ['B', 'D', 'A', 'C']]","{'B': 3, 'D': 3, 'A': 2, 'C': 2}","[0.79, 1.0, 0.58]",3.95
51,"[3, 4, 5]","[2, 3, 2]","[0.58, 0.75, 0.46]","[['D', 'A', 'B', 'C'], ['C', 'D', 'A', 'B'], ['B', 'D', 'C', 'A']]","{'B': 3, 'D': 3, 'A': 2, 'C': 2}","[0.79, 1.0, 0.58]",3.95
51,"[3, 4, 5]","[2, 3, 2]","[0.58, 0.75, 0.46]","[['D', 'A', 'B', 'C'], ['C', 'D', 'A', 'B'], ['D', 'B', 'A', 'C']]","{'B': 3, 'D': 3, 'A': 2, 'C': 2}","[0.79, 1.0, 0.58]",3.95
51,"[3, 4, 5]","[2, 3, 2]","[0.58, 0.75, 0.46]","[['D', 'A', 'B', 'C'], ['C', 'D', 'A', 'B'], ['D', 'B', 'C', 'A']]","{'B': 3, 'D': 3, 'A': 2, 'C': 2}","[0.79, 1.0, 0.58]",3.95
51,"[3, 4, 5]","[2, 3, 2]","[0.58, 0.75, 0.46]","[['D', 'A', 'B', 'C'], ['C', 'D', 'B', 'A'], ['B', 'D', 'A', 'C']]","{'B': 3, 'D': 3, 'A': 2, 'C': 2}","[0.79, 1.0, 0.58]",3.95
51,"[3, 4, 5]","[2, 3, 2]","[0.58, 0.75, 0.46]","[['D', 'A', 'B', 'C'], ['C', 'D', 'B', 'A'], ['B', 'D', 'C', 'A']]","{'B': 3, 'D': 3, 'A': 2, 'C': 2}","[0.79, 1.0, 0.58]",3.95
51,"[3, 4, 5]","[2, 3, 2]","[0.58, 0.75, 0.46]","[['D', 'A', 'B', 'C'], ['C', 'D', 'B', 'A'], ['D', 'B', 'A', 'C']]","{'B': 3, 'D': 3, 'A': 2, 'C': 2}","[0.79, 1.0, 0.58]",3.95
51,"[3, 4, 5]","[2, 3, 2]","[0.58, 0.75, 0.46]","[['D', 'A', 'B', 'C'], ['C', 'D', 'B', 'A'], ['D', 'B', 'C', 'A']]","{'B': 3, 'D': 3, 'A': 2, 'C': 2}","[0.79, 1.0, 0.58]",3.95
51,"[3, 4, 5]","[2, 3, 2]","[0.58, 0.75, 0.46]","[['D', 'A', 'B', 'C'], ['D', 'B', 'A', 'C'], ['B', 'D', 'A', 'C']]","{'B': 4, 'D': 3, 'A': 2, 'C': 1}","[0.79, 1.0, 0.58]",3.95
51,"[3, 4, 5]","[2, 3, 2]","[0.58, 0.75, 0.46]","[['D', 'A', 'B', 'C'], ['D', 'B', 'A', 'C'], ['B', 'D', 'C', 'A']]","{'B': 4, 'D': 3, 'A': 2, 'C': 1}","[0.79, 1.0, 0.58]",3.95
51,"[3, 4, 5]","[2, 3, 2]","[0.58, 0.75, 0.46]","[['D', 'A', 'B', 'C'], ['D', 'B', 'A', 'C'], ['C', 'D', 'A', 'B']]","{'B': 3, 'D': 3, 'A': 2, 'C': 2}","[0.79, 1.0, 0.58]",3.95
51,"[3, 4, 5]","[2, 3, 2]","[0.58, 0.75, 0.46]","[['D', 'A', 'B', 'C'], ['D', 'B', 'A', 'C'], ['C', 'D', 'B', 'A']]","{'B': 3, 'D': 3, 'A': 2, 'C': 2}","[0.79, 1.0, 0.58]",3.95
51,"[3, 4, 5]","[2, 3, 2]","[0.58, 0.75, 0.46]","[['D', 'A', 'B', 'C'], ['D', 'B', 'A', 'C'], ['D', 'B', 'A', 'C']]","{'B': 4, 'D': 3, 'A': 2, 'C': 1}","[0.79, 1.0, 0.58]",3.95
51,"[3, 4, 5]","[2, 3, 2]","[0.58, 0.75, 0.46]","[['D', 'A', 'B', 'C'], ['D', 'B', 'A', 'C'], ['D', 'B', 'C', 'A']]","{'B': 4, 'D': 3, 'A': 2, 'C': 1}","[0.79, 1.0, 0.58]",3.95
51,"[3, 4, 5]","[2, 3, 2]","[0.58, 0.75, 0.46]","[['D', 'A', 'B', 'C'], ['D', 'B', 'A', 'C'], ['D', 'C', 'A', 'B']]","{'B': 3, 'D': 3, 'A': 2, 'C': 2}","[0.79, 1.0, 0.58]",3.95
51,"[3, 4, 5]","[2, 3, 2]","[0.58, 0.75, 0.46]","[['D', 'A', 'B', 'C'], ['D', 'B', 'A', 'C'], ['D', 'C', 'B', 'A']]","{'B': 3, 'D': 3, 'A': 2, 'C': 2}","[0.79, 1.0, 0.58]",3.95
51,"[3, 4, 5]","[2, 3, 2]","[0.58, 0.75, 0.46]","[['D', 'A', 'B', 'C'], ['D', 'B', 'C', 'A'], ['B', 'D', 'A', 'C']]","{'B': 4, 'D': 3, 'A': 2, 'C': 1}","[0.79, 1.0, 0.58]",3.95
51,"[3, 4, 5]","[2, 3, 2]","[0.58, 0.75, 0.46]","[['D', 'A', 'B', 'C'], ['D', 'B', 'C', 'A'], ['B', 'D', 'C', 'A']]","{'B': 4, 'D': 3, 'A': 2, 'C': 1}","[0.79, 1.0, 0.58]",3.95
51,"[3, 4, 5]","[2, 3, 2]","[0.58, 0.75, 0.46]","[['D', 'A', 'B', 'C'], ['D', 'B', 'C', 'A'], ['C', 'D', 'A', 'B']]","{'B': 3, 'D': 3, 'A': 2, 'C': 2}","[0.79, 1.0, 0.58]",3.95
51,"[3, 4, 5]","[2, 3, 2]","[0.58, 0.75, 0.46]","[['D', 'A', 'B', 'C'], ['D', 'B', 'C', 'A'], ['C', 'D', 'B', 'A']]","{'B': 3, 'D': 3, 'A': 2, 'C': 2}","[0.79, 1.0, 0.58]",3.95
51,"[3, 4, 5]","[2, 3, 2]","[0.58, 0.75, 0.46]","[['D', 'A', 'B', 'C'], ['D', 'B', 'C', 'A'], ['D', 'B', 'A', 'C']]","{'B': 4, 'D': 3, 'A': 2, 'C': 1}","[0.79, 1.0, 0.58]",3.95
51,"[3, 4, 5]","[2, 3, 2]","[0.58, 0.75, 0.46]","[['D', 'A', 'B', 'C'], ['D', 'B', 'C', 'A'], ['D', 'B', 'C', 'A']]","{'B': 4, 'D': 3, 'A': 2, 'C': 1}","[0.79, 1.0, 0.58]",3.95
51,"[3, 4, 5]","[2, 3, 2]","[0.58, 0.75, 0.46]","[['D', 'A', 'B', 'C'], ['D', 'B', 'C', 'A'], ['D', 'C', 'A', 'B']]","{'B': 3, 'D': 3, 'A': 2, 'C': 2}","[0.79, 1.0, 0.58]",3.95
51,"[3, 4, 5]","[2, 3, 2]","[0.58, 0.75, 0.46]","[['D', 'A', 'B', 'C'], ['D', 'B', 'C', 'A'], ['D', 'C', 'B', 'A']]","{'B': 3, 'D': 3, 'A': 2, 'C': 2}","[0.79, 1.0, 0.58]",3.95
51,"[3, 4, 5]","[2, 3, 2]","[0.58, 0.75, 0.46]","[['D', 'A', 'B', 'C'], ['D', 'C', 'A', 'B'], ['B', 'D', 'A', 'C']]","{'B': 3, 'D': 3, 'A': 2, 'C': 2}","[0.79, 1.0, 0.58]",3.95
51,"[3, 4, 5]","[2, 3, 2]","[0.58, 0.75, 0.46]","[['D', 'A', 'B', 'C'], ['D', 'C', 'A', 'B'], ['B', 'D', 'C', 'A']]","{'B': 3, 'D': 3, 'A': 2, 'C': 2}","[0.79, 1.0, 0.58]",3.95
51,"[3, 4, 5]","[2, 3, 2]","[0.58, 0.75, 0.46]","[['D', 'A', 'B', 'C'], ['D', 'C', 'A', 'B'], ['D', 'B', 'A', 'C']]","{'B': 3, 'D': 3, 'A': 2, 'C': 2}","[0.79, 1.0, 0.58]",3.95
51,"[3, 4, 5]","[2, 3, 2]","[0.58, 0.75, 0.46]","[['D', 'A', 'B', 'C'], ['D', 'C', 'A', 'B'], ['D', 'B', 'C', 'A']]","{'B': 3, 'D': 3, 'A': 2, 'C': 2}","[0.79, 1.0, 0.58]",3.95
51,"[3, 4, 5]","[2, 3, 2]","[0.58, 0.75, 0.46]","[['D', 'A', 'B', 'C'], ['D', 'C', 'B', 'A'], ['B', 'D', 'A', 'C']]","{'B': 3, 'D': 3, 'A': 2, 'C': 2}","[0.79, 1.0, 0.58]",3.95
51,"[3, 4, 5]","[2, 3, 2]","[0.58, 0.75, 0.46]","[['D', 'A', 'B', 'C'], ['D', 'C', 'B', 'A'], ['B', 'D', 'C', 'A']]","{'B': 3, 'D': 3, 'A': 2, 'C': 2}","[0.79, 1.0, 0.58]",3.95
51,"[3, 4, 5]","[2, 3, 2]","[0.58, 0.75, 0.46]","[['D', 'A', 'B', 'C'], ['D', 'C', 'B', 'A'], ['D', 'B', 'A', 'C']]","{'B': 3, 'D': 3, 'A': 2, 'C': 2}","[0.79, 1.0, 0.58]",3.95
51,"[3, 4, 5]","[2, 3, 2]","[0.58, 0.75, 0.46]","[['D', 'A', 'B', 'C'], ['D', 'C', 'B', 'A'], ['D', 'B', 'C', 'A']]","{'B': 3, 'D': 3, 'A': 2, 'C': 2}","[0.79, 1.0, 0.58]",3.95
51,"[3, 4, 5]","[2, 3, 2]","[0.58, 0.75, 0.46]","[['D', 'A', 'C', 'B'], ['B', 'D', 'A', 'C'], ['B', 'D', 'A', 'C']]","{'B': 4, 'D': 3, 'A': 2, 'C': 1}","[0.79, 1.0, 0.58]",3.95
51,"[3, 4, 5]","[2, 3, 2]","[0.58, 0.75, 0.46]","[['D', 'A', 'C', 'B'], ['B', 'D', 'A', 'C'], ['B', 'D', 'C', 'A']]","{'B': 4, 'D': 3, 'A': 2, 'C': 1}","[0.79, 1.0, 0.58]",3.95
51,"[3, 4, 5]","[2, 3, 2]","[0.58, 0.75, 0.46]","[['D', 'A', 'C', 'B'], ['B', 'D', 'A', 'C'], ['C', 'D', 'A', 'B']]","{'B': 3, 'D': 3, 'A': 2, 'C': 2}","[0.79, 1.0, 0.58]",3.95
51,"[3, 4, 5]","[2, 3, 2]","[0.58, 0.75, 0.46]","[['D', 'A', 'C', 'B'], ['B', 'D', 'A', 'C'], ['C', 'D', 'B', 'A']]","{'B': 3, 'D': 3, 'A': 2, 'C': 2}","[0.79, 1.0, 0.58]",3.95
51,"[3, 4, 5]","[2, 3, 2]","[0.58, 0.75, 0.46]","[['D', 'A', 'C', 'B'], ['B', 'D', 'A', 'C'], ['D', 'B', 'A', 'C']]","{'B': 4, 'D': 3, 'A': 2, 'C': 1}","[0.79, 1.0, 0.58]",3.95
51,"[3, 4, 5]","[2, 3, 2]","[0.58, 0.75, 0.46]","[['D', 'A', 'C', 'B'], ['B', 'D', 'A', 'C'], ['D', 'B', 'C', 'A']]","{'B': 4, 'D': 3, 'A': 2, 'C': 1}","[0.79, 1.0, 0.58]",3.95
51,"[3, 4, 5]","[2, 3, 2]","[0.58, 0.75, 0.46]","[['D', 'A', 'C', 'B'], ['B', 'D', 'A', 'C'], ['D', 'C', 'A', 'B']]","{'B': 3, 'D': 3, 'A': 2, 'C': 2}","[0.79, 1.0, 0.58]",3.95
51,"[3, 4, 5]","[2, 3, 2]","[0.58, 0.75, 0.46]","[['D', 'A', 'C', 'B'], ['B', 'D', 'A', 'C'], ['D', 'C', 'B', 'A']]","{'B': 3, 'D': 3, 'A': 2, 'C': 2}","[0.79, 1.0, 0.58]",3.95
51,"[3, 4, 5]","[2, 3, 2]","[0.58, 0.75, 0.46]","[['D', 'A', 'C', 'B'], ['B', 'D', 'C', 'A'], ['B', 'D', 'A', 'C']]","{'B': 4, 'D': 3, 'A': 2, 'C': 1}","[0.79, 1.0, 0.58]",3.95
51,"[3, 4, 5]","[2, 3, 2]","[0.58, 0.75, 0.46]","[['D', 'A', 'C', 'B'], ['B', 'D', 'C', 'A'], ['B', 'D', 'C', 'A']]","{'B': 4, 'D': 3, 'A': 2, 'C': 1}","[0.79, 1.0, 0.58]",3.95
51,"[3, 4, 5]","[2, 3, 2]","[0.58, 0.75, 0.46]","[['D', 'A', 'C', 'B'], ['B', 'D', 'C', 'A'], ['C', 'D', 'A', 'B']]","{'B': 3, 'D': 3, 'A': 2, 'C': 2}","[0.79, 1.0, 0.58]",3.95
51,"[3, 4, 5]","[2, 3, 2]","[0.58, 0.75, 0.46]","[['D', 'A', 'C', 'B'], ['B', 'D', 'C', 'A'], ['C', 'D', 'B', 'A']]","{'B': 3, 'D': 3, 'A': 2, 'C': 2}","[0.79, 1.0, 0.58]",3.95
51,"[3, 4, 5]","[2, 3, 2]","[0.58, 0.75, 0.46]","[['D', 'A', 'C', 'B'], ['B', 'D', 'C', 'A'], ['D', 'B', 'A', 'C']]","{'B': 4, 'D': 3, 'A': 2, 'C': 1}","[0.79, 1.0, 0.58]",3.95
51,"[3, 4, 5]","[2, 3, 2]","[0.58, 0.75, 0.46]","[['D', 'A', 'C', 'B'], ['B', 'D', 'C', 'A'], ['D', 'B', 'C', 'A']]","{'B': 4, 'D': 3, 'A': 2, 'C': 1}","[0.79, 1.0, 0.58]",3.95
51,"[3, 4, 5]","[2, 3, 2]","[0.58, 0.75, 0.46]","[['D', 'A', 'C', 'B'], ['B', 'D', 'C', 'A'], ['D', 'C', 'A', 'B']]","{'B': 3, 'D': 3, 'A': 2, 'C': 2}","[0.79, 1.0, 0.58]",3.95
51,"[3, 4, 5]","[2, 3, 2]","[0.58, 0.75, 0.46]","[['D', 'A', 'C', 'B'], ['B', 'D', 'C', 'A'], ['D', 'C', 'B', 'A']]","{'B': 3, 'D': 3, 'A': 2, 'C': 2}","[0.79, 1.0, 0.58]",3.95
51,"[3, 4, 5]","[2, 3, 2]","[0.58, 0.75, 0.46]","[['D', 'A', 'C', 'B'], ['C', 'D', 'A', 'B'], ['B', 'D', 'A', 'C']]","{'B': 3, 'D': 3, 'A': 2, 'C': 2}","[0.79, 1.0, 0.58]",3.95
51,"[3, 4, 5]","[2, 3, 2]","[0.58, 0.75, 0.46]","[['D', 'A', 'C', 'B'], ['C', 'D', 'A', 'B'], ['B', 'D', 'C', 'A']]","{'B': 3, 'D': 3, 'A': 2, 'C': 2}","[0.79, 1.0, 0.58]",3.95
51,"[3, 4, 5]","[2, 3, 2]","[0.58, 0.75, 0.46]","[['D', 'A', 'C', 'B'], ['C', 'D', 'A', 'B'], ['D', 'B', 'A', 'C']]","{'B': 3, 'D': 3, 'A': 2, 'C': 2}","[0.79, 1.0, 0.58]",3.95
51,"[3, 4, 5]","[2, 3, 2]","[0.58, 0.75, 0.46]","[['D', 'A', 'C', 'B'], ['C', 'D', 'A', 'B'], ['D', 'B', 'C', 'A']]","{'B': 3, 'D': 3, 'A': 2, 'C': 2}","[0.79, 1.0, 0.58]",3.95
51,"[3, 4, 5]","[2, 3, 2]","[0.58, 0.75, 0.46]","[['D', 'A', 'C', 'B'], ['C', 'D', 'B', 'A'], ['B', 'D', 'A', 'C']]","{'B': 3, 'D': 3, 'A': 2, 'C': 2}","[0.79, 1.0, 0.58]",3.95
51,"[3, 4, 5]","[2, 3, 2]","[0.58, 0.75, 0.46]","[['D', 'A', 'C', 'B'], ['C', 'D', 'B', 'A'], ['B', 'D', 'C', 'A']]","{'B': 3, 'D': 3, 'A': 2, 'C': 2}","[0.79, 1.0, 0.58]",3.95
51,"[3, 4, 5]","[2, 3, 2]","[0.58, 0.75, 0.46]","[['D', 'A', 'C', 'B'], ['C', 'D', 'B', 'A'], ['D', 'B', 'A', 'C']]","{'B': 3, 'D': 3, 'A': 2, 'C': 2}","[0.79, 1.0, 0.58]",3.95
51,"[3, 4, 5]","[2, 3, 2]","[0.58, 0.75, 0.46]","[['D', 'A', 'C', 'B'], ['C', 'D', 'B', 'A'], ['D', 'B', 'C', 'A']]","{'B': 3, 'D': 3, 'A': 2, 'C': 2}","[0.79, 1.0, 0.58]",3.95
51,"[3, 4, 5]","[2, 3, 2]","[0.58, 0.75, 0.46]","[['D', 'A', 'C', 'B'], ['D', 'B', 'A', 'C'], ['B', 'D', 'A', 'C']]","{'B': 4, 'D': 3, 'A': 2, 'C': 1}","[0.79, 1.0, 0.58]",3.95
51,"[3, 4, 5]","[2, 3, 2]","[0.58, 0.75, 0.46]","[['D', 'A', 'C', 'B'], ['D', 'B', 'A', 'C'], ['B', 'D', 'C', 'A']]","{'B': 4, 'D': 3, 'A': 2, 'C': 1}","[0.79, 1.0, 0.58]",3.95
51,"[3, 4, 5]","[2, 3, 2]","[0.58, 0.75, 0.46]","[['D', 'A', 'C', 'B'], ['D', 'B', 'A', 'C'], ['C', 'D', 'A', 'B']]","{'B': 3, 'D': 3, 'A': 2, 'C': 2}","[0.79, 1.0, 0.58]",3.95
51,"[3, 4, 5]","[2, 3, 2]","[0.58, 0.75, 0.46]","[['D', 'A', 'C', 'B'], ['D', 'B', 'A', 'C'], ['C', 'D', 'B', 'A']]","{'B': 3, 'D': 3, 'A': 2, 'C': 2}","[0.79, 1.0, 0.58]",3.95
51,"[3, 4, 5]","[2, 3, 2]","[0.58, 0.75, 0.46]","[['D', 'A', 'C', 'B'], ['D', 'B', 'A', 'C'], ['D', 'B', 'A', 'C']]","{'B': 4, 'D': 3, 'A': 2, 'C': 1}","[0.79, 1.0, 0.58]",3.95
51,"[3, 4, 5]","[2, 3, 2]","[0.58, 0.75, 0.46]","[['D', 'A', 'C', 'B'], ['D', 'B', 'A', 'C'], ['D', 'B', 'C', 'A']]","{'B': 4, 'D': 3, 'A': 2, 'C': 1}","[0.79, 1.0, 0.58]",3.95
51,"[3, 4, 5]","[2, 3, 2]","[0.58, 0.75, 0.46]","[['D', 'A', 'C', 'B'], ['D', 'B', 'A', 'C'], ['D', 'C', 'A', 'B']]","{'B': 3, 'D': 3, 'A': 2, 'C': 2}","[0.79, 1.0, 0.58]",3.95
51,"[3, 4, 5]","[2, 3, 2]","[0.58, 0.75, 0.46]","[['D', 'A', 'C', 'B'], ['D', 'B', 'A', 'C'], ['D', 'C', 'B', 'A']]","{'B': 3, 'D': 3, 'A': 2, 'C': 2}","[0.79, 1.0, 0.58]",3.95
51,"[3, 4, 5]","[2, 3, 2]","[0.58, 0.75, 0.46]","[['D', 'A', 'C', 'B'], ['D', 'B', 'C', 'A'], ['B', 'D', 'A', 'C']]","{'B': 4, 'D': 3, 'A': 2, 'C': 1}","[0.79, 1.0, 0.58]",3.95
51,"[3, 4, 5]","[2, 3, 2]","[0.58, 0.75, 0.46]","[['D', 'A', 'C', 'B'], ['D', 'B', 'C', 'A'], ['B', 'D', 'C', 'A']]","{'B': 4, 'D': 3, 'A': 2, 'C': 1}","[0.79, 1.0, 0.58]",3.95
51,"[3, 4, 5]","[2, 3, 2]","[0.58, 0.75, 0.46]","[['D', 'A', 'C', 'B'], ['D', 'B', 'C', 'A'], ['C', 'D', 'A', 'B']]","{'B': 3, 'D': 3, 'A': 2, 'C': 2}","[0.79, 1.0, 0.58]",3.95
51,"[3, 4, 5]","[2, 3, 2]","[0.58, 0.75, 0.46]","[['D', 'A', 'C', 'B'], ['D', 'B', 'C', 'A'], ['C', 'D', 'B', 'A']]","{'B': 3, 'D': 3, 'A': 2, 'C': 2}","[0.79, 1.0, 0.58]",3.95
51,"[3, 4, 5]","[2, 3, 2]","[0.58, 0.75, 0.46]","[['D', 'A', 'C', 'B'], ['D', 'B', 'C', 'A'], ['D', 'B', 'A', 'C']]","{'B': 4, 'D': 3, 'A': 2, 'C': 1}","[0.79, 1.0, 0.58]",3.95
51,"[3, 4, 5]","[2, 3, 2]","[0.58, 0.75, 0.46]","[['D', 'A', 'C', 'B'], ['D', 'B', 'C', 'A'], ['D', 'B', 'C', 'A']]","{'B': 4, 'D': 3, 'A': 2, 'C': 1}","[0.79, 1.0, 0.58]",3.95
51,"[3, 4, 5]","[2, 3, 2]","[0.58, 0.75, 0.46]","[['D', 'A', 'C', 'B'], ['D', 'B', 'C', 'A'], ['D', 'C', 'A', 'B']]","{'B': 3, 'D': 3, 'A': 2, 'C': 2}","[0.79, 1.0, 0.58]",3.95
51,"[3, 4, 5]","[2, 3, 2]","[0.58, 0.75, 0.46]","[['D', 'A', 'C', 'B'], ['D', 'B', 'C', 'A'], ['D', 'C', 'B', 'A']]","{'B': 3, 'D': 3, 'A': 2, 'C': 2}","[0.79, 1.0, 0.58]",3.95
51,"[3, 4, 5]","[2, 3, 2]","[0.58, 0.75, 0.46]","[['D', 'A', 'C', 'B'], ['D', 'C', 'A', 'B'], ['B', 'D', 'A', 'C']]","{'B': 3, 'D': 3, 'A': 2, 'C': 2}","[0.79, 1.0, 0.58]",3.95
51,"[3, 4, 5]","[2, 3, 2]","[0.58, 0.75, 0.46]","[['D', 'A', 'C', 'B'], ['D', 'C', 'A', 'B'], ['B', 'D', 'C', 'A']]","{'B': 3, 'D': 3, 'A': 2, 'C': 2}","[0.79, 1.0, 0.58]",3.95
51,"[3, 4, 5]","[2, 3, 2]","[0.58, 0.75, 0.46]","[['D', 'A', 'C', 'B'], ['D', 'C', 'A', 'B'], ['D', 'B', 'A', 'C']]","{'B': 3, 'D': 3, 'A': 2, 'C': 2}","[0.79, 1.0, 0.58]",3.95
51,"[3, 4, 5]","[2, 3, 2]","[0.58, 0.75, 0.46]","[['D', 'A', 'C', 'B'], ['D', 'C', 'A', 'B'], ['D', 'B', 'C', 'A']]","{'B': 3, 'D': 3, 'A': 2, 'C': 2}","[0.79, 1.0, 0.58]",3.95
51,"[3, 4, 5]","[2, 3, 2]","[0.58, 0.75, 0.46]","[['D', 'A', 'C', 'B'], ['D', 'C', 'B', 'A'], ['B', 'D', 'A', 'C']]","{'B': 3, 'D': 3, 'A': 2, 'C': 2}","[0.79, 1.0, 0.58]",3.95
51,"[3, 4, 5]","[2, 3, 2]","[0.58, 0.75, 0.46]","[['D', 'A', 'C', 'B'], ['D', 'C', 'B', 'A'], ['B', 'D', 'C', 'A']]","{'B': 3, 'D': 3, 'A': 2, 'C': 2}","[0.79, 1.0, 0.58]",3.95
51,"[3, 4, 5]","[2, 3, 2]","[0.58, 0.75, 0.46]","[['D', 'A', 'C', 'B'], ['D', 'C', 'B', 'A'], ['D', 'B', 'A', 'C']]","{'B': 3, 'D': 3, 'A': 2, 'C': 2}","[0.79, 1.0, 0.58]",3.95
51,"[3, 4, 5]","[2, 3, 2]","[0.58, 0.75, 0.46]","[['D', 'A', 'C', 'B'], ['D', 'C', 'B', 'A'], ['D', 'B', 'C', 'A']]","{'B': 3, 'D': 3, 'A': 2, 'C': 2}","[0.79, 1.0, 0.58]",3.95
51,"[3, 4, 5]","[2, 3, 2]","[0.58, 0.75, 0.46]","[['D', 'B', 'A', 'C'], ['A', 'D', 'B', 'C'], ['B', 'D', 'A', 'C']]","{'B': 4, 'D': 3, 'A': 2, 'C': 1}","[0.79, 1.0, 0.58]",3.95
51,"[3, 4, 5]","[2, 3, 2]","[0.58, 0.75, 0.46]","[['D', 'B', 'A', 'C'], ['A', 'D', 'B', 'C'], ['B', 'D', 'C', 'A']]","{'B': 4, 'D': 3, 'A': 2, 'C': 1}","[0.79, 1.0, 0.58]",3.95
51,"[3, 4, 5]","[2, 3, 2]","[0.58, 0.75, 0.46]","[['D', 'B', 'A', 'C'], ['A', 'D', 'B', 'C'], ['C', 'D', 'A', 'B']]","{'B': 3, 'D': 3, 'A': 2, 'C': 2}","[0.79, 1.0, 0.58]",3.95
51,"[3, 4, 5]","[2, 3, 2]","[0.58, 0.75, 0.46]","[['D', 'B', 'A', 'C'], ['A', 'D', 'B', 'C'], ['C', 'D', 'B', 'A']]","{'B': 3, 'D': 3, 'A': 2, 'C': 2}","[0.79, 1.0, 0.58]",3.95
51,"[3, 4, 5]","[2, 3, 2]","[0.58, 0.75, 0.46]","[['D', 'B', 'A', 'C'], ['A', 'D', 'B', 'C'], ['D', 'B', 'A', 'C']]","{'B': 4, 'D': 3, 'A': 2, 'C': 1}","[0.79, 1.0, 0.58]",3.95
51,"[3, 4, 5]","[2, 3, 2]","[0.58, 0.75, 0.46]","[['D', 'B', 'A', 'C'], ['A', 'D', 'B', 'C'], ['D', 'B', 'C', 'A']]","{'B': 4, 'D': 3, 'A': 2, 'C': 1}","[0.79, 1.0, 0.58]",3.95
51,"[3, 4, 5]","[2, 3, 2]","[0.58, 0.75, 0.46]","[['D', 'B', 'A', 'C'], ['A', 'D', 'B', 'C'], ['D', 'C', 'A', 'B']]","{'B': 3, 'D': 3, 'A': 2, 'C': 2}","[0.79, 1.0, 0.58]",3.95
51,"[3, 4, 5]","[2, 3, 2]","[0.58, 0.75, 0.46]","[['D', 'B', 'A', 'C'], ['A', 'D', 'B', 'C'], ['D', 'C', 'B', 'A']]","{'B': 3, 'D': 3, 'A': 2, 'C': 2}","[0.79, 1.0, 0.58]",3.95
51,"[3, 4, 5]","[2, 3, 2]","[0.58, 0.75, 0.46]","[['D', 'B', 'A', 'C'], ['A', 'D', 'C', 'B'], ['B', 'D', 'A', 'C']]","{'B': 4, 'D': 3, 'A': 2, 'C': 1}","[0.79, 1.0, 0.58]",3.95
51,"[3, 4, 5]","[2, 3, 2]","[0.58, 0.75, 0.46]","[['D', 'B', 'A', 'C'], ['A', 'D', 'C', 'B'], ['B', 'D', 'C', 'A']]","{'B': 4, 'D': 3, 'A': 2, 'C': 1}","[0.79, 1.0, 0.58]",3.95
51,"[3, 4, 5]","[2, 3, 2]","[0.58, 0.75, 0.46]","[['D', 'B', 'A', 'C'], ['A', 'D', 'C', 'B'], ['C', 'D', 'A', 'B']]","{'B': 3, 'D': 3, 'A': 2, 'C': 2}","[0.79, 1.0, 0.58]",3.95
51,"[3, 4, 5]","[2, 3, 2]","[0.58, 0.75, 0.46]","[['D', 'B', 'A', 'C'], ['A', 'D', 'C', 'B'], ['C', 'D', 'B', 'A']]","{'B': 3, 'D': 3, 'A': 2, 'C': 2}","[0.79, 1.0, 0.58]",3.95
51,"[3, 4, 5]","[2, 3, 2]","[0.58, 0.75, 0.46]","[['D', 'B', 'A', 'C'], ['A', 'D', 'C', 'B'], ['D', 'B', 'A', 'C']]","{'B': 4, 'D': 3, 'A': 2, 'C': 1}","[0.79, 1.0, 0.58]",3.95
51,"[3, 4, 5]","[2, 3, 2]","[0.58, 0.75, 0.46]","[['D', 'B', 'A', 'C'], ['A', 'D', 'C', 'B'], ['D', 'B', 'C', 'A']]","{'B': 4, 'D': 3, 'A': 2, 'C': 1}","[0.79, 1.0, 0.58]",3.95
51,"[3, 4, 5]","[2, 3, 2]","[0.58, 0.75, 0.46]","[['D', 'B', 'A', 'C'], ['A', 'D', 'C', 'B'], ['D', 'C', 'A', 'B']]","{'B': 3, 'D': 3, 'A': 2, 'C': 2}","[0.79, 1.0, 0.58]",3.95
51,"[3, 4, 5]","[2, 3, 2]","[0.58, 0.75, 0.46]","[['D', 'B', 'A', 'C'], ['A', 'D', 'C', 'B'], ['D', 'C', 'B', 'A']]","{'B': 3, 'D': 3, 'A': 2, 'C': 2}","[0.79, 1.0, 0.58]",3.95
51,"[3, 4, 5]","[2, 3, 2]","[0.58, 0.75, 0.46]","[['D', 'B', 'A', 'C'], ['B', 'D', 'A', 'C'], ['A', 'D', 'B', 'C']]","{'B': 4, 'D': 3, 'A': 2, 'C': 1}","[0.79, 1.0, 0.58]",3.95
51,"[3, 4, 5]","[2, 3, 2]","[0.58, 0.75, 0.46]","[['D', 'B', 'A', 'C'], ['B', 'D', 'A', 'C'], ['A', 'D', 'C', 'B']]","{'B': 4, 'D': 3, 'A': 2, 'C': 1}","[0.79, 1.0, 0.58]",3.95
51,"[3, 4, 5]","[2, 3, 2]","[0.58, 0.75, 0.46]","[['D', 'B', 'A', 'C'], ['B', 'D', 'A', 'C'], ['B', 'D', 'A', 'C']]","{'B': 5, 'D': 3, 'A': 1, 'C': 1}","[0.79, 1.0, 0.58]",3.95
51,"[3, 4, 5]","[2, 3, 2]","[0.58, 0.75, 0.46]","[['D', 'B', 'A', 'C'], ['B', 'D', 'A', 'C'], ['B', 'D', 'C', 'A']]","{'B': 5, 'D': 3, 'A': 1, 'C': 1}","[0.79, 1.0, 0.58]",3.95
51,"[3, 4, 5]","[2, 3, 2]","[0.58, 0.75, 0.46]","[['D', 'B', 'A', 'C'], ['B', 'D', 'A', 'C'], ['C', 'D', 'A', 'B']]","{'B': 4, 'D': 3, 'C': 2, 'A': 1}","[0.67, 1.0, 0.75]",3.96
51,"[3, 4, 5]","[2, 3, 2]","[0.58, 0.75, 0.46]","[['D', 'B', 'A', 'C'], ['B', 'D', 'A', 'C'], ['C', 'D', 'B', 'A']]","{'B': 4, 'D': 3, 'C': 2, 'A': 1}","[0.67, 1.0, 0.75]",3.96
51,"[3, 4, 5]","[2, 3, 2]","[0.58, 0.75, 0.46]","[['D', 'B', 'A', 'C'], ['B', 'D', 'A', 'C'], ['D', 'A', 'B', 'C']]","{'B': 4, 'D': 3, 'A': 2, 'C': 1}","[0.79, 1.0, 0.58]",3.95
51,"[3, 4, 5]","[2, 3, 2]","[0.58, 0.75, 0.46]","[['D', 'B', 'A', 'C'], ['B', 'D', 'A', 'C'], ['D', 'A', 'C', 'B']]","{'B': 4, 'D': 3, 'A': 2, 'C': 1}","[0.79, 1.0, 0.58]",3.95
51,"[3, 4, 5]","[2, 3, 2]","[0.58, 0.75, 0.46]","[['D', 'B', 'A', 'C'], ['B', 'D', 'A', 'C'], ['D', 'B', 'A', 'C']]","{'B': 5, 'D': 3, 'A': 1, 'C': 1}","[0.79, 1.0, 0.58]",3.95
51,"[3, 4, 5]","[2, 3, 2]","[0.58, 0.75, 0.46]","[['D', 'B', 'A', 'C'], ['B', 'D', 'A', 'C'], ['D', 'B', 'C', 'A']]","{'B': 5, 'D': 3, 'A': 1, 'C': 1}","[0.79, 1.0, 0.58]",3.95
51,"[3, 4, 5]","[2, 3, 2]","[0.58, 0.75, 0.46]","[['D', 'B', 'A', 'C'], ['B', 'D', 'A', 'C'], ['D', 'C', 'A', 'B']]","{'B': 4, 'D': 3, 'C': 2, 'A': 1}","[0.67, 1.0, 0.75]",3.96
51,"[3, 4, 5]","[2, 3, 2]","[0.58, 0.75, 0.46]","[['D', 'B', 'A', 'C'], ['B', 'D', 'A', 'C'], ['D', 'C', 'B', 'A']]","{'B': 4, 'D': 3, 'C': 2, 'A': 1}","[0.67, 1.0, 0.75]",3.96
51,"[3, 4, 5]","[2, 3, 2]","[0.58, 0.75, 0.46]","[['D', 'B', 'A', 'C'], ['B', 'D', 'C', 'A'], ['A', 'D', 'B', 'C']]","{'B': 4, 'D': 3, 'A': 2, 'C': 1}","[0.79, 1.0, 0.58]",3.95
51,"[3, 4, 5]","[2, 3, 2]","[0.58, 0.75, 0.46]","[['D', 'B', 'A', 'C'], ['B', 'D', 'C', 'A'], ['A', 'D', 'C', 'B']]","{'B': 4, 'D': 3, 'A': 2, 'C': 1}","[0.79, 1.0, 0.58]",3.95
51,"[3, 4, 5]","[2, 3, 2]","[0.58, 0.75, 0.46]","[['D', 'B', 'A', 'C'], ['B', 'D', 'C', 'A'], ['B', 'D', 'A', 'C']]","{'B': 5, 'D': 3, 'A': 1, 'C': 1}","[0.79, 1.0, 0.58]",3.95
51,"[3, 4, 5]","[2, 3, 2]","[0.58, 0.75, 0.46]","[['D', 'B', 'A', 'C'], ['B', 'D', 'C', 'A'], ['B', 'D', 'C', 'A']]","{'B': 5, 'D': 3, 'A': 1, 'C': 1}","[0.79, 1.0, 0.58]",3.95
51,"[3, 4, 5]","[2, 3, 2]","[0.58, 0.75, 0.46]","[['D', 'B', 'A', 'C'], ['B', 'D', 'C', 'A'], ['C', 'D', 'A', 'B']]","{'B': 4, 'D': 3, 'C': 2, 'A': 1}","[0.67, 1.0, 0.75]",3.96
51,"[3, 4, 5]","[2, 3, 2]","[0.58, 0.75, 0.46]","[['D', 'B', 'A', 'C'], ['B', 'D', 'C', 'A'], ['C', 'D', 'B', 'A']]","{'B': 4, 'D': 3, 'C': 2, 'A': 1}","[0.67, 1.0, 0.75]",3.96
51,"[3, 4, 5]","[2, 3, 2]","[0.58, 0.75, 0.46]","[['D', 'B', 'A', 'C'], ['B', 'D', 'C', 'A'], ['D', 'A', 'B', 'C']]","{'B': 4, 'D': 3, 'A': 2, 'C': 1}","[0.79, 1.0, 0.58]",3.95
51,"[3, 4, 5]","[2, 3, 2]","[0.58, 0.75, 0.46]","[['D', 'B', 'A', 'C'], ['B', 'D', 'C', 'A'], ['D', 'A', 'C', 'B']]","{'B': 4, 'D': 3, 'A': 2, 'C': 1}","[0.79, 1.0, 0.58]",3.95
51,"[3, 4, 5]","[2, 3, 2]","[0.58, 0.75, 0.46]","[['D', 'B', 'A', 'C'], ['B', 'D', 'C', 'A'], ['D', 'B', 'A', 'C']]","{'B': 5, 'D': 3, 'A': 1, 'C': 1}","[0.79, 1.0, 0.58]",3.95
51,"[3, 4, 5]","[2, 3, 2]","[0.58, 0.75, 0.46]","[['D', 'B', 'A', 'C'], ['B', 'D', 'C', 'A'], ['D', 'B', 'C', 'A']]","{'B': 5, 'D': 3, 'A': 1, 'C': 1}","[0.79, 1.0, 0.58]",3.95
51,"[3, 4, 5]","[2, 3, 2]","[0.58, 0.75, 0.46]","[['D', 'B', 'A', 'C'], ['B', 'D', 'C', 'A'], ['D', 'C', 'A', 'B']]","{'B': 4, 'D': 3, 'C': 2, 'A': 1}","[0.67, 1.0, 0.75]",3.96
51,"[3, 4, 5]","[2, 3, 2]","[0.58, 0.75, 0.46]","[['D', 'B', 'A', 'C'], ['B', 'D', 'C', 'A'], ['D', 'C', 'B', 'A']]","{'B': 4, 'D': 3, 'C': 2, 'A': 1}","[0.67, 1.0, 0.75]",3.96
51,"[3, 4, 5]","[2, 3, 2]","[0.58, 0.75, 0.46]","[['D', 'B', 'A', 'C'], ['C', 'D', 'A', 'B'], ['A', 'D', 'B', 'C']]","{'B': 3, 'D': 3, 'A': 2, 'C': 2}","[0.79, 1.0, 0.58]",3.95
51,"[3, 4, 5]","[2, 3, 2]","[0.58, 0.75, 0.46]","[['D', 'B', 'A', 'C'], ['C', 'D', 'A', 'B'], ['A', 'D', 'C', 'B']]","{'B': 3, 'D': 3, 'A': 2, 'C': 2}","[0.79, 1.0, 0.58]",3.95
51,"[3, 4, 5]","[2, 3, 2]","[0.58, 0.75, 0.46]","[['D', 'B', 'A', 'C'], ['C', 'D', 'A', 'B'], ['B', 'D', 'A', 'C']]","{'B': 4, 'D': 3, 'C': 2, 'A': 1}","[0.67, 1.0, 0.75]",3.96
51,"[3, 4, 5]","[2, 3, 2]","[0.58, 0.75, 0.46]","[['D', 'B', 'A', 'C'], ['C', 'D', 'A', 'B'], ['B', 'D', 'C', 'A']]","{'B': 4, 'D': 3, 'C': 2, 'A': 1}","[0.67, 1.0, 0.75]",3.96
51,"[3, 4, 5]","[2, 3, 2]","[0.58, 0.75, 0.46]","[['D', 'B', 'A', 'C'], ['C', 'D', 'A', 'B'], ['D', 'A', 'B', 'C']]","{'B': 3, 'D': 3, 'A': 2, 'C': 2}","[0.79, 1.0, 0.58]",3.95
51,"[3, 4, 5]","[2, 3, 2]","[0.58, 0.75, 0.46]","[['D', 'B', 'A', 'C'], ['C', 'D', 'A', 'B'], ['D', 'A', 'C', 'B']]","{'B': 3, 'D': 3, 'A': 2, 'C': 2}","[0.79, 1.0, 0.58]",3.95
51,"[3, 4, 5]","[2, 3, 2]","[0.58, 0.75, 0.46]","[['D', 'B', 'A', 'C'], ['C', 'D', 'A', 'B'], ['D', 'B', 'A', 'C']]","{'B': 4, 'D': 3, 'C': 2, 'A': 1}","[0.67, 1.0, 0.75]",3.96
51,"[3, 4, 5]","[2, 3, 2]","[0.58, 0.75, 0.46]","[['D', 'B', 'A', 'C'], ['C', 'D', 'A', 'B'], ['D', 'B', 'C', 'A']]","{'B': 4, 'D': 3, 'C': 2, 'A': 1}","[0.67, 1.0, 0.75]",3.96
51,"[3, 4, 5]","[2, 3, 2]","[0.58, 0.75, 0.46]","[['D', 'B', 'A', 'C'], ['C', 'D', 'B', 'A'], ['A', 'D', 'B', 'C']]","{'B': 3, 'D': 3, 'A': 2, 'C': 2}","[0.79, 1.0, 0.58]",3.95
51,"[3, 4, 5]","[2, 3, 2]","[0.58, 0.75, 0.46]","[['D', 'B', 'A', 'C'], ['C', 'D', 'B', 'A'], ['A', 'D', 'C', 'B']]","{'B': 3, 'D': 3, 'A': 2, 'C': 2}","[0.79, 1.0, 0.58]",3.95
51,"[3, 4, 5]","[2, 3, 2]","[0.58, 0.75, 0.46]","[['D', 'B', 'A', 'C'], ['C', 'D', 'B', 'A'], ['B', 'D', 'A', 'C']]","{'B': 4, 'D': 3, 'C': 2, 'A': 1}","[0.67, 1.0, 0.75]",3.96
51,"[3, 4, 5]","[2, 3, 2]","[0.58, 0.75, 0.46]","[['D', 'B', 'A', 'C'], ['C', 'D', 'B', 'A'], ['B', 'D', 'C', 'A']]","{'B': 4, 'D': 3, 'C': 2, 'A': 1}","[0.67, 1.0, 0.75]",3.96
51,"[3, 4, 5]","[2, 3, 2]","[0.58, 0.75, 0.46]","[['D', 'B', 'A', 'C'], ['C', 'D', 'B', 'A'], ['D', 'A', 'B', 'C']]","{'B': 3, 'D': 3, 'A': 2, 'C': 2}","[0.79, 1.0, 0.58]",3.95
51,"[3, 4, 5]","[2, 3, 2]","[0.58, 0.75, 0.46]","[['D', 'B', 'A', 'C'], ['C', 'D', 'B', 'A'], ['D', 'A', 'C', 'B']]","{'B': 3, 'D': 3, 'A': 2, 'C': 2}","[0.79, 1.0, 0.58]",3.95
51,"[3, 4, 5]","[2, 3, 2]","[0.58, 0.75, 0.46]","[['D', 'B', 'A', 'C'], ['C', 'D', 'B', 'A'], ['D', 'B', 'A', 'C']]","{'B': 4, 'D': 3, 'C': 2, 'A': 1}","[0.67, 1.0, 0.75]",3.96
51,"[3, 4, 5]","[2, 3, 2]","[0.58, 0.75, 0.46]","[['D', 'B', 'A', 'C'], ['C', 'D', 'B', 'A'], ['D', 'B', 'C', 'A']]","{'B': 4, 'D': 3, 'C': 2, 'A': 1}","[0.67, 1.0, 0.75]",3.96
51,"[3, 4, 5]","[2, 3, 2]","[0.58, 0.75, 0.46]","[['D', 'B', 'A', 'C'], ['D', 'A', 'B', 'C'], ['B', 'D', 'A', 'C']]","{'B': 4, 'D': 3, 'A': 2, 'C': 1}","[0.79, 1.0, 0.58]",3.95
51,"[3, 4, 5]","[2, 3, 2]","[0.58, 0.75, 0.46]","[['D', 'B', 'A', 'C'], ['D', 'A', 'B', 'C'], ['B', 'D', 'C', 'A']]","{'B': 4, 'D': 3, 'A': 2, 'C': 1}","[0.79, 1.0, 0.58]",3.95
51,"[3, 4, 5]","[2, 3, 2]","[0.58, 0.75, 0.46]","[['D', 'B', 'A', 'C'], ['D', 'A', 'B', 'C'], ['C', 'D', 'A', 'B']]","{'B': 3, 'D': 3, 'A': 2, 'C': 2}","[0.79, 1.0, 0.58]",3.95
51,"[3, 4, 5]","[2, 3, 2]","[0.58, 0.75, 0.46]","[['D', 'B', 'A', 'C'], ['D', 'A', 'B', 'C'], ['C', 'D', 'B', 'A']]","{'B': 3, 'D': 3, 'A': 2, 'C': 2}","[0.79, 1.0, 0.58]",3.95
51,"[3, 4, 5]","[2, 3, 2]","[0.58, 0.75, 0.46]","[['D', 'B', 'A', 'C'], ['D', 'A', 'B', 'C'], ['D', 'B', 'A', 'C']]","{'B': 4, 'D': 3, 'A': 2, 'C': 1}","[0.79, 1.0, 0.58]",3.95
51,"[3, 4, 5]","[2, 3, 2]","[0.58, 0.75, 0.46]","[['D', 'B', 'A', 'C'], ['D', 'A', 'B', 'C'], ['D', 'B', 'C', 'A']]","{'B': 4, 'D': 3, 'A': 2, 'C': 1}","[0.79, 1.0, 0.58]",3.95
51,"[3, 4, 5]","[2, 3, 2]","[0.58, 0.75, 0.46]","[['D', 'B', 'A', 'C'], ['D', 'A', 'B', 'C'], ['D', 'C', 'A', 'B']]","{'B': 3, 'D': 3, 'A': 2, 'C': 2}","[0.79, 1.0, 0.58]",3.95
51,"[3, 4, 5]","[2, 3, 2]","[0.58, 0.75, 0.46]","[['D', 'B', 'A', 'C'], ['D', 'A', 'B', 'C'], ['D', 'C', 'B', 'A']]","{'B': 3, 'D': 3, 'A': 2, 'C': 2}","[0.79, 1.0, 0.58]",3.95
51,"[3, 4, 5]","[2, 3, 2]","[0.58, 0.75, 0.46]","[['D', 'B', 'A', 'C'], ['D', 'A', 'C', 'B'], ['B', 'D', 'A', 'C']]","{'B': 4, 'D': 3, 'A': 2, 'C': 1}","[0.79, 1.0, 0.58]",3.95
51,"[3, 4, 5]","[2, 3, 2]","[0.58, 0.75, 0.46]","[['D', 'B', 'A', 'C'], ['D', 'A', 'C', 'B'], ['B', 'D', 'C', 'A']]","{'B': 4, 'D': 3, 'A': 2, 'C': 1}","[0.79, 1.0, 0.58]",3.95
51,"[3, 4, 5]","[2, 3, 2]","[0.58, 0.75, 0.46]","[['D', 'B', 'A', 'C'], ['D', 'A', 'C', 'B'], ['C', 'D', 'A', 'B']]","{'B': 3, 'D': 3, 'A': 2, 'C': 2}","[0.79, 1.0, 0.58]",3.95
51,"[3, 4, 5]","[2, 3, 2]","[0.58, 0.75, 0.46]","[['D', 'B', 'A', 'C'], ['D', 'A', 'C', 'B'], ['C', 'D', 'B', 'A']]","{'B': 3, 'D': 3, 'A': 2, 'C': 2}","[0.79, 1.0, 0.58]",3.95
51,"[3, 4, 5]","[2, 3, 2]","[0.58, 0.75, 0.46]","[['D', 'B', 'A', 'C'], ['D', 'A', 'C', 'B'], ['D', 'B', 'A', 'C']]","{'B': 4, 'D': 3, 'A': 2, 'C': 1}","[0.79, 1.0, 0.58]",3.95
51,"[3, 4, 5]","[2, 3, 2]","[0.58, 0.75, 0.46]","[['D', 'B', 'A', 'C'], ['D', 'A', 'C', 'B'], ['D', 'B', 'C', 'A']]","{'B': 4, 'D': 3, 'A': 2, 'C': 1}","[0.79, 1.0, 0.58]",3.95
51,"[3, 4, 5]","[2, 3, 2]","[0.58, 0.75, 0.46]","[['D', 'B', 'A', 'C'], ['D', 'A', 'C', 'B'], ['D', 'C', 'A', 'B']]","{'B': 3, 'D': 3, 'A': 2, 'C': 2}","[0.79, 1.0, 0.58]",3.95
51,"[3, 4, 5]","[2, 3, 2]","[0.58, 0.75, 0.46]","[['D', 'B', 'A', 'C'], ['D', 'A', 'C', 'B'], ['D', 'C', 'B', 'A']]","{'B': 3, 'D': 3, 'A': 2, 'C': 2}","[0.79, 1.0, 0.58]",3.95
51,"[3, 4, 5]","[2, 3, 2]","[0.58, 0.75, 0.46]","[['D', 'B', 'A', 'C'], ['D', 'B', 'A', 'C'], ['A', 'D', 'B', 'C']]","{'B': 4, 'D': 3, 'A': 2, 'C': 1}","[0.79, 1.0, 0.58]",3.95
51,"[3, 4, 5]","[2, 3, 2]","[0.58, 0.75, 0.46]","[['D', 'B', 'A', 'C'], ['D', 'B', 'A', 'C'], ['A', 'D', 'C', 'B']]","{'B': 4, 'D': 3, 'A': 2, 'C': 1}","[0.79, 1.0, 0.58]",3.95
51,"[3, 4, 5]","[2, 3, 2]","[0.58, 0.75, 0.46]","[['D', 'B', 'A', 'C'], ['D', 'B', 'A', 'C'], ['B', 'D', 'A', 'C']]","{'B': 5, 'D': 3, 'A': 1, 'C': 1}","[0.79, 1.0, 0.58]",3.95
51,"[3, 4, 5]","[2, 3, 2]","[0.58, 0.75, 0.46]","[['D', 'B', 'A', 'C'], ['D', 'B', 'A', 'C'], ['B', 'D', 'C', 'A']]","{'B': 5, 'D': 3, 'A': 1, 'C': 1}","[0.79, 1.0, 0.58]",3.95
51,"[3, 4, 5]","[2, 3, 2]","[0.58, 0.75, 0.46]","[['D', 'B', 'A', 'C'], ['D', 'B', 'A', 'C'], ['C', 'D', 'A', 'B']]","{'B': 4, 'D': 3, 'C': 2, 'A': 1}","[0.67, 1.0, 0.75]",3.96
51,"[3, 4, 5]","[2, 3, 2]","[0.58, 0.75, 0.46]","[['D', 'B', 'A', 'C'], ['D', 'B', 'A', 'C'], ['C', 'D', 'B', 'A']]","{'B': 4, 'D': 3, 'C': 2, 'A': 1}","[0.67, 1.0, 0.75]",3.96
51,"[3, 4, 5]","[2, 3, 2]","[0.58, 0.75, 0.46]","[['D', 'B', 'A', 'C'], ['D', 'B', 'A', 'C'], ['D', 'A', 'B', 'C']]","{'B': 4, 'D': 3, 'A': 2, 'C': 1}","[0.79, 1.0, 0.58]",3.95
51,"[3, 4, 5]","[2, 3, 2]","[0.58, 0.75, 0.46]","[['D', 'B', 'A', 'C'], ['D', 'B', 'A', 'C'], ['D', 'A', 'C', 'B']]","{'B': 4, 'D': 3, 'A': 2, 'C': 1}","[0.79, 1.0, 0.58]",3.95
51,"[3, 4, 5]","[2, 3, 2]","[0.58, 0.75, 0.46]","[['D', 'B', 'A', 'C'], ['D', 'B', 'A', 'C'], ['D', 'B', 'A', 'C']]","{'B': 5, 'D': 3, 'A': 1, 'C': 1}","[0.79, 1.0, 0.58]",3.95
51,"[3, 4, 5]","[2, 3, 2]","[0.58, 0.75, 0.46]","[['D', 'B', 'A', 'C'], ['D', 'B', 'A', 'C'], ['D', 'B', 'C', 'A']]","{'B': 5, 'D': 3, 'A': 1, 'C': 1}","[0.79, 1.0, 0.58]",3.95
51,"[3, 4, 5]","[2, 3, 2]","[0.58, 0.75, 0.46]","[['D', 'B', 'A', 'C'], ['D', 'B', 'A', 'C'], ['D', 'C', 'A', 'B']]","{'B': 4, 'D': 3, 'C': 2, 'A': 1}","[0.67, 1.0, 0.75]",3.96
51,"[3, 4, 5]","[2, 3, 2]","[0.58, 0.75, 0.46]","[['D', 'B', 'A', 'C'], ['D', 'B', 'A', 'C'], ['D', 'C', 'B', 'A']]","{'B': 4, 'D': 3, 'C': 2, 'A': 1}","[0.67, 1.0, 0.75]",3.96
51,"[3, 4, 5]","[2, 3, 2]","[0.58, 0.75, 0.46]","[['D', 'B', 'A', 'C'], ['D', 'B', 'C', 'A'], ['A', 'D', 'B', 'C']]","{'B': 4, 'D': 3, 'A': 2, 'C': 1}","[0.79, 1.0, 0.58]",3.95
51,"[3, 4, 5]","[2, 3, 2]","[0.58, 0.75, 0.46]","[['D', 'B', 'A', 'C'], ['D', 'B', 'C', 'A'], ['A', 'D', 'C', 'B']]","{'B': 4, 'D': 3, 'A': 2, 'C': 1}","[0.79, 1.0, 0.58]",3.95
51,"[3, 4, 5]","[2, 3, 2]","[0.58, 0.75, 0.46]","[['D', 'B', 'A', 'C'], ['D', 'B', 'C', 'A'], ['B', 'D', 'A', 'C']]","{'B': 5, 'D': 3, 'A': 1, 'C': 1}","[0.79, 1.0, 0.58]",3.95
51,"[3, 4, 5]","[2, 3, 2]","[0.58, 0.75, 0.46]","[['D', 'B', 'A', 'C'], ['D', 'B', 'C', 'A'], ['B', 'D', 'C', 'A']]","{'B': 5, 'D': 3, 'A': 1, 'C': 1}","[0.79, 1.0, 0.58]",3.95
51,"[3, 4, 5]","[2, 3, 2]","[0.58, 0.75, 0.46]","[['D', 'B', 'A', 'C'], ['D', 'B', 'C', 'A'], ['C', 'D', 'A', 'B']]","{'B': 4, 'D': 3, 'C': 2, 'A': 1}","[0.67, 1.0, 0.75]",3.96
51,"[3, 4, 5]","[2, 3, 2]","[0.58, 0.75, 0.46]","[['D', 'B', 'A', 'C'], ['D', 'B', 'C', 'A'], ['C', 'D', 'B', 'A']]","{'B': 4, 'D': 3, 'C': 2, 'A': 1}","[0.67, 1.0, 0.75]",3.96
51,"[3, 4, 5]","[2, 3, 2]","[0.58, 0.75, 0.46]","[['D', 'B', 'A', 'C'], ['D', 'B', 'C', 'A'], ['D', 'A', 'B', 'C']]","{'B': 4, 'D': 3, 'A': 2, 'C': 1}","[0.79, 1.0, 0.58]",3.95
51,"[3, 4, 5]","[2, 3, 2]","[0.58, 0.75, 0.46]","[['D', 'B', 'A', 'C'], ['D', 'B', 'C', 'A'], ['D', 'A', 'C', 'B']]","{'B': 4, 'D': 3, 'A': 2, 'C': 1}","[0.79, 1.0, 0.58]",3.95
51,"[3, 4, 5]","[2, 3, 2]","[0.58, 0.75, 0.46]","[['D', 'B', 'A', 'C'], ['D', 'B', 'C', 'A'], ['D', 'B', 'A', 'C']]","{'B': 5, 'D': 3, 'A': 1, 'C': 1}","[0.79, 1.0, 0.58]",3.95
51,"[3, 4, 5]","[2, 3, 2]","[0.58, 0.75, 0.46]","[['D', 'B', 'A', 'C'], ['D', 'B', 'C', 'A'], ['D', 'B', 'C', 'A']]","{'B': 5, 'D': 3, 'A': 1, 'C': 1}","[0.79, 1.0, 0.58]",3.95
51,"[3, 4, 5]","[2, 3, 2]","[0.58, 0.75, 0.46]","[['D', 'B', 'A', 'C'], ['D', 'B', 'C', 'A'], ['D', 'C', 'A', 'B']]","{'B': 4, 'D': 3, 'C': 2, 'A': 1}","[0.67, 1.0, 0.75]",3.96
51,"[3, 4, 5]","[2, 3, 2]","[0.58, 0.75, 0.46]","[['D', 'B', 'A', 'C'], ['D', 'B', 'C', 'A'], ['D', 'C', 'B', 'A']]","{'B': 4, 'D': 3, 'C': 2, 'A': 1}","[0.67, 1.0, 0.75]",3.96
51,"[3, 4, 5]","[2, 3, 2]","[0.58, 0.75, 0.46]","[['D', 'B', 'A', 'C'], ['D', 'C', 'A', 'B'], ['A', 'D', 'B', 'C']]","{'B': 3, 'D': 3, 'A': 2, 'C': 2}","[0.79, 1.0, 0.58]",3.95
51,"[3, 4, 5]","[2, 3, 2]","[0.58, 0.75, 0.46]","[['D', 'B', 'A', 'C'], ['D', 'C', 'A', 'B'], ['A', 'D', 'C', 'B']]","{'B': 3, 'D': 3, 'A': 2, 'C': 2}","[0.79, 1.0, 0.58]",3.95
51,"[3, 4, 5]","[2, 3, 2]","[0.58, 0.75, 0.46]","[['D', 'B', 'A', 'C'], ['D', 'C', 'A', 'B'], ['B', 'D', 'A', 'C']]","{'B': 4, 'D': 3, 'C': 2, 'A': 1}","[0.67, 1.0, 0.75]",3.96
51,"[3, 4, 5]","[2, 3, 2]","[0.58, 0.75, 0.46]","[['D', 'B', 'A', 'C'], ['D', 'C', 'A', 'B'], ['B', 'D', 'C', 'A']]","{'B': 4, 'D': 3, 'C': 2, 'A': 1}","[0.67, 1.0, 0.75]",3.96
51,"[3, 4, 5]","[2, 3, 2]","[0.58, 0.75, 0.46]","[['D', 'B', 'A', 'C'], ['D', 'C', 'A', 'B'], ['D', 'A', 'B', 'C']]","{'B': 3, 'D': 3, 'A': 2, 'C': 2}","[0.79, 1.0, 0.58]",3.95
51,"[3, 4, 5]","[2, 3, 2]","[0.58, 0.75, 0.46]","[['D', 'B', 'A', 'C'], ['D', 'C', 'A', 'B'], ['D', 'A', 'C', 'B']]","{'B': 3, 'D': 3, 'A': 2, 'C': 2}","[0.79, 1.0, 0.58]",3.95
51,"[3, 4, 5]","[2, 3, 2]","[0.58, 0.75, 0.46]","[['D', 'B', 'A', 'C'], ['D', 'C', 'A', 'B'], ['D', 'B', 'A', 'C']]","{'B': 4, 'D': 3, 'C': 2, 'A': 1}","[0.67, 1.0, 0.75]",3.96
51,"[3, 4, 5]","[2, 3, 2]","[0.58, 0.75, 0.46]","[['D', 'B', 'A', 'C'], ['D', 'C', 'A', 'B'], ['D', 'B', 'C', 'A']]","{'B': 4, 'D': 3, 'C': 2, 'A': 1}","[0.67, 1.0, 0.75]",3.96
51,"[3, 4, 5]","[2, 3, 2]","[0.58, 0.75, 0.46]","[['D', 'B', 'A', 'C'], ['D', 'C', 'B', 'A'], ['A', 'D', 'B', 'C']]","{'B': 3, 'D': 3, 'A': 2, 'C': 2}","[0.79, 1.0, 0.58]",3.95
51,"[3, 4, 5]","[2, 3, 2]","[0.58, 0.75, 0.46]","[['D', 'B', 'A', 'C'], ['D', 'C', 'B', 'A'], ['A', 'D', 'C', 'B']]","{'B': 3, 'D': 3, 'A': 2, 'C': 2}","[0.79, 1.0, 0.58]",3.95
51,"[3, 4, 5]","[2, 3, 2]","[0.58, 0.75, 0.46]","[['D', 'B', 'A', 'C'], ['D', 'C', 'B', 'A'], ['B', 'D', 'A', 'C']]","{'B': 4, 'D': 3, 'C': 2, 'A': 1}","[0.67, 1.0, 0.75]",3.96
51,"[3, 4, 5]","[2, 3, 2]","[0.58, 0.75, 0.46]","[['D', 'B', 'A', 'C'], ['D', 'C', 'B', 'A'], ['B', 'D', 'C', 'A']]","{'B': 4, 'D': 3, 'C': 2, 'A': 1}","[0.67, 1.0, 0.75]",3.96
51,"[3, 4, 5]","[2, 3, 2]","[0.58, 0.75, 0.46]","[['D', 'B', 'A', 'C'], ['D', 'C', 'B', 'A'], ['D', 'A', 'B', 'C']]","{'B': 3, 'D': 3, 'A': 2, 'C': 2}","[0.79, 1.0, 0.58]",3.95
51,"[3, 4, 5]","[2, 3, 2]","[0.58, 0.75, 0.46]","[['D', 'B', 'A', 'C'], ['D', 'C', 'B', 'A'], ['D', 'A', 'C', 'B']]","{'B': 3, 'D': 3, 'A': 2, 'C': 2}","[0.79, 1.0, 0.58]",3.95
51,"[3, 4, 5]","[2, 3, 2]","[0.58, 0.75, 0.46]","[['D', 'B', 'A', 'C'], ['D', 'C', 'B', 'A'], ['D', 'B', 'A', 'C']]","{'B': 4, 'D': 3, 'C': 2, 'A': 1}","[0.67, 1.0, 0.75]",3.96
51,"[3, 4, 5]","[2, 3, 2]","[0.58, 0.75, 0.46]","[['D', 'B', 'A', 'C'], ['D', 'C', 'B', 'A'], ['D', 'B', 'C', 'A']]","{'B': 4, 'D': 3, 'C': 2, 'A': 1}","[0.67, 1.0, 0.75]",3.96
51,"[3, 4, 5]","[2, 3, 2]","[0.58, 0.75, 0.46]","[['D', 'B', 'C', 'A'], ['A', 'D', 'B', 'C'], ['B', 'D', 'A', 'C']]","{'B': 4, 'D': 3, 'A': 2, 'C': 1}","[0.79, 1.0, 0.58]",3.95
51,"[3, 4, 5]","[2, 3, 2]","[0.58, 0.75, 0.46]","[['D', 'B', 'C', 'A'], ['A', 'D', 'B', 'C'], ['B', 'D', 'C', 'A']]","{'B': 4, 'D': 3, 'A': 2, 'C': 1}","[0.79, 1.0, 0.58]",3.95
51,"[3, 4, 5]","[2, 3, 2]","[0.58, 0.75, 0.46]","[['D', 'B', 'C', 'A'], ['A', 'D', 'B', 'C'], ['C', 'D', 'A', 'B']]","{'B': 3, 'D': 3, 'A': 2, 'C': 2}","[0.79, 1.0, 0.58]",3.95
51,"[3, 4, 5]","[2, 3, 2]","[0.58, 0.75, 0.46]","[['D', 'B', 'C', 'A'], ['A', 'D', 'B', 'C'], ['C', 'D', 'B', 'A']]","{'B': 3, 'D': 3, 'A': 2, 'C': 2}","[0.79, 1.0, 0.58]",3.95
51,"[3, 4, 5]","[2, 3, 2]","[0.58, 0.75, 0.46]","[['D', 'B', 'C', 'A'], ['A', 'D', 'B', 'C'], ['D', 'B', 'A', 'C']]","{'B': 4, 'D': 3, 'A': 2, 'C': 1}","[0.79, 1.0, 0.58]",3.95
51,"[3, 4, 5]","[2, 3, 2]","[0.58, 0.75, 0.46]","[['D', 'B', 'C', 'A'], ['A', 'D', 'B', 'C'], ['D', 'B', 'C', 'A']]","{'B': 4, 'D': 3, 'A': 2, 'C': 1}","[0.79, 1.0, 0.58]",3.95
51,"[3, 4, 5]","[2, 3, 2]","[0.58, 0.75, 0.46]","[['D', 'B', 'C', 'A'], ['A', 'D', 'B', 'C'], ['D', 'C', 'A', 'B']]","{'B': 3, 'D': 3, 'A': 2, 'C': 2}","[0.79, 1.0, 0.58]",3.95
51,"[3, 4, 5]","[2, 3, 2]","[0.58, 0.75, 0.46]","[['D', 'B', 'C', 'A'], ['A', 'D', 'B', 'C'], ['D', 'C', 'B', 'A']]","{'B': 3, 'D': 3, 'A': 2, 'C': 2}","[0.79, 1.0, 0.58]",3.95
51,"[3, 4, 5]","[2, 3, 2]","[0.58, 0.75, 0.46]","[['D', 'B', 'C', 'A'], ['A', 'D', 'C', 'B'], ['B', 'D', 'A', 'C']]","{'B': 4, 'D': 3, 'A': 2, 'C': 1}","[0.79, 1.0, 0.58]",3.95
51,"[3, 4, 5]","[2, 3, 2]","[0.58, 0.75, 0.46]","[['D', 'B', 'C', 'A'], ['A', 'D', 'C', 'B'], ['B', 'D', 'C', 'A']]","{'B': 4, 'D': 3, 'A': 2, 'C': 1}","[0.79, 1.0, 0.58]",3.95
51,"[3, 4, 5]","[2, 3, 2]","[0.58, 0.75, 0.46]","[['D', 'B', 'C', 'A'], ['A', 'D', 'C', 'B'], ['C', 'D', 'A', 'B']]","{'B': 3, 'D': 3, 'A': 2, 'C': 2}","[0.79, 1.0, 0.58]",3.95
51,"[3, 4, 5]","[2, 3, 2]","[0.58, 0.75, 0.46]","[['D', 'B', 'C', 'A'], ['A', 'D', 'C', 'B'], ['C', 'D', 'B', 'A']]","{'B': 3, 'D': 3, 'A': 2, 'C': 2}","[0.79, 1.0, 0.58]",3.95
51,"[3, 4, 5]","[2, 3, 2]","[0.58, 0.75, 0.46]","[['D', 'B', 'C', 'A'], ['A', 'D', 'C', 'B'], ['D', 'B', 'A', 'C']]","{'B': 4, 'D': 3, 'A': 2, 'C': 1}","[0.79, 1.0, 0.58]",3.95
51,"[3, 4, 5]","[2, 3, 2]","[0.58, 0.75, 0.46]","[['D', 'B', 'C', 'A'], ['A', 'D', 'C', 'B'], ['D', 'B', 'C', 'A']]","{'B': 4, 'D': 3, 'A': 2, 'C': 1}","[0.79, 1.0, 0.58]",3.95
51,"[3, 4, 5]","[2, 3, 2]","[0.58, 0.75, 0.46]","[['D', 'B', 'C', 'A'], ['A', 'D', 'C', 'B'], ['D', 'C', 'A', 'B']]","{'B': 3, 'D': 3, 'A': 2, 'C': 2}","[0.79, 1.0, 0.58]",3.95
51,"[3, 4, 5]","[2, 3, 2]","[0.58, 0.75, 0.46]","[['D', 'B', 'C', 'A'], ['A', 'D', 'C', 'B'], ['D', 'C', 'B', 'A']]","{'B': 3, 'D': 3, 'A': 2, 'C': 2}","[0.79, 1.0, 0.58]",3.95
51,"[3, 4, 5]","[2, 3, 2]","[0.58, 0.75, 0.46]","[['D', 'B', 'C', 'A'], ['B', 'D', 'A', 'C'], ['A', 'D', 'B', 'C']]","{'B': 4, 'D': 3, 'A': 2, 'C': 1}","[0.79, 1.0, 0.58]",3.95
51,"[3, 4, 5]","[2, 3, 2]","[0.58, 0.75, 0.46]","[['D', 'B', 'C', 'A'], ['B', 'D', 'A', 'C'], ['A', 'D', 'C', 'B']]","{'B': 4, 'D': 3, 'A': 2, 'C': 1}","[0.79, 1.0, 0.58]",3.95
51,"[3, 4, 5]","[2, 3, 2]","[0.58, 0.75, 0.46]","[['D', 'B', 'C', 'A'], ['B', 'D', 'A', 'C'], ['B', 'D', 'A', 'C']]","{'B': 5, 'D': 3, 'A': 1, 'C': 1}","[0.79, 1.0, 0.58]",3.95
51,"[3, 4, 5]","[2, 3, 2]","[0.58, 0.75, 0.46]","[['D', 'B', 'C', 'A'], ['B', 'D', 'A', 'C'], ['B', 'D', 'C', 'A']]","{'B': 5, 'D': 3, 'A': 1, 'C': 1}","[0.79, 1.0, 0.58]",3.95
51,"[3, 4, 5]","[2, 3, 2]","[0.58, 0.75, 0.46]","[['D', 'B', 'C', 'A'], ['B', 'D', 'A', 'C'], ['C', 'D', 'A', 'B']]","{'B': 4, 'D': 3, 'C': 2, 'A': 1}","[0.67, 1.0, 0.75]",3.96
51,"[3, 4, 5]","[2, 3, 2]","[0.58, 0.75, 0.46]","[['D', 'B', 'C', 'A'], ['B', 'D', 'A', 'C'], ['C', 'D', 'B', 'A']]","{'B': 4, 'D': 3, 'C': 2, 'A': 1}","[0.67, 1.0, 0.75]",3.96
51,"[3, 4, 5]","[2, 3, 2]","[0.58, 0.75, 0.46]","[['D', 'B', 'C', 'A'], ['B', 'D', 'A', 'C'], ['D', 'A', 'B', 'C']]","{'B': 4, 'D': 3, 'A': 2, 'C': 1}","[0.79, 1.0, 0.58]",3.95
51,"[3, 4, 5]","[2, 3, 2]","[0.58, 0.75, 0.46]","[['D', 'B', 'C', 'A'], ['B', 'D', 'A', 'C'], ['D', 'A', 'C', 'B']]","{'B': 4, 'D': 3, 'A': 2, 'C': 1}","[0.79, 1.0, 0.58]",3.95
51,"[3, 4, 5]","[2, 3, 2]","[0.58, 0.75, 0.46]","[['D', 'B', 'C', 'A'], ['B', 'D', 'A', 'C'], ['D', 'B', 'A', 'C']]","{'B': 5, 'D': 3, 'A': 1, 'C': 1}","[0.79, 1.0, 0.58]",3.95
51,"[3, 4, 5]","[2, 3, 2]","[0.58, 0.75, 0.46]","[['D', 'B', 'C', 'A'], ['B', 'D', 'A', 'C'], ['D', 'B', 'C', 'A']]","{'B': 5, 'D': 3, 'A': 1, 'C': 1}","[0.79, 1.0, 0.58]",3.95
51,"[3, 4, 5]","[2, 3, 2]","[0.58, 0.75, 0.46]","[['D', 'B', 'C', 'A'], ['B', 'D', 'A', 'C'], ['D', 'C', 'A', 'B']]","{'B': 4, 'D': 3, 'C': 2, 'A': 1}","[0.67, 1.0, 0.75]",3.96
51,"[3, 4, 5]","[2, 3, 2]","[0.58, 0.75, 0.46]","[['D', 'B', 'C', 'A'], ['B', 'D', 'A', 'C'], ['D', 'C', 'B', 'A']]","{'B': 4, 'D': 3, 'C': 2, 'A': 1}","[0.67, 1.0, 0.75]",3.96
51,"[3, 4, 5]","[2, 3, 2]","[0.58, 0.75, 0.46]","[['D', 'B', 'C', 'A'], ['B', 'D', 'C', 'A'], ['A', 'D', 'B', 'C']]","{'B': 4, 'D': 3, 'A': 2, 'C': 1}","[0.79, 1.0, 0.58]",3.95
51,"[3, 4, 5]","[2, 3, 2]","[0.58, 0.75, 0.46]","[['D', 'B', 'C', 'A'], ['B', 'D', 'C', 'A'], ['A', 'D', 'C', 'B']]","{'B': 4, 'D': 3, 'A': 2, 'C': 1}","[0.79, 1.0, 0.58]",3.95
51,"[3, 4, 5]","[2, 3, 2]","[0.58, 0.75, 0.46]","[['D', 'B', 'C', 'A'], ['B', 'D', 'C', 'A'], ['B', 'D', 'A', 'C']]","{'B': 5, 'D': 3, 'A': 1, 'C': 1}","[0.79, 1.0, 0.58]",3.95
51,"[3, 4, 5]","[2, 3, 2]","[0.58, 0.75, 0.46]","[['D', 'B', 'C', 'A'], ['B', 'D', 'C', 'A'], ['B', 'D', 'C', 'A']]","{'B': 5, 'D': 3, 'A': 1, 'C': 1}","[0.79, 1.0, 0.58]",3.95
51,"[3, 4, 5]","[2, 3, 2]","[0.58, 0.75, 0.46]","[['D', 'B', 'C', 'A'], ['B', 'D', 'C', 'A'], ['C', 'D', 'A', 'B']]","{'B': 4, 'D': 3, 'C': 2, 'A': 1}","[0.67, 1.0, 0.75]",3.96
51,"[3, 4, 5]","[2, 3, 2]","[0.58, 0.75, 0.46]","[['D', 'B', 'C', 'A'], ['B', 'D', 'C', 'A'], ['C', 'D', 'B', 'A']]","{'B': 4, 'D': 3, 'C': 2, 'A': 1}","[0.67, 1.0, 0.75]",3.96
51,"[3, 4, 5]","[2, 3, 2]","[0.58, 0.75, 0.46]","[['D', 'B', 'C', 'A'], ['B', 'D', 'C', 'A'], ['D', 'A', 'B', 'C']]","{'B': 4, 'D': 3, 'A': 2, 'C': 1}","[0.79, 1.0, 0.58]",3.95
51,"[3, 4, 5]","[2, 3, 2]","[0.58, 0.75, 0.46]","[['D', 'B', 'C', 'A'], ['B', 'D', 'C', 'A'], ['D', 'A', 'C', 'B']]","{'B': 4, 'D': 3, 'A': 2, 'C': 1}","[0.79, 1.0, 0.58]",3.95
51,"[3, 4, 5]","[2, 3, 2]","[0.58, 0.75, 0.46]","[['D', 'B', 'C', 'A'], ['B', 'D', 'C', 'A'], ['D', 'B', 'A', 'C']]","{'B': 5, 'D': 3, 'A': 1, 'C': 1}","[0.79, 1.0, 0.58]",3.95
51,"[3, 4, 5]","[2, 3, 2]","[0.58, 0.75, 0.46]","[['D', 'B', 'C', 'A'], ['B', 'D', 'C', 'A'], ['D', 'B', 'C', 'A']]","{'B': 5, 'D': 3, 'A': 1, 'C': 1}","[0.79, 1.0, 0.58]",3.95
51,"[3, 4, 5]","[2, 3, 2]","[0.58, 0.75, 0.46]","[['D', 'B', 'C', 'A'], ['B', 'D', 'C', 'A'], ['D', 'C', 'A', 'B']]","{'B': 4, 'D': 3, 'C': 2, 'A': 1}","[0.67, 1.0, 0.75]",3.96
51,"[3, 4, 5]","[2, 3, 2]","[0.58, 0.75, 0.46]","[['D', 'B', 'C', 'A'], ['B', 'D', 'C', 'A'], ['D', 'C', 'B', 'A']]","{'B': 4, 'D': 3, 'C': 2, 'A': 1}","[0.67, 1.0, 0.75]",3.96
51,"[3, 4, 5]","[2, 3, 2]","[0.58, 0.75, 0.46]","[['D', 'B', 'C', 'A'], ['C', 'D', 'A', 'B'], ['A', 'D', 'B', 'C']]","{'B': 3, 'D': 3, 'A': 2, 'C': 2}","[0.79, 1.0, 0.58]",3.95
51,"[3, 4, 5]","[2, 3, 2]","[0.58, 0.75, 0.46]","[['D', 'B', 'C', 'A'], ['C', 'D', 'A', 'B'], ['A', 'D', 'C', 'B']]","{'B': 3, 'D': 3, 'A': 2, 'C': 2}","[0.79, 1.0, 0.58]",3.95
51,"[3, 4, 5]","[2, 3, 2]","[0.58, 0.75, 0.46]","[['D', 'B', 'C', 'A'], ['C', 'D', 'A', 'B'], ['B', 'D', 'A', 'C']]","{'B': 4, 'D': 3, 'C': 2, 'A': 1}","[0.67, 1.0, 0.75]",3.96
51,"[3, 4, 5]","[2, 3, 2]","[0.58, 0.75, 0.46]","[['D', 'B', 'C', 'A'], ['C', 'D', 'A', 'B'], ['B', 'D', 'C', 'A']]","{'B': 4, 'D': 3, 'C': 2, 'A': 1}","[0.67, 1.0, 0.75]",3.96
51,"[3, 4, 5]","[2, 3, 2]","[0.58, 0.75, 0.46]","[['D', 'B', 'C', 'A'], ['C', 'D', 'A', 'B'], ['D', 'A', 'B', 'C']]","{'B': 3, 'D': 3, 'A': 2, 'C': 2}","[0.79, 1.0, 0.58]",3.95
51,"[3, 4, 5]","[2, 3, 2]","[0.58, 0.75, 0.46]","[['D', 'B', 'C', 'A'], ['C', 'D', 'A', 'B'], ['D', 'A', 'C', 'B']]","{'B': 3, 'D': 3, 'A': 2, 'C': 2}","[0.79, 1.0, 0.58]",3.95
51,"[3, 4, 5]","[2, 3, 2]","[0.58, 0.75, 0.46]","[['D', 'B', 'C', 'A'], ['C', 'D', 'A', 'B'], ['D', 'B', 'A', 'C']]","{'B': 4, 'D': 3, 'C': 2, 'A': 1}","[0.67, 1.0, 0.75]",3.96
51,"[3, 4, 5]","[2, 3, 2]","[0.58, 0.75, 0.46]","[['D', 'B', 'C', 'A'], ['C', 'D', 'A', 'B'], ['D', 'B', 'C', 'A']]","{'B': 4, 'D': 3, 'C': 2, 'A': 1}","[0.67, 1.0, 0.75]",3.96
51,"[3, 4, 5]","[2, 3, 2]","[0.58, 0.75, 0.46]","[['D', 'B', 'C', 'A'], ['C', 'D', 'B', 'A'], ['A', 'D', 'B', 'C']]","{'B': 3, 'D': 3, 'A': 2, 'C': 2}","[0.79, 1.0, 0.58]",3.95
51,"[3, 4, 5]","[2, 3, 2]","[0.58, 0.75, 0.46]","[['D', 'B', 'C', 'A'], ['C', 'D', 'B', 'A'], ['A', 'D', 'C', 'B']]","{'B': 3, 'D': 3, 'A': 2, 'C': 2}","[0.79, 1.0, 0.58]",3.95
51,"[3, 4, 5]","[2, 3, 2]","[0.58, 0.75, 0.46]","[['D', 'B', 'C', 'A'], ['C', 'D', 'B', 'A'], ['B', 'D', 'A', 'C']]","{'B': 4, 'D': 3, 'C': 2, 'A': 1}","[0.67, 1.0, 0.75]",3.96
51,"[3, 4, 5]","[2, 3, 2]","[0.58, 0.75, 0.46]","[['D', 'B', 'C', 'A'], ['C', 'D', 'B', 'A'], ['B', 'D', 'C', 'A']]","{'B': 4, 'D': 3, 'C': 2, 'A': 1}","[0.67, 1.0, 0.75]",3.96
51,"[3, 4, 5]","[2, 3, 2]","[0.58, 0.75, 0.46]","[['D', 'B', 'C', 'A'], ['C', 'D', 'B', 'A'], ['D', 'A', 'B', 'C']]","{'B': 3, 'D': 3, 'A': 2, 'C': 2}","[0.79, 1.0, 0.58]",3.95
51,"[3, 4, 5]","[2, 3, 2]","[0.58, 0.75, 0.46]","[['D', 'B', 'C', 'A'], ['C', 'D', 'B', 'A'], ['D', 'A', 'C', 'B']]","{'B': 3, 'D': 3, 'A': 2, 'C': 2}","[0.79, 1.0, 0.58]",3.95
51,"[3, 4, 5]","[2, 3, 2]","[0.58, 0.75, 0.46]","[['D', 'B', 'C', 'A'], ['C', 'D', 'B', 'A'], ['D', 'B', 'A', 'C']]","{'B': 4, 'D': 3, 'C': 2, 'A': 1}","[0.67, 1.0, 0.75]",3.96
51,"[3, 4, 5]","[2, 3, 2]","[0.58, 0.75, 0.46]","[['D', 'B', 'C', 'A'], ['C', 'D', 'B', 'A'], ['D', 'B', 'C', 'A']]","{'B': 4, 'D': 3, 'C': 2, 'A': 1}","[0.67, 1.0, 0.75]",3.96
51,"[3, 4, 5]","[2, 3, 2]","[0.58, 0.75, 0.46]","[['D', 'B', 'C', 'A'], ['D', 'A', 'B', 'C'], ['B', 'D', 'A', 'C']]","{'B': 4, 'D': 3, 'A': 2, 'C': 1}","[0.79, 1.0, 0.58]",3.95
51,"[3, 4, 5]","[2, 3, 2]","[0.58, 0.75, 0.46]","[['D', 'B', 'C', 'A'], ['D', 'A', 'B', 'C'], ['B', 'D', 'C', 'A']]","{'B': 4, 'D': 3, 'A': 2, 'C': 1}","[0.79, 1.0, 0.58]",3.95
51,"[3, 4, 5]","[2, 3, 2]","[0.58, 0.75, 0.46]","[['D', 'B', 'C', 'A'], ['D', 'A', 'B', 'C'], ['C', 'D', 'A', 'B']]","{'B': 3, 'D': 3, 'A': 2, 'C': 2}","[0.79, 1.0, 0.58]",3.95
51,"[3, 4, 5]","[2, 3, 2]","[0.58, 0.75, 0.46]","[['D', 'B', 'C', 'A'], ['D', 'A', 'B', 'C'], ['C', 'D', 'B', 'A']]","{'B': 3, 'D': 3, 'A': 2, 'C': 2}","[0.79, 1.0, 0.58]",3.95
51,"[3, 4, 5]","[2, 3, 2]","[0.58, 0.75, 0.46]","[['D', 'B', 'C', 'A'], ['D', 'A', 'B', 'C'], ['D', 'B', 'A', 'C']]","{'B': 4, 'D': 3, 'A': 2, 'C': 1}","[0.79, 1.0, 0.58]",3.95
51,"[3, 4, 5]","[2, 3, 2]","[0.58, 0.75, 0.46]","[['D', 'B', 'C', 'A'], ['D', 'A', 'B', 'C'], ['D', 'B', 'C', 'A']]","{'B': 4, 'D': 3, 'A': 2, 'C': 1}","[0.79, 1.0, 0.58]",3.95
51,"[3, 4, 5]","[2, 3, 2]","[0.58, 0.75, 0.46]","[['D', 'B', 'C', 'A'], ['D', 'A', 'B', 'C'], ['D', 'C', 'A', 'B']]","{'B': 3, 'D': 3, 'A': 2, 'C': 2}","[0.79, 1.0, 0.58]",3.95
51,"[3, 4, 5]","[2, 3, 2]","[0.58, 0.75, 0.46]","[['D', 'B', 'C', 'A'], ['D', 'A', 'B', 'C'], ['D', 'C', 'B', 'A']]","{'B': 3, 'D': 3, 'A': 2, 'C': 2}","[0.79, 1.0, 0.58]",3.95
51,"[3, 4, 5]","[2, 3, 2]","[0.58, 0.75, 0.46]","[['D', 'B', 'C', 'A'], ['D', 'A', 'C', 'B'], ['B', 'D', 'A', 'C']]","{'B': 4, 'D': 3, 'A': 2, 'C': 1}","[0.79, 1.0, 0.58]",3.95
51,"[3, 4, 5]","[2, 3, 2]","[0.58, 0.75, 0.46]","[['D', 'B', 'C', 'A'], ['D', 'A', 'C', 'B'], ['B', 'D', 'C', 'A']]","{'B': 4, 'D': 3, 'A': 2, 'C': 1}","[0.79, 1.0, 0.58]",3.95
51,"[3, 4, 5]","[2, 3, 2]","[0.58, 0.75, 0.46]","[['D', 'B', 'C', 'A'], ['D', 'A', 'C', 'B'], ['C', 'D', 'A', 'B']]","{'B': 3, 'D': 3, 'A': 2, 'C': 2}","[0.79, 1.0, 0.58]",3.95
51,"[3, 4, 5]","[2, 3, 2]","[0.58, 0.75, 0.46]","[['D', 'B', 'C', 'A'], ['D', 'A', 'C', 'B'], ['C', 'D', 'B', 'A']]","{'B': 3, 'D': 3, 'A': 2, 'C': 2}","[0.79, 1.0, 0.58]",3.95
51,"[3, 4, 5]","[2, 3, 2]","[0.58, 0.75, 0.46]","[['D', 'B', 'C', 'A'], ['D', 'A', 'C', 'B'], ['D', 'B', 'A', 'C']]","{'B': 4, 'D': 3, 'A': 2, 'C': 1}","[0.79, 1.0, 0.58]",3.95
51,"[3, 4, 5]","[2, 3, 2]","[0.58, 0.75, 0.46]","[['D', 'B', 'C', 'A'], ['D', 'A', 'C', 'B'], ['D', 'B', 'C', 'A']]","{'B': 4, 'D': 3, 'A': 2, 'C': 1}","[0.79, 1.0, 0.58]",3.95
51,"[3, 4, 5]","[2, 3, 2]","[0.58, 0.75, 0.46]","[['D', 'B', 'C', 'A'], ['D', 'A', 'C', 'B'], ['D', 'C', 'A', 'B']]","{'B': 3, 'D': 3, 'A': 2, 'C': 2}","[0.79, 1.0, 0.58]",3.95
51,"[3, 4, 5]","[2, 3, 2]","[0.58, 0.75, 0.46]","[['D', 'B', 'C', 'A'], ['D', 'A', 'C', 'B'], ['D', 'C', 'B', 'A']]","{'B': 3, 'D': 3, 'A': 2, 'C': 2}","[0.79, 1.0, 0.58]",3.95
51,"[3, 4, 5]","[2, 3, 2]","[0.58, 0.75, 0.46]","[['D', 'B', 'C', 'A'], ['D', 'B', 'A', 'C'], ['A', 'D', 'B', 'C']]","{'B': 4, 'D': 3, 'A': 2, 'C': 1}","[0.79, 1.0, 0.58]",3.95
51,"[3, 4, 5]","[2, 3, 2]","[0.58, 0.75, 0.46]","[['D', 'B', 'C', 'A'], ['D', 'B', 'A', 'C'], ['A', 'D', 'C', 'B']]","{'B': 4, 'D': 3, 'A': 2, 'C': 1}","[0.79, 1.0, 0.58]",3.95
51,"[3, 4, 5]","[2, 3, 2]","[0.58, 0.75, 0.46]","[['D', 'B', 'C', 'A'], ['D', 'B', 'A', 'C'], ['B', 'D', 'A', 'C']]","{'B': 5, 'D': 3, 'A': 1, 'C': 1}","[0.79, 1.0, 0.58]",3.95
51,"[3, 4, 5]","[2, 3, 2]","[0.58, 0.75, 0.46]","[['D', 'B', 'C', 'A'], ['D', 'B', 'A', 'C'], ['B', 'D', 'C', 'A']]","{'B': 5, 'D': 3, 'A': 1, 'C': 1}","[0.79, 1.0, 0.58]",3.95
51,"[3, 4, 5]","[2, 3, 2]","[0.58, 0.75, 0.46]","[['D', 'B', 'C', 'A'], ['D', 'B', 'A', 'C'], ['C', 'D', 'A', 'B']]","{'B': 4, 'D': 3, 'C': 2, 'A': 1}","[0.67, 1.0, 0.75]",3.96
51,"[3, 4, 5]","[2, 3, 2]","[0.58, 0.75, 0.46]","[['D', 'B', 'C', 'A'], ['D', 'B', 'A', 'C'], ['C', 'D', 'B', 'A']]","{'B': 4, 'D': 3, 'C': 2, 'A': 1}","[0.67, 1.0, 0.75]",3.96
51,"[3, 4, 5]","[2, 3, 2]","[0.58, 0.75, 0.46]","[['D', 'B', 'C', 'A'], ['D', 'B', 'A', 'C'], ['D', 'A', 'B', 'C']]","{'B': 4, 'D': 3, 'A': 2, 'C': 1}","[0.79, 1.0, 0.58]",3.95
51,"[3, 4, 5]","[2, 3, 2]","[0.58, 0.75, 0.46]","[['D', 'B', 'C', 'A'], ['D', 'B', 'A', 'C'], ['D', 'A', 'C', 'B']]","{'B': 4, 'D': 3, 'A': 2, 'C': 1}","[0.79, 1.0, 0.58]",3.95
51,"[3, 4, 5]","[2, 3, 2]","[0.58, 0.75, 0.46]","[['D', 'B', 'C', 'A'], ['D', 'B', 'A', 'C'], ['D', 'B', 'A', 'C']]","{'B': 5, 'D': 3, 'A': 1, 'C': 1}","[0.79, 1.0, 0.58]",3.95
51,"[3, 4, 5]","[2, 3, 2]","[0.58, 0.75, 0.46]","[['D', 'B', 'C', 'A'], ['D', 'B', 'A', 'C'], ['D', 'B', 'C', 'A']]","{'B': 5, 'D': 3, 'A': 1, 'C': 1}","[0.79, 1.0, 0.58]",3.95
51,"[3, 4, 5]","[2, 3, 2]","[0.58, 0.75, 0.46]","[['D', 'B', 'C', 'A'], ['D', 'B', 'A', 'C'], ['D', 'C', 'A', 'B']]","{'B': 4, 'D': 3, 'C': 2, 'A': 1}","[0.67, 1.0, 0.75]",3.96
51,"[3, 4, 5]","[2, 3, 2]","[0.58, 0.75, 0.46]","[['D', 'B', 'C', 'A'], ['D', 'B', 'A', 'C'], ['D', 'C', 'B', 'A']]","{'B': 4, 'D': 3, 'C': 2, 'A': 1}","[0.67, 1.0, 0.75]",3.96
51,"[3, 4, 5]","[2, 3, 2]","[0.58, 0.75, 0.46]","[['D', 'B', 'C', 'A'], ['D', 'B', 'C', 'A'], ['A', 'D', 'B', 'C']]","{'B': 4, 'D': 3, 'A': 2, 'C': 1}","[0.79, 1.0, 0.58]",3.95
51,"[3, 4, 5]","[2, 3, 2]","[0.58, 0.75, 0.46]","[['D', 'B', 'C', 'A'], ['D', 'B', 'C', 'A'], ['A', 'D', 'C', 'B']]","{'B': 4, 'D': 3, 'A': 2, 'C': 1}","[0.79, 1.0, 0.58]",3.95
51,"[3, 4, 5]","[2, 3, 2]","[0.58, 0.75, 0.46]","[['D', 'B', 'C', 'A'], ['D', 'B', 'C', 'A'], ['B', 'D', 'A', 'C']]","{'B': 5, 'D': 3, 'A': 1, 'C': 1}","[0.79, 1.0, 0.58]",3.95
51,"[3, 4, 5]","[2, 3, 2]","[0.58, 0.75, 0.46]","[['D', 'B', 'C', 'A'], ['D', 'B', 'C', 'A'], ['B', 'D', 'C', 'A']]","{'B': 5, 'D': 3, 'A': 1, 'C': 1}","[0.79, 1.0, 0.58]",3.95
51,"[3, 4, 5]","[2, 3, 2]","[0.58, 0.75, 0.46]","[['D', 'B', 'C', 'A'], ['D', 'B', 'C', 'A'], ['C', 'D', 'A', 'B']]","{'B': 4, 'D': 3, 'C': 2, 'A': 1}","[0.67, 1.0, 0.75]",3.96
51,"[3, 4, 5]","[2, 3, 2]","[0.58, 0.75, 0.46]","[['D', 'B', 'C', 'A'], ['D', 'B', 'C', 'A'], ['C', 'D', 'B', 'A']]","{'B': 4, 'D': 3, 'C': 2, 'A': 1}","[0.67, 1.0, 0.75]",3.96
51,"[3, 4, 5]","[2, 3, 2]","[0.58, 0.75, 0.46]","[['D', 'B', 'C', 'A'], ['D', 'B', 'C', 'A'], ['D', 'A', 'B', 'C']]","{'B': 4, 'D': 3, 'A': 2, 'C': 1}","[0.79, 1.0, 0.58]",3.95
51,"[3, 4, 5]","[2, 3, 2]","[0.58, 0.75, 0.46]","[['D', 'B', 'C', 'A'], ['D', 'B', 'C', 'A'], ['D', 'A', 'C', 'B']]","{'B': 4, 'D': 3, 'A': 2, 'C': 1}","[0.79, 1.0, 0.58]",3.95
51,"[3, 4, 5]","[2, 3, 2]","[0.58, 0.75, 0.46]","[['D', 'B', 'C', 'A'], ['D', 'B', 'C', 'A'], ['D', 'B', 'A', 'C']]","{'B': 5, 'D': 3, 'A': 1, 'C': 1}","[0.79, 1.0, 0.58]",3.95
51,"[3, 4, 5]","[2, 3, 2]","[0.58, 0.75, 0.46]","[['D', 'B', 'C', 'A'], ['D', 'B', 'C', 'A'], ['D', 'B', 'C', 'A']]","{'B': 5, 'D': 3, 'A': 1, 'C': 1}","[0.79, 1.0, 0.58]",3.95
51,"[3, 4, 5]","[2, 3, 2]","[0.58, 0.75, 0.46]","[['D', 'B', 'C', 'A'], ['D', 'B', 'C', 'A'], ['D', 'C', 'A', 'B']]","{'B': 4, 'D': 3, 'C': 2, 'A': 1}","[0.67, 1.0, 0.75]",3.96
51,"[3, 4, 5]","[2, 3, 2]","[0.58, 0.75, 0.46]","[['D', 'B', 'C', 'A'], ['D', 'B', 'C', 'A'], ['D', 'C', 'B', 'A']]","{'B': 4, 'D': 3, 'C': 2, 'A': 1}","[0.67, 1.0, 0.75]",3.96
51,"[3, 4, 5]","[2, 3, 2]","[0.58, 0.75, 0.46]","[['D', 'B', 'C', 'A'], ['D', 'C', 'A', 'B'], ['A', 'D', 'B', 'C']]","{'B': 3, 'D': 3, 'A': 2, 'C': 2}","[0.79, 1.0, 0.58]",3.95
51,"[3, 4, 5]","[2, 3, 2]","[0.58, 0.75, 0.46]","[['D', 'B', 'C', 'A'], ['D', 'C', 'A', 'B'], ['A', 'D', 'C', 'B']]","{'B': 3, 'D': 3, 'A': 2, 'C': 2}","[0.79, 1.0, 0.58]",3.95
51,"[3, 4, 5]","[2, 3, 2]","[0.58, 0.75, 0.46]","[['D', 'B', 'C', 'A'], ['D', 'C', 'A', 'B'], ['B', 'D', 'A', 'C']]","{'B': 4, 'D': 3, 'C': 2, 'A': 1}","[0.67, 1.0, 0.75]",3.96
51,"[3, 4, 5]","[2, 3, 2]","[0.58, 0.75, 0.46]","[['D', 'B', 'C', 'A'], ['D', 'C', 'A', 'B'], ['B', 'D', 'C', 'A']]","{'B': 4, 'D': 3, 'C': 2, 'A': 1}","[0.67, 1.0, 0.75]",3.96
51,"[3, 4, 5]","[2, 3, 2]","[0.58, 0.75, 0.46]","[['D', 'B', 'C', 'A'], ['D', 'C', 'A', 'B'], ['D', 'A', 'B', 'C']]","{'B': 3, 'D': 3, 'A': 2, 'C': 2}","[0.79, 1.0, 0.58]",3.95
51,"[3, 4, 5]","[2, 3, 2]","[0.58, 0.75, 0.46]","[['D', 'B', 'C', 'A'], ['D', 'C', 'A', 'B'], ['D', 'A', 'C', 'B']]","{'B': 3, 'D': 3, 'A': 2, 'C': 2}","[0.79, 1.0, 0.58]",3.95
51,"[3, 4, 5]","[2, 3, 2]","[0.58, 0.75, 0.46]","[['D', 'B', 'C', 'A'], ['D', 'C', 'A', 'B'], ['D', 'B', 'A', 'C']]","{'B': 4, 'D': 3, 'C': 2, 'A': 1}","[0.67, 1.0, 0.75]",3.96
51,"[3, 4, 5]","[2, 3, 2]","[0.58, 0.75, 0.46]","[['D', 'B', 'C', 'A'], ['D', 'C', 'A', 'B'], ['D', 'B', 'C', 'A']]","{'B': 4, 'D': 3, 'C': 2, 'A': 1}","[0.67, 1.0, 0.75]",3.96
51,"[3, 4, 5]","[2, 3, 2]","[0.58, 0.75, 0.46]","[['D', 'B', 'C', 'A'], ['D', 'C', 'B', 'A'], ['A', 'D', 'B', 'C']]","{'B': 3, 'D': 3, 'A': 2, 'C': 2}","[0.79, 1.0, 0.58]",3.95
51,"[3, 4, 5]","[2, 3, 2]","[0.58, 0.75, 0.46]","[['D', 'B', 'C', 'A'], ['D', 'C', 'B', 'A'], ['A', 'D', 'C', 'B']]","{'B': 3, 'D': 3, 'A': 2, 'C': 2}","[0.79, 1.0, 0.58]",3.95
51,"[3, 4, 5]","[2, 3, 2]","[0.58, 0.75, 0.46]","[['D', 'B', 'C', 'A'], ['D', 'C', 'B', 'A'], ['B', 'D', 'A', 'C']]","{'B': 4, 'D': 3, 'C': 2, 'A': 1}","[0.67, 1.0, 0.75]",3.96
51,"[3, 4, 5]","[2, 3, 2]","[0.58, 0.75, 0.46]","[['D', 'B', 'C', 'A'], ['D', 'C', 'B', 'A'], ['B', 'D', 'C', 'A']]","{'B': 4, 'D': 3, 'C': 2, 'A': 1}","[0.67, 1.0, 0.75]",3.96
51,"[3, 4, 5]","[2, 3, 2]","[0.58, 0.75, 0.46]","[['D', 'B', 'C', 'A'], ['D', 'C', 'B', 'A'], ['D', 'A', 'B', 'C']]","{'B': 3, 'D': 3, 'A': 2, 'C': 2}","[0.79, 1.0, 0.58]",3.95
51,"[3, 4, 5]","[2, 3, 2]","[0.58, 0.75, 0.46]","[['D', 'B', 'C', 'A'], ['D', 'C', 'B', 'A'], ['D', 'A', 'C', 'B']]","{'B': 3, 'D': 3, 'A': 2, 'C': 2}","[0.79, 1.0, 0.58]",3.95
51,"[3, 4, 5]","[2, 3, 2]","[0.58, 0.75, 0.46]","[['D', 'B', 'C', 'A'], ['D', 'C', 'B', 'A'], ['D', 'B', 'A', 'C']]","{'B': 4, 'D': 3, 'C': 2, 'A': 1}","[0.67, 1.0, 0.75]",3.96
51,"[3, 4, 5]","[2, 3, 2]","[0.58, 0.75, 0.46]","[['D', 'B', 'C', 'A'], ['D', 'C', 'B', 'A'], ['D', 'B', 'C', 'A']]","{'B': 4, 'D': 3, 'C': 2, 'A': 1}","[0.67, 1.0, 0.75]",3.96
51,"[3, 4, 5]","[2, 3, 2]","[0.58, 0.75, 0.46]","[['D', 'C', 'A', 'B'], ['A', 'D', 'B', 'C'], ['B', 'D', 'A', 'C']]","{'B': 3, 'D': 3, 'A': 2, 'C': 2}","[0.79, 1.0, 0.58]",3.95
51,"[3, 4, 5]","[2, 3, 2]","[0.58, 0.75, 0.46]","[['D', 'C', 'A', 'B'], ['A', 'D', 'B', 'C'], ['B', 'D', 'C', 'A']]","{'B': 3, 'D': 3, 'A': 2, 'C': 2}","[0.79, 1.0, 0.58]",3.95
51,"[3, 4, 5]","[2, 3, 2]","[0.58, 0.75, 0.46]","[['D', 'C', 'A', 'B'], ['A', 'D', 'B', 'C'], ['D', 'B', 'A', 'C']]","{'B': 3, 'D': 3, 'A': 2, 'C': 2}","[0.79, 1.0, 0.58]",3.95
51,"[3, 4, 5]","[2, 3, 2]","[0.58, 0.75, 0.46]","[['D', 'C', 'A', 'B'], ['A', 'D', 'B', 'C'], ['D', 'B', 'C', 'A']]","{'B': 3, 'D': 3, 'A': 2, 'C': 2}","[0.79, 1.0, 0.58]",3.95
51,"[3, 4, 5]","[2, 3, 2]","[0.58, 0.75, 0.46]","[['D', 'C', 'A', 'B'], ['A', 'D', 'C', 'B'], ['B', 'D', 'A', 'C']]","{'B': 3, 'D': 3, 'A': 2, 'C': 2}","[0.79, 1.0, 0.58]",3.95
51,"[3, 4, 5]","[2, 3, 2]","[0.58, 0.75, 0.46]","[['D', 'C', 'A', 'B'], ['A', 'D', 'C', 'B'], ['B', 'D', 'C', 'A']]","{'B': 3, 'D': 3, 'A': 2, 'C': 2}","[0.79, 1.0, 0.58]",3.95
51,"[3, 4, 5]","[2, 3, 2]","[0.58, 0.75, 0.46]","[['D', 'C', 'A', 'B'], ['A', 'D', 'C', 'B'], ['D', 'B', 'A', 'C']]","{'B': 3, 'D': 3, 'A': 2, 'C': 2}","[0.79, 1.0, 0.58]",3.95
51,"[3, 4, 5]","[2, 3, 2]","[0.58, 0.75, 0.46]","[['D', 'C', 'A', 'B'], ['A', 'D', 'C', 'B'], ['D', 'B', 'C', 'A']]","{'B': 3, 'D': 3, 'A': 2, 'C': 2}","[0.79, 1.0, 0.58]",3.95
51,"[3, 4, 5]","[2, 3, 2]","[0.58, 0.75, 0.46]","[['D', 'C', 'A', 'B'], ['B', 'D', 'A', 'C'], ['A', 'D', 'B', 'C']]","{'B': 3, 'D': 3, 'A': 2, 'C': 2}","[0.79, 1.0, 0.58]",3.95
51,"[3, 4, 5]","[2, 3, 2]","[0.58, 0.75, 0.46]","[['D', 'C', 'A', 'B'], ['B', 'D', 'A', 'C'], ['A', 'D', 'C', 'B']]","{'B': 3, 'D': 3, 'A': 2, 'C': 2}","[0.79, 1.0, 0.58]",3.95
51,"[3, 4, 5]","[2, 3, 2]","[0.58, 0.75, 0.46]","[['D', 'C', 'A', 'B'], ['B', 'D', 'A', 'C'], ['B', 'D', 'A', 'C']]","{'B': 4, 'D': 3, 'C': 2, 'A': 1}","[0.67, 1.0, 0.75]",3.96
51,"[3, 4, 5]","[2, 3, 2]","[0.58, 0.75, 0.46]","[['D', 'C', 'A', 'B'], ['B', 'D', 'A', 'C'], ['B', 'D', 'C', 'A']]","{'B': 4, 'D': 3, 'C': 2, 'A': 1}","[0.67, 1.0, 0.75]",3.96
51,"[3, 4, 5]","[2, 3, 2]","[0.58, 0.75, 0.46]","[['D', 'C', 'A', 'B'], ['B', 'D', 'A', 'C'], ['D', 'A', 'B', 'C']]","{'B': 3, 'D': 3, 'A': 2, 'C': 2}","[0.79, 1.0, 0.58]",3.95
51,"[3, 4, 5]","[2, 3, 2]","[0.58, 0.75, 0.46]","[['D', 'C', 'A', 'B'], ['B', 'D', 'A', 'C'], ['D', 'A', 'C', 'B']]","{'B': 3, 'D': 3, 'A': 2, 'C': 2}","[0.79, 1.0, 0.58]",3.95
51,"[3, 4, 5]","[2, 3, 2]","[0.58, 0.75, 0.46]","[['D', 'C', 'A', 'B'], ['B', 'D', 'A', 'C'], ['D', 'B', 'A', 'C']]","{'B': 4, 'D': 3, 'C': 2, 'A': 1}","[0.67, 1.0, 0.75]",3.96
51,"[3, 4, 5]","[2, 3, 2]","[0.58, 0.75, 0.46]","[['D', 'C', 'A', 'B'], ['B', 'D', 'A', 'C'], ['D', 'B', 'C', 'A']]","{'B': 4, 'D': 3, 'C': 2, 'A': 1}","[0.67, 1.0, 0.75]",3.96
51,"[3, 4, 5]","[2, 3, 2]","[0.58, 0.75, 0.46]","[['D', 'C', 'A', 'B'], ['B', 'D', 'C', 'A'], ['A', 'D', 'B', 'C']]","{'B': 3, 'D': 3, 'A': 2, 'C': 2}","[0.79, 1.0, 0.58]",3.95
51,"[3, 4, 5]","[2, 3, 2]","[0.58, 0.75, 0.46]","[['D', 'C', 'A', 'B'], ['B', 'D', 'C', 'A'], ['A', 'D', 'C', 'B']]","{'B': 3, 'D': 3, 'A': 2, 'C': 2}","[0.79, 1.0, 0.58]",3.95
51,"[3, 4, 5]","[2, 3, 2]","[0.58, 0.75, 0.46]","[['D', 'C', 'A', 'B'], ['B', 'D', 'C', 'A'], ['B', 'D', 'A', 'C']]","{'B': 4, 'D': 3, 'C': 2, 'A': 1}","[0.67, 1.0, 0.75]",3.96
51,"[3, 4, 5]","[2, 3, 2]","[0.58, 0.75, 0.46]","[['D', 'C', 'A', 'B'], ['B', 'D', 'C', 'A'], ['B', 'D', 'C', 'A']]","{'B': 4, 'D': 3, 'C': 2, 'A': 1}","[0.67, 1.0, 0.75]",3.96
51,"[3, 4, 5]","[2, 3, 2]","[0.58, 0.75, 0.46]","[['D', 'C', 'A', 'B'], ['B', 'D', 'C', 'A'], ['D', 'A', 'B', 'C']]","{'B': 3, 'D': 3, 'A': 2, 'C': 2}","[0.79, 1.0, 0.58]",3.95
51,"[3, 4, 5]","[2, 3, 2]","[0.58, 0.75, 0.46]","[['D', 'C', 'A', 'B'], ['B', 'D', 'C', 'A'], ['D', 'A', 'C', 'B']]","{'B': 3, 'D': 3, 'A': 2, 'C': 2}","[0.79, 1.0, 0.58]",3.95
51,"[3, 4, 5]","[2, 3, 2]","[0.58, 0.75, 0.46]","[['D', 'C', 'A', 'B'], ['B', 'D', 'C', 'A'], ['D', 'B', 'A', 'C']]","{'B': 4, 'D': 3, 'C': 2, 'A': 1}","[0.67, 1.0, 0.75]",3.96
51,"[3, 4, 5]","[2, 3, 2]","[0.58, 0.75, 0.46]","[['D', 'C', 'A', 'B'], ['B', 'D', 'C', 'A'], ['D', 'B', 'C', 'A']]","{'B': 4, 'D': 3, 'C': 2, 'A': 1}","[0.67, 1.0, 0.75]",3.96
51,"[3, 4, 5]","[2, 3, 2]","[0.58, 0.75, 0.46]","[['D', 'C', 'A', 'B'], ['D', 'A', 'B', 'C'], ['B', 'D', 'A', 'C']]","{'B': 3, 'D': 3, 'A': 2, 'C': 2}","[0.79, 1.0, 0.58]",3.95
51,"[3, 4, 5]","[2, 3, 2]","[0.58, 0.75, 0.46]","[['D', 'C', 'A', 'B'], ['D', 'A', 'B', 'C'], ['B', 'D', 'C', 'A']]","{'B': 3, 'D': 3, 'A': 2, 'C': 2}","[0.79, 1.0, 0.58]",3.95
51,"[3, 4, 5]","[2, 3, 2]","[0.58, 0.75, 0.46]","[['D', 'C', 'A', 'B'], ['D', 'A', 'B', 'C'], ['D', 'B', 'A', 'C']]","{'B': 3, 'D': 3, 'A': 2, 'C': 2}","[0.79, 1.0, 0.58]",3.95
51,"[3, 4, 5]","[2, 3, 2]","[0.58, 0.75, 0.46]","[['D', 'C', 'A', 'B'], ['D', 'A', 'B', 'C'], ['D', 'B', 'C', 'A']]","{'B': 3, 'D': 3, 'A': 2, 'C': 2}","[0.79, 1.0, 0.58]",3.95
51,"[3, 4, 5]","[2, 3, 2]","[0.58, 0.75, 0.46]","[['D', 'C', 'A', 'B'], ['D', 'A', 'C', 'B'], ['B', 'D', 'A', 'C']]","{'B': 3, 'D': 3, 'A': 2, 'C': 2}","[0.79, 1.0, 0.58]",3.95
51,"[3, 4, 5]","[2, 3, 2]","[0.58, 0.75, 0.46]","[['D', 'C', 'A', 'B'], ['D', 'A', 'C', 'B'], ['B', 'D', 'C', 'A']]","{'B': 3, 'D': 3, 'A': 2, 'C': 2}","[0.79, 1.0, 0.58]",3.95
51,"[3, 4, 5]","[2, 3, 2]","[0.58, 0.75, 0.46]","[['D', 'C', 'A', 'B'], ['D', 'A', 'C', 'B'], ['D', 'B', 'A', 'C']]","{'B': 3, 'D': 3, 'A': 2, 'C': 2}","[0.79, 1.0, 0.58]",3.95
51,"[3, 4, 5]","[2, 3, 2]","[0.58, 0.75, 0.46]","[['D', 'C', 'A', 'B'], ['D', 'A', 'C', 'B'], ['D', 'B', 'C', 'A']]","{'B': 3, 'D': 3, 'A': 2, 'C': 2}","[0.79, 1.0, 0.58]",3.95
51,"[3, 4, 5]","[2, 3, 2]","[0.58, 0.75, 0.46]","[['D', 'C', 'A', 'B'], ['D', 'B', 'A', 'C'], ['A', 'D', 'B', 'C']]","{'B': 3, 'D': 3, 'A': 2, 'C': 2}","[0.79, 1.0, 0.58]",3.95
51,"[3, 4, 5]","[2, 3, 2]","[0.58, 0.75, 0.46]","[['D', 'C', 'A', 'B'], ['D', 'B', 'A', 'C'], ['A', 'D', 'C', 'B']]","{'B': 3, 'D': 3, 'A': 2, 'C': 2}","[0.79, 1.0, 0.58]",3.95
51,"[3, 4, 5]","[2, 3, 2]","[0.58, 0.75, 0.46]","[['D', 'C', 'A', 'B'], ['D', 'B', 'A', 'C'], ['B', 'D', 'A', 'C']]","{'B': 4, 'D': 3, 'C': 2, 'A': 1}","[0.67, 1.0, 0.75]",3.96
51,"[3, 4, 5]","[2, 3, 2]","[0.58, 0.75, 0.46]","[['D', 'C', 'A', 'B'], ['D', 'B', 'A', 'C'], ['B', 'D', 'C', 'A']]","{'B': 4, 'D': 3, 'C': 2, 'A': 1}","[0.67, 1.0, 0.75]",3.96
51,"[3, 4, 5]","[2, 3, 2]","[0.58, 0.75, 0.46]","[['D', 'C', 'A', 'B'], ['D', 'B', 'A', 'C'], ['D', 'A', 'B', 'C']]","{'B': 3, 'D': 3, 'A': 2, 'C': 2}","[0.79, 1.0, 0.58]",3.95
51,"[3, 4, 5]","[2, 3, 2]","[0.58, 0.75, 0.46]","[['D', 'C', 'A', 'B'], ['D', 'B', 'A', 'C'], ['D', 'A', 'C', 'B']]","{'B': 3, 'D': 3, 'A': 2, 'C': 2}","[0.79, 1.0, 0.58]",3.95
51,"[3, 4, 5]","[2, 3, 2]","[0.58, 0.75, 0.46]","[['D', 'C', 'A', 'B'], ['D', 'B', 'A', 'C'], ['D', 'B', 'A', 'C']]","{'B': 4, 'D': 3, 'C': 2, 'A': 1}","[0.67, 1.0, 0.75]",3.96
51,"[3, 4, 5]","[2, 3, 2]","[0.58, 0.75, 0.46]","[['D', 'C', 'A', 'B'], ['D', 'B', 'A', 'C'], ['D', 'B', 'C', 'A']]","{'B': 4, 'D': 3, 'C': 2, 'A': 1}","[0.67, 1.0, 0.75]",3.96
51,"[3, 4, 5]","[2, 3, 2]","[0.58, 0.75, 0.46]","[['D', 'C', 'A', 'B'], ['D', 'B', 'C', 'A'], ['A', 'D', 'B', 'C']]","{'B': 3, 'D': 3, 'A': 2, 'C': 2}","[0.79, 1.0, 0.58]",3.95
51,"[3, 4, 5]","[2, 3, 2]","[0.58, 0.75, 0.46]","[['D', 'C', 'A', 'B'], ['D', 'B', 'C', 'A'], ['A', 'D', 'C', 'B']]","{'B': 3, 'D': 3, 'A': 2, 'C': 2}","[0.79, 1.0, 0.58]",3.95
51,"[3, 4, 5]","[2, 3, 2]","[0.58, 0.75, 0.46]","[['D', 'C', 'A', 'B'], ['D', 'B', 'C', 'A'], ['B', 'D', 'A', 'C']]","{'B': 4, 'D': 3, 'C': 2, 'A': 1}","[0.67, 1.0, 0.75]",3.96
51,"[3, 4, 5]","[2, 3, 2]","[0.58, 0.75, 0.46]","[['D', 'C', 'A', 'B'], ['D', 'B', 'C', 'A'], ['B', 'D', 'C', 'A']]","{'B': 4, 'D': 3, 'C': 2, 'A': 1}","[0.67, 1.0, 0.75]",3.96
51,"[3, 4, 5]","[2, 3, 2]","[0.58, 0.75, 0.46]","[['D', 'C', 'A', 'B'], ['D', 'B', 'C', 'A'], ['D', 'A', 'B', 'C']]","{'B': 3, 'D': 3, 'A': 2, 'C': 2}","[0.79, 1.0, 0.58]",3.95
51,"[3, 4, 5]","[2, 3, 2]","[0.58, 0.75, 0.46]","[['D', 'C', 'A', 'B'], ['D', 'B', 'C', 'A'], ['D', 'A', 'C', 'B']]","{'B': 3, 'D': 3, 'A': 2, 'C': 2}","[0.79, 1.0, 0.58]",3.95
51,"[3, 4, 5]","[2, 3, 2]","[0.58, 0.75, 0.46]","[['D', 'C', 'A', 'B'], ['D', 'B', 'C', 'A'], ['D', 'B', 'A', 'C']]","{'B': 4, 'D': 3, 'C': 2, 'A': 1}","[0.67, 1.0, 0.75]",3.96
51,"[3, 4, 5]","[2, 3, 2]","[0.58, 0.75, 0.46]","[['D', 'C', 'A', 'B'], ['D', 'B', 'C', 'A'], ['D', 'B', 'C', 'A']]","{'B': 4, 'D': 3, 'C': 2, 'A': 1}","[0.67, 1.0, 0.75]",3.96
51,"[3, 4, 5]","[2, 3, 2]","[0.58, 0.75, 0.46]","[['D', 'C', 'B', 'A'], ['A', 'D', 'B', 'C'], ['B', 'D', 'A', 'C']]","{'B': 3, 'D': 3, 'A': 2, 'C': 2}","[0.79, 1.0, 0.58]",3.95
51,"[3, 4, 5]","[2, 3, 2]","[0.58, 0.75, 0.46]","[['D', 'C', 'B', 'A'], ['A', 'D', 'B', 'C'], ['B', 'D', 'C', 'A']]","{'B': 3, 'D': 3, 'A': 2, 'C': 2}","[0.79, 1.0, 0.58]",3.95
51,"[3, 4, 5]","[2, 3, 2]","[0.58, 0.75, 0.46]","[['D', 'C', 'B', 'A'], ['A', 'D', 'B', 'C'], ['D', 'B', 'A', 'C']]","{'B': 3, 'D': 3, 'A': 2, 'C': 2}","[0.79, 1.0, 0.58]",3.95
51,"[3, 4, 5]","[2, 3, 2]","[0.58, 0.75, 0.46]","[['D', 'C', 'B', 'A'], ['A', 'D', 'B', 'C'], ['D', 'B', 'C', 'A']]","{'B': 3, 'D': 3, 'A': 2, 'C': 2}","[0.79, 1.0, 0.58]",3.95
51,"[3, 4, 5]","[2, 3, 2]","[0.58, 0.75, 0.46]","[['D', 'C', 'B', 'A'], ['A', 'D', 'C', 'B'], ['B', 'D', 'A', 'C']]","{'B': 3, 'D': 3, 'A': 2, 'C': 2}","[0.79, 1.0, 0.58]",3.95
51,"[3, 4, 5]","[2, 3, 2]","[0.58, 0.75, 0.46]","[['D', 'C', 'B', 'A'], ['A', 'D', 'C', 'B'], ['B', 'D', 'C', 'A']]","{'B': 3, 'D': 3, 'A': 2, 'C': 2}","[0.79, 1.0, 0.58]",3.95
51,"[3, 4, 5]","[2, 3, 2]","[0.58, 0.75, 0.46]","[['D', 'C', 'B', 'A'], ['A', 'D', 'C', 'B'], ['D', 'B', 'A', 'C']]","{'B': 3, 'D': 3, 'A': 2, 'C': 2}","[0.79, 1.0, 0.58]",3.95
51,"[3, 4, 5]","[2, 3, 2]","[0.58, 0.75, 0.46]","[['D', 'C', 'B', 'A'], ['A', 'D', 'C', 'B'], ['D', 'B', 'C', 'A']]","{'B': 3, 'D': 3, 'A': 2, 'C': 2}","[0.79, 1.0, 0.58]",3.95
51,"[3, 4, 5]","[2, 3, 2]","[0.58, 0.75, 0.46]","[['D', 'C', 'B', 'A'], ['B', 'D', 'A', 'C'], ['A', 'D', 'B', 'C']]","{'B': 3, 'D': 3, 'A': 2, 'C': 2}","[0.79, 1.0, 0.58]",3.95
51,"[3, 4, 5]","[2, 3, 2]","[0.58, 0.75, 0.46]","[['D', 'C', 'B', 'A'], ['B', 'D', 'A', 'C'], ['A', 'D', 'C', 'B']]","{'B': 3, 'D': 3, 'A': 2, 'C': 2}","[0.79, 1.0, 0.58]",3.95
51,"[3, 4, 5]","[2, 3, 2]","[0.58, 0.75, 0.46]","[['D', 'C', 'B', 'A'], ['B', 'D', 'A', 'C'], ['B', 'D', 'A', 'C']]","{'B': 4, 'D': 3, 'C': 2, 'A': 1}","[0.67, 1.0, 0.75]",3.96
51,"[3, 4, 5]","[2, 3, 2]","[0.58, 0.75, 0.46]","[['D', 'C', 'B', 'A'], ['B', 'D', 'A', 'C'], ['B', 'D', 'C', 'A']]","{'B': 4, 'D': 3, 'C': 2, 'A': 1}","[0.67, 1.0, 0.75]",3.96
51,"[3, 4, 5]","[2, 3, 2]","[0.58, 0.75, 0.46]","[['D', 'C', 'B', 'A'], ['B', 'D', 'A', 'C'], ['D', 'A', 'B', 'C']]","{'B': 3, 'D': 3, 'A': 2, 'C': 2}","[0.79, 1.0, 0.58]",3.95
51,"[3, 4, 5]","[2, 3, 2]","[0.58, 0.75, 0.46]","[['D', 'C', 'B', 'A'], ['B', 'D', 'A', 'C'], ['D', 'A', 'C', 'B']]","{'B': 3, 'D': 3, 'A': 2, 'C': 2}","[0.79, 1.0, 0.58]",3.95
51,"[3, 4, 5]","[2, 3, 2]","[0.58, 0.75, 0.46]","[['D', 'C', 'B', 'A'], ['B', 'D', 'A', 'C'], ['D', 'B', 'A', 'C']]","{'B': 4, 'D': 3, 'C': 2, 'A': 1}","[0.67, 1.0, 0.75]",3.96
51,"[3, 4, 5]","[2, 3, 2]","[0.58, 0.75, 0.46]","[['D', 'C', 'B', 'A'], ['B', 'D', 'A', 'C'], ['D', 'B', 'C', 'A']]","{'B': 4, 'D': 3, 'C': 2, 'A': 1}","[0.67, 1.0, 0.75]",3.96
51,"[3, 4, 5]","[2, 3, 2]","[0.58, 0.75, 0.46]","[['D', 'C', 'B', 'A'], ['B', 'D', 'C', 'A'], ['A', 'D', 'B', 'C']]","{'B': 3, 'D': 3, 'A': 2, 'C': 2}","[0.79, 1.0, 0.58]",3.95
51,"[3, 4, 5]","[2, 3, 2]","[0.58, 0.75, 0.46]","[['D', 'C', 'B', 'A'], ['B', 'D', 'C', 'A'], ['A', 'D', 'C', 'B']]","{'B': 3, 'D': 3, 'A': 2, 'C': 2}","[0.79, 1.0, 0.58]",3.95
51,"[3, 4, 5]","[2, 3, 2]","[0.58, 0.75, 0.46]","[['D', 'C', 'B', 'A'], ['B', 'D', 'C', 'A'], ['B', 'D', 'A', 'C']]","{'B': 4, 'D': 3, 'C': 2, 'A': 1}","[0.67, 1.0, 0.75]",3.96
51,"[3, 4, 5]","[2, 3, 2]","[0.58, 0.75, 0.46]","[['D', 'C', 'B', 'A'], ['B', 'D', 'C', 'A'], ['B', 'D', 'C', 'A']]","{'B': 4, 'D': 3, 'C': 2, 'A': 1}","[0.67, 1.0, 0.75]",3.96
51,"[3, 4, 5]","[2, 3, 2]","[0.58, 0.75, 0.46]","[['D', 'C', 'B', 'A'], ['B', 'D', 'C', 'A'], ['D', 'A', 'B', 'C']]","{'B': 3, 'D': 3, 'A': 2, 'C': 2}","[0.79, 1.0, 0.58]",3.95
51,"[3, 4, 5]","[2, 3, 2]","[0.58, 0.75, 0.46]","[['D', 'C', 'B', 'A'], ['B', 'D', 'C', 'A'], ['D', 'A', 'C', 'B']]","{'B': 3, 'D': 3, 'A': 2, 'C': 2}","[0.79, 1.0, 0.58]",3.95
51,"[3, 4, 5]","[2, 3, 2]","[0.58, 0.75, 0.46]","[['D', 'C', 'B', 'A'], ['B', 'D', 'C', 'A'], ['D', 'B', 'A', 'C']]","{'B': 4, 'D': 3, 'C': 2, 'A': 1}","[0.67, 1.0, 0.75]",3.96
51,"[3, 4, 5]","[2, 3, 2]","[0.58, 0.75, 0.46]","[['D', 'C', 'B', 'A'], ['B', 'D', 'C', 'A'], ['D', 'B', 'C', 'A']]","{'B': 4, 'D': 3, 'C': 2, 'A': 1}","[0.67, 1.0, 0.75]",3.96
51,"[3, 4, 5]","[2, 3, 2]","[0.58, 0.75, 0.46]","[['D', 'C', 'B', 'A'], ['D', 'A', 'B', 'C'], ['B', 'D', 'A', 'C']]","{'B': 3, 'D': 3, 'A': 2, 'C': 2}","[0.79, 1.0, 0.58]",3.95
51,"[3, 4, 5]","[2, 3, 2]","[0.58, 0.75, 0.46]","[['D', 'C', 'B', 'A'], ['D', 'A', 'B', 'C'], ['B', 'D', 'C', 'A']]","{'B': 3, 'D': 3, 'A': 2, 'C': 2}","[0.79, 1.0, 0.58]",3.95
51,"[3, 4, 5]","[2, 3, 2]","[0.58, 0.75, 0.46]","[['D', 'C', 'B', 'A'], ['D', 'A', 'B', 'C'], ['D', 'B', 'A', 'C']]","{'B': 3, 'D': 3, 'A': 2, 'C': 2}","[0.79, 1.0, 0.58]",3.95
51,"[3, 4, 5]","[2, 3, 2]","[0.58, 0.75, 0.46]","[['D', 'C', 'B', 'A'], ['D', 'A', 'B', 'C'], ['D', 'B', 'C', 'A']]","{'B': 3, 'D': 3, 'A': 2, 'C': 2}","[0.79, 1.0, 0.58]",3.95
51,"[3, 4, 5]","[2, 3, 2]","[0.58, 0.75, 0.46]","[['D', 'C', 'B', 'A'], ['D', 'A', 'C', 'B'], ['B', 'D', 'A', 'C']]","{'B': 3, 'D': 3, 'A': 2, 'C': 2}","[0.79, 1.0, 0.58]",3.95
51,"[3, 4, 5]","[2, 3, 2]","[0.58, 0.75, 0.46]","[['D', 'C', 'B', 'A'], ['D', 'A', 'C', 'B'], ['B', 'D', 'C', 'A']]","{'B': 3, 'D': 3, 'A': 2, 'C': 2}","[0.79, 1.0, 0.58]",3.95
51,"[3, 4, 5]","[2, 3, 2]","[0.58, 0.75, 0.46]","[['D', 'C', 'B', 'A'], ['D', 'A', 'C', 'B'], ['D', 'B', 'A', 'C']]","{'B': 3, 'D': 3, 'A': 2, 'C': 2}","[0.79, 1.0, 0.58]",3.95
51,"[3, 4, 5]","[2, 3, 2]","[0.58, 0.75, 0.46]","[['D', 'C', 'B', 'A'], ['D', 'A', 'C', 'B'], ['D', 'B', 'C', 'A']]","{'B': 3, 'D': 3, 'A': 2, 'C': 2}","[0.79, 1.0, 0.58]",3.95
51,"[3, 4, 5]","[2, 3, 2]","[0.58, 0.75, 0.46]","[['D', 'C', 'B', 'A'], ['D', 'B', 'A', 'C'], ['A', 'D', 'B', 'C']]","{'B': 3, 'D': 3, 'A': 2, 'C': 2}","[0.79, 1.0, 0.58]",3.95
51,"[3, 4, 5]","[2, 3, 2]","[0.58, 0.75, 0.46]","[['D', 'C', 'B', 'A'], ['D', 'B', 'A', 'C'], ['A', 'D', 'C', 'B']]","{'B': 3, 'D': 3, 'A': 2, 'C': 2}","[0.79, 1.0, 0.58]",3.95
51,"[3, 4, 5]","[2, 3, 2]","[0.58, 0.75, 0.46]","[['D', 'C', 'B', 'A'], ['D', 'B', 'A', 'C'], ['B', 'D', 'A', 'C']]","{'B': 4, 'D': 3, 'C': 2, 'A': 1}","[0.67, 1.0, 0.75]",3.96
51,"[3, 4, 5]","[2, 3, 2]","[0.58, 0.75, 0.46]","[['D', 'C', 'B', 'A'], ['D', 'B', 'A', 'C'], ['B', 'D', 'C', 'A']]","{'B': 4, 'D': 3, 'C': 2, 'A': 1}","[0.67, 1.0, 0.75]",3.96
51,"[3, 4, 5]","[2, 3, 2]","[0.58, 0.75, 0.46]","[['D', 'C', 'B', 'A'], ['D', 'B', 'A', 'C'], ['D', 'A', 'B', 'C']]","{'B': 3, 'D': 3, 'A': 2, 'C': 2}","[0.79, 1.0, 0.58]",3.95
51,"[3, 4, 5]","[2, 3, 2]","[0.58, 0.75, 0.46]","[['D', 'C', 'B', 'A'], ['D', 'B', 'A', 'C'], ['D', 'A', 'C', 'B']]","{'B': 3, 'D': 3, 'A': 2, 'C': 2}","[0.79, 1.0, 0.58]",3.95
51,"[3, 4, 5]","[2, 3, 2]","[0.58, 0.75, 0.46]","[['D', 'C', 'B', 'A'], ['D', 'B', 'A', 'C'], ['D', 'B', 'A', 'C']]","{'B': 4, 'D': 3, 'C': 2, 'A': 1}","[0.67, 1.0, 0.75]",3.96
51,"[3, 4, 5]","[2, 3, 2]","[0.58, 0.75, 0.46]","[['D', 'C', 'B', 'A'], ['D', 'B', 'A', 'C'], ['D', 'B', 'C', 'A']]","{'B': 4, 'D': 3, 'C': 2, 'A': 1}","[0.67, 1.0, 0.75]",3.96
51,"[3, 4, 5]","[2, 3, 2]","[0.58, 0.75, 0.46]","[['D', 'C', 'B', 'A'], ['D', 'B', 'C', 'A'], ['A', 'D', 'B', 'C']]","{'B': 3, 'D': 3, 'A': 2, 'C': 2}","[0.79, 1.0, 0.58]",3.95
51,"[3, 4, 5]","[2, 3, 2]","[0.58, 0.75, 0.46]","[['D', 'C', 'B', 'A'], ['D', 'B', 'C', 'A'], ['A', 'D', 'C', 'B']]","{'B': 3, 'D': 3, 'A': 2, 'C': 2}","[0.79, 1.0, 0.58]",3.95
51,"[3, 4, 5]","[2, 3, 2]","[0.58, 0.75, 0.46]","[['D', 'C', 'B', 'A'], ['D', 'B', 'C', 'A'], ['B', 'D', 'A', 'C']]","{'B': 4, 'D': 3, 'C': 2, 'A': 1}","[0.67, 1.0, 0.75]",3.96
51,"[3, 4, 5]","[2, 3, 2]","[0.58, 0.75, 0.46]","[['D', 'C', 'B', 'A'], ['D', 'B', 'C', 'A'], ['B', 'D', 'C', 'A']]","{'B': 4, 'D': 3, 'C': 2, 'A': 1}","[0.67, 1.0, 0.75]",3.96
51,"[3, 4, 5]","[2, 3, 2]","[0.58, 0.75, 0.46]","[['D', 'C', 'B', 'A'], ['D', 'B', 'C', 'A'], ['D', 'A', 'B', 'C']]","{'B': 3, 'D': 3, 'A': 2, 'C': 2}","[0.79, 1.0, 0.58]",3.95
51,"[3, 4, 5]","[2, 3, 2]","[0.58, 0.75, 0.46]","[['D', 'C', 'B', 'A'], ['D', 'B', 'C', 'A'], ['D', 'A', 'C', 'B']]","{'B': 3, 'D': 3, 'A': 2, 'C': 2}","[0.79, 1.0, 0.58]",3.95
51,"[3, 4, 5]","[2, 3, 2]","[0.58, 0.75, 0.46]","[['D', 'C', 'B', 'A'], ['D', 'B', 'C', 'A'], ['D', 'B', 'A', 'C']]","{'B': 4, 'D': 3, 'C': 2, 'A': 1}","[0.67, 1.0, 0.75]",3.96
51,"[3, 4, 5]","[2, 3, 2]","[0.58, 0.75, 0.46]","[['D', 'C', 'B', 'A'], ['D', 'B', 'C', 'A'], ['D', 'B', 'C', 'A']]","{'B': 4, 'D': 3, 'C': 2, 'A': 1}","[0.67, 1.0, 0.75]",3.96
52,"[2, 4]","[3, 3]","[0.75, 0.54]","[['A', 'D', 'B', 'C'], ['A', 'D', 'B', 'C']]","{'A': 5, 'D': 3, 'B': 1, 'C': 1}","[0.79, 0.58]",4.12
52,"[2, 4]","[3, 3]","[0.75, 0.54]","[['A', 'D', 'B', 'C'], ['A', 'D', 'C', 'B']]","{'A': 5, 'D': 3, 'B': 1, 'C': 1}","[0.79, 0.58]",4.12
52,"[2, 4]","[3, 3]","[0.75, 0.54]","[['A', 'D', 'B', 'C'], ['B', 'D', 'A', 'C']]","{'A': 4, 'D': 3, 'B': 2, 'C': 1}","[0.79, 0.58]",4.12
52,"[2, 4]","[3, 3]","[0.75, 0.54]","[['A', 'D', 'B', 'C'], ['B', 'D', 'C', 'A']]","{'A': 4, 'D': 3, 'B': 2, 'C': 1}","[0.79, 0.58]",4.12
52,"[2, 4]","[3, 3]","[0.75, 0.54]","[['A', 'D', 'B', 'C'], ['D', 'A', 'B', 'C']]","{'A': 5, 'D': 3, 'B': 1, 'C': 1}","[0.79, 0.58]",4.12
52,"[2, 4]","[3, 3]","[0.75, 0.54]","[['A', 'D', 'B', 'C'], ['D', 'A', 'C', 'B']]","{'A': 5, 'D': 3, 'B': 1, 'C': 1}","[0.79, 0.58]",4.12
52,"[2, 4]","[3, 3]","[0.75, 0.54]","[['A', 'D', 'B', 'C'], ['D', 'B', 'A', 'C']]","{'A': 4, 'D': 3, 'B': 2, 'C': 1}","[0.79, 0.58]",4.12
52,"[2, 4]","[3, 3]","[0.75, 0.54]","[['A', 'D', 'B', 'C'], ['D', 'B', 'C', 'A']]","{'A': 4, 'D': 3, 'B': 2, 'C': 1}","[0.79, 0.58]",4.12
52,"[2, 4]","[3, 3]","[0.75, 0.54]","[['A', 'D', 'C', 'B'], ['A', 'D', 'B', 'C']]","{'A': 5, 'D': 3, 'B': 1, 'C': 1}","[0.79, 0.58]",4.12
52,"[2, 4]","[3, 3]","[0.75, 0.54]","[['A', 'D', 'C', 'B'], ['A', 'D', 'C', 'B']]","{'A': 5, 'D': 3, 'B': 1, 'C': 1}","[0.79, 0.58]",4.12
52,"[2, 4]","[3, 3]","[0.75, 0.54]","[['A', 'D', 'C', 'B'], ['B', 'D', 'A', 'C']]","{'A': 4, 'D': 3, 'B': 2, 'C': 1}","[0.79, 0.58]",4.12
52,"[2, 4]","[3, 3]","[0.75, 0.54]","[['A', 'D', 'C', 'B'], ['B', 'D', 'C', 'A']]","{'A': 4, 'D': 3, 'B': 2, 'C': 1}","[0.79, 0.58]",4.12
52,"[2, 4]","[3, 3]","[0.75, 0.54]","[['A', 'D', 'C', 'B'], ['D', 'A', 'B', 'C']]","{'A': 5, 'D': 3, 'B': 1, 'C': 1}","[0.79, 0.58]",4.12
52,"[2, 4]","[3, 3]","[0.75, 0.54]","[['A', 'D', 'C', 'B'], ['D', 'A', 'C', 'B']]","{'A': 5, 'D': 3, 'B': 1, 'C': 1}","[0.79, 0.58]",4.12
52,"[2, 4]","[3, 3]","[0.75, 0.54]","[['A', 'D', 'C', 'B'], ['D', 'B', 'A', 'C']]","{'A': 4, 'D': 3, 'B': 2, 'C': 1}","[0.79, 0.58]",4.12
52,"[2, 4]","[3, 3]","[0.75, 0.54]","[['A', 'D', 'C', 'B'], ['D', 'B', 'C', 'A']]","{'A': 4, 'D': 3, 'B': 2, 'C': 1}","[0.79, 0.58]",4.12
52,"[2, 4]","[3, 3]","[0.75, 0.54]","[['B', 'D', 'A', 'C'], ['A', 'D', 'B', 'C']]","{'A': 4, 'D': 3, 'B': 2, 'C': 1}","[0.79, 0.58]",4.12
52,"[2, 4]","[3, 3]","[0.75, 0.54]","[['B', 'D', 'A', 'C'], ['A', 'D', 'C', 'B']]","{'A': 4, 'D': 3, 'B': 2, 'C': 1}","[0.79, 0.58]",4.12
52,"[2, 4]","[3, 3]","[0.75, 0.54]","[['B', 'D', 'A', 'C'], ['C', 'D', 'A', 'B']]","{'A': 3, 'D': 3, 'B': 2, 'C': 2}","[0.79, 0.58]",4.12
52,"[2, 4]","[3, 3]","[0.75, 0.54]","[['B', 'D', 'A', 'C'], ['C', 'D', 'B', 'A']]","{'A': 3, 'D': 3, 'B': 2, 'C': 2}","[0.79, 0.58]",4.12
52,"[2, 4]","[3, 3]","[0.75, 0.54]","[['B', 'D', 'A', 'C'], ['D', 'A', 'B', 'C']]","{'A': 4, 'D': 3, 'B': 2, 'C': 1}","[0.79, 0.58]",4.12
52,"[2, 4]","[3, 3]","[0.75, 0.54]","[['B', 'D', 'A', 'C'], ['D', 'A', 'C', 'B']]","{'A': 4, 'D': 3, 'B': 2, 'C': 1}","[0.79, 0.58]",4.12
52,"[2, 4]","[3, 3]","[0.75, 0.54]","[['B', 'D', 'A', 'C'], ['D', 'C', 'A', 'B']]","{'A': 3, 'D': 3, 'B': 2, 'C': 2}","[0.79, 0.58]",4.12
52,"[2, 4]","[3, 3]","[0.75, 0.54]","[['B', 'D', 'A', 'C'], ['D', 'C', 'B', 'A']]","{'A': 3, 'D': 3, 'B': 2, 'C': 2}","[0.79, 0.58]",4.12
52,"[2, 4]","[3, 3]","[0.75, 0.54]","[['B', 'D', 'C', 'A'], ['A', 'D', 'B', 'C']]","{'A': 4, 'D': 3, 'B': 2, 'C': 1}","[0.79, 0.58]",4.12
52,"[2, 4]","[3, 3]","[0.75, 0.54]","[['B', 'D', 'C', 'A'], ['A', 'D', 'C', 'B']]","{'A': 4, 'D': 3, 'B': 2, 'C': 1}","[0.79, 0.58]",4.12
52,"[2, 4]","[3, 3]","[0.75, 0.54]","[['B', 'D', 'C', 'A'], ['C', 'D', 'A', 'B']]","{'A': 3, 'D': 3, 'B': 2, 'C': 2}","[0.79, 0.58]",4.12
52,"[2, 4]","[3, 3]","[0.75, 0.54]","[['B', 'D', 'C', 'A'], ['C', 'D', 'B', 'A']]","{'A': 3, 'D': 3, 'B': 2, 'C': 2}","[0.79, 0.58]",4.12
52,"[2, 4]","[3, 3]","[0.75, 0.54]","[['B', 'D', 'C', 'A'], ['D', 'A', 'B', 'C']]","{'A': 4, 'D': 3, 'B': 2, 'C': 1}","[0.79, 0.58]",4.12
52,"[2, 4]","[3, 3]","[0.75, 0.54]","[['B', 'D', 'C', 'A'], ['D', 'A', 'C', 'B']]","{'A': 4, 'D': 3, 'B': 2, 'C': 1}","[0.79, 0.58]",4.12
52,"[2, 4]","[3, 3]","[0.75, 0.54]","[['B', 'D', 'C', 'A'], ['D', 'C', 'A', 'B']]","{'A': 3, 'D': 3, 'B': 2, 'C': 2}","[0.79, 0.58]",4.12
52,"[2, 4]","[3, 3]","[0.75, 0.54]","[['B', 'D', 'C', 'A'], ['D', 'C', 'B', 'A']]","{'A': 3, 'D': 3, 'B': 2, 'C': 2}","[0.79, 0.58]",4.12
52,"[2, 4]","[3, 3]","[0.75, 0.54]","[['C', 'D', 'A', 'B'], ['B', 'D', 'A', 'C']]","{'A': 3, 'D': 3, 'B': 2, 'C': 2}","[0.79, 0.58]",4.12
52,"[2, 4]","[3, 3]","[0.75, 0.54]","[['C', 'D', 'A', 'B'], ['B', 'D', 'C', 'A']]","{'A': 3, 'D': 3, 'B': 2, 'C': 2}","[0.79, 0.58]",4.12
52,"[2, 4]","[3, 3]","[0.75, 0.54]","[['C', 'D', 'A', 'B'], ['D', 'B', 'A', 'C']]","{'A': 3, 'D': 3, 'B': 2, 'C': 2}","[0.79, 0.58]",4.12
52,"[2, 4]","[3, 3]","[0.75, 0.54]","[['C', 'D', 'A', 'B'], ['D', 'B', 'C', 'A']]","{'A': 3, 'D': 3, 'B': 2, 'C': 2}","[0.79, 0.58]",4.12
52,"[2, 4]","[3, 3]","[0.75, 0.54]","[['C', 'D', 'B', 'A'], ['B', 'D', 'A', 'C']]","{'A': 3, 'D': 3, 'B': 2, 'C': 2}","[0.79, 0.58]",4.12
52,"[2, 4]","[3, 3]","[0.75, 0.54]","[['C', 'D', 'B', 'A'], ['B', 'D', 'C', 'A']]","{'A': 3, 'D': 3, 'B': 2, 'C': 2}","[0.79, 0.58]",4.12
52,"[2, 4]","[3, 3]","[0.75, 0.54]","[['C', 'D', 'B', 'A'], ['D', 'B', 'A', 'C']]","{'A': 3, 'D': 3, 'B': 2, 'C': 2}","[0.79, 0.58]",4.12
52,"[2, 4]","[3, 3]","[0.75, 0.54]","[['C', 'D', 'B', 'A'], ['D', 'B', 'C', 'A']]","{'A': 3, 'D': 3, 'B': 2, 'C': 2}","[0.79, 0.58]",4.12
52,"[2, 4]","[3, 3]","[0.75, 0.54]","[['D', 'A', 'B', 'C'], ['A', 'D', 'B', 'C']]","{'A': 5, 'D': 3, 'B': 1, 'C': 1}","[0.79, 0.58]",4.12
52,"[2, 4]","[3, 3]","[0.75, 0.54]","[['D', 'A', 'B', 'C'], ['A', 'D', 'C', 'B']]","{'A': 5, 'D': 3, 'B': 1, 'C': 1}","[0.79, 0.58]",4.12
52,"[2, 4]","[3, 3]","[0.75, 0.54]","[['D', 'A', 'B', 'C'], ['B', 'D', 'A', 'C']]","{'A': 4, 'D': 3, 'B': 2, 'C': 1}","[0.79, 0.58]",4.12
52,"[2, 4]","[3, 3]","[0.75, 0.54]","[['D', 'A', 'B', 'C'], ['B', 'D', 'C', 'A']]","{'A': 4, 'D': 3, 'B': 2, 'C': 1}","[0.79, 0.58]",4.12
52,"[2, 4]","[3, 3]","[0.75, 0.54]","[['D', 'A', 'B', 'C'], ['D', 'A', 'B', 'C']]","{'A': 5, 'D': 3, 'B': 1, 'C': 1}","[0.79, 0.58]",4.12
52,"[2, 4]","[3, 3]","[0.75, 0.54]","[['D', 'A', 'B', 'C'], ['D', 'A', 'C', 'B']]","{'A': 5, 'D': 3, 'B': 1, 'C': 1}","[0.79, 0.58]",4.12
52,"[2, 4]","[3, 3]","[0.75, 0.54]","[['D', 'A', 'B', 'C'], ['D', 'B', 'A', 'C']]","{'A': 4, 'D': 3, 'B': 2, 'C': 1}","[0.79, 0.58]",4.12
52,"[2, 4]","[3, 3]","[0.75, 0.54]","[['D', 'A', 'B', 'C'], ['D', 'B', 'C', 'A']]","{'A': 4, 'D': 3, 'B': 2, 'C': 1}","[0.79, 0.58]",4.12
52,"[2, 4]","[3, 3]","[0.75, 0.54]","[['D', 'A', 'C', 'B'], ['A', 'D', 'B', 'C']]","{'A': 5, 'D': 3, 'B': 1, 'C': 1}","[0.79, 0.58]",4.12
52,"[2, 4]","[3, 3]","[0.75, 0.54]","[['D', 'A', 'C', 'B'], ['A', 'D', 'C', 'B']]","{'A': 5, 'D': 3, 'B': 1, 'C': 1}","[0.79, 0.58]",4.12
52,"[2, 4]","[3, 3]","[0.75, 0.54]","[['D', 'A', 'C', 'B'], ['B', 'D', 'A', 'C']]","{'A': 4, 'D': 3, 'B': 2, 'C': 1}","[0.79, 0.58]",4.12
52,"[2, 4]","[3, 3]","[0.75, 0.54]","[['D', 'A', 'C', 'B'], ['B', 'D', 'C', 'A']]","{'A': 4, 'D': 3, 'B': 2, 'C': 1}","[0.79, 0.58]",4.12
52,"[2, 4]","[3, 3]","[0.75, 0.54]","[['D', 'A', 'C', 'B'], ['D', 'A', 'B', 'C']]","{'A': 5, 'D': 3, 'B': 1, 'C': 1}","[0.79, 0.58]",4.12
52,"[2, 4]","[3, 3]","[0.75, 0.54]","[['D', 'A', 'C', 'B'], ['D', 'A', 'C', 'B']]","{'A': 5, 'D': 3, 'B': 1, 'C': 1}","[0.79, 0.58]",4.12
52,"[2, 4]","[3, 3]","[0.75, 0.54]","[['D', 'A', 'C', 'B'], ['D', 'B', 'A', 'C']]","{'A': 4, 'D': 3, 'B': 2, 'C': 1}","[0.79, 0.58]",4.12
52,"[2, 4]","[3, 3]","[0.75, 0.54]","[['D', 'A', 'C', 'B'], ['D', 'B', 'C', 'A']]","{'A': 4, 'D': 3, 'B': 2, 'C': 1}","[0.79, 0.58]",4.12
52,"[2, 4]","[3, 3]","[0.75, 0.54]","[['D', 'B', 'A', 'C'], ['A', 'D', 'B', 'C']]","{'A': 4, 'D': 3, 'B': 2, 'C': 1}","[0.79, 0.58]",4.12
52,"[2, 4]","[3, 3]","[0.75, 0.54]","[['D', 'B', 'A', 'C'], ['A', 'D', 'C', 'B']]","{'A': 4, 'D': 3, 'B': 2, 'C': 1}","[0.79, 0.58]",4.12
52,"[2, 4]","[3, 3]","[0.75, 0.54]","[['D', 'B', 'A', 'C'], ['C', 'D', 'A', 'B']]","{'A': 3, 'D': 3, 'B': 2, 'C': 2}","[0.79, 0.58]",4.12
52,"[2, 4]","[3, 3]","[0.75, 0.54]","[['D', 'B', 'A', 'C'], ['C', 'D', 'B', 'A']]","{'A': 3, 'D': 3, 'B': 2, 'C': 2}","[0.79, 0.58]",4.12
52,"[2, 4]","[3, 3]","[0.75, 0.54]","[['D', 'B', 'A', 'C'], ['D', 'A', 'B', 'C']]","{'A': 4, 'D': 3, 'B': 2, 'C': 1}","[0.79, 0.58]",4.12
52,"[2, 4]","[3, 3]","[0.75, 0.54]","[['D', 'B', 'A', 'C'], ['D', 'A', 'C', 'B']]","{'A': 4, 'D': 3, 'B': 2, 'C': 1}","[0.79, 0.58]",4.12
52,"[2, 4]","[3, 3]","[0.75, 0.54]","[['D', 'B', 'A', 'C'], ['D', 'C', 'A', 'B']]","{'A': 3, 'D': 3, 'B': 2, 'C': 2}","[0.79, 0.58]",4.12
52,"[2, 4]","[3, 3]","[0.75, 0.54]","[['D', 'B', 'A', 'C'], ['D', 'C', 'B', 'A']]","{'A': 3, 'D': 3, 'B': 2, 'C': 2}","[0.79, 0.58]",4.12
52,"[2, 4]","[3, 3]","[0.75, 0.54]","[['D', 'B', 'C', 'A'], ['A', 'D', 'B', 'C']]","{'A': 4, 'D': 3, 'B': 2, 'C': 1}","[0.79, 0.58]",4.12
52,"[2, 4]","[3, 3]","[0.75, 0.54]","[['D', 'B', 'C', 'A'], ['A', 'D', 'C', 'B']]","{'A': 4, 'D': 3, 'B': 2, 'C': 1}","[0.79, 0.58]",4.12
52,"[2, 4]","[3, 3]","[0.75, 0.54]","[['D', 'B', 'C', 'A'], ['C', 'D', 'A', 'B']]","{'A': 3, 'D': 3, 'B': 2, 'C': 2}","[0.79, 0.58]",4.12
52,"[2, 4]","[3, 3]","[0.75, 0.54]","[['D', 'B', 'C', 'A'], ['C', 'D', 'B', 'A']]","{'A': 3, 'D': 3, 'B': 2, 'C': 2}","[0.79, 0.58]",4.12
52,"[2, 4]","[3, 3]","[0.75, 0.54]","[['D', 'B', 'C', 'A'], ['D', 'A', 'B', 'C']]","{'A': 4, 'D': 3, 'B': 2, 'C': 1}","[0.79, 0.58]",4.12
52,"[2, 4]","[3, 3]","[0.75, 0.54]","[['D', 'B', 'C', 'A'], ['D', 'A', 'C', 'B']]","{'A': 4, 'D': 3, 'B': 2, 'C': 1}","[0.79, 0.58]",4.12
52,"[2, 4]","[3, 3]","[0.75, 0.54]","[['D', 'B', 'C', 'A'], ['D', 'C', 'A', 'B']]","{'A': 3, 'D': 3, 'B': 2, 'C': 2}","[0.79, 0.58]",4.12
52,"[2, 4]","[3, 3]","[0.75, 0.54]","[['D', 'B', 'C', 'A'], ['D', 'C', 'B', 'A']]","{'A': 3, 'D': 3, 'B': 2, 'C': 2}","[0.79, 0.58]",4.12
52,"[2, 4]","[3, 3]","[0.75, 0.54]","[['D', 'C', 'A', 'B'], ['B', 'D', 'A', 'C']]","{'A': 3, 'D': 3, 'B': 2, 'C': 2}","[0.79, 0.58]",4.12
52,"[2, 4]","[3, 3]","[0.75, 0.54]","[['D', 'C', 'A', 'B'], ['B', 'D', 'C', 'A']]","{'A': 3, 'D': 3, 'B': 2, 'C': 2}","[0.79, 0.58]",4.12
52,"[2, 4]","[3, 3]","[0.75, 0.54]","[['D', 'C', 'A', 'B'], ['D', 'B', 'A', 'C']]","{'A': 3, 'D': 3, 'B': 2, 'C': 2}","[0.79, 0.58]",4.12
52,"[2, 4]","[3, 3]","[0.75, 0.54]","[['D', 'C', 'A', 'B'], ['D', 'B', 'C', 'A']]","{'A': 3, 'D': 3, 'B': 2, 'C': 2}","[0.79, 0.58]",4.12
52,"[2, 4]","[3, 3]","[0.75, 0.54]","[['D', 'C', 'B', 'A'], ['B', 'D', 'A', 'C']]","{'A': 3, 'D': 3, 'B': 2, 'C': 2}","[0.79, 0.58]",4.12
52,"[2, 4]","[3, 3]","[0.75, 0.54]","[['D', 'C', 'B', 'A'], ['B', 'D', 'C', 'A']]","{'A': 3, 'D': 3, 'B': 2, 'C': 2}","[0.79, 0.58]",4.12
52,"[2, 4]","[3, 3]","[0.75, 0.54]","[['D', 'C', 'B', 'A'], ['D', 'B', 'A', 'C']]","{'A': 3, 'D': 3, 'B': 2, 'C': 2}","[0.79, 0.58]",4.12
52,"[2, 4]","[3, 3]","[0.75, 0.54]","[['D', 'C', 'B', 'A'], ['D', 'B', 'C', 'A']]","{'A': 3, 'D': 3, 'B': 2, 'C': 2}","[0.79, 0.58]",4.12
52,"[2, 5]","[3, 3]","[0.75, 0.88]","[['B', 'C', 'A', 'D'], ['B', 'D', 'A', 'C']]","{'B': 3, 'D': 3, 'A': 2, 'C': 2}","[0.88, 1.0]",3.84
52,"[2, 5]","[3, 3]","[0.75, 0.88]","[['B', 'C', 'A', 'D'], ['B', 'D', 'C', 'A']]","{'B': 3, 'D': 3, 'A': 2, 'C': 2}","[0.88, 1.0]",3.84
52,"[2, 5]","[3, 3]","[0.75, 0.88]","[['B', 'C', 'A', 'D'], ['D', 'B', 'A', 'C']]","{'B': 3, 'D': 3, 'A': 2, 'C': 2}","[0.88, 1.0]",3.84
52,"[2, 5]","[3, 3]","[0.75, 0.88]","[['B', 'C', 'A', 'D'], ['D', 'B', 'C', 'A']]","{'B': 3, 'D': 3, 'A': 2, 'C': 2}","[0.88, 1.0]",3.84
52,"[2, 5]","[3, 3]","[0.75, 0.88]","[['B', 'C', 'D', 'A'], ['B', 'D', 'A', 'C']]","{'B': 3, 'D': 3, 'A': 2, 'C': 2}","[0.88, 1.0]",3.84
52,"[2, 5]","[3, 3]","[0.75, 0.88]","[['B', 'C', 'D', 'A'], ['B', 'D', 'C', 'A']]","{'B': 3, 'D': 3, 'A': 2, 'C': 2}","[0.88, 1.0]",3.84
52,"[2, 5]","[3, 3]","[0.75, 0.88]","[['B', 'C', 'D', 'A'], ['D', 'B', 'A', 'C']]","{'B': 3, 'D': 3, 'A': 2, 'C': 2}","[0.88, 1.0]",3.84
52,"[2, 5]","[3, 3]","[0.75, 0.88]","[['B', 'C', 'D', 'A'], ['D', 'B', 'C', 'A']]","{'B': 3, 'D': 3, 'A': 2, 'C': 2}","[0.88, 1.0]",3.84
52,"[2, 5]","[3, 3]","[0.75, 0.88]","[['B', 'D', 'A', 'C'], ['B', 'C', 'A', 'D']]","{'B': 3, 'D': 3, 'A': 2, 'C': 2}","[0.88, 1.0]",3.84
52,"[2, 5]","[3, 3]","[0.75, 0.88]","[['B', 'D', 'A', 'C'], ['B', 'C', 'D', 'A']]","{'B': 3, 'D': 3, 'A': 2, 'C': 2}","[0.88, 1.0]",3.84
52,"[2, 5]","[3, 3]","[0.75, 0.88]","[['B', 'D', 'A', 'C'], ['C', 'B', 'A', 'D']]","{'B': 3, 'D': 3, 'A': 2, 'C': 2}","[0.88, 1.0]",3.84
52,"[2, 5]","[3, 3]","[0.75, 0.88]","[['B', 'D', 'A', 'C'], ['C', 'B', 'D', 'A']]","{'B': 3, 'D': 3, 'A': 2, 'C': 2}","[0.88, 1.0]",3.84
52,"[2, 5]","[3, 3]","[0.75, 0.88]","[['B', 'D', 'C', 'A'], ['B', 'C', 'A', 'D']]","{'B': 3, 'D': 3, 'A': 2, 'C': 2}","[0.88, 1.0]",3.84
52,"[2, 5]","[3, 3]","[0.75, 0.88]","[['B', 'D', 'C', 'A'], ['B', 'C', 'D', 'A']]","{'B': 3, 'D': 3, 'A': 2, 'C': 2}","[0.88, 1.0]",3.84
52,"[2, 5]","[3, 3]","[0.75, 0.88]","[['B', 'D', 'C', 'A'], ['C', 'B', 'A', 'D']]","{'B': 3, 'D': 3, 'A': 2, 'C': 2}","[0.88, 1.0]",3.84
52,"[2, 5]","[3, 3]","[0.75, 0.88]","[['B', 'D', 'C', 'A'], ['C', 'B', 'D', 'A']]","{'B': 3, 'D': 3, 'A': 2, 'C': 2}","[0.88, 1.0]",3.84
52,"[2, 5]","[3, 3]","[0.75, 0.88]","[['C', 'B', 'A', 'D'], ['B', 'D', 'A', 'C']]","{'B': 3, 'D': 3, 'A': 2, 'C': 2}","[0.88, 1.0]",3.84
52,"[2, 5]","[3, 3]","[0.75, 0.88]","[['C', 'B', 'A', 'D'], ['B', 'D', 'C', 'A']]","{'B': 3, 'D': 3, 'A': 2, 'C': 2}","[0.88, 1.0]",3.84
52,"[2, 5]","[3, 3]","[0.75, 0.88]","[['C', 'B', 'A', 'D'], ['D', 'B', 'A', 'C']]","{'B': 3, 'D': 3, 'A': 2, 'C': 2}","[0.88, 1.0]",3.84
52,"[2, 5]","[3, 3]","[0.75, 0.88]","[['C', 'B', 'A', 'D'], ['D', 'B', 'C', 'A']]","{'B': 3, 'D': 3, 'A': 2, 'C': 2}","[0.88, 1.0]",3.84
52,"[2, 5]","[3, 3]","[0.75, 0.88]","[['C', 'B', 'D', 'A'], ['B', 'D', 'A', 'C']]","{'B': 3, 'D': 3, 'A': 2, 'C': 2}","[0.88, 1.0]",3.84
52,"[2, 5]","[3, 3]","[0.75, 0.88]","[['C', 'B', 'D', 'A'], ['B', 'D', 'C', 'A']]","{'B': 3, 'D': 3, 'A': 2, 'C': 2}","[0.88, 1.0]",3.84
52,"[2, 5]","[3, 3]","[0.75, 0.88]","[['C', 'B', 'D', 'A'], ['D', 'B', 'A', 'C']]","{'B': 3, 'D': 3, 'A': 2, 'C': 2}","[0.88, 1.0]",3.84
52,"[2, 5]","[3, 3]","[0.75, 0.88]","[['C', 'B', 'D', 'A'], ['D', 'B', 'C', 'A']]","{'B': 3, 'D': 3, 'A': 2, 'C': 2}","[0.88, 1.0]",3.84
52,"[2, 5]","[3, 3]","[0.75, 0.88]","[['D', 'B', 'A', 'C'], ['B', 'C', 'A', 'D']]","{'B': 3, 'D': 3, 'A': 2, 'C': 2}","[0.88, 1.0]",3.84
52,"[2, 5]","[3, 3]","[0.75, 0.88]","[['D', 'B', 'A', 'C'], ['B', 'C', 'D', 'A']]","{'B': 3, 'D': 3, 'A': 2, 'C': 2}","[0.88, 1.0]",3.84
52,"[2, 5]","[3, 3]","[0.75, 0.88]","[['D', 'B', 'A', 'C'], ['C', 'B', 'A', 'D']]","{'B': 3, 'D': 3, 'A': 2, 'C': 2}","[0.88, 1.0]",3.84
52,"[2, 5]","[3, 3]","[0.75, 0.88]","[['D', 'B', 'A', 'C'], ['C', 'B', 'D', 'A']]","{'B': 3, 'D': 3, 'A': 2, 'C': 2}","[0.88, 1.0]",3.84
52,"[2, 5]","[3, 3]","[0.75, 0.88]","[['D', 'B', 'C', 'A'], ['B', 'C', 'A', 'D']]","{'B': 3, 'D': 3, 'A': 2, 'C': 2}","[0.88, 1.0]",3.84
52,"[2, 5]","[3, 3]","[0.75, 0.88]","[['D', 'B', 'C', 'A'], ['B', 'C', 'D', 'A']]","{'B': 3, 'D': 3, 'A': 2, 'C': 2}","[0.88, 1.0]",3.84
52,"[2, 5]","[3, 3]","[0.75, 0.88]","[['D', 'B', 'C', 'A'], ['C', 'B', 'A', 'D']]","{'B': 3, 'D': 3, 'A': 2, 'C': 2}","[0.88, 1.0]",3.84
52,"[2, 5]","[3, 3]","[0.75, 0.88]","[['D', 'B', 'C', 'A'], ['C', 'B', 'D', 'A']]","{'B': 3, 'D': 3, 'A': 2, 'C': 2}","[0.88, 1.0]",3.84
52,"[4, 5]","[3, 3]","[0.54, 0.88]","[['B', 'C', 'A', 'D'], ['B', 'C', 'A', 'D']]","{'B': 3, 'C': 3, 'A': 2, 'D': 2}","[0.58, 1.0]",3.16
52,"[4, 5]","[3, 3]","[0.54, 0.88]","[['B', 'C', 'A', 'D'], ['B', 'C', 'D', 'A']]","{'B': 3, 'C': 3, 'A': 2, 'D': 2}","[0.58, 1.0]",3.16
52,"[4, 5]","[3, 3]","[0.54, 0.88]","[['B', 'C', 'A', 'D'], ['B', 'D', 'A', 'C']]","{'B': 3, 'D': 3, 'A': 2, 'C': 2}","[0.75, 1.0]",3.84
52,"[4, 5]","[3, 3]","[0.54, 0.88]","[['B', 'C', 'A', 'D'], ['B', 'D', 'C', 'A']]","{'B': 3, 'D': 3, 'A': 2, 'C': 2}","[0.75, 1.0]",3.84
52,"[4, 5]","[3, 3]","[0.54, 0.88]","[['B', 'C', 'A', 'D'], ['C', 'B', 'A', 'D']]","{'B': 3, 'C': 3, 'A': 2, 'D': 2}","[0.58, 1.0]",3.16
52,"[4, 5]","[3, 3]","[0.54, 0.88]","[['B', 'C', 'A', 'D'], ['C', 'B', 'D', 'A']]","{'B': 3, 'C': 3, 'A': 2, 'D': 2}","[0.58, 1.0]",3.16
52,"[4, 5]","[3, 3]","[0.54, 0.88]","[['B', 'C', 'A', 'D'], ['D', 'B', 'A', 'C']]","{'B': 3, 'D': 3, 'A': 2, 'C': 2}","[0.75, 1.0]",3.84
52,"[4, 5]","[3, 3]","[0.54, 0.88]","[['B', 'C', 'A', 'D'], ['D', 'B', 'C', 'A']]","{'B': 3, 'D': 3, 'A': 2, 'C': 2}","[0.75, 1.0]",3.84
52,"[4, 5]","[3, 3]","[0.54, 0.88]","[['B', 'C', 'D', 'A'], ['B', 'C', 'A', 'D']]","{'B': 3, 'C': 3, 'A': 2, 'D': 2}","[0.58, 1.0]",3.16
52,"[4, 5]","[3, 3]","[0.54, 0.88]","[['B', 'C', 'D', 'A'], ['B', 'C', 'D', 'A']]","{'B': 3, 'C': 3, 'A': 2, 'D': 2}","[0.58, 1.0]",3.16
52,"[4, 5]","[3, 3]","[0.54, 0.88]","[['B', 'C', 'D', 'A'], ['B', 'D', 'A', 'C']]","{'B': 3, 'D': 3, 'A': 2, 'C': 2}","[0.75, 1.0]",3.84
52,"[4, 5]","[3, 3]","[0.54, 0.88]","[['B', 'C', 'D', 'A'], ['B', 'D', 'C', 'A']]","{'B': 3, 'D': 3, 'A': 2, 'C': 2}","[0.75, 1.0]",3.84
52,"[4, 5]","[3, 3]","[0.54, 0.88]","[['B', 'C', 'D', 'A'], ['C', 'B', 'A', 'D']]","{'B': 3, 'C': 3, 'A': 2, 'D': 2}","[0.58, 1.0]",3.16
52,"[4, 5]","[3, 3]","[0.54, 0.88]","[['B', 'C', 'D', 'A'], ['C', 'B', 'D', 'A']]","{'B': 3, 'C': 3, 'A': 2, 'D': 2}","[0.58, 1.0]",3.16
52,"[4, 5]","[3, 3]","[0.54, 0.88]","[['B', 'C', 'D', 'A'], ['D', 'B', 'A', 'C']]","{'B': 3, 'D': 3, 'A': 2, 'C': 2}","[0.75, 1.0]",3.84
52,"[4, 5]","[3, 3]","[0.54, 0.88]","[['B', 'C', 'D', 'A'], ['D', 'B', 'C', 'A']]","{'B': 3, 'D': 3, 'A': 2, 'C': 2}","[0.75, 1.0]",3.84
52,"[4, 5]","[3, 3]","[0.54, 0.88]","[['B', 'D', 'A', 'C'], ['B', 'C', 'A', 'D']]","{'B': 3, 'D': 3, 'A': 2, 'C': 2}","[0.75, 1.0]",3.84
52,"[4, 5]","[3, 3]","[0.54, 0.88]","[['B', 'D', 'A', 'C'], ['B', 'C', 'D', 'A']]","{'B': 3, 'D': 3, 'A': 2, 'C': 2}","[0.75, 1.0]",3.84
52,"[4, 5]","[3, 3]","[0.54, 0.88]","[['B', 'D', 'A', 'C'], ['C', 'B', 'A', 'D']]","{'B': 3, 'D': 3, 'A': 2, 'C': 2}","[0.75, 1.0]",3.84
52,"[4, 5]","[3, 3]","[0.54, 0.88]","[['B', 'D', 'A', 'C'], ['C', 'B', 'D', 'A']]","{'B': 3, 'D': 3, 'A': 2, 'C': 2}","[0.75, 1.0]",3.84
52,"[4, 5]","[3, 3]","[0.54, 0.88]","[['B', 'D', 'C', 'A'], ['B', 'C', 'A', 'D']]","{'B': 3, 'D': 3, 'A': 2, 'C': 2}","[0.75, 1.0]",3.84
52,"[4, 5]","[3, 3]","[0.54, 0.88]","[['B', 'D', 'C', 'A'], ['B', 'C', 'D', 'A']]","{'B': 3, 'D': 3, 'A': 2, 'C': 2}","[0.75, 1.0]",3.84
52,"[4, 5]","[3, 3]","[0.54, 0.88]","[['B', 'D', 'C', 'A'], ['C', 'B', 'A', 'D']]","{'B': 3, 'D': 3, 'A': 2, 'C': 2}","[0.75, 1.0]",3.84
52,"[4, 5]","[3, 3]","[0.54, 0.88]","[['B', 'D', 'C', 'A'], ['C', 'B', 'D', 'A']]","{'B': 3, 'D': 3, 'A': 2, 'C': 2}","[0.75, 1.0]",3.84
52,"[4, 5]","[3, 3]","[0.54, 0.88]","[['C', 'B', 'A', 'D'], ['B', 'C', 'A', 'D']]","{'B': 3, 'C': 3, 'A': 2, 'D': 2}","[0.58, 1.0]",3.16
52,"[4, 5]","[3, 3]","[0.54, 0.88]","[['C', 'B', 'A', 'D'], ['B', 'C', 'D', 'A']]","{'B': 3, 'C': 3, 'A': 2, 'D': 2}","[0.58, 1.0]",3.16
52,"[4, 5]","[3, 3]","[0.54, 0.88]","[['C', 'B', 'A', 'D'], ['B', 'D', 'A', 'C']]","{'B': 3, 'D': 3, 'A': 2, 'C': 2}","[0.75, 1.0]",3.84
52,"[4, 5]","[3, 3]","[0.54, 0.88]","[['C', 'B', 'A', 'D'], ['B', 'D', 'C', 'A']]","{'B': 3, 'D': 3, 'A': 2, 'C': 2}","[0.75, 1.0]",3.84
52,"[4, 5]","[3, 3]","[0.54, 0.88]","[['C', 'B', 'A', 'D'], ['C', 'B', 'A', 'D']]","{'B': 3, 'C': 3, 'A': 2, 'D': 2}","[0.58, 1.0]",3.16
52,"[4, 5]","[3, 3]","[0.54, 0.88]","[['C', 'B', 'A', 'D'], ['C', 'B', 'D', 'A']]","{'B': 3, 'C': 3, 'A': 2, 'D': 2}","[0.58, 1.0]",3.16
52,"[4, 5]","[3, 3]","[0.54, 0.88]","[['C', 'B', 'A', 'D'], ['D', 'B', 'A', 'C']]","{'B': 3, 'D': 3, 'A': 2, 'C': 2}","[0.75, 1.0]",3.84
52,"[4, 5]","[3, 3]","[0.54, 0.88]","[['C', 'B', 'A', 'D'], ['D', 'B', 'C', 'A']]","{'B': 3, 'D': 3, 'A': 2, 'C': 2}","[0.75, 1.0]",3.84
52,"[4, 5]","[3, 3]","[0.54, 0.88]","[['C', 'B', 'D', 'A'], ['B', 'C', 'A', 'D']]","{'B': 3, 'C': 3, 'A': 2, 'D': 2}","[0.58, 1.0]",3.16
52,"[4, 5]","[3, 3]","[0.54, 0.88]","[['C', 'B', 'D', 'A'], ['B', 'C', 'D', 'A']]","{'B': 3, 'C': 3, 'A': 2, 'D': 2}","[0.58, 1.0]",3.16
52,"[4, 5]","[3, 3]","[0.54, 0.88]","[['C', 'B', 'D', 'A'], ['B', 'D', 'A', 'C']]","{'B': 3, 'D': 3, 'A': 2, 'C': 2}","[0.75, 1.0]",3.84
52,"[4, 5]","[3, 3]","[0.54, 0.88]","[['C', 'B', 'D', 'A'], ['B', 'D', 'C', 'A']]","{'B': 3, 'D': 3, 'A': 2, 'C': 2}","[0.75, 1.0]",3.84
52,"[4, 5]","[3, 3]","[0.54, 0.88]","[['C', 'B', 'D', 'A'], ['C', 'B', 'A', 'D']]","{'B': 3, 'C': 3, 'A': 2, 'D': 2}","[0.58, 1.0]",3.16
52,"[4, 5]","[3, 3]","[0.54, 0.88]","[['C', 'B', 'D', 'A'], ['C', 'B', 'D', 'A']]","{'B': 3, 'C': 3, 'A': 2, 'D': 2}","[0.58, 1.0]",3.16
52,"[4, 5]","[3, 3]","[0.54, 0.88]","[['C', 'B', 'D', 'A'], ['D', 'B', 'A', 'C']]","{'B': 3, 'D': 3, 'A': 2, 'C': 2}","[0.75, 1.0]",3.84
52,"[4, 5]","[3, 3]","[0.54, 0.88]","[['C', 'B', 'D', 'A'], ['D', 'B', 'C', 'A']]","{'B': 3, 'D': 3, 'A': 2, 'C': 2}","[0.75, 1.0]",3.84
52,"[4, 5]","[3, 3]","[0.54, 0.88]","[['D', 'B', 'A', 'C'], ['B', 'C', 'A', 'D']]","{'B': 3, 'D': 3, 'A': 2, 'C': 2}","[0.75, 1.0]",3.84
52,"[4, 5]","[3, 3]","[0.54, 0.88]","[['D', 'B', 'A', 'C'], ['B', 'C', 'D', 'A']]","{'B': 3, 'D': 3, 'A': 2, 'C': 2}","[0.75, 1.0]",3.84
52,"[4, 5]","[3, 3]","[0.54, 0.88]","[['D', 'B', 'A', 'C'], ['C', 'B', 'A', 'D']]","{'B': 3, 'D': 3, 'A': 2, 'C': 2}","[0.75, 1.0]",3.84
52,"[4, 5]","[3, 3]","[0.54, 0.88]","[['D', 'B', 'A', 'C'], ['C', 'B', 'D', 'A']]","{'B': 3, 'D': 3, 'A': 2, 'C': 2}","[0.75, 1.0]",3.84
52,"[4, 5]","[3, 3]","[0.54, 0.88]","[['D', 'B', 'C', 'A'], ['B', 'C', 'A', 'D']]","{'B': 3, 'D': 3, 'A': 2, 'C': 2}","[0.75, 1.0]",3.84
52,"[4, 5]","[3, 3]","[0.54, 0.88]","[['D', 'B', 'C', 'A'], ['B', 'C', 'D', 'A']]","{'B': 3, 'D': 3, 'A': 2, 'C': 2}","[0.75, 1.0]",3.84
52,"[4, 5]","[3, 3]","[0.54, 0.88]","[['D', 'B', 'C', 'A'], ['C', 'B', 'A', 'D']]","{'B': 3, 'D': 3, 'A': 2, 'C': 2}","[0.75, 1.0]",3.84
52,"[4, 5]","[3, 3]","[0.54, 0.88]","[['D', 'B', 'C', 'A'], ['C', 'B', 'D', 'A']]","{'B': 3, 'D': 3, 'A': 2, 'C': 2}","[0.75, 1.0]",3.84
52,"[2, 4, 5]","[3, 3, 3]","[0.75, 0.54, 0.88]","[['B', 'C', 'A', 'D'], ['B', 'D', 'A', 'C'], ['B', 'D', 'A', 'C']]","{'B': 3, 'D': 3, 'A': 2, 'C': 2}","[0.88, 0.75, 1.0]",3.84
52,"[2, 4, 5]","[3, 3, 3]","[0.75, 0.54, 0.88]","[['B', 'C', 'A', 'D'], ['B', 'D', 'A', 'C'], ['B', 'D', 'C', 'A']]","{'B': 3, 'D': 3, 'A': 2, 'C': 2}","[0.88, 0.75, 1.0]",3.84
52,"[2, 4, 5]","[3, 3, 3]","[0.75, 0.54, 0.88]","[['B', 'C', 'A', 'D'], ['B', 'D', 'A', 'C'], ['D', 'B', 'A', 'C']]","{'B': 3, 'D': 3, 'A': 2, 'C': 2}","[0.88, 0.75, 1.0]",3.84
52,"[2, 4, 5]","[3, 3, 3]","[0.75, 0.54, 0.88]","[['B', 'C', 'A', 'D'], ['B', 'D', 'A', 'C'], ['D', 'B', 'C', 'A']]","{'B': 3, 'D': 3, 'A': 2, 'C': 2}","[0.88, 0.75, 1.0]",3.84
52,"[2, 4, 5]","[3, 3, 3]","[0.75, 0.54, 0.88]","[['B', 'C', 'A', 'D'], ['B', 'D', 'C', 'A'], ['B', 'D', 'A', 'C']]","{'B': 3, 'D': 3, 'A': 2, 'C': 2}","[0.88, 0.75, 1.0]",3.84
52,"[2, 4, 5]","[3, 3, 3]","[0.75, 0.54, 0.88]","[['B', 'C', 'A', 'D'], ['B', 'D', 'C', 'A'], ['B', 'D', 'C', 'A']]","{'B': 3, 'D': 3, 'A': 2, 'C': 2}","[0.88, 0.75, 1.0]",3.84
52,"[2, 4, 5]","[3, 3, 3]","[0.75, 0.54, 0.88]","[['B', 'C', 'A', 'D'], ['B', 'D', 'C', 'A'], ['D', 'B', 'A', 'C']]","{'B': 3, 'D': 3, 'A': 2, 'C': 2}","[0.88, 0.75, 1.0]",3.84
52,"[2, 4, 5]","[3, 3, 3]","[0.75, 0.54, 0.88]","[['B', 'C', 'A', 'D'], ['B', 'D', 'C', 'A'], ['D', 'B', 'C', 'A']]","{'B': 3, 'D': 3, 'A': 2, 'C': 2}","[0.88, 0.75, 1.0]",3.84
52,"[2, 4, 5]","[3, 3, 3]","[0.75, 0.54, 0.88]","[['B', 'C', 'A', 'D'], ['D', 'B', 'A', 'C'], ['B', 'D', 'A', 'C']]","{'B': 3, 'D': 3, 'A': 2, 'C': 2}","[0.88, 0.75, 1.0]",3.84
52,"[2, 4, 5]","[3, 3, 3]","[0.75, 0.54, 0.88]","[['B', 'C', 'A', 'D'], ['D', 'B', 'A', 'C'], ['B', 'D', 'C', 'A']]","{'B': 3, 'D': 3, 'A': 2, 'C': 2}","[0.88, 0.75, 1.0]",3.84
52,"[2, 4, 5]","[3, 3, 3]","[0.75, 0.54, 0.88]","[['B', 'C', 'A', 'D'], ['D', 'B', 'A', 'C'], ['D', 'B', 'A', 'C']]","{'B': 3, 'D': 3, 'A': 2, 'C': 2}","[0.88, 0.75, 1.0]",3.84
52,"[2, 4, 5]","[3, 3, 3]","[0.75, 0.54, 0.88]","[['B', 'C', 'A', 'D'], ['D', 'B', 'A', 'C'], ['D', 'B', 'C', 'A']]","{'B': 3, 'D': 3, 'A': 2, 'C': 2}","[0.88, 0.75, 1.0]",3.84
52,"[2, 4, 5]","[3, 3, 3]","[0.75, 0.54, 0.88]","[['B', 'C', 'A', 'D'], ['D', 'B', 'C', 'A'], ['B', 'D', 'A', 'C']]","{'B': 3, 'D': 3, 'A': 2, 'C': 2}","[0.88, 0.75, 1.0]",3.84
52,"[2, 4, 5]","[3, 3, 3]","[0.75, 0.54, 0.88]","[['B', 'C', 'A', 'D'], ['D', 'B', 'C', 'A'], ['B', 'D', 'C', 'A']]","{'B': 3, 'D': 3, 'A': 2, 'C': 2}","[0.88, 0.75, 1.0]",3.84
52,"[2, 4, 5]","[3, 3, 3]","[0.75, 0.54, 0.88]","[['B', 'C', 'A', 'D'], ['D', 'B', 'C', 'A'], ['D', 'B', 'A', 'C']]","{'B': 3, 'D': 3, 'A': 2, 'C': 2}","[0.88, 0.75, 1.0]",3.84
52,"[2, 4, 5]","[3, 3, 3]","[0.75, 0.54, 0.88]","[['B', 'C', 'A', 'D'], ['D', 'B', 'C', 'A'], ['D', 'B', 'C', 'A']]","{'B': 3, 'D': 3, 'A': 2, 'C': 2}","[0.88, 0.75, 1.0]",3.84
52,"[2, 4, 5]","[3, 3, 3]","[0.75, 0.54, 0.88]","[['B', 'C', 'D', 'A'], ['B', 'D', 'A', 'C'], ['B', 'D', 'A', 'C']]","{'B': 3, 'D': 3, 'A': 2, 'C': 2}","[0.88, 0.75, 1.0]",3.84
52,"[2, 4, 5]","[3, 3, 3]","[0.75, 0.54, 0.88]","[['B', 'C', 'D', 'A'], ['B', 'D', 'A', 'C'], ['B', 'D', 'C', 'A']]","{'B': 3, 'D': 3, 'A': 2, 'C': 2}","[0.88, 0.75, 1.0]",3.84
52,"[2, 4, 5]","[3, 3, 3]","[0.75, 0.54, 0.88]","[['B', 'C', 'D', 'A'], ['B', 'D', 'A', 'C'], ['D', 'B', 'A', 'C']]","{'B': 3, 'D': 3, 'A': 2, 'C': 2}","[0.88, 0.75, 1.0]",3.84
52,"[2, 4, 5]","[3, 3, 3]","[0.75, 0.54, 0.88]","[['B', 'C', 'D', 'A'], ['B', 'D', 'A', 'C'], ['D', 'B', 'C', 'A']]","{'B': 3, 'D': 3, 'A': 2, 'C': 2}","[0.88, 0.75, 1.0]",3.84
52,"[2, 4, 5]","[3, 3, 3]","[0.75, 0.54, 0.88]","[['B', 'C', 'D', 'A'], ['B', 'D', 'C', 'A'], ['B', 'D', 'A', 'C']]","{'B': 3, 'D': 3, 'A': 2, 'C': 2}","[0.88, 0.75, 1.0]",3.84
52,"[2, 4, 5]","[3, 3, 3]","[0.75, 0.54, 0.88]","[['B', 'C', 'D', 'A'], ['B', 'D', 'C', 'A'], ['B', 'D', 'C', 'A']]","{'B': 3, 'D': 3, 'A': 2, 'C': 2}","[0.88, 0.75, 1.0]",3.84
52,"[2, 4, 5]","[3, 3, 3]","[0.75, 0.54, 0.88]","[['B', 'C', 'D', 'A'], ['B', 'D', 'C', 'A'], ['D', 'B', 'A', 'C']]","{'B': 3, 'D': 3, 'A': 2, 'C': 2}","[0.88, 0.75, 1.0]",3.84
52,"[2, 4, 5]","[3, 3, 3]","[0.75, 0.54, 0.88]","[['B', 'C', 'D', 'A'], ['B', 'D', 'C', 'A'], ['D', 'B', 'C', 'A']]","{'B': 3, 'D': 3, 'A': 2, 'C': 2}","[0.88, 0.75, 1.0]",3.84
52,"[2, 4, 5]","[3, 3, 3]","[0.75, 0.54, 0.88]","[['B', 'C', 'D', 'A'], ['D', 'B', 'A', 'C'], ['B', 'D', 'A', 'C']]","{'B': 3, 'D': 3, 'A': 2, 'C': 2}","[0.88, 0.75, 1.0]",3.84
52,"[2, 4, 5]","[3, 3, 3]","[0.75, 0.54, 0.88]","[['B', 'C', 'D', 'A'], ['D', 'B', 'A', 'C'], ['B', 'D', 'C', 'A']]","{'B': 3, 'D': 3, 'A': 2, 'C': 2}","[0.88, 0.75, 1.0]",3.84
52,"[2, 4, 5]","[3, 3, 3]","[0.75, 0.54, 0.88]","[['B', 'C', 'D', 'A'], ['D', 'B', 'A', 'C'], ['D', 'B', 'A', 'C']]","{'B': 3, 'D': 3, 'A': 2, 'C': 2}","[0.88, 0.75, 1.0]",3.84
52,"[2, 4, 5]","[3, 3, 3]","[0.75, 0.54, 0.88]","[['B', 'C', 'D', 'A'], ['D', 'B', 'A', 'C'], ['D', 'B', 'C', 'A']]","{'B': 3, 'D': 3, 'A': 2, 'C': 2}","[0.88, 0.75, 1.0]",3.84
52,"[2, 4, 5]","[3, 3, 3]","[0.75, 0.54, 0.88]","[['B', 'C', 'D', 'A'], ['D', 'B', 'C', 'A'], ['B', 'D', 'A', 'C']]","{'B': 3, 'D': 3, 'A': 2, 'C': 2}","[0.88, 0.75, 1.0]",3.84
52,"[2, 4, 5]","[3, 3, 3]","[0.75, 0.54, 0.88]","[['B', 'C', 'D', 'A'], ['D', 'B', 'C', 'A'], ['B', 'D', 'C', 'A']]","{'B': 3, 'D': 3, 'A': 2, 'C': 2}","[0.88, 0.75, 1.0]",3.84
52,"[2, 4, 5]","[3, 3, 3]","[0.75, 0.54, 0.88]","[['B', 'C', 'D', 'A'], ['D', 'B', 'C', 'A'], ['D', 'B', 'A', 'C']]","{'B': 3, 'D': 3, 'A': 2, 'C': 2}","[0.88, 0.75, 1.0]",3.84
52,"[2, 4, 5]","[3, 3, 3]","[0.75, 0.54, 0.88]","[['B', 'C', 'D', 'A'], ['D', 'B', 'C', 'A'], ['D', 'B', 'C', 'A']]","{'B': 3, 'D': 3, 'A': 2, 'C': 2}","[0.88, 0.75, 1.0]",3.84
52,"[2, 4, 5]","[3, 3, 3]","[0.75, 0.54, 0.88]","[['B', 'D', 'A', 'C'], ['B', 'C', 'A', 'D'], ['B', 'D', 'A', 'C']]","{'B': 3, 'D': 3, 'A': 2, 'C': 2}","[0.88, 0.75, 1.0]",3.84
52,"[2, 4, 5]","[3, 3, 3]","[0.75, 0.54, 0.88]","[['B', 'D', 'A', 'C'], ['B', 'C', 'A', 'D'], ['B', 'D', 'C', 'A']]","{'B': 3, 'D': 3, 'A': 2, 'C': 2}","[0.88, 0.75, 1.0]",3.84
52,"[2, 4, 5]","[3, 3, 3]","[0.75, 0.54, 0.88]","[['B', 'D', 'A', 'C'], ['B', 'C', 'A', 'D'], ['D', 'B', 'A', 'C']]","{'B': 3, 'D': 3, 'A': 2, 'C': 2}","[0.88, 0.75, 1.0]",3.84
52,"[2, 4, 5]","[3, 3, 3]","[0.75, 0.54, 0.88]","[['B', 'D', 'A', 'C'], ['B', 'C', 'A', 'D'], ['D', 'B', 'C', 'A']]","{'B': 3, 'D': 3, 'A': 2, 'C': 2}","[0.88, 0.75, 1.0]",3.84
52,"[2, 4, 5]","[3, 3, 3]","[0.75, 0.54, 0.88]","[['B', 'D', 'A', 'C'], ['B', 'C', 'D', 'A'], ['B', 'D', 'A', 'C']]","{'B': 3, 'D': 3, 'A': 2, 'C': 2}","[0.88, 0.75, 1.0]",3.84
52,"[2, 4, 5]","[3, 3, 3]","[0.75, 0.54, 0.88]","[['B', 'D', 'A', 'C'], ['B', 'C', 'D', 'A'], ['B', 'D', 'C', 'A']]","{'B': 3, 'D': 3, 'A': 2, 'C': 2}","[0.88, 0.75, 1.0]",3.84
52,"[2, 4, 5]","[3, 3, 3]","[0.75, 0.54, 0.88]","[['B', 'D', 'A', 'C'], ['B', 'C', 'D', 'A'], ['D', 'B', 'A', 'C']]","{'B': 3, 'D': 3, 'A': 2, 'C': 2}","[0.88, 0.75, 1.0]",3.84
52,"[2, 4, 5]","[3, 3, 3]","[0.75, 0.54, 0.88]","[['B', 'D', 'A', 'C'], ['B', 'C', 'D', 'A'], ['D', 'B', 'C', 'A']]","{'B': 3, 'D': 3, 'A': 2, 'C': 2}","[0.88, 0.75, 1.0]",3.84
52,"[2, 4, 5]","[3, 3, 3]","[0.75, 0.54, 0.88]","[['B', 'D', 'A', 'C'], ['B', 'D', 'A', 'C'], ['B', 'C', 'A', 'D']]","{'B': 3, 'D': 3, 'A': 2, 'C': 2}","[0.88, 0.75, 1.0]",3.84
52,"[2, 4, 5]","[3, 3, 3]","[0.75, 0.54, 0.88]","[['B', 'D', 'A', 'C'], ['B', 'D', 'A', 'C'], ['B', 'C', 'D', 'A']]","{'B': 3, 'D': 3, 'A': 2, 'C': 2}","[0.88, 0.75, 1.0]",3.84
52,"[2, 4, 5]","[3, 3, 3]","[0.75, 0.54, 0.88]","[['B', 'D', 'A', 'C'], ['B', 'D', 'A', 'C'], ['C', 'B', 'A', 'D']]","{'B': 3, 'D': 3, 'A': 2, 'C': 2}","[0.88, 0.75, 1.0]",3.84
52,"[2, 4, 5]","[3, 3, 3]","[0.75, 0.54, 0.88]","[['B', 'D', 'A', 'C'], ['B', 'D', 'A', 'C'], ['C', 'B', 'D', 'A']]","{'B': 3, 'D': 3, 'A': 2, 'C': 2}","[0.88, 0.75, 1.0]",3.84
52,"[2, 4, 5]","[3, 3, 3]","[0.75, 0.54, 0.88]","[['B', 'D', 'A', 'C'], ['B', 'D', 'C', 'A'], ['B', 'C', 'A', 'D']]","{'B': 3, 'D': 3, 'A': 2, 'C': 2}","[0.88, 0.75, 1.0]",3.84
52,"[2, 4, 5]","[3, 3, 3]","[0.75, 0.54, 0.88]","[['B', 'D', 'A', 'C'], ['B', 'D', 'C', 'A'], ['B', 'C', 'D', 'A']]","{'B': 3, 'D': 3, 'A': 2, 'C': 2}","[0.88, 0.75, 1.0]",3.84
52,"[2, 4, 5]","[3, 3, 3]","[0.75, 0.54, 0.88]","[['B', 'D', 'A', 'C'], ['B', 'D', 'C', 'A'], ['C', 'B', 'A', 'D']]","{'B': 3, 'D': 3, 'A': 2, 'C': 2}","[0.88, 0.75, 1.0]",3.84
52,"[2, 4, 5]","[3, 3, 3]","[0.75, 0.54, 0.88]","[['B', 'D', 'A', 'C'], ['B', 'D', 'C', 'A'], ['C', 'B', 'D', 'A']]","{'B': 3, 'D': 3, 'A': 2, 'C': 2}","[0.88, 0.75, 1.0]",3.84
52,"[2, 4, 5]","[3, 3, 3]","[0.75, 0.54, 0.88]","[['B', 'D', 'A', 'C'], ['C', 'B', 'A', 'D'], ['B', 'D', 'A', 'C']]","{'B': 3, 'D': 3, 'A': 2, 'C': 2}","[0.88, 0.75, 1.0]",3.84
52,"[2, 4, 5]","[3, 3, 3]","[0.75, 0.54, 0.88]","[['B', 'D', 'A', 'C'], ['C', 'B', 'A', 'D'], ['B', 'D', 'C', 'A']]","{'B': 3, 'D': 3, 'A': 2, 'C': 2}","[0.88, 0.75, 1.0]",3.84
52,"[2, 4, 5]","[3, 3, 3]","[0.75, 0.54, 0.88]","[['B', 'D', 'A', 'C'], ['C', 'B', 'A', 'D'], ['D', 'B', 'A', 'C']]","{'B': 3, 'D': 3, 'A': 2, 'C': 2}","[0.88, 0.75, 1.0]",3.84
52,"[2, 4, 5]","[3, 3, 3]","[0.75, 0.54, 0.88]","[['B', 'D', 'A', 'C'], ['C', 'B', 'A', 'D'], ['D', 'B', 'C', 'A']]","{'B': 3, 'D': 3, 'A': 2, 'C': 2}","[0.88, 0.75, 1.0]",3.84
52,"[2, 4, 5]","[3, 3, 3]","[0.75, 0.54, 0.88]","[['B', 'D', 'A', 'C'], ['C', 'B', 'D', 'A'], ['B', 'D', 'A', 'C']]","{'B': 3, 'D': 3, 'A': 2, 'C': 2}","[0.88, 0.75, 1.0]",3.84
52,"[2, 4, 5]","[3, 3, 3]","[0.75, 0.54, 0.88]","[['B', 'D', 'A', 'C'], ['C', 'B', 'D', 'A'], ['B', 'D', 'C', 'A']]","{'B': 3, 'D': 3, 'A': 2, 'C': 2}","[0.88, 0.75, 1.0]",3.84
52,"[2, 4, 5]","[3, 3, 3]","[0.75, 0.54, 0.88]","[['B', 'D', 'A', 'C'], ['C', 'B', 'D', 'A'], ['D', 'B', 'A', 'C']]","{'B': 3, 'D': 3, 'A': 2, 'C': 2}","[0.88, 0.75, 1.0]",3.84
52,"[2, 4, 5]","[3, 3, 3]","[0.75, 0.54, 0.88]","[['B', 'D', 'A', 'C'], ['C', 'B', 'D', 'A'], ['D', 'B', 'C', 'A']]","{'B': 3, 'D': 3, 'A': 2, 'C': 2}","[0.88, 0.75, 1.0]",3.84
52,"[2, 4, 5]","[3, 3, 3]","[0.75, 0.54, 0.88]","[['B', 'D', 'A', 'C'], ['D', 'B', 'A', 'C'], ['B', 'C', 'A', 'D']]","{'B': 3, 'D': 3, 'A': 2, 'C': 2}","[0.88, 0.75, 1.0]",3.84
52,"[2, 4, 5]","[3, 3, 3]","[0.75, 0.54, 0.88]","[['B', 'D', 'A', 'C'], ['D', 'B', 'A', 'C'], ['B', 'C', 'D', 'A']]","{'B': 3, 'D': 3, 'A': 2, 'C': 2}","[0.88, 0.75, 1.0]",3.84
52,"[2, 4, 5]","[3, 3, 3]","[0.75, 0.54, 0.88]","[['B', 'D', 'A', 'C'], ['D', 'B', 'A', 'C'], ['C', 'B', 'A', 'D']]","{'B': 3, 'D': 3, 'A': 2, 'C': 2}","[0.88, 0.75, 1.0]",3.84
52,"[2, 4, 5]","[3, 3, 3]","[0.75, 0.54, 0.88]","[['B', 'D', 'A', 'C'], ['D', 'B', 'A', 'C'], ['C', 'B', 'D', 'A']]","{'B': 3, 'D': 3, 'A': 2, 'C': 2}","[0.88, 0.75, 1.0]",3.84
52,"[2, 4, 5]","[3, 3, 3]","[0.75, 0.54, 0.88]","[['B', 'D', 'A', 'C'], ['D', 'B', 'C', 'A'], ['B', 'C', 'A', 'D']]","{'B': 3, 'D': 3, 'A': 2, 'C': 2}","[0.88, 0.75, 1.0]",3.84
52,"[2, 4, 5]","[3, 3, 3]","[0.75, 0.54, 0.88]","[['B', 'D', 'A', 'C'], ['D', 'B', 'C', 'A'], ['B', 'C', 'D', 'A']]","{'B': 3, 'D': 3, 'A': 2, 'C': 2}","[0.88, 0.75, 1.0]",3.84
52,"[2, 4, 5]","[3, 3, 3]","[0.75, 0.54, 0.88]","[['B', 'D', 'A', 'C'], ['D', 'B', 'C', 'A'], ['C', 'B', 'A', 'D']]","{'B': 3, 'D': 3, 'A': 2, 'C': 2}","[0.88, 0.75, 1.0]",3.84
52,"[2, 4, 5]","[3, 3, 3]","[0.75, 0.54, 0.88]","[['B', 'D', 'A', 'C'], ['D', 'B', 'C', 'A'], ['C', 'B', 'D', 'A']]","{'B': 3, 'D': 3, 'A': 2, 'C': 2}","[0.88, 0.75, 1.0]",3.84
52,"[2, 4, 5]","[3, 3, 3]","[0.75, 0.54, 0.88]","[['B', 'D', 'C', 'A'], ['B', 'C', 'A', 'D'], ['B', 'D', 'A', 'C']]","{'B': 3, 'D': 3, 'A': 2, 'C': 2}","[0.88, 0.75, 1.0]",3.84
52,"[2, 4, 5]","[3, 3, 3]","[0.75, 0.54, 0.88]","[['B', 'D', 'C', 'A'], ['B', 'C', 'A', 'D'], ['B', 'D', 'C', 'A']]","{'B': 3, 'D': 3, 'A': 2, 'C': 2}","[0.88, 0.75, 1.0]",3.84
52,"[2, 4, 5]","[3, 3, 3]","[0.75, 0.54, 0.88]","[['B', 'D', 'C', 'A'], ['B', 'C', 'A', 'D'], ['D', 'B', 'A', 'C']]","{'B': 3, 'D': 3, 'A': 2, 'C': 2}","[0.88, 0.75, 1.0]",3.84
52,"[2, 4, 5]","[3, 3, 3]","[0.75, 0.54, 0.88]","[['B', 'D', 'C', 'A'], ['B', 'C', 'A', 'D'], ['D', 'B', 'C', 'A']]","{'B': 3, 'D': 3, 'A': 2, 'C': 2}","[0.88, 0.75, 1.0]",3.84
52,"[2, 4, 5]","[3, 3, 3]","[0.75, 0.54, 0.88]","[['B', 'D', 'C', 'A'], ['B', 'C', 'D', 'A'], ['B', 'D', 'A', 'C']]","{'B': 3, 'D': 3, 'A': 2, 'C': 2}","[0.88, 0.75, 1.0]",3.84
52,"[2, 4, 5]","[3, 3, 3]","[0.75, 0.54, 0.88]","[['B', 'D', 'C', 'A'], ['B', 'C', 'D', 'A'], ['B', 'D', 'C', 'A']]","{'B': 3, 'D': 3, 'A': 2, 'C': 2}","[0.88, 0.75, 1.0]",3.84
52,"[2, 4, 5]","[3, 3, 3]","[0.75, 0.54, 0.88]","[['B', 'D', 'C', 'A'], ['B', 'C', 'D', 'A'], ['D', 'B', 'A', 'C']]","{'B': 3, 'D': 3, 'A': 2, 'C': 2}","[0.88, 0.75, 1.0]",3.84
52,"[2, 4, 5]","[3, 3, 3]","[0.75, 0.54, 0.88]","[['B', 'D', 'C', 'A'], ['B', 'C', 'D', 'A'], ['D', 'B', 'C', 'A']]","{'B': 3, 'D': 3, 'A': 2, 'C': 2}","[0.88, 0.75, 1.0]",3.84
52,"[2, 4, 5]","[3, 3, 3]","[0.75, 0.54, 0.88]","[['B', 'D', 'C', 'A'], ['B', 'D', 'A', 'C'], ['B', 'C', 'A', 'D']]","{'B': 3, 'D': 3, 'A': 2, 'C': 2}","[0.88, 0.75, 1.0]",3.84
52,"[2, 4, 5]","[3, 3, 3]","[0.75, 0.54, 0.88]","[['B', 'D', 'C', 'A'], ['B', 'D', 'A', 'C'], ['B', 'C', 'D', 'A']]","{'B': 3, 'D': 3, 'A': 2, 'C': 2}","[0.88, 0.75, 1.0]",3.84
52,"[2, 4, 5]","[3, 3, 3]","[0.75, 0.54, 0.88]","[['B', 'D', 'C', 'A'], ['B', 'D', 'A', 'C'], ['C', 'B', 'A', 'D']]","{'B': 3, 'D': 3, 'A': 2, 'C': 2}","[0.88, 0.75, 1.0]",3.84
52,"[2, 4, 5]","[3, 3, 3]","[0.75, 0.54, 0.88]","[['B', 'D', 'C', 'A'], ['B', 'D', 'A', 'C'], ['C', 'B', 'D', 'A']]","{'B': 3, 'D': 3, 'A': 2, 'C': 2}","[0.88, 0.75, 1.0]",3.84
52,"[2, 4, 5]","[3, 3, 3]","[0.75, 0.54, 0.88]","[['B', 'D', 'C', 'A'], ['B', 'D', 'C', 'A'], ['B', 'C', 'A', 'D']]","{'B': 3, 'D': 3, 'A': 2, 'C': 2}","[0.88, 0.75, 1.0]",3.84
52,"[2, 4, 5]","[3, 3, 3]","[0.75, 0.54, 0.88]","[['B', 'D', 'C', 'A'], ['B', 'D', 'C', 'A'], ['B', 'C', 'D', 'A']]","{'B': 3, 'D': 3, 'A': 2, 'C': 2}","[0.88, 0.75, 1.0]",3.84
52,"[2, 4, 5]","[3, 3, 3]","[0.75, 0.54, 0.88]","[['B', 'D', 'C', 'A'], ['B', 'D', 'C', 'A'], ['C', 'B', 'A', 'D']]","{'B': 3, 'D': 3, 'A': 2, 'C': 2}","[0.88, 0.75, 1.0]",3.84
52,"[2, 4, 5]","[3, 3, 3]","[0.75, 0.54, 0.88]","[['B', 'D', 'C', 'A'], ['B', 'D', 'C', 'A'], ['C', 'B', 'D', 'A']]","{'B': 3, 'D': 3, 'A': 2, 'C': 2}","[0.88, 0.75, 1.0]",3.84
52,"[2, 4, 5]","[3, 3, 3]","[0.75, 0.54, 0.88]","[['B', 'D', 'C', 'A'], ['C', 'B', 'A', 'D'], ['B', 'D', 'A', 'C']]","{'B': 3, 'D': 3, 'A': 2, 'C': 2}","[0.88, 0.75, 1.0]",3.84
52,"[2, 4, 5]","[3, 3, 3]","[0.75, 0.54, 0.88]","[['B', 'D', 'C', 'A'], ['C', 'B', 'A', 'D'], ['B', 'D', 'C', 'A']]","{'B': 3, 'D': 3, 'A': 2, 'C': 2}","[0.88, 0.75, 1.0]",3.84
52,"[2, 4, 5]","[3, 3, 3]","[0.75, 0.54, 0.88]","[['B', 'D', 'C', 'A'], ['C', 'B', 'A', 'D'], ['D', 'B', 'A', 'C']]","{'B': 3, 'D': 3, 'A': 2, 'C': 2}","[0.88, 0.75, 1.0]",3.84
52,"[2, 4, 5]","[3, 3, 3]","[0.75, 0.54, 0.88]","[['B', 'D', 'C', 'A'], ['C', 'B', 'A', 'D'], ['D', 'B', 'C', 'A']]","{'B': 3, 'D': 3, 'A': 2, 'C': 2}","[0.88, 0.75, 1.0]",3.84
52,"[2, 4, 5]","[3, 3, 3]","[0.75, 0.54, 0.88]","[['B', 'D', 'C', 'A'], ['C', 'B', 'D', 'A'], ['B', 'D', 'A', 'C']]","{'B': 3, 'D': 3, 'A': 2, 'C': 2}","[0.88, 0.75, 1.0]",3.84
52,"[2, 4, 5]","[3, 3, 3]","[0.75, 0.54, 0.88]","[['B', 'D', 'C', 'A'], ['C', 'B', 'D', 'A'], ['B', 'D', 'C', 'A']]","{'B': 3, 'D': 3, 'A': 2, 'C': 2}","[0.88, 0.75, 1.0]",3.84
52,"[2, 4, 5]","[3, 3, 3]","[0.75, 0.54, 0.88]","[['B', 'D', 'C', 'A'], ['C', 'B', 'D', 'A'], ['D', 'B', 'A', 'C']]","{'B': 3, 'D': 3, 'A': 2, 'C': 2}","[0.88, 0.75, 1.0]",3.84
52,"[2, 4, 5]","[3, 3, 3]","[0.75, 0.54, 0.88]","[['B', 'D', 'C', 'A'], ['C', 'B', 'D', 'A'], ['D', 'B', 'C', 'A']]","{'B': 3, 'D': 3, 'A': 2, 'C': 2}","[0.88, 0.75, 1.0]",3.84
52,"[2, 4, 5]","[3, 3, 3]","[0.75, 0.54, 0.88]","[['B', 'D', 'C', 'A'], ['D', 'B', 'A', 'C'], ['B', 'C', 'A', 'D']]","{'B': 3, 'D': 3, 'A': 2, 'C': 2}","[0.88, 0.75, 1.0]",3.84
52,"[2, 4, 5]","[3, 3, 3]","[0.75, 0.54, 0.88]","[['B', 'D', 'C', 'A'], ['D', 'B', 'A', 'C'], ['B', 'C', 'D', 'A']]","{'B': 3, 'D': 3, 'A': 2, 'C': 2}","[0.88, 0.75, 1.0]",3.84
52,"[2, 4, 5]","[3, 3, 3]","[0.75, 0.54, 0.88]","[['B', 'D', 'C', 'A'], ['D', 'B', 'A', 'C'], ['C', 'B', 'A', 'D']]","{'B': 3, 'D': 3, 'A': 2, 'C': 2}","[0.88, 0.75, 1.0]",3.84
52,"[2, 4, 5]","[3, 3, 3]","[0.75, 0.54, 0.88]","[['B', 'D', 'C', 'A'], ['D', 'B', 'A', 'C'], ['C', 'B', 'D', 'A']]","{'B': 3, 'D': 3, 'A': 2, 'C': 2}","[0.88, 0.75, 1.0]",3.84
52,"[2, 4, 5]","[3, 3, 3]","[0.75, 0.54, 0.88]","[['B', 'D', 'C', 'A'], ['D', 'B', 'C', 'A'], ['B', 'C', 'A', 'D']]","{'B': 3, 'D': 3, 'A': 2, 'C': 2}","[0.88, 0.75, 1.0]",3.84
52,"[2, 4, 5]","[3, 3, 3]","[0.75, 0.54, 0.88]","[['B', 'D', 'C', 'A'], ['D', 'B', 'C', 'A'], ['B', 'C', 'D', 'A']]","{'B': 3, 'D': 3, 'A': 2, 'C': 2}","[0.88, 0.75, 1.0]",3.84
52,"[2, 4, 5]","[3, 3, 3]","[0.75, 0.54, 0.88]","[['B', 'D', 'C', 'A'], ['D', 'B', 'C', 'A'], ['C', 'B', 'A', 'D']]","{'B': 3, 'D': 3, 'A': 2, 'C': 2}","[0.88, 0.75, 1.0]",3.84
52,"[2, 4, 5]","[3, 3, 3]","[0.75, 0.54, 0.88]","[['B', 'D', 'C', 'A'], ['D', 'B', 'C', 'A'], ['C', 'B', 'D', 'A']]","{'B': 3, 'D': 3, 'A': 2, 'C': 2}","[0.88, 0.75, 1.0]",3.84
52,"[2, 4, 5]","[3, 3, 3]","[0.75, 0.54, 0.88]","[['C', 'B', 'A', 'D'], ['B', 'D', 'A', 'C'], ['B', 'D', 'A', 'C']]","{'B': 3, 'D': 3, 'A': 2, 'C': 2}","[0.88, 0.75, 1.0]",3.84
52,"[2, 4, 5]","[3, 3, 3]","[0.75, 0.54, 0.88]","[['C', 'B', 'A', 'D'], ['B', 'D', 'A', 'C'], ['B', 'D', 'C', 'A']]","{'B': 3, 'D': 3, 'A': 2, 'C': 2}","[0.88, 0.75, 1.0]",3.84
52,"[2, 4, 5]","[3, 3, 3]","[0.75, 0.54, 0.88]","[['C', 'B', 'A', 'D'], ['B', 'D', 'A', 'C'], ['D', 'B', 'A', 'C']]","{'B': 3, 'D': 3, 'A': 2, 'C': 2}","[0.88, 0.75, 1.0]",3.84
52,"[2, 4, 5]","[3, 3, 3]","[0.75, 0.54, 0.88]","[['C', 'B', 'A', 'D'], ['B', 'D', 'A', 'C'], ['D', 'B', 'C', 'A']]","{'B': 3, 'D': 3, 'A': 2, 'C': 2}","[0.88, 0.75, 1.0]",3.84
52,"[2, 4, 5]","[3, 3, 3]","[0.75, 0.54, 0.88]","[['C', 'B', 'A', 'D'], ['B', 'D', 'C', 'A'], ['B', 'D', 'A', 'C']]","{'B': 3, 'D': 3, 'A': 2, 'C': 2}","[0.88, 0.75, 1.0]",3.84
52,"[2, 4, 5]","[3, 3, 3]","[0.75, 0.54, 0.88]","[['C', 'B', 'A', 'D'], ['B', 'D', 'C', 'A'], ['B', 'D', 'C', 'A']]","{'B': 3, 'D': 3, 'A': 2, 'C': 2}","[0.88, 0.75, 1.0]",3.84
52,"[2, 4, 5]","[3, 3, 3]","[0.75, 0.54, 0.88]","[['C', 'B', 'A', 'D'], ['B', 'D', 'C', 'A'], ['D', 'B', 'A', 'C']]","{'B': 3, 'D': 3, 'A': 2, 'C': 2}","[0.88, 0.75, 1.0]",3.84
52,"[2, 4, 5]","[3, 3, 3]","[0.75, 0.54, 0.88]","[['C', 'B', 'A', 'D'], ['B', 'D', 'C', 'A'], ['D', 'B', 'C', 'A']]","{'B': 3, 'D': 3, 'A': 2, 'C': 2}","[0.88, 0.75, 1.0]",3.84
52,"[2, 4, 5]","[3, 3, 3]","[0.75, 0.54, 0.88]","[['C', 'B', 'A', 'D'], ['D', 'B', 'A', 'C'], ['B', 'D', 'A', 'C']]","{'B': 3, 'D': 3, 'A': 2, 'C': 2}","[0.88, 0.75, 1.0]",3.84
52,"[2, 4, 5]","[3, 3, 3]","[0.75, 0.54, 0.88]","[['C', 'B', 'A', 'D'], ['D', 'B', 'A', 'C'], ['B', 'D', 'C', 'A']]","{'B': 3, 'D': 3, 'A': 2, 'C': 2}","[0.88, 0.75, 1.0]",3.84
52,"[2, 4, 5]","[3, 3, 3]","[0.75, 0.54, 0.88]","[['C', 'B', 'A', 'D'], ['D', 'B', 'A', 'C'], ['D', 'B', 'A', 'C']]","{'B': 3, 'D': 3, 'A': 2, 'C': 2}","[0.88, 0.75, 1.0]",3.84
52,"[2, 4, 5]","[3, 3, 3]","[0.75, 0.54, 0.88]","[['C', 'B', 'A', 'D'], ['D', 'B', 'A', 'C'], ['D', 'B', 'C', 'A']]","{'B': 3, 'D': 3, 'A': 2, 'C': 2}","[0.88, 0.75, 1.0]",3.84
52,"[2, 4, 5]","[3, 3, 3]","[0.75, 0.54, 0.88]","[['C', 'B', 'A', 'D'], ['D', 'B', 'C', 'A'], ['B', 'D', 'A', 'C']]","{'B': 3, 'D': 3, 'A': 2, 'C': 2}","[0.88, 0.75, 1.0]",3.84
52,"[2, 4, 5]","[3, 3, 3]","[0.75, 0.54, 0.88]","[['C', 'B', 'A', 'D'], ['D', 'B', 'C', 'A'], ['B', 'D', 'C', 'A']]","{'B': 3, 'D': 3, 'A': 2, 'C': 2}","[0.88, 0.75, 1.0]",3.84
52,"[2, 4, 5]","[3, 3, 3]","[0.75, 0.54, 0.88]","[['C', 'B', 'A', 'D'], ['D', 'B', 'C', 'A'], ['D', 'B', 'A', 'C']]","{'B': 3, 'D': 3, 'A': 2, 'C': 2}","[0.88, 0.75, 1.0]",3.84
52,"[2, 4, 5]","[3, 3, 3]","[0.75, 0.54, 0.88]","[['C', 'B', 'A', 'D'], ['D', 'B', 'C', 'A'], ['D', 'B', 'C', 'A']]","{'B': 3, 'D': 3, 'A': 2, 'C': 2}","[0.88, 0.75, 1.0]",3.84
52,"[2, 4, 5]","[3, 3, 3]","[0.75, 0.54, 0.88]","[['C', 'B', 'D', 'A'], ['B', 'D', 'A', 'C'], ['B', 'D', 'A', 'C']]","{'B': 3, 'D': 3, 'A': 2, 'C': 2}","[0.88, 0.75, 1.0]",3.84
52,"[2, 4, 5]","[3, 3, 3]","[0.75, 0.54, 0.88]","[['C', 'B', 'D', 'A'], ['B', 'D', 'A', 'C'], ['B', 'D', 'C', 'A']]","{'B': 3, 'D': 3, 'A': 2, 'C': 2}","[0.88, 0.75, 1.0]",3.84
52,"[2, 4, 5]","[3, 3, 3]","[0.75, 0.54, 0.88]","[['C', 'B', 'D', 'A'], ['B', 'D', 'A', 'C'], ['D', 'B', 'A', 'C']]","{'B': 3, 'D': 3, 'A': 2, 'C': 2}","[0.88, 0.75, 1.0]",3.84
52,"[2, 4, 5]","[3, 3, 3]","[0.75, 0.54, 0.88]","[['C', 'B', 'D', 'A'], ['B', 'D', 'A', 'C'], ['D', 'B', 'C', 'A']]","{'B': 3, 'D': 3, 'A': 2, 'C': 2}","[0.88, 0.75, 1.0]",3.84
52,"[2, 4, 5]","[3, 3, 3]","[0.75, 0.54, 0.88]","[['C', 'B', 'D', 'A'], ['B', 'D', 'C', 'A'], ['B', 'D', 'A', 'C']]","{'B': 3, 'D': 3, 'A': 2, 'C': 2}","[0.88, 0.75, 1.0]",3.84
52,"[2, 4, 5]","[3, 3, 3]","[0.75, 0.54, 0.88]","[['C', 'B', 'D', 'A'], ['B', 'D', 'C', 'A'], ['B', 'D', 'C', 'A']]","{'B': 3, 'D': 3, 'A': 2, 'C': 2}","[0.88, 0.75, 1.0]",3.84
52,"[2, 4, 5]","[3, 3, 3]","[0.75, 0.54, 0.88]","[['C', 'B', 'D', 'A'], ['B', 'D', 'C', 'A'], ['D', 'B', 'A', 'C']]","{'B': 3, 'D': 3, 'A': 2, 'C': 2}","[0.88, 0.75, 1.0]",3.84
52,"[2, 4, 5]","[3, 3, 3]","[0.75, 0.54, 0.88]","[['C', 'B', 'D', 'A'], ['B', 'D', 'C', 'A'], ['D', 'B', 'C', 'A']]","{'B': 3, 'D': 3, 'A': 2, 'C': 2}","[0.88, 0.75, 1.0]",3.84
52,"[2, 4, 5]","[3, 3, 3]","[0.75, 0.54, 0.88]","[['C', 'B', 'D', 'A'], ['D', 'B', 'A', 'C'], ['B', 'D', 'A', 'C']]","{'B': 3, 'D': 3, 'A': 2, 'C': 2}","[0.88, 0.75, 1.0]",3.84
52,"[2, 4, 5]","[3, 3, 3]","[0.75, 0.54, 0.88]","[['C', 'B', 'D', 'A'], ['D', 'B', 'A', 'C'], ['B', 'D', 'C', 'A']]","{'B': 3, 'D': 3, 'A': 2, 'C': 2}","[0.88, 0.75, 1.0]",3.84
52,"[2, 4, 5]","[3, 3, 3]","[0.75, 0.54, 0.88]","[['C', 'B', 'D', 'A'], ['D', 'B', 'A', 'C'], ['D', 'B', 'A', 'C']]","{'B': 3, 'D': 3, 'A': 2, 'C': 2}","[0.88, 0.75, 1.0]",3.84
52,"[2, 4, 5]","[3, 3, 3]","[0.75, 0.54, 0.88]","[['C', 'B', 'D', 'A'], ['D', 'B', 'A', 'C'], ['D', 'B', 'C', 'A']]","{'B': 3, 'D': 3, 'A': 2, 'C': 2}","[0.88, 0.75, 1.0]",3.84
52,"[2, 4, 5]","[3, 3, 3]","[0.75, 0.54, 0.88]","[['C', 'B', 'D', 'A'], ['D', 'B', 'C', 'A'], ['B', 'D', 'A', 'C']]","{'B': 3, 'D': 3, 'A': 2, 'C': 2}","[0.88, 0.75, 1.0]",3.84
52,"[2, 4, 5]","[3, 3, 3]","[0.75, 0.54, 0.88]","[['C', 'B', 'D', 'A'], ['D', 'B', 'C', 'A'], ['B', 'D', 'C', 'A']]","{'B': 3, 'D': 3, 'A': 2, 'C': 2}","[0.88, 0.75, 1.0]",3.84
52,"[2, 4, 5]","[3, 3, 3]","[0.75, 0.54, 0.88]","[['C', 'B', 'D', 'A'], ['D', 'B', 'C', 'A'], ['D', 'B', 'A', 'C']]","{'B': 3, 'D': 3, 'A': 2, 'C': 2}","[0.88, 0.75, 1.0]",3.84
52,"[2, 4, 5]","[3, 3, 3]","[0.75, 0.54, 0.88]","[['C', 'B', 'D', 'A'], ['D', 'B', 'C', 'A'], ['D', 'B', 'C', 'A']]","{'B': 3, 'D': 3, 'A': 2, 'C': 2}","[0.88, 0.75, 1.0]",3.84
52,"[2, 4, 5]","[3, 3, 3]","[0.75, 0.54, 0.88]","[['D', 'B', 'A', 'C'], ['B', 'C', 'A', 'D'], ['B', 'D', 'A', 'C']]","{'B': 3, 'D': 3, 'A': 2, 'C': 2}","[0.88, 0.75, 1.0]",3.84
52,"[2, 4, 5]","[3, 3, 3]","[0.75, 0.54, 0.88]","[['D', 'B', 'A', 'C'], ['B', 'C', 'A', 'D'], ['B', 'D', 'C', 'A']]","{'B': 3, 'D': 3, 'A': 2, 'C': 2}","[0.88, 0.75, 1.0]",3.84
52,"[2, 4, 5]","[3, 3, 3]","[0.75, 0.54, 0.88]","[['D', 'B', 'A', 'C'], ['B', 'C', 'A', 'D'], ['D', 'B', 'A', 'C']]","{'B': 3, 'D': 3, 'A': 2, 'C': 2}","[0.88, 0.75, 1.0]",3.84
52,"[2, 4, 5]","[3, 3, 3]","[0.75, 0.54, 0.88]","[['D', 'B', 'A', 'C'], ['B', 'C', 'A', 'D'], ['D', 'B', 'C', 'A']]","{'B': 3, 'D': 3, 'A': 2, 'C': 2}","[0.88, 0.75, 1.0]",3.84
52,"[2, 4, 5]","[3, 3, 3]","[0.75, 0.54, 0.88]","[['D', 'B', 'A', 'C'], ['B', 'C', 'D', 'A'], ['B', 'D', 'A', 'C']]","{'B': 3, 'D': 3, 'A': 2, 'C': 2}","[0.88, 0.75, 1.0]",3.84
52,"[2, 4, 5]","[3, 3, 3]","[0.75, 0.54, 0.88]","[['D', 'B', 'A', 'C'], ['B', 'C', 'D', 'A'], ['B', 'D', 'C', 'A']]","{'B': 3, 'D': 3, 'A': 2, 'C': 2}","[0.88, 0.75, 1.0]",3.84
52,"[2, 4, 5]","[3, 3, 3]","[0.75, 0.54, 0.88]","[['D', 'B', 'A', 'C'], ['B', 'C', 'D', 'A'], ['D', 'B', 'A', 'C']]","{'B': 3, 'D': 3, 'A': 2, 'C': 2}","[0.88, 0.75, 1.0]",3.84
52,"[2, 4, 5]","[3, 3, 3]","[0.75, 0.54, 0.88]","[['D', 'B', 'A', 'C'], ['B', 'C', 'D', 'A'], ['D', 'B', 'C', 'A']]","{'B': 3, 'D': 3, 'A': 2, 'C': 2}","[0.88, 0.75, 1.0]",3.84
52,"[2, 4, 5]","[3, 3, 3]","[0.75, 0.54, 0.88]","[['D', 'B', 'A', 'C'], ['B', 'D', 'A', 'C'], ['B', 'C', 'A', 'D']]","{'B': 3, 'D': 3, 'A': 2, 'C': 2}","[0.88, 0.75, 1.0]",3.84
52,"[2, 4, 5]","[3, 3, 3]","[0.75, 0.54, 0.88]","[['D', 'B', 'A', 'C'], ['B', 'D', 'A', 'C'], ['B', 'C', 'D', 'A']]","{'B': 3, 'D': 3, 'A': 2, 'C': 2}","[0.88, 0.75, 1.0]",3.84
52,"[2, 4, 5]","[3, 3, 3]","[0.75, 0.54, 0.88]","[['D', 'B', 'A', 'C'], ['B', 'D', 'A', 'C'], ['C', 'B', 'A', 'D']]","{'B': 3, 'D': 3, 'A': 2, 'C': 2}","[0.88, 0.75, 1.0]",3.84
52,"[2, 4, 5]","[3, 3, 3]","[0.75, 0.54, 0.88]","[['D', 'B', 'A', 'C'], ['B', 'D', 'A', 'C'], ['C', 'B', 'D', 'A']]","{'B': 3, 'D': 3, 'A': 2, 'C': 2}","[0.88, 0.75, 1.0]",3.84
52,"[2, 4, 5]","[3, 3, 3]","[0.75, 0.54, 0.88]","[['D', 'B', 'A', 'C'], ['B', 'D', 'C', 'A'], ['B', 'C', 'A', 'D']]","{'B': 3, 'D': 3, 'A': 2, 'C': 2}","[0.88, 0.75, 1.0]",3.84
52,"[2, 4, 5]","[3, 3, 3]","[0.75, 0.54, 0.88]","[['D', 'B', 'A', 'C'], ['B', 'D', 'C', 'A'], ['B', 'C', 'D', 'A']]","{'B': 3, 'D': 3, 'A': 2, 'C': 2}","[0.88, 0.75, 1.0]",3.84
52,"[2, 4, 5]","[3, 3, 3]","[0.75, 0.54, 0.88]","[['D', 'B', 'A', 'C'], ['B', 'D', 'C', 'A'], ['C', 'B', 'A', 'D']]","{'B': 3, 'D': 3, 'A': 2, 'C': 2}","[0.88, 0.75, 1.0]",3.84
52,"[2, 4, 5]","[3, 3, 3]","[0.75, 0.54, 0.88]","[['D', 'B', 'A', 'C'], ['B', 'D', 'C', 'A'], ['C', 'B', 'D', 'A']]","{'B': 3, 'D': 3, 'A': 2, 'C': 2}","[0.88, 0.75, 1.0]",3.84
52,"[2, 4, 5]","[3, 3, 3]","[0.75, 0.54, 0.88]","[['D', 'B', 'A', 'C'], ['C', 'B', 'A', 'D'], ['B', 'D', 'A', 'C']]","{'B': 3, 'D': 3, 'A': 2, 'C': 2}","[0.88, 0.75, 1.0]",3.84
52,"[2, 4, 5]","[3, 3, 3]","[0.75, 0.54, 0.88]","[['D', 'B', 'A', 'C'], ['C', 'B', 'A', 'D'], ['B', 'D', 'C', 'A']]","{'B': 3, 'D': 3, 'A': 2, 'C': 2}","[0.88, 0.75, 1.0]",3.84
52,"[2, 4, 5]","[3, 3, 3]","[0.75, 0.54, 0.88]","[['D', 'B', 'A', 'C'], ['C', 'B', 'A', 'D'], ['D', 'B', 'A', 'C']]","{'B': 3, 'D': 3, 'A': 2, 'C': 2}","[0.88, 0.75, 1.0]",3.84
52,"[2, 4, 5]","[3, 3, 3]","[0.75, 0.54, 0.88]","[['D', 'B', 'A', 'C'], ['C', 'B', 'A', 'D'], ['D', 'B', 'C', 'A']]","{'B': 3, 'D': 3, 'A': 2, 'C': 2}","[0.88, 0.75, 1.0]",3.84
52,"[2, 4, 5]","[3, 3, 3]","[0.75, 0.54, 0.88]","[['D', 'B', 'A', 'C'], ['C', 'B', 'D', 'A'], ['B', 'D', 'A', 'C']]","{'B': 3, 'D': 3, 'A': 2, 'C': 2}","[0.88, 0.75, 1.0]",3.84
52,"[2, 4, 5]","[3, 3, 3]","[0.75, 0.54, 0.88]","[['D', 'B', 'A', 'C'], ['C', 'B', 'D', 'A'], ['B', 'D', 'C', 'A']]","{'B': 3, 'D': 3, 'A': 2, 'C': 2}","[0.88, 0.75, 1.0]",3.84
52,"[2, 4, 5]","[3, 3, 3]","[0.75, 0.54, 0.88]","[['D', 'B', 'A', 'C'], ['C', 'B', 'D', 'A'], ['D', 'B', 'A', 'C']]","{'B': 3, 'D': 3, 'A': 2, 'C': 2}","[0.88, 0.75, 1.0]",3.84
52,"[2, 4, 5]","[3, 3, 3]","[0.75, 0.54, 0.88]","[['D', 'B', 'A', 'C'], ['C', 'B', 'D', 'A'], ['D', 'B', 'C', 'A']]","{'B': 3, 'D': 3, 'A': 2, 'C': 2}","[0.88, 0.75, 1.0]",3.84
52,"[2, 4, 5]","[3, 3, 3]","[0.75, 0.54, 0.88]","[['D', 'B', 'A', 'C'], ['D', 'B', 'A', 'C'], ['B', 'C', 'A', 'D']]","{'B': 3, 'D': 3, 'A': 2, 'C': 2}","[0.88, 0.75, 1.0]",3.84
52,"[2, 4, 5]","[3, 3, 3]","[0.75, 0.54, 0.88]","[['D', 'B', 'A', 'C'], ['D', 'B', 'A', 'C'], ['B', 'C', 'D', 'A']]","{'B': 3, 'D': 3, 'A': 2, 'C': 2}","[0.88, 0.75, 1.0]",3.84
52,"[2, 4, 5]","[3, 3, 3]","[0.75, 0.54, 0.88]","[['D', 'B', 'A', 'C'], ['D', 'B', 'A', 'C'], ['C', 'B', 'A', 'D']]","{'B': 3, 'D': 3, 'A': 2, 'C': 2}","[0.88, 0.75, 1.0]",3.84
52,"[2, 4, 5]","[3, 3, 3]","[0.75, 0.54, 0.88]","[['D', 'B', 'A', 'C'], ['D', 'B', 'A', 'C'], ['C', 'B', 'D', 'A']]","{'B': 3, 'D': 3, 'A': 2, 'C': 2}","[0.88, 0.75, 1.0]",3.84
52,"[2, 4, 5]","[3, 3, 3]","[0.75, 0.54, 0.88]","[['D', 'B', 'A', 'C'], ['D', 'B', 'C', 'A'], ['B', 'C', 'A', 'D']]","{'B': 3, 'D': 3, 'A': 2, 'C': 2}","[0.88, 0.75, 1.0]",3.84
52,"[2, 4, 5]","[3, 3, 3]","[0.75, 0.54, 0.88]","[['D', 'B', 'A', 'C'], ['D', 'B', 'C', 'A'], ['B', 'C', 'D', 'A']]","{'B': 3, 'D': 3, 'A': 2, 'C': 2}","[0.88, 0.75, 1.0]",3.84
52,"[2, 4, 5]","[3, 3, 3]","[0.75, 0.54, 0.88]","[['D', 'B', 'A', 'C'], ['D', 'B', 'C', 'A'], ['C', 'B', 'A', 'D']]","{'B': 3, 'D': 3, 'A': 2, 'C': 2}","[0.88, 0.75, 1.0]",3.84
52,"[2, 4, 5]","[3, 3, 3]","[0.75, 0.54, 0.88]","[['D', 'B', 'A', 'C'], ['D', 'B', 'C', 'A'], ['C', 'B', 'D', 'A']]","{'B': 3, 'D': 3, 'A': 2, 'C': 2}","[0.88, 0.75, 1.0]",3.84
52,"[2, 4, 5]","[3, 3, 3]","[0.75, 0.54, 0.88]","[['D', 'B', 'C', 'A'], ['B', 'C', 'A', 'D'], ['B', 'D', 'A', 'C']]","{'B': 3, 'D': 3, 'A': 2, 'C': 2}","[0.88, 0.75, 1.0]",3.84
52,"[2, 4, 5]","[3, 3, 3]","[0.75, 0.54, 0.88]","[['D', 'B', 'C', 'A'], ['B', 'C', 'A', 'D'], ['B', 'D', 'C', 'A']]","{'B': 3, 'D': 3, 'A': 2, 'C': 2}","[0.88, 0.75, 1.0]",3.84
52,"[2, 4, 5]","[3, 3, 3]","[0.75, 0.54, 0.88]","[['D', 'B', 'C', 'A'], ['B', 'C', 'A', 'D'], ['D', 'B', 'A', 'C']]","{'B': 3, 'D': 3, 'A': 2, 'C': 2}","[0.88, 0.75, 1.0]",3.84
52,"[2, 4, 5]","[3, 3, 3]","[0.75, 0.54, 0.88]","[['D', 'B', 'C', 'A'], ['B', 'C', 'A', 'D'], ['D', 'B', 'C', 'A']]","{'B': 3, 'D': 3, 'A': 2, 'C': 2}","[0.88, 0.75, 1.0]",3.84
52,"[2, 4, 5]","[3, 3, 3]","[0.75, 0.54, 0.88]","[['D', 'B', 'C', 'A'], ['B', 'C', 'D', 'A'], ['B', 'D', 'A', 'C']]","{'B': 3, 'D': 3, 'A': 2, 'C': 2}","[0.88, 0.75, 1.0]",3.84
52,"[2, 4, 5]","[3, 3, 3]","[0.75, 0.54, 0.88]","[['D', 'B', 'C', 'A'], ['B', 'C', 'D', 'A'], ['B', 'D', 'C', 'A']]","{'B': 3, 'D': 3, 'A': 2, 'C': 2}","[0.88, 0.75, 1.0]",3.84
52,"[2, 4, 5]","[3, 3, 3]","[0.75, 0.54, 0.88]","[['D', 'B', 'C', 'A'], ['B', 'C', 'D', 'A'], ['D', 'B', 'A', 'C']]","{'B': 3, 'D': 3, 'A': 2, 'C': 2}","[0.88, 0.75, 1.0]",3.84
52,"[2, 4, 5]","[3, 3, 3]","[0.75, 0.54, 0.88]","[['D', 'B', 'C', 'A'], ['B', 'C', 'D', 'A'], ['D', 'B', 'C', 'A']]","{'B': 3, 'D': 3, 'A': 2, 'C': 2}","[0.88, 0.75, 1.0]",3.84
52,"[2, 4, 5]","[3, 3, 3]","[0.75, 0.54, 0.88]","[['D', 'B', 'C', 'A'], ['B', 'D', 'A', 'C'], ['B', 'C', 'A', 'D']]","{'B': 3, 'D': 3, 'A': 2, 'C': 2}","[0.88, 0.75, 1.0]",3.84
52,"[2, 4, 5]","[3, 3, 3]","[0.75, 0.54, 0.88]","[['D', 'B', 'C', 'A'], ['B', 'D', 'A', 'C'], ['B', 'C', 'D', 'A']]","{'B': 3, 'D': 3, 'A': 2, 'C': 2}","[0.88, 0.75, 1.0]",3.84
52,"[2, 4, 5]","[3, 3, 3]","[0.75, 0.54, 0.88]","[['D', 'B', 'C', 'A'], ['B', 'D', 'A', 'C'], ['C', 'B', 'A', 'D']]","{'B': 3, 'D': 3, 'A': 2, 'C': 2}","[0.88, 0.75, 1.0]",3.84
52,"[2, 4, 5]","[3, 3, 3]","[0.75, 0.54, 0.88]","[['D', 'B', 'C', 'A'], ['B', 'D', 'A', 'C'], ['C', 'B', 'D', 'A']]","{'B': 3, 'D': 3, 'A': 2, 'C': 2}","[0.88, 0.75, 1.0]",3.84
52,"[2, 4, 5]","[3, 3, 3]","[0.75, 0.54, 0.88]","[['D', 'B', 'C', 'A'], ['B', 'D', 'C', 'A'], ['B', 'C', 'A', 'D']]","{'B': 3, 'D': 3, 'A': 2, 'C': 2}","[0.88, 0.75, 1.0]",3.84
52,"[2, 4, 5]","[3, 3, 3]","[0.75, 0.54, 0.88]","[['D', 'B', 'C', 'A'], ['B', 'D', 'C', 'A'], ['B', 'C', 'D', 'A']]","{'B': 3, 'D': 3, 'A': 2, 'C': 2}","[0.88, 0.75, 1.0]",3.84
52,"[2, 4, 5]","[3, 3, 3]","[0.75, 0.54, 0.88]","[['D', 'B', 'C', 'A'], ['B', 'D', 'C', 'A'], ['C', 'B', 'A', 'D']]","{'B': 3, 'D': 3, 'A': 2, 'C': 2}","[0.88, 0.75, 1.0]",3.84
52,"[2, 4, 5]","[3, 3, 3]","[0.75, 0.54, 0.88]","[['D', 'B', 'C', 'A'], ['B', 'D', 'C', 'A'], ['C', 'B', 'D', 'A']]","{'B': 3, 'D': 3, 'A': 2, 'C': 2}","[0.88, 0.75, 1.0]",3.84
52,"[2, 4, 5]","[3, 3, 3]","[0.75, 0.54, 0.88]","[['D', 'B', 'C', 'A'], ['C', 'B', 'A', 'D'], ['B', 'D', 'A', 'C']]","{'B': 3, 'D': 3, 'A': 2, 'C': 2}","[0.88, 0.75, 1.0]",3.84
52,"[2, 4, 5]","[3, 3, 3]","[0.75, 0.54, 0.88]","[['D', 'B', 'C', 'A'], ['C', 'B', 'A', 'D'], ['B', 'D', 'C', 'A']]","{'B': 3, 'D': 3, 'A': 2, 'C': 2}","[0.88, 0.75, 1.0]",3.84
52,"[2, 4, 5]","[3, 3, 3]","[0.75, 0.54, 0.88]","[['D', 'B', 'C', 'A'], ['C', 'B', 'A', 'D'], ['D', 'B', 'A', 'C']]","{'B': 3, 'D': 3, 'A': 2, 'C': 2}","[0.88, 0.75, 1.0]",3.84
52,"[2, 4, 5]","[3, 3, 3]","[0.75, 0.54, 0.88]","[['D', 'B', 'C', 'A'], ['C', 'B', 'A', 'D'], ['D', 'B', 'C', 'A']]","{'B': 3, 'D': 3, 'A': 2, 'C': 2}","[0.88, 0.75, 1.0]",3.84
52,"[2, 4, 5]","[3, 3, 3]","[0.75, 0.54, 0.88]","[['D', 'B', 'C', 'A'], ['C', 'B', 'D', 'A'], ['B', 'D', 'A', 'C']]","{'B': 3, 'D': 3, 'A': 2, 'C': 2}","[0.88, 0.75, 1.0]",3.84
52,"[2, 4, 5]","[3, 3, 3]","[0.75, 0.54, 0.88]","[['D', 'B', 'C', 'A'], ['C', 'B', 'D', 'A'], ['B', 'D', 'C', 'A']]","{'B': 3, 'D': 3, 'A': 2, 'C': 2}","[0.88, 0.75, 1.0]",3.84
52,"[2, 4, 5]","[3, 3, 3]","[0.75, 0.54, 0.88]","[['D', 'B', 'C', 'A'], ['C', 'B', 'D', 'A'], ['D', 'B', 'A', 'C']]","{'B': 3, 'D': 3, 'A': 2, 'C': 2}","[0.88, 0.75, 1.0]",3.84
52,"[2, 4, 5]","[3, 3, 3]","[0.75, 0.54, 0.88]","[['D', 'B', 'C', 'A'], ['C', 'B', 'D', 'A'], ['D', 'B', 'C', 'A']]","{'B': 3, 'D': 3, 'A': 2, 'C': 2}","[0.88, 0.75, 1.0]",3.84
52,"[2, 4, 5]","[3, 3, 3]","[0.75, 0.54, 0.88]","[['D', 'B', 'C', 'A'], ['D', 'B', 'A', 'C'], ['B', 'C', 'A', 'D']]","{'B': 3, 'D': 3, 'A': 2, 'C': 2}","[0.88, 0.75, 1.0]",3.84
52,"[2, 4, 5]","[3, 3, 3]","[0.75, 0.54, 0.88]","[['D', 'B', 'C', 'A'], ['D', 'B', 'A', 'C'], ['B', 'C', 'D', 'A']]","{'B': 3, 'D': 3, 'A': 2, 'C': 2}","[0.88, 0.75, 1.0]",3.84
52,"[2, 4, 5]","[3, 3, 3]","[0.75, 0.54, 0.88]","[['D', 'B', 'C', 'A'], ['D', 'B', 'A', 'C'], ['C', 'B', 'A', 'D']]","{'B': 3, 'D': 3, 'A': 2, 'C': 2}","[0.88, 0.75, 1.0]",3.84
52,"[2, 4, 5]","[3, 3, 3]","[0.75, 0.54, 0.88]","[['D', 'B', 'C', 'A'], ['D', 'B', 'A', 'C'], ['C', 'B', 'D', 'A']]","{'B': 3, 'D': 3, 'A': 2, 'C': 2}","[0.88, 0.75, 1.0]",3.84
52,"[2, 4, 5]","[3, 3, 3]","[0.75, 0.54, 0.88]","[['D', 'B', 'C', 'A'], ['D', 'B', 'C', 'A'], ['B', 'C', 'A', 'D']]","{'B': 3, 'D': 3, 'A': 2, 'C': 2}","[0.88, 0.75, 1.0]",3.84
52,"[2, 4, 5]","[3, 3, 3]","[0.75, 0.54, 0.88]","[['D', 'B', 'C', 'A'], ['D', 'B', 'C', 'A'], ['B', 'C', 'D', 'A']]","{'B': 3, 'D': 3, 'A': 2, 'C': 2}","[0.88, 0.75, 1.0]",3.84
52,"[2, 4, 5]","[3, 3, 3]","[0.75, 0.54, 0.88]","[['D', 'B', 'C', 'A'], ['D', 'B', 'C', 'A'], ['C', 'B', 'A', 'D']]","{'B': 3, 'D': 3, 'A': 2, 'C': 2}","[0.88, 0.75, 1.0]",3.84
52,"[2, 4, 5]","[3, 3, 3]","[0.75, 0.54, 0.88]","[['D', 'B', 'C', 'A'], ['D', 'B', 'C', 'A'], ['C', 'B', 'D', 'A']]","{'B': 3, 'D': 3, 'A': 2, 'C': 2}","[0.88, 0.75, 1.0]",3.84
54,"[1, 2]","[1, 3]","[0.42, 0.88]","[['B', 'C', 'A', 'D'], ['B', 'C', 'A', 'D']]","{'B': 4, 'A': 3, 'C': 2, 'D': 1}","[0.5, 1.0]",3.58
54,"[1, 2]","[1, 3]","[0.42, 0.88]","[['B', 'C', 'A', 'D'], ['B', 'C', 'D', 'A']]","{'B': 4, 'A': 3, 'C': 2, 'D': 1}","[0.5, 1.0]",3.58
54,"[1, 2]","[1, 3]","[0.42, 0.88]","[['B', 'C', 'A', 'D'], ['B', 'D', 'A', 'C']]","{'B': 4, 'A': 3, 'D': 2, 'C': 1}","[0.46, 1.0]",3.97
54,"[1, 2]","[1, 3]","[0.42, 0.88]","[['B', 'C', 'A', 'D'], ['B', 'D', 'C', 'A']]","{'B': 4, 'A': 3, 'D': 2, 'C': 1}","[0.46, 1.0]",3.97
54,"[1, 2]","[1, 3]","[0.42, 0.88]","[['B', 'C', 'A', 'D'], ['C', 'B', 'A', 'D']]","{'B': 4, 'A': 3, 'C': 2, 'D': 1}","[0.5, 1.0]",3.58
54,"[1, 2]","[1, 3]","[0.42, 0.88]","[['B', 'C', 'A', 'D'], ['C', 'B', 'D', 'A']]","{'B': 4, 'A': 3, 'C': 2, 'D': 1}","[0.5, 1.0]",3.58
54,"[1, 2]","[1, 3]","[0.42, 0.88]","[['B', 'C', 'A', 'D'], ['D', 'B', 'A', 'C']]","{'B': 4, 'A': 3, 'D': 2, 'C': 1}","[0.46, 1.0]",3.97
54,"[1, 2]","[1, 3]","[0.42, 0.88]","[['B', 'C', 'A', 'D'], ['D', 'B', 'C', 'A']]","{'B': 4, 'A': 3, 'D': 2, 'C': 1}","[0.46, 1.0]",3.97
54,"[1, 2]","[1, 3]","[0.42, 0.88]","[['B', 'C', 'D', 'A'], ['B', 'C', 'A', 'D']]","{'B': 4, 'A': 3, 'C': 2, 'D': 1}","[0.5, 1.0]",3.58
54,"[1, 2]","[1, 3]","[0.42, 0.88]","[['B', 'C', 'D', 'A'], ['B', 'C', 'D', 'A']]","{'B': 4, 'A': 3, 'C': 2, 'D': 1}","[0.5, 1.0]",3.58
54,"[1, 2]","[1, 3]","[0.42, 0.88]","[['B', 'C', 'D', 'A'], ['B', 'D', 'A', 'C']]","{'B': 4, 'A': 3, 'D': 2, 'C': 1}","[0.46, 1.0]",3.97
54,"[1, 2]","[1, 3]","[0.42, 0.88]","[['B', 'C', 'D', 'A'], ['B', 'D', 'C', 'A']]","{'B': 4, 'A': 3, 'D': 2, 'C': 1}","[0.46, 1.0]",3.97
54,"[1, 2]","[1, 3]","[0.42, 0.88]","[['B', 'C', 'D', 'A'], ['C', 'B', 'A', 'D']]","{'B': 4, 'A': 3, 'C': 2, 'D': 1}","[0.5, 1.0]",3.58
54,"[1, 2]","[1, 3]","[0.42, 0.88]","[['B', 'C', 'D', 'A'], ['C', 'B', 'D', 'A']]","{'B': 4, 'A': 3, 'C': 2, 'D': 1}","[0.5, 1.0]",3.58
54,"[1, 2]","[1, 3]","[0.42, 0.88]","[['B', 'C', 'D', 'A'], ['D', 'B', 'A', 'C']]","{'B': 4, 'A': 3, 'D': 2, 'C': 1}","[0.46, 1.0]",3.97
54,"[1, 2]","[1, 3]","[0.42, 0.88]","[['B', 'C', 'D', 'A'], ['D', 'B', 'C', 'A']]","{'B': 4, 'A': 3, 'D': 2, 'C': 1}","[0.46, 1.0]",3.97
54,"[1, 2]","[1, 3]","[0.42, 0.88]","[['B', 'D', 'A', 'C'], ['B', 'C', 'A', 'D']]","{'B': 4, 'A': 3, 'D': 2, 'C': 1}","[0.46, 1.0]",3.97
54,"[1, 2]","[1, 3]","[0.42, 0.88]","[['B', 'D', 'A', 'C'], ['B', 'C', 'D', 'A']]","{'B': 4, 'A': 3, 'D': 2, 'C': 1}","[0.46, 1.0]",3.97
54,"[1, 2]","[1, 3]","[0.42, 0.88]","[['B', 'D', 'A', 'C'], ['B', 'D', 'A', 'C']]","{'B': 4, 'A': 3, 'D': 3, 'C': 0}","[0.46, 1.0]",3.97
54,"[1, 2]","[1, 3]","[0.42, 0.88]","[['B', 'D', 'A', 'C'], ['B', 'D', 'C', 'A']]","{'B': 4, 'A': 3, 'D': 3, 'C': 0}","[0.46, 1.0]",3.97
54,"[1, 2]","[1, 3]","[0.42, 0.88]","[['B', 'D', 'A', 'C'], ['C', 'B', 'A', 'D']]","{'B': 4, 'A': 3, 'D': 2, 'C': 1}","[0.46, 1.0]",3.97
54,"[1, 2]","[1, 3]","[0.42, 0.88]","[['B', 'D', 'A', 'C'], ['C', 'B', 'D', 'A']]","{'B': 4, 'A': 3, 'D': 2, 'C': 1}","[0.46, 1.0]",3.97
54,"[1, 2]","[1, 3]","[0.42, 0.88]","[['B', 'D', 'A', 'C'], ['D', 'B', 'A', 'C']]","{'B': 4, 'A': 3, 'D': 3, 'C': 0}","[0.46, 1.0]",3.97
54,"[1, 2]","[1, 3]","[0.42, 0.88]","[['B', 'D', 'A', 'C'], ['D', 'B', 'C', 'A']]","{'B': 4, 'A': 3, 'D': 3, 'C': 0}","[0.46, 1.0]",3.97
54,"[1, 2]","[1, 3]","[0.42, 0.88]","[['B', 'D', 'C', 'A'], ['B', 'C', 'A', 'D']]","{'B': 4, 'A': 3, 'D': 2, 'C': 1}","[0.46, 1.0]",3.97
54,"[1, 2]","[1, 3]","[0.42, 0.88]","[['B', 'D', 'C', 'A'], ['B', 'C', 'D', 'A']]","{'B': 4, 'A': 3, 'D': 2, 'C': 1}","[0.46, 1.0]",3.97
54,"[1, 2]","[1, 3]","[0.42, 0.88]","[['B', 'D', 'C', 'A'], ['B', 'D', 'A', 'C']]","{'B': 4, 'A': 3, 'D': 3, 'C': 0}","[0.46, 1.0]",3.97
54,"[1, 2]","[1, 3]","[0.42, 0.88]","[['B', 'D', 'C', 'A'], ['B', 'D', 'C', 'A']]","{'B': 4, 'A': 3, 'D': 3, 'C': 0}","[0.46, 1.0]",3.97
54,"[1, 2]","[1, 3]","[0.42, 0.88]","[['B', 'D', 'C', 'A'], ['C', 'B', 'A', 'D']]","{'B': 4, 'A': 3, 'D': 2, 'C': 1}","[0.46, 1.0]",3.97
54,"[1, 2]","[1, 3]","[0.42, 0.88]","[['B', 'D', 'C', 'A'], ['C', 'B', 'D', 'A']]","{'B': 4, 'A': 3, 'D': 2, 'C': 1}","[0.46, 1.0]",3.97
54,"[1, 2]","[1, 3]","[0.42, 0.88]","[['B', 'D', 'C', 'A'], ['D', 'B', 'A', 'C']]","{'B': 4, 'A': 3, 'D': 3, 'C': 0}","[0.46, 1.0]",3.97
54,"[1, 2]","[1, 3]","[0.42, 0.88]","[['B', 'D', 'C', 'A'], ['D', 'B', 'C', 'A']]","{'B': 4, 'A': 3, 'D': 3, 'C': 0}","[0.46, 1.0]",3.97
54,"[1, 2]","[1, 3]","[0.42, 0.88]","[['C', 'B', 'A', 'D'], ['B', 'C', 'A', 'D']]","{'B': 4, 'A': 3, 'C': 2, 'D': 1}","[0.5, 1.0]",3.58
54,"[1, 2]","[1, 3]","[0.42, 0.88]","[['C', 'B', 'A', 'D'], ['B', 'C', 'D', 'A']]","{'B': 4, 'A': 3, 'C': 2, 'D': 1}","[0.5, 1.0]",3.58
54,"[1, 2]","[1, 3]","[0.42, 0.88]","[['C', 'B', 'A', 'D'], ['B', 'D', 'A', 'C']]","{'B': 4, 'A': 3, 'D': 2, 'C': 1}","[0.46, 1.0]",3.97
54,"[1, 2]","[1, 3]","[0.42, 0.88]","[['C', 'B', 'A', 'D'], ['B', 'D', 'C', 'A']]","{'B': 4, 'A': 3, 'D': 2, 'C': 1}","[0.46, 1.0]",3.97
54,"[1, 2]","[1, 3]","[0.42, 0.88]","[['C', 'B', 'A', 'D'], ['C', 'B', 'A', 'D']]","{'B': 4, 'A': 3, 'C': 2, 'D': 1}","[0.5, 1.0]",3.58
54,"[1, 2]","[1, 3]","[0.42, 0.88]","[['C', 'B', 'A', 'D'], ['C', 'B', 'D', 'A']]","{'B': 4, 'A': 3, 'C': 2, 'D': 1}","[0.5, 1.0]",3.58
54,"[1, 2]","[1, 3]","[0.42, 0.88]","[['C', 'B', 'A', 'D'], ['D', 'B', 'A', 'C']]","{'B': 4, 'A': 3, 'D': 2, 'C': 1}","[0.46, 1.0]",3.97
54,"[1, 2]","[1, 3]","[0.42, 0.88]","[['C', 'B', 'A', 'D'], ['D', 'B', 'C', 'A']]","{'B': 4, 'A': 3, 'D': 2, 'C': 1}","[0.46, 1.0]",3.97
54,"[1, 2]","[1, 3]","[0.42, 0.88]","[['C', 'B', 'D', 'A'], ['B', 'C', 'A', 'D']]","{'B': 4, 'A': 3, 'C': 2, 'D': 1}","[0.5, 1.0]",3.58
54,"[1, 2]","[1, 3]","[0.42, 0.88]","[['C', 'B', 'D', 'A'], ['B', 'C', 'D', 'A']]","{'B': 4, 'A': 3, 'C': 2, 'D': 1}","[0.5, 1.0]",3.58
54,"[1, 2]","[1, 3]","[0.42, 0.88]","[['C', 'B', 'D', 'A'], ['B', 'D', 'A', 'C']]","{'B': 4, 'A': 3, 'D': 2, 'C': 1}","[0.46, 1.0]",3.97
54,"[1, 2]","[1, 3]","[0.42, 0.88]","[['C', 'B', 'D', 'A'], ['B', 'D', 'C', 'A']]","{'B': 4, 'A': 3, 'D': 2, 'C': 1}","[0.46, 1.0]",3.97
54,"[1, 2]","[1, 3]","[0.42, 0.88]","[['C', 'B', 'D', 'A'], ['C', 'B', 'A', 'D']]","{'B': 4, 'A': 3, 'C': 2, 'D': 1}","[0.5, 1.0]",3.58
54,"[1, 2]","[1, 3]","[0.42, 0.88]","[['C', 'B', 'D', 'A'], ['C', 'B', 'D', 'A']]","{'B': 4, 'A': 3, 'C': 2, 'D': 1}","[0.5, 1.0]",3.58
54,"[1, 2]","[1, 3]","[0.42, 0.88]","[['C', 'B', 'D', 'A'], ['D', 'B', 'A', 'C']]","{'B': 4, 'A': 3, 'D': 2, 'C': 1}","[0.46, 1.0]",3.97
54,"[1, 2]","[1, 3]","[0.42, 0.88]","[['C', 'B', 'D', 'A'], ['D', 'B', 'C', 'A']]","{'B': 4, 'A': 3, 'D': 2, 'C': 1}","[0.46, 1.0]",3.97
54,"[1, 2]","[1, 3]","[0.42, 0.88]","[['D', 'B', 'A', 'C'], ['B', 'C', 'A', 'D']]","{'B': 4, 'A': 3, 'D': 2, 'C': 1}","[0.46, 1.0]",3.97
54,"[1, 2]","[1, 3]","[0.42, 0.88]","[['D', 'B', 'A', 'C'], ['B', 'C', 'D', 'A']]","{'B': 4, 'A': 3, 'D': 2, 'C': 1}","[0.46, 1.0]",3.97
54,"[1, 2]","[1, 3]","[0.42, 0.88]","[['D', 'B', 'A', 'C'], ['B', 'D', 'A', 'C']]","{'B': 4, 'A': 3, 'D': 3, 'C': 0}","[0.46, 1.0]",3.97
54,"[1, 2]","[1, 3]","[0.42, 0.88]","[['D', 'B', 'A', 'C'], ['B', 'D', 'C', 'A']]","{'B': 4, 'A': 3, 'D': 3, 'C': 0}","[0.46, 1.0]",3.97
54,"[1, 2]","[1, 3]","[0.42, 0.88]","[['D', 'B', 'A', 'C'], ['C', 'B', 'A', 'D']]","{'B': 4, 'A': 3, 'D': 2, 'C': 1}","[0.46, 1.0]",3.97
54,"[1, 2]","[1, 3]","[0.42, 0.88]","[['D', 'B', 'A', 'C'], ['C', 'B', 'D', 'A']]","{'B': 4, 'A': 3, 'D': 2, 'C': 1}","[0.46, 1.0]",3.97
54,"[1, 2]","[1, 3]","[0.42, 0.88]","[['D', 'B', 'A', 'C'], ['D', 'B', 'A', 'C']]","{'B': 4, 'A': 3, 'D': 3, 'C': 0}","[0.46, 1.0]",3.97
54,"[1, 2]","[1, 3]","[0.42, 0.88]","[['D', 'B', 'A', 'C'], ['D', 'B', 'C', 'A']]","{'B': 4, 'A': 3, 'D': 3, 'C': 0}","[0.46, 1.0]",3.97
54,"[1, 2]","[1, 3]","[0.42, 0.88]","[['D', 'B', 'C', 'A'], ['B', 'C', 'A', 'D']]","{'B': 4, 'A': 3, 'D': 2, 'C': 1}","[0.46, 1.0]",3.97
54,"[1, 2]","[1, 3]","[0.42, 0.88]","[['D', 'B', 'C', 'A'], ['B', 'C', 'D', 'A']]","{'B': 4, 'A': 3, 'D': 2, 'C': 1}","[0.46, 1.0]",3.97
54,"[1, 2]","[1, 3]","[0.42, 0.88]","[['D', 'B', 'C', 'A'], ['B', 'D', 'A', 'C']]","{'B': 4, 'A': 3, 'D': 3, 'C': 0}","[0.46, 1.0]",3.97
54,"[1, 2]","[1, 3]","[0.42, 0.88]","[['D', 'B', 'C', 'A'], ['B', 'D', 'C', 'A']]","{'B': 4, 'A': 3, 'D': 3, 'C': 0}","[0.46, 1.0]",3.97
54,"[1, 2]","[1, 3]","[0.42, 0.88]","[['D', 'B', 'C', 'A'], ['C', 'B', 'A', 'D']]","{'B': 4, 'A': 3, 'D': 2, 'C': 1}","[0.46, 1.0]",3.97
54,"[1, 2]","[1, 3]","[0.42, 0.88]","[['D', 'B', 'C', 'A'], ['C', 'B', 'D', 'A']]","{'B': 4, 'A': 3, 'D': 2, 'C': 1}","[0.46, 1.0]",3.97
54,"[1, 2]","[1, 3]","[0.42, 0.88]","[['D', 'B', 'C', 'A'], ['D', 'B', 'A', 'C']]","{'B': 4, 'A': 3, 'D': 3, 'C': 0}","[0.46, 1.0]",3.97
54,"[1, 2]","[1, 3]","[0.42, 0.88]","[['D', 'B', 'C', 'A'], ['D', 'B', 'C', 'A']]","{'B': 4, 'A': 3, 'D': 3, 'C': 0}","[0.46, 1.0]",3.97
54,"[2, 3]","[3, 2]","[0.88, 0.75]","[['B', 'D', 'A', 'C'], ['B', 'D', 'A', 'C']]","{'B': 4, 'D': 3, 'A': 2, 'C': 1}","[1.0, 0.79]",3.87
54,"[2, 3]","[3, 2]","[0.88, 0.75]","[['B', 'D', 'A', 'C'], ['B', 'D', 'C', 'A']]","{'B': 4, 'D': 3, 'A': 2, 'C': 1}","[1.0, 0.79]",3.87
54,"[2, 3]","[3, 2]","[0.88, 0.75]","[['B', 'D', 'A', 'C'], ['C', 'D', 'A', 'B']]","{'B': 3, 'D': 3, 'A': 2, 'C': 2}","[1.0, 0.79]",3.87
54,"[2, 3]","[3, 2]","[0.88, 0.75]","[['B', 'D', 'A', 'C'], ['C', 'D', 'B', 'A']]","{'B': 3, 'D': 3, 'A': 2, 'C': 2}","[1.0, 0.79]",3.87
54,"[2, 3]","[3, 2]","[0.88, 0.75]","[['B', 'D', 'A', 'C'], ['D', 'B', 'A', 'C']]","{'B': 4, 'D': 3, 'A': 2, 'C': 1}","[1.0, 0.79]",3.87
54,"[2, 3]","[3, 2]","[0.88, 0.75]","[['B', 'D', 'A', 'C'], ['D', 'B', 'C', 'A']]","{'B': 4, 'D': 3, 'A': 2, 'C': 1}","[1.0, 0.79]",3.87
54,"[2, 3]","[3, 2]","[0.88, 0.75]","[['B', 'D', 'A', 'C'], ['D', 'C', 'A', 'B']]","{'B': 3, 'D': 3, 'A': 2, 'C': 2}","[1.0, 0.79]",3.87
54,"[2, 3]","[3, 2]","[0.88, 0.75]","[['B', 'D', 'A', 'C'], ['D', 'C', 'B', 'A']]","{'B': 3, 'D': 3, 'A': 2, 'C': 2}","[1.0, 0.79]",3.87
54,"[2, 3]","[3, 2]","[0.88, 0.75]","[['B', 'D', 'C', 'A'], ['B', 'D', 'A', 'C']]","{'B': 4, 'D': 3, 'A': 2, 'C': 1}","[1.0, 0.79]",3.87
54,"[2, 3]","[3, 2]","[0.88, 0.75]","[['B', 'D', 'C', 'A'], ['B', 'D', 'C', 'A']]","{'B': 4, 'D': 3, 'A': 2, 'C': 1}","[1.0, 0.79]",3.87
54,"[2, 3]","[3, 2]","[0.88, 0.75]","[['B', 'D', 'C', 'A'], ['C', 'D', 'A', 'B']]","{'B': 3, 'D': 3, 'A': 2, 'C': 2}","[1.0, 0.79]",3.87
54,"[2, 3]","[3, 2]","[0.88, 0.75]","[['B', 'D', 'C', 'A'], ['C', 'D', 'B', 'A']]","{'B': 3, 'D': 3, 'A': 2, 'C': 2}","[1.0, 0.79]",3.87
54,"[2, 3]","[3, 2]","[0.88, 0.75]","[['B', 'D', 'C', 'A'], ['D', 'B', 'A', 'C']]","{'B': 4, 'D': 3, 'A': 2, 'C': 1}","[1.0, 0.79]",3.87
54,"[2, 3]","[3, 2]","[0.88, 0.75]","[['B', 'D', 'C', 'A'], ['D', 'B', 'C', 'A']]","{'B': 4, 'D': 3, 'A': 2, 'C': 1}","[1.0, 0.79]",3.87
54,"[2, 3]","[3, 2]","[0.88, 0.75]","[['B', 'D', 'C', 'A'], ['D', 'C', 'A', 'B']]","{'B': 3, 'D': 3, 'A': 2, 'C': 2}","[1.0, 0.79]",3.87
54,"[2, 3]","[3, 2]","[0.88, 0.75]","[['B', 'D', 'C', 'A'], ['D', 'C', 'B', 'A']]","{'B': 3, 'D': 3, 'A': 2, 'C': 2}","[1.0, 0.79]",3.87
54,"[2, 3]","[3, 2]","[0.88, 0.75]","[['C', 'D', 'A', 'B'], ['B', 'D', 'A', 'C']]","{'B': 3, 'D': 3, 'A': 2, 'C': 2}","[1.0, 0.79]",3.87
54,"[2, 3]","[3, 2]","[0.88, 0.75]","[['C', 'D', 'A', 'B'], ['B', 'D', 'C', 'A']]","{'B': 3, 'D': 3, 'A': 2, 'C': 2}","[1.0, 0.79]",3.87
54,"[2, 3]","[3, 2]","[0.88, 0.75]","[['C', 'D', 'A', 'B'], ['D', 'B', 'A', 'C']]","{'B': 3, 'D': 3, 'A': 2, 'C': 2}","[1.0, 0.79]",3.87
54,"[2, 3]","[3, 2]","[0.88, 0.75]","[['C', 'D', 'A', 'B'], ['D', 'B', 'C', 'A']]","{'B': 3, 'D': 3, 'A': 2, 'C': 2}","[1.0, 0.79]",3.87
54,"[2, 3]","[3, 2]","[0.88, 0.75]","[['C', 'D', 'B', 'A'], ['B', 'D', 'A', 'C']]","{'B': 3, 'D': 3, 'A': 2, 'C': 2}","[1.0, 0.79]",3.87
54,"[2, 3]","[3, 2]","[0.88, 0.75]","[['C', 'D', 'B', 'A'], ['B', 'D', 'C', 'A']]","{'B': 3, 'D': 3, 'A': 2, 'C': 2}","[1.0, 0.79]",3.87
54,"[2, 3]","[3, 2]","[0.88, 0.75]","[['C', 'D', 'B', 'A'], ['D', 'B', 'A', 'C']]","{'B': 3, 'D': 3, 'A': 2, 'C': 2}","[1.0, 0.79]",3.87
54,"[2, 3]","[3, 2]","[0.88, 0.75]","[['C', 'D', 'B', 'A'], ['D', 'B', 'C', 'A']]","{'B': 3, 'D': 3, 'A': 2, 'C': 2}","[1.0, 0.79]",3.87
54,"[2, 3]","[3, 2]","[0.88, 0.75]","[['D', 'B', 'A', 'C'], ['B', 'D', 'A', 'C']]","{'B': 4, 'D': 3, 'A': 2, 'C': 1}","[1.0, 0.79]",3.87
54,"[2, 3]","[3, 2]","[0.88, 0.75]","[['D', 'B', 'A', 'C'], ['B', 'D', 'C', 'A']]","{'B': 4, 'D': 3, 'A': 2, 'C': 1}","[1.0, 0.79]",3.87
54,"[2, 3]","[3, 2]","[0.88, 0.75]","[['D', 'B', 'A', 'C'], ['C', 'D', 'A', 'B']]","{'B': 3, 'D': 3, 'A': 2, 'C': 2}","[1.0, 0.79]",3.87
54,"[2, 3]","[3, 2]","[0.88, 0.75]","[['D', 'B', 'A', 'C'], ['C', 'D', 'B', 'A']]","{'B': 3, 'D': 3, 'A': 2, 'C': 2}","[1.0, 0.79]",3.87
54,"[2, 3]","[3, 2]","[0.88, 0.75]","[['D', 'B', 'A', 'C'], ['D', 'B', 'A', 'C']]","{'B': 4, 'D': 3, 'A': 2, 'C': 1}","[1.0, 0.79]",3.87
54,"[2, 3]","[3, 2]","[0.88, 0.75]","[['D', 'B', 'A', 'C'], ['D', 'B', 'C', 'A']]","{'B': 4, 'D': 3, 'A': 2, 'C': 1}","[1.0, 0.79]",3.87
54,"[2, 3]","[3, 2]","[0.88, 0.75]","[['D', 'B', 'A', 'C'], ['D', 'C', 'A', 'B']]","{'B': 3, 'D': 3, 'A': 2, 'C': 2}","[1.0, 0.79]",3.87
54,"[2, 3]","[3, 2]","[0.88, 0.75]","[['D', 'B', 'A', 'C'], ['D', 'C', 'B', 'A']]","{'B': 3, 'D': 3, 'A': 2, 'C': 2}","[1.0, 0.79]",3.87
54,"[2, 3]","[3, 2]","[0.88, 0.75]","[['D', 'B', 'C', 'A'], ['B', 'D', 'A', 'C']]","{'B': 4, 'D': 3, 'A': 2, 'C': 1}","[1.0, 0.79]",3.87
54,"[2, 3]","[3, 2]","[0.88, 0.75]","[['D', 'B', 'C', 'A'], ['B', 'D', 'C', 'A']]","{'B': 4, 'D': 3, 'A': 2, 'C': 1}","[1.0, 0.79]",3.87
54,"[2, 3]","[3, 2]","[0.88, 0.75]","[['D', 'B', 'C', 'A'], ['C', 'D', 'A', 'B']]","{'B': 3, 'D': 3, 'A': 2, 'C': 2}","[1.0, 0.79]",3.87
54,"[2, 3]","[3, 2]","[0.88, 0.75]","[['D', 'B', 'C', 'A'], ['C', 'D', 'B', 'A']]","{'B': 3, 'D': 3, 'A': 2, 'C': 2}","[1.0, 0.79]",3.87
54,"[2, 3]","[3, 2]","[0.88, 0.75]","[['D', 'B', 'C', 'A'], ['D', 'B', 'A', 'C']]","{'B': 4, 'D': 3, 'A': 2, 'C': 1}","[1.0, 0.79]",3.87
54,"[2, 3]","[3, 2]","[0.88, 0.75]","[['D', 'B', 'C', 'A'], ['D', 'B', 'C', 'A']]","{'B': 4, 'D': 3, 'A': 2, 'C': 1}","[1.0, 0.79]",3.87
54,"[2, 3]","[3, 2]","[0.88, 0.75]","[['D', 'B', 'C', 'A'], ['D', 'C', 'A', 'B']]","{'B': 3, 'D': 3, 'A': 2, 'C': 2}","[1.0, 0.79]",3.87
54,"[2, 3]","[3, 2]","[0.88, 0.75]","[['D', 'B', 'C', 'A'], ['D', 'C', 'B', 'A']]","{'B': 3, 'D': 3, 'A': 2, 'C': 2}","[1.0, 0.79]",3.87
54,"[2, 3]","[3, 2]","[0.88, 0.75]","[['D', 'C', 'A', 'B'], ['B', 'D', 'A', 'C']]","{'B': 3, 'D': 3, 'A': 2, 'C': 2}","[1.0, 0.79]",3.87
54,"[2, 3]","[3, 2]","[0.88, 0.75]","[['D', 'C', 'A', 'B'], ['B', 'D', 'C', 'A']]","{'B': 3, 'D': 3, 'A': 2, 'C': 2}","[1.0, 0.79]",3.87
54,"[2, 3]","[3, 2]","[0.88, 0.75]","[['D', 'C', 'A', 'B'], ['D', 'B', 'A', 'C']]","{'B': 3, 'D': 3, 'A': 2, 'C': 2}","[1.0, 0.79]",3.87
54,"[2, 3]","[3, 2]","[0.88, 0.75]","[['D', 'C', 'A', 'B'], ['D', 'B', 'C', 'A']]","{'B': 3, 'D': 3, 'A': 2, 'C': 2}","[1.0, 0.79]",3.87
54,"[2, 3]","[3, 2]","[0.88, 0.75]","[['D', 'C', 'B', 'A'], ['B', 'D', 'A', 'C']]","{'B': 3, 'D': 3, 'A': 2, 'C': 2}","[1.0, 0.79]",3.87
54,"[2, 3]","[3, 2]","[0.88, 0.75]","[['D', 'C', 'B', 'A'], ['B', 'D', 'C', 'A']]","{'B': 3, 'D': 3, 'A': 2, 'C': 2}","[1.0, 0.79]",3.87
54,"[2, 3]","[3, 2]","[0.88, 0.75]","[['D', 'C', 'B', 'A'], ['D', 'B', 'A', 'C']]","{'B': 3, 'D': 3, 'A': 2, 'C': 2}","[1.0, 0.79]",3.87
54,"[2, 3]","[3, 2]","[0.88, 0.75]","[['D', 'C', 'B', 'A'], ['D', 'B', 'C', 'A']]","{'B': 3, 'D': 3, 'A': 2, 'C': 2}","[1.0, 0.79]",3.87
54,"[1, 2, 3]","[1, 3, 2]","[0.42, 0.88, 0.75]","[['B', 'D', 'A', 'C'], ['B', 'D', 'A', 'C'], ['B', 'D', 'A', 'C']]","{'B': 5, 'D': 3, 'A': 2, 'C': 0}","[0.58, 1.0, 0.79]",3.87
54,"[1, 2, 3]","[1, 3, 2]","[0.42, 0.88, 0.75]","[['B', 'D', 'A', 'C'], ['B', 'D', 'A', 'C'], ['B', 'D', 'C', 'A']]","{'B': 5, 'D': 3, 'A': 2, 'C': 0}","[0.58, 1.0, 0.79]",3.87
54,"[1, 2, 3]","[1, 3, 2]","[0.42, 0.88, 0.75]","[['B', 'D', 'A', 'C'], ['B', 'D', 'A', 'C'], ['C', 'D', 'A', 'B']]","{'B': 4, 'D': 3, 'A': 2, 'C': 1}","[0.58, 1.0, 0.79]",3.87
54,"[1, 2, 3]","[1, 3, 2]","[0.42, 0.88, 0.75]","[['B', 'D', 'A', 'C'], ['B', 'D', 'A', 'C'], ['C', 'D', 'B', 'A']]","{'B': 4, 'D': 3, 'A': 2, 'C': 1}","[0.58, 1.0, 0.79]",3.87
54,"[1, 2, 3]","[1, 3, 2]","[0.42, 0.88, 0.75]","[['B', 'D', 'A', 'C'], ['B', 'D', 'A', 'C'], ['D', 'B', 'A', 'C']]","{'B': 5, 'D': 3, 'A': 2, 'C': 0}","[0.58, 1.0, 0.79]",3.87
54,"[1, 2, 3]","[1, 3, 2]","[0.42, 0.88, 0.75]","[['B', 'D', 'A', 'C'], ['B', 'D', 'A', 'C'], ['D', 'B', 'C', 'A']]","{'B': 5, 'D': 3, 'A': 2, 'C': 0}","[0.58, 1.0, 0.79]",3.87
54,"[1, 2, 3]","[1, 3, 2]","[0.42, 0.88, 0.75]","[['B', 'D', 'A', 'C'], ['B', 'D', 'A', 'C'], ['D', 'C', 'A', 'B']]","{'B': 4, 'D': 3, 'A': 2, 'C': 1}","[0.58, 1.0, 0.79]",3.87
54,"[1, 2, 3]","[1, 3, 2]","[0.42, 0.88, 0.75]","[['B', 'D', 'A', 'C'], ['B', 'D', 'A', 'C'], ['D', 'C', 'B', 'A']]","{'B': 4, 'D': 3, 'A': 2, 'C': 1}","[0.58, 1.0, 0.79]",3.87
54,"[1, 2, 3]","[1, 3, 2]","[0.42, 0.88, 0.75]","[['B', 'D', 'A', 'C'], ['B', 'D', 'C', 'A'], ['B', 'D', 'A', 'C']]","{'B': 5, 'D': 3, 'A': 2, 'C': 0}","[0.58, 1.0, 0.79]",3.87
54,"[1, 2, 3]","[1, 3, 2]","[0.42, 0.88, 0.75]","[['B', 'D', 'A', 'C'], ['B', 'D', 'C', 'A'], ['B', 'D', 'C', 'A']]","{'B': 5, 'D': 3, 'A': 2, 'C': 0}","[0.58, 1.0, 0.79]",3.87
54,"[1, 2, 3]","[1, 3, 2]","[0.42, 0.88, 0.75]","[['B', 'D', 'A', 'C'], ['B', 'D', 'C', 'A'], ['C', 'D', 'A', 'B']]","{'B': 4, 'D': 3, 'A': 2, 'C': 1}","[0.58, 1.0, 0.79]",3.87
54,"[1, 2, 3]","[1, 3, 2]","[0.42, 0.88, 0.75]","[['B', 'D', 'A', 'C'], ['B', 'D', 'C', 'A'], ['C', 'D', 'B', 'A']]","{'B': 4, 'D': 3, 'A': 2, 'C': 1}","[0.58, 1.0, 0.79]",3.87
54,"[1, 2, 3]","[1, 3, 2]","[0.42, 0.88, 0.75]","[['B', 'D', 'A', 'C'], ['B', 'D', 'C', 'A'], ['D', 'B', 'A', 'C']]","{'B': 5, 'D': 3, 'A': 2, 'C': 0}","[0.58, 1.0, 0.79]",3.87
54,"[1, 2, 3]","[1, 3, 2]","[0.42, 0.88, 0.75]","[['B', 'D', 'A', 'C'], ['B', 'D', 'C', 'A'], ['D', 'B', 'C', 'A']]","{'B': 5, 'D': 3, 'A': 2, 'C': 0}","[0.58, 1.0, 0.79]",3.87
54,"[1, 2, 3]","[1, 3, 2]","[0.42, 0.88, 0.75]","[['B', 'D', 'A', 'C'], ['B', 'D', 'C', 'A'], ['D', 'C', 'A', 'B']]","{'B': 4, 'D': 3, 'A': 2, 'C': 1}","[0.58, 1.0, 0.79]",3.87
54,"[1, 2, 3]","[1, 3, 2]","[0.42, 0.88, 0.75]","[['B', 'D', 'A', 'C'], ['B', 'D', 'C', 'A'], ['D', 'C', 'B', 'A']]","{'B': 4, 'D': 3, 'A': 2, 'C': 1}","[0.58, 1.0, 0.79]",3.87
54,"[1, 2, 3]","[1, 3, 2]","[0.42, 0.88, 0.75]","[['B', 'D', 'A', 'C'], ['C', 'D', 'A', 'B'], ['B', 'D', 'A', 'C']]","{'B': 4, 'D': 3, 'A': 2, 'C': 1}","[0.58, 1.0, 0.79]",3.87
54,"[1, 2, 3]","[1, 3, 2]","[0.42, 0.88, 0.75]","[['B', 'D', 'A', 'C'], ['C', 'D', 'A', 'B'], ['B', 'D', 'C', 'A']]","{'B': 4, 'D': 3, 'A': 2, 'C': 1}","[0.58, 1.0, 0.79]",3.87
54,"[1, 2, 3]","[1, 3, 2]","[0.42, 0.88, 0.75]","[['B', 'D', 'A', 'C'], ['C', 'D', 'A', 'B'], ['C', 'D', 'A', 'B']]","{'B': 3, 'D': 3, 'A': 2, 'C': 2}","[0.58, 1.0, 0.79]",3.87
54,"[1, 2, 3]","[1, 3, 2]","[0.42, 0.88, 0.75]","[['B', 'D', 'A', 'C'], ['C', 'D', 'A', 'B'], ['C', 'D', 'B', 'A']]","{'B': 3, 'D': 3, 'A': 2, 'C': 2}","[0.58, 1.0, 0.79]",3.87
54,"[1, 2, 3]","[1, 3, 2]","[0.42, 0.88, 0.75]","[['B', 'D', 'A', 'C'], ['C', 'D', 'A', 'B'], ['D', 'B', 'A', 'C']]","{'B': 4, 'D': 3, 'A': 2, 'C': 1}","[0.58, 1.0, 0.79]",3.87
54,"[1, 2, 3]","[1, 3, 2]","[0.42, 0.88, 0.75]","[['B', 'D', 'A', 'C'], ['C', 'D', 'A', 'B'], ['D', 'B', 'C', 'A']]","{'B': 4, 'D': 3, 'A': 2, 'C': 1}","[0.58, 1.0, 0.79]",3.87
54,"[1, 2, 3]","[1, 3, 2]","[0.42, 0.88, 0.75]","[['B', 'D', 'A', 'C'], ['C', 'D', 'A', 'B'], ['D', 'C', 'A', 'B']]","{'B': 3, 'D': 3, 'A': 2, 'C': 2}","[0.58, 1.0, 0.79]",3.87
54,"[1, 2, 3]","[1, 3, 2]","[0.42, 0.88, 0.75]","[['B', 'D', 'A', 'C'], ['C', 'D', 'A', 'B'], ['D', 'C', 'B', 'A']]","{'B': 3, 'D': 3, 'A': 2, 'C': 2}","[0.58, 1.0, 0.79]",3.87
54,"[1, 2, 3]","[1, 3, 2]","[0.42, 0.88, 0.75]","[['B', 'D', 'A', 'C'], ['C', 'D', 'B', 'A'], ['B', 'D', 'A', 'C']]","{'B': 4, 'D': 3, 'A': 2, 'C': 1}","[0.58, 1.0, 0.79]",3.87
54,"[1, 2, 3]","[1, 3, 2]","[0.42, 0.88, 0.75]","[['B', 'D', 'A', 'C'], ['C', 'D', 'B', 'A'], ['B', 'D', 'C', 'A']]","{'B': 4, 'D': 3, 'A': 2, 'C': 1}","[0.58, 1.0, 0.79]",3.87
54,"[1, 2, 3]","[1, 3, 2]","[0.42, 0.88, 0.75]","[['B', 'D', 'A', 'C'], ['C', 'D', 'B', 'A'], ['C', 'D', 'A', 'B']]","{'B': 3, 'D': 3, 'A': 2, 'C': 2}","[0.58, 1.0, 0.79]",3.87
54,"[1, 2, 3]","[1, 3, 2]","[0.42, 0.88, 0.75]","[['B', 'D', 'A', 'C'], ['C', 'D', 'B', 'A'], ['C', 'D', 'B', 'A']]","{'B': 3, 'D': 3, 'A': 2, 'C': 2}","[0.58, 1.0, 0.79]",3.87
54,"[1, 2, 3]","[1, 3, 2]","[0.42, 0.88, 0.75]","[['B', 'D', 'A', 'C'], ['C', 'D', 'B', 'A'], ['D', 'B', 'A', 'C']]","{'B': 4, 'D': 3, 'A': 2, 'C': 1}","[0.58, 1.0, 0.79]",3.87
54,"[1, 2, 3]","[1, 3, 2]","[0.42, 0.88, 0.75]","[['B', 'D', 'A', 'C'], ['C', 'D', 'B', 'A'], ['D', 'B', 'C', 'A']]","{'B': 4, 'D': 3, 'A': 2, 'C': 1}","[0.58, 1.0, 0.79]",3.87
54,"[1, 2, 3]","[1, 3, 2]","[0.42, 0.88, 0.75]","[['B', 'D', 'A', 'C'], ['C', 'D', 'B', 'A'], ['D', 'C', 'A', 'B']]","{'B': 3, 'D': 3, 'A': 2, 'C': 2}","[0.58, 1.0, 0.79]",3.87
54,"[1, 2, 3]","[1, 3, 2]","[0.42, 0.88, 0.75]","[['B', 'D', 'A', 'C'], ['C', 'D', 'B', 'A'], ['D', 'C', 'B', 'A']]","{'B': 3, 'D': 3, 'A': 2, 'C': 2}","[0.58, 1.0, 0.79]",3.87
54,"[1, 2, 3]","[1, 3, 2]","[0.42, 0.88, 0.75]","[['B', 'D', 'A', 'C'], ['D', 'B', 'A', 'C'], ['B', 'D', 'A', 'C']]","{'B': 5, 'D': 3, 'A': 2, 'C': 0}","[0.58, 1.0, 0.79]",3.87
54,"[1, 2, 3]","[1, 3, 2]","[0.42, 0.88, 0.75]","[['B', 'D', 'A', 'C'], ['D', 'B', 'A', 'C'], ['B', 'D', 'C', 'A']]","{'B': 5, 'D': 3, 'A': 2, 'C': 0}","[0.58, 1.0, 0.79]",3.87
54,"[1, 2, 3]","[1, 3, 2]","[0.42, 0.88, 0.75]","[['B', 'D', 'A', 'C'], ['D', 'B', 'A', 'C'], ['C', 'D', 'A', 'B']]","{'B': 4, 'D': 3, 'A': 2, 'C': 1}","[0.58, 1.0, 0.79]",3.87
54,"[1, 2, 3]","[1, 3, 2]","[0.42, 0.88, 0.75]","[['B', 'D', 'A', 'C'], ['D', 'B', 'A', 'C'], ['C', 'D', 'B', 'A']]","{'B': 4, 'D': 3, 'A': 2, 'C': 1}","[0.58, 1.0, 0.79]",3.87
54,"[1, 2, 3]","[1, 3, 2]","[0.42, 0.88, 0.75]","[['B', 'D', 'A', 'C'], ['D', 'B', 'A', 'C'], ['D', 'B', 'A', 'C']]","{'B': 5, 'D': 3, 'A': 2, 'C': 0}","[0.58, 1.0, 0.79]",3.87
54,"[1, 2, 3]","[1, 3, 2]","[0.42, 0.88, 0.75]","[['B', 'D', 'A', 'C'], ['D', 'B', 'A', 'C'], ['D', 'B', 'C', 'A']]","{'B': 5, 'D': 3, 'A': 2, 'C': 0}","[0.58, 1.0, 0.79]",3.87
54,"[1, 2, 3]","[1, 3, 2]","[0.42, 0.88, 0.75]","[['B', 'D', 'A', 'C'], ['D', 'B', 'A', 'C'], ['D', 'C', 'A', 'B']]","{'B': 4, 'D': 3, 'A': 2, 'C': 1}","[0.58, 1.0, 0.79]",3.87
54,"[1, 2, 3]","[1, 3, 2]","[0.42, 0.88, 0.75]","[['B', 'D', 'A', 'C'], ['D', 'B', 'A', 'C'], ['D', 'C', 'B', 'A']]","{'B': 4, 'D': 3, 'A': 2, 'C': 1}","[0.58, 1.0, 0.79]",3.87
54,"[1, 2, 3]","[1, 3, 2]","[0.42, 0.88, 0.75]","[['B', 'D', 'A', 'C'], ['D', 'B', 'C', 'A'], ['B', 'D', 'A', 'C']]","{'B': 5, 'D': 3, 'A': 2, 'C': 0}","[0.58, 1.0, 0.79]",3.87
54,"[1, 2, 3]","[1, 3, 2]","[0.42, 0.88, 0.75]","[['B', 'D', 'A', 'C'], ['D', 'B', 'C', 'A'], ['B', 'D', 'C', 'A']]","{'B': 5, 'D': 3, 'A': 2, 'C': 0}","[0.58, 1.0, 0.79]",3.87
54,"[1, 2, 3]","[1, 3, 2]","[0.42, 0.88, 0.75]","[['B', 'D', 'A', 'C'], ['D', 'B', 'C', 'A'], ['C', 'D', 'A', 'B']]","{'B': 4, 'D': 3, 'A': 2, 'C': 1}","[0.58, 1.0, 0.79]",3.87
54,"[1, 2, 3]","[1, 3, 2]","[0.42, 0.88, 0.75]","[['B', 'D', 'A', 'C'], ['D', 'B', 'C', 'A'], ['C', 'D', 'B', 'A']]","{'B': 4, 'D': 3, 'A': 2, 'C': 1}","[0.58, 1.0, 0.79]",3.87
54,"[1, 2, 3]","[1, 3, 2]","[0.42, 0.88, 0.75]","[['B', 'D', 'A', 'C'], ['D', 'B', 'C', 'A'], ['D', 'B', 'A', 'C']]","{'B': 5, 'D': 3, 'A': 2, 'C': 0}","[0.58, 1.0, 0.79]",3.87
54,"[1, 2, 3]","[1, 3, 2]","[0.42, 0.88, 0.75]","[['B', 'D', 'A', 'C'], ['D', 'B', 'C', 'A'], ['D', 'B', 'C', 'A']]","{'B': 5, 'D': 3, 'A': 2, 'C': 0}","[0.58, 1.0, 0.79]",3.87
54,"[1, 2, 3]","[1, 3, 2]","[0.42, 0.88, 0.75]","[['B', 'D', 'A', 'C'], ['D', 'B', 'C', 'A'], ['D', 'C', 'A', 'B']]","{'B': 4, 'D': 3, 'A': 2, 'C': 1}","[0.58, 1.0, 0.79]",3.87
54,"[1, 2, 3]","[1, 3, 2]","[0.42, 0.88, 0.75]","[['B', 'D', 'A', 'C'], ['D', 'B', 'C', 'A'], ['D', 'C', 'B', 'A']]","{'B': 4, 'D': 3, 'A': 2, 'C': 1}","[0.58, 1.0, 0.79]",3.87
54,"[1, 2, 3]","[1, 3, 2]","[0.42, 0.88, 0.75]","[['B', 'D', 'A', 'C'], ['D', 'C', 'A', 'B'], ['B', 'D', 'A', 'C']]","{'B': 4, 'D': 3, 'A': 2, 'C': 1}","[0.58, 1.0, 0.79]",3.87
54,"[1, 2, 3]","[1, 3, 2]","[0.42, 0.88, 0.75]","[['B', 'D', 'A', 'C'], ['D', 'C', 'A', 'B'], ['B', 'D', 'C', 'A']]","{'B': 4, 'D': 3, 'A': 2, 'C': 1}","[0.58, 1.0, 0.79]",3.87
54,"[1, 2, 3]","[1, 3, 2]","[0.42, 0.88, 0.75]","[['B', 'D', 'A', 'C'], ['D', 'C', 'A', 'B'], ['C', 'D', 'A', 'B']]","{'B': 3, 'D': 3, 'A': 2, 'C': 2}","[0.58, 1.0, 0.79]",3.87
54,"[1, 2, 3]","[1, 3, 2]","[0.42, 0.88, 0.75]","[['B', 'D', 'A', 'C'], ['D', 'C', 'A', 'B'], ['C', 'D', 'B', 'A']]","{'B': 3, 'D': 3, 'A': 2, 'C': 2}","[0.58, 1.0, 0.79]",3.87
54,"[1, 2, 3]","[1, 3, 2]","[0.42, 0.88, 0.75]","[['B', 'D', 'A', 'C'], ['D', 'C', 'A', 'B'], ['D', 'B', 'A', 'C']]","{'B': 4, 'D': 3, 'A': 2, 'C': 1}","[0.58, 1.0, 0.79]",3.87
54,"[1, 2, 3]","[1, 3, 2]","[0.42, 0.88, 0.75]","[['B', 'D', 'A', 'C'], ['D', 'C', 'A', 'B'], ['D', 'B', 'C', 'A']]","{'B': 4, 'D': 3, 'A': 2, 'C': 1}","[0.58, 1.0, 0.79]",3.87
54,"[1, 2, 3]","[1, 3, 2]","[0.42, 0.88, 0.75]","[['B', 'D', 'A', 'C'], ['D', 'C', 'A', 'B'], ['D', 'C', 'A', 'B']]","{'B': 3, 'D': 3, 'A': 2, 'C': 2}","[0.58, 1.0, 0.79]",3.87
54,"[1, 2, 3]","[1, 3, 2]","[0.42, 0.88, 0.75]","[['B', 'D', 'A', 'C'], ['D', 'C', 'A', 'B'], ['D', 'C', 'B', 'A']]","{'B': 3, 'D': 3, 'A': 2, 'C': 2}","[0.58, 1.0, 0.79]",3.87
54,"[1, 2, 3]","[1, 3, 2]","[0.42, 0.88, 0.75]","[['B', 'D', 'A', 'C'], ['D', 'C', 'B', 'A'], ['B', 'D', 'A', 'C']]","{'B': 4, 'D': 3, 'A': 2, 'C': 1}","[0.58, 1.0, 0.79]",3.87
54,"[1, 2, 3]","[1, 3, 2]","[0.42, 0.88, 0.75]","[['B', 'D', 'A', 'C'], ['D', 'C', 'B', 'A'], ['B', 'D', 'C', 'A']]","{'B': 4, 'D': 3, 'A': 2, 'C': 1}","[0.58, 1.0, 0.79]",3.87
54,"[1, 2, 3]","[1, 3, 2]","[0.42, 0.88, 0.75]","[['B', 'D', 'A', 'C'], ['D', 'C', 'B', 'A'], ['C', 'D', 'A', 'B']]","{'B': 3, 'D': 3, 'A': 2, 'C': 2}","[0.58, 1.0, 0.79]",3.87
54,"[1, 2, 3]","[1, 3, 2]","[0.42, 0.88, 0.75]","[['B', 'D', 'A', 'C'], ['D', 'C', 'B', 'A'], ['C', 'D', 'B', 'A']]","{'B': 3, 'D': 3, 'A': 2, 'C': 2}","[0.58, 1.0, 0.79]",3.87
54,"[1, 2, 3]","[1, 3, 2]","[0.42, 0.88, 0.75]","[['B', 'D', 'A', 'C'], ['D', 'C', 'B', 'A'], ['D', 'B', 'A', 'C']]","{'B': 4, 'D': 3, 'A': 2, 'C': 1}","[0.58, 1.0, 0.79]",3.87
54,"[1, 2, 3]","[1, 3, 2]","[0.42, 0.88, 0.75]","[['B', 'D', 'A', 'C'], ['D', 'C', 'B', 'A'], ['D', 'B', 'C', 'A']]","{'B': 4, 'D': 3, 'A': 2, 'C': 1}","[0.58, 1.0, 0.79]",3.87
54,"[1, 2, 3]","[1, 3, 2]","[0.42, 0.88, 0.75]","[['B', 'D', 'A', 'C'], ['D', 'C', 'B', 'A'], ['D', 'C', 'A', 'B']]","{'B': 3, 'D': 3, 'A': 2, 'C': 2}","[0.58, 1.0, 0.79]",3.87
54,"[1, 2, 3]","[1, 3, 2]","[0.42, 0.88, 0.75]","[['B', 'D', 'A', 'C'], ['D', 'C', 'B', 'A'], ['D', 'C', 'B', 'A']]","{'B': 3, 'D': 3, 'A': 2, 'C': 2}","[0.58, 1.0, 0.79]",3.87
54,"[1, 2, 3]","[1, 3, 2]","[0.42, 0.88, 0.75]","[['B', 'D', 'C', 'A'], ['B', 'D', 'A', 'C'], ['B', 'D', 'A', 'C']]","{'B': 5, 'D': 3, 'A': 2, 'C': 0}","[0.58, 1.0, 0.79]",3.87
54,"[1, 2, 3]","[1, 3, 2]","[0.42, 0.88, 0.75]","[['B', 'D', 'C', 'A'], ['B', 'D', 'A', 'C'], ['B', 'D', 'C', 'A']]","{'B': 5, 'D': 3, 'A': 2, 'C': 0}","[0.58, 1.0, 0.79]",3.87
54,"[1, 2, 3]","[1, 3, 2]","[0.42, 0.88, 0.75]","[['B', 'D', 'C', 'A'], ['B', 'D', 'A', 'C'], ['C', 'D', 'A', 'B']]","{'B': 4, 'D': 3, 'A': 2, 'C': 1}","[0.58, 1.0, 0.79]",3.87
54,"[1, 2, 3]","[1, 3, 2]","[0.42, 0.88, 0.75]","[['B', 'D', 'C', 'A'], ['B', 'D', 'A', 'C'], ['C', 'D', 'B', 'A']]","{'B': 4, 'D': 3, 'A': 2, 'C': 1}","[0.58, 1.0, 0.79]",3.87
54,"[1, 2, 3]","[1, 3, 2]","[0.42, 0.88, 0.75]","[['B', 'D', 'C', 'A'], ['B', 'D', 'A', 'C'], ['D', 'B', 'A', 'C']]","{'B': 5, 'D': 3, 'A': 2, 'C': 0}","[0.58, 1.0, 0.79]",3.87
54,"[1, 2, 3]","[1, 3, 2]","[0.42, 0.88, 0.75]","[['B', 'D', 'C', 'A'], ['B', 'D', 'A', 'C'], ['D', 'B', 'C', 'A']]","{'B': 5, 'D': 3, 'A': 2, 'C': 0}","[0.58, 1.0, 0.79]",3.87
54,"[1, 2, 3]","[1, 3, 2]","[0.42, 0.88, 0.75]","[['B', 'D', 'C', 'A'], ['B', 'D', 'A', 'C'], ['D', 'C', 'A', 'B']]","{'B': 4, 'D': 3, 'A': 2, 'C': 1}","[0.58, 1.0, 0.79]",3.87
54,"[1, 2, 3]","[1, 3, 2]","[0.42, 0.88, 0.75]","[['B', 'D', 'C', 'A'], ['B', 'D', 'A', 'C'], ['D', 'C', 'B', 'A']]","{'B': 4, 'D': 3, 'A': 2, 'C': 1}","[0.58, 1.0, 0.79]",3.87
54,"[1, 2, 3]","[1, 3, 2]","[0.42, 0.88, 0.75]","[['B', 'D', 'C', 'A'], ['B', 'D', 'C', 'A'], ['B', 'D', 'A', 'C']]","{'B': 5, 'D': 3, 'A': 2, 'C': 0}","[0.58, 1.0, 0.79]",3.87
54,"[1, 2, 3]","[1, 3, 2]","[0.42, 0.88, 0.75]","[['B', 'D', 'C', 'A'], ['B', 'D', 'C', 'A'], ['B', 'D', 'C', 'A']]","{'B': 5, 'D': 3, 'A': 2, 'C': 0}","[0.58, 1.0, 0.79]",3.87
54,"[1, 2, 3]","[1, 3, 2]","[0.42, 0.88, 0.75]","[['B', 'D', 'C', 'A'], ['B', 'D', 'C', 'A'], ['C', 'D', 'A', 'B']]","{'B': 4, 'D': 3, 'A': 2, 'C': 1}","[0.58, 1.0, 0.79]",3.87
54,"[1, 2, 3]","[1, 3, 2]","[0.42, 0.88, 0.75]","[['B', 'D', 'C', 'A'], ['B', 'D', 'C', 'A'], ['C', 'D', 'B', 'A']]","{'B': 4, 'D': 3, 'A': 2, 'C': 1}","[0.58, 1.0, 0.79]",3.87
54,"[1, 2, 3]","[1, 3, 2]","[0.42, 0.88, 0.75]","[['B', 'D', 'C', 'A'], ['B', 'D', 'C', 'A'], ['D', 'B', 'A', 'C']]","{'B': 5, 'D': 3, 'A': 2, 'C': 0}","[0.58, 1.0, 0.79]",3.87
54,"[1, 2, 3]","[1, 3, 2]","[0.42, 0.88, 0.75]","[['B', 'D', 'C', 'A'], ['B', 'D', 'C', 'A'], ['D', 'B', 'C', 'A']]","{'B': 5, 'D': 3, 'A': 2, 'C': 0}","[0.58, 1.0, 0.79]",3.87
54,"[1, 2, 3]","[1, 3, 2]","[0.42, 0.88, 0.75]","[['B', 'D', 'C', 'A'], ['B', 'D', 'C', 'A'], ['D', 'C', 'A', 'B']]","{'B': 4, 'D': 3, 'A': 2, 'C': 1}","[0.58, 1.0, 0.79]",3.87
54,"[1, 2, 3]","[1, 3, 2]","[0.42, 0.88, 0.75]","[['B', 'D', 'C', 'A'], ['B', 'D', 'C', 'A'], ['D', 'C', 'B', 'A']]","{'B': 4, 'D': 3, 'A': 2, 'C': 1}","[0.58, 1.0, 0.79]",3.87
54,"[1, 2, 3]","[1, 3, 2]","[0.42, 0.88, 0.75]","[['B', 'D', 'C', 'A'], ['C', 'D', 'A', 'B'], ['B', 'D', 'A', 'C']]","{'B': 4, 'D': 3, 'A': 2, 'C': 1}","[0.58, 1.0, 0.79]",3.87
54,"[1, 2, 3]","[1, 3, 2]","[0.42, 0.88, 0.75]","[['B', 'D', 'C', 'A'], ['C', 'D', 'A', 'B'], ['B', 'D', 'C', 'A']]","{'B': 4, 'D': 3, 'A': 2, 'C': 1}","[0.58, 1.0, 0.79]",3.87
54,"[1, 2, 3]","[1, 3, 2]","[0.42, 0.88, 0.75]","[['B', 'D', 'C', 'A'], ['C', 'D', 'A', 'B'], ['C', 'D', 'A', 'B']]","{'B': 3, 'D': 3, 'A': 2, 'C': 2}","[0.58, 1.0, 0.79]",3.87
54,"[1, 2, 3]","[1, 3, 2]","[0.42, 0.88, 0.75]","[['B', 'D', 'C', 'A'], ['C', 'D', 'A', 'B'], ['C', 'D', 'B', 'A']]","{'B': 3, 'D': 3, 'A': 2, 'C': 2}","[0.58, 1.0, 0.79]",3.87
54,"[1, 2, 3]","[1, 3, 2]","[0.42, 0.88, 0.75]","[['B', 'D', 'C', 'A'], ['C', 'D', 'A', 'B'], ['D', 'B', 'A', 'C']]","{'B': 4, 'D': 3, 'A': 2, 'C': 1}","[0.58, 1.0, 0.79]",3.87
54,"[1, 2, 3]","[1, 3, 2]","[0.42, 0.88, 0.75]","[['B', 'D', 'C', 'A'], ['C', 'D', 'A', 'B'], ['D', 'B', 'C', 'A']]","{'B': 4, 'D': 3, 'A': 2, 'C': 1}","[0.58, 1.0, 0.79]",3.87
54,"[1, 2, 3]","[1, 3, 2]","[0.42, 0.88, 0.75]","[['B', 'D', 'C', 'A'], ['C', 'D', 'A', 'B'], ['D', 'C', 'A', 'B']]","{'B': 3, 'D': 3, 'A': 2, 'C': 2}","[0.58, 1.0, 0.79]",3.87
54,"[1, 2, 3]","[1, 3, 2]","[0.42, 0.88, 0.75]","[['B', 'D', 'C', 'A'], ['C', 'D', 'A', 'B'], ['D', 'C', 'B', 'A']]","{'B': 3, 'D': 3, 'A': 2, 'C': 2}","[0.58, 1.0, 0.79]",3.87
54,"[1, 2, 3]","[1, 3, 2]","[0.42, 0.88, 0.75]","[['B', 'D', 'C', 'A'], ['C', 'D', 'B', 'A'], ['B', 'D', 'A', 'C']]","{'B': 4, 'D': 3, 'A': 2, 'C': 1}","[0.58, 1.0, 0.79]",3.87
54,"[1, 2, 3]","[1, 3, 2]","[0.42, 0.88, 0.75]","[['B', 'D', 'C', 'A'], ['C', 'D', 'B', 'A'], ['B', 'D', 'C', 'A']]","{'B': 4, 'D': 3, 'A': 2, 'C': 1}","[0.58, 1.0, 0.79]",3.87
54,"[1, 2, 3]","[1, 3, 2]","[0.42, 0.88, 0.75]","[['B', 'D', 'C', 'A'], ['C', 'D', 'B', 'A'], ['C', 'D', 'A', 'B']]","{'B': 3, 'D': 3, 'A': 2, 'C': 2}","[0.58, 1.0, 0.79]",3.87
54,"[1, 2, 3]","[1, 3, 2]","[0.42, 0.88, 0.75]","[['B', 'D', 'C', 'A'], ['C', 'D', 'B', 'A'], ['C', 'D', 'B', 'A']]","{'B': 3, 'D': 3, 'A': 2, 'C': 2}","[0.58, 1.0, 0.79]",3.87
54,"[1, 2, 3]","[1, 3, 2]","[0.42, 0.88, 0.75]","[['B', 'D', 'C', 'A'], ['C', 'D', 'B', 'A'], ['D', 'B', 'A', 'C']]","{'B': 4, 'D': 3, 'A': 2, 'C': 1}","[0.58, 1.0, 0.79]",3.87
54,"[1, 2, 3]","[1, 3, 2]","[0.42, 0.88, 0.75]","[['B', 'D', 'C', 'A'], ['C', 'D', 'B', 'A'], ['D', 'B', 'C', 'A']]","{'B': 4, 'D': 3, 'A': 2, 'C': 1}","[0.58, 1.0, 0.79]",3.87
54,"[1, 2, 3]","[1, 3, 2]","[0.42, 0.88, 0.75]","[['B', 'D', 'C', 'A'], ['C', 'D', 'B', 'A'], ['D', 'C', 'A', 'B']]","{'B': 3, 'D': 3, 'A': 2, 'C': 2}","[0.58, 1.0, 0.79]",3.87
54,"[1, 2, 3]","[1, 3, 2]","[0.42, 0.88, 0.75]","[['B', 'D', 'C', 'A'], ['C', 'D', 'B', 'A'], ['D', 'C', 'B', 'A']]","{'B': 3, 'D': 3, 'A': 2, 'C': 2}","[0.58, 1.0, 0.79]",3.87
54,"[1, 2, 3]","[1, 3, 2]","[0.42, 0.88, 0.75]","[['B', 'D', 'C', 'A'], ['D', 'B', 'A', 'C'], ['B', 'D', 'A', 'C']]","{'B': 5, 'D': 3, 'A': 2, 'C': 0}","[0.58, 1.0, 0.79]",3.87
54,"[1, 2, 3]","[1, 3, 2]","[0.42, 0.88, 0.75]","[['B', 'D', 'C', 'A'], ['D', 'B', 'A', 'C'], ['B', 'D', 'C', 'A']]","{'B': 5, 'D': 3, 'A': 2, 'C': 0}","[0.58, 1.0, 0.79]",3.87
54,"[1, 2, 3]","[1, 3, 2]","[0.42, 0.88, 0.75]","[['B', 'D', 'C', 'A'], ['D', 'B', 'A', 'C'], ['C', 'D', 'A', 'B']]","{'B': 4, 'D': 3, 'A': 2, 'C': 1}","[0.58, 1.0, 0.79]",3.87
54,"[1, 2, 3]","[1, 3, 2]","[0.42, 0.88, 0.75]","[['B', 'D', 'C', 'A'], ['D', 'B', 'A', 'C'], ['C', 'D', 'B', 'A']]","{'B': 4, 'D': 3, 'A': 2, 'C': 1}","[0.58, 1.0, 0.79]",3.87
54,"[1, 2, 3]","[1, 3, 2]","[0.42, 0.88, 0.75]","[['B', 'D', 'C', 'A'], ['D', 'B', 'A', 'C'], ['D', 'B', 'A', 'C']]","{'B': 5, 'D': 3, 'A': 2, 'C': 0}","[0.58, 1.0, 0.79]",3.87
54,"[1, 2, 3]","[1, 3, 2]","[0.42, 0.88, 0.75]","[['B', 'D', 'C', 'A'], ['D', 'B', 'A', 'C'], ['D', 'B', 'C', 'A']]","{'B': 5, 'D': 3, 'A': 2, 'C': 0}","[0.58, 1.0, 0.79]",3.87
54,"[1, 2, 3]","[1, 3, 2]","[0.42, 0.88, 0.75]","[['B', 'D', 'C', 'A'], ['D', 'B', 'A', 'C'], ['D', 'C', 'A', 'B']]","{'B': 4, 'D': 3, 'A': 2, 'C': 1}","[0.58, 1.0, 0.79]",3.87
54,"[1, 2, 3]","[1, 3, 2]","[0.42, 0.88, 0.75]","[['B', 'D', 'C', 'A'], ['D', 'B', 'A', 'C'], ['D', 'C', 'B', 'A']]","{'B': 4, 'D': 3, 'A': 2, 'C': 1}","[0.58, 1.0, 0.79]",3.87
54,"[1, 2, 3]","[1, 3, 2]","[0.42, 0.88, 0.75]","[['B', 'D', 'C', 'A'], ['D', 'B', 'C', 'A'], ['B', 'D', 'A', 'C']]","{'B': 5, 'D': 3, 'A': 2, 'C': 0}","[0.58, 1.0, 0.79]",3.87
54,"[1, 2, 3]","[1, 3, 2]","[0.42, 0.88, 0.75]","[['B', 'D', 'C', 'A'], ['D', 'B', 'C', 'A'], ['B', 'D', 'C', 'A']]","{'B': 5, 'D': 3, 'A': 2, 'C': 0}","[0.58, 1.0, 0.79]",3.87
54,"[1, 2, 3]","[1, 3, 2]","[0.42, 0.88, 0.75]","[['B', 'D', 'C', 'A'], ['D', 'B', 'C', 'A'], ['C', 'D', 'A', 'B']]","{'B': 4, 'D': 3, 'A': 2, 'C': 1}","[0.58, 1.0, 0.79]",3.87
54,"[1, 2, 3]","[1, 3, 2]","[0.42, 0.88, 0.75]","[['B', 'D', 'C', 'A'], ['D', 'B', 'C', 'A'], ['C', 'D', 'B', 'A']]","{'B': 4, 'D': 3, 'A': 2, 'C': 1}","[0.58, 1.0, 0.79]",3.87
54,"[1, 2, 3]","[1, 3, 2]","[0.42, 0.88, 0.75]","[['B', 'D', 'C', 'A'], ['D', 'B', 'C', 'A'], ['D', 'B', 'A', 'C']]","{'B': 5, 'D': 3, 'A': 2, 'C': 0}","[0.58, 1.0, 0.79]",3.87
54,"[1, 2, 3]","[1, 3, 2]","[0.42, 0.88, 0.75]","[['B', 'D', 'C', 'A'], ['D', 'B', 'C', 'A'], ['D', 'B', 'C', 'A']]","{'B': 5, 'D': 3, 'A': 2, 'C': 0}","[0.58, 1.0, 0.79]",3.87
54,"[1, 2, 3]","[1, 3, 2]","[0.42, 0.88, 0.75]","[['B', 'D', 'C', 'A'], ['D', 'B', 'C', 'A'], ['D', 'C', 'A', 'B']]","{'B': 4, 'D': 3, 'A': 2, 'C': 1}","[0.58, 1.0, 0.79]",3.87
54,"[1, 2, 3]","[1, 3, 2]","[0.42, 0.88, 0.75]","[['B', 'D', 'C', 'A'], ['D', 'B', 'C', 'A'], ['D', 'C', 'B', 'A']]","{'B': 4, 'D': 3, 'A': 2, 'C': 1}","[0.58, 1.0, 0.79]",3.87
54,"[1, 2, 3]","[1, 3, 2]","[0.42, 0.88, 0.75]","[['B', 'D', 'C', 'A'], ['D', 'C', 'A', 'B'], ['B', 'D', 'A', 'C']]","{'B': 4, 'D': 3, 'A': 2, 'C': 1}","[0.58, 1.0, 0.79]",3.87
54,"[1, 2, 3]","[1, 3, 2]","[0.42, 0.88, 0.75]","[['B', 'D', 'C', 'A'], ['D', 'C', 'A', 'B'], ['B', 'D', 'C', 'A']]","{'B': 4, 'D': 3, 'A': 2, 'C': 1}","[0.58, 1.0, 0.79]",3.87
54,"[1, 2, 3]","[1, 3, 2]","[0.42, 0.88, 0.75]","[['B', 'D', 'C', 'A'], ['D', 'C', 'A', 'B'], ['C', 'D', 'A', 'B']]","{'B': 3, 'D': 3, 'A': 2, 'C': 2}","[0.58, 1.0, 0.79]",3.87
54,"[1, 2, 3]","[1, 3, 2]","[0.42, 0.88, 0.75]","[['B', 'D', 'C', 'A'], ['D', 'C', 'A', 'B'], ['C', 'D', 'B', 'A']]","{'B': 3, 'D': 3, 'A': 2, 'C': 2}","[0.58, 1.0, 0.79]",3.87
54,"[1, 2, 3]","[1, 3, 2]","[0.42, 0.88, 0.75]","[['B', 'D', 'C', 'A'], ['D', 'C', 'A', 'B'], ['D', 'B', 'A', 'C']]","{'B': 4, 'D': 3, 'A': 2, 'C': 1}","[0.58, 1.0, 0.79]",3.87
54,"[1, 2, 3]","[1, 3, 2]","[0.42, 0.88, 0.75]","[['B', 'D', 'C', 'A'], ['D', 'C', 'A', 'B'], ['D', 'B', 'C', 'A']]","{'B': 4, 'D': 3, 'A': 2, 'C': 1}","[0.58, 1.0, 0.79]",3.87
54,"[1, 2, 3]","[1, 3, 2]","[0.42, 0.88, 0.75]","[['B', 'D', 'C', 'A'], ['D', 'C', 'A', 'B'], ['D', 'C', 'A', 'B']]","{'B': 3, 'D': 3, 'A': 2, 'C': 2}","[0.58, 1.0, 0.79]",3.87
54,"[1, 2, 3]","[1, 3, 2]","[0.42, 0.88, 0.75]","[['B', 'D', 'C', 'A'], ['D', 'C', 'A', 'B'], ['D', 'C', 'B', 'A']]","{'B': 3, 'D': 3, 'A': 2, 'C': 2}","[0.58, 1.0, 0.79]",3.87
54,"[1, 2, 3]","[1, 3, 2]","[0.42, 0.88, 0.75]","[['B', 'D', 'C', 'A'], ['D', 'C', 'B', 'A'], ['B', 'D', 'A', 'C']]","{'B': 4, 'D': 3, 'A': 2, 'C': 1}","[0.58, 1.0, 0.79]",3.87
54,"[1, 2, 3]","[1, 3, 2]","[0.42, 0.88, 0.75]","[['B', 'D', 'C', 'A'], ['D', 'C', 'B', 'A'], ['B', 'D', 'C', 'A']]","{'B': 4, 'D': 3, 'A': 2, 'C': 1}","[0.58, 1.0, 0.79]",3.87
54,"[1, 2, 3]","[1, 3, 2]","[0.42, 0.88, 0.75]","[['B', 'D', 'C', 'A'], ['D', 'C', 'B', 'A'], ['C', 'D', 'A', 'B']]","{'B': 3, 'D': 3, 'A': 2, 'C': 2}","[0.58, 1.0, 0.79]",3.87
54,"[1, 2, 3]","[1, 3, 2]","[0.42, 0.88, 0.75]","[['B', 'D', 'C', 'A'], ['D', 'C', 'B', 'A'], ['C', 'D', 'B', 'A']]","{'B': 3, 'D': 3, 'A': 2, 'C': 2}","[0.58, 1.0, 0.79]",3.87
54,"[1, 2, 3]","[1, 3, 2]","[0.42, 0.88, 0.75]","[['B', 'D', 'C', 'A'], ['D', 'C', 'B', 'A'], ['D', 'B', 'A', 'C']]","{'B': 4, 'D': 3, 'A': 2, 'C': 1}","[0.58, 1.0, 0.79]",3.87
54,"[1, 2, 3]","[1, 3, 2]","[0.42, 0.88, 0.75]","[['B', 'D', 'C', 'A'], ['D', 'C', 'B', 'A'], ['D', 'B', 'C', 'A']]","{'B': 4, 'D': 3, 'A': 2, 'C': 1}","[0.58, 1.0, 0.79]",3.87
54,"[1, 2, 3]","[1, 3, 2]","[0.42, 0.88, 0.75]","[['B', 'D', 'C', 'A'], ['D', 'C', 'B', 'A'], ['D', 'C', 'A', 'B']]","{'B': 3, 'D': 3, 'A': 2, 'C': 2}","[0.58, 1.0, 0.79]",3.87
54,"[1, 2, 3]","[1, 3, 2]","[0.42, 0.88, 0.75]","[['B', 'D', 'C', 'A'], ['D', 'C', 'B', 'A'], ['D', 'C', 'B', 'A']]","{'B': 3, 'D': 3, 'A': 2, 'C': 2}","[0.58, 1.0, 0.79]",3.87
54,"[1, 2, 3]","[1, 3, 2]","[0.42, 0.88, 0.75]","[['C', 'D', 'A', 'B'], ['B', 'D', 'A', 'C'], ['B', 'D', 'A', 'C']]","{'B': 4, 'D': 3, 'A': 2, 'C': 1}","[0.58, 1.0, 0.79]",3.87
54,"[1, 2, 3]","[1, 3, 2]","[0.42, 0.88, 0.75]","[['C', 'D', 'A', 'B'], ['B', 'D', 'A', 'C'], ['B', 'D', 'C', 'A']]","{'B': 4, 'D': 3, 'A': 2, 'C': 1}","[0.58, 1.0, 0.79]",3.87
54,"[1, 2, 3]","[1, 3, 2]","[0.42, 0.88, 0.75]","[['C', 'D', 'A', 'B'], ['B', 'D', 'A', 'C'], ['C', 'D', 'A', 'B']]","{'B': 3, 'D': 3, 'A': 2, 'C': 2}","[0.58, 1.0, 0.79]",3.87
54,"[1, 2, 3]","[1, 3, 2]","[0.42, 0.88, 0.75]","[['C', 'D', 'A', 'B'], ['B', 'D', 'A', 'C'], ['C', 'D', 'B', 'A']]","{'B': 3, 'D': 3, 'A': 2, 'C': 2}","[0.58, 1.0, 0.79]",3.87
54,"[1, 2, 3]","[1, 3, 2]","[0.42, 0.88, 0.75]","[['C', 'D', 'A', 'B'], ['B', 'D', 'A', 'C'], ['D', 'B', 'A', 'C']]","{'B': 4, 'D': 3, 'A': 2, 'C': 1}","[0.58, 1.0, 0.79]",3.87
54,"[1, 2, 3]","[1, 3, 2]","[0.42, 0.88, 0.75]","[['C', 'D', 'A', 'B'], ['B', 'D', 'A', 'C'], ['D', 'B', 'C', 'A']]","{'B': 4, 'D': 3, 'A': 2, 'C': 1}","[0.58, 1.0, 0.79]",3.87
54,"[1, 2, 3]","[1, 3, 2]","[0.42, 0.88, 0.75]","[['C', 'D', 'A', 'B'], ['B', 'D', 'A', 'C'], ['D', 'C', 'A', 'B']]","{'B': 3, 'D': 3, 'A': 2, 'C': 2}","[0.58, 1.0, 0.79]",3.87
54,"[1, 2, 3]","[1, 3, 2]","[0.42, 0.88, 0.75]","[['C', 'D', 'A', 'B'], ['B', 'D', 'A', 'C'], ['D', 'C', 'B', 'A']]","{'B': 3, 'D': 3, 'A': 2, 'C': 2}","[0.58, 1.0, 0.79]",3.87
54,"[1, 2, 3]","[1, 3, 2]","[0.42, 0.88, 0.75]","[['C', 'D', 'A', 'B'], ['B', 'D', 'C', 'A'], ['B', 'D', 'A', 'C']]","{'B': 4, 'D': 3, 'A': 2, 'C': 1}","[0.58, 1.0, 0.79]",3.87
54,"[1, 2, 3]","[1, 3, 2]","[0.42, 0.88, 0.75]","[['C', 'D', 'A', 'B'], ['B', 'D', 'C', 'A'], ['B', 'D', 'C', 'A']]","{'B': 4, 'D': 3, 'A': 2, 'C': 1}","[0.58, 1.0, 0.79]",3.87
54,"[1, 2, 3]","[1, 3, 2]","[0.42, 0.88, 0.75]","[['C', 'D', 'A', 'B'], ['B', 'D', 'C', 'A'], ['C', 'D', 'A', 'B']]","{'B': 3, 'D': 3, 'A': 2, 'C': 2}","[0.58, 1.0, 0.79]",3.87
54,"[1, 2, 3]","[1, 3, 2]","[0.42, 0.88, 0.75]","[['C', 'D', 'A', 'B'], ['B', 'D', 'C', 'A'], ['C', 'D', 'B', 'A']]","{'B': 3, 'D': 3, 'A': 2, 'C': 2}","[0.58, 1.0, 0.79]",3.87
54,"[1, 2, 3]","[1, 3, 2]","[0.42, 0.88, 0.75]","[['C', 'D', 'A', 'B'], ['B', 'D', 'C', 'A'], ['D', 'B', 'A', 'C']]","{'B': 4, 'D': 3, 'A': 2, 'C': 1}","[0.58, 1.0, 0.79]",3.87
54,"[1, 2, 3]","[1, 3, 2]","[0.42, 0.88, 0.75]","[['C', 'D', 'A', 'B'], ['B', 'D', 'C', 'A'], ['D', 'B', 'C', 'A']]","{'B': 4, 'D': 3, 'A': 2, 'C': 1}","[0.58, 1.0, 0.79]",3.87
54,"[1, 2, 3]","[1, 3, 2]","[0.42, 0.88, 0.75]","[['C', 'D', 'A', 'B'], ['B', 'D', 'C', 'A'], ['D', 'C', 'A', 'B']]","{'B': 3, 'D': 3, 'A': 2, 'C': 2}","[0.58, 1.0, 0.79]",3.87
54,"[1, 2, 3]","[1, 3, 2]","[0.42, 0.88, 0.75]","[['C', 'D', 'A', 'B'], ['B', 'D', 'C', 'A'], ['D', 'C', 'B', 'A']]","{'B': 3, 'D': 3, 'A': 2, 'C': 2}","[0.58, 1.0, 0.79]",3.87
54,"[1, 2, 3]","[1, 3, 2]","[0.42, 0.88, 0.75]","[['C', 'D', 'A', 'B'], ['C', 'D', 'A', 'B'], ['B', 'D', 'A', 'C']]","{'B': 3, 'D': 3, 'A': 2, 'C': 2}","[0.58, 1.0, 0.79]",3.87
54,"[1, 2, 3]","[1, 3, 2]","[0.42, 0.88, 0.75]","[['C', 'D', 'A', 'B'], ['C', 'D', 'A', 'B'], ['B', 'D', 'C', 'A']]","{'B': 3, 'D': 3, 'A': 2, 'C': 2}","[0.58, 1.0, 0.79]",3.87
54,"[1, 2, 3]","[1, 3, 2]","[0.42, 0.88, 0.75]","[['C', 'D', 'A', 'B'], ['C', 'D', 'A', 'B'], ['D', 'B', 'A', 'C']]","{'B': 3, 'D': 3, 'A': 2, 'C': 2}","[0.58, 1.0, 0.79]",3.87
54,"[1, 2, 3]","[1, 3, 2]","[0.42, 0.88, 0.75]","[['C', 'D', 'A', 'B'], ['C', 'D', 'A', 'B'], ['D', 'B', 'C', 'A']]","{'B': 3, 'D': 3, 'A': 2, 'C': 2}","[0.58, 1.0, 0.79]",3.87
54,"[1, 2, 3]","[1, 3, 2]","[0.42, 0.88, 0.75]","[['C', 'D', 'A', 'B'], ['C', 'D', 'B', 'A'], ['B', 'D', 'A', 'C']]","{'B': 3, 'D': 3, 'A': 2, 'C': 2}","[0.58, 1.0, 0.79]",3.87
54,"[1, 2, 3]","[1, 3, 2]","[0.42, 0.88, 0.75]","[['C', 'D', 'A', 'B'], ['C', 'D', 'B', 'A'], ['B', 'D', 'C', 'A']]","{'B': 3, 'D': 3, 'A': 2, 'C': 2}","[0.58, 1.0, 0.79]",3.87
54,"[1, 2, 3]","[1, 3, 2]","[0.42, 0.88, 0.75]","[['C', 'D', 'A', 'B'], ['C', 'D', 'B', 'A'], ['D', 'B', 'A', 'C']]","{'B': 3, 'D': 3, 'A': 2, 'C': 2}","[0.58, 1.0, 0.79]",3.87
54,"[1, 2, 3]","[1, 3, 2]","[0.42, 0.88, 0.75]","[['C', 'D', 'A', 'B'], ['C', 'D', 'B', 'A'], ['D', 'B', 'C', 'A']]","{'B': 3, 'D': 3, 'A': 2, 'C': 2}","[0.58, 1.0, 0.79]",3.87
54,"[1, 2, 3]","[1, 3, 2]","[0.42, 0.88, 0.75]","[['C', 'D', 'A', 'B'], ['D', 'B', 'A', 'C'], ['B', 'D', 'A', 'C']]","{'B': 4, 'D': 3, 'A': 2, 'C': 1}","[0.58, 1.0, 0.79]",3.87
54,"[1, 2, 3]","[1, 3, 2]","[0.42, 0.88, 0.75]","[['C', 'D', 'A', 'B'], ['D', 'B', 'A', 'C'], ['B', 'D', 'C', 'A']]","{'B': 4, 'D': 3, 'A': 2, 'C': 1}","[0.58, 1.0, 0.79]",3.87
54,"[1, 2, 3]","[1, 3, 2]","[0.42, 0.88, 0.75]","[['C', 'D', 'A', 'B'], ['D', 'B', 'A', 'C'], ['C', 'D', 'A', 'B']]","{'B': 3, 'D': 3, 'A': 2, 'C': 2}","[0.58, 1.0, 0.79]",3.87
54,"[1, 2, 3]","[1, 3, 2]","[0.42, 0.88, 0.75]","[['C', 'D', 'A', 'B'], ['D', 'B', 'A', 'C'], ['C', 'D', 'B', 'A']]","{'B': 3, 'D': 3, 'A': 2, 'C': 2}","[0.58, 1.0, 0.79]",3.87
54,"[1, 2, 3]","[1, 3, 2]","[0.42, 0.88, 0.75]","[['C', 'D', 'A', 'B'], ['D', 'B', 'A', 'C'], ['D', 'B', 'A', 'C']]","{'B': 4, 'D': 3, 'A': 2, 'C': 1}","[0.58, 1.0, 0.79]",3.87
54,"[1, 2, 3]","[1, 3, 2]","[0.42, 0.88, 0.75]","[['C', 'D', 'A', 'B'], ['D', 'B', 'A', 'C'], ['D', 'B', 'C', 'A']]","{'B': 4, 'D': 3, 'A': 2, 'C': 1}","[0.58, 1.0, 0.79]",3.87
54,"[1, 2, 3]","[1, 3, 2]","[0.42, 0.88, 0.75]","[['C', 'D', 'A', 'B'], ['D', 'B', 'A', 'C'], ['D', 'C', 'A', 'B']]","{'B': 3, 'D': 3, 'A': 2, 'C': 2}","[0.58, 1.0, 0.79]",3.87
54,"[1, 2, 3]","[1, 3, 2]","[0.42, 0.88, 0.75]","[['C', 'D', 'A', 'B'], ['D', 'B', 'A', 'C'], ['D', 'C', 'B', 'A']]","{'B': 3, 'D': 3, 'A': 2, 'C': 2}","[0.58, 1.0, 0.79]",3.87
54,"[1, 2, 3]","[1, 3, 2]","[0.42, 0.88, 0.75]","[['C', 'D', 'A', 'B'], ['D', 'B', 'C', 'A'], ['B', 'D', 'A', 'C']]","{'B': 4, 'D': 3, 'A': 2, 'C': 1}","[0.58, 1.0, 0.79]",3.87
54,"[1, 2, 3]","[1, 3, 2]","[0.42, 0.88, 0.75]","[['C', 'D', 'A', 'B'], ['D', 'B', 'C', 'A'], ['B', 'D', 'C', 'A']]","{'B': 4, 'D': 3, 'A': 2, 'C': 1}","[0.58, 1.0, 0.79]",3.87
54,"[1, 2, 3]","[1, 3, 2]","[0.42, 0.88, 0.75]","[['C', 'D', 'A', 'B'], ['D', 'B', 'C', 'A'], ['C', 'D', 'A', 'B']]","{'B': 3, 'D': 3, 'A': 2, 'C': 2}","[0.58, 1.0, 0.79]",3.87
54,"[1, 2, 3]","[1, 3, 2]","[0.42, 0.88, 0.75]","[['C', 'D', 'A', 'B'], ['D', 'B', 'C', 'A'], ['C', 'D', 'B', 'A']]","{'B': 3, 'D': 3, 'A': 2, 'C': 2}","[0.58, 1.0, 0.79]",3.87
54,"[1, 2, 3]","[1, 3, 2]","[0.42, 0.88, 0.75]","[['C', 'D', 'A', 'B'], ['D', 'B', 'C', 'A'], ['D', 'B', 'A', 'C']]","{'B': 4, 'D': 3, 'A': 2, 'C': 1}","[0.58, 1.0, 0.79]",3.87
54,"[1, 2, 3]","[1, 3, 2]","[0.42, 0.88, 0.75]","[['C', 'D', 'A', 'B'], ['D', 'B', 'C', 'A'], ['D', 'B', 'C', 'A']]","{'B': 4, 'D': 3, 'A': 2, 'C': 1}","[0.58, 1.0, 0.79]",3.87
54,"[1, 2, 3]","[1, 3, 2]","[0.42, 0.88, 0.75]","[['C', 'D', 'A', 'B'], ['D', 'B', 'C', 'A'], ['D', 'C', 'A', 'B']]","{'B': 3, 'D': 3, 'A': 2, 'C': 2}","[0.58, 1.0, 0.79]",3.87
54,"[1, 2, 3]","[1, 3, 2]","[0.42, 0.88, 0.75]","[['C', 'D', 'A', 'B'], ['D', 'B', 'C', 'A'], ['D', 'C', 'B', 'A']]","{'B': 3, 'D': 3, 'A': 2, 'C': 2}","[0.58, 1.0, 0.79]",3.87
54,"[1, 2, 3]","[1, 3, 2]","[0.42, 0.88, 0.75]","[['C', 'D', 'A', 'B'], ['D', 'C', 'A', 'B'], ['B', 'D', 'A', 'C']]","{'B': 3, 'D': 3, 'A': 2, 'C': 2}","[0.58, 1.0, 0.79]",3.87
54,"[1, 2, 3]","[1, 3, 2]","[0.42, 0.88, 0.75]","[['C', 'D', 'A', 'B'], ['D', 'C', 'A', 'B'], ['B', 'D', 'C', 'A']]","{'B': 3, 'D': 3, 'A': 2, 'C': 2}","[0.58, 1.0, 0.79]",3.87
54,"[1, 2, 3]","[1, 3, 2]","[0.42, 0.88, 0.75]","[['C', 'D', 'A', 'B'], ['D', 'C', 'A', 'B'], ['D', 'B', 'A', 'C']]","{'B': 3, 'D': 3, 'A': 2, 'C': 2}","[0.58, 1.0, 0.79]",3.87
54,"[1, 2, 3]","[1, 3, 2]","[0.42, 0.88, 0.75]","[['C', 'D', 'A', 'B'], ['D', 'C', 'A', 'B'], ['D', 'B', 'C', 'A']]","{'B': 3, 'D': 3, 'A': 2, 'C': 2}","[0.58, 1.0, 0.79]",3.87
54,"[1, 2, 3]","[1, 3, 2]","[0.42, 0.88, 0.75]","[['C', 'D', 'A', 'B'], ['D', 'C', 'B', 'A'], ['B', 'D', 'A', 'C']]","{'B': 3, 'D': 3, 'A': 2, 'C': 2}","[0.58, 1.0, 0.79]",3.87
54,"[1, 2, 3]","[1, 3, 2]","[0.42, 0.88, 0.75]","[['C', 'D', 'A', 'B'], ['D', 'C', 'B', 'A'], ['B', 'D', 'C', 'A']]","{'B': 3, 'D': 3, 'A': 2, 'C': 2}","[0.58, 1.0, 0.79]",3.87
54,"[1, 2, 3]","[1, 3, 2]","[0.42, 0.88, 0.75]","[['C', 'D', 'A', 'B'], ['D', 'C', 'B', 'A'], ['D', 'B', 'A', 'C']]","{'B': 3, 'D': 3, 'A': 2, 'C': 2}","[0.58, 1.0, 0.79]",3.87
54,"[1, 2, 3]","[1, 3, 2]","[0.42, 0.88, 0.75]","[['C', 'D', 'A', 'B'], ['D', 'C', 'B', 'A'], ['D', 'B', 'C', 'A']]","{'B': 3, 'D': 3, 'A': 2, 'C': 2}","[0.58, 1.0, 0.79]",3.87
54,"[1, 2, 3]","[1, 3, 2]","[0.42, 0.88, 0.75]","[['C', 'D', 'B', 'A'], ['B', 'D', 'A', 'C'], ['B', 'D', 'A', 'C']]","{'B': 4, 'D': 3, 'A': 2, 'C': 1}","[0.58, 1.0, 0.79]",3.87
54,"[1, 2, 3]","[1, 3, 2]","[0.42, 0.88, 0.75]","[['C', 'D', 'B', 'A'], ['B', 'D', 'A', 'C'], ['B', 'D', 'C', 'A']]","{'B': 4, 'D': 3, 'A': 2, 'C': 1}","[0.58, 1.0, 0.79]",3.87
54,"[1, 2, 3]","[1, 3, 2]","[0.42, 0.88, 0.75]","[['C', 'D', 'B', 'A'], ['B', 'D', 'A', 'C'], ['C', 'D', 'A', 'B']]","{'B': 3, 'D': 3, 'A': 2, 'C': 2}","[0.58, 1.0, 0.79]",3.87
54,"[1, 2, 3]","[1, 3, 2]","[0.42, 0.88, 0.75]","[['C', 'D', 'B', 'A'], ['B', 'D', 'A', 'C'], ['C', 'D', 'B', 'A']]","{'B': 3, 'D': 3, 'A': 2, 'C': 2}","[0.58, 1.0, 0.79]",3.87
54,"[1, 2, 3]","[1, 3, 2]","[0.42, 0.88, 0.75]","[['C', 'D', 'B', 'A'], ['B', 'D', 'A', 'C'], ['D', 'B', 'A', 'C']]","{'B': 4, 'D': 3, 'A': 2, 'C': 1}","[0.58, 1.0, 0.79]",3.87
54,"[1, 2, 3]","[1, 3, 2]","[0.42, 0.88, 0.75]","[['C', 'D', 'B', 'A'], ['B', 'D', 'A', 'C'], ['D', 'B', 'C', 'A']]","{'B': 4, 'D': 3, 'A': 2, 'C': 1}","[0.58, 1.0, 0.79]",3.87
54,"[1, 2, 3]","[1, 3, 2]","[0.42, 0.88, 0.75]","[['C', 'D', 'B', 'A'], ['B', 'D', 'A', 'C'], ['D', 'C', 'A', 'B']]","{'B': 3, 'D': 3, 'A': 2, 'C': 2}","[0.58, 1.0, 0.79]",3.87
54,"[1, 2, 3]","[1, 3, 2]","[0.42, 0.88, 0.75]","[['C', 'D', 'B', 'A'], ['B', 'D', 'A', 'C'], ['D', 'C', 'B', 'A']]","{'B': 3, 'D': 3, 'A': 2, 'C': 2}","[0.58, 1.0, 0.79]",3.87
54,"[1, 2, 3]","[1, 3, 2]","[0.42, 0.88, 0.75]","[['C', 'D', 'B', 'A'], ['B', 'D', 'C', 'A'], ['B', 'D', 'A', 'C']]","{'B': 4, 'D': 3, 'A': 2, 'C': 1}","[0.58, 1.0, 0.79]",3.87
54,"[1, 2, 3]","[1, 3, 2]","[0.42, 0.88, 0.75]","[['C', 'D', 'B', 'A'], ['B', 'D', 'C', 'A'], ['B', 'D', 'C', 'A']]","{'B': 4, 'D': 3, 'A': 2, 'C': 1}","[0.58, 1.0, 0.79]",3.87
54,"[1, 2, 3]","[1, 3, 2]","[0.42, 0.88, 0.75]","[['C', 'D', 'B', 'A'], ['B', 'D', 'C', 'A'], ['C', 'D', 'A', 'B']]","{'B': 3, 'D': 3, 'A': 2, 'C': 2}","[0.58, 1.0, 0.79]",3.87
54,"[1, 2, 3]","[1, 3, 2]","[0.42, 0.88, 0.75]","[['C', 'D', 'B', 'A'], ['B', 'D', 'C', 'A'], ['C', 'D', 'B', 'A']]","{'B': 3, 'D': 3, 'A': 2, 'C': 2}","[0.58, 1.0, 0.79]",3.87
54,"[1, 2, 3]","[1, 3, 2]","[0.42, 0.88, 0.75]","[['C', 'D', 'B', 'A'], ['B', 'D', 'C', 'A'], ['D', 'B', 'A', 'C']]","{'B': 4, 'D': 3, 'A': 2, 'C': 1}","[0.58, 1.0, 0.79]",3.87
54,"[1, 2, 3]","[1, 3, 2]","[0.42, 0.88, 0.75]","[['C', 'D', 'B', 'A'], ['B', 'D', 'C', 'A'], ['D', 'B', 'C', 'A']]","{'B': 4, 'D': 3, 'A': 2, 'C': 1}","[0.58, 1.0, 0.79]",3.87
54,"[1, 2, 3]","[1, 3, 2]","[0.42, 0.88, 0.75]","[['C', 'D', 'B', 'A'], ['B', 'D', 'C', 'A'], ['D', 'C', 'A', 'B']]","{'B': 3, 'D': 3, 'A': 2, 'C': 2}","[0.58, 1.0, 0.79]",3.87
54,"[1, 2, 3]","[1, 3, 2]","[0.42, 0.88, 0.75]","[['C', 'D', 'B', 'A'], ['B', 'D', 'C', 'A'], ['D', 'C', 'B', 'A']]","{'B': 3, 'D': 3, 'A': 2, 'C': 2}","[0.58, 1.0, 0.79]",3.87
54,"[1, 2, 3]","[1, 3, 2]","[0.42, 0.88, 0.75]","[['C', 'D', 'B', 'A'], ['C', 'D', 'A', 'B'], ['B', 'D', 'A', 'C']]","{'B': 3, 'D': 3, 'A': 2, 'C': 2}","[0.58, 1.0, 0.79]",3.87
54,"[1, 2, 3]","[1, 3, 2]","[0.42, 0.88, 0.75]","[['C', 'D', 'B', 'A'], ['C', 'D', 'A', 'B'], ['B', 'D', 'C', 'A']]","{'B': 3, 'D': 3, 'A': 2, 'C': 2}","[0.58, 1.0, 0.79]",3.87
54,"[1, 2, 3]","[1, 3, 2]","[0.42, 0.88, 0.75]","[['C', 'D', 'B', 'A'], ['C', 'D', 'A', 'B'], ['D', 'B', 'A', 'C']]","{'B': 3, 'D': 3, 'A': 2, 'C': 2}","[0.58, 1.0, 0.79]",3.87
54,"[1, 2, 3]","[1, 3, 2]","[0.42, 0.88, 0.75]","[['C', 'D', 'B', 'A'], ['C', 'D', 'A', 'B'], ['D', 'B', 'C', 'A']]","{'B': 3, 'D': 3, 'A': 2, 'C': 2}","[0.58, 1.0, 0.79]",3.87
54,"[1, 2, 3]","[1, 3, 2]","[0.42, 0.88, 0.75]","[['C', 'D', 'B', 'A'], ['C', 'D', 'B', 'A'], ['B', 'D', 'A', 'C']]","{'B': 3, 'D': 3, 'A': 2, 'C': 2}","[0.58, 1.0, 0.79]",3.87
54,"[1, 2, 3]","[1, 3, 2]","[0.42, 0.88, 0.75]","[['C', 'D', 'B', 'A'], ['C', 'D', 'B', 'A'], ['B', 'D', 'C', 'A']]","{'B': 3, 'D': 3, 'A': 2, 'C': 2}","[0.58, 1.0, 0.79]",3.87
54,"[1, 2, 3]","[1, 3, 2]","[0.42, 0.88, 0.75]","[['C', 'D', 'B', 'A'], ['C', 'D', 'B', 'A'], ['D', 'B', 'A', 'C']]","{'B': 3, 'D': 3, 'A': 2, 'C': 2}","[0.58, 1.0, 0.79]",3.87
54,"[1, 2, 3]","[1, 3, 2]","[0.42, 0.88, 0.75]","[['C', 'D', 'B', 'A'], ['C', 'D', 'B', 'A'], ['D', 'B', 'C', 'A']]","{'B': 3, 'D': 3, 'A': 2, 'C': 2}","[0.58, 1.0, 0.79]",3.87
54,"[1, 2, 3]","[1, 3, 2]","[0.42, 0.88, 0.75]","[['C', 'D', 'B', 'A'], ['D', 'B', 'A', 'C'], ['B', 'D', 'A', 'C']]","{'B': 4, 'D': 3, 'A': 2, 'C': 1}","[0.58, 1.0, 0.79]",3.87
54,"[1, 2, 3]","[1, 3, 2]","[0.42, 0.88, 0.75]","[['C', 'D', 'B', 'A'], ['D', 'B', 'A', 'C'], ['B', 'D', 'C', 'A']]","{'B': 4, 'D': 3, 'A': 2, 'C': 1}","[0.58, 1.0, 0.79]",3.87
54,"[1, 2, 3]","[1, 3, 2]","[0.42, 0.88, 0.75]","[['C', 'D', 'B', 'A'], ['D', 'B', 'A', 'C'], ['C', 'D', 'A', 'B']]","{'B': 3, 'D': 3, 'A': 2, 'C': 2}","[0.58, 1.0, 0.79]",3.87
54,"[1, 2, 3]","[1, 3, 2]","[0.42, 0.88, 0.75]","[['C', 'D', 'B', 'A'], ['D', 'B', 'A', 'C'], ['C', 'D', 'B', 'A']]","{'B': 3, 'D': 3, 'A': 2, 'C': 2}","[0.58, 1.0, 0.79]",3.87
54,"[1, 2, 3]","[1, 3, 2]","[0.42, 0.88, 0.75]","[['C', 'D', 'B', 'A'], ['D', 'B', 'A', 'C'], ['D', 'B', 'A', 'C']]","{'B': 4, 'D': 3, 'A': 2, 'C': 1}","[0.58, 1.0, 0.79]",3.87
54,"[1, 2, 3]","[1, 3, 2]","[0.42, 0.88, 0.75]","[['C', 'D', 'B', 'A'], ['D', 'B', 'A', 'C'], ['D', 'B', 'C', 'A']]","{'B': 4, 'D': 3, 'A': 2, 'C': 1}","[0.58, 1.0, 0.79]",3.87
54,"[1, 2, 3]","[1, 3, 2]","[0.42, 0.88, 0.75]","[['C', 'D', 'B', 'A'], ['D', 'B', 'A', 'C'], ['D', 'C', 'A', 'B']]","{'B': 3, 'D': 3, 'A': 2, 'C': 2}","[0.58, 1.0, 0.79]",3.87
54,"[1, 2, 3]","[1, 3, 2]","[0.42, 0.88, 0.75]","[['C', 'D', 'B', 'A'], ['D', 'B', 'A', 'C'], ['D', 'C', 'B', 'A']]","{'B': 3, 'D': 3, 'A': 2, 'C': 2}","[0.58, 1.0, 0.79]",3.87
54,"[1, 2, 3]","[1, 3, 2]","[0.42, 0.88, 0.75]","[['C', 'D', 'B', 'A'], ['D', 'B', 'C', 'A'], ['B', 'D', 'A', 'C']]","{'B': 4, 'D': 3, 'A': 2, 'C': 1}","[0.58, 1.0, 0.79]",3.87
54,"[1, 2, 3]","[1, 3, 2]","[0.42, 0.88, 0.75]","[['C', 'D', 'B', 'A'], ['D', 'B', 'C', 'A'], ['B', 'D', 'C', 'A']]","{'B': 4, 'D': 3, 'A': 2, 'C': 1}","[0.58, 1.0, 0.79]",3.87
54,"[1, 2, 3]","[1, 3, 2]","[0.42, 0.88, 0.75]","[['C', 'D', 'B', 'A'], ['D', 'B', 'C', 'A'], ['C', 'D', 'A', 'B']]","{'B': 3, 'D': 3, 'A': 2, 'C': 2}","[0.58, 1.0, 0.79]",3.87
54,"[1, 2, 3]","[1, 3, 2]","[0.42, 0.88, 0.75]","[['C', 'D', 'B', 'A'], ['D', 'B', 'C', 'A'], ['C', 'D', 'B', 'A']]","{'B': 3, 'D': 3, 'A': 2, 'C': 2}","[0.58, 1.0, 0.79]",3.87
54,"[1, 2, 3]","[1, 3, 2]","[0.42, 0.88, 0.75]","[['C', 'D', 'B', 'A'], ['D', 'B', 'C', 'A'], ['D', 'B', 'A', 'C']]","{'B': 4, 'D': 3, 'A': 2, 'C': 1}","[0.58, 1.0, 0.79]",3.87
54,"[1, 2, 3]","[1, 3, 2]","[0.42, 0.88, 0.75]","[['C', 'D', 'B', 'A'], ['D', 'B', 'C', 'A'], ['D', 'B', 'C', 'A']]","{'B': 4, 'D': 3, 'A': 2, 'C': 1}","[0.58, 1.0, 0.79]",3.87
54,"[1, 2, 3]","[1, 3, 2]","[0.42, 0.88, 0.75]","[['C', 'D', 'B', 'A'], ['D', 'B', 'C', 'A'], ['D', 'C', 'A', 'B']]","{'B': 3, 'D': 3, 'A': 2, 'C': 2}","[0.58, 1.0, 0.79]",3.87
54,"[1, 2, 3]","[1, 3, 2]","[0.42, 0.88, 0.75]","[['C', 'D', 'B', 'A'], ['D', 'B', 'C', 'A'], ['D', 'C', 'B', 'A']]","{'B': 3, 'D': 3, 'A': 2, 'C': 2}","[0.58, 1.0, 0.79]",3.87
54,"[1, 2, 3]","[1, 3, 2]","[0.42, 0.88, 0.75]","[['C', 'D', 'B', 'A'], ['D', 'C', 'A', 'B'], ['B', 'D', 'A', 'C']]","{'B': 3, 'D': 3, 'A': 2, 'C': 2}","[0.58, 1.0, 0.79]",3.87
54,"[1, 2, 3]","[1, 3, 2]","[0.42, 0.88, 0.75]","[['C', 'D', 'B', 'A'], ['D', 'C', 'A', 'B'], ['B', 'D', 'C', 'A']]","{'B': 3, 'D': 3, 'A': 2, 'C': 2}","[0.58, 1.0, 0.79]",3.87
54,"[1, 2, 3]","[1, 3, 2]","[0.42, 0.88, 0.75]","[['C', 'D', 'B', 'A'], ['D', 'C', 'A', 'B'], ['D', 'B', 'A', 'C']]","{'B': 3, 'D': 3, 'A': 2, 'C': 2}","[0.58, 1.0, 0.79]",3.87
54,"[1, 2, 3]","[1, 3, 2]","[0.42, 0.88, 0.75]","[['C', 'D', 'B', 'A'], ['D', 'C', 'A', 'B'], ['D', 'B', 'C', 'A']]","{'B': 3, 'D': 3, 'A': 2, 'C': 2}","[0.58, 1.0, 0.79]",3.87
54,"[1, 2, 3]","[1, 3, 2]","[0.42, 0.88, 0.75]","[['C', 'D', 'B', 'A'], ['D', 'C', 'B', 'A'], ['B', 'D', 'A', 'C']]","{'B': 3, 'D': 3, 'A': 2, 'C': 2}","[0.58, 1.0, 0.79]",3.87
54,"[1, 2, 3]","[1, 3, 2]","[0.42, 0.88, 0.75]","[['C', 'D', 'B', 'A'], ['D', 'C', 'B', 'A'], ['B', 'D', 'C', 'A']]","{'B': 3, 'D': 3, 'A': 2, 'C': 2}","[0.58, 1.0, 0.79]",3.87
54,"[1, 2, 3]","[1, 3, 2]","[0.42, 0.88, 0.75]","[['C', 'D', 'B', 'A'], ['D', 'C', 'B', 'A'], ['D', 'B', 'A', 'C']]","{'B': 3, 'D': 3, 'A': 2, 'C': 2}","[0.58, 1.0, 0.79]",3.87
54,"[1, 2, 3]","[1, 3, 2]","[0.42, 0.88, 0.75]","[['C', 'D', 'B', 'A'], ['D', 'C', 'B', 'A'], ['D', 'B', 'C', 'A']]","{'B': 3, 'D': 3, 'A': 2, 'C': 2}","[0.58, 1.0, 0.79]",3.87
54,"[1, 2, 3]","[1, 3, 2]","[0.42, 0.88, 0.75]","[['D', 'B', 'A', 'C'], ['B', 'D', 'A', 'C'], ['B', 'D', 'A', 'C']]","{'B': 5, 'D': 3, 'A': 2, 'C': 0}","[0.58, 1.0, 0.79]",3.87
54,"[1, 2, 3]","[1, 3, 2]","[0.42, 0.88, 0.75]","[['D', 'B', 'A', 'C'], ['B', 'D', 'A', 'C'], ['B', 'D', 'C', 'A']]","{'B': 5, 'D': 3, 'A': 2, 'C': 0}","[0.58, 1.0, 0.79]",3.87
54,"[1, 2, 3]","[1, 3, 2]","[0.42, 0.88, 0.75]","[['D', 'B', 'A', 'C'], ['B', 'D', 'A', 'C'], ['C', 'D', 'A', 'B']]","{'B': 4, 'D': 3, 'A': 2, 'C': 1}","[0.58, 1.0, 0.79]",3.87
54,"[1, 2, 3]","[1, 3, 2]","[0.42, 0.88, 0.75]","[['D', 'B', 'A', 'C'], ['B', 'D', 'A', 'C'], ['C', 'D', 'B', 'A']]","{'B': 4, 'D': 3, 'A': 2, 'C': 1}","[0.58, 1.0, 0.79]",3.87
54,"[1, 2, 3]","[1, 3, 2]","[0.42, 0.88, 0.75]","[['D', 'B', 'A', 'C'], ['B', 'D', 'A', 'C'], ['D', 'B', 'A', 'C']]","{'B': 5, 'D': 3, 'A': 2, 'C': 0}","[0.58, 1.0, 0.79]",3.87
54,"[1, 2, 3]","[1, 3, 2]","[0.42, 0.88, 0.75]","[['D', 'B', 'A', 'C'], ['B', 'D', 'A', 'C'], ['D', 'B', 'C', 'A']]","{'B': 5, 'D': 3, 'A': 2, 'C': 0}","[0.58, 1.0, 0.79]",3.87
54,"[1, 2, 3]","[1, 3, 2]","[0.42, 0.88, 0.75]","[['D', 'B', 'A', 'C'], ['B', 'D', 'A', 'C'], ['D', 'C', 'A', 'B']]","{'B': 4, 'D': 3, 'A': 2, 'C': 1}","[0.58, 1.0, 0.79]",3.87
54,"[1, 2, 3]","[1, 3, 2]","[0.42, 0.88, 0.75]","[['D', 'B', 'A', 'C'], ['B', 'D', 'A', 'C'], ['D', 'C', 'B', 'A']]","{'B': 4, 'D': 3, 'A': 2, 'C': 1}","[0.58, 1.0, 0.79]",3.87
54,"[1, 2, 3]","[1, 3, 2]","[0.42, 0.88, 0.75]","[['D', 'B', 'A', 'C'], ['B', 'D', 'C', 'A'], ['B', 'D', 'A', 'C']]","{'B': 5, 'D': 3, 'A': 2, 'C': 0}","[0.58, 1.0, 0.79]",3.87
54,"[1, 2, 3]","[1, 3, 2]","[0.42, 0.88, 0.75]","[['D', 'B', 'A', 'C'], ['B', 'D', 'C', 'A'], ['B', 'D', 'C', 'A']]","{'B': 5, 'D': 3, 'A': 2, 'C': 0}","[0.58, 1.0, 0.79]",3.87
54,"[1, 2, 3]","[1, 3, 2]","[0.42, 0.88, 0.75]","[['D', 'B', 'A', 'C'], ['B', 'D', 'C', 'A'], ['C', 'D', 'A', 'B']]","{'B': 4, 'D': 3, 'A': 2, 'C': 1}","[0.58, 1.0, 0.79]",3.87
54,"[1, 2, 3]","[1, 3, 2]","[0.42, 0.88, 0.75]","[['D', 'B', 'A', 'C'], ['B', 'D', 'C', 'A'], ['C', 'D', 'B', 'A']]","{'B': 4, 'D': 3, 'A': 2, 'C': 1}","[0.58, 1.0, 0.79]",3.87
54,"[1, 2, 3]","[1, 3, 2]","[0.42, 0.88, 0.75]","[['D', 'B', 'A', 'C'], ['B', 'D', 'C', 'A'], ['D', 'B', 'A', 'C']]","{'B': 5, 'D': 3, 'A': 2, 'C': 0}","[0.58, 1.0, 0.79]",3.87
54,"[1, 2, 3]","[1, 3, 2]","[0.42, 0.88, 0.75]","[['D', 'B', 'A', 'C'], ['B', 'D', 'C', 'A'], ['D', 'B', 'C', 'A']]","{'B': 5, 'D': 3, 'A': 2, 'C': 0}","[0.58, 1.0, 0.79]",3.87
54,"[1, 2, 3]","[1, 3, 2]","[0.42, 0.88, 0.75]","[['D', 'B', 'A', 'C'], ['B', 'D', 'C', 'A'], ['D', 'C', 'A', 'B']]","{'B': 4, 'D': 3, 'A': 2, 'C': 1}","[0.58, 1.0, 0.79]",3.87
54,"[1, 2, 3]","[1, 3, 2]","[0.42, 0.88, 0.75]","[['D', 'B', 'A', 'C'], ['B', 'D', 'C', 'A'], ['D', 'C', 'B', 'A']]","{'B': 4, 'D': 3, 'A': 2, 'C': 1}","[0.58, 1.0, 0.79]",3.87
54,"[1, 2, 3]","[1, 3, 2]","[0.42, 0.88, 0.75]","[['D', 'B', 'A', 'C'], ['C', 'D', 'A', 'B'], ['B', 'D', 'A', 'C']]","{'B': 4, 'D': 3, 'A': 2, 'C': 1}","[0.58, 1.0, 0.79]",3.87
54,"[1, 2, 3]","[1, 3, 2]","[0.42, 0.88, 0.75]","[['D', 'B', 'A', 'C'], ['C', 'D', 'A', 'B'], ['B', 'D', 'C', 'A']]","{'B': 4, 'D': 3, 'A': 2, 'C': 1}","[0.58, 1.0, 0.79]",3.87
54,"[1, 2, 3]","[1, 3, 2]","[0.42, 0.88, 0.75]","[['D', 'B', 'A', 'C'], ['C', 'D', 'A', 'B'], ['C', 'D', 'A', 'B']]","{'B': 3, 'D': 3, 'A': 2, 'C': 2}","[0.58, 1.0, 0.79]",3.87
54,"[1, 2, 3]","[1, 3, 2]","[0.42, 0.88, 0.75]","[['D', 'B', 'A', 'C'], ['C', 'D', 'A', 'B'], ['C', 'D', 'B', 'A']]","{'B': 3, 'D': 3, 'A': 2, 'C': 2}","[0.58, 1.0, 0.79]",3.87
54,"[1, 2, 3]","[1, 3, 2]","[0.42, 0.88, 0.75]","[['D', 'B', 'A', 'C'], ['C', 'D', 'A', 'B'], ['D', 'B', 'A', 'C']]","{'B': 4, 'D': 3, 'A': 2, 'C': 1}","[0.58, 1.0, 0.79]",3.87
54,"[1, 2, 3]","[1, 3, 2]","[0.42, 0.88, 0.75]","[['D', 'B', 'A', 'C'], ['C', 'D', 'A', 'B'], ['D', 'B', 'C', 'A']]","{'B': 4, 'D': 3, 'A': 2, 'C': 1}","[0.58, 1.0, 0.79]",3.87
54,"[1, 2, 3]","[1, 3, 2]","[0.42, 0.88, 0.75]","[['D', 'B', 'A', 'C'], ['C', 'D', 'A', 'B'], ['D', 'C', 'A', 'B']]","{'B': 3, 'D': 3, 'A': 2, 'C': 2}","[0.58, 1.0, 0.79]",3.87
54,"[1, 2, 3]","[1, 3, 2]","[0.42, 0.88, 0.75]","[['D', 'B', 'A', 'C'], ['C', 'D', 'A', 'B'], ['D', 'C', 'B', 'A']]","{'B': 3, 'D': 3, 'A': 2, 'C': 2}","[0.58, 1.0, 0.79]",3.87
54,"[1, 2, 3]","[1, 3, 2]","[0.42, 0.88, 0.75]","[['D', 'B', 'A', 'C'], ['C', 'D', 'B', 'A'], ['B', 'D', 'A', 'C']]","{'B': 4, 'D': 3, 'A': 2, 'C': 1}","[0.58, 1.0, 0.79]",3.87
54,"[1, 2, 3]","[1, 3, 2]","[0.42, 0.88, 0.75]","[['D', 'B', 'A', 'C'], ['C', 'D', 'B', 'A'], ['B', 'D', 'C', 'A']]","{'B': 4, 'D': 3, 'A': 2, 'C': 1}","[0.58, 1.0, 0.79]",3.87
54,"[1, 2, 3]","[1, 3, 2]","[0.42, 0.88, 0.75]","[['D', 'B', 'A', 'C'], ['C', 'D', 'B', 'A'], ['C', 'D', 'A', 'B']]","{'B': 3, 'D': 3, 'A': 2, 'C': 2}","[0.58, 1.0, 0.79]",3.87
54,"[1, 2, 3]","[1, 3, 2]","[0.42, 0.88, 0.75]","[['D', 'B', 'A', 'C'], ['C', 'D', 'B', 'A'], ['C', 'D', 'B', 'A']]","{'B': 3, 'D': 3, 'A': 2, 'C': 2}","[0.58, 1.0, 0.79]",3.87
54,"[1, 2, 3]","[1, 3, 2]","[0.42, 0.88, 0.75]","[['D', 'B', 'A', 'C'], ['C', 'D', 'B', 'A'], ['D', 'B', 'A', 'C']]","{'B': 4, 'D': 3, 'A': 2, 'C': 1}","[0.58, 1.0, 0.79]",3.87
54,"[1, 2, 3]","[1, 3, 2]","[0.42, 0.88, 0.75]","[['D', 'B', 'A', 'C'], ['C', 'D', 'B', 'A'], ['D', 'B', 'C', 'A']]","{'B': 4, 'D': 3, 'A': 2, 'C': 1}","[0.58, 1.0, 0.79]",3.87
54,"[1, 2, 3]","[1, 3, 2]","[0.42, 0.88, 0.75]","[['D', 'B', 'A', 'C'], ['C', 'D', 'B', 'A'], ['D', 'C', 'A', 'B']]","{'B': 3, 'D': 3, 'A': 2, 'C': 2}","[0.58, 1.0, 0.79]",3.87
54,"[1, 2, 3]","[1, 3, 2]","[0.42, 0.88, 0.75]","[['D', 'B', 'A', 'C'], ['C', 'D', 'B', 'A'], ['D', 'C', 'B', 'A']]","{'B': 3, 'D': 3, 'A': 2, 'C': 2}","[0.58, 1.0, 0.79]",3.87
54,"[1, 2, 3]","[1, 3, 2]","[0.42, 0.88, 0.75]","[['D', 'B', 'A', 'C'], ['D', 'B', 'A', 'C'], ['B', 'D', 'A', 'C']]","{'B': 5, 'D': 3, 'A': 2, 'C': 0}","[0.58, 1.0, 0.79]",3.87
54,"[1, 2, 3]","[1, 3, 2]","[0.42, 0.88, 0.75]","[['D', 'B', 'A', 'C'], ['D', 'B', 'A', 'C'], ['B', 'D', 'C', 'A']]","{'B': 5, 'D': 3, 'A': 2, 'C': 0}","[0.58, 1.0, 0.79]",3.87
54,"[1, 2, 3]","[1, 3, 2]","[0.42, 0.88, 0.75]","[['D', 'B', 'A', 'C'], ['D', 'B', 'A', 'C'], ['C', 'D', 'A', 'B']]","{'B': 4, 'D': 3, 'A': 2, 'C': 1}","[0.58, 1.0, 0.79]",3.87
54,"[1, 2, 3]","[1, 3, 2]","[0.42, 0.88, 0.75]","[['D', 'B', 'A', 'C'], ['D', 'B', 'A', 'C'], ['C', 'D', 'B', 'A']]","{'B': 4, 'D': 3, 'A': 2, 'C': 1}","[0.58, 1.0, 0.79]",3.87
54,"[1, 2, 3]","[1, 3, 2]","[0.42, 0.88, 0.75]","[['D', 'B', 'A', 'C'], ['D', 'B', 'A', 'C'], ['D', 'B', 'A', 'C']]","{'B': 5, 'D': 3, 'A': 2, 'C': 0}","[0.58, 1.0, 0.79]",3.87
54,"[1, 2, 3]","[1, 3, 2]","[0.42, 0.88, 0.75]","[['D', 'B', 'A', 'C'], ['D', 'B', 'A', 'C'], ['D', 'B', 'C', 'A']]","{'B': 5, 'D': 3, 'A': 2, 'C': 0}","[0.58, 1.0, 0.79]",3.87
54,"[1, 2, 3]","[1, 3, 2]","[0.42, 0.88, 0.75]","[['D', 'B', 'A', 'C'], ['D', 'B', 'A', 'C'], ['D', 'C', 'A', 'B']]","{'B': 4, 'D': 3, 'A': 2, 'C': 1}","[0.58, 1.0, 0.79]",3.87
54,"[1, 2, 3]","[1, 3, 2]","[0.42, 0.88, 0.75]","[['D', 'B', 'A', 'C'], ['D', 'B', 'A', 'C'], ['D', 'C', 'B', 'A']]","{'B': 4, 'D': 3, 'A': 2, 'C': 1}","[0.58, 1.0, 0.79]",3.87
54,"[1, 2, 3]","[1, 3, 2]","[0.42, 0.88, 0.75]","[['D', 'B', 'A', 'C'], ['D', 'B', 'C', 'A'], ['B', 'D', 'A', 'C']]","{'B': 5, 'D': 3, 'A': 2, 'C': 0}","[0.58, 1.0, 0.79]",3.87
54,"[1, 2, 3]","[1, 3, 2]","[0.42, 0.88, 0.75]","[['D', 'B', 'A', 'C'], ['D', 'B', 'C', 'A'], ['B', 'D', 'C', 'A']]","{'B': 5, 'D': 3, 'A': 2, 'C': 0}","[0.58, 1.0, 0.79]",3.87
54,"[1, 2, 3]","[1, 3, 2]","[0.42, 0.88, 0.75]","[['D', 'B', 'A', 'C'], ['D', 'B', 'C', 'A'], ['C', 'D', 'A', 'B']]","{'B': 4, 'D': 3, 'A': 2, 'C': 1}","[0.58, 1.0, 0.79]",3.87
54,"[1, 2, 3]","[1, 3, 2]","[0.42, 0.88, 0.75]","[['D', 'B', 'A', 'C'], ['D', 'B', 'C', 'A'], ['C', 'D', 'B', 'A']]","{'B': 4, 'D': 3, 'A': 2, 'C': 1}","[0.58, 1.0, 0.79]",3.87
54,"[1, 2, 3]","[1, 3, 2]","[0.42, 0.88, 0.75]","[['D', 'B', 'A', 'C'], ['D', 'B', 'C', 'A'], ['D', 'B', 'A', 'C']]","{'B': 5, 'D': 3, 'A': 2, 'C': 0}","[0.58, 1.0, 0.79]",3.87
54,"[1, 2, 3]","[1, 3, 2]","[0.42, 0.88, 0.75]","[['D', 'B', 'A', 'C'], ['D', 'B', 'C', 'A'], ['D', 'B', 'C', 'A']]","{'B': 5, 'D': 3, 'A': 2, 'C': 0}","[0.58, 1.0, 0.79]",3.87
54,"[1, 2, 3]","[1, 3, 2]","[0.42, 0.88, 0.75]","[['D', 'B', 'A', 'C'], ['D', 'B', 'C', 'A'], ['D', 'C', 'A', 'B']]","{'B': 4, 'D': 3, 'A': 2, 'C': 1}","[0.58, 1.0, 0.79]",3.87
54,"[1, 2, 3]","[1, 3, 2]","[0.42, 0.88, 0.75]","[['D', 'B', 'A', 'C'], ['D', 'B', 'C', 'A'], ['D', 'C', 'B', 'A']]","{'B': 4, 'D': 3, 'A': 2, 'C': 1}","[0.58, 1.0, 0.79]",3.87
54,"[1, 2, 3]","[1, 3, 2]","[0.42, 0.88, 0.75]","[['D', 'B', 'A', 'C'], ['D', 'C', 'A', 'B'], ['B', 'D', 'A', 'C']]","{'B': 4, 'D': 3, 'A': 2, 'C': 1}","[0.58, 1.0, 0.79]",3.87
54,"[1, 2, 3]","[1, 3, 2]","[0.42, 0.88, 0.75]","[['D', 'B', 'A', 'C'], ['D', 'C', 'A', 'B'], ['B', 'D', 'C', 'A']]","{'B': 4, 'D': 3, 'A': 2, 'C': 1}","[0.58, 1.0, 0.79]",3.87
54,"[1, 2, 3]","[1, 3, 2]","[0.42, 0.88, 0.75]","[['D', 'B', 'A', 'C'], ['D', 'C', 'A', 'B'], ['C', 'D', 'A', 'B']]","{'B': 3, 'D': 3, 'A': 2, 'C': 2}","[0.58, 1.0, 0.79]",3.87
54,"[1, 2, 3]","[1, 3, 2]","[0.42, 0.88, 0.75]","[['D', 'B', 'A', 'C'], ['D', 'C', 'A', 'B'], ['C', 'D', 'B', 'A']]","{'B': 3, 'D': 3, 'A': 2, 'C': 2}","[0.58, 1.0, 0.79]",3.87
54,"[1, 2, 3]","[1, 3, 2]","[0.42, 0.88, 0.75]","[['D', 'B', 'A', 'C'], ['D', 'C', 'A', 'B'], ['D', 'B', 'A', 'C']]","{'B': 4, 'D': 3, 'A': 2, 'C': 1}","[0.58, 1.0, 0.79]",3.87
54,"[1, 2, 3]","[1, 3, 2]","[0.42, 0.88, 0.75]","[['D', 'B', 'A', 'C'], ['D', 'C', 'A', 'B'], ['D', 'B', 'C', 'A']]","{'B': 4, 'D': 3, 'A': 2, 'C': 1}","[0.58, 1.0, 0.79]",3.87
54,"[1, 2, 3]","[1, 3, 2]","[0.42, 0.88, 0.75]","[['D', 'B', 'A', 'C'], ['D', 'C', 'A', 'B'], ['D', 'C', 'A', 'B']]","{'B': 3, 'D': 3, 'A': 2, 'C': 2}","[0.58, 1.0, 0.79]",3.87
54,"[1, 2, 3]","[1, 3, 2]","[0.42, 0.88, 0.75]","[['D', 'B', 'A', 'C'], ['D', 'C', 'A', 'B'], ['D', 'C', 'B', 'A']]","{'B': 3, 'D': 3, 'A': 2, 'C': 2}","[0.58, 1.0, 0.79]",3.87
54,"[1, 2, 3]","[1, 3, 2]","[0.42, 0.88, 0.75]","[['D', 'B', 'A', 'C'], ['D', 'C', 'B', 'A'], ['B', 'D', 'A', 'C']]","{'B': 4, 'D': 3, 'A': 2, 'C': 1}","[0.58, 1.0, 0.79]",3.87
54,"[1, 2, 3]","[1, 3, 2]","[0.42, 0.88, 0.75]","[['D', 'B', 'A', 'C'], ['D', 'C', 'B', 'A'], ['B', 'D', 'C', 'A']]","{'B': 4, 'D': 3, 'A': 2, 'C': 1}","[0.58, 1.0, 0.79]",3.87
54,"[1, 2, 3]","[1, 3, 2]","[0.42, 0.88, 0.75]","[['D', 'B', 'A', 'C'], ['D', 'C', 'B', 'A'], ['C', 'D', 'A', 'B']]","{'B': 3, 'D': 3, 'A': 2, 'C': 2}","[0.58, 1.0, 0.79]",3.87
54,"[1, 2, 3]","[1, 3, 2]","[0.42, 0.88, 0.75]","[['D', 'B', 'A', 'C'], ['D', 'C', 'B', 'A'], ['C', 'D', 'B', 'A']]","{'B': 3, 'D': 3, 'A': 2, 'C': 2}","[0.58, 1.0, 0.79]",3.87
54,"[1, 2, 3]","[1, 3, 2]","[0.42, 0.88, 0.75]","[['D', 'B', 'A', 'C'], ['D', 'C', 'B', 'A'], ['D', 'B', 'A', 'C']]","{'B': 4, 'D': 3, 'A': 2, 'C': 1}","[0.58, 1.0, 0.79]",3.87
54,"[1, 2, 3]","[1, 3, 2]","[0.42, 0.88, 0.75]","[['D', 'B', 'A', 'C'], ['D', 'C', 'B', 'A'], ['D', 'B', 'C', 'A']]","{'B': 4, 'D': 3, 'A': 2, 'C': 1}","[0.58, 1.0, 0.79]",3.87
54,"[1, 2, 3]","[1, 3, 2]","[0.42, 0.88, 0.75]","[['D', 'B', 'A', 'C'], ['D', 'C', 'B', 'A'], ['D', 'C', 'A', 'B']]","{'B': 3, 'D': 3, 'A': 2, 'C': 2}","[0.58, 1.0, 0.79]",3.87
54,"[1, 2, 3]","[1, 3, 2]","[0.42, 0.88, 0.75]","[['D', 'B', 'A', 'C'], ['D', 'C', 'B', 'A'], ['D', 'C', 'B', 'A']]","{'B': 3, 'D': 3, 'A': 2, 'C': 2}","[0.58, 1.0, 0.79]",3.87
54,"[1, 2, 3]","[1, 3, 2]","[0.42, 0.88, 0.75]","[['D', 'B', 'C', 'A'], ['B', 'D', 'A', 'C'], ['B', 'D', 'A', 'C']]","{'B': 5, 'D': 3, 'A': 2, 'C': 0}","[0.58, 1.0, 0.79]",3.87
54,"[1, 2, 3]","[1, 3, 2]","[0.42, 0.88, 0.75]","[['D', 'B', 'C', 'A'], ['B', 'D', 'A', 'C'], ['B', 'D', 'C', 'A']]","{'B': 5, 'D': 3, 'A': 2, 'C': 0}","[0.58, 1.0, 0.79]",3.87
54,"[1, 2, 3]","[1, 3, 2]","[0.42, 0.88, 0.75]","[['D', 'B', 'C', 'A'], ['B', 'D', 'A', 'C'], ['C', 'D', 'A', 'B']]","{'B': 4, 'D': 3, 'A': 2, 'C': 1}","[0.58, 1.0, 0.79]",3.87
54,"[1, 2, 3]","[1, 3, 2]","[0.42, 0.88, 0.75]","[['D', 'B', 'C', 'A'], ['B', 'D', 'A', 'C'], ['C', 'D', 'B', 'A']]","{'B': 4, 'D': 3, 'A': 2, 'C': 1}","[0.58, 1.0, 0.79]",3.87
54,"[1, 2, 3]","[1, 3, 2]","[0.42, 0.88, 0.75]","[['D', 'B', 'C', 'A'], ['B', 'D', 'A', 'C'], ['D', 'B', 'A', 'C']]","{'B': 5, 'D': 3, 'A': 2, 'C': 0}","[0.58, 1.0, 0.79]",3.87
54,"[1, 2, 3]","[1, 3, 2]","[0.42, 0.88, 0.75]","[['D', 'B', 'C', 'A'], ['B', 'D', 'A', 'C'], ['D', 'B', 'C', 'A']]","{'B': 5, 'D': 3, 'A': 2, 'C': 0}","[0.58, 1.0, 0.79]",3.87
54,"[1, 2, 3]","[1, 3, 2]","[0.42, 0.88, 0.75]","[['D', 'B', 'C', 'A'], ['B', 'D', 'A', 'C'], ['D', 'C', 'A', 'B']]","{'B': 4, 'D': 3, 'A': 2, 'C': 1}","[0.58, 1.0, 0.79]",3.87
54,"[1, 2, 3]","[1, 3, 2]","[0.42, 0.88, 0.75]","[['D', 'B', 'C', 'A'], ['B', 'D', 'A', 'C'], ['D', 'C', 'B', 'A']]","{'B': 4, 'D': 3, 'A': 2, 'C': 1}","[0.58, 1.0, 0.79]",3.87
54,"[1, 2, 3]","[1, 3, 2]","[0.42, 0.88, 0.75]","[['D', 'B', 'C', 'A'], ['B', 'D', 'C', 'A'], ['B', 'D', 'A', 'C']]","{'B': 5, 'D': 3, 'A': 2, 'C': 0}","[0.58, 1.0, 0.79]",3.87
54,"[1, 2, 3]","[1, 3, 2]","[0.42, 0.88, 0.75]","[['D', 'B', 'C', 'A'], ['B', 'D', 'C', 'A'], ['B', 'D', 'C', 'A']]","{'B': 5, 'D': 3, 'A': 2, 'C': 0}","[0.58, 1.0, 0.79]",3.87
54,"[1, 2, 3]","[1, 3, 2]","[0.42, 0.88, 0.75]","[['D', 'B', 'C', 'A'], ['B', 'D', 'C', 'A'], ['C', 'D', 'A', 'B']]","{'B': 4, 'D': 3, 'A': 2, 'C': 1}","[0.58, 1.0, 0.79]",3.87
54,"[1, 2, 3]","[1, 3, 2]","[0.42, 0.88, 0.75]","[['D', 'B', 'C', 'A'], ['B', 'D', 'C', 'A'], ['C', 'D', 'B', 'A']]","{'B': 4, 'D': 3, 'A': 2, 'C': 1}","[0.58, 1.0, 0.79]",3.87
54,"[1, 2, 3]","[1, 3, 2]","[0.42, 0.88, 0.75]","[['D', 'B', 'C', 'A'], ['B', 'D', 'C', 'A'], ['D', 'B', 'A', 'C']]","{'B': 5, 'D': 3, 'A': 2, 'C': 0}","[0.58, 1.0, 0.79]",3.87
54,"[1, 2, 3]","[1, 3, 2]","[0.42, 0.88, 0.75]","[['D', 'B', 'C', 'A'], ['B', 'D', 'C', 'A'], ['D', 'B', 'C', 'A']]","{'B': 5, 'D': 3, 'A': 2, 'C': 0}","[0.58, 1.0, 0.79]",3.87
54,"[1, 2, 3]","[1, 3, 2]","[0.42, 0.88, 0.75]","[['D', 'B', 'C', 'A'], ['B', 'D', 'C', 'A'], ['D', 'C', 'A', 'B']]","{'B': 4, 'D': 3, 'A': 2, 'C': 1}","[0.58, 1.0, 0.79]",3.87
54,"[1, 2, 3]","[1, 3, 2]","[0.42, 0.88, 0.75]","[['D', 'B', 'C', 'A'], ['B', 'D', 'C', 'A'], ['D', 'C', 'B', 'A']]","{'B': 4, 'D': 3, 'A': 2, 'C': 1}","[0.58, 1.0, 0.79]",3.87
54,"[1, 2, 3]","[1, 3, 2]","[0.42, 0.88, 0.75]","[['D', 'B', 'C', 'A'], ['C', 'D', 'A', 'B'], ['B', 'D', 'A', 'C']]","{'B': 4, 'D': 3, 'A': 2, 'C': 1}","[0.58, 1.0, 0.79]",3.87
54,"[1, 2, 3]","[1, 3, 2]","[0.42, 0.88, 0.75]","[['D', 'B', 'C', 'A'], ['C', 'D', 'A', 'B'], ['B', 'D', 'C', 'A']]","{'B': 4, 'D': 3, 'A': 2, 'C': 1}","[0.58, 1.0, 0.79]",3.87
54,"[1, 2, 3]","[1, 3, 2]","[0.42, 0.88, 0.75]","[['D', 'B', 'C', 'A'], ['C', 'D', 'A', 'B'], ['C', 'D', 'A', 'B']]","{'B': 3, 'D': 3, 'A': 2, 'C': 2}","[0.58, 1.0, 0.79]",3.87
54,"[1, 2, 3]","[1, 3, 2]","[0.42, 0.88, 0.75]","[['D', 'B', 'C', 'A'], ['C', 'D', 'A', 'B'], ['C', 'D', 'B', 'A']]","{'B': 3, 'D': 3, 'A': 2, 'C': 2}","[0.58, 1.0, 0.79]",3.87
54,"[1, 2, 3]","[1, 3, 2]","[0.42, 0.88, 0.75]","[['D', 'B', 'C', 'A'], ['C', 'D', 'A', 'B'], ['D', 'B', 'A', 'C']]","{'B': 4, 'D': 3, 'A': 2, 'C': 1}","[0.58, 1.0, 0.79]",3.87
54,"[1, 2, 3]","[1, 3, 2]","[0.42, 0.88, 0.75]","[['D', 'B', 'C', 'A'], ['C', 'D', 'A', 'B'], ['D', 'B', 'C', 'A']]","{'B': 4, 'D': 3, 'A': 2, 'C': 1}","[0.58, 1.0, 0.79]",3.87
54,"[1, 2, 3]","[1, 3, 2]","[0.42, 0.88, 0.75]","[['D', 'B', 'C', 'A'], ['C', 'D', 'A', 'B'], ['D', 'C', 'A', 'B']]","{'B': 3, 'D': 3, 'A': 2, 'C': 2}","[0.58, 1.0, 0.79]",3.87
54,"[1, 2, 3]","[1, 3, 2]","[0.42, 0.88, 0.75]","[['D', 'B', 'C', 'A'], ['C', 'D', 'A', 'B'], ['D', 'C', 'B', 'A']]","{'B': 3, 'D': 3, 'A': 2, 'C': 2}","[0.58, 1.0, 0.79]",3.87
54,"[1, 2, 3]","[1, 3, 2]","[0.42, 0.88, 0.75]","[['D', 'B', 'C', 'A'], ['C', 'D', 'B', 'A'], ['B', 'D', 'A', 'C']]","{'B': 4, 'D': 3, 'A': 2, 'C': 1}","[0.58, 1.0, 0.79]",3.87
54,"[1, 2, 3]","[1, 3, 2]","[0.42, 0.88, 0.75]","[['D', 'B', 'C', 'A'], ['C', 'D', 'B', 'A'], ['B', 'D', 'C', 'A']]","{'B': 4, 'D': 3, 'A': 2, 'C': 1}","[0.58, 1.0, 0.79]",3.87
54,"[1, 2, 3]","[1, 3, 2]","[0.42, 0.88, 0.75]","[['D', 'B', 'C', 'A'], ['C', 'D', 'B', 'A'], ['C', 'D', 'A', 'B']]","{'B': 3, 'D': 3, 'A': 2, 'C': 2}","[0.58, 1.0, 0.79]",3.87
54,"[1, 2, 3]","[1, 3, 2]","[0.42, 0.88, 0.75]","[['D', 'B', 'C', 'A'], ['C', 'D', 'B', 'A'], ['C', 'D', 'B', 'A']]","{'B': 3, 'D': 3, 'A': 2, 'C': 2}","[0.58, 1.0, 0.79]",3.87
54,"[1, 2, 3]","[1, 3, 2]","[0.42, 0.88, 0.75]","[['D', 'B', 'C', 'A'], ['C', 'D', 'B', 'A'], ['D', 'B', 'A', 'C']]","{'B': 4, 'D': 3, 'A': 2, 'C': 1}","[0.58, 1.0, 0.79]",3.87
54,"[1, 2, 3]","[1, 3, 2]","[0.42, 0.88, 0.75]","[['D', 'B', 'C', 'A'], ['C', 'D', 'B', 'A'], ['D', 'B', 'C', 'A']]","{'B': 4, 'D': 3, 'A': 2, 'C': 1}","[0.58, 1.0, 0.79]",3.87
54,"[1, 2, 3]","[1, 3, 2]","[0.42, 0.88, 0.75]","[['D', 'B', 'C', 'A'], ['C', 'D', 'B', 'A'], ['D', 'C', 'A', 'B']]","{'B': 3, 'D': 3, 'A': 2, 'C': 2}","[0.58, 1.0, 0.79]",3.87
54,"[1, 2, 3]","[1, 3, 2]","[0.42, 0.88, 0.75]","[['D', 'B', 'C', 'A'], ['C', 'D', 'B', 'A'], ['D', 'C', 'B', 'A']]","{'B': 3, 'D': 3, 'A': 2, 'C': 2}","[0.58, 1.0, 0.79]",3.87
54,"[1, 2, 3]","[1, 3, 2]","[0.42, 0.88, 0.75]","[['D', 'B', 'C', 'A'], ['D', 'B', 'A', 'C'], ['B', 'D', 'A', 'C']]","{'B': 5, 'D': 3, 'A': 2, 'C': 0}","[0.58, 1.0, 0.79]",3.87
54,"[1, 2, 3]","[1, 3, 2]","[0.42, 0.88, 0.75]","[['D', 'B', 'C', 'A'], ['D', 'B', 'A', 'C'], ['B', 'D', 'C', 'A']]","{'B': 5, 'D': 3, 'A': 2, 'C': 0}","[0.58, 1.0, 0.79]",3.87
54,"[1, 2, 3]","[1, 3, 2]","[0.42, 0.88, 0.75]","[['D', 'B', 'C', 'A'], ['D', 'B', 'A', 'C'], ['C', 'D', 'A', 'B']]","{'B': 4, 'D': 3, 'A': 2, 'C': 1}","[0.58, 1.0, 0.79]",3.87
54,"[1, 2, 3]","[1, 3, 2]","[0.42, 0.88, 0.75]","[['D', 'B', 'C', 'A'], ['D', 'B', 'A', 'C'], ['C', 'D', 'B', 'A']]","{'B': 4, 'D': 3, 'A': 2, 'C': 1}","[0.58, 1.0, 0.79]",3.87
54,"[1, 2, 3]","[1, 3, 2]","[0.42, 0.88, 0.75]","[['D', 'B', 'C', 'A'], ['D', 'B', 'A', 'C'], ['D', 'B', 'A', 'C']]","{'B': 5, 'D': 3, 'A': 2, 'C': 0}","[0.58, 1.0, 0.79]",3.87
54,"[1, 2, 3]","[1, 3, 2]","[0.42, 0.88, 0.75]","[['D', 'B', 'C', 'A'], ['D', 'B', 'A', 'C'], ['D', 'B', 'C', 'A']]","{'B': 5, 'D': 3, 'A': 2, 'C': 0}","[0.58, 1.0, 0.79]",3.87
54,"[1, 2, 3]","[1, 3, 2]","[0.42, 0.88, 0.75]","[['D', 'B', 'C', 'A'], ['D', 'B', 'A', 'C'], ['D', 'C', 'A', 'B']]","{'B': 4, 'D': 3, 'A': 2, 'C': 1}","[0.58, 1.0, 0.79]",3.87
54,"[1, 2, 3]","[1, 3, 2]","[0.42, 0.88, 0.75]","[['D', 'B', 'C', 'A'], ['D', 'B', 'A', 'C'], ['D', 'C', 'B', 'A']]","{'B': 4, 'D': 3, 'A': 2, 'C': 1}","[0.58, 1.0, 0.79]",3.87
54,"[1, 2, 3]","[1, 3, 2]","[0.42, 0.88, 0.75]","[['D', 'B', 'C', 'A'], ['D', 'B', 'C', 'A'], ['B', 'D', 'A', 'C']]","{'B': 5, 'D': 3, 'A': 2, 'C': 0}","[0.58, 1.0, 0.79]",3.87
54,"[1, 2, 3]","[1, 3, 2]","[0.42, 0.88, 0.75]","[['D', 'B', 'C', 'A'], ['D', 'B', 'C', 'A'], ['B', 'D', 'C', 'A']]","{'B': 5, 'D': 3, 'A': 2, 'C': 0}","[0.58, 1.0, 0.79]",3.87
54,"[1, 2, 3]","[1, 3, 2]","[0.42, 0.88, 0.75]","[['D', 'B', 'C', 'A'], ['D', 'B', 'C', 'A'], ['C', 'D', 'A', 'B']]","{'B': 4, 'D': 3, 'A': 2, 'C': 1}","[0.58, 1.0, 0.79]",3.87
54,"[1, 2, 3]","[1, 3, 2]","[0.42, 0.88, 0.75]","[['D', 'B', 'C', 'A'], ['D', 'B', 'C', 'A'], ['C', 'D', 'B', 'A']]","{'B': 4, 'D': 3, 'A': 2, 'C': 1}","[0.58, 1.0, 0.79]",3.87
54,"[1, 2, 3]","[1, 3, 2]","[0.42, 0.88, 0.75]","[['D', 'B', 'C', 'A'], ['D', 'B', 'C', 'A'], ['D', 'B', 'A', 'C']]","{'B': 5, 'D': 3, 'A': 2, 'C': 0}","[0.58, 1.0, 0.79]",3.87
54,"[1, 2, 3]","[1, 3, 2]","[0.42, 0.88, 0.75]","[['D', 'B', 'C', 'A'], ['D', 'B', 'C', 'A'], ['D', 'B', 'C', 'A']]","{'B': 5, 'D': 3, 'A': 2, 'C': 0}","[0.58, 1.0, 0.79]",3.87
54,"[1, 2, 3]","[1, 3, 2]","[0.42, 0.88, 0.75]","[['D', 'B', 'C', 'A'], ['D', 'B', 'C', 'A'], ['D', 'C', 'A', 'B']]","{'B': 4, 'D': 3, 'A': 2, 'C': 1}","[0.58, 1.0, 0.79]",3.87
54,"[1, 2, 3]","[1, 3, 2]","[0.42, 0.88, 0.75]","[['D', 'B', 'C', 'A'], ['D', 'B', 'C', 'A'], ['D', 'C', 'B', 'A']]","{'B': 4, 'D': 3, 'A': 2, 'C': 1}","[0.58, 1.0, 0.79]",3.87
54,"[1, 2, 3]","[1, 3, 2]","[0.42, 0.88, 0.75]","[['D', 'B', 'C', 'A'], ['D', 'C', 'A', 'B'], ['B', 'D', 'A', 'C']]","{'B': 4, 'D': 3, 'A': 2, 'C': 1}","[0.58, 1.0, 0.79]",3.87
54,"[1, 2, 3]","[1, 3, 2]","[0.42, 0.88, 0.75]","[['D', 'B', 'C', 'A'], ['D', 'C', 'A', 'B'], ['B', 'D', 'C', 'A']]","{'B': 4, 'D': 3, 'A': 2, 'C': 1}","[0.58, 1.0, 0.79]",3.87
54,"[1, 2, 3]","[1, 3, 2]","[0.42, 0.88, 0.75]","[['D', 'B', 'C', 'A'], ['D', 'C', 'A', 'B'], ['C', 'D', 'A', 'B']]","{'B': 3, 'D': 3, 'A': 2, 'C': 2}","[0.58, 1.0, 0.79]",3.87
54,"[1, 2, 3]","[1, 3, 2]","[0.42, 0.88, 0.75]","[['D', 'B', 'C', 'A'], ['D', 'C', 'A', 'B'], ['C', 'D', 'B', 'A']]","{'B': 3, 'D': 3, 'A': 2, 'C': 2}","[0.58, 1.0, 0.79]",3.87
54,"[1, 2, 3]","[1, 3, 2]","[0.42, 0.88, 0.75]","[['D', 'B', 'C', 'A'], ['D', 'C', 'A', 'B'], ['D', 'B', 'A', 'C']]","{'B': 4, 'D': 3, 'A': 2, 'C': 1}","[0.58, 1.0, 0.79]",3.87
54,"[1, 2, 3]","[1, 3, 2]","[0.42, 0.88, 0.75]","[['D', 'B', 'C', 'A'], ['D', 'C', 'A', 'B'], ['D', 'B', 'C', 'A']]","{'B': 4, 'D': 3, 'A': 2, 'C': 1}","[0.58, 1.0, 0.79]",3.87
54,"[1, 2, 3]","[1, 3, 2]","[0.42, 0.88, 0.75]","[['D', 'B', 'C', 'A'], ['D', 'C', 'A', 'B'], ['D', 'C', 'A', 'B']]","{'B': 3, 'D': 3, 'A': 2, 'C': 2}","[0.58, 1.0, 0.79]",3.87
54,"[1, 2, 3]","[1, 3, 2]","[0.42, 0.88, 0.75]","[['D', 'B', 'C', 'A'], ['D', 'C', 'A', 'B'], ['D', 'C', 'B', 'A']]","{'B': 3, 'D': 3, 'A': 2, 'C': 2}","[0.58, 1.0, 0.79]",3.87
54,"[1, 2, 3]","[1, 3, 2]","[0.42, 0.88, 0.75]","[['D', 'B', 'C', 'A'], ['D', 'C', 'B', 'A'], ['B', 'D', 'A', 'C']]","{'B': 4, 'D': 3, 'A': 2, 'C': 1}","[0.58, 1.0, 0.79]",3.87
54,"[1, 2, 3]","[1, 3, 2]","[0.42, 0.88, 0.75]","[['D', 'B', 'C', 'A'], ['D', 'C', 'B', 'A'], ['B', 'D', 'C', 'A']]","{'B': 4, 'D': 3, 'A': 2, 'C': 1}","[0.58, 1.0, 0.79]",3.87
54,"[1, 2, 3]","[1, 3, 2]","[0.42, 0.88, 0.75]","[['D', 'B', 'C', 'A'], ['D', 'C', 'B', 'A'], ['C', 'D', 'A', 'B']]","{'B': 3, 'D': 3, 'A': 2, 'C': 2}","[0.58, 1.0, 0.79]",3.87
54,"[1, 2, 3]","[1, 3, 2]","[0.42, 0.88, 0.75]","[['D', 'B', 'C', 'A'], ['D', 'C', 'B', 'A'], ['C', 'D', 'B', 'A']]","{'B': 3, 'D': 3, 'A': 2, 'C': 2}","[0.58, 1.0, 0.79]",3.87
54,"[1, 2, 3]","[1, 3, 2]","[0.42, 0.88, 0.75]","[['D', 'B', 'C', 'A'], ['D', 'C', 'B', 'A'], ['D', 'B', 'A', 'C']]","{'B': 4, 'D': 3, 'A': 2, 'C': 1}","[0.58, 1.0, 0.79]",3.87
54,"[1, 2, 3]","[1, 3, 2]","[0.42, 0.88, 0.75]","[['D', 'B', 'C', 'A'], ['D', 'C', 'B', 'A'], ['D', 'B', 'C', 'A']]","{'B': 4, 'D': 3, 'A': 2, 'C': 1}","[0.58, 1.0, 0.79]",3.87
54,"[1, 2, 3]","[1, 3, 2]","[0.42, 0.88, 0.75]","[['D', 'B', 'C', 'A'], ['D', 'C', 'B', 'A'], ['D', 'C', 'A', 'B']]","{'B': 3, 'D': 3, 'A': 2, 'C': 2}","[0.58, 1.0, 0.79]",3.87
54,"[1, 2, 3]","[1, 3, 2]","[0.42, 0.88, 0.75]","[['D', 'B', 'C', 'A'], ['D', 'C', 'B', 'A'], ['D', 'C', 'B', 'A']]","{'B': 3, 'D': 3, 'A': 2, 'C': 2}","[0.58, 1.0, 0.79]",3.87
54,"[1, 2, 3]","[1, 3, 2]","[0.42, 0.88, 0.75]","[['D', 'C', 'A', 'B'], ['B', 'D', 'A', 'C'], ['B', 'D', 'A', 'C']]","{'B': 4, 'D': 3, 'A': 2, 'C': 1}","[0.58, 1.0, 0.79]",3.87
54,"[1, 2, 3]","[1, 3, 2]","[0.42, 0.88, 0.75]","[['D', 'C', 'A', 'B'], ['B', 'D', 'A', 'C'], ['B', 'D', 'C', 'A']]","{'B': 4, 'D': 3, 'A': 2, 'C': 1}","[0.58, 1.0, 0.79]",3.87
54,"[1, 2, 3]","[1, 3, 2]","[0.42, 0.88, 0.75]","[['D', 'C', 'A', 'B'], ['B', 'D', 'A', 'C'], ['C', 'D', 'A', 'B']]","{'B': 3, 'D': 3, 'A': 2, 'C': 2}","[0.58, 1.0, 0.79]",3.87
54,"[1, 2, 3]","[1, 3, 2]","[0.42, 0.88, 0.75]","[['D', 'C', 'A', 'B'], ['B', 'D', 'A', 'C'], ['C', 'D', 'B', 'A']]","{'B': 3, 'D': 3, 'A': 2, 'C': 2}","[0.58, 1.0, 0.79]",3.87
54,"[1, 2, 3]","[1, 3, 2]","[0.42, 0.88, 0.75]","[['D', 'C', 'A', 'B'], ['B', 'D', 'A', 'C'], ['D', 'B', 'A', 'C']]","{'B': 4, 'D': 3, 'A': 2, 'C': 1}","[0.58, 1.0, 0.79]",3.87
54,"[1, 2, 3]","[1, 3, 2]","[0.42, 0.88, 0.75]","[['D', 'C', 'A', 'B'], ['B', 'D', 'A', 'C'], ['D', 'B', 'C', 'A']]","{'B': 4, 'D': 3, 'A': 2, 'C': 1}","[0.58, 1.0, 0.79]",3.87
54,"[1, 2, 3]","[1, 3, 2]","[0.42, 0.88, 0.75]","[['D', 'C', 'A', 'B'], ['B', 'D', 'A', 'C'], ['D', 'C', 'A', 'B']]","{'B': 3, 'D': 3, 'A': 2, 'C': 2}","[0.58, 1.0, 0.79]",3.87
54,"[1, 2, 3]","[1, 3, 2]","[0.42, 0.88, 0.75]","[['D', 'C', 'A', 'B'], ['B', 'D', 'A', 'C'], ['D', 'C', 'B', 'A']]","{'B': 3, 'D': 3, 'A': 2, 'C': 2}","[0.58, 1.0, 0.79]",3.87
54,"[1, 2, 3]","[1, 3, 2]","[0.42, 0.88, 0.75]","[['D', 'C', 'A', 'B'], ['B', 'D', 'C', 'A'], ['B', 'D', 'A', 'C']]","{'B': 4, 'D': 3, 'A': 2, 'C': 1}","[0.58, 1.0, 0.79]",3.87
54,"[1, 2, 3]","[1, 3, 2]","[0.42, 0.88, 0.75]","[['D', 'C', 'A', 'B'], ['B', 'D', 'C', 'A'], ['B', 'D', 'C', 'A']]","{'B': 4, 'D': 3, 'A': 2, 'C': 1}","[0.58, 1.0, 0.79]",3.87
54,"[1, 2, 3]","[1, 3, 2]","[0.42, 0.88, 0.75]","[['D', 'C', 'A', 'B'], ['B', 'D', 'C', 'A'], ['C', 'D', 'A', 'B']]","{'B': 3, 'D': 3, 'A': 2, 'C': 2}","[0.58, 1.0, 0.79]",3.87
54,"[1, 2, 3]","[1, 3, 2]","[0.42, 0.88, 0.75]","[['D', 'C', 'A', 'B'], ['B', 'D', 'C', 'A'], ['C', 'D', 'B', 'A']]","{'B': 3, 'D': 3, 'A': 2, 'C': 2}","[0.58, 1.0, 0.79]",3.87
54,"[1, 2, 3]","[1, 3, 2]","[0.42, 0.88, 0.75]","[['D', 'C', 'A', 'B'], ['B', 'D', 'C', 'A'], ['D', 'B', 'A', 'C']]","{'B': 4, 'D': 3, 'A': 2, 'C': 1}","[0.58, 1.0, 0.79]",3.87
54,"[1, 2, 3]","[1, 3, 2]","[0.42, 0.88, 0.75]","[['D', 'C', 'A', 'B'], ['B', 'D', 'C', 'A'], ['D', 'B', 'C', 'A']]","{'B': 4, 'D': 3, 'A': 2, 'C': 1}","[0.58, 1.0, 0.79]",3.87
54,"[1, 2, 3]","[1, 3, 2]","[0.42, 0.88, 0.75]","[['D', 'C', 'A', 'B'], ['B', 'D', 'C', 'A'], ['D', 'C', 'A', 'B']]","{'B': 3, 'D': 3, 'A': 2, 'C': 2}","[0.58, 1.0, 0.79]",3.87
54,"[1, 2, 3]","[1, 3, 2]","[0.42, 0.88, 0.75]","[['D', 'C', 'A', 'B'], ['B', 'D', 'C', 'A'], ['D', 'C', 'B', 'A']]","{'B': 3, 'D': 3, 'A': 2, 'C': 2}","[0.58, 1.0, 0.79]",3.87
54,"[1, 2, 3]","[1, 3, 2]","[0.42, 0.88, 0.75]","[['D', 'C', 'A', 'B'], ['C', 'D', 'A', 'B'], ['B', 'D', 'A', 'C']]","{'B': 3, 'D': 3, 'A': 2, 'C': 2}","[0.58, 1.0, 0.79]",3.87
54,"[1, 2, 3]","[1, 3, 2]","[0.42, 0.88, 0.75]","[['D', 'C', 'A', 'B'], ['C', 'D', 'A', 'B'], ['B', 'D', 'C', 'A']]","{'B': 3, 'D': 3, 'A': 2, 'C': 2}","[0.58, 1.0, 0.79]",3.87
54,"[1, 2, 3]","[1, 3, 2]","[0.42, 0.88, 0.75]","[['D', 'C', 'A', 'B'], ['C', 'D', 'A', 'B'], ['D', 'B', 'A', 'C']]","{'B': 3, 'D': 3, 'A': 2, 'C': 2}","[0.58, 1.0, 0.79]",3.87
54,"[1, 2, 3]","[1, 3, 2]","[0.42, 0.88, 0.75]","[['D', 'C', 'A', 'B'], ['C', 'D', 'A', 'B'], ['D', 'B', 'C', 'A']]","{'B': 3, 'D': 3, 'A': 2, 'C': 2}","[0.58, 1.0, 0.79]",3.87
54,"[1, 2, 3]","[1, 3, 2]","[0.42, 0.88, 0.75]","[['D', 'C', 'A', 'B'], ['C', 'D', 'B', 'A'], ['B', 'D', 'A', 'C']]","{'B': 3, 'D': 3, 'A': 2, 'C': 2}","[0.58, 1.0, 0.79]",3.87
54,"[1, 2, 3]","[1, 3, 2]","[0.42, 0.88, 0.75]","[['D', 'C', 'A', 'B'], ['C', 'D', 'B', 'A'], ['B', 'D', 'C', 'A']]","{'B': 3, 'D': 3, 'A': 2, 'C': 2}","[0.58, 1.0, 0.79]",3.87
54,"[1, 2, 3]","[1, 3, 2]","[0.42, 0.88, 0.75]","[['D', 'C', 'A', 'B'], ['C', 'D', 'B', 'A'], ['D', 'B', 'A', 'C']]","{'B': 3, 'D': 3, 'A': 2, 'C': 2}","[0.58, 1.0, 0.79]",3.87
54,"[1, 2, 3]","[1, 3, 2]","[0.42, 0.88, 0.75]","[['D', 'C', 'A', 'B'], ['C', 'D', 'B', 'A'], ['D', 'B', 'C', 'A']]","{'B': 3, 'D': 3, 'A': 2, 'C': 2}","[0.58, 1.0, 0.79]",3.87
54,"[1, 2, 3]","[1, 3, 2]","[0.42, 0.88, 0.75]","[['D', 'C', 'A', 'B'], ['D', 'B', 'A', 'C'], ['B', 'D', 'A', 'C']]","{'B': 4, 'D': 3, 'A': 2, 'C': 1}","[0.58, 1.0, 0.79]",3.87
54,"[1, 2, 3]","[1, 3, 2]","[0.42, 0.88, 0.75]","[['D', 'C', 'A', 'B'], ['D', 'B', 'A', 'C'], ['B', 'D', 'C', 'A']]","{'B': 4, 'D': 3, 'A': 2, 'C': 1}","[0.58, 1.0, 0.79]",3.87
54,"[1, 2, 3]","[1, 3, 2]","[0.42, 0.88, 0.75]","[['D', 'C', 'A', 'B'], ['D', 'B', 'A', 'C'], ['C', 'D', 'A', 'B']]","{'B': 3, 'D': 3, 'A': 2, 'C': 2}","[0.58, 1.0, 0.79]",3.87
54,"[1, 2, 3]","[1, 3, 2]","[0.42, 0.88, 0.75]","[['D', 'C', 'A', 'B'], ['D', 'B', 'A', 'C'], ['C', 'D', 'B', 'A']]","{'B': 3, 'D': 3, 'A': 2, 'C': 2}","[0.58, 1.0, 0.79]",3.87
54,"[1, 2, 3]","[1, 3, 2]","[0.42, 0.88, 0.75]","[['D', 'C', 'A', 'B'], ['D', 'B', 'A', 'C'], ['D', 'B', 'A', 'C']]","{'B': 4, 'D': 3, 'A': 2, 'C': 1}","[0.58, 1.0, 0.79]",3.87
54,"[1, 2, 3]","[1, 3, 2]","[0.42, 0.88, 0.75]","[['D', 'C', 'A', 'B'], ['D', 'B', 'A', 'C'], ['D', 'B', 'C', 'A']]","{'B': 4, 'D': 3, 'A': 2, 'C': 1}","[0.58, 1.0, 0.79]",3.87
54,"[1, 2, 3]","[1, 3, 2]","[0.42, 0.88, 0.75]","[['D', 'C', 'A', 'B'], ['D', 'B', 'A', 'C'], ['D', 'C', 'A', 'B']]","{'B': 3, 'D': 3, 'A': 2, 'C': 2}","[0.58, 1.0, 0.79]",3.87
54,"[1, 2, 3]","[1, 3, 2]","[0.42, 0.88, 0.75]","[['D', 'C', 'A', 'B'], ['D', 'B', 'A', 'C'], ['D', 'C', 'B', 'A']]","{'B': 3, 'D': 3, 'A': 2, 'C': 2}","[0.58, 1.0, 0.79]",3.87
54,"[1, 2, 3]","[1, 3, 2]","[0.42, 0.88, 0.75]","[['D', 'C', 'A', 'B'], ['D', 'B', 'C', 'A'], ['B', 'D', 'A', 'C']]","{'B': 4, 'D': 3, 'A': 2, 'C': 1}","[0.58, 1.0, 0.79]",3.87
54,"[1, 2, 3]","[1, 3, 2]","[0.42, 0.88, 0.75]","[['D', 'C', 'A', 'B'], ['D', 'B', 'C', 'A'], ['B', 'D', 'C', 'A']]","{'B': 4, 'D': 3, 'A': 2, 'C': 1}","[0.58, 1.0, 0.79]",3.87
54,"[1, 2, 3]","[1, 3, 2]","[0.42, 0.88, 0.75]","[['D', 'C', 'A', 'B'], ['D', 'B', 'C', 'A'], ['C', 'D', 'A', 'B']]","{'B': 3, 'D': 3, 'A': 2, 'C': 2}","[0.58, 1.0, 0.79]",3.87
54,"[1, 2, 3]","[1, 3, 2]","[0.42, 0.88, 0.75]","[['D', 'C', 'A', 'B'], ['D', 'B', 'C', 'A'], ['C', 'D', 'B', 'A']]","{'B': 3, 'D': 3, 'A': 2, 'C': 2}","[0.58, 1.0, 0.79]",3.87
54,"[1, 2, 3]","[1, 3, 2]","[0.42, 0.88, 0.75]","[['D', 'C', 'A', 'B'], ['D', 'B', 'C', 'A'], ['D', 'B', 'A', 'C']]","{'B': 4, 'D': 3, 'A': 2, 'C': 1}","[0.58, 1.0, 0.79]",3.87
54,"[1, 2, 3]","[1, 3, 2]","[0.42, 0.88, 0.75]","[['D', 'C', 'A', 'B'], ['D', 'B', 'C', 'A'], ['D', 'B', 'C', 'A']]","{'B': 4, 'D': 3, 'A': 2, 'C': 1}","[0.58, 1.0, 0.79]",3.87
54,"[1, 2, 3]","[1, 3, 2]","[0.42, 0.88, 0.75]","[['D', 'C', 'A', 'B'], ['D', 'B', 'C', 'A'], ['D', 'C', 'A', 'B']]","{'B': 3, 'D': 3, 'A': 2, 'C': 2}","[0.58, 1.0, 0.79]",3.87
54,"[1, 2, 3]","[1, 3, 2]","[0.42, 0.88, 0.75]","[['D', 'C', 'A', 'B'], ['D', 'B', 'C', 'A'], ['D', 'C', 'B', 'A']]","{'B': 3, 'D': 3, 'A': 2, 'C': 2}","[0.58, 1.0, 0.79]",3.87
54,"[1, 2, 3]","[1, 3, 2]","[0.42, 0.88, 0.75]","[['D', 'C', 'A', 'B'], ['D', 'C', 'A', 'B'], ['B', 'D', 'A', 'C']]","{'B': 3, 'D': 3, 'A': 2, 'C': 2}","[0.58, 1.0, 0.79]",3.87
54,"[1, 2, 3]","[1, 3, 2]","[0.42, 0.88, 0.75]","[['D', 'C', 'A', 'B'], ['D', 'C', 'A', 'B'], ['B', 'D', 'C', 'A']]","{'B': 3, 'D': 3, 'A': 2, 'C': 2}","[0.58, 1.0, 0.79]",3.87
54,"[1, 2, 3]","[1, 3, 2]","[0.42, 0.88, 0.75]","[['D', 'C', 'A', 'B'], ['D', 'C', 'A', 'B'], ['D', 'B', 'A', 'C']]","{'B': 3, 'D': 3, 'A': 2, 'C': 2}","[0.58, 1.0, 0.79]",3.87
54,"[1, 2, 3]","[1, 3, 2]","[0.42, 0.88, 0.75]","[['D', 'C', 'A', 'B'], ['D', 'C', 'A', 'B'], ['D', 'B', 'C', 'A']]","{'B': 3, 'D': 3, 'A': 2, 'C': 2}","[0.58, 1.0, 0.79]",3.87
54,"[1, 2, 3]","[1, 3, 2]","[0.42, 0.88, 0.75]","[['D', 'C', 'A', 'B'], ['D', 'C', 'B', 'A'], ['B', 'D', 'A', 'C']]","{'B': 3, 'D': 3, 'A': 2, 'C': 2}","[0.58, 1.0, 0.79]",3.87
54,"[1, 2, 3]","[1, 3, 2]","[0.42, 0.88, 0.75]","[['D', 'C', 'A', 'B'], ['D', 'C', 'B', 'A'], ['B', 'D', 'C', 'A']]","{'B': 3, 'D': 3, 'A': 2, 'C': 2}","[0.58, 1.0, 0.79]",3.87
54,"[1, 2, 3]","[1, 3, 2]","[0.42, 0.88, 0.75]","[['D', 'C', 'A', 'B'], ['D', 'C', 'B', 'A'], ['D', 'B', 'A', 'C']]","{'B': 3, 'D': 3, 'A': 2, 'C': 2}","[0.58, 1.0, 0.79]",3.87
54,"[1, 2, 3]","[1, 3, 2]","[0.42, 0.88, 0.75]","[['D', 'C', 'A', 'B'], ['D', 'C', 'B', 'A'], ['D', 'B', 'C', 'A']]","{'B': 3, 'D': 3, 'A': 2, 'C': 2}","[0.58, 1.0, 0.79]",3.87
54,"[1, 2, 3]","[1, 3, 2]","[0.42, 0.88, 0.75]","[['D', 'C', 'B', 'A'], ['B', 'D', 'A', 'C'], ['B', 'D', 'A', 'C']]","{'B': 4, 'D': 3, 'A': 2, 'C': 1}","[0.58, 1.0, 0.79]",3.87
54,"[1, 2, 3]","[1, 3, 2]","[0.42, 0.88, 0.75]","[['D', 'C', 'B', 'A'], ['B', 'D', 'A', 'C'], ['B', 'D', 'C', 'A']]","{'B': 4, 'D': 3, 'A': 2, 'C': 1}","[0.58, 1.0, 0.79]",3.87
54,"[1, 2, 3]","[1, 3, 2]","[0.42, 0.88, 0.75]","[['D', 'C', 'B', 'A'], ['B', 'D', 'A', 'C'], ['C', 'D', 'A', 'B']]","{'B': 3, 'D': 3, 'A': 2, 'C': 2}","[0.58, 1.0, 0.79]",3.87
54,"[1, 2, 3]","[1, 3, 2]","[0.42, 0.88, 0.75]","[['D', 'C', 'B', 'A'], ['B', 'D', 'A', 'C'], ['C', 'D', 'B', 'A']]","{'B': 3, 'D': 3, 'A': 2, 'C': 2}","[0.58, 1.0, 0.79]",3.87
54,"[1, 2, 3]","[1, 3, 2]","[0.42, 0.88, 0.75]","[['D', 'C', 'B', 'A'], ['B', 'D', 'A', 'C'], ['D', 'B', 'A', 'C']]","{'B': 4, 'D': 3, 'A': 2, 'C': 1}","[0.58, 1.0, 0.79]",3.87
54,"[1, 2, 3]","[1, 3, 2]","[0.42, 0.88, 0.75]","[['D', 'C', 'B', 'A'], ['B', 'D', 'A', 'C'], ['D', 'B', 'C', 'A']]","{'B': 4, 'D': 3, 'A': 2, 'C': 1}","[0.58, 1.0, 0.79]",3.87
54,"[1, 2, 3]","[1, 3, 2]","[0.42, 0.88, 0.75]","[['D', 'C', 'B', 'A'], ['B', 'D', 'A', 'C'], ['D', 'C', 'A', 'B']]","{'B': 3, 'D': 3, 'A': 2, 'C': 2}","[0.58, 1.0, 0.79]",3.87
54,"[1, 2, 3]","[1, 3, 2]","[0.42, 0.88, 0.75]","[['D', 'C', 'B', 'A'], ['B', 'D', 'A', 'C'], ['D', 'C', 'B', 'A']]","{'B': 3, 'D': 3, 'A': 2, 'C': 2}","[0.58, 1.0, 0.79]",3.87
54,"[1, 2, 3]","[1, 3, 2]","[0.42, 0.88, 0.75]","[['D', 'C', 'B', 'A'], ['B', 'D', 'C', 'A'], ['B', 'D', 'A', 'C']]","{'B': 4, 'D': 3, 'A': 2, 'C': 1}","[0.58, 1.0, 0.79]",3.87
54,"[1, 2, 3]","[1, 3, 2]","[0.42, 0.88, 0.75]","[['D', 'C', 'B', 'A'], ['B', 'D', 'C', 'A'], ['B', 'D', 'C', 'A']]","{'B': 4, 'D': 3, 'A': 2, 'C': 1}","[0.58, 1.0, 0.79]",3.87
54,"[1, 2, 3]","[1, 3, 2]","[0.42, 0.88, 0.75]","[['D', 'C', 'B', 'A'], ['B', 'D', 'C', 'A'], ['C', 'D', 'A', 'B']]","{'B': 3, 'D': 3, 'A': 2, 'C': 2}","[0.58, 1.0, 0.79]",3.87
54,"[1, 2, 3]","[1, 3, 2]","[0.42, 0.88, 0.75]","[['D', 'C', 'B', 'A'], ['B', 'D', 'C', 'A'], ['C', 'D', 'B', 'A']]","{'B': 3, 'D': 3, 'A': 2, 'C': 2}","[0.58, 1.0, 0.79]",3.87
54,"[1, 2, 3]","[1, 3, 2]","[0.42, 0.88, 0.75]","[['D', 'C', 'B', 'A'], ['B', 'D', 'C', 'A'], ['D', 'B', 'A', 'C']]","{'B': 4, 'D': 3, 'A': 2, 'C': 1}","[0.58, 1.0, 0.79]",3.87
54,"[1, 2, 3]","[1, 3, 2]","[0.42, 0.88, 0.75]","[['D', 'C', 'B', 'A'], ['B', 'D', 'C', 'A'], ['D', 'B', 'C', 'A']]","{'B': 4, 'D': 3, 'A': 2, 'C': 1}","[0.58, 1.0, 0.79]",3.87
54,"[1, 2, 3]","[1, 3, 2]","[0.42, 0.88, 0.75]","[['D', 'C', 'B', 'A'], ['B', 'D', 'C', 'A'], ['D', 'C', 'A', 'B']]","{'B': 3, 'D': 3, 'A': 2, 'C': 2}","[0.58, 1.0, 0.79]",3.87
54,"[1, 2, 3]","[1, 3, 2]","[0.42, 0.88, 0.75]","[['D', 'C', 'B', 'A'], ['B', 'D', 'C', 'A'], ['D', 'C', 'B', 'A']]","{'B': 3, 'D': 3, 'A': 2, 'C': 2}","[0.58, 1.0, 0.79]",3.87
54,"[1, 2, 3]","[1, 3, 2]","[0.42, 0.88, 0.75]","[['D', 'C', 'B', 'A'], ['C', 'D', 'A', 'B'], ['B', 'D', 'A', 'C']]","{'B': 3, 'D': 3, 'A': 2, 'C': 2}","[0.58, 1.0, 0.79]",3.87
54,"[1, 2, 3]","[1, 3, 2]","[0.42, 0.88, 0.75]","[['D', 'C', 'B', 'A'], ['C', 'D', 'A', 'B'], ['B', 'D', 'C', 'A']]","{'B': 3, 'D': 3, 'A': 2, 'C': 2}","[0.58, 1.0, 0.79]",3.87
54,"[1, 2, 3]","[1, 3, 2]","[0.42, 0.88, 0.75]","[['D', 'C', 'B', 'A'], ['C', 'D', 'A', 'B'], ['D', 'B', 'A', 'C']]","{'B': 3, 'D': 3, 'A': 2, 'C': 2}","[0.58, 1.0, 0.79]",3.87
54,"[1, 2, 3]","[1, 3, 2]","[0.42, 0.88, 0.75]","[['D', 'C', 'B', 'A'], ['C', 'D', 'A', 'B'], ['D', 'B', 'C', 'A']]","{'B': 3, 'D': 3, 'A': 2, 'C': 2}","[0.58, 1.0, 0.79]",3.87
54,"[1, 2, 3]","[1, 3, 2]","[0.42, 0.88, 0.75]","[['D', 'C', 'B', 'A'], ['C', 'D', 'B', 'A'], ['B', 'D', 'A', 'C']]","{'B': 3, 'D': 3, 'A': 2, 'C': 2}","[0.58, 1.0, 0.79]",3.87
54,"[1, 2, 3]","[1, 3, 2]","[0.42, 0.88, 0.75]","[['D', 'C', 'B', 'A'], ['C', 'D', 'B', 'A'], ['B', 'D', 'C', 'A']]","{'B': 3, 'D': 3, 'A': 2, 'C': 2}","[0.58, 1.0, 0.79]",3.87
54,"[1, 2, 3]","[1, 3, 2]","[0.42, 0.88, 0.75]","[['D', 'C', 'B', 'A'], ['C', 'D', 'B', 'A'], ['D', 'B', 'A', 'C']]","{'B': 3, 'D': 3, 'A': 2, 'C': 2}","[0.58, 1.0, 0.79]",3.87
54,"[1, 2, 3]","[1, 3, 2]","[0.42, 0.88, 0.75]","[['D', 'C', 'B', 'A'], ['C', 'D', 'B', 'A'], ['D', 'B', 'C', 'A']]","{'B': 3, 'D': 3, 'A': 2, 'C': 2}","[0.58, 1.0, 0.79]",3.87
54,"[1, 2, 3]","[1, 3, 2]","[0.42, 0.88, 0.75]","[['D', 'C', 'B', 'A'], ['D', 'B', 'A', 'C'], ['B', 'D', 'A', 'C']]","{'B': 4, 'D': 3, 'A': 2, 'C': 1}","[0.58, 1.0, 0.79]",3.87
54,"[1, 2, 3]","[1, 3, 2]","[0.42, 0.88, 0.75]","[['D', 'C', 'B', 'A'], ['D', 'B', 'A', 'C'], ['B', 'D', 'C', 'A']]","{'B': 4, 'D': 3, 'A': 2, 'C': 1}","[0.58, 1.0, 0.79]",3.87
54,"[1, 2, 3]","[1, 3, 2]","[0.42, 0.88, 0.75]","[['D', 'C', 'B', 'A'], ['D', 'B', 'A', 'C'], ['C', 'D', 'A', 'B']]","{'B': 3, 'D': 3, 'A': 2, 'C': 2}","[0.58, 1.0, 0.79]",3.87
54,"[1, 2, 3]","[1, 3, 2]","[0.42, 0.88, 0.75]","[['D', 'C', 'B', 'A'], ['D', 'B', 'A', 'C'], ['C', 'D', 'B', 'A']]","{'B': 3, 'D': 3, 'A': 2, 'C': 2}","[0.58, 1.0, 0.79]",3.87
54,"[1, 2, 3]","[1, 3, 2]","[0.42, 0.88, 0.75]","[['D', 'C', 'B', 'A'], ['D', 'B', 'A', 'C'], ['D', 'B', 'A', 'C']]","{'B': 4, 'D': 3, 'A': 2, 'C': 1}","[0.58, 1.0, 0.79]",3.87
54,"[1, 2, 3]","[1, 3, 2]","[0.42, 0.88, 0.75]","[['D', 'C', 'B', 'A'], ['D', 'B', 'A', 'C'], ['D', 'B', 'C', 'A']]","{'B': 4, 'D': 3, 'A': 2, 'C': 1}","[0.58, 1.0, 0.79]",3.87
54,"[1, 2, 3]","[1, 3, 2]","[0.42, 0.88, 0.75]","[['D', 'C', 'B', 'A'], ['D', 'B', 'A', 'C'], ['D', 'C', 'A', 'B']]","{'B': 3, 'D': 3, 'A': 2, 'C': 2}","[0.58, 1.0, 0.79]",3.87
54,"[1, 2, 3]","[1, 3, 2]","[0.42, 0.88, 0.75]","[['D', 'C', 'B', 'A'], ['D', 'B', 'A', 'C'], ['D', 'C', 'B', 'A']]","{'B': 3, 'D': 3, 'A': 2, 'C': 2}","[0.58, 1.0, 0.79]",3.87
54,"[1, 2, 3]","[1, 3, 2]","[0.42, 0.88, 0.75]","[['D', 'C', 'B', 'A'], ['D', 'B', 'C', 'A'], ['B', 'D', 'A', 'C']]","{'B': 4, 'D': 3, 'A': 2, 'C': 1}","[0.58, 1.0, 0.79]",3.87
54,"[1, 2, 3]","[1, 3, 2]","[0.42, 0.88, 0.75]","[['D', 'C', 'B', 'A'], ['D', 'B', 'C', 'A'], ['B', 'D', 'C', 'A']]","{'B': 4, 'D': 3, 'A': 2, 'C': 1}","[0.58, 1.0, 0.79]",3.87
54,"[1, 2, 3]","[1, 3, 2]","[0.42, 0.88, 0.75]","[['D', 'C', 'B', 'A'], ['D', 'B', 'C', 'A'], ['C', 'D', 'A', 'B']]","{'B': 3, 'D': 3, 'A': 2, 'C': 2}","[0.58, 1.0, 0.79]",3.87
54,"[1, 2, 3]","[1, 3, 2]","[0.42, 0.88, 0.75]","[['D', 'C', 'B', 'A'], ['D', 'B', 'C', 'A'], ['C', 'D', 'B', 'A']]","{'B': 3, 'D': 3, 'A': 2, 'C': 2}","[0.58, 1.0, 0.79]",3.87
54,"[1, 2, 3]","[1, 3, 2]","[0.42, 0.88, 0.75]","[['D', 'C', 'B', 'A'], ['D', 'B', 'C', 'A'], ['D', 'B', 'A', 'C']]","{'B': 4, 'D': 3, 'A': 2, 'C': 1}","[0.58, 1.0, 0.79]",3.87
54,"[1, 2, 3]","[1, 3, 2]","[0.42, 0.88, 0.75]","[['D', 'C', 'B', 'A'], ['D', 'B', 'C', 'A'], ['D', 'B', 'C', 'A']]","{'B': 4, 'D': 3, 'A': 2, 'C': 1}","[0.58, 1.0, 0.79]",3.87
54,"[1, 2, 3]","[1, 3, 2]","[0.42, 0.88, 0.75]","[['D', 'C', 'B', 'A'], ['D', 'B', 'C', 'A'], ['D', 'C', 'A', 'B']]","{'B': 3, 'D': 3, 'A': 2, 'C': 2}","[0.58, 1.0, 0.79]",3.87
54,"[1, 2, 3]","[1, 3, 2]","[0.42, 0.88, 0.75]","[['D', 'C', 'B', 'A'], ['D', 'B', 'C', 'A'], ['D', 'C', 'B', 'A']]","{'B': 3, 'D': 3, 'A': 2, 'C': 2}","[0.58, 1.0, 0.79]",3.87
54,"[1, 2, 3]","[1, 3, 2]","[0.42, 0.88, 0.75]","[['D', 'C', 'B', 'A'], ['D', 'C', 'A', 'B'], ['B', 'D', 'A', 'C']]","{'B': 3, 'D': 3, 'A': 2, 'C': 2}","[0.58, 1.0, 0.79]",3.87
54,"[1, 2, 3]","[1, 3, 2]","[0.42, 0.88, 0.75]","[['D', 'C', 'B', 'A'], ['D', 'C', 'A', 'B'], ['B', 'D', 'C', 'A']]","{'B': 3, 'D': 3, 'A': 2, 'C': 2}","[0.58, 1.0, 0.79]",3.87
54,"[1, 2, 3]","[1, 3, 2]","[0.42, 0.88, 0.75]","[['D', 'C', 'B', 'A'], ['D', 'C', 'A', 'B'], ['D', 'B', 'A', 'C']]","{'B': 3, 'D': 3, 'A': 2, 'C': 2}","[0.58, 1.0, 0.79]",3.87
54,"[1, 2, 3]","[1, 3, 2]","[0.42, 0.88, 0.75]","[['D', 'C', 'B', 'A'], ['D', 'C', 'A', 'B'], ['D', 'B', 'C', 'A']]","{'B': 3, 'D': 3, 'A': 2, 'C': 2}","[0.58, 1.0, 0.79]",3.87
54,"[1, 2, 3]","[1, 3, 2]","[0.42, 0.88, 0.75]","[['D', 'C', 'B', 'A'], ['D', 'C', 'B', 'A'], ['B', 'D', 'A', 'C']]","{'B': 3, 'D': 3, 'A': 2, 'C': 2}","[0.58, 1.0, 0.79]",3.87
54,"[1, 2, 3]","[1, 3, 2]","[0.42, 0.88, 0.75]","[['D', 'C', 'B', 'A'], ['D', 'C', 'B', 'A'], ['B', 'D', 'C', 'A']]","{'B': 3, 'D': 3, 'A': 2, 'C': 2}","[0.58, 1.0, 0.79]",3.87
54,"[1, 2, 3]","[1, 3, 2]","[0.42, 0.88, 0.75]","[['D', 'C', 'B', 'A'], ['D', 'C', 'B', 'A'], ['D', 'B', 'A', 'C']]","{'B': 3, 'D': 3, 'A': 2, 'C': 2}","[0.58, 1.0, 0.79]",3.87
54,"[1, 2, 3]","[1, 3, 2]","[0.42, 0.88, 0.75]","[['D', 'C', 'B', 'A'], ['D', 'C', 'B', 'A'], ['D', 'B', 'C', 'A']]","{'B': 3, 'D': 3, 'A': 2, 'C': 2}","[0.58, 1.0, 0.79]",3.87
55,"[4, 5]","[2, 3]","[0.54, 0.58]","[['B', 'D', 'A', 'C'], ['C', 'D', 'A', 'B']]","{'C': 3, 'D': 3, 'A': 2, 'B': 2}","[0.58, 1.0]",3.83
55,"[4, 5]","[2, 3]","[0.54, 0.58]","[['B', 'D', 'A', 'C'], ['C', 'D', 'B', 'A']]","{'C': 3, 'D': 3, 'A': 2, 'B': 2}","[0.58, 1.0]",3.83
55,"[4, 5]","[2, 3]","[0.54, 0.58]","[['B', 'D', 'A', 'C'], ['D', 'C', 'A', 'B']]","{'C': 3, 'D': 3, 'A': 2, 'B': 2}","[0.58, 1.0]",3.83
55,"[4, 5]","[2, 3]","[0.54, 0.58]","[['B', 'D', 'A', 'C'], ['D', 'C', 'B', 'A']]","{'C': 3, 'D': 3, 'A': 2, 'B': 2}","[0.58, 1.0]",3.83
55,"[4, 5]","[2, 3]","[0.54, 0.58]","[['B', 'D', 'C', 'A'], ['C', 'D', 'A', 'B']]","{'C': 3, 'D': 3, 'A': 2, 'B': 2}","[0.58, 1.0]",3.83
55,"[4, 5]","[2, 3]","[0.54, 0.58]","[['B', 'D', 'C', 'A'], ['C', 'D', 'B', 'A']]","{'C': 3, 'D': 3, 'A': 2, 'B': 2}","[0.58, 1.0]",3.83
55,"[4, 5]","[2, 3]","[0.54, 0.58]","[['B', 'D', 'C', 'A'], ['D', 'C', 'A', 'B']]","{'C': 3, 'D': 3, 'A': 2, 'B': 2}","[0.58, 1.0]",3.83
55,"[4, 5]","[2, 3]","[0.54, 0.58]","[['B', 'D', 'C', 'A'], ['D', 'C', 'B', 'A']]","{'C': 3, 'D': 3, 'A': 2, 'B': 2}","[0.58, 1.0]",3.83
55,"[4, 5]","[2, 3]","[0.54, 0.58]","[['C', 'D', 'A', 'B'], ['B', 'D', 'A', 'C']]","{'C': 3, 'D': 3, 'A': 2, 'B': 2}","[0.58, 1.0]",3.83
55,"[4, 5]","[2, 3]","[0.54, 0.58]","[['C', 'D', 'A', 'B'], ['B', 'D', 'C', 'A']]","{'C': 3, 'D': 3, 'A': 2, 'B': 2}","[0.58, 1.0]",3.83
55,"[4, 5]","[2, 3]","[0.54, 0.58]","[['C', 'D', 'A', 'B'], ['C', 'D', 'A', 'B']]","{'C': 4, 'D': 3, 'A': 2, 'B': 1}","[0.58, 1.0]",3.83
55,"[4, 5]","[2, 3]","[0.54, 0.58]","[['C', 'D', 'A', 'B'], ['C', 'D', 'B', 'A']]","{'C': 4, 'D': 3, 'A': 2, 'B': 1}","[0.58, 1.0]",3.83
55,"[4, 5]","[2, 3]","[0.54, 0.58]","[['C', 'D', 'A', 'B'], ['D', 'B', 'A', 'C']]","{'C': 3, 'D': 3, 'A': 2, 'B': 2}","[0.58, 1.0]",3.83
55,"[4, 5]","[2, 3]","[0.54, 0.58]","[['C', 'D', 'A', 'B'], ['D', 'B', 'C', 'A']]","{'C': 3, 'D': 3, 'A': 2, 'B': 2}","[0.58, 1.0]",3.83
55,"[4, 5]","[2, 3]","[0.54, 0.58]","[['C', 'D', 'A', 'B'], ['D', 'C', 'A', 'B']]","{'C': 4, 'D': 3, 'A': 2, 'B': 1}","[0.58, 1.0]",3.83
55,"[4, 5]","[2, 3]","[0.54, 0.58]","[['C', 'D', 'A', 'B'], ['D', 'C', 'B', 'A']]","{'C': 4, 'D': 3, 'A': 2, 'B': 1}","[0.58, 1.0]",3.83
55,"[4, 5]","[2, 3]","[0.54, 0.58]","[['C', 'D', 'B', 'A'], ['B', 'D', 'A', 'C']]","{'C': 3, 'D': 3, 'A': 2, 'B': 2}","[0.58, 1.0]",3.83
55,"[4, 5]","[2, 3]","[0.54, 0.58]","[['C', 'D', 'B', 'A'], ['B', 'D', 'C', 'A']]","{'C': 3, 'D': 3, 'A': 2, 'B': 2}","[0.58, 1.0]",3.83
55,"[4, 5]","[2, 3]","[0.54, 0.58]","[['C', 'D', 'B', 'A'], ['C', 'D', 'A', 'B']]","{'C': 4, 'D': 3, 'A': 2, 'B': 1}","[0.58, 1.0]",3.83
55,"[4, 5]","[2, 3]","[0.54, 0.58]","[['C', 'D', 'B', 'A'], ['C', 'D', 'B', 'A']]","{'C': 4, 'D': 3, 'A': 2, 'B': 1}","[0.58, 1.0]",3.83
55,"[4, 5]","[2, 3]","[0.54, 0.58]","[['C', 'D', 'B', 'A'], ['D', 'B', 'A', 'C']]","{'C': 3, 'D': 3, 'A': 2, 'B': 2}","[0.58, 1.0]",3.83
55,"[4, 5]","[2, 3]","[0.54, 0.58]","[['C', 'D', 'B', 'A'], ['D', 'B', 'C', 'A']]","{'C': 3, 'D': 3, 'A': 2, 'B': 2}","[0.58, 1.0]",3.83
55,"[4, 5]","[2, 3]","[0.54, 0.58]","[['C', 'D', 'B', 'A'], ['D', 'C', 'A', 'B']]","{'C': 4, 'D': 3, 'A': 2, 'B': 1}","[0.58, 1.0]",3.83
55,"[4, 5]","[2, 3]","[0.54, 0.58]","[['C', 'D', 'B', 'A'], ['D', 'C', 'B', 'A']]","{'C': 4, 'D': 3, 'A': 2, 'B': 1}","[0.58, 1.0]",3.83
55,"[4, 5]","[2, 3]","[0.54, 0.58]","[['D', 'B', 'A', 'C'], ['C', 'D', 'A', 'B']]","{'C': 3, 'D': 3, 'A': 2, 'B': 2}","[0.58, 1.0]",3.83
55,"[4, 5]","[2, 3]","[0.54, 0.58]","[['D', 'B', 'A', 'C'], ['C', 'D', 'B', 'A']]","{'C': 3, 'D': 3, 'A': 2, 'B': 2}","[0.58, 1.0]",3.83
55,"[4, 5]","[2, 3]","[0.54, 0.58]","[['D', 'B', 'A', 'C'], ['D', 'C', 'A', 'B']]","{'C': 3, 'D': 3, 'A': 2, 'B': 2}","[0.58, 1.0]",3.83
55,"[4, 5]","[2, 3]","[0.54, 0.58]","[['D', 'B', 'A', 'C'], ['D', 'C', 'B', 'A']]","{'C': 3, 'D': 3, 'A': 2, 'B': 2}","[0.58, 1.0]",3.83
55,"[4, 5]","[2, 3]","[0.54, 0.58]","[['D', 'B', 'C', 'A'], ['C', 'D', 'A', 'B']]","{'C': 3, 'D': 3, 'A': 2, 'B': 2}","[0.58, 1.0]",3.83
55,"[4, 5]","[2, 3]","[0.54, 0.58]","[['D', 'B', 'C', 'A'], ['C', 'D', 'B', 'A']]","{'C': 3, 'D': 3, 'A': 2, 'B': 2}","[0.58, 1.0]",3.83
55,"[4, 5]","[2, 3]","[0.54, 0.58]","[['D', 'B', 'C', 'A'], ['D', 'C', 'A', 'B']]","{'C': 3, 'D': 3, 'A': 2, 'B': 2}","[0.58, 1.0]",3.83
55,"[4, 5]","[2, 3]","[0.54, 0.58]","[['D', 'B', 'C', 'A'], ['D', 'C', 'B', 'A']]","{'C': 3, 'D': 3, 'A': 2, 'B': 2}","[0.58, 1.0]",3.83
55,"[4, 5]","[2, 3]","[0.54, 0.58]","[['D', 'C', 'A', 'B'], ['B', 'D', 'A', 'C']]","{'C': 3, 'D': 3, 'A': 2, 'B': 2}","[0.58, 1.0]",3.83
55,"[4, 5]","[2, 3]","[0.54, 0.58]","[['D', 'C', 'A', 'B'], ['B', 'D', 'C', 'A']]","{'C': 3, 'D': 3, 'A': 2, 'B': 2}","[0.58, 1.0]",3.83
55,"[4, 5]","[2, 3]","[0.54, 0.58]","[['D', 'C', 'A', 'B'], ['C', 'D', 'A', 'B']]","{'C': 4, 'D': 3, 'A': 2, 'B': 1}","[0.58, 1.0]",3.83
55,"[4, 5]","[2, 3]","[0.54, 0.58]","[['D', 'C', 'A', 'B'], ['C', 'D', 'B', 'A']]","{'C': 4, 'D': 3, 'A': 2, 'B': 1}","[0.58, 1.0]",3.83
55,"[4, 5]","[2, 3]","[0.54, 0.58]","[['D', 'C', 'A', 'B'], ['D', 'B', 'A', 'C']]","{'C': 3, 'D': 3, 'A': 2, 'B': 2}","[0.58, 1.0]",3.83
55,"[4, 5]","[2, 3]","[0.54, 0.58]","[['D', 'C', 'A', 'B'], ['D', 'B', 'C', 'A']]","{'C': 3, 'D': 3, 'A': 2, 'B': 2}","[0.58, 1.0]",3.83
55,"[4, 5]","[2, 3]","[0.54, 0.58]","[['D', 'C', 'A', 'B'], ['D', 'C', 'A', 'B']]","{'C': 4, 'D': 3, 'A': 2, 'B': 1}","[0.58, 1.0]",3.83
55,"[4, 5]","[2, 3]","[0.54, 0.58]","[['D', 'C', 'A', 'B'], ['D', 'C', 'B', 'A']]","{'C': 4, 'D': 3, 'A': 2, 'B': 1}","[0.58, 1.0]",3.83
55,"[4, 5]","[2, 3]","[0.54, 0.58]","[['D', 'C', 'B', 'A'], ['B', 'D', 'A', 'C']]","{'C': 3, 'D': 3, 'A': 2, 'B': 2}","[0.58, 1.0]",3.83
55,"[4, 5]","[2, 3]","[0.54, 0.58]","[['D', 'C', 'B', 'A'], ['B', 'D', 'C', 'A']]","{'C': 3, 'D': 3, 'A': 2, 'B': 2}","[0.58, 1.0]",3.83
55,"[4, 5]","[2, 3]","[0.54, 0.58]","[['D', 'C', 'B', 'A'], ['C', 'D', 'A', 'B']]","{'C': 4, 'D': 3, 'A': 2, 'B': 1}","[0.58, 1.0]",3.83
55,"[4, 5]","[2, 3]","[0.54, 0.58]","[['D', 'C', 'B', 'A'], ['C', 'D', 'B', 'A']]","{'C': 4, 'D': 3, 'A': 2, 'B': 1}","[0.58, 1.0]",3.83
55,"[4, 5]","[2, 3]","[0.54, 0.58]","[['D', 'C', 'B', 'A'], ['D', 'B', 'A', 'C']]","{'C': 3, 'D': 3, 'A': 2, 'B': 2}","[0.58, 1.0]",3.83
55,"[4, 5]","[2, 3]","[0.54, 0.58]","[['D', 'C', 'B', 'A'], ['D', 'B', 'C', 'A']]","{'C': 3, 'D': 3, 'A': 2, 'B': 2}","[0.58, 1.0]",3.83
55,"[4, 5]","[2, 3]","[0.54, 0.58]","[['D', 'C', 'B', 'A'], ['D', 'C', 'A', 'B']]","{'C': 4, 'D': 3, 'A': 2, 'B': 1}","[0.58, 1.0]",3.83
55,"[4, 5]","[2, 3]","[0.54, 0.58]","[['D', 'C', 'B', 'A'], ['D', 'C', 'B', 'A']]","{'C': 4, 'D': 3, 'A': 2, 'B': 1}","[0.58, 1.0]",3.83
55,"[1, 4, 5]","[3, 2, 3]","[0.58, 0.54, 0.58]","[['B', 'D', 'A', 'C'], ['C', 'D', 'A', 'B'], ['C', 'D', 'A', 'B']]","{'C': 3, 'D': 3, 'A': 2, 'B': 2}","[1.0, 0.58, 1.0]",3.83
55,"[1, 4, 5]","[3, 2, 3]","[0.58, 0.54, 0.58]","[['B', 'D', 'A', 'C'], ['C', 'D', 'A', 'B'], ['C', 'D', 'B', 'A']]","{'C': 3, 'D': 3, 'A': 2, 'B': 2}","[1.0, 0.58, 1.0]",3.83
55,"[1, 4, 5]","[3, 2, 3]","[0.58, 0.54, 0.58]","[['B', 'D', 'A', 'C'], ['C', 'D', 'A', 'B'], ['D', 'C', 'A', 'B']]","{'C': 3, 'D': 3, 'A': 2, 'B': 2}","[1.0, 0.58, 1.0]",3.83
55,"[1, 4, 5]","[3, 2, 3]","[0.58, 0.54, 0.58]","[['B', 'D', 'A', 'C'], ['C', 'D', 'A', 'B'], ['D', 'C', 'B', 'A']]","{'C': 3, 'D': 3, 'A': 2, 'B': 2}","[1.0, 0.58, 1.0]",3.83
55,"[1, 4, 5]","[3, 2, 3]","[0.58, 0.54, 0.58]","[['B', 'D', 'A', 'C'], ['C', 'D', 'B', 'A'], ['C', 'D', 'A', 'B']]","{'C': 3, 'D': 3, 'A': 2, 'B': 2}","[1.0, 0.58, 1.0]",3.83
55,"[1, 4, 5]","[3, 2, 3]","[0.58, 0.54, 0.58]","[['B', 'D', 'A', 'C'], ['C', 'D', 'B', 'A'], ['C', 'D', 'B', 'A']]","{'C': 3, 'D': 3, 'A': 2, 'B': 2}","[1.0, 0.58, 1.0]",3.83
55,"[1, 4, 5]","[3, 2, 3]","[0.58, 0.54, 0.58]","[['B', 'D', 'A', 'C'], ['C', 'D', 'B', 'A'], ['D', 'C', 'A', 'B']]","{'C': 3, 'D': 3, 'A': 2, 'B': 2}","[1.0, 0.58, 1.0]",3.83
55,"[1, 4, 5]","[3, 2, 3]","[0.58, 0.54, 0.58]","[['B', 'D', 'A', 'C'], ['C', 'D', 'B', 'A'], ['D', 'C', 'B', 'A']]","{'C': 3, 'D': 3, 'A': 2, 'B': 2}","[1.0, 0.58, 1.0]",3.83
55,"[1, 4, 5]","[3, 2, 3]","[0.58, 0.54, 0.58]","[['B', 'D', 'A', 'C'], ['D', 'C', 'A', 'B'], ['C', 'D', 'A', 'B']]","{'C': 3, 'D': 3, 'A': 2, 'B': 2}","[1.0, 0.58, 1.0]",3.83
55,"[1, 4, 5]","[3, 2, 3]","[0.58, 0.54, 0.58]","[['B', 'D', 'A', 'C'], ['D', 'C', 'A', 'B'], ['C', 'D', 'B', 'A']]","{'C': 3, 'D': 3, 'A': 2, 'B': 2}","[1.0, 0.58, 1.0]",3.83
55,"[1, 4, 5]","[3, 2, 3]","[0.58, 0.54, 0.58]","[['B', 'D', 'A', 'C'], ['D', 'C', 'A', 'B'], ['D', 'C', 'A', 'B']]","{'C': 3, 'D': 3, 'A': 2, 'B': 2}","[1.0, 0.58, 1.0]",3.83
55,"[1, 4, 5]","[3, 2, 3]","[0.58, 0.54, 0.58]","[['B', 'D', 'A', 'C'], ['D', 'C', 'A', 'B'], ['D', 'C', 'B', 'A']]","{'C': 3, 'D': 3, 'A': 2, 'B': 2}","[1.0, 0.58, 1.0]",3.83
55,"[1, 4, 5]","[3, 2, 3]","[0.58, 0.54, 0.58]","[['B', 'D', 'A', 'C'], ['D', 'C', 'B', 'A'], ['C', 'D', 'A', 'B']]","{'C': 3, 'D': 3, 'A': 2, 'B': 2}","[1.0, 0.58, 1.0]",3.83
55,"[1, 4, 5]","[3, 2, 3]","[0.58, 0.54, 0.58]","[['B', 'D', 'A', 'C'], ['D', 'C', 'B', 'A'], ['C', 'D', 'B', 'A']]","{'C': 3, 'D': 3, 'A': 2, 'B': 2}","[1.0, 0.58, 1.0]",3.83
55,"[1, 4, 5]","[3, 2, 3]","[0.58, 0.54, 0.58]","[['B', 'D', 'A', 'C'], ['D', 'C', 'B', 'A'], ['D', 'C', 'A', 'B']]","{'C': 3, 'D': 3, 'A': 2, 'B': 2}","[1.0, 0.58, 1.0]",3.83
55,"[1, 4, 5]","[3, 2, 3]","[0.58, 0.54, 0.58]","[['B', 'D', 'A', 'C'], ['D', 'C', 'B', 'A'], ['D', 'C', 'B', 'A']]","{'C': 3, 'D': 3, 'A': 2, 'B': 2}","[1.0, 0.58, 1.0]",3.83
55,"[1, 4, 5]","[3, 2, 3]","[0.58, 0.54, 0.58]","[['B', 'D', 'C', 'A'], ['C', 'D', 'A', 'B'], ['C', 'D', 'A', 'B']]","{'C': 3, 'D': 3, 'A': 2, 'B': 2}","[1.0, 0.58, 1.0]",3.83
55,"[1, 4, 5]","[3, 2, 3]","[0.58, 0.54, 0.58]","[['B', 'D', 'C', 'A'], ['C', 'D', 'A', 'B'], ['C', 'D', 'B', 'A']]","{'C': 3, 'D': 3, 'A': 2, 'B': 2}","[1.0, 0.58, 1.0]",3.83
55,"[1, 4, 5]","[3, 2, 3]","[0.58, 0.54, 0.58]","[['B', 'D', 'C', 'A'], ['C', 'D', 'A', 'B'], ['D', 'C', 'A', 'B']]","{'C': 3, 'D': 3, 'A': 2, 'B': 2}","[1.0, 0.58, 1.0]",3.83
55,"[1, 4, 5]","[3, 2, 3]","[0.58, 0.54, 0.58]","[['B', 'D', 'C', 'A'], ['C', 'D', 'A', 'B'], ['D', 'C', 'B', 'A']]","{'C': 3, 'D': 3, 'A': 2, 'B': 2}","[1.0, 0.58, 1.0]",3.83
55,"[1, 4, 5]","[3, 2, 3]","[0.58, 0.54, 0.58]","[['B', 'D', 'C', 'A'], ['C', 'D', 'B', 'A'], ['C', 'D', 'A', 'B']]","{'C': 3, 'D': 3, 'A': 2, 'B': 2}","[1.0, 0.58, 1.0]",3.83
55,"[1, 4, 5]","[3, 2, 3]","[0.58, 0.54, 0.58]","[['B', 'D', 'C', 'A'], ['C', 'D', 'B', 'A'], ['C', 'D', 'B', 'A']]","{'C': 3, 'D': 3, 'A': 2, 'B': 2}","[1.0, 0.58, 1.0]",3.83
55,"[1, 4, 5]","[3, 2, 3]","[0.58, 0.54, 0.58]","[['B', 'D', 'C', 'A'], ['C', 'D', 'B', 'A'], ['D', 'C', 'A', 'B']]","{'C': 3, 'D': 3, 'A': 2, 'B': 2}","[1.0, 0.58, 1.0]",3.83
55,"[1, 4, 5]","[3, 2, 3]","[0.58, 0.54, 0.58]","[['B', 'D', 'C', 'A'], ['C', 'D', 'B', 'A'], ['D', 'C', 'B', 'A']]","{'C': 3, 'D': 3, 'A': 2, 'B': 2}","[1.0, 0.58, 1.0]",3.83
55,"[1, 4, 5]","[3, 2, 3]","[0.58, 0.54, 0.58]","[['B', 'D', 'C', 'A'], ['D', 'C', 'A', 'B'], ['C', 'D', 'A', 'B']]","{'C': 3, 'D': 3, 'A': 2, 'B': 2}","[1.0, 0.58, 1.0]",3.83
55,"[1, 4, 5]","[3, 2, 3]","[0.58, 0.54, 0.58]","[['B', 'D', 'C', 'A'], ['D', 'C', 'A', 'B'], ['C', 'D', 'B', 'A']]","{'C': 3, 'D': 3, 'A': 2, 'B': 2}","[1.0, 0.58, 1.0]",3.83
55,"[1, 4, 5]","[3, 2, 3]","[0.58, 0.54, 0.58]","[['B', 'D', 'C', 'A'], ['D', 'C', 'A', 'B'], ['D', 'C', 'A', 'B']]","{'C': 3, 'D': 3, 'A': 2, 'B': 2}","[1.0, 0.58, 1.0]",3.83
55,"[1, 4, 5]","[3, 2, 3]","[0.58, 0.54, 0.58]","[['B', 'D', 'C', 'A'], ['D', 'C', 'A', 'B'], ['D', 'C', 'B', 'A']]","{'C': 3, 'D': 3, 'A': 2, 'B': 2}","[1.0, 0.58, 1.0]",3.83
55,"[1, 4, 5]","[3, 2, 3]","[0.58, 0.54, 0.58]","[['B', 'D', 'C', 'A'], ['D', 'C', 'B', 'A'], ['C', 'D', 'A', 'B']]","{'C': 3, 'D': 3, 'A': 2, 'B': 2}","[1.0, 0.58, 1.0]",3.83
55,"[1, 4, 5]","[3, 2, 3]","[0.58, 0.54, 0.58]","[['B', 'D', 'C', 'A'], ['D', 'C', 'B', 'A'], ['C', 'D', 'B', 'A']]","{'C': 3, 'D': 3, 'A': 2, 'B': 2}","[1.0, 0.58, 1.0]",3.83
55,"[1, 4, 5]","[3, 2, 3]","[0.58, 0.54, 0.58]","[['B', 'D', 'C', 'A'], ['D', 'C', 'B', 'A'], ['D', 'C', 'A', 'B']]","{'C': 3, 'D': 3, 'A': 2, 'B': 2}","[1.0, 0.58, 1.0]",3.83
55,"[1, 4, 5]","[3, 2, 3]","[0.58, 0.54, 0.58]","[['B', 'D', 'C', 'A'], ['D', 'C', 'B', 'A'], ['D', 'C', 'B', 'A']]","{'C': 3, 'D': 3, 'A': 2, 'B': 2}","[1.0, 0.58, 1.0]",3.83
55,"[1, 4, 5]","[3, 2, 3]","[0.58, 0.54, 0.58]","[['C', 'D', 'A', 'B'], ['B', 'D', 'A', 'C'], ['C', 'D', 'A', 'B']]","{'C': 3, 'D': 3, 'A': 2, 'B': 2}","[1.0, 0.58, 1.0]",3.83
55,"[1, 4, 5]","[3, 2, 3]","[0.58, 0.54, 0.58]","[['C', 'D', 'A', 'B'], ['B', 'D', 'A', 'C'], ['C', 'D', 'B', 'A']]","{'C': 3, 'D': 3, 'A': 2, 'B': 2}","[1.0, 0.58, 1.0]",3.83
55,"[1, 4, 5]","[3, 2, 3]","[0.58, 0.54, 0.58]","[['C', 'D', 'A', 'B'], ['B', 'D', 'A', 'C'], ['D', 'C', 'A', 'B']]","{'C': 3, 'D': 3, 'A': 2, 'B': 2}","[1.0, 0.58, 1.0]",3.83
55,"[1, 4, 5]","[3, 2, 3]","[0.58, 0.54, 0.58]","[['C', 'D', 'A', 'B'], ['B', 'D', 'A', 'C'], ['D', 'C', 'B', 'A']]","{'C': 3, 'D': 3, 'A': 2, 'B': 2}","[1.0, 0.58, 1.0]",3.83
55,"[1, 4, 5]","[3, 2, 3]","[0.58, 0.54, 0.58]","[['C', 'D', 'A', 'B'], ['B', 'D', 'C', 'A'], ['C', 'D', 'A', 'B']]","{'C': 3, 'D': 3, 'A': 2, 'B': 2}","[1.0, 0.58, 1.0]",3.83
55,"[1, 4, 5]","[3, 2, 3]","[0.58, 0.54, 0.58]","[['C', 'D', 'A', 'B'], ['B', 'D', 'C', 'A'], ['C', 'D', 'B', 'A']]","{'C': 3, 'D': 3, 'A': 2, 'B': 2}","[1.0, 0.58, 1.0]",3.83
55,"[1, 4, 5]","[3, 2, 3]","[0.58, 0.54, 0.58]","[['C', 'D', 'A', 'B'], ['B', 'D', 'C', 'A'], ['D', 'C', 'A', 'B']]","{'C': 3, 'D': 3, 'A': 2, 'B': 2}","[1.0, 0.58, 1.0]",3.83
55,"[1, 4, 5]","[3, 2, 3]","[0.58, 0.54, 0.58]","[['C', 'D', 'A', 'B'], ['B', 'D', 'C', 'A'], ['D', 'C', 'B', 'A']]","{'C': 3, 'D': 3, 'A': 2, 'B': 2}","[1.0, 0.58, 1.0]",3.83
55,"[1, 4, 5]","[3, 2, 3]","[0.58, 0.54, 0.58]","[['C', 'D', 'A', 'B'], ['C', 'D', 'A', 'B'], ['B', 'D', 'A', 'C']]","{'C': 3, 'D': 3, 'A': 2, 'B': 2}","[1.0, 0.58, 1.0]",3.83
55,"[1, 4, 5]","[3, 2, 3]","[0.58, 0.54, 0.58]","[['C', 'D', 'A', 'B'], ['C', 'D', 'A', 'B'], ['B', 'D', 'C', 'A']]","{'C': 3, 'D': 3, 'A': 2, 'B': 2}","[1.0, 0.58, 1.0]",3.83
55,"[1, 4, 5]","[3, 2, 3]","[0.58, 0.54, 0.58]","[['C', 'D', 'A', 'B'], ['C', 'D', 'A', 'B'], ['C', 'D', 'A', 'B']]","{'C': 4, 'D': 3, 'A': 2, 'B': 1}","[1.0, 0.58, 1.0]",3.83
55,"[1, 4, 5]","[3, 2, 3]","[0.58, 0.54, 0.58]","[['C', 'D', 'A', 'B'], ['C', 'D', 'A', 'B'], ['C', 'D', 'B', 'A']]","{'C': 4, 'D': 3, 'A': 2, 'B': 1}","[1.0, 0.58, 1.0]",3.83
55,"[1, 4, 5]","[3, 2, 3]","[0.58, 0.54, 0.58]","[['C', 'D', 'A', 'B'], ['C', 'D', 'A', 'B'], ['D', 'B', 'A', 'C']]","{'C': 3, 'D': 3, 'A': 2, 'B': 2}","[1.0, 0.58, 1.0]",3.83
55,"[1, 4, 5]","[3, 2, 3]","[0.58, 0.54, 0.58]","[['C', 'D', 'A', 'B'], ['C', 'D', 'A', 'B'], ['D', 'B', 'C', 'A']]","{'C': 3, 'D': 3, 'A': 2, 'B': 2}","[1.0, 0.58, 1.0]",3.83
55,"[1, 4, 5]","[3, 2, 3]","[0.58, 0.54, 0.58]","[['C', 'D', 'A', 'B'], ['C', 'D', 'A', 'B'], ['D', 'C', 'A', 'B']]","{'C': 4, 'D': 3, 'A': 2, 'B': 1}","[1.0, 0.58, 1.0]",3.83
55,"[1, 4, 5]","[3, 2, 3]","[0.58, 0.54, 0.58]","[['C', 'D', 'A', 'B'], ['C', 'D', 'A', 'B'], ['D', 'C', 'B', 'A']]","{'C': 4, 'D': 3, 'A': 2, 'B': 1}","[1.0, 0.58, 1.0]",3.83
55,"[1, 4, 5]","[3, 2, 3]","[0.58, 0.54, 0.58]","[['C', 'D', 'A', 'B'], ['C', 'D', 'B', 'A'], ['B', 'D', 'A', 'C']]","{'C': 3, 'D': 3, 'A': 2, 'B': 2}","[1.0, 0.58, 1.0]",3.83
55,"[1, 4, 5]","[3, 2, 3]","[0.58, 0.54, 0.58]","[['C', 'D', 'A', 'B'], ['C', 'D', 'B', 'A'], ['B', 'D', 'C', 'A']]","{'C': 3, 'D': 3, 'A': 2, 'B': 2}","[1.0, 0.58, 1.0]",3.83
55,"[1, 4, 5]","[3, 2, 3]","[0.58, 0.54, 0.58]","[['C', 'D', 'A', 'B'], ['C', 'D', 'B', 'A'], ['C', 'D', 'A', 'B']]","{'C': 4, 'D': 3, 'A': 2, 'B': 1}","[1.0, 0.58, 1.0]",3.83
55,"[1, 4, 5]","[3, 2, 3]","[0.58, 0.54, 0.58]","[['C', 'D', 'A', 'B'], ['C', 'D', 'B', 'A'], ['C', 'D', 'B', 'A']]","{'C': 4, 'D': 3, 'A': 2, 'B': 1}","[1.0, 0.58, 1.0]",3.83
55,"[1, 4, 5]","[3, 2, 3]","[0.58, 0.54, 0.58]","[['C', 'D', 'A', 'B'], ['C', 'D', 'B', 'A'], ['D', 'B', 'A', 'C']]","{'C': 3, 'D': 3, 'A': 2, 'B': 2}","[1.0, 0.58, 1.0]",3.83
55,"[1, 4, 5]","[3, 2, 3]","[0.58, 0.54, 0.58]","[['C', 'D', 'A', 'B'], ['C', 'D', 'B', 'A'], ['D', 'B', 'C', 'A']]","{'C': 3, 'D': 3, 'A': 2, 'B': 2}","[1.0, 0.58, 1.0]",3.83
55,"[1, 4, 5]","[3, 2, 3]","[0.58, 0.54, 0.58]","[['C', 'D', 'A', 'B'], ['C', 'D', 'B', 'A'], ['D', 'C', 'A', 'B']]","{'C': 4, 'D': 3, 'A': 2, 'B': 1}","[1.0, 0.58, 1.0]",3.83
55,"[1, 4, 5]","[3, 2, 3]","[0.58, 0.54, 0.58]","[['C', 'D', 'A', 'B'], ['C', 'D', 'B', 'A'], ['D', 'C', 'B', 'A']]","{'C': 4, 'D': 3, 'A': 2, 'B': 1}","[1.0, 0.58, 1.0]",3.83
55,"[1, 4, 5]","[3, 2, 3]","[0.58, 0.54, 0.58]","[['C', 'D', 'A', 'B'], ['D', 'B', 'A', 'C'], ['C', 'D', 'A', 'B']]","{'C': 3, 'D': 3, 'A': 2, 'B': 2}","[1.0, 0.58, 1.0]",3.83
55,"[1, 4, 5]","[3, 2, 3]","[0.58, 0.54, 0.58]","[['C', 'D', 'A', 'B'], ['D', 'B', 'A', 'C'], ['C', 'D', 'B', 'A']]","{'C': 3, 'D': 3, 'A': 2, 'B': 2}","[1.0, 0.58, 1.0]",3.83
55,"[1, 4, 5]","[3, 2, 3]","[0.58, 0.54, 0.58]","[['C', 'D', 'A', 'B'], ['D', 'B', 'A', 'C'], ['D', 'C', 'A', 'B']]","{'C': 3, 'D': 3, 'A': 2, 'B': 2}","[1.0, 0.58, 1.0]",3.83
55,"[1, 4, 5]","[3, 2, 3]","[0.58, 0.54, 0.58]","[['C', 'D', 'A', 'B'], ['D', 'B', 'A', 'C'], ['D', 'C', 'B', 'A']]","{'C': 3, 'D': 3, 'A': 2, 'B': 2}","[1.0, 0.58, 1.0]",3.83
55,"[1, 4, 5]","[3, 2, 3]","[0.58, 0.54, 0.58]","[['C', 'D', 'A', 'B'], ['D', 'B', 'C', 'A'], ['C', 'D', 'A', 'B']]","{'C': 3, 'D': 3, 'A': 2, 'B': 2}","[1.0, 0.58, 1.0]",3.83
55,"[1, 4, 5]","[3, 2, 3]","[0.58, 0.54, 0.58]","[['C', 'D', 'A', 'B'], ['D', 'B', 'C', 'A'], ['C', 'D', 'B', 'A']]","{'C': 3, 'D': 3, 'A': 2, 'B': 2}","[1.0, 0.58, 1.0]",3.83
55,"[1, 4, 5]","[3, 2, 3]","[0.58, 0.54, 0.58]","[['C', 'D', 'A', 'B'], ['D', 'B', 'C', 'A'], ['D', 'C', 'A', 'B']]","{'C': 3, 'D': 3, 'A': 2, 'B': 2}","[1.0, 0.58, 1.0]",3.83
55,"[1, 4, 5]","[3, 2, 3]","[0.58, 0.54, 0.58]","[['C', 'D', 'A', 'B'], ['D', 'B', 'C', 'A'], ['D', 'C', 'B', 'A']]","{'C': 3, 'D': 3, 'A': 2, 'B': 2}","[1.0, 0.58, 1.0]",3.83
55,"[1, 4, 5]","[3, 2, 3]","[0.58, 0.54, 0.58]","[['C', 'D', 'A', 'B'], ['D', 'C', 'A', 'B'], ['B', 'D', 'A', 'C']]","{'C': 3, 'D': 3, 'A': 2, 'B': 2}","[1.0, 0.58, 1.0]",3.83
55,"[1, 4, 5]","[3, 2, 3]","[0.58, 0.54, 0.58]","[['C', 'D', 'A', 'B'], ['D', 'C', 'A', 'B'], ['B', 'D', 'C', 'A']]","{'C': 3, 'D': 3, 'A': 2, 'B': 2}","[1.0, 0.58, 1.0]",3.83
55,"[1, 4, 5]","[3, 2, 3]","[0.58, 0.54, 0.58]","[['C', 'D', 'A', 'B'], ['D', 'C', 'A', 'B'], ['C', 'D', 'A', 'B']]","{'C': 4, 'D': 3, 'A': 2, 'B': 1}","[1.0, 0.58, 1.0]",3.83
55,"[1, 4, 5]","[3, 2, 3]","[0.58, 0.54, 0.58]","[['C', 'D', 'A', 'B'], ['D', 'C', 'A', 'B'], ['C', 'D', 'B', 'A']]","{'C': 4, 'D': 3, 'A': 2, 'B': 1}","[1.0, 0.58, 1.0]",3.83
55,"[1, 4, 5]","[3, 2, 3]","[0.58, 0.54, 0.58]","[['C', 'D', 'A', 'B'], ['D', 'C', 'A', 'B'], ['D', 'B', 'A', 'C']]","{'C': 3, 'D': 3, 'A': 2, 'B': 2}","[1.0, 0.58, 1.0]",3.83
55,"[1, 4, 5]","[3, 2, 3]","[0.58, 0.54, 0.58]","[['C', 'D', 'A', 'B'], ['D', 'C', 'A', 'B'], ['D', 'B', 'C', 'A']]","{'C': 3, 'D': 3, 'A': 2, 'B': 2}","[1.0, 0.58, 1.0]",3.83
55,"[1, 4, 5]","[3, 2, 3]","[0.58, 0.54, 0.58]","[['C', 'D', 'A', 'B'], ['D', 'C', 'A', 'B'], ['D', 'C', 'A', 'B']]","{'C': 4, 'D': 3, 'A': 2, 'B': 1}","[1.0, 0.58, 1.0]",3.83
55,"[1, 4, 5]","[3, 2, 3]","[0.58, 0.54, 0.58]","[['C', 'D', 'A', 'B'], ['D', 'C', 'A', 'B'], ['D', 'C', 'B', 'A']]","{'C': 4, 'D': 3, 'A': 2, 'B': 1}","[1.0, 0.58, 1.0]",3.83
55,"[1, 4, 5]","[3, 2, 3]","[0.58, 0.54, 0.58]","[['C', 'D', 'A', 'B'], ['D', 'C', 'B', 'A'], ['B', 'D', 'A', 'C']]","{'C': 3, 'D': 3, 'A': 2, 'B': 2}","[1.0, 0.58, 1.0]",3.83
55,"[1, 4, 5]","[3, 2, 3]","[0.58, 0.54, 0.58]","[['C', 'D', 'A', 'B'], ['D', 'C', 'B', 'A'], ['B', 'D', 'C', 'A']]","{'C': 3, 'D': 3, 'A': 2, 'B': 2}","[1.0, 0.58, 1.0]",3.83
55,"[1, 4, 5]","[3, 2, 3]","[0.58, 0.54, 0.58]","[['C', 'D', 'A', 'B'], ['D', 'C', 'B', 'A'], ['C', 'D', 'A', 'B']]","{'C': 4, 'D': 3, 'A': 2, 'B': 1}","[1.0, 0.58, 1.0]",3.83
55,"[1, 4, 5]","[3, 2, 3]","[0.58, 0.54, 0.58]","[['C', 'D', 'A', 'B'], ['D', 'C', 'B', 'A'], ['C', 'D', 'B', 'A']]","{'C': 4, 'D': 3, 'A': 2, 'B': 1}","[1.0, 0.58, 1.0]",3.83
55,"[1, 4, 5]","[3, 2, 3]","[0.58, 0.54, 0.58]","[['C', 'D', 'A', 'B'], ['D', 'C', 'B', 'A'], ['D', 'B', 'A', 'C']]","{'C': 3, 'D': 3, 'A': 2, 'B': 2}","[1.0, 0.58, 1.0]",3.83
55,"[1, 4, 5]","[3, 2, 3]","[0.58, 0.54, 0.58]","[['C', 'D', 'A', 'B'], ['D', 'C', 'B', 'A'], ['D', 'B', 'C', 'A']]","{'C': 3, 'D': 3, 'A': 2, 'B': 2}","[1.0, 0.58, 1.0]",3.83
55,"[1, 4, 5]","[3, 2, 3]","[0.58, 0.54, 0.58]","[['C', 'D', 'A', 'B'], ['D', 'C', 'B', 'A'], ['D', 'C', 'A', 'B']]","{'C': 4, 'D': 3, 'A': 2, 'B': 1}","[1.0, 0.58, 1.0]",3.83
55,"[1, 4, 5]","[3, 2, 3]","[0.58, 0.54, 0.58]","[['C', 'D', 'A', 'B'], ['D', 'C', 'B', 'A'], ['D', 'C', 'B', 'A']]","{'C': 4, 'D': 3, 'A': 2, 'B': 1}","[1.0, 0.58, 1.0]",3.83
55,"[1, 4, 5]","[3, 2, 3]","[0.58, 0.54, 0.58]","[['C', 'D', 'B', 'A'], ['B', 'D', 'A', 'C'], ['C', 'D', 'A', 'B']]","{'C': 3, 'D': 3, 'A': 2, 'B': 2}","[1.0, 0.58, 1.0]",3.83
55,"[1, 4, 5]","[3, 2, 3]","[0.58, 0.54, 0.58]","[['C', 'D', 'B', 'A'], ['B', 'D', 'A', 'C'], ['C', 'D', 'B', 'A']]","{'C': 3, 'D': 3, 'A': 2, 'B': 2}","[1.0, 0.58, 1.0]",3.83
55,"[1, 4, 5]","[3, 2, 3]","[0.58, 0.54, 0.58]","[['C', 'D', 'B', 'A'], ['B', 'D', 'A', 'C'], ['D', 'C', 'A', 'B']]","{'C': 3, 'D': 3, 'A': 2, 'B': 2}","[1.0, 0.58, 1.0]",3.83
55,"[1, 4, 5]","[3, 2, 3]","[0.58, 0.54, 0.58]","[['C', 'D', 'B', 'A'], ['B', 'D', 'A', 'C'], ['D', 'C', 'B', 'A']]","{'C': 3, 'D': 3, 'A': 2, 'B': 2}","[1.0, 0.58, 1.0]",3.83
55,"[1, 4, 5]","[3, 2, 3]","[0.58, 0.54, 0.58]","[['C', 'D', 'B', 'A'], ['B', 'D', 'C', 'A'], ['C', 'D', 'A', 'B']]","{'C': 3, 'D': 3, 'A': 2, 'B': 2}","[1.0, 0.58, 1.0]",3.83
55,"[1, 4, 5]","[3, 2, 3]","[0.58, 0.54, 0.58]","[['C', 'D', 'B', 'A'], ['B', 'D', 'C', 'A'], ['C', 'D', 'B', 'A']]","{'C': 3, 'D': 3, 'A': 2, 'B': 2}","[1.0, 0.58, 1.0]",3.83
55,"[1, 4, 5]","[3, 2, 3]","[0.58, 0.54, 0.58]","[['C', 'D', 'B', 'A'], ['B', 'D', 'C', 'A'], ['D', 'C', 'A', 'B']]","{'C': 3, 'D': 3, 'A': 2, 'B': 2}","[1.0, 0.58, 1.0]",3.83
55,"[1, 4, 5]","[3, 2, 3]","[0.58, 0.54, 0.58]","[['C', 'D', 'B', 'A'], ['B', 'D', 'C', 'A'], ['D', 'C', 'B', 'A']]","{'C': 3, 'D': 3, 'A': 2, 'B': 2}","[1.0, 0.58, 1.0]",3.83
55,"[1, 4, 5]","[3, 2, 3]","[0.58, 0.54, 0.58]","[['C', 'D', 'B', 'A'], ['C', 'D', 'A', 'B'], ['B', 'D', 'A', 'C']]","{'C': 3, 'D': 3, 'A': 2, 'B': 2}","[1.0, 0.58, 1.0]",3.83
55,"[1, 4, 5]","[3, 2, 3]","[0.58, 0.54, 0.58]","[['C', 'D', 'B', 'A'], ['C', 'D', 'A', 'B'], ['B', 'D', 'C', 'A']]","{'C': 3, 'D': 3, 'A': 2, 'B': 2}","[1.0, 0.58, 1.0]",3.83
55,"[1, 4, 5]","[3, 2, 3]","[0.58, 0.54, 0.58]","[['C', 'D', 'B', 'A'], ['C', 'D', 'A', 'B'], ['C', 'D', 'A', 'B']]","{'C': 4, 'D': 3, 'A': 2, 'B': 1}","[1.0, 0.58, 1.0]",3.83
55,"[1, 4, 5]","[3, 2, 3]","[0.58, 0.54, 0.58]","[['C', 'D', 'B', 'A'], ['C', 'D', 'A', 'B'], ['C', 'D', 'B', 'A']]","{'C': 4, 'D': 3, 'A': 2, 'B': 1}","[1.0, 0.58, 1.0]",3.83
55,"[1, 4, 5]","[3, 2, 3]","[0.58, 0.54, 0.58]","[['C', 'D', 'B', 'A'], ['C', 'D', 'A', 'B'], ['D', 'B', 'A', 'C']]","{'C': 3, 'D': 3, 'A': 2, 'B': 2}","[1.0, 0.58, 1.0]",3.83
55,"[1, 4, 5]","[3, 2, 3]","[0.58, 0.54, 0.58]","[['C', 'D', 'B', 'A'], ['C', 'D', 'A', 'B'], ['D', 'B', 'C', 'A']]","{'C': 3, 'D': 3, 'A': 2, 'B': 2}","[1.0, 0.58, 1.0]",3.83
55,"[1, 4, 5]","[3, 2, 3]","[0.58, 0.54, 0.58]","[['C', 'D', 'B', 'A'], ['C', 'D', 'A', 'B'], ['D', 'C', 'A', 'B']]","{'C': 4, 'D': 3, 'A': 2, 'B': 1}","[1.0, 0.58, 1.0]",3.83
55,"[1, 4, 5]","[3, 2, 3]","[0.58, 0.54, 0.58]","[['C', 'D', 'B', 'A'], ['C', 'D', 'A', 'B'], ['D', 'C', 'B', 'A']]","{'C': 4, 'D': 3, 'A': 2, 'B': 1}","[1.0, 0.58, 1.0]",3.83
55,"[1, 4, 5]","[3, 2, 3]","[0.58, 0.54, 0.58]","[['C', 'D', 'B', 'A'], ['C', 'D', 'B', 'A'], ['B', 'D', 'A', 'C']]","{'C': 3, 'D': 3, 'A': 2, 'B': 2}","[1.0, 0.58, 1.0]",3.83
55,"[1, 4, 5]","[3, 2, 3]","[0.58, 0.54, 0.58]","[['C', 'D', 'B', 'A'], ['C', 'D', 'B', 'A'], ['B', 'D', 'C', 'A']]","{'C': 3, 'D': 3, 'A': 2, 'B': 2}","[1.0, 0.58, 1.0]",3.83
55,"[1, 4, 5]","[3, 2, 3]","[0.58, 0.54, 0.58]","[['C', 'D', 'B', 'A'], ['C', 'D', 'B', 'A'], ['C', 'D', 'A', 'B']]","{'C': 4, 'D': 3, 'A': 2, 'B': 1}","[1.0, 0.58, 1.0]",3.83
55,"[1, 4, 5]","[3, 2, 3]","[0.58, 0.54, 0.58]","[['C', 'D', 'B', 'A'], ['C', 'D', 'B', 'A'], ['C', 'D', 'B', 'A']]","{'C': 4, 'D': 3, 'A': 2, 'B': 1}","[1.0, 0.58, 1.0]",3.83
55,"[1, 4, 5]","[3, 2, 3]","[0.58, 0.54, 0.58]","[['C', 'D', 'B', 'A'], ['C', 'D', 'B', 'A'], ['D', 'B', 'A', 'C']]","{'C': 3, 'D': 3, 'A': 2, 'B': 2}","[1.0, 0.58, 1.0]",3.83
55,"[1, 4, 5]","[3, 2, 3]","[0.58, 0.54, 0.58]","[['C', 'D', 'B', 'A'], ['C', 'D', 'B', 'A'], ['D', 'B', 'C', 'A']]","{'C': 3, 'D': 3, 'A': 2, 'B': 2}","[1.0, 0.58, 1.0]",3.83
55,"[1, 4, 5]","[3, 2, 3]","[0.58, 0.54, 0.58]","[['C', 'D', 'B', 'A'], ['C', 'D', 'B', 'A'], ['D', 'C', 'A', 'B']]","{'C': 4, 'D': 3, 'A': 2, 'B': 1}","[1.0, 0.58, 1.0]",3.83
55,"[1, 4, 5]","[3, 2, 3]","[0.58, 0.54, 0.58]","[['C', 'D', 'B', 'A'], ['C', 'D', 'B', 'A'], ['D', 'C', 'B', 'A']]","{'C': 4, 'D': 3, 'A': 2, 'B': 1}","[1.0, 0.58, 1.0]",3.83
55,"[1, 4, 5]","[3, 2, 3]","[0.58, 0.54, 0.58]","[['C', 'D', 'B', 'A'], ['D', 'B', 'A', 'C'], ['C', 'D', 'A', 'B']]","{'C': 3, 'D': 3, 'A': 2, 'B': 2}","[1.0, 0.58, 1.0]",3.83
55,"[1, 4, 5]","[3, 2, 3]","[0.58, 0.54, 0.58]","[['C', 'D', 'B', 'A'], ['D', 'B', 'A', 'C'], ['C', 'D', 'B', 'A']]","{'C': 3, 'D': 3, 'A': 2, 'B': 2}","[1.0, 0.58, 1.0]",3.83
55,"[1, 4, 5]","[3, 2, 3]","[0.58, 0.54, 0.58]","[['C', 'D', 'B', 'A'], ['D', 'B', 'A', 'C'], ['D', 'C', 'A', 'B']]","{'C': 3, 'D': 3, 'A': 2, 'B': 2}","[1.0, 0.58, 1.0]",3.83
55,"[1, 4, 5]","[3, 2, 3]","[0.58, 0.54, 0.58]","[['C', 'D', 'B', 'A'], ['D', 'B', 'A', 'C'], ['D', 'C', 'B', 'A']]","{'C': 3, 'D': 3, 'A': 2, 'B': 2}","[1.0, 0.58, 1.0]",3.83
55,"[1, 4, 5]","[3, 2, 3]","[0.58, 0.54, 0.58]","[['C', 'D', 'B', 'A'], ['D', 'B', 'C', 'A'], ['C', 'D', 'A', 'B']]","{'C': 3, 'D': 3, 'A': 2, 'B': 2}","[1.0, 0.58, 1.0]",3.83
55,"[1, 4, 5]","[3, 2, 3]","[0.58, 0.54, 0.58]","[['C', 'D', 'B', 'A'], ['D', 'B', 'C', 'A'], ['C', 'D', 'B', 'A']]","{'C': 3, 'D': 3, 'A': 2, 'B': 2}","[1.0, 0.58, 1.0]",3.83
55,"[1, 4, 5]","[3, 2, 3]","[0.58, 0.54, 0.58]","[['C', 'D', 'B', 'A'], ['D', 'B', 'C', 'A'], ['D', 'C', 'A', 'B']]","{'C': 3, 'D': 3, 'A': 2, 'B': 2}","[1.0, 0.58, 1.0]",3.83
55,"[1, 4, 5]","[3, 2, 3]","[0.58, 0.54, 0.58]","[['C', 'D', 'B', 'A'], ['D', 'B', 'C', 'A'], ['D', 'C', 'B', 'A']]","{'C': 3, 'D': 3, 'A': 2, 'B': 2}","[1.0, 0.58, 1.0]",3.83
55,"[1, 4, 5]","[3, 2, 3]","[0.58, 0.54, 0.58]","[['C', 'D', 'B', 'A'], ['D', 'C', 'A', 'B'], ['B', 'D', 'A', 'C']]","{'C': 3, 'D': 3, 'A': 2, 'B': 2}","[1.0, 0.58, 1.0]",3.83
55,"[1, 4, 5]","[3, 2, 3]","[0.58, 0.54, 0.58]","[['C', 'D', 'B', 'A'], ['D', 'C', 'A', 'B'], ['B', 'D', 'C', 'A']]","{'C': 3, 'D': 3, 'A': 2, 'B': 2}","[1.0, 0.58, 1.0]",3.83
55,"[1, 4, 5]","[3, 2, 3]","[0.58, 0.54, 0.58]","[['C', 'D', 'B', 'A'], ['D', 'C', 'A', 'B'], ['C', 'D', 'A', 'B']]","{'C': 4, 'D': 3, 'A': 2, 'B': 1}","[1.0, 0.58, 1.0]",3.83
55,"[1, 4, 5]","[3, 2, 3]","[0.58, 0.54, 0.58]","[['C', 'D', 'B', 'A'], ['D', 'C', 'A', 'B'], ['C', 'D', 'B', 'A']]","{'C': 4, 'D': 3, 'A': 2, 'B': 1}","[1.0, 0.58, 1.0]",3.83
55,"[1, 4, 5]","[3, 2, 3]","[0.58, 0.54, 0.58]","[['C', 'D', 'B', 'A'], ['D', 'C', 'A', 'B'], ['D', 'B', 'A', 'C']]","{'C': 3, 'D': 3, 'A': 2, 'B': 2}","[1.0, 0.58, 1.0]",3.83
55,"[1, 4, 5]","[3, 2, 3]","[0.58, 0.54, 0.58]","[['C', 'D', 'B', 'A'], ['D', 'C', 'A', 'B'], ['D', 'B', 'C', 'A']]","{'C': 3, 'D': 3, 'A': 2, 'B': 2}","[1.0, 0.58, 1.0]",3.83
55,"[1, 4, 5]","[3, 2, 3]","[0.58, 0.54, 0.58]","[['C', 'D', 'B', 'A'], ['D', 'C', 'A', 'B'], ['D', 'C', 'A', 'B']]","{'C': 4, 'D': 3, 'A': 2, 'B': 1}","[1.0, 0.58, 1.0]",3.83
55,"[1, 4, 5]","[3, 2, 3]","[0.58, 0.54, 0.58]","[['C', 'D', 'B', 'A'], ['D', 'C', 'A', 'B'], ['D', 'C', 'B', 'A']]","{'C': 4, 'D': 3, 'A': 2, 'B': 1}","[1.0, 0.58, 1.0]",3.83
55,"[1, 4, 5]","[3, 2, 3]","[0.58, 0.54, 0.58]","[['C', 'D', 'B', 'A'], ['D', 'C', 'B', 'A'], ['B', 'D', 'A', 'C']]","{'C': 3, 'D': 3, 'A': 2, 'B': 2}","[1.0, 0.58, 1.0]",3.83
55,"[1, 4, 5]","[3, 2, 3]","[0.58, 0.54, 0.58]","[['C', 'D', 'B', 'A'], ['D', 'C', 'B', 'A'], ['B', 'D', 'C', 'A']]","{'C': 3, 'D': 3, 'A': 2, 'B': 2}","[1.0, 0.58, 1.0]",3.83
55,"[1, 4, 5]","[3, 2, 3]","[0.58, 0.54, 0.58]","[['C', 'D', 'B', 'A'], ['D', 'C', 'B', 'A'], ['C', 'D', 'A', 'B']]","{'C': 4, 'D': 3, 'A': 2, 'B': 1}","[1.0, 0.58, 1.0]",3.83
55,"[1, 4, 5]","[3, 2, 3]","[0.58, 0.54, 0.58]","[['C', 'D', 'B', 'A'], ['D', 'C', 'B', 'A'], ['C', 'D', 'B', 'A']]","{'C': 4, 'D': 3, 'A': 2, 'B': 1}","[1.0, 0.58, 1.0]",3.83
55,"[1, 4, 5]","[3, 2, 3]","[0.58, 0.54, 0.58]","[['C', 'D', 'B', 'A'], ['D', 'C', 'B', 'A'], ['D', 'B', 'A', 'C']]","{'C': 3, 'D': 3, 'A': 2, 'B': 2}","[1.0, 0.58, 1.0]",3.83
55,"[1, 4, 5]","[3, 2, 3]","[0.58, 0.54, 0.58]","[['C', 'D', 'B', 'A'], ['D', 'C', 'B', 'A'], ['D', 'B', 'C', 'A']]","{'C': 3, 'D': 3, 'A': 2, 'B': 2}","[1.0, 0.58, 1.0]",3.83
55,"[1, 4, 5]","[3, 2, 3]","[0.58, 0.54, 0.58]","[['C', 'D', 'B', 'A'], ['D', 'C', 'B', 'A'], ['D', 'C', 'A', 'B']]","{'C': 4, 'D': 3, 'A': 2, 'B': 1}","[1.0, 0.58, 1.0]",3.83
55,"[1, 4, 5]","[3, 2, 3]","[0.58, 0.54, 0.58]","[['C', 'D', 'B', 'A'], ['D', 'C', 'B', 'A'], ['D', 'C', 'B', 'A']]","{'C': 4, 'D': 3, 'A': 2, 'B': 1}","[1.0, 0.58, 1.0]",3.83
55,"[1, 4, 5]","[3, 2, 3]","[0.58, 0.54, 0.58]","[['D', 'B', 'A', 'C'], ['C', 'D', 'A', 'B'], ['C', 'D', 'A', 'B']]","{'C': 3, 'D': 3, 'A': 2, 'B': 2}","[1.0, 0.58, 1.0]",3.83
55,"[1, 4, 5]","[3, 2, 3]","[0.58, 0.54, 0.58]","[['D', 'B', 'A', 'C'], ['C', 'D', 'A', 'B'], ['C', 'D', 'B', 'A']]","{'C': 3, 'D': 3, 'A': 2, 'B': 2}","[1.0, 0.58, 1.0]",3.83
55,"[1, 4, 5]","[3, 2, 3]","[0.58, 0.54, 0.58]","[['D', 'B', 'A', 'C'], ['C', 'D', 'A', 'B'], ['D', 'C', 'A', 'B']]","{'C': 3, 'D': 3, 'A': 2, 'B': 2}","[1.0, 0.58, 1.0]",3.83
55,"[1, 4, 5]","[3, 2, 3]","[0.58, 0.54, 0.58]","[['D', 'B', 'A', 'C'], ['C', 'D', 'A', 'B'], ['D', 'C', 'B', 'A']]","{'C': 3, 'D': 3, 'A': 2, 'B': 2}","[1.0, 0.58, 1.0]",3.83
55,"[1, 4, 5]","[3, 2, 3]","[0.58, 0.54, 0.58]","[['D', 'B', 'A', 'C'], ['C', 'D', 'B', 'A'], ['C', 'D', 'A', 'B']]","{'C': 3, 'D': 3, 'A': 2, 'B': 2}","[1.0, 0.58, 1.0]",3.83
55,"[1, 4, 5]","[3, 2, 3]","[0.58, 0.54, 0.58]","[['D', 'B', 'A', 'C'], ['C', 'D', 'B', 'A'], ['C', 'D', 'B', 'A']]","{'C': 3, 'D': 3, 'A': 2, 'B': 2}","[1.0, 0.58, 1.0]",3.83
55,"[1, 4, 5]","[3, 2, 3]","[0.58, 0.54, 0.58]","[['D', 'B', 'A', 'C'], ['C', 'D', 'B', 'A'], ['D', 'C', 'A', 'B']]","{'C': 3, 'D': 3, 'A': 2, 'B': 2}","[1.0, 0.58, 1.0]",3.83
55,"[1, 4, 5]","[3, 2, 3]","[0.58, 0.54, 0.58]","[['D', 'B', 'A', 'C'], ['C', 'D', 'B', 'A'], ['D', 'C', 'B', 'A']]","{'C': 3, 'D': 3, 'A': 2, 'B': 2}","[1.0, 0.58, 1.0]",3.83
55,"[1, 4, 5]","[3, 2, 3]","[0.58, 0.54, 0.58]","[['D', 'B', 'A', 'C'], ['D', 'C', 'A', 'B'], ['C', 'D', 'A', 'B']]","{'C': 3, 'D': 3, 'A': 2, 'B': 2}","[1.0, 0.58, 1.0]",3.83
55,"[1, 4, 5]","[3, 2, 3]","[0.58, 0.54, 0.58]","[['D', 'B', 'A', 'C'], ['D', 'C', 'A', 'B'], ['C', 'D', 'B', 'A']]","{'C': 3, 'D': 3, 'A': 2, 'B': 2}","[1.0, 0.58, 1.0]",3.83
55,"[1, 4, 5]","[3, 2, 3]","[0.58, 0.54, 0.58]","[['D', 'B', 'A', 'C'], ['D', 'C', 'A', 'B'], ['D', 'C', 'A', 'B']]","{'C': 3, 'D': 3, 'A': 2, 'B': 2}","[1.0, 0.58, 1.0]",3.83
55,"[1, 4, 5]","[3, 2, 3]","[0.58, 0.54, 0.58]","[['D', 'B', 'A', 'C'], ['D', 'C', 'A', 'B'], ['D', 'C', 'B', 'A']]","{'C': 3, 'D': 3, 'A': 2, 'B': 2}","[1.0, 0.58, 1.0]",3.83
55,"[1, 4, 5]","[3, 2, 3]","[0.58, 0.54, 0.58]","[['D', 'B', 'A', 'C'], ['D', 'C', 'B', 'A'], ['C', 'D', 'A', 'B']]","{'C': 3, 'D': 3, 'A': 2, 'B': 2}","[1.0, 0.58, 1.0]",3.83
55,"[1, 4, 5]","[3, 2, 3]","[0.58, 0.54, 0.58]","[['D', 'B', 'A', 'C'], ['D', 'C', 'B', 'A'], ['C', 'D', 'B', 'A']]","{'C': 3, 'D': 3, 'A': 2, 'B': 2}","[1.0, 0.58, 1.0]",3.83
55,"[1, 4, 5]","[3, 2, 3]","[0.58, 0.54, 0.58]","[['D', 'B', 'A', 'C'], ['D', 'C', 'B', 'A'], ['D', 'C', 'A', 'B']]","{'C': 3, 'D': 3, 'A': 2, 'B': 2}","[1.0, 0.58, 1.0]",3.83
55,"[1, 4, 5]","[3, 2, 3]","[0.58, 0.54, 0.58]","[['D', 'B', 'A', 'C'], ['D', 'C', 'B', 'A'], ['D', 'C', 'B', 'A']]","{'C': 3, 'D': 3, 'A': 2, 'B': 2}","[1.0, 0.58, 1.0]",3.83
55,"[1, 4, 5]","[3, 2, 3]","[0.58, 0.54, 0.58]","[['D', 'B', 'C', 'A'], ['C', 'D', 'A', 'B'], ['C', 'D', 'A', 'B']]","{'C': 3, 'D': 3, 'A': 2, 'B': 2}","[1.0, 0.58, 1.0]",3.83
55,"[1, 4, 5]","[3, 2, 3]","[0.58, 0.54, 0.58]","[['D', 'B', 'C', 'A'], ['C', 'D', 'A', 'B'], ['C', 'D', 'B', 'A']]","{'C': 3, 'D': 3, 'A': 2, 'B': 2}","[1.0, 0.58, 1.0]",3.83
55,"[1, 4, 5]","[3, 2, 3]","[0.58, 0.54, 0.58]","[['D', 'B', 'C', 'A'], ['C', 'D', 'A', 'B'], ['D', 'C', 'A', 'B']]","{'C': 3, 'D': 3, 'A': 2, 'B': 2}","[1.0, 0.58, 1.0]",3.83
55,"[1, 4, 5]","[3, 2, 3]","[0.58, 0.54, 0.58]","[['D', 'B', 'C', 'A'], ['C', 'D', 'A', 'B'], ['D', 'C', 'B', 'A']]","{'C': 3, 'D': 3, 'A': 2, 'B': 2}","[1.0, 0.58, 1.0]",3.83
55,"[1, 4, 5]","[3, 2, 3]","[0.58, 0.54, 0.58]","[['D', 'B', 'C', 'A'], ['C', 'D', 'B', 'A'], ['C', 'D', 'A', 'B']]","{'C': 3, 'D': 3, 'A': 2, 'B': 2}","[1.0, 0.58, 1.0]",3.83
55,"[1, 4, 5]","[3, 2, 3]","[0.58, 0.54, 0.58]","[['D', 'B', 'C', 'A'], ['C', 'D', 'B', 'A'], ['C', 'D', 'B', 'A']]","{'C': 3, 'D': 3, 'A': 2, 'B': 2}","[1.0, 0.58, 1.0]",3.83
55,"[1, 4, 5]","[3, 2, 3]","[0.58, 0.54, 0.58]","[['D', 'B', 'C', 'A'], ['C', 'D', 'B', 'A'], ['D', 'C', 'A', 'B']]","{'C': 3, 'D': 3, 'A': 2, 'B': 2}","[1.0, 0.58, 1.0]",3.83
55,"[1, 4, 5]","[3, 2, 3]","[0.58, 0.54, 0.58]","[['D', 'B', 'C', 'A'], ['C', 'D', 'B', 'A'], ['D', 'C', 'B', 'A']]","{'C': 3, 'D': 3, 'A': 2, 'B': 2}","[1.0, 0.58, 1.0]",3.83
55,"[1, 4, 5]","[3, 2, 3]","[0.58, 0.54, 0.58]","[['D', 'B', 'C', 'A'], ['D', 'C', 'A', 'B'], ['C', 'D', 'A', 'B']]","{'C': 3, 'D': 3, 'A': 2, 'B': 2}","[1.0, 0.58, 1.0]",3.83
55,"[1, 4, 5]","[3, 2, 3]","[0.58, 0.54, 0.58]","[['D', 'B', 'C', 'A'], ['D', 'C', 'A', 'B'], ['C', 'D', 'B', 'A']]","{'C': 3, 'D': 3, 'A': 2, 'B': 2}","[1.0, 0.58, 1.0]",3.83
55,"[1, 4, 5]","[3, 2, 3]","[0.58, 0.54, 0.58]","[['D', 'B', 'C', 'A'], ['D', 'C', 'A', 'B'], ['D', 'C', 'A', 'B']]","{'C': 3, 'D': 3, 'A': 2, 'B': 2}","[1.0, 0.58, 1.0]",3.83
55,"[1, 4, 5]","[3, 2, 3]","[0.58, 0.54, 0.58]","[['D', 'B', 'C', 'A'], ['D', 'C', 'A', 'B'], ['D', 'C', 'B', 'A']]","{'C': 3, 'D': 3, 'A': 2, 'B': 2}","[1.0, 0.58, 1.0]",3.83
55,"[1, 4, 5]","[3, 2, 3]","[0.58, 0.54, 0.58]","[['D', 'B', 'C', 'A'], ['D', 'C', 'B', 'A'], ['C', 'D', 'A', 'B']]","{'C': 3, 'D': 3, 'A': 2, 'B': 2}","[1.0, 0.58, 1.0]",3.83
55,"[1, 4, 5]","[3, 2, 3]","[0.58, 0.54, 0.58]","[['D', 'B', 'C', 'A'], ['D', 'C', 'B', 'A'], ['C', 'D', 'B', 'A']]","{'C': 3, 'D': 3, 'A': 2, 'B': 2}","[1.0, 0.58, 1.0]",3.83
55,"[1, 4, 5]","[3, 2, 3]","[0.58, 0.54, 0.58]","[['D', 'B', 'C', 'A'], ['D', 'C', 'B', 'A'], ['D', 'C', 'A', 'B']]","{'C': 3, 'D': 3, 'A': 2, 'B': 2}","[1.0, 0.58, 1.0]",3.83
55,"[1, 4, 5]","[3, 2, 3]","[0.58, 0.54, 0.58]","[['D', 'B', 'C', 'A'], ['D', 'C', 'B', 'A'], ['D', 'C', 'B', 'A']]","{'C': 3, 'D': 3, 'A': 2, 'B': 2}","[1.0, 0.58, 1.0]",3.83
55,"[1, 4, 5]","[3, 2, 3]","[0.58, 0.54, 0.58]","[['D', 'C', 'A', 'B'], ['B', 'D', 'A', 'C'], ['C', 'D', 'A', 'B']]","{'C': 3, 'D': 3, 'A': 2, 'B': 2}","[1.0, 0.58, 1.0]",3.83
55,"[1, 4, 5]","[3, 2, 3]","[0.58, 0.54, 0.58]","[['D', 'C', 'A', 'B'], ['B', 'D', 'A', 'C'], ['C', 'D', 'B', 'A']]","{'C': 3, 'D': 3, 'A': 2, 'B': 2}","[1.0, 0.58, 1.0]",3.83
55,"[1, 4, 5]","[3, 2, 3]","[0.58, 0.54, 0.58]","[['D', 'C', 'A', 'B'], ['B', 'D', 'A', 'C'], ['D', 'C', 'A', 'B']]","{'C': 3, 'D': 3, 'A': 2, 'B': 2}","[1.0, 0.58, 1.0]",3.83
55,"[1, 4, 5]","[3, 2, 3]","[0.58, 0.54, 0.58]","[['D', 'C', 'A', 'B'], ['B', 'D', 'A', 'C'], ['D', 'C', 'B', 'A']]","{'C': 3, 'D': 3, 'A': 2, 'B': 2}","[1.0, 0.58, 1.0]",3.83
55,"[1, 4, 5]","[3, 2, 3]","[0.58, 0.54, 0.58]","[['D', 'C', 'A', 'B'], ['B', 'D', 'C', 'A'], ['C', 'D', 'A', 'B']]","{'C': 3, 'D': 3, 'A': 2, 'B': 2}","[1.0, 0.58, 1.0]",3.83
55,"[1, 4, 5]","[3, 2, 3]","[0.58, 0.54, 0.58]","[['D', 'C', 'A', 'B'], ['B', 'D', 'C', 'A'], ['C', 'D', 'B', 'A']]","{'C': 3, 'D': 3, 'A': 2, 'B': 2}","[1.0, 0.58, 1.0]",3.83
55,"[1, 4, 5]","[3, 2, 3]","[0.58, 0.54, 0.58]","[['D', 'C', 'A', 'B'], ['B', 'D', 'C', 'A'], ['D', 'C', 'A', 'B']]","{'C': 3, 'D': 3, 'A': 2, 'B': 2}","[1.0, 0.58, 1.0]",3.83
55,"[1, 4, 5]","[3, 2, 3]","[0.58, 0.54, 0.58]","[['D', 'C', 'A', 'B'], ['B', 'D', 'C', 'A'], ['D', 'C', 'B', 'A']]","{'C': 3, 'D': 3, 'A': 2, 'B': 2}","[1.0, 0.58, 1.0]",3.83
55,"[1, 4, 5]","[3, 2, 3]","[0.58, 0.54, 0.58]","[['D', 'C', 'A', 'B'], ['C', 'D', 'A', 'B'], ['B', 'D', 'A', 'C']]","{'C': 3, 'D': 3, 'A': 2, 'B': 2}","[1.0, 0.58, 1.0]",3.83
55,"[1, 4, 5]","[3, 2, 3]","[0.58, 0.54, 0.58]","[['D', 'C', 'A', 'B'], ['C', 'D', 'A', 'B'], ['B', 'D', 'C', 'A']]","{'C': 3, 'D': 3, 'A': 2, 'B': 2}","[1.0, 0.58, 1.0]",3.83
55,"[1, 4, 5]","[3, 2, 3]","[0.58, 0.54, 0.58]","[['D', 'C', 'A', 'B'], ['C', 'D', 'A', 'B'], ['C', 'D', 'A', 'B']]","{'C': 4, 'D': 3, 'A': 2, 'B': 1}","[1.0, 0.58, 1.0]",3.83
55,"[1, 4, 5]","[3, 2, 3]","[0.58, 0.54, 0.58]","[['D', 'C', 'A', 'B'], ['C', 'D', 'A', 'B'], ['C', 'D', 'B', 'A']]","{'C': 4, 'D': 3, 'A': 2, 'B': 1}","[1.0, 0.58, 1.0]",3.83
55,"[1, 4, 5]","[3, 2, 3]","[0.58, 0.54, 0.58]","[['D', 'C', 'A', 'B'], ['C', 'D', 'A', 'B'], ['D', 'B', 'A', 'C']]","{'C': 3, 'D': 3, 'A': 2, 'B': 2}","[1.0, 0.58, 1.0]",3.83
55,"[1, 4, 5]","[3, 2, 3]","[0.58, 0.54, 0.58]","[['D', 'C', 'A', 'B'], ['C', 'D', 'A', 'B'], ['D', 'B', 'C', 'A']]","{'C': 3, 'D': 3, 'A': 2, 'B': 2}","[1.0, 0.58, 1.0]",3.83
55,"[1, 4, 5]","[3, 2, 3]","[0.58, 0.54, 0.58]","[['D', 'C', 'A', 'B'], ['C', 'D', 'A', 'B'], ['D', 'C', 'A', 'B']]","{'C': 4, 'D': 3, 'A': 2, 'B': 1}","[1.0, 0.58, 1.0]",3.83
55,"[1, 4, 5]","[3, 2, 3]","[0.58, 0.54, 0.58]","[['D', 'C', 'A', 'B'], ['C', 'D', 'A', 'B'], ['D', 'C', 'B', 'A']]","{'C': 4, 'D': 3, 'A': 2, 'B': 1}","[1.0, 0.58, 1.0]",3.83
55,"[1, 4, 5]","[3, 2, 3]","[0.58, 0.54, 0.58]","[['D', 'C', 'A', 'B'], ['C', 'D', 'B', 'A'], ['B', 'D', 'A', 'C']]","{'C': 3, 'D': 3, 'A': 2, 'B': 2}","[1.0, 0.58, 1.0]",3.83
55,"[1, 4, 5]","[3, 2, 3]","[0.58, 0.54, 0.58]","[['D', 'C', 'A', 'B'], ['C', 'D', 'B', 'A'], ['B', 'D', 'C', 'A']]","{'C': 3, 'D': 3, 'A': 2, 'B': 2}","[1.0, 0.58, 1.0]",3.83
55,"[1, 4, 5]","[3, 2, 3]","[0.58, 0.54, 0.58]","[['D', 'C', 'A', 'B'], ['C', 'D', 'B', 'A'], ['C', 'D', 'A', 'B']]","{'C': 4, 'D': 3, 'A': 2, 'B': 1}","[1.0, 0.58, 1.0]",3.83
55,"[1, 4, 5]","[3, 2, 3]","[0.58, 0.54, 0.58]","[['D', 'C', 'A', 'B'], ['C', 'D', 'B', 'A'], ['C', 'D', 'B', 'A']]","{'C': 4, 'D': 3, 'A': 2, 'B': 1}","[1.0, 0.58, 1.0]",3.83
55,"[1, 4, 5]","[3, 2, 3]","[0.58, 0.54, 0.58]","[['D', 'C', 'A', 'B'], ['C', 'D', 'B', 'A'], ['D', 'B', 'A', 'C']]","{'C': 3, 'D': 3, 'A': 2, 'B': 2}","[1.0, 0.58, 1.0]",3.83
55,"[1, 4, 5]","[3, 2, 3]","[0.58, 0.54, 0.58]","[['D', 'C', 'A', 'B'], ['C', 'D', 'B', 'A'], ['D', 'B', 'C', 'A']]","{'C': 3, 'D': 3, 'A': 2, 'B': 2}","[1.0, 0.58, 1.0]",3.83
55,"[1, 4, 5]","[3, 2, 3]","[0.58, 0.54, 0.58]","[['D', 'C', 'A', 'B'], ['C', 'D', 'B', 'A'], ['D', 'C', 'A', 'B']]","{'C': 4, 'D': 3, 'A': 2, 'B': 1}","[1.0, 0.58, 1.0]",3.83
55,"[1, 4, 5]","[3, 2, 3]","[0.58, 0.54, 0.58]","[['D', 'C', 'A', 'B'], ['C', 'D', 'B', 'A'], ['D', 'C', 'B', 'A']]","{'C': 4, 'D': 3, 'A': 2, 'B': 1}","[1.0, 0.58, 1.0]",3.83
55,"[1, 4, 5]","[3, 2, 3]","[0.58, 0.54, 0.58]","[['D', 'C', 'A', 'B'], ['D', 'B', 'A', 'C'], ['C', 'D', 'A', 'B']]","{'C': 3, 'D': 3, 'A': 2, 'B': 2}","[1.0, 0.58, 1.0]",3.83
55,"[1, 4, 5]","[3, 2, 3]","[0.58, 0.54, 0.58]","[['D', 'C', 'A', 'B'], ['D', 'B', 'A', 'C'], ['C', 'D', 'B', 'A']]","{'C': 3, 'D': 3, 'A': 2, 'B': 2}","[1.0, 0.58, 1.0]",3.83
55,"[1, 4, 5]","[3, 2, 3]","[0.58, 0.54, 0.58]","[['D', 'C', 'A', 'B'], ['D', 'B', 'A', 'C'], ['D', 'C', 'A', 'B']]","{'C': 3, 'D': 3, 'A': 2, 'B': 2}","[1.0, 0.58, 1.0]",3.83
55,"[1, 4, 5]","[3, 2, 3]","[0.58, 0.54, 0.58]","[['D', 'C', 'A', 'B'], ['D', 'B', 'A', 'C'], ['D', 'C', 'B', 'A']]","{'C': 3, 'D': 3, 'A': 2, 'B': 2}","[1.0, 0.58, 1.0]",3.83
55,"[1, 4, 5]","[3, 2, 3]","[0.58, 0.54, 0.58]","[['D', 'C', 'A', 'B'], ['D', 'B', 'C', 'A'], ['C', 'D', 'A', 'B']]","{'C': 3, 'D': 3, 'A': 2, 'B': 2}","[1.0, 0.58, 1.0]",3.83
55,"[1, 4, 5]","[3, 2, 3]","[0.58, 0.54, 0.58]","[['D', 'C', 'A', 'B'], ['D', 'B', 'C', 'A'], ['C', 'D', 'B', 'A']]","{'C': 3, 'D': 3, 'A': 2, 'B': 2}","[1.0, 0.58, 1.0]",3.83
55,"[1, 4, 5]","[3, 2, 3]","[0.58, 0.54, 0.58]","[['D', 'C', 'A', 'B'], ['D', 'B', 'C', 'A'], ['D', 'C', 'A', 'B']]","{'C': 3, 'D': 3, 'A': 2, 'B': 2}","[1.0, 0.58, 1.0]",3.83
55,"[1, 4, 5]","[3, 2, 3]","[0.58, 0.54, 0.58]","[['D', 'C', 'A', 'B'], ['D', 'B', 'C', 'A'], ['D', 'C', 'B', 'A']]","{'C': 3, 'D': 3, 'A': 2, 'B': 2}","[1.0, 0.58, 1.0]",3.83
55,"[1, 4, 5]","[3, 2, 3]","[0.58, 0.54, 0.58]","[['D', 'C', 'A', 'B'], ['D', 'C', 'A', 'B'], ['B', 'D', 'A', 'C']]","{'C': 3, 'D': 3, 'A': 2, 'B': 2}","[1.0, 0.58, 1.0]",3.83
55,"[1, 4, 5]","[3, 2, 3]","[0.58, 0.54, 0.58]","[['D', 'C', 'A', 'B'], ['D', 'C', 'A', 'B'], ['B', 'D', 'C', 'A']]","{'C': 3, 'D': 3, 'A': 2, 'B': 2}","[1.0, 0.58, 1.0]",3.83
55,"[1, 4, 5]","[3, 2, 3]","[0.58, 0.54, 0.58]","[['D', 'C', 'A', 'B'], ['D', 'C', 'A', 'B'], ['C', 'D', 'A', 'B']]","{'C': 4, 'D': 3, 'A': 2, 'B': 1}","[1.0, 0.58, 1.0]",3.83
55,"[1, 4, 5]","[3, 2, 3]","[0.58, 0.54, 0.58]","[['D', 'C', 'A', 'B'], ['D', 'C', 'A', 'B'], ['C', 'D', 'B', 'A']]","{'C': 4, 'D': 3, 'A': 2, 'B': 1}","[1.0, 0.58, 1.0]",3.83
55,"[1, 4, 5]","[3, 2, 3]","[0.58, 0.54, 0.58]","[['D', 'C', 'A', 'B'], ['D', 'C', 'A', 'B'], ['D', 'B', 'A', 'C']]","{'C': 3, 'D': 3, 'A': 2, 'B': 2}","[1.0, 0.58, 1.0]",3.83
55,"[1, 4, 5]","[3, 2, 3]","[0.58, 0.54, 0.58]","[['D', 'C', 'A', 'B'], ['D', 'C', 'A', 'B'], ['D', 'B', 'C', 'A']]","{'C': 3, 'D': 3, 'A': 2, 'B': 2}","[1.0, 0.58, 1.0]",3.83
55,"[1, 4, 5]","[3, 2, 3]","[0.58, 0.54, 0.58]","[['D', 'C', 'A', 'B'], ['D', 'C', 'A', 'B'], ['D', 'C', 'A', 'B']]","{'C': 4, 'D': 3, 'A': 2, 'B': 1}","[1.0, 0.58, 1.0]",3.83
55,"[1, 4, 5]","[3, 2, 3]","[0.58, 0.54, 0.58]","[['D', 'C', 'A', 'B'], ['D', 'C', 'A', 'B'], ['D', 'C', 'B', 'A']]","{'C': 4, 'D': 3, 'A': 2, 'B': 1}","[1.0, 0.58, 1.0]",3.83
55,"[1, 4, 5]","[3, 2, 3]","[0.58, 0.54, 0.58]","[['D', 'C', 'A', 'B'], ['D', 'C', 'B', 'A'], ['B', 'D', 'A', 'C']]","{'C': 3, 'D': 3, 'A': 2, 'B': 2}","[1.0, 0.58, 1.0]",3.83
55,"[1, 4, 5]","[3, 2, 3]","[0.58, 0.54, 0.58]","[['D', 'C', 'A', 'B'], ['D', 'C', 'B', 'A'], ['B', 'D', 'C', 'A']]","{'C': 3, 'D': 3, 'A': 2, 'B': 2}","[1.0, 0.58, 1.0]",3.83
55,"[1, 4, 5]","[3, 2, 3]","[0.58, 0.54, 0.58]","[['D', 'C', 'A', 'B'], ['D', 'C', 'B', 'A'], ['C', 'D', 'A', 'B']]","{'C': 4, 'D': 3, 'A': 2, 'B': 1}","[1.0, 0.58, 1.0]",3.83
55,"[1, 4, 5]","[3, 2, 3]","[0.58, 0.54, 0.58]","[['D', 'C', 'A', 'B'], ['D', 'C', 'B', 'A'], ['C', 'D', 'B', 'A']]","{'C': 4, 'D': 3, 'A': 2, 'B': 1}","[1.0, 0.58, 1.0]",3.83
55,"[1, 4, 5]","[3, 2, 3]","[0.58, 0.54, 0.58]","[['D', 'C', 'A', 'B'], ['D', 'C', 'B', 'A'], ['D', 'B', 'A', 'C']]","{'C': 3, 'D': 3, 'A': 2, 'B': 2}","[1.0, 0.58, 1.0]",3.83
55,"[1, 4, 5]","[3, 2, 3]","[0.58, 0.54, 0.58]","[['D', 'C', 'A', 'B'], ['D', 'C', 'B', 'A'], ['D', 'B', 'C', 'A']]","{'C': 3, 'D': 3, 'A': 2, 'B': 2}","[1.0, 0.58, 1.0]",3.83
55,"[1, 4, 5]","[3, 2, 3]","[0.58, 0.54, 0.58]","[['D', 'C', 'A', 'B'], ['D', 'C', 'B', 'A'], ['D', 'C', 'A', 'B']]","{'C': 4, 'D': 3, 'A': 2, 'B': 1}","[1.0, 0.58, 1.0]",3.83
55,"[1, 4, 5]","[3, 2, 3]","[0.58, 0.54, 0.58]","[['D', 'C', 'A', 'B'], ['D', 'C', 'B', 'A'], ['D', 'C', 'B', 'A']]","{'C': 4, 'D': 3, 'A': 2, 'B': 1}","[1.0, 0.58, 1.0]",3.83
55,"[1, 4, 5]","[3, 2, 3]","[0.58, 0.54, 0.58]","[['D', 'C', 'B', 'A'], ['B', 'D', 'A', 'C'], ['C', 'D', 'A', 'B']]","{'C': 3, 'D': 3, 'A': 2, 'B': 2}","[1.0, 0.58, 1.0]",3.83
55,"[1, 4, 5]","[3, 2, 3]","[0.58, 0.54, 0.58]","[['D', 'C', 'B', 'A'], ['B', 'D', 'A', 'C'], ['C', 'D', 'B', 'A']]","{'C': 3, 'D': 3, 'A': 2, 'B': 2}","[1.0, 0.58, 1.0]",3.83
55,"[1, 4, 5]","[3, 2, 3]","[0.58, 0.54, 0.58]","[['D', 'C', 'B', 'A'], ['B', 'D', 'A', 'C'], ['D', 'C', 'A', 'B']]","{'C': 3, 'D': 3, 'A': 2, 'B': 2}","[1.0, 0.58, 1.0]",3.83
55,"[1, 4, 5]","[3, 2, 3]","[0.58, 0.54, 0.58]","[['D', 'C', 'B', 'A'], ['B', 'D', 'A', 'C'], ['D', 'C', 'B', 'A']]","{'C': 3, 'D': 3, 'A': 2, 'B': 2}","[1.0, 0.58, 1.0]",3.83
55,"[1, 4, 5]","[3, 2, 3]","[0.58, 0.54, 0.58]","[['D', 'C', 'B', 'A'], ['B', 'D', 'C', 'A'], ['C', 'D', 'A', 'B']]","{'C': 3, 'D': 3, 'A': 2, 'B': 2}","[1.0, 0.58, 1.0]",3.83
55,"[1, 4, 5]","[3, 2, 3]","[0.58, 0.54, 0.58]","[['D', 'C', 'B', 'A'], ['B', 'D', 'C', 'A'], ['C', 'D', 'B', 'A']]","{'C': 3, 'D': 3, 'A': 2, 'B': 2}","[1.0, 0.58, 1.0]",3.83
55,"[1, 4, 5]","[3, 2, 3]","[0.58, 0.54, 0.58]","[['D', 'C', 'B', 'A'], ['B', 'D', 'C', 'A'], ['D', 'C', 'A', 'B']]","{'C': 3, 'D': 3, 'A': 2, 'B': 2}","[1.0, 0.58, 1.0]",3.83
55,"[1, 4, 5]","[3, 2, 3]","[0.58, 0.54, 0.58]","[['D', 'C', 'B', 'A'], ['B', 'D', 'C', 'A'], ['D', 'C', 'B', 'A']]","{'C': 3, 'D': 3, 'A': 2, 'B': 2}","[1.0, 0.58, 1.0]",3.83
55,"[1, 4, 5]","[3, 2, 3]","[0.58, 0.54, 0.58]","[['D', 'C', 'B', 'A'], ['C', 'D', 'A', 'B'], ['B', 'D', 'A', 'C']]","{'C': 3, 'D': 3, 'A': 2, 'B': 2}","[1.0, 0.58, 1.0]",3.83
55,"[1, 4, 5]","[3, 2, 3]","[0.58, 0.54, 0.58]","[['D', 'C', 'B', 'A'], ['C', 'D', 'A', 'B'], ['B', 'D', 'C', 'A']]","{'C': 3, 'D': 3, 'A': 2, 'B': 2}","[1.0, 0.58, 1.0]",3.83
55,"[1, 4, 5]","[3, 2, 3]","[0.58, 0.54, 0.58]","[['D', 'C', 'B', 'A'], ['C', 'D', 'A', 'B'], ['C', 'D', 'A', 'B']]","{'C': 4, 'D': 3, 'A': 2, 'B': 1}","[1.0, 0.58, 1.0]",3.83
55,"[1, 4, 5]","[3, 2, 3]","[0.58, 0.54, 0.58]","[['D', 'C', 'B', 'A'], ['C', 'D', 'A', 'B'], ['C', 'D', 'B', 'A']]","{'C': 4, 'D': 3, 'A': 2, 'B': 1}","[1.0, 0.58, 1.0]",3.83
55,"[1, 4, 5]","[3, 2, 3]","[0.58, 0.54, 0.58]","[['D', 'C', 'B', 'A'], ['C', 'D', 'A', 'B'], ['D', 'B', 'A', 'C']]","{'C': 3, 'D': 3, 'A': 2, 'B': 2}","[1.0, 0.58, 1.0]",3.83
55,"[1, 4, 5]","[3, 2, 3]","[0.58, 0.54, 0.58]","[['D', 'C', 'B', 'A'], ['C', 'D', 'A', 'B'], ['D', 'B', 'C', 'A']]","{'C': 3, 'D': 3, 'A': 2, 'B': 2}","[1.0, 0.58, 1.0]",3.83
55,"[1, 4, 5]","[3, 2, 3]","[0.58, 0.54, 0.58]","[['D', 'C', 'B', 'A'], ['C', 'D', 'A', 'B'], ['D', 'C', 'A', 'B']]","{'C': 4, 'D': 3, 'A': 2, 'B': 1}","[1.0, 0.58, 1.0]",3.83
55,"[1, 4, 5]","[3, 2, 3]","[0.58, 0.54, 0.58]","[['D', 'C', 'B', 'A'], ['C', 'D', 'A', 'B'], ['D', 'C', 'B', 'A']]","{'C': 4, 'D': 3, 'A': 2, 'B': 1}","[1.0, 0.58, 1.0]",3.83
55,"[1, 4, 5]","[3, 2, 3]","[0.58, 0.54, 0.58]","[['D', 'C', 'B', 'A'], ['C', 'D', 'B', 'A'], ['B', 'D', 'A', 'C']]","{'C': 3, 'D': 3, 'A': 2, 'B': 2}","[1.0, 0.58, 1.0]",3.83
55,"[1, 4, 5]","[3, 2, 3]","[0.58, 0.54, 0.58]","[['D', 'C', 'B', 'A'], ['C', 'D', 'B', 'A'], ['B', 'D', 'C', 'A']]","{'C': 3, 'D': 3, 'A': 2, 'B': 2}","[1.0, 0.58, 1.0]",3.83
55,"[1, 4, 5]","[3, 2, 3]","[0.58, 0.54, 0.58]","[['D', 'C', 'B', 'A'], ['C', 'D', 'B', 'A'], ['C', 'D', 'A', 'B']]","{'C': 4, 'D': 3, 'A': 2, 'B': 1}","[1.0, 0.58, 1.0]",3.83
55,"[1, 4, 5]","[3, 2, 3]","[0.58, 0.54, 0.58]","[['D', 'C', 'B', 'A'], ['C', 'D', 'B', 'A'], ['C', 'D', 'B', 'A']]","{'C': 4, 'D': 3, 'A': 2, 'B': 1}","[1.0, 0.58, 1.0]",3.83
55,"[1, 4, 5]","[3, 2, 3]","[0.58, 0.54, 0.58]","[['D', 'C', 'B', 'A'], ['C', 'D', 'B', 'A'], ['D', 'B', 'A', 'C']]","{'C': 3, 'D': 3, 'A': 2, 'B': 2}","[1.0, 0.58, 1.0]",3.83
55,"[1, 4, 5]","[3, 2, 3]","[0.58, 0.54, 0.58]","[['D', 'C', 'B', 'A'], ['C', 'D', 'B', 'A'], ['D', 'B', 'C', 'A']]","{'C': 3, 'D': 3, 'A': 2, 'B': 2}","[1.0, 0.58, 1.0]",3.83
55,"[1, 4, 5]","[3, 2, 3]","[0.58, 0.54, 0.58]","[['D', 'C', 'B', 'A'], ['C', 'D', 'B', 'A'], ['D', 'C', 'A', 'B']]","{'C': 4, 'D': 3, 'A': 2, 'B': 1}","[1.0, 0.58, 1.0]",3.83
55,"[1, 4, 5]","[3, 2, 3]","[0.58, 0.54, 0.58]","[['D', 'C', 'B', 'A'], ['C', 'D', 'B', 'A'], ['D', 'C', 'B', 'A']]","{'C': 4, 'D': 3, 'A': 2, 'B': 1}","[1.0, 0.58, 1.0]",3.83
55,"[1, 4, 5]","[3, 2, 3]","[0.58, 0.54, 0.58]","[['D', 'C', 'B', 'A'], ['D', 'B', 'A', 'C'], ['C', 'D', 'A', 'B']]","{'C': 3, 'D': 3, 'A': 2, 'B': 2}","[1.0, 0.58, 1.0]",3.83
55,"[1, 4, 5]","[3, 2, 3]","[0.58, 0.54, 0.58]","[['D', 'C', 'B', 'A'], ['D', 'B', 'A', 'C'], ['C', 'D', 'B', 'A']]","{'C': 3, 'D': 3, 'A': 2, 'B': 2}","[1.0, 0.58, 1.0]",3.83
55,"[1, 4, 5]","[3, 2, 3]","[0.58, 0.54, 0.58]","[['D', 'C', 'B', 'A'], ['D', 'B', 'A', 'C'], ['D', 'C', 'A', 'B']]","{'C': 3, 'D': 3, 'A': 2, 'B': 2}","[1.0, 0.58, 1.0]",3.83
55,"[1, 4, 5]","[3, 2, 3]","[0.58, 0.54, 0.58]","[['D', 'C', 'B', 'A'], ['D', 'B', 'A', 'C'], ['D', 'C', 'B', 'A']]","{'C': 3, 'D': 3, 'A': 2, 'B': 2}","[1.0, 0.58, 1.0]",3.83
55,"[1, 4, 5]","[3, 2, 3]","[0.58, 0.54, 0.58]","[['D', 'C', 'B', 'A'], ['D', 'B', 'C', 'A'], ['C', 'D', 'A', 'B']]","{'C': 3, 'D': 3, 'A': 2, 'B': 2}","[1.0, 0.58, 1.0]",3.83
55,"[1, 4, 5]","[3, 2, 3]","[0.58, 0.54, 0.58]","[['D', 'C', 'B', 'A'], ['D', 'B', 'C', 'A'], ['C', 'D', 'B', 'A']]","{'C': 3, 'D': 3, 'A': 2, 'B': 2}","[1.0, 0.58, 1.0]",3.83
55,"[1, 4, 5]","[3, 2, 3]","[0.58, 0.54, 0.58]","[['D', 'C', 'B', 'A'], ['D', 'B', 'C', 'A'], ['D', 'C', 'A', 'B']]","{'C': 3, 'D': 3, 'A': 2, 'B': 2}","[1.0, 0.58, 1.0]",3.83
55,"[1, 4, 5]","[3, 2, 3]","[0.58, 0.54, 0.58]","[['D', 'C', 'B', 'A'], ['D', 'B', 'C', 'A'], ['D', 'C', 'B', 'A']]","{'C': 3, 'D': 3, 'A': 2, 'B': 2}","[1.0, 0.58, 1.0]",3.83
55,"[1, 4, 5]","[3, 2, 3]","[0.58, 0.54, 0.58]","[['D', 'C', 'B', 'A'], ['D', 'C', 'A', 'B'], ['B', 'D', 'A', 'C']]","{'C': 3, 'D': 3, 'A': 2, 'B': 2}","[1.0, 0.58, 1.0]",3.83
55,"[1, 4, 5]","[3, 2, 3]","[0.58, 0.54, 0.58]","[['D', 'C', 'B', 'A'], ['D', 'C', 'A', 'B'], ['B', 'D', 'C', 'A']]","{'C': 3, 'D': 3, 'A': 2, 'B': 2}","[1.0, 0.58, 1.0]",3.83
55,"[1, 4, 5]","[3, 2, 3]","[0.58, 0.54, 0.58]","[['D', 'C', 'B', 'A'], ['D', 'C', 'A', 'B'], ['C', 'D', 'A', 'B']]","{'C': 4, 'D': 3, 'A': 2, 'B': 1}","[1.0, 0.58, 1.0]",3.83
55,"[1, 4, 5]","[3, 2, 3]","[0.58, 0.54, 0.58]","[['D', 'C', 'B', 'A'], ['D', 'C', 'A', 'B'], ['C', 'D', 'B', 'A']]","{'C': 4, 'D': 3, 'A': 2, 'B': 1}","[1.0, 0.58, 1.0]",3.83
55,"[1, 4, 5]","[3, 2, 3]","[0.58, 0.54, 0.58]","[['D', 'C', 'B', 'A'], ['D', 'C', 'A', 'B'], ['D', 'B', 'A', 'C']]","{'C': 3, 'D': 3, 'A': 2, 'B': 2}","[1.0, 0.58, 1.0]",3.83
55,"[1, 4, 5]","[3, 2, 3]","[0.58, 0.54, 0.58]","[['D', 'C', 'B', 'A'], ['D', 'C', 'A', 'B'], ['D', 'B', 'C', 'A']]","{'C': 3, 'D': 3, 'A': 2, 'B': 2}","[1.0, 0.58, 1.0]",3.83
55,"[1, 4, 5]","[3, 2, 3]","[0.58, 0.54, 0.58]","[['D', 'C', 'B', 'A'], ['D', 'C', 'A', 'B'], ['D', 'C', 'A', 'B']]","{'C': 4, 'D': 3, 'A': 2, 'B': 1}","[1.0, 0.58, 1.0]",3.83
55,"[1, 4, 5]","[3, 2, 3]","[0.58, 0.54, 0.58]","[['D', 'C', 'B', 'A'], ['D', 'C', 'A', 'B'], ['D', 'C', 'B', 'A']]","{'C': 4, 'D': 3, 'A': 2, 'B': 1}","[1.0, 0.58, 1.0]",3.83
55,"[1, 4, 5]","[3, 2, 3]","[0.58, 0.54, 0.58]","[['D', 'C', 'B', 'A'], ['D', 'C', 'B', 'A'], ['B', 'D', 'A', 'C']]","{'C': 3, 'D': 3, 'A': 2, 'B': 2}","[1.0, 0.58, 1.0]",3.83
55,"[1, 4, 5]","[3, 2, 3]","[0.58, 0.54, 0.58]","[['D', 'C', 'B', 'A'], ['D', 'C', 'B', 'A'], ['B', 'D', 'C', 'A']]","{'C': 3, 'D': 3, 'A': 2, 'B': 2}","[1.0, 0.58, 1.0]",3.83
55,"[1, 4, 5]","[3, 2, 3]","[0.58, 0.54, 0.58]","[['D', 'C', 'B', 'A'], ['D', 'C', 'B', 'A'], ['C', 'D', 'A', 'B']]","{'C': 4, 'D': 3, 'A': 2, 'B': 1}","[1.0, 0.58, 1.0]",3.83
55,"[1, 4, 5]","[3, 2, 3]","[0.58, 0.54, 0.58]","[['D', 'C', 'B', 'A'], ['D', 'C', 'B', 'A'], ['C', 'D', 'B', 'A']]","{'C': 4, 'D': 3, 'A': 2, 'B': 1}","[1.0, 0.58, 1.0]",3.83
55,"[1, 4, 5]","[3, 2, 3]","[0.58, 0.54, 0.58]","[['D', 'C', 'B', 'A'], ['D', 'C', 'B', 'A'], ['D', 'B', 'A', 'C']]","{'C': 3, 'D': 3, 'A': 2, 'B': 2}","[1.0, 0.58, 1.0]",3.83
55,"[1, 4, 5]","[3, 2, 3]","[0.58, 0.54, 0.58]","[['D', 'C', 'B', 'A'], ['D', 'C', 'B', 'A'], ['D', 'B', 'C', 'A']]","{'C': 3, 'D': 3, 'A': 2, 'B': 2}","[1.0, 0.58, 1.0]",3.83
55,"[1, 4, 5]","[3, 2, 3]","[0.58, 0.54, 0.58]","[['D', 'C', 'B', 'A'], ['D', 'C', 'B', 'A'], ['D', 'C', 'A', 'B']]","{'C': 4, 'D': 3, 'A': 2, 'B': 1}","[1.0, 0.58, 1.0]",3.83
55,"[1, 4, 5]","[3, 2, 3]","[0.58, 0.54, 0.58]","[['D', 'C', 'B', 'A'], ['D', 'C', 'B', 'A'], ['D', 'C', 'B', 'A']]","{'C': 4, 'D': 3, 'A': 2, 'B': 1}","[1.0, 0.58, 1.0]",3.83
57,"[1, 3]","[2, 3]","[0.75, 0.88]","[['A', 'C', 'B', 'D'], ['A', 'C', 'B', 'D']]","{'C': 4, 'A': 3, 'B': 3, 'D': 0}","[0.79, 1.0]",3.53
57,"[1, 3]","[2, 3]","[0.75, 0.88]","[['A', 'C', 'B', 'D'], ['A', 'C', 'D', 'B']]","{'C': 4, 'A': 3, 'B': 3, 'D': 0}","[0.79, 1.0]",3.53
57,"[1, 3]","[2, 3]","[0.75, 0.88]","[['A', 'C', 'B', 'D'], ['C', 'A', 'B', 'D']]","{'C': 4, 'A': 3, 'B': 3, 'D': 0}","[0.79, 1.0]",3.53
57,"[1, 3]","[2, 3]","[0.75, 0.88]","[['A', 'C', 'B', 'D'], ['C', 'A', 'D', 'B']]","{'C': 4, 'A': 3, 'B': 3, 'D': 0}","[0.79, 1.0]",3.53
57,"[1, 3]","[2, 3]","[0.75, 0.88]","[['A', 'C', 'D', 'B'], ['A', 'C', 'B', 'D']]","{'C': 4, 'A': 3, 'B': 3, 'D': 0}","[0.79, 1.0]",3.53
57,"[1, 3]","[2, 3]","[0.75, 0.88]","[['A', 'C', 'D', 'B'], ['A', 'C', 'D', 'B']]","{'C': 4, 'A': 3, 'B': 3, 'D': 0}","[0.79, 1.0]",3.53
57,"[1, 3]","[2, 3]","[0.75, 0.88]","[['A', 'C', 'D', 'B'], ['C', 'A', 'B', 'D']]","{'C': 4, 'A': 3, 'B': 3, 'D': 0}","[0.79, 1.0]",3.53
57,"[1, 3]","[2, 3]","[0.75, 0.88]","[['A', 'C', 'D', 'B'], ['C', 'A', 'D', 'B']]","{'C': 4, 'A': 3, 'B': 3, 'D': 0}","[0.79, 1.0]",3.53
57,"[1, 3]","[2, 3]","[0.75, 0.88]","[['C', 'A', 'B', 'D'], ['A', 'C', 'B', 'D']]","{'C': 4, 'A': 3, 'B': 3, 'D': 0}","[0.79, 1.0]",3.53
57,"[1, 3]","[2, 3]","[0.75, 0.88]","[['C', 'A', 'B', 'D'], ['A', 'C', 'D', 'B']]","{'C': 4, 'A': 3, 'B': 3, 'D': 0}","[0.79, 1.0]",3.53
57,"[1, 3]","[2, 3]","[0.75, 0.88]","[['C', 'A', 'B', 'D'], ['C', 'A', 'B', 'D']]","{'C': 4, 'A': 3, 'B': 3, 'D': 0}","[0.79, 1.0]",3.53
57,"[1, 3]","[2, 3]","[0.75, 0.88]","[['C', 'A', 'B', 'D'], ['C', 'A', 'D', 'B']]","{'C': 4, 'A': 3, 'B': 3, 'D': 0}","[0.79, 1.0]",3.53
57,"[1, 3]","[2, 3]","[0.75, 0.88]","[['C', 'A', 'D', 'B'], ['A', 'C', 'B', 'D']]","{'C': 4, 'A': 3, 'B': 3, 'D': 0}","[0.79, 1.0]",3.53
57,"[1, 3]","[2, 3]","[0.75, 0.88]","[['C', 'A', 'D', 'B'], ['A', 'C', 'D', 'B']]","{'C': 4, 'A': 3, 'B': 3, 'D': 0}","[0.79, 1.0]",3.53
57,"[1, 3]","[2, 3]","[0.75, 0.88]","[['C', 'A', 'D', 'B'], ['C', 'A', 'B', 'D']]","{'C': 4, 'A': 3, 'B': 3, 'D': 0}","[0.79, 1.0]",3.53
57,"[1, 3]","[2, 3]","[0.75, 0.88]","[['C', 'A', 'D', 'B'], ['C', 'A', 'D', 'B']]","{'C': 4, 'A': 3, 'B': 3, 'D': 0}","[0.79, 1.0]",3.53
58,"[3, 4]","[1, 3]","[0.58, 0.58]","[['A', 'C', 'B', 'D'], ['A', 'C', 'B', 'D']]","{'A': 4, 'D': 3, 'C': 2, 'B': 1}","[0.75, 1.0]",4.09
58,"[3, 4]","[1, 3]","[0.58, 0.58]","[['A', 'C', 'B', 'D'], ['A', 'C', 'D', 'B']]","{'A': 4, 'D': 3, 'C': 2, 'B': 1}","[0.75, 1.0]",4.09
58,"[3, 4]","[1, 3]","[0.58, 0.58]","[['A', 'C', 'B', 'D'], ['C', 'A', 'B', 'D']]","{'A': 4, 'D': 3, 'C': 2, 'B': 1}","[0.75, 1.0]",4.09
58,"[3, 4]","[1, 3]","[0.58, 0.58]","[['A', 'C', 'B', 'D'], ['C', 'A', 'D', 'B']]","{'A': 4, 'D': 3, 'C': 2, 'B': 1}","[0.75, 1.0]",4.09
58,"[3, 4]","[1, 3]","[0.58, 0.58]","[['A', 'C', 'D', 'B'], ['A', 'C', 'B', 'D']]","{'A': 4, 'D': 3, 'C': 2, 'B': 1}","[0.75, 1.0]",4.09
58,"[3, 4]","[1, 3]","[0.58, 0.58]","[['A', 'C', 'D', 'B'], ['A', 'C', 'D', 'B']]","{'A': 4, 'D': 3, 'C': 2, 'B': 1}","[0.75, 1.0]",4.09
58,"[3, 4]","[1, 3]","[0.58, 0.58]","[['A', 'C', 'D', 'B'], ['C', 'A', 'B', 'D']]","{'A': 4, 'D': 3, 'C': 2, 'B': 1}","[0.75, 1.0]",4.09
58,"[3, 4]","[1, 3]","[0.58, 0.58]","[['A', 'C', 'D', 'B'], ['C', 'A', 'D', 'B']]","{'A': 4, 'D': 3, 'C': 2, 'B': 1}","[0.75, 1.0]",4.09
58,"[3, 4]","[1, 3]","[0.58, 0.58]","[['C', 'A', 'B', 'D'], ['A', 'C', 'B', 'D']]","{'A': 4, 'D': 3, 'C': 2, 'B': 1}","[0.75, 1.0]",4.09
58,"[3, 4]","[1, 3]","[0.58, 0.58]","[['C', 'A', 'B', 'D'], ['A', 'C', 'D', 'B']]","{'A': 4, 'D': 3, 'C': 2, 'B': 1}","[0.75, 1.0]",4.09
58,"[3, 4]","[1, 3]","[0.58, 0.58]","[['C', 'A', 'B', 'D'], ['C', 'A', 'B', 'D']]","{'A': 4, 'D': 3, 'C': 2, 'B': 1}","[0.75, 1.0]",4.09
58,"[3, 4]","[1, 3]","[0.58, 0.58]","[['C', 'A', 'B', 'D'], ['C', 'A', 'D', 'B']]","{'A': 4, 'D': 3, 'C': 2, 'B': 1}","[0.75, 1.0]",4.09
58,"[3, 4]","[1, 3]","[0.58, 0.58]","[['C', 'A', 'D', 'B'], ['A', 'C', 'B', 'D']]","{'A': 4, 'D': 3, 'C': 2, 'B': 1}","[0.75, 1.0]",4.09
58,"[3, 4]","[1, 3]","[0.58, 0.58]","[['C', 'A', 'D', 'B'], ['A', 'C', 'D', 'B']]","{'A': 4, 'D': 3, 'C': 2, 'B': 1}","[0.75, 1.0]",4.09
58,"[3, 4]","[1, 3]","[0.58, 0.58]","[['C', 'A', 'D', 'B'], ['C', 'A', 'B', 'D']]","{'A': 4, 'D': 3, 'C': 2, 'B': 1}","[0.75, 1.0]",4.09
58,"[3, 4]","[1, 3]","[0.58, 0.58]","[['C', 'A', 'D', 'B'], ['C', 'A', 'D', 'B']]","{'A': 4, 'D': 3, 'C': 2, 'B': 1}","[0.75, 1.0]",4.09
59,"[2, 3]","[3, 1]","[0.75, 0.46]","[['A', 'B', 'C', 'D'], ['A', 'C', 'B', 'D']]","{'A': 5, 'C': 3, 'B': 1, 'D': 1}","[0.88, 0.5]",4.13
59,"[2, 3]","[3, 1]","[0.75, 0.46]","[['A', 'B', 'C', 'D'], ['A', 'C', 'D', 'B']]","{'A': 5, 'C': 3, 'B': 1, 'D': 1}","[0.88, 0.5]",4.13
59,"[2, 3]","[3, 1]","[0.75, 0.46]","[['A', 'B', 'C', 'D'], ['B', 'C', 'A', 'D']]","{'A': 4, 'C': 3, 'B': 2, 'D': 1}","[0.88, 0.5]",4.13
59,"[2, 3]","[3, 1]","[0.75, 0.46]","[['A', 'B', 'C', 'D'], ['B', 'C', 'D', 'A']]","{'A': 4, 'C': 3, 'B': 2, 'D': 1}","[0.88, 0.5]",4.13
59,"[2, 3]","[3, 1]","[0.75, 0.46]","[['A', 'B', 'C', 'D'], ['C', 'A', 'B', 'D']]","{'A': 5, 'C': 3, 'B': 1, 'D': 1}","[0.88, 0.5]",4.13
59,"[2, 3]","[3, 1]","[0.75, 0.46]","[['A', 'B', 'C', 'D'], ['C', 'A', 'D', 'B']]","{'A': 5, 'C': 3, 'B': 1, 'D': 1}","[0.88, 0.5]",4.13
59,"[2, 3]","[3, 1]","[0.75, 0.46]","[['A', 'B', 'C', 'D'], ['C', 'B', 'A', 'D']]","{'A': 4, 'C': 3, 'B': 2, 'D': 1}","[0.88, 0.5]",4.13
59,"[2, 3]","[3, 1]","[0.75, 0.46]","[['A', 'B', 'C', 'D'], ['C', 'B', 'D', 'A']]","{'A': 4, 'C': 3, 'B': 2, 'D': 1}","[0.88, 0.5]",4.13
59,"[2, 3]","[3, 1]","[0.75, 0.46]","[['A', 'B', 'D', 'C'], ['A', 'C', 'B', 'D']]","{'A': 5, 'C': 3, 'B': 1, 'D': 1}","[0.88, 0.5]",4.13
59,"[2, 3]","[3, 1]","[0.75, 0.46]","[['A', 'B', 'D', 'C'], ['A', 'C', 'D', 'B']]","{'A': 5, 'C': 3, 'B': 1, 'D': 1}","[0.88, 0.5]",4.13
59,"[2, 3]","[3, 1]","[0.75, 0.46]","[['A', 'B', 'D', 'C'], ['B', 'C', 'A', 'D']]","{'A': 4, 'C': 3, 'B': 2, 'D': 1}","[0.88, 0.5]",4.13
59,"[2, 3]","[3, 1]","[0.75, 0.46]","[['A', 'B', 'D', 'C'], ['B', 'C', 'D', 'A']]","{'A': 4, 'C': 3, 'B': 2, 'D': 1}","[0.88, 0.5]",4.13
59,"[2, 3]","[3, 1]","[0.75, 0.46]","[['A', 'B', 'D', 'C'], ['C', 'A', 'B', 'D']]","{'A': 5, 'C': 3, 'B': 1, 'D': 1}","[0.88, 0.5]",4.13
59,"[2, 3]","[3, 1]","[0.75, 0.46]","[['A', 'B', 'D', 'C'], ['C', 'A', 'D', 'B']]","{'A': 5, 'C': 3, 'B': 1, 'D': 1}","[0.88, 0.5]",4.13
59,"[2, 3]","[3, 1]","[0.75, 0.46]","[['A', 'B', 'D', 'C'], ['C', 'B', 'A', 'D']]","{'A': 4, 'C': 3, 'B': 2, 'D': 1}","[0.88, 0.5]",4.13
59,"[2, 3]","[3, 1]","[0.75, 0.46]","[['A', 'B', 'D', 'C'], ['C', 'B', 'D', 'A']]","{'A': 4, 'C': 3, 'B': 2, 'D': 1}","[0.88, 0.5]",4.13
59,"[2, 3]","[3, 1]","[0.75, 0.46]","[['A', 'C', 'B', 'D'], ['A', 'B', 'C', 'D']]","{'A': 5, 'C': 3, 'B': 1, 'D': 1}","[0.88, 0.5]",4.13
59,"[2, 3]","[3, 1]","[0.75, 0.46]","[['A', 'C', 'B', 'D'], ['A', 'B', 'D', 'C']]","{'A': 5, 'C': 3, 'B': 1, 'D': 1}","[0.88, 0.5]",4.13
59,"[2, 3]","[3, 1]","[0.75, 0.46]","[['A', 'C', 'B', 'D'], ['B', 'A', 'C', 'D']]","{'A': 5, 'C': 3, 'B': 1, 'D': 1}","[0.88, 0.5]",4.13
59,"[2, 3]","[3, 1]","[0.75, 0.46]","[['A', 'C', 'B', 'D'], ['B', 'A', 'D', 'C']]","{'A': 5, 'C': 3, 'B': 1, 'D': 1}","[0.88, 0.5]",4.13
59,"[2, 3]","[3, 1]","[0.75, 0.46]","[['A', 'C', 'B', 'D'], ['B', 'C', 'A', 'D']]","{'A': 4, 'C': 4, 'B': 1, 'D': 1}","[0.88, 0.5]",4.13
59,"[2, 3]","[3, 1]","[0.75, 0.46]","[['A', 'C', 'B', 'D'], ['B', 'C', 'D', 'A']]","{'A': 4, 'C': 4, 'B': 1, 'D': 1}","[0.88, 0.5]",4.13
59,"[2, 3]","[3, 1]","[0.75, 0.46]","[['A', 'C', 'B', 'D'], ['C', 'B', 'A', 'D']]","{'A': 4, 'C': 4, 'B': 1, 'D': 1}","[0.88, 0.5]",4.13
59,"[2, 3]","[3, 1]","[0.75, 0.46]","[['A', 'C', 'B', 'D'], ['C', 'B', 'D', 'A']]","{'A': 4, 'C': 4, 'B': 1, 'D': 1}","[0.88, 0.5]",4.13
59,"[2, 3]","[3, 1]","[0.75, 0.46]","[['A', 'C', 'D', 'B'], ['A', 'B', 'C', 'D']]","{'A': 5, 'C': 3, 'B': 1, 'D': 1}","[0.88, 0.5]",4.13
59,"[2, 3]","[3, 1]","[0.75, 0.46]","[['A', 'C', 'D', 'B'], ['A', 'B', 'D', 'C']]","{'A': 5, 'C': 3, 'B': 1, 'D': 1}","[0.88, 0.5]",4.13
59,"[2, 3]","[3, 1]","[0.75, 0.46]","[['A', 'C', 'D', 'B'], ['B', 'A', 'C', 'D']]","{'A': 5, 'C': 3, 'B': 1, 'D': 1}","[0.88, 0.5]",4.13
59,"[2, 3]","[3, 1]","[0.75, 0.46]","[['A', 'C', 'D', 'B'], ['B', 'A', 'D', 'C']]","{'A': 5, 'C': 3, 'B': 1, 'D': 1}","[0.88, 0.5]",4.13
59,"[2, 3]","[3, 1]","[0.75, 0.46]","[['A', 'C', 'D', 'B'], ['B', 'C', 'A', 'D']]","{'A': 4, 'C': 4, 'B': 1, 'D': 1}","[0.88, 0.5]",4.13
59,"[2, 3]","[3, 1]","[0.75, 0.46]","[['A', 'C', 'D', 'B'], ['B', 'C', 'D', 'A']]","{'A': 4, 'C': 4, 'B': 1, 'D': 1}","[0.88, 0.5]",4.13
59,"[2, 3]","[3, 1]","[0.75, 0.46]","[['A', 'C', 'D', 'B'], ['C', 'B', 'A', 'D']]","{'A': 4, 'C': 4, 'B': 1, 'D': 1}","[0.88, 0.5]",4.13
59,"[2, 3]","[3, 1]","[0.75, 0.46]","[['A', 'C', 'D', 'B'], ['C', 'B', 'D', 'A']]","{'A': 4, 'C': 4, 'B': 1, 'D': 1}","[0.88, 0.5]",4.13
59,"[2, 3]","[3, 1]","[0.75, 0.46]","[['B', 'A', 'C', 'D'], ['A', 'C', 'B', 'D']]","{'A': 5, 'C': 3, 'B': 1, 'D': 1}","[0.88, 0.5]",4.13
59,"[2, 3]","[3, 1]","[0.75, 0.46]","[['B', 'A', 'C', 'D'], ['A', 'C', 'D', 'B']]","{'A': 5, 'C': 3, 'B': 1, 'D': 1}","[0.88, 0.5]",4.13
59,"[2, 3]","[3, 1]","[0.75, 0.46]","[['B', 'A', 'C', 'D'], ['B', 'C', 'A', 'D']]","{'A': 4, 'C': 3, 'B': 2, 'D': 1}","[0.88, 0.5]",4.13
59,"[2, 3]","[3, 1]","[0.75, 0.46]","[['B', 'A', 'C', 'D'], ['B', 'C', 'D', 'A']]","{'A': 4, 'C': 3, 'B': 2, 'D': 1}","[0.88, 0.5]",4.13
59,"[2, 3]","[3, 1]","[0.75, 0.46]","[['B', 'A', 'C', 'D'], ['C', 'A', 'B', 'D']]","{'A': 5, 'C': 3, 'B': 1, 'D': 1}","[0.88, 0.5]",4.13
59,"[2, 3]","[3, 1]","[0.75, 0.46]","[['B', 'A', 'C', 'D'], ['C', 'A', 'D', 'B']]","{'A': 5, 'C': 3, 'B': 1, 'D': 1}","[0.88, 0.5]",4.13
59,"[2, 3]","[3, 1]","[0.75, 0.46]","[['B', 'A', 'C', 'D'], ['C', 'B', 'A', 'D']]","{'A': 4, 'C': 3, 'B': 2, 'D': 1}","[0.88, 0.5]",4.13
59,"[2, 3]","[3, 1]","[0.75, 0.46]","[['B', 'A', 'C', 'D'], ['C', 'B', 'D', 'A']]","{'A': 4, 'C': 3, 'B': 2, 'D': 1}","[0.88, 0.5]",4.13
59,"[2, 3]","[3, 1]","[0.75, 0.46]","[['B', 'A', 'D', 'C'], ['A', 'C', 'B', 'D']]","{'A': 5, 'C': 3, 'B': 1, 'D': 1}","[0.88, 0.5]",4.13
59,"[2, 3]","[3, 1]","[0.75, 0.46]","[['B', 'A', 'D', 'C'], ['A', 'C', 'D', 'B']]","{'A': 5, 'C': 3, 'B': 1, 'D': 1}","[0.88, 0.5]",4.13
59,"[2, 3]","[3, 1]","[0.75, 0.46]","[['B', 'A', 'D', 'C'], ['B', 'C', 'A', 'D']]","{'A': 4, 'C': 3, 'B': 2, 'D': 1}","[0.88, 0.5]",4.13
59,"[2, 3]","[3, 1]","[0.75, 0.46]","[['B', 'A', 'D', 'C'], ['B', 'C', 'D', 'A']]","{'A': 4, 'C': 3, 'B': 2, 'D': 1}","[0.88, 0.5]",4.13
59,"[2, 3]","[3, 1]","[0.75, 0.46]","[['B', 'A', 'D', 'C'], ['C', 'A', 'B', 'D']]","{'A': 5, 'C': 3, 'B': 1, 'D': 1}","[0.88, 0.5]",4.13
59,"[2, 3]","[3, 1]","[0.75, 0.46]","[['B', 'A', 'D', 'C'], ['C', 'A', 'D', 'B']]","{'A': 5, 'C': 3, 'B': 1, 'D': 1}","[0.88, 0.5]",4.13
59,"[2, 3]","[3, 1]","[0.75, 0.46]","[['B', 'A', 'D', 'C'], ['C', 'B', 'A', 'D']]","{'A': 4, 'C': 3, 'B': 2, 'D': 1}","[0.88, 0.5]",4.13
59,"[2, 3]","[3, 1]","[0.75, 0.46]","[['B', 'A', 'D', 'C'], ['C', 'B', 'D', 'A']]","{'A': 4, 'C': 3, 'B': 2, 'D': 1}","[0.88, 0.5]",4.13
59,"[2, 3]","[3, 1]","[0.75, 0.46]","[['B', 'C', 'A', 'D'], ['A', 'B', 'C', 'D']]","{'A': 4, 'C': 3, 'B': 2, 'D': 1}","[0.88, 0.5]",4.13
59,"[2, 3]","[3, 1]","[0.75, 0.46]","[['B', 'C', 'A', 'D'], ['A', 'B', 'D', 'C']]","{'A': 4, 'C': 3, 'B': 2, 'D': 1}","[0.88, 0.5]",4.13
59,"[2, 3]","[3, 1]","[0.75, 0.46]","[['B', 'C', 'A', 'D'], ['A', 'C', 'B', 'D']]","{'A': 4, 'C': 4, 'B': 1, 'D': 1}","[0.88, 0.5]",4.13
59,"[2, 3]","[3, 1]","[0.75, 0.46]","[['B', 'C', 'A', 'D'], ['A', 'C', 'D', 'B']]","{'A': 4, 'C': 4, 'B': 1, 'D': 1}","[0.88, 0.5]",4.13
59,"[2, 3]","[3, 1]","[0.75, 0.46]","[['B', 'C', 'A', 'D'], ['B', 'A', 'C', 'D']]","{'A': 4, 'C': 3, 'B': 2, 'D': 1}","[0.88, 0.5]",4.13
59,"[2, 3]","[3, 1]","[0.75, 0.46]","[['B', 'C', 'A', 'D'], ['B', 'A', 'D', 'C']]","{'A': 4, 'C': 3, 'B': 2, 'D': 1}","[0.88, 0.5]",4.13
59,"[2, 3]","[3, 1]","[0.75, 0.46]","[['B', 'C', 'A', 'D'], ['B', 'D', 'A', 'C']]","{'A': 3, 'C': 3, 'B': 2, 'D': 2}","[0.88, 0.5]",4.13
59,"[2, 3]","[3, 1]","[0.75, 0.46]","[['B', 'C', 'A', 'D'], ['B', 'D', 'C', 'A']]","{'A': 3, 'C': 3, 'B': 2, 'D': 2}","[0.88, 0.5]",4.13
59,"[2, 3]","[3, 1]","[0.75, 0.46]","[['B', 'C', 'A', 'D'], ['C', 'A', 'B', 'D']]","{'A': 4, 'C': 4, 'B': 1, 'D': 1}","[0.88, 0.5]",4.13
59,"[2, 3]","[3, 1]","[0.75, 0.46]","[['B', 'C', 'A', 'D'], ['C', 'A', 'D', 'B']]","{'A': 4, 'C': 4, 'B': 1, 'D': 1}","[0.88, 0.5]",4.13
59,"[2, 3]","[3, 1]","[0.75, 0.46]","[['B', 'C', 'A', 'D'], ['D', 'B', 'A', 'C']]","{'A': 3, 'C': 3, 'B': 2, 'D': 2}","[0.88, 0.5]",4.13
59,"[2, 3]","[3, 1]","[0.75, 0.46]","[['B', 'C', 'A', 'D'], ['D', 'B', 'C', 'A']]","{'A': 3, 'C': 3, 'B': 2, 'D': 2}","[0.88, 0.5]",4.13
59,"[2, 3]","[3, 1]","[0.75, 0.46]","[['B', 'C', 'D', 'A'], ['A', 'B', 'C', 'D']]","{'A': 4, 'C': 3, 'B': 2, 'D': 1}","[0.88, 0.5]",4.13
59,"[2, 3]","[3, 1]","[0.75, 0.46]","[['B', 'C', 'D', 'A'], ['A', 'B', 'D', 'C']]","{'A': 4, 'C': 3, 'B': 2, 'D': 1}","[0.88, 0.5]",4.13
59,"[2, 3]","[3, 1]","[0.75, 0.46]","[['B', 'C', 'D', 'A'], ['A', 'C', 'B', 'D']]","{'A': 4, 'C': 4, 'B': 1, 'D': 1}","[0.88, 0.5]",4.13
59,"[2, 3]","[3, 1]","[0.75, 0.46]","[['B', 'C', 'D', 'A'], ['A', 'C', 'D', 'B']]","{'A': 4, 'C': 4, 'B': 1, 'D': 1}","[0.88, 0.5]",4.13
59,"[2, 3]","[3, 1]","[0.75, 0.46]","[['B', 'C', 'D', 'A'], ['B', 'A', 'C', 'D']]","{'A': 4, 'C': 3, 'B': 2, 'D': 1}","[0.88, 0.5]",4.13
59,"[2, 3]","[3, 1]","[0.75, 0.46]","[['B', 'C', 'D', 'A'], ['B', 'A', 'D', 'C']]","{'A': 4, 'C': 3, 'B': 2, 'D': 1}","[0.88, 0.5]",4.13
59,"[2, 3]","[3, 1]","[0.75, 0.46]","[['B', 'C', 'D', 'A'], ['B', 'D', 'A', 'C']]","{'A': 3, 'C': 3, 'B': 2, 'D': 2}","[0.88, 0.5]",4.13
59,"[2, 3]","[3, 1]","[0.75, 0.46]","[['B', 'C', 'D', 'A'], ['B', 'D', 'C', 'A']]","{'A': 3, 'C': 3, 'B': 2, 'D': 2}","[0.88, 0.5]",4.13
59,"[2, 3]","[3, 1]","[0.75, 0.46]","[['B', 'C', 'D', 'A'], ['C', 'A', 'B', 'D']]","{'A': 4, 'C': 4, 'B': 1, 'D': 1}","[0.88, 0.5]",4.13
59,"[2, 3]","[3, 1]","[0.75, 0.46]","[['B', 'C', 'D', 'A'], ['C', 'A', 'D', 'B']]","{'A': 4, 'C': 4, 'B': 1, 'D': 1}","[0.88, 0.5]",4.13
59,"[2, 3]","[3, 1]","[0.75, 0.46]","[['B', 'C', 'D', 'A'], ['D', 'B', 'A', 'C']]","{'A': 3, 'C': 3, 'B': 2, 'D': 2}","[0.88, 0.5]",4.13
59,"[2, 3]","[3, 1]","[0.75, 0.46]","[['B', 'C', 'D', 'A'], ['D', 'B', 'C', 'A']]","{'A': 3, 'C': 3, 'B': 2, 'D': 2}","[0.88, 0.5]",4.13
59,"[2, 3]","[3, 1]","[0.75, 0.46]","[['B', 'D', 'A', 'C'], ['B', 'C', 'A', 'D']]","{'A': 3, 'C': 3, 'B': 2, 'D': 2}","[0.88, 0.5]",4.13
59,"[2, 3]","[3, 1]","[0.75, 0.46]","[['B', 'D', 'A', 'C'], ['B', 'C', 'D', 'A']]","{'A': 3, 'C': 3, 'B': 2, 'D': 2}","[0.88, 0.5]",4.13
59,"[2, 3]","[3, 1]","[0.75, 0.46]","[['B', 'D', 'A', 'C'], ['C', 'B', 'A', 'D']]","{'A': 3, 'C': 3, 'B': 2, 'D': 2}","[0.88, 0.5]",4.13
59,"[2, 3]","[3, 1]","[0.75, 0.46]","[['B', 'D', 'A', 'C'], ['C', 'B', 'D', 'A']]","{'A': 3, 'C': 3, 'B': 2, 'D': 2}","[0.88, 0.5]",4.13
59,"[2, 3]","[3, 1]","[0.75, 0.46]","[['B', 'D', 'C', 'A'], ['B', 'C', 'A', 'D']]","{'A': 3, 'C': 3, 'B': 2, 'D': 2}","[0.88, 0.5]",4.13
59,"[2, 3]","[3, 1]","[0.75, 0.46]","[['B', 'D', 'C', 'A'], ['B', 'C', 'D', 'A']]","{'A': 3, 'C': 3, 'B': 2, 'D': 2}","[0.88, 0.5]",4.13
59,"[2, 3]","[3, 1]","[0.75, 0.46]","[['B', 'D', 'C', 'A'], ['C', 'B', 'A', 'D']]","{'A': 3, 'C': 3, 'B': 2, 'D': 2}","[0.88, 0.5]",4.13
59,"[2, 3]","[3, 1]","[0.75, 0.46]","[['B', 'D', 'C', 'A'], ['C', 'B', 'D', 'A']]","{'A': 3, 'C': 3, 'B': 2, 'D': 2}","[0.88, 0.5]",4.13
59,"[2, 3]","[3, 1]","[0.75, 0.46]","[['C', 'A', 'B', 'D'], ['A', 'B', 'C', 'D']]","{'A': 5, 'C': 3, 'B': 1, 'D': 1}","[0.88, 0.5]",4.13
59,"[2, 3]","[3, 1]","[0.75, 0.46]","[['C', 'A', 'B', 'D'], ['A', 'B', 'D', 'C']]","{'A': 5, 'C': 3, 'B': 1, 'D': 1}","[0.88, 0.5]",4.13
59,"[2, 3]","[3, 1]","[0.75, 0.46]","[['C', 'A', 'B', 'D'], ['B', 'A', 'C', 'D']]","{'A': 5, 'C': 3, 'B': 1, 'D': 1}","[0.88, 0.5]",4.13
59,"[2, 3]","[3, 1]","[0.75, 0.46]","[['C', 'A', 'B', 'D'], ['B', 'A', 'D', 'C']]","{'A': 5, 'C': 3, 'B': 1, 'D': 1}","[0.88, 0.5]",4.13
59,"[2, 3]","[3, 1]","[0.75, 0.46]","[['C', 'A', 'B', 'D'], ['B', 'C', 'A', 'D']]","{'A': 4, 'C': 4, 'B': 1, 'D': 1}","[0.88, 0.5]",4.13
59,"[2, 3]","[3, 1]","[0.75, 0.46]","[['C', 'A', 'B', 'D'], ['B', 'C', 'D', 'A']]","{'A': 4, 'C': 4, 'B': 1, 'D': 1}","[0.88, 0.5]",4.13
59,"[2, 3]","[3, 1]","[0.75, 0.46]","[['C', 'A', 'B', 'D'], ['C', 'B', 'A', 'D']]","{'A': 4, 'C': 4, 'B': 1, 'D': 1}","[0.88, 0.5]",4.13
59,"[2, 3]","[3, 1]","[0.75, 0.46]","[['C', 'A', 'B', 'D'], ['C', 'B', 'D', 'A']]","{'A': 4, 'C': 4, 'B': 1, 'D': 1}","[0.88, 0.5]",4.13
59,"[2, 3]","[3, 1]","[0.75, 0.46]","[['C', 'A', 'D', 'B'], ['A', 'B', 'C', 'D']]","{'A': 5, 'C': 3, 'B': 1, 'D': 1}","[0.88, 0.5]",4.13
59,"[2, 3]","[3, 1]","[0.75, 0.46]","[['C', 'A', 'D', 'B'], ['A', 'B', 'D', 'C']]","{'A': 5, 'C': 3, 'B': 1, 'D': 1}","[0.88, 0.5]",4.13
59,"[2, 3]","[3, 1]","[0.75, 0.46]","[['C', 'A', 'D', 'B'], ['B', 'A', 'C', 'D']]","{'A': 5, 'C': 3, 'B': 1, 'D': 1}","[0.88, 0.5]",4.13
59,"[2, 3]","[3, 1]","[0.75, 0.46]","[['C', 'A', 'D', 'B'], ['B', 'A', 'D', 'C']]","{'A': 5, 'C': 3, 'B': 1, 'D': 1}","[0.88, 0.5]",4.13
59,"[2, 3]","[3, 1]","[0.75, 0.46]","[['C', 'A', 'D', 'B'], ['B', 'C', 'A', 'D']]","{'A': 4, 'C': 4, 'B': 1, 'D': 1}","[0.88, 0.5]",4.13
59,"[2, 3]","[3, 1]","[0.75, 0.46]","[['C', 'A', 'D', 'B'], ['B', 'C', 'D', 'A']]","{'A': 4, 'C': 4, 'B': 1, 'D': 1}","[0.88, 0.5]",4.13
59,"[2, 3]","[3, 1]","[0.75, 0.46]","[['C', 'A', 'D', 'B'], ['C', 'B', 'A', 'D']]","{'A': 4, 'C': 4, 'B': 1, 'D': 1}","[0.88, 0.5]",4.13
59,"[2, 3]","[3, 1]","[0.75, 0.46]","[['C', 'A', 'D', 'B'], ['C', 'B', 'D', 'A']]","{'A': 4, 'C': 4, 'B': 1, 'D': 1}","[0.88, 0.5]",4.13
59,"[2, 3]","[3, 1]","[0.75, 0.46]","[['C', 'B', 'A', 'D'], ['A', 'B', 'C', 'D']]","{'A': 4, 'C': 3, 'B': 2, 'D': 1}","[0.88, 0.5]",4.13
59,"[2, 3]","[3, 1]","[0.75, 0.46]","[['C', 'B', 'A', 'D'], ['A', 'B', 'D', 'C']]","{'A': 4, 'C': 3, 'B': 2, 'D': 1}","[0.88, 0.5]",4.13
59,"[2, 3]","[3, 1]","[0.75, 0.46]","[['C', 'B', 'A', 'D'], ['A', 'C', 'B', 'D']]","{'A': 4, 'C': 4, 'B': 1, 'D': 1}","[0.88, 0.5]",4.13
59,"[2, 3]","[3, 1]","[0.75, 0.46]","[['C', 'B', 'A', 'D'], ['A', 'C', 'D', 'B']]","{'A': 4, 'C': 4, 'B': 1, 'D': 1}","[0.88, 0.5]",4.13
59,"[2, 3]","[3, 1]","[0.75, 0.46]","[['C', 'B', 'A', 'D'], ['B', 'A', 'C', 'D']]","{'A': 4, 'C': 3, 'B': 2, 'D': 1}","[0.88, 0.5]",4.13
59,"[2, 3]","[3, 1]","[0.75, 0.46]","[['C', 'B', 'A', 'D'], ['B', 'A', 'D', 'C']]","{'A': 4, 'C': 3, 'B': 2, 'D': 1}","[0.88, 0.5]",4.13
59,"[2, 3]","[3, 1]","[0.75, 0.46]","[['C', 'B', 'A', 'D'], ['B', 'D', 'A', 'C']]","{'A': 3, 'C': 3, 'B': 2, 'D': 2}","[0.88, 0.5]",4.13
59,"[2, 3]","[3, 1]","[0.75, 0.46]","[['C', 'B', 'A', 'D'], ['B', 'D', 'C', 'A']]","{'A': 3, 'C': 3, 'B': 2, 'D': 2}","[0.88, 0.5]",4.13
59,"[2, 3]","[3, 1]","[0.75, 0.46]","[['C', 'B', 'A', 'D'], ['C', 'A', 'B', 'D']]","{'A': 4, 'C': 4, 'B': 1, 'D': 1}","[0.88, 0.5]",4.13
59,"[2, 3]","[3, 1]","[0.75, 0.46]","[['C', 'B', 'A', 'D'], ['C', 'A', 'D', 'B']]","{'A': 4, 'C': 4, 'B': 1, 'D': 1}","[0.88, 0.5]",4.13
59,"[2, 3]","[3, 1]","[0.75, 0.46]","[['C', 'B', 'A', 'D'], ['D', 'B', 'A', 'C']]","{'A': 3, 'C': 3, 'B': 2, 'D': 2}","[0.88, 0.5]",4.13
59,"[2, 3]","[3, 1]","[0.75, 0.46]","[['C', 'B', 'A', 'D'], ['D', 'B', 'C', 'A']]","{'A': 3, 'C': 3, 'B': 2, 'D': 2}","[0.88, 0.5]",4.13
59,"[2, 3]","[3, 1]","[0.75, 0.46]","[['C', 'B', 'D', 'A'], ['A', 'B', 'C', 'D']]","{'A': 4, 'C': 3, 'B': 2, 'D': 1}","[0.88, 0.5]",4.13
59,"[2, 3]","[3, 1]","[0.75, 0.46]","[['C', 'B', 'D', 'A'], ['A', 'B', 'D', 'C']]","{'A': 4, 'C': 3, 'B': 2, 'D': 1}","[0.88, 0.5]",4.13
59,"[2, 3]","[3, 1]","[0.75, 0.46]","[['C', 'B', 'D', 'A'], ['A', 'C', 'B', 'D']]","{'A': 4, 'C': 4, 'B': 1, 'D': 1}","[0.88, 0.5]",4.13
59,"[2, 3]","[3, 1]","[0.75, 0.46]","[['C', 'B', 'D', 'A'], ['A', 'C', 'D', 'B']]","{'A': 4, 'C': 4, 'B': 1, 'D': 1}","[0.88, 0.5]",4.13
59,"[2, 3]","[3, 1]","[0.75, 0.46]","[['C', 'B', 'D', 'A'], ['B', 'A', 'C', 'D']]","{'A': 4, 'C': 3, 'B': 2, 'D': 1}","[0.88, 0.5]",4.13
59,"[2, 3]","[3, 1]","[0.75, 0.46]","[['C', 'B', 'D', 'A'], ['B', 'A', 'D', 'C']]","{'A': 4, 'C': 3, 'B': 2, 'D': 1}","[0.88, 0.5]",4.13
59,"[2, 3]","[3, 1]","[0.75, 0.46]","[['C', 'B', 'D', 'A'], ['B', 'D', 'A', 'C']]","{'A': 3, 'C': 3, 'B': 2, 'D': 2}","[0.88, 0.5]",4.13
59,"[2, 3]","[3, 1]","[0.75, 0.46]","[['C', 'B', 'D', 'A'], ['B', 'D', 'C', 'A']]","{'A': 3, 'C': 3, 'B': 2, 'D': 2}","[0.88, 0.5]",4.13
59,"[2, 3]","[3, 1]","[0.75, 0.46]","[['C', 'B', 'D', 'A'], ['C', 'A', 'B', 'D']]","{'A': 4, 'C': 4, 'B': 1, 'D': 1}","[0.88, 0.5]",4.13
59,"[2, 3]","[3, 1]","[0.75, 0.46]","[['C', 'B', 'D', 'A'], ['C', 'A', 'D', 'B']]","{'A': 4, 'C': 4, 'B': 1, 'D': 1}","[0.88, 0.5]",4.13
59,"[2, 3]","[3, 1]","[0.75, 0.46]","[['C', 'B', 'D', 'A'], ['D', 'B', 'A', 'C']]","{'A': 3, 'C': 3, 'B': 2, 'D': 2}","[0.88, 0.5]",4.13
59,"[2, 3]","[3, 1]","[0.75, 0.46]","[['C', 'B', 'D', 'A'], ['D', 'B', 'C', 'A']]","{'A': 3, 'C': 3, 'B': 2, 'D': 2}","[0.88, 0.5]",4.13
59,"[2, 3]","[3, 1]","[0.75, 0.46]","[['D', 'B', 'A', 'C'], ['B', 'C', 'A', 'D']]","{'A': 3, 'C': 3, 'B': 2, 'D': 2}","[0.88, 0.5]",4.13
59,"[2, 3]","[3, 1]","[0.75, 0.46]","[['D', 'B', 'A', 'C'], ['B', 'C', 'D', 'A']]","{'A': 3, 'C': 3, 'B': 2, 'D': 2}","[0.88, 0.5]",4.13
59,"[2, 3]","[3, 1]","[0.75, 0.46]","[['D', 'B', 'A', 'C'], ['C', 'B', 'A', 'D']]","{'A': 3, 'C': 3, 'B': 2, 'D': 2}","[0.88, 0.5]",4.13
59,"[2, 3]","[3, 1]","[0.75, 0.46]","[['D', 'B', 'A', 'C'], ['C', 'B', 'D', 'A']]","{'A': 3, 'C': 3, 'B': 2, 'D': 2}","[0.88, 0.5]",4.13
59,"[2, 3]","[3, 1]","[0.75, 0.46]","[['D', 'B', 'C', 'A'], ['B', 'C', 'A', 'D']]","{'A': 3, 'C': 3, 'B': 2, 'D': 2}","[0.88, 0.5]",4.13
59,"[2, 3]","[3, 1]","[0.75, 0.46]","[['D', 'B', 'C', 'A'], ['B', 'C', 'D', 'A']]","{'A': 3, 'C': 3, 'B': 2, 'D': 2}","[0.88, 0.5]",4.13
59,"[2, 3]","[3, 1]","[0.75, 0.46]","[['D', 'B', 'C', 'A'], ['C', 'B', 'A', 'D']]","{'A': 3, 'C': 3, 'B': 2, 'D': 2}","[0.88, 0.5]",4.13
59,"[2, 3]","[3, 1]","[0.75, 0.46]","[['D', 'B', 'C', 'A'], ['C', 'B', 'D', 'A']]","{'A': 3, 'C': 3, 'B': 2, 'D': 2}","[0.88, 0.5]",4.13
59,"[2, 5]","[3, 3]","[0.75, 0.88]","[['B', 'C', 'A', 'D'], ['C', 'D', 'A', 'B']]","{'C': 3, 'D': 3, 'A': 2, 'B': 2}","[1.0, 1.0]",4.0
59,"[2, 5]","[3, 3]","[0.75, 0.88]","[['B', 'C', 'A', 'D'], ['C', 'D', 'B', 'A']]","{'C': 3, 'D': 3, 'A': 2, 'B': 2}","[1.0, 1.0]",4.0
59,"[2, 5]","[3, 3]","[0.75, 0.88]","[['B', 'C', 'A', 'D'], ['D', 'C', 'A', 'B']]","{'C': 3, 'D': 3, 'A': 2, 'B': 2}","[1.0, 1.0]",4.0
59,"[2, 5]","[3, 3]","[0.75, 0.88]","[['B', 'C', 'A', 'D'], ['D', 'C', 'B', 'A']]","{'C': 3, 'D': 3, 'A': 2, 'B': 2}","[1.0, 1.0]",4.0
59,"[2, 5]","[3, 3]","[0.75, 0.88]","[['B', 'C', 'D', 'A'], ['C', 'D', 'A', 'B']]","{'C': 3, 'D': 3, 'A': 2, 'B': 2}","[1.0, 1.0]",4.0
59,"[2, 5]","[3, 3]","[0.75, 0.88]","[['B', 'C', 'D', 'A'], ['C', 'D', 'B', 'A']]","{'C': 3, 'D': 3, 'A': 2, 'B': 2}","[1.0, 1.0]",4.0
59,"[2, 5]","[3, 3]","[0.75, 0.88]","[['B', 'C', 'D', 'A'], ['D', 'C', 'A', 'B']]","{'C': 3, 'D': 3, 'A': 2, 'B': 2}","[1.0, 1.0]",4.0
59,"[2, 5]","[3, 3]","[0.75, 0.88]","[['B', 'C', 'D', 'A'], ['D', 'C', 'B', 'A']]","{'C': 3, 'D': 3, 'A': 2, 'B': 2}","[1.0, 1.0]",4.0
59,"[2, 5]","[3, 3]","[0.75, 0.88]","[['C', 'B', 'A', 'D'], ['C', 'D', 'A', 'B']]","{'C': 3, 'D': 3, 'A': 2, 'B': 2}","[1.0, 1.0]",4.0
59,"[2, 5]","[3, 3]","[0.75, 0.88]","[['C', 'B', 'A', 'D'], ['C', 'D', 'B', 'A']]","{'C': 3, 'D': 3, 'A': 2, 'B': 2}","[1.0, 1.0]",4.0
59,"[2, 5]","[3, 3]","[0.75, 0.88]","[['C', 'B', 'A', 'D'], ['D', 'C', 'A', 'B']]","{'C': 3, 'D': 3, 'A': 2, 'B': 2}","[1.0, 1.0]",4.0
59,"[2, 5]","[3, 3]","[0.75, 0.88]","[['C', 'B', 'A', 'D'], ['D', 'C', 'B', 'A']]","{'C': 3, 'D': 3, 'A': 2, 'B': 2}","[1.0, 1.0]",4.0
59,"[2, 5]","[3, 3]","[0.75, 0.88]","[['C', 'B', 'D', 'A'], ['C', 'D', 'A', 'B']]","{'C': 3, 'D': 3, 'A': 2, 'B': 2}","[1.0, 1.0]",4.0
59,"[2, 5]","[3, 3]","[0.75, 0.88]","[['C', 'B', 'D', 'A'], ['C', 'D', 'B', 'A']]","{'C': 3, 'D': 3, 'A': 2, 'B': 2}","[1.0, 1.0]",4.0
59,"[2, 5]","[3, 3]","[0.75, 0.88]","[['C', 'B', 'D', 'A'], ['D', 'C', 'A', 'B']]","{'C': 3, 'D': 3, 'A': 2, 'B': 2}","[1.0, 1.0]",4.0
59,"[2, 5]","[3, 3]","[0.75, 0.88]","[['C', 'B', 'D', 'A'], ['D', 'C', 'B', 'A']]","{'C': 3, 'D': 3, 'A': 2, 'B': 2}","[1.0, 1.0]",4.0
59,"[2, 5]","[3, 3]","[0.75, 0.88]","[['C', 'D', 'A', 'B'], ['B', 'C', 'A', 'D']]","{'C': 3, 'D': 3, 'A': 2, 'B': 2}","[1.0, 1.0]",4.0
59,"[2, 5]","[3, 3]","[0.75, 0.88]","[['C', 'D', 'A', 'B'], ['B', 'C', 'D', 'A']]","{'C': 3, 'D': 3, 'A': 2, 'B': 2}","[1.0, 1.0]",4.0
59,"[2, 5]","[3, 3]","[0.75, 0.88]","[['C', 'D', 'A', 'B'], ['C', 'B', 'A', 'D']]","{'C': 3, 'D': 3, 'A': 2, 'B': 2}","[1.0, 1.0]",4.0
59,"[2, 5]","[3, 3]","[0.75, 0.88]","[['C', 'D', 'A', 'B'], ['C', 'B', 'D', 'A']]","{'C': 3, 'D': 3, 'A': 2, 'B': 2}","[1.0, 1.0]",4.0
59,"[2, 5]","[3, 3]","[0.75, 0.88]","[['C', 'D', 'B', 'A'], ['B', 'C', 'A', 'D']]","{'C': 3, 'D': 3, 'A': 2, 'B': 2}","[1.0, 1.0]",4.0
59,"[2, 5]","[3, 3]","[0.75, 0.88]","[['C', 'D', 'B', 'A'], ['B', 'C', 'D', 'A']]","{'C': 3, 'D': 3, 'A': 2, 'B': 2}","[1.0, 1.0]",4.0
59,"[2, 5]","[3, 3]","[0.75, 0.88]","[['C', 'D', 'B', 'A'], ['C', 'B', 'A', 'D']]","{'C': 3, 'D': 3, 'A': 2, 'B': 2}","[1.0, 1.0]",4.0
59,"[2, 5]","[3, 3]","[0.75, 0.88]","[['C', 'D', 'B', 'A'], ['C', 'B', 'D', 'A']]","{'C': 3, 'D': 3, 'A': 2, 'B': 2}","[1.0, 1.0]",4.0
59,"[2, 5]","[3, 3]","[0.75, 0.88]","[['D', 'C', 'A', 'B'], ['B', 'C', 'A', 'D']]","{'C': 3, 'D': 3, 'A': 2, 'B': 2}","[1.0, 1.0]",4.0
59,"[2, 5]","[3, 3]","[0.75, 0.88]","[['D', 'C', 'A', 'B'], ['B', 'C', 'D', 'A']]","{'C': 3, 'D': 3, 'A': 2, 'B': 2}","[1.0, 1.0]",4.0
59,"[2, 5]","[3, 3]","[0.75, 0.88]","[['D', 'C', 'A', 'B'], ['C', 'B', 'A', 'D']]","{'C': 3, 'D': 3, 'A': 2, 'B': 2}","[1.0, 1.0]",4.0
59,"[2, 5]","[3, 3]","[0.75, 0.88]","[['D', 'C', 'A', 'B'], ['C', 'B', 'D', 'A']]","{'C': 3, 'D': 3, 'A': 2, 'B': 2}","[1.0, 1.0]",4.0
59,"[2, 5]","[3, 3]","[0.75, 0.88]","[['D', 'C', 'B', 'A'], ['B', 'C', 'A', 'D']]","{'C': 3, 'D': 3, 'A': 2, 'B': 2}","[1.0, 1.0]",4.0
59,"[2, 5]","[3, 3]","[0.75, 0.88]","[['D', 'C', 'B', 'A'], ['B', 'C', 'D', 'A']]","{'C': 3, 'D': 3, 'A': 2, 'B': 2}","[1.0, 1.0]",4.0
59,"[2, 5]","[3, 3]","[0.75, 0.88]","[['D', 'C', 'B', 'A'], ['C', 'B', 'A', 'D']]","{'C': 3, 'D': 3, 'A': 2, 'B': 2}","[1.0, 1.0]",4.0
59,"[2, 5]","[3, 3]","[0.75, 0.88]","[['D', 'C', 'B', 'A'], ['C', 'B', 'D', 'A']]","{'C': 3, 'D': 3, 'A': 2, 'B': 2}","[1.0, 1.0]",4.0
59,"[2, 3, 5]","[3, 1, 3]","[0.75, 0.46, 0.88]","[['B', 'C', 'A', 'D'], ['B', 'C', 'A', 'D'], ['B', 'C', 'A', 'D']]","{'C': 4, 'B': 3, 'A': 2, 'D': 1}","[1.0, 0.58, 1.0]",3.66
59,"[2, 3, 5]","[3, 1, 3]","[0.75, 0.46, 0.88]","[['B', 'C', 'A', 'D'], ['B', 'C', 'A', 'D'], ['B', 'C', 'D', 'A']]","{'C': 4, 'B': 3, 'A': 2, 'D': 1}","[1.0, 0.58, 1.0]",3.66
59,"[2, 3, 5]","[3, 1, 3]","[0.75, 0.46, 0.88]","[['B', 'C', 'A', 'D'], ['B', 'C', 'A', 'D'], ['C', 'B', 'A', 'D']]","{'C': 4, 'B': 3, 'A': 2, 'D': 1}","[1.0, 0.58, 1.0]",3.66
59,"[2, 3, 5]","[3, 1, 3]","[0.75, 0.46, 0.88]","[['B', 'C', 'A', 'D'], ['B', 'C', 'A', 'D'], ['C', 'B', 'D', 'A']]","{'C': 4, 'B': 3, 'A': 2, 'D': 1}","[1.0, 0.58, 1.0]",3.66
59,"[2, 3, 5]","[3, 1, 3]","[0.75, 0.46, 0.88]","[['B', 'C', 'A', 'D'], ['B', 'C', 'D', 'A'], ['B', 'C', 'A', 'D']]","{'C': 4, 'B': 3, 'A': 2, 'D': 1}","[1.0, 0.58, 1.0]",3.66
59,"[2, 3, 5]","[3, 1, 3]","[0.75, 0.46, 0.88]","[['B', 'C', 'A', 'D'], ['B', 'C', 'D', 'A'], ['B', 'C', 'D', 'A']]","{'C': 4, 'B': 3, 'A': 2, 'D': 1}","[1.0, 0.58, 1.0]",3.66
59,"[2, 3, 5]","[3, 1, 3]","[0.75, 0.46, 0.88]","[['B', 'C', 'A', 'D'], ['B', 'C', 'D', 'A'], ['C', 'B', 'A', 'D']]","{'C': 4, 'B': 3, 'A': 2, 'D': 1}","[1.0, 0.58, 1.0]",3.66
59,"[2, 3, 5]","[3, 1, 3]","[0.75, 0.46, 0.88]","[['B', 'C', 'A', 'D'], ['B', 'C', 'D', 'A'], ['C', 'B', 'D', 'A']]","{'C': 4, 'B': 3, 'A': 2, 'D': 1}","[1.0, 0.58, 1.0]",3.66
59,"[2, 3, 5]","[3, 1, 3]","[0.75, 0.46, 0.88]","[['B', 'C', 'A', 'D'], ['B', 'D', 'A', 'C'], ['C', 'D', 'A', 'B']]","{'C': 3, 'D': 3, 'A': 2, 'B': 2}","[1.0, 0.5, 1.0]",4.0
59,"[2, 3, 5]","[3, 1, 3]","[0.75, 0.46, 0.88]","[['B', 'C', 'A', 'D'], ['B', 'D', 'A', 'C'], ['C', 'D', 'B', 'A']]","{'C': 3, 'D': 3, 'A': 2, 'B': 2}","[1.0, 0.5, 1.0]",4.0
59,"[2, 3, 5]","[3, 1, 3]","[0.75, 0.46, 0.88]","[['B', 'C', 'A', 'D'], ['B', 'D', 'A', 'C'], ['D', 'C', 'A', 'B']]","{'C': 3, 'D': 3, 'A': 2, 'B': 2}","[1.0, 0.5, 1.0]",4.0
59,"[2, 3, 5]","[3, 1, 3]","[0.75, 0.46, 0.88]","[['B', 'C', 'A', 'D'], ['B', 'D', 'A', 'C'], ['D', 'C', 'B', 'A']]","{'C': 3, 'D': 3, 'A': 2, 'B': 2}","[1.0, 0.5, 1.0]",4.0
59,"[2, 3, 5]","[3, 1, 3]","[0.75, 0.46, 0.88]","[['B', 'C', 'A', 'D'], ['B', 'D', 'C', 'A'], ['C', 'D', 'A', 'B']]","{'C': 3, 'D': 3, 'A': 2, 'B': 2}","[1.0, 0.5, 1.0]",4.0
59,"[2, 3, 5]","[3, 1, 3]","[0.75, 0.46, 0.88]","[['B', 'C', 'A', 'D'], ['B', 'D', 'C', 'A'], ['C', 'D', 'B', 'A']]","{'C': 3, 'D': 3, 'A': 2, 'B': 2}","[1.0, 0.5, 1.0]",4.0
59,"[2, 3, 5]","[3, 1, 3]","[0.75, 0.46, 0.88]","[['B', 'C', 'A', 'D'], ['B', 'D', 'C', 'A'], ['D', 'C', 'A', 'B']]","{'C': 3, 'D': 3, 'A': 2, 'B': 2}","[1.0, 0.5, 1.0]",4.0
59,"[2, 3, 5]","[3, 1, 3]","[0.75, 0.46, 0.88]","[['B', 'C', 'A', 'D'], ['B', 'D', 'C', 'A'], ['D', 'C', 'B', 'A']]","{'C': 3, 'D': 3, 'A': 2, 'B': 2}","[1.0, 0.5, 1.0]",4.0
59,"[2, 3, 5]","[3, 1, 3]","[0.75, 0.46, 0.88]","[['B', 'C', 'A', 'D'], ['C', 'B', 'A', 'D'], ['B', 'C', 'A', 'D']]","{'C': 4, 'B': 3, 'A': 2, 'D': 1}","[1.0, 0.58, 1.0]",3.66
59,"[2, 3, 5]","[3, 1, 3]","[0.75, 0.46, 0.88]","[['B', 'C', 'A', 'D'], ['C', 'B', 'A', 'D'], ['B', 'C', 'D', 'A']]","{'C': 4, 'B': 3, 'A': 2, 'D': 1}","[1.0, 0.58, 1.0]",3.66
59,"[2, 3, 5]","[3, 1, 3]","[0.75, 0.46, 0.88]","[['B', 'C', 'A', 'D'], ['C', 'B', 'A', 'D'], ['C', 'B', 'A', 'D']]","{'C': 4, 'B': 3, 'A': 2, 'D': 1}","[1.0, 0.58, 1.0]",3.66
59,"[2, 3, 5]","[3, 1, 3]","[0.75, 0.46, 0.88]","[['B', 'C', 'A', 'D'], ['C', 'B', 'A', 'D'], ['C', 'B', 'D', 'A']]","{'C': 4, 'B': 3, 'A': 2, 'D': 1}","[1.0, 0.58, 1.0]",3.66
59,"[2, 3, 5]","[3, 1, 3]","[0.75, 0.46, 0.88]","[['B', 'C', 'A', 'D'], ['C', 'B', 'D', 'A'], ['B', 'C', 'A', 'D']]","{'C': 4, 'B': 3, 'A': 2, 'D': 1}","[1.0, 0.58, 1.0]",3.66
59,"[2, 3, 5]","[3, 1, 3]","[0.75, 0.46, 0.88]","[['B', 'C', 'A', 'D'], ['C', 'B', 'D', 'A'], ['B', 'C', 'D', 'A']]","{'C': 4, 'B': 3, 'A': 2, 'D': 1}","[1.0, 0.58, 1.0]",3.66
59,"[2, 3, 5]","[3, 1, 3]","[0.75, 0.46, 0.88]","[['B', 'C', 'A', 'D'], ['C', 'B', 'D', 'A'], ['C', 'B', 'A', 'D']]","{'C': 4, 'B': 3, 'A': 2, 'D': 1}","[1.0, 0.58, 1.0]",3.66
59,"[2, 3, 5]","[3, 1, 3]","[0.75, 0.46, 0.88]","[['B', 'C', 'A', 'D'], ['C', 'B', 'D', 'A'], ['C', 'B', 'D', 'A']]","{'C': 4, 'B': 3, 'A': 2, 'D': 1}","[1.0, 0.58, 1.0]",3.66
59,"[2, 3, 5]","[3, 1, 3]","[0.75, 0.46, 0.88]","[['B', 'C', 'A', 'D'], ['C', 'D', 'A', 'B'], ['B', 'D', 'A', 'C']]","{'C': 3, 'D': 3, 'A': 2, 'B': 2}","[1.0, 0.5, 1.0]",4.0
59,"[2, 3, 5]","[3, 1, 3]","[0.75, 0.46, 0.88]","[['B', 'C', 'A', 'D'], ['C', 'D', 'A', 'B'], ['B', 'D', 'C', 'A']]","{'C': 3, 'D': 3, 'A': 2, 'B': 2}","[1.0, 0.5, 1.0]",4.0
59,"[2, 3, 5]","[3, 1, 3]","[0.75, 0.46, 0.88]","[['B', 'C', 'A', 'D'], ['C', 'D', 'A', 'B'], ['C', 'D', 'A', 'B']]","{'C': 4, 'D': 3, 'A': 2, 'B': 1}","[1.0, 0.5, 1.0]",4.0
59,"[2, 3, 5]","[3, 1, 3]","[0.75, 0.46, 0.88]","[['B', 'C', 'A', 'D'], ['C', 'D', 'A', 'B'], ['C', 'D', 'B', 'A']]","{'C': 4, 'D': 3, 'A': 2, 'B': 1}","[1.0, 0.5, 1.0]",4.0
59,"[2, 3, 5]","[3, 1, 3]","[0.75, 0.46, 0.88]","[['B', 'C', 'A', 'D'], ['C', 'D', 'A', 'B'], ['D', 'B', 'A', 'C']]","{'C': 3, 'D': 3, 'A': 2, 'B': 2}","[1.0, 0.5, 1.0]",4.0
59,"[2, 3, 5]","[3, 1, 3]","[0.75, 0.46, 0.88]","[['B', 'C', 'A', 'D'], ['C', 'D', 'A', 'B'], ['D', 'B', 'C', 'A']]","{'C': 3, 'D': 3, 'A': 2, 'B': 2}","[1.0, 0.5, 1.0]",4.0
59,"[2, 3, 5]","[3, 1, 3]","[0.75, 0.46, 0.88]","[['B', 'C', 'A', 'D'], ['C', 'D', 'A', 'B'], ['D', 'C', 'A', 'B']]","{'C': 4, 'D': 3, 'A': 2, 'B': 1}","[1.0, 0.5, 1.0]",4.0
59,"[2, 3, 5]","[3, 1, 3]","[0.75, 0.46, 0.88]","[['B', 'C', 'A', 'D'], ['C', 'D', 'A', 'B'], ['D', 'C', 'B', 'A']]","{'C': 4, 'D': 3, 'A': 2, 'B': 1}","[1.0, 0.5, 1.0]",4.0
59,"[2, 3, 5]","[3, 1, 3]","[0.75, 0.46, 0.88]","[['B', 'C', 'A', 'D'], ['C', 'D', 'B', 'A'], ['B', 'D', 'A', 'C']]","{'C': 3, 'D': 3, 'A': 2, 'B': 2}","[1.0, 0.5, 1.0]",4.0
59,"[2, 3, 5]","[3, 1, 3]","[0.75, 0.46, 0.88]","[['B', 'C', 'A', 'D'], ['C', 'D', 'B', 'A'], ['B', 'D', 'C', 'A']]","{'C': 3, 'D': 3, 'A': 2, 'B': 2}","[1.0, 0.5, 1.0]",4.0
59,"[2, 3, 5]","[3, 1, 3]","[0.75, 0.46, 0.88]","[['B', 'C', 'A', 'D'], ['C', 'D', 'B', 'A'], ['C', 'D', 'A', 'B']]","{'C': 4, 'D': 3, 'A': 2, 'B': 1}","[1.0, 0.5, 1.0]",4.0
59,"[2, 3, 5]","[3, 1, 3]","[0.75, 0.46, 0.88]","[['B', 'C', 'A', 'D'], ['C', 'D', 'B', 'A'], ['C', 'D', 'B', 'A']]","{'C': 4, 'D': 3, 'A': 2, 'B': 1}","[1.0, 0.5, 1.0]",4.0
59,"[2, 3, 5]","[3, 1, 3]","[0.75, 0.46, 0.88]","[['B', 'C', 'A', 'D'], ['C', 'D', 'B', 'A'], ['D', 'B', 'A', 'C']]","{'C': 3, 'D': 3, 'A': 2, 'B': 2}","[1.0, 0.5, 1.0]",4.0
59,"[2, 3, 5]","[3, 1, 3]","[0.75, 0.46, 0.88]","[['B', 'C', 'A', 'D'], ['C', 'D', 'B', 'A'], ['D', 'B', 'C', 'A']]","{'C': 3, 'D': 3, 'A': 2, 'B': 2}","[1.0, 0.5, 1.0]",4.0
59,"[2, 3, 5]","[3, 1, 3]","[0.75, 0.46, 0.88]","[['B', 'C', 'A', 'D'], ['C', 'D', 'B', 'A'], ['D', 'C', 'A', 'B']]","{'C': 4, 'D': 3, 'A': 2, 'B': 1}","[1.0, 0.5, 1.0]",4.0
59,"[2, 3, 5]","[3, 1, 3]","[0.75, 0.46, 0.88]","[['B', 'C', 'A', 'D'], ['C', 'D', 'B', 'A'], ['D', 'C', 'B', 'A']]","{'C': 4, 'D': 3, 'A': 2, 'B': 1}","[1.0, 0.5, 1.0]",4.0
59,"[2, 3, 5]","[3, 1, 3]","[0.75, 0.46, 0.88]","[['B', 'C', 'A', 'D'], ['D', 'B', 'A', 'C'], ['C', 'D', 'A', 'B']]","{'C': 3, 'D': 3, 'A': 2, 'B': 2}","[1.0, 0.5, 1.0]",4.0
59,"[2, 3, 5]","[3, 1, 3]","[0.75, 0.46, 0.88]","[['B', 'C', 'A', 'D'], ['D', 'B', 'A', 'C'], ['C', 'D', 'B', 'A']]","{'C': 3, 'D': 3, 'A': 2, 'B': 2}","[1.0, 0.5, 1.0]",4.0
59,"[2, 3, 5]","[3, 1, 3]","[0.75, 0.46, 0.88]","[['B', 'C', 'A', 'D'], ['D', 'B', 'A', 'C'], ['D', 'C', 'A', 'B']]","{'C': 3, 'D': 3, 'A': 2, 'B': 2}","[1.0, 0.5, 1.0]",4.0
59,"[2, 3, 5]","[3, 1, 3]","[0.75, 0.46, 0.88]","[['B', 'C', 'A', 'D'], ['D', 'B', 'A', 'C'], ['D', 'C', 'B', 'A']]","{'C': 3, 'D': 3, 'A': 2, 'B': 2}","[1.0, 0.5, 1.0]",4.0
59,"[2, 3, 5]","[3, 1, 3]","[0.75, 0.46, 0.88]","[['B', 'C', 'A', 'D'], ['D', 'B', 'C', 'A'], ['C', 'D', 'A', 'B']]","{'C': 3, 'D': 3, 'A': 2, 'B': 2}","[1.0, 0.5, 1.0]",4.0
59,"[2, 3, 5]","[3, 1, 3]","[0.75, 0.46, 0.88]","[['B', 'C', 'A', 'D'], ['D', 'B', 'C', 'A'], ['C', 'D', 'B', 'A']]","{'C': 3, 'D': 3, 'A': 2, 'B': 2}","[1.0, 0.5, 1.0]",4.0
59,"[2, 3, 5]","[3, 1, 3]","[0.75, 0.46, 0.88]","[['B', 'C', 'A', 'D'], ['D', 'B', 'C', 'A'], ['D', 'C', 'A', 'B']]","{'C': 3, 'D': 3, 'A': 2, 'B': 2}","[1.0, 0.5, 1.0]",4.0
59,"[2, 3, 5]","[3, 1, 3]","[0.75, 0.46, 0.88]","[['B', 'C', 'A', 'D'], ['D', 'B', 'C', 'A'], ['D', 'C', 'B', 'A']]","{'C': 3, 'D': 3, 'A': 2, 'B': 2}","[1.0, 0.5, 1.0]",4.0
59,"[2, 3, 5]","[3, 1, 3]","[0.75, 0.46, 0.88]","[['B', 'C', 'A', 'D'], ['D', 'C', 'A', 'B'], ['B', 'D', 'A', 'C']]","{'C': 3, 'D': 3, 'A': 2, 'B': 2}","[1.0, 0.5, 1.0]",4.0
59,"[2, 3, 5]","[3, 1, 3]","[0.75, 0.46, 0.88]","[['B', 'C', 'A', 'D'], ['D', 'C', 'A', 'B'], ['B', 'D', 'C', 'A']]","{'C': 3, 'D': 3, 'A': 2, 'B': 2}","[1.0, 0.5, 1.0]",4.0
59,"[2, 3, 5]","[3, 1, 3]","[0.75, 0.46, 0.88]","[['B', 'C', 'A', 'D'], ['D', 'C', 'A', 'B'], ['C', 'D', 'A', 'B']]","{'C': 4, 'D': 3, 'A': 2, 'B': 1}","[1.0, 0.5, 1.0]",4.0
59,"[2, 3, 5]","[3, 1, 3]","[0.75, 0.46, 0.88]","[['B', 'C', 'A', 'D'], ['D', 'C', 'A', 'B'], ['C', 'D', 'B', 'A']]","{'C': 4, 'D': 3, 'A': 2, 'B': 1}","[1.0, 0.5, 1.0]",4.0
59,"[2, 3, 5]","[3, 1, 3]","[0.75, 0.46, 0.88]","[['B', 'C', 'A', 'D'], ['D', 'C', 'A', 'B'], ['D', 'B', 'A', 'C']]","{'C': 3, 'D': 3, 'A': 2, 'B': 2}","[1.0, 0.5, 1.0]",4.0
59,"[2, 3, 5]","[3, 1, 3]","[0.75, 0.46, 0.88]","[['B', 'C', 'A', 'D'], ['D', 'C', 'A', 'B'], ['D', 'B', 'C', 'A']]","{'C': 3, 'D': 3, 'A': 2, 'B': 2}","[1.0, 0.5, 1.0]",4.0
59,"[2, 3, 5]","[3, 1, 3]","[0.75, 0.46, 0.88]","[['B', 'C', 'A', 'D'], ['D', 'C', 'A', 'B'], ['D', 'C', 'A', 'B']]","{'C': 4, 'D': 3, 'A': 2, 'B': 1}","[1.0, 0.5, 1.0]",4.0
59,"[2, 3, 5]","[3, 1, 3]","[0.75, 0.46, 0.88]","[['B', 'C', 'A', 'D'], ['D', 'C', 'A', 'B'], ['D', 'C', 'B', 'A']]","{'C': 4, 'D': 3, 'A': 2, 'B': 1}","[1.0, 0.5, 1.0]",4.0
59,"[2, 3, 5]","[3, 1, 3]","[0.75, 0.46, 0.88]","[['B', 'C', 'A', 'D'], ['D', 'C', 'B', 'A'], ['B', 'D', 'A', 'C']]","{'C': 3, 'D': 3, 'A': 2, 'B': 2}","[1.0, 0.5, 1.0]",4.0
59,"[2, 3, 5]","[3, 1, 3]","[0.75, 0.46, 0.88]","[['B', 'C', 'A', 'D'], ['D', 'C', 'B', 'A'], ['B', 'D', 'C', 'A']]","{'C': 3, 'D': 3, 'A': 2, 'B': 2}","[1.0, 0.5, 1.0]",4.0
59,"[2, 3, 5]","[3, 1, 3]","[0.75, 0.46, 0.88]","[['B', 'C', 'A', 'D'], ['D', 'C', 'B', 'A'], ['C', 'D', 'A', 'B']]","{'C': 4, 'D': 3, 'A': 2, 'B': 1}","[1.0, 0.5, 1.0]",4.0
59,"[2, 3, 5]","[3, 1, 3]","[0.75, 0.46, 0.88]","[['B', 'C', 'A', 'D'], ['D', 'C', 'B', 'A'], ['C', 'D', 'B', 'A']]","{'C': 4, 'D': 3, 'A': 2, 'B': 1}","[1.0, 0.5, 1.0]",4.0
59,"[2, 3, 5]","[3, 1, 3]","[0.75, 0.46, 0.88]","[['B', 'C', 'A', 'D'], ['D', 'C', 'B', 'A'], ['D', 'B', 'A', 'C']]","{'C': 3, 'D': 3, 'A': 2, 'B': 2}","[1.0, 0.5, 1.0]",4.0
59,"[2, 3, 5]","[3, 1, 3]","[0.75, 0.46, 0.88]","[['B', 'C', 'A', 'D'], ['D', 'C', 'B', 'A'], ['D', 'B', 'C', 'A']]","{'C': 3, 'D': 3, 'A': 2, 'B': 2}","[1.0, 0.5, 1.0]",4.0
59,"[2, 3, 5]","[3, 1, 3]","[0.75, 0.46, 0.88]","[['B', 'C', 'A', 'D'], ['D', 'C', 'B', 'A'], ['D', 'C', 'A', 'B']]","{'C': 4, 'D': 3, 'A': 2, 'B': 1}","[1.0, 0.5, 1.0]",4.0
59,"[2, 3, 5]","[3, 1, 3]","[0.75, 0.46, 0.88]","[['B', 'C', 'A', 'D'], ['D', 'C', 'B', 'A'], ['D', 'C', 'B', 'A']]","{'C': 4, 'D': 3, 'A': 2, 'B': 1}","[1.0, 0.5, 1.0]",4.0
59,"[2, 3, 5]","[3, 1, 3]","[0.75, 0.46, 0.88]","[['B', 'C', 'D', 'A'], ['B', 'C', 'A', 'D'], ['B', 'C', 'A', 'D']]","{'C': 4, 'B': 3, 'A': 2, 'D': 1}","[1.0, 0.58, 1.0]",3.66
59,"[2, 3, 5]","[3, 1, 3]","[0.75, 0.46, 0.88]","[['B', 'C', 'D', 'A'], ['B', 'C', 'A', 'D'], ['B', 'C', 'D', 'A']]","{'C': 4, 'B': 3, 'A': 2, 'D': 1}","[1.0, 0.58, 1.0]",3.66
59,"[2, 3, 5]","[3, 1, 3]","[0.75, 0.46, 0.88]","[['B', 'C', 'D', 'A'], ['B', 'C', 'A', 'D'], ['C', 'B', 'A', 'D']]","{'C': 4, 'B': 3, 'A': 2, 'D': 1}","[1.0, 0.58, 1.0]",3.66
59,"[2, 3, 5]","[3, 1, 3]","[0.75, 0.46, 0.88]","[['B', 'C', 'D', 'A'], ['B', 'C', 'A', 'D'], ['C', 'B', 'D', 'A']]","{'C': 4, 'B': 3, 'A': 2, 'D': 1}","[1.0, 0.58, 1.0]",3.66
59,"[2, 3, 5]","[3, 1, 3]","[0.75, 0.46, 0.88]","[['B', 'C', 'D', 'A'], ['B', 'C', 'D', 'A'], ['B', 'C', 'A', 'D']]","{'C': 4, 'B': 3, 'A': 2, 'D': 1}","[1.0, 0.58, 1.0]",3.66
59,"[2, 3, 5]","[3, 1, 3]","[0.75, 0.46, 0.88]","[['B', 'C', 'D', 'A'], ['B', 'C', 'D', 'A'], ['B', 'C', 'D', 'A']]","{'C': 4, 'B': 3, 'A': 2, 'D': 1}","[1.0, 0.58, 1.0]",3.66
59,"[2, 3, 5]","[3, 1, 3]","[0.75, 0.46, 0.88]","[['B', 'C', 'D', 'A'], ['B', 'C', 'D', 'A'], ['C', 'B', 'A', 'D']]","{'C': 4, 'B': 3, 'A': 2, 'D': 1}","[1.0, 0.58, 1.0]",3.66
59,"[2, 3, 5]","[3, 1, 3]","[0.75, 0.46, 0.88]","[['B', 'C', 'D', 'A'], ['B', 'C', 'D', 'A'], ['C', 'B', 'D', 'A']]","{'C': 4, 'B': 3, 'A': 2, 'D': 1}","[1.0, 0.58, 1.0]",3.66
59,"[2, 3, 5]","[3, 1, 3]","[0.75, 0.46, 0.88]","[['B', 'C', 'D', 'A'], ['B', 'D', 'A', 'C'], ['C', 'D', 'A', 'B']]","{'C': 3, 'D': 3, 'A': 2, 'B': 2}","[1.0, 0.5, 1.0]",4.0
59,"[2, 3, 5]","[3, 1, 3]","[0.75, 0.46, 0.88]","[['B', 'C', 'D', 'A'], ['B', 'D', 'A', 'C'], ['C', 'D', 'B', 'A']]","{'C': 3, 'D': 3, 'A': 2, 'B': 2}","[1.0, 0.5, 1.0]",4.0
59,"[2, 3, 5]","[3, 1, 3]","[0.75, 0.46, 0.88]","[['B', 'C', 'D', 'A'], ['B', 'D', 'A', 'C'], ['D', 'C', 'A', 'B']]","{'C': 3, 'D': 3, 'A': 2, 'B': 2}","[1.0, 0.5, 1.0]",4.0
59,"[2, 3, 5]","[3, 1, 3]","[0.75, 0.46, 0.88]","[['B', 'C', 'D', 'A'], ['B', 'D', 'A', 'C'], ['D', 'C', 'B', 'A']]","{'C': 3, 'D': 3, 'A': 2, 'B': 2}","[1.0, 0.5, 1.0]",4.0
59,"[2, 3, 5]","[3, 1, 3]","[0.75, 0.46, 0.88]","[['B', 'C', 'D', 'A'], ['B', 'D', 'C', 'A'], ['C', 'D', 'A', 'B']]","{'C': 3, 'D': 3, 'A': 2, 'B': 2}","[1.0, 0.5, 1.0]",4.0
59,"[2, 3, 5]","[3, 1, 3]","[0.75, 0.46, 0.88]","[['B', 'C', 'D', 'A'], ['B', 'D', 'C', 'A'], ['C', 'D', 'B', 'A']]","{'C': 3, 'D': 3, 'A': 2, 'B': 2}","[1.0, 0.5, 1.0]",4.0
59,"[2, 3, 5]","[3, 1, 3]","[0.75, 0.46, 0.88]","[['B', 'C', 'D', 'A'], ['B', 'D', 'C', 'A'], ['D', 'C', 'A', 'B']]","{'C': 3, 'D': 3, 'A': 2, 'B': 2}","[1.0, 0.5, 1.0]",4.0
59,"[2, 3, 5]","[3, 1, 3]","[0.75, 0.46, 0.88]","[['B', 'C', 'D', 'A'], ['B', 'D', 'C', 'A'], ['D', 'C', 'B', 'A']]","{'C': 3, 'D': 3, 'A': 2, 'B': 2}","[1.0, 0.5, 1.0]",4.0
59,"[2, 3, 5]","[3, 1, 3]","[0.75, 0.46, 0.88]","[['B', 'C', 'D', 'A'], ['C', 'B', 'A', 'D'], ['B', 'C', 'A', 'D']]","{'C': 4, 'B': 3, 'A': 2, 'D': 1}","[1.0, 0.58, 1.0]",3.66
59,"[2, 3, 5]","[3, 1, 3]","[0.75, 0.46, 0.88]","[['B', 'C', 'D', 'A'], ['C', 'B', 'A', 'D'], ['B', 'C', 'D', 'A']]","{'C': 4, 'B': 3, 'A': 2, 'D': 1}","[1.0, 0.58, 1.0]",3.66
59,"[2, 3, 5]","[3, 1, 3]","[0.75, 0.46, 0.88]","[['B', 'C', 'D', 'A'], ['C', 'B', 'A', 'D'], ['C', 'B', 'A', 'D']]","{'C': 4, 'B': 3, 'A': 2, 'D': 1}","[1.0, 0.58, 1.0]",3.66
59,"[2, 3, 5]","[3, 1, 3]","[0.75, 0.46, 0.88]","[['B', 'C', 'D', 'A'], ['C', 'B', 'A', 'D'], ['C', 'B', 'D', 'A']]","{'C': 4, 'B': 3, 'A': 2, 'D': 1}","[1.0, 0.58, 1.0]",3.66
59,"[2, 3, 5]","[3, 1, 3]","[0.75, 0.46, 0.88]","[['B', 'C', 'D', 'A'], ['C', 'B', 'D', 'A'], ['B', 'C', 'A', 'D']]","{'C': 4, 'B': 3, 'A': 2, 'D': 1}","[1.0, 0.58, 1.0]",3.66
59,"[2, 3, 5]","[3, 1, 3]","[0.75, 0.46, 0.88]","[['B', 'C', 'D', 'A'], ['C', 'B', 'D', 'A'], ['B', 'C', 'D', 'A']]","{'C': 4, 'B': 3, 'A': 2, 'D': 1}","[1.0, 0.58, 1.0]",3.66
59,"[2, 3, 5]","[3, 1, 3]","[0.75, 0.46, 0.88]","[['B', 'C', 'D', 'A'], ['C', 'B', 'D', 'A'], ['C', 'B', 'A', 'D']]","{'C': 4, 'B': 3, 'A': 2, 'D': 1}","[1.0, 0.58, 1.0]",3.66
59,"[2, 3, 5]","[3, 1, 3]","[0.75, 0.46, 0.88]","[['B', 'C', 'D', 'A'], ['C', 'B', 'D', 'A'], ['C', 'B', 'D', 'A']]","{'C': 4, 'B': 3, 'A': 2, 'D': 1}","[1.0, 0.58, 1.0]",3.66
59,"[2, 3, 5]","[3, 1, 3]","[0.75, 0.46, 0.88]","[['B', 'C', 'D', 'A'], ['C', 'D', 'A', 'B'], ['B', 'D', 'A', 'C']]","{'C': 3, 'D': 3, 'A': 2, 'B': 2}","[1.0, 0.5, 1.0]",4.0
59,"[2, 3, 5]","[3, 1, 3]","[0.75, 0.46, 0.88]","[['B', 'C', 'D', 'A'], ['C', 'D', 'A', 'B'], ['B', 'D', 'C', 'A']]","{'C': 3, 'D': 3, 'A': 2, 'B': 2}","[1.0, 0.5, 1.0]",4.0
59,"[2, 3, 5]","[3, 1, 3]","[0.75, 0.46, 0.88]","[['B', 'C', 'D', 'A'], ['C', 'D', 'A', 'B'], ['C', 'D', 'A', 'B']]","{'C': 4, 'D': 3, 'A': 2, 'B': 1}","[1.0, 0.5, 1.0]",4.0
59,"[2, 3, 5]","[3, 1, 3]","[0.75, 0.46, 0.88]","[['B', 'C', 'D', 'A'], ['C', 'D', 'A', 'B'], ['C', 'D', 'B', 'A']]","{'C': 4, 'D': 3, 'A': 2, 'B': 1}","[1.0, 0.5, 1.0]",4.0
59,"[2, 3, 5]","[3, 1, 3]","[0.75, 0.46, 0.88]","[['B', 'C', 'D', 'A'], ['C', 'D', 'A', 'B'], ['D', 'B', 'A', 'C']]","{'C': 3, 'D': 3, 'A': 2, 'B': 2}","[1.0, 0.5, 1.0]",4.0
59,"[2, 3, 5]","[3, 1, 3]","[0.75, 0.46, 0.88]","[['B', 'C', 'D', 'A'], ['C', 'D', 'A', 'B'], ['D', 'B', 'C', 'A']]","{'C': 3, 'D': 3, 'A': 2, 'B': 2}","[1.0, 0.5, 1.0]",4.0
59,"[2, 3, 5]","[3, 1, 3]","[0.75, 0.46, 0.88]","[['B', 'C', 'D', 'A'], ['C', 'D', 'A', 'B'], ['D', 'C', 'A', 'B']]","{'C': 4, 'D': 3, 'A': 2, 'B': 1}","[1.0, 0.5, 1.0]",4.0
59,"[2, 3, 5]","[3, 1, 3]","[0.75, 0.46, 0.88]","[['B', 'C', 'D', 'A'], ['C', 'D', 'A', 'B'], ['D', 'C', 'B', 'A']]","{'C': 4, 'D': 3, 'A': 2, 'B': 1}","[1.0, 0.5, 1.0]",4.0
59,"[2, 3, 5]","[3, 1, 3]","[0.75, 0.46, 0.88]","[['B', 'C', 'D', 'A'], ['C', 'D', 'B', 'A'], ['B', 'D', 'A', 'C']]","{'C': 3, 'D': 3, 'A': 2, 'B': 2}","[1.0, 0.5, 1.0]",4.0
59,"[2, 3, 5]","[3, 1, 3]","[0.75, 0.46, 0.88]","[['B', 'C', 'D', 'A'], ['C', 'D', 'B', 'A'], ['B', 'D', 'C', 'A']]","{'C': 3, 'D': 3, 'A': 2, 'B': 2}","[1.0, 0.5, 1.0]",4.0
59,"[2, 3, 5]","[3, 1, 3]","[0.75, 0.46, 0.88]","[['B', 'C', 'D', 'A'], ['C', 'D', 'B', 'A'], ['C', 'D', 'A', 'B']]","{'C': 4, 'D': 3, 'A': 2, 'B': 1}","[1.0, 0.5, 1.0]",4.0
59,"[2, 3, 5]","[3, 1, 3]","[0.75, 0.46, 0.88]","[['B', 'C', 'D', 'A'], ['C', 'D', 'B', 'A'], ['C', 'D', 'B', 'A']]","{'C': 4, 'D': 3, 'A': 2, 'B': 1}","[1.0, 0.5, 1.0]",4.0
59,"[2, 3, 5]","[3, 1, 3]","[0.75, 0.46, 0.88]","[['B', 'C', 'D', 'A'], ['C', 'D', 'B', 'A'], ['D', 'B', 'A', 'C']]","{'C': 3, 'D': 3, 'A': 2, 'B': 2}","[1.0, 0.5, 1.0]",4.0
59,"[2, 3, 5]","[3, 1, 3]","[0.75, 0.46, 0.88]","[['B', 'C', 'D', 'A'], ['C', 'D', 'B', 'A'], ['D', 'B', 'C', 'A']]","{'C': 3, 'D': 3, 'A': 2, 'B': 2}","[1.0, 0.5, 1.0]",4.0
59,"[2, 3, 5]","[3, 1, 3]","[0.75, 0.46, 0.88]","[['B', 'C', 'D', 'A'], ['C', 'D', 'B', 'A'], ['D', 'C', 'A', 'B']]","{'C': 4, 'D': 3, 'A': 2, 'B': 1}","[1.0, 0.5, 1.0]",4.0
59,"[2, 3, 5]","[3, 1, 3]","[0.75, 0.46, 0.88]","[['B', 'C', 'D', 'A'], ['C', 'D', 'B', 'A'], ['D', 'C', 'B', 'A']]","{'C': 4, 'D': 3, 'A': 2, 'B': 1}","[1.0, 0.5, 1.0]",4.0
59,"[2, 3, 5]","[3, 1, 3]","[0.75, 0.46, 0.88]","[['B', 'C', 'D', 'A'], ['D', 'B', 'A', 'C'], ['C', 'D', 'A', 'B']]","{'C': 3, 'D': 3, 'A': 2, 'B': 2}","[1.0, 0.5, 1.0]",4.0
59,"[2, 3, 5]","[3, 1, 3]","[0.75, 0.46, 0.88]","[['B', 'C', 'D', 'A'], ['D', 'B', 'A', 'C'], ['C', 'D', 'B', 'A']]","{'C': 3, 'D': 3, 'A': 2, 'B': 2}","[1.0, 0.5, 1.0]",4.0
59,"[2, 3, 5]","[3, 1, 3]","[0.75, 0.46, 0.88]","[['B', 'C', 'D', 'A'], ['D', 'B', 'A', 'C'], ['D', 'C', 'A', 'B']]","{'C': 3, 'D': 3, 'A': 2, 'B': 2}","[1.0, 0.5, 1.0]",4.0
59,"[2, 3, 5]","[3, 1, 3]","[0.75, 0.46, 0.88]","[['B', 'C', 'D', 'A'], ['D', 'B', 'A', 'C'], ['D', 'C', 'B', 'A']]","{'C': 3, 'D': 3, 'A': 2, 'B': 2}","[1.0, 0.5, 1.0]",4.0
59,"[2, 3, 5]","[3, 1, 3]","[0.75, 0.46, 0.88]","[['B', 'C', 'D', 'A'], ['D', 'B', 'C', 'A'], ['C', 'D', 'A', 'B']]","{'C': 3, 'D': 3, 'A': 2, 'B': 2}","[1.0, 0.5, 1.0]",4.0
59,"[2, 3, 5]","[3, 1, 3]","[0.75, 0.46, 0.88]","[['B', 'C', 'D', 'A'], ['D', 'B', 'C', 'A'], ['C', 'D', 'B', 'A']]","{'C': 3, 'D': 3, 'A': 2, 'B': 2}","[1.0, 0.5, 1.0]",4.0
59,"[2, 3, 5]","[3, 1, 3]","[0.75, 0.46, 0.88]","[['B', 'C', 'D', 'A'], ['D', 'B', 'C', 'A'], ['D', 'C', 'A', 'B']]","{'C': 3, 'D': 3, 'A': 2, 'B': 2}","[1.0, 0.5, 1.0]",4.0
59,"[2, 3, 5]","[3, 1, 3]","[0.75, 0.46, 0.88]","[['B', 'C', 'D', 'A'], ['D', 'B', 'C', 'A'], ['D', 'C', 'B', 'A']]","{'C': 3, 'D': 3, 'A': 2, 'B': 2}","[1.0, 0.5, 1.0]",4.0
59,"[2, 3, 5]","[3, 1, 3]","[0.75, 0.46, 0.88]","[['B', 'C', 'D', 'A'], ['D', 'C', 'A', 'B'], ['B', 'D', 'A', 'C']]","{'C': 3, 'D': 3, 'A': 2, 'B': 2}","[1.0, 0.5, 1.0]",4.0
59,"[2, 3, 5]","[3, 1, 3]","[0.75, 0.46, 0.88]","[['B', 'C', 'D', 'A'], ['D', 'C', 'A', 'B'], ['B', 'D', 'C', 'A']]","{'C': 3, 'D': 3, 'A': 2, 'B': 2}","[1.0, 0.5, 1.0]",4.0
59,"[2, 3, 5]","[3, 1, 3]","[0.75, 0.46, 0.88]","[['B', 'C', 'D', 'A'], ['D', 'C', 'A', 'B'], ['C', 'D', 'A', 'B']]","{'C': 4, 'D': 3, 'A': 2, 'B': 1}","[1.0, 0.5, 1.0]",4.0
59,"[2, 3, 5]","[3, 1, 3]","[0.75, 0.46, 0.88]","[['B', 'C', 'D', 'A'], ['D', 'C', 'A', 'B'], ['C', 'D', 'B', 'A']]","{'C': 4, 'D': 3, 'A': 2, 'B': 1}","[1.0, 0.5, 1.0]",4.0
59,"[2, 3, 5]","[3, 1, 3]","[0.75, 0.46, 0.88]","[['B', 'C', 'D', 'A'], ['D', 'C', 'A', 'B'], ['D', 'B', 'A', 'C']]","{'C': 3, 'D': 3, 'A': 2, 'B': 2}","[1.0, 0.5, 1.0]",4.0
59,"[2, 3, 5]","[3, 1, 3]","[0.75, 0.46, 0.88]","[['B', 'C', 'D', 'A'], ['D', 'C', 'A', 'B'], ['D', 'B', 'C', 'A']]","{'C': 3, 'D': 3, 'A': 2, 'B': 2}","[1.0, 0.5, 1.0]",4.0
59,"[2, 3, 5]","[3, 1, 3]","[0.75, 0.46, 0.88]","[['B', 'C', 'D', 'A'], ['D', 'C', 'A', 'B'], ['D', 'C', 'A', 'B']]","{'C': 4, 'D': 3, 'A': 2, 'B': 1}","[1.0, 0.5, 1.0]",4.0
59,"[2, 3, 5]","[3, 1, 3]","[0.75, 0.46, 0.88]","[['B', 'C', 'D', 'A'], ['D', 'C', 'A', 'B'], ['D', 'C', 'B', 'A']]","{'C': 4, 'D': 3, 'A': 2, 'B': 1}","[1.0, 0.5, 1.0]",4.0
59,"[2, 3, 5]","[3, 1, 3]","[0.75, 0.46, 0.88]","[['B', 'C', 'D', 'A'], ['D', 'C', 'B', 'A'], ['B', 'D', 'A', 'C']]","{'C': 3, 'D': 3, 'A': 2, 'B': 2}","[1.0, 0.5, 1.0]",4.0
59,"[2, 3, 5]","[3, 1, 3]","[0.75, 0.46, 0.88]","[['B', 'C', 'D', 'A'], ['D', 'C', 'B', 'A'], ['B', 'D', 'C', 'A']]","{'C': 3, 'D': 3, 'A': 2, 'B': 2}","[1.0, 0.5, 1.0]",4.0
59,"[2, 3, 5]","[3, 1, 3]","[0.75, 0.46, 0.88]","[['B', 'C', 'D', 'A'], ['D', 'C', 'B', 'A'], ['C', 'D', 'A', 'B']]","{'C': 4, 'D': 3, 'A': 2, 'B': 1}","[1.0, 0.5, 1.0]",4.0
59,"[2, 3, 5]","[3, 1, 3]","[0.75, 0.46, 0.88]","[['B', 'C', 'D', 'A'], ['D', 'C', 'B', 'A'], ['C', 'D', 'B', 'A']]","{'C': 4, 'D': 3, 'A': 2, 'B': 1}","[1.0, 0.5, 1.0]",4.0
59,"[2, 3, 5]","[3, 1, 3]","[0.75, 0.46, 0.88]","[['B', 'C', 'D', 'A'], ['D', 'C', 'B', 'A'], ['D', 'B', 'A', 'C']]","{'C': 3, 'D': 3, 'A': 2, 'B': 2}","[1.0, 0.5, 1.0]",4.0
59,"[2, 3, 5]","[3, 1, 3]","[0.75, 0.46, 0.88]","[['B', 'C', 'D', 'A'], ['D', 'C', 'B', 'A'], ['D', 'B', 'C', 'A']]","{'C': 3, 'D': 3, 'A': 2, 'B': 2}","[1.0, 0.5, 1.0]",4.0
59,"[2, 3, 5]","[3, 1, 3]","[0.75, 0.46, 0.88]","[['B', 'C', 'D', 'A'], ['D', 'C', 'B', 'A'], ['D', 'C', 'A', 'B']]","{'C': 4, 'D': 3, 'A': 2, 'B': 1}","[1.0, 0.5, 1.0]",4.0
59,"[2, 3, 5]","[3, 1, 3]","[0.75, 0.46, 0.88]","[['B', 'C', 'D', 'A'], ['D', 'C', 'B', 'A'], ['D', 'C', 'B', 'A']]","{'C': 4, 'D': 3, 'A': 2, 'B': 1}","[1.0, 0.5, 1.0]",4.0
59,"[2, 3, 5]","[3, 1, 3]","[0.75, 0.46, 0.88]","[['B', 'D', 'A', 'C'], ['B', 'C', 'A', 'D'], ['C', 'D', 'A', 'B']]","{'C': 3, 'D': 3, 'A': 2, 'B': 2}","[1.0, 0.5, 1.0]",4.0
59,"[2, 3, 5]","[3, 1, 3]","[0.75, 0.46, 0.88]","[['B', 'D', 'A', 'C'], ['B', 'C', 'A', 'D'], ['C', 'D', 'B', 'A']]","{'C': 3, 'D': 3, 'A': 2, 'B': 2}","[1.0, 0.5, 1.0]",4.0
59,"[2, 3, 5]","[3, 1, 3]","[0.75, 0.46, 0.88]","[['B', 'D', 'A', 'C'], ['B', 'C', 'A', 'D'], ['D', 'C', 'A', 'B']]","{'C': 3, 'D': 3, 'A': 2, 'B': 2}","[1.0, 0.5, 1.0]",4.0
59,"[2, 3, 5]","[3, 1, 3]","[0.75, 0.46, 0.88]","[['B', 'D', 'A', 'C'], ['B', 'C', 'A', 'D'], ['D', 'C', 'B', 'A']]","{'C': 3, 'D': 3, 'A': 2, 'B': 2}","[1.0, 0.5, 1.0]",4.0
59,"[2, 3, 5]","[3, 1, 3]","[0.75, 0.46, 0.88]","[['B', 'D', 'A', 'C'], ['B', 'C', 'D', 'A'], ['C', 'D', 'A', 'B']]","{'C': 3, 'D': 3, 'A': 2, 'B': 2}","[1.0, 0.5, 1.0]",4.0
59,"[2, 3, 5]","[3, 1, 3]","[0.75, 0.46, 0.88]","[['B', 'D', 'A', 'C'], ['B', 'C', 'D', 'A'], ['C', 'D', 'B', 'A']]","{'C': 3, 'D': 3, 'A': 2, 'B': 2}","[1.0, 0.5, 1.0]",4.0
59,"[2, 3, 5]","[3, 1, 3]","[0.75, 0.46, 0.88]","[['B', 'D', 'A', 'C'], ['B', 'C', 'D', 'A'], ['D', 'C', 'A', 'B']]","{'C': 3, 'D': 3, 'A': 2, 'B': 2}","[1.0, 0.5, 1.0]",4.0
59,"[2, 3, 5]","[3, 1, 3]","[0.75, 0.46, 0.88]","[['B', 'D', 'A', 'C'], ['B', 'C', 'D', 'A'], ['D', 'C', 'B', 'A']]","{'C': 3, 'D': 3, 'A': 2, 'B': 2}","[1.0, 0.5, 1.0]",4.0
59,"[2, 3, 5]","[3, 1, 3]","[0.75, 0.46, 0.88]","[['B', 'D', 'A', 'C'], ['C', 'B', 'A', 'D'], ['C', 'D', 'A', 'B']]","{'C': 3, 'D': 3, 'A': 2, 'B': 2}","[1.0, 0.5, 1.0]",4.0
59,"[2, 3, 5]","[3, 1, 3]","[0.75, 0.46, 0.88]","[['B', 'D', 'A', 'C'], ['C', 'B', 'A', 'D'], ['C', 'D', 'B', 'A']]","{'C': 3, 'D': 3, 'A': 2, 'B': 2}","[1.0, 0.5, 1.0]",4.0
59,"[2, 3, 5]","[3, 1, 3]","[0.75, 0.46, 0.88]","[['B', 'D', 'A', 'C'], ['C', 'B', 'A', 'D'], ['D', 'C', 'A', 'B']]","{'C': 3, 'D': 3, 'A': 2, 'B': 2}","[1.0, 0.5, 1.0]",4.0
59,"[2, 3, 5]","[3, 1, 3]","[0.75, 0.46, 0.88]","[['B', 'D', 'A', 'C'], ['C', 'B', 'A', 'D'], ['D', 'C', 'B', 'A']]","{'C': 3, 'D': 3, 'A': 2, 'B': 2}","[1.0, 0.5, 1.0]",4.0
59,"[2, 3, 5]","[3, 1, 3]","[0.75, 0.46, 0.88]","[['B', 'D', 'A', 'C'], ['C', 'B', 'D', 'A'], ['C', 'D', 'A', 'B']]","{'C': 3, 'D': 3, 'A': 2, 'B': 2}","[1.0, 0.5, 1.0]",4.0
59,"[2, 3, 5]","[3, 1, 3]","[0.75, 0.46, 0.88]","[['B', 'D', 'A', 'C'], ['C', 'B', 'D', 'A'], ['C', 'D', 'B', 'A']]","{'C': 3, 'D': 3, 'A': 2, 'B': 2}","[1.0, 0.5, 1.0]",4.0
59,"[2, 3, 5]","[3, 1, 3]","[0.75, 0.46, 0.88]","[['B', 'D', 'A', 'C'], ['C', 'B', 'D', 'A'], ['D', 'C', 'A', 'B']]","{'C': 3, 'D': 3, 'A': 2, 'B': 2}","[1.0, 0.5, 1.0]",4.0
59,"[2, 3, 5]","[3, 1, 3]","[0.75, 0.46, 0.88]","[['B', 'D', 'A', 'C'], ['C', 'B', 'D', 'A'], ['D', 'C', 'B', 'A']]","{'C': 3, 'D': 3, 'A': 2, 'B': 2}","[1.0, 0.5, 1.0]",4.0
59,"[2, 3, 5]","[3, 1, 3]","[0.75, 0.46, 0.88]","[['B', 'D', 'A', 'C'], ['C', 'D', 'A', 'B'], ['B', 'C', 'A', 'D']]","{'C': 3, 'D': 3, 'A': 2, 'B': 2}","[1.0, 0.5, 1.0]",4.0
59,"[2, 3, 5]","[3, 1, 3]","[0.75, 0.46, 0.88]","[['B', 'D', 'A', 'C'], ['C', 'D', 'A', 'B'], ['B', 'C', 'D', 'A']]","{'C': 3, 'D': 3, 'A': 2, 'B': 2}","[1.0, 0.5, 1.0]",4.0
59,"[2, 3, 5]","[3, 1, 3]","[0.75, 0.46, 0.88]","[['B', 'D', 'A', 'C'], ['C', 'D', 'A', 'B'], ['C', 'B', 'A', 'D']]","{'C': 3, 'D': 3, 'A': 2, 'B': 2}","[1.0, 0.5, 1.0]",4.0
59,"[2, 3, 5]","[3, 1, 3]","[0.75, 0.46, 0.88]","[['B', 'D', 'A', 'C'], ['C', 'D', 'A', 'B'], ['C', 'B', 'D', 'A']]","{'C': 3, 'D': 3, 'A': 2, 'B': 2}","[1.0, 0.5, 1.0]",4.0
59,"[2, 3, 5]","[3, 1, 3]","[0.75, 0.46, 0.88]","[['B', 'D', 'A', 'C'], ['C', 'D', 'B', 'A'], ['B', 'C', 'A', 'D']]","{'C': 3, 'D': 3, 'A': 2, 'B': 2}","[1.0, 0.5, 1.0]",4.0
59,"[2, 3, 5]","[3, 1, 3]","[0.75, 0.46, 0.88]","[['B', 'D', 'A', 'C'], ['C', 'D', 'B', 'A'], ['B', 'C', 'D', 'A']]","{'C': 3, 'D': 3, 'A': 2, 'B': 2}","[1.0, 0.5, 1.0]",4.0
59,"[2, 3, 5]","[3, 1, 3]","[0.75, 0.46, 0.88]","[['B', 'D', 'A', 'C'], ['C', 'D', 'B', 'A'], ['C', 'B', 'A', 'D']]","{'C': 3, 'D': 3, 'A': 2, 'B': 2}","[1.0, 0.5, 1.0]",4.0
59,"[2, 3, 5]","[3, 1, 3]","[0.75, 0.46, 0.88]","[['B', 'D', 'A', 'C'], ['C', 'D', 'B', 'A'], ['C', 'B', 'D', 'A']]","{'C': 3, 'D': 3, 'A': 2, 'B': 2}","[1.0, 0.5, 1.0]",4.0
59,"[2, 3, 5]","[3, 1, 3]","[0.75, 0.46, 0.88]","[['B', 'D', 'A', 'C'], ['D', 'C', 'A', 'B'], ['B', 'C', 'A', 'D']]","{'C': 3, 'D': 3, 'A': 2, 'B': 2}","[1.0, 0.5, 1.0]",4.0
59,"[2, 3, 5]","[3, 1, 3]","[0.75, 0.46, 0.88]","[['B', 'D', 'A', 'C'], ['D', 'C', 'A', 'B'], ['B', 'C', 'D', 'A']]","{'C': 3, 'D': 3, 'A': 2, 'B': 2}","[1.0, 0.5, 1.0]",4.0
59,"[2, 3, 5]","[3, 1, 3]","[0.75, 0.46, 0.88]","[['B', 'D', 'A', 'C'], ['D', 'C', 'A', 'B'], ['C', 'B', 'A', 'D']]","{'C': 3, 'D': 3, 'A': 2, 'B': 2}","[1.0, 0.5, 1.0]",4.0
59,"[2, 3, 5]","[3, 1, 3]","[0.75, 0.46, 0.88]","[['B', 'D', 'A', 'C'], ['D', 'C', 'A', 'B'], ['C', 'B', 'D', 'A']]","{'C': 3, 'D': 3, 'A': 2, 'B': 2}","[1.0, 0.5, 1.0]",4.0
59,"[2, 3, 5]","[3, 1, 3]","[0.75, 0.46, 0.88]","[['B', 'D', 'A', 'C'], ['D', 'C', 'B', 'A'], ['B', 'C', 'A', 'D']]","{'C': 3, 'D': 3, 'A': 2, 'B': 2}","[1.0, 0.5, 1.0]",4.0
59,"[2, 3, 5]","[3, 1, 3]","[0.75, 0.46, 0.88]","[['B', 'D', 'A', 'C'], ['D', 'C', 'B', 'A'], ['B', 'C', 'D', 'A']]","{'C': 3, 'D': 3, 'A': 2, 'B': 2}","[1.0, 0.5, 1.0]",4.0
59,"[2, 3, 5]","[3, 1, 3]","[0.75, 0.46, 0.88]","[['B', 'D', 'A', 'C'], ['D', 'C', 'B', 'A'], ['C', 'B', 'A', 'D']]","{'C': 3, 'D': 3, 'A': 2, 'B': 2}","[1.0, 0.5, 1.0]",4.0
59,"[2, 3, 5]","[3, 1, 3]","[0.75, 0.46, 0.88]","[['B', 'D', 'A', 'C'], ['D', 'C', 'B', 'A'], ['C', 'B', 'D', 'A']]","{'C': 3, 'D': 3, 'A': 2, 'B': 2}","[1.0, 0.5, 1.0]",4.0
59,"[2, 3, 5]","[3, 1, 3]","[0.75, 0.46, 0.88]","[['B', 'D', 'C', 'A'], ['B', 'C', 'A', 'D'], ['C', 'D', 'A', 'B']]","{'C': 3, 'D': 3, 'A': 2, 'B': 2}","[1.0, 0.5, 1.0]",4.0
59,"[2, 3, 5]","[3, 1, 3]","[0.75, 0.46, 0.88]","[['B', 'D', 'C', 'A'], ['B', 'C', 'A', 'D'], ['C', 'D', 'B', 'A']]","{'C': 3, 'D': 3, 'A': 2, 'B': 2}","[1.0, 0.5, 1.0]",4.0
59,"[2, 3, 5]","[3, 1, 3]","[0.75, 0.46, 0.88]","[['B', 'D', 'C', 'A'], ['B', 'C', 'A', 'D'], ['D', 'C', 'A', 'B']]","{'C': 3, 'D': 3, 'A': 2, 'B': 2}","[1.0, 0.5, 1.0]",4.0
59,"[2, 3, 5]","[3, 1, 3]","[0.75, 0.46, 0.88]","[['B', 'D', 'C', 'A'], ['B', 'C', 'A', 'D'], ['D', 'C', 'B', 'A']]","{'C': 3, 'D': 3, 'A': 2, 'B': 2}","[1.0, 0.5, 1.0]",4.0
59,"[2, 3, 5]","[3, 1, 3]","[0.75, 0.46, 0.88]","[['B', 'D', 'C', 'A'], ['B', 'C', 'D', 'A'], ['C', 'D', 'A', 'B']]","{'C': 3, 'D': 3, 'A': 2, 'B': 2}","[1.0, 0.5, 1.0]",4.0
59,"[2, 3, 5]","[3, 1, 3]","[0.75, 0.46, 0.88]","[['B', 'D', 'C', 'A'], ['B', 'C', 'D', 'A'], ['C', 'D', 'B', 'A']]","{'C': 3, 'D': 3, 'A': 2, 'B': 2}","[1.0, 0.5, 1.0]",4.0
59,"[2, 3, 5]","[3, 1, 3]","[0.75, 0.46, 0.88]","[['B', 'D', 'C', 'A'], ['B', 'C', 'D', 'A'], ['D', 'C', 'A', 'B']]","{'C': 3, 'D': 3, 'A': 2, 'B': 2}","[1.0, 0.5, 1.0]",4.0
59,"[2, 3, 5]","[3, 1, 3]","[0.75, 0.46, 0.88]","[['B', 'D', 'C', 'A'], ['B', 'C', 'D', 'A'], ['D', 'C', 'B', 'A']]","{'C': 3, 'D': 3, 'A': 2, 'B': 2}","[1.0, 0.5, 1.0]",4.0
59,"[2, 3, 5]","[3, 1, 3]","[0.75, 0.46, 0.88]","[['B', 'D', 'C', 'A'], ['C', 'B', 'A', 'D'], ['C', 'D', 'A', 'B']]","{'C': 3, 'D': 3, 'A': 2, 'B': 2}","[1.0, 0.5, 1.0]",4.0
59,"[2, 3, 5]","[3, 1, 3]","[0.75, 0.46, 0.88]","[['B', 'D', 'C', 'A'], ['C', 'B', 'A', 'D'], ['C', 'D', 'B', 'A']]","{'C': 3, 'D': 3, 'A': 2, 'B': 2}","[1.0, 0.5, 1.0]",4.0
59,"[2, 3, 5]","[3, 1, 3]","[0.75, 0.46, 0.88]","[['B', 'D', 'C', 'A'], ['C', 'B', 'A', 'D'], ['D', 'C', 'A', 'B']]","{'C': 3, 'D': 3, 'A': 2, 'B': 2}","[1.0, 0.5, 1.0]",4.0
59,"[2, 3, 5]","[3, 1, 3]","[0.75, 0.46, 0.88]","[['B', 'D', 'C', 'A'], ['C', 'B', 'A', 'D'], ['D', 'C', 'B', 'A']]","{'C': 3, 'D': 3, 'A': 2, 'B': 2}","[1.0, 0.5, 1.0]",4.0
59,"[2, 3, 5]","[3, 1, 3]","[0.75, 0.46, 0.88]","[['B', 'D', 'C', 'A'], ['C', 'B', 'D', 'A'], ['C', 'D', 'A', 'B']]","{'C': 3, 'D': 3, 'A': 2, 'B': 2}","[1.0, 0.5, 1.0]",4.0
59,"[2, 3, 5]","[3, 1, 3]","[0.75, 0.46, 0.88]","[['B', 'D', 'C', 'A'], ['C', 'B', 'D', 'A'], ['C', 'D', 'B', 'A']]","{'C': 3, 'D': 3, 'A': 2, 'B': 2}","[1.0, 0.5, 1.0]",4.0
59,"[2, 3, 5]","[3, 1, 3]","[0.75, 0.46, 0.88]","[['B', 'D', 'C', 'A'], ['C', 'B', 'D', 'A'], ['D', 'C', 'A', 'B']]","{'C': 3, 'D': 3, 'A': 2, 'B': 2}","[1.0, 0.5, 1.0]",4.0
59,"[2, 3, 5]","[3, 1, 3]","[0.75, 0.46, 0.88]","[['B', 'D', 'C', 'A'], ['C', 'B', 'D', 'A'], ['D', 'C', 'B', 'A']]","{'C': 3, 'D': 3, 'A': 2, 'B': 2}","[1.0, 0.5, 1.0]",4.0
59,"[2, 3, 5]","[3, 1, 3]","[0.75, 0.46, 0.88]","[['B', 'D', 'C', 'A'], ['C', 'D', 'A', 'B'], ['B', 'C', 'A', 'D']]","{'C': 3, 'D': 3, 'A': 2, 'B': 2}","[1.0, 0.5, 1.0]",4.0
59,"[2, 3, 5]","[3, 1, 3]","[0.75, 0.46, 0.88]","[['B', 'D', 'C', 'A'], ['C', 'D', 'A', 'B'], ['B', 'C', 'D', 'A']]","{'C': 3, 'D': 3, 'A': 2, 'B': 2}","[1.0, 0.5, 1.0]",4.0
59,"[2, 3, 5]","[3, 1, 3]","[0.75, 0.46, 0.88]","[['B', 'D', 'C', 'A'], ['C', 'D', 'A', 'B'], ['C', 'B', 'A', 'D']]","{'C': 3, 'D': 3, 'A': 2, 'B': 2}","[1.0, 0.5, 1.0]",4.0
59,"[2, 3, 5]","[3, 1, 3]","[0.75, 0.46, 0.88]","[['B', 'D', 'C', 'A'], ['C', 'D', 'A', 'B'], ['C', 'B', 'D', 'A']]","{'C': 3, 'D': 3, 'A': 2, 'B': 2}","[1.0, 0.5, 1.0]",4.0
59,"[2, 3, 5]","[3, 1, 3]","[0.75, 0.46, 0.88]","[['B', 'D', 'C', 'A'], ['C', 'D', 'B', 'A'], ['B', 'C', 'A', 'D']]","{'C': 3, 'D': 3, 'A': 2, 'B': 2}","[1.0, 0.5, 1.0]",4.0
59,"[2, 3, 5]","[3, 1, 3]","[0.75, 0.46, 0.88]","[['B', 'D', 'C', 'A'], ['C', 'D', 'B', 'A'], ['B', 'C', 'D', 'A']]","{'C': 3, 'D': 3, 'A': 2, 'B': 2}","[1.0, 0.5, 1.0]",4.0
59,"[2, 3, 5]","[3, 1, 3]","[0.75, 0.46, 0.88]","[['B', 'D', 'C', 'A'], ['C', 'D', 'B', 'A'], ['C', 'B', 'A', 'D']]","{'C': 3, 'D': 3, 'A': 2, 'B': 2}","[1.0, 0.5, 1.0]",4.0
59,"[2, 3, 5]","[3, 1, 3]","[0.75, 0.46, 0.88]","[['B', 'D', 'C', 'A'], ['C', 'D', 'B', 'A'], ['C', 'B', 'D', 'A']]","{'C': 3, 'D': 3, 'A': 2, 'B': 2}","[1.0, 0.5, 1.0]",4.0
59,"[2, 3, 5]","[3, 1, 3]","[0.75, 0.46, 0.88]","[['B', 'D', 'C', 'A'], ['D', 'C', 'A', 'B'], ['B', 'C', 'A', 'D']]","{'C': 3, 'D': 3, 'A': 2, 'B': 2}","[1.0, 0.5, 1.0]",4.0
59,"[2, 3, 5]","[3, 1, 3]","[0.75, 0.46, 0.88]","[['B', 'D', 'C', 'A'], ['D', 'C', 'A', 'B'], ['B', 'C', 'D', 'A']]","{'C': 3, 'D': 3, 'A': 2, 'B': 2}","[1.0, 0.5, 1.0]",4.0
59,"[2, 3, 5]","[3, 1, 3]","[0.75, 0.46, 0.88]","[['B', 'D', 'C', 'A'], ['D', 'C', 'A', 'B'], ['C', 'B', 'A', 'D']]","{'C': 3, 'D': 3, 'A': 2, 'B': 2}","[1.0, 0.5, 1.0]",4.0
59,"[2, 3, 5]","[3, 1, 3]","[0.75, 0.46, 0.88]","[['B', 'D', 'C', 'A'], ['D', 'C', 'A', 'B'], ['C', 'B', 'D', 'A']]","{'C': 3, 'D': 3, 'A': 2, 'B': 2}","[1.0, 0.5, 1.0]",4.0
59,"[2, 3, 5]","[3, 1, 3]","[0.75, 0.46, 0.88]","[['B', 'D', 'C', 'A'], ['D', 'C', 'B', 'A'], ['B', 'C', 'A', 'D']]","{'C': 3, 'D': 3, 'A': 2, 'B': 2}","[1.0, 0.5, 1.0]",4.0
59,"[2, 3, 5]","[3, 1, 3]","[0.75, 0.46, 0.88]","[['B', 'D', 'C', 'A'], ['D', 'C', 'B', 'A'], ['B', 'C', 'D', 'A']]","{'C': 3, 'D': 3, 'A': 2, 'B': 2}","[1.0, 0.5, 1.0]",4.0
59,"[2, 3, 5]","[3, 1, 3]","[0.75, 0.46, 0.88]","[['B', 'D', 'C', 'A'], ['D', 'C', 'B', 'A'], ['C', 'B', 'A', 'D']]","{'C': 3, 'D': 3, 'A': 2, 'B': 2}","[1.0, 0.5, 1.0]",4.0
59,"[2, 3, 5]","[3, 1, 3]","[0.75, 0.46, 0.88]","[['B', 'D', 'C', 'A'], ['D', 'C', 'B', 'A'], ['C', 'B', 'D', 'A']]","{'C': 3, 'D': 3, 'A': 2, 'B': 2}","[1.0, 0.5, 1.0]",4.0
59,"[2, 3, 5]","[3, 1, 3]","[0.75, 0.46, 0.88]","[['C', 'B', 'A', 'D'], ['B', 'C', 'A', 'D'], ['B', 'C', 'A', 'D']]","{'C': 4, 'B': 3, 'A': 2, 'D': 1}","[1.0, 0.58, 1.0]",3.66
59,"[2, 3, 5]","[3, 1, 3]","[0.75, 0.46, 0.88]","[['C', 'B', 'A', 'D'], ['B', 'C', 'A', 'D'], ['B', 'C', 'D', 'A']]","{'C': 4, 'B': 3, 'A': 2, 'D': 1}","[1.0, 0.58, 1.0]",3.66
59,"[2, 3, 5]","[3, 1, 3]","[0.75, 0.46, 0.88]","[['C', 'B', 'A', 'D'], ['B', 'C', 'A', 'D'], ['C', 'B', 'A', 'D']]","{'C': 4, 'B': 3, 'A': 2, 'D': 1}","[1.0, 0.58, 1.0]",3.66
59,"[2, 3, 5]","[3, 1, 3]","[0.75, 0.46, 0.88]","[['C', 'B', 'A', 'D'], ['B', 'C', 'A', 'D'], ['C', 'B', 'D', 'A']]","{'C': 4, 'B': 3, 'A': 2, 'D': 1}","[1.0, 0.58, 1.0]",3.66
59,"[2, 3, 5]","[3, 1, 3]","[0.75, 0.46, 0.88]","[['C', 'B', 'A', 'D'], ['B', 'C', 'D', 'A'], ['B', 'C', 'A', 'D']]","{'C': 4, 'B': 3, 'A': 2, 'D': 1}","[1.0, 0.58, 1.0]",3.66
59,"[2, 3, 5]","[3, 1, 3]","[0.75, 0.46, 0.88]","[['C', 'B', 'A', 'D'], ['B', 'C', 'D', 'A'], ['B', 'C', 'D', 'A']]","{'C': 4, 'B': 3, 'A': 2, 'D': 1}","[1.0, 0.58, 1.0]",3.66
59,"[2, 3, 5]","[3, 1, 3]","[0.75, 0.46, 0.88]","[['C', 'B', 'A', 'D'], ['B', 'C', 'D', 'A'], ['C', 'B', 'A', 'D']]","{'C': 4, 'B': 3, 'A': 2, 'D': 1}","[1.0, 0.58, 1.0]",3.66
59,"[2, 3, 5]","[3, 1, 3]","[0.75, 0.46, 0.88]","[['C', 'B', 'A', 'D'], ['B', 'C', 'D', 'A'], ['C', 'B', 'D', 'A']]","{'C': 4, 'B': 3, 'A': 2, 'D': 1}","[1.0, 0.58, 1.0]",3.66
59,"[2, 3, 5]","[3, 1, 3]","[0.75, 0.46, 0.88]","[['C', 'B', 'A', 'D'], ['B', 'D', 'A', 'C'], ['C', 'D', 'A', 'B']]","{'C': 3, 'D': 3, 'A': 2, 'B': 2}","[1.0, 0.5, 1.0]",4.0
59,"[2, 3, 5]","[3, 1, 3]","[0.75, 0.46, 0.88]","[['C', 'B', 'A', 'D'], ['B', 'D', 'A', 'C'], ['C', 'D', 'B', 'A']]","{'C': 3, 'D': 3, 'A': 2, 'B': 2}","[1.0, 0.5, 1.0]",4.0
59,"[2, 3, 5]","[3, 1, 3]","[0.75, 0.46, 0.88]","[['C', 'B', 'A', 'D'], ['B', 'D', 'A', 'C'], ['D', 'C', 'A', 'B']]","{'C': 3, 'D': 3, 'A': 2, 'B': 2}","[1.0, 0.5, 1.0]",4.0
59,"[2, 3, 5]","[3, 1, 3]","[0.75, 0.46, 0.88]","[['C', 'B', 'A', 'D'], ['B', 'D', 'A', 'C'], ['D', 'C', 'B', 'A']]","{'C': 3, 'D': 3, 'A': 2, 'B': 2}","[1.0, 0.5, 1.0]",4.0
59,"[2, 3, 5]","[3, 1, 3]","[0.75, 0.46, 0.88]","[['C', 'B', 'A', 'D'], ['B', 'D', 'C', 'A'], ['C', 'D', 'A', 'B']]","{'C': 3, 'D': 3, 'A': 2, 'B': 2}","[1.0, 0.5, 1.0]",4.0
59,"[2, 3, 5]","[3, 1, 3]","[0.75, 0.46, 0.88]","[['C', 'B', 'A', 'D'], ['B', 'D', 'C', 'A'], ['C', 'D', 'B', 'A']]","{'C': 3, 'D': 3, 'A': 2, 'B': 2}","[1.0, 0.5, 1.0]",4.0
59,"[2, 3, 5]","[3, 1, 3]","[0.75, 0.46, 0.88]","[['C', 'B', 'A', 'D'], ['B', 'D', 'C', 'A'], ['D', 'C', 'A', 'B']]","{'C': 3, 'D': 3, 'A': 2, 'B': 2}","[1.0, 0.5, 1.0]",4.0
59,"[2, 3, 5]","[3, 1, 3]","[0.75, 0.46, 0.88]","[['C', 'B', 'A', 'D'], ['B', 'D', 'C', 'A'], ['D', 'C', 'B', 'A']]","{'C': 3, 'D': 3, 'A': 2, 'B': 2}","[1.0, 0.5, 1.0]",4.0
59,"[2, 3, 5]","[3, 1, 3]","[0.75, 0.46, 0.88]","[['C', 'B', 'A', 'D'], ['C', 'B', 'A', 'D'], ['B', 'C', 'A', 'D']]","{'C': 4, 'B': 3, 'A': 2, 'D': 1}","[1.0, 0.58, 1.0]",3.66
59,"[2, 3, 5]","[3, 1, 3]","[0.75, 0.46, 0.88]","[['C', 'B', 'A', 'D'], ['C', 'B', 'A', 'D'], ['B', 'C', 'D', 'A']]","{'C': 4, 'B': 3, 'A': 2, 'D': 1}","[1.0, 0.58, 1.0]",3.66
59,"[2, 3, 5]","[3, 1, 3]","[0.75, 0.46, 0.88]","[['C', 'B', 'A', 'D'], ['C', 'B', 'A', 'D'], ['C', 'B', 'A', 'D']]","{'C': 4, 'B': 3, 'A': 2, 'D': 1}","[1.0, 0.58, 1.0]",3.66
59,"[2, 3, 5]","[3, 1, 3]","[0.75, 0.46, 0.88]","[['C', 'B', 'A', 'D'], ['C', 'B', 'A', 'D'], ['C', 'B', 'D', 'A']]","{'C': 4, 'B': 3, 'A': 2, 'D': 1}","[1.0, 0.58, 1.0]",3.66
59,"[2, 3, 5]","[3, 1, 3]","[0.75, 0.46, 0.88]","[['C', 'B', 'A', 'D'], ['C', 'B', 'D', 'A'], ['B', 'C', 'A', 'D']]","{'C': 4, 'B': 3, 'A': 2, 'D': 1}","[1.0, 0.58, 1.0]",3.66
59,"[2, 3, 5]","[3, 1, 3]","[0.75, 0.46, 0.88]","[['C', 'B', 'A', 'D'], ['C', 'B', 'D', 'A'], ['B', 'C', 'D', 'A']]","{'C': 4, 'B': 3, 'A': 2, 'D': 1}","[1.0, 0.58, 1.0]",3.66
59,"[2, 3, 5]","[3, 1, 3]","[0.75, 0.46, 0.88]","[['C', 'B', 'A', 'D'], ['C', 'B', 'D', 'A'], ['C', 'B', 'A', 'D']]","{'C': 4, 'B': 3, 'A': 2, 'D': 1}","[1.0, 0.58, 1.0]",3.66
59,"[2, 3, 5]","[3, 1, 3]","[0.75, 0.46, 0.88]","[['C', 'B', 'A', 'D'], ['C', 'B', 'D', 'A'], ['C', 'B', 'D', 'A']]","{'C': 4, 'B': 3, 'A': 2, 'D': 1}","[1.0, 0.58, 1.0]",3.66
59,"[2, 3, 5]","[3, 1, 3]","[0.75, 0.46, 0.88]","[['C', 'B', 'A', 'D'], ['C', 'D', 'A', 'B'], ['B', 'D', 'A', 'C']]","{'C': 3, 'D': 3, 'A': 2, 'B': 2}","[1.0, 0.5, 1.0]",4.0
59,"[2, 3, 5]","[3, 1, 3]","[0.75, 0.46, 0.88]","[['C', 'B', 'A', 'D'], ['C', 'D', 'A', 'B'], ['B', 'D', 'C', 'A']]","{'C': 3, 'D': 3, 'A': 2, 'B': 2}","[1.0, 0.5, 1.0]",4.0
59,"[2, 3, 5]","[3, 1, 3]","[0.75, 0.46, 0.88]","[['C', 'B', 'A', 'D'], ['C', 'D', 'A', 'B'], ['C', 'D', 'A', 'B']]","{'C': 4, 'D': 3, 'A': 2, 'B': 1}","[1.0, 0.5, 1.0]",4.0
59,"[2, 3, 5]","[3, 1, 3]","[0.75, 0.46, 0.88]","[['C', 'B', 'A', 'D'], ['C', 'D', 'A', 'B'], ['C', 'D', 'B', 'A']]","{'C': 4, 'D': 3, 'A': 2, 'B': 1}","[1.0, 0.5, 1.0]",4.0
59,"[2, 3, 5]","[3, 1, 3]","[0.75, 0.46, 0.88]","[['C', 'B', 'A', 'D'], ['C', 'D', 'A', 'B'], ['D', 'B', 'A', 'C']]","{'C': 3, 'D': 3, 'A': 2, 'B': 2}","[1.0, 0.5, 1.0]",4.0
59,"[2, 3, 5]","[3, 1, 3]","[0.75, 0.46, 0.88]","[['C', 'B', 'A', 'D'], ['C', 'D', 'A', 'B'], ['D', 'B', 'C', 'A']]","{'C': 3, 'D': 3, 'A': 2, 'B': 2}","[1.0, 0.5, 1.0]",4.0
59,"[2, 3, 5]","[3, 1, 3]","[0.75, 0.46, 0.88]","[['C', 'B', 'A', 'D'], ['C', 'D', 'A', 'B'], ['D', 'C', 'A', 'B']]","{'C': 4, 'D': 3, 'A': 2, 'B': 1}","[1.0, 0.5, 1.0]",4.0
59,"[2, 3, 5]","[3, 1, 3]","[0.75, 0.46, 0.88]","[['C', 'B', 'A', 'D'], ['C', 'D', 'A', 'B'], ['D', 'C', 'B', 'A']]","{'C': 4, 'D': 3, 'A': 2, 'B': 1}","[1.0, 0.5, 1.0]",4.0
59,"[2, 3, 5]","[3, 1, 3]","[0.75, 0.46, 0.88]","[['C', 'B', 'A', 'D'], ['C', 'D', 'B', 'A'], ['B', 'D', 'A', 'C']]","{'C': 3, 'D': 3, 'A': 2, 'B': 2}","[1.0, 0.5, 1.0]",4.0
59,"[2, 3, 5]","[3, 1, 3]","[0.75, 0.46, 0.88]","[['C', 'B', 'A', 'D'], ['C', 'D', 'B', 'A'], ['B', 'D', 'C', 'A']]","{'C': 3, 'D': 3, 'A': 2, 'B': 2}","[1.0, 0.5, 1.0]",4.0
59,"[2, 3, 5]","[3, 1, 3]","[0.75, 0.46, 0.88]","[['C', 'B', 'A', 'D'], ['C', 'D', 'B', 'A'], ['C', 'D', 'A', 'B']]","{'C': 4, 'D': 3, 'A': 2, 'B': 1}","[1.0, 0.5, 1.0]",4.0
59,"[2, 3, 5]","[3, 1, 3]","[0.75, 0.46, 0.88]","[['C', 'B', 'A', 'D'], ['C', 'D', 'B', 'A'], ['C', 'D', 'B', 'A']]","{'C': 4, 'D': 3, 'A': 2, 'B': 1}","[1.0, 0.5, 1.0]",4.0
59,"[2, 3, 5]","[3, 1, 3]","[0.75, 0.46, 0.88]","[['C', 'B', 'A', 'D'], ['C', 'D', 'B', 'A'], ['D', 'B', 'A', 'C']]","{'C': 3, 'D': 3, 'A': 2, 'B': 2}","[1.0, 0.5, 1.0]",4.0
59,"[2, 3, 5]","[3, 1, 3]","[0.75, 0.46, 0.88]","[['C', 'B', 'A', 'D'], ['C', 'D', 'B', 'A'], ['D', 'B', 'C', 'A']]","{'C': 3, 'D': 3, 'A': 2, 'B': 2}","[1.0, 0.5, 1.0]",4.0
59,"[2, 3, 5]","[3, 1, 3]","[0.75, 0.46, 0.88]","[['C', 'B', 'A', 'D'], ['C', 'D', 'B', 'A'], ['D', 'C', 'A', 'B']]","{'C': 4, 'D': 3, 'A': 2, 'B': 1}","[1.0, 0.5, 1.0]",4.0
59,"[2, 3, 5]","[3, 1, 3]","[0.75, 0.46, 0.88]","[['C', 'B', 'A', 'D'], ['C', 'D', 'B', 'A'], ['D', 'C', 'B', 'A']]","{'C': 4, 'D': 3, 'A': 2, 'B': 1}","[1.0, 0.5, 1.0]",4.0
59,"[2, 3, 5]","[3, 1, 3]","[0.75, 0.46, 0.88]","[['C', 'B', 'A', 'D'], ['D', 'B', 'A', 'C'], ['C', 'D', 'A', 'B']]","{'C': 3, 'D': 3, 'A': 2, 'B': 2}","[1.0, 0.5, 1.0]",4.0
59,"[2, 3, 5]","[3, 1, 3]","[0.75, 0.46, 0.88]","[['C', 'B', 'A', 'D'], ['D', 'B', 'A', 'C'], ['C', 'D', 'B', 'A']]","{'C': 3, 'D': 3, 'A': 2, 'B': 2}","[1.0, 0.5, 1.0]",4.0
59,"[2, 3, 5]","[3, 1, 3]","[0.75, 0.46, 0.88]","[['C', 'B', 'A', 'D'], ['D', 'B', 'A', 'C'], ['D', 'C', 'A', 'B']]","{'C': 3, 'D': 3, 'A': 2, 'B': 2}","[1.0, 0.5, 1.0]",4.0
59,"[2, 3, 5]","[3, 1, 3]","[0.75, 0.46, 0.88]","[['C', 'B', 'A', 'D'], ['D', 'B', 'A', 'C'], ['D', 'C', 'B', 'A']]","{'C': 3, 'D': 3, 'A': 2, 'B': 2}","[1.0, 0.5, 1.0]",4.0
59,"[2, 3, 5]","[3, 1, 3]","[0.75, 0.46, 0.88]","[['C', 'B', 'A', 'D'], ['D', 'B', 'C', 'A'], ['C', 'D', 'A', 'B']]","{'C': 3, 'D': 3, 'A': 2, 'B': 2}","[1.0, 0.5, 1.0]",4.0
59,"[2, 3, 5]","[3, 1, 3]","[0.75, 0.46, 0.88]","[['C', 'B', 'A', 'D'], ['D', 'B', 'C', 'A'], ['C', 'D', 'B', 'A']]","{'C': 3, 'D': 3, 'A': 2, 'B': 2}","[1.0, 0.5, 1.0]",4.0
59,"[2, 3, 5]","[3, 1, 3]","[0.75, 0.46, 0.88]","[['C', 'B', 'A', 'D'], ['D', 'B', 'C', 'A'], ['D', 'C', 'A', 'B']]","{'C': 3, 'D': 3, 'A': 2, 'B': 2}","[1.0, 0.5, 1.0]",4.0
59,"[2, 3, 5]","[3, 1, 3]","[0.75, 0.46, 0.88]","[['C', 'B', 'A', 'D'], ['D', 'B', 'C', 'A'], ['D', 'C', 'B', 'A']]","{'C': 3, 'D': 3, 'A': 2, 'B': 2}","[1.0, 0.5, 1.0]",4.0
59,"[2, 3, 5]","[3, 1, 3]","[0.75, 0.46, 0.88]","[['C', 'B', 'A', 'D'], ['D', 'C', 'A', 'B'], ['B', 'D', 'A', 'C']]","{'C': 3, 'D': 3, 'A': 2, 'B': 2}","[1.0, 0.5, 1.0]",4.0
59,"[2, 3, 5]","[3, 1, 3]","[0.75, 0.46, 0.88]","[['C', 'B', 'A', 'D'], ['D', 'C', 'A', 'B'], ['B', 'D', 'C', 'A']]","{'C': 3, 'D': 3, 'A': 2, 'B': 2}","[1.0, 0.5, 1.0]",4.0
59,"[2, 3, 5]","[3, 1, 3]","[0.75, 0.46, 0.88]","[['C', 'B', 'A', 'D'], ['D', 'C', 'A', 'B'], ['C', 'D', 'A', 'B']]","{'C': 4, 'D': 3, 'A': 2, 'B': 1}","[1.0, 0.5, 1.0]",4.0
59,"[2, 3, 5]","[3, 1, 3]","[0.75, 0.46, 0.88]","[['C', 'B', 'A', 'D'], ['D', 'C', 'A', 'B'], ['C', 'D', 'B', 'A']]","{'C': 4, 'D': 3, 'A': 2, 'B': 1}","[1.0, 0.5, 1.0]",4.0
59,"[2, 3, 5]","[3, 1, 3]","[0.75, 0.46, 0.88]","[['C', 'B', 'A', 'D'], ['D', 'C', 'A', 'B'], ['D', 'B', 'A', 'C']]","{'C': 3, 'D': 3, 'A': 2, 'B': 2}","[1.0, 0.5, 1.0]",4.0
59,"[2, 3, 5]","[3, 1, 3]","[0.75, 0.46, 0.88]","[['C', 'B', 'A', 'D'], ['D', 'C', 'A', 'B'], ['D', 'B', 'C', 'A']]","{'C': 3, 'D': 3, 'A': 2, 'B': 2}","[1.0, 0.5, 1.0]",4.0
59,"[2, 3, 5]","[3, 1, 3]","[0.75, 0.46, 0.88]","[['C', 'B', 'A', 'D'], ['D', 'C', 'A', 'B'], ['D', 'C', 'A', 'B']]","{'C': 4, 'D': 3, 'A': 2, 'B': 1}","[1.0, 0.5, 1.0]",4.0
59,"[2, 3, 5]","[3, 1, 3]","[0.75, 0.46, 0.88]","[['C', 'B', 'A', 'D'], ['D', 'C', 'A', 'B'], ['D', 'C', 'B', 'A']]","{'C': 4, 'D': 3, 'A': 2, 'B': 1}","[1.0, 0.5, 1.0]",4.0
59,"[2, 3, 5]","[3, 1, 3]","[0.75, 0.46, 0.88]","[['C', 'B', 'A', 'D'], ['D', 'C', 'B', 'A'], ['B', 'D', 'A', 'C']]","{'C': 3, 'D': 3, 'A': 2, 'B': 2}","[1.0, 0.5, 1.0]",4.0
59,"[2, 3, 5]","[3, 1, 3]","[0.75, 0.46, 0.88]","[['C', 'B', 'A', 'D'], ['D', 'C', 'B', 'A'], ['B', 'D', 'C', 'A']]","{'C': 3, 'D': 3, 'A': 2, 'B': 2}","[1.0, 0.5, 1.0]",4.0
59,"[2, 3, 5]","[3, 1, 3]","[0.75, 0.46, 0.88]","[['C', 'B', 'A', 'D'], ['D', 'C', 'B', 'A'], ['C', 'D', 'A', 'B']]","{'C': 4, 'D': 3, 'A': 2, 'B': 1}","[1.0, 0.5, 1.0]",4.0
59,"[2, 3, 5]","[3, 1, 3]","[0.75, 0.46, 0.88]","[['C', 'B', 'A', 'D'], ['D', 'C', 'B', 'A'], ['C', 'D', 'B', 'A']]","{'C': 4, 'D': 3, 'A': 2, 'B': 1}","[1.0, 0.5, 1.0]",4.0
59,"[2, 3, 5]","[3, 1, 3]","[0.75, 0.46, 0.88]","[['C', 'B', 'A', 'D'], ['D', 'C', 'B', 'A'], ['D', 'B', 'A', 'C']]","{'C': 3, 'D': 3, 'A': 2, 'B': 2}","[1.0, 0.5, 1.0]",4.0
59,"[2, 3, 5]","[3, 1, 3]","[0.75, 0.46, 0.88]","[['C', 'B', 'A', 'D'], ['D', 'C', 'B', 'A'], ['D', 'B', 'C', 'A']]","{'C': 3, 'D': 3, 'A': 2, 'B': 2}","[1.0, 0.5, 1.0]",4.0
59,"[2, 3, 5]","[3, 1, 3]","[0.75, 0.46, 0.88]","[['C', 'B', 'A', 'D'], ['D', 'C', 'B', 'A'], ['D', 'C', 'A', 'B']]","{'C': 4, 'D': 3, 'A': 2, 'B': 1}","[1.0, 0.5, 1.0]",4.0
59,"[2, 3, 5]","[3, 1, 3]","[0.75, 0.46, 0.88]","[['C', 'B', 'A', 'D'], ['D', 'C', 'B', 'A'], ['D', 'C', 'B', 'A']]","{'C': 4, 'D': 3, 'A': 2, 'B': 1}","[1.0, 0.5, 1.0]",4.0
59,"[2, 3, 5]","[3, 1, 3]","[0.75, 0.46, 0.88]","[['C', 'B', 'D', 'A'], ['B', 'C', 'A', 'D'], ['B', 'C', 'A', 'D']]","{'C': 4, 'B': 3, 'A': 2, 'D': 1}","[1.0, 0.58, 1.0]",3.66
59,"[2, 3, 5]","[3, 1, 3]","[0.75, 0.46, 0.88]","[['C', 'B', 'D', 'A'], ['B', 'C', 'A', 'D'], ['B', 'C', 'D', 'A']]","{'C': 4, 'B': 3, 'A': 2, 'D': 1}","[1.0, 0.58, 1.0]",3.66
59,"[2, 3, 5]","[3, 1, 3]","[0.75, 0.46, 0.88]","[['C', 'B', 'D', 'A'], ['B', 'C', 'A', 'D'], ['C', 'B', 'A', 'D']]","{'C': 4, 'B': 3, 'A': 2, 'D': 1}","[1.0, 0.58, 1.0]",3.66
59,"[2, 3, 5]","[3, 1, 3]","[0.75, 0.46, 0.88]","[['C', 'B', 'D', 'A'], ['B', 'C', 'A', 'D'], ['C', 'B', 'D', 'A']]","{'C': 4, 'B': 3, 'A': 2, 'D': 1}","[1.0, 0.58, 1.0]",3.66
59,"[2, 3, 5]","[3, 1, 3]","[0.75, 0.46, 0.88]","[['C', 'B', 'D', 'A'], ['B', 'C', 'D', 'A'], ['B', 'C', 'A', 'D']]","{'C': 4, 'B': 3, 'A': 2, 'D': 1}","[1.0, 0.58, 1.0]",3.66
59,"[2, 3, 5]","[3, 1, 3]","[0.75, 0.46, 0.88]","[['C', 'B', 'D', 'A'], ['B', 'C', 'D', 'A'], ['B', 'C', 'D', 'A']]","{'C': 4, 'B': 3, 'A': 2, 'D': 1}","[1.0, 0.58, 1.0]",3.66
59,"[2, 3, 5]","[3, 1, 3]","[0.75, 0.46, 0.88]","[['C', 'B', 'D', 'A'], ['B', 'C', 'D', 'A'], ['C', 'B', 'A', 'D']]","{'C': 4, 'B': 3, 'A': 2, 'D': 1}","[1.0, 0.58, 1.0]",3.66
59,"[2, 3, 5]","[3, 1, 3]","[0.75, 0.46, 0.88]","[['C', 'B', 'D', 'A'], ['B', 'C', 'D', 'A'], ['C', 'B', 'D', 'A']]","{'C': 4, 'B': 3, 'A': 2, 'D': 1}","[1.0, 0.58, 1.0]",3.66
59,"[2, 3, 5]","[3, 1, 3]","[0.75, 0.46, 0.88]","[['C', 'B', 'D', 'A'], ['B', 'D', 'A', 'C'], ['C', 'D', 'A', 'B']]","{'C': 3, 'D': 3, 'A': 2, 'B': 2}","[1.0, 0.5, 1.0]",4.0
59,"[2, 3, 5]","[3, 1, 3]","[0.75, 0.46, 0.88]","[['C', 'B', 'D', 'A'], ['B', 'D', 'A', 'C'], ['C', 'D', 'B', 'A']]","{'C': 3, 'D': 3, 'A': 2, 'B': 2}","[1.0, 0.5, 1.0]",4.0
59,"[2, 3, 5]","[3, 1, 3]","[0.75, 0.46, 0.88]","[['C', 'B', 'D', 'A'], ['B', 'D', 'A', 'C'], ['D', 'C', 'A', 'B']]","{'C': 3, 'D': 3, 'A': 2, 'B': 2}","[1.0, 0.5, 1.0]",4.0
59,"[2, 3, 5]","[3, 1, 3]","[0.75, 0.46, 0.88]","[['C', 'B', 'D', 'A'], ['B', 'D', 'A', 'C'], ['D', 'C', 'B', 'A']]","{'C': 3, 'D': 3, 'A': 2, 'B': 2}","[1.0, 0.5, 1.0]",4.0
59,"[2, 3, 5]","[3, 1, 3]","[0.75, 0.46, 0.88]","[['C', 'B', 'D', 'A'], ['B', 'D', 'C', 'A'], ['C', 'D', 'A', 'B']]","{'C': 3, 'D': 3, 'A': 2, 'B': 2}","[1.0, 0.5, 1.0]",4.0
59,"[2, 3, 5]","[3, 1, 3]","[0.75, 0.46, 0.88]","[['C', 'B', 'D', 'A'], ['B', 'D', 'C', 'A'], ['C', 'D', 'B', 'A']]","{'C': 3, 'D': 3, 'A': 2, 'B': 2}","[1.0, 0.5, 1.0]",4.0
59,"[2, 3, 5]","[3, 1, 3]","[0.75, 0.46, 0.88]","[['C', 'B', 'D', 'A'], ['B', 'D', 'C', 'A'], ['D', 'C', 'A', 'B']]","{'C': 3, 'D': 3, 'A': 2, 'B': 2}","[1.0, 0.5, 1.0]",4.0
59,"[2, 3, 5]","[3, 1, 3]","[0.75, 0.46, 0.88]","[['C', 'B', 'D', 'A'], ['B', 'D', 'C', 'A'], ['D', 'C', 'B', 'A']]","{'C': 3, 'D': 3, 'A': 2, 'B': 2}","[1.0, 0.5, 1.0]",4.0
59,"[2, 3, 5]","[3, 1, 3]","[0.75, 0.46, 0.88]","[['C', 'B', 'D', 'A'], ['C', 'B', 'A', 'D'], ['B', 'C', 'A', 'D']]","{'C': 4, 'B': 3, 'A': 2, 'D': 1}","[1.0, 0.58, 1.0]",3.66
59,"[2, 3, 5]","[3, 1, 3]","[0.75, 0.46, 0.88]","[['C', 'B', 'D', 'A'], ['C', 'B', 'A', 'D'], ['B', 'C', 'D', 'A']]","{'C': 4, 'B': 3, 'A': 2, 'D': 1}","[1.0, 0.58, 1.0]",3.66
59,"[2, 3, 5]","[3, 1, 3]","[0.75, 0.46, 0.88]","[['C', 'B', 'D', 'A'], ['C', 'B', 'A', 'D'], ['C', 'B', 'A', 'D']]","{'C': 4, 'B': 3, 'A': 2, 'D': 1}","[1.0, 0.58, 1.0]",3.66
59,"[2, 3, 5]","[3, 1, 3]","[0.75, 0.46, 0.88]","[['C', 'B', 'D', 'A'], ['C', 'B', 'A', 'D'], ['C', 'B', 'D', 'A']]","{'C': 4, 'B': 3, 'A': 2, 'D': 1}","[1.0, 0.58, 1.0]",3.66
59,"[2, 3, 5]","[3, 1, 3]","[0.75, 0.46, 0.88]","[['C', 'B', 'D', 'A'], ['C', 'B', 'D', 'A'], ['B', 'C', 'A', 'D']]","{'C': 4, 'B': 3, 'A': 2, 'D': 1}","[1.0, 0.58, 1.0]",3.66
59,"[2, 3, 5]","[3, 1, 3]","[0.75, 0.46, 0.88]","[['C', 'B', 'D', 'A'], ['C', 'B', 'D', 'A'], ['B', 'C', 'D', 'A']]","{'C': 4, 'B': 3, 'A': 2, 'D': 1}","[1.0, 0.58, 1.0]",3.66
59,"[2, 3, 5]","[3, 1, 3]","[0.75, 0.46, 0.88]","[['C', 'B', 'D', 'A'], ['C', 'B', 'D', 'A'], ['C', 'B', 'A', 'D']]","{'C': 4, 'B': 3, 'A': 2, 'D': 1}","[1.0, 0.58, 1.0]",3.66
59,"[2, 3, 5]","[3, 1, 3]","[0.75, 0.46, 0.88]","[['C', 'B', 'D', 'A'], ['C', 'B', 'D', 'A'], ['C', 'B', 'D', 'A']]","{'C': 4, 'B': 3, 'A': 2, 'D': 1}","[1.0, 0.58, 1.0]",3.66
59,"[2, 3, 5]","[3, 1, 3]","[0.75, 0.46, 0.88]","[['C', 'B', 'D', 'A'], ['C', 'D', 'A', 'B'], ['B', 'D', 'A', 'C']]","{'C': 3, 'D': 3, 'A': 2, 'B': 2}","[1.0, 0.5, 1.0]",4.0
59,"[2, 3, 5]","[3, 1, 3]","[0.75, 0.46, 0.88]","[['C', 'B', 'D', 'A'], ['C', 'D', 'A', 'B'], ['B', 'D', 'C', 'A']]","{'C': 3, 'D': 3, 'A': 2, 'B': 2}","[1.0, 0.5, 1.0]",4.0
59,"[2, 3, 5]","[3, 1, 3]","[0.75, 0.46, 0.88]","[['C', 'B', 'D', 'A'], ['C', 'D', 'A', 'B'], ['C', 'D', 'A', 'B']]","{'C': 4, 'D': 3, 'A': 2, 'B': 1}","[1.0, 0.5, 1.0]",4.0
59,"[2, 3, 5]","[3, 1, 3]","[0.75, 0.46, 0.88]","[['C', 'B', 'D', 'A'], ['C', 'D', 'A', 'B'], ['C', 'D', 'B', 'A']]","{'C': 4, 'D': 3, 'A': 2, 'B': 1}","[1.0, 0.5, 1.0]",4.0
59,"[2, 3, 5]","[3, 1, 3]","[0.75, 0.46, 0.88]","[['C', 'B', 'D', 'A'], ['C', 'D', 'A', 'B'], ['D', 'B', 'A', 'C']]","{'C': 3, 'D': 3, 'A': 2, 'B': 2}","[1.0, 0.5, 1.0]",4.0
59,"[2, 3, 5]","[3, 1, 3]","[0.75, 0.46, 0.88]","[['C', 'B', 'D', 'A'], ['C', 'D', 'A', 'B'], ['D', 'B', 'C', 'A']]","{'C': 3, 'D': 3, 'A': 2, 'B': 2}","[1.0, 0.5, 1.0]",4.0
59,"[2, 3, 5]","[3, 1, 3]","[0.75, 0.46, 0.88]","[['C', 'B', 'D', 'A'], ['C', 'D', 'A', 'B'], ['D', 'C', 'A', 'B']]","{'C': 4, 'D': 3, 'A': 2, 'B': 1}","[1.0, 0.5, 1.0]",4.0
59,"[2, 3, 5]","[3, 1, 3]","[0.75, 0.46, 0.88]","[['C', 'B', 'D', 'A'], ['C', 'D', 'A', 'B'], ['D', 'C', 'B', 'A']]","{'C': 4, 'D': 3, 'A': 2, 'B': 1}","[1.0, 0.5, 1.0]",4.0
59,"[2, 3, 5]","[3, 1, 3]","[0.75, 0.46, 0.88]","[['C', 'B', 'D', 'A'], ['C', 'D', 'B', 'A'], ['B', 'D', 'A', 'C']]","{'C': 3, 'D': 3, 'A': 2, 'B': 2}","[1.0, 0.5, 1.0]",4.0
59,"[2, 3, 5]","[3, 1, 3]","[0.75, 0.46, 0.88]","[['C', 'B', 'D', 'A'], ['C', 'D', 'B', 'A'], ['B', 'D', 'C', 'A']]","{'C': 3, 'D': 3, 'A': 2, 'B': 2}","[1.0, 0.5, 1.0]",4.0
59,"[2, 3, 5]","[3, 1, 3]","[0.75, 0.46, 0.88]","[['C', 'B', 'D', 'A'], ['C', 'D', 'B', 'A'], ['C', 'D', 'A', 'B']]","{'C': 4, 'D': 3, 'A': 2, 'B': 1}","[1.0, 0.5, 1.0]",4.0
59,"[2, 3, 5]","[3, 1, 3]","[0.75, 0.46, 0.88]","[['C', 'B', 'D', 'A'], ['C', 'D', 'B', 'A'], ['C', 'D', 'B', 'A']]","{'C': 4, 'D': 3, 'A': 2, 'B': 1}","[1.0, 0.5, 1.0]",4.0
59,"[2, 3, 5]","[3, 1, 3]","[0.75, 0.46, 0.88]","[['C', 'B', 'D', 'A'], ['C', 'D', 'B', 'A'], ['D', 'B', 'A', 'C']]","{'C': 3, 'D': 3, 'A': 2, 'B': 2}","[1.0, 0.5, 1.0]",4.0
59,"[2, 3, 5]","[3, 1, 3]","[0.75, 0.46, 0.88]","[['C', 'B', 'D', 'A'], ['C', 'D', 'B', 'A'], ['D', 'B', 'C', 'A']]","{'C': 3, 'D': 3, 'A': 2, 'B': 2}","[1.0, 0.5, 1.0]",4.0
59,"[2, 3, 5]","[3, 1, 3]","[0.75, 0.46, 0.88]","[['C', 'B', 'D', 'A'], ['C', 'D', 'B', 'A'], ['D', 'C', 'A', 'B']]","{'C': 4, 'D': 3, 'A': 2, 'B': 1}","[1.0, 0.5, 1.0]",4.0
59,"[2, 3, 5]","[3, 1, 3]","[0.75, 0.46, 0.88]","[['C', 'B', 'D', 'A'], ['C', 'D', 'B', 'A'], ['D', 'C', 'B', 'A']]","{'C': 4, 'D': 3, 'A': 2, 'B': 1}","[1.0, 0.5, 1.0]",4.0
59,"[2, 3, 5]","[3, 1, 3]","[0.75, 0.46, 0.88]","[['C', 'B', 'D', 'A'], ['D', 'B', 'A', 'C'], ['C', 'D', 'A', 'B']]","{'C': 3, 'D': 3, 'A': 2, 'B': 2}","[1.0, 0.5, 1.0]",4.0
59,"[2, 3, 5]","[3, 1, 3]","[0.75, 0.46, 0.88]","[['C', 'B', 'D', 'A'], ['D', 'B', 'A', 'C'], ['C', 'D', 'B', 'A']]","{'C': 3, 'D': 3, 'A': 2, 'B': 2}","[1.0, 0.5, 1.0]",4.0
59,"[2, 3, 5]","[3, 1, 3]","[0.75, 0.46, 0.88]","[['C', 'B', 'D', 'A'], ['D', 'B', 'A', 'C'], ['D', 'C', 'A', 'B']]","{'C': 3, 'D': 3, 'A': 2, 'B': 2}","[1.0, 0.5, 1.0]",4.0
59,"[2, 3, 5]","[3, 1, 3]","[0.75, 0.46, 0.88]","[['C', 'B', 'D', 'A'], ['D', 'B', 'A', 'C'], ['D', 'C', 'B', 'A']]","{'C': 3, 'D': 3, 'A': 2, 'B': 2}","[1.0, 0.5, 1.0]",4.0
59,"[2, 3, 5]","[3, 1, 3]","[0.75, 0.46, 0.88]","[['C', 'B', 'D', 'A'], ['D', 'B', 'C', 'A'], ['C', 'D', 'A', 'B']]","{'C': 3, 'D': 3, 'A': 2, 'B': 2}","[1.0, 0.5, 1.0]",4.0
59,"[2, 3, 5]","[3, 1, 3]","[0.75, 0.46, 0.88]","[['C', 'B', 'D', 'A'], ['D', 'B', 'C', 'A'], ['C', 'D', 'B', 'A']]","{'C': 3, 'D': 3, 'A': 2, 'B': 2}","[1.0, 0.5, 1.0]",4.0
59,"[2, 3, 5]","[3, 1, 3]","[0.75, 0.46, 0.88]","[['C', 'B', 'D', 'A'], ['D', 'B', 'C', 'A'], ['D', 'C', 'A', 'B']]","{'C': 3, 'D': 3, 'A': 2, 'B': 2}","[1.0, 0.5, 1.0]",4.0
59,"[2, 3, 5]","[3, 1, 3]","[0.75, 0.46, 0.88]","[['C', 'B', 'D', 'A'], ['D', 'B', 'C', 'A'], ['D', 'C', 'B', 'A']]","{'C': 3, 'D': 3, 'A': 2, 'B': 2}","[1.0, 0.5, 1.0]",4.0
59,"[2, 3, 5]","[3, 1, 3]","[0.75, 0.46, 0.88]","[['C', 'B', 'D', 'A'], ['D', 'C', 'A', 'B'], ['B', 'D', 'A', 'C']]","{'C': 3, 'D': 3, 'A': 2, 'B': 2}","[1.0, 0.5, 1.0]",4.0
59,"[2, 3, 5]","[3, 1, 3]","[0.75, 0.46, 0.88]","[['C', 'B', 'D', 'A'], ['D', 'C', 'A', 'B'], ['B', 'D', 'C', 'A']]","{'C': 3, 'D': 3, 'A': 2, 'B': 2}","[1.0, 0.5, 1.0]",4.0
59,"[2, 3, 5]","[3, 1, 3]","[0.75, 0.46, 0.88]","[['C', 'B', 'D', 'A'], ['D', 'C', 'A', 'B'], ['C', 'D', 'A', 'B']]","{'C': 4, 'D': 3, 'A': 2, 'B': 1}","[1.0, 0.5, 1.0]",4.0
59,"[2, 3, 5]","[3, 1, 3]","[0.75, 0.46, 0.88]","[['C', 'B', 'D', 'A'], ['D', 'C', 'A', 'B'], ['C', 'D', 'B', 'A']]","{'C': 4, 'D': 3, 'A': 2, 'B': 1}","[1.0, 0.5, 1.0]",4.0
59,"[2, 3, 5]","[3, 1, 3]","[0.75, 0.46, 0.88]","[['C', 'B', 'D', 'A'], ['D', 'C', 'A', 'B'], ['D', 'B', 'A', 'C']]","{'C': 3, 'D': 3, 'A': 2, 'B': 2}","[1.0, 0.5, 1.0]",4.0
59,"[2, 3, 5]","[3, 1, 3]","[0.75, 0.46, 0.88]","[['C', 'B', 'D', 'A'], ['D', 'C', 'A', 'B'], ['D', 'B', 'C', 'A']]","{'C': 3, 'D': 3, 'A': 2, 'B': 2}","[1.0, 0.5, 1.0]",4.0
59,"[2, 3, 5]","[3, 1, 3]","[0.75, 0.46, 0.88]","[['C', 'B', 'D', 'A'], ['D', 'C', 'A', 'B'], ['D', 'C', 'A', 'B']]","{'C': 4, 'D': 3, 'A': 2, 'B': 1}","[1.0, 0.5, 1.0]",4.0
59,"[2, 3, 5]","[3, 1, 3]","[0.75, 0.46, 0.88]","[['C', 'B', 'D', 'A'], ['D', 'C', 'A', 'B'], ['D', 'C', 'B', 'A']]","{'C': 4, 'D': 3, 'A': 2, 'B': 1}","[1.0, 0.5, 1.0]",4.0
59,"[2, 3, 5]","[3, 1, 3]","[0.75, 0.46, 0.88]","[['C', 'B', 'D', 'A'], ['D', 'C', 'B', 'A'], ['B', 'D', 'A', 'C']]","{'C': 3, 'D': 3, 'A': 2, 'B': 2}","[1.0, 0.5, 1.0]",4.0
59,"[2, 3, 5]","[3, 1, 3]","[0.75, 0.46, 0.88]","[['C', 'B', 'D', 'A'], ['D', 'C', 'B', 'A'], ['B', 'D', 'C', 'A']]","{'C': 3, 'D': 3, 'A': 2, 'B': 2}","[1.0, 0.5, 1.0]",4.0
59,"[2, 3, 5]","[3, 1, 3]","[0.75, 0.46, 0.88]","[['C', 'B', 'D', 'A'], ['D', 'C', 'B', 'A'], ['C', 'D', 'A', 'B']]","{'C': 4, 'D': 3, 'A': 2, 'B': 1}","[1.0, 0.5, 1.0]",4.0
59,"[2, 3, 5]","[3, 1, 3]","[0.75, 0.46, 0.88]","[['C', 'B', 'D', 'A'], ['D', 'C', 'B', 'A'], ['C', 'D', 'B', 'A']]","{'C': 4, 'D': 3, 'A': 2, 'B': 1}","[1.0, 0.5, 1.0]",4.0
59,"[2, 3, 5]","[3, 1, 3]","[0.75, 0.46, 0.88]","[['C', 'B', 'D', 'A'], ['D', 'C', 'B', 'A'], ['D', 'B', 'A', 'C']]","{'C': 3, 'D': 3, 'A': 2, 'B': 2}","[1.0, 0.5, 1.0]",4.0
59,"[2, 3, 5]","[3, 1, 3]","[0.75, 0.46, 0.88]","[['C', 'B', 'D', 'A'], ['D', 'C', 'B', 'A'], ['D', 'B', 'C', 'A']]","{'C': 3, 'D': 3, 'A': 2, 'B': 2}","[1.0, 0.5, 1.0]",4.0
59,"[2, 3, 5]","[3, 1, 3]","[0.75, 0.46, 0.88]","[['C', 'B', 'D', 'A'], ['D', 'C', 'B', 'A'], ['D', 'C', 'A', 'B']]","{'C': 4, 'D': 3, 'A': 2, 'B': 1}","[1.0, 0.5, 1.0]",4.0
59,"[2, 3, 5]","[3, 1, 3]","[0.75, 0.46, 0.88]","[['C', 'B', 'D', 'A'], ['D', 'C', 'B', 'A'], ['D', 'C', 'B', 'A']]","{'C': 4, 'D': 3, 'A': 2, 'B': 1}","[1.0, 0.5, 1.0]",4.0
59,"[2, 3, 5]","[3, 1, 3]","[0.75, 0.46, 0.88]","[['C', 'D', 'A', 'B'], ['B', 'C', 'A', 'D'], ['B', 'D', 'A', 'C']]","{'C': 3, 'D': 3, 'A': 2, 'B': 2}","[1.0, 0.5, 1.0]",4.0
59,"[2, 3, 5]","[3, 1, 3]","[0.75, 0.46, 0.88]","[['C', 'D', 'A', 'B'], ['B', 'C', 'A', 'D'], ['B', 'D', 'C', 'A']]","{'C': 3, 'D': 3, 'A': 2, 'B': 2}","[1.0, 0.5, 1.0]",4.0
59,"[2, 3, 5]","[3, 1, 3]","[0.75, 0.46, 0.88]","[['C', 'D', 'A', 'B'], ['B', 'C', 'A', 'D'], ['C', 'D', 'A', 'B']]","{'C': 4, 'D': 3, 'A': 2, 'B': 1}","[1.0, 0.5, 1.0]",4.0
59,"[2, 3, 5]","[3, 1, 3]","[0.75, 0.46, 0.88]","[['C', 'D', 'A', 'B'], ['B', 'C', 'A', 'D'], ['C', 'D', 'B', 'A']]","{'C': 4, 'D': 3, 'A': 2, 'B': 1}","[1.0, 0.5, 1.0]",4.0
59,"[2, 3, 5]","[3, 1, 3]","[0.75, 0.46, 0.88]","[['C', 'D', 'A', 'B'], ['B', 'C', 'A', 'D'], ['D', 'B', 'A', 'C']]","{'C': 3, 'D': 3, 'A': 2, 'B': 2}","[1.0, 0.5, 1.0]",4.0
59,"[2, 3, 5]","[3, 1, 3]","[0.75, 0.46, 0.88]","[['C', 'D', 'A', 'B'], ['B', 'C', 'A', 'D'], ['D', 'B', 'C', 'A']]","{'C': 3, 'D': 3, 'A': 2, 'B': 2}","[1.0, 0.5, 1.0]",4.0
59,"[2, 3, 5]","[3, 1, 3]","[0.75, 0.46, 0.88]","[['C', 'D', 'A', 'B'], ['B', 'C', 'A', 'D'], ['D', 'C', 'A', 'B']]","{'C': 4, 'D': 3, 'A': 2, 'B': 1}","[1.0, 0.5, 1.0]",4.0
59,"[2, 3, 5]","[3, 1, 3]","[0.75, 0.46, 0.88]","[['C', 'D', 'A', 'B'], ['B', 'C', 'A', 'D'], ['D', 'C', 'B', 'A']]","{'C': 4, 'D': 3, 'A': 2, 'B': 1}","[1.0, 0.5, 1.0]",4.0
59,"[2, 3, 5]","[3, 1, 3]","[0.75, 0.46, 0.88]","[['C', 'D', 'A', 'B'], ['B', 'C', 'D', 'A'], ['B', 'D', 'A', 'C']]","{'C': 3, 'D': 3, 'A': 2, 'B': 2}","[1.0, 0.5, 1.0]",4.0
59,"[2, 3, 5]","[3, 1, 3]","[0.75, 0.46, 0.88]","[['C', 'D', 'A', 'B'], ['B', 'C', 'D', 'A'], ['B', 'D', 'C', 'A']]","{'C': 3, 'D': 3, 'A': 2, 'B': 2}","[1.0, 0.5, 1.0]",4.0
59,"[2, 3, 5]","[3, 1, 3]","[0.75, 0.46, 0.88]","[['C', 'D', 'A', 'B'], ['B', 'C', 'D', 'A'], ['C', 'D', 'A', 'B']]","{'C': 4, 'D': 3, 'A': 2, 'B': 1}","[1.0, 0.5, 1.0]",4.0
59,"[2, 3, 5]","[3, 1, 3]","[0.75, 0.46, 0.88]","[['C', 'D', 'A', 'B'], ['B', 'C', 'D', 'A'], ['C', 'D', 'B', 'A']]","{'C': 4, 'D': 3, 'A': 2, 'B': 1}","[1.0, 0.5, 1.0]",4.0
59,"[2, 3, 5]","[3, 1, 3]","[0.75, 0.46, 0.88]","[['C', 'D', 'A', 'B'], ['B', 'C', 'D', 'A'], ['D', 'B', 'A', 'C']]","{'C': 3, 'D': 3, 'A': 2, 'B': 2}","[1.0, 0.5, 1.0]",4.0
59,"[2, 3, 5]","[3, 1, 3]","[0.75, 0.46, 0.88]","[['C', 'D', 'A', 'B'], ['B', 'C', 'D', 'A'], ['D', 'B', 'C', 'A']]","{'C': 3, 'D': 3, 'A': 2, 'B': 2}","[1.0, 0.5, 1.0]",4.0
59,"[2, 3, 5]","[3, 1, 3]","[0.75, 0.46, 0.88]","[['C', 'D', 'A', 'B'], ['B', 'C', 'D', 'A'], ['D', 'C', 'A', 'B']]","{'C': 4, 'D': 3, 'A': 2, 'B': 1}","[1.0, 0.5, 1.0]",4.0
59,"[2, 3, 5]","[3, 1, 3]","[0.75, 0.46, 0.88]","[['C', 'D', 'A', 'B'], ['B', 'C', 'D', 'A'], ['D', 'C', 'B', 'A']]","{'C': 4, 'D': 3, 'A': 2, 'B': 1}","[1.0, 0.5, 1.0]",4.0
59,"[2, 3, 5]","[3, 1, 3]","[0.75, 0.46, 0.88]","[['C', 'D', 'A', 'B'], ['B', 'D', 'A', 'C'], ['B', 'C', 'A', 'D']]","{'C': 3, 'D': 3, 'A': 2, 'B': 2}","[1.0, 0.5, 1.0]",4.0
59,"[2, 3, 5]","[3, 1, 3]","[0.75, 0.46, 0.88]","[['C', 'D', 'A', 'B'], ['B', 'D', 'A', 'C'], ['B', 'C', 'D', 'A']]","{'C': 3, 'D': 3, 'A': 2, 'B': 2}","[1.0, 0.5, 1.0]",4.0
59,"[2, 3, 5]","[3, 1, 3]","[0.75, 0.46, 0.88]","[['C', 'D', 'A', 'B'], ['B', 'D', 'A', 'C'], ['C', 'B', 'A', 'D']]","{'C': 3, 'D': 3, 'A': 2, 'B': 2}","[1.0, 0.5, 1.0]",4.0
59,"[2, 3, 5]","[3, 1, 3]","[0.75, 0.46, 0.88]","[['C', 'D', 'A', 'B'], ['B', 'D', 'A', 'C'], ['C', 'B', 'D', 'A']]","{'C': 3, 'D': 3, 'A': 2, 'B': 2}","[1.0, 0.5, 1.0]",4.0
59,"[2, 3, 5]","[3, 1, 3]","[0.75, 0.46, 0.88]","[['C', 'D', 'A', 'B'], ['B', 'D', 'C', 'A'], ['B', 'C', 'A', 'D']]","{'C': 3, 'D': 3, 'A': 2, 'B': 2}","[1.0, 0.5, 1.0]",4.0
59,"[2, 3, 5]","[3, 1, 3]","[0.75, 0.46, 0.88]","[['C', 'D', 'A', 'B'], ['B', 'D', 'C', 'A'], ['B', 'C', 'D', 'A']]","{'C': 3, 'D': 3, 'A': 2, 'B': 2}","[1.0, 0.5, 1.0]",4.0
59,"[2, 3, 5]","[3, 1, 3]","[0.75, 0.46, 0.88]","[['C', 'D', 'A', 'B'], ['B', 'D', 'C', 'A'], ['C', 'B', 'A', 'D']]","{'C': 3, 'D': 3, 'A': 2, 'B': 2}","[1.0, 0.5, 1.0]",4.0
59,"[2, 3, 5]","[3, 1, 3]","[0.75, 0.46, 0.88]","[['C', 'D', 'A', 'B'], ['B', 'D', 'C', 'A'], ['C', 'B', 'D', 'A']]","{'C': 3, 'D': 3, 'A': 2, 'B': 2}","[1.0, 0.5, 1.0]",4.0
59,"[2, 3, 5]","[3, 1, 3]","[0.75, 0.46, 0.88]","[['C', 'D', 'A', 'B'], ['C', 'B', 'A', 'D'], ['B', 'D', 'A', 'C']]","{'C': 3, 'D': 3, 'A': 2, 'B': 2}","[1.0, 0.5, 1.0]",4.0
59,"[2, 3, 5]","[3, 1, 3]","[0.75, 0.46, 0.88]","[['C', 'D', 'A', 'B'], ['C', 'B', 'A', 'D'], ['B', 'D', 'C', 'A']]","{'C': 3, 'D': 3, 'A': 2, 'B': 2}","[1.0, 0.5, 1.0]",4.0
59,"[2, 3, 5]","[3, 1, 3]","[0.75, 0.46, 0.88]","[['C', 'D', 'A', 'B'], ['C', 'B', 'A', 'D'], ['C', 'D', 'A', 'B']]","{'C': 4, 'D': 3, 'A': 2, 'B': 1}","[1.0, 0.5, 1.0]",4.0
59,"[2, 3, 5]","[3, 1, 3]","[0.75, 0.46, 0.88]","[['C', 'D', 'A', 'B'], ['C', 'B', 'A', 'D'], ['C', 'D', 'B', 'A']]","{'C': 4, 'D': 3, 'A': 2, 'B': 1}","[1.0, 0.5, 1.0]",4.0
59,"[2, 3, 5]","[3, 1, 3]","[0.75, 0.46, 0.88]","[['C', 'D', 'A', 'B'], ['C', 'B', 'A', 'D'], ['D', 'B', 'A', 'C']]","{'C': 3, 'D': 3, 'A': 2, 'B': 2}","[1.0, 0.5, 1.0]",4.0
59,"[2, 3, 5]","[3, 1, 3]","[0.75, 0.46, 0.88]","[['C', 'D', 'A', 'B'], ['C', 'B', 'A', 'D'], ['D', 'B', 'C', 'A']]","{'C': 3, 'D': 3, 'A': 2, 'B': 2}","[1.0, 0.5, 1.0]",4.0
59,"[2, 3, 5]","[3, 1, 3]","[0.75, 0.46, 0.88]","[['C', 'D', 'A', 'B'], ['C', 'B', 'A', 'D'], ['D', 'C', 'A', 'B']]","{'C': 4, 'D': 3, 'A': 2, 'B': 1}","[1.0, 0.5, 1.0]",4.0
59,"[2, 3, 5]","[3, 1, 3]","[0.75, 0.46, 0.88]","[['C', 'D', 'A', 'B'], ['C', 'B', 'A', 'D'], ['D', 'C', 'B', 'A']]","{'C': 4, 'D': 3, 'A': 2, 'B': 1}","[1.0, 0.5, 1.0]",4.0
59,"[2, 3, 5]","[3, 1, 3]","[0.75, 0.46, 0.88]","[['C', 'D', 'A', 'B'], ['C', 'B', 'D', 'A'], ['B', 'D', 'A', 'C']]","{'C': 3, 'D': 3, 'A': 2, 'B': 2}","[1.0, 0.5, 1.0]",4.0
59,"[2, 3, 5]","[3, 1, 3]","[0.75, 0.46, 0.88]","[['C', 'D', 'A', 'B'], ['C', 'B', 'D', 'A'], ['B', 'D', 'C', 'A']]","{'C': 3, 'D': 3, 'A': 2, 'B': 2}","[1.0, 0.5, 1.0]",4.0
59,"[2, 3, 5]","[3, 1, 3]","[0.75, 0.46, 0.88]","[['C', 'D', 'A', 'B'], ['C', 'B', 'D', 'A'], ['C', 'D', 'A', 'B']]","{'C': 4, 'D': 3, 'A': 2, 'B': 1}","[1.0, 0.5, 1.0]",4.0
59,"[2, 3, 5]","[3, 1, 3]","[0.75, 0.46, 0.88]","[['C', 'D', 'A', 'B'], ['C', 'B', 'D', 'A'], ['C', 'D', 'B', 'A']]","{'C': 4, 'D': 3, 'A': 2, 'B': 1}","[1.0, 0.5, 1.0]",4.0
59,"[2, 3, 5]","[3, 1, 3]","[0.75, 0.46, 0.88]","[['C', 'D', 'A', 'B'], ['C', 'B', 'D', 'A'], ['D', 'B', 'A', 'C']]","{'C': 3, 'D': 3, 'A': 2, 'B': 2}","[1.0, 0.5, 1.0]",4.0
59,"[2, 3, 5]","[3, 1, 3]","[0.75, 0.46, 0.88]","[['C', 'D', 'A', 'B'], ['C', 'B', 'D', 'A'], ['D', 'B', 'C', 'A']]","{'C': 3, 'D': 3, 'A': 2, 'B': 2}","[1.0, 0.5, 1.0]",4.0
59,"[2, 3, 5]","[3, 1, 3]","[0.75, 0.46, 0.88]","[['C', 'D', 'A', 'B'], ['C', 'B', 'D', 'A'], ['D', 'C', 'A', 'B']]","{'C': 4, 'D': 3, 'A': 2, 'B': 1}","[1.0, 0.5, 1.0]",4.0
59,"[2, 3, 5]","[3, 1, 3]","[0.75, 0.46, 0.88]","[['C', 'D', 'A', 'B'], ['C', 'B', 'D', 'A'], ['D', 'C', 'B', 'A']]","{'C': 4, 'D': 3, 'A': 2, 'B': 1}","[1.0, 0.5, 1.0]",4.0
59,"[2, 3, 5]","[3, 1, 3]","[0.75, 0.46, 0.88]","[['C', 'D', 'A', 'B'], ['C', 'D', 'A', 'B'], ['B', 'C', 'A', 'D']]","{'C': 4, 'D': 3, 'A': 2, 'B': 1}","[1.0, 0.5, 1.0]",4.0
59,"[2, 3, 5]","[3, 1, 3]","[0.75, 0.46, 0.88]","[['C', 'D', 'A', 'B'], ['C', 'D', 'A', 'B'], ['B', 'C', 'D', 'A']]","{'C': 4, 'D': 3, 'A': 2, 'B': 1}","[1.0, 0.5, 1.0]",4.0
59,"[2, 3, 5]","[3, 1, 3]","[0.75, 0.46, 0.88]","[['C', 'D', 'A', 'B'], ['C', 'D', 'A', 'B'], ['C', 'B', 'A', 'D']]","{'C': 4, 'D': 3, 'A': 2, 'B': 1}","[1.0, 0.5, 1.0]",4.0
59,"[2, 3, 5]","[3, 1, 3]","[0.75, 0.46, 0.88]","[['C', 'D', 'A', 'B'], ['C', 'D', 'A', 'B'], ['C', 'B', 'D', 'A']]","{'C': 4, 'D': 3, 'A': 2, 'B': 1}","[1.0, 0.5, 1.0]",4.0
59,"[2, 3, 5]","[3, 1, 3]","[0.75, 0.46, 0.88]","[['C', 'D', 'A', 'B'], ['C', 'D', 'A', 'B'], ['C', 'D', 'A', 'B']]","{'C': 4, 'D': 4, 'A': 2, 'B': 0}","[1.0, 0.5, 1.0]",4.0
59,"[2, 3, 5]","[3, 1, 3]","[0.75, 0.46, 0.88]","[['C', 'D', 'A', 'B'], ['C', 'D', 'A', 'B'], ['C', 'D', 'B', 'A']]","{'C': 4, 'D': 4, 'A': 2, 'B': 0}","[1.0, 0.5, 1.0]",4.0
59,"[2, 3, 5]","[3, 1, 3]","[0.75, 0.46, 0.88]","[['C', 'D', 'A', 'B'], ['C', 'D', 'A', 'B'], ['D', 'C', 'A', 'B']]","{'C': 4, 'D': 4, 'A': 2, 'B': 0}","[1.0, 0.5, 1.0]",4.0
59,"[2, 3, 5]","[3, 1, 3]","[0.75, 0.46, 0.88]","[['C', 'D', 'A', 'B'], ['C', 'D', 'A', 'B'], ['D', 'C', 'B', 'A']]","{'C': 4, 'D': 4, 'A': 2, 'B': 0}","[1.0, 0.5, 1.0]",4.0
59,"[2, 3, 5]","[3, 1, 3]","[0.75, 0.46, 0.88]","[['C', 'D', 'A', 'B'], ['C', 'D', 'B', 'A'], ['B', 'C', 'A', 'D']]","{'C': 4, 'D': 3, 'A': 2, 'B': 1}","[1.0, 0.5, 1.0]",4.0
59,"[2, 3, 5]","[3, 1, 3]","[0.75, 0.46, 0.88]","[['C', 'D', 'A', 'B'], ['C', 'D', 'B', 'A'], ['B', 'C', 'D', 'A']]","{'C': 4, 'D': 3, 'A': 2, 'B': 1}","[1.0, 0.5, 1.0]",4.0
59,"[2, 3, 5]","[3, 1, 3]","[0.75, 0.46, 0.88]","[['C', 'D', 'A', 'B'], ['C', 'D', 'B', 'A'], ['C', 'B', 'A', 'D']]","{'C': 4, 'D': 3, 'A': 2, 'B': 1}","[1.0, 0.5, 1.0]",4.0
59,"[2, 3, 5]","[3, 1, 3]","[0.75, 0.46, 0.88]","[['C', 'D', 'A', 'B'], ['C', 'D', 'B', 'A'], ['C', 'B', 'D', 'A']]","{'C': 4, 'D': 3, 'A': 2, 'B': 1}","[1.0, 0.5, 1.0]",4.0
59,"[2, 3, 5]","[3, 1, 3]","[0.75, 0.46, 0.88]","[['C', 'D', 'A', 'B'], ['C', 'D', 'B', 'A'], ['C', 'D', 'A', 'B']]","{'C': 4, 'D': 4, 'A': 2, 'B': 0}","[1.0, 0.5, 1.0]",4.0
59,"[2, 3, 5]","[3, 1, 3]","[0.75, 0.46, 0.88]","[['C', 'D', 'A', 'B'], ['C', 'D', 'B', 'A'], ['C', 'D', 'B', 'A']]","{'C': 4, 'D': 4, 'A': 2, 'B': 0}","[1.0, 0.5, 1.0]",4.0
59,"[2, 3, 5]","[3, 1, 3]","[0.75, 0.46, 0.88]","[['C', 'D', 'A', 'B'], ['C', 'D', 'B', 'A'], ['D', 'C', 'A', 'B']]","{'C': 4, 'D': 4, 'A': 2, 'B': 0}","[1.0, 0.5, 1.0]",4.0
59,"[2, 3, 5]","[3, 1, 3]","[0.75, 0.46, 0.88]","[['C', 'D', 'A', 'B'], ['C', 'D', 'B', 'A'], ['D', 'C', 'B', 'A']]","{'C': 4, 'D': 4, 'A': 2, 'B': 0}","[1.0, 0.5, 1.0]",4.0
59,"[2, 3, 5]","[3, 1, 3]","[0.75, 0.46, 0.88]","[['C', 'D', 'A', 'B'], ['D', 'B', 'A', 'C'], ['B', 'C', 'A', 'D']]","{'C': 3, 'D': 3, 'A': 2, 'B': 2}","[1.0, 0.5, 1.0]",4.0
59,"[2, 3, 5]","[3, 1, 3]","[0.75, 0.46, 0.88]","[['C', 'D', 'A', 'B'], ['D', 'B', 'A', 'C'], ['B', 'C', 'D', 'A']]","{'C': 3, 'D': 3, 'A': 2, 'B': 2}","[1.0, 0.5, 1.0]",4.0
59,"[2, 3, 5]","[3, 1, 3]","[0.75, 0.46, 0.88]","[['C', 'D', 'A', 'B'], ['D', 'B', 'A', 'C'], ['C', 'B', 'A', 'D']]","{'C': 3, 'D': 3, 'A': 2, 'B': 2}","[1.0, 0.5, 1.0]",4.0
59,"[2, 3, 5]","[3, 1, 3]","[0.75, 0.46, 0.88]","[['C', 'D', 'A', 'B'], ['D', 'B', 'A', 'C'], ['C', 'B', 'D', 'A']]","{'C': 3, 'D': 3, 'A': 2, 'B': 2}","[1.0, 0.5, 1.0]",4.0
59,"[2, 3, 5]","[3, 1, 3]","[0.75, 0.46, 0.88]","[['C', 'D', 'A', 'B'], ['D', 'B', 'C', 'A'], ['B', 'C', 'A', 'D']]","{'C': 3, 'D': 3, 'A': 2, 'B': 2}","[1.0, 0.5, 1.0]",4.0
59,"[2, 3, 5]","[3, 1, 3]","[0.75, 0.46, 0.88]","[['C', 'D', 'A', 'B'], ['D', 'B', 'C', 'A'], ['B', 'C', 'D', 'A']]","{'C': 3, 'D': 3, 'A': 2, 'B': 2}","[1.0, 0.5, 1.0]",4.0
59,"[2, 3, 5]","[3, 1, 3]","[0.75, 0.46, 0.88]","[['C', 'D', 'A', 'B'], ['D', 'B', 'C', 'A'], ['C', 'B', 'A', 'D']]","{'C': 3, 'D': 3, 'A': 2, 'B': 2}","[1.0, 0.5, 1.0]",4.0
59,"[2, 3, 5]","[3, 1, 3]","[0.75, 0.46, 0.88]","[['C', 'D', 'A', 'B'], ['D', 'B', 'C', 'A'], ['C', 'B', 'D', 'A']]","{'C': 3, 'D': 3, 'A': 2, 'B': 2}","[1.0, 0.5, 1.0]",4.0
59,"[2, 3, 5]","[3, 1, 3]","[0.75, 0.46, 0.88]","[['C', 'D', 'A', 'B'], ['D', 'C', 'A', 'B'], ['B', 'C', 'A', 'D']]","{'C': 4, 'D': 3, 'A': 2, 'B': 1}","[1.0, 0.5, 1.0]",4.0
59,"[2, 3, 5]","[3, 1, 3]","[0.75, 0.46, 0.88]","[['C', 'D', 'A', 'B'], ['D', 'C', 'A', 'B'], ['B', 'C', 'D', 'A']]","{'C': 4, 'D': 3, 'A': 2, 'B': 1}","[1.0, 0.5, 1.0]",4.0
59,"[2, 3, 5]","[3, 1, 3]","[0.75, 0.46, 0.88]","[['C', 'D', 'A', 'B'], ['D', 'C', 'A', 'B'], ['C', 'B', 'A', 'D']]","{'C': 4, 'D': 3, 'A': 2, 'B': 1}","[1.0, 0.5, 1.0]",4.0
59,"[2, 3, 5]","[3, 1, 3]","[0.75, 0.46, 0.88]","[['C', 'D', 'A', 'B'], ['D', 'C', 'A', 'B'], ['C', 'B', 'D', 'A']]","{'C': 4, 'D': 3, 'A': 2, 'B': 1}","[1.0, 0.5, 1.0]",4.0
59,"[2, 3, 5]","[3, 1, 3]","[0.75, 0.46, 0.88]","[['C', 'D', 'A', 'B'], ['D', 'C', 'A', 'B'], ['C', 'D', 'A', 'B']]","{'C': 4, 'D': 4, 'A': 2, 'B': 0}","[1.0, 0.5, 1.0]",4.0
59,"[2, 3, 5]","[3, 1, 3]","[0.75, 0.46, 0.88]","[['C', 'D', 'A', 'B'], ['D', 'C', 'A', 'B'], ['C', 'D', 'B', 'A']]","{'C': 4, 'D': 4, 'A': 2, 'B': 0}","[1.0, 0.5, 1.0]",4.0
59,"[2, 3, 5]","[3, 1, 3]","[0.75, 0.46, 0.88]","[['C', 'D', 'A', 'B'], ['D', 'C', 'A', 'B'], ['D', 'C', 'A', 'B']]","{'C': 4, 'D': 4, 'A': 2, 'B': 0}","[1.0, 0.5, 1.0]",4.0
59,"[2, 3, 5]","[3, 1, 3]","[0.75, 0.46, 0.88]","[['C', 'D', 'A', 'B'], ['D', 'C', 'A', 'B'], ['D', 'C', 'B', 'A']]","{'C': 4, 'D': 4, 'A': 2, 'B': 0}","[1.0, 0.5, 1.0]",4.0
59,"[2, 3, 5]","[3, 1, 3]","[0.75, 0.46, 0.88]","[['C', 'D', 'A', 'B'], ['D', 'C', 'B', 'A'], ['B', 'C', 'A', 'D']]","{'C': 4, 'D': 3, 'A': 2, 'B': 1}","[1.0, 0.5, 1.0]",4.0
59,"[2, 3, 5]","[3, 1, 3]","[0.75, 0.46, 0.88]","[['C', 'D', 'A', 'B'], ['D', 'C', 'B', 'A'], ['B', 'C', 'D', 'A']]","{'C': 4, 'D': 3, 'A': 2, 'B': 1}","[1.0, 0.5, 1.0]",4.0
59,"[2, 3, 5]","[3, 1, 3]","[0.75, 0.46, 0.88]","[['C', 'D', 'A', 'B'], ['D', 'C', 'B', 'A'], ['C', 'B', 'A', 'D']]","{'C': 4, 'D': 3, 'A': 2, 'B': 1}","[1.0, 0.5, 1.0]",4.0
59,"[2, 3, 5]","[3, 1, 3]","[0.75, 0.46, 0.88]","[['C', 'D', 'A', 'B'], ['D', 'C', 'B', 'A'], ['C', 'B', 'D', 'A']]","{'C': 4, 'D': 3, 'A': 2, 'B': 1}","[1.0, 0.5, 1.0]",4.0
59,"[2, 3, 5]","[3, 1, 3]","[0.75, 0.46, 0.88]","[['C', 'D', 'A', 'B'], ['D', 'C', 'B', 'A'], ['C', 'D', 'A', 'B']]","{'C': 4, 'D': 4, 'A': 2, 'B': 0}","[1.0, 0.5, 1.0]",4.0
59,"[2, 3, 5]","[3, 1, 3]","[0.75, 0.46, 0.88]","[['C', 'D', 'A', 'B'], ['D', 'C', 'B', 'A'], ['C', 'D', 'B', 'A']]","{'C': 4, 'D': 4, 'A': 2, 'B': 0}","[1.0, 0.5, 1.0]",4.0
59,"[2, 3, 5]","[3, 1, 3]","[0.75, 0.46, 0.88]","[['C', 'D', 'A', 'B'], ['D', 'C', 'B', 'A'], ['D', 'C', 'A', 'B']]","{'C': 4, 'D': 4, 'A': 2, 'B': 0}","[1.0, 0.5, 1.0]",4.0
59,"[2, 3, 5]","[3, 1, 3]","[0.75, 0.46, 0.88]","[['C', 'D', 'A', 'B'], ['D', 'C', 'B', 'A'], ['D', 'C', 'B', 'A']]","{'C': 4, 'D': 4, 'A': 2, 'B': 0}","[1.0, 0.5, 1.0]",4.0
59,"[2, 3, 5]","[3, 1, 3]","[0.75, 0.46, 0.88]","[['C', 'D', 'B', 'A'], ['B', 'C', 'A', 'D'], ['B', 'D', 'A', 'C']]","{'C': 3, 'D': 3, 'A': 2, 'B': 2}","[1.0, 0.5, 1.0]",4.0
59,"[2, 3, 5]","[3, 1, 3]","[0.75, 0.46, 0.88]","[['C', 'D', 'B', 'A'], ['B', 'C', 'A', 'D'], ['B', 'D', 'C', 'A']]","{'C': 3, 'D': 3, 'A': 2, 'B': 2}","[1.0, 0.5, 1.0]",4.0
59,"[2, 3, 5]","[3, 1, 3]","[0.75, 0.46, 0.88]","[['C', 'D', 'B', 'A'], ['B', 'C', 'A', 'D'], ['C', 'D', 'A', 'B']]","{'C': 4, 'D': 3, 'A': 2, 'B': 1}","[1.0, 0.5, 1.0]",4.0
59,"[2, 3, 5]","[3, 1, 3]","[0.75, 0.46, 0.88]","[['C', 'D', 'B', 'A'], ['B', 'C', 'A', 'D'], ['C', 'D', 'B', 'A']]","{'C': 4, 'D': 3, 'A': 2, 'B': 1}","[1.0, 0.5, 1.0]",4.0
59,"[2, 3, 5]","[3, 1, 3]","[0.75, 0.46, 0.88]","[['C', 'D', 'B', 'A'], ['B', 'C', 'A', 'D'], ['D', 'B', 'A', 'C']]","{'C': 3, 'D': 3, 'A': 2, 'B': 2}","[1.0, 0.5, 1.0]",4.0
59,"[2, 3, 5]","[3, 1, 3]","[0.75, 0.46, 0.88]","[['C', 'D', 'B', 'A'], ['B', 'C', 'A', 'D'], ['D', 'B', 'C', 'A']]","{'C': 3, 'D': 3, 'A': 2, 'B': 2}","[1.0, 0.5, 1.0]",4.0
59,"[2, 3, 5]","[3, 1, 3]","[0.75, 0.46, 0.88]","[['C', 'D', 'B', 'A'], ['B', 'C', 'A', 'D'], ['D', 'C', 'A', 'B']]","{'C': 4, 'D': 3, 'A': 2, 'B': 1}","[1.0, 0.5, 1.0]",4.0
59,"[2, 3, 5]","[3, 1, 3]","[0.75, 0.46, 0.88]","[['C', 'D', 'B', 'A'], ['B', 'C', 'A', 'D'], ['D', 'C', 'B', 'A']]","{'C': 4, 'D': 3, 'A': 2, 'B': 1}","[1.0, 0.5, 1.0]",4.0
59,"[2, 3, 5]","[3, 1, 3]","[0.75, 0.46, 0.88]","[['C', 'D', 'B', 'A'], ['B', 'C', 'D', 'A'], ['B', 'D', 'A', 'C']]","{'C': 3, 'D': 3, 'A': 2, 'B': 2}","[1.0, 0.5, 1.0]",4.0
59,"[2, 3, 5]","[3, 1, 3]","[0.75, 0.46, 0.88]","[['C', 'D', 'B', 'A'], ['B', 'C', 'D', 'A'], ['B', 'D', 'C', 'A']]","{'C': 3, 'D': 3, 'A': 2, 'B': 2}","[1.0, 0.5, 1.0]",4.0
59,"[2, 3, 5]","[3, 1, 3]","[0.75, 0.46, 0.88]","[['C', 'D', 'B', 'A'], ['B', 'C', 'D', 'A'], ['C', 'D', 'A', 'B']]","{'C': 4, 'D': 3, 'A': 2, 'B': 1}","[1.0, 0.5, 1.0]",4.0
59,"[2, 3, 5]","[3, 1, 3]","[0.75, 0.46, 0.88]","[['C', 'D', 'B', 'A'], ['B', 'C', 'D', 'A'], ['C', 'D', 'B', 'A']]","{'C': 4, 'D': 3, 'A': 2, 'B': 1}","[1.0, 0.5, 1.0]",4.0
59,"[2, 3, 5]","[3, 1, 3]","[0.75, 0.46, 0.88]","[['C', 'D', 'B', 'A'], ['B', 'C', 'D', 'A'], ['D', 'B', 'A', 'C']]","{'C': 3, 'D': 3, 'A': 2, 'B': 2}","[1.0, 0.5, 1.0]",4.0
59,"[2, 3, 5]","[3, 1, 3]","[0.75, 0.46, 0.88]","[['C', 'D', 'B', 'A'], ['B', 'C', 'D', 'A'], ['D', 'B', 'C', 'A']]","{'C': 3, 'D': 3, 'A': 2, 'B': 2}","[1.0, 0.5, 1.0]",4.0
59,"[2, 3, 5]","[3, 1, 3]","[0.75, 0.46, 0.88]","[['C', 'D', 'B', 'A'], ['B', 'C', 'D', 'A'], ['D', 'C', 'A', 'B']]","{'C': 4, 'D': 3, 'A': 2, 'B': 1}","[1.0, 0.5, 1.0]",4.0
59,"[2, 3, 5]","[3, 1, 3]","[0.75, 0.46, 0.88]","[['C', 'D', 'B', 'A'], ['B', 'C', 'D', 'A'], ['D', 'C', 'B', 'A']]","{'C': 4, 'D': 3, 'A': 2, 'B': 1}","[1.0, 0.5, 1.0]",4.0
59,"[2, 3, 5]","[3, 1, 3]","[0.75, 0.46, 0.88]","[['C', 'D', 'B', 'A'], ['B', 'D', 'A', 'C'], ['B', 'C', 'A', 'D']]","{'C': 3, 'D': 3, 'A': 2, 'B': 2}","[1.0, 0.5, 1.0]",4.0
59,"[2, 3, 5]","[3, 1, 3]","[0.75, 0.46, 0.88]","[['C', 'D', 'B', 'A'], ['B', 'D', 'A', 'C'], ['B', 'C', 'D', 'A']]","{'C': 3, 'D': 3, 'A': 2, 'B': 2}","[1.0, 0.5, 1.0]",4.0
59,"[2, 3, 5]","[3, 1, 3]","[0.75, 0.46, 0.88]","[['C', 'D', 'B', 'A'], ['B', 'D', 'A', 'C'], ['C', 'B', 'A', 'D']]","{'C': 3, 'D': 3, 'A': 2, 'B': 2}","[1.0, 0.5, 1.0]",4.0
59,"[2, 3, 5]","[3, 1, 3]","[0.75, 0.46, 0.88]","[['C', 'D', 'B', 'A'], ['B', 'D', 'A', 'C'], ['C', 'B', 'D', 'A']]","{'C': 3, 'D': 3, 'A': 2, 'B': 2}","[1.0, 0.5, 1.0]",4.0
59,"[2, 3, 5]","[3, 1, 3]","[0.75, 0.46, 0.88]","[['C', 'D', 'B', 'A'], ['B', 'D', 'C', 'A'], ['B', 'C', 'A', 'D']]","{'C': 3, 'D': 3, 'A': 2, 'B': 2}","[1.0, 0.5, 1.0]",4.0
59,"[2, 3, 5]","[3, 1, 3]","[0.75, 0.46, 0.88]","[['C', 'D', 'B', 'A'], ['B', 'D', 'C', 'A'], ['B', 'C', 'D', 'A']]","{'C': 3, 'D': 3, 'A': 2, 'B': 2}","[1.0, 0.5, 1.0]",4.0
59,"[2, 3, 5]","[3, 1, 3]","[0.75, 0.46, 0.88]","[['C', 'D', 'B', 'A'], ['B', 'D', 'C', 'A'], ['C', 'B', 'A', 'D']]","{'C': 3, 'D': 3, 'A': 2, 'B': 2}","[1.0, 0.5, 1.0]",4.0
59,"[2, 3, 5]","[3, 1, 3]","[0.75, 0.46, 0.88]","[['C', 'D', 'B', 'A'], ['B', 'D', 'C', 'A'], ['C', 'B', 'D', 'A']]","{'C': 3, 'D': 3, 'A': 2, 'B': 2}","[1.0, 0.5, 1.0]",4.0
59,"[2, 3, 5]","[3, 1, 3]","[0.75, 0.46, 0.88]","[['C', 'D', 'B', 'A'], ['C', 'B', 'A', 'D'], ['B', 'D', 'A', 'C']]","{'C': 3, 'D': 3, 'A': 2, 'B': 2}","[1.0, 0.5, 1.0]",4.0
59,"[2, 3, 5]","[3, 1, 3]","[0.75, 0.46, 0.88]","[['C', 'D', 'B', 'A'], ['C', 'B', 'A', 'D'], ['B', 'D', 'C', 'A']]","{'C': 3, 'D': 3, 'A': 2, 'B': 2}","[1.0, 0.5, 1.0]",4.0
59,"[2, 3, 5]","[3, 1, 3]","[0.75, 0.46, 0.88]","[['C', 'D', 'B', 'A'], ['C', 'B', 'A', 'D'], ['C', 'D', 'A', 'B']]","{'C': 4, 'D': 3, 'A': 2, 'B': 1}","[1.0, 0.5, 1.0]",4.0
59,"[2, 3, 5]","[3, 1, 3]","[0.75, 0.46, 0.88]","[['C', 'D', 'B', 'A'], ['C', 'B', 'A', 'D'], ['C', 'D', 'B', 'A']]","{'C': 4, 'D': 3, 'A': 2, 'B': 1}","[1.0, 0.5, 1.0]",4.0
59,"[2, 3, 5]","[3, 1, 3]","[0.75, 0.46, 0.88]","[['C', 'D', 'B', 'A'], ['C', 'B', 'A', 'D'], ['D', 'B', 'A', 'C']]","{'C': 3, 'D': 3, 'A': 2, 'B': 2}","[1.0, 0.5, 1.0]",4.0
59,"[2, 3, 5]","[3, 1, 3]","[0.75, 0.46, 0.88]","[['C', 'D', 'B', 'A'], ['C', 'B', 'A', 'D'], ['D', 'B', 'C', 'A']]","{'C': 3, 'D': 3, 'A': 2, 'B': 2}","[1.0, 0.5, 1.0]",4.0
59,"[2, 3, 5]","[3, 1, 3]","[0.75, 0.46, 0.88]","[['C', 'D', 'B', 'A'], ['C', 'B', 'A', 'D'], ['D', 'C', 'A', 'B']]","{'C': 4, 'D': 3, 'A': 2, 'B': 1}","[1.0, 0.5, 1.0]",4.0
59,"[2, 3, 5]","[3, 1, 3]","[0.75, 0.46, 0.88]","[['C', 'D', 'B', 'A'], ['C', 'B', 'A', 'D'], ['D', 'C', 'B', 'A']]","{'C': 4, 'D': 3, 'A': 2, 'B': 1}","[1.0, 0.5, 1.0]",4.0
59,"[2, 3, 5]","[3, 1, 3]","[0.75, 0.46, 0.88]","[['C', 'D', 'B', 'A'], ['C', 'B', 'D', 'A'], ['B', 'D', 'A', 'C']]","{'C': 3, 'D': 3, 'A': 2, 'B': 2}","[1.0, 0.5, 1.0]",4.0
59,"[2, 3, 5]","[3, 1, 3]","[0.75, 0.46, 0.88]","[['C', 'D', 'B', 'A'], ['C', 'B', 'D', 'A'], ['B', 'D', 'C', 'A']]","{'C': 3, 'D': 3, 'A': 2, 'B': 2}","[1.0, 0.5, 1.0]",4.0
59,"[2, 3, 5]","[3, 1, 3]","[0.75, 0.46, 0.88]","[['C', 'D', 'B', 'A'], ['C', 'B', 'D', 'A'], ['C', 'D', 'A', 'B']]","{'C': 4, 'D': 3, 'A': 2, 'B': 1}","[1.0, 0.5, 1.0]",4.0
59,"[2, 3, 5]","[3, 1, 3]","[0.75, 0.46, 0.88]","[['C', 'D', 'B', 'A'], ['C', 'B', 'D', 'A'], ['C', 'D', 'B', 'A']]","{'C': 4, 'D': 3, 'A': 2, 'B': 1}","[1.0, 0.5, 1.0]",4.0
59,"[2, 3, 5]","[3, 1, 3]","[0.75, 0.46, 0.88]","[['C', 'D', 'B', 'A'], ['C', 'B', 'D', 'A'], ['D', 'B', 'A', 'C']]","{'C': 3, 'D': 3, 'A': 2, 'B': 2}","[1.0, 0.5, 1.0]",4.0
59,"[2, 3, 5]","[3, 1, 3]","[0.75, 0.46, 0.88]","[['C', 'D', 'B', 'A'], ['C', 'B', 'D', 'A'], ['D', 'B', 'C', 'A']]","{'C': 3, 'D': 3, 'A': 2, 'B': 2}","[1.0, 0.5, 1.0]",4.0
59,"[2, 3, 5]","[3, 1, 3]","[0.75, 0.46, 0.88]","[['C', 'D', 'B', 'A'], ['C', 'B', 'D', 'A'], ['D', 'C', 'A', 'B']]","{'C': 4, 'D': 3, 'A': 2, 'B': 1}","[1.0, 0.5, 1.0]",4.0
59,"[2, 3, 5]","[3, 1, 3]","[0.75, 0.46, 0.88]","[['C', 'D', 'B', 'A'], ['C', 'B', 'D', 'A'], ['D', 'C', 'B', 'A']]","{'C': 4, 'D': 3, 'A': 2, 'B': 1}","[1.0, 0.5, 1.0]",4.0
59,"[2, 3, 5]","[3, 1, 3]","[0.75, 0.46, 0.88]","[['C', 'D', 'B', 'A'], ['C', 'D', 'A', 'B'], ['B', 'C', 'A', 'D']]","{'C': 4, 'D': 3, 'A': 2, 'B': 1}","[1.0, 0.5, 1.0]",4.0
59,"[2, 3, 5]","[3, 1, 3]","[0.75, 0.46, 0.88]","[['C', 'D', 'B', 'A'], ['C', 'D', 'A', 'B'], ['B', 'C', 'D', 'A']]","{'C': 4, 'D': 3, 'A': 2, 'B': 1}","[1.0, 0.5, 1.0]",4.0
59,"[2, 3, 5]","[3, 1, 3]","[0.75, 0.46, 0.88]","[['C', 'D', 'B', 'A'], ['C', 'D', 'A', 'B'], ['C', 'B', 'A', 'D']]","{'C': 4, 'D': 3, 'A': 2, 'B': 1}","[1.0, 0.5, 1.0]",4.0
59,"[2, 3, 5]","[3, 1, 3]","[0.75, 0.46, 0.88]","[['C', 'D', 'B', 'A'], ['C', 'D', 'A', 'B'], ['C', 'B', 'D', 'A']]","{'C': 4, 'D': 3, 'A': 2, 'B': 1}","[1.0, 0.5, 1.0]",4.0
59,"[2, 3, 5]","[3, 1, 3]","[0.75, 0.46, 0.88]","[['C', 'D', 'B', 'A'], ['C', 'D', 'A', 'B'], ['C', 'D', 'A', 'B']]","{'C': 4, 'D': 4, 'A': 2, 'B': 0}","[1.0, 0.5, 1.0]",4.0
59,"[2, 3, 5]","[3, 1, 3]","[0.75, 0.46, 0.88]","[['C', 'D', 'B', 'A'], ['C', 'D', 'A', 'B'], ['C', 'D', 'B', 'A']]","{'C': 4, 'D': 4, 'A': 2, 'B': 0}","[1.0, 0.5, 1.0]",4.0
59,"[2, 3, 5]","[3, 1, 3]","[0.75, 0.46, 0.88]","[['C', 'D', 'B', 'A'], ['C', 'D', 'A', 'B'], ['D', 'C', 'A', 'B']]","{'C': 4, 'D': 4, 'A': 2, 'B': 0}","[1.0, 0.5, 1.0]",4.0
59,"[2, 3, 5]","[3, 1, 3]","[0.75, 0.46, 0.88]","[['C', 'D', 'B', 'A'], ['C', 'D', 'A', 'B'], ['D', 'C', 'B', 'A']]","{'C': 4, 'D': 4, 'A': 2, 'B': 0}","[1.0, 0.5, 1.0]",4.0
59,"[2, 3, 5]","[3, 1, 3]","[0.75, 0.46, 0.88]","[['C', 'D', 'B', 'A'], ['C', 'D', 'B', 'A'], ['B', 'C', 'A', 'D']]","{'C': 4, 'D': 3, 'A': 2, 'B': 1}","[1.0, 0.5, 1.0]",4.0
59,"[2, 3, 5]","[3, 1, 3]","[0.75, 0.46, 0.88]","[['C', 'D', 'B', 'A'], ['C', 'D', 'B', 'A'], ['B', 'C', 'D', 'A']]","{'C': 4, 'D': 3, 'A': 2, 'B': 1}","[1.0, 0.5, 1.0]",4.0
59,"[2, 3, 5]","[3, 1, 3]","[0.75, 0.46, 0.88]","[['C', 'D', 'B', 'A'], ['C', 'D', 'B', 'A'], ['C', 'B', 'A', 'D']]","{'C': 4, 'D': 3, 'A': 2, 'B': 1}","[1.0, 0.5, 1.0]",4.0
59,"[2, 3, 5]","[3, 1, 3]","[0.75, 0.46, 0.88]","[['C', 'D', 'B', 'A'], ['C', 'D', 'B', 'A'], ['C', 'B', 'D', 'A']]","{'C': 4, 'D': 3, 'A': 2, 'B': 1}","[1.0, 0.5, 1.0]",4.0
59,"[2, 3, 5]","[3, 1, 3]","[0.75, 0.46, 0.88]","[['C', 'D', 'B', 'A'], ['C', 'D', 'B', 'A'], ['C', 'D', 'A', 'B']]","{'C': 4, 'D': 4, 'A': 2, 'B': 0}","[1.0, 0.5, 1.0]",4.0
59,"[2, 3, 5]","[3, 1, 3]","[0.75, 0.46, 0.88]","[['C', 'D', 'B', 'A'], ['C', 'D', 'B', 'A'], ['C', 'D', 'B', 'A']]","{'C': 4, 'D': 4, 'A': 2, 'B': 0}","[1.0, 0.5, 1.0]",4.0
59,"[2, 3, 5]","[3, 1, 3]","[0.75, 0.46, 0.88]","[['C', 'D', 'B', 'A'], ['C', 'D', 'B', 'A'], ['D', 'C', 'A', 'B']]","{'C': 4, 'D': 4, 'A': 2, 'B': 0}","[1.0, 0.5, 1.0]",4.0
59,"[2, 3, 5]","[3, 1, 3]","[0.75, 0.46, 0.88]","[['C', 'D', 'B', 'A'], ['C', 'D', 'B', 'A'], ['D', 'C', 'B', 'A']]","{'C': 4, 'D': 4, 'A': 2, 'B': 0}","[1.0, 0.5, 1.0]",4.0
59,"[2, 3, 5]","[3, 1, 3]","[0.75, 0.46, 0.88]","[['C', 'D', 'B', 'A'], ['D', 'B', 'A', 'C'], ['B', 'C', 'A', 'D']]","{'C': 3, 'D': 3, 'A': 2, 'B': 2}","[1.0, 0.5, 1.0]",4.0
59,"[2, 3, 5]","[3, 1, 3]","[0.75, 0.46, 0.88]","[['C', 'D', 'B', 'A'], ['D', 'B', 'A', 'C'], ['B', 'C', 'D', 'A']]","{'C': 3, 'D': 3, 'A': 2, 'B': 2}","[1.0, 0.5, 1.0]",4.0
59,"[2, 3, 5]","[3, 1, 3]","[0.75, 0.46, 0.88]","[['C', 'D', 'B', 'A'], ['D', 'B', 'A', 'C'], ['C', 'B', 'A', 'D']]","{'C': 3, 'D': 3, 'A': 2, 'B': 2}","[1.0, 0.5, 1.0]",4.0
59,"[2, 3, 5]","[3, 1, 3]","[0.75, 0.46, 0.88]","[['C', 'D', 'B', 'A'], ['D', 'B', 'A', 'C'], ['C', 'B', 'D', 'A']]","{'C': 3, 'D': 3, 'A': 2, 'B': 2}","[1.0, 0.5, 1.0]",4.0
59,"[2, 3, 5]","[3, 1, 3]","[0.75, 0.46, 0.88]","[['C', 'D', 'B', 'A'], ['D', 'B', 'C', 'A'], ['B', 'C', 'A', 'D']]","{'C': 3, 'D': 3, 'A': 2, 'B': 2}","[1.0, 0.5, 1.0]",4.0
59,"[2, 3, 5]","[3, 1, 3]","[0.75, 0.46, 0.88]","[['C', 'D', 'B', 'A'], ['D', 'B', 'C', 'A'], ['B', 'C', 'D', 'A']]","{'C': 3, 'D': 3, 'A': 2, 'B': 2}","[1.0, 0.5, 1.0]",4.0
59,"[2, 3, 5]","[3, 1, 3]","[0.75, 0.46, 0.88]","[['C', 'D', 'B', 'A'], ['D', 'B', 'C', 'A'], ['C', 'B', 'A', 'D']]","{'C': 3, 'D': 3, 'A': 2, 'B': 2}","[1.0, 0.5, 1.0]",4.0
59,"[2, 3, 5]","[3, 1, 3]","[0.75, 0.46, 0.88]","[['C', 'D', 'B', 'A'], ['D', 'B', 'C', 'A'], ['C', 'B', 'D', 'A']]","{'C': 3, 'D': 3, 'A': 2, 'B': 2}","[1.0, 0.5, 1.0]",4.0
59,"[2, 3, 5]","[3, 1, 3]","[0.75, 0.46, 0.88]","[['C', 'D', 'B', 'A'], ['D', 'C', 'A', 'B'], ['B', 'C', 'A', 'D']]","{'C': 4, 'D': 3, 'A': 2, 'B': 1}","[1.0, 0.5, 1.0]",4.0
59,"[2, 3, 5]","[3, 1, 3]","[0.75, 0.46, 0.88]","[['C', 'D', 'B', 'A'], ['D', 'C', 'A', 'B'], ['B', 'C', 'D', 'A']]","{'C': 4, 'D': 3, 'A': 2, 'B': 1}","[1.0, 0.5, 1.0]",4.0
59,"[2, 3, 5]","[3, 1, 3]","[0.75, 0.46, 0.88]","[['C', 'D', 'B', 'A'], ['D', 'C', 'A', 'B'], ['C', 'B', 'A', 'D']]","{'C': 4, 'D': 3, 'A': 2, 'B': 1}","[1.0, 0.5, 1.0]",4.0
59,"[2, 3, 5]","[3, 1, 3]","[0.75, 0.46, 0.88]","[['C', 'D', 'B', 'A'], ['D', 'C', 'A', 'B'], ['C', 'B', 'D', 'A']]","{'C': 4, 'D': 3, 'A': 2, 'B': 1}","[1.0, 0.5, 1.0]",4.0
59,"[2, 3, 5]","[3, 1, 3]","[0.75, 0.46, 0.88]","[['C', 'D', 'B', 'A'], ['D', 'C', 'A', 'B'], ['C', 'D', 'A', 'B']]","{'C': 4, 'D': 4, 'A': 2, 'B': 0}","[1.0, 0.5, 1.0]",4.0
59,"[2, 3, 5]","[3, 1, 3]","[0.75, 0.46, 0.88]","[['C', 'D', 'B', 'A'], ['D', 'C', 'A', 'B'], ['C', 'D', 'B', 'A']]","{'C': 4, 'D': 4, 'A': 2, 'B': 0}","[1.0, 0.5, 1.0]",4.0
59,"[2, 3, 5]","[3, 1, 3]","[0.75, 0.46, 0.88]","[['C', 'D', 'B', 'A'], ['D', 'C', 'A', 'B'], ['D', 'C', 'A', 'B']]","{'C': 4, 'D': 4, 'A': 2, 'B': 0}","[1.0, 0.5, 1.0]",4.0
59,"[2, 3, 5]","[3, 1, 3]","[0.75, 0.46, 0.88]","[['C', 'D', 'B', 'A'], ['D', 'C', 'A', 'B'], ['D', 'C', 'B', 'A']]","{'C': 4, 'D': 4, 'A': 2, 'B': 0}","[1.0, 0.5, 1.0]",4.0
59,"[2, 3, 5]","[3, 1, 3]","[0.75, 0.46, 0.88]","[['C', 'D', 'B', 'A'], ['D', 'C', 'B', 'A'], ['B', 'C', 'A', 'D']]","{'C': 4, 'D': 3, 'A': 2, 'B': 1}","[1.0, 0.5, 1.0]",4.0
59,"[2, 3, 5]","[3, 1, 3]","[0.75, 0.46, 0.88]","[['C', 'D', 'B', 'A'], ['D', 'C', 'B', 'A'], ['B', 'C', 'D', 'A']]","{'C': 4, 'D': 3, 'A': 2, 'B': 1}","[1.0, 0.5, 1.0]",4.0
59,"[2, 3, 5]","[3, 1, 3]","[0.75, 0.46, 0.88]","[['C', 'D', 'B', 'A'], ['D', 'C', 'B', 'A'], ['C', 'B', 'A', 'D']]","{'C': 4, 'D': 3, 'A': 2, 'B': 1}","[1.0, 0.5, 1.0]",4.0
59,"[2, 3, 5]","[3, 1, 3]","[0.75, 0.46, 0.88]","[['C', 'D', 'B', 'A'], ['D', 'C', 'B', 'A'], ['C', 'B', 'D', 'A']]","{'C': 4, 'D': 3, 'A': 2, 'B': 1}","[1.0, 0.5, 1.0]",4.0
59,"[2, 3, 5]","[3, 1, 3]","[0.75, 0.46, 0.88]","[['C', 'D', 'B', 'A'], ['D', 'C', 'B', 'A'], ['C', 'D', 'A', 'B']]","{'C': 4, 'D': 4, 'A': 2, 'B': 0}","[1.0, 0.5, 1.0]",4.0
59,"[2, 3, 5]","[3, 1, 3]","[0.75, 0.46, 0.88]","[['C', 'D', 'B', 'A'], ['D', 'C', 'B', 'A'], ['C', 'D', 'B', 'A']]","{'C': 4, 'D': 4, 'A': 2, 'B': 0}","[1.0, 0.5, 1.0]",4.0
59,"[2, 3, 5]","[3, 1, 3]","[0.75, 0.46, 0.88]","[['C', 'D', 'B', 'A'], ['D', 'C', 'B', 'A'], ['D', 'C', 'A', 'B']]","{'C': 4, 'D': 4, 'A': 2, 'B': 0}","[1.0, 0.5, 1.0]",4.0
59,"[2, 3, 5]","[3, 1, 3]","[0.75, 0.46, 0.88]","[['C', 'D', 'B', 'A'], ['D', 'C', 'B', 'A'], ['D', 'C', 'B', 'A']]","{'C': 4, 'D': 4, 'A': 2, 'B': 0}","[1.0, 0.5, 1.0]",4.0
59,"[2, 3, 5]","[3, 1, 3]","[0.75, 0.46, 0.88]","[['D', 'B', 'A', 'C'], ['B', 'C', 'A', 'D'], ['C', 'D', 'A', 'B']]","{'C': 3, 'D': 3, 'A': 2, 'B': 2}","[1.0, 0.5, 1.0]",4.0
59,"[2, 3, 5]","[3, 1, 3]","[0.75, 0.46, 0.88]","[['D', 'B', 'A', 'C'], ['B', 'C', 'A', 'D'], ['C', 'D', 'B', 'A']]","{'C': 3, 'D': 3, 'A': 2, 'B': 2}","[1.0, 0.5, 1.0]",4.0
59,"[2, 3, 5]","[3, 1, 3]","[0.75, 0.46, 0.88]","[['D', 'B', 'A', 'C'], ['B', 'C', 'A', 'D'], ['D', 'C', 'A', 'B']]","{'C': 3, 'D': 3, 'A': 2, 'B': 2}","[1.0, 0.5, 1.0]",4.0
59,"[2, 3, 5]","[3, 1, 3]","[0.75, 0.46, 0.88]","[['D', 'B', 'A', 'C'], ['B', 'C', 'A', 'D'], ['D', 'C', 'B', 'A']]","{'C': 3, 'D': 3, 'A': 2, 'B': 2}","[1.0, 0.5, 1.0]",4.0
59,"[2, 3, 5]","[3, 1, 3]","[0.75, 0.46, 0.88]","[['D', 'B', 'A', 'C'], ['B', 'C', 'D', 'A'], ['C', 'D', 'A', 'B']]","{'C': 3, 'D': 3, 'A': 2, 'B': 2}","[1.0, 0.5, 1.0]",4.0
59,"[2, 3, 5]","[3, 1, 3]","[0.75, 0.46, 0.88]","[['D', 'B', 'A', 'C'], ['B', 'C', 'D', 'A'], ['C', 'D', 'B', 'A']]","{'C': 3, 'D': 3, 'A': 2, 'B': 2}","[1.0, 0.5, 1.0]",4.0
59,"[2, 3, 5]","[3, 1, 3]","[0.75, 0.46, 0.88]","[['D', 'B', 'A', 'C'], ['B', 'C', 'D', 'A'], ['D', 'C', 'A', 'B']]","{'C': 3, 'D': 3, 'A': 2, 'B': 2}","[1.0, 0.5, 1.0]",4.0
59,"[2, 3, 5]","[3, 1, 3]","[0.75, 0.46, 0.88]","[['D', 'B', 'A', 'C'], ['B', 'C', 'D', 'A'], ['D', 'C', 'B', 'A']]","{'C': 3, 'D': 3, 'A': 2, 'B': 2}","[1.0, 0.5, 1.0]",4.0
59,"[2, 3, 5]","[3, 1, 3]","[0.75, 0.46, 0.88]","[['D', 'B', 'A', 'C'], ['C', 'B', 'A', 'D'], ['C', 'D', 'A', 'B']]","{'C': 3, 'D': 3, 'A': 2, 'B': 2}","[1.0, 0.5, 1.0]",4.0
59,"[2, 3, 5]","[3, 1, 3]","[0.75, 0.46, 0.88]","[['D', 'B', 'A', 'C'], ['C', 'B', 'A', 'D'], ['C', 'D', 'B', 'A']]","{'C': 3, 'D': 3, 'A': 2, 'B': 2}","[1.0, 0.5, 1.0]",4.0
59,"[2, 3, 5]","[3, 1, 3]","[0.75, 0.46, 0.88]","[['D', 'B', 'A', 'C'], ['C', 'B', 'A', 'D'], ['D', 'C', 'A', 'B']]","{'C': 3, 'D': 3, 'A': 2, 'B': 2}","[1.0, 0.5, 1.0]",4.0
59,"[2, 3, 5]","[3, 1, 3]","[0.75, 0.46, 0.88]","[['D', 'B', 'A', 'C'], ['C', 'B', 'A', 'D'], ['D', 'C', 'B', 'A']]","{'C': 3, 'D': 3, 'A': 2, 'B': 2}","[1.0, 0.5, 1.0]",4.0
59,"[2, 3, 5]","[3, 1, 3]","[0.75, 0.46, 0.88]","[['D', 'B', 'A', 'C'], ['C', 'B', 'D', 'A'], ['C', 'D', 'A', 'B']]","{'C': 3, 'D': 3, 'A': 2, 'B': 2}","[1.0, 0.5, 1.0]",4.0
59,"[2, 3, 5]","[3, 1, 3]","[0.75, 0.46, 0.88]","[['D', 'B', 'A', 'C'], ['C', 'B', 'D', 'A'], ['C', 'D', 'B', 'A']]","{'C': 3, 'D': 3, 'A': 2, 'B': 2}","[1.0, 0.5, 1.0]",4.0
59,"[2, 3, 5]","[3, 1, 3]","[0.75, 0.46, 0.88]","[['D', 'B', 'A', 'C'], ['C', 'B', 'D', 'A'], ['D', 'C', 'A', 'B']]","{'C': 3, 'D': 3, 'A': 2, 'B': 2}","[1.0, 0.5, 1.0]",4.0
59,"[2, 3, 5]","[3, 1, 3]","[0.75, 0.46, 0.88]","[['D', 'B', 'A', 'C'], ['C', 'B', 'D', 'A'], ['D', 'C', 'B', 'A']]","{'C': 3, 'D': 3, 'A': 2, 'B': 2}","[1.0, 0.5, 1.0]",4.0
59,"[2, 3, 5]","[3, 1, 3]","[0.75, 0.46, 0.88]","[['D', 'B', 'A', 'C'], ['C', 'D', 'A', 'B'], ['B', 'C', 'A', 'D']]","{'C': 3, 'D': 3, 'A': 2, 'B': 2}","[1.0, 0.5, 1.0]",4.0
59,"[2, 3, 5]","[3, 1, 3]","[0.75, 0.46, 0.88]","[['D', 'B', 'A', 'C'], ['C', 'D', 'A', 'B'], ['B', 'C', 'D', 'A']]","{'C': 3, 'D': 3, 'A': 2, 'B': 2}","[1.0, 0.5, 1.0]",4.0
59,"[2, 3, 5]","[3, 1, 3]","[0.75, 0.46, 0.88]","[['D', 'B', 'A', 'C'], ['C', 'D', 'A', 'B'], ['C', 'B', 'A', 'D']]","{'C': 3, 'D': 3, 'A': 2, 'B': 2}","[1.0, 0.5, 1.0]",4.0
59,"[2, 3, 5]","[3, 1, 3]","[0.75, 0.46, 0.88]","[['D', 'B', 'A', 'C'], ['C', 'D', 'A', 'B'], ['C', 'B', 'D', 'A']]","{'C': 3, 'D': 3, 'A': 2, 'B': 2}","[1.0, 0.5, 1.0]",4.0
59,"[2, 3, 5]","[3, 1, 3]","[0.75, 0.46, 0.88]","[['D', 'B', 'A', 'C'], ['C', 'D', 'B', 'A'], ['B', 'C', 'A', 'D']]","{'C': 3, 'D': 3, 'A': 2, 'B': 2}","[1.0, 0.5, 1.0]",4.0
59,"[2, 3, 5]","[3, 1, 3]","[0.75, 0.46, 0.88]","[['D', 'B', 'A', 'C'], ['C', 'D', 'B', 'A'], ['B', 'C', 'D', 'A']]","{'C': 3, 'D': 3, 'A': 2, 'B': 2}","[1.0, 0.5, 1.0]",4.0
59,"[2, 3, 5]","[3, 1, 3]","[0.75, 0.46, 0.88]","[['D', 'B', 'A', 'C'], ['C', 'D', 'B', 'A'], ['C', 'B', 'A', 'D']]","{'C': 3, 'D': 3, 'A': 2, 'B': 2}","[1.0, 0.5, 1.0]",4.0
59,"[2, 3, 5]","[3, 1, 3]","[0.75, 0.46, 0.88]","[['D', 'B', 'A', 'C'], ['C', 'D', 'B', 'A'], ['C', 'B', 'D', 'A']]","{'C': 3, 'D': 3, 'A': 2, 'B': 2}","[1.0, 0.5, 1.0]",4.0
59,"[2, 3, 5]","[3, 1, 3]","[0.75, 0.46, 0.88]","[['D', 'B', 'A', 'C'], ['D', 'C', 'A', 'B'], ['B', 'C', 'A', 'D']]","{'C': 3, 'D': 3, 'A': 2, 'B': 2}","[1.0, 0.5, 1.0]",4.0
59,"[2, 3, 5]","[3, 1, 3]","[0.75, 0.46, 0.88]","[['D', 'B', 'A', 'C'], ['D', 'C', 'A', 'B'], ['B', 'C', 'D', 'A']]","{'C': 3, 'D': 3, 'A': 2, 'B': 2}","[1.0, 0.5, 1.0]",4.0
59,"[2, 3, 5]","[3, 1, 3]","[0.75, 0.46, 0.88]","[['D', 'B', 'A', 'C'], ['D', 'C', 'A', 'B'], ['C', 'B', 'A', 'D']]","{'C': 3, 'D': 3, 'A': 2, 'B': 2}","[1.0, 0.5, 1.0]",4.0
59,"[2, 3, 5]","[3, 1, 3]","[0.75, 0.46, 0.88]","[['D', 'B', 'A', 'C'], ['D', 'C', 'A', 'B'], ['C', 'B', 'D', 'A']]","{'C': 3, 'D': 3, 'A': 2, 'B': 2}","[1.0, 0.5, 1.0]",4.0
59,"[2, 3, 5]","[3, 1, 3]","[0.75, 0.46, 0.88]","[['D', 'B', 'A', 'C'], ['D', 'C', 'B', 'A'], ['B', 'C', 'A', 'D']]","{'C': 3, 'D': 3, 'A': 2, 'B': 2}","[1.0, 0.5, 1.0]",4.0
59,"[2, 3, 5]","[3, 1, 3]","[0.75, 0.46, 0.88]","[['D', 'B', 'A', 'C'], ['D', 'C', 'B', 'A'], ['B', 'C', 'D', 'A']]","{'C': 3, 'D': 3, 'A': 2, 'B': 2}","[1.0, 0.5, 1.0]",4.0
59,"[2, 3, 5]","[3, 1, 3]","[0.75, 0.46, 0.88]","[['D', 'B', 'A', 'C'], ['D', 'C', 'B', 'A'], ['C', 'B', 'A', 'D']]","{'C': 3, 'D': 3, 'A': 2, 'B': 2}","[1.0, 0.5, 1.0]",4.0
59,"[2, 3, 5]","[3, 1, 3]","[0.75, 0.46, 0.88]","[['D', 'B', 'A', 'C'], ['D', 'C', 'B', 'A'], ['C', 'B', 'D', 'A']]","{'C': 3, 'D': 3, 'A': 2, 'B': 2}","[1.0, 0.5, 1.0]",4.0
59,"[2, 3, 5]","[3, 1, 3]","[0.75, 0.46, 0.88]","[['D', 'B', 'C', 'A'], ['B', 'C', 'A', 'D'], ['C', 'D', 'A', 'B']]","{'C': 3, 'D': 3, 'A': 2, 'B': 2}","[1.0, 0.5, 1.0]",4.0
59,"[2, 3, 5]","[3, 1, 3]","[0.75, 0.46, 0.88]","[['D', 'B', 'C', 'A'], ['B', 'C', 'A', 'D'], ['C', 'D', 'B', 'A']]","{'C': 3, 'D': 3, 'A': 2, 'B': 2}","[1.0, 0.5, 1.0]",4.0
59,"[2, 3, 5]","[3, 1, 3]","[0.75, 0.46, 0.88]","[['D', 'B', 'C', 'A'], ['B', 'C', 'A', 'D'], ['D', 'C', 'A', 'B']]","{'C': 3, 'D': 3, 'A': 2, 'B': 2}","[1.0, 0.5, 1.0]",4.0
59,"[2, 3, 5]","[3, 1, 3]","[0.75, 0.46, 0.88]","[['D', 'B', 'C', 'A'], ['B', 'C', 'A', 'D'], ['D', 'C', 'B', 'A']]","{'C': 3, 'D': 3, 'A': 2, 'B': 2}","[1.0, 0.5, 1.0]",4.0
59,"[2, 3, 5]","[3, 1, 3]","[0.75, 0.46, 0.88]","[['D', 'B', 'C', 'A'], ['B', 'C', 'D', 'A'], ['C', 'D', 'A', 'B']]","{'C': 3, 'D': 3, 'A': 2, 'B': 2}","[1.0, 0.5, 1.0]",4.0
59,"[2, 3, 5]","[3, 1, 3]","[0.75, 0.46, 0.88]","[['D', 'B', 'C', 'A'], ['B', 'C', 'D', 'A'], ['C', 'D', 'B', 'A']]","{'C': 3, 'D': 3, 'A': 2, 'B': 2}","[1.0, 0.5, 1.0]",4.0
59,"[2, 3, 5]","[3, 1, 3]","[0.75, 0.46, 0.88]","[['D', 'B', 'C', 'A'], ['B', 'C', 'D', 'A'], ['D', 'C', 'A', 'B']]","{'C': 3, 'D': 3, 'A': 2, 'B': 2}","[1.0, 0.5, 1.0]",4.0
59,"[2, 3, 5]","[3, 1, 3]","[0.75, 0.46, 0.88]","[['D', 'B', 'C', 'A'], ['B', 'C', 'D', 'A'], ['D', 'C', 'B', 'A']]","{'C': 3, 'D': 3, 'A': 2, 'B': 2}","[1.0, 0.5, 1.0]",4.0
59,"[2, 3, 5]","[3, 1, 3]","[0.75, 0.46, 0.88]","[['D', 'B', 'C', 'A'], ['C', 'B', 'A', 'D'], ['C', 'D', 'A', 'B']]","{'C': 3, 'D': 3, 'A': 2, 'B': 2}","[1.0, 0.5, 1.0]",4.0
59,"[2, 3, 5]","[3, 1, 3]","[0.75, 0.46, 0.88]","[['D', 'B', 'C', 'A'], ['C', 'B', 'A', 'D'], ['C', 'D', 'B', 'A']]","{'C': 3, 'D': 3, 'A': 2, 'B': 2}","[1.0, 0.5, 1.0]",4.0
59,"[2, 3, 5]","[3, 1, 3]","[0.75, 0.46, 0.88]","[['D', 'B', 'C', 'A'], ['C', 'B', 'A', 'D'], ['D', 'C', 'A', 'B']]","{'C': 3, 'D': 3, 'A': 2, 'B': 2}","[1.0, 0.5, 1.0]",4.0
59,"[2, 3, 5]","[3, 1, 3]","[0.75, 0.46, 0.88]","[['D', 'B', 'C', 'A'], ['C', 'B', 'A', 'D'], ['D', 'C', 'B', 'A']]","{'C': 3, 'D': 3, 'A': 2, 'B': 2}","[1.0, 0.5, 1.0]",4.0
59,"[2, 3, 5]","[3, 1, 3]","[0.75, 0.46, 0.88]","[['D', 'B', 'C', 'A'], ['C', 'B', 'D', 'A'], ['C', 'D', 'A', 'B']]","{'C': 3, 'D': 3, 'A': 2, 'B': 2}","[1.0, 0.5, 1.0]",4.0
59,"[2, 3, 5]","[3, 1, 3]","[0.75, 0.46, 0.88]","[['D', 'B', 'C', 'A'], ['C', 'B', 'D', 'A'], ['C', 'D', 'B', 'A']]","{'C': 3, 'D': 3, 'A': 2, 'B': 2}","[1.0, 0.5, 1.0]",4.0
59,"[2, 3, 5]","[3, 1, 3]","[0.75, 0.46, 0.88]","[['D', 'B', 'C', 'A'], ['C', 'B', 'D', 'A'], ['D', 'C', 'A', 'B']]","{'C': 3, 'D': 3, 'A': 2, 'B': 2}","[1.0, 0.5, 1.0]",4.0
59,"[2, 3, 5]","[3, 1, 3]","[0.75, 0.46, 0.88]","[['D', 'B', 'C', 'A'], ['C', 'B', 'D', 'A'], ['D', 'C', 'B', 'A']]","{'C': 3, 'D': 3, 'A': 2, 'B': 2}","[1.0, 0.5, 1.0]",4.0
59,"[2, 3, 5]","[3, 1, 3]","[0.75, 0.46, 0.88]","[['D', 'B', 'C', 'A'], ['C', 'D', 'A', 'B'], ['B', 'C', 'A', 'D']]","{'C': 3, 'D': 3, 'A': 2, 'B': 2}","[1.0, 0.5, 1.0]",4.0
59,"[2, 3, 5]","[3, 1, 3]","[0.75, 0.46, 0.88]","[['D', 'B', 'C', 'A'], ['C', 'D', 'A', 'B'], ['B', 'C', 'D', 'A']]","{'C': 3, 'D': 3, 'A': 2, 'B': 2}","[1.0, 0.5, 1.0]",4.0
59,"[2, 3, 5]","[3, 1, 3]","[0.75, 0.46, 0.88]","[['D', 'B', 'C', 'A'], ['C', 'D', 'A', 'B'], ['C', 'B', 'A', 'D']]","{'C': 3, 'D': 3, 'A': 2, 'B': 2}","[1.0, 0.5, 1.0]",4.0
59,"[2, 3, 5]","[3, 1, 3]","[0.75, 0.46, 0.88]","[['D', 'B', 'C', 'A'], ['C', 'D', 'A', 'B'], ['C', 'B', 'D', 'A']]","{'C': 3, 'D': 3, 'A': 2, 'B': 2}","[1.0, 0.5, 1.0]",4.0
59,"[2, 3, 5]","[3, 1, 3]","[0.75, 0.46, 0.88]","[['D', 'B', 'C', 'A'], ['C', 'D', 'B', 'A'], ['B', 'C', 'A', 'D']]","{'C': 3, 'D': 3, 'A': 2, 'B': 2}","[1.0, 0.5, 1.0]",4.0
59,"[2, 3, 5]","[3, 1, 3]","[0.75, 0.46, 0.88]","[['D', 'B', 'C', 'A'], ['C', 'D', 'B', 'A'], ['B', 'C', 'D', 'A']]","{'C': 3, 'D': 3, 'A': 2, 'B': 2}","[1.0, 0.5, 1.0]",4.0
59,"[2, 3, 5]","[3, 1, 3]","[0.75, 0.46, 0.88]","[['D', 'B', 'C', 'A'], ['C', 'D', 'B', 'A'], ['C', 'B', 'A', 'D']]","{'C': 3, 'D': 3, 'A': 2, 'B': 2}","[1.0, 0.5, 1.0]",4.0
59,"[2, 3, 5]","[3, 1, 3]","[0.75, 0.46, 0.88]","[['D', 'B', 'C', 'A'], ['C', 'D', 'B', 'A'], ['C', 'B', 'D', 'A']]","{'C': 3, 'D': 3, 'A': 2, 'B': 2}","[1.0, 0.5, 1.0]",4.0
59,"[2, 3, 5]","[3, 1, 3]","[0.75, 0.46, 0.88]","[['D', 'B', 'C', 'A'], ['D', 'C', 'A', 'B'], ['B', 'C', 'A', 'D']]","{'C': 3, 'D': 3, 'A': 2, 'B': 2}","[1.0, 0.5, 1.0]",4.0
59,"[2, 3, 5]","[3, 1, 3]","[0.75, 0.46, 0.88]","[['D', 'B', 'C', 'A'], ['D', 'C', 'A', 'B'], ['B', 'C', 'D', 'A']]","{'C': 3, 'D': 3, 'A': 2, 'B': 2}","[1.0, 0.5, 1.0]",4.0
59,"[2, 3, 5]","[3, 1, 3]","[0.75, 0.46, 0.88]","[['D', 'B', 'C', 'A'], ['D', 'C', 'A', 'B'], ['C', 'B', 'A', 'D']]","{'C': 3, 'D': 3, 'A': 2, 'B': 2}","[1.0, 0.5, 1.0]",4.0
59,"[2, 3, 5]","[3, 1, 3]","[0.75, 0.46, 0.88]","[['D', 'B', 'C', 'A'], ['D', 'C', 'A', 'B'], ['C', 'B', 'D', 'A']]","{'C': 3, 'D': 3, 'A': 2, 'B': 2}","[1.0, 0.5, 1.0]",4.0
59,"[2, 3, 5]","[3, 1, 3]","[0.75, 0.46, 0.88]","[['D', 'B', 'C', 'A'], ['D', 'C', 'B', 'A'], ['B', 'C', 'A', 'D']]","{'C': 3, 'D': 3, 'A': 2, 'B': 2}","[1.0, 0.5, 1.0]",4.0
59,"[2, 3, 5]","[3, 1, 3]","[0.75, 0.46, 0.88]","[['D', 'B', 'C', 'A'], ['D', 'C', 'B', 'A'], ['B', 'C', 'D', 'A']]","{'C': 3, 'D': 3, 'A': 2, 'B': 2}","[1.0, 0.5, 1.0]",4.0
59,"[2, 3, 5]","[3, 1, 3]","[0.75, 0.46, 0.88]","[['D', 'B', 'C', 'A'], ['D', 'C', 'B', 'A'], ['C', 'B', 'A', 'D']]","{'C': 3, 'D': 3, 'A': 2, 'B': 2}","[1.0, 0.5, 1.0]",4.0
59,"[2, 3, 5]","[3, 1, 3]","[0.75, 0.46, 0.88]","[['D', 'B', 'C', 'A'], ['D', 'C', 'B', 'A'], ['C', 'B', 'D', 'A']]","{'C': 3, 'D': 3, 'A': 2, 'B': 2}","[1.0, 0.5, 1.0]",4.0
59,"[2, 3, 5]","[3, 1, 3]","[0.75, 0.46, 0.88]","[['D', 'C', 'A', 'B'], ['B', 'C', 'A', 'D'], ['B', 'D', 'A', 'C']]","{'C': 3, 'D': 3, 'A': 2, 'B': 2}","[1.0, 0.5, 1.0]",4.0
59,"[2, 3, 5]","[3, 1, 3]","[0.75, 0.46, 0.88]","[['D', 'C', 'A', 'B'], ['B', 'C', 'A', 'D'], ['B', 'D', 'C', 'A']]","{'C': 3, 'D': 3, 'A': 2, 'B': 2}","[1.0, 0.5, 1.0]",4.0
59,"[2, 3, 5]","[3, 1, 3]","[0.75, 0.46, 0.88]","[['D', 'C', 'A', 'B'], ['B', 'C', 'A', 'D'], ['C', 'D', 'A', 'B']]","{'C': 4, 'D': 3, 'A': 2, 'B': 1}","[1.0, 0.5, 1.0]",4.0
59,"[2, 3, 5]","[3, 1, 3]","[0.75, 0.46, 0.88]","[['D', 'C', 'A', 'B'], ['B', 'C', 'A', 'D'], ['C', 'D', 'B', 'A']]","{'C': 4, 'D': 3, 'A': 2, 'B': 1}","[1.0, 0.5, 1.0]",4.0
59,"[2, 3, 5]","[3, 1, 3]","[0.75, 0.46, 0.88]","[['D', 'C', 'A', 'B'], ['B', 'C', 'A', 'D'], ['D', 'B', 'A', 'C']]","{'C': 3, 'D': 3, 'A': 2, 'B': 2}","[1.0, 0.5, 1.0]",4.0
59,"[2, 3, 5]","[3, 1, 3]","[0.75, 0.46, 0.88]","[['D', 'C', 'A', 'B'], ['B', 'C', 'A', 'D'], ['D', 'B', 'C', 'A']]","{'C': 3, 'D': 3, 'A': 2, 'B': 2}","[1.0, 0.5, 1.0]",4.0
59,"[2, 3, 5]","[3, 1, 3]","[0.75, 0.46, 0.88]","[['D', 'C', 'A', 'B'], ['B', 'C', 'A', 'D'], ['D', 'C', 'A', 'B']]","{'C': 4, 'D': 3, 'A': 2, 'B': 1}","[1.0, 0.5, 1.0]",4.0
59,"[2, 3, 5]","[3, 1, 3]","[0.75, 0.46, 0.88]","[['D', 'C', 'A', 'B'], ['B', 'C', 'A', 'D'], ['D', 'C', 'B', 'A']]","{'C': 4, 'D': 3, 'A': 2, 'B': 1}","[1.0, 0.5, 1.0]",4.0
59,"[2, 3, 5]","[3, 1, 3]","[0.75, 0.46, 0.88]","[['D', 'C', 'A', 'B'], ['B', 'C', 'D', 'A'], ['B', 'D', 'A', 'C']]","{'C': 3, 'D': 3, 'A': 2, 'B': 2}","[1.0, 0.5, 1.0]",4.0
59,"[2, 3, 5]","[3, 1, 3]","[0.75, 0.46, 0.88]","[['D', 'C', 'A', 'B'], ['B', 'C', 'D', 'A'], ['B', 'D', 'C', 'A']]","{'C': 3, 'D': 3, 'A': 2, 'B': 2}","[1.0, 0.5, 1.0]",4.0
59,"[2, 3, 5]","[3, 1, 3]","[0.75, 0.46, 0.88]","[['D', 'C', 'A', 'B'], ['B', 'C', 'D', 'A'], ['C', 'D', 'A', 'B']]","{'C': 4, 'D': 3, 'A': 2, 'B': 1}","[1.0, 0.5, 1.0]",4.0
59,"[2, 3, 5]","[3, 1, 3]","[0.75, 0.46, 0.88]","[['D', 'C', 'A', 'B'], ['B', 'C', 'D', 'A'], ['C', 'D', 'B', 'A']]","{'C': 4, 'D': 3, 'A': 2, 'B': 1}","[1.0, 0.5, 1.0]",4.0
59,"[2, 3, 5]","[3, 1, 3]","[0.75, 0.46, 0.88]","[['D', 'C', 'A', 'B'], ['B', 'C', 'D', 'A'], ['D', 'B', 'A', 'C']]","{'C': 3, 'D': 3, 'A': 2, 'B': 2}","[1.0, 0.5, 1.0]",4.0
59,"[2, 3, 5]","[3, 1, 3]","[0.75, 0.46, 0.88]","[['D', 'C', 'A', 'B'], ['B', 'C', 'D', 'A'], ['D', 'B', 'C', 'A']]","{'C': 3, 'D': 3, 'A': 2, 'B': 2}","[1.0, 0.5, 1.0]",4.0
59,"[2, 3, 5]","[3, 1, 3]","[0.75, 0.46, 0.88]","[['D', 'C', 'A', 'B'], ['B', 'C', 'D', 'A'], ['D', 'C', 'A', 'B']]","{'C': 4, 'D': 3, 'A': 2, 'B': 1}","[1.0, 0.5, 1.0]",4.0
59,"[2, 3, 5]","[3, 1, 3]","[0.75, 0.46, 0.88]","[['D', 'C', 'A', 'B'], ['B', 'C', 'D', 'A'], ['D', 'C', 'B', 'A']]","{'C': 4, 'D': 3, 'A': 2, 'B': 1}","[1.0, 0.5, 1.0]",4.0
59,"[2, 3, 5]","[3, 1, 3]","[0.75, 0.46, 0.88]","[['D', 'C', 'A', 'B'], ['B', 'D', 'A', 'C'], ['B', 'C', 'A', 'D']]","{'C': 3, 'D': 3, 'A': 2, 'B': 2}","[1.0, 0.5, 1.0]",4.0
59,"[2, 3, 5]","[3, 1, 3]","[0.75, 0.46, 0.88]","[['D', 'C', 'A', 'B'], ['B', 'D', 'A', 'C'], ['B', 'C', 'D', 'A']]","{'C': 3, 'D': 3, 'A': 2, 'B': 2}","[1.0, 0.5, 1.0]",4.0
59,"[2, 3, 5]","[3, 1, 3]","[0.75, 0.46, 0.88]","[['D', 'C', 'A', 'B'], ['B', 'D', 'A', 'C'], ['C', 'B', 'A', 'D']]","{'C': 3, 'D': 3, 'A': 2, 'B': 2}","[1.0, 0.5, 1.0]",4.0
59,"[2, 3, 5]","[3, 1, 3]","[0.75, 0.46, 0.88]","[['D', 'C', 'A', 'B'], ['B', 'D', 'A', 'C'], ['C', 'B', 'D', 'A']]","{'C': 3, 'D': 3, 'A': 2, 'B': 2}","[1.0, 0.5, 1.0]",4.0
59,"[2, 3, 5]","[3, 1, 3]","[0.75, 0.46, 0.88]","[['D', 'C', 'A', 'B'], ['B', 'D', 'C', 'A'], ['B', 'C', 'A', 'D']]","{'C': 3, 'D': 3, 'A': 2, 'B': 2}","[1.0, 0.5, 1.0]",4.0
59,"[2, 3, 5]","[3, 1, 3]","[0.75, 0.46, 0.88]","[['D', 'C', 'A', 'B'], ['B', 'D', 'C', 'A'], ['B', 'C', 'D', 'A']]","{'C': 3, 'D': 3, 'A': 2, 'B': 2}","[1.0, 0.5, 1.0]",4.0
59,"[2, 3, 5]","[3, 1, 3]","[0.75, 0.46, 0.88]","[['D', 'C', 'A', 'B'], ['B', 'D', 'C', 'A'], ['C', 'B', 'A', 'D']]","{'C': 3, 'D': 3, 'A': 2, 'B': 2}","[1.0, 0.5, 1.0]",4.0
59,"[2, 3, 5]","[3, 1, 3]","[0.75, 0.46, 0.88]","[['D', 'C', 'A', 'B'], ['B', 'D', 'C', 'A'], ['C', 'B', 'D', 'A']]","{'C': 3, 'D': 3, 'A': 2, 'B': 2}","[1.0, 0.5, 1.0]",4.0
59,"[2, 3, 5]","[3, 1, 3]","[0.75, 0.46, 0.88]","[['D', 'C', 'A', 'B'], ['C', 'B', 'A', 'D'], ['B', 'D', 'A', 'C']]","{'C': 3, 'D': 3, 'A': 2, 'B': 2}","[1.0, 0.5, 1.0]",4.0
59,"[2, 3, 5]","[3, 1, 3]","[0.75, 0.46, 0.88]","[['D', 'C', 'A', 'B'], ['C', 'B', 'A', 'D'], ['B', 'D', 'C', 'A']]","{'C': 3, 'D': 3, 'A': 2, 'B': 2}","[1.0, 0.5, 1.0]",4.0
59,"[2, 3, 5]","[3, 1, 3]","[0.75, 0.46, 0.88]","[['D', 'C', 'A', 'B'], ['C', 'B', 'A', 'D'], ['C', 'D', 'A', 'B']]","{'C': 4, 'D': 3, 'A': 2, 'B': 1}","[1.0, 0.5, 1.0]",4.0
59,"[2, 3, 5]","[3, 1, 3]","[0.75, 0.46, 0.88]","[['D', 'C', 'A', 'B'], ['C', 'B', 'A', 'D'], ['C', 'D', 'B', 'A']]","{'C': 4, 'D': 3, 'A': 2, 'B': 1}","[1.0, 0.5, 1.0]",4.0
59,"[2, 3, 5]","[3, 1, 3]","[0.75, 0.46, 0.88]","[['D', 'C', 'A', 'B'], ['C', 'B', 'A', 'D'], ['D', 'B', 'A', 'C']]","{'C': 3, 'D': 3, 'A': 2, 'B': 2}","[1.0, 0.5, 1.0]",4.0
59,"[2, 3, 5]","[3, 1, 3]","[0.75, 0.46, 0.88]","[['D', 'C', 'A', 'B'], ['C', 'B', 'A', 'D'], ['D', 'B', 'C', 'A']]","{'C': 3, 'D': 3, 'A': 2, 'B': 2}","[1.0, 0.5, 1.0]",4.0
59,"[2, 3, 5]","[3, 1, 3]","[0.75, 0.46, 0.88]","[['D', 'C', 'A', 'B'], ['C', 'B', 'A', 'D'], ['D', 'C', 'A', 'B']]","{'C': 4, 'D': 3, 'A': 2, 'B': 1}","[1.0, 0.5, 1.0]",4.0
59,"[2, 3, 5]","[3, 1, 3]","[0.75, 0.46, 0.88]","[['D', 'C', 'A', 'B'], ['C', 'B', 'A', 'D'], ['D', 'C', 'B', 'A']]","{'C': 4, 'D': 3, 'A': 2, 'B': 1}","[1.0, 0.5, 1.0]",4.0
59,"[2, 3, 5]","[3, 1, 3]","[0.75, 0.46, 0.88]","[['D', 'C', 'A', 'B'], ['C', 'B', 'D', 'A'], ['B', 'D', 'A', 'C']]","{'C': 3, 'D': 3, 'A': 2, 'B': 2}","[1.0, 0.5, 1.0]",4.0
59,"[2, 3, 5]","[3, 1, 3]","[0.75, 0.46, 0.88]","[['D', 'C', 'A', 'B'], ['C', 'B', 'D', 'A'], ['B', 'D', 'C', 'A']]","{'C': 3, 'D': 3, 'A': 2, 'B': 2}","[1.0, 0.5, 1.0]",4.0
59,"[2, 3, 5]","[3, 1, 3]","[0.75, 0.46, 0.88]","[['D', 'C', 'A', 'B'], ['C', 'B', 'D', 'A'], ['C', 'D', 'A', 'B']]","{'C': 4, 'D': 3, 'A': 2, 'B': 1}","[1.0, 0.5, 1.0]",4.0
59,"[2, 3, 5]","[3, 1, 3]","[0.75, 0.46, 0.88]","[['D', 'C', 'A', 'B'], ['C', 'B', 'D', 'A'], ['C', 'D', 'B', 'A']]","{'C': 4, 'D': 3, 'A': 2, 'B': 1}","[1.0, 0.5, 1.0]",4.0
59,"[2, 3, 5]","[3, 1, 3]","[0.75, 0.46, 0.88]","[['D', 'C', 'A', 'B'], ['C', 'B', 'D', 'A'], ['D', 'B', 'A', 'C']]","{'C': 3, 'D': 3, 'A': 2, 'B': 2}","[1.0, 0.5, 1.0]",4.0
59,"[2, 3, 5]","[3, 1, 3]","[0.75, 0.46, 0.88]","[['D', 'C', 'A', 'B'], ['C', 'B', 'D', 'A'], ['D', 'B', 'C', 'A']]","{'C': 3, 'D': 3, 'A': 2, 'B': 2}","[1.0, 0.5, 1.0]",4.0
59,"[2, 3, 5]","[3, 1, 3]","[0.75, 0.46, 0.88]","[['D', 'C', 'A', 'B'], ['C', 'B', 'D', 'A'], ['D', 'C', 'A', 'B']]","{'C': 4, 'D': 3, 'A': 2, 'B': 1}","[1.0, 0.5, 1.0]",4.0
59,"[2, 3, 5]","[3, 1, 3]","[0.75, 0.46, 0.88]","[['D', 'C', 'A', 'B'], ['C', 'B', 'D', 'A'], ['D', 'C', 'B', 'A']]","{'C': 4, 'D': 3, 'A': 2, 'B': 1}","[1.0, 0.5, 1.0]",4.0
59,"[2, 3, 5]","[3, 1, 3]","[0.75, 0.46, 0.88]","[['D', 'C', 'A', 'B'], ['C', 'D', 'A', 'B'], ['B', 'C', 'A', 'D']]","{'C': 4, 'D': 3, 'A': 2, 'B': 1}","[1.0, 0.5, 1.0]",4.0
59,"[2, 3, 5]","[3, 1, 3]","[0.75, 0.46, 0.88]","[['D', 'C', 'A', 'B'], ['C', 'D', 'A', 'B'], ['B', 'C', 'D', 'A']]","{'C': 4, 'D': 3, 'A': 2, 'B': 1}","[1.0, 0.5, 1.0]",4.0
59,"[2, 3, 5]","[3, 1, 3]","[0.75, 0.46, 0.88]","[['D', 'C', 'A', 'B'], ['C', 'D', 'A', 'B'], ['C', 'B', 'A', 'D']]","{'C': 4, 'D': 3, 'A': 2, 'B': 1}","[1.0, 0.5, 1.0]",4.0
59,"[2, 3, 5]","[3, 1, 3]","[0.75, 0.46, 0.88]","[['D', 'C', 'A', 'B'], ['C', 'D', 'A', 'B'], ['C', 'B', 'D', 'A']]","{'C': 4, 'D': 3, 'A': 2, 'B': 1}","[1.0, 0.5, 1.0]",4.0
59,"[2, 3, 5]","[3, 1, 3]","[0.75, 0.46, 0.88]","[['D', 'C', 'A', 'B'], ['C', 'D', 'A', 'B'], ['C', 'D', 'A', 'B']]","{'C': 4, 'D': 4, 'A': 2, 'B': 0}","[1.0, 0.5, 1.0]",4.0
59,"[2, 3, 5]","[3, 1, 3]","[0.75, 0.46, 0.88]","[['D', 'C', 'A', 'B'], ['C', 'D', 'A', 'B'], ['C', 'D', 'B', 'A']]","{'C': 4, 'D': 4, 'A': 2, 'B': 0}","[1.0, 0.5, 1.0]",4.0
59,"[2, 3, 5]","[3, 1, 3]","[0.75, 0.46, 0.88]","[['D', 'C', 'A', 'B'], ['C', 'D', 'A', 'B'], ['D', 'C', 'A', 'B']]","{'C': 4, 'D': 4, 'A': 2, 'B': 0}","[1.0, 0.5, 1.0]",4.0
59,"[2, 3, 5]","[3, 1, 3]","[0.75, 0.46, 0.88]","[['D', 'C', 'A', 'B'], ['C', 'D', 'A', 'B'], ['D', 'C', 'B', 'A']]","{'C': 4, 'D': 4, 'A': 2, 'B': 0}","[1.0, 0.5, 1.0]",4.0
59,"[2, 3, 5]","[3, 1, 3]","[0.75, 0.46, 0.88]","[['D', 'C', 'A', 'B'], ['C', 'D', 'B', 'A'], ['B', 'C', 'A', 'D']]","{'C': 4, 'D': 3, 'A': 2, 'B': 1}","[1.0, 0.5, 1.0]",4.0
59,"[2, 3, 5]","[3, 1, 3]","[0.75, 0.46, 0.88]","[['D', 'C', 'A', 'B'], ['C', 'D', 'B', 'A'], ['B', 'C', 'D', 'A']]","{'C': 4, 'D': 3, 'A': 2, 'B': 1}","[1.0, 0.5, 1.0]",4.0
59,"[2, 3, 5]","[3, 1, 3]","[0.75, 0.46, 0.88]","[['D', 'C', 'A', 'B'], ['C', 'D', 'B', 'A'], ['C', 'B', 'A', 'D']]","{'C': 4, 'D': 3, 'A': 2, 'B': 1}","[1.0, 0.5, 1.0]",4.0
59,"[2, 3, 5]","[3, 1, 3]","[0.75, 0.46, 0.88]","[['D', 'C', 'A', 'B'], ['C', 'D', 'B', 'A'], ['C', 'B', 'D', 'A']]","{'C': 4, 'D': 3, 'A': 2, 'B': 1}","[1.0, 0.5, 1.0]",4.0
59,"[2, 3, 5]","[3, 1, 3]","[0.75, 0.46, 0.88]","[['D', 'C', 'A', 'B'], ['C', 'D', 'B', 'A'], ['C', 'D', 'A', 'B']]","{'C': 4, 'D': 4, 'A': 2, 'B': 0}","[1.0, 0.5, 1.0]",4.0
59,"[2, 3, 5]","[3, 1, 3]","[0.75, 0.46, 0.88]","[['D', 'C', 'A', 'B'], ['C', 'D', 'B', 'A'], ['C', 'D', 'B', 'A']]","{'C': 4, 'D': 4, 'A': 2, 'B': 0}","[1.0, 0.5, 1.0]",4.0
59,"[2, 3, 5]","[3, 1, 3]","[0.75, 0.46, 0.88]","[['D', 'C', 'A', 'B'], ['C', 'D', 'B', 'A'], ['D', 'C', 'A', 'B']]","{'C': 4, 'D': 4, 'A': 2, 'B': 0}","[1.0, 0.5, 1.0]",4.0
59,"[2, 3, 5]","[3, 1, 3]","[0.75, 0.46, 0.88]","[['D', 'C', 'A', 'B'], ['C', 'D', 'B', 'A'], ['D', 'C', 'B', 'A']]","{'C': 4, 'D': 4, 'A': 2, 'B': 0}","[1.0, 0.5, 1.0]",4.0
59,"[2, 3, 5]","[3, 1, 3]","[0.75, 0.46, 0.88]","[['D', 'C', 'A', 'B'], ['D', 'B', 'A', 'C'], ['B', 'C', 'A', 'D']]","{'C': 3, 'D': 3, 'A': 2, 'B': 2}","[1.0, 0.5, 1.0]",4.0
59,"[2, 3, 5]","[3, 1, 3]","[0.75, 0.46, 0.88]","[['D', 'C', 'A', 'B'], ['D', 'B', 'A', 'C'], ['B', 'C', 'D', 'A']]","{'C': 3, 'D': 3, 'A': 2, 'B': 2}","[1.0, 0.5, 1.0]",4.0
59,"[2, 3, 5]","[3, 1, 3]","[0.75, 0.46, 0.88]","[['D', 'C', 'A', 'B'], ['D', 'B', 'A', 'C'], ['C', 'B', 'A', 'D']]","{'C': 3, 'D': 3, 'A': 2, 'B': 2}","[1.0, 0.5, 1.0]",4.0
59,"[2, 3, 5]","[3, 1, 3]","[0.75, 0.46, 0.88]","[['D', 'C', 'A', 'B'], ['D', 'B', 'A', 'C'], ['C', 'B', 'D', 'A']]","{'C': 3, 'D': 3, 'A': 2, 'B': 2}","[1.0, 0.5, 1.0]",4.0
59,"[2, 3, 5]","[3, 1, 3]","[0.75, 0.46, 0.88]","[['D', 'C', 'A', 'B'], ['D', 'B', 'C', 'A'], ['B', 'C', 'A', 'D']]","{'C': 3, 'D': 3, 'A': 2, 'B': 2}","[1.0, 0.5, 1.0]",4.0
59,"[2, 3, 5]","[3, 1, 3]","[0.75, 0.46, 0.88]","[['D', 'C', 'A', 'B'], ['D', 'B', 'C', 'A'], ['B', 'C', 'D', 'A']]","{'C': 3, 'D': 3, 'A': 2, 'B': 2}","[1.0, 0.5, 1.0]",4.0
59,"[2, 3, 5]","[3, 1, 3]","[0.75, 0.46, 0.88]","[['D', 'C', 'A', 'B'], ['D', 'B', 'C', 'A'], ['C', 'B', 'A', 'D']]","{'C': 3, 'D': 3, 'A': 2, 'B': 2}","[1.0, 0.5, 1.0]",4.0
59,"[2, 3, 5]","[3, 1, 3]","[0.75, 0.46, 0.88]","[['D', 'C', 'A', 'B'], ['D', 'B', 'C', 'A'], ['C', 'B', 'D', 'A']]","{'C': 3, 'D': 3, 'A': 2, 'B': 2}","[1.0, 0.5, 1.0]",4.0
59,"[2, 3, 5]","[3, 1, 3]","[0.75, 0.46, 0.88]","[['D', 'C', 'A', 'B'], ['D', 'C', 'A', 'B'], ['B', 'C', 'A', 'D']]","{'C': 4, 'D': 3, 'A': 2, 'B': 1}","[1.0, 0.5, 1.0]",4.0
59,"[2, 3, 5]","[3, 1, 3]","[0.75, 0.46, 0.88]","[['D', 'C', 'A', 'B'], ['D', 'C', 'A', 'B'], ['B', 'C', 'D', 'A']]","{'C': 4, 'D': 3, 'A': 2, 'B': 1}","[1.0, 0.5, 1.0]",4.0
59,"[2, 3, 5]","[3, 1, 3]","[0.75, 0.46, 0.88]","[['D', 'C', 'A', 'B'], ['D', 'C', 'A', 'B'], ['C', 'B', 'A', 'D']]","{'C': 4, 'D': 3, 'A': 2, 'B': 1}","[1.0, 0.5, 1.0]",4.0
59,"[2, 3, 5]","[3, 1, 3]","[0.75, 0.46, 0.88]","[['D', 'C', 'A', 'B'], ['D', 'C', 'A', 'B'], ['C', 'B', 'D', 'A']]","{'C': 4, 'D': 3, 'A': 2, 'B': 1}","[1.0, 0.5, 1.0]",4.0
59,"[2, 3, 5]","[3, 1, 3]","[0.75, 0.46, 0.88]","[['D', 'C', 'A', 'B'], ['D', 'C', 'A', 'B'], ['C', 'D', 'A', 'B']]","{'C': 4, 'D': 4, 'A': 2, 'B': 0}","[1.0, 0.5, 1.0]",4.0
59,"[2, 3, 5]","[3, 1, 3]","[0.75, 0.46, 0.88]","[['D', 'C', 'A', 'B'], ['D', 'C', 'A', 'B'], ['C', 'D', 'B', 'A']]","{'C': 4, 'D': 4, 'A': 2, 'B': 0}","[1.0, 0.5, 1.0]",4.0
59,"[2, 3, 5]","[3, 1, 3]","[0.75, 0.46, 0.88]","[['D', 'C', 'A', 'B'], ['D', 'C', 'A', 'B'], ['D', 'C', 'A', 'B']]","{'C': 4, 'D': 4, 'A': 2, 'B': 0}","[1.0, 0.5, 1.0]",4.0
59,"[2, 3, 5]","[3, 1, 3]","[0.75, 0.46, 0.88]","[['D', 'C', 'A', 'B'], ['D', 'C', 'A', 'B'], ['D', 'C', 'B', 'A']]","{'C': 4, 'D': 4, 'A': 2, 'B': 0}","[1.0, 0.5, 1.0]",4.0
59,"[2, 3, 5]","[3, 1, 3]","[0.75, 0.46, 0.88]","[['D', 'C', 'A', 'B'], ['D', 'C', 'B', 'A'], ['B', 'C', 'A', 'D']]","{'C': 4, 'D': 3, 'A': 2, 'B': 1}","[1.0, 0.5, 1.0]",4.0
59,"[2, 3, 5]","[3, 1, 3]","[0.75, 0.46, 0.88]","[['D', 'C', 'A', 'B'], ['D', 'C', 'B', 'A'], ['B', 'C', 'D', 'A']]","{'C': 4, 'D': 3, 'A': 2, 'B': 1}","[1.0, 0.5, 1.0]",4.0
59,"[2, 3, 5]","[3, 1, 3]","[0.75, 0.46, 0.88]","[['D', 'C', 'A', 'B'], ['D', 'C', 'B', 'A'], ['C', 'B', 'A', 'D']]","{'C': 4, 'D': 3, 'A': 2, 'B': 1}","[1.0, 0.5, 1.0]",4.0
59,"[2, 3, 5]","[3, 1, 3]","[0.75, 0.46, 0.88]","[['D', 'C', 'A', 'B'], ['D', 'C', 'B', 'A'], ['C', 'B', 'D', 'A']]","{'C': 4, 'D': 3, 'A': 2, 'B': 1}","[1.0, 0.5, 1.0]",4.0
59,"[2, 3, 5]","[3, 1, 3]","[0.75, 0.46, 0.88]","[['D', 'C', 'A', 'B'], ['D', 'C', 'B', 'A'], ['C', 'D', 'A', 'B']]","{'C': 4, 'D': 4, 'A': 2, 'B': 0}","[1.0, 0.5, 1.0]",4.0
59,"[2, 3, 5]","[3, 1, 3]","[0.75, 0.46, 0.88]","[['D', 'C', 'A', 'B'], ['D', 'C', 'B', 'A'], ['C', 'D', 'B', 'A']]","{'C': 4, 'D': 4, 'A': 2, 'B': 0}","[1.0, 0.5, 1.0]",4.0
59,"[2, 3, 5]","[3, 1, 3]","[0.75, 0.46, 0.88]","[['D', 'C', 'A', 'B'], ['D', 'C', 'B', 'A'], ['D', 'C', 'A', 'B']]","{'C': 4, 'D': 4, 'A': 2, 'B': 0}","[1.0, 0.5, 1.0]",4.0
59,"[2, 3, 5]","[3, 1, 3]","[0.75, 0.46, 0.88]","[['D', 'C', 'A', 'B'], ['D', 'C', 'B', 'A'], ['D', 'C', 'B', 'A']]","{'C': 4, 'D': 4, 'A': 2, 'B': 0}","[1.0, 0.5, 1.0]",4.0
59,"[2, 3, 5]","[3, 1, 3]","[0.75, 0.46, 0.88]","[['D', 'C', 'B', 'A'], ['B', 'C', 'A', 'D'], ['B', 'D', 'A', 'C']]","{'C': 3, 'D': 3, 'A': 2, 'B': 2}","[1.0, 0.5, 1.0]",4.0
59,"[2, 3, 5]","[3, 1, 3]","[0.75, 0.46, 0.88]","[['D', 'C', 'B', 'A'], ['B', 'C', 'A', 'D'], ['B', 'D', 'C', 'A']]","{'C': 3, 'D': 3, 'A': 2, 'B': 2}","[1.0, 0.5, 1.0]",4.0
59,"[2, 3, 5]","[3, 1, 3]","[0.75, 0.46, 0.88]","[['D', 'C', 'B', 'A'], ['B', 'C', 'A', 'D'], ['C', 'D', 'A', 'B']]","{'C': 4, 'D': 3, 'A': 2, 'B': 1}","[1.0, 0.5, 1.0]",4.0
59,"[2, 3, 5]","[3, 1, 3]","[0.75, 0.46, 0.88]","[['D', 'C', 'B', 'A'], ['B', 'C', 'A', 'D'], ['C', 'D', 'B', 'A']]","{'C': 4, 'D': 3, 'A': 2, 'B': 1}","[1.0, 0.5, 1.0]",4.0
59,"[2, 3, 5]","[3, 1, 3]","[0.75, 0.46, 0.88]","[['D', 'C', 'B', 'A'], ['B', 'C', 'A', 'D'], ['D', 'B', 'A', 'C']]","{'C': 3, 'D': 3, 'A': 2, 'B': 2}","[1.0, 0.5, 1.0]",4.0
59,"[2, 3, 5]","[3, 1, 3]","[0.75, 0.46, 0.88]","[['D', 'C', 'B', 'A'], ['B', 'C', 'A', 'D'], ['D', 'B', 'C', 'A']]","{'C': 3, 'D': 3, 'A': 2, 'B': 2}","[1.0, 0.5, 1.0]",4.0
59,"[2, 3, 5]","[3, 1, 3]","[0.75, 0.46, 0.88]","[['D', 'C', 'B', 'A'], ['B', 'C', 'A', 'D'], ['D', 'C', 'A', 'B']]","{'C': 4, 'D': 3, 'A': 2, 'B': 1}","[1.0, 0.5, 1.0]",4.0
59,"[2, 3, 5]","[3, 1, 3]","[0.75, 0.46, 0.88]","[['D', 'C', 'B', 'A'], ['B', 'C', 'A', 'D'], ['D', 'C', 'B', 'A']]","{'C': 4, 'D': 3, 'A': 2, 'B': 1}","[1.0, 0.5, 1.0]",4.0
59,"[2, 3, 5]","[3, 1, 3]","[0.75, 0.46, 0.88]","[['D', 'C', 'B', 'A'], ['B', 'C', 'D', 'A'], ['B', 'D', 'A', 'C']]","{'C': 3, 'D': 3, 'A': 2, 'B': 2}","[1.0, 0.5, 1.0]",4.0
59,"[2, 3, 5]","[3, 1, 3]","[0.75, 0.46, 0.88]","[['D', 'C', 'B', 'A'], ['B', 'C', 'D', 'A'], ['B', 'D', 'C', 'A']]","{'C': 3, 'D': 3, 'A': 2, 'B': 2}","[1.0, 0.5, 1.0]",4.0
59,"[2, 3, 5]","[3, 1, 3]","[0.75, 0.46, 0.88]","[['D', 'C', 'B', 'A'], ['B', 'C', 'D', 'A'], ['C', 'D', 'A', 'B']]","{'C': 4, 'D': 3, 'A': 2, 'B': 1}","[1.0, 0.5, 1.0]",4.0
59,"[2, 3, 5]","[3, 1, 3]","[0.75, 0.46, 0.88]","[['D', 'C', 'B', 'A'], ['B', 'C', 'D', 'A'], ['C', 'D', 'B', 'A']]","{'C': 4, 'D': 3, 'A': 2, 'B': 1}","[1.0, 0.5, 1.0]",4.0
59,"[2, 3, 5]","[3, 1, 3]","[0.75, 0.46, 0.88]","[['D', 'C', 'B', 'A'], ['B', 'C', 'D', 'A'], ['D', 'B', 'A', 'C']]","{'C': 3, 'D': 3, 'A': 2, 'B': 2}","[1.0, 0.5, 1.0]",4.0
59,"[2, 3, 5]","[3, 1, 3]","[0.75, 0.46, 0.88]","[['D', 'C', 'B', 'A'], ['B', 'C', 'D', 'A'], ['D', 'B', 'C', 'A']]","{'C': 3, 'D': 3, 'A': 2, 'B': 2}","[1.0, 0.5, 1.0]",4.0
59,"[2, 3, 5]","[3, 1, 3]","[0.75, 0.46, 0.88]","[['D', 'C', 'B', 'A'], ['B', 'C', 'D', 'A'], ['D', 'C', 'A', 'B']]","{'C': 4, 'D': 3, 'A': 2, 'B': 1}","[1.0, 0.5, 1.0]",4.0
59,"[2, 3, 5]","[3, 1, 3]","[0.75, 0.46, 0.88]","[['D', 'C', 'B', 'A'], ['B', 'C', 'D', 'A'], ['D', 'C', 'B', 'A']]","{'C': 4, 'D': 3, 'A': 2, 'B': 1}","[1.0, 0.5, 1.0]",4.0
59,"[2, 3, 5]","[3, 1, 3]","[0.75, 0.46, 0.88]","[['D', 'C', 'B', 'A'], ['B', 'D', 'A', 'C'], ['B', 'C', 'A', 'D']]","{'C': 3, 'D': 3, 'A': 2, 'B': 2}","[1.0, 0.5, 1.0]",4.0
59,"[2, 3, 5]","[3, 1, 3]","[0.75, 0.46, 0.88]","[['D', 'C', 'B', 'A'], ['B', 'D', 'A', 'C'], ['B', 'C', 'D', 'A']]","{'C': 3, 'D': 3, 'A': 2, 'B': 2}","[1.0, 0.5, 1.0]",4.0
59,"[2, 3, 5]","[3, 1, 3]","[0.75, 0.46, 0.88]","[['D', 'C', 'B', 'A'], ['B', 'D', 'A', 'C'], ['C', 'B', 'A', 'D']]","{'C': 3, 'D': 3, 'A': 2, 'B': 2}","[1.0, 0.5, 1.0]",4.0
59,"[2, 3, 5]","[3, 1, 3]","[0.75, 0.46, 0.88]","[['D', 'C', 'B', 'A'], ['B', 'D', 'A', 'C'], ['C', 'B', 'D', 'A']]","{'C': 3, 'D': 3, 'A': 2, 'B': 2}","[1.0, 0.5, 1.0]",4.0
59,"[2, 3, 5]","[3, 1, 3]","[0.75, 0.46, 0.88]","[['D', 'C', 'B', 'A'], ['B', 'D', 'C', 'A'], ['B', 'C', 'A', 'D']]","{'C': 3, 'D': 3, 'A': 2, 'B': 2}","[1.0, 0.5, 1.0]",4.0
59,"[2, 3, 5]","[3, 1, 3]","[0.75, 0.46, 0.88]","[['D', 'C', 'B', 'A'], ['B', 'D', 'C', 'A'], ['B', 'C', 'D', 'A']]","{'C': 3, 'D': 3, 'A': 2, 'B': 2}","[1.0, 0.5, 1.0]",4.0
59,"[2, 3, 5]","[3, 1, 3]","[0.75, 0.46, 0.88]","[['D', 'C', 'B', 'A'], ['B', 'D', 'C', 'A'], ['C', 'B', 'A', 'D']]","{'C': 3, 'D': 3, 'A': 2, 'B': 2}","[1.0, 0.5, 1.0]",4.0
59,"[2, 3, 5]","[3, 1, 3]","[0.75, 0.46, 0.88]","[['D', 'C', 'B', 'A'], ['B', 'D', 'C', 'A'], ['C', 'B', 'D', 'A']]","{'C': 3, 'D': 3, 'A': 2, 'B': 2}","[1.0, 0.5, 1.0]",4.0
59,"[2, 3, 5]","[3, 1, 3]","[0.75, 0.46, 0.88]","[['D', 'C', 'B', 'A'], ['C', 'B', 'A', 'D'], ['B', 'D', 'A', 'C']]","{'C': 3, 'D': 3, 'A': 2, 'B': 2}","[1.0, 0.5, 1.0]",4.0
59,"[2, 3, 5]","[3, 1, 3]","[0.75, 0.46, 0.88]","[['D', 'C', 'B', 'A'], ['C', 'B', 'A', 'D'], ['B', 'D', 'C', 'A']]","{'C': 3, 'D': 3, 'A': 2, 'B': 2}","[1.0, 0.5, 1.0]",4.0
59,"[2, 3, 5]","[3, 1, 3]","[0.75, 0.46, 0.88]","[['D', 'C', 'B', 'A'], ['C', 'B', 'A', 'D'], ['C', 'D', 'A', 'B']]","{'C': 4, 'D': 3, 'A': 2, 'B': 1}","[1.0, 0.5, 1.0]",4.0
59,"[2, 3, 5]","[3, 1, 3]","[0.75, 0.46, 0.88]","[['D', 'C', 'B', 'A'], ['C', 'B', 'A', 'D'], ['C', 'D', 'B', 'A']]","{'C': 4, 'D': 3, 'A': 2, 'B': 1}","[1.0, 0.5, 1.0]",4.0
59,"[2, 3, 5]","[3, 1, 3]","[0.75, 0.46, 0.88]","[['D', 'C', 'B', 'A'], ['C', 'B', 'A', 'D'], ['D', 'B', 'A', 'C']]","{'C': 3, 'D': 3, 'A': 2, 'B': 2}","[1.0, 0.5, 1.0]",4.0
59,"[2, 3, 5]","[3, 1, 3]","[0.75, 0.46, 0.88]","[['D', 'C', 'B', 'A'], ['C', 'B', 'A', 'D'], ['D', 'B', 'C', 'A']]","{'C': 3, 'D': 3, 'A': 2, 'B': 2}","[1.0, 0.5, 1.0]",4.0
59,"[2, 3, 5]","[3, 1, 3]","[0.75, 0.46, 0.88]","[['D', 'C', 'B', 'A'], ['C', 'B', 'A', 'D'], ['D', 'C', 'A', 'B']]","{'C': 4, 'D': 3, 'A': 2, 'B': 1}","[1.0, 0.5, 1.0]",4.0
59,"[2, 3, 5]","[3, 1, 3]","[0.75, 0.46, 0.88]","[['D', 'C', 'B', 'A'], ['C', 'B', 'A', 'D'], ['D', 'C', 'B', 'A']]","{'C': 4, 'D': 3, 'A': 2, 'B': 1}","[1.0, 0.5, 1.0]",4.0
59,"[2, 3, 5]","[3, 1, 3]","[0.75, 0.46, 0.88]","[['D', 'C', 'B', 'A'], ['C', 'B', 'D', 'A'], ['B', 'D', 'A', 'C']]","{'C': 3, 'D': 3, 'A': 2, 'B': 2}","[1.0, 0.5, 1.0]",4.0
59,"[2, 3, 5]","[3, 1, 3]","[0.75, 0.46, 0.88]","[['D', 'C', 'B', 'A'], ['C', 'B', 'D', 'A'], ['B', 'D', 'C', 'A']]","{'C': 3, 'D': 3, 'A': 2, 'B': 2}","[1.0, 0.5, 1.0]",4.0
59,"[2, 3, 5]","[3, 1, 3]","[0.75, 0.46, 0.88]","[['D', 'C', 'B', 'A'], ['C', 'B', 'D', 'A'], ['C', 'D', 'A', 'B']]","{'C': 4, 'D': 3, 'A': 2, 'B': 1}","[1.0, 0.5, 1.0]",4.0
59,"[2, 3, 5]","[3, 1, 3]","[0.75, 0.46, 0.88]","[['D', 'C', 'B', 'A'], ['C', 'B', 'D', 'A'], ['C', 'D', 'B', 'A']]","{'C': 4, 'D': 3, 'A': 2, 'B': 1}","[1.0, 0.5, 1.0]",4.0
59,"[2, 3, 5]","[3, 1, 3]","[0.75, 0.46, 0.88]","[['D', 'C', 'B', 'A'], ['C', 'B', 'D', 'A'], ['D', 'B', 'A', 'C']]","{'C': 3, 'D': 3, 'A': 2, 'B': 2}","[1.0, 0.5, 1.0]",4.0
59,"[2, 3, 5]","[3, 1, 3]","[0.75, 0.46, 0.88]","[['D', 'C', 'B', 'A'], ['C', 'B', 'D', 'A'], ['D', 'B', 'C', 'A']]","{'C': 3, 'D': 3, 'A': 2, 'B': 2}","[1.0, 0.5, 1.0]",4.0
59,"[2, 3, 5]","[3, 1, 3]","[0.75, 0.46, 0.88]","[['D', 'C', 'B', 'A'], ['C', 'B', 'D', 'A'], ['D', 'C', 'A', 'B']]","{'C': 4, 'D': 3, 'A': 2, 'B': 1}","[1.0, 0.5, 1.0]",4.0
59,"[2, 3, 5]","[3, 1, 3]","[0.75, 0.46, 0.88]","[['D', 'C', 'B', 'A'], ['C', 'B', 'D', 'A'], ['D', 'C', 'B', 'A']]","{'C': 4, 'D': 3, 'A': 2, 'B': 1}","[1.0, 0.5, 1.0]",4.0
59,"[2, 3, 5]","[3, 1, 3]","[0.75, 0.46, 0.88]","[['D', 'C', 'B', 'A'], ['C', 'D', 'A', 'B'], ['B', 'C', 'A', 'D']]","{'C': 4, 'D': 3, 'A': 2, 'B': 1}","[1.0, 0.5, 1.0]",4.0
59,"[2, 3, 5]","[3, 1, 3]","[0.75, 0.46, 0.88]","[['D', 'C', 'B', 'A'], ['C', 'D', 'A', 'B'], ['B', 'C', 'D', 'A']]","{'C': 4, 'D': 3, 'A': 2, 'B': 1}","[1.0, 0.5, 1.0]",4.0
59,"[2, 3, 5]","[3, 1, 3]","[0.75, 0.46, 0.88]","[['D', 'C', 'B', 'A'], ['C', 'D', 'A', 'B'], ['C', 'B', 'A', 'D']]","{'C': 4, 'D': 3, 'A': 2, 'B': 1}","[1.0, 0.5, 1.0]",4.0
59,"[2, 3, 5]","[3, 1, 3]","[0.75, 0.46, 0.88]","[['D', 'C', 'B', 'A'], ['C', 'D', 'A', 'B'], ['C', 'B', 'D', 'A']]","{'C': 4, 'D': 3, 'A': 2, 'B': 1}","[1.0, 0.5, 1.0]",4.0
59,"[2, 3, 5]","[3, 1, 3]","[0.75, 0.46, 0.88]","[['D', 'C', 'B', 'A'], ['C', 'D', 'A', 'B'], ['C', 'D', 'A', 'B']]","{'C': 4, 'D': 4, 'A': 2, 'B': 0}","[1.0, 0.5, 1.0]",4.0
59,"[2, 3, 5]","[3, 1, 3]","[0.75, 0.46, 0.88]","[['D', 'C', 'B', 'A'], ['C', 'D', 'A', 'B'], ['C', 'D', 'B', 'A']]","{'C': 4, 'D': 4, 'A': 2, 'B': 0}","[1.0, 0.5, 1.0]",4.0
59,"[2, 3, 5]","[3, 1, 3]","[0.75, 0.46, 0.88]","[['D', 'C', 'B', 'A'], ['C', 'D', 'A', 'B'], ['D', 'C', 'A', 'B']]","{'C': 4, 'D': 4, 'A': 2, 'B': 0}","[1.0, 0.5, 1.0]",4.0
59,"[2, 3, 5]","[3, 1, 3]","[0.75, 0.46, 0.88]","[['D', 'C', 'B', 'A'], ['C', 'D', 'A', 'B'], ['D', 'C', 'B', 'A']]","{'C': 4, 'D': 4, 'A': 2, 'B': 0}","[1.0, 0.5, 1.0]",4.0
59,"[2, 3, 5]","[3, 1, 3]","[0.75, 0.46, 0.88]","[['D', 'C', 'B', 'A'], ['C', 'D', 'B', 'A'], ['B', 'C', 'A', 'D']]","{'C': 4, 'D': 3, 'A': 2, 'B': 1}","[1.0, 0.5, 1.0]",4.0
59,"[2, 3, 5]","[3, 1, 3]","[0.75, 0.46, 0.88]","[['D', 'C', 'B', 'A'], ['C', 'D', 'B', 'A'], ['B', 'C', 'D', 'A']]","{'C': 4, 'D': 3, 'A': 2, 'B': 1}","[1.0, 0.5, 1.0]",4.0
59,"[2, 3, 5]","[3, 1, 3]","[0.75, 0.46, 0.88]","[['D', 'C', 'B', 'A'], ['C', 'D', 'B', 'A'], ['C', 'B', 'A', 'D']]","{'C': 4, 'D': 3, 'A': 2, 'B': 1}","[1.0, 0.5, 1.0]",4.0
59,"[2, 3, 5]","[3, 1, 3]","[0.75, 0.46, 0.88]","[['D', 'C', 'B', 'A'], ['C', 'D', 'B', 'A'], ['C', 'B', 'D', 'A']]","{'C': 4, 'D': 3, 'A': 2, 'B': 1}","[1.0, 0.5, 1.0]",4.0
59,"[2, 3, 5]","[3, 1, 3]","[0.75, 0.46, 0.88]","[['D', 'C', 'B', 'A'], ['C', 'D', 'B', 'A'], ['C', 'D', 'A', 'B']]","{'C': 4, 'D': 4, 'A': 2, 'B': 0}","[1.0, 0.5, 1.0]",4.0
59,"[2, 3, 5]","[3, 1, 3]","[0.75, 0.46, 0.88]","[['D', 'C', 'B', 'A'], ['C', 'D', 'B', 'A'], ['C', 'D', 'B', 'A']]","{'C': 4, 'D': 4, 'A': 2, 'B': 0}","[1.0, 0.5, 1.0]",4.0
59,"[2, 3, 5]","[3, 1, 3]","[0.75, 0.46, 0.88]","[['D', 'C', 'B', 'A'], ['C', 'D', 'B', 'A'], ['D', 'C', 'A', 'B']]","{'C': 4, 'D': 4, 'A': 2, 'B': 0}","[1.0, 0.5, 1.0]",4.0
59,"[2, 3, 5]","[3, 1, 3]","[0.75, 0.46, 0.88]","[['D', 'C', 'B', 'A'], ['C', 'D', 'B', 'A'], ['D', 'C', 'B', 'A']]","{'C': 4, 'D': 4, 'A': 2, 'B': 0}","[1.0, 0.5, 1.0]",4.0
59,"[2, 3, 5]","[3, 1, 3]","[0.75, 0.46, 0.88]","[['D', 'C', 'B', 'A'], ['D', 'B', 'A', 'C'], ['B', 'C', 'A', 'D']]","{'C': 3, 'D': 3, 'A': 2, 'B': 2}","[1.0, 0.5, 1.0]",4.0
59,"[2, 3, 5]","[3, 1, 3]","[0.75, 0.46, 0.88]","[['D', 'C', 'B', 'A'], ['D', 'B', 'A', 'C'], ['B', 'C', 'D', 'A']]","{'C': 3, 'D': 3, 'A': 2, 'B': 2}","[1.0, 0.5, 1.0]",4.0
59,"[2, 3, 5]","[3, 1, 3]","[0.75, 0.46, 0.88]","[['D', 'C', 'B', 'A'], ['D', 'B', 'A', 'C'], ['C', 'B', 'A', 'D']]","{'C': 3, 'D': 3, 'A': 2, 'B': 2}","[1.0, 0.5, 1.0]",4.0
59,"[2, 3, 5]","[3, 1, 3]","[0.75, 0.46, 0.88]","[['D', 'C', 'B', 'A'], ['D', 'B', 'A', 'C'], ['C', 'B', 'D', 'A']]","{'C': 3, 'D': 3, 'A': 2, 'B': 2}","[1.0, 0.5, 1.0]",4.0
59,"[2, 3, 5]","[3, 1, 3]","[0.75, 0.46, 0.88]","[['D', 'C', 'B', 'A'], ['D', 'B', 'C', 'A'], ['B', 'C', 'A', 'D']]","{'C': 3, 'D': 3, 'A': 2, 'B': 2}","[1.0, 0.5, 1.0]",4.0
59,"[2, 3, 5]","[3, 1, 3]","[0.75, 0.46, 0.88]","[['D', 'C', 'B', 'A'], ['D', 'B', 'C', 'A'], ['B', 'C', 'D', 'A']]","{'C': 3, 'D': 3, 'A': 2, 'B': 2}","[1.0, 0.5, 1.0]",4.0
59,"[2, 3, 5]","[3, 1, 3]","[0.75, 0.46, 0.88]","[['D', 'C', 'B', 'A'], ['D', 'B', 'C', 'A'], ['C', 'B', 'A', 'D']]","{'C': 3, 'D': 3, 'A': 2, 'B': 2}","[1.0, 0.5, 1.0]",4.0
59,"[2, 3, 5]","[3, 1, 3]","[0.75, 0.46, 0.88]","[['D', 'C', 'B', 'A'], ['D', 'B', 'C', 'A'], ['C', 'B', 'D', 'A']]","{'C': 3, 'D': 3, 'A': 2, 'B': 2}","[1.0, 0.5, 1.0]",4.0
59,"[2, 3, 5]","[3, 1, 3]","[0.75, 0.46, 0.88]","[['D', 'C', 'B', 'A'], ['D', 'C', 'A', 'B'], ['B', 'C', 'A', 'D']]","{'C': 4, 'D': 3, 'A': 2, 'B': 1}","[1.0, 0.5, 1.0]",4.0
59,"[2, 3, 5]","[3, 1, 3]","[0.75, 0.46, 0.88]","[['D', 'C', 'B', 'A'], ['D', 'C', 'A', 'B'], ['B', 'C', 'D', 'A']]","{'C': 4, 'D': 3, 'A': 2, 'B': 1}","[1.0, 0.5, 1.0]",4.0
59,"[2, 3, 5]","[3, 1, 3]","[0.75, 0.46, 0.88]","[['D', 'C', 'B', 'A'], ['D', 'C', 'A', 'B'], ['C', 'B', 'A', 'D']]","{'C': 4, 'D': 3, 'A': 2, 'B': 1}","[1.0, 0.5, 1.0]",4.0
59,"[2, 3, 5]","[3, 1, 3]","[0.75, 0.46, 0.88]","[['D', 'C', 'B', 'A'], ['D', 'C', 'A', 'B'], ['C', 'B', 'D', 'A']]","{'C': 4, 'D': 3, 'A': 2, 'B': 1}","[1.0, 0.5, 1.0]",4.0
59,"[2, 3, 5]","[3, 1, 3]","[0.75, 0.46, 0.88]","[['D', 'C', 'B', 'A'], ['D', 'C', 'A', 'B'], ['C', 'D', 'A', 'B']]","{'C': 4, 'D': 4, 'A': 2, 'B': 0}","[1.0, 0.5, 1.0]",4.0
59,"[2, 3, 5]","[3, 1, 3]","[0.75, 0.46, 0.88]","[['D', 'C', 'B', 'A'], ['D', 'C', 'A', 'B'], ['C', 'D', 'B', 'A']]","{'C': 4, 'D': 4, 'A': 2, 'B': 0}","[1.0, 0.5, 1.0]",4.0
59,"[2, 3, 5]","[3, 1, 3]","[0.75, 0.46, 0.88]","[['D', 'C', 'B', 'A'], ['D', 'C', 'A', 'B'], ['D', 'C', 'A', 'B']]","{'C': 4, 'D': 4, 'A': 2, 'B': 0}","[1.0, 0.5, 1.0]",4.0
59,"[2, 3, 5]","[3, 1, 3]","[0.75, 0.46, 0.88]","[['D', 'C', 'B', 'A'], ['D', 'C', 'A', 'B'], ['D', 'C', 'B', 'A']]","{'C': 4, 'D': 4, 'A': 2, 'B': 0}","[1.0, 0.5, 1.0]",4.0
59,"[2, 3, 5]","[3, 1, 3]","[0.75, 0.46, 0.88]","[['D', 'C', 'B', 'A'], ['D', 'C', 'B', 'A'], ['B', 'C', 'A', 'D']]","{'C': 4, 'D': 3, 'A': 2, 'B': 1}","[1.0, 0.5, 1.0]",4.0
59,"[2, 3, 5]","[3, 1, 3]","[0.75, 0.46, 0.88]","[['D', 'C', 'B', 'A'], ['D', 'C', 'B', 'A'], ['B', 'C', 'D', 'A']]","{'C': 4, 'D': 3, 'A': 2, 'B': 1}","[1.0, 0.5, 1.0]",4.0
59,"[2, 3, 5]","[3, 1, 3]","[0.75, 0.46, 0.88]","[['D', 'C', 'B', 'A'], ['D', 'C', 'B', 'A'], ['C', 'B', 'A', 'D']]","{'C': 4, 'D': 3, 'A': 2, 'B': 1}","[1.0, 0.5, 1.0]",4.0
59,"[2, 3, 5]","[3, 1, 3]","[0.75, 0.46, 0.88]","[['D', 'C', 'B', 'A'], ['D', 'C', 'B', 'A'], ['C', 'B', 'D', 'A']]","{'C': 4, 'D': 3, 'A': 2, 'B': 1}","[1.0, 0.5, 1.0]",4.0
59,"[2, 3, 5]","[3, 1, 3]","[0.75, 0.46, 0.88]","[['D', 'C', 'B', 'A'], ['D', 'C', 'B', 'A'], ['C', 'D', 'A', 'B']]","{'C': 4, 'D': 4, 'A': 2, 'B': 0}","[1.0, 0.5, 1.0]",4.0
59,"[2, 3, 5]","[3, 1, 3]","[0.75, 0.46, 0.88]","[['D', 'C', 'B', 'A'], ['D', 'C', 'B', 'A'], ['C', 'D', 'B', 'A']]","{'C': 4, 'D': 4, 'A': 2, 'B': 0}","[1.0, 0.5, 1.0]",4.0
59,"[2, 3, 5]","[3, 1, 3]","[0.75, 0.46, 0.88]","[['D', 'C', 'B', 'A'], ['D', 'C', 'B', 'A'], ['D', 'C', 'A', 'B']]","{'C': 4, 'D': 4, 'A': 2, 'B': 0}","[1.0, 0.5, 1.0]",4.0
59,"[2, 3, 5]","[3, 1, 3]","[0.75, 0.46, 0.88]","[['D', 'C', 'B', 'A'], ['D', 'C', 'B', 'A'], ['D', 'C', 'B', 'A']]","{'C': 4, 'D': 4, 'A': 2, 'B': 0}","[1.0, 0.5, 1.0]",4.0
60,1,"['B', 'D', 'C', 'A']",0.54,"['A', 'B', 'C', 'D']","{'B': 4, 'A': 3, 'D': 2, 'C': 1}",1.0,3.54
60,1,"['B', 'D', 'C', 'A']",0.54,"['A', 'B', 'D', 'C']","{'B': 4, 'A': 3, 'D': 2, 'C': 1}",1.0,3.54
60,1,"['B', 'D', 'C', 'A']",0.54,"['A', 'C', 'B', 'D']","{'A': 3, 'B': 3, 'C': 2, 'D': 2}",0.79,3.37
60,1,"['B', 'D', 'C', 'A']",0.54,"['A', 'C', 'D', 'B']","{'A': 3, 'B': 3, 'C': 2, 'D': 2}",0.79,3.37
60,1,"['B', 'D', 'C', 'A']",0.54,"['A', 'D', 'B', 'C']","{'A': 3, 'B': 3, 'D': 3, 'C': 1}",0.67,3.29
60,1,"['B', 'D', 'C', 'A']",0.54,"['A', 'D', 'C', 'B']","{'A': 3, 'B': 3, 'D': 3, 'C': 1}",0.67,3.29
60,1,"['B', 'D', 'C', 'A']",0.54,"['B', 'A', 'C', 'D']","{'B': 4, 'A': 3, 'D': 2, 'C': 1}",1.0,3.54
60,1,"['B', 'D', 'C', 'A']",0.54,"['B', 'A', 'D', 'C']","{'B': 4, 'A': 3, 'D': 2, 'C': 1}",1.0,3.54
60,1,"['B', 'D', 'C', 'A']",0.54,"['B', 'C', 'A', 'D']","{'B': 4, 'A': 2, 'C': 2, 'D': 2}",1.0,3.37
60,1,"['B', 'D', 'C', 'A']",0.54,"['B', 'C', 'D', 'A']","{'B': 4, 'A': 2, 'C': 2, 'D': 2}",1.0,3.37
60,1,"['B', 'D', 'C', 'A']",0.54,"['B', 'D', 'A', 'C']","{'B': 4, 'D': 3, 'A': 2, 'C': 1}",1.0,3.66
60,1,"['B', 'D', 'C', 'A']",0.54,"['B', 'D', 'C', 'A']","{'B': 4, 'D': 3, 'A': 2, 'C': 1}",1.0,3.66
60,1,"['B', 'D', 'C', 'A']",0.54,"['C', 'A', 'B', 'D']","{'A': 3, 'B': 3, 'C': 2, 'D': 2}",0.79,3.37
60,1,"['B', 'D', 'C', 'A']",0.54,"['C', 'A', 'D', 'B']","{'A': 3, 'B': 3, 'C': 2, 'D': 2}",0.79,3.37
60,1,"['B', 'D', 'C', 'A']",0.54,"['C', 'B', 'A', 'D']","{'B': 4, 'A': 2, 'C': 2, 'D': 2}",1.0,3.37
60,1,"['B', 'D', 'C', 'A']",0.54,"['C', 'B', 'D', 'A']","{'B': 4, 'A': 2, 'C': 2, 'D': 2}",1.0,3.37
60,1,"['B', 'D', 'C', 'A']",0.54,"['C', 'D', 'A', 'B']","{'B': 3, 'D': 3, 'A': 2, 'C': 2}",1.0,3.66
60,1,"['B', 'D', 'C', 'A']",0.54,"['C', 'D', 'B', 'A']","{'B': 3, 'D': 3, 'A': 2, 'C': 2}",1.0,3.66
60,1,"['B', 'D', 'C', 'A']",0.54,"['D', 'A', 'B', 'C']","{'A': 3, 'B': 3, 'D': 3, 'C': 1}",0.67,3.29
60,1,"['B', 'D', 'C', 'A']",0.54,"['D', 'A', 'C', 'B']","{'A': 3, 'B': 3, 'D': 3, 'C': 1}",0.67,3.29
60,1,"['B', 'D', 'C', 'A']",0.54,"['D', 'B', 'A', 'C']","{'B': 4, 'D': 3, 'A': 2, 'C': 1}",1.0,3.66
60,1,"['B', 'D', 'C', 'A']",0.54,"['D', 'B', 'C', 'A']","{'B': 4, 'D': 3, 'A': 2, 'C': 1}",1.0,3.66
60,1,"['B', 'D', 'C', 'A']",0.54,"['D', 'C', 'A', 'B']","{'B': 3, 'D': 3, 'A': 2, 'C': 2}",1.0,3.66
60,1,"['B', 'D', 'C', 'A']",0.54,"['D', 'C', 'B', 'A']","{'B': 3, 'D': 3, 'A': 2, 'C': 2}",1.0,3.66
60,2,"['C', 'A', 'B', 'D']",0.54,"['B', 'C', 'A', 'D']","{'B': 4, 'A': 2, 'C': 2, 'D': 2}",0.58,3.37
60,2,"['C', 'A', 'B', 'D']",0.54,"['B', 'C', 'D', 'A']","{'B': 4, 'A': 2, 'C': 2, 'D': 2}",0.58,3.37
60,2,"['C', 'A', 'B', 'D']",0.54,"['B', 'D', 'A', 'C']","{'B': 4, 'D': 3, 'A': 2, 'C': 1}",0.58,3.66
60,2,"['C', 'A', 'B', 'D']",0.54,"['B', 'D', 'C', 'A']","{'B': 4, 'D': 3, 'A': 2, 'C': 1}",0.58,3.66
60,2,"['C', 'A', 'B', 'D']",0.54,"['C', 'B', 'A', 'D']","{'B': 4, 'A': 2, 'C': 2, 'D': 2}",0.58,3.37
60,2,"['C', 'A', 'B', 'D']",0.54,"['C', 'B', 'D', 'A']","{'B': 4, 'A': 2, 'C': 2, 'D': 2}",0.58,3.37
60,2,"['C', 'A', 'B', 'D']",0.54,"['C', 'D', 'A', 'B']","{'B': 3, 'D': 3, 'A': 2, 'C': 2}",0.58,3.66
60,2,"['C', 'A', 'B', 'D']",0.54,"['C', 'D', 'B', 'A']","{'B': 3, 'D': 3, 'A': 2, 'C': 2}",0.58,3.66
60,2,"['C', 'A', 'B', 'D']",0.54,"['D', 'B', 'A', 'C']","{'B': 4, 'D': 3, 'A': 2, 'C': 1}",0.58,3.66
60,2,"['C', 'A', 'B', 'D']",0.54,"['D', 'B', 'C', 'A']","{'B': 4, 'D': 3, 'A': 2, 'C': 1}",0.58,3.66
60,2,"['C', 'A', 'B', 'D']",0.54,"['D', 'C', 'A', 'B']","{'B': 3, 'D': 3, 'A': 2, 'C': 2}",0.58,3.66
60,2,"['C', 'A', 'B', 'D']",0.54,"['D', 'C', 'B', 'A']","{'B': 3, 'D': 3, 'A': 2, 'C': 2}",0.58,3.66
62,2,"['A', 'C', 'D', 'B']",0.75,"['A', 'B', 'C', 'D']","{'A': 4, 'D': 4, 'B': 2, 'C': 0}",1.0,4.42
62,2,"['A', 'C', 'D', 'B']",0.75,"['A', 'B', 'D', 'C']","{'A': 4, 'D': 4, 'B': 2, 'C': 0}",1.0,4.42
62,2,"['A', 'C', 'D', 'B']",0.75,"['A', 'C', 'B', 'D']","{'A': 4, 'D': 4, 'B': 1, 'C': 1}",1.0,4.42
62,2,"['A', 'C', 'D', 'B']",0.75,"['A', 'C', 'D', 'B']","{'A': 4, 'D': 4, 'B': 1, 'C': 1}",1.0,4.42
62,2,"['A', 'C', 'D', 'B']",0.75,"['B', 'A', 'C', 'D']","{'A': 4, 'D': 4, 'B': 2, 'C': 0}",1.0,4.42
62,2,"['A', 'C', 'D', 'B']",0.75,"['B', 'A', 'D', 'C']","{'A': 4, 'D': 4, 'B': 2, 'C': 0}",1.0,4.42
62,2,"['A', 'C', 'D', 'B']",0.75,"['C', 'A', 'B', 'D']","{'A': 4, 'D': 4, 'B': 1, 'C': 1}",1.0,4.42
62,2,"['A', 'C', 'D', 'B']",0.75,"['C', 'A', 'D', 'B']","{'A': 4, 'D': 4, 'B': 1, 'C': 1}",1.0,4.42
62,4,"['A', 'D', 'C', 'B']",0.75,"['A', 'B', 'C', 'D']","{'A': 4, 'B': 3, 'D': 3, 'C': 0}",1.0,4.08
62,4,"['A', 'D', 'C', 'B']",0.75,"['A', 'B', 'D', 'C']","{'A': 4, 'B': 3, 'D': 3, 'C': 0}",1.0,4.08
62,4,"['A', 'D', 'C', 'B']",0.75,"['A', 'C', 'B', 'D']","{'A': 4, 'D': 3, 'B': 2, 'C': 1}",1.0,4.42
62,4,"['A', 'D', 'C', 'B']",0.75,"['A', 'C', 'D', 'B']","{'A': 4, 'D': 3, 'B': 2, 'C': 1}",1.0,4.42
62,4,"['A', 'D', 'C', 'B']",0.75,"['A', 'D', 'B', 'C']","{'A': 4, 'D': 4, 'B': 2, 'C': 0}",1.0,4.42
62,4,"['A', 'D', 'C', 'B']",0.75,"['A', 'D', 'C', 'B']","{'A': 4, 'D': 4, 'B': 2, 'C': 0}",1.0,4.42
62,4,"['A', 'D', 'C', 'B']",0.75,"['B', 'A', 'C', 'D']","{'A': 4, 'B': 3, 'D': 3, 'C': 0}",1.0,4.08
62,4,"['A', 'D', 'C', 'B']",0.75,"['B', 'A', 'D', 'C']","{'A': 4, 'B': 3, 'D': 3, 'C': 0}",1.0,4.08
62,4,"['A', 'D', 'C', 'B']",0.75,"['B', 'C', 'A', 'D']","{'A': 3, 'B': 3, 'D': 3, 'C': 1}",1.0,4.08
62,4,"['A', 'D', 'C', 'B']",0.75,"['B', 'C', 'D', 'A']","{'A': 3, 'B': 3, 'D': 3, 'C': 1}",1.0,4.08
62,4,"['A', 'D', 'C', 'B']",0.75,"['B', 'D', 'A', 'C']","{'D': 4, 'A': 3, 'B': 3, 'C': 0}",0.88,4.46
62,4,"['A', 'D', 'C', 'B']",0.75,"['B', 'D', 'C', 'A']","{'D': 4, 'A': 3, 'B': 3, 'C': 0}",0.88,4.46
62,4,"['A', 'D', 'C', 'B']",0.75,"['C', 'A', 'B', 'D']","{'A': 4, 'D': 3, 'B': 2, 'C': 1}",1.0,4.42
62,4,"['A', 'D', 'C', 'B']",0.75,"['C', 'A', 'D', 'B']","{'A': 4, 'D': 3, 'B': 2, 'C': 1}",1.0,4.42
62,4,"['A', 'D', 'C', 'B']",0.75,"['C', 'B', 'A', 'D']","{'A': 3, 'B': 3, 'D': 3, 'C': 1}",1.0,4.08
62,4,"['A', 'D', 'C', 'B']",0.75,"['C', 'B', 'D', 'A']","{'A': 3, 'B': 3, 'D': 3, 'C': 1}",1.0,4.08
62,4,"['A', 'D', 'C', 'B']",0.75,"['C', 'D', 'A', 'B']","{'D': 4, 'A': 3, 'B': 2, 'C': 1}",0.88,4.46
62,4,"['A', 'D', 'C', 'B']",0.75,"['C', 'D', 'B', 'A']","{'D': 4, 'A': 3, 'B': 2, 'C': 1}",0.88,4.46
62,4,"['A', 'D', 'C', 'B']",0.75,"['D', 'A', 'B', 'C']","{'A': 4, 'D': 4, 'B': 2, 'C': 0}",1.0,4.42
62,4,"['A', 'D', 'C', 'B']",0.75,"['D', 'A', 'C', 'B']","{'A': 4, 'D': 4, 'B': 2, 'C': 0}",1.0,4.42
62,4,"['A', 'D', 'C', 'B']",0.75,"['D', 'B', 'A', 'C']","{'D': 4, 'A': 3, 'B': 3, 'C': 0}",0.88,4.46
62,4,"['A', 'D', 'C', 'B']",0.75,"['D', 'B', 'C', 'A']","{'D': 4, 'A': 3, 'B': 3, 'C': 0}",0.88,4.46
62,4,"['A', 'D', 'C', 'B']",0.75,"['D', 'C', 'A', 'B']","{'D': 4, 'A': 3, 'B': 2, 'C': 1}",0.88,4.46
62,4,"['A', 'D', 'C', 'B']",0.75,"['D', 'C', 'B', 'A']","{'D': 4, 'A': 3, 'B': 2, 'C': 1}",0.88,4.46
63,4,"['C', 'B', 'D', 'A']",0.54,"['A', 'B', 'C', 'D']","{'A': 5, 'C': 3, 'B': 1, 'D': 1}",0.88,4.76
63,4,"['C', 'B', 'D', 'A']",0.54,"['A', 'B', 'D', 'C']","{'A': 5, 'C': 3, 'B': 1, 'D': 1}",0.88,4.76
63,4,"['C', 'B', 'D', 'A']",0.54,"['A', 'C', 'B', 'D']","{'A': 5, 'C': 4, 'D': 1, 'B': 0}",0.75,4.5
63,4,"['C', 'B', 'D', 'A']",0.54,"['A', 'C', 'D', 'B']","{'A': 5, 'C': 4, 'D': 1, 'B': 0}",0.75,4.5
63,4,"['C', 'B', 'D', 'A']",0.54,"['A', 'D', 'B', 'C']","{'A': 5, 'C': 3, 'D': 2, 'B': 0}",0.75,4.5
63,4,"['C', 'B', 'D', 'A']",0.54,"['A', 'D', 'C', 'B']","{'A': 5, 'C': 3, 'D': 2, 'B': 0}",0.75,4.5
63,4,"['C', 'B', 'D', 'A']",0.54,"['B', 'A', 'C', 'D']","{'A': 5, 'C': 3, 'B': 1, 'D': 1}",0.88,4.76
63,4,"['C', 'B', 'D', 'A']",0.54,"['B', 'A', 'D', 'C']","{'A': 5, 'C': 3, 'B': 1, 'D': 1}",0.88,4.76
63,4,"['C', 'B', 'D', 'A']",0.54,"['B', 'C', 'A', 'D']","{'A': 4, 'C': 4, 'B': 1, 'D': 1}",0.88,4.76
63,4,"['C', 'B', 'D', 'A']",0.54,"['B', 'C', 'D', 'A']","{'A': 4, 'C': 4, 'B': 1, 'D': 1}",0.88,4.76
63,4,"['C', 'B', 'D', 'A']",0.54,"['B', 'D', 'A', 'C']","{'A': 4, 'C': 3, 'D': 2, 'B': 1}",0.75,4.5
63,4,"['C', 'B', 'D', 'A']",0.54,"['B', 'D', 'C', 'A']","{'A': 4, 'C': 3, 'D': 2, 'B': 1}",0.75,4.5
63,4,"['C', 'B', 'D', 'A']",0.54,"['C', 'A', 'B', 'D']","{'A': 5, 'C': 4, 'D': 1, 'B': 0}",0.75,4.5
63,4,"['C', 'B', 'D', 'A']",0.54,"['C', 'A', 'D', 'B']","{'A': 5, 'C': 4, 'D': 1, 'B': 0}",0.75,4.5
63,4,"['C', 'B', 'D', 'A']",0.54,"['C', 'B', 'A', 'D']","{'A': 4, 'C': 4, 'B': 1, 'D': 1}",0.88,4.76
63,4,"['C', 'B', 'D', 'A']",0.54,"['C', 'B', 'D', 'A']","{'A': 4, 'C': 4, 'B': 1, 'D': 1}",0.88,4.76
63,4,"['C', 'B', 'D', 'A']",0.54,"['C', 'D', 'A', 'B']","{'A': 4, 'C': 4, 'D': 2, 'B': 0}",0.75,4.5
63,4,"['C', 'B', 'D', 'A']",0.54,"['C', 'D', 'B', 'A']","{'A': 4, 'C': 4, 'D': 2, 'B': 0}",0.75,4.5
63,4,"['C', 'B', 'D', 'A']",0.54,"['D', 'A', 'B', 'C']","{'A': 5, 'C': 3, 'D': 2, 'B': 0}",0.75,4.5
63,4,"['C', 'B', 'D', 'A']",0.54,"['D', 'A', 'C', 'B']","{'A': 5, 'C': 3, 'D': 2, 'B': 0}",0.75,4.5
63,4,"['C', 'B', 'D', 'A']",0.54,"['D', 'B', 'A', 'C']","{'A': 4, 'C': 3, 'D': 2, 'B': 1}",0.75,4.5
63,4,"['C', 'B', 'D', 'A']",0.54,"['D', 'B', 'C', 'A']","{'A': 4, 'C': 3, 'D': 2, 'B': 1}",0.75,4.5
63,4,"['C', 'B', 'D', 'A']",0.54,"['D', 'C', 'A', 'B']","{'A': 4, 'C': 4, 'D': 2, 'B': 0}",0.75,4.5
63,4,"['C', 'B', 'D', 'A']",0.54,"['D', 'C', 'B', 'A']","{'A': 4, 'C': 4, 'D': 2, 'B': 0}",0.75,4.5
63,5,"['C', 'D', 'A', 'B']",0.5,"['A', 'B', 'C', 'D']","{'A': 5, 'C': 3, 'B': 1, 'D': 1}",0.88,4.76
63,5,"['C', 'D', 'A', 'B']",0.5,"['A', 'B', 'D', 'C']","{'A': 5, 'C': 3, 'B': 1, 'D': 1}",0.88,4.76
63,5,"['C', 'D', 'A', 'B']",0.5,"['A', 'C', 'B', 'D']","{'A': 5, 'C': 4, 'D': 1, 'B': 0}",0.75,4.5
63,5,"['C', 'D', 'A', 'B']",0.5,"['A', 'C', 'D', 'B']","{'A': 5, 'C': 4, 'D': 1, 'B': 0}",0.75,4.5
63,5,"['C', 'D', 'A', 'B']",0.5,"['A', 'D', 'B', 'C']","{'A': 5, 'C': 3, 'D': 2, 'B': 0}",0.75,4.5
63,5,"['C', 'D', 'A', 'B']",0.5,"['A', 'D', 'C', 'B']","{'A': 5, 'C': 3, 'D': 2, 'B': 0}",0.75,4.5
63,5,"['C', 'D', 'A', 'B']",0.5,"['B', 'A', 'C', 'D']","{'A': 5, 'C': 3, 'B': 1, 'D': 1}",0.88,4.76
63,5,"['C', 'D', 'A', 'B']",0.5,"['B', 'A', 'D', 'C']","{'A': 5, 'C': 3, 'B': 1, 'D': 1}",0.88,4.76
63,5,"['C', 'D', 'A', 'B']",0.5,"['B', 'C', 'A', 'D']","{'A': 4, 'C': 4, 'B': 1, 'D': 1}",0.88,4.76
63,5,"['C', 'D', 'A', 'B']",0.5,"['B', 'C', 'D', 'A']","{'A': 4, 'C': 4, 'B': 1, 'D': 1}",0.88,4.76
63,5,"['C', 'D', 'A', 'B']",0.5,"['B', 'D', 'A', 'C']","{'A': 4, 'C': 3, 'D': 2, 'B': 1}",0.75,4.5
63,5,"['C', 'D', 'A', 'B']",0.5,"['B', 'D', 'C', 'A']","{'A': 4, 'C': 3, 'D': 2, 'B': 1}",0.75,4.5
63,5,"['C', 'D', 'A', 'B']",0.5,"['C', 'A', 'B', 'D']","{'A': 5, 'C': 4, 'D': 1, 'B': 0}",0.75,4.5
63,5,"['C', 'D', 'A', 'B']",0.5,"['C', 'A', 'D', 'B']","{'A': 5, 'C': 4, 'D': 1, 'B': 0}",0.75,4.5
63,5,"['C', 'D', 'A', 'B']",0.5,"['C', 'B', 'A', 'D']","{'A': 4, 'C': 4, 'B': 1, 'D': 1}",0.88,4.76
63,5,"['C', 'D', 'A', 'B']",0.5,"['C', 'B', 'D', 'A']","{'A': 4, 'C': 4, 'B': 1, 'D': 1}",0.88,4.76
63,5,"['C', 'D', 'A', 'B']",0.5,"['C', 'D', 'A', 'B']","{'A': 4, 'C': 4, 'D': 2, 'B': 0}",0.75,4.5
63,5,"['C', 'D', 'A', 'B']",0.5,"['C', 'D', 'B', 'A']","{'A': 4, 'C': 4, 'D': 2, 'B': 0}",0.75,4.5
63,5,"['C', 'D', 'A', 'B']",0.5,"['D', 'A', 'B', 'C']","{'A': 5, 'C': 3, 'D': 2, 'B': 0}",0.75,4.5
63,5,"['C', 'D', 'A', 'B']",0.5,"['D', 'A', 'C', 'B']","{'A': 5, 'C': 3, 'D': 2, 'B': 0}",0.75,4.5
63,5,"['C', 'D', 'A', 'B']",0.5,"['D', 'B', 'A', 'C']","{'A': 4, 'C': 3, 'D': 2, 'B': 1}",0.75,4.5
63,5,"['C', 'D', 'A', 'B']",0.5,"['D', 'B', 'C', 'A']","{'A': 4, 'C': 3, 'D': 2, 'B': 1}",0.75,4.5
63,5,"['C', 'D', 'A', 'B']",0.5,"['D', 'C', 'A', 'B']","{'A': 4, 'C': 4, 'D': 2, 'B': 0}",0.75,4.5
63,5,"['C', 'D', 'A', 'B']",0.5,"['D', 'C', 'B', 'A']","{'A': 4, 'C': 4, 'D': 2, 'B': 0}",0.75,4.5
64,4,"['C', 'D', 'A', 'B']",0.5,"['A', 'B', 'C', 'D']","{'B': 5, 'A': 2, 'C': 2, 'D': 1}",0.75,4.25
64,4,"['C', 'D', 'A', 'B']",0.5,"['A', 'B', 'D', 'C']","{'B': 5, 'A': 2, 'C': 2, 'D': 1}",0.75,4.25
64,4,"['C', 'D', 'A', 'B']",0.5,"['A', 'C', 'B', 'D']","{'B': 4, 'C': 3, 'A': 2, 'D': 1}",0.79,4.25
64,4,"['C', 'D', 'A', 'B']",0.5,"['A', 'C', 'D', 'B']","{'B': 4, 'C': 3, 'A': 2, 'D': 1}",0.79,4.25
64,4,"['C', 'D', 'A', 'B']",0.5,"['A', 'D', 'B', 'C']","{'B': 4, 'A': 2, 'C': 2, 'D': 2}",0.75,4.25
64,4,"['C', 'D', 'A', 'B']",0.5,"['A', 'D', 'C', 'B']","{'B': 4, 'A': 2, 'C': 2, 'D': 2}",0.75,4.25
64,4,"['C', 'D', 'A', 'B']",0.5,"['B', 'A', 'C', 'D']","{'B': 5, 'A': 2, 'C': 2, 'D': 1}",0.75,4.25
64,4,"['C', 'D', 'A', 'B']",0.5,"['B', 'A', 'D', 'C']","{'B': 5, 'A': 2, 'C': 2, 'D': 1}",0.75,4.25
64,4,"['C', 'D', 'A', 'B']",0.5,"['B', 'C', 'A', 'D']","{'B': 5, 'C': 3, 'A': 1, 'D': 1}",0.79,4.25
64,4,"['C', 'D', 'A', 'B']",0.5,"['B', 'C', 'D', 'A']","{'B': 5, 'C': 3, 'A': 1, 'D': 1}",0.79,4.25
64,4,"['C', 'D', 'A', 'B']",0.5,"['B', 'D', 'A', 'C']","{'B': 5, 'C': 2, 'D': 2, 'A': 1}",0.67,3.96
64,4,"['C', 'D', 'A', 'B']",0.5,"['B', 'D', 'C', 'A']","{'B': 5, 'C': 2, 'D': 2, 'A': 1}",0.67,3.96
64,4,"['C', 'D', 'A', 'B']",0.5,"['C', 'A', 'B', 'D']","{'B': 4, 'C': 3, 'A': 2, 'D': 1}",0.79,4.25
64,4,"['C', 'D', 'A', 'B']",0.5,"['C', 'A', 'D', 'B']","{'B': 4, 'C': 3, 'A': 2, 'D': 1}",0.79,4.25
64,4,"['C', 'D', 'A', 'B']",0.5,"['C', 'B', 'A', 'D']","{'B': 5, 'C': 3, 'A': 1, 'D': 1}",0.79,4.25
64,4,"['C', 'D', 'A', 'B']",0.5,"['C', 'B', 'D', 'A']","{'B': 5, 'C': 3, 'A': 1, 'D': 1}",0.79,4.25
64,4,"['C', 'D', 'A', 'B']",0.5,"['C', 'D', 'A', 'B']","{'B': 4, 'C': 3, 'D': 2, 'A': 1}",0.67,3.96
64,4,"['C', 'D', 'A', 'B']",0.5,"['C', 'D', 'B', 'A']","{'B': 4, 'C': 3, 'D': 2, 'A': 1}",0.67,3.96
64,4,"['C', 'D', 'A', 'B']",0.5,"['D', 'A', 'B', 'C']","{'B': 4, 'A': 2, 'C': 2, 'D': 2}",0.75,4.25
64,4,"['C', 'D', 'A', 'B']",0.5,"['D', 'A', 'C', 'B']","{'B': 4, 'A': 2, 'C': 2, 'D': 2}",0.75,4.25
64,4,"['C', 'D', 'A', 'B']",0.5,"['D', 'B', 'A', 'C']","{'B': 5, 'C': 2, 'D': 2, 'A': 1}",0.67,3.96
64,4,"['C', 'D', 'A', 'B']",0.5,"['D', 'B', 'C', 'A']","{'B': 5, 'C': 2, 'D': 2, 'A': 1}",0.67,3.96
64,4,"['C', 'D', 'A', 'B']",0.5,"['D', 'C', 'A', 'B']","{'B': 4, 'C': 3, 'D': 2, 'A': 1}",0.67,3.96
64,4,"['C', 'D', 'A', 'B']",0.5,"['D', 'C', 'B', 'A']","{'B': 4, 'C': 3, 'D': 2, 'A': 1}",0.67,3.96
64,5,"['C', 'A', 'D', 'B']",0.42,"['A', 'B', 'C', 'D']","{'B': 4, 'A': 3, 'C': 2, 'D': 1}",0.75,4.25
64,5,"['C', 'A', 'D', 'B']",0.42,"['A', 'B', 'D', 'C']","{'B': 4, 'A': 3, 'C': 2, 'D': 1}",0.75,4.25
64,5,"['C', 'A', 'D', 'B']",0.42,"['A', 'C', 'B', 'D']","{'A': 3, 'B': 3, 'C': 3, 'D': 1}",0.75,3.96
64,5,"['C', 'A', 'D', 'B']",0.42,"['A', 'C', 'D', 'B']","{'A': 3, 'B': 3, 'C': 3, 'D': 1}",0.75,3.96
64,5,"['C', 'A', 'D', 'B']",0.42,"['A', 'D', 'B', 'C']","{'A': 3, 'B': 3, 'C': 2, 'D': 2}",0.75,3.96
64,5,"['C', 'A', 'D', 'B']",0.42,"['A', 'D', 'C', 'B']","{'A': 3, 'B': 3, 'C': 2, 'D': 2}",0.75,3.96
64,5,"['C', 'A', 'D', 'B']",0.42,"['B', 'A', 'C', 'D']","{'B': 4, 'A': 3, 'C': 2, 'D': 1}",0.75,4.25
64,5,"['C', 'A', 'D', 'B']",0.42,"['B', 'A', 'D', 'C']","{'B': 4, 'A': 3, 'C': 2, 'D': 1}",0.75,4.25
64,5,"['C', 'A', 'D', 'B']",0.42,"['B', 'C', 'A', 'D']","{'B': 4, 'C': 3, 'A': 2, 'D': 1}",0.88,4.25
64,5,"['C', 'A', 'D', 'B']",0.42,"['B', 'C', 'D', 'A']","{'B': 4, 'C': 3, 'A': 2, 'D': 1}",0.88,4.25
64,5,"['C', 'A', 'D', 'B']",0.42,"['B', 'D', 'A', 'C']","{'B': 4, 'A': 2, 'C': 2, 'D': 2}",0.75,4.25
64,5,"['C', 'A', 'D', 'B']",0.42,"['B', 'D', 'C', 'A']","{'B': 4, 'A': 2, 'C': 2, 'D': 2}",0.75,4.25
64,5,"['C', 'A', 'D', 'B']",0.42,"['C', 'A', 'B', 'D']","{'A': 3, 'B': 3, 'C': 3, 'D': 1}",0.75,3.96
64,5,"['C', 'A', 'D', 'B']",0.42,"['C', 'A', 'D', 'B']","{'A': 3, 'B': 3, 'C': 3, 'D': 1}",0.75,3.96
64,5,"['C', 'A', 'D', 'B']",0.42,"['C', 'B', 'A', 'D']","{'B': 4, 'C': 3, 'A': 2, 'D': 1}",0.88,4.25
64,5,"['C', 'A', 'D', 'B']",0.42,"['C', 'B', 'D', 'A']","{'B': 4, 'C': 3, 'A': 2, 'D': 1}",0.88,4.25
64,5,"['C', 'A', 'D', 'B']",0.42,"['C', 'D', 'A', 'B']","{'B': 3, 'C': 3, 'A': 2, 'D': 2}",0.88,4.25
64,5,"['C', 'A', 'D', 'B']",0.42,"['C', 'D', 'B', 'A']","{'B': 3, 'C': 3, 'A': 2, 'D': 2}",0.88,4.25
64,5,"['C', 'A', 'D', 'B']",0.42,"['D', 'A', 'B', 'C']","{'A': 3, 'B': 3, 'C': 2, 'D': 2}",0.75,3.96
64,5,"['C', 'A', 'D', 'B']",0.42,"['D', 'A', 'C', 'B']","{'A': 3, 'B': 3, 'C': 2, 'D': 2}",0.75,3.96
64,5,"['C', 'A', 'D', 'B']",0.42,"['D', 'B', 'A', 'C']","{'B': 4, 'A': 2, 'C': 2, 'D': 2}",0.75,4.25
64,5,"['C', 'A', 'D', 'B']",0.42,"['D', 'B', 'C', 'A']","{'B': 4, 'A': 2, 'C': 2, 'D': 2}",0.75,4.25
64,5,"['C', 'A', 'D', 'B']",0.42,"['D', 'C', 'A', 'B']","{'B': 3, 'C': 3, 'A': 2, 'D': 2}",0.88,4.25
64,5,"['C', 'A', 'D', 'B']",0.42,"['D', 'C', 'B', 'A']","{'B': 3, 'C': 3, 'A': 2, 'D': 2}",0.88,4.25
65,3,"['C', 'D', 'A', 'B']",0.75,"['B', 'C', 'A', 'D']","{'C': 3, 'D': 3, 'A': 2, 'B': 2}",1.0,4.25
65,3,"['C', 'D', 'A', 'B']",0.75,"['B', 'C', 'D', 'A']","{'C': 3, 'D': 3, 'A': 2, 'B': 2}",1.0,4.25
65,3,"['C', 'D', 'A', 'B']",0.75,"['C', 'B', 'A', 'D']","{'C': 3, 'D': 3, 'A': 2, 'B': 2}",1.0,4.25
65,3,"['C', 'D', 'A', 'B']",0.75,"['C', 'B', 'D', 'A']","{'C': 3, 'D': 3, 'A': 2, 'B': 2}",1.0,4.25
65,4,"['C', 'A', 'B', 'D']",0.54,"['A', 'C', 'B', 'D']","{'A': 4, 'C': 3, 'D': 3, 'B': 0}",0.67,3.5
65,4,"['C', 'A', 'B', 'D']",0.54,"['A', 'C', 'D', 'B']","{'A': 4, 'C': 3, 'D': 3, 'B': 0}",0.67,3.5
65,4,"['C', 'A', 'B', 'D']",0.54,"['B', 'C', 'A', 'D']","{'A': 3, 'C': 3, 'D': 3, 'B': 1}",0.67,3.5
65,4,"['C', 'A', 'B', 'D']",0.54,"['B', 'C', 'D', 'A']","{'A': 3, 'C': 3, 'D': 3, 'B': 1}",0.67,3.5
65,4,"['C', 'A', 'B', 'D']",0.54,"['C', 'A', 'B', 'D']","{'A': 4, 'C': 3, 'D': 3, 'B': 0}",0.67,3.5
65,4,"['C', 'A', 'B', 'D']",0.54,"['C', 'A', 'D', 'B']","{'A': 4, 'C': 3, 'D': 3, 'B': 0}",0.67,3.5
65,4,"['C', 'A', 'B', 'D']",0.54,"['C', 'B', 'A', 'D']","{'A': 3, 'C': 3, 'D': 3, 'B': 1}",0.67,3.5
65,4,"['C', 'A', 'B', 'D']",0.54,"['C', 'B', 'D', 'A']","{'A': 3, 'C': 3, 'D': 3, 'B': 1}",0.67,3.5
67,2,"['C', 'B', 'D', 'A']",0.88,"['A', 'C', 'B', 'D']","{'C': 4, 'A': 3, 'B': 2, 'D': 1}",1.0,4.5
67,2,"['C', 'B', 'D', 'A']",0.88,"['A', 'C', 'D', 'B']","{'C': 4, 'A': 3, 'B': 2, 'D': 1}",1.0,4.5
67,2,"['C', 'B', 'D', 'A']",0.88,"['B', 'C', 'A', 'D']","{'C': 4, 'B': 3, 'A': 2, 'D': 1}",1.0,4.67
67,2,"['C', 'B', 'D', 'A']",0.88,"['B', 'C', 'D', 'A']","{'C': 4, 'B': 3, 'A': 2, 'D': 1}",1.0,4.67
67,2,"['C', 'B', 'D', 'A']",0.88,"['C', 'A', 'B', 'D']","{'C': 4, 'A': 3, 'B': 2, 'D': 1}",1.0,4.5
67,2,"['C', 'B', 'D', 'A']",0.88,"['C', 'A', 'D', 'B']","{'C': 4, 'A': 3, 'B': 2, 'D': 1}",1.0,4.5
67,2,"['C', 'B', 'D', 'A']",0.88,"['C', 'B', 'A', 'D']","{'C': 4, 'B': 3, 'A': 2, 'D': 1}",1.0,4.67
67,2,"['C', 'B', 'D', 'A']",0.88,"['C', 'B', 'D', 'A']","{'C': 4, 'B': 3, 'A': 2, 'D': 1}",1.0,4.67
67,2,"['C', 'B', 'D', 'A']",0.88,"['C', 'D', 'A', 'B']","{'C': 4, 'A': 2, 'B': 2, 'D': 2}",1.0,4.5
67,2,"['C', 'B', 'D', 'A']",0.88,"['C', 'D', 'B', 'A']","{'C': 4, 'A': 2, 'B': 2, 'D': 2}",1.0,4.5
67,2,"['C', 'B', 'D', 'A']",0.88,"['D', 'C', 'A', 'B']","{'C': 4, 'A': 2, 'B': 2, 'D': 2}",1.0,4.5
67,2,"['C', 'B', 'D', 'A']",0.88,"['D', 'C', 'B', 'A']","{'C': 4, 'A': 2, 'B': 2, 'D': 2}",1.0,4.5
67,4,"['C', 'B', 'A', 'D']",0.75,"['A', 'C', 'B', 'D']","{'C': 4, 'A': 3, 'B': 2, 'D': 1}",1.0,4.5
67,4,"['C', 'B', 'A', 'D']",0.75,"['A', 'C', 'D', 'B']","{'C': 4, 'A': 3, 'B': 2, 'D': 1}",1.0,4.5
67,4,"['C', 'B', 'A', 'D']",0.75,"['B', 'C', 'A', 'D']","{'C': 4, 'B': 3, 'A': 2, 'D': 1}",1.0,4.67
67,4,"['C', 'B', 'A', 'D']",0.75,"['B', 'C', 'D', 'A']","{'C': 4, 'B': 3, 'A': 2, 'D': 1}",1.0,4.67
67,4,"['C', 'B', 'A', 'D']",0.75,"['C', 'A', 'B', 'D']","{'C': 4, 'A': 3, 'B': 2, 'D': 1}",1.0,4.5
67,4,"['C', 'B', 'A', 'D']",0.75,"['C', 'A', 'D', 'B']","{'C': 4, 'A': 3, 'B': 2, 'D': 1}",1.0,4.5
67,4,"['C', 'B', 'A', 'D']",0.75,"['C', 'B', 'A', 'D']","{'C': 4, 'B': 3, 'A': 2, 'D': 1}",1.0,4.67
67,4,"['C', 'B', 'A', 'D']",0.75,"['C', 'B', 'D', 'A']","{'C': 4, 'B': 3, 'A': 2, 'D': 1}",1.0,4.67
67,4,"['C', 'B', 'A', 'D']",0.75,"['C', 'D', 'A', 'B']","{'C': 4, 'A': 2, 'B': 2, 'D': 2}",1.0,4.5
67,4,"['C', 'B', 'A', 'D']",0.75,"['C', 'D', 'B', 'A']","{'C': 4, 'A': 2, 'B': 2, 'D': 2}",1.0,4.5
67,4,"['C', 'B', 'A', 'D']",0.75,"['D', 'C', 'A', 'B']","{'C': 4, 'A': 2, 'B': 2, 'D': 2}",1.0,4.5
67,4,"['C', 'B', 'A', 'D']",0.75,"['D', 'C', 'B', 'A']","{'C': 4, 'A': 2, 'B': 2, 'D': 2}",1.0,4.5
67,5,"['C', 'D', 'A', 'B']",0.58,"['B', 'C', 'A', 'D']","{'C': 4, 'A': 3, 'B': 3, 'D': 0}",1.0,4.5
67,5,"['C', 'D', 'A', 'B']",0.58,"['B', 'C', 'D', 'A']","{'C': 4, 'A': 3, 'B': 3, 'D': 0}",1.0,4.5
67,5,"['C', 'D', 'A', 'B']",0.58,"['C', 'B', 'A', 'D']","{'C': 4, 'A': 3, 'B': 3, 'D': 0}",1.0,4.5
67,5,"['C', 'D', 'A', 'B']",0.58,"['C', 'B', 'D', 'A']","{'C': 4, 'A': 3, 'B': 3, 'D': 0}",1.0,4.5
67,5,"['C', 'D', 'A', 'B']",0.58,"['C', 'D', 'A', 'B']","{'C': 4, 'A': 3, 'B': 2, 'D': 1}",1.0,4.5
67,5,"['C', 'D', 'A', 'B']",0.58,"['C', 'D', 'B', 'A']","{'C': 4, 'A': 3, 'B': 2, 'D': 1}",1.0,4.5
67,5,"['C', 'D', 'A', 'B']",0.58,"['D', 'C', 'A', 'B']","{'C': 4, 'A': 3, 'B': 2, 'D': 1}",1.0,4.5
67,5,"['C', 'D', 'A', 'B']",0.58,"['D', 'C', 'B', 'A']","{'C': 4, 'A': 3, 'B': 2, 'D': 1}",1.0,4.5
68,4,"['A', 'B', 'D', 'C']",0.88,"['A', 'B', 'C', 'D']","{'A': 4, 'B': 3, 'D': 2, 'C': 1}",1.0,3.79
68,4,"['A', 'B', 'D', 'C']",0.88,"['A', 'B', 'D', 'C']","{'A': 4, 'B': 3, 'D': 2, 'C': 1}",1.0,3.79
68,4,"['A', 'B', 'D', 'C']",0.88,"['A', 'C', 'B', 'D']","{'A': 4, 'B': 2, 'C': 2, 'D': 2}",1.0,3.62
68,4,"['A', 'B', 'D', 'C']",0.88,"['A', 'C', 'D', 'B']","{'A': 4, 'B': 2, 'C': 2, 'D': 2}",1.0,3.62
68,4,"['A', 'B', 'D', 'C']",0.88,"['A', 'D', 'B', 'C']","{'A': 4, 'D': 3, 'B': 2, 'C': 1}",1.0,3.83
68,4,"['A', 'B', 'D', 'C']",0.88,"['A', 'D', 'C', 'B']","{'A': 4, 'D': 3, 'B': 2, 'C': 1}",1.0,3.83
68,4,"['A', 'B', 'D', 'C']",0.88,"['B', 'A', 'C', 'D']","{'A': 4, 'B': 3, 'D': 2, 'C': 1}",1.0,3.79
68,4,"['A', 'B', 'D', 'C']",0.88,"['B', 'A', 'D', 'C']","{'A': 4, 'B': 3, 'D': 2, 'C': 1}",1.0,3.79
68,4,"['A', 'B', 'D', 'C']",0.88,"['B', 'C', 'A', 'D']","{'A': 3, 'B': 3, 'C': 2, 'D': 2}",1.0,3.62
68,4,"['A', 'B', 'D', 'C']",0.88,"['B', 'C', 'D', 'A']","{'A': 3, 'B': 3, 'C': 2, 'D': 2}",1.0,3.62
68,4,"['A', 'B', 'D', 'C']",0.88,"['B', 'D', 'A', 'C']","{'A': 3, 'B': 3, 'D': 3, 'C': 1}",1.0,3.79
68,4,"['A', 'B', 'D', 'C']",0.88,"['B', 'D', 'C', 'A']","{'A': 3, 'B': 3, 'D': 3, 'C': 1}",1.0,3.79
68,4,"['A', 'B', 'D', 'C']",0.88,"['C', 'A', 'B', 'D']","{'A': 4, 'B': 2, 'C': 2, 'D': 2}",1.0,3.62
68,4,"['A', 'B', 'D', 'C']",0.88,"['C', 'A', 'D', 'B']","{'A': 4, 'B': 2, 'C': 2, 'D': 2}",1.0,3.62
68,4,"['A', 'B', 'D', 'C']",0.88,"['C', 'B', 'A', 'D']","{'A': 3, 'B': 3, 'C': 2, 'D': 2}",1.0,3.62
68,4,"['A', 'B', 'D', 'C']",0.88,"['C', 'B', 'D', 'A']","{'A': 3, 'B': 3, 'C': 2, 'D': 2}",1.0,3.62
68,4,"['A', 'B', 'D', 'C']",0.88,"['C', 'D', 'A', 'B']","{'A': 3, 'D': 3, 'B': 2, 'C': 2}",1.0,3.83
68,4,"['A', 'B', 'D', 'C']",0.88,"['C', 'D', 'B', 'A']","{'A': 3, 'D': 3, 'B': 2, 'C': 2}",1.0,3.83
68,4,"['A', 'B', 'D', 'C']",0.88,"['D', 'A', 'B', 'C']","{'A': 4, 'D': 3, 'B': 2, 'C': 1}",1.0,3.83
68,4,"['A', 'B', 'D', 'C']",0.88,"['D', 'A', 'C', 'B']","{'A': 4, 'D': 3, 'B': 2, 'C': 1}",1.0,3.83
68,4,"['A', 'B', 'D', 'C']",0.88,"['D', 'B', 'A', 'C']","{'A': 3, 'B': 3, 'D': 3, 'C': 1}",1.0,3.79
68,4,"['A', 'B', 'D', 'C']",0.88,"['D', 'B', 'C', 'A']","{'A': 3, 'B': 3, 'D': 3, 'C': 1}",1.0,3.79
68,4,"['A', 'B', 'D', 'C']",0.88,"['D', 'C', 'A', 'B']","{'A': 3, 'D': 3, 'B': 2, 'C': 2}",1.0,3.83
68,4,"['A', 'B', 'D', 'C']",0.88,"['D', 'C', 'B', 'A']","{'A': 3, 'D': 3, 'B': 2, 'C': 2}",1.0,3.83
69,2,"['A', 'C', 'D', 'B']",0.88,"['A', 'B', 'C', 'D']","{'A': 3, 'C': 3, 'B': 2, 'D': 2}",1.0,3.8
69,2,"['A', 'C', 'D', 'B']",0.88,"['A', 'B', 'D', 'C']","{'A': 3, 'C': 3, 'B': 2, 'D': 2}",1.0,3.8
69,2,"['A', 'C', 'D', 'B']",0.88,"['A', 'D', 'B', 'C']","{'A': 3, 'C': 3, 'D': 3, 'B': 1}",1.0,3.75
69,2,"['A', 'C', 'D', 'B']",0.88,"['A', 'D', 'C', 'B']","{'A': 3, 'C': 3, 'D': 3, 'B': 1}",1.0,3.75
69,2,"['A', 'C', 'D', 'B']",0.88,"['B', 'A', 'C', 'D']","{'A': 3, 'C': 3, 'B': 2, 'D': 2}",1.0,3.8
69,2,"['A', 'C', 'D', 'B']",0.88,"['B', 'A', 'D', 'C']","{'A': 3, 'C': 3, 'B': 2, 'D': 2}",1.0,3.8
69,2,"['A', 'C', 'D', 'B']",0.88,"['D', 'A', 'B', 'C']","{'A': 3, 'C': 3, 'D': 3, 'B': 1}",1.0,3.75
69,2,"['A', 'C', 'D', 'B']",0.88,"['D', 'A', 'C', 'B']","{'A': 3, 'C': 3, 'D': 3, 'B': 1}",1.0,3.75
69,5,"['D', 'A', 'B', 'C']",0.54,"['A', 'B', 'C', 'D']","{'A': 4, 'C': 3, 'B': 2, 'D': 1}",0.58,3.8
69,5,"['D', 'A', 'B', 'C']",0.54,"['A', 'B', 'D', 'C']","{'A': 4, 'C': 3, 'B': 2, 'D': 1}",0.58,3.8
69,5,"['D', 'A', 'B', 'C']",0.54,"['A', 'C', 'B', 'D']","{'A': 4, 'C': 4, 'B': 1, 'D': 1}",0.58,3.8
69,5,"['D', 'A', 'B', 'C']",0.54,"['A', 'C', 'D', 'B']","{'A': 4, 'C': 4, 'B': 1, 'D': 1}",0.58,3.8
69,5,"['D', 'A', 'B', 'C']",0.54,"['A', 'D', 'B', 'C']","{'A': 4, 'C': 3, 'D': 2, 'B': 1}",0.75,3.75
69,5,"['D', 'A', 'B', 'C']",0.54,"['A', 'D', 'C', 'B']","{'A': 4, 'C': 3, 'D': 2, 'B': 1}",0.75,3.75
69,5,"['D', 'A', 'B', 'C']",0.54,"['B', 'A', 'C', 'D']","{'A': 4, 'C': 3, 'B': 2, 'D': 1}",0.58,3.8
69,5,"['D', 'A', 'B', 'C']",0.54,"['B', 'A', 'D', 'C']","{'A': 4, 'C': 3, 'B': 2, 'D': 1}",0.58,3.8
69,5,"['D', 'A', 'B', 'C']",0.54,"['B', 'C', 'A', 'D']","{'C': 4, 'A': 3, 'B': 2, 'D': 1}",0.58,3.88
69,5,"['D', 'A', 'B', 'C']",0.54,"['B', 'C', 'D', 'A']","{'C': 4, 'A': 3, 'B': 2, 'D': 1}",0.58,3.88
69,5,"['D', 'A', 'B', 'C']",0.54,"['B', 'D', 'A', 'C']","{'A': 3, 'C': 3, 'B': 2, 'D': 2}",0.58,3.8
69,5,"['D', 'A', 'B', 'C']",0.54,"['B', 'D', 'C', 'A']","{'A': 3, 'C': 3, 'B': 2, 'D': 2}",0.58,3.8
69,5,"['D', 'A', 'B', 'C']",0.54,"['C', 'A', 'B', 'D']","{'A': 4, 'C': 4, 'B': 1, 'D': 1}",0.58,3.8
69,5,"['D', 'A', 'B', 'C']",0.54,"['C', 'A', 'D', 'B']","{'A': 4, 'C': 4, 'B': 1, 'D': 1}",0.58,3.8
69,5,"['D', 'A', 'B', 'C']",0.54,"['C', 'B', 'A', 'D']","{'C': 4, 'A': 3, 'B': 2, 'D': 1}",0.58,3.88
69,5,"['D', 'A', 'B', 'C']",0.54,"['C', 'B', 'D', 'A']","{'C': 4, 'A': 3, 'B': 2, 'D': 1}",0.58,3.88
69,5,"['D', 'A', 'B', 'C']",0.54,"['C', 'D', 'A', 'B']","{'C': 4, 'A': 3, 'D': 2, 'B': 1}",0.75,3.96
69,5,"['D', 'A', 'B', 'C']",0.54,"['C', 'D', 'B', 'A']","{'C': 4, 'A': 3, 'D': 2, 'B': 1}",0.75,3.96
69,5,"['D', 'A', 'B', 'C']",0.54,"['D', 'A', 'B', 'C']","{'A': 4, 'C': 3, 'D': 2, 'B': 1}",0.75,3.75
69,5,"['D', 'A', 'B', 'C']",0.54,"['D', 'A', 'C', 'B']","{'A': 4, 'C': 3, 'D': 2, 'B': 1}",0.75,3.75
69,5,"['D', 'A', 'B', 'C']",0.54,"['D', 'B', 'A', 'C']","{'A': 3, 'C': 3, 'B': 2, 'D': 2}",0.58,3.8
69,5,"['D', 'A', 'B', 'C']",0.54,"['D', 'B', 'C', 'A']","{'A': 3, 'C': 3, 'B': 2, 'D': 2}",0.58,3.8
69,5,"['D', 'A', 'B', 'C']",0.54,"['D', 'C', 'A', 'B']","{'C': 4, 'A': 3, 'D': 2, 'B': 1}",0.75,3.96
69,5,"['D', 'A', 'B', 'C']",0.54,"['D', 'C', 'B', 'A']","{'C': 4, 'A': 3, 'D': 2, 'B': 1}",0.75,3.96
70,"[1, 2]","[['C', 'B', 'A', 'D'], ['C', 'D', 'B', 'A']]","[0.42, 0.54, 0.58, 0.88, 1.0]","[['A', 'C', 'B', 'D'], ['B', 'C', 'A', 'D']]","{'A': 3, 'D': 3, 'B': 2, 'C': 2}","[0.46, 0.5, 0.54, 1.0, 0.88]",3.38
71,[],[],"[0.46, 1.0, 1.0, 1.0, 0.79]",[],"{'B': 3, 'C': 3, 'D': 3, 'A': 1}","[0.46, 1.0, 1.0, 1.0, 0.79]",4.25
72,[],[],"[0.88, 0.75, 0.58, 0.88, 0.75]",[],"{'A': 4, 'C': 3, 'D': 2, 'B': 1}","[0.88, 0.75, 0.58, 0.88, 0.75]",3.84
73,"[1, 3]","[['C', 'B', 'D', 'A'], ['C', 'A', 'B', 'D']]","[0.42, 0.75, 0.54, 0.88, 0.88]","[['C', 'D', 'A', 'B'], ['A', 'B', 'C', 'D']]","{'D': 4, 'A': 3, 'B': 2, 'C': 1}","[0.46, 0.75, 0.5, 1.0, 1.0]",3.71
74,[1],"[['A', 'D', 'B', 'C']]","[0.54, 1.0, 1.0, 1.0, 0.58]","[['A', 'C', 'B', 'D']]","{'C': 4, 'A': 2, 'B': 2, 'D': 2}","[0.58, 1.0, 1.0, 1.0, 0.5]",4.08
75,[],[],"[0.58, 0.79, 1.0, 1.0, 1.0]",[],"{'D': 4, 'C': 3, 'B': 2, 'A': 1}","[0.58, 0.79, 1.0, 1.0, 1.0]",4.37
76,"[3, 4]","[['D', 'A', 'B', 'C'], ['B', 'C', 'D', 'A']]","[1.0, 0.58, 0.54, 0.54, 1.0]","[['A', 'B', 'C', 'D'], ['A', 'B', 'C', 'D']]","{'A': 4, 'B': 3, 'C': 2, 'D': 1}","[1.0, 0.46, 0.58, 0.58, 1.0]",3.62
77,[],[],"[0.79, 1.0, 1.0, 1.0, 0.58]",[],"{'B': 3, 'D': 3, 'A': 2, 'C': 2}","[0.79, 1.0, 1.0, 1.0, 0.58]",4.37
78,[],[],"[0.5, 0.58, 0.75, 1.0, 0.75]",[],"{'A': 3, 'D': 3, 'B': 2, 'C': 2}","[0.5, 0.58, 0.75, 1.0, 0.75]",3.58
79,"[1, 2, 3]","[['C', 'D', 'B', 'A'], ['A', 'B', 'D', 'C'], ['A', 'B', 'D', 'C']]","[0.46, 0.88, 0.88, 1.0, 0.75]","[['B', 'C', 'A', 'D'], ['A', 'C', 'B', 'D'], ['A', 'C', 'B', 'D']]","{'A': 3, 'B': 3, 'C': 3, 'D': 1}","[0.46, 1.0, 1.0, 0.88, 0.58]",3.92
82,1,"['D', 'B', 'C', 'A']",0.54,"['A', 'C', 'D', 'B']","{'A': 5, 'D': 4, 'B': 3, 'C': 3}",0.58,3.83
82,1,"['D', 'B', 'C', 'A']",0.54,"['A', 'D', 'C', 'B']","{'A': 5, 'D': 4, 'B': 3, 'C': 3}",0.58,3.83
82,1,"['D', 'B', 'C', 'A']",0.54,"['C', 'A', 'D', 'B']","{'A': 5, 'D': 4, 'B': 3, 'C': 3}",0.58,3.83
82,1,"['D', 'B', 'C', 'A']",0.54,"['C', 'D', 'A', 'B']","{'A': 5, 'D': 4, 'B': 3, 'C': 3}",0.58,3.83
82,1,"['D', 'B', 'C', 'A']",0.54,"['D', 'A', 'C', 'B']","{'A': 5, 'D': 4, 'B': 3, 'C': 3}",0.58,3.83
82,1,"['D', 'B', 'C', 'A']",0.54,"['D', 'C', 'A', 'B']","{'A': 5, 'D': 4, 'B': 3, 'C': 3}",0.58,3.83
84,4,"['A', 'D', 'B', 'C']",0.46,"['A', 'C', 'D', 'B']","{'C': 5, 'D': 4, 'A': 3, 'B': 3}",0.54,3.83
84,4,"['A', 'D', 'B', 'C']",0.46,"['A', 'D', 'C', 'B']","{'C': 5, 'D': 4, 'A': 3, 'B': 3}",0.54,3.83
84,4,"['A', 'D', 'B', 'C']",0.46,"['C', 'A', 'D', 'B']","{'C': 5, 'D': 4, 'A': 3, 'B': 3}",0.54,3.83
84,4,"['A', 'D', 'B', 'C']",0.46,"['C', 'D', 'A', 'B']","{'C': 5, 'D': 4, 'A': 3, 'B': 3}",0.54,3.83
84,4,"['A', 'D', 'B', 'C']",0.46,"['D', 'A', 'C', 'B']","{'C': 5, 'D': 4, 'A': 3, 'B': 3}",0.54,3.83
84,4,"['A', 'D', 'B', 'C']",0.46,"['D', 'C', 'A', 'B']","{'C': 5, 'D': 4, 'A': 3, 'B': 3}",0.54,3.83
85,3,"['B', 'D', 'A', 'C']",0.79,"['B', 'C', 'D', 'A']","{'B': 5, 'A': 4, 'C': 3, 'D': 3}",1.0,3.79
85,3,"['B', 'D', 'A', 'C']",0.79,"['B', 'D', 'C', 'A']","{'B': 5, 'A': 4, 'C': 3, 'D': 3}",1.0,3.79
85,3,"['B', 'D', 'A', 'C']",0.79,"['C', 'B', 'D', 'A']","{'B': 5, 'A': 4, 'C': 3, 'D': 3}",1.0,3.79
85,3,"['B', 'D', 'A', 'C']",0.79,"['C', 'D', 'B', 'A']","{'B': 5, 'A': 4, 'C': 3, 'D': 3}",1.0,3.79
85,3,"['B', 'D', 'A', 'C']",0.79,"['D', 'B', 'C', 'A']","{'B': 5, 'A': 4, 'C': 3, 'D': 3}",1.0,3.79
85,3,"['B', 'D', 'A', 'C']",0.79,"['D', 'C', 'B', 'A']","{'B': 5, 'A': 4, 'C': 3, 'D': 3}",1.0,3.79
86,2,"['D', 'A', 'C', 'B']",0.67,"['A', 'B', 'D', 'C']","{'D': 5, 'B': 4, 'C': 4, 'A': 2}",1.0,3.79
86,2,"['D', 'A', 'C', 'B']",0.67,"['A', 'D', 'B', 'C']","{'D': 5, 'B': 4, 'C': 4, 'A': 2}",1.0,3.79
86,2,"['D', 'A', 'C', 'B']",0.67,"['B', 'A', 'D', 'C']","{'D': 5, 'B': 4, 'C': 4, 'A': 2}",1.0,3.79
86,2,"['D', 'A', 'C', 'B']",0.67,"['B', 'D', 'A', 'C']","{'D': 5, 'B': 4, 'C': 4, 'A': 2}",1.0,3.79
86,2,"['D', 'A', 'C', 'B']",0.67,"['D', 'A', 'B', 'C']","{'D': 5, 'B': 4, 'C': 4, 'A': 2}",1.0,3.79
86,2,"['D', 'A', 'C', 'B']",0.67,"['D', 'B', 'A', 'C']","{'D': 5, 'B': 4, 'C': 4, 'A': 2}",1.0,3.79
87,2,"['C', 'B', 'A', 'D']",0.67,"['B', 'C', 'D', 'A']","{'C': 5, 'A': 4, 'D': 4, 'B': 2}",1.0,4.34
87,2,"['C', 'B', 'A', 'D']",0.67,"['B', 'D', 'C', 'A']","{'C': 5, 'A': 4, 'D': 4, 'B': 2}",1.0,4.34
87,2,"['C', 'B', 'A', 'D']",0.67,"['C', 'B', 'D', 'A']","{'C': 5, 'A': 4, 'D': 4, 'B': 2}",1.0,4.34
87,2,"['C', 'B', 'A', 'D']",0.67,"['C', 'D', 'B', 'A']","{'C': 5, 'A': 4, 'D': 4, 'B': 2}",1.0,4.34
87,2,"['C', 'B', 'A', 'D']",0.67,"['D', 'B', 'C', 'A']","{'C': 5, 'A': 4, 'D': 4, 'B': 2}",1.0,4.34
87,2,"['C', 'B', 'A', 'D']",0.67,"['D', 'C', 'B', 'A']","{'C': 5, 'A': 4, 'D': 4, 'B': 2}",1.0,4.34
87,5,"['C', 'A', 'D', 'B']",0.88,"['B', 'C', 'D', 'A']","{'C': 5, 'A': 4, 'B': 3, 'D': 3}",1.0,4.21
87,5,"['C', 'A', 'D', 'B']",0.88,"['B', 'D', 'C', 'A']","{'C': 5, 'A': 4, 'B': 3, 'D': 3}",1.0,4.21
87,5,"['C', 'A', 'D', 'B']",0.88,"['C', 'B', 'D', 'A']","{'C': 5, 'A': 4, 'B': 3, 'D': 3}",1.0,4.21
87,5,"['C', 'A', 'D', 'B']",0.88,"['C', 'D', 'B', 'A']","{'C': 5, 'A': 4, 'B': 3, 'D': 3}",1.0,4.21
87,5,"['C', 'A', 'D', 'B']",0.88,"['D', 'B', 'C', 'A']","{'C': 5, 'A': 4, 'B': 3, 'D': 3}",1.0,4.21
87,5,"['C', 'A', 'D', 'B']",0.88,"['D', 'C', 'B', 'A']","{'C': 5, 'A': 4, 'B': 3, 'D': 3}",1.0,4.21
88,4,"['C', 'A', 'D', 'B']",0.88,"['B', 'C', 'D', 'A']","{'C': 5, 'A': 4, 'B': 3, 'D': 3}",1.0,4.17
88,4,"['C', 'A', 'D', 'B']",0.88,"['B', 'D', 'C', 'A']","{'C': 5, 'A': 4, 'B': 3, 'D': 3}",1.0,4.17
88,4,"['C', 'A', 'D', 'B']",0.88,"['C', 'B', 'D', 'A']","{'C': 5, 'A': 4, 'B': 3, 'D': 3}",1.0,4.17
88,4,"['C', 'A', 'D', 'B']",0.88,"['C', 'D', 'B', 'A']","{'C': 5, 'A': 4, 'B': 3, 'D': 3}",1.0,4.17
88,4,"['C', 'A', 'D', 'B']",0.88,"['D', 'B', 'C', 'A']","{'C': 5, 'A': 4, 'B': 3, 'D': 3}",1.0,4.17
88,4,"['C', 'A', 'D', 'B']",0.88,"['D', 'C', 'B', 'A']","{'C': 5, 'A': 4, 'B': 3, 'D': 3}",1.0,4.17
88,5,"['C', 'A', 'D', 'B']",0.88,"['B', 'C', 'D', 'A']","{'C': 5, 'A': 4, 'B': 3, 'D': 3}",1.0,4.17
88,5,"['C', 'A', 'D', 'B']",0.88,"['B', 'D', 'C', 'A']","{'C': 5, 'A': 4, 'B': 3, 'D': 3}",1.0,4.17
88,5,"['C', 'A', 'D', 'B']",0.88,"['C', 'B', 'D', 'A']","{'C': 5, 'A': 4, 'B': 3, 'D': 3}",1.0,4.17
88,5,"['C', 'A', 'D', 'B']",0.88,"['C', 'D', 'B', 'A']","{'C': 5, 'A': 4, 'B': 3, 'D': 3}",1.0,4.17
88,5,"['C', 'A', 'D', 'B']",0.88,"['D', 'B', 'C', 'A']","{'C': 5, 'A': 4, 'B': 3, 'D': 3}",1.0,4.17
88,5,"['C', 'A', 'D', 'B']",0.88,"['D', 'C', 'B', 'A']","{'C': 5, 'A': 4, 'B': 3, 'D': 3}",1.0,4.17
89,3,"['D', 'A', 'C', 'B']",0.79,"['A', 'B', 'D', 'C']","{'D': 5, 'C': 4, 'A': 3, 'B': 3}",1.0,3.83
89,3,"['D', 'A', 'C', 'B']",0.79,"['A', 'D', 'B', 'C']","{'D': 5, 'C': 4, 'A': 3, 'B': 3}",1.0,3.83
89,3,"['D', 'A', 'C', 'B']",0.79,"['B', 'A', 'D', 'C']","{'D': 5, 'C': 4, 'A': 3, 'B': 3}",1.0,3.83
89,3,"['D', 'A', 'C', 'B']",0.79,"['B', 'D', 'A', 'C']","{'D': 5, 'C': 4, 'A': 3, 'B': 3}",1.0,3.83
89,3,"['D', 'A', 'C', 'B']",0.79,"['D', 'A', 'B', 'C']","{'D': 5, 'C': 4, 'A': 3, 'B': 3}",1.0,3.83
89,3,"['D', 'A', 'C', 'B']",0.79,"['D', 'B', 'A', 'C']","{'D': 5, 'C': 4, 'A': 3, 'B': 3}",1.0,3.83
92,"[1, 2]","[4, 4]","[0.75, 0.88]","[['A', 'B', 'C', 'D'], ['A', 'B', 'D', 'C']]","{'A': 4, 'B': 4, 'C': 4, 'D': 3}","[0.88, 1.0]",4.0
92,"[1, 2]","[4, 4]","[0.75, 0.88]","[['A', 'B', 'C', 'D'], ['A', 'D', 'B', 'C']]","{'A': 4, 'B': 4, 'C': 4, 'D': 3}","[0.88, 1.0]",4.0
92,"[1, 2]","[4, 4]","[0.75, 0.88]","[['A', 'B', 'C', 'D'], ['B', 'A', 'D', 'C']]","{'A': 4, 'B': 4, 'C': 4, 'D': 3}","[0.88, 1.0]",4.0
92,"[1, 2]","[4, 4]","[0.75, 0.88]","[['A', 'B', 'C', 'D'], ['B', 'D', 'A', 'C']]","{'A': 4, 'B': 4, 'C': 4, 'D': 3}","[0.88, 1.0]",4.0
92,"[1, 2]","[4, 4]","[0.75, 0.88]","[['A', 'B', 'C', 'D'], ['D', 'A', 'B', 'C']]","{'A': 4, 'B': 4, 'C': 4, 'D': 3}","[0.88, 1.0]",4.0
92,"[1, 2]","[4, 4]","[0.75, 0.88]","[['A', 'B', 'C', 'D'], ['D', 'B', 'A', 'C']]","{'A': 4, 'B': 4, 'C': 4, 'D': 3}","[0.88, 1.0]",4.0
92,"[1, 2]","[4, 4]","[0.75, 0.88]","[['A', 'B', 'D', 'C'], ['A', 'B', 'C', 'D']]","{'A': 4, 'B': 4, 'C': 4, 'D': 3}","[0.88, 1.0]",4.0
92,"[1, 2]","[4, 4]","[0.75, 0.88]","[['A', 'B', 'D', 'C'], ['A', 'C', 'B', 'D']]","{'A': 4, 'B': 4, 'C': 4, 'D': 3}","[0.88, 1.0]",4.0
92,"[1, 2]","[4, 4]","[0.75, 0.88]","[['A', 'B', 'D', 'C'], ['B', 'A', 'C', 'D']]","{'A': 4, 'B': 4, 'C': 4, 'D': 3}","[0.88, 1.0]",4.0
92,"[1, 2]","[4, 4]","[0.75, 0.88]","[['A', 'B', 'D', 'C'], ['B', 'C', 'A', 'D']]","{'A': 4, 'B': 4, 'C': 4, 'D': 3}","[0.88, 1.0]",4.0
92,"[1, 2]","[4, 4]","[0.75, 0.88]","[['A', 'B', 'D', 'C'], ['C', 'A', 'B', 'D']]","{'A': 4, 'B': 4, 'C': 4, 'D': 3}","[0.88, 1.0]",4.0
92,"[1, 2]","[4, 4]","[0.75, 0.88]","[['A', 'B', 'D', 'C'], ['C', 'B', 'A', 'D']]","{'A': 4, 'B': 4, 'C': 4, 'D': 3}","[0.88, 1.0]",4.0
92,"[1, 2]","[4, 4]","[0.75, 0.88]","[['A', 'C', 'B', 'D'], ['A', 'B', 'D', 'C']]","{'A': 4, 'B': 4, 'C': 4, 'D': 3}","[0.88, 1.0]",4.0
92,"[1, 2]","[4, 4]","[0.75, 0.88]","[['A', 'C', 'B', 'D'], ['A', 'D', 'B', 'C']]","{'A': 4, 'B': 4, 'C': 4, 'D': 3}","[0.88, 1.0]",4.0
92,"[1, 2]","[4, 4]","[0.75, 0.88]","[['A', 'C', 'B', 'D'], ['B', 'A', 'D', 'C']]","{'A': 4, 'B': 4, 'C': 4, 'D': 3}","[0.88, 1.0]",4.0
92,"[1, 2]","[4, 4]","[0.75, 0.88]","[['A', 'C', 'B', 'D'], ['B', 'D', 'A', 'C']]","{'A': 4, 'B': 4, 'C': 4, 'D': 3}","[0.88, 1.0]",4.0
92,"[1, 2]","[4, 4]","[0.75, 0.88]","[['A', 'C', 'B', 'D'], ['D', 'A', 'B', 'C']]","{'A': 4, 'B': 4, 'C': 4, 'D': 3}","[0.88, 1.0]",4.0
92,"[1, 2]","[4, 4]","[0.75, 0.88]","[['A', 'C', 'B', 'D'], ['D', 'B', 'A', 'C']]","{'A': 4, 'B': 4, 'C': 4, 'D': 3}","[0.88, 1.0]",4.0
92,"[1, 2]","[4, 4]","[0.75, 0.88]","[['A', 'D', 'B', 'C'], ['A', 'B', 'C', 'D']]","{'A': 4, 'B': 4, 'C': 4, 'D': 3}","[0.88, 1.0]",4.0
92,"[1, 2]","[4, 4]","[0.75, 0.88]","[['A', 'D', 'B', 'C'], ['A', 'C', 'B', 'D']]","{'A': 4, 'B': 4, 'C': 4, 'D': 3}","[0.88, 1.0]",4.0
92,"[1, 2]","[4, 4]","[0.75, 0.88]","[['A', 'D', 'B', 'C'], ['B', 'A', 'C', 'D']]","{'A': 4, 'B': 4, 'C': 4, 'D': 3}","[0.88, 1.0]",4.0
92,"[1, 2]","[4, 4]","[0.75, 0.88]","[['A', 'D', 'B', 'C'], ['B', 'C', 'A', 'D']]","{'A': 4, 'B': 4, 'C': 4, 'D': 3}","[0.88, 1.0]",4.0
92,"[1, 2]","[4, 4]","[0.75, 0.88]","[['A', 'D', 'B', 'C'], ['C', 'A', 'B', 'D']]","{'A': 4, 'B': 4, 'C': 4, 'D': 3}","[0.88, 1.0]",4.0
92,"[1, 2]","[4, 4]","[0.75, 0.88]","[['A', 'D', 'B', 'C'], ['C', 'B', 'A', 'D']]","{'A': 4, 'B': 4, 'C': 4, 'D': 3}","[0.88, 1.0]",4.0
92,"[1, 2]","[4, 4]","[0.75, 0.88]","[['B', 'A', 'C', 'D'], ['A', 'B', 'D', 'C']]","{'A': 4, 'B': 4, 'C': 4, 'D': 3}","[0.88, 1.0]",4.0
92,"[1, 2]","[4, 4]","[0.75, 0.88]","[['B', 'A', 'C', 'D'], ['A', 'D', 'B', 'C']]","{'A': 4, 'B': 4, 'C': 4, 'D': 3}","[0.88, 1.0]",4.0
92,"[1, 2]","[4, 4]","[0.75, 0.88]","[['B', 'A', 'C', 'D'], ['B', 'A', 'D', 'C']]","{'A': 4, 'B': 4, 'C': 4, 'D': 3}","[0.88, 1.0]",4.0
92,"[1, 2]","[4, 4]","[0.75, 0.88]","[['B', 'A', 'C', 'D'], ['B', 'D', 'A', 'C']]","{'A': 4, 'B': 4, 'C': 4, 'D': 3}","[0.88, 1.0]",4.0
92,"[1, 2]","[4, 4]","[0.75, 0.88]","[['B', 'A', 'C', 'D'], ['D', 'A', 'B', 'C']]","{'A': 4, 'B': 4, 'C': 4, 'D': 3}","[0.88, 1.0]",4.0
92,"[1, 2]","[4, 4]","[0.75, 0.88]","[['B', 'A', 'C', 'D'], ['D', 'B', 'A', 'C']]","{'A': 4, 'B': 4, 'C': 4, 'D': 3}","[0.88, 1.0]",4.0
92,"[1, 2]","[4, 4]","[0.75, 0.88]","[['B', 'A', 'D', 'C'], ['A', 'B', 'C', 'D']]","{'A': 4, 'B': 4, 'C': 4, 'D': 3}","[0.88, 1.0]",4.0
92,"[1, 2]","[4, 4]","[0.75, 0.88]","[['B', 'A', 'D', 'C'], ['A', 'C', 'B', 'D']]","{'A': 4, 'B': 4, 'C': 4, 'D': 3}","[0.88, 1.0]",4.0
92,"[1, 2]","[4, 4]","[0.75, 0.88]","[['B', 'A', 'D', 'C'], ['B', 'A', 'C', 'D']]","{'A': 4, 'B': 4, 'C': 4, 'D': 3}","[0.88, 1.0]",4.0
92,"[1, 2]","[4, 4]","[0.75, 0.88]","[['B', 'A', 'D', 'C'], ['B', 'C', 'A', 'D']]","{'A': 4, 'B': 4, 'C': 4, 'D': 3}","[0.88, 1.0]",4.0
92,"[1, 2]","[4, 4]","[0.75, 0.88]","[['B', 'A', 'D', 'C'], ['C', 'A', 'B', 'D']]","{'A': 4, 'B': 4, 'C': 4, 'D': 3}","[0.88, 1.0]",4.0
92,"[1, 2]","[4, 4]","[0.75, 0.88]","[['B', 'A', 'D', 'C'], ['C', 'B', 'A', 'D']]","{'A': 4, 'B': 4, 'C': 4, 'D': 3}","[0.88, 1.0]",4.0
92,"[1, 2]","[4, 4]","[0.75, 0.88]","[['B', 'C', 'A', 'D'], ['A', 'B', 'D', 'C']]","{'A': 4, 'B': 4, 'C': 4, 'D': 3}","[0.88, 1.0]",4.0
92,"[1, 2]","[4, 4]","[0.75, 0.88]","[['B', 'C', 'A', 'D'], ['A', 'D', 'B', 'C']]","{'A': 4, 'B': 4, 'C': 4, 'D': 3}","[0.88, 1.0]",4.0
92,"[1, 2]","[4, 4]","[0.75, 0.88]","[['B', 'C', 'A', 'D'], ['B', 'A', 'D', 'C']]","{'A': 4, 'B': 4, 'C': 4, 'D': 3}","[0.88, 1.0]",4.0
92,"[1, 2]","[4, 4]","[0.75, 0.88]","[['B', 'C', 'A', 'D'], ['B', 'D', 'A', 'C']]","{'A': 4, 'B': 4, 'C': 4, 'D': 3}","[0.88, 1.0]",4.0
92,"[1, 2]","[4, 4]","[0.75, 0.88]","[['B', 'C', 'A', 'D'], ['D', 'A', 'B', 'C']]","{'A': 4, 'B': 4, 'C': 4, 'D': 3}","[0.88, 1.0]",4.0
92,"[1, 2]","[4, 4]","[0.75, 0.88]","[['B', 'C', 'A', 'D'], ['D', 'B', 'A', 'C']]","{'A': 4, 'B': 4, 'C': 4, 'D': 3}","[0.88, 1.0]",4.0
92,"[1, 2]","[4, 4]","[0.75, 0.88]","[['B', 'D', 'A', 'C'], ['A', 'B', 'C', 'D']]","{'A': 4, 'B': 4, 'C': 4, 'D': 3}","[0.88, 1.0]",4.0
92,"[1, 2]","[4, 4]","[0.75, 0.88]","[['B', 'D', 'A', 'C'], ['A', 'C', 'B', 'D']]","{'A': 4, 'B': 4, 'C': 4, 'D': 3}","[0.88, 1.0]",4.0
92,"[1, 2]","[4, 4]","[0.75, 0.88]","[['B', 'D', 'A', 'C'], ['B', 'A', 'C', 'D']]","{'A': 4, 'B': 4, 'C': 4, 'D': 3}","[0.88, 1.0]",4.0
92,"[1, 2]","[4, 4]","[0.75, 0.88]","[['B', 'D', 'A', 'C'], ['B', 'C', 'A', 'D']]","{'A': 4, 'B': 4, 'C': 4, 'D': 3}","[0.88, 1.0]",4.0
92,"[1, 2]","[4, 4]","[0.75, 0.88]","[['B', 'D', 'A', 'C'], ['C', 'A', 'B', 'D']]","{'A': 4, 'B': 4, 'C': 4, 'D': 3}","[0.88, 1.0]",4.0
92,"[1, 2]","[4, 4]","[0.75, 0.88]","[['B', 'D', 'A', 'C'], ['C', 'B', 'A', 'D']]","{'A': 4, 'B': 4, 'C': 4, 'D': 3}","[0.88, 1.0]",4.0
92,"[1, 2]","[4, 4]","[0.75, 0.88]","[['C', 'A', 'B', 'D'], ['A', 'B', 'D', 'C']]","{'A': 4, 'B': 4, 'C': 4, 'D': 3}","[0.88, 1.0]",4.0
92,"[1, 2]","[4, 4]","[0.75, 0.88]","[['C', 'A', 'B', 'D'], ['A', 'D', 'B', 'C']]","{'A': 4, 'B': 4, 'C': 4, 'D': 3}","[0.88, 1.0]",4.0
92,"[1, 2]","[4, 4]","[0.75, 0.88]","[['C', 'A', 'B', 'D'], ['B', 'A', 'D', 'C']]","{'A': 4, 'B': 4, 'C': 4, 'D': 3}","[0.88, 1.0]",4.0
92,"[1, 2]","[4, 4]","[0.75, 0.88]","[['C', 'A', 'B', 'D'], ['B', 'D', 'A', 'C']]","{'A': 4, 'B': 4, 'C': 4, 'D': 3}","[0.88, 1.0]",4.0
92,"[1, 2]","[4, 4]","[0.75, 0.88]","[['C', 'A', 'B', 'D'], ['D', 'A', 'B', 'C']]","{'A': 4, 'B': 4, 'C': 4, 'D': 3}","[0.88, 1.0]",4.0
92,"[1, 2]","[4, 4]","[0.75, 0.88]","[['C', 'A', 'B', 'D'], ['D', 'B', 'A', 'C']]","{'A': 4, 'B': 4, 'C': 4, 'D': 3}","[0.88, 1.0]",4.0
92,"[1, 2]","[4, 4]","[0.75, 0.88]","[['C', 'B', 'A', 'D'], ['A', 'B', 'D', 'C']]","{'A': 4, 'B': 4, 'C': 4, 'D': 3}","[0.88, 1.0]",4.0
92,"[1, 2]","[4, 4]","[0.75, 0.88]","[['C', 'B', 'A', 'D'], ['A', 'D', 'B', 'C']]","{'A': 4, 'B': 4, 'C': 4, 'D': 3}","[0.88, 1.0]",4.0
92,"[1, 2]","[4, 4]","[0.75, 0.88]","[['C', 'B', 'A', 'D'], ['B', 'A', 'D', 'C']]","{'A': 4, 'B': 4, 'C': 4, 'D': 3}","[0.88, 1.0]",4.0
92,"[1, 2]","[4, 4]","[0.75, 0.88]","[['C', 'B', 'A', 'D'], ['B', 'D', 'A', 'C']]","{'A': 4, 'B': 4, 'C': 4, 'D': 3}","[0.88, 1.0]",4.0
92,"[1, 2]","[4, 4]","[0.75, 0.88]","[['C', 'B', 'A', 'D'], ['D', 'A', 'B', 'C']]","{'A': 4, 'B': 4, 'C': 4, 'D': 3}","[0.88, 1.0]",4.0
92,"[1, 2]","[4, 4]","[0.75, 0.88]","[['C', 'B', 'A', 'D'], ['D', 'B', 'A', 'C']]","{'A': 4, 'B': 4, 'C': 4, 'D': 3}","[0.88, 1.0]",4.0
92,"[1, 2]","[4, 4]","[0.75, 0.88]","[['D', 'A', 'B', 'C'], ['A', 'B', 'C', 'D']]","{'A': 4, 'B': 4, 'C': 4, 'D': 3}","[0.88, 1.0]",4.0
92,"[1, 2]","[4, 4]","[0.75, 0.88]","[['D', 'A', 'B', 'C'], ['A', 'C', 'B', 'D']]","{'A': 4, 'B': 4, 'C': 4, 'D': 3}","[0.88, 1.0]",4.0
92,"[1, 2]","[4, 4]","[0.75, 0.88]","[['D', 'A', 'B', 'C'], ['B', 'A', 'C', 'D']]","{'A': 4, 'B': 4, 'C': 4, 'D': 3}","[0.88, 1.0]",4.0
92,"[1, 2]","[4, 4]","[0.75, 0.88]","[['D', 'A', 'B', 'C'], ['B', 'C', 'A', 'D']]","{'A': 4, 'B': 4, 'C': 4, 'D': 3}","[0.88, 1.0]",4.0
92,"[1, 2]","[4, 4]","[0.75, 0.88]","[['D', 'A', 'B', 'C'], ['C', 'A', 'B', 'D']]","{'A': 4, 'B': 4, 'C': 4, 'D': 3}","[0.88, 1.0]",4.0
92,"[1, 2]","[4, 4]","[0.75, 0.88]","[['D', 'A', 'B', 'C'], ['C', 'B', 'A', 'D']]","{'A': 4, 'B': 4, 'C': 4, 'D': 3}","[0.88, 1.0]",4.0
92,"[1, 2]","[4, 4]","[0.75, 0.88]","[['D', 'B', 'A', 'C'], ['A', 'B', 'C', 'D']]","{'A': 4, 'B': 4, 'C': 4, 'D': 3}","[0.88, 1.0]",4.0
92,"[1, 2]","[4, 4]","[0.75, 0.88]","[['D', 'B', 'A', 'C'], ['A', 'C', 'B', 'D']]","{'A': 4, 'B': 4, 'C': 4, 'D': 3}","[0.88, 1.0]",4.0
92,"[1, 2]","[4, 4]","[0.75, 0.88]","[['D', 'B', 'A', 'C'], ['B', 'A', 'C', 'D']]","{'A': 4, 'B': 4, 'C': 4, 'D': 3}","[0.88, 1.0]",4.0
92,"[1, 2]","[4, 4]","[0.75, 0.88]","[['D', 'B', 'A', 'C'], ['B', 'C', 'A', 'D']]","{'A': 4, 'B': 4, 'C': 4, 'D': 3}","[0.88, 1.0]",4.0
92,"[1, 2]","[4, 4]","[0.75, 0.88]","[['D', 'B', 'A', 'C'], ['C', 'A', 'B', 'D']]","{'A': 4, 'B': 4, 'C': 4, 'D': 3}","[0.88, 1.0]",4.0
92,"[1, 2]","[4, 4]","[0.75, 0.88]","[['D', 'B', 'A', 'C'], ['C', 'B', 'A', 'D']]","{'A': 4, 'B': 4, 'C': 4, 'D': 3}","[0.88, 1.0]",4.0
92,"[1, 5]","[4, 4]","[0.75, 0.79]","[['A', 'B', 'C', 'D'], ['A', 'B', 'D', 'C']]","{'A': 4, 'B': 4, 'C': 4, 'D': 3}","[0.88, 1.0]",4.0
92,"[1, 5]","[4, 4]","[0.75, 0.79]","[['A', 'B', 'C', 'D'], ['A', 'D', 'B', 'C']]","{'A': 4, 'B': 4, 'C': 4, 'D': 3}","[0.88, 1.0]",4.0
92,"[1, 5]","[4, 4]","[0.75, 0.79]","[['A', 'B', 'C', 'D'], ['B', 'A', 'D', 'C']]","{'A': 4, 'B': 4, 'C': 4, 'D': 3}","[0.88, 1.0]",4.0
92,"[1, 5]","[4, 4]","[0.75, 0.79]","[['A', 'B', 'C', 'D'], ['B', 'D', 'A', 'C']]","{'A': 4, 'B': 4, 'C': 4, 'D': 3}","[0.88, 1.0]",4.0
92,"[1, 5]","[4, 4]","[0.75, 0.79]","[['A', 'B', 'C', 'D'], ['D', 'A', 'B', 'C']]","{'A': 4, 'B': 4, 'C': 4, 'D': 3}","[0.88, 1.0]",4.0
92,"[1, 5]","[4, 4]","[0.75, 0.79]","[['A', 'B', 'C', 'D'], ['D', 'B', 'A', 'C']]","{'A': 4, 'B': 4, 'C': 4, 'D': 3}","[0.88, 1.0]",4.0
92,"[1, 5]","[4, 4]","[0.75, 0.79]","[['A', 'B', 'D', 'C'], ['A', 'B', 'C', 'D']]","{'A': 4, 'B': 4, 'C': 4, 'D': 3}","[0.88, 1.0]",4.0
92,"[1, 5]","[4, 4]","[0.75, 0.79]","[['A', 'B', 'D', 'C'], ['A', 'C', 'B', 'D']]","{'A': 4, 'B': 4, 'C': 4, 'D': 3}","[0.88, 1.0]",4.0
92,"[1, 5]","[4, 4]","[0.75, 0.79]","[['A', 'B', 'D', 'C'], ['B', 'A', 'C', 'D']]","{'A': 4, 'B': 4, 'C': 4, 'D': 3}","[0.88, 1.0]",4.0
92,"[1, 5]","[4, 4]","[0.75, 0.79]","[['A', 'B', 'D', 'C'], ['B', 'C', 'A', 'D']]","{'A': 4, 'B': 4, 'C': 4, 'D': 3}","[0.88, 1.0]",4.0
92,"[1, 5]","[4, 4]","[0.75, 0.79]","[['A', 'B', 'D', 'C'], ['C', 'A', 'B', 'D']]","{'A': 4, 'B': 4, 'C': 4, 'D': 3}","[0.88, 1.0]",4.0
92,"[1, 5]","[4, 4]","[0.75, 0.79]","[['A', 'B', 'D', 'C'], ['C', 'B', 'A', 'D']]","{'A': 4, 'B': 4, 'C': 4, 'D': 3}","[0.88, 1.0]",4.0
92,"[1, 5]","[4, 4]","[0.75, 0.79]","[['A', 'C', 'B', 'D'], ['A', 'B', 'D', 'C']]","{'A': 4, 'B': 4, 'C': 4, 'D': 3}","[0.88, 1.0]",4.0
92,"[1, 5]","[4, 4]","[0.75, 0.79]","[['A', 'C', 'B', 'D'], ['A', 'D', 'B', 'C']]","{'A': 4, 'B': 4, 'C': 4, 'D': 3}","[0.88, 1.0]",4.0
92,"[1, 5]","[4, 4]","[0.75, 0.79]","[['A', 'C', 'B', 'D'], ['B', 'A', 'D', 'C']]","{'A': 4, 'B': 4, 'C': 4, 'D': 3}","[0.88, 1.0]",4.0
92,"[1, 5]","[4, 4]","[0.75, 0.79]","[['A', 'C', 'B', 'D'], ['B', 'D', 'A', 'C']]","{'A': 4, 'B': 4, 'C': 4, 'D': 3}","[0.88, 1.0]",4.0
92,"[1, 5]","[4, 4]","[0.75, 0.79]","[['A', 'C', 'B', 'D'], ['D', 'A', 'B', 'C']]","{'A': 4, 'B': 4, 'C': 4, 'D': 3}","[0.88, 1.0]",4.0
92,"[1, 5]","[4, 4]","[0.75, 0.79]","[['A', 'C', 'B', 'D'], ['D', 'B', 'A', 'C']]","{'A': 4, 'B': 4, 'C': 4, 'D': 3}","[0.88, 1.0]",4.0
92,"[1, 5]","[4, 4]","[0.75, 0.79]","[['A', 'D', 'B', 'C'], ['A', 'B', 'C', 'D']]","{'A': 4, 'B': 4, 'C': 4, 'D': 3}","[0.88, 1.0]",4.0
92,"[1, 5]","[4, 4]","[0.75, 0.79]","[['A', 'D', 'B', 'C'], ['A', 'C', 'B', 'D']]","{'A': 4, 'B': 4, 'C': 4, 'D': 3}","[0.88, 1.0]",4.0
92,"[1, 5]","[4, 4]","[0.75, 0.79]","[['A', 'D', 'B', 'C'], ['B', 'A', 'C', 'D']]","{'A': 4, 'B': 4, 'C': 4, 'D': 3}","[0.88, 1.0]",4.0
92,"[1, 5]","[4, 4]","[0.75, 0.79]","[['A', 'D', 'B', 'C'], ['B', 'C', 'A', 'D']]","{'A': 4, 'B': 4, 'C': 4, 'D': 3}","[0.88, 1.0]",4.0
92,"[1, 5]","[4, 4]","[0.75, 0.79]","[['A', 'D', 'B', 'C'], ['C', 'A', 'B', 'D']]","{'A': 4, 'B': 4, 'C': 4, 'D': 3}","[0.88, 1.0]",4.0
92,"[1, 5]","[4, 4]","[0.75, 0.79]","[['A', 'D', 'B', 'C'], ['C', 'B', 'A', 'D']]","{'A': 4, 'B': 4, 'C': 4, 'D': 3}","[0.88, 1.0]",4.0
92,"[1, 5]","[4, 4]","[0.75, 0.79]","[['B', 'A', 'C', 'D'], ['A', 'B', 'D', 'C']]","{'A': 4, 'B': 4, 'C': 4, 'D': 3}","[0.88, 1.0]",4.0
92,"[1, 5]","[4, 4]","[0.75, 0.79]","[['B', 'A', 'C', 'D'], ['A', 'D', 'B', 'C']]","{'A': 4, 'B': 4, 'C': 4, 'D': 3}","[0.88, 1.0]",4.0
92,"[1, 5]","[4, 4]","[0.75, 0.79]","[['B', 'A', 'C', 'D'], ['B', 'A', 'D', 'C']]","{'A': 4, 'B': 4, 'C': 4, 'D': 3}","[0.88, 1.0]",4.0
92,"[1, 5]","[4, 4]","[0.75, 0.79]","[['B', 'A', 'C', 'D'], ['B', 'D', 'A', 'C']]","{'A': 4, 'B': 4, 'C': 4, 'D': 3}","[0.88, 1.0]",4.0
92,"[1, 5]","[4, 4]","[0.75, 0.79]","[['B', 'A', 'C', 'D'], ['D', 'A', 'B', 'C']]","{'A': 4, 'B': 4, 'C': 4, 'D': 3}","[0.88, 1.0]",4.0
92,"[1, 5]","[4, 4]","[0.75, 0.79]","[['B', 'A', 'C', 'D'], ['D', 'B', 'A', 'C']]","{'A': 4, 'B': 4, 'C': 4, 'D': 3}","[0.88, 1.0]",4.0
92,"[1, 5]","[4, 4]","[0.75, 0.79]","[['B', 'A', 'D', 'C'], ['A', 'B', 'C', 'D']]","{'A': 4, 'B': 4, 'C': 4, 'D': 3}","[0.88, 1.0]",4.0
92,"[1, 5]","[4, 4]","[0.75, 0.79]","[['B', 'A', 'D', 'C'], ['A', 'C', 'B', 'D']]","{'A': 4, 'B': 4, 'C': 4, 'D': 3}","[0.88, 1.0]",4.0
92,"[1, 5]","[4, 4]","[0.75, 0.79]","[['B', 'A', 'D', 'C'], ['B', 'A', 'C', 'D']]","{'A': 4, 'B': 4, 'C': 4, 'D': 3}","[0.88, 1.0]",4.0
92,"[1, 5]","[4, 4]","[0.75, 0.79]","[['B', 'A', 'D', 'C'], ['B', 'C', 'A', 'D']]","{'A': 4, 'B': 4, 'C': 4, 'D': 3}","[0.88, 1.0]",4.0
92,"[1, 5]","[4, 4]","[0.75, 0.79]","[['B', 'A', 'D', 'C'], ['C', 'A', 'B', 'D']]","{'A': 4, 'B': 4, 'C': 4, 'D': 3}","[0.88, 1.0]",4.0
92,"[1, 5]","[4, 4]","[0.75, 0.79]","[['B', 'A', 'D', 'C'], ['C', 'B', 'A', 'D']]","{'A': 4, 'B': 4, 'C': 4, 'D': 3}","[0.88, 1.0]",4.0
92,"[1, 5]","[4, 4]","[0.75, 0.79]","[['B', 'C', 'A', 'D'], ['A', 'B', 'D', 'C']]","{'A': 4, 'B': 4, 'C': 4, 'D': 3}","[0.88, 1.0]",4.0
92,"[1, 5]","[4, 4]","[0.75, 0.79]","[['B', 'C', 'A', 'D'], ['A', 'D', 'B', 'C']]","{'A': 4, 'B': 4, 'C': 4, 'D': 3}","[0.88, 1.0]",4.0
92,"[1, 5]","[4, 4]","[0.75, 0.79]","[['B', 'C', 'A', 'D'], ['B', 'A', 'D', 'C']]","{'A': 4, 'B': 4, 'C': 4, 'D': 3}","[0.88, 1.0]",4.0
92,"[1, 5]","[4, 4]","[0.75, 0.79]","[['B', 'C', 'A', 'D'], ['B', 'D', 'A', 'C']]","{'A': 4, 'B': 4, 'C': 4, 'D': 3}","[0.88, 1.0]",4.0
92,"[1, 5]","[4, 4]","[0.75, 0.79]","[['B', 'C', 'A', 'D'], ['D', 'A', 'B', 'C']]","{'A': 4, 'B': 4, 'C': 4, 'D': 3}","[0.88, 1.0]",4.0
92,"[1, 5]","[4, 4]","[0.75, 0.79]","[['B', 'C', 'A', 'D'], ['D', 'B', 'A', 'C']]","{'A': 4, 'B': 4, 'C': 4, 'D': 3}","[0.88, 1.0]",4.0
92,"[1, 5]","[4, 4]","[0.75, 0.79]","[['B', 'D', 'A', 'C'], ['A', 'B', 'C', 'D']]","{'A': 4, 'B': 4, 'C': 4, 'D': 3}","[0.88, 1.0]",4.0
92,"[1, 5]","[4, 4]","[0.75, 0.79]","[['B', 'D', 'A', 'C'], ['A', 'C', 'B', 'D']]","{'A': 4, 'B': 4, 'C': 4, 'D': 3}","[0.88, 1.0]",4.0
92,"[1, 5]","[4, 4]","[0.75, 0.79]","[['B', 'D', 'A', 'C'], ['B', 'A', 'C', 'D']]","{'A': 4, 'B': 4, 'C': 4, 'D': 3}","[0.88, 1.0]",4.0
92,"[1, 5]","[4, 4]","[0.75, 0.79]","[['B', 'D', 'A', 'C'], ['B', 'C', 'A', 'D']]","{'A': 4, 'B': 4, 'C': 4, 'D': 3}","[0.88, 1.0]",4.0
92,"[1, 5]","[4, 4]","[0.75, 0.79]","[['B', 'D', 'A', 'C'], ['C', 'A', 'B', 'D']]","{'A': 4, 'B': 4, 'C': 4, 'D': 3}","[0.88, 1.0]",4.0
92,"[1, 5]","[4, 4]","[0.75, 0.79]","[['B', 'D', 'A', 'C'], ['C', 'B', 'A', 'D']]","{'A': 4, 'B': 4, 'C': 4, 'D': 3}","[0.88, 1.0]",4.0
92,"[1, 5]","[4, 4]","[0.75, 0.79]","[['C', 'A', 'B', 'D'], ['A', 'B', 'D', 'C']]","{'A': 4, 'B': 4, 'C': 4, 'D': 3}","[0.88, 1.0]",4.0
92,"[1, 5]","[4, 4]","[0.75, 0.79]","[['C', 'A', 'B', 'D'], ['A', 'D', 'B', 'C']]","{'A': 4, 'B': 4, 'C': 4, 'D': 3}","[0.88, 1.0]",4.0
92,"[1, 5]","[4, 4]","[0.75, 0.79]","[['C', 'A', 'B', 'D'], ['B', 'A', 'D', 'C']]","{'A': 4, 'B': 4, 'C': 4, 'D': 3}","[0.88, 1.0]",4.0
92,"[1, 5]","[4, 4]","[0.75, 0.79]","[['C', 'A', 'B', 'D'], ['B', 'D', 'A', 'C']]","{'A': 4, 'B': 4, 'C': 4, 'D': 3}","[0.88, 1.0]",4.0
92,"[1, 5]","[4, 4]","[0.75, 0.79]","[['C', 'A', 'B', 'D'], ['D', 'A', 'B', 'C']]","{'A': 4, 'B': 4, 'C': 4, 'D': 3}","[0.88, 1.0]",4.0
92,"[1, 5]","[4, 4]","[0.75, 0.79]","[['C', 'A', 'B', 'D'], ['D', 'B', 'A', 'C']]","{'A': 4, 'B': 4, 'C': 4, 'D': 3}","[0.88, 1.0]",4.0
92,"[1, 5]","[4, 4]","[0.75, 0.79]","[['C', 'B', 'A', 'D'], ['A', 'B', 'D', 'C']]","{'A': 4, 'B': 4, 'C': 4, 'D': 3}","[0.88, 1.0]",4.0
92,"[1, 5]","[4, 4]","[0.75, 0.79]","[['C', 'B', 'A', 'D'], ['A', 'D', 'B', 'C']]","{'A': 4, 'B': 4, 'C': 4, 'D': 3}","[0.88, 1.0]",4.0
92,"[1, 5]","[4, 4]","[0.75, 0.79]","[['C', 'B', 'A', 'D'], ['B', 'A', 'D', 'C']]","{'A': 4, 'B': 4, 'C': 4, 'D': 3}","[0.88, 1.0]",4.0
92,"[1, 5]","[4, 4]","[0.75, 0.79]","[['C', 'B', 'A', 'D'], ['B', 'D', 'A', 'C']]","{'A': 4, 'B': 4, 'C': 4, 'D': 3}","[0.88, 1.0]",4.0
92,"[1, 5]","[4, 4]","[0.75, 0.79]","[['C', 'B', 'A', 'D'], ['D', 'A', 'B', 'C']]","{'A': 4, 'B': 4, 'C': 4, 'D': 3}","[0.88, 1.0]",4.0
92,"[1, 5]","[4, 4]","[0.75, 0.79]","[['C', 'B', 'A', 'D'], ['D', 'B', 'A', 'C']]","{'A': 4, 'B': 4, 'C': 4, 'D': 3}","[0.88, 1.0]",4.0
92,"[1, 5]","[4, 4]","[0.75, 0.79]","[['D', 'A', 'B', 'C'], ['A', 'B', 'C', 'D']]","{'A': 4, 'B': 4, 'C': 4, 'D': 3}","[0.88, 1.0]",4.0
92,"[1, 5]","[4, 4]","[0.75, 0.79]","[['D', 'A', 'B', 'C'], ['A', 'C', 'B', 'D']]","{'A': 4, 'B': 4, 'C': 4, 'D': 3}","[0.88, 1.0]",4.0
92,"[1, 5]","[4, 4]","[0.75, 0.79]","[['D', 'A', 'B', 'C'], ['B', 'A', 'C', 'D']]","{'A': 4, 'B': 4, 'C': 4, 'D': 3}","[0.88, 1.0]",4.0
92,"[1, 5]","[4, 4]","[0.75, 0.79]","[['D', 'A', 'B', 'C'], ['B', 'C', 'A', 'D']]","{'A': 4, 'B': 4, 'C': 4, 'D': 3}","[0.88, 1.0]",4.0
92,"[1, 5]","[4, 4]","[0.75, 0.79]","[['D', 'A', 'B', 'C'], ['C', 'A', 'B', 'D']]","{'A': 4, 'B': 4, 'C': 4, 'D': 3}","[0.88, 1.0]",4.0
92,"[1, 5]","[4, 4]","[0.75, 0.79]","[['D', 'A', 'B', 'C'], ['C', 'B', 'A', 'D']]","{'A': 4, 'B': 4, 'C': 4, 'D': 3}","[0.88, 1.0]",4.0
92,"[1, 5]","[4, 4]","[0.75, 0.79]","[['D', 'B', 'A', 'C'], ['A', 'B', 'C', 'D']]","{'A': 4, 'B': 4, 'C': 4, 'D': 3}","[0.88, 1.0]",4.0
92,"[1, 5]","[4, 4]","[0.75, 0.79]","[['D', 'B', 'A', 'C'], ['A', 'C', 'B', 'D']]","{'A': 4, 'B': 4, 'C': 4, 'D': 3}","[0.88, 1.0]",4.0
92,"[1, 5]","[4, 4]","[0.75, 0.79]","[['D', 'B', 'A', 'C'], ['B', 'A', 'C', 'D']]","{'A': 4, 'B': 4, 'C': 4, 'D': 3}","[0.88, 1.0]",4.0
92,"[1, 5]","[4, 4]","[0.75, 0.79]","[['D', 'B', 'A', 'C'], ['B', 'C', 'A', 'D']]","{'A': 4, 'B': 4, 'C': 4, 'D': 3}","[0.88, 1.0]",4.0
92,"[1, 5]","[4, 4]","[0.75, 0.79]","[['D', 'B', 'A', 'C'], ['C', 'A', 'B', 'D']]","{'A': 4, 'B': 4, 'C': 4, 'D': 3}","[0.88, 1.0]",4.0
92,"[1, 5]","[4, 4]","[0.75, 0.79]","[['D', 'B', 'A', 'C'], ['C', 'B', 'A', 'D']]","{'A': 4, 'B': 4, 'C': 4, 'D': 3}","[0.88, 1.0]",4.0
92,"[2, 5]","[4, 4]","[0.88, 0.79]","[['A', 'B', 'C', 'D'], ['A', 'B', 'D', 'C']]","{'A': 4, 'B': 4, 'C': 4, 'D': 3}","[1.0, 1.0]",4.0
92,"[2, 5]","[4, 4]","[0.88, 0.79]","[['A', 'B', 'C', 'D'], ['A', 'D', 'B', 'C']]","{'A': 4, 'B': 4, 'C': 4, 'D': 3}","[1.0, 1.0]",4.0
92,"[2, 5]","[4, 4]","[0.88, 0.79]","[['A', 'B', 'C', 'D'], ['B', 'A', 'D', 'C']]","{'A': 4, 'B': 4, 'C': 4, 'D': 3}","[1.0, 1.0]",4.0
92,"[2, 5]","[4, 4]","[0.88, 0.79]","[['A', 'B', 'C', 'D'], ['B', 'D', 'A', 'C']]","{'A': 4, 'B': 4, 'C': 4, 'D': 3}","[1.0, 1.0]",4.0
92,"[2, 5]","[4, 4]","[0.88, 0.79]","[['A', 'B', 'C', 'D'], ['D', 'A', 'B', 'C']]","{'A': 4, 'B': 4, 'C': 4, 'D': 3}","[1.0, 1.0]",4.0
92,"[2, 5]","[4, 4]","[0.88, 0.79]","[['A', 'B', 'C', 'D'], ['D', 'B', 'A', 'C']]","{'A': 4, 'B': 4, 'C': 4, 'D': 3}","[1.0, 1.0]",4.0
92,"[2, 5]","[4, 4]","[0.88, 0.79]","[['A', 'B', 'D', 'C'], ['A', 'B', 'C', 'D']]","{'A': 4, 'B': 4, 'C': 4, 'D': 3}","[1.0, 1.0]",4.0
92,"[2, 5]","[4, 4]","[0.88, 0.79]","[['A', 'B', 'D', 'C'], ['A', 'B', 'D', 'C']]","{'A': 4, 'B': 4, 'D': 4, 'C': 3}","[1.0, 1.0]",3.79
92,"[2, 5]","[4, 4]","[0.88, 0.79]","[['A', 'B', 'D', 'C'], ['A', 'C', 'B', 'D']]","{'A': 4, 'B': 4, 'C': 4, 'D': 3}","[1.0, 1.0]",4.0
92,"[2, 5]","[4, 4]","[0.88, 0.79]","[['A', 'B', 'D', 'C'], ['A', 'C', 'D', 'B']]","{'A': 4, 'C': 4, 'D': 4, 'B': 3}","[1.0, 1.0]",4.04
92,"[2, 5]","[4, 4]","[0.88, 0.79]","[['A', 'B', 'D', 'C'], ['A', 'D', 'B', 'C']]","{'A': 4, 'B': 4, 'D': 4, 'C': 3}","[1.0, 1.0]",3.79
92,"[2, 5]","[4, 4]","[0.88, 0.79]","[['A', 'B', 'D', 'C'], ['A', 'D', 'C', 'B']]","{'A': 4, 'C': 4, 'D': 4, 'B': 3}","[1.0, 1.0]",4.04
92,"[2, 5]","[4, 4]","[0.88, 0.79]","[['A', 'B', 'D', 'C'], ['B', 'A', 'C', 'D']]","{'A': 4, 'B': 4, 'C': 4, 'D': 3}","[1.0, 1.0]",4.0
92,"[2, 5]","[4, 4]","[0.88, 0.79]","[['A', 'B', 'D', 'C'], ['B', 'A', 'D', 'C']]","{'A': 4, 'B': 4, 'D': 4, 'C': 3}","[1.0, 1.0]",3.79
92,"[2, 5]","[4, 4]","[0.88, 0.79]","[['A', 'B', 'D', 'C'], ['B', 'C', 'A', 'D']]","{'A': 4, 'B': 4, 'C': 4, 'D': 3}","[1.0, 1.0]",4.0
92,"[2, 5]","[4, 4]","[0.88, 0.79]","[['A', 'B', 'D', 'C'], ['B', 'D', 'A', 'C']]","{'A': 4, 'B': 4, 'D': 4, 'C': 3}","[1.0, 1.0]",3.79
92,"[2, 5]","[4, 4]","[0.88, 0.79]","[['A', 'B', 'D', 'C'], ['C', 'A', 'B', 'D']]","{'A': 4, 'B': 4, 'C': 4, 'D': 3}","[1.0, 1.0]",4.0
92,"[2, 5]","[4, 4]","[0.88, 0.79]","[['A', 'B', 'D', 'C'], ['C', 'A', 'D', 'B']]","{'A': 4, 'C': 4, 'D': 4, 'B': 3}","[1.0, 1.0]",4.04
92,"[2, 5]","[4, 4]","[0.88, 0.79]","[['A', 'B', 'D', 'C'], ['C', 'B', 'A', 'D']]","{'A': 4, 'B': 4, 'C': 4, 'D': 3}","[1.0, 1.0]",4.0
92,"[2, 5]","[4, 4]","[0.88, 0.79]","[['A', 'B', 'D', 'C'], ['C', 'D', 'A', 'B']]","{'A': 4, 'C': 4, 'D': 4, 'B': 3}","[1.0, 1.0]",4.04
92,"[2, 5]","[4, 4]","[0.88, 0.79]","[['A', 'B', 'D', 'C'], ['D', 'A', 'B', 'C']]","{'A': 4, 'B': 4, 'D': 4, 'C': 3}","[1.0, 1.0]",3.79
92,"[2, 5]","[4, 4]","[0.88, 0.79]","[['A', 'B', 'D', 'C'], ['D', 'A', 'C', 'B']]","{'A': 4, 'C': 4, 'D': 4, 'B': 3}","[1.0, 1.0]",4.04
92,"[2, 5]","[4, 4]","[0.88, 0.79]","[['A', 'B', 'D', 'C'], ['D', 'B', 'A', 'C']]","{'A': 4, 'B': 4, 'D': 4, 'C': 3}","[1.0, 1.0]",3.79
92,"[2, 5]","[4, 4]","[0.88, 0.79]","[['A', 'B', 'D', 'C'], ['D', 'C', 'A', 'B']]","{'A': 4, 'C': 4, 'D': 4, 'B': 3}","[1.0, 1.0]",4.04
92,"[2, 5]","[4, 4]","[0.88, 0.79]","[['A', 'C', 'B', 'D'], ['A', 'B', 'D', 'C']]","{'A': 4, 'B': 4, 'C': 4, 'D': 3}","[1.0, 1.0]",4.0
92,"[2, 5]","[4, 4]","[0.88, 0.79]","[['A', 'C', 'B', 'D'], ['A', 'D', 'B', 'C']]","{'A': 4, 'B': 4, 'C': 4, 'D': 3}","[1.0, 1.0]",4.0
92,"[2, 5]","[4, 4]","[0.88, 0.79]","[['A', 'C', 'B', 'D'], ['B', 'A', 'D', 'C']]","{'A': 4, 'B': 4, 'C': 4, 'D': 3}","[1.0, 1.0]",4.0
92,"[2, 5]","[4, 4]","[0.88, 0.79]","[['A', 'C', 'B', 'D'], ['B', 'D', 'A', 'C']]","{'A': 4, 'B': 4, 'C': 4, 'D': 3}","[1.0, 1.0]",4.0
92,"[2, 5]","[4, 4]","[0.88, 0.79]","[['A', 'C', 'B', 'D'], ['D', 'A', 'B', 'C']]","{'A': 4, 'B': 4, 'C': 4, 'D': 3}","[1.0, 1.0]",4.0
92,"[2, 5]","[4, 4]","[0.88, 0.79]","[['A', 'C', 'B', 'D'], ['D', 'B', 'A', 'C']]","{'A': 4, 'B': 4, 'C': 4, 'D': 3}","[1.0, 1.0]",4.0
92,"[2, 5]","[4, 4]","[0.88, 0.79]","[['A', 'C', 'D', 'B'], ['A', 'B', 'D', 'C']]","{'A': 4, 'C': 4, 'D': 4, 'B': 3}","[1.0, 1.0]",4.04
92,"[2, 5]","[4, 4]","[0.88, 0.79]","[['A', 'C', 'D', 'B'], ['A', 'D', 'B', 'C']]","{'A': 4, 'C': 4, 'D': 4, 'B': 3}","[1.0, 1.0]",4.04
92,"[2, 5]","[4, 4]","[0.88, 0.79]","[['A', 'C', 'D', 'B'], ['B', 'A', 'D', 'C']]","{'A': 4, 'C': 4, 'D': 4, 'B': 3}","[1.0, 1.0]",4.04
92,"[2, 5]","[4, 4]","[0.88, 0.79]","[['A', 'C', 'D', 'B'], ['B', 'D', 'A', 'C']]","{'A': 4, 'C': 4, 'D': 4, 'B': 3}","[1.0, 1.0]",4.04
92,"[2, 5]","[4, 4]","[0.88, 0.79]","[['A', 'C', 'D', 'B'], ['D', 'A', 'B', 'C']]","{'A': 4, 'C': 4, 'D': 4, 'B': 3}","[1.0, 1.0]",4.04
92,"[2, 5]","[4, 4]","[0.88, 0.79]","[['A', 'C', 'D', 'B'], ['D', 'B', 'A', 'C']]","{'A': 4, 'C': 4, 'D': 4, 'B': 3}","[1.0, 1.0]",4.04
92,"[2, 5]","[4, 4]","[0.88, 0.79]","[['A', 'D', 'B', 'C'], ['A', 'B', 'C', 'D']]","{'A': 4, 'B': 4, 'C': 4, 'D': 3}","[1.0, 1.0]",4.0
92,"[2, 5]","[4, 4]","[0.88, 0.79]","[['A', 'D', 'B', 'C'], ['A', 'B', 'D', 'C']]","{'A': 4, 'B': 4, 'D': 4, 'C': 3}","[1.0, 1.0]",3.79
92,"[2, 5]","[4, 4]","[0.88, 0.79]","[['A', 'D', 'B', 'C'], ['A', 'C', 'B', 'D']]","{'A': 4, 'B': 4, 'C': 4, 'D': 3}","[1.0, 1.0]",4.0
92,"[2, 5]","[4, 4]","[0.88, 0.79]","[['A', 'D', 'B', 'C'], ['A', 'C', 'D', 'B']]","{'A': 4, 'C': 4, 'D': 4, 'B': 3}","[1.0, 1.0]",4.04
92,"[2, 5]","[4, 4]","[0.88, 0.79]","[['A', 'D', 'B', 'C'], ['A', 'D', 'B', 'C']]","{'A': 4, 'B': 4, 'D': 4, 'C': 3}","[1.0, 1.0]",3.79
92,"[2, 5]","[4, 4]","[0.88, 0.79]","[['A', 'D', 'B', 'C'], ['A', 'D', 'C', 'B']]","{'A': 4, 'C': 4, 'D': 4, 'B': 3}","[1.0, 1.0]",4.04
92,"[2, 5]","[4, 4]","[0.88, 0.79]","[['A', 'D', 'B', 'C'], ['B', 'A', 'C', 'D']]","{'A': 4, 'B': 4, 'C': 4, 'D': 3}","[1.0, 1.0]",4.0
92,"[2, 5]","[4, 4]","[0.88, 0.79]","[['A', 'D', 'B', 'C'], ['B', 'A', 'D', 'C']]","{'A': 4, 'B': 4, 'D': 4, 'C': 3}","[1.0, 1.0]",3.79
92,"[2, 5]","[4, 4]","[0.88, 0.79]","[['A', 'D', 'B', 'C'], ['B', 'C', 'A', 'D']]","{'A': 4, 'B': 4, 'C': 4, 'D': 3}","[1.0, 1.0]",4.0
92,"[2, 5]","[4, 4]","[0.88, 0.79]","[['A', 'D', 'B', 'C'], ['B', 'D', 'A', 'C']]","{'A': 4, 'B': 4, 'D': 4, 'C': 3}","[1.0, 1.0]",3.79
92,"[2, 5]","[4, 4]","[0.88, 0.79]","[['A', 'D', 'B', 'C'], ['C', 'A', 'B', 'D']]","{'A': 4, 'B': 4, 'C': 4, 'D': 3}","[1.0, 1.0]",4.0
92,"[2, 5]","[4, 4]","[0.88, 0.79]","[['A', 'D', 'B', 'C'], ['C', 'A', 'D', 'B']]","{'A': 4, 'C': 4, 'D': 4, 'B': 3}","[1.0, 1.0]",4.04
92,"[2, 5]","[4, 4]","[0.88, 0.79]","[['A', 'D', 'B', 'C'], ['C', 'B', 'A', 'D']]","{'A': 4, 'B': 4, 'C': 4, 'D': 3}","[1.0, 1.0]",4.0
92,"[2, 5]","[4, 4]","[0.88, 0.79]","[['A', 'D', 'B', 'C'], ['C', 'D', 'A', 'B']]","{'A': 4, 'C': 4, 'D': 4, 'B': 3}","[1.0, 1.0]",4.04
92,"[2, 5]","[4, 4]","[0.88, 0.79]","[['A', 'D', 'B', 'C'], ['D', 'A', 'B', 'C']]","{'A': 4, 'B': 4, 'D': 4, 'C': 3}","[1.0, 1.0]",3.79
92,"[2, 5]","[4, 4]","[0.88, 0.79]","[['A', 'D', 'B', 'C'], ['D', 'A', 'C', 'B']]","{'A': 4, 'C': 4, 'D': 4, 'B': 3}","[1.0, 1.0]",4.04
92,"[2, 5]","[4, 4]","[0.88, 0.79]","[['A', 'D', 'B', 'C'], ['D', 'B', 'A', 'C']]","{'A': 4, 'B': 4, 'D': 4, 'C': 3}","[1.0, 1.0]",3.79
92,"[2, 5]","[4, 4]","[0.88, 0.79]","[['A', 'D', 'B', 'C'], ['D', 'C', 'A', 'B']]","{'A': 4, 'C': 4, 'D': 4, 'B': 3}","[1.0, 1.0]",4.04
92,"[2, 5]","[4, 4]","[0.88, 0.79]","[['A', 'D', 'C', 'B'], ['A', 'B', 'D', 'C']]","{'A': 4, 'C': 4, 'D': 4, 'B': 3}","[1.0, 1.0]",4.04
92,"[2, 5]","[4, 4]","[0.88, 0.79]","[['A', 'D', 'C', 'B'], ['A', 'D', 'B', 'C']]","{'A': 4, 'C': 4, 'D': 4, 'B': 3}","[1.0, 1.0]",4.04
92,"[2, 5]","[4, 4]","[0.88, 0.79]","[['A', 'D', 'C', 'B'], ['B', 'A', 'D', 'C']]","{'A': 4, 'C': 4, 'D': 4, 'B': 3}","[1.0, 1.0]",4.04
92,"[2, 5]","[4, 4]","[0.88, 0.79]","[['A', 'D', 'C', 'B'], ['B', 'D', 'A', 'C']]","{'A': 4, 'C': 4, 'D': 4, 'B': 3}","[1.0, 1.0]",4.04
92,"[2, 5]","[4, 4]","[0.88, 0.79]","[['A', 'D', 'C', 'B'], ['D', 'A', 'B', 'C']]","{'A': 4, 'C': 4, 'D': 4, 'B': 3}","[1.0, 1.0]",4.04
92,"[2, 5]","[4, 4]","[0.88, 0.79]","[['A', 'D', 'C', 'B'], ['D', 'B', 'A', 'C']]","{'A': 4, 'C': 4, 'D': 4, 'B': 3}","[1.0, 1.0]",4.04
92,"[2, 5]","[4, 4]","[0.88, 0.79]","[['B', 'A', 'C', 'D'], ['A', 'B', 'D', 'C']]","{'A': 4, 'B': 4, 'C': 4, 'D': 3}","[1.0, 1.0]",4.0
92,"[2, 5]","[4, 4]","[0.88, 0.79]","[['B', 'A', 'C', 'D'], ['A', 'D', 'B', 'C']]","{'A': 4, 'B': 4, 'C': 4, 'D': 3}","[1.0, 1.0]",4.0
92,"[2, 5]","[4, 4]","[0.88, 0.79]","[['B', 'A', 'C', 'D'], ['B', 'A', 'D', 'C']]","{'A': 4, 'B': 4, 'C': 4, 'D': 3}","[1.0, 1.0]",4.0
92,"[2, 5]","[4, 4]","[0.88, 0.79]","[['B', 'A', 'C', 'D'], ['B', 'D', 'A', 'C']]","{'A': 4, 'B': 4, 'C': 4, 'D': 3}","[1.0, 1.0]",4.0
92,"[2, 5]","[4, 4]","[0.88, 0.79]","[['B', 'A', 'C', 'D'], ['D', 'A', 'B', 'C']]","{'A': 4, 'B': 4, 'C': 4, 'D': 3}","[1.0, 1.0]",4.0
92,"[2, 5]","[4, 4]","[0.88, 0.79]","[['B', 'A', 'C', 'D'], ['D', 'B', 'A', 'C']]","{'A': 4, 'B': 4, 'C': 4, 'D': 3}","[1.0, 1.0]",4.0
92,"[2, 5]","[4, 4]","[0.88, 0.79]","[['B', 'A', 'D', 'C'], ['A', 'B', 'C', 'D']]","{'A': 4, 'B': 4, 'C': 4, 'D': 3}","[1.0, 1.0]",4.0
92,"[2, 5]","[4, 4]","[0.88, 0.79]","[['B', 'A', 'D', 'C'], ['A', 'B', 'D', 'C']]","{'A': 4, 'B': 4, 'D': 4, 'C': 3}","[1.0, 1.0]",3.79
92,"[2, 5]","[4, 4]","[0.88, 0.79]","[['B', 'A', 'D', 'C'], ['A', 'C', 'B', 'D']]","{'A': 4, 'B': 4, 'C': 4, 'D': 3}","[1.0, 1.0]",4.0
92,"[2, 5]","[4, 4]","[0.88, 0.79]","[['B', 'A', 'D', 'C'], ['A', 'C', 'D', 'B']]","{'A': 4, 'C': 4, 'D': 4, 'B': 3}","[1.0, 1.0]",4.04
92,"[2, 5]","[4, 4]","[0.88, 0.79]","[['B', 'A', 'D', 'C'], ['A', 'D', 'B', 'C']]","{'A': 4, 'B': 4, 'D': 4, 'C': 3}","[1.0, 1.0]",3.79
92,"[2, 5]","[4, 4]","[0.88, 0.79]","[['B', 'A', 'D', 'C'], ['A', 'D', 'C', 'B']]","{'A': 4, 'C': 4, 'D': 4, 'B': 3}","[1.0, 1.0]",4.04
92,"[2, 5]","[4, 4]","[0.88, 0.79]","[['B', 'A', 'D', 'C'], ['B', 'A', 'C', 'D']]","{'A': 4, 'B': 4, 'C': 4, 'D': 3}","[1.0, 1.0]",4.0
92,"[2, 5]","[4, 4]","[0.88, 0.79]","[['B', 'A', 'D', 'C'], ['B', 'A', 'D', 'C']]","{'A': 4, 'B': 4, 'D': 4, 'C': 3}","[1.0, 1.0]",3.79
92,"[2, 5]","[4, 4]","[0.88, 0.79]","[['B', 'A', 'D', 'C'], ['B', 'C', 'A', 'D']]","{'A': 4, 'B': 4, 'C': 4, 'D': 3}","[1.0, 1.0]",4.0
92,"[2, 5]","[4, 4]","[0.88, 0.79]","[['B', 'A', 'D', 'C'], ['B', 'D', 'A', 'C']]","{'A': 4, 'B': 4, 'D': 4, 'C': 3}","[1.0, 1.0]",3.79
92,"[2, 5]","[4, 4]","[0.88, 0.79]","[['B', 'A', 'D', 'C'], ['C', 'A', 'B', 'D']]","{'A': 4, 'B': 4, 'C': 4, 'D': 3}","[1.0, 1.0]",4.0
92,"[2, 5]","[4, 4]","[0.88, 0.79]","[['B', 'A', 'D', 'C'], ['C', 'A', 'D', 'B']]","{'A': 4, 'C': 4, 'D': 4, 'B': 3}","[1.0, 1.0]",4.04
92,"[2, 5]","[4, 4]","[0.88, 0.79]","[['B', 'A', 'D', 'C'], ['C', 'B', 'A', 'D']]","{'A': 4, 'B': 4, 'C': 4, 'D': 3}","[1.0, 1.0]",4.0
92,"[2, 5]","[4, 4]","[0.88, 0.79]","[['B', 'A', 'D', 'C'], ['C', 'D', 'A', 'B']]","{'A': 4, 'C': 4, 'D': 4, 'B': 3}","[1.0, 1.0]",4.04
92,"[2, 5]","[4, 4]","[0.88, 0.79]","[['B', 'A', 'D', 'C'], ['D', 'A', 'B', 'C']]","{'A': 4, 'B': 4, 'D': 4, 'C': 3}","[1.0, 1.0]",3.79
92,"[2, 5]","[4, 4]","[0.88, 0.79]","[['B', 'A', 'D', 'C'], ['D', 'A', 'C', 'B']]","{'A': 4, 'C': 4, 'D': 4, 'B': 3}","[1.0, 1.0]",4.04
92,"[2, 5]","[4, 4]","[0.88, 0.79]","[['B', 'A', 'D', 'C'], ['D', 'B', 'A', 'C']]","{'A': 4, 'B': 4, 'D': 4, 'C': 3}","[1.0, 1.0]",3.79
92,"[2, 5]","[4, 4]","[0.88, 0.79]","[['B', 'A', 'D', 'C'], ['D', 'C', 'A', 'B']]","{'A': 4, 'C': 4, 'D': 4, 'B': 3}","[1.0, 1.0]",4.04
92,"[2, 5]","[4, 4]","[0.88, 0.79]","[['B', 'C', 'A', 'D'], ['A', 'B', 'D', 'C']]","{'A': 4, 'B': 4, 'C': 4, 'D': 3}","[1.0, 1.0]",4.0
92,"[2, 5]","[4, 4]","[0.88, 0.79]","[['B', 'C', 'A', 'D'], ['A', 'D', 'B', 'C']]","{'A': 4, 'B': 4, 'C': 4, 'D': 3}","[1.0, 1.0]",4.0
92,"[2, 5]","[4, 4]","[0.88, 0.79]","[['B', 'C', 'A', 'D'], ['B', 'A', 'D', 'C']]","{'A': 4, 'B': 4, 'C': 4, 'D': 3}","[1.0, 1.0]",4.0
92,"[2, 5]","[4, 4]","[0.88, 0.79]","[['B', 'C', 'A', 'D'], ['B', 'D', 'A', 'C']]","{'A': 4, 'B': 4, 'C': 4, 'D': 3}","[1.0, 1.0]",4.0
92,"[2, 5]","[4, 4]","[0.88, 0.79]","[['B', 'C', 'A', 'D'], ['D', 'A', 'B', 'C']]","{'A': 4, 'B': 4, 'C': 4, 'D': 3}","[1.0, 1.0]",4.0
92,"[2, 5]","[4, 4]","[0.88, 0.79]","[['B', 'C', 'A', 'D'], ['D', 'B', 'A', 'C']]","{'A': 4, 'B': 4, 'C': 4, 'D': 3}","[1.0, 1.0]",4.0
92,"[2, 5]","[4, 4]","[0.88, 0.79]","[['B', 'D', 'A', 'C'], ['A', 'B', 'C', 'D']]","{'A': 4, 'B': 4, 'C': 4, 'D': 3}","[1.0, 1.0]",4.0
92,"[2, 5]","[4, 4]","[0.88, 0.79]","[['B', 'D', 'A', 'C'], ['A', 'B', 'D', 'C']]","{'A': 4, 'B': 4, 'D': 4, 'C': 3}","[1.0, 1.0]",3.79
92,"[2, 5]","[4, 4]","[0.88, 0.79]","[['B', 'D', 'A', 'C'], ['A', 'C', 'B', 'D']]","{'A': 4, 'B': 4, 'C': 4, 'D': 3}","[1.0, 1.0]",4.0
92,"[2, 5]","[4, 4]","[0.88, 0.79]","[['B', 'D', 'A', 'C'], ['A', 'C', 'D', 'B']]","{'A': 4, 'C': 4, 'D': 4, 'B': 3}","[1.0, 1.0]",4.04
92,"[2, 5]","[4, 4]","[0.88, 0.79]","[['B', 'D', 'A', 'C'], ['A', 'D', 'B', 'C']]","{'A': 4, 'B': 4, 'D': 4, 'C': 3}","[1.0, 1.0]",3.79
92,"[2, 5]","[4, 4]","[0.88, 0.79]","[['B', 'D', 'A', 'C'], ['A', 'D', 'C', 'B']]","{'A': 4, 'C': 4, 'D': 4, 'B': 3}","[1.0, 1.0]",4.04
92,"[2, 5]","[4, 4]","[0.88, 0.79]","[['B', 'D', 'A', 'C'], ['B', 'A', 'C', 'D']]","{'A': 4, 'B': 4, 'C': 4, 'D': 3}","[1.0, 1.0]",4.0
92,"[2, 5]","[4, 4]","[0.88, 0.79]","[['B', 'D', 'A', 'C'], ['B', 'A', 'D', 'C']]","{'A': 4, 'B': 4, 'D': 4, 'C': 3}","[1.0, 1.0]",3.79
92,"[2, 5]","[4, 4]","[0.88, 0.79]","[['B', 'D', 'A', 'C'], ['B', 'C', 'A', 'D']]","{'A': 4, 'B': 4, 'C': 4, 'D': 3}","[1.0, 1.0]",4.0
92,"[2, 5]","[4, 4]","[0.88, 0.79]","[['B', 'D', 'A', 'C'], ['B', 'D', 'A', 'C']]","{'A': 4, 'B': 4, 'D': 4, 'C': 3}","[1.0, 1.0]",3.79
92,"[2, 5]","[4, 4]","[0.88, 0.79]","[['B', 'D', 'A', 'C'], ['C', 'A', 'B', 'D']]","{'A': 4, 'B': 4, 'C': 4, 'D': 3}","[1.0, 1.0]",4.0
92,"[2, 5]","[4, 4]","[0.88, 0.79]","[['B', 'D', 'A', 'C'], ['C', 'A', 'D', 'B']]","{'A': 4, 'C': 4, 'D': 4, 'B': 3}","[1.0, 1.0]",4.04
92,"[2, 5]","[4, 4]","[0.88, 0.79]","[['B', 'D', 'A', 'C'], ['C', 'B', 'A', 'D']]","{'A': 4, 'B': 4, 'C': 4, 'D': 3}","[1.0, 1.0]",4.0
92,"[2, 5]","[4, 4]","[0.88, 0.79]","[['B', 'D', 'A', 'C'], ['C', 'D', 'A', 'B']]","{'A': 4, 'C': 4, 'D': 4, 'B': 3}","[1.0, 1.0]",4.04
92,"[2, 5]","[4, 4]","[0.88, 0.79]","[['B', 'D', 'A', 'C'], ['D', 'A', 'B', 'C']]","{'A': 4, 'B': 4, 'D': 4, 'C': 3}","[1.0, 1.0]",3.79
92,"[2, 5]","[4, 4]","[0.88, 0.79]","[['B', 'D', 'A', 'C'], ['D', 'A', 'C', 'B']]","{'A': 4, 'C': 4, 'D': 4, 'B': 3}","[1.0, 1.0]",4.04
92,"[2, 5]","[4, 4]","[0.88, 0.79]","[['B', 'D', 'A', 'C'], ['D', 'B', 'A', 'C']]","{'A': 4, 'B': 4, 'D': 4, 'C': 3}","[1.0, 1.0]",3.79
92,"[2, 5]","[4, 4]","[0.88, 0.79]","[['B', 'D', 'A', 'C'], ['D', 'C', 'A', 'B']]","{'A': 4, 'C': 4, 'D': 4, 'B': 3}","[1.0, 1.0]",4.04
92,"[2, 5]","[4, 4]","[0.88, 0.79]","[['C', 'A', 'B', 'D'], ['A', 'B', 'D', 'C']]","{'A': 4, 'B': 4, 'C': 4, 'D': 3}","[1.0, 1.0]",4.0
92,"[2, 5]","[4, 4]","[0.88, 0.79]","[['C', 'A', 'B', 'D'], ['A', 'D', 'B', 'C']]","{'A': 4, 'B': 4, 'C': 4, 'D': 3}","[1.0, 1.0]",4.0
92,"[2, 5]","[4, 4]","[0.88, 0.79]","[['C', 'A', 'B', 'D'], ['B', 'A', 'D', 'C']]","{'A': 4, 'B': 4, 'C': 4, 'D': 3}","[1.0, 1.0]",4.0
92,"[2, 5]","[4, 4]","[0.88, 0.79]","[['C', 'A', 'B', 'D'], ['B', 'D', 'A', 'C']]","{'A': 4, 'B': 4, 'C': 4, 'D': 3}","[1.0, 1.0]",4.0
92,"[2, 5]","[4, 4]","[0.88, 0.79]","[['C', 'A', 'B', 'D'], ['D', 'A', 'B', 'C']]","{'A': 4, 'B': 4, 'C': 4, 'D': 3}","[1.0, 1.0]",4.0
92,"[2, 5]","[4, 4]","[0.88, 0.79]","[['C', 'A', 'B', 'D'], ['D', 'B', 'A', 'C']]","{'A': 4, 'B': 4, 'C': 4, 'D': 3}","[1.0, 1.0]",4.0
92,"[2, 5]","[4, 4]","[0.88, 0.79]","[['C', 'A', 'D', 'B'], ['A', 'B', 'D', 'C']]","{'A': 4, 'C': 4, 'D': 4, 'B': 3}","[1.0, 1.0]",4.04
92,"[2, 5]","[4, 4]","[0.88, 0.79]","[['C', 'A', 'D', 'B'], ['A', 'D', 'B', 'C']]","{'A': 4, 'C': 4, 'D': 4, 'B': 3}","[1.0, 1.0]",4.04
92,"[2, 5]","[4, 4]","[0.88, 0.79]","[['C', 'A', 'D', 'B'], ['B', 'A', 'D', 'C']]","{'A': 4, 'C': 4, 'D': 4, 'B': 3}","[1.0, 1.0]",4.04
92,"[2, 5]","[4, 4]","[0.88, 0.79]","[['C', 'A', 'D', 'B'], ['B', 'D', 'A', 'C']]","{'A': 4, 'C': 4, 'D': 4, 'B': 3}","[1.0, 1.0]",4.04
92,"[2, 5]","[4, 4]","[0.88, 0.79]","[['C', 'A', 'D', 'B'], ['D', 'A', 'B', 'C']]","{'A': 4, 'C': 4, 'D': 4, 'B': 3}","[1.0, 1.0]",4.04
92,"[2, 5]","[4, 4]","[0.88, 0.79]","[['C', 'A', 'D', 'B'], ['D', 'B', 'A', 'C']]","{'A': 4, 'C': 4, 'D': 4, 'B': 3}","[1.0, 1.0]",4.04
92,"[2, 5]","[4, 4]","[0.88, 0.79]","[['C', 'B', 'A', 'D'], ['A', 'B', 'D', 'C']]","{'A': 4, 'B': 4, 'C': 4, 'D': 3}","[1.0, 1.0]",4.0
92,"[2, 5]","[4, 4]","[0.88, 0.79]","[['C', 'B', 'A', 'D'], ['A', 'D', 'B', 'C']]","{'A': 4, 'B': 4, 'C': 4, 'D': 3}","[1.0, 1.0]",4.0
92,"[2, 5]","[4, 4]","[0.88, 0.79]","[['C', 'B', 'A', 'D'], ['B', 'A', 'D', 'C']]","{'A': 4, 'B': 4, 'C': 4, 'D': 3}","[1.0, 1.0]",4.0
92,"[2, 5]","[4, 4]","[0.88, 0.79]","[['C', 'B', 'A', 'D'], ['B', 'D', 'A', 'C']]","{'A': 4, 'B': 4, 'C': 4, 'D': 3}","[1.0, 1.0]",4.0
92,"[2, 5]","[4, 4]","[0.88, 0.79]","[['C', 'B', 'A', 'D'], ['D', 'A', 'B', 'C']]","{'A': 4, 'B': 4, 'C': 4, 'D': 3}","[1.0, 1.0]",4.0
92,"[2, 5]","[4, 4]","[0.88, 0.79]","[['C', 'B', 'A', 'D'], ['D', 'B', 'A', 'C']]","{'A': 4, 'B': 4, 'C': 4, 'D': 3}","[1.0, 1.0]",4.0
92,"[2, 5]","[4, 4]","[0.88, 0.79]","[['C', 'D', 'A', 'B'], ['A', 'B', 'D', 'C']]","{'A': 4, 'C': 4, 'D': 4, 'B': 3}","[1.0, 1.0]",4.04
92,"[2, 5]","[4, 4]","[0.88, 0.79]","[['C', 'D', 'A', 'B'], ['A', 'D', 'B', 'C']]","{'A': 4, 'C': 4, 'D': 4, 'B': 3}","[1.0, 1.0]",4.04
92,"[2, 5]","[4, 4]","[0.88, 0.79]","[['C', 'D', 'A', 'B'], ['B', 'A', 'D', 'C']]","{'A': 4, 'C': 4, 'D': 4, 'B': 3}","[1.0, 1.0]",4.04
92,"[2, 5]","[4, 4]","[0.88, 0.79]","[['C', 'D', 'A', 'B'], ['B', 'D', 'A', 'C']]","{'A': 4, 'C': 4, 'D': 4, 'B': 3}","[1.0, 1.0]",4.04
92,"[2, 5]","[4, 4]","[0.88, 0.79]","[['C', 'D', 'A', 'B'], ['D', 'A', 'B', 'C']]","{'A': 4, 'C': 4, 'D': 4, 'B': 3}","[1.0, 1.0]",4.04
92,"[2, 5]","[4, 4]","[0.88, 0.79]","[['C', 'D', 'A', 'B'], ['D', 'B', 'A', 'C']]","{'A': 4, 'C': 4, 'D': 4, 'B': 3}","[1.0, 1.0]",4.04
92,"[2, 5]","[4, 4]","[0.88, 0.79]","[['D', 'A', 'B', 'C'], ['A', 'B', 'C', 'D']]","{'A': 4, 'B': 4, 'C': 4, 'D': 3}","[1.0, 1.0]",4.0
92,"[2, 5]","[4, 4]","[0.88, 0.79]","[['D', 'A', 'B', 'C'], ['A', 'B', 'D', 'C']]","{'A': 4, 'B': 4, 'D': 4, 'C': 3}","[1.0, 1.0]",3.79
92,"[2, 5]","[4, 4]","[0.88, 0.79]","[['D', 'A', 'B', 'C'], ['A', 'C', 'B', 'D']]","{'A': 4, 'B': 4, 'C': 4, 'D': 3}","[1.0, 1.0]",4.0
92,"[2, 5]","[4, 4]","[0.88, 0.79]","[['D', 'A', 'B', 'C'], ['A', 'C', 'D', 'B']]","{'A': 4, 'C': 4, 'D': 4, 'B': 3}","[1.0, 1.0]",4.04
92,"[2, 5]","[4, 4]","[0.88, 0.79]","[['D', 'A', 'B', 'C'], ['A', 'D', 'B', 'C']]","{'A': 4, 'B': 4, 'D': 4, 'C': 3}","[1.0, 1.0]",3.79
92,"[2, 5]","[4, 4]","[0.88, 0.79]","[['D', 'A', 'B', 'C'], ['A', 'D', 'C', 'B']]","{'A': 4, 'C': 4, 'D': 4, 'B': 3}","[1.0, 1.0]",4.04
92,"[2, 5]","[4, 4]","[0.88, 0.79]","[['D', 'A', 'B', 'C'], ['B', 'A', 'C', 'D']]","{'A': 4, 'B': 4, 'C': 4, 'D': 3}","[1.0, 1.0]",4.0
92,"[2, 5]","[4, 4]","[0.88, 0.79]","[['D', 'A', 'B', 'C'], ['B', 'A', 'D', 'C']]","{'A': 4, 'B': 4, 'D': 4, 'C': 3}","[1.0, 1.0]",3.79
92,"[2, 5]","[4, 4]","[0.88, 0.79]","[['D', 'A', 'B', 'C'], ['B', 'C', 'A', 'D']]","{'A': 4, 'B': 4, 'C': 4, 'D': 3}","[1.0, 1.0]",4.0
92,"[2, 5]","[4, 4]","[0.88, 0.79]","[['D', 'A', 'B', 'C'], ['B', 'D', 'A', 'C']]","{'A': 4, 'B': 4, 'D': 4, 'C': 3}","[1.0, 1.0]",3.79
92,"[2, 5]","[4, 4]","[0.88, 0.79]","[['D', 'A', 'B', 'C'], ['C', 'A', 'B', 'D']]","{'A': 4, 'B': 4, 'C': 4, 'D': 3}","[1.0, 1.0]",4.0
92,"[2, 5]","[4, 4]","[0.88, 0.79]","[['D', 'A', 'B', 'C'], ['C', 'A', 'D', 'B']]","{'A': 4, 'C': 4, 'D': 4, 'B': 3}","[1.0, 1.0]",4.04
92,"[2, 5]","[4, 4]","[0.88, 0.79]","[['D', 'A', 'B', 'C'], ['C', 'B', 'A', 'D']]","{'A': 4, 'B': 4, 'C': 4, 'D': 3}","[1.0, 1.0]",4.0
92,"[2, 5]","[4, 4]","[0.88, 0.79]","[['D', 'A', 'B', 'C'], ['C', 'D', 'A', 'B']]","{'A': 4, 'C': 4, 'D': 4, 'B': 3}","[1.0, 1.0]",4.04
92,"[2, 5]","[4, 4]","[0.88, 0.79]","[['D', 'A', 'B', 'C'], ['D', 'A', 'B', 'C']]","{'A': 4, 'B': 4, 'D': 4, 'C': 3}","[1.0, 1.0]",3.79
92,"[2, 5]","[4, 4]","[0.88, 0.79]","[['D', 'A', 'B', 'C'], ['D', 'A', 'C', 'B']]","{'A': 4, 'C': 4, 'D': 4, 'B': 3}","[1.0, 1.0]",4.04
92,"[2, 5]","[4, 4]","[0.88, 0.79]","[['D', 'A', 'B', 'C'], ['D', 'B', 'A', 'C']]","{'A': 4, 'B': 4, 'D': 4, 'C': 3}","[1.0, 1.0]",3.79
92,"[2, 5]","[4, 4]","[0.88, 0.79]","[['D', 'A', 'B', 'C'], ['D', 'C', 'A', 'B']]","{'A': 4, 'C': 4, 'D': 4, 'B': 3}","[1.0, 1.0]",4.04
92,"[2, 5]","[4, 4]","[0.88, 0.79]","[['D', 'A', 'C', 'B'], ['A', 'B', 'D', 'C']]","{'A': 4, 'C': 4, 'D': 4, 'B': 3}","[1.0, 1.0]",4.04
92,"[2, 5]","[4, 4]","[0.88, 0.79]","[['D', 'A', 'C', 'B'], ['A', 'D', 'B', 'C']]","{'A': 4, 'C': 4, 'D': 4, 'B': 3}","[1.0, 1.0]",4.04
92,"[2, 5]","[4, 4]","[0.88, 0.79]","[['D', 'A', 'C', 'B'], ['B', 'A', 'D', 'C']]","{'A': 4, 'C': 4, 'D': 4, 'B': 3}","[1.0, 1.0]",4.04
92,"[2, 5]","[4, 4]","[0.88, 0.79]","[['D', 'A', 'C', 'B'], ['B', 'D', 'A', 'C']]","{'A': 4, 'C': 4, 'D': 4, 'B': 3}","[1.0, 1.0]",4.04
92,"[2, 5]","[4, 4]","[0.88, 0.79]","[['D', 'A', 'C', 'B'], ['D', 'A', 'B', 'C']]","{'A': 4, 'C': 4, 'D': 4, 'B': 3}","[1.0, 1.0]",4.04
92,"[2, 5]","[4, 4]","[0.88, 0.79]","[['D', 'A', 'C', 'B'], ['D', 'B', 'A', 'C']]","{'A': 4, 'C': 4, 'D': 4, 'B': 3}","[1.0, 1.0]",4.04
92,"[2, 5]","[4, 4]","[0.88, 0.79]","[['D', 'B', 'A', 'C'], ['A', 'B', 'C', 'D']]","{'A': 4, 'B': 4, 'C': 4, 'D': 3}","[1.0, 1.0]",4.0
92,"[2, 5]","[4, 4]","[0.88, 0.79]","[['D', 'B', 'A', 'C'], ['A', 'B', 'D', 'C']]","{'A': 4, 'B': 4, 'D': 4, 'C': 3}","[1.0, 1.0]",3.79
92,"[2, 5]","[4, 4]","[0.88, 0.79]","[['D', 'B', 'A', 'C'], ['A', 'C', 'B', 'D']]","{'A': 4, 'B': 4, 'C': 4, 'D': 3}","[1.0, 1.0]",4.0
92,"[2, 5]","[4, 4]","[0.88, 0.79]","[['D', 'B', 'A', 'C'], ['A', 'C', 'D', 'B']]","{'A': 4, 'C': 4, 'D': 4, 'B': 3}","[1.0, 1.0]",4.04
92,"[2, 5]","[4, 4]","[0.88, 0.79]","[['D', 'B', 'A', 'C'], ['A', 'D', 'B', 'C']]","{'A': 4, 'B': 4, 'D': 4, 'C': 3}","[1.0, 1.0]",3.79
92,"[2, 5]","[4, 4]","[0.88, 0.79]","[['D', 'B', 'A', 'C'], ['A', 'D', 'C', 'B']]","{'A': 4, 'C': 4, 'D': 4, 'B': 3}","[1.0, 1.0]",4.04
92,"[2, 5]","[4, 4]","[0.88, 0.79]","[['D', 'B', 'A', 'C'], ['B', 'A', 'C', 'D']]","{'A': 4, 'B': 4, 'C': 4, 'D': 3}","[1.0, 1.0]",4.0
92,"[2, 5]","[4, 4]","[0.88, 0.79]","[['D', 'B', 'A', 'C'], ['B', 'A', 'D', 'C']]","{'A': 4, 'B': 4, 'D': 4, 'C': 3}","[1.0, 1.0]",3.79
92,"[2, 5]","[4, 4]","[0.88, 0.79]","[['D', 'B', 'A', 'C'], ['B', 'C', 'A', 'D']]","{'A': 4, 'B': 4, 'C': 4, 'D': 3}","[1.0, 1.0]",4.0
92,"[2, 5]","[4, 4]","[0.88, 0.79]","[['D', 'B', 'A', 'C'], ['B', 'D', 'A', 'C']]","{'A': 4, 'B': 4, 'D': 4, 'C': 3}","[1.0, 1.0]",3.79
92,"[2, 5]","[4, 4]","[0.88, 0.79]","[['D', 'B', 'A', 'C'], ['C', 'A', 'B', 'D']]","{'A': 4, 'B': 4, 'C': 4, 'D': 3}","[1.0, 1.0]",4.0
92,"[2, 5]","[4, 4]","[0.88, 0.79]","[['D', 'B', 'A', 'C'], ['C', 'A', 'D', 'B']]","{'A': 4, 'C': 4, 'D': 4, 'B': 3}","[1.0, 1.0]",4.04
92,"[2, 5]","[4, 4]","[0.88, 0.79]","[['D', 'B', 'A', 'C'], ['C', 'B', 'A', 'D']]","{'A': 4, 'B': 4, 'C': 4, 'D': 3}","[1.0, 1.0]",4.0
92,"[2, 5]","[4, 4]","[0.88, 0.79]","[['D', 'B', 'A', 'C'], ['C', 'D', 'A', 'B']]","{'A': 4, 'C': 4, 'D': 4, 'B': 3}","[1.0, 1.0]",4.04
92,"[2, 5]","[4, 4]","[0.88, 0.79]","[['D', 'B', 'A', 'C'], ['D', 'A', 'B', 'C']]","{'A': 4, 'B': 4, 'D': 4, 'C': 3}","[1.0, 1.0]",3.79
92,"[2, 5]","[4, 4]","[0.88, 0.79]","[['D', 'B', 'A', 'C'], ['D', 'A', 'C', 'B']]","{'A': 4, 'C': 4, 'D': 4, 'B': 3}","[1.0, 1.0]",4.04
92,"[2, 5]","[4, 4]","[0.88, 0.79]","[['D', 'B', 'A', 'C'], ['D', 'B', 'A', 'C']]","{'A': 4, 'B': 4, 'D': 4, 'C': 3}","[1.0, 1.0]",3.79
92,"[2, 5]","[4, 4]","[0.88, 0.79]","[['D', 'B', 'A', 'C'], ['D', 'C', 'A', 'B']]","{'A': 4, 'C': 4, 'D': 4, 'B': 3}","[1.0, 1.0]",4.04
92,"[2, 5]","[4, 4]","[0.88, 0.79]","[['D', 'C', 'A', 'B'], ['A', 'B', 'D', 'C']]","{'A': 4, 'C': 4, 'D': 4, 'B': 3}","[1.0, 1.0]",4.04
92,"[2, 5]","[4, 4]","[0.88, 0.79]","[['D', 'C', 'A', 'B'], ['A', 'D', 'B', 'C']]","{'A': 4, 'C': 4, 'D': 4, 'B': 3}","[1.0, 1.0]",4.04
92,"[2, 5]","[4, 4]","[0.88, 0.79]","[['D', 'C', 'A', 'B'], ['B', 'A', 'D', 'C']]","{'A': 4, 'C': 4, 'D': 4, 'B': 3}","[1.0, 1.0]",4.04
92,"[2, 5]","[4, 4]","[0.88, 0.79]","[['D', 'C', 'A', 'B'], ['B', 'D', 'A', 'C']]","{'A': 4, 'C': 4, 'D': 4, 'B': 3}","[1.0, 1.0]",4.04
92,"[2, 5]","[4, 4]","[0.88, 0.79]","[['D', 'C', 'A', 'B'], ['D', 'A', 'B', 'C']]","{'A': 4, 'C': 4, 'D': 4, 'B': 3}","[1.0, 1.0]",4.04
92,"[2, 5]","[4, 4]","[0.88, 0.79]","[['D', 'C', 'A', 'B'], ['D', 'B', 'A', 'C']]","{'A': 4, 'C': 4, 'D': 4, 'B': 3}","[1.0, 1.0]",4.04
92,"[1, 2, 5]","[4, 4, 4]","[0.75, 0.88, 0.79]","[['A', 'B', 'C', 'D'], ['A', 'B', 'C', 'D'], ['A', 'B', 'D', 'C']]","{'A': 4, 'B': 4, 'C': 4, 'D': 3}","[0.88, 1.0, 1.0]",4.0
92,"[1, 2, 5]","[4, 4, 4]","[0.75, 0.88, 0.79]","[['A', 'B', 'C', 'D'], ['A', 'B', 'C', 'D'], ['A', 'D', 'B', 'C']]","{'A': 4, 'B': 4, 'C': 4, 'D': 3}","[0.88, 1.0, 1.0]",4.0
92,"[1, 2, 5]","[4, 4, 4]","[0.75, 0.88, 0.79]","[['A', 'B', 'C', 'D'], ['A', 'B', 'C', 'D'], ['B', 'A', 'D', 'C']]","{'A': 4, 'B': 4, 'C': 4, 'D': 3}","[0.88, 1.0, 1.0]",4.0
92,"[1, 2, 5]","[4, 4, 4]","[0.75, 0.88, 0.79]","[['A', 'B', 'C', 'D'], ['A', 'B', 'C', 'D'], ['B', 'D', 'A', 'C']]","{'A': 4, 'B': 4, 'C': 4, 'D': 3}","[0.88, 1.0, 1.0]",4.0
92,"[1, 2, 5]","[4, 4, 4]","[0.75, 0.88, 0.79]","[['A', 'B', 'C', 'D'], ['A', 'B', 'C', 'D'], ['D', 'A', 'B', 'C']]","{'A': 4, 'B': 4, 'C': 4, 'D': 3}","[0.88, 1.0, 1.0]",4.0
92,"[1, 2, 5]","[4, 4, 4]","[0.75, 0.88, 0.79]","[['A', 'B', 'C', 'D'], ['A', 'B', 'C', 'D'], ['D', 'B', 'A', 'C']]","{'A': 4, 'B': 4, 'C': 4, 'D': 3}","[0.88, 1.0, 1.0]",4.0
92,"[1, 2, 5]","[4, 4, 4]","[0.75, 0.88, 0.79]","[['A', 'B', 'C', 'D'], ['A', 'B', 'D', 'C'], ['A', 'B', 'C', 'D']]","{'A': 4, 'B': 4, 'C': 4, 'D': 3}","[0.88, 1.0, 1.0]",4.0
92,"[1, 2, 5]","[4, 4, 4]","[0.75, 0.88, 0.79]","[['A', 'B', 'C', 'D'], ['A', 'B', 'D', 'C'], ['A', 'C', 'B', 'D']]","{'A': 4, 'B': 4, 'C': 4, 'D': 3}","[0.88, 1.0, 1.0]",4.0
92,"[1, 2, 5]","[4, 4, 4]","[0.75, 0.88, 0.79]","[['A', 'B', 'C', 'D'], ['A', 'B', 'D', 'C'], ['B', 'A', 'C', 'D']]","{'A': 4, 'B': 4, 'C': 4, 'D': 3}","[0.88, 1.0, 1.0]",4.0
92,"[1, 2, 5]","[4, 4, 4]","[0.75, 0.88, 0.79]","[['A', 'B', 'C', 'D'], ['A', 'B', 'D', 'C'], ['B', 'C', 'A', 'D']]","{'A': 4, 'B': 4, 'C': 4, 'D': 3}","[0.88, 1.0, 1.0]",4.0
92,"[1, 2, 5]","[4, 4, 4]","[0.75, 0.88, 0.79]","[['A', 'B', 'C', 'D'], ['A', 'B', 'D', 'C'], ['C', 'A', 'B', 'D']]","{'A': 4, 'B': 4, 'C': 4, 'D': 3}","[0.88, 1.0, 1.0]",4.0
92,"[1, 2, 5]","[4, 4, 4]","[0.75, 0.88, 0.79]","[['A', 'B', 'C', 'D'], ['A', 'B', 'D', 'C'], ['C', 'B', 'A', 'D']]","{'A': 4, 'B': 4, 'C': 4, 'D': 3}","[0.88, 1.0, 1.0]",4.0
92,"[1, 2, 5]","[4, 4, 4]","[0.75, 0.88, 0.79]","[['A', 'B', 'C', 'D'], ['A', 'C', 'B', 'D'], ['A', 'B', 'D', 'C']]","{'A': 4, 'B': 4, 'C': 4, 'D': 3}","[0.88, 1.0, 1.0]",4.0
92,"[1, 2, 5]","[4, 4, 4]","[0.75, 0.88, 0.79]","[['A', 'B', 'C', 'D'], ['A', 'C', 'B', 'D'], ['A', 'D', 'B', 'C']]","{'A': 4, 'B': 4, 'C': 4, 'D': 3}","[0.88, 1.0, 1.0]",4.0
92,"[1, 2, 5]","[4, 4, 4]","[0.75, 0.88, 0.79]","[['A', 'B', 'C', 'D'], ['A', 'C', 'B', 'D'], ['B', 'A', 'D', 'C']]","{'A': 4, 'B': 4, 'C': 4, 'D': 3}","[0.88, 1.0, 1.0]",4.0
92,"[1, 2, 5]","[4, 4, 4]","[0.75, 0.88, 0.79]","[['A', 'B', 'C', 'D'], ['A', 'C', 'B', 'D'], ['B', 'D', 'A', 'C']]","{'A': 4, 'B': 4, 'C': 4, 'D': 3}","[0.88, 1.0, 1.0]",4.0
92,"[1, 2, 5]","[4, 4, 4]","[0.75, 0.88, 0.79]","[['A', 'B', 'C', 'D'], ['A', 'C', 'B', 'D'], ['D', 'A', 'B', 'C']]","{'A': 4, 'B': 4, 'C': 4, 'D': 3}","[0.88, 1.0, 1.0]",4.0
92,"[1, 2, 5]","[4, 4, 4]","[0.75, 0.88, 0.79]","[['A', 'B', 'C', 'D'], ['A', 'C', 'B', 'D'], ['D', 'B', 'A', 'C']]","{'A': 4, 'B': 4, 'C': 4, 'D': 3}","[0.88, 1.0, 1.0]",4.0
92,"[1, 2, 5]","[4, 4, 4]","[0.75, 0.88, 0.79]","[['A', 'B', 'C', 'D'], ['A', 'D', 'B', 'C'], ['A', 'B', 'C', 'D']]","{'A': 4, 'B': 4, 'C': 4, 'D': 3}","[0.88, 1.0, 1.0]",4.0
92,"[1, 2, 5]","[4, 4, 4]","[0.75, 0.88, 0.79]","[['A', 'B', 'C', 'D'], ['A', 'D', 'B', 'C'], ['A', 'C', 'B', 'D']]","{'A': 4, 'B': 4, 'C': 4, 'D': 3}","[0.88, 1.0, 1.0]",4.0
92,"[1, 2, 5]","[4, 4, 4]","[0.75, 0.88, 0.79]","[['A', 'B', 'C', 'D'], ['A', 'D', 'B', 'C'], ['B', 'A', 'C', 'D']]","{'A': 4, 'B': 4, 'C': 4, 'D': 3}","[0.88, 1.0, 1.0]",4.0
92,"[1, 2, 5]","[4, 4, 4]","[0.75, 0.88, 0.79]","[['A', 'B', 'C', 'D'], ['A', 'D', 'B', 'C'], ['B', 'C', 'A', 'D']]","{'A': 4, 'B': 4, 'C': 4, 'D': 3}","[0.88, 1.0, 1.0]",4.0
92,"[1, 2, 5]","[4, 4, 4]","[0.75, 0.88, 0.79]","[['A', 'B', 'C', 'D'], ['A', 'D', 'B', 'C'], ['C', 'A', 'B', 'D']]","{'A': 4, 'B': 4, 'C': 4, 'D': 3}","[0.88, 1.0, 1.0]",4.0
92,"[1, 2, 5]","[4, 4, 4]","[0.75, 0.88, 0.79]","[['A', 'B', 'C', 'D'], ['A', 'D', 'B', 'C'], ['C', 'B', 'A', 'D']]","{'A': 4, 'B': 4, 'C': 4, 'D': 3}","[0.88, 1.0, 1.0]",4.0
92,"[1, 2, 5]","[4, 4, 4]","[0.75, 0.88, 0.79]","[['A', 'B', 'C', 'D'], ['B', 'A', 'C', 'D'], ['A', 'B', 'D', 'C']]","{'A': 4, 'B': 4, 'C': 4, 'D': 3}","[0.88, 1.0, 1.0]",4.0
92,"[1, 2, 5]","[4, 4, 4]","[0.75, 0.88, 0.79]","[['A', 'B', 'C', 'D'], ['B', 'A', 'C', 'D'], ['A', 'D', 'B', 'C']]","{'A': 4, 'B': 4, 'C': 4, 'D': 3}","[0.88, 1.0, 1.0]",4.0
92,"[1, 2, 5]","[4, 4, 4]","[0.75, 0.88, 0.79]","[['A', 'B', 'C', 'D'], ['B', 'A', 'C', 'D'], ['B', 'A', 'D', 'C']]","{'A': 4, 'B': 4, 'C': 4, 'D': 3}","[0.88, 1.0, 1.0]",4.0
92,"[1, 2, 5]","[4, 4, 4]","[0.75, 0.88, 0.79]","[['A', 'B', 'C', 'D'], ['B', 'A', 'C', 'D'], ['B', 'D', 'A', 'C']]","{'A': 4, 'B': 4, 'C': 4, 'D': 3}","[0.88, 1.0, 1.0]",4.0
92,"[1, 2, 5]","[4, 4, 4]","[0.75, 0.88, 0.79]","[['A', 'B', 'C', 'D'], ['B', 'A', 'C', 'D'], ['D', 'A', 'B', 'C']]","{'A': 4, 'B': 4, 'C': 4, 'D': 3}","[0.88, 1.0, 1.0]",4.0
92,"[1, 2, 5]","[4, 4, 4]","[0.75, 0.88, 0.79]","[['A', 'B', 'C', 'D'], ['B', 'A', 'C', 'D'], ['D', 'B', 'A', 'C']]","{'A': 4, 'B': 4, 'C': 4, 'D': 3}","[0.88, 1.0, 1.0]",4.0
92,"[1, 2, 5]","[4, 4, 4]","[0.75, 0.88, 0.79]","[['A', 'B', 'C', 'D'], ['B', 'A', 'D', 'C'], ['A', 'B', 'C', 'D']]","{'A': 4, 'B': 4, 'C': 4, 'D': 3}","[0.88, 1.0, 1.0]",4.0
92,"[1, 2, 5]","[4, 4, 4]","[0.75, 0.88, 0.79]","[['A', 'B', 'C', 'D'], ['B', 'A', 'D', 'C'], ['A', 'C', 'B', 'D']]","{'A': 4, 'B': 4, 'C': 4, 'D': 3}","[0.88, 1.0, 1.0]",4.0
92,"[1, 2, 5]","[4, 4, 4]","[0.75, 0.88, 0.79]","[['A', 'B', 'C', 'D'], ['B', 'A', 'D', 'C'], ['B', 'A', 'C', 'D']]","{'A': 4, 'B': 4, 'C': 4, 'D': 3}","[0.88, 1.0, 1.0]",4.0
92,"[1, 2, 5]","[4, 4, 4]","[0.75, 0.88, 0.79]","[['A', 'B', 'C', 'D'], ['B', 'A', 'D', 'C'], ['B', 'C', 'A', 'D']]","{'A': 4, 'B': 4, 'C': 4, 'D': 3}","[0.88, 1.0, 1.0]",4.0
92,"[1, 2, 5]","[4, 4, 4]","[0.75, 0.88, 0.79]","[['A', 'B', 'C', 'D'], ['B', 'A', 'D', 'C'], ['C', 'A', 'B', 'D']]","{'A': 4, 'B': 4, 'C': 4, 'D': 3}","[0.88, 1.0, 1.0]",4.0
92,"[1, 2, 5]","[4, 4, 4]","[0.75, 0.88, 0.79]","[['A', 'B', 'C', 'D'], ['B', 'A', 'D', 'C'], ['C', 'B', 'A', 'D']]","{'A': 4, 'B': 4, 'C': 4, 'D': 3}","[0.88, 1.0, 1.0]",4.0
92,"[1, 2, 5]","[4, 4, 4]","[0.75, 0.88, 0.79]","[['A', 'B', 'C', 'D'], ['B', 'C', 'A', 'D'], ['A', 'B', 'D', 'C']]","{'A': 4, 'B': 4, 'C': 4, 'D': 3}","[0.88, 1.0, 1.0]",4.0
92,"[1, 2, 5]","[4, 4, 4]","[0.75, 0.88, 0.79]","[['A', 'B', 'C', 'D'], ['B', 'C', 'A', 'D'], ['A', 'D', 'B', 'C']]","{'A': 4, 'B': 4, 'C': 4, 'D': 3}","[0.88, 1.0, 1.0]",4.0
92,"[1, 2, 5]","[4, 4, 4]","[0.75, 0.88, 0.79]","[['A', 'B', 'C', 'D'], ['B', 'C', 'A', 'D'], ['B', 'A', 'D', 'C']]","{'A': 4, 'B': 4, 'C': 4, 'D': 3}","[0.88, 1.0, 1.0]",4.0
92,"[1, 2, 5]","[4, 4, 4]","[0.75, 0.88, 0.79]","[['A', 'B', 'C', 'D'], ['B', 'C', 'A', 'D'], ['B', 'D', 'A', 'C']]","{'A': 4, 'B': 4, 'C': 4, 'D': 3}","[0.88, 1.0, 1.0]",4.0
92,"[1, 2, 5]","[4, 4, 4]","[0.75, 0.88, 0.79]","[['A', 'B', 'C', 'D'], ['B', 'C', 'A', 'D'], ['D', 'A', 'B', 'C']]","{'A': 4, 'B': 4, 'C': 4, 'D': 3}","[0.88, 1.0, 1.0]",4.0
92,"[1, 2, 5]","[4, 4, 4]","[0.75, 0.88, 0.79]","[['A', 'B', 'C', 'D'], ['B', 'C', 'A', 'D'], ['D', 'B', 'A', 'C']]","{'A': 4, 'B': 4, 'C': 4, 'D': 3}","[0.88, 1.0, 1.0]",4.0
92,"[1, 2, 5]","[4, 4, 4]","[0.75, 0.88, 0.79]","[['A', 'B', 'C', 'D'], ['B', 'D', 'A', 'C'], ['A', 'B', 'C', 'D']]","{'A': 4, 'B': 4, 'C': 4, 'D': 3}","[0.88, 1.0, 1.0]",4.0
92,"[1, 2, 5]","[4, 4, 4]","[0.75, 0.88, 0.79]","[['A', 'B', 'C', 'D'], ['B', 'D', 'A', 'C'], ['A', 'C', 'B', 'D']]","{'A': 4, 'B': 4, 'C': 4, 'D': 3}","[0.88, 1.0, 1.0]",4.0
92,"[1, 2, 5]","[4, 4, 4]","[0.75, 0.88, 0.79]","[['A', 'B', 'C', 'D'], ['B', 'D', 'A', 'C'], ['B', 'A', 'C', 'D']]","{'A': 4, 'B': 4, 'C': 4, 'D': 3}","[0.88, 1.0, 1.0]",4.0
92,"[1, 2, 5]","[4, 4, 4]","[0.75, 0.88, 0.79]","[['A', 'B', 'C', 'D'], ['B', 'D', 'A', 'C'], ['B', 'C', 'A', 'D']]","{'A': 4, 'B': 4, 'C': 4, 'D': 3}","[0.88, 1.0, 1.0]",4.0
92,"[1, 2, 5]","[4, 4, 4]","[0.75, 0.88, 0.79]","[['A', 'B', 'C', 'D'], ['B', 'D', 'A', 'C'], ['C', 'A', 'B', 'D']]","{'A': 4, 'B': 4, 'C': 4, 'D': 3}","[0.88, 1.0, 1.0]",4.0
92,"[1, 2, 5]","[4, 4, 4]","[0.75, 0.88, 0.79]","[['A', 'B', 'C', 'D'], ['B', 'D', 'A', 'C'], ['C', 'B', 'A', 'D']]","{'A': 4, 'B': 4, 'C': 4, 'D': 3}","[0.88, 1.0, 1.0]",4.0
92,"[1, 2, 5]","[4, 4, 4]","[0.75, 0.88, 0.79]","[['A', 'B', 'C', 'D'], ['C', 'A', 'B', 'D'], ['A', 'B', 'D', 'C']]","{'A': 4, 'B': 4, 'C': 4, 'D': 3}","[0.88, 1.0, 1.0]",4.0
92,"[1, 2, 5]","[4, 4, 4]","[0.75, 0.88, 0.79]","[['A', 'B', 'C', 'D'], ['C', 'A', 'B', 'D'], ['A', 'D', 'B', 'C']]","{'A': 4, 'B': 4, 'C': 4, 'D': 3}","[0.88, 1.0, 1.0]",4.0
92,"[1, 2, 5]","[4, 4, 4]","[0.75, 0.88, 0.79]","[['A', 'B', 'C', 'D'], ['C', 'A', 'B', 'D'], ['B', 'A', 'D', 'C']]","{'A': 4, 'B': 4, 'C': 4, 'D': 3}","[0.88, 1.0, 1.0]",4.0
92,"[1, 2, 5]","[4, 4, 4]","[0.75, 0.88, 0.79]","[['A', 'B', 'C', 'D'], ['C', 'A', 'B', 'D'], ['B', 'D', 'A', 'C']]","{'A': 4, 'B': 4, 'C': 4, 'D': 3}","[0.88, 1.0, 1.0]",4.0
92,"[1, 2, 5]","[4, 4, 4]","[0.75, 0.88, 0.79]","[['A', 'B', 'C', 'D'], ['C', 'A', 'B', 'D'], ['D', 'A', 'B', 'C']]","{'A': 4, 'B': 4, 'C': 4, 'D': 3}","[0.88, 1.0, 1.0]",4.0
92,"[1, 2, 5]","[4, 4, 4]","[0.75, 0.88, 0.79]","[['A', 'B', 'C', 'D'], ['C', 'A', 'B', 'D'], ['D', 'B', 'A', 'C']]","{'A': 4, 'B': 4, 'C': 4, 'D': 3}","[0.88, 1.0, 1.0]",4.0
92,"[1, 2, 5]","[4, 4, 4]","[0.75, 0.88, 0.79]","[['A', 'B', 'C', 'D'], ['C', 'B', 'A', 'D'], ['A', 'B', 'D', 'C']]","{'A': 4, 'B': 4, 'C': 4, 'D': 3}","[0.88, 1.0, 1.0]",4.0
92,"[1, 2, 5]","[4, 4, 4]","[0.75, 0.88, 0.79]","[['A', 'B', 'C', 'D'], ['C', 'B', 'A', 'D'], ['A', 'D', 'B', 'C']]","{'A': 4, 'B': 4, 'C': 4, 'D': 3}","[0.88, 1.0, 1.0]",4.0
92,"[1, 2, 5]","[4, 4, 4]","[0.75, 0.88, 0.79]","[['A', 'B', 'C', 'D'], ['C', 'B', 'A', 'D'], ['B', 'A', 'D', 'C']]","{'A': 4, 'B': 4, 'C': 4, 'D': 3}","[0.88, 1.0, 1.0]",4.0
92,"[1, 2, 5]","[4, 4, 4]","[0.75, 0.88, 0.79]","[['A', 'B', 'C', 'D'], ['C', 'B', 'A', 'D'], ['B', 'D', 'A', 'C']]","{'A': 4, 'B': 4, 'C': 4, 'D': 3}","[0.88, 1.0, 1.0]",4.0
92,"[1, 2, 5]","[4, 4, 4]","[0.75, 0.88, 0.79]","[['A', 'B', 'C', 'D'], ['C', 'B', 'A', 'D'], ['D', 'A', 'B', 'C']]","{'A': 4, 'B': 4, 'C': 4, 'D': 3}","[0.88, 1.0, 1.0]",4.0
92,"[1, 2, 5]","[4, 4, 4]","[0.75, 0.88, 0.79]","[['A', 'B', 'C', 'D'], ['C', 'B', 'A', 'D'], ['D', 'B', 'A', 'C']]","{'A': 4, 'B': 4, 'C': 4, 'D': 3}","[0.88, 1.0, 1.0]",4.0
92,"[1, 2, 5]","[4, 4, 4]","[0.75, 0.88, 0.79]","[['A', 'B', 'C', 'D'], ['D', 'A', 'B', 'C'], ['A', 'B', 'C', 'D']]","{'A': 4, 'B': 4, 'C': 4, 'D': 3}","[0.88, 1.0, 1.0]",4.0
92,"[1, 2, 5]","[4, 4, 4]","[0.75, 0.88, 0.79]","[['A', 'B', 'C', 'D'], ['D', 'A', 'B', 'C'], ['A', 'C', 'B', 'D']]","{'A': 4, 'B': 4, 'C': 4, 'D': 3}","[0.88, 1.0, 1.0]",4.0
92,"[1, 2, 5]","[4, 4, 4]","[0.75, 0.88, 0.79]","[['A', 'B', 'C', 'D'], ['D', 'A', 'B', 'C'], ['B', 'A', 'C', 'D']]","{'A': 4, 'B': 4, 'C': 4, 'D': 3}","[0.88, 1.0, 1.0]",4.0
92,"[1, 2, 5]","[4, 4, 4]","[0.75, 0.88, 0.79]","[['A', 'B', 'C', 'D'], ['D', 'A', 'B', 'C'], ['B', 'C', 'A', 'D']]","{'A': 4, 'B': 4, 'C': 4, 'D': 3}","[0.88, 1.0, 1.0]",4.0
92,"[1, 2, 5]","[4, 4, 4]","[0.75, 0.88, 0.79]","[['A', 'B', 'C', 'D'], ['D', 'A', 'B', 'C'], ['C', 'A', 'B', 'D']]","{'A': 4, 'B': 4, 'C': 4, 'D': 3}","[0.88, 1.0, 1.0]",4.0
92,"[1, 2, 5]","[4, 4, 4]","[0.75, 0.88, 0.79]","[['A', 'B', 'C', 'D'], ['D', 'A', 'B', 'C'], ['C', 'B', 'A', 'D']]","{'A': 4, 'B': 4, 'C': 4, 'D': 3}","[0.88, 1.0, 1.0]",4.0
92,"[1, 2, 5]","[4, 4, 4]","[0.75, 0.88, 0.79]","[['A', 'B', 'C', 'D'], ['D', 'B', 'A', 'C'], ['A', 'B', 'C', 'D']]","{'A': 4, 'B': 4, 'C': 4, 'D': 3}","[0.88, 1.0, 1.0]",4.0
92,"[1, 2, 5]","[4, 4, 4]","[0.75, 0.88, 0.79]","[['A', 'B', 'C', 'D'], ['D', 'B', 'A', 'C'], ['A', 'C', 'B', 'D']]","{'A': 4, 'B': 4, 'C': 4, 'D': 3}","[0.88, 1.0, 1.0]",4.0
92,"[1, 2, 5]","[4, 4, 4]","[0.75, 0.88, 0.79]","[['A', 'B', 'C', 'D'], ['D', 'B', 'A', 'C'], ['B', 'A', 'C', 'D']]","{'A': 4, 'B': 4, 'C': 4, 'D': 3}","[0.88, 1.0, 1.0]",4.0
92,"[1, 2, 5]","[4, 4, 4]","[0.75, 0.88, 0.79]","[['A', 'B', 'C', 'D'], ['D', 'B', 'A', 'C'], ['B', 'C', 'A', 'D']]","{'A': 4, 'B': 4, 'C': 4, 'D': 3}","[0.88, 1.0, 1.0]",4.0
92,"[1, 2, 5]","[4, 4, 4]","[0.75, 0.88, 0.79]","[['A', 'B', 'C', 'D'], ['D', 'B', 'A', 'C'], ['C', 'A', 'B', 'D']]","{'A': 4, 'B': 4, 'C': 4, 'D': 3}","[0.88, 1.0, 1.0]",4.0
92,"[1, 2, 5]","[4, 4, 4]","[0.75, 0.88, 0.79]","[['A', 'B', 'C', 'D'], ['D', 'B', 'A', 'C'], ['C', 'B', 'A', 'D']]","{'A': 4, 'B': 4, 'C': 4, 'D': 3}","[0.88, 1.0, 1.0]",4.0
92,"[1, 2, 5]","[4, 4, 4]","[0.75, 0.88, 0.79]","[['A', 'B', 'D', 'C'], ['A', 'B', 'C', 'D'], ['A', 'B', 'C', 'D']]","{'A': 4, 'B': 4, 'C': 4, 'D': 3}","[0.88, 1.0, 1.0]",4.0
92,"[1, 2, 5]","[4, 4, 4]","[0.75, 0.88, 0.79]","[['A', 'B', 'D', 'C'], ['A', 'B', 'C', 'D'], ['A', 'C', 'B', 'D']]","{'A': 4, 'B': 4, 'C': 4, 'D': 3}","[0.88, 1.0, 1.0]",4.0
92,"[1, 2, 5]","[4, 4, 4]","[0.75, 0.88, 0.79]","[['A', 'B', 'D', 'C'], ['A', 'B', 'C', 'D'], ['B', 'A', 'C', 'D']]","{'A': 4, 'B': 4, 'C': 4, 'D': 3}","[0.88, 1.0, 1.0]",4.0
92,"[1, 2, 5]","[4, 4, 4]","[0.75, 0.88, 0.79]","[['A', 'B', 'D', 'C'], ['A', 'B', 'C', 'D'], ['B', 'C', 'A', 'D']]","{'A': 4, 'B': 4, 'C': 4, 'D': 3}","[0.88, 1.0, 1.0]",4.0
92,"[1, 2, 5]","[4, 4, 4]","[0.75, 0.88, 0.79]","[['A', 'B', 'D', 'C'], ['A', 'B', 'C', 'D'], ['C', 'A', 'B', 'D']]","{'A': 4, 'B': 4, 'C': 4, 'D': 3}","[0.88, 1.0, 1.0]",4.0
92,"[1, 2, 5]","[4, 4, 4]","[0.75, 0.88, 0.79]","[['A', 'B', 'D', 'C'], ['A', 'B', 'C', 'D'], ['C', 'B', 'A', 'D']]","{'A': 4, 'B': 4, 'C': 4, 'D': 3}","[0.88, 1.0, 1.0]",4.0
92,"[1, 2, 5]","[4, 4, 4]","[0.75, 0.88, 0.79]","[['A', 'B', 'D', 'C'], ['A', 'C', 'B', 'D'], ['A', 'B', 'C', 'D']]","{'A': 4, 'B': 4, 'C': 4, 'D': 3}","[0.88, 1.0, 1.0]",4.0
92,"[1, 2, 5]","[4, 4, 4]","[0.75, 0.88, 0.79]","[['A', 'B', 'D', 'C'], ['A', 'C', 'B', 'D'], ['A', 'C', 'B', 'D']]","{'A': 4, 'B': 4, 'C': 4, 'D': 3}","[0.88, 1.0, 1.0]",4.0
92,"[1, 2, 5]","[4, 4, 4]","[0.75, 0.88, 0.79]","[['A', 'B', 'D', 'C'], ['A', 'C', 'B', 'D'], ['B', 'A', 'C', 'D']]","{'A': 4, 'B': 4, 'C': 4, 'D': 3}","[0.88, 1.0, 1.0]",4.0
92,"[1, 2, 5]","[4, 4, 4]","[0.75, 0.88, 0.79]","[['A', 'B', 'D', 'C'], ['A', 'C', 'B', 'D'], ['B', 'C', 'A', 'D']]","{'A': 4, 'B': 4, 'C': 4, 'D': 3}","[0.88, 1.0, 1.0]",4.0
92,"[1, 2, 5]","[4, 4, 4]","[0.75, 0.88, 0.79]","[['A', 'B', 'D', 'C'], ['A', 'C', 'B', 'D'], ['C', 'A', 'B', 'D']]","{'A': 4, 'B': 4, 'C': 4, 'D': 3}","[0.88, 1.0, 1.0]",4.0
92,"[1, 2, 5]","[4, 4, 4]","[0.75, 0.88, 0.79]","[['A', 'B', 'D', 'C'], ['A', 'C', 'B', 'D'], ['C', 'B', 'A', 'D']]","{'A': 4, 'B': 4, 'C': 4, 'D': 3}","[0.88, 1.0, 1.0]",4.0
92,"[1, 2, 5]","[4, 4, 4]","[0.75, 0.88, 0.79]","[['A', 'B', 'D', 'C'], ['B', 'A', 'C', 'D'], ['A', 'B', 'C', 'D']]","{'A': 4, 'B': 4, 'C': 4, 'D': 3}","[0.88, 1.0, 1.0]",4.0
92,"[1, 2, 5]","[4, 4, 4]","[0.75, 0.88, 0.79]","[['A', 'B', 'D', 'C'], ['B', 'A', 'C', 'D'], ['A', 'C', 'B', 'D']]","{'A': 4, 'B': 4, 'C': 4, 'D': 3}","[0.88, 1.0, 1.0]",4.0
92,"[1, 2, 5]","[4, 4, 4]","[0.75, 0.88, 0.79]","[['A', 'B', 'D', 'C'], ['B', 'A', 'C', 'D'], ['B', 'A', 'C', 'D']]","{'A': 4, 'B': 4, 'C': 4, 'D': 3}","[0.88, 1.0, 1.0]",4.0
92,"[1, 2, 5]","[4, 4, 4]","[0.75, 0.88, 0.79]","[['A', 'B', 'D', 'C'], ['B', 'A', 'C', 'D'], ['B', 'C', 'A', 'D']]","{'A': 4, 'B': 4, 'C': 4, 'D': 3}","[0.88, 1.0, 1.0]",4.0
92,"[1, 2, 5]","[4, 4, 4]","[0.75, 0.88, 0.79]","[['A', 'B', 'D', 'C'], ['B', 'A', 'C', 'D'], ['C', 'A', 'B', 'D']]","{'A': 4, 'B': 4, 'C': 4, 'D': 3}","[0.88, 1.0, 1.0]",4.0
92,"[1, 2, 5]","[4, 4, 4]","[0.75, 0.88, 0.79]","[['A', 'B', 'D', 'C'], ['B', 'A', 'C', 'D'], ['C', 'B', 'A', 'D']]","{'A': 4, 'B': 4, 'C': 4, 'D': 3}","[0.88, 1.0, 1.0]",4.0
92,"[1, 2, 5]","[4, 4, 4]","[0.75, 0.88, 0.79]","[['A', 'B', 'D', 'C'], ['B', 'C', 'A', 'D'], ['A', 'B', 'C', 'D']]","{'A': 4, 'B': 4, 'C': 4, 'D': 3}","[0.88, 1.0, 1.0]",4.0
92,"[1, 2, 5]","[4, 4, 4]","[0.75, 0.88, 0.79]","[['A', 'B', 'D', 'C'], ['B', 'C', 'A', 'D'], ['A', 'C', 'B', 'D']]","{'A': 4, 'B': 4, 'C': 4, 'D': 3}","[0.88, 1.0, 1.0]",4.0
92,"[1, 2, 5]","[4, 4, 4]","[0.75, 0.88, 0.79]","[['A', 'B', 'D', 'C'], ['B', 'C', 'A', 'D'], ['B', 'A', 'C', 'D']]","{'A': 4, 'B': 4, 'C': 4, 'D': 3}","[0.88, 1.0, 1.0]",4.0
92,"[1, 2, 5]","[4, 4, 4]","[0.75, 0.88, 0.79]","[['A', 'B', 'D', 'C'], ['B', 'C', 'A', 'D'], ['B', 'C', 'A', 'D']]","{'A': 4, 'B': 4, 'C': 4, 'D': 3}","[0.88, 1.0, 1.0]",4.0
92,"[1, 2, 5]","[4, 4, 4]","[0.75, 0.88, 0.79]","[['A', 'B', 'D', 'C'], ['B', 'C', 'A', 'D'], ['C', 'A', 'B', 'D']]","{'A': 4, 'B': 4, 'C': 4, 'D': 3}","[0.88, 1.0, 1.0]",4.0
92,"[1, 2, 5]","[4, 4, 4]","[0.75, 0.88, 0.79]","[['A', 'B', 'D', 'C'], ['B', 'C', 'A', 'D'], ['C', 'B', 'A', 'D']]","{'A': 4, 'B': 4, 'C': 4, 'D': 3}","[0.88, 1.0, 1.0]",4.0
92,"[1, 2, 5]","[4, 4, 4]","[0.75, 0.88, 0.79]","[['A', 'B', 'D', 'C'], ['C', 'A', 'B', 'D'], ['A', 'B', 'C', 'D']]","{'A': 4, 'B': 4, 'C': 4, 'D': 3}","[0.88, 1.0, 1.0]",4.0
92,"[1, 2, 5]","[4, 4, 4]","[0.75, 0.88, 0.79]","[['A', 'B', 'D', 'C'], ['C', 'A', 'B', 'D'], ['A', 'C', 'B', 'D']]","{'A': 4, 'B': 4, 'C': 4, 'D': 3}","[0.88, 1.0, 1.0]",4.0
92,"[1, 2, 5]","[4, 4, 4]","[0.75, 0.88, 0.79]","[['A', 'B', 'D', 'C'], ['C', 'A', 'B', 'D'], ['B', 'A', 'C', 'D']]","{'A': 4, 'B': 4, 'C': 4, 'D': 3}","[0.88, 1.0, 1.0]",4.0
92,"[1, 2, 5]","[4, 4, 4]","[0.75, 0.88, 0.79]","[['A', 'B', 'D', 'C'], ['C', 'A', 'B', 'D'], ['B', 'C', 'A', 'D']]","{'A': 4, 'B': 4, 'C': 4, 'D': 3}","[0.88, 1.0, 1.0]",4.0
92,"[1, 2, 5]","[4, 4, 4]","[0.75, 0.88, 0.79]","[['A', 'B', 'D', 'C'], ['C', 'A', 'B', 'D'], ['C', 'A', 'B', 'D']]","{'A': 4, 'B': 4, 'C': 4, 'D': 3}","[0.88, 1.0, 1.0]",4.0
92,"[1, 2, 5]","[4, 4, 4]","[0.75, 0.88, 0.79]","[['A', 'B', 'D', 'C'], ['C', 'A', 'B', 'D'], ['C', 'B', 'A', 'D']]","{'A': 4, 'B': 4, 'C': 4, 'D': 3}","[0.88, 1.0, 1.0]",4.0
92,"[1, 2, 5]","[4, 4, 4]","[0.75, 0.88, 0.79]","[['A', 'B', 'D', 'C'], ['C', 'B', 'A', 'D'], ['A', 'B', 'C', 'D']]","{'A': 4, 'B': 4, 'C': 4, 'D': 3}","[0.88, 1.0, 1.0]",4.0
92,"[1, 2, 5]","[4, 4, 4]","[0.75, 0.88, 0.79]","[['A', 'B', 'D', 'C'], ['C', 'B', 'A', 'D'], ['A', 'C', 'B', 'D']]","{'A': 4, 'B': 4, 'C': 4, 'D': 3}","[0.88, 1.0, 1.0]",4.0
92,"[1, 2, 5]","[4, 4, 4]","[0.75, 0.88, 0.79]","[['A', 'B', 'D', 'C'], ['C', 'B', 'A', 'D'], ['B', 'A', 'C', 'D']]","{'A': 4, 'B': 4, 'C': 4, 'D': 3}","[0.88, 1.0, 1.0]",4.0
92,"[1, 2, 5]","[4, 4, 4]","[0.75, 0.88, 0.79]","[['A', 'B', 'D', 'C'], ['C', 'B', 'A', 'D'], ['B', 'C', 'A', 'D']]","{'A': 4, 'B': 4, 'C': 4, 'D': 3}","[0.88, 1.0, 1.0]",4.0
92,"[1, 2, 5]","[4, 4, 4]","[0.75, 0.88, 0.79]","[['A', 'B', 'D', 'C'], ['C', 'B', 'A', 'D'], ['C', 'A', 'B', 'D']]","{'A': 4, 'B': 4, 'C': 4, 'D': 3}","[0.88, 1.0, 1.0]",4.0
92,"[1, 2, 5]","[4, 4, 4]","[0.75, 0.88, 0.79]","[['A', 'B', 'D', 'C'], ['C', 'B', 'A', 'D'], ['C', 'B', 'A', 'D']]","{'A': 4, 'B': 4, 'C': 4, 'D': 3}","[0.88, 1.0, 1.0]",4.0
92,"[1, 2, 5]","[4, 4, 4]","[0.75, 0.88, 0.79]","[['A', 'C', 'B', 'D'], ['A', 'B', 'C', 'D'], ['A', 'B', 'D', 'C']]","{'A': 4, 'B': 4, 'C': 4, 'D': 3}","[0.88, 1.0, 1.0]",4.0
92,"[1, 2, 5]","[4, 4, 4]","[0.75, 0.88, 0.79]","[['A', 'C', 'B', 'D'], ['A', 'B', 'C', 'D'], ['A', 'D', 'B', 'C']]","{'A': 4, 'B': 4, 'C': 4, 'D': 3}","[0.88, 1.0, 1.0]",4.0
92,"[1, 2, 5]","[4, 4, 4]","[0.75, 0.88, 0.79]","[['A', 'C', 'B', 'D'], ['A', 'B', 'C', 'D'], ['B', 'A', 'D', 'C']]","{'A': 4, 'B': 4, 'C': 4, 'D': 3}","[0.88, 1.0, 1.0]",4.0
92,"[1, 2, 5]","[4, 4, 4]","[0.75, 0.88, 0.79]","[['A', 'C', 'B', 'D'], ['A', 'B', 'C', 'D'], ['B', 'D', 'A', 'C']]","{'A': 4, 'B': 4, 'C': 4, 'D': 3}","[0.88, 1.0, 1.0]",4.0
92,"[1, 2, 5]","[4, 4, 4]","[0.75, 0.88, 0.79]","[['A', 'C', 'B', 'D'], ['A', 'B', 'C', 'D'], ['D', 'A', 'B', 'C']]","{'A': 4, 'B': 4, 'C': 4, 'D': 3}","[0.88, 1.0, 1.0]",4.0
92,"[1, 2, 5]","[4, 4, 4]","[0.75, 0.88, 0.79]","[['A', 'C', 'B', 'D'], ['A', 'B', 'C', 'D'], ['D', 'B', 'A', 'C']]","{'A': 4, 'B': 4, 'C': 4, 'D': 3}","[0.88, 1.0, 1.0]",4.0
92,"[1, 2, 5]","[4, 4, 4]","[0.75, 0.88, 0.79]","[['A', 'C', 'B', 'D'], ['A', 'B', 'D', 'C'], ['A', 'B', 'C', 'D']]","{'A': 4, 'B': 4, 'C': 4, 'D': 3}","[0.88, 1.0, 1.0]",4.0
92,"[1, 2, 5]","[4, 4, 4]","[0.75, 0.88, 0.79]","[['A', 'C', 'B', 'D'], ['A', 'B', 'D', 'C'], ['A', 'C', 'B', 'D']]","{'A': 4, 'B': 4, 'C': 4, 'D': 3}","[0.88, 1.0, 1.0]",4.0
92,"[1, 2, 5]","[4, 4, 4]","[0.75, 0.88, 0.79]","[['A', 'C', 'B', 'D'], ['A', 'B', 'D', 'C'], ['B', 'A', 'C', 'D']]","{'A': 4, 'B': 4, 'C': 4, 'D': 3}","[0.88, 1.0, 1.0]",4.0
92,"[1, 2, 5]","[4, 4, 4]","[0.75, 0.88, 0.79]","[['A', 'C', 'B', 'D'], ['A', 'B', 'D', 'C'], ['B', 'C', 'A', 'D']]","{'A': 4, 'B': 4, 'C': 4, 'D': 3}","[0.88, 1.0, 1.0]",4.0
92,"[1, 2, 5]","[4, 4, 4]","[0.75, 0.88, 0.79]","[['A', 'C', 'B', 'D'], ['A', 'B', 'D', 'C'], ['C', 'A', 'B', 'D']]","{'A': 4, 'B': 4, 'C': 4, 'D': 3}","[0.88, 1.0, 1.0]",4.0
92,"[1, 2, 5]","[4, 4, 4]","[0.75, 0.88, 0.79]","[['A', 'C', 'B', 'D'], ['A', 'B', 'D', 'C'], ['C', 'B', 'A', 'D']]","{'A': 4, 'B': 4, 'C': 4, 'D': 3}","[0.88, 1.0, 1.0]",4.0
92,"[1, 2, 5]","[4, 4, 4]","[0.75, 0.88, 0.79]","[['A', 'C', 'B', 'D'], ['A', 'C', 'B', 'D'], ['A', 'B', 'D', 'C']]","{'A': 4, 'B': 4, 'C': 4, 'D': 3}","[0.88, 1.0, 1.0]",4.0
92,"[1, 2, 5]","[4, 4, 4]","[0.75, 0.88, 0.79]","[['A', 'C', 'B', 'D'], ['A', 'C', 'B', 'D'], ['A', 'D', 'B', 'C']]","{'A': 4, 'B': 4, 'C': 4, 'D': 3}","[0.88, 1.0, 1.0]",4.0
92,"[1, 2, 5]","[4, 4, 4]","[0.75, 0.88, 0.79]","[['A', 'C', 'B', 'D'], ['A', 'C', 'B', 'D'], ['B', 'A', 'D', 'C']]","{'A': 4, 'B': 4, 'C': 4, 'D': 3}","[0.88, 1.0, 1.0]",4.0
92,"[1, 2, 5]","[4, 4, 4]","[0.75, 0.88, 0.79]","[['A', 'C', 'B', 'D'], ['A', 'C', 'B', 'D'], ['B', 'D', 'A', 'C']]","{'A': 4, 'B': 4, 'C': 4, 'D': 3}","[0.88, 1.0, 1.0]",4.0
92,"[1, 2, 5]","[4, 4, 4]","[0.75, 0.88, 0.79]","[['A', 'C', 'B', 'D'], ['A', 'C', 'B', 'D'], ['D', 'A', 'B', 'C']]","{'A': 4, 'B': 4, 'C': 4, 'D': 3}","[0.88, 1.0, 1.0]",4.0
92,"[1, 2, 5]","[4, 4, 4]","[0.75, 0.88, 0.79]","[['A', 'C', 'B', 'D'], ['A', 'C', 'B', 'D'], ['D', 'B', 'A', 'C']]","{'A': 4, 'B': 4, 'C': 4, 'D': 3}","[0.88, 1.0, 1.0]",4.0
92,"[1, 2, 5]","[4, 4, 4]","[0.75, 0.88, 0.79]","[['A', 'C', 'B', 'D'], ['A', 'D', 'B', 'C'], ['A', 'B', 'C', 'D']]","{'A': 4, 'B': 4, 'C': 4, 'D': 3}","[0.88, 1.0, 1.0]",4.0
92,"[1, 2, 5]","[4, 4, 4]","[0.75, 0.88, 0.79]","[['A', 'C', 'B', 'D'], ['A', 'D', 'B', 'C'], ['A', 'C', 'B', 'D']]","{'A': 4, 'B': 4, 'C': 4, 'D': 3}","[0.88, 1.0, 1.0]",4.0
92,"[1, 2, 5]","[4, 4, 4]","[0.75, 0.88, 0.79]","[['A', 'C', 'B', 'D'], ['A', 'D', 'B', 'C'], ['B', 'A', 'C', 'D']]","{'A': 4, 'B': 4, 'C': 4, 'D': 3}","[0.88, 1.0, 1.0]",4.0
92,"[1, 2, 5]","[4, 4, 4]","[0.75, 0.88, 0.79]","[['A', 'C', 'B', 'D'], ['A', 'D', 'B', 'C'], ['B', 'C', 'A', 'D']]","{'A': 4, 'B': 4, 'C': 4, 'D': 3}","[0.88, 1.0, 1.0]",4.0
92,"[1, 2, 5]","[4, 4, 4]","[0.75, 0.88, 0.79]","[['A', 'C', 'B', 'D'], ['A', 'D', 'B', 'C'], ['C', 'A', 'B', 'D']]","{'A': 4, 'B': 4, 'C': 4, 'D': 3}","[0.88, 1.0, 1.0]",4.0
92,"[1, 2, 5]","[4, 4, 4]","[0.75, 0.88, 0.79]","[['A', 'C', 'B', 'D'], ['A', 'D', 'B', 'C'], ['C', 'B', 'A', 'D']]","{'A': 4, 'B': 4, 'C': 4, 'D': 3}","[0.88, 1.0, 1.0]",4.0
92,"[1, 2, 5]","[4, 4, 4]","[0.75, 0.88, 0.79]","[['A', 'C', 'B', 'D'], ['B', 'A', 'C', 'D'], ['A', 'B', 'D', 'C']]","{'A': 4, 'B': 4, 'C': 4, 'D': 3}","[0.88, 1.0, 1.0]",4.0
92,"[1, 2, 5]","[4, 4, 4]","[0.75, 0.88, 0.79]","[['A', 'C', 'B', 'D'], ['B', 'A', 'C', 'D'], ['A', 'D', 'B', 'C']]","{'A': 4, 'B': 4, 'C': 4, 'D': 3}","[0.88, 1.0, 1.0]",4.0
92,"[1, 2, 5]","[4, 4, 4]","[0.75, 0.88, 0.79]","[['A', 'C', 'B', 'D'], ['B', 'A', 'C', 'D'], ['B', 'A', 'D', 'C']]","{'A': 4, 'B': 4, 'C': 4, 'D': 3}","[0.88, 1.0, 1.0]",4.0
92,"[1, 2, 5]","[4, 4, 4]","[0.75, 0.88, 0.79]","[['A', 'C', 'B', 'D'], ['B', 'A', 'C', 'D'], ['B', 'D', 'A', 'C']]","{'A': 4, 'B': 4, 'C': 4, 'D': 3}","[0.88, 1.0, 1.0]",4.0
92,"[1, 2, 5]","[4, 4, 4]","[0.75, 0.88, 0.79]","[['A', 'C', 'B', 'D'], ['B', 'A', 'C', 'D'], ['D', 'A', 'B', 'C']]","{'A': 4, 'B': 4, 'C': 4, 'D': 3}","[0.88, 1.0, 1.0]",4.0
92,"[1, 2, 5]","[4, 4, 4]","[0.75, 0.88, 0.79]","[['A', 'C', 'B', 'D'], ['B', 'A', 'C', 'D'], ['D', 'B', 'A', 'C']]","{'A': 4, 'B': 4, 'C': 4, 'D': 3}","[0.88, 1.0, 1.0]",4.0
92,"[1, 2, 5]","[4, 4, 4]","[0.75, 0.88, 0.79]","[['A', 'C', 'B', 'D'], ['B', 'A', 'D', 'C'], ['A', 'B', 'C', 'D']]","{'A': 4, 'B': 4, 'C': 4, 'D': 3}","[0.88, 1.0, 1.0]",4.0
92,"[1, 2, 5]","[4, 4, 4]","[0.75, 0.88, 0.79]","[['A', 'C', 'B', 'D'], ['B', 'A', 'D', 'C'], ['A', 'C', 'B', 'D']]","{'A': 4, 'B': 4, 'C': 4, 'D': 3}","[0.88, 1.0, 1.0]",4.0
92,"[1, 2, 5]","[4, 4, 4]","[0.75, 0.88, 0.79]","[['A', 'C', 'B', 'D'], ['B', 'A', 'D', 'C'], ['B', 'A', 'C', 'D']]","{'A': 4, 'B': 4, 'C': 4, 'D': 3}","[0.88, 1.0, 1.0]",4.0
92,"[1, 2, 5]","[4, 4, 4]","[0.75, 0.88, 0.79]","[['A', 'C', 'B', 'D'], ['B', 'A', 'D', 'C'], ['B', 'C', 'A', 'D']]","{'A': 4, 'B': 4, 'C': 4, 'D': 3}","[0.88, 1.0, 1.0]",4.0
92,"[1, 2, 5]","[4, 4, 4]","[0.75, 0.88, 0.79]","[['A', 'C', 'B', 'D'], ['B', 'A', 'D', 'C'], ['C', 'A', 'B', 'D']]","{'A': 4, 'B': 4, 'C': 4, 'D': 3}","[0.88, 1.0, 1.0]",4.0
92,"[1, 2, 5]","[4, 4, 4]","[0.75, 0.88, 0.79]","[['A', 'C', 'B', 'D'], ['B', 'A', 'D', 'C'], ['C', 'B', 'A', 'D']]","{'A': 4, 'B': 4, 'C': 4, 'D': 3}","[0.88, 1.0, 1.0]",4.0
92,"[1, 2, 5]","[4, 4, 4]","[0.75, 0.88, 0.79]","[['A', 'C', 'B', 'D'], ['B', 'C', 'A', 'D'], ['A', 'B', 'D', 'C']]","{'A': 4, 'B': 4, 'C': 4, 'D': 3}","[0.88, 1.0, 1.0]",4.0
92,"[1, 2, 5]","[4, 4, 4]","[0.75, 0.88, 0.79]","[['A', 'C', 'B', 'D'], ['B', 'C', 'A', 'D'], ['A', 'D', 'B', 'C']]","{'A': 4, 'B': 4, 'C': 4, 'D': 3}","[0.88, 1.0, 1.0]",4.0
92,"[1, 2, 5]","[4, 4, 4]","[0.75, 0.88, 0.79]","[['A', 'C', 'B', 'D'], ['B', 'C', 'A', 'D'], ['B', 'A', 'D', 'C']]","{'A': 4, 'B': 4, 'C': 4, 'D': 3}","[0.88, 1.0, 1.0]",4.0
92,"[1, 2, 5]","[4, 4, 4]","[0.75, 0.88, 0.79]","[['A', 'C', 'B', 'D'], ['B', 'C', 'A', 'D'], ['B', 'D', 'A', 'C']]","{'A': 4, 'B': 4, 'C': 4, 'D': 3}","[0.88, 1.0, 1.0]",4.0
92,"[1, 2, 5]","[4, 4, 4]","[0.75, 0.88, 0.79]","[['A', 'C', 'B', 'D'], ['B', 'C', 'A', 'D'], ['D', 'A', 'B', 'C']]","{'A': 4, 'B': 4, 'C': 4, 'D': 3}","[0.88, 1.0, 1.0]",4.0
92,"[1, 2, 5]","[4, 4, 4]","[0.75, 0.88, 0.79]","[['A', 'C', 'B', 'D'], ['B', 'C', 'A', 'D'], ['D', 'B', 'A', 'C']]","{'A': 4, 'B': 4, 'C': 4, 'D': 3}","[0.88, 1.0, 1.0]",4.0
92,"[1, 2, 5]","[4, 4, 4]","[0.75, 0.88, 0.79]","[['A', 'C', 'B', 'D'], ['B', 'D', 'A', 'C'], ['A', 'B', 'C', 'D']]","{'A': 4, 'B': 4, 'C': 4, 'D': 3}","[0.88, 1.0, 1.0]",4.0
92,"[1, 2, 5]","[4, 4, 4]","[0.75, 0.88, 0.79]","[['A', 'C', 'B', 'D'], ['B', 'D', 'A', 'C'], ['A', 'C', 'B', 'D']]","{'A': 4, 'B': 4, 'C': 4, 'D': 3}","[0.88, 1.0, 1.0]",4.0
92,"[1, 2, 5]","[4, 4, 4]","[0.75, 0.88, 0.79]","[['A', 'C', 'B', 'D'], ['B', 'D', 'A', 'C'], ['B', 'A', 'C', 'D']]","{'A': 4, 'B': 4, 'C': 4, 'D': 3}","[0.88, 1.0, 1.0]",4.0
92,"[1, 2, 5]","[4, 4, 4]","[0.75, 0.88, 0.79]","[['A', 'C', 'B', 'D'], ['B', 'D', 'A', 'C'], ['B', 'C', 'A', 'D']]","{'A': 4, 'B': 4, 'C': 4, 'D': 3}","[0.88, 1.0, 1.0]",4.0
92,"[1, 2, 5]","[4, 4, 4]","[0.75, 0.88, 0.79]","[['A', 'C', 'B', 'D'], ['B', 'D', 'A', 'C'], ['C', 'A', 'B', 'D']]","{'A': 4, 'B': 4, 'C': 4, 'D': 3}","[0.88, 1.0, 1.0]",4.0
92,"[1, 2, 5]","[4, 4, 4]","[0.75, 0.88, 0.79]","[['A', 'C', 'B', 'D'], ['B', 'D', 'A', 'C'], ['C', 'B', 'A', 'D']]","{'A': 4, 'B': 4, 'C': 4, 'D': 3}","[0.88, 1.0, 1.0]",4.0
92,"[1, 2, 5]","[4, 4, 4]","[0.75, 0.88, 0.79]","[['A', 'C', 'B', 'D'], ['C', 'A', 'B', 'D'], ['A', 'B', 'D', 'C']]","{'A': 4, 'B': 4, 'C': 4, 'D': 3}","[0.88, 1.0, 1.0]",4.0
92,"[1, 2, 5]","[4, 4, 4]","[0.75, 0.88, 0.79]","[['A', 'C', 'B', 'D'], ['C', 'A', 'B', 'D'], ['A', 'D', 'B', 'C']]","{'A': 4, 'B': 4, 'C': 4, 'D': 3}","[0.88, 1.0, 1.0]",4.0
92,"[1, 2, 5]","[4, 4, 4]","[0.75, 0.88, 0.79]","[['A', 'C', 'B', 'D'], ['C', 'A', 'B', 'D'], ['B', 'A', 'D', 'C']]","{'A': 4, 'B': 4, 'C': 4, 'D': 3}","[0.88, 1.0, 1.0]",4.0
92,"[1, 2, 5]","[4, 4, 4]","[0.75, 0.88, 0.79]","[['A', 'C', 'B', 'D'], ['C', 'A', 'B', 'D'], ['B', 'D', 'A', 'C']]","{'A': 4, 'B': 4, 'C': 4, 'D': 3}","[0.88, 1.0, 1.0]",4.0
92,"[1, 2, 5]","[4, 4, 4]","[0.75, 0.88, 0.79]","[['A', 'C', 'B', 'D'], ['C', 'A', 'B', 'D'], ['D', 'A', 'B', 'C']]","{'A': 4, 'B': 4, 'C': 4, 'D': 3}","[0.88, 1.0, 1.0]",4.0
92,"[1, 2, 5]","[4, 4, 4]","[0.75, 0.88, 0.79]","[['A', 'C', 'B', 'D'], ['C', 'A', 'B', 'D'], ['D', 'B', 'A', 'C']]","{'A': 4, 'B': 4, 'C': 4, 'D': 3}","[0.88, 1.0, 1.0]",4.0
92,"[1, 2, 5]","[4, 4, 4]","[0.75, 0.88, 0.79]","[['A', 'C', 'B', 'D'], ['C', 'B', 'A', 'D'], ['A', 'B', 'D', 'C']]","{'A': 4, 'B': 4, 'C': 4, 'D': 3}","[0.88, 1.0, 1.0]",4.0
92,"[1, 2, 5]","[4, 4, 4]","[0.75, 0.88, 0.79]","[['A', 'C', 'B', 'D'], ['C', 'B', 'A', 'D'], ['A', 'D', 'B', 'C']]","{'A': 4, 'B': 4, 'C': 4, 'D': 3}","[0.88, 1.0, 1.0]",4.0
92,"[1, 2, 5]","[4, 4, 4]","[0.75, 0.88, 0.79]","[['A', 'C', 'B', 'D'], ['C', 'B', 'A', 'D'], ['B', 'A', 'D', 'C']]","{'A': 4, 'B': 4, 'C': 4, 'D': 3}","[0.88, 1.0, 1.0]",4.0
92,"[1, 2, 5]","[4, 4, 4]","[0.75, 0.88, 0.79]","[['A', 'C', 'B', 'D'], ['C', 'B', 'A', 'D'], ['B', 'D', 'A', 'C']]","{'A': 4, 'B': 4, 'C': 4, 'D': 3}","[0.88, 1.0, 1.0]",4.0
92,"[1, 2, 5]","[4, 4, 4]","[0.75, 0.88, 0.79]","[['A', 'C', 'B', 'D'], ['C', 'B', 'A', 'D'], ['D', 'A', 'B', 'C']]","{'A': 4, 'B': 4, 'C': 4, 'D': 3}","[0.88, 1.0, 1.0]",4.0
92,"[1, 2, 5]","[4, 4, 4]","[0.75, 0.88, 0.79]","[['A', 'C', 'B', 'D'], ['C', 'B', 'A', 'D'], ['D', 'B', 'A', 'C']]","{'A': 4, 'B': 4, 'C': 4, 'D': 3}","[0.88, 1.0, 1.0]",4.0
92,"[1, 2, 5]","[4, 4, 4]","[0.75, 0.88, 0.79]","[['A', 'C', 'B', 'D'], ['D', 'A', 'B', 'C'], ['A', 'B', 'C', 'D']]","{'A': 4, 'B': 4, 'C': 4, 'D': 3}","[0.88, 1.0, 1.0]",4.0
92,"[1, 2, 5]","[4, 4, 4]","[0.75, 0.88, 0.79]","[['A', 'C', 'B', 'D'], ['D', 'A', 'B', 'C'], ['A', 'C', 'B', 'D']]","{'A': 4, 'B': 4, 'C': 4, 'D': 3}","[0.88, 1.0, 1.0]",4.0
92,"[1, 2, 5]","[4, 4, 4]","[0.75, 0.88, 0.79]","[['A', 'C', 'B', 'D'], ['D', 'A', 'B', 'C'], ['B', 'A', 'C', 'D']]","{'A': 4, 'B': 4, 'C': 4, 'D': 3}","[0.88, 1.0, 1.0]",4.0
92,"[1, 2, 5]","[4, 4, 4]","[0.75, 0.88, 0.79]","[['A', 'C', 'B', 'D'], ['D', 'A', 'B', 'C'], ['B', 'C', 'A', 'D']]","{'A': 4, 'B': 4, 'C': 4, 'D': 3}","[0.88, 1.0, 1.0]",4.0
92,"[1, 2, 5]","[4, 4, 4]","[0.75, 0.88, 0.79]","[['A', 'C', 'B', 'D'], ['D', 'A', 'B', 'C'], ['C', 'A', 'B', 'D']]","{'A': 4, 'B': 4, 'C': 4, 'D': 3}","[0.88, 1.0, 1.0]",4.0
92,"[1, 2, 5]","[4, 4, 4]","[0.75, 0.88, 0.79]","[['A', 'C', 'B', 'D'], ['D', 'A', 'B', 'C'], ['C', 'B', 'A', 'D']]","{'A': 4, 'B': 4, 'C': 4, 'D': 3}","[0.88, 1.0, 1.0]",4.0
92,"[1, 2, 5]","[4, 4, 4]","[0.75, 0.88, 0.79]","[['A', 'C', 'B', 'D'], ['D', 'B', 'A', 'C'], ['A', 'B', 'C', 'D']]","{'A': 4, 'B': 4, 'C': 4, 'D': 3}","[0.88, 1.0, 1.0]",4.0
92,"[1, 2, 5]","[4, 4, 4]","[0.75, 0.88, 0.79]","[['A', 'C', 'B', 'D'], ['D', 'B', 'A', 'C'], ['A', 'C', 'B', 'D']]","{'A': 4, 'B': 4, 'C': 4, 'D': 3}","[0.88, 1.0, 1.0]",4.0
92,"[1, 2, 5]","[4, 4, 4]","[0.75, 0.88, 0.79]","[['A', 'C', 'B', 'D'], ['D', 'B', 'A', 'C'], ['B', 'A', 'C', 'D']]","{'A': 4, 'B': 4, 'C': 4, 'D': 3}","[0.88, 1.0, 1.0]",4.0
92,"[1, 2, 5]","[4, 4, 4]","[0.75, 0.88, 0.79]","[['A', 'C', 'B', 'D'], ['D', 'B', 'A', 'C'], ['B', 'C', 'A', 'D']]","{'A': 4, 'B': 4, 'C': 4, 'D': 3}","[0.88, 1.0, 1.0]",4.0
92,"[1, 2, 5]","[4, 4, 4]","[0.75, 0.88, 0.79]","[['A', 'C', 'B', 'D'], ['D', 'B', 'A', 'C'], ['C', 'A', 'B', 'D']]","{'A': 4, 'B': 4, 'C': 4, 'D': 3}","[0.88, 1.0, 1.0]",4.0
92,"[1, 2, 5]","[4, 4, 4]","[0.75, 0.88, 0.79]","[['A', 'C', 'B', 'D'], ['D', 'B', 'A', 'C'], ['C', 'B', 'A', 'D']]","{'A': 4, 'B': 4, 'C': 4, 'D': 3}","[0.88, 1.0, 1.0]",4.0
92,"[1, 2, 5]","[4, 4, 4]","[0.75, 0.88, 0.79]","[['A', 'D', 'B', 'C'], ['A', 'B', 'C', 'D'], ['A', 'B', 'C', 'D']]","{'A': 4, 'B': 4, 'C': 4, 'D': 3}","[0.88, 1.0, 1.0]",4.0
92,"[1, 2, 5]","[4, 4, 4]","[0.75, 0.88, 0.79]","[['A', 'D', 'B', 'C'], ['A', 'B', 'C', 'D'], ['A', 'C', 'B', 'D']]","{'A': 4, 'B': 4, 'C': 4, 'D': 3}","[0.88, 1.0, 1.0]",4.0
92,"[1, 2, 5]","[4, 4, 4]","[0.75, 0.88, 0.79]","[['A', 'D', 'B', 'C'], ['A', 'B', 'C', 'D'], ['B', 'A', 'C', 'D']]","{'A': 4, 'B': 4, 'C': 4, 'D': 3}","[0.88, 1.0, 1.0]",4.0
92,"[1, 2, 5]","[4, 4, 4]","[0.75, 0.88, 0.79]","[['A', 'D', 'B', 'C'], ['A', 'B', 'C', 'D'], ['B', 'C', 'A', 'D']]","{'A': 4, 'B': 4, 'C': 4, 'D': 3}","[0.88, 1.0, 1.0]",4.0
92,"[1, 2, 5]","[4, 4, 4]","[0.75, 0.88, 0.79]","[['A', 'D', 'B', 'C'], ['A', 'B', 'C', 'D'], ['C', 'A', 'B', 'D']]","{'A': 4, 'B': 4, 'C': 4, 'D': 3}","[0.88, 1.0, 1.0]",4.0
92,"[1, 2, 5]","[4, 4, 4]","[0.75, 0.88, 0.79]","[['A', 'D', 'B', 'C'], ['A', 'B', 'C', 'D'], ['C', 'B', 'A', 'D']]","{'A': 4, 'B': 4, 'C': 4, 'D': 3}","[0.88, 1.0, 1.0]",4.0
92,"[1, 2, 5]","[4, 4, 4]","[0.75, 0.88, 0.79]","[['A', 'D', 'B', 'C'], ['A', 'C', 'B', 'D'], ['A', 'B', 'C', 'D']]","{'A': 4, 'B': 4, 'C': 4, 'D': 3}","[0.88, 1.0, 1.0]",4.0
92,"[1, 2, 5]","[4, 4, 4]","[0.75, 0.88, 0.79]","[['A', 'D', 'B', 'C'], ['A', 'C', 'B', 'D'], ['A', 'C', 'B', 'D']]","{'A': 4, 'B': 4, 'C': 4, 'D': 3}","[0.88, 1.0, 1.0]",4.0
92,"[1, 2, 5]","[4, 4, 4]","[0.75, 0.88, 0.79]","[['A', 'D', 'B', 'C'], ['A', 'C', 'B', 'D'], ['B', 'A', 'C', 'D']]","{'A': 4, 'B': 4, 'C': 4, 'D': 3}","[0.88, 1.0, 1.0]",4.0
92,"[1, 2, 5]","[4, 4, 4]","[0.75, 0.88, 0.79]","[['A', 'D', 'B', 'C'], ['A', 'C', 'B', 'D'], ['B', 'C', 'A', 'D']]","{'A': 4, 'B': 4, 'C': 4, 'D': 3}","[0.88, 1.0, 1.0]",4.0
92,"[1, 2, 5]","[4, 4, 4]","[0.75, 0.88, 0.79]","[['A', 'D', 'B', 'C'], ['A', 'C', 'B', 'D'], ['C', 'A', 'B', 'D']]","{'A': 4, 'B': 4, 'C': 4, 'D': 3}","[0.88, 1.0, 1.0]",4.0
92,"[1, 2, 5]","[4, 4, 4]","[0.75, 0.88, 0.79]","[['A', 'D', 'B', 'C'], ['A', 'C', 'B', 'D'], ['C', 'B', 'A', 'D']]","{'A': 4, 'B': 4, 'C': 4, 'D': 3}","[0.88, 1.0, 1.0]",4.0
92,"[1, 2, 5]","[4, 4, 4]","[0.75, 0.88, 0.79]","[['A', 'D', 'B', 'C'], ['B', 'A', 'C', 'D'], ['A', 'B', 'C', 'D']]","{'A': 4, 'B': 4, 'C': 4, 'D': 3}","[0.88, 1.0, 1.0]",4.0
92,"[1, 2, 5]","[4, 4, 4]","[0.75, 0.88, 0.79]","[['A', 'D', 'B', 'C'], ['B', 'A', 'C', 'D'], ['A', 'C', 'B', 'D']]","{'A': 4, 'B': 4, 'C': 4, 'D': 3}","[0.88, 1.0, 1.0]",4.0
92,"[1, 2, 5]","[4, 4, 4]","[0.75, 0.88, 0.79]","[['A', 'D', 'B', 'C'], ['B', 'A', 'C', 'D'], ['B', 'A', 'C', 'D']]","{'A': 4, 'B': 4, 'C': 4, 'D': 3}","[0.88, 1.0, 1.0]",4.0
92,"[1, 2, 5]","[4, 4, 4]","[0.75, 0.88, 0.79]","[['A', 'D', 'B', 'C'], ['B', 'A', 'C', 'D'], ['B', 'C', 'A', 'D']]","{'A': 4, 'B': 4, 'C': 4, 'D': 3}","[0.88, 1.0, 1.0]",4.0
92,"[1, 2, 5]","[4, 4, 4]","[0.75, 0.88, 0.79]","[['A', 'D', 'B', 'C'], ['B', 'A', 'C', 'D'], ['C', 'A', 'B', 'D']]","{'A': 4, 'B': 4, 'C': 4, 'D': 3}","[0.88, 1.0, 1.0]",4.0
92,"[1, 2, 5]","[4, 4, 4]","[0.75, 0.88, 0.79]","[['A', 'D', 'B', 'C'], ['B', 'A', 'C', 'D'], ['C', 'B', 'A', 'D']]","{'A': 4, 'B': 4, 'C': 4, 'D': 3}","[0.88, 1.0, 1.0]",4.0
92,"[1, 2, 5]","[4, 4, 4]","[0.75, 0.88, 0.79]","[['A', 'D', 'B', 'C'], ['B', 'C', 'A', 'D'], ['A', 'B', 'C', 'D']]","{'A': 4, 'B': 4, 'C': 4, 'D': 3}","[0.88, 1.0, 1.0]",4.0
92,"[1, 2, 5]","[4, 4, 4]","[0.75, 0.88, 0.79]","[['A', 'D', 'B', 'C'], ['B', 'C', 'A', 'D'], ['A', 'C', 'B', 'D']]","{'A': 4, 'B': 4, 'C': 4, 'D': 3}","[0.88, 1.0, 1.0]",4.0
92,"[1, 2, 5]","[4, 4, 4]","[0.75, 0.88, 0.79]","[['A', 'D', 'B', 'C'], ['B', 'C', 'A', 'D'], ['B', 'A', 'C', 'D']]","{'A': 4, 'B': 4, 'C': 4, 'D': 3}","[0.88, 1.0, 1.0]",4.0
92,"[1, 2, 5]","[4, 4, 4]","[0.75, 0.88, 0.79]","[['A', 'D', 'B', 'C'], ['B', 'C', 'A', 'D'], ['B', 'C', 'A', 'D']]","{'A': 4, 'B': 4, 'C': 4, 'D': 3}","[0.88, 1.0, 1.0]",4.0
92,"[1, 2, 5]","[4, 4, 4]","[0.75, 0.88, 0.79]","[['A', 'D', 'B', 'C'], ['B', 'C', 'A', 'D'], ['C', 'A', 'B', 'D']]","{'A': 4, 'B': 4, 'C': 4, 'D': 3}","[0.88, 1.0, 1.0]",4.0
92,"[1, 2, 5]","[4, 4, 4]","[0.75, 0.88, 0.79]","[['A', 'D', 'B', 'C'], ['B', 'C', 'A', 'D'], ['C', 'B', 'A', 'D']]","{'A': 4, 'B': 4, 'C': 4, 'D': 3}","[0.88, 1.0, 1.0]",4.0
92,"[1, 2, 5]","[4, 4, 4]","[0.75, 0.88, 0.79]","[['A', 'D', 'B', 'C'], ['C', 'A', 'B', 'D'], ['A', 'B', 'C', 'D']]","{'A': 4, 'B': 4, 'C': 4, 'D': 3}","[0.88, 1.0, 1.0]",4.0
92,"[1, 2, 5]","[4, 4, 4]","[0.75, 0.88, 0.79]","[['A', 'D', 'B', 'C'], ['C', 'A', 'B', 'D'], ['A', 'C', 'B', 'D']]","{'A': 4, 'B': 4, 'C': 4, 'D': 3}","[0.88, 1.0, 1.0]",4.0
92,"[1, 2, 5]","[4, 4, 4]","[0.75, 0.88, 0.79]","[['A', 'D', 'B', 'C'], ['C', 'A', 'B', 'D'], ['B', 'A', 'C', 'D']]","{'A': 4, 'B': 4, 'C': 4, 'D': 3}","[0.88, 1.0, 1.0]",4.0
92,"[1, 2, 5]","[4, 4, 4]","[0.75, 0.88, 0.79]","[['A', 'D', 'B', 'C'], ['C', 'A', 'B', 'D'], ['B', 'C', 'A', 'D']]","{'A': 4, 'B': 4, 'C': 4, 'D': 3}","[0.88, 1.0, 1.0]",4.0
92,"[1, 2, 5]","[4, 4, 4]","[0.75, 0.88, 0.79]","[['A', 'D', 'B', 'C'], ['C', 'A', 'B', 'D'], ['C', 'A', 'B', 'D']]","{'A': 4, 'B': 4, 'C': 4, 'D': 3}","[0.88, 1.0, 1.0]",4.0
92,"[1, 2, 5]","[4, 4, 4]","[0.75, 0.88, 0.79]","[['A', 'D', 'B', 'C'], ['C', 'A', 'B', 'D'], ['C', 'B', 'A', 'D']]","{'A': 4, 'B': 4, 'C': 4, 'D': 3}","[0.88, 1.0, 1.0]",4.0
92,"[1, 2, 5]","[4, 4, 4]","[0.75, 0.88, 0.79]","[['A', 'D', 'B', 'C'], ['C', 'B', 'A', 'D'], ['A', 'B', 'C', 'D']]","{'A': 4, 'B': 4, 'C': 4, 'D': 3}","[0.88, 1.0, 1.0]",4.0
92,"[1, 2, 5]","[4, 4, 4]","[0.75, 0.88, 0.79]","[['A', 'D', 'B', 'C'], ['C', 'B', 'A', 'D'], ['A', 'C', 'B', 'D']]","{'A': 4, 'B': 4, 'C': 4, 'D': 3}","[0.88, 1.0, 1.0]",4.0
92,"[1, 2, 5]","[4, 4, 4]","[0.75, 0.88, 0.79]","[['A', 'D', 'B', 'C'], ['C', 'B', 'A', 'D'], ['B', 'A', 'C', 'D']]","{'A': 4, 'B': 4, 'C': 4, 'D': 3}","[0.88, 1.0, 1.0]",4.0
92,"[1, 2, 5]","[4, 4, 4]","[0.75, 0.88, 0.79]","[['A', 'D', 'B', 'C'], ['C', 'B', 'A', 'D'], ['B', 'C', 'A', 'D']]","{'A': 4, 'B': 4, 'C': 4, 'D': 3}","[0.88, 1.0, 1.0]",4.0
92,"[1, 2, 5]","[4, 4, 4]","[0.75, 0.88, 0.79]","[['A', 'D', 'B', 'C'], ['C', 'B', 'A', 'D'], ['C', 'A', 'B', 'D']]","{'A': 4, 'B': 4, 'C': 4, 'D': 3}","[0.88, 1.0, 1.0]",4.0
92,"[1, 2, 5]","[4, 4, 4]","[0.75, 0.88, 0.79]","[['A', 'D', 'B', 'C'], ['C', 'B', 'A', 'D'], ['C', 'B', 'A', 'D']]","{'A': 4, 'B': 4, 'C': 4, 'D': 3}","[0.88, 1.0, 1.0]",4.0
92,"[1, 2, 5]","[4, 4, 4]","[0.75, 0.88, 0.79]","[['B', 'A', 'C', 'D'], ['A', 'B', 'C', 'D'], ['A', 'B', 'D', 'C']]","{'A': 4, 'B': 4, 'C': 4, 'D': 3}","[0.88, 1.0, 1.0]",4.0
92,"[1, 2, 5]","[4, 4, 4]","[0.75, 0.88, 0.79]","[['B', 'A', 'C', 'D'], ['A', 'B', 'C', 'D'], ['A', 'D', 'B', 'C']]","{'A': 4, 'B': 4, 'C': 4, 'D': 3}","[0.88, 1.0, 1.0]",4.0
92,"[1, 2, 5]","[4, 4, 4]","[0.75, 0.88, 0.79]","[['B', 'A', 'C', 'D'], ['A', 'B', 'C', 'D'], ['B', 'A', 'D', 'C']]","{'A': 4, 'B': 4, 'C': 4, 'D': 3}","[0.88, 1.0, 1.0]",4.0
92,"[1, 2, 5]","[4, 4, 4]","[0.75, 0.88, 0.79]","[['B', 'A', 'C', 'D'], ['A', 'B', 'C', 'D'], ['B', 'D', 'A', 'C']]","{'A': 4, 'B': 4, 'C': 4, 'D': 3}","[0.88, 1.0, 1.0]",4.0
92,"[1, 2, 5]","[4, 4, 4]","[0.75, 0.88, 0.79]","[['B', 'A', 'C', 'D'], ['A', 'B', 'C', 'D'], ['D', 'A', 'B', 'C']]","{'A': 4, 'B': 4, 'C': 4, 'D': 3}","[0.88, 1.0, 1.0]",4.0
92,"[1, 2, 5]","[4, 4, 4]","[0.75, 0.88, 0.79]","[['B', 'A', 'C', 'D'], ['A', 'B', 'C', 'D'], ['D', 'B', 'A', 'C']]","{'A': 4, 'B': 4, 'C': 4, 'D': 3}","[0.88, 1.0, 1.0]",4.0
92,"[1, 2, 5]","[4, 4, 4]","[0.75, 0.88, 0.79]","[['B', 'A', 'C', 'D'], ['A', 'B', 'D', 'C'], ['A', 'B', 'C', 'D']]","{'A': 4, 'B': 4, 'C': 4, 'D': 3}","[0.88, 1.0, 1.0]",4.0
92,"[1, 2, 5]","[4, 4, 4]","[0.75, 0.88, 0.79]","[['B', 'A', 'C', 'D'], ['A', 'B', 'D', 'C'], ['A', 'C', 'B', 'D']]","{'A': 4, 'B': 4, 'C': 4, 'D': 3}","[0.88, 1.0, 1.0]",4.0
92,"[1, 2, 5]","[4, 4, 4]","[0.75, 0.88, 0.79]","[['B', 'A', 'C', 'D'], ['A', 'B', 'D', 'C'], ['B', 'A', 'C', 'D']]","{'A': 4, 'B': 4, 'C': 4, 'D': 3}","[0.88, 1.0, 1.0]",4.0
92,"[1, 2, 5]","[4, 4, 4]","[0.75, 0.88, 0.79]","[['B', 'A', 'C', 'D'], ['A', 'B', 'D', 'C'], ['B', 'C', 'A', 'D']]","{'A': 4, 'B': 4, 'C': 4, 'D': 3}","[0.88, 1.0, 1.0]",4.0
92,"[1, 2, 5]","[4, 4, 4]","[0.75, 0.88, 0.79]","[['B', 'A', 'C', 'D'], ['A', 'B', 'D', 'C'], ['C', 'A', 'B', 'D']]","{'A': 4, 'B': 4, 'C': 4, 'D': 3}","[0.88, 1.0, 1.0]",4.0
92,"[1, 2, 5]","[4, 4, 4]","[0.75, 0.88, 0.79]","[['B', 'A', 'C', 'D'], ['A', 'B', 'D', 'C'], ['C', 'B', 'A', 'D']]","{'A': 4, 'B': 4, 'C': 4, 'D': 3}","[0.88, 1.0, 1.0]",4.0
92,"[1, 2, 5]","[4, 4, 4]","[0.75, 0.88, 0.79]","[['B', 'A', 'C', 'D'], ['A', 'C', 'B', 'D'], ['A', 'B', 'D', 'C']]","{'A': 4, 'B': 4, 'C': 4, 'D': 3}","[0.88, 1.0, 1.0]",4.0
92,"[1, 2, 5]","[4, 4, 4]","[0.75, 0.88, 0.79]","[['B', 'A', 'C', 'D'], ['A', 'C', 'B', 'D'], ['A', 'D', 'B', 'C']]","{'A': 4, 'B': 4, 'C': 4, 'D': 3}","[0.88, 1.0, 1.0]",4.0
92,"[1, 2, 5]","[4, 4, 4]","[0.75, 0.88, 0.79]","[['B', 'A', 'C', 'D'], ['A', 'C', 'B', 'D'], ['B', 'A', 'D', 'C']]","{'A': 4, 'B': 4, 'C': 4, 'D': 3}","[0.88, 1.0, 1.0]",4.0
92,"[1, 2, 5]","[4, 4, 4]","[0.75, 0.88, 0.79]","[['B', 'A', 'C', 'D'], ['A', 'C', 'B', 'D'], ['B', 'D', 'A', 'C']]","{'A': 4, 'B': 4, 'C': 4, 'D': 3}","[0.88, 1.0, 1.0]",4.0
92,"[1, 2, 5]","[4, 4, 4]","[0.75, 0.88, 0.79]","[['B', 'A', 'C', 'D'], ['A', 'C', 'B', 'D'], ['D', 'A', 'B', 'C']]","{'A': 4, 'B': 4, 'C': 4, 'D': 3}","[0.88, 1.0, 1.0]",4.0
92,"[1, 2, 5]","[4, 4, 4]","[0.75, 0.88, 0.79]","[['B', 'A', 'C', 'D'], ['A', 'C', 'B', 'D'], ['D', 'B', 'A', 'C']]","{'A': 4, 'B': 4, 'C': 4, 'D': 3}","[0.88, 1.0, 1.0]",4.0
92,"[1, 2, 5]","[4, 4, 4]","[0.75, 0.88, 0.79]","[['B', 'A', 'C', 'D'], ['A', 'D', 'B', 'C'], ['A', 'B', 'C', 'D']]","{'A': 4, 'B': 4, 'C': 4, 'D': 3}","[0.88, 1.0, 1.0]",4.0
92,"[1, 2, 5]","[4, 4, 4]","[0.75, 0.88, 0.79]","[['B', 'A', 'C', 'D'], ['A', 'D', 'B', 'C'], ['A', 'C', 'B', 'D']]","{'A': 4, 'B': 4, 'C': 4, 'D': 3}","[0.88, 1.0, 1.0]",4.0
92,"[1, 2, 5]","[4, 4, 4]","[0.75, 0.88, 0.79]","[['B', 'A', 'C', 'D'], ['A', 'D', 'B', 'C'], ['B', 'A', 'C', 'D']]","{'A': 4, 'B': 4, 'C': 4, 'D': 3}","[0.88, 1.0, 1.0]",4.0
92,"[1, 2, 5]","[4, 4, 4]","[0.75, 0.88, 0.79]","[['B', 'A', 'C', 'D'], ['A', 'D', 'B', 'C'], ['B', 'C', 'A', 'D']]","{'A': 4, 'B': 4, 'C': 4, 'D': 3}","[0.88, 1.0, 1.0]",4.0
92,"[1, 2, 5]","[4, 4, 4]","[0.75, 0.88, 0.79]","[['B', 'A', 'C', 'D'], ['A', 'D', 'B', 'C'], ['C', 'A', 'B', 'D']]","{'A': 4, 'B': 4, 'C': 4, 'D': 3}","[0.88, 1.0, 1.0]",4.0
92,"[1, 2, 5]","[4, 4, 4]","[0.75, 0.88, 0.79]","[['B', 'A', 'C', 'D'], ['A', 'D', 'B', 'C'], ['C', 'B', 'A', 'D']]","{'A': 4, 'B': 4, 'C': 4, 'D': 3}","[0.88, 1.0, 1.0]",4.0
92,"[1, 2, 5]","[4, 4, 4]","[0.75, 0.88, 0.79]","[['B', 'A', 'C', 'D'], ['B', 'A', 'C', 'D'], ['A', 'B', 'D', 'C']]","{'A': 4, 'B': 4, 'C': 4, 'D': 3}","[0.88, 1.0, 1.0]",4.0
92,"[1, 2, 5]","[4, 4, 4]","[0.75, 0.88, 0.79]","[['B', 'A', 'C', 'D'], ['B', 'A', 'C', 'D'], ['A', 'D', 'B', 'C']]","{'A': 4, 'B': 4, 'C': 4, 'D': 3}","[0.88, 1.0, 1.0]",4.0
92,"[1, 2, 5]","[4, 4, 4]","[0.75, 0.88, 0.79]","[['B', 'A', 'C', 'D'], ['B', 'A', 'C', 'D'], ['B', 'A', 'D', 'C']]","{'A': 4, 'B': 4, 'C': 4, 'D': 3}","[0.88, 1.0, 1.0]",4.0
92,"[1, 2, 5]","[4, 4, 4]","[0.75, 0.88, 0.79]","[['B', 'A', 'C', 'D'], ['B', 'A', 'C', 'D'], ['B', 'D', 'A', 'C']]","{'A': 4, 'B': 4, 'C': 4, 'D': 3}","[0.88, 1.0, 1.0]",4.0
92,"[1, 2, 5]","[4, 4, 4]","[0.75, 0.88, 0.79]","[['B', 'A', 'C', 'D'], ['B', 'A', 'C', 'D'], ['D', 'A', 'B', 'C']]","{'A': 4, 'B': 4, 'C': 4, 'D': 3}","[0.88, 1.0, 1.0]",4.0
92,"[1, 2, 5]","[4, 4, 4]","[0.75, 0.88, 0.79]","[['B', 'A', 'C', 'D'], ['B', 'A', 'C', 'D'], ['D', 'B', 'A', 'C']]","{'A': 4, 'B': 4, 'C': 4, 'D': 3}","[0.88, 1.0, 1.0]",4.0
92,"[1, 2, 5]","[4, 4, 4]","[0.75, 0.88, 0.79]","[['B', 'A', 'C', 'D'], ['B', 'A', 'D', 'C'], ['A', 'B', 'C', 'D']]","{'A': 4, 'B': 4, 'C': 4, 'D': 3}","[0.88, 1.0, 1.0]",4.0
92,"[1, 2, 5]","[4, 4, 4]","[0.75, 0.88, 0.79]","[['B', 'A', 'C', 'D'], ['B', 'A', 'D', 'C'], ['A', 'C', 'B', 'D']]","{'A': 4, 'B': 4, 'C': 4, 'D': 3}","[0.88, 1.0, 1.0]",4.0
92,"[1, 2, 5]","[4, 4, 4]","[0.75, 0.88, 0.79]","[['B', 'A', 'C', 'D'], ['B', 'A', 'D', 'C'], ['B', 'A', 'C', 'D']]","{'A': 4, 'B': 4, 'C': 4, 'D': 3}","[0.88, 1.0, 1.0]",4.0
92,"[1, 2, 5]","[4, 4, 4]","[0.75, 0.88, 0.79]","[['B', 'A', 'C', 'D'], ['B', 'A', 'D', 'C'], ['B', 'C', 'A', 'D']]","{'A': 4, 'B': 4, 'C': 4, 'D': 3}","[0.88, 1.0, 1.0]",4.0
92,"[1, 2, 5]","[4, 4, 4]","[0.75, 0.88, 0.79]","[['B', 'A', 'C', 'D'], ['B', 'A', 'D', 'C'], ['C', 'A', 'B', 'D']]","{'A': 4, 'B': 4, 'C': 4, 'D': 3}","[0.88, 1.0, 1.0]",4.0
92,"[1, 2, 5]","[4, 4, 4]","[0.75, 0.88, 0.79]","[['B', 'A', 'C', 'D'], ['B', 'A', 'D', 'C'], ['C', 'B', 'A', 'D']]","{'A': 4, 'B': 4, 'C': 4, 'D': 3}","[0.88, 1.0, 1.0]",4.0
92,"[1, 2, 5]","[4, 4, 4]","[0.75, 0.88, 0.79]","[['B', 'A', 'C', 'D'], ['B', 'C', 'A', 'D'], ['A', 'B', 'D', 'C']]","{'A': 4, 'B': 4, 'C': 4, 'D': 3}","[0.88, 1.0, 1.0]",4.0
92,"[1, 2, 5]","[4, 4, 4]","[0.75, 0.88, 0.79]","[['B', 'A', 'C', 'D'], ['B', 'C', 'A', 'D'], ['A', 'D', 'B', 'C']]","{'A': 4, 'B': 4, 'C': 4, 'D': 3}","[0.88, 1.0, 1.0]",4.0
92,"[1, 2, 5]","[4, 4, 4]","[0.75, 0.88, 0.79]","[['B', 'A', 'C', 'D'], ['B', 'C', 'A', 'D'], ['B', 'A', 'D', 'C']]","{'A': 4, 'B': 4, 'C': 4, 'D': 3}","[0.88, 1.0, 1.0]",4.0
92,"[1, 2, 5]","[4, 4, 4]","[0.75, 0.88, 0.79]","[['B', 'A', 'C', 'D'], ['B', 'C', 'A', 'D'], ['B', 'D', 'A', 'C']]","{'A': 4, 'B': 4, 'C': 4, 'D': 3}","[0.88, 1.0, 1.0]",4.0
92,"[1, 2, 5]","[4, 4, 4]","[0.75, 0.88, 0.79]","[['B', 'A', 'C', 'D'], ['B', 'C', 'A', 'D'], ['D', 'A', 'B', 'C']]","{'A': 4, 'B': 4, 'C': 4, 'D': 3}","[0.88, 1.0, 1.0]",4.0
92,"[1, 2, 5]","[4, 4, 4]","[0.75, 0.88, 0.79]","[['B', 'A', 'C', 'D'], ['B', 'C', 'A', 'D'], ['D', 'B', 'A', 'C']]","{'A': 4, 'B': 4, 'C': 4, 'D': 3}","[0.88, 1.0, 1.0]",4.0
92,"[1, 2, 5]","[4, 4, 4]","[0.75, 0.88, 0.79]","[['B', 'A', 'C', 'D'], ['B', 'D', 'A', 'C'], ['A', 'B', 'C', 'D']]","{'A': 4, 'B': 4, 'C': 4, 'D': 3}","[0.88, 1.0, 1.0]",4.0
92,"[1, 2, 5]","[4, 4, 4]","[0.75, 0.88, 0.79]","[['B', 'A', 'C', 'D'], ['B', 'D', 'A', 'C'], ['A', 'C', 'B', 'D']]","{'A': 4, 'B': 4, 'C': 4, 'D': 3}","[0.88, 1.0, 1.0]",4.0
92,"[1, 2, 5]","[4, 4, 4]","[0.75, 0.88, 0.79]","[['B', 'A', 'C', 'D'], ['B', 'D', 'A', 'C'], ['B', 'A', 'C', 'D']]","{'A': 4, 'B': 4, 'C': 4, 'D': 3}","[0.88, 1.0, 1.0]",4.0
92,"[1, 2, 5]","[4, 4, 4]","[0.75, 0.88, 0.79]","[['B', 'A', 'C', 'D'], ['B', 'D', 'A', 'C'], ['B', 'C', 'A', 'D']]","{'A': 4, 'B': 4, 'C': 4, 'D': 3}","[0.88, 1.0, 1.0]",4.0
92,"[1, 2, 5]","[4, 4, 4]","[0.75, 0.88, 0.79]","[['B', 'A', 'C', 'D'], ['B', 'D', 'A', 'C'], ['C', 'A', 'B', 'D']]","{'A': 4, 'B': 4, 'C': 4, 'D': 3}","[0.88, 1.0, 1.0]",4.0
92,"[1, 2, 5]","[4, 4, 4]","[0.75, 0.88, 0.79]","[['B', 'A', 'C', 'D'], ['B', 'D', 'A', 'C'], ['C', 'B', 'A', 'D']]","{'A': 4, 'B': 4, 'C': 4, 'D': 3}","[0.88, 1.0, 1.0]",4.0
92,"[1, 2, 5]","[4, 4, 4]","[0.75, 0.88, 0.79]","[['B', 'A', 'C', 'D'], ['C', 'A', 'B', 'D'], ['A', 'B', 'D', 'C']]","{'A': 4, 'B': 4, 'C': 4, 'D': 3}","[0.88, 1.0, 1.0]",4.0
92,"[1, 2, 5]","[4, 4, 4]","[0.75, 0.88, 0.79]","[['B', 'A', 'C', 'D'], ['C', 'A', 'B', 'D'], ['A', 'D', 'B', 'C']]","{'A': 4, 'B': 4, 'C': 4, 'D': 3}","[0.88, 1.0, 1.0]",4.0
92,"[1, 2, 5]","[4, 4, 4]","[0.75, 0.88, 0.79]","[['B', 'A', 'C', 'D'], ['C', 'A', 'B', 'D'], ['B', 'A', 'D', 'C']]","{'A': 4, 'B': 4, 'C': 4, 'D': 3}","[0.88, 1.0, 1.0]",4.0
92,"[1, 2, 5]","[4, 4, 4]","[0.75, 0.88, 0.79]","[['B', 'A', 'C', 'D'], ['C', 'A', 'B', 'D'], ['B', 'D', 'A', 'C']]","{'A': 4, 'B': 4, 'C': 4, 'D': 3}","[0.88, 1.0, 1.0]",4.0
92,"[1, 2, 5]","[4, 4, 4]","[0.75, 0.88, 0.79]","[['B', 'A', 'C', 'D'], ['C', 'A', 'B', 'D'], ['D', 'A', 'B', 'C']]","{'A': 4, 'B': 4, 'C': 4, 'D': 3}","[0.88, 1.0, 1.0]",4.0
92,"[1, 2, 5]","[4, 4, 4]","[0.75, 0.88, 0.79]","[['B', 'A', 'C', 'D'], ['C', 'A', 'B', 'D'], ['D', 'B', 'A', 'C']]","{'A': 4, 'B': 4, 'C': 4, 'D': 3}","[0.88, 1.0, 1.0]",4.0
92,"[1, 2, 5]","[4, 4, 4]","[0.75, 0.88, 0.79]","[['B', 'A', 'C', 'D'], ['C', 'B', 'A', 'D'], ['A', 'B', 'D', 'C']]","{'A': 4, 'B': 4, 'C': 4, 'D': 3}","[0.88, 1.0, 1.0]",4.0
92,"[1, 2, 5]","[4, 4, 4]","[0.75, 0.88, 0.79]","[['B', 'A', 'C', 'D'], ['C', 'B', 'A', 'D'], ['A', 'D', 'B', 'C']]","{'A': 4, 'B': 4, 'C': 4, 'D': 3}","[0.88, 1.0, 1.0]",4.0
92,"[1, 2, 5]","[4, 4, 4]","[0.75, 0.88, 0.79]","[['B', 'A', 'C', 'D'], ['C', 'B', 'A', 'D'], ['B', 'A', 'D', 'C']]","{'A': 4, 'B': 4, 'C': 4, 'D': 3}","[0.88, 1.0, 1.0]",4.0
92,"[1, 2, 5]","[4, 4, 4]","[0.75, 0.88, 0.79]","[['B', 'A', 'C', 'D'], ['C', 'B', 'A', 'D'], ['B', 'D', 'A', 'C']]","{'A': 4, 'B': 4, 'C': 4, 'D': 3}","[0.88, 1.0, 1.0]",4.0
92,"[1, 2, 5]","[4, 4, 4]","[0.75, 0.88, 0.79]","[['B', 'A', 'C', 'D'], ['C', 'B', 'A', 'D'], ['D', 'A', 'B', 'C']]","{'A': 4, 'B': 4, 'C': 4, 'D': 3}","[0.88, 1.0, 1.0]",4.0
92,"[1, 2, 5]","[4, 4, 4]","[0.75, 0.88, 0.79]","[['B', 'A', 'C', 'D'], ['C', 'B', 'A', 'D'], ['D', 'B', 'A', 'C']]","{'A': 4, 'B': 4, 'C': 4, 'D': 3}","[0.88, 1.0, 1.0]",4.0
92,"[1, 2, 5]","[4, 4, 4]","[0.75, 0.88, 0.79]","[['B', 'A', 'C', 'D'], ['D', 'A', 'B', 'C'], ['A', 'B', 'C', 'D']]","{'A': 4, 'B': 4, 'C': 4, 'D': 3}","[0.88, 1.0, 1.0]",4.0
92,"[1, 2, 5]","[4, 4, 4]","[0.75, 0.88, 0.79]","[['B', 'A', 'C', 'D'], ['D', 'A', 'B', 'C'], ['A', 'C', 'B', 'D']]","{'A': 4, 'B': 4, 'C': 4, 'D': 3}","[0.88, 1.0, 1.0]",4.0
92,"[1, 2, 5]","[4, 4, 4]","[0.75, 0.88, 0.79]","[['B', 'A', 'C', 'D'], ['D', 'A', 'B', 'C'], ['B', 'A', 'C', 'D']]","{'A': 4, 'B': 4, 'C': 4, 'D': 3}","[0.88, 1.0, 1.0]",4.0
92,"[1, 2, 5]","[4, 4, 4]","[0.75, 0.88, 0.79]","[['B', 'A', 'C', 'D'], ['D', 'A', 'B', 'C'], ['B', 'C', 'A', 'D']]","{'A': 4, 'B': 4, 'C': 4, 'D': 3}","[0.88, 1.0, 1.0]",4.0
92,"[1, 2, 5]","[4, 4, 4]","[0.75, 0.88, 0.79]","[['B', 'A', 'C', 'D'], ['D', 'A', 'B', 'C'], ['C', 'A', 'B', 'D']]","{'A': 4, 'B': 4, 'C': 4, 'D': 3}","[0.88, 1.0, 1.0]",4.0
92,"[1, 2, 5]","[4, 4, 4]","[0.75, 0.88, 0.79]","[['B', 'A', 'C', 'D'], ['D', 'A', 'B', 'C'], ['C', 'B', 'A', 'D']]","{'A': 4, 'B': 4, 'C': 4, 'D': 3}","[0.88, 1.0, 1.0]",4.0
92,"[1, 2, 5]","[4, 4, 4]","[0.75, 0.88, 0.79]","[['B', 'A', 'C', 'D'], ['D', 'B', 'A', 'C'], ['A', 'B', 'C', 'D']]","{'A': 4, 'B': 4, 'C': 4, 'D': 3}","[0.88, 1.0, 1.0]",4.0
92,"[1, 2, 5]","[4, 4, 4]","[0.75, 0.88, 0.79]","[['B', 'A', 'C', 'D'], ['D', 'B', 'A', 'C'], ['A', 'C', 'B', 'D']]","{'A': 4, 'B': 4, 'C': 4, 'D': 3}","[0.88, 1.0, 1.0]",4.0
92,"[1, 2, 5]","[4, 4, 4]","[0.75, 0.88, 0.79]","[['B', 'A', 'C', 'D'], ['D', 'B', 'A', 'C'], ['B', 'A', 'C', 'D']]","{'A': 4, 'B': 4, 'C': 4, 'D': 3}","[0.88, 1.0, 1.0]",4.0
92,"[1, 2, 5]","[4, 4, 4]","[0.75, 0.88, 0.79]","[['B', 'A', 'C', 'D'], ['D', 'B', 'A', 'C'], ['B', 'C', 'A', 'D']]","{'A': 4, 'B': 4, 'C': 4, 'D': 3}","[0.88, 1.0, 1.0]",4.0
92,"[1, 2, 5]","[4, 4, 4]","[0.75, 0.88, 0.79]","[['B', 'A', 'C', 'D'], ['D', 'B', 'A', 'C'], ['C', 'A', 'B', 'D']]","{'A': 4, 'B': 4, 'C': 4, 'D': 3}","[0.88, 1.0, 1.0]",4.0
92,"[1, 2, 5]","[4, 4, 4]","[0.75, 0.88, 0.79]","[['B', 'A', 'C', 'D'], ['D', 'B', 'A', 'C'], ['C', 'B', 'A', 'D']]","{'A': 4, 'B': 4, 'C': 4, 'D': 3}","[0.88, 1.0, 1.0]",4.0
92,"[1, 2, 5]","[4, 4, 4]","[0.75, 0.88, 0.79]","[['B', 'A', 'D', 'C'], ['A', 'B', 'C', 'D'], ['A', 'B', 'C', 'D']]","{'A': 4, 'B': 4, 'C': 4, 'D': 3}","[0.88, 1.0, 1.0]",4.0
92,"[1, 2, 5]","[4, 4, 4]","[0.75, 0.88, 0.79]","[['B', 'A', 'D', 'C'], ['A', 'B', 'C', 'D'], ['A', 'C', 'B', 'D']]","{'A': 4, 'B': 4, 'C': 4, 'D': 3}","[0.88, 1.0, 1.0]",4.0
92,"[1, 2, 5]","[4, 4, 4]","[0.75, 0.88, 0.79]","[['B', 'A', 'D', 'C'], ['A', 'B', 'C', 'D'], ['B', 'A', 'C', 'D']]","{'A': 4, 'B': 4, 'C': 4, 'D': 3}","[0.88, 1.0, 1.0]",4.0
92,"[1, 2, 5]","[4, 4, 4]","[0.75, 0.88, 0.79]","[['B', 'A', 'D', 'C'], ['A', 'B', 'C', 'D'], ['B', 'C', 'A', 'D']]","{'A': 4, 'B': 4, 'C': 4, 'D': 3}","[0.88, 1.0, 1.0]",4.0
92,"[1, 2, 5]","[4, 4, 4]","[0.75, 0.88, 0.79]","[['B', 'A', 'D', 'C'], ['A', 'B', 'C', 'D'], ['C', 'A', 'B', 'D']]","{'A': 4, 'B': 4, 'C': 4, 'D': 3}","[0.88, 1.0, 1.0]",4.0
92,"[1, 2, 5]","[4, 4, 4]","[0.75, 0.88, 0.79]","[['B', 'A', 'D', 'C'], ['A', 'B', 'C', 'D'], ['C', 'B', 'A', 'D']]","{'A': 4, 'B': 4, 'C': 4, 'D': 3}","[0.88, 1.0, 1.0]",4.0
92,"[1, 2, 5]","[4, 4, 4]","[0.75, 0.88, 0.79]","[['B', 'A', 'D', 'C'], ['A', 'C', 'B', 'D'], ['A', 'B', 'C', 'D']]","{'A': 4, 'B': 4, 'C': 4, 'D': 3}","[0.88, 1.0, 1.0]",4.0
92,"[1, 2, 5]","[4, 4, 4]","[0.75, 0.88, 0.79]","[['B', 'A', 'D', 'C'], ['A', 'C', 'B', 'D'], ['A', 'C', 'B', 'D']]","{'A': 4, 'B': 4, 'C': 4, 'D': 3}","[0.88, 1.0, 1.0]",4.0
92,"[1, 2, 5]","[4, 4, 4]","[0.75, 0.88, 0.79]","[['B', 'A', 'D', 'C'], ['A', 'C', 'B', 'D'], ['B', 'A', 'C', 'D']]","{'A': 4, 'B': 4, 'C': 4, 'D': 3}","[0.88, 1.0, 1.0]",4.0
92,"[1, 2, 5]","[4, 4, 4]","[0.75, 0.88, 0.79]","[['B', 'A', 'D', 'C'], ['A', 'C', 'B', 'D'], ['B', 'C', 'A', 'D']]","{'A': 4, 'B': 4, 'C': 4, 'D': 3}","[0.88, 1.0, 1.0]",4.0
92,"[1, 2, 5]","[4, 4, 4]","[0.75, 0.88, 0.79]","[['B', 'A', 'D', 'C'], ['A', 'C', 'B', 'D'], ['C', 'A', 'B', 'D']]","{'A': 4, 'B': 4, 'C': 4, 'D': 3}","[0.88, 1.0, 1.0]",4.0
92,"[1, 2, 5]","[4, 4, 4]","[0.75, 0.88, 0.79]","[['B', 'A', 'D', 'C'], ['A', 'C', 'B', 'D'], ['C', 'B', 'A', 'D']]","{'A': 4, 'B': 4, 'C': 4, 'D': 3}","[0.88, 1.0, 1.0]",4.0
92,"[1, 2, 5]","[4, 4, 4]","[0.75, 0.88, 0.79]","[['B', 'A', 'D', 'C'], ['B', 'A', 'C', 'D'], ['A', 'B', 'C', 'D']]","{'A': 4, 'B': 4, 'C': 4, 'D': 3}","[0.88, 1.0, 1.0]",4.0
92,"[1, 2, 5]","[4, 4, 4]","[0.75, 0.88, 0.79]","[['B', 'A', 'D', 'C'], ['B', 'A', 'C', 'D'], ['A', 'C', 'B', 'D']]","{'A': 4, 'B': 4, 'C': 4, 'D': 3}","[0.88, 1.0, 1.0]",4.0
92,"[1, 2, 5]","[4, 4, 4]","[0.75, 0.88, 0.79]","[['B', 'A', 'D', 'C'], ['B', 'A', 'C', 'D'], ['B', 'A', 'C', 'D']]","{'A': 4, 'B': 4, 'C': 4, 'D': 3}","[0.88, 1.0, 1.0]",4.0
92,"[1, 2, 5]","[4, 4, 4]","[0.75, 0.88, 0.79]","[['B', 'A', 'D', 'C'], ['B', 'A', 'C', 'D'], ['B', 'C', 'A', 'D']]","{'A': 4, 'B': 4, 'C': 4, 'D': 3}","[0.88, 1.0, 1.0]",4.0
92,"[1, 2, 5]","[4, 4, 4]","[0.75, 0.88, 0.79]","[['B', 'A', 'D', 'C'], ['B', 'A', 'C', 'D'], ['C', 'A', 'B', 'D']]","{'A': 4, 'B': 4, 'C': 4, 'D': 3}","[0.88, 1.0, 1.0]",4.0
92,"[1, 2, 5]","[4, 4, 4]","[0.75, 0.88, 0.79]","[['B', 'A', 'D', 'C'], ['B', 'A', 'C', 'D'], ['C', 'B', 'A', 'D']]","{'A': 4, 'B': 4, 'C': 4, 'D': 3}","[0.88, 1.0, 1.0]",4.0
92,"[1, 2, 5]","[4, 4, 4]","[0.75, 0.88, 0.79]","[['B', 'A', 'D', 'C'], ['B', 'C', 'A', 'D'], ['A', 'B', 'C', 'D']]","{'A': 4, 'B': 4, 'C': 4, 'D': 3}","[0.88, 1.0, 1.0]",4.0
92,"[1, 2, 5]","[4, 4, 4]","[0.75, 0.88, 0.79]","[['B', 'A', 'D', 'C'], ['B', 'C', 'A', 'D'], ['A', 'C', 'B', 'D']]","{'A': 4, 'B': 4, 'C': 4, 'D': 3}","[0.88, 1.0, 1.0]",4.0
92,"[1, 2, 5]","[4, 4, 4]","[0.75, 0.88, 0.79]","[['B', 'A', 'D', 'C'], ['B', 'C', 'A', 'D'], ['B', 'A', 'C', 'D']]","{'A': 4, 'B': 4, 'C': 4, 'D': 3}","[0.88, 1.0, 1.0]",4.0
92,"[1, 2, 5]","[4, 4, 4]","[0.75, 0.88, 0.79]","[['B', 'A', 'D', 'C'], ['B', 'C', 'A', 'D'], ['B', 'C', 'A', 'D']]","{'A': 4, 'B': 4, 'C': 4, 'D': 3}","[0.88, 1.0, 1.0]",4.0
92,"[1, 2, 5]","[4, 4, 4]","[0.75, 0.88, 0.79]","[['B', 'A', 'D', 'C'], ['B', 'C', 'A', 'D'], ['C', 'A', 'B', 'D']]","{'A': 4, 'B': 4, 'C': 4, 'D': 3}","[0.88, 1.0, 1.0]",4.0
92,"[1, 2, 5]","[4, 4, 4]","[0.75, 0.88, 0.79]","[['B', 'A', 'D', 'C'], ['B', 'C', 'A', 'D'], ['C', 'B', 'A', 'D']]","{'A': 4, 'B': 4, 'C': 4, 'D': 3}","[0.88, 1.0, 1.0]",4.0
92,"[1, 2, 5]","[4, 4, 4]","[0.75, 0.88, 0.79]","[['B', 'A', 'D', 'C'], ['C', 'A', 'B', 'D'], ['A', 'B', 'C', 'D']]","{'A': 4, 'B': 4, 'C': 4, 'D': 3}","[0.88, 1.0, 1.0]",4.0
92,"[1, 2, 5]","[4, 4, 4]","[0.75, 0.88, 0.79]","[['B', 'A', 'D', 'C'], ['C', 'A', 'B', 'D'], ['A', 'C', 'B', 'D']]","{'A': 4, 'B': 4, 'C': 4, 'D': 3}","[0.88, 1.0, 1.0]",4.0
92,"[1, 2, 5]","[4, 4, 4]","[0.75, 0.88, 0.79]","[['B', 'A', 'D', 'C'], ['C', 'A', 'B', 'D'], ['B', 'A', 'C', 'D']]","{'A': 4, 'B': 4, 'C': 4, 'D': 3}","[0.88, 1.0, 1.0]",4.0
92,"[1, 2, 5]","[4, 4, 4]","[0.75, 0.88, 0.79]","[['B', 'A', 'D', 'C'], ['C', 'A', 'B', 'D'], ['B', 'C', 'A', 'D']]","{'A': 4, 'B': 4, 'C': 4, 'D': 3}","[0.88, 1.0, 1.0]",4.0
92,"[1, 2, 5]","[4, 4, 4]","[0.75, 0.88, 0.79]","[['B', 'A', 'D', 'C'], ['C', 'A', 'B', 'D'], ['C', 'A', 'B', 'D']]","{'A': 4, 'B': 4, 'C': 4, 'D': 3}","[0.88, 1.0, 1.0]",4.0
92,"[1, 2, 5]","[4, 4, 4]","[0.75, 0.88, 0.79]","[['B', 'A', 'D', 'C'], ['C', 'A', 'B', 'D'], ['C', 'B', 'A', 'D']]","{'A': 4, 'B': 4, 'C': 4, 'D': 3}","[0.88, 1.0, 1.0]",4.0
92,"[1, 2, 5]","[4, 4, 4]","[0.75, 0.88, 0.79]","[['B', 'A', 'D', 'C'], ['C', 'B', 'A', 'D'], ['A', 'B', 'C', 'D']]","{'A': 4, 'B': 4, 'C': 4, 'D': 3}","[0.88, 1.0, 1.0]",4.0
92,"[1, 2, 5]","[4, 4, 4]","[0.75, 0.88, 0.79]","[['B', 'A', 'D', 'C'], ['C', 'B', 'A', 'D'], ['A', 'C', 'B', 'D']]","{'A': 4, 'B': 4, 'C': 4, 'D': 3}","[0.88, 1.0, 1.0]",4.0
92,"[1, 2, 5]","[4, 4, 4]","[0.75, 0.88, 0.79]","[['B', 'A', 'D', 'C'], ['C', 'B', 'A', 'D'], ['B', 'A', 'C', 'D']]","{'A': 4, 'B': 4, 'C': 4, 'D': 3}","[0.88, 1.0, 1.0]",4.0
92,"[1, 2, 5]","[4, 4, 4]","[0.75, 0.88, 0.79]","[['B', 'A', 'D', 'C'], ['C', 'B', 'A', 'D'], ['B', 'C', 'A', 'D']]","{'A': 4, 'B': 4, 'C': 4, 'D': 3}","[0.88, 1.0, 1.0]",4.0
92,"[1, 2, 5]","[4, 4, 4]","[0.75, 0.88, 0.79]","[['B', 'A', 'D', 'C'], ['C', 'B', 'A', 'D'], ['C', 'A', 'B', 'D']]","{'A': 4, 'B': 4, 'C': 4, 'D': 3}","[0.88, 1.0, 1.0]",4.0
92,"[1, 2, 5]","[4, 4, 4]","[0.75, 0.88, 0.79]","[['B', 'A', 'D', 'C'], ['C', 'B', 'A', 'D'], ['C', 'B', 'A', 'D']]","{'A': 4, 'B': 4, 'C': 4, 'D': 3}","[0.88, 1.0, 1.0]",4.0
92,"[1, 2, 5]","[4, 4, 4]","[0.75, 0.88, 0.79]","[['B', 'C', 'A', 'D'], ['A', 'B', 'C', 'D'], ['A', 'B', 'D', 'C']]","{'A': 4, 'B': 4, 'C': 4, 'D': 3}","[0.88, 1.0, 1.0]",4.0
92,"[1, 2, 5]","[4, 4, 4]","[0.75, 0.88, 0.79]","[['B', 'C', 'A', 'D'], ['A', 'B', 'C', 'D'], ['A', 'D', 'B', 'C']]","{'A': 4, 'B': 4, 'C': 4, 'D': 3}","[0.88, 1.0, 1.0]",4.0
92,"[1, 2, 5]","[4, 4, 4]","[0.75, 0.88, 0.79]","[['B', 'C', 'A', 'D'], ['A', 'B', 'C', 'D'], ['B', 'A', 'D', 'C']]","{'A': 4, 'B': 4, 'C': 4, 'D': 3}","[0.88, 1.0, 1.0]",4.0
92,"[1, 2, 5]","[4, 4, 4]","[0.75, 0.88, 0.79]","[['B', 'C', 'A', 'D'], ['A', 'B', 'C', 'D'], ['B', 'D', 'A', 'C']]","{'A': 4, 'B': 4, 'C': 4, 'D': 3}","[0.88, 1.0, 1.0]",4.0
92,"[1, 2, 5]","[4, 4, 4]","[0.75, 0.88, 0.79]","[['B', 'C', 'A', 'D'], ['A', 'B', 'C', 'D'], ['D', 'A', 'B', 'C']]","{'A': 4, 'B': 4, 'C': 4, 'D': 3}","[0.88, 1.0, 1.0]",4.0
92,"[1, 2, 5]","[4, 4, 4]","[0.75, 0.88, 0.79]","[['B', 'C', 'A', 'D'], ['A', 'B', 'C', 'D'], ['D', 'B', 'A', 'C']]","{'A': 4, 'B': 4, 'C': 4, 'D': 3}","[0.88, 1.0, 1.0]",4.0
92,"[1, 2, 5]","[4, 4, 4]","[0.75, 0.88, 0.79]","[['B', 'C', 'A', 'D'], ['A', 'B', 'D', 'C'], ['A', 'B', 'C', 'D']]","{'A': 4, 'B': 4, 'C': 4, 'D': 3}","[0.88, 1.0, 1.0]",4.0
92,"[1, 2, 5]","[4, 4, 4]","[0.75, 0.88, 0.79]","[['B', 'C', 'A', 'D'], ['A', 'B', 'D', 'C'], ['A', 'C', 'B', 'D']]","{'A': 4, 'B': 4, 'C': 4, 'D': 3}","[0.88, 1.0, 1.0]",4.0
92,"[1, 2, 5]","[4, 4, 4]","[0.75, 0.88, 0.79]","[['B', 'C', 'A', 'D'], ['A', 'B', 'D', 'C'], ['B', 'A', 'C', 'D']]","{'A': 4, 'B': 4, 'C': 4, 'D': 3}","[0.88, 1.0, 1.0]",4.0
92,"[1, 2, 5]","[4, 4, 4]","[0.75, 0.88, 0.79]","[['B', 'C', 'A', 'D'], ['A', 'B', 'D', 'C'], ['B', 'C', 'A', 'D']]","{'A': 4, 'B': 4, 'C': 4, 'D': 3}","[0.88, 1.0, 1.0]",4.0
92,"[1, 2, 5]","[4, 4, 4]","[0.75, 0.88, 0.79]","[['B', 'C', 'A', 'D'], ['A', 'B', 'D', 'C'], ['C', 'A', 'B', 'D']]","{'A': 4, 'B': 4, 'C': 4, 'D': 3}","[0.88, 1.0, 1.0]",4.0
92,"[1, 2, 5]","[4, 4, 4]","[0.75, 0.88, 0.79]","[['B', 'C', 'A', 'D'], ['A', 'B', 'D', 'C'], ['C', 'B', 'A', 'D']]","{'A': 4, 'B': 4, 'C': 4, 'D': 3}","[0.88, 1.0, 1.0]",4.0
92,"[1, 2, 5]","[4, 4, 4]","[0.75, 0.88, 0.79]","[['B', 'C', 'A', 'D'], ['A', 'C', 'B', 'D'], ['A', 'B', 'D', 'C']]","{'A': 4, 'B': 4, 'C': 4, 'D': 3}","[0.88, 1.0, 1.0]",4.0
92,"[1, 2, 5]","[4, 4, 4]","[0.75, 0.88, 0.79]","[['B', 'C', 'A', 'D'], ['A', 'C', 'B', 'D'], ['A', 'D', 'B', 'C']]","{'A': 4, 'B': 4, 'C': 4, 'D': 3}","[0.88, 1.0, 1.0]",4.0
92,"[1, 2, 5]","[4, 4, 4]","[0.75, 0.88, 0.79]","[['B', 'C', 'A', 'D'], ['A', 'C', 'B', 'D'], ['B', 'A', 'D', 'C']]","{'A': 4, 'B': 4, 'C': 4, 'D': 3}","[0.88, 1.0, 1.0]",4.0
92,"[1, 2, 5]","[4, 4, 4]","[0.75, 0.88, 0.79]","[['B', 'C', 'A', 'D'], ['A', 'C', 'B', 'D'], ['B', 'D', 'A', 'C']]","{'A': 4, 'B': 4, 'C': 4, 'D': 3}","[0.88, 1.0, 1.0]",4.0
92,"[1, 2, 5]","[4, 4, 4]","[0.75, 0.88, 0.79]","[['B', 'C', 'A', 'D'], ['A', 'C', 'B', 'D'], ['D', 'A', 'B', 'C']]","{'A': 4, 'B': 4, 'C': 4, 'D': 3}","[0.88, 1.0, 1.0]",4.0
92,"[1, 2, 5]","[4, 4, 4]","[0.75, 0.88, 0.79]","[['B', 'C', 'A', 'D'], ['A', 'C', 'B', 'D'], ['D', 'B', 'A', 'C']]","{'A': 4, 'B': 4, 'C': 4, 'D': 3}","[0.88, 1.0, 1.0]",4.0
92,"[1, 2, 5]","[4, 4, 4]","[0.75, 0.88, 0.79]","[['B', 'C', 'A', 'D'], ['A', 'D', 'B', 'C'], ['A', 'B', 'C', 'D']]","{'A': 4, 'B': 4, 'C': 4, 'D': 3}","[0.88, 1.0, 1.0]",4.0
92,"[1, 2, 5]","[4, 4, 4]","[0.75, 0.88, 0.79]","[['B', 'C', 'A', 'D'], ['A', 'D', 'B', 'C'], ['A', 'C', 'B', 'D']]","{'A': 4, 'B': 4, 'C': 4, 'D': 3}","[0.88, 1.0, 1.0]",4.0
92,"[1, 2, 5]","[4, 4, 4]","[0.75, 0.88, 0.79]","[['B', 'C', 'A', 'D'], ['A', 'D', 'B', 'C'], ['B', 'A', 'C', 'D']]","{'A': 4, 'B': 4, 'C': 4, 'D': 3}","[0.88, 1.0, 1.0]",4.0
92,"[1, 2, 5]","[4, 4, 4]","[0.75, 0.88, 0.79]","[['B', 'C', 'A', 'D'], ['A', 'D', 'B', 'C'], ['B', 'C', 'A', 'D']]","{'A': 4, 'B': 4, 'C': 4, 'D': 3}","[0.88, 1.0, 1.0]",4.0
92,"[1, 2, 5]","[4, 4, 4]","[0.75, 0.88, 0.79]","[['B', 'C', 'A', 'D'], ['A', 'D', 'B', 'C'], ['C', 'A', 'B', 'D']]","{'A': 4, 'B': 4, 'C': 4, 'D': 3}","[0.88, 1.0, 1.0]",4.0
92,"[1, 2, 5]","[4, 4, 4]","[0.75, 0.88, 0.79]","[['B', 'C', 'A', 'D'], ['A', 'D', 'B', 'C'], ['C', 'B', 'A', 'D']]","{'A': 4, 'B': 4, 'C': 4, 'D': 3}","[0.88, 1.0, 1.0]",4.0
92,"[1, 2, 5]","[4, 4, 4]","[0.75, 0.88, 0.79]","[['B', 'C', 'A', 'D'], ['B', 'A', 'C', 'D'], ['A', 'B', 'D', 'C']]","{'A': 4, 'B': 4, 'C': 4, 'D': 3}","[0.88, 1.0, 1.0]",4.0
92,"[1, 2, 5]","[4, 4, 4]","[0.75, 0.88, 0.79]","[['B', 'C', 'A', 'D'], ['B', 'A', 'C', 'D'], ['A', 'D', 'B', 'C']]","{'A': 4, 'B': 4, 'C': 4, 'D': 3}","[0.88, 1.0, 1.0]",4.0
92,"[1, 2, 5]","[4, 4, 4]","[0.75, 0.88, 0.79]","[['B', 'C', 'A', 'D'], ['B', 'A', 'C', 'D'], ['B', 'A', 'D', 'C']]","{'A': 4, 'B': 4, 'C': 4, 'D': 3}","[0.88, 1.0, 1.0]",4.0
92,"[1, 2, 5]","[4, 4, 4]","[0.75, 0.88, 0.79]","[['B', 'C', 'A', 'D'], ['B', 'A', 'C', 'D'], ['B', 'D', 'A', 'C']]","{'A': 4, 'B': 4, 'C': 4, 'D': 3}","[0.88, 1.0, 1.0]",4.0
92,"[1, 2, 5]","[4, 4, 4]","[0.75, 0.88, 0.79]","[['B', 'C', 'A', 'D'], ['B', 'A', 'C', 'D'], ['D', 'A', 'B', 'C']]","{'A': 4, 'B': 4, 'C': 4, 'D': 3}","[0.88, 1.0, 1.0]",4.0
92,"[1, 2, 5]","[4, 4, 4]","[0.75, 0.88, 0.79]","[['B', 'C', 'A', 'D'], ['B', 'A', 'C', 'D'], ['D', 'B', 'A', 'C']]","{'A': 4, 'B': 4, 'C': 4, 'D': 3}","[0.88, 1.0, 1.0]",4.0
92,"[1, 2, 5]","[4, 4, 4]","[0.75, 0.88, 0.79]","[['B', 'C', 'A', 'D'], ['B', 'A', 'D', 'C'], ['A', 'B', 'C', 'D']]","{'A': 4, 'B': 4, 'C': 4, 'D': 3}","[0.88, 1.0, 1.0]",4.0
92,"[1, 2, 5]","[4, 4, 4]","[0.75, 0.88, 0.79]","[['B', 'C', 'A', 'D'], ['B', 'A', 'D', 'C'], ['A', 'C', 'B', 'D']]","{'A': 4, 'B': 4, 'C': 4, 'D': 3}","[0.88, 1.0, 1.0]",4.0
92,"[1, 2, 5]","[4, 4, 4]","[0.75, 0.88, 0.79]","[['B', 'C', 'A', 'D'], ['B', 'A', 'D', 'C'], ['B', 'A', 'C', 'D']]","{'A': 4, 'B': 4, 'C': 4, 'D': 3}","[0.88, 1.0, 1.0]",4.0
92,"[1, 2, 5]","[4, 4, 4]","[0.75, 0.88, 0.79]","[['B', 'C', 'A', 'D'], ['B', 'A', 'D', 'C'], ['B', 'C', 'A', 'D']]","{'A': 4, 'B': 4, 'C': 4, 'D': 3}","[0.88, 1.0, 1.0]",4.0
92,"[1, 2, 5]","[4, 4, 4]","[0.75, 0.88, 0.79]","[['B', 'C', 'A', 'D'], ['B', 'A', 'D', 'C'], ['C', 'A', 'B', 'D']]","{'A': 4, 'B': 4, 'C': 4, 'D': 3}","[0.88, 1.0, 1.0]",4.0
92,"[1, 2, 5]","[4, 4, 4]","[0.75, 0.88, 0.79]","[['B', 'C', 'A', 'D'], ['B', 'A', 'D', 'C'], ['C', 'B', 'A', 'D']]","{'A': 4, 'B': 4, 'C': 4, 'D': 3}","[0.88, 1.0, 1.0]",4.0
92,"[1, 2, 5]","[4, 4, 4]","[0.75, 0.88, 0.79]","[['B', 'C', 'A', 'D'], ['B', 'C', 'A', 'D'], ['A', 'B', 'D', 'C']]","{'A': 4, 'B': 4, 'C': 4, 'D': 3}","[0.88, 1.0, 1.0]",4.0
92,"[1, 2, 5]","[4, 4, 4]","[0.75, 0.88, 0.79]","[['B', 'C', 'A', 'D'], ['B', 'C', 'A', 'D'], ['A', 'D', 'B', 'C']]","{'A': 4, 'B': 4, 'C': 4, 'D': 3}","[0.88, 1.0, 1.0]",4.0
92,"[1, 2, 5]","[4, 4, 4]","[0.75, 0.88, 0.79]","[['B', 'C', 'A', 'D'], ['B', 'C', 'A', 'D'], ['B', 'A', 'D', 'C']]","{'A': 4, 'B': 4, 'C': 4, 'D': 3}","[0.88, 1.0, 1.0]",4.0
92,"[1, 2, 5]","[4, 4, 4]","[0.75, 0.88, 0.79]","[['B', 'C', 'A', 'D'], ['B', 'C', 'A', 'D'], ['B', 'D', 'A', 'C']]","{'A': 4, 'B': 4, 'C': 4, 'D': 3}","[0.88, 1.0, 1.0]",4.0
92,"[1, 2, 5]","[4, 4, 4]","[0.75, 0.88, 0.79]","[['B', 'C', 'A', 'D'], ['B', 'C', 'A', 'D'], ['D', 'A', 'B', 'C']]","{'A': 4, 'B': 4, 'C': 4, 'D': 3}","[0.88, 1.0, 1.0]",4.0
92,"[1, 2, 5]","[4, 4, 4]","[0.75, 0.88, 0.79]","[['B', 'C', 'A', 'D'], ['B', 'C', 'A', 'D'], ['D', 'B', 'A', 'C']]","{'A': 4, 'B': 4, 'C': 4, 'D': 3}","[0.88, 1.0, 1.0]",4.0
92,"[1, 2, 5]","[4, 4, 4]","[0.75, 0.88, 0.79]","[['B', 'C', 'A', 'D'], ['B', 'D', 'A', 'C'], ['A', 'B', 'C', 'D']]","{'A': 4, 'B': 4, 'C': 4, 'D': 3}","[0.88, 1.0, 1.0]",4.0
92,"[1, 2, 5]","[4, 4, 4]","[0.75, 0.88, 0.79]","[['B', 'C', 'A', 'D'], ['B', 'D', 'A', 'C'], ['A', 'C', 'B', 'D']]","{'A': 4, 'B': 4, 'C': 4, 'D': 3}","[0.88, 1.0, 1.0]",4.0
92,"[1, 2, 5]","[4, 4, 4]","[0.75, 0.88, 0.79]","[['B', 'C', 'A', 'D'], ['B', 'D', 'A', 'C'], ['B', 'A', 'C', 'D']]","{'A': 4, 'B': 4, 'C': 4, 'D': 3}","[0.88, 1.0, 1.0]",4.0
92,"[1, 2, 5]","[4, 4, 4]","[0.75, 0.88, 0.79]","[['B', 'C', 'A', 'D'], ['B', 'D', 'A', 'C'], ['B', 'C', 'A', 'D']]","{'A': 4, 'B': 4, 'C': 4, 'D': 3}","[0.88, 1.0, 1.0]",4.0
92,"[1, 2, 5]","[4, 4, 4]","[0.75, 0.88, 0.79]","[['B', 'C', 'A', 'D'], ['B', 'D', 'A', 'C'], ['C', 'A', 'B', 'D']]","{'A': 4, 'B': 4, 'C': 4, 'D': 3}","[0.88, 1.0, 1.0]",4.0
92,"[1, 2, 5]","[4, 4, 4]","[0.75, 0.88, 0.79]","[['B', 'C', 'A', 'D'], ['B', 'D', 'A', 'C'], ['C', 'B', 'A', 'D']]","{'A': 4, 'B': 4, 'C': 4, 'D': 3}","[0.88, 1.0, 1.0]",4.0
92,"[1, 2, 5]","[4, 4, 4]","[0.75, 0.88, 0.79]","[['B', 'C', 'A', 'D'], ['C', 'A', 'B', 'D'], ['A', 'B', 'D', 'C']]","{'A': 4, 'B': 4, 'C': 4, 'D': 3}","[0.88, 1.0, 1.0]",4.0
92,"[1, 2, 5]","[4, 4, 4]","[0.75, 0.88, 0.79]","[['B', 'C', 'A', 'D'], ['C', 'A', 'B', 'D'], ['A', 'D', 'B', 'C']]","{'A': 4, 'B': 4, 'C': 4, 'D': 3}","[0.88, 1.0, 1.0]",4.0
92,"[1, 2, 5]","[4, 4, 4]","[0.75, 0.88, 0.79]","[['B', 'C', 'A', 'D'], ['C', 'A', 'B', 'D'], ['B', 'A', 'D', 'C']]","{'A': 4, 'B': 4, 'C': 4, 'D': 3}","[0.88, 1.0, 1.0]",4.0
92,"[1, 2, 5]","[4, 4, 4]","[0.75, 0.88, 0.79]","[['B', 'C', 'A', 'D'], ['C', 'A', 'B', 'D'], ['B', 'D', 'A', 'C']]","{'A': 4, 'B': 4, 'C': 4, 'D': 3}","[0.88, 1.0, 1.0]",4.0
92,"[1, 2, 5]","[4, 4, 4]","[0.75, 0.88, 0.79]","[['B', 'C', 'A', 'D'], ['C', 'A', 'B', 'D'], ['D', 'A', 'B', 'C']]","{'A': 4, 'B': 4, 'C': 4, 'D': 3}","[0.88, 1.0, 1.0]",4.0
92,"[1, 2, 5]","[4, 4, 4]","[0.75, 0.88, 0.79]","[['B', 'C', 'A', 'D'], ['C', 'A', 'B', 'D'], ['D', 'B', 'A', 'C']]","{'A': 4, 'B': 4, 'C': 4, 'D': 3}","[0.88, 1.0, 1.0]",4.0
92,"[1, 2, 5]","[4, 4, 4]","[0.75, 0.88, 0.79]","[['B', 'C', 'A', 'D'], ['C', 'B', 'A', 'D'], ['A', 'B', 'D', 'C']]","{'A': 4, 'B': 4, 'C': 4, 'D': 3}","[0.88, 1.0, 1.0]",4.0
92,"[1, 2, 5]","[4, 4, 4]","[0.75, 0.88, 0.79]","[['B', 'C', 'A', 'D'], ['C', 'B', 'A', 'D'], ['A', 'D', 'B', 'C']]","{'A': 4, 'B': 4, 'C': 4, 'D': 3}","[0.88, 1.0, 1.0]",4.0
92,"[1, 2, 5]","[4, 4, 4]","[0.75, 0.88, 0.79]","[['B', 'C', 'A', 'D'], ['C', 'B', 'A', 'D'], ['B', 'A', 'D', 'C']]","{'A': 4, 'B': 4, 'C': 4, 'D': 3}","[0.88, 1.0, 1.0]",4.0
92,"[1, 2, 5]","[4, 4, 4]","[0.75, 0.88, 0.79]","[['B', 'C', 'A', 'D'], ['C', 'B', 'A', 'D'], ['B', 'D', 'A', 'C']]","{'A': 4, 'B': 4, 'C': 4, 'D': 3}","[0.88, 1.0, 1.0]",4.0
92,"[1, 2, 5]","[4, 4, 4]","[0.75, 0.88, 0.79]","[['B', 'C', 'A', 'D'], ['C', 'B', 'A', 'D'], ['D', 'A', 'B', 'C']]","{'A': 4, 'B': 4, 'C': 4, 'D': 3}","[0.88, 1.0, 1.0]",4.0
92,"[1, 2, 5]","[4, 4, 4]","[0.75, 0.88, 0.79]","[['B', 'C', 'A', 'D'], ['C', 'B', 'A', 'D'], ['D', 'B', 'A', 'C']]","{'A': 4, 'B': 4, 'C': 4, 'D': 3}","[0.88, 1.0, 1.0]",4.0
92,"[1, 2, 5]","[4, 4, 4]","[0.75, 0.88, 0.79]","[['B', 'C', 'A', 'D'], ['D', 'A', 'B', 'C'], ['A', 'B', 'C', 'D']]","{'A': 4, 'B': 4, 'C': 4, 'D': 3}","[0.88, 1.0, 1.0]",4.0
92,"[1, 2, 5]","[4, 4, 4]","[0.75, 0.88, 0.79]","[['B', 'C', 'A', 'D'], ['D', 'A', 'B', 'C'], ['A', 'C', 'B', 'D']]","{'A': 4, 'B': 4, 'C': 4, 'D': 3}","[0.88, 1.0, 1.0]",4.0
92,"[1, 2, 5]","[4, 4, 4]","[0.75, 0.88, 0.79]","[['B', 'C', 'A', 'D'], ['D', 'A', 'B', 'C'], ['B', 'A', 'C', 'D']]","{'A': 4, 'B': 4, 'C': 4, 'D': 3}","[0.88, 1.0, 1.0]",4.0
92,"[1, 2, 5]","[4, 4, 4]","[0.75, 0.88, 0.79]","[['B', 'C', 'A', 'D'], ['D', 'A', 'B', 'C'], ['B', 'C', 'A', 'D']]","{'A': 4, 'B': 4, 'C': 4, 'D': 3}","[0.88, 1.0, 1.0]",4.0
92,"[1, 2, 5]","[4, 4, 4]","[0.75, 0.88, 0.79]","[['B', 'C', 'A', 'D'], ['D', 'A', 'B', 'C'], ['C', 'A', 'B', 'D']]","{'A': 4, 'B': 4, 'C': 4, 'D': 3}","[0.88, 1.0, 1.0]",4.0
92,"[1, 2, 5]","[4, 4, 4]","[0.75, 0.88, 0.79]","[['B', 'C', 'A', 'D'], ['D', 'A', 'B', 'C'], ['C', 'B', 'A', 'D']]","{'A': 4, 'B': 4, 'C': 4, 'D': 3}","[0.88, 1.0, 1.0]",4.0
92,"[1, 2, 5]","[4, 4, 4]","[0.75, 0.88, 0.79]","[['B', 'C', 'A', 'D'], ['D', 'B', 'A', 'C'], ['A', 'B', 'C', 'D']]","{'A': 4, 'B': 4, 'C': 4, 'D': 3}","[0.88, 1.0, 1.0]",4.0
92,"[1, 2, 5]","[4, 4, 4]","[0.75, 0.88, 0.79]","[['B', 'C', 'A', 'D'], ['D', 'B', 'A', 'C'], ['A', 'C', 'B', 'D']]","{'A': 4, 'B': 4, 'C': 4, 'D': 3}","[0.88, 1.0, 1.0]",4.0
92,"[1, 2, 5]","[4, 4, 4]","[0.75, 0.88, 0.79]","[['B', 'C', 'A', 'D'], ['D', 'B', 'A', 'C'], ['B', 'A', 'C', 'D']]","{'A': 4, 'B': 4, 'C': 4, 'D': 3}","[0.88, 1.0, 1.0]",4.0
92,"[1, 2, 5]","[4, 4, 4]","[0.75, 0.88, 0.79]","[['B', 'C', 'A', 'D'], ['D', 'B', 'A', 'C'], ['B', 'C', 'A', 'D']]","{'A': 4, 'B': 4, 'C': 4, 'D': 3}","[0.88, 1.0, 1.0]",4.0
92,"[1, 2, 5]","[4, 4, 4]","[0.75, 0.88, 0.79]","[['B', 'C', 'A', 'D'], ['D', 'B', 'A', 'C'], ['C', 'A', 'B', 'D']]","{'A': 4, 'B': 4, 'C': 4, 'D': 3}","[0.88, 1.0, 1.0]",4.0
92,"[1, 2, 5]","[4, 4, 4]","[0.75, 0.88, 0.79]","[['B', 'C', 'A', 'D'], ['D', 'B', 'A', 'C'], ['C', 'B', 'A', 'D']]","{'A': 4, 'B': 4, 'C': 4, 'D': 3}","[0.88, 1.0, 1.0]",4.0
92,"[1, 2, 5]","[4, 4, 4]","[0.75, 0.88, 0.79]","[['B', 'D', 'A', 'C'], ['A', 'B', 'C', 'D'], ['A', 'B', 'C', 'D']]","{'A': 4, 'B': 4, 'C': 4, 'D': 3}","[0.88, 1.0, 1.0]",4.0
92,"[1, 2, 5]","[4, 4, 4]","[0.75, 0.88, 0.79]","[['B', 'D', 'A', 'C'], ['A', 'B', 'C', 'D'], ['A', 'C', 'B', 'D']]","{'A': 4, 'B': 4, 'C': 4, 'D': 3}","[0.88, 1.0, 1.0]",4.0
92,"[1, 2, 5]","[4, 4, 4]","[0.75, 0.88, 0.79]","[['B', 'D', 'A', 'C'], ['A', 'B', 'C', 'D'], ['B', 'A', 'C', 'D']]","{'A': 4, 'B': 4, 'C': 4, 'D': 3}","[0.88, 1.0, 1.0]",4.0
92,"[1, 2, 5]","[4, 4, 4]","[0.75, 0.88, 0.79]","[['B', 'D', 'A', 'C'], ['A', 'B', 'C', 'D'], ['B', 'C', 'A', 'D']]","{'A': 4, 'B': 4, 'C': 4, 'D': 3}","[0.88, 1.0, 1.0]",4.0
92,"[1, 2, 5]","[4, 4, 4]","[0.75, 0.88, 0.79]","[['B', 'D', 'A', 'C'], ['A', 'B', 'C', 'D'], ['C', 'A', 'B', 'D']]","{'A': 4, 'B': 4, 'C': 4, 'D': 3}","[0.88, 1.0, 1.0]",4.0
92,"[1, 2, 5]","[4, 4, 4]","[0.75, 0.88, 0.79]","[['B', 'D', 'A', 'C'], ['A', 'B', 'C', 'D'], ['C', 'B', 'A', 'D']]","{'A': 4, 'B': 4, 'C': 4, 'D': 3}","[0.88, 1.0, 1.0]",4.0
92,"[1, 2, 5]","[4, 4, 4]","[0.75, 0.88, 0.79]","[['B', 'D', 'A', 'C'], ['A', 'C', 'B', 'D'], ['A', 'B', 'C', 'D']]","{'A': 4, 'B': 4, 'C': 4, 'D': 3}","[0.88, 1.0, 1.0]",4.0
92,"[1, 2, 5]","[4, 4, 4]","[0.75, 0.88, 0.79]","[['B', 'D', 'A', 'C'], ['A', 'C', 'B', 'D'], ['A', 'C', 'B', 'D']]","{'A': 4, 'B': 4, 'C': 4, 'D': 3}","[0.88, 1.0, 1.0]",4.0
92,"[1, 2, 5]","[4, 4, 4]","[0.75, 0.88, 0.79]","[['B', 'D', 'A', 'C'], ['A', 'C', 'B', 'D'], ['B', 'A', 'C', 'D']]","{'A': 4, 'B': 4, 'C': 4, 'D': 3}","[0.88, 1.0, 1.0]",4.0
92,"[1, 2, 5]","[4, 4, 4]","[0.75, 0.88, 0.79]","[['B', 'D', 'A', 'C'], ['A', 'C', 'B', 'D'], ['B', 'C', 'A', 'D']]","{'A': 4, 'B': 4, 'C': 4, 'D': 3}","[0.88, 1.0, 1.0]",4.0
92,"[1, 2, 5]","[4, 4, 4]","[0.75, 0.88, 0.79]","[['B', 'D', 'A', 'C'], ['A', 'C', 'B', 'D'], ['C', 'A', 'B', 'D']]","{'A': 4, 'B': 4, 'C': 4, 'D': 3}","[0.88, 1.0, 1.0]",4.0
92,"[1, 2, 5]","[4, 4, 4]","[0.75, 0.88, 0.79]","[['B', 'D', 'A', 'C'], ['A', 'C', 'B', 'D'], ['C', 'B', 'A', 'D']]","{'A': 4, 'B': 4, 'C': 4, 'D': 3}","[0.88, 1.0, 1.0]",4.0
92,"[1, 2, 5]","[4, 4, 4]","[0.75, 0.88, 0.79]","[['B', 'D', 'A', 'C'], ['B', 'A', 'C', 'D'], ['A', 'B', 'C', 'D']]","{'A': 4, 'B': 4, 'C': 4, 'D': 3}","[0.88, 1.0, 1.0]",4.0
92,"[1, 2, 5]","[4, 4, 4]","[0.75, 0.88, 0.79]","[['B', 'D', 'A', 'C'], ['B', 'A', 'C', 'D'], ['A', 'C', 'B', 'D']]","{'A': 4, 'B': 4, 'C': 4, 'D': 3}","[0.88, 1.0, 1.0]",4.0
92,"[1, 2, 5]","[4, 4, 4]","[0.75, 0.88, 0.79]","[['B', 'D', 'A', 'C'], ['B', 'A', 'C', 'D'], ['B', 'A', 'C', 'D']]","{'A': 4, 'B': 4, 'C': 4, 'D': 3}","[0.88, 1.0, 1.0]",4.0
92,"[1, 2, 5]","[4, 4, 4]","[0.75, 0.88, 0.79]","[['B', 'D', 'A', 'C'], ['B', 'A', 'C', 'D'], ['B', 'C', 'A', 'D']]","{'A': 4, 'B': 4, 'C': 4, 'D': 3}","[0.88, 1.0, 1.0]",4.0
92,"[1, 2, 5]","[4, 4, 4]","[0.75, 0.88, 0.79]","[['B', 'D', 'A', 'C'], ['B', 'A', 'C', 'D'], ['C', 'A', 'B', 'D']]","{'A': 4, 'B': 4, 'C': 4, 'D': 3}","[0.88, 1.0, 1.0]",4.0
92,"[1, 2, 5]","[4, 4, 4]","[0.75, 0.88, 0.79]","[['B', 'D', 'A', 'C'], ['B', 'A', 'C', 'D'], ['C', 'B', 'A', 'D']]","{'A': 4, 'B': 4, 'C': 4, 'D': 3}","[0.88, 1.0, 1.0]",4.0
92,"[1, 2, 5]","[4, 4, 4]","[0.75, 0.88, 0.79]","[['B', 'D', 'A', 'C'], ['B', 'C', 'A', 'D'], ['A', 'B', 'C', 'D']]","{'A': 4, 'B': 4, 'C': 4, 'D': 3}","[0.88, 1.0, 1.0]",4.0
92,"[1, 2, 5]","[4, 4, 4]","[0.75, 0.88, 0.79]","[['B', 'D', 'A', 'C'], ['B', 'C', 'A', 'D'], ['A', 'C', 'B', 'D']]","{'A': 4, 'B': 4, 'C': 4, 'D': 3}","[0.88, 1.0, 1.0]",4.0
92,"[1, 2, 5]","[4, 4, 4]","[0.75, 0.88, 0.79]","[['B', 'D', 'A', 'C'], ['B', 'C', 'A', 'D'], ['B', 'A', 'C', 'D']]","{'A': 4, 'B': 4, 'C': 4, 'D': 3}","[0.88, 1.0, 1.0]",4.0
92,"[1, 2, 5]","[4, 4, 4]","[0.75, 0.88, 0.79]","[['B', 'D', 'A', 'C'], ['B', 'C', 'A', 'D'], ['B', 'C', 'A', 'D']]","{'A': 4, 'B': 4, 'C': 4, 'D': 3}","[0.88, 1.0, 1.0]",4.0
92,"[1, 2, 5]","[4, 4, 4]","[0.75, 0.88, 0.79]","[['B', 'D', 'A', 'C'], ['B', 'C', 'A', 'D'], ['C', 'A', 'B', 'D']]","{'A': 4, 'B': 4, 'C': 4, 'D': 3}","[0.88, 1.0, 1.0]",4.0
92,"[1, 2, 5]","[4, 4, 4]","[0.75, 0.88, 0.79]","[['B', 'D', 'A', 'C'], ['B', 'C', 'A', 'D'], ['C', 'B', 'A', 'D']]","{'A': 4, 'B': 4, 'C': 4, 'D': 3}","[0.88, 1.0, 1.0]",4.0
92,"[1, 2, 5]","[4, 4, 4]","[0.75, 0.88, 0.79]","[['B', 'D', 'A', 'C'], ['C', 'A', 'B', 'D'], ['A', 'B', 'C', 'D']]","{'A': 4, 'B': 4, 'C': 4, 'D': 3}","[0.88, 1.0, 1.0]",4.0
92,"[1, 2, 5]","[4, 4, 4]","[0.75, 0.88, 0.79]","[['B', 'D', 'A', 'C'], ['C', 'A', 'B', 'D'], ['A', 'C', 'B', 'D']]","{'A': 4, 'B': 4, 'C': 4, 'D': 3}","[0.88, 1.0, 1.0]",4.0
92,"[1, 2, 5]","[4, 4, 4]","[0.75, 0.88, 0.79]","[['B', 'D', 'A', 'C'], ['C', 'A', 'B', 'D'], ['B', 'A', 'C', 'D']]","{'A': 4, 'B': 4, 'C': 4, 'D': 3}","[0.88, 1.0, 1.0]",4.0
92,"[1, 2, 5]","[4, 4, 4]","[0.75, 0.88, 0.79]","[['B', 'D', 'A', 'C'], ['C', 'A', 'B', 'D'], ['B', 'C', 'A', 'D']]","{'A': 4, 'B': 4, 'C': 4, 'D': 3}","[0.88, 1.0, 1.0]",4.0
92,"[1, 2, 5]","[4, 4, 4]","[0.75, 0.88, 0.79]","[['B', 'D', 'A', 'C'], ['C', 'A', 'B', 'D'], ['C', 'A', 'B', 'D']]","{'A': 4, 'B': 4, 'C': 4, 'D': 3}","[0.88, 1.0, 1.0]",4.0
92,"[1, 2, 5]","[4, 4, 4]","[0.75, 0.88, 0.79]","[['B', 'D', 'A', 'C'], ['C', 'A', 'B', 'D'], ['C', 'B', 'A', 'D']]","{'A': 4, 'B': 4, 'C': 4, 'D': 3}","[0.88, 1.0, 1.0]",4.0
92,"[1, 2, 5]","[4, 4, 4]","[0.75, 0.88, 0.79]","[['B', 'D', 'A', 'C'], ['C', 'B', 'A', 'D'], ['A', 'B', 'C', 'D']]","{'A': 4, 'B': 4, 'C': 4, 'D': 3}","[0.88, 1.0, 1.0]",4.0
92,"[1, 2, 5]","[4, 4, 4]","[0.75, 0.88, 0.79]","[['B', 'D', 'A', 'C'], ['C', 'B', 'A', 'D'], ['A', 'C', 'B', 'D']]","{'A': 4, 'B': 4, 'C': 4, 'D': 3}","[0.88, 1.0, 1.0]",4.0
92,"[1, 2, 5]","[4, 4, 4]","[0.75, 0.88, 0.79]","[['B', 'D', 'A', 'C'], ['C', 'B', 'A', 'D'], ['B', 'A', 'C', 'D']]","{'A': 4, 'B': 4, 'C': 4, 'D': 3}","[0.88, 1.0, 1.0]",4.0
92,"[1, 2, 5]","[4, 4, 4]","[0.75, 0.88, 0.79]","[['B', 'D', 'A', 'C'], ['C', 'B', 'A', 'D'], ['B', 'C', 'A', 'D']]","{'A': 4, 'B': 4, 'C': 4, 'D': 3}","[0.88, 1.0, 1.0]",4.0
92,"[1, 2, 5]","[4, 4, 4]","[0.75, 0.88, 0.79]","[['B', 'D', 'A', 'C'], ['C', 'B', 'A', 'D'], ['C', 'A', 'B', 'D']]","{'A': 4, 'B': 4, 'C': 4, 'D': 3}","[0.88, 1.0, 1.0]",4.0
92,"[1, 2, 5]","[4, 4, 4]","[0.75, 0.88, 0.79]","[['B', 'D', 'A', 'C'], ['C', 'B', 'A', 'D'], ['C', 'B', 'A', 'D']]","{'A': 4, 'B': 4, 'C': 4, 'D': 3}","[0.88, 1.0, 1.0]",4.0
92,"[1, 2, 5]","[4, 4, 4]","[0.75, 0.88, 0.79]","[['C', 'A', 'B', 'D'], ['A', 'B', 'C', 'D'], ['A', 'B', 'D', 'C']]","{'A': 4, 'B': 4, 'C': 4, 'D': 3}","[0.88, 1.0, 1.0]",4.0
92,"[1, 2, 5]","[4, 4, 4]","[0.75, 0.88, 0.79]","[['C', 'A', 'B', 'D'], ['A', 'B', 'C', 'D'], ['A', 'D', 'B', 'C']]","{'A': 4, 'B': 4, 'C': 4, 'D': 3}","[0.88, 1.0, 1.0]",4.0
92,"[1, 2, 5]","[4, 4, 4]","[0.75, 0.88, 0.79]","[['C', 'A', 'B', 'D'], ['A', 'B', 'C', 'D'], ['B', 'A', 'D', 'C']]","{'A': 4, 'B': 4, 'C': 4, 'D': 3}","[0.88, 1.0, 1.0]",4.0
92,"[1, 2, 5]","[4, 4, 4]","[0.75, 0.88, 0.79]","[['C', 'A', 'B', 'D'], ['A', 'B', 'C', 'D'], ['B', 'D', 'A', 'C']]","{'A': 4, 'B': 4, 'C': 4, 'D': 3}","[0.88, 1.0, 1.0]",4.0
92,"[1, 2, 5]","[4, 4, 4]","[0.75, 0.88, 0.79]","[['C', 'A', 'B', 'D'], ['A', 'B', 'C', 'D'], ['D', 'A', 'B', 'C']]","{'A': 4, 'B': 4, 'C': 4, 'D': 3}","[0.88, 1.0, 1.0]",4.0
92,"[1, 2, 5]","[4, 4, 4]","[0.75, 0.88, 0.79]","[['C', 'A', 'B', 'D'], ['A', 'B', 'C', 'D'], ['D', 'B', 'A', 'C']]","{'A': 4, 'B': 4, 'C': 4, 'D': 3}","[0.88, 1.0, 1.0]",4.0
92,"[1, 2, 5]","[4, 4, 4]","[0.75, 0.88, 0.79]","[['C', 'A', 'B', 'D'], ['A', 'B', 'D', 'C'], ['A', 'B', 'C', 'D']]","{'A': 4, 'B': 4, 'C': 4, 'D': 3}","[0.88, 1.0, 1.0]",4.0
92,"[1, 2, 5]","[4, 4, 4]","[0.75, 0.88, 0.79]","[['C', 'A', 'B', 'D'], ['A', 'B', 'D', 'C'], ['A', 'C', 'B', 'D']]","{'A': 4, 'B': 4, 'C': 4, 'D': 3}","[0.88, 1.0, 1.0]",4.0
92,"[1, 2, 5]","[4, 4, 4]","[0.75, 0.88, 0.79]","[['C', 'A', 'B', 'D'], ['A', 'B', 'D', 'C'], ['B', 'A', 'C', 'D']]","{'A': 4, 'B': 4, 'C': 4, 'D': 3}","[0.88, 1.0, 1.0]",4.0
92,"[1, 2, 5]","[4, 4, 4]","[0.75, 0.88, 0.79]","[['C', 'A', 'B', 'D'], ['A', 'B', 'D', 'C'], ['B', 'C', 'A', 'D']]","{'A': 4, 'B': 4, 'C': 4, 'D': 3}","[0.88, 1.0, 1.0]",4.0
92,"[1, 2, 5]","[4, 4, 4]","[0.75, 0.88, 0.79]","[['C', 'A', 'B', 'D'], ['A', 'B', 'D', 'C'], ['C', 'A', 'B', 'D']]","{'A': 4, 'B': 4, 'C': 4, 'D': 3}","[0.88, 1.0, 1.0]",4.0
92,"[1, 2, 5]","[4, 4, 4]","[0.75, 0.88, 0.79]","[['C', 'A', 'B', 'D'], ['A', 'B', 'D', 'C'], ['C', 'B', 'A', 'D']]","{'A': 4, 'B': 4, 'C': 4, 'D': 3}","[0.88, 1.0, 1.0]",4.0
92,"[1, 2, 5]","[4, 4, 4]","[0.75, 0.88, 0.79]","[['C', 'A', 'B', 'D'], ['A', 'C', 'B', 'D'], ['A', 'B', 'D', 'C']]","{'A': 4, 'B': 4, 'C': 4, 'D': 3}","[0.88, 1.0, 1.0]",4.0
92,"[1, 2, 5]","[4, 4, 4]","[0.75, 0.88, 0.79]","[['C', 'A', 'B', 'D'], ['A', 'C', 'B', 'D'], ['A', 'D', 'B', 'C']]","{'A': 4, 'B': 4, 'C': 4, 'D': 3}","[0.88, 1.0, 1.0]",4.0
92,"[1, 2, 5]","[4, 4, 4]","[0.75, 0.88, 0.79]","[['C', 'A', 'B', 'D'], ['A', 'C', 'B', 'D'], ['B', 'A', 'D', 'C']]","{'A': 4, 'B': 4, 'C': 4, 'D': 3}","[0.88, 1.0, 1.0]",4.0
92,"[1, 2, 5]","[4, 4, 4]","[0.75, 0.88, 0.79]","[['C', 'A', 'B', 'D'], ['A', 'C', 'B', 'D'], ['B', 'D', 'A', 'C']]","{'A': 4, 'B': 4, 'C': 4, 'D': 3}","[0.88, 1.0, 1.0]",4.0
92,"[1, 2, 5]","[4, 4, 4]","[0.75, 0.88, 0.79]","[['C', 'A', 'B', 'D'], ['A', 'C', 'B', 'D'], ['D', 'A', 'B', 'C']]","{'A': 4, 'B': 4, 'C': 4, 'D': 3}","[0.88, 1.0, 1.0]",4.0
92,"[1, 2, 5]","[4, 4, 4]","[0.75, 0.88, 0.79]","[['C', 'A', 'B', 'D'], ['A', 'C', 'B', 'D'], ['D', 'B', 'A', 'C']]","{'A': 4, 'B': 4, 'C': 4, 'D': 3}","[0.88, 1.0, 1.0]",4.0
92,"[1, 2, 5]","[4, 4, 4]","[0.75, 0.88, 0.79]","[['C', 'A', 'B', 'D'], ['A', 'D', 'B', 'C'], ['A', 'B', 'C', 'D']]","{'A': 4, 'B': 4, 'C': 4, 'D': 3}","[0.88, 1.0, 1.0]",4.0
92,"[1, 2, 5]","[4, 4, 4]","[0.75, 0.88, 0.79]","[['C', 'A', 'B', 'D'], ['A', 'D', 'B', 'C'], ['A', 'C', 'B', 'D']]","{'A': 4, 'B': 4, 'C': 4, 'D': 3}","[0.88, 1.0, 1.0]",4.0
92,"[1, 2, 5]","[4, 4, 4]","[0.75, 0.88, 0.79]","[['C', 'A', 'B', 'D'], ['A', 'D', 'B', 'C'], ['B', 'A', 'C', 'D']]","{'A': 4, 'B': 4, 'C': 4, 'D': 3}","[0.88, 1.0, 1.0]",4.0
92,"[1, 2, 5]","[4, 4, 4]","[0.75, 0.88, 0.79]","[['C', 'A', 'B', 'D'], ['A', 'D', 'B', 'C'], ['B', 'C', 'A', 'D']]","{'A': 4, 'B': 4, 'C': 4, 'D': 3}","[0.88, 1.0, 1.0]",4.0
92,"[1, 2, 5]","[4, 4, 4]","[0.75, 0.88, 0.79]","[['C', 'A', 'B', 'D'], ['A', 'D', 'B', 'C'], ['C', 'A', 'B', 'D']]","{'A': 4, 'B': 4, 'C': 4, 'D': 3}","[0.88, 1.0, 1.0]",4.0
92,"[1, 2, 5]","[4, 4, 4]","[0.75, 0.88, 0.79]","[['C', 'A', 'B', 'D'], ['A', 'D', 'B', 'C'], ['C', 'B', 'A', 'D']]","{'A': 4, 'B': 4, 'C': 4, 'D': 3}","[0.88, 1.0, 1.0]",4.0
92,"[1, 2, 5]","[4, 4, 4]","[0.75, 0.88, 0.79]","[['C', 'A', 'B', 'D'], ['B', 'A', 'C', 'D'], ['A', 'B', 'D', 'C']]","{'A': 4, 'B': 4, 'C': 4, 'D': 3}","[0.88, 1.0, 1.0]",4.0
92,"[1, 2, 5]","[4, 4, 4]","[0.75, 0.88, 0.79]","[['C', 'A', 'B', 'D'], ['B', 'A', 'C', 'D'], ['A', 'D', 'B', 'C']]","{'A': 4, 'B': 4, 'C': 4, 'D': 3}","[0.88, 1.0, 1.0]",4.0
92,"[1, 2, 5]","[4, 4, 4]","[0.75, 0.88, 0.79]","[['C', 'A', 'B', 'D'], ['B', 'A', 'C', 'D'], ['B', 'A', 'D', 'C']]","{'A': 4, 'B': 4, 'C': 4, 'D': 3}","[0.88, 1.0, 1.0]",4.0
92,"[1, 2, 5]","[4, 4, 4]","[0.75, 0.88, 0.79]","[['C', 'A', 'B', 'D'], ['B', 'A', 'C', 'D'], ['B', 'D', 'A', 'C']]","{'A': 4, 'B': 4, 'C': 4, 'D': 3}","[0.88, 1.0, 1.0]",4.0
92,"[1, 2, 5]","[4, 4, 4]","[0.75, 0.88, 0.79]","[['C', 'A', 'B', 'D'], ['B', 'A', 'C', 'D'], ['D', 'A', 'B', 'C']]","{'A': 4, 'B': 4, 'C': 4, 'D': 3}","[0.88, 1.0, 1.0]",4.0
92,"[1, 2, 5]","[4, 4, 4]","[0.75, 0.88, 0.79]","[['C', 'A', 'B', 'D'], ['B', 'A', 'C', 'D'], ['D', 'B', 'A', 'C']]","{'A': 4, 'B': 4, 'C': 4, 'D': 3}","[0.88, 1.0, 1.0]",4.0
92,"[1, 2, 5]","[4, 4, 4]","[0.75, 0.88, 0.79]","[['C', 'A', 'B', 'D'], ['B', 'A', 'D', 'C'], ['A', 'B', 'C', 'D']]","{'A': 4, 'B': 4, 'C': 4, 'D': 3}","[0.88, 1.0, 1.0]",4.0
92,"[1, 2, 5]","[4, 4, 4]","[0.75, 0.88, 0.79]","[['C', 'A', 'B', 'D'], ['B', 'A', 'D', 'C'], ['A', 'C', 'B', 'D']]","{'A': 4, 'B': 4, 'C': 4, 'D': 3}","[0.88, 1.0, 1.0]",4.0
92,"[1, 2, 5]","[4, 4, 4]","[0.75, 0.88, 0.79]","[['C', 'A', 'B', 'D'], ['B', 'A', 'D', 'C'], ['B', 'A', 'C', 'D']]","{'A': 4, 'B': 4, 'C': 4, 'D': 3}","[0.88, 1.0, 1.0]",4.0
92,"[1, 2, 5]","[4, 4, 4]","[0.75, 0.88, 0.79]","[['C', 'A', 'B', 'D'], ['B', 'A', 'D', 'C'], ['B', 'C', 'A', 'D']]","{'A': 4, 'B': 4, 'C': 4, 'D': 3}","[0.88, 1.0, 1.0]",4.0
92,"[1, 2, 5]","[4, 4, 4]","[0.75, 0.88, 0.79]","[['C', 'A', 'B', 'D'], ['B', 'A', 'D', 'C'], ['C', 'A', 'B', 'D']]","{'A': 4, 'B': 4, 'C': 4, 'D': 3}","[0.88, 1.0, 1.0]",4.0
92,"[1, 2, 5]","[4, 4, 4]","[0.75, 0.88, 0.79]","[['C', 'A', 'B', 'D'], ['B', 'A', 'D', 'C'], ['C', 'B', 'A', 'D']]","{'A': 4, 'B': 4, 'C': 4, 'D': 3}","[0.88, 1.0, 1.0]",4.0
92,"[1, 2, 5]","[4, 4, 4]","[0.75, 0.88, 0.79]","[['C', 'A', 'B', 'D'], ['B', 'C', 'A', 'D'], ['A', 'B', 'D', 'C']]","{'A': 4, 'B': 4, 'C': 4, 'D': 3}","[0.88, 1.0, 1.0]",4.0
92,"[1, 2, 5]","[4, 4, 4]","[0.75, 0.88, 0.79]","[['C', 'A', 'B', 'D'], ['B', 'C', 'A', 'D'], ['A', 'D', 'B', 'C']]","{'A': 4, 'B': 4, 'C': 4, 'D': 3}","[0.88, 1.0, 1.0]",4.0
92,"[1, 2, 5]","[4, 4, 4]","[0.75, 0.88, 0.79]","[['C', 'A', 'B', 'D'], ['B', 'C', 'A', 'D'], ['B', 'A', 'D', 'C']]","{'A': 4, 'B': 4, 'C': 4, 'D': 3}","[0.88, 1.0, 1.0]",4.0
92,"[1, 2, 5]","[4, 4, 4]","[0.75, 0.88, 0.79]","[['C', 'A', 'B', 'D'], ['B', 'C', 'A', 'D'], ['B', 'D', 'A', 'C']]","{'A': 4, 'B': 4, 'C': 4, 'D': 3}","[0.88, 1.0, 1.0]",4.0
92,"[1, 2, 5]","[4, 4, 4]","[0.75, 0.88, 0.79]","[['C', 'A', 'B', 'D'], ['B', 'C', 'A', 'D'], ['D', 'A', 'B', 'C']]","{'A': 4, 'B': 4, 'C': 4, 'D': 3}","[0.88, 1.0, 1.0]",4.0
92,"[1, 2, 5]","[4, 4, 4]","[0.75, 0.88, 0.79]","[['C', 'A', 'B', 'D'], ['B', 'C', 'A', 'D'], ['D', 'B', 'A', 'C']]","{'A': 4, 'B': 4, 'C': 4, 'D': 3}","[0.88, 1.0, 1.0]",4.0
92,"[1, 2, 5]","[4, 4, 4]","[0.75, 0.88, 0.79]","[['C', 'A', 'B', 'D'], ['B', 'D', 'A', 'C'], ['A', 'B', 'C', 'D']]","{'A': 4, 'B': 4, 'C': 4, 'D': 3}","[0.88, 1.0, 1.0]",4.0
92,"[1, 2, 5]","[4, 4, 4]","[0.75, 0.88, 0.79]","[['C', 'A', 'B', 'D'], ['B', 'D', 'A', 'C'], ['A', 'C', 'B', 'D']]","{'A': 4, 'B': 4, 'C': 4, 'D': 3}","[0.88, 1.0, 1.0]",4.0
92,"[1, 2, 5]","[4, 4, 4]","[0.75, 0.88, 0.79]","[['C', 'A', 'B', 'D'], ['B', 'D', 'A', 'C'], ['B', 'A', 'C', 'D']]","{'A': 4, 'B': 4, 'C': 4, 'D': 3}","[0.88, 1.0, 1.0]",4.0
92,"[1, 2, 5]","[4, 4, 4]","[0.75, 0.88, 0.79]","[['C', 'A', 'B', 'D'], ['B', 'D', 'A', 'C'], ['B', 'C', 'A', 'D']]","{'A': 4, 'B': 4, 'C': 4, 'D': 3}","[0.88, 1.0, 1.0]",4.0
92,"[1, 2, 5]","[4, 4, 4]","[0.75, 0.88, 0.79]","[['C', 'A', 'B', 'D'], ['B', 'D', 'A', 'C'], ['C', 'A', 'B', 'D']]","{'A': 4, 'B': 4, 'C': 4, 'D': 3}","[0.88, 1.0, 1.0]",4.0
92,"[1, 2, 5]","[4, 4, 4]","[0.75, 0.88, 0.79]","[['C', 'A', 'B', 'D'], ['B', 'D', 'A', 'C'], ['C', 'B', 'A', 'D']]","{'A': 4, 'B': 4, 'C': 4, 'D': 3}","[0.88, 1.0, 1.0]",4.0
92,"[1, 2, 5]","[4, 4, 4]","[0.75, 0.88, 0.79]","[['C', 'A', 'B', 'D'], ['C', 'A', 'B', 'D'], ['A', 'B', 'D', 'C']]","{'A': 4, 'B': 4, 'C': 4, 'D': 3}","[0.88, 1.0, 1.0]",4.0
92,"[1, 2, 5]","[4, 4, 4]","[0.75, 0.88, 0.79]","[['C', 'A', 'B', 'D'], ['C', 'A', 'B', 'D'], ['A', 'D', 'B', 'C']]","{'A': 4, 'B': 4, 'C': 4, 'D': 3}","[0.88, 1.0, 1.0]",4.0
92,"[1, 2, 5]","[4, 4, 4]","[0.75, 0.88, 0.79]","[['C', 'A', 'B', 'D'], ['C', 'A', 'B', 'D'], ['B', 'A', 'D', 'C']]","{'A': 4, 'B': 4, 'C': 4, 'D': 3}","[0.88, 1.0, 1.0]",4.0
92,"[1, 2, 5]","[4, 4, 4]","[0.75, 0.88, 0.79]","[['C', 'A', 'B', 'D'], ['C', 'A', 'B', 'D'], ['B', 'D', 'A', 'C']]","{'A': 4, 'B': 4, 'C': 4, 'D': 3}","[0.88, 1.0, 1.0]",4.0
92,"[1, 2, 5]","[4, 4, 4]","[0.75, 0.88, 0.79]","[['C', 'A', 'B', 'D'], ['C', 'A', 'B', 'D'], ['D', 'A', 'B', 'C']]","{'A': 4, 'B': 4, 'C': 4, 'D': 3}","[0.88, 1.0, 1.0]",4.0
92,"[1, 2, 5]","[4, 4, 4]","[0.75, 0.88, 0.79]","[['C', 'A', 'B', 'D'], ['C', 'A', 'B', 'D'], ['D', 'B', 'A', 'C']]","{'A': 4, 'B': 4, 'C': 4, 'D': 3}","[0.88, 1.0, 1.0]",4.0
92,"[1, 2, 5]","[4, 4, 4]","[0.75, 0.88, 0.79]","[['C', 'A', 'B', 'D'], ['C', 'B', 'A', 'D'], ['A', 'B', 'D', 'C']]","{'A': 4, 'B': 4, 'C': 4, 'D': 3}","[0.88, 1.0, 1.0]",4.0
92,"[1, 2, 5]","[4, 4, 4]","[0.75, 0.88, 0.79]","[['C', 'A', 'B', 'D'], ['C', 'B', 'A', 'D'], ['A', 'D', 'B', 'C']]","{'A': 4, 'B': 4, 'C': 4, 'D': 3}","[0.88, 1.0, 1.0]",4.0
92,"[1, 2, 5]","[4, 4, 4]","[0.75, 0.88, 0.79]","[['C', 'A', 'B', 'D'], ['C', 'B', 'A', 'D'], ['B', 'A', 'D', 'C']]","{'A': 4, 'B': 4, 'C': 4, 'D': 3}","[0.88, 1.0, 1.0]",4.0
92,"[1, 2, 5]","[4, 4, 4]","[0.75, 0.88, 0.79]","[['C', 'A', 'B', 'D'], ['C', 'B', 'A', 'D'], ['B', 'D', 'A', 'C']]","{'A': 4, 'B': 4, 'C': 4, 'D': 3}","[0.88, 1.0, 1.0]",4.0
92,"[1, 2, 5]","[4, 4, 4]","[0.75, 0.88, 0.79]","[['C', 'A', 'B', 'D'], ['C', 'B', 'A', 'D'], ['D', 'A', 'B', 'C']]","{'A': 4, 'B': 4, 'C': 4, 'D': 3}","[0.88, 1.0, 1.0]",4.0
92,"[1, 2, 5]","[4, 4, 4]","[0.75, 0.88, 0.79]","[['C', 'A', 'B', 'D'], ['C', 'B', 'A', 'D'], ['D', 'B', 'A', 'C']]","{'A': 4, 'B': 4, 'C': 4, 'D': 3}","[0.88, 1.0, 1.0]",4.0
92,"[1, 2, 5]","[4, 4, 4]","[0.75, 0.88, 0.79]","[['C', 'A', 'B', 'D'], ['D', 'A', 'B', 'C'], ['A', 'B', 'C', 'D']]","{'A': 4, 'B': 4, 'C': 4, 'D': 3}","[0.88, 1.0, 1.0]",4.0
92,"[1, 2, 5]","[4, 4, 4]","[0.75, 0.88, 0.79]","[['C', 'A', 'B', 'D'], ['D', 'A', 'B', 'C'], ['A', 'C', 'B', 'D']]","{'A': 4, 'B': 4, 'C': 4, 'D': 3}","[0.88, 1.0, 1.0]",4.0
92,"[1, 2, 5]","[4, 4, 4]","[0.75, 0.88, 0.79]","[['C', 'A', 'B', 'D'], ['D', 'A', 'B', 'C'], ['B', 'A', 'C', 'D']]","{'A': 4, 'B': 4, 'C': 4, 'D': 3}","[0.88, 1.0, 1.0]",4.0
92,"[1, 2, 5]","[4, 4, 4]","[0.75, 0.88, 0.79]","[['C', 'A', 'B', 'D'], ['D', 'A', 'B', 'C'], ['B', 'C', 'A', 'D']]","{'A': 4, 'B': 4, 'C': 4, 'D': 3}","[0.88, 1.0, 1.0]",4.0
92,"[1, 2, 5]","[4, 4, 4]","[0.75, 0.88, 0.79]","[['C', 'A', 'B', 'D'], ['D', 'A', 'B', 'C'], ['C', 'A', 'B', 'D']]","{'A': 4, 'B': 4, 'C': 4, 'D': 3}","[0.88, 1.0, 1.0]",4.0
92,"[1, 2, 5]","[4, 4, 4]","[0.75, 0.88, 0.79]","[['C', 'A', 'B', 'D'], ['D', 'A', 'B', 'C'], ['C', 'B', 'A', 'D']]","{'A': 4, 'B': 4, 'C': 4, 'D': 3}","[0.88, 1.0, 1.0]",4.0
92,"[1, 2, 5]","[4, 4, 4]","[0.75, 0.88, 0.79]","[['C', 'A', 'B', 'D'], ['D', 'B', 'A', 'C'], ['A', 'B', 'C', 'D']]","{'A': 4, 'B': 4, 'C': 4, 'D': 3}","[0.88, 1.0, 1.0]",4.0
92,"[1, 2, 5]","[4, 4, 4]","[0.75, 0.88, 0.79]","[['C', 'A', 'B', 'D'], ['D', 'B', 'A', 'C'], ['A', 'C', 'B', 'D']]","{'A': 4, 'B': 4, 'C': 4, 'D': 3}","[0.88, 1.0, 1.0]",4.0
92,"[1, 2, 5]","[4, 4, 4]","[0.75, 0.88, 0.79]","[['C', 'A', 'B', 'D'], ['D', 'B', 'A', 'C'], ['B', 'A', 'C', 'D']]","{'A': 4, 'B': 4, 'C': 4, 'D': 3}","[0.88, 1.0, 1.0]",4.0
92,"[1, 2, 5]","[4, 4, 4]","[0.75, 0.88, 0.79]","[['C', 'A', 'B', 'D'], ['D', 'B', 'A', 'C'], ['B', 'C', 'A', 'D']]","{'A': 4, 'B': 4, 'C': 4, 'D': 3}","[0.88, 1.0, 1.0]",4.0
92,"[1, 2, 5]","[4, 4, 4]","[0.75, 0.88, 0.79]","[['C', 'A', 'B', 'D'], ['D', 'B', 'A', 'C'], ['C', 'A', 'B', 'D']]","{'A': 4, 'B': 4, 'C': 4, 'D': 3}","[0.88, 1.0, 1.0]",4.0
92,"[1, 2, 5]","[4, 4, 4]","[0.75, 0.88, 0.79]","[['C', 'A', 'B', 'D'], ['D', 'B', 'A', 'C'], ['C', 'B', 'A', 'D']]","{'A': 4, 'B': 4, 'C': 4, 'D': 3}","[0.88, 1.0, 1.0]",4.0
92,"[1, 2, 5]","[4, 4, 4]","[0.75, 0.88, 0.79]","[['C', 'B', 'A', 'D'], ['A', 'B', 'C', 'D'], ['A', 'B', 'D', 'C']]","{'A': 4, 'B': 4, 'C': 4, 'D': 3}","[0.88, 1.0, 1.0]",4.0
92,"[1, 2, 5]","[4, 4, 4]","[0.75, 0.88, 0.79]","[['C', 'B', 'A', 'D'], ['A', 'B', 'C', 'D'], ['A', 'D', 'B', 'C']]","{'A': 4, 'B': 4, 'C': 4, 'D': 3}","[0.88, 1.0, 1.0]",4.0
92,"[1, 2, 5]","[4, 4, 4]","[0.75, 0.88, 0.79]","[['C', 'B', 'A', 'D'], ['A', 'B', 'C', 'D'], ['B', 'A', 'D', 'C']]","{'A': 4, 'B': 4, 'C': 4, 'D': 3}","[0.88, 1.0, 1.0]",4.0
92,"[1, 2, 5]","[4, 4, 4]","[0.75, 0.88, 0.79]","[['C', 'B', 'A', 'D'], ['A', 'B', 'C', 'D'], ['B', 'D', 'A', 'C']]","{'A': 4, 'B': 4, 'C': 4, 'D': 3}","[0.88, 1.0, 1.0]",4.0
92,"[1, 2, 5]","[4, 4, 4]","[0.75, 0.88, 0.79]","[['C', 'B', 'A', 'D'], ['A', 'B', 'C', 'D'], ['D', 'A', 'B', 'C']]","{'A': 4, 'B': 4, 'C': 4, 'D': 3}","[0.88, 1.0, 1.0]",4.0
92,"[1, 2, 5]","[4, 4, 4]","[0.75, 0.88, 0.79]","[['C', 'B', 'A', 'D'], ['A', 'B', 'C', 'D'], ['D', 'B', 'A', 'C']]","{'A': 4, 'B': 4, 'C': 4, 'D': 3}","[0.88, 1.0, 1.0]",4.0
92,"[1, 2, 5]","[4, 4, 4]","[0.75, 0.88, 0.79]","[['C', 'B', 'A', 'D'], ['A', 'B', 'D', 'C'], ['A', 'B', 'C', 'D']]","{'A': 4, 'B': 4, 'C': 4, 'D': 3}","[0.88, 1.0, 1.0]",4.0
92,"[1, 2, 5]","[4, 4, 4]","[0.75, 0.88, 0.79]","[['C', 'B', 'A', 'D'], ['A', 'B', 'D', 'C'], ['A', 'C', 'B', 'D']]","{'A': 4, 'B': 4, 'C': 4, 'D': 3}","[0.88, 1.0, 1.0]",4.0
92,"[1, 2, 5]","[4, 4, 4]","[0.75, 0.88, 0.79]","[['C', 'B', 'A', 'D'], ['A', 'B', 'D', 'C'], ['B', 'A', 'C', 'D']]","{'A': 4, 'B': 4, 'C': 4, 'D': 3}","[0.88, 1.0, 1.0]",4.0
92,"[1, 2, 5]","[4, 4, 4]","[0.75, 0.88, 0.79]","[['C', 'B', 'A', 'D'], ['A', 'B', 'D', 'C'], ['B', 'C', 'A', 'D']]","{'A': 4, 'B': 4, 'C': 4, 'D': 3}","[0.88, 1.0, 1.0]",4.0
92,"[1, 2, 5]","[4, 4, 4]","[0.75, 0.88, 0.79]","[['C', 'B', 'A', 'D'], ['A', 'B', 'D', 'C'], ['C', 'A', 'B', 'D']]","{'A': 4, 'B': 4, 'C': 4, 'D': 3}","[0.88, 1.0, 1.0]",4.0
92,"[1, 2, 5]","[4, 4, 4]","[0.75, 0.88, 0.79]","[['C', 'B', 'A', 'D'], ['A', 'B', 'D', 'C'], ['C', 'B', 'A', 'D']]","{'A': 4, 'B': 4, 'C': 4, 'D': 3}","[0.88, 1.0, 1.0]",4.0
92,"[1, 2, 5]","[4, 4, 4]","[0.75, 0.88, 0.79]","[['C', 'B', 'A', 'D'], ['A', 'C', 'B', 'D'], ['A', 'B', 'D', 'C']]","{'A': 4, 'B': 4, 'C': 4, 'D': 3}","[0.88, 1.0, 1.0]",4.0
92,"[1, 2, 5]","[4, 4, 4]","[0.75, 0.88, 0.79]","[['C', 'B', 'A', 'D'], ['A', 'C', 'B', 'D'], ['A', 'D', 'B', 'C']]","{'A': 4, 'B': 4, 'C': 4, 'D': 3}","[0.88, 1.0, 1.0]",4.0
92,"[1, 2, 5]","[4, 4, 4]","[0.75, 0.88, 0.79]","[['C', 'B', 'A', 'D'], ['A', 'C', 'B', 'D'], ['B', 'A', 'D', 'C']]","{'A': 4, 'B': 4, 'C': 4, 'D': 3}","[0.88, 1.0, 1.0]",4.0
92,"[1, 2, 5]","[4, 4, 4]","[0.75, 0.88, 0.79]","[['C', 'B', 'A', 'D'], ['A', 'C', 'B', 'D'], ['B', 'D', 'A', 'C']]","{'A': 4, 'B': 4, 'C': 4, 'D': 3}","[0.88, 1.0, 1.0]",4.0
92,"[1, 2, 5]","[4, 4, 4]","[0.75, 0.88, 0.79]","[['C', 'B', 'A', 'D'], ['A', 'C', 'B', 'D'], ['D', 'A', 'B', 'C']]","{'A': 4, 'B': 4, 'C': 4, 'D': 3}","[0.88, 1.0, 1.0]",4.0
92,"[1, 2, 5]","[4, 4, 4]","[0.75, 0.88, 0.79]","[['C', 'B', 'A', 'D'], ['A', 'C', 'B', 'D'], ['D', 'B', 'A', 'C']]","{'A': 4, 'B': 4, 'C': 4, 'D': 3}","[0.88, 1.0, 1.0]",4.0
92,"[1, 2, 5]","[4, 4, 4]","[0.75, 0.88, 0.79]","[['C', 'B', 'A', 'D'], ['A', 'D', 'B', 'C'], ['A', 'B', 'C', 'D']]","{'A': 4, 'B': 4, 'C': 4, 'D': 3}","[0.88, 1.0, 1.0]",4.0
92,"[1, 2, 5]","[4, 4, 4]","[0.75, 0.88, 0.79]","[['C', 'B', 'A', 'D'], ['A', 'D', 'B', 'C'], ['A', 'C', 'B', 'D']]","{'A': 4, 'B': 4, 'C': 4, 'D': 3}","[0.88, 1.0, 1.0]",4.0
92,"[1, 2, 5]","[4, 4, 4]","[0.75, 0.88, 0.79]","[['C', 'B', 'A', 'D'], ['A', 'D', 'B', 'C'], ['B', 'A', 'C', 'D']]","{'A': 4, 'B': 4, 'C': 4, 'D': 3}","[0.88, 1.0, 1.0]",4.0
92,"[1, 2, 5]","[4, 4, 4]","[0.75, 0.88, 0.79]","[['C', 'B', 'A', 'D'], ['A', 'D', 'B', 'C'], ['B', 'C', 'A', 'D']]","{'A': 4, 'B': 4, 'C': 4, 'D': 3}","[0.88, 1.0, 1.0]",4.0
92,"[1, 2, 5]","[4, 4, 4]","[0.75, 0.88, 0.79]","[['C', 'B', 'A', 'D'], ['A', 'D', 'B', 'C'], ['C', 'A', 'B', 'D']]","{'A': 4, 'B': 4, 'C': 4, 'D': 3}","[0.88, 1.0, 1.0]",4.0
92,"[1, 2, 5]","[4, 4, 4]","[0.75, 0.88, 0.79]","[['C', 'B', 'A', 'D'], ['A', 'D', 'B', 'C'], ['C', 'B', 'A', 'D']]","{'A': 4, 'B': 4, 'C': 4, 'D': 3}","[0.88, 1.0, 1.0]",4.0
92,"[1, 2, 5]","[4, 4, 4]","[0.75, 0.88, 0.79]","[['C', 'B', 'A', 'D'], ['B', 'A', 'C', 'D'], ['A', 'B', 'D', 'C']]","{'A': 4, 'B': 4, 'C': 4, 'D': 3}","[0.88, 1.0, 1.0]",4.0
92,"[1, 2, 5]","[4, 4, 4]","[0.75, 0.88, 0.79]","[['C', 'B', 'A', 'D'], ['B', 'A', 'C', 'D'], ['A', 'D', 'B', 'C']]","{'A': 4, 'B': 4, 'C': 4, 'D': 3}","[0.88, 1.0, 1.0]",4.0
92,"[1, 2, 5]","[4, 4, 4]","[0.75, 0.88, 0.79]","[['C', 'B', 'A', 'D'], ['B', 'A', 'C', 'D'], ['B', 'A', 'D', 'C']]","{'A': 4, 'B': 4, 'C': 4, 'D': 3}","[0.88, 1.0, 1.0]",4.0
92,"[1, 2, 5]","[4, 4, 4]","[0.75, 0.88, 0.79]","[['C', 'B', 'A', 'D'], ['B', 'A', 'C', 'D'], ['B', 'D', 'A', 'C']]","{'A': 4, 'B': 4, 'C': 4, 'D': 3}","[0.88, 1.0, 1.0]",4.0
92,"[1, 2, 5]","[4, 4, 4]","[0.75, 0.88, 0.79]","[['C', 'B', 'A', 'D'], ['B', 'A', 'C', 'D'], ['D', 'A', 'B', 'C']]","{'A': 4, 'B': 4, 'C': 4, 'D': 3}","[0.88, 1.0, 1.0]",4.0
92,"[1, 2, 5]","[4, 4, 4]","[0.75, 0.88, 0.79]","[['C', 'B', 'A', 'D'], ['B', 'A', 'C', 'D'], ['D', 'B', 'A', 'C']]","{'A': 4, 'B': 4, 'C': 4, 'D': 3}","[0.88, 1.0, 1.0]",4.0
92,"[1, 2, 5]","[4, 4, 4]","[0.75, 0.88, 0.79]","[['C', 'B', 'A', 'D'], ['B', 'A', 'D', 'C'], ['A', 'B', 'C', 'D']]","{'A': 4, 'B': 4, 'C': 4, 'D': 3}","[0.88, 1.0, 1.0]",4.0
92,"[1, 2, 5]","[4, 4, 4]","[0.75, 0.88, 0.79]","[['C', 'B', 'A', 'D'], ['B', 'A', 'D', 'C'], ['A', 'C', 'B', 'D']]","{'A': 4, 'B': 4, 'C': 4, 'D': 3}","[0.88, 1.0, 1.0]",4.0
92,"[1, 2, 5]","[4, 4, 4]","[0.75, 0.88, 0.79]","[['C', 'B', 'A', 'D'], ['B', 'A', 'D', 'C'], ['B', 'A', 'C', 'D']]","{'A': 4, 'B': 4, 'C': 4, 'D': 3}","[0.88, 1.0, 1.0]",4.0
92,"[1, 2, 5]","[4, 4, 4]","[0.75, 0.88, 0.79]","[['C', 'B', 'A', 'D'], ['B', 'A', 'D', 'C'], ['B', 'C', 'A', 'D']]","{'A': 4, 'B': 4, 'C': 4, 'D': 3}","[0.88, 1.0, 1.0]",4.0
92,"[1, 2, 5]","[4, 4, 4]","[0.75, 0.88, 0.79]","[['C', 'B', 'A', 'D'], ['B', 'A', 'D', 'C'], ['C', 'A', 'B', 'D']]","{'A': 4, 'B': 4, 'C': 4, 'D': 3}","[0.88, 1.0, 1.0]",4.0
92,"[1, 2, 5]","[4, 4, 4]","[0.75, 0.88, 0.79]","[['C', 'B', 'A', 'D'], ['B', 'A', 'D', 'C'], ['C', 'B', 'A', 'D']]","{'A': 4, 'B': 4, 'C': 4, 'D': 3}","[0.88, 1.0, 1.0]",4.0
92,"[1, 2, 5]","[4, 4, 4]","[0.75, 0.88, 0.79]","[['C', 'B', 'A', 'D'], ['B', 'C', 'A', 'D'], ['A', 'B', 'D', 'C']]","{'A': 4, 'B': 4, 'C': 4, 'D': 3}","[0.88, 1.0, 1.0]",4.0
92,"[1, 2, 5]","[4, 4, 4]","[0.75, 0.88, 0.79]","[['C', 'B', 'A', 'D'], ['B', 'C', 'A', 'D'], ['A', 'D', 'B', 'C']]","{'A': 4, 'B': 4, 'C': 4, 'D': 3}","[0.88, 1.0, 1.0]",4.0
92,"[1, 2, 5]","[4, 4, 4]","[0.75, 0.88, 0.79]","[['C', 'B', 'A', 'D'], ['B', 'C', 'A', 'D'], ['B', 'A', 'D', 'C']]","{'A': 4, 'B': 4, 'C': 4, 'D': 3}","[0.88, 1.0, 1.0]",4.0
92,"[1, 2, 5]","[4, 4, 4]","[0.75, 0.88, 0.79]","[['C', 'B', 'A', 'D'], ['B', 'C', 'A', 'D'], ['B', 'D', 'A', 'C']]","{'A': 4, 'B': 4, 'C': 4, 'D': 3}","[0.88, 1.0, 1.0]",4.0
92,"[1, 2, 5]","[4, 4, 4]","[0.75, 0.88, 0.79]","[['C', 'B', 'A', 'D'], ['B', 'C', 'A', 'D'], ['D', 'A', 'B', 'C']]","{'A': 4, 'B': 4, 'C': 4, 'D': 3}","[0.88, 1.0, 1.0]",4.0
92,"[1, 2, 5]","[4, 4, 4]","[0.75, 0.88, 0.79]","[['C', 'B', 'A', 'D'], ['B', 'C', 'A', 'D'], ['D', 'B', 'A', 'C']]","{'A': 4, 'B': 4, 'C': 4, 'D': 3}","[0.88, 1.0, 1.0]",4.0
92,"[1, 2, 5]","[4, 4, 4]","[0.75, 0.88, 0.79]","[['C', 'B', 'A', 'D'], ['B', 'D', 'A', 'C'], ['A', 'B', 'C', 'D']]","{'A': 4, 'B': 4, 'C': 4, 'D': 3}","[0.88, 1.0, 1.0]",4.0
92,"[1, 2, 5]","[4, 4, 4]","[0.75, 0.88, 0.79]","[['C', 'B', 'A', 'D'], ['B', 'D', 'A', 'C'], ['A', 'C', 'B', 'D']]","{'A': 4, 'B': 4, 'C': 4, 'D': 3}","[0.88, 1.0, 1.0]",4.0
92,"[1, 2, 5]","[4, 4, 4]","[0.75, 0.88, 0.79]","[['C', 'B', 'A', 'D'], ['B', 'D', 'A', 'C'], ['B', 'A', 'C', 'D']]","{'A': 4, 'B': 4, 'C': 4, 'D': 3}","[0.88, 1.0, 1.0]",4.0
92,"[1, 2, 5]","[4, 4, 4]","[0.75, 0.88, 0.79]","[['C', 'B', 'A', 'D'], ['B', 'D', 'A', 'C'], ['B', 'C', 'A', 'D']]","{'A': 4, 'B': 4, 'C': 4, 'D': 3}","[0.88, 1.0, 1.0]",4.0
92,"[1, 2, 5]","[4, 4, 4]","[0.75, 0.88, 0.79]","[['C', 'B', 'A', 'D'], ['B', 'D', 'A', 'C'], ['C', 'A', 'B', 'D']]","{'A': 4, 'B': 4, 'C': 4, 'D': 3}","[0.88, 1.0, 1.0]",4.0
92,"[1, 2, 5]","[4, 4, 4]","[0.75, 0.88, 0.79]","[['C', 'B', 'A', 'D'], ['B', 'D', 'A', 'C'], ['C', 'B', 'A', 'D']]","{'A': 4, 'B': 4, 'C': 4, 'D': 3}","[0.88, 1.0, 1.0]",4.0
92,"[1, 2, 5]","[4, 4, 4]","[0.75, 0.88, 0.79]","[['C', 'B', 'A', 'D'], ['C', 'A', 'B', 'D'], ['A', 'B', 'D', 'C']]","{'A': 4, 'B': 4, 'C': 4, 'D': 3}","[0.88, 1.0, 1.0]",4.0
92,"[1, 2, 5]","[4, 4, 4]","[0.75, 0.88, 0.79]","[['C', 'B', 'A', 'D'], ['C', 'A', 'B', 'D'], ['A', 'D', 'B', 'C']]","{'A': 4, 'B': 4, 'C': 4, 'D': 3}","[0.88, 1.0, 1.0]",4.0
92,"[1, 2, 5]","[4, 4, 4]","[0.75, 0.88, 0.79]","[['C', 'B', 'A', 'D'], ['C', 'A', 'B', 'D'], ['B', 'A', 'D', 'C']]","{'A': 4, 'B': 4, 'C': 4, 'D': 3}","[0.88, 1.0, 1.0]",4.0
92,"[1, 2, 5]","[4, 4, 4]","[0.75, 0.88, 0.79]","[['C', 'B', 'A', 'D'], ['C', 'A', 'B', 'D'], ['B', 'D', 'A', 'C']]","{'A': 4, 'B': 4, 'C': 4, 'D': 3}","[0.88, 1.0, 1.0]",4.0
92,"[1, 2, 5]","[4, 4, 4]","[0.75, 0.88, 0.79]","[['C', 'B', 'A', 'D'], ['C', 'A', 'B', 'D'], ['D', 'A', 'B', 'C']]","{'A': 4, 'B': 4, 'C': 4, 'D': 3}","[0.88, 1.0, 1.0]",4.0
92,"[1, 2, 5]","[4, 4, 4]","[0.75, 0.88, 0.79]","[['C', 'B', 'A', 'D'], ['C', 'A', 'B', 'D'], ['D', 'B', 'A', 'C']]","{'A': 4, 'B': 4, 'C': 4, 'D': 3}","[0.88, 1.0, 1.0]",4.0
92,"[1, 2, 5]","[4, 4, 4]","[0.75, 0.88, 0.79]","[['C', 'B', 'A', 'D'], ['C', 'B', 'A', 'D'], ['A', 'B', 'D', 'C']]","{'A': 4, 'B': 4, 'C': 4, 'D': 3}","[0.88, 1.0, 1.0]",4.0
92,"[1, 2, 5]","[4, 4, 4]","[0.75, 0.88, 0.79]","[['C', 'B', 'A', 'D'], ['C', 'B', 'A', 'D'], ['A', 'D', 'B', 'C']]","{'A': 4, 'B': 4, 'C': 4, 'D': 3}","[0.88, 1.0, 1.0]",4.0
92,"[1, 2, 5]","[4, 4, 4]","[0.75, 0.88, 0.79]","[['C', 'B', 'A', 'D'], ['C', 'B', 'A', 'D'], ['B', 'A', 'D', 'C']]","{'A': 4, 'B': 4, 'C': 4, 'D': 3}","[0.88, 1.0, 1.0]",4.0
92,"[1, 2, 5]","[4, 4, 4]","[0.75, 0.88, 0.79]","[['C', 'B', 'A', 'D'], ['C', 'B', 'A', 'D'], ['B', 'D', 'A', 'C']]","{'A': 4, 'B': 4, 'C': 4, 'D': 3}","[0.88, 1.0, 1.0]",4.0
92,"[1, 2, 5]","[4, 4, 4]","[0.75, 0.88, 0.79]","[['C', 'B', 'A', 'D'], ['C', 'B', 'A', 'D'], ['D', 'A', 'B', 'C']]","{'A': 4, 'B': 4, 'C': 4, 'D': 3}","[0.88, 1.0, 1.0]",4.0
92,"[1, 2, 5]","[4, 4, 4]","[0.75, 0.88, 0.79]","[['C', 'B', 'A', 'D'], ['C', 'B', 'A', 'D'], ['D', 'B', 'A', 'C']]","{'A': 4, 'B': 4, 'C': 4, 'D': 3}","[0.88, 1.0, 1.0]",4.0
92,"[1, 2, 5]","[4, 4, 4]","[0.75, 0.88, 0.79]","[['C', 'B', 'A', 'D'], ['D', 'A', 'B', 'C'], ['A', 'B', 'C', 'D']]","{'A': 4, 'B': 4, 'C': 4, 'D': 3}","[0.88, 1.0, 1.0]",4.0
92,"[1, 2, 5]","[4, 4, 4]","[0.75, 0.88, 0.79]","[['C', 'B', 'A', 'D'], ['D', 'A', 'B', 'C'], ['A', 'C', 'B', 'D']]","{'A': 4, 'B': 4, 'C': 4, 'D': 3}","[0.88, 1.0, 1.0]",4.0
92,"[1, 2, 5]","[4, 4, 4]","[0.75, 0.88, 0.79]","[['C', 'B', 'A', 'D'], ['D', 'A', 'B', 'C'], ['B', 'A', 'C', 'D']]","{'A': 4, 'B': 4, 'C': 4, 'D': 3}","[0.88, 1.0, 1.0]",4.0
92,"[1, 2, 5]","[4, 4, 4]","[0.75, 0.88, 0.79]","[['C', 'B', 'A', 'D'], ['D', 'A', 'B', 'C'], ['B', 'C', 'A', 'D']]","{'A': 4, 'B': 4, 'C': 4, 'D': 3}","[0.88, 1.0, 1.0]",4.0
92,"[1, 2, 5]","[4, 4, 4]","[0.75, 0.88, 0.79]","[['C', 'B', 'A', 'D'], ['D', 'A', 'B', 'C'], ['C', 'A', 'B', 'D']]","{'A': 4, 'B': 4, 'C': 4, 'D': 3}","[0.88, 1.0, 1.0]",4.0
92,"[1, 2, 5]","[4, 4, 4]","[0.75, 0.88, 0.79]","[['C', 'B', 'A', 'D'], ['D', 'A', 'B', 'C'], ['C', 'B', 'A', 'D']]","{'A': 4, 'B': 4, 'C': 4, 'D': 3}","[0.88, 1.0, 1.0]",4.0
92,"[1, 2, 5]","[4, 4, 4]","[0.75, 0.88, 0.79]","[['C', 'B', 'A', 'D'], ['D', 'B', 'A', 'C'], ['A', 'B', 'C', 'D']]","{'A': 4, 'B': 4, 'C': 4, 'D': 3}","[0.88, 1.0, 1.0]",4.0
92,"[1, 2, 5]","[4, 4, 4]","[0.75, 0.88, 0.79]","[['C', 'B', 'A', 'D'], ['D', 'B', 'A', 'C'], ['A', 'C', 'B', 'D']]","{'A': 4, 'B': 4, 'C': 4, 'D': 3}","[0.88, 1.0, 1.0]",4.0
92,"[1, 2, 5]","[4, 4, 4]","[0.75, 0.88, 0.79]","[['C', 'B', 'A', 'D'], ['D', 'B', 'A', 'C'], ['B', 'A', 'C', 'D']]","{'A': 4, 'B': 4, 'C': 4, 'D': 3}","[0.88, 1.0, 1.0]",4.0
92,"[1, 2, 5]","[4, 4, 4]","[0.75, 0.88, 0.79]","[['C', 'B', 'A', 'D'], ['D', 'B', 'A', 'C'], ['B', 'C', 'A', 'D']]","{'A': 4, 'B': 4, 'C': 4, 'D': 3}","[0.88, 1.0, 1.0]",4.0
92,"[1, 2, 5]","[4, 4, 4]","[0.75, 0.88, 0.79]","[['C', 'B', 'A', 'D'], ['D', 'B', 'A', 'C'], ['C', 'A', 'B', 'D']]","{'A': 4, 'B': 4, 'C': 4, 'D': 3}","[0.88, 1.0, 1.0]",4.0
92,"[1, 2, 5]","[4, 4, 4]","[0.75, 0.88, 0.79]","[['C', 'B', 'A', 'D'], ['D', 'B', 'A', 'C'], ['C', 'B', 'A', 'D']]","{'A': 4, 'B': 4, 'C': 4, 'D': 3}","[0.88, 1.0, 1.0]",4.0
92,"[1, 2, 5]","[4, 4, 4]","[0.75, 0.88, 0.79]","[['D', 'A', 'B', 'C'], ['A', 'B', 'C', 'D'], ['A', 'B', 'C', 'D']]","{'A': 4, 'B': 4, 'C': 4, 'D': 3}","[0.88, 1.0, 1.0]",4.0
92,"[1, 2, 5]","[4, 4, 4]","[0.75, 0.88, 0.79]","[['D', 'A', 'B', 'C'], ['A', 'B', 'C', 'D'], ['A', 'C', 'B', 'D']]","{'A': 4, 'B': 4, 'C': 4, 'D': 3}","[0.88, 1.0, 1.0]",4.0
92,"[1, 2, 5]","[4, 4, 4]","[0.75, 0.88, 0.79]","[['D', 'A', 'B', 'C'], ['A', 'B', 'C', 'D'], ['B', 'A', 'C', 'D']]","{'A': 4, 'B': 4, 'C': 4, 'D': 3}","[0.88, 1.0, 1.0]",4.0
92,"[1, 2, 5]","[4, 4, 4]","[0.75, 0.88, 0.79]","[['D', 'A', 'B', 'C'], ['A', 'B', 'C', 'D'], ['B', 'C', 'A', 'D']]","{'A': 4, 'B': 4, 'C': 4, 'D': 3}","[0.88, 1.0, 1.0]",4.0
92,"[1, 2, 5]","[4, 4, 4]","[0.75, 0.88, 0.79]","[['D', 'A', 'B', 'C'], ['A', 'B', 'C', 'D'], ['C', 'A', 'B', 'D']]","{'A': 4, 'B': 4, 'C': 4, 'D': 3}","[0.88, 1.0, 1.0]",4.0
92,"[1, 2, 5]","[4, 4, 4]","[0.75, 0.88, 0.79]","[['D', 'A', 'B', 'C'], ['A', 'B', 'C', 'D'], ['C', 'B', 'A', 'D']]","{'A': 4, 'B': 4, 'C': 4, 'D': 3}","[0.88, 1.0, 1.0]",4.0
92,"[1, 2, 5]","[4, 4, 4]","[0.75, 0.88, 0.79]","[['D', 'A', 'B', 'C'], ['A', 'C', 'B', 'D'], ['A', 'B', 'C', 'D']]","{'A': 4, 'B': 4, 'C': 4, 'D': 3}","[0.88, 1.0, 1.0]",4.0
92,"[1, 2, 5]","[4, 4, 4]","[0.75, 0.88, 0.79]","[['D', 'A', 'B', 'C'], ['A', 'C', 'B', 'D'], ['A', 'C', 'B', 'D']]","{'A': 4, 'B': 4, 'C': 4, 'D': 3}","[0.88, 1.0, 1.0]",4.0
92,"[1, 2, 5]","[4, 4, 4]","[0.75, 0.88, 0.79]","[['D', 'A', 'B', 'C'], ['A', 'C', 'B', 'D'], ['B', 'A', 'C', 'D']]","{'A': 4, 'B': 4, 'C': 4, 'D': 3}","[0.88, 1.0, 1.0]",4.0
92,"[1, 2, 5]","[4, 4, 4]","[0.75, 0.88, 0.79]","[['D', 'A', 'B', 'C'], ['A', 'C', 'B', 'D'], ['B', 'C', 'A', 'D']]","{'A': 4, 'B': 4, 'C': 4, 'D': 3}","[0.88, 1.0, 1.0]",4.0
92,"[1, 2, 5]","[4, 4, 4]","[0.75, 0.88, 0.79]","[['D', 'A', 'B', 'C'], ['A', 'C', 'B', 'D'], ['C', 'A', 'B', 'D']]","{'A': 4, 'B': 4, 'C': 4, 'D': 3}","[0.88, 1.0, 1.0]",4.0
92,"[1, 2, 5]","[4, 4, 4]","[0.75, 0.88, 0.79]","[['D', 'A', 'B', 'C'], ['A', 'C', 'B', 'D'], ['C', 'B', 'A', 'D']]","{'A': 4, 'B': 4, 'C': 4, 'D': 3}","[0.88, 1.0, 1.0]",4.0
92,"[1, 2, 5]","[4, 4, 4]","[0.75, 0.88, 0.79]","[['D', 'A', 'B', 'C'], ['B', 'A', 'C', 'D'], ['A', 'B', 'C', 'D']]","{'A': 4, 'B': 4, 'C': 4, 'D': 3}","[0.88, 1.0, 1.0]",4.0
92,"[1, 2, 5]","[4, 4, 4]","[0.75, 0.88, 0.79]","[['D', 'A', 'B', 'C'], ['B', 'A', 'C', 'D'], ['A', 'C', 'B', 'D']]","{'A': 4, 'B': 4, 'C': 4, 'D': 3}","[0.88, 1.0, 1.0]",4.0
92,"[1, 2, 5]","[4, 4, 4]","[0.75, 0.88, 0.79]","[['D', 'A', 'B', 'C'], ['B', 'A', 'C', 'D'], ['B', 'A', 'C', 'D']]","{'A': 4, 'B': 4, 'C': 4, 'D': 3}","[0.88, 1.0, 1.0]",4.0
92,"[1, 2, 5]","[4, 4, 4]","[0.75, 0.88, 0.79]","[['D', 'A', 'B', 'C'], ['B', 'A', 'C', 'D'], ['B', 'C', 'A', 'D']]","{'A': 4, 'B': 4, 'C': 4, 'D': 3}","[0.88, 1.0, 1.0]",4.0
92,"[1, 2, 5]","[4, 4, 4]","[0.75, 0.88, 0.79]","[['D', 'A', 'B', 'C'], ['B', 'A', 'C', 'D'], ['C', 'A', 'B', 'D']]","{'A': 4, 'B': 4, 'C': 4, 'D': 3}","[0.88, 1.0, 1.0]",4.0
92,"[1, 2, 5]","[4, 4, 4]","[0.75, 0.88, 0.79]","[['D', 'A', 'B', 'C'], ['B', 'A', 'C', 'D'], ['C', 'B', 'A', 'D']]","{'A': 4, 'B': 4, 'C': 4, 'D': 3}","[0.88, 1.0, 1.0]",4.0
92,"[1, 2, 5]","[4, 4, 4]","[0.75, 0.88, 0.79]","[['D', 'A', 'B', 'C'], ['B', 'C', 'A', 'D'], ['A', 'B', 'C', 'D']]","{'A': 4, 'B': 4, 'C': 4, 'D': 3}","[0.88, 1.0, 1.0]",4.0
92,"[1, 2, 5]","[4, 4, 4]","[0.75, 0.88, 0.79]","[['D', 'A', 'B', 'C'], ['B', 'C', 'A', 'D'], ['A', 'C', 'B', 'D']]","{'A': 4, 'B': 4, 'C': 4, 'D': 3}","[0.88, 1.0, 1.0]",4.0
92,"[1, 2, 5]","[4, 4, 4]","[0.75, 0.88, 0.79]","[['D', 'A', 'B', 'C'], ['B', 'C', 'A', 'D'], ['B', 'A', 'C', 'D']]","{'A': 4, 'B': 4, 'C': 4, 'D': 3}","[0.88, 1.0, 1.0]",4.0
92,"[1, 2, 5]","[4, 4, 4]","[0.75, 0.88, 0.79]","[['D', 'A', 'B', 'C'], ['B', 'C', 'A', 'D'], ['B', 'C', 'A', 'D']]","{'A': 4, 'B': 4, 'C': 4, 'D': 3}","[0.88, 1.0, 1.0]",4.0
92,"[1, 2, 5]","[4, 4, 4]","[0.75, 0.88, 0.79]","[['D', 'A', 'B', 'C'], ['B', 'C', 'A', 'D'], ['C', 'A', 'B', 'D']]","{'A': 4, 'B': 4, 'C': 4, 'D': 3}","[0.88, 1.0, 1.0]",4.0
92,"[1, 2, 5]","[4, 4, 4]","[0.75, 0.88, 0.79]","[['D', 'A', 'B', 'C'], ['B', 'C', 'A', 'D'], ['C', 'B', 'A', 'D']]","{'A': 4, 'B': 4, 'C': 4, 'D': 3}","[0.88, 1.0, 1.0]",4.0
92,"[1, 2, 5]","[4, 4, 4]","[0.75, 0.88, 0.79]","[['D', 'A', 'B', 'C'], ['C', 'A', 'B', 'D'], ['A', 'B', 'C', 'D']]","{'A': 4, 'B': 4, 'C': 4, 'D': 3}","[0.88, 1.0, 1.0]",4.0
92,"[1, 2, 5]","[4, 4, 4]","[0.75, 0.88, 0.79]","[['D', 'A', 'B', 'C'], ['C', 'A', 'B', 'D'], ['A', 'C', 'B', 'D']]","{'A': 4, 'B': 4, 'C': 4, 'D': 3}","[0.88, 1.0, 1.0]",4.0
92,"[1, 2, 5]","[4, 4, 4]","[0.75, 0.88, 0.79]","[['D', 'A', 'B', 'C'], ['C', 'A', 'B', 'D'], ['B', 'A', 'C', 'D']]","{'A': 4, 'B': 4, 'C': 4, 'D': 3}","[0.88, 1.0, 1.0]",4.0
92,"[1, 2, 5]","[4, 4, 4]","[0.75, 0.88, 0.79]","[['D', 'A', 'B', 'C'], ['C', 'A', 'B', 'D'], ['B', 'C', 'A', 'D']]","{'A': 4, 'B': 4, 'C': 4, 'D': 3}","[0.88, 1.0, 1.0]",4.0
92,"[1, 2, 5]","[4, 4, 4]","[0.75, 0.88, 0.79]","[['D', 'A', 'B', 'C'], ['C', 'A', 'B', 'D'], ['C', 'A', 'B', 'D']]","{'A': 4, 'B': 4, 'C': 4, 'D': 3}","[0.88, 1.0, 1.0]",4.0
92,"[1, 2, 5]","[4, 4, 4]","[0.75, 0.88, 0.79]","[['D', 'A', 'B', 'C'], ['C', 'A', 'B', 'D'], ['C', 'B', 'A', 'D']]","{'A': 4, 'B': 4, 'C': 4, 'D': 3}","[0.88, 1.0, 1.0]",4.0
92,"[1, 2, 5]","[4, 4, 4]","[0.75, 0.88, 0.79]","[['D', 'A', 'B', 'C'], ['C', 'B', 'A', 'D'], ['A', 'B', 'C', 'D']]","{'A': 4, 'B': 4, 'C': 4, 'D': 3}","[0.88, 1.0, 1.0]",4.0
92,"[1, 2, 5]","[4, 4, 4]","[0.75, 0.88, 0.79]","[['D', 'A', 'B', 'C'], ['C', 'B', 'A', 'D'], ['A', 'C', 'B', 'D']]","{'A': 4, 'B': 4, 'C': 4, 'D': 3}","[0.88, 1.0, 1.0]",4.0
92,"[1, 2, 5]","[4, 4, 4]","[0.75, 0.88, 0.79]","[['D', 'A', 'B', 'C'], ['C', 'B', 'A', 'D'], ['B', 'A', 'C', 'D']]","{'A': 4, 'B': 4, 'C': 4, 'D': 3}","[0.88, 1.0, 1.0]",4.0
92,"[1, 2, 5]","[4, 4, 4]","[0.75, 0.88, 0.79]","[['D', 'A', 'B', 'C'], ['C', 'B', 'A', 'D'], ['B', 'C', 'A', 'D']]","{'A': 4, 'B': 4, 'C': 4, 'D': 3}","[0.88, 1.0, 1.0]",4.0
92,"[1, 2, 5]","[4, 4, 4]","[0.75, 0.88, 0.79]","[['D', 'A', 'B', 'C'], ['C', 'B', 'A', 'D'], ['C', 'A', 'B', 'D']]","{'A': 4, 'B': 4, 'C': 4, 'D': 3}","[0.88, 1.0, 1.0]",4.0
92,"[1, 2, 5]","[4, 4, 4]","[0.75, 0.88, 0.79]","[['D', 'A', 'B', 'C'], ['C', 'B', 'A', 'D'], ['C', 'B', 'A', 'D']]","{'A': 4, 'B': 4, 'C': 4, 'D': 3}","[0.88, 1.0, 1.0]",4.0
92,"[1, 2, 5]","[4, 4, 4]","[0.75, 0.88, 0.79]","[['D', 'B', 'A', 'C'], ['A', 'B', 'C', 'D'], ['A', 'B', 'C', 'D']]","{'A': 4, 'B': 4, 'C': 4, 'D': 3}","[0.88, 1.0, 1.0]",4.0
92,"[1, 2, 5]","[4, 4, 4]","[0.75, 0.88, 0.79]","[['D', 'B', 'A', 'C'], ['A', 'B', 'C', 'D'], ['A', 'C', 'B', 'D']]","{'A': 4, 'B': 4, 'C': 4, 'D': 3}","[0.88, 1.0, 1.0]",4.0
92,"[1, 2, 5]","[4, 4, 4]","[0.75, 0.88, 0.79]","[['D', 'B', 'A', 'C'], ['A', 'B', 'C', 'D'], ['B', 'A', 'C', 'D']]","{'A': 4, 'B': 4, 'C': 4, 'D': 3}","[0.88, 1.0, 1.0]",4.0
92,"[1, 2, 5]","[4, 4, 4]","[0.75, 0.88, 0.79]","[['D', 'B', 'A', 'C'], ['A', 'B', 'C', 'D'], ['B', 'C', 'A', 'D']]","{'A': 4, 'B': 4, 'C': 4, 'D': 3}","[0.88, 1.0, 1.0]",4.0
92,"[1, 2, 5]","[4, 4, 4]","[0.75, 0.88, 0.79]","[['D', 'B', 'A', 'C'], ['A', 'B', 'C', 'D'], ['C', 'A', 'B', 'D']]","{'A': 4, 'B': 4, 'C': 4, 'D': 3}","[0.88, 1.0, 1.0]",4.0
92,"[1, 2, 5]","[4, 4, 4]","[0.75, 0.88, 0.79]","[['D', 'B', 'A', 'C'], ['A', 'B', 'C', 'D'], ['C', 'B', 'A', 'D']]","{'A': 4, 'B': 4, 'C': 4, 'D': 3}","[0.88, 1.0, 1.0]",4.0
92,"[1, 2, 5]","[4, 4, 4]","[0.75, 0.88, 0.79]","[['D', 'B', 'A', 'C'], ['A', 'C', 'B', 'D'], ['A', 'B', 'C', 'D']]","{'A': 4, 'B': 4, 'C': 4, 'D': 3}","[0.88, 1.0, 1.0]",4.0
92,"[1, 2, 5]","[4, 4, 4]","[0.75, 0.88, 0.79]","[['D', 'B', 'A', 'C'], ['A', 'C', 'B', 'D'], ['A', 'C', 'B', 'D']]","{'A': 4, 'B': 4, 'C': 4, 'D': 3}","[0.88, 1.0, 1.0]",4.0
92,"[1, 2, 5]","[4, 4, 4]","[0.75, 0.88, 0.79]","[['D', 'B', 'A', 'C'], ['A', 'C', 'B', 'D'], ['B', 'A', 'C', 'D']]","{'A': 4, 'B': 4, 'C': 4, 'D': 3}","[0.88, 1.0, 1.0]",4.0
92,"[1, 2, 5]","[4, 4, 4]","[0.75, 0.88, 0.79]","[['D', 'B', 'A', 'C'], ['A', 'C', 'B', 'D'], ['B', 'C', 'A', 'D']]","{'A': 4, 'B': 4, 'C': 4, 'D': 3}","[0.88, 1.0, 1.0]",4.0
92,"[1, 2, 5]","[4, 4, 4]","[0.75, 0.88, 0.79]","[['D', 'B', 'A', 'C'], ['A', 'C', 'B', 'D'], ['C', 'A', 'B', 'D']]","{'A': 4, 'B': 4, 'C': 4, 'D': 3}","[0.88, 1.0, 1.0]",4.0
92,"[1, 2, 5]","[4, 4, 4]","[0.75, 0.88, 0.79]","[['D', 'B', 'A', 'C'], ['A', 'C', 'B', 'D'], ['C', 'B', 'A', 'D']]","{'A': 4, 'B': 4, 'C': 4, 'D': 3}","[0.88, 1.0, 1.0]",4.0
92,"[1, 2, 5]","[4, 4, 4]","[0.75, 0.88, 0.79]","[['D', 'B', 'A', 'C'], ['B', 'A', 'C', 'D'], ['A', 'B', 'C', 'D']]","{'A': 4, 'B': 4, 'C': 4, 'D': 3}","[0.88, 1.0, 1.0]",4.0
92,"[1, 2, 5]","[4, 4, 4]","[0.75, 0.88, 0.79]","[['D', 'B', 'A', 'C'], ['B', 'A', 'C', 'D'], ['A', 'C', 'B', 'D']]","{'A': 4, 'B': 4, 'C': 4, 'D': 3}","[0.88, 1.0, 1.0]",4.0
92,"[1, 2, 5]","[4, 4, 4]","[0.75, 0.88, 0.79]","[['D', 'B', 'A', 'C'], ['B', 'A', 'C', 'D'], ['B', 'A', 'C', 'D']]","{'A': 4, 'B': 4, 'C': 4, 'D': 3}","[0.88, 1.0, 1.0]",4.0
92,"[1, 2, 5]","[4, 4, 4]","[0.75, 0.88, 0.79]","[['D', 'B', 'A', 'C'], ['B', 'A', 'C', 'D'], ['B', 'C', 'A', 'D']]","{'A': 4, 'B': 4, 'C': 4, 'D': 3}","[0.88, 1.0, 1.0]",4.0
92,"[1, 2, 5]","[4, 4, 4]","[0.75, 0.88, 0.79]","[['D', 'B', 'A', 'C'], ['B', 'A', 'C', 'D'], ['C', 'A', 'B', 'D']]","{'A': 4, 'B': 4, 'C': 4, 'D': 3}","[0.88, 1.0, 1.0]",4.0
92,"[1, 2, 5]","[4, 4, 4]","[0.75, 0.88, 0.79]","[['D', 'B', 'A', 'C'], ['B', 'A', 'C', 'D'], ['C', 'B', 'A', 'D']]","{'A': 4, 'B': 4, 'C': 4, 'D': 3}","[0.88, 1.0, 1.0]",4.0
92,"[1, 2, 5]","[4, 4, 4]","[0.75, 0.88, 0.79]","[['D', 'B', 'A', 'C'], ['B', 'C', 'A', 'D'], ['A', 'B', 'C', 'D']]","{'A': 4, 'B': 4, 'C': 4, 'D': 3}","[0.88, 1.0, 1.0]",4.0
92,"[1, 2, 5]","[4, 4, 4]","[0.75, 0.88, 0.79]","[['D', 'B', 'A', 'C'], ['B', 'C', 'A', 'D'], ['A', 'C', 'B', 'D']]","{'A': 4, 'B': 4, 'C': 4, 'D': 3}","[0.88, 1.0, 1.0]",4.0
92,"[1, 2, 5]","[4, 4, 4]","[0.75, 0.88, 0.79]","[['D', 'B', 'A', 'C'], ['B', 'C', 'A', 'D'], ['B', 'A', 'C', 'D']]","{'A': 4, 'B': 4, 'C': 4, 'D': 3}","[0.88, 1.0, 1.0]",4.0
92,"[1, 2, 5]","[4, 4, 4]","[0.75, 0.88, 0.79]","[['D', 'B', 'A', 'C'], ['B', 'C', 'A', 'D'], ['B', 'C', 'A', 'D']]","{'A': 4, 'B': 4, 'C': 4, 'D': 3}","[0.88, 1.0, 1.0]",4.0
92,"[1, 2, 5]","[4, 4, 4]","[0.75, 0.88, 0.79]","[['D', 'B', 'A', 'C'], ['B', 'C', 'A', 'D'], ['C', 'A', 'B', 'D']]","{'A': 4, 'B': 4, 'C': 4, 'D': 3}","[0.88, 1.0, 1.0]",4.0
92,"[1, 2, 5]","[4, 4, 4]","[0.75, 0.88, 0.79]","[['D', 'B', 'A', 'C'], ['B', 'C', 'A', 'D'], ['C', 'B', 'A', 'D']]","{'A': 4, 'B': 4, 'C': 4, 'D': 3}","[0.88, 1.0, 1.0]",4.0
92,"[1, 2, 5]","[4, 4, 4]","[0.75, 0.88, 0.79]","[['D', 'B', 'A', 'C'], ['C', 'A', 'B', 'D'], ['A', 'B', 'C', 'D']]","{'A': 4, 'B': 4, 'C': 4, 'D': 3}","[0.88, 1.0, 1.0]",4.0
92,"[1, 2, 5]","[4, 4, 4]","[0.75, 0.88, 0.79]","[['D', 'B', 'A', 'C'], ['C', 'A', 'B', 'D'], ['A', 'C', 'B', 'D']]","{'A': 4, 'B': 4, 'C': 4, 'D': 3}","[0.88, 1.0, 1.0]",4.0
92,"[1, 2, 5]","[4, 4, 4]","[0.75, 0.88, 0.79]","[['D', 'B', 'A', 'C'], ['C', 'A', 'B', 'D'], ['B', 'A', 'C', 'D']]","{'A': 4, 'B': 4, 'C': 4, 'D': 3}","[0.88, 1.0, 1.0]",4.0
92,"[1, 2, 5]","[4, 4, 4]","[0.75, 0.88, 0.79]","[['D', 'B', 'A', 'C'], ['C', 'A', 'B', 'D'], ['B', 'C', 'A', 'D']]","{'A': 4, 'B': 4, 'C': 4, 'D': 3}","[0.88, 1.0, 1.0]",4.0
92,"[1, 2, 5]","[4, 4, 4]","[0.75, 0.88, 0.79]","[['D', 'B', 'A', 'C'], ['C', 'A', 'B', 'D'], ['C', 'A', 'B', 'D']]","{'A': 4, 'B': 4, 'C': 4, 'D': 3}","[0.88, 1.0, 1.0]",4.0
92,"[1, 2, 5]","[4, 4, 4]","[0.75, 0.88, 0.79]","[['D', 'B', 'A', 'C'], ['C', 'A', 'B', 'D'], ['C', 'B', 'A', 'D']]","{'A': 4, 'B': 4, 'C': 4, 'D': 3}","[0.88, 1.0, 1.0]",4.0
92,"[1, 2, 5]","[4, 4, 4]","[0.75, 0.88, 0.79]","[['D', 'B', 'A', 'C'], ['C', 'B', 'A', 'D'], ['A', 'B', 'C', 'D']]","{'A': 4, 'B': 4, 'C': 4, 'D': 3}","[0.88, 1.0, 1.0]",4.0
92,"[1, 2, 5]","[4, 4, 4]","[0.75, 0.88, 0.79]","[['D', 'B', 'A', 'C'], ['C', 'B', 'A', 'D'], ['A', 'C', 'B', 'D']]","{'A': 4, 'B': 4, 'C': 4, 'D': 3}","[0.88, 1.0, 1.0]",4.0
92,"[1, 2, 5]","[4, 4, 4]","[0.75, 0.88, 0.79]","[['D', 'B', 'A', 'C'], ['C', 'B', 'A', 'D'], ['B', 'A', 'C', 'D']]","{'A': 4, 'B': 4, 'C': 4, 'D': 3}","[0.88, 1.0, 1.0]",4.0
92,"[1, 2, 5]","[4, 4, 4]","[0.75, 0.88, 0.79]","[['D', 'B', 'A', 'C'], ['C', 'B', 'A', 'D'], ['B', 'C', 'A', 'D']]","{'A': 4, 'B': 4, 'C': 4, 'D': 3}","[0.88, 1.0, 1.0]",4.0
92,"[1, 2, 5]","[4, 4, 4]","[0.75, 0.88, 0.79]","[['D', 'B', 'A', 'C'], ['C', 'B', 'A', 'D'], ['C', 'A', 'B', 'D']]","{'A': 4, 'B': 4, 'C': 4, 'D': 3}","[0.88, 1.0, 1.0]",4.0
92,"[1, 2, 5]","[4, 4, 4]","[0.75, 0.88, 0.79]","[['D', 'B', 'A', 'C'], ['C', 'B', 'A', 'D'], ['C', 'B', 'A', 'D']]","{'A': 4, 'B': 4, 'C': 4, 'D': 3}","[0.88, 1.0, 1.0]",4.0
93,"[1, 4]","[2, 5]","[0.58, 0.79]","[['A', 'B', 'C', 'D'], ['B', 'C', 'D', 'A']]","{'C': 5, 'A': 4, 'B': 3, 'D': 3}","[0.75, 1.0]",3.92
93,"[1, 4]","[2, 5]","[0.58, 0.79]","[['A', 'B', 'C', 'D'], ['B', 'D', 'C', 'A']]","{'C': 5, 'A': 4, 'B': 3, 'D': 3}","[0.75, 1.0]",3.92
93,"[1, 4]","[2, 5]","[0.58, 0.79]","[['A', 'B', 'C', 'D'], ['C', 'B', 'D', 'A']]","{'C': 5, 'A': 4, 'B': 3, 'D': 3}","[0.75, 1.0]",3.92
93,"[1, 4]","[2, 5]","[0.58, 0.79]","[['A', 'B', 'C', 'D'], ['C', 'D', 'B', 'A']]","{'C': 5, 'A': 4, 'B': 3, 'D': 3}","[0.75, 1.0]",3.92
93,"[1, 4]","[2, 5]","[0.58, 0.79]","[['A', 'B', 'C', 'D'], ['D', 'B', 'C', 'A']]","{'C': 5, 'A': 4, 'B': 3, 'D': 3}","[0.75, 1.0]",3.92
93,"[1, 4]","[2, 5]","[0.58, 0.79]","[['A', 'B', 'C', 'D'], ['D', 'C', 'B', 'A']]","{'C': 5, 'A': 4, 'B': 3, 'D': 3}","[0.75, 1.0]",3.92
93,"[1, 4]","[2, 5]","[0.58, 0.79]","[['A', 'C', 'B', 'D'], ['B', 'C', 'D', 'A']]","{'C': 5, 'A': 4, 'B': 3, 'D': 3}","[0.75, 1.0]",3.92
93,"[1, 4]","[2, 5]","[0.58, 0.79]","[['A', 'C', 'B', 'D'], ['B', 'D', 'C', 'A']]","{'C': 5, 'A': 4, 'B': 3, 'D': 3}","[0.75, 1.0]",3.92
93,"[1, 4]","[2, 5]","[0.58, 0.79]","[['A', 'C', 'B', 'D'], ['C', 'B', 'D', 'A']]","{'C': 5, 'A': 4, 'B': 3, 'D': 3}","[0.75, 1.0]",3.92
93,"[1, 4]","[2, 5]","[0.58, 0.79]","[['A', 'C', 'B', 'D'], ['C', 'D', 'B', 'A']]","{'C': 5, 'A': 4, 'B': 3, 'D': 3}","[0.75, 1.0]",3.92
93,"[1, 4]","[2, 5]","[0.58, 0.79]","[['A', 'C', 'B', 'D'], ['D', 'B', 'C', 'A']]","{'C': 5, 'A': 4, 'B': 3, 'D': 3}","[0.75, 1.0]",3.92
93,"[1, 4]","[2, 5]","[0.58, 0.79]","[['A', 'C', 'B', 'D'], ['D', 'C', 'B', 'A']]","{'C': 5, 'A': 4, 'B': 3, 'D': 3}","[0.75, 1.0]",3.92
93,"[1, 4]","[2, 5]","[0.58, 0.79]","[['B', 'A', 'C', 'D'], ['B', 'C', 'D', 'A']]","{'C': 5, 'A': 4, 'B': 3, 'D': 3}","[0.75, 1.0]",3.92
93,"[1, 4]","[2, 5]","[0.58, 0.79]","[['B', 'A', 'C', 'D'], ['B', 'D', 'C', 'A']]","{'C': 5, 'A': 4, 'B': 3, 'D': 3}","[0.75, 1.0]",3.92
93,"[1, 4]","[2, 5]","[0.58, 0.79]","[['B', 'A', 'C', 'D'], ['C', 'B', 'D', 'A']]","{'C': 5, 'A': 4, 'B': 3, 'D': 3}","[0.75, 1.0]",3.92
93,"[1, 4]","[2, 5]","[0.58, 0.79]","[['B', 'A', 'C', 'D'], ['C', 'D', 'B', 'A']]","{'C': 5, 'A': 4, 'B': 3, 'D': 3}","[0.75, 1.0]",3.92
93,"[1, 4]","[2, 5]","[0.58, 0.79]","[['B', 'A', 'C', 'D'], ['D', 'B', 'C', 'A']]","{'C': 5, 'A': 4, 'B': 3, 'D': 3}","[0.75, 1.0]",3.92
93,"[1, 4]","[2, 5]","[0.58, 0.79]","[['B', 'A', 'C', 'D'], ['D', 'C', 'B', 'A']]","{'C': 5, 'A': 4, 'B': 3, 'D': 3}","[0.75, 1.0]",3.92
93,"[1, 4]","[2, 5]","[0.58, 0.79]","[['B', 'C', 'A', 'D'], ['B', 'C', 'D', 'A']]","{'C': 5, 'A': 4, 'B': 3, 'D': 3}","[0.75, 1.0]",3.92
93,"[1, 4]","[2, 5]","[0.58, 0.79]","[['B', 'C', 'A', 'D'], ['B', 'D', 'C', 'A']]","{'C': 5, 'A': 4, 'B': 3, 'D': 3}","[0.75, 1.0]",3.92
93,"[1, 4]","[2, 5]","[0.58, 0.79]","[['B', 'C', 'A', 'D'], ['C', 'B', 'D', 'A']]","{'C': 5, 'A': 4, 'B': 3, 'D': 3}","[0.75, 1.0]",3.92
93,"[1, 4]","[2, 5]","[0.58, 0.79]","[['B', 'C', 'A', 'D'], ['C', 'D', 'B', 'A']]","{'C': 5, 'A': 4, 'B': 3, 'D': 3}","[0.75, 1.0]",3.92
93,"[1, 4]","[2, 5]","[0.58, 0.79]","[['B', 'C', 'A', 'D'], ['D', 'B', 'C', 'A']]","{'C': 5, 'A': 4, 'B': 3, 'D': 3}","[0.75, 1.0]",3.92
93,"[1, 4]","[2, 5]","[0.58, 0.79]","[['B', 'C', 'A', 'D'], ['D', 'C', 'B', 'A']]","{'C': 5, 'A': 4, 'B': 3, 'D': 3}","[0.75, 1.0]",3.92
93,"[1, 4]","[2, 5]","[0.58, 0.79]","[['B', 'C', 'D', 'A'], ['A', 'B', 'C', 'D']]","{'C': 5, 'A': 4, 'B': 3, 'D': 3}","[0.75, 1.0]",3.92
93,"[1, 4]","[2, 5]","[0.58, 0.79]","[['B', 'C', 'D', 'A'], ['A', 'C', 'B', 'D']]","{'C': 5, 'A': 4, 'B': 3, 'D': 3}","[0.75, 1.0]",3.92
93,"[1, 4]","[2, 5]","[0.58, 0.79]","[['B', 'C', 'D', 'A'], ['B', 'A', 'C', 'D']]","{'C': 5, 'A': 4, 'B': 3, 'D': 3}","[0.75, 1.0]",3.92
93,"[1, 4]","[2, 5]","[0.58, 0.79]","[['B', 'C', 'D', 'A'], ['B', 'C', 'A', 'D']]","{'C': 5, 'A': 4, 'B': 3, 'D': 3}","[0.75, 1.0]",3.92
93,"[1, 4]","[2, 5]","[0.58, 0.79]","[['B', 'C', 'D', 'A'], ['C', 'A', 'B', 'D']]","{'C': 5, 'A': 4, 'B': 3, 'D': 3}","[0.75, 1.0]",3.92
93,"[1, 4]","[2, 5]","[0.58, 0.79]","[['B', 'C', 'D', 'A'], ['C', 'B', 'A', 'D']]","{'C': 5, 'A': 4, 'B': 3, 'D': 3}","[0.75, 1.0]",3.92
93,"[1, 4]","[2, 5]","[0.58, 0.79]","[['B', 'D', 'C', 'A'], ['A', 'B', 'C', 'D']]","{'C': 5, 'A': 4, 'B': 3, 'D': 3}","[0.75, 1.0]",3.92
93,"[1, 4]","[2, 5]","[0.58, 0.79]","[['B', 'D', 'C', 'A'], ['A', 'C', 'B', 'D']]","{'C': 5, 'A': 4, 'B': 3, 'D': 3}","[0.75, 1.0]",3.92
93,"[1, 4]","[2, 5]","[0.58, 0.79]","[['B', 'D', 'C', 'A'], ['B', 'A', 'C', 'D']]","{'C': 5, 'A': 4, 'B': 3, 'D': 3}","[0.75, 1.0]",3.92
93,"[1, 4]","[2, 5]","[0.58, 0.79]","[['B', 'D', 'C', 'A'], ['B', 'C', 'A', 'D']]","{'C': 5, 'A': 4, 'B': 3, 'D': 3}","[0.75, 1.0]",3.92
93,"[1, 4]","[2, 5]","[0.58, 0.79]","[['B', 'D', 'C', 'A'], ['C', 'A', 'B', 'D']]","{'C': 5, 'A': 4, 'B': 3, 'D': 3}","[0.75, 1.0]",3.92
93,"[1, 4]","[2, 5]","[0.58, 0.79]","[['B', 'D', 'C', 'A'], ['C', 'B', 'A', 'D']]","{'C': 5, 'A': 4, 'B': 3, 'D': 3}","[0.75, 1.0]",3.92
93,"[1, 4]","[2, 5]","[0.58, 0.79]","[['C', 'A', 'B', 'D'], ['B', 'C', 'D', 'A']]","{'C': 5, 'A': 4, 'B': 3, 'D': 3}","[0.75, 1.0]",3.92
93,"[1, 4]","[2, 5]","[0.58, 0.79]","[['C', 'A', 'B', 'D'], ['B', 'D', 'C', 'A']]","{'C': 5, 'A': 4, 'B': 3, 'D': 3}","[0.75, 1.0]",3.92
93,"[1, 4]","[2, 5]","[0.58, 0.79]","[['C', 'A', 'B', 'D'], ['C', 'B', 'D', 'A']]","{'C': 5, 'A': 4, 'B': 3, 'D': 3}","[0.75, 1.0]",3.92
93,"[1, 4]","[2, 5]","[0.58, 0.79]","[['C', 'A', 'B', 'D'], ['C', 'D', 'B', 'A']]","{'C': 5, 'A': 4, 'B': 3, 'D': 3}","[0.75, 1.0]",3.92
93,"[1, 4]","[2, 5]","[0.58, 0.79]","[['C', 'A', 'B', 'D'], ['D', 'B', 'C', 'A']]","{'C': 5, 'A': 4, 'B': 3, 'D': 3}","[0.75, 1.0]",3.92
93,"[1, 4]","[2, 5]","[0.58, 0.79]","[['C', 'A', 'B', 'D'], ['D', 'C', 'B', 'A']]","{'C': 5, 'A': 4, 'B': 3, 'D': 3}","[0.75, 1.0]",3.92
93,"[1, 4]","[2, 5]","[0.58, 0.79]","[['C', 'B', 'A', 'D'], ['B', 'C', 'D', 'A']]","{'C': 5, 'A': 4, 'B': 3, 'D': 3}","[0.75, 1.0]",3.92
93,"[1, 4]","[2, 5]","[0.58, 0.79]","[['C', 'B', 'A', 'D'], ['B', 'D', 'C', 'A']]","{'C': 5, 'A': 4, 'B': 3, 'D': 3}","[0.75, 1.0]",3.92
93,"[1, 4]","[2, 5]","[0.58, 0.79]","[['C', 'B', 'A', 'D'], ['C', 'B', 'D', 'A']]","{'C': 5, 'A': 4, 'B': 3, 'D': 3}","[0.75, 1.0]",3.92
93,"[1, 4]","[2, 5]","[0.58, 0.79]","[['C', 'B', 'A', 'D'], ['C', 'D', 'B', 'A']]","{'C': 5, 'A': 4, 'B': 3, 'D': 3}","[0.75, 1.0]",3.92
93,"[1, 4]","[2, 5]","[0.58, 0.79]","[['C', 'B', 'A', 'D'], ['D', 'B', 'C', 'A']]","{'C': 5, 'A': 4, 'B': 3, 'D': 3}","[0.75, 1.0]",3.92
93,"[1, 4]","[2, 5]","[0.58, 0.79]","[['C', 'B', 'A', 'D'], ['D', 'C', 'B', 'A']]","{'C': 5, 'A': 4, 'B': 3, 'D': 3}","[0.75, 1.0]",3.92
93,"[1, 4]","[2, 5]","[0.58, 0.79]","[['C', 'B', 'D', 'A'], ['A', 'B', 'C', 'D']]","{'C': 5, 'A': 4, 'B': 3, 'D': 3}","[0.75, 1.0]",3.92
93,"[1, 4]","[2, 5]","[0.58, 0.79]","[['C', 'B', 'D', 'A'], ['A', 'C', 'B', 'D']]","{'C': 5, 'A': 4, 'B': 3, 'D': 3}","[0.75, 1.0]",3.92
93,"[1, 4]","[2, 5]","[0.58, 0.79]","[['C', 'B', 'D', 'A'], ['B', 'A', 'C', 'D']]","{'C': 5, 'A': 4, 'B': 3, 'D': 3}","[0.75, 1.0]",3.92
93,"[1, 4]","[2, 5]","[0.58, 0.79]","[['C', 'B', 'D', 'A'], ['B', 'C', 'A', 'D']]","{'C': 5, 'A': 4, 'B': 3, 'D': 3}","[0.75, 1.0]",3.92
93,"[1, 4]","[2, 5]","[0.58, 0.79]","[['C', 'B', 'D', 'A'], ['C', 'A', 'B', 'D']]","{'C': 5, 'A': 4, 'B': 3, 'D': 3}","[0.75, 1.0]",3.92
93,"[1, 4]","[2, 5]","[0.58, 0.79]","[['C', 'B', 'D', 'A'], ['C', 'B', 'A', 'D']]","{'C': 5, 'A': 4, 'B': 3, 'D': 3}","[0.75, 1.0]",3.92
93,"[1, 4]","[2, 5]","[0.58, 0.79]","[['C', 'D', 'B', 'A'], ['A', 'B', 'C', 'D']]","{'C': 5, 'A': 4, 'B': 3, 'D': 3}","[0.75, 1.0]",3.92
93,"[1, 4]","[2, 5]","[0.58, 0.79]","[['C', 'D', 'B', 'A'], ['A', 'C', 'B', 'D']]","{'C': 5, 'A': 4, 'B': 3, 'D': 3}","[0.75, 1.0]",3.92
93,"[1, 4]","[2, 5]","[0.58, 0.79]","[['C', 'D', 'B', 'A'], ['B', 'A', 'C', 'D']]","{'C': 5, 'A': 4, 'B': 3, 'D': 3}","[0.75, 1.0]",3.92
93,"[1, 4]","[2, 5]","[0.58, 0.79]","[['C', 'D', 'B', 'A'], ['B', 'C', 'A', 'D']]","{'C': 5, 'A': 4, 'B': 3, 'D': 3}","[0.75, 1.0]",3.92
93,"[1, 4]","[2, 5]","[0.58, 0.79]","[['C', 'D', 'B', 'A'], ['C', 'A', 'B', 'D']]","{'C': 5, 'A': 4, 'B': 3, 'D': 3}","[0.75, 1.0]",3.92
93,"[1, 4]","[2, 5]","[0.58, 0.79]","[['C', 'D', 'B', 'A'], ['C', 'B', 'A', 'D']]","{'C': 5, 'A': 4, 'B': 3, 'D': 3}","[0.75, 1.0]",3.92
93,"[1, 4]","[2, 5]","[0.58, 0.79]","[['D', 'B', 'C', 'A'], ['A', 'B', 'C', 'D']]","{'C': 5, 'A': 4, 'B': 3, 'D': 3}","[0.75, 1.0]",3.92
93,"[1, 4]","[2, 5]","[0.58, 0.79]","[['D', 'B', 'C', 'A'], ['A', 'C', 'B', 'D']]","{'C': 5, 'A': 4, 'B': 3, 'D': 3}","[0.75, 1.0]",3.92
93,"[1, 4]","[2, 5]","[0.58, 0.79]","[['D', 'B', 'C', 'A'], ['B', 'A', 'C', 'D']]","{'C': 5, 'A': 4, 'B': 3, 'D': 3}","[0.75, 1.0]",3.92
93,"[1, 4]","[2, 5]","[0.58, 0.79]","[['D', 'B', 'C', 'A'], ['B', 'C', 'A', 'D']]","{'C': 5, 'A': 4, 'B': 3, 'D': 3}","[0.75, 1.0]",3.92
93,"[1, 4]","[2, 5]","[0.58, 0.79]","[['D', 'B', 'C', 'A'], ['C', 'A', 'B', 'D']]","{'C': 5, 'A': 4, 'B': 3, 'D': 3}","[0.75, 1.0]",3.92
93,"[1, 4]","[2, 5]","[0.58, 0.79]","[['D', 'B', 'C', 'A'], ['C', 'B', 'A', 'D']]","{'C': 5, 'A': 4, 'B': 3, 'D': 3}","[0.75, 1.0]",3.92
93,"[1, 4]","[2, 5]","[0.58, 0.79]","[['D', 'C', 'B', 'A'], ['A', 'B', 'C', 'D']]","{'C': 5, 'A': 4, 'B': 3, 'D': 3}","[0.75, 1.0]",3.92
93,"[1, 4]","[2, 5]","[0.58, 0.79]","[['D', 'C', 'B', 'A'], ['A', 'C', 'B', 'D']]","{'C': 5, 'A': 4, 'B': 3, 'D': 3}","[0.75, 1.0]",3.92
93,"[1, 4]","[2, 5]","[0.58, 0.79]","[['D', 'C', 'B', 'A'], ['B', 'A', 'C', 'D']]","{'C': 5, 'A': 4, 'B': 3, 'D': 3}","[0.75, 1.0]",3.92
93,"[1, 4]","[2, 5]","[0.58, 0.79]","[['D', 'C', 'B', 'A'], ['B', 'C', 'A', 'D']]","{'C': 5, 'A': 4, 'B': 3, 'D': 3}","[0.75, 1.0]",3.92
93,"[1, 4]","[2, 5]","[0.58, 0.79]","[['D', 'C', 'B', 'A'], ['C', 'A', 'B', 'D']]","{'C': 5, 'A': 4, 'B': 3, 'D': 3}","[0.75, 1.0]",3.92
93,"[1, 4]","[2, 5]","[0.58, 0.79]","[['D', 'C', 'B', 'A'], ['C', 'B', 'A', 'D']]","{'C': 5, 'A': 4, 'B': 3, 'D': 3}","[0.75, 1.0]",3.92
93,"[3, 4]","[2, 5]","[0.58, 0.79]","[['A', 'B', 'C', 'D'], ['B', 'C', 'D', 'A']]","{'C': 5, 'A': 4, 'B': 3, 'D': 3}","[0.75, 1.0]",3.92
93,"[3, 4]","[2, 5]","[0.58, 0.79]","[['A', 'B', 'C', 'D'], ['B', 'D', 'C', 'A']]","{'C': 5, 'A': 4, 'B': 3, 'D': 3}","[0.75, 1.0]",3.92
93,"[3, 4]","[2, 5]","[0.58, 0.79]","[['A', 'B', 'C', 'D'], ['C', 'B', 'D', 'A']]","{'C': 5, 'A': 4, 'B': 3, 'D': 3}","[0.75, 1.0]",3.92
93,"[3, 4]","[2, 5]","[0.58, 0.79]","[['A', 'B', 'C', 'D'], ['C', 'D', 'B', 'A']]","{'C': 5, 'A': 4, 'B': 3, 'D': 3}","[0.75, 1.0]",3.92
93,"[3, 4]","[2, 5]","[0.58, 0.79]","[['A', 'B', 'C', 'D'], ['D', 'B', 'C', 'A']]","{'C': 5, 'A': 4, 'B': 3, 'D': 3}","[0.75, 1.0]",3.92
93,"[3, 4]","[2, 5]","[0.58, 0.79]","[['A', 'B', 'C', 'D'], ['D', 'C', 'B', 'A']]","{'C': 5, 'A': 4, 'B': 3, 'D': 3}","[0.75, 1.0]",3.92
93,"[3, 4]","[2, 5]","[0.58, 0.79]","[['A', 'C', 'B', 'D'], ['B', 'C', 'D', 'A']]","{'C': 5, 'A': 4, 'B': 3, 'D': 3}","[0.75, 1.0]",3.92
93,"[3, 4]","[2, 5]","[0.58, 0.79]","[['A', 'C', 'B', 'D'], ['B', 'D', 'C', 'A']]","{'C': 5, 'A': 4, 'B': 3, 'D': 3}","[0.75, 1.0]",3.92
93,"[3, 4]","[2, 5]","[0.58, 0.79]","[['A', 'C', 'B', 'D'], ['C', 'B', 'D', 'A']]","{'C': 5, 'A': 4, 'B': 3, 'D': 3}","[0.75, 1.0]",3.92
93,"[3, 4]","[2, 5]","[0.58, 0.79]","[['A', 'C', 'B', 'D'], ['C', 'D', 'B', 'A']]","{'C': 5, 'A': 4, 'B': 3, 'D': 3}","[0.75, 1.0]",3.92
93,"[3, 4]","[2, 5]","[0.58, 0.79]","[['A', 'C', 'B', 'D'], ['D', 'B', 'C', 'A']]","{'C': 5, 'A': 4, 'B': 3, 'D': 3}","[0.75, 1.0]",3.92
93,"[3, 4]","[2, 5]","[0.58, 0.79]","[['A', 'C', 'B', 'D'], ['D', 'C', 'B', 'A']]","{'C': 5, 'A': 4, 'B': 3, 'D': 3}","[0.75, 1.0]",3.92
93,"[3, 4]","[2, 5]","[0.58, 0.79]","[['B', 'A', 'C', 'D'], ['B', 'C', 'D', 'A']]","{'C': 5, 'A': 4, 'B': 3, 'D': 3}","[0.75, 1.0]",3.92
93,"[3, 4]","[2, 5]","[0.58, 0.79]","[['B', 'A', 'C', 'D'], ['B', 'D', 'C', 'A']]","{'C': 5, 'A': 4, 'B': 3, 'D': 3}","[0.75, 1.0]",3.92
93,"[3, 4]","[2, 5]","[0.58, 0.79]","[['B', 'A', 'C', 'D'], ['C', 'B', 'D', 'A']]","{'C': 5, 'A': 4, 'B': 3, 'D': 3}","[0.75, 1.0]",3.92
93,"[3, 4]","[2, 5]","[0.58, 0.79]","[['B', 'A', 'C', 'D'], ['C', 'D', 'B', 'A']]","{'C': 5, 'A': 4, 'B': 3, 'D': 3}","[0.75, 1.0]",3.92
93,"[3, 4]","[2, 5]","[0.58, 0.79]","[['B', 'A', 'C', 'D'], ['D', 'B', 'C', 'A']]","{'C': 5, 'A': 4, 'B': 3, 'D': 3}","[0.75, 1.0]",3.92
93,"[3, 4]","[2, 5]","[0.58, 0.79]","[['B', 'A', 'C', 'D'], ['D', 'C', 'B', 'A']]","{'C': 5, 'A': 4, 'B': 3, 'D': 3}","[0.75, 1.0]",3.92
93,"[3, 4]","[2, 5]","[0.58, 0.79]","[['B', 'C', 'A', 'D'], ['B', 'C', 'D', 'A']]","{'C': 5, 'A': 4, 'B': 3, 'D': 3}","[0.75, 1.0]",3.92
93,"[3, 4]","[2, 5]","[0.58, 0.79]","[['B', 'C', 'A', 'D'], ['B', 'D', 'C', 'A']]","{'C': 5, 'A': 4, 'B': 3, 'D': 3}","[0.75, 1.0]",3.92
93,"[3, 4]","[2, 5]","[0.58, 0.79]","[['B', 'C', 'A', 'D'], ['C', 'B', 'D', 'A']]","{'C': 5, 'A': 4, 'B': 3, 'D': 3}","[0.75, 1.0]",3.92
93,"[3, 4]","[2, 5]","[0.58, 0.79]","[['B', 'C', 'A', 'D'], ['C', 'D', 'B', 'A']]","{'C': 5, 'A': 4, 'B': 3, 'D': 3}","[0.75, 1.0]",3.92
93,"[3, 4]","[2, 5]","[0.58, 0.79]","[['B', 'C', 'A', 'D'], ['D', 'B', 'C', 'A']]","{'C': 5, 'A': 4, 'B': 3, 'D': 3}","[0.75, 1.0]",3.92
93,"[3, 4]","[2, 5]","[0.58, 0.79]","[['B', 'C', 'A', 'D'], ['D', 'C', 'B', 'A']]","{'C': 5, 'A': 4, 'B': 3, 'D': 3}","[0.75, 1.0]",3.92
93,"[3, 4]","[2, 5]","[0.58, 0.79]","[['B', 'C', 'D', 'A'], ['A', 'B', 'C', 'D']]","{'C': 5, 'A': 4, 'B': 3, 'D': 3}","[0.75, 1.0]",3.92
93,"[3, 4]","[2, 5]","[0.58, 0.79]","[['B', 'C', 'D', 'A'], ['A', 'C', 'B', 'D']]","{'C': 5, 'A': 4, 'B': 3, 'D': 3}","[0.75, 1.0]",3.92
93,"[3, 4]","[2, 5]","[0.58, 0.79]","[['B', 'C', 'D', 'A'], ['B', 'A', 'C', 'D']]","{'C': 5, 'A': 4, 'B': 3, 'D': 3}","[0.75, 1.0]",3.92
93,"[3, 4]","[2, 5]","[0.58, 0.79]","[['B', 'C', 'D', 'A'], ['B', 'C', 'A', 'D']]","{'C': 5, 'A': 4, 'B': 3, 'D': 3}","[0.75, 1.0]",3.92
93,"[3, 4]","[2, 5]","[0.58, 0.79]","[['B', 'C', 'D', 'A'], ['C', 'A', 'B', 'D']]","{'C': 5, 'A': 4, 'B': 3, 'D': 3}","[0.75, 1.0]",3.92
93,"[3, 4]","[2, 5]","[0.58, 0.79]","[['B', 'C', 'D', 'A'], ['C', 'B', 'A', 'D']]","{'C': 5, 'A': 4, 'B': 3, 'D': 3}","[0.75, 1.0]",3.92
93,"[3, 4]","[2, 5]","[0.58, 0.79]","[['B', 'D', 'C', 'A'], ['A', 'B', 'C', 'D']]","{'C': 5, 'A': 4, 'B': 3, 'D': 3}","[0.75, 1.0]",3.92
93,"[3, 4]","[2, 5]","[0.58, 0.79]","[['B', 'D', 'C', 'A'], ['A', 'C', 'B', 'D']]","{'C': 5, 'A': 4, 'B': 3, 'D': 3}","[0.75, 1.0]",3.92
93,"[3, 4]","[2, 5]","[0.58, 0.79]","[['B', 'D', 'C', 'A'], ['B', 'A', 'C', 'D']]","{'C': 5, 'A': 4, 'B': 3, 'D': 3}","[0.75, 1.0]",3.92
93,"[3, 4]","[2, 5]","[0.58, 0.79]","[['B', 'D', 'C', 'A'], ['B', 'C', 'A', 'D']]","{'C': 5, 'A': 4, 'B': 3, 'D': 3}","[0.75, 1.0]",3.92
93,"[3, 4]","[2, 5]","[0.58, 0.79]","[['B', 'D', 'C', 'A'], ['C', 'A', 'B', 'D']]","{'C': 5, 'A': 4, 'B': 3, 'D': 3}","[0.75, 1.0]",3.92
93,"[3, 4]","[2, 5]","[0.58, 0.79]","[['B', 'D', 'C', 'A'], ['C', 'B', 'A', 'D']]","{'C': 5, 'A': 4, 'B': 3, 'D': 3}","[0.75, 1.0]",3.92
93,"[3, 4]","[2, 5]","[0.58, 0.79]","[['C', 'A', 'B', 'D'], ['B', 'C', 'D', 'A']]","{'C': 5, 'A': 4, 'B': 3, 'D': 3}","[0.75, 1.0]",3.92
93,"[3, 4]","[2, 5]","[0.58, 0.79]","[['C', 'A', 'B', 'D'], ['B', 'D', 'C', 'A']]","{'C': 5, 'A': 4, 'B': 3, 'D': 3}","[0.75, 1.0]",3.92
93,"[3, 4]","[2, 5]","[0.58, 0.79]","[['C', 'A', 'B', 'D'], ['C', 'B', 'D', 'A']]","{'C': 5, 'A': 4, 'B': 3, 'D': 3}","[0.75, 1.0]",3.92
93,"[3, 4]","[2, 5]","[0.58, 0.79]","[['C', 'A', 'B', 'D'], ['C', 'D', 'B', 'A']]","{'C': 5, 'A': 4, 'B': 3, 'D': 3}","[0.75, 1.0]",3.92
93,"[3, 4]","[2, 5]","[0.58, 0.79]","[['C', 'A', 'B', 'D'], ['D', 'B', 'C', 'A']]","{'C': 5, 'A': 4, 'B': 3, 'D': 3}","[0.75, 1.0]",3.92
93,"[3, 4]","[2, 5]","[0.58, 0.79]","[['C', 'A', 'B', 'D'], ['D', 'C', 'B', 'A']]","{'C': 5, 'A': 4, 'B': 3, 'D': 3}","[0.75, 1.0]",3.92
93,"[3, 4]","[2, 5]","[0.58, 0.79]","[['C', 'B', 'A', 'D'], ['B', 'C', 'D', 'A']]","{'C': 5, 'A': 4, 'B': 3, 'D': 3}","[0.75, 1.0]",3.92
93,"[3, 4]","[2, 5]","[0.58, 0.79]","[['C', 'B', 'A', 'D'], ['B', 'D', 'C', 'A']]","{'C': 5, 'A': 4, 'B': 3, 'D': 3}","[0.75, 1.0]",3.92
93,"[3, 4]","[2, 5]","[0.58, 0.79]","[['C', 'B', 'A', 'D'], ['C', 'B', 'D', 'A']]","{'C': 5, 'A': 4, 'B': 3, 'D': 3}","[0.75, 1.0]",3.92
93,"[3, 4]","[2, 5]","[0.58, 0.79]","[['C', 'B', 'A', 'D'], ['C', 'D', 'B', 'A']]","{'C': 5, 'A': 4, 'B': 3, 'D': 3}","[0.75, 1.0]",3.92
93,"[3, 4]","[2, 5]","[0.58, 0.79]","[['C', 'B', 'A', 'D'], ['D', 'B', 'C', 'A']]","{'C': 5, 'A': 4, 'B': 3, 'D': 3}","[0.75, 1.0]",3.92
93,"[3, 4]","[2, 5]","[0.58, 0.79]","[['C', 'B', 'A', 'D'], ['D', 'C', 'B', 'A']]","{'C': 5, 'A': 4, 'B': 3, 'D': 3}","[0.75, 1.0]",3.92
93,"[3, 4]","[2, 5]","[0.58, 0.79]","[['C', 'B', 'D', 'A'], ['A', 'B', 'C', 'D']]","{'C': 5, 'A': 4, 'B': 3, 'D': 3}","[0.75, 1.0]",3.92
93,"[3, 4]","[2, 5]","[0.58, 0.79]","[['C', 'B', 'D', 'A'], ['A', 'C', 'B', 'D']]","{'C': 5, 'A': 4, 'B': 3, 'D': 3}","[0.75, 1.0]",3.92
93,"[3, 4]","[2, 5]","[0.58, 0.79]","[['C', 'B', 'D', 'A'], ['B', 'A', 'C', 'D']]","{'C': 5, 'A': 4, 'B': 3, 'D': 3}","[0.75, 1.0]",3.92
93,"[3, 4]","[2, 5]","[0.58, 0.79]","[['C', 'B', 'D', 'A'], ['B', 'C', 'A', 'D']]","{'C': 5, 'A': 4, 'B': 3, 'D': 3}","[0.75, 1.0]",3.92
93,"[3, 4]","[2, 5]","[0.58, 0.79]","[['C', 'B', 'D', 'A'], ['C', 'A', 'B', 'D']]","{'C': 5, 'A': 4, 'B': 3, 'D': 3}","[0.75, 1.0]",3.92
93,"[3, 4]","[2, 5]","[0.58, 0.79]","[['C', 'B', 'D', 'A'], ['C', 'B', 'A', 'D']]","{'C': 5, 'A': 4, 'B': 3, 'D': 3}","[0.75, 1.0]",3.92
93,"[3, 4]","[2, 5]","[0.58, 0.79]","[['C', 'D', 'B', 'A'], ['A', 'B', 'C', 'D']]","{'C': 5, 'A': 4, 'B': 3, 'D': 3}","[0.75, 1.0]",3.92
93,"[3, 4]","[2, 5]","[0.58, 0.79]","[['C', 'D', 'B', 'A'], ['A', 'C', 'B', 'D']]","{'C': 5, 'A': 4, 'B': 3, 'D': 3}","[0.75, 1.0]",3.92
93,"[3, 4]","[2, 5]","[0.58, 0.79]","[['C', 'D', 'B', 'A'], ['B', 'A', 'C', 'D']]","{'C': 5, 'A': 4, 'B': 3, 'D': 3}","[0.75, 1.0]",3.92
93,"[3, 4]","[2, 5]","[0.58, 0.79]","[['C', 'D', 'B', 'A'], ['B', 'C', 'A', 'D']]","{'C': 5, 'A': 4, 'B': 3, 'D': 3}","[0.75, 1.0]",3.92
93,"[3, 4]","[2, 5]","[0.58, 0.79]","[['C', 'D', 'B', 'A'], ['C', 'A', 'B', 'D']]","{'C': 5, 'A': 4, 'B': 3, 'D': 3}","[0.75, 1.0]",3.92
93,"[3, 4]","[2, 5]","[0.58, 0.79]","[['C', 'D', 'B', 'A'], ['C', 'B', 'A', 'D']]","{'C': 5, 'A': 4, 'B': 3, 'D': 3}","[0.75, 1.0]",3.92
93,"[3, 4]","[2, 5]","[0.58, 0.79]","[['D', 'B', 'C', 'A'], ['A', 'B', 'C', 'D']]","{'C': 5, 'A': 4, 'B': 3, 'D': 3}","[0.75, 1.0]",3.92
93,"[3, 4]","[2, 5]","[0.58, 0.79]","[['D', 'B', 'C', 'A'], ['A', 'C', 'B', 'D']]","{'C': 5, 'A': 4, 'B': 3, 'D': 3}","[0.75, 1.0]",3.92
93,"[3, 4]","[2, 5]","[0.58, 0.79]","[['D', 'B', 'C', 'A'], ['B', 'A', 'C', 'D']]","{'C': 5, 'A': 4, 'B': 3, 'D': 3}","[0.75, 1.0]",3.92
93,"[3, 4]","[2, 5]","[0.58, 0.79]","[['D', 'B', 'C', 'A'], ['B', 'C', 'A', 'D']]","{'C': 5, 'A': 4, 'B': 3, 'D': 3}","[0.75, 1.0]",3.92
93,"[3, 4]","[2, 5]","[0.58, 0.79]","[['D', 'B', 'C', 'A'], ['C', 'A', 'B', 'D']]","{'C': 5, 'A': 4, 'B': 3, 'D': 3}","[0.75, 1.0]",3.92
93,"[3, 4]","[2, 5]","[0.58, 0.79]","[['D', 'B', 'C', 'A'], ['C', 'B', 'A', 'D']]","{'C': 5, 'A': 4, 'B': 3, 'D': 3}","[0.75, 1.0]",3.92
93,"[3, 4]","[2, 5]","[0.58, 0.79]","[['D', 'C', 'B', 'A'], ['A', 'B', 'C', 'D']]","{'C': 5, 'A': 4, 'B': 3, 'D': 3}","[0.75, 1.0]",3.92
93,"[3, 4]","[2, 5]","[0.58, 0.79]","[['D', 'C', 'B', 'A'], ['A', 'C', 'B', 'D']]","{'C': 5, 'A': 4, 'B': 3, 'D': 3}","[0.75, 1.0]",3.92
93,"[3, 4]","[2, 5]","[0.58, 0.79]","[['D', 'C', 'B', 'A'], ['B', 'A', 'C', 'D']]","{'C': 5, 'A': 4, 'B': 3, 'D': 3}","[0.75, 1.0]",3.92
93,"[3, 4]","[2, 5]","[0.58, 0.79]","[['D', 'C', 'B', 'A'], ['B', 'C', 'A', 'D']]","{'C': 5, 'A': 4, 'B': 3, 'D': 3}","[0.75, 1.0]",3.92
93,"[3, 4]","[2, 5]","[0.58, 0.79]","[['D', 'C', 'B', 'A'], ['C', 'A', 'B', 'D']]","{'C': 5, 'A': 4, 'B': 3, 'D': 3}","[0.75, 1.0]",3.92
93,"[3, 4]","[2, 5]","[0.58, 0.79]","[['D', 'C', 'B', 'A'], ['C', 'B', 'A', 'D']]","{'C': 5, 'A': 4, 'B': 3, 'D': 3}","[0.75, 1.0]",3.92
93,"[1, 3, 4]","[2, 2, 5]","[0.58, 0.58, 0.79]","[['A', 'B', 'C', 'D'], ['A', 'B', 'C', 'D'], ['B', 'C', 'D', 'A']]","{'C': 5, 'A': 4, 'B': 3, 'D': 3}","[0.75, 0.75, 1.0]",3.92
93,"[1, 3, 4]","[2, 2, 5]","[0.58, 0.58, 0.79]","[['A', 'B', 'C', 'D'], ['A', 'B', 'C', 'D'], ['B', 'D', 'C', 'A']]","{'C': 5, 'A': 4, 'B': 3, 'D': 3}","[0.75, 0.75, 1.0]",3.92
93,"[1, 3, 4]","[2, 2, 5]","[0.58, 0.58, 0.79]","[['A', 'B', 'C', 'D'], ['A', 'B', 'C', 'D'], ['C', 'B', 'D', 'A']]","{'C': 5, 'A': 4, 'B': 3, 'D': 3}","[0.75, 0.75, 1.0]",3.92
93,"[1, 3, 4]","[2, 2, 5]","[0.58, 0.58, 0.79]","[['A', 'B', 'C', 'D'], ['A', 'B', 'C', 'D'], ['C', 'D', 'B', 'A']]","{'C': 5, 'A': 4, 'B': 3, 'D': 3}","[0.75, 0.75, 1.0]",3.92
93,"[1, 3, 4]","[2, 2, 5]","[0.58, 0.58, 0.79]","[['A', 'B', 'C', 'D'], ['A', 'B', 'C', 'D'], ['D', 'B', 'C', 'A']]","{'C': 5, 'A': 4, 'B': 3, 'D': 3}","[0.75, 0.75, 1.0]",3.92
93,"[1, 3, 4]","[2, 2, 5]","[0.58, 0.58, 0.79]","[['A', 'B', 'C', 'D'], ['A', 'B', 'C', 'D'], ['D', 'C', 'B', 'A']]","{'C': 5, 'A': 4, 'B': 3, 'D': 3}","[0.75, 0.75, 1.0]",3.92
93,"[1, 3, 4]","[2, 2, 5]","[0.58, 0.58, 0.79]","[['A', 'B', 'C', 'D'], ['A', 'C', 'B', 'D'], ['B', 'C', 'D', 'A']]","{'C': 5, 'A': 4, 'B': 3, 'D': 3}","[0.75, 0.75, 1.0]",3.92
93,"[1, 3, 4]","[2, 2, 5]","[0.58, 0.58, 0.79]","[['A', 'B', 'C', 'D'], ['A', 'C', 'B', 'D'], ['B', 'D', 'C', 'A']]","{'C': 5, 'A': 4, 'B': 3, 'D': 3}","[0.75, 0.75, 1.0]",3.92
93,"[1, 3, 4]","[2, 2, 5]","[0.58, 0.58, 0.79]","[['A', 'B', 'C', 'D'], ['A', 'C', 'B', 'D'], ['C', 'B', 'D', 'A']]","{'C': 5, 'A': 4, 'B': 3, 'D': 3}","[0.75, 0.75, 1.0]",3.92
93,"[1, 3, 4]","[2, 2, 5]","[0.58, 0.58, 0.79]","[['A', 'B', 'C', 'D'], ['A', 'C', 'B', 'D'], ['C', 'D', 'B', 'A']]","{'C': 5, 'A': 4, 'B': 3, 'D': 3}","[0.75, 0.75, 1.0]",3.92
93,"[1, 3, 4]","[2, 2, 5]","[0.58, 0.58, 0.79]","[['A', 'B', 'C', 'D'], ['A', 'C', 'B', 'D'], ['D', 'B', 'C', 'A']]","{'C': 5, 'A': 4, 'B': 3, 'D': 3}","[0.75, 0.75, 1.0]",3.92
93,"[1, 3, 4]","[2, 2, 5]","[0.58, 0.58, 0.79]","[['A', 'B', 'C', 'D'], ['A', 'C', 'B', 'D'], ['D', 'C', 'B', 'A']]","{'C': 5, 'A': 4, 'B': 3, 'D': 3}","[0.75, 0.75, 1.0]",3.92
93,"[1, 3, 4]","[2, 2, 5]","[0.58, 0.58, 0.79]","[['A', 'B', 'C', 'D'], ['B', 'A', 'C', 'D'], ['B', 'C', 'D', 'A']]","{'C': 5, 'A': 4, 'B': 3, 'D': 3}","[0.75, 0.75, 1.0]",3.92
93,"[1, 3, 4]","[2, 2, 5]","[0.58, 0.58, 0.79]","[['A', 'B', 'C', 'D'], ['B', 'A', 'C', 'D'], ['B', 'D', 'C', 'A']]","{'C': 5, 'A': 4, 'B': 3, 'D': 3}","[0.75, 0.75, 1.0]",3.92
93,"[1, 3, 4]","[2, 2, 5]","[0.58, 0.58, 0.79]","[['A', 'B', 'C', 'D'], ['B', 'A', 'C', 'D'], ['C', 'B', 'D', 'A']]","{'C': 5, 'A': 4, 'B': 3, 'D': 3}","[0.75, 0.75, 1.0]",3.92
93,"[1, 3, 4]","[2, 2, 5]","[0.58, 0.58, 0.79]","[['A', 'B', 'C', 'D'], ['B', 'A', 'C', 'D'], ['C', 'D', 'B', 'A']]","{'C': 5, 'A': 4, 'B': 3, 'D': 3}","[0.75, 0.75, 1.0]",3.92
93,"[1, 3, 4]","[2, 2, 5]","[0.58, 0.58, 0.79]","[['A', 'B', 'C', 'D'], ['B', 'A', 'C', 'D'], ['D', 'B', 'C', 'A']]","{'C': 5, 'A': 4, 'B': 3, 'D': 3}","[0.75, 0.75, 1.0]",3.92
93,"[1, 3, 4]","[2, 2, 5]","[0.58, 0.58, 0.79]","[['A', 'B', 'C', 'D'], ['B', 'A', 'C', 'D'], ['D', 'C', 'B', 'A']]","{'C': 5, 'A': 4, 'B': 3, 'D': 3}","[0.75, 0.75, 1.0]",3.92
93,"[1, 3, 4]","[2, 2, 5]","[0.58, 0.58, 0.79]","[['A', 'B', 'C', 'D'], ['B', 'C', 'A', 'D'], ['B', 'C', 'D', 'A']]","{'C': 5, 'A': 4, 'B': 3, 'D': 3}","[0.75, 0.75, 1.0]",3.92
93,"[1, 3, 4]","[2, 2, 5]","[0.58, 0.58, 0.79]","[['A', 'B', 'C', 'D'], ['B', 'C', 'A', 'D'], ['B', 'D', 'C', 'A']]","{'C': 5, 'A': 4, 'B': 3, 'D': 3}","[0.75, 0.75, 1.0]",3.92
93,"[1, 3, 4]","[2, 2, 5]","[0.58, 0.58, 0.79]","[['A', 'B', 'C', 'D'], ['B', 'C', 'A', 'D'], ['C', 'B', 'D', 'A']]","{'C': 5, 'A': 4, 'B': 3, 'D': 3}","[0.75, 0.75, 1.0]",3.92
93,"[1, 3, 4]","[2, 2, 5]","[0.58, 0.58, 0.79]","[['A', 'B', 'C', 'D'], ['B', 'C', 'A', 'D'], ['C', 'D', 'B', 'A']]","{'C': 5, 'A': 4, 'B': 3, 'D': 3}","[0.75, 0.75, 1.0]",3.92
93,"[1, 3, 4]","[2, 2, 5]","[0.58, 0.58, 0.79]","[['A', 'B', 'C', 'D'], ['B', 'C', 'A', 'D'], ['D', 'B', 'C', 'A']]","{'C': 5, 'A': 4, 'B': 3, 'D': 3}","[0.75, 0.75, 1.0]",3.92
93,"[1, 3, 4]","[2, 2, 5]","[0.58, 0.58, 0.79]","[['A', 'B', 'C', 'D'], ['B', 'C', 'A', 'D'], ['D', 'C', 'B', 'A']]","{'C': 5, 'A': 4, 'B': 3, 'D': 3}","[0.75, 0.75, 1.0]",3.92
93,"[1, 3, 4]","[2, 2, 5]","[0.58, 0.58, 0.79]","[['A', 'B', 'C', 'D'], ['B', 'C', 'D', 'A'], ['A', 'B', 'C', 'D']]","{'C': 5, 'A': 4, 'B': 3, 'D': 3}","[0.75, 0.75, 1.0]",3.92
93,"[1, 3, 4]","[2, 2, 5]","[0.58, 0.58, 0.79]","[['A', 'B', 'C', 'D'], ['B', 'C', 'D', 'A'], ['A', 'C', 'B', 'D']]","{'C': 5, 'A': 4, 'B': 3, 'D': 3}","[0.75, 0.75, 1.0]",3.92
93,"[1, 3, 4]","[2, 2, 5]","[0.58, 0.58, 0.79]","[['A', 'B', 'C', 'D'], ['B', 'C', 'D', 'A'], ['B', 'A', 'C', 'D']]","{'C': 5, 'A': 4, 'B': 3, 'D': 3}","[0.75, 0.75, 1.0]",3.92
93,"[1, 3, 4]","[2, 2, 5]","[0.58, 0.58, 0.79]","[['A', 'B', 'C', 'D'], ['B', 'C', 'D', 'A'], ['B', 'C', 'A', 'D']]","{'C': 5, 'A': 4, 'B': 3, 'D': 3}","[0.75, 0.75, 1.0]",3.92
93,"[1, 3, 4]","[2, 2, 5]","[0.58, 0.58, 0.79]","[['A', 'B', 'C', 'D'], ['B', 'C', 'D', 'A'], ['C', 'A', 'B', 'D']]","{'C': 5, 'A': 4, 'B': 3, 'D': 3}","[0.75, 0.75, 1.0]",3.92
93,"[1, 3, 4]","[2, 2, 5]","[0.58, 0.58, 0.79]","[['A', 'B', 'C', 'D'], ['B', 'C', 'D', 'A'], ['C', 'B', 'A', 'D']]","{'C': 5, 'A': 4, 'B': 3, 'D': 3}","[0.75, 0.75, 1.0]",3.92
93,"[1, 3, 4]","[2, 2, 5]","[0.58, 0.58, 0.79]","[['A', 'B', 'C', 'D'], ['B', 'D', 'C', 'A'], ['A', 'B', 'C', 'D']]","{'C': 5, 'A': 4, 'B': 3, 'D': 3}","[0.75, 0.75, 1.0]",3.92
93,"[1, 3, 4]","[2, 2, 5]","[0.58, 0.58, 0.79]","[['A', 'B', 'C', 'D'], ['B', 'D', 'C', 'A'], ['A', 'C', 'B', 'D']]","{'C': 5, 'A': 4, 'B': 3, 'D': 3}","[0.75, 0.75, 1.0]",3.92
93,"[1, 3, 4]","[2, 2, 5]","[0.58, 0.58, 0.79]","[['A', 'B', 'C', 'D'], ['B', 'D', 'C', 'A'], ['B', 'A', 'C', 'D']]","{'C': 5, 'A': 4, 'B': 3, 'D': 3}","[0.75, 0.75, 1.0]",3.92
93,"[1, 3, 4]","[2, 2, 5]","[0.58, 0.58, 0.79]","[['A', 'B', 'C', 'D'], ['B', 'D', 'C', 'A'], ['B', 'C', 'A', 'D']]","{'C': 5, 'A': 4, 'B': 3, 'D': 3}","[0.75, 0.75, 1.0]",3.92
93,"[1, 3, 4]","[2, 2, 5]","[0.58, 0.58, 0.79]","[['A', 'B', 'C', 'D'], ['B', 'D', 'C', 'A'], ['C', 'A', 'B', 'D']]","{'C': 5, 'A': 4, 'B': 3, 'D': 3}","[0.75, 0.75, 1.0]",3.92
93,"[1, 3, 4]","[2, 2, 5]","[0.58, 0.58, 0.79]","[['A', 'B', 'C', 'D'], ['B', 'D', 'C', 'A'], ['C', 'B', 'A', 'D']]","{'C': 5, 'A': 4, 'B': 3, 'D': 3}","[0.75, 0.75, 1.0]",3.92
93,"[1, 3, 4]","[2, 2, 5]","[0.58, 0.58, 0.79]","[['A', 'B', 'C', 'D'], ['C', 'A', 'B', 'D'], ['B', 'C', 'D', 'A']]","{'C': 5, 'A': 4, 'B': 3, 'D': 3}","[0.75, 0.75, 1.0]",3.92
93,"[1, 3, 4]","[2, 2, 5]","[0.58, 0.58, 0.79]","[['A', 'B', 'C', 'D'], ['C', 'A', 'B', 'D'], ['B', 'D', 'C', 'A']]","{'C': 5, 'A': 4, 'B': 3, 'D': 3}","[0.75, 0.75, 1.0]",3.92
93,"[1, 3, 4]","[2, 2, 5]","[0.58, 0.58, 0.79]","[['A', 'B', 'C', 'D'], ['C', 'A', 'B', 'D'], ['C', 'B', 'D', 'A']]","{'C': 5, 'A': 4, 'B': 3, 'D': 3}","[0.75, 0.75, 1.0]",3.92
93,"[1, 3, 4]","[2, 2, 5]","[0.58, 0.58, 0.79]","[['A', 'B', 'C', 'D'], ['C', 'A', 'B', 'D'], ['C', 'D', 'B', 'A']]","{'C': 5, 'A': 4, 'B': 3, 'D': 3}","[0.75, 0.75, 1.0]",3.92
93,"[1, 3, 4]","[2, 2, 5]","[0.58, 0.58, 0.79]","[['A', 'B', 'C', 'D'], ['C', 'A', 'B', 'D'], ['D', 'B', 'C', 'A']]","{'C': 5, 'A': 4, 'B': 3, 'D': 3}","[0.75, 0.75, 1.0]",3.92
93,"[1, 3, 4]","[2, 2, 5]","[0.58, 0.58, 0.79]","[['A', 'B', 'C', 'D'], ['C', 'A', 'B', 'D'], ['D', 'C', 'B', 'A']]","{'C': 5, 'A': 4, 'B': 3, 'D': 3}","[0.75, 0.75, 1.0]",3.92
93,"[1, 3, 4]","[2, 2, 5]","[0.58, 0.58, 0.79]","[['A', 'B', 'C', 'D'], ['C', 'B', 'A', 'D'], ['B', 'C', 'D', 'A']]","{'C': 5, 'A': 4, 'B': 3, 'D': 3}","[0.75, 0.75, 1.0]",3.92
93,"[1, 3, 4]","[2, 2, 5]","[0.58, 0.58, 0.79]","[['A', 'B', 'C', 'D'], ['C', 'B', 'A', 'D'], ['B', 'D', 'C', 'A']]","{'C': 5, 'A': 4, 'B': 3, 'D': 3}","[0.75, 0.75, 1.0]",3.92
93,"[1, 3, 4]","[2, 2, 5]","[0.58, 0.58, 0.79]","[['A', 'B', 'C', 'D'], ['C', 'B', 'A', 'D'], ['C', 'B', 'D', 'A']]","{'C': 5, 'A': 4, 'B': 3, 'D': 3}","[0.75, 0.75, 1.0]",3.92
93,"[1, 3, 4]","[2, 2, 5]","[0.58, 0.58, 0.79]","[['A', 'B', 'C', 'D'], ['C', 'B', 'A', 'D'], ['C', 'D', 'B', 'A']]","{'C': 5, 'A': 4, 'B': 3, 'D': 3}","[0.75, 0.75, 1.0]",3.92
93,"[1, 3, 4]","[2, 2, 5]","[0.58, 0.58, 0.79]","[['A', 'B', 'C', 'D'], ['C', 'B', 'A', 'D'], ['D', 'B', 'C', 'A']]","{'C': 5, 'A': 4, 'B': 3, 'D': 3}","[0.75, 0.75, 1.0]",3.92
93,"[1, 3, 4]","[2, 2, 5]","[0.58, 0.58, 0.79]","[['A', 'B', 'C', 'D'], ['C', 'B', 'A', 'D'], ['D', 'C', 'B', 'A']]","{'C': 5, 'A': 4, 'B': 3, 'D': 3}","[0.75, 0.75, 1.0]",3.92
93,"[1, 3, 4]","[2, 2, 5]","[0.58, 0.58, 0.79]","[['A', 'B', 'C', 'D'], ['C', 'B', 'D', 'A'], ['A', 'B', 'C', 'D']]","{'C': 5, 'A': 4, 'B': 3, 'D': 3}","[0.75, 0.75, 1.0]",3.92
93,"[1, 3, 4]","[2, 2, 5]","[0.58, 0.58, 0.79]","[['A', 'B', 'C', 'D'], ['C', 'B', 'D', 'A'], ['A', 'C', 'B', 'D']]","{'C': 5, 'A': 4, 'B': 3, 'D': 3}","[0.75, 0.75, 1.0]",3.92
93,"[1, 3, 4]","[2, 2, 5]","[0.58, 0.58, 0.79]","[['A', 'B', 'C', 'D'], ['C', 'B', 'D', 'A'], ['B', 'A', 'C', 'D']]","{'C': 5, 'A': 4, 'B': 3, 'D': 3}","[0.75, 0.75, 1.0]",3.92
93,"[1, 3, 4]","[2, 2, 5]","[0.58, 0.58, 0.79]","[['A', 'B', 'C', 'D'], ['C', 'B', 'D', 'A'], ['B', 'C', 'A', 'D']]","{'C': 5, 'A': 4, 'B': 3, 'D': 3}","[0.75, 0.75, 1.0]",3.92
93,"[1, 3, 4]","[2, 2, 5]","[0.58, 0.58, 0.79]","[['A', 'B', 'C', 'D'], ['C', 'B', 'D', 'A'], ['C', 'A', 'B', 'D']]","{'C': 5, 'A': 4, 'B': 3, 'D': 3}","[0.75, 0.75, 1.0]",3.92
93,"[1, 3, 4]","[2, 2, 5]","[0.58, 0.58, 0.79]","[['A', 'B', 'C', 'D'], ['C', 'B', 'D', 'A'], ['C', 'B', 'A', 'D']]","{'C': 5, 'A': 4, 'B': 3, 'D': 3}","[0.75, 0.75, 1.0]",3.92
93,"[1, 3, 4]","[2, 2, 5]","[0.58, 0.58, 0.79]","[['A', 'B', 'C', 'D'], ['C', 'D', 'B', 'A'], ['A', 'B', 'C', 'D']]","{'C': 5, 'A': 4, 'B': 3, 'D': 3}","[0.75, 0.75, 1.0]",3.92
93,"[1, 3, 4]","[2, 2, 5]","[0.58, 0.58, 0.79]","[['A', 'B', 'C', 'D'], ['C', 'D', 'B', 'A'], ['A', 'C', 'B', 'D']]","{'C': 5, 'A': 4, 'B': 3, 'D': 3}","[0.75, 0.75, 1.0]",3.92
93,"[1, 3, 4]","[2, 2, 5]","[0.58, 0.58, 0.79]","[['A', 'B', 'C', 'D'], ['C', 'D', 'B', 'A'], ['B', 'A', 'C', 'D']]","{'C': 5, 'A': 4, 'B': 3, 'D': 3}","[0.75, 0.75, 1.0]",3.92
93,"[1, 3, 4]","[2, 2, 5]","[0.58, 0.58, 0.79]","[['A', 'B', 'C', 'D'], ['C', 'D', 'B', 'A'], ['B', 'C', 'A', 'D']]","{'C': 5, 'A': 4, 'B': 3, 'D': 3}","[0.75, 0.75, 1.0]",3.92
93,"[1, 3, 4]","[2, 2, 5]","[0.58, 0.58, 0.79]","[['A', 'B', 'C', 'D'], ['C', 'D', 'B', 'A'], ['C', 'A', 'B', 'D']]","{'C': 5, 'A': 4, 'B': 3, 'D': 3}","[0.75, 0.75, 1.0]",3.92
93,"[1, 3, 4]","[2, 2, 5]","[0.58, 0.58, 0.79]","[['A', 'B', 'C', 'D'], ['C', 'D', 'B', 'A'], ['C', 'B', 'A', 'D']]","{'C': 5, 'A': 4, 'B': 3, 'D': 3}","[0.75, 0.75, 1.0]",3.92
93,"[1, 3, 4]","[2, 2, 5]","[0.58, 0.58, 0.79]","[['A', 'B', 'C', 'D'], ['D', 'B', 'C', 'A'], ['A', 'B', 'C', 'D']]","{'C': 5, 'A': 4, 'B': 3, 'D': 3}","[0.75, 0.75, 1.0]",3.92
93,"[1, 3, 4]","[2, 2, 5]","[0.58, 0.58, 0.79]","[['A', 'B', 'C', 'D'], ['D', 'B', 'C', 'A'], ['A', 'C', 'B', 'D']]","{'C': 5, 'A': 4, 'B': 3, 'D': 3}","[0.75, 0.75, 1.0]",3.92
93,"[1, 3, 4]","[2, 2, 5]","[0.58, 0.58, 0.79]","[['A', 'B', 'C', 'D'], ['D', 'B', 'C', 'A'], ['B', 'A', 'C', 'D']]","{'C': 5, 'A': 4, 'B': 3, 'D': 3}","[0.75, 0.75, 1.0]",3.92
93,"[1, 3, 4]","[2, 2, 5]","[0.58, 0.58, 0.79]","[['A', 'B', 'C', 'D'], ['D', 'B', 'C', 'A'], ['B', 'C', 'A', 'D']]","{'C': 5, 'A': 4, 'B': 3, 'D': 3}","[0.75, 0.75, 1.0]",3.92
93,"[1, 3, 4]","[2, 2, 5]","[0.58, 0.58, 0.79]","[['A', 'B', 'C', 'D'], ['D', 'B', 'C', 'A'], ['C', 'A', 'B', 'D']]","{'C': 5, 'A': 4, 'B': 3, 'D': 3}","[0.75, 0.75, 1.0]",3.92
93,"[1, 3, 4]","[2, 2, 5]","[0.58, 0.58, 0.79]","[['A', 'B', 'C', 'D'], ['D', 'B', 'C', 'A'], ['C', 'B', 'A', 'D']]","{'C': 5, 'A': 4, 'B': 3, 'D': 3}","[0.75, 0.75, 1.0]",3.92
93,"[1, 3, 4]","[2, 2, 5]","[0.58, 0.58, 0.79]","[['A', 'B', 'C', 'D'], ['D', 'C', 'B', 'A'], ['A', 'B', 'C', 'D']]","{'C': 5, 'A': 4, 'B': 3, 'D': 3}","[0.75, 0.75, 1.0]",3.92
93,"[1, 3, 4]","[2, 2, 5]","[0.58, 0.58, 0.79]","[['A', 'B', 'C', 'D'], ['D', 'C', 'B', 'A'], ['A', 'C', 'B', 'D']]","{'C': 5, 'A': 4, 'B': 3, 'D': 3}","[0.75, 0.75, 1.0]",3.92
93,"[1, 3, 4]","[2, 2, 5]","[0.58, 0.58, 0.79]","[['A', 'B', 'C', 'D'], ['D', 'C', 'B', 'A'], ['B', 'A', 'C', 'D']]","{'C': 5, 'A': 4, 'B': 3, 'D': 3}","[0.75, 0.75, 1.0]",3.92
93,"[1, 3, 4]","[2, 2, 5]","[0.58, 0.58, 0.79]","[['A', 'B', 'C', 'D'], ['D', 'C', 'B', 'A'], ['B', 'C', 'A', 'D']]","{'C': 5, 'A': 4, 'B': 3, 'D': 3}","[0.75, 0.75, 1.0]",3.92
93,"[1, 3, 4]","[2, 2, 5]","[0.58, 0.58, 0.79]","[['A', 'B', 'C', 'D'], ['D', 'C', 'B', 'A'], ['C', 'A', 'B', 'D']]","{'C': 5, 'A': 4, 'B': 3, 'D': 3}","[0.75, 0.75, 1.0]",3.92
93,"[1, 3, 4]","[2, 2, 5]","[0.58, 0.58, 0.79]","[['A', 'B', 'C', 'D'], ['D', 'C', 'B', 'A'], ['C', 'B', 'A', 'D']]","{'C': 5, 'A': 4, 'B': 3, 'D': 3}","[0.75, 0.75, 1.0]",3.92
93,"[1, 3, 4]","[2, 2, 5]","[0.58, 0.58, 0.79]","[['A', 'C', 'B', 'D'], ['A', 'B', 'C', 'D'], ['B', 'C', 'D', 'A']]","{'C': 5, 'A': 4, 'B': 3, 'D': 3}","[0.75, 0.75, 1.0]",3.92
93,"[1, 3, 4]","[2, 2, 5]","[0.58, 0.58, 0.79]","[['A', 'C', 'B', 'D'], ['A', 'B', 'C', 'D'], ['B', 'D', 'C', 'A']]","{'C': 5, 'A': 4, 'B': 3, 'D': 3}","[0.75, 0.75, 1.0]",3.92
93,"[1, 3, 4]","[2, 2, 5]","[0.58, 0.58, 0.79]","[['A', 'C', 'B', 'D'], ['A', 'B', 'C', 'D'], ['C', 'B', 'D', 'A']]","{'C': 5, 'A': 4, 'B': 3, 'D': 3}","[0.75, 0.75, 1.0]",3.92
93,"[1, 3, 4]","[2, 2, 5]","[0.58, 0.58, 0.79]","[['A', 'C', 'B', 'D'], ['A', 'B', 'C', 'D'], ['C', 'D', 'B', 'A']]","{'C': 5, 'A': 4, 'B': 3, 'D': 3}","[0.75, 0.75, 1.0]",3.92
93,"[1, 3, 4]","[2, 2, 5]","[0.58, 0.58, 0.79]","[['A', 'C', 'B', 'D'], ['A', 'B', 'C', 'D'], ['D', 'B', 'C', 'A']]","{'C': 5, 'A': 4, 'B': 3, 'D': 3}","[0.75, 0.75, 1.0]",3.92
93,"[1, 3, 4]","[2, 2, 5]","[0.58, 0.58, 0.79]","[['A', 'C', 'B', 'D'], ['A', 'B', 'C', 'D'], ['D', 'C', 'B', 'A']]","{'C': 5, 'A': 4, 'B': 3, 'D': 3}","[0.75, 0.75, 1.0]",3.92
93,"[1, 3, 4]","[2, 2, 5]","[0.58, 0.58, 0.79]","[['A', 'C', 'B', 'D'], ['A', 'C', 'B', 'D'], ['B', 'C', 'D', 'A']]","{'C': 5, 'A': 4, 'B': 3, 'D': 3}","[0.75, 0.75, 1.0]",3.92
93,"[1, 3, 4]","[2, 2, 5]","[0.58, 0.58, 0.79]","[['A', 'C', 'B', 'D'], ['A', 'C', 'B', 'D'], ['B', 'D', 'C', 'A']]","{'C': 5, 'A': 4, 'B': 3, 'D': 3}","[0.75, 0.75, 1.0]",3.92
93,"[1, 3, 4]","[2, 2, 5]","[0.58, 0.58, 0.79]","[['A', 'C', 'B', 'D'], ['A', 'C', 'B', 'D'], ['C', 'B', 'D', 'A']]","{'C': 5, 'A': 4, 'B': 3, 'D': 3}","[0.75, 0.75, 1.0]",3.92
93,"[1, 3, 4]","[2, 2, 5]","[0.58, 0.58, 0.79]","[['A', 'C', 'B', 'D'], ['A', 'C', 'B', 'D'], ['C', 'D', 'B', 'A']]","{'C': 5, 'A': 4, 'B': 3, 'D': 3}","[0.75, 0.75, 1.0]",3.92
93,"[1, 3, 4]","[2, 2, 5]","[0.58, 0.58, 0.79]","[['A', 'C', 'B', 'D'], ['A', 'C', 'B', 'D'], ['D', 'B', 'C', 'A']]","{'C': 5, 'A': 4, 'B': 3, 'D': 3}","[0.75, 0.75, 1.0]",3.92
93,"[1, 3, 4]","[2, 2, 5]","[0.58, 0.58, 0.79]","[['A', 'C', 'B', 'D'], ['A', 'C', 'B', 'D'], ['D', 'C', 'B', 'A']]","{'C': 5, 'A': 4, 'B': 3, 'D': 3}","[0.75, 0.75, 1.0]",3.92
93,"[1, 3, 4]","[2, 2, 5]","[0.58, 0.58, 0.79]","[['A', 'C', 'B', 'D'], ['B', 'A', 'C', 'D'], ['B', 'C', 'D', 'A']]","{'C': 5, 'A': 4, 'B': 3, 'D': 3}","[0.75, 0.75, 1.0]",3.92
93,"[1, 3, 4]","[2, 2, 5]","[0.58, 0.58, 0.79]","[['A', 'C', 'B', 'D'], ['B', 'A', 'C', 'D'], ['B', 'D', 'C', 'A']]","{'C': 5, 'A': 4, 'B': 3, 'D': 3}","[0.75, 0.75, 1.0]",3.92
93,"[1, 3, 4]","[2, 2, 5]","[0.58, 0.58, 0.79]","[['A', 'C', 'B', 'D'], ['B', 'A', 'C', 'D'], ['C', 'B', 'D', 'A']]","{'C': 5, 'A': 4, 'B': 3, 'D': 3}","[0.75, 0.75, 1.0]",3.92
93,"[1, 3, 4]","[2, 2, 5]","[0.58, 0.58, 0.79]","[['A', 'C', 'B', 'D'], ['B', 'A', 'C', 'D'], ['C', 'D', 'B', 'A']]","{'C': 5, 'A': 4, 'B': 3, 'D': 3}","[0.75, 0.75, 1.0]",3.92
93,"[1, 3, 4]","[2, 2, 5]","[0.58, 0.58, 0.79]","[['A', 'C', 'B', 'D'], ['B', 'A', 'C', 'D'], ['D', 'B', 'C', 'A']]","{'C': 5, 'A': 4, 'B': 3, 'D': 3}","[0.75, 0.75, 1.0]",3.92
93,"[1, 3, 4]","[2, 2, 5]","[0.58, 0.58, 0.79]","[['A', 'C', 'B', 'D'], ['B', 'A', 'C', 'D'], ['D', 'C', 'B', 'A']]","{'C': 5, 'A': 4, 'B': 3, 'D': 3}","[0.75, 0.75, 1.0]",3.92
93,"[1, 3, 4]","[2, 2, 5]","[0.58, 0.58, 0.79]","[['A', 'C', 'B', 'D'], ['B', 'C', 'A', 'D'], ['B', 'C', 'D', 'A']]","{'C': 5, 'A': 4, 'B': 3, 'D': 3}","[0.75, 0.75, 1.0]",3.92
93,"[1, 3, 4]","[2, 2, 5]","[0.58, 0.58, 0.79]","[['A', 'C', 'B', 'D'], ['B', 'C', 'A', 'D'], ['B', 'D', 'C', 'A']]","{'C': 5, 'A': 4, 'B': 3, 'D': 3}","[0.75, 0.75, 1.0]",3.92
93,"[1, 3, 4]","[2, 2, 5]","[0.58, 0.58, 0.79]","[['A', 'C', 'B', 'D'], ['B', 'C', 'A', 'D'], ['C', 'B', 'D', 'A']]","{'C': 5, 'A': 4, 'B': 3, 'D': 3}","[0.75, 0.75, 1.0]",3.92
93,"[1, 3, 4]","[2, 2, 5]","[0.58, 0.58, 0.79]","[['A', 'C', 'B', 'D'], ['B', 'C', 'A', 'D'], ['C', 'D', 'B', 'A']]","{'C': 5, 'A': 4, 'B': 3, 'D': 3}","[0.75, 0.75, 1.0]",3.92
93,"[1, 3, 4]","[2, 2, 5]","[0.58, 0.58, 0.79]","[['A', 'C', 'B', 'D'], ['B', 'C', 'A', 'D'], ['D', 'B', 'C', 'A']]","{'C': 5, 'A': 4, 'B': 3, 'D': 3}","[0.75, 0.75, 1.0]",3.92
93,"[1, 3, 4]","[2, 2, 5]","[0.58, 0.58, 0.79]","[['A', 'C', 'B', 'D'], ['B', 'C', 'A', 'D'], ['D', 'C', 'B', 'A']]","{'C': 5, 'A': 4, 'B': 3, 'D': 3}","[0.75, 0.75, 1.0]",3.92
93,"[1, 3, 4]","[2, 2, 5]","[0.58, 0.58, 0.79]","[['A', 'C', 'B', 'D'], ['B', 'C', 'D', 'A'], ['A', 'B', 'C', 'D']]","{'C': 5, 'A': 4, 'B': 3, 'D': 3}","[0.75, 0.75, 1.0]",3.92
93,"[1, 3, 4]","[2, 2, 5]","[0.58, 0.58, 0.79]","[['A', 'C', 'B', 'D'], ['B', 'C', 'D', 'A'], ['A', 'C', 'B', 'D']]","{'C': 5, 'A': 4, 'B': 3, 'D': 3}","[0.75, 0.75, 1.0]",3.92
93,"[1, 3, 4]","[2, 2, 5]","[0.58, 0.58, 0.79]","[['A', 'C', 'B', 'D'], ['B', 'C', 'D', 'A'], ['B', 'A', 'C', 'D']]","{'C': 5, 'A': 4, 'B': 3, 'D': 3}","[0.75, 0.75, 1.0]",3.92
93,"[1, 3, 4]","[2, 2, 5]","[0.58, 0.58, 0.79]","[['A', 'C', 'B', 'D'], ['B', 'C', 'D', 'A'], ['B', 'C', 'A', 'D']]","{'C': 5, 'A': 4, 'B': 3, 'D': 3}","[0.75, 0.75, 1.0]",3.92
93,"[1, 3, 4]","[2, 2, 5]","[0.58, 0.58, 0.79]","[['A', 'C', 'B', 'D'], ['B', 'C', 'D', 'A'], ['C', 'A', 'B', 'D']]","{'C': 5, 'A': 4, 'B': 3, 'D': 3}","[0.75, 0.75, 1.0]",3.92
93,"[1, 3, 4]","[2, 2, 5]","[0.58, 0.58, 0.79]","[['A', 'C', 'B', 'D'], ['B', 'C', 'D', 'A'], ['C', 'B', 'A', 'D']]","{'C': 5, 'A': 4, 'B': 3, 'D': 3}","[0.75, 0.75, 1.0]",3.92
93,"[1, 3, 4]","[2, 2, 5]","[0.58, 0.58, 0.79]","[['A', 'C', 'B', 'D'], ['B', 'D', 'C', 'A'], ['A', 'B', 'C', 'D']]","{'C': 5, 'A': 4, 'B': 3, 'D': 3}","[0.75, 0.75, 1.0]",3.92
93,"[1, 3, 4]","[2, 2, 5]","[0.58, 0.58, 0.79]","[['A', 'C', 'B', 'D'], ['B', 'D', 'C', 'A'], ['A', 'C', 'B', 'D']]","{'C': 5, 'A': 4, 'B': 3, 'D': 3}","[0.75, 0.75, 1.0]",3.92
93,"[1, 3, 4]","[2, 2, 5]","[0.58, 0.58, 0.79]","[['A', 'C', 'B', 'D'], ['B', 'D', 'C', 'A'], ['B', 'A', 'C', 'D']]","{'C': 5, 'A': 4, 'B': 3, 'D': 3}","[0.75, 0.75, 1.0]",3.92
93,"[1, 3, 4]","[2, 2, 5]","[0.58, 0.58, 0.79]","[['A', 'C', 'B', 'D'], ['B', 'D', 'C', 'A'], ['B', 'C', 'A', 'D']]","{'C': 5, 'A': 4, 'B': 3, 'D': 3}","[0.75, 0.75, 1.0]",3.92
93,"[1, 3, 4]","[2, 2, 5]","[0.58, 0.58, 0.79]","[['A', 'C', 'B', 'D'], ['B', 'D', 'C', 'A'], ['C', 'A', 'B', 'D']]","{'C': 5, 'A': 4, 'B': 3, 'D': 3}","[0.75, 0.75, 1.0]",3.92
93,"[1, 3, 4]","[2, 2, 5]","[0.58, 0.58, 0.79]","[['A', 'C', 'B', 'D'], ['B', 'D', 'C', 'A'], ['C', 'B', 'A', 'D']]","{'C': 5, 'A': 4, 'B': 3, 'D': 3}","[0.75, 0.75, 1.0]",3.92
93,"[1, 3, 4]","[2, 2, 5]","[0.58, 0.58, 0.79]","[['A', 'C', 'B', 'D'], ['C', 'A', 'B', 'D'], ['B', 'C', 'D', 'A']]","{'C': 5, 'A': 4, 'B': 3, 'D': 3}","[0.75, 0.75, 1.0]",3.92
93,"[1, 3, 4]","[2, 2, 5]","[0.58, 0.58, 0.79]","[['A', 'C', 'B', 'D'], ['C', 'A', 'B', 'D'], ['B', 'D', 'C', 'A']]","{'C': 5, 'A': 4, 'B': 3, 'D': 3}","[0.75, 0.75, 1.0]",3.92
93,"[1, 3, 4]","[2, 2, 5]","[0.58, 0.58, 0.79]","[['A', 'C', 'B', 'D'], ['C', 'A', 'B', 'D'], ['C', 'B', 'D', 'A']]","{'C': 5, 'A': 4, 'B': 3, 'D': 3}","[0.75, 0.75, 1.0]",3.92
93,"[1, 3, 4]","[2, 2, 5]","[0.58, 0.58, 0.79]","[['A', 'C', 'B', 'D'], ['C', 'A', 'B', 'D'], ['C', 'D', 'B', 'A']]","{'C': 5, 'A': 4, 'B': 3, 'D': 3}","[0.75, 0.75, 1.0]",3.92
93,"[1, 3, 4]","[2, 2, 5]","[0.58, 0.58, 0.79]","[['A', 'C', 'B', 'D'], ['C', 'A', 'B', 'D'], ['D', 'B', 'C', 'A']]","{'C': 5, 'A': 4, 'B': 3, 'D': 3}","[0.75, 0.75, 1.0]",3.92
93,"[1, 3, 4]","[2, 2, 5]","[0.58, 0.58, 0.79]","[['A', 'C', 'B', 'D'], ['C', 'A', 'B', 'D'], ['D', 'C', 'B', 'A']]","{'C': 5, 'A': 4, 'B': 3, 'D': 3}","[0.75, 0.75, 1.0]",3.92
93,"[1, 3, 4]","[2, 2, 5]","[0.58, 0.58, 0.79]","[['A', 'C', 'B', 'D'], ['C', 'B', 'A', 'D'], ['B', 'C', 'D', 'A']]","{'C': 5, 'A': 4, 'B': 3, 'D': 3}","[0.75, 0.75, 1.0]",3.92
93,"[1, 3, 4]","[2, 2, 5]","[0.58, 0.58, 0.79]","[['A', 'C', 'B', 'D'], ['C', 'B', 'A', 'D'], ['B', 'D', 'C', 'A']]","{'C': 5, 'A': 4, 'B': 3, 'D': 3}","[0.75, 0.75, 1.0]",3.92
93,"[1, 3, 4]","[2, 2, 5]","[0.58, 0.58, 0.79]","[['A', 'C', 'B', 'D'], ['C', 'B', 'A', 'D'], ['C', 'B', 'D', 'A']]","{'C': 5, 'A': 4, 'B': 3, 'D': 3}","[0.75, 0.75, 1.0]",3.92
93,"[1, 3, 4]","[2, 2, 5]","[0.58, 0.58, 0.79]","[['A', 'C', 'B', 'D'], ['C', 'B', 'A', 'D'], ['C', 'D', 'B', 'A']]","{'C': 5, 'A': 4, 'B': 3, 'D': 3}","[0.75, 0.75, 1.0]",3.92
93,"[1, 3, 4]","[2, 2, 5]","[0.58, 0.58, 0.79]","[['A', 'C', 'B', 'D'], ['C', 'B', 'A', 'D'], ['D', 'B', 'C', 'A']]","{'C': 5, 'A': 4, 'B': 3, 'D': 3}","[0.75, 0.75, 1.0]",3.92
93,"[1, 3, 4]","[2, 2, 5]","[0.58, 0.58, 0.79]","[['A', 'C', 'B', 'D'], ['C', 'B', 'A', 'D'], ['D', 'C', 'B', 'A']]","{'C': 5, 'A': 4, 'B': 3, 'D': 3}","[0.75, 0.75, 1.0]",3.92
93,"[1, 3, 4]","[2, 2, 5]","[0.58, 0.58, 0.79]","[['A', 'C', 'B', 'D'], ['C', 'B', 'D', 'A'], ['A', 'B', 'C', 'D']]","{'C': 5, 'A': 4, 'B': 3, 'D': 3}","[0.75, 0.75, 1.0]",3.92
93,"[1, 3, 4]","[2, 2, 5]","[0.58, 0.58, 0.79]","[['A', 'C', 'B', 'D'], ['C', 'B', 'D', 'A'], ['A', 'C', 'B', 'D']]","{'C': 5, 'A': 4, 'B': 3, 'D': 3}","[0.75, 0.75, 1.0]",3.92
93,"[1, 3, 4]","[2, 2, 5]","[0.58, 0.58, 0.79]","[['A', 'C', 'B', 'D'], ['C', 'B', 'D', 'A'], ['B', 'A', 'C', 'D']]","{'C': 5, 'A': 4, 'B': 3, 'D': 3}","[0.75, 0.75, 1.0]",3.92
93,"[1, 3, 4]","[2, 2, 5]","[0.58, 0.58, 0.79]","[['A', 'C', 'B', 'D'], ['C', 'B', 'D', 'A'], ['B', 'C', 'A', 'D']]","{'C': 5, 'A': 4, 'B': 3, 'D': 3}","[0.75, 0.75, 1.0]",3.92
93,"[1, 3, 4]","[2, 2, 5]","[0.58, 0.58, 0.79]","[['A', 'C', 'B', 'D'], ['C', 'B', 'D', 'A'], ['C', 'A', 'B', 'D']]","{'C': 5, 'A': 4, 'B': 3, 'D': 3}","[0.75, 0.75, 1.0]",3.92
93,"[1, 3, 4]","[2, 2, 5]","[0.58, 0.58, 0.79]","[['A', 'C', 'B', 'D'], ['C', 'B', 'D', 'A'], ['C', 'B', 'A', 'D']]","{'C': 5, 'A': 4, 'B': 3, 'D': 3}","[0.75, 0.75, 1.0]",3.92
93,"[1, 3, 4]","[2, 2, 5]","[0.58, 0.58, 0.79]","[['A', 'C', 'B', 'D'], ['C', 'D', 'B', 'A'], ['A', 'B', 'C', 'D']]","{'C': 5, 'A': 4, 'B': 3, 'D': 3}","[0.75, 0.75, 1.0]",3.92
93,"[1, 3, 4]","[2, 2, 5]","[0.58, 0.58, 0.79]","[['A', 'C', 'B', 'D'], ['C', 'D', 'B', 'A'], ['A', 'C', 'B', 'D']]","{'C': 5, 'A': 4, 'B': 3, 'D': 3}","[0.75, 0.75, 1.0]",3.92
93,"[1, 3, 4]","[2, 2, 5]","[0.58, 0.58, 0.79]","[['A', 'C', 'B', 'D'], ['C', 'D', 'B', 'A'], ['B', 'A', 'C', 'D']]","{'C': 5, 'A': 4, 'B': 3, 'D': 3}","[0.75, 0.75, 1.0]",3.92
93,"[1, 3, 4]","[2, 2, 5]","[0.58, 0.58, 0.79]","[['A', 'C', 'B', 'D'], ['C', 'D', 'B', 'A'], ['B', 'C', 'A', 'D']]","{'C': 5, 'A': 4, 'B': 3, 'D': 3}","[0.75, 0.75, 1.0]",3.92
93,"[1, 3, 4]","[2, 2, 5]","[0.58, 0.58, 0.79]","[['A', 'C', 'B', 'D'], ['C', 'D', 'B', 'A'], ['C', 'A', 'B', 'D']]","{'C': 5, 'A': 4, 'B': 3, 'D': 3}","[0.75, 0.75, 1.0]",3.92
93,"[1, 3, 4]","[2, 2, 5]","[0.58, 0.58, 0.79]","[['A', 'C', 'B', 'D'], ['C', 'D', 'B', 'A'], ['C', 'B', 'A', 'D']]","{'C': 5, 'A': 4, 'B': 3, 'D': 3}","[0.75, 0.75, 1.0]",3.92
93,"[1, 3, 4]","[2, 2, 5]","[0.58, 0.58, 0.79]","[['A', 'C', 'B', 'D'], ['D', 'B', 'C', 'A'], ['A', 'B', 'C', 'D']]","{'C': 5, 'A': 4, 'B': 3, 'D': 3}","[0.75, 0.75, 1.0]",3.92
93,"[1, 3, 4]","[2, 2, 5]","[0.58, 0.58, 0.79]","[['A', 'C', 'B', 'D'], ['D', 'B', 'C', 'A'], ['A', 'C', 'B', 'D']]","{'C': 5, 'A': 4, 'B': 3, 'D': 3}","[0.75, 0.75, 1.0]",3.92
93,"[1, 3, 4]","[2, 2, 5]","[0.58, 0.58, 0.79]","[['A', 'C', 'B', 'D'], ['D', 'B', 'C', 'A'], ['B', 'A', 'C', 'D']]","{'C': 5, 'A': 4, 'B': 3, 'D': 3}","[0.75, 0.75, 1.0]",3.92
93,"[1, 3, 4]","[2, 2, 5]","[0.58, 0.58, 0.79]","[['A', 'C', 'B', 'D'], ['D', 'B', 'C', 'A'], ['B', 'C', 'A', 'D']]","{'C': 5, 'A': 4, 'B': 3, 'D': 3}","[0.75, 0.75, 1.0]",3.92
93,"[1, 3, 4]","[2, 2, 5]","[0.58, 0.58, 0.79]","[['A', 'C', 'B', 'D'], ['D', 'B', 'C', 'A'], ['C', 'A', 'B', 'D']]","{'C': 5, 'A': 4, 'B': 3, 'D': 3}","[0.75, 0.75, 1.0]",3.92
93,"[1, 3, 4]","[2, 2, 5]","[0.58, 0.58, 0.79]","[['A', 'C', 'B', 'D'], ['D', 'B', 'C', 'A'], ['C', 'B', 'A', 'D']]","{'C': 5, 'A': 4, 'B': 3, 'D': 3}","[0.75, 0.75, 1.0]",3.92
93,"[1, 3, 4]","[2, 2, 5]","[0.58, 0.58, 0.79]","[['A', 'C', 'B', 'D'], ['D', 'C', 'B', 'A'], ['A', 'B', 'C', 'D']]","{'C': 5, 'A': 4, 'B': 3, 'D': 3}","[0.75, 0.75, 1.0]",3.92
93,"[1, 3, 4]","[2, 2, 5]","[0.58, 0.58, 0.79]","[['A', 'C', 'B', 'D'], ['D', 'C', 'B', 'A'], ['A', 'C', 'B', 'D']]","{'C': 5, 'A': 4, 'B': 3, 'D': 3}","[0.75, 0.75, 1.0]",3.92
93,"[1, 3, 4]","[2, 2, 5]","[0.58, 0.58, 0.79]","[['A', 'C', 'B', 'D'], ['D', 'C', 'B', 'A'], ['B', 'A', 'C', 'D']]","{'C': 5, 'A': 4, 'B': 3, 'D': 3}","[0.75, 0.75, 1.0]",3.92
93,"[1, 3, 4]","[2, 2, 5]","[0.58, 0.58, 0.79]","[['A', 'C', 'B', 'D'], ['D', 'C', 'B', 'A'], ['B', 'C', 'A', 'D']]","{'C': 5, 'A': 4, 'B': 3, 'D': 3}","[0.75, 0.75, 1.0]",3.92
93,"[1, 3, 4]","[2, 2, 5]","[0.58, 0.58, 0.79]","[['A', 'C', 'B', 'D'], ['D', 'C', 'B', 'A'], ['C', 'A', 'B', 'D']]","{'C': 5, 'A': 4, 'B': 3, 'D': 3}","[0.75, 0.75, 1.0]",3.92
93,"[1, 3, 4]","[2, 2, 5]","[0.58, 0.58, 0.79]","[['A', 'C', 'B', 'D'], ['D', 'C', 'B', 'A'], ['C', 'B', 'A', 'D']]","{'C': 5, 'A': 4, 'B': 3, 'D': 3}","[0.75, 0.75, 1.0]",3.92
93,"[1, 3, 4]","[2, 2, 5]","[0.58, 0.58, 0.79]","[['B', 'A', 'C', 'D'], ['A', 'B', 'C', 'D'], ['B', 'C', 'D', 'A']]","{'C': 5, 'A': 4, 'B': 3, 'D': 3}","[0.75, 0.75, 1.0]",3.92
93,"[1, 3, 4]","[2, 2, 5]","[0.58, 0.58, 0.79]","[['B', 'A', 'C', 'D'], ['A', 'B', 'C', 'D'], ['B', 'D', 'C', 'A']]","{'C': 5, 'A': 4, 'B': 3, 'D': 3}","[0.75, 0.75, 1.0]",3.92
93,"[1, 3, 4]","[2, 2, 5]","[0.58, 0.58, 0.79]","[['B', 'A', 'C', 'D'], ['A', 'B', 'C', 'D'], ['C', 'B', 'D', 'A']]","{'C': 5, 'A': 4, 'B': 3, 'D': 3}","[0.75, 0.75, 1.0]",3.92
93,"[1, 3, 4]","[2, 2, 5]","[0.58, 0.58, 0.79]","[['B', 'A', 'C', 'D'], ['A', 'B', 'C', 'D'], ['C', 'D', 'B', 'A']]","{'C': 5, 'A': 4, 'B': 3, 'D': 3}","[0.75, 0.75, 1.0]",3.92
93,"[1, 3, 4]","[2, 2, 5]","[0.58, 0.58, 0.79]","[['B', 'A', 'C', 'D'], ['A', 'B', 'C', 'D'], ['D', 'B', 'C', 'A']]","{'C': 5, 'A': 4, 'B': 3, 'D': 3}","[0.75, 0.75, 1.0]",3.92
93,"[1, 3, 4]","[2, 2, 5]","[0.58, 0.58, 0.79]","[['B', 'A', 'C', 'D'], ['A', 'B', 'C', 'D'], ['D', 'C', 'B', 'A']]","{'C': 5, 'A': 4, 'B': 3, 'D': 3}","[0.75, 0.75, 1.0]",3.92
93,"[1, 3, 4]","[2, 2, 5]","[0.58, 0.58, 0.79]","[['B', 'A', 'C', 'D'], ['A', 'C', 'B', 'D'], ['B', 'C', 'D', 'A']]","{'C': 5, 'A': 4, 'B': 3, 'D': 3}","[0.75, 0.75, 1.0]",3.92
93,"[1, 3, 4]","[2, 2, 5]","[0.58, 0.58, 0.79]","[['B', 'A', 'C', 'D'], ['A', 'C', 'B', 'D'], ['B', 'D', 'C', 'A']]","{'C': 5, 'A': 4, 'B': 3, 'D': 3}","[0.75, 0.75, 1.0]",3.92
93,"[1, 3, 4]","[2, 2, 5]","[0.58, 0.58, 0.79]","[['B', 'A', 'C', 'D'], ['A', 'C', 'B', 'D'], ['C', 'B', 'D', 'A']]","{'C': 5, 'A': 4, 'B': 3, 'D': 3}","[0.75, 0.75, 1.0]",3.92
93,"[1, 3, 4]","[2, 2, 5]","[0.58, 0.58, 0.79]","[['B', 'A', 'C', 'D'], ['A', 'C', 'B', 'D'], ['C', 'D', 'B', 'A']]","{'C': 5, 'A': 4, 'B': 3, 'D': 3}","[0.75, 0.75, 1.0]",3.92
93,"[1, 3, 4]","[2, 2, 5]","[0.58, 0.58, 0.79]","[['B', 'A', 'C', 'D'], ['A', 'C', 'B', 'D'], ['D', 'B', 'C', 'A']]","{'C': 5, 'A': 4, 'B': 3, 'D': 3}","[0.75, 0.75, 1.0]",3.92
93,"[1, 3, 4]","[2, 2, 5]","[0.58, 0.58, 0.79]","[['B', 'A', 'C', 'D'], ['A', 'C', 'B', 'D'], ['D', 'C', 'B', 'A']]","{'C': 5, 'A': 4, 'B': 3, 'D': 3}","[0.75, 0.75, 1.0]",3.92
93,"[1, 3, 4]","[2, 2, 5]","[0.58, 0.58, 0.79]","[['B', 'A', 'C', 'D'], ['B', 'A', 'C', 'D'], ['B', 'C', 'D', 'A']]","{'C': 5, 'A': 4, 'B': 3, 'D': 3}","[0.75, 0.75, 1.0]",3.92
93,"[1, 3, 4]","[2, 2, 5]","[0.58, 0.58, 0.79]","[['B', 'A', 'C', 'D'], ['B', 'A', 'C', 'D'], ['B', 'D', 'C', 'A']]","{'C': 5, 'A': 4, 'B': 3, 'D': 3}","[0.75, 0.75, 1.0]",3.92
93,"[1, 3, 4]","[2, 2, 5]","[0.58, 0.58, 0.79]","[['B', 'A', 'C', 'D'], ['B', 'A', 'C', 'D'], ['C', 'B', 'D', 'A']]","{'C': 5, 'A': 4, 'B': 3, 'D': 3}","[0.75, 0.75, 1.0]",3.92
93,"[1, 3, 4]","[2, 2, 5]","[0.58, 0.58, 0.79]","[['B', 'A', 'C', 'D'], ['B', 'A', 'C', 'D'], ['C', 'D', 'B', 'A']]","{'C': 5, 'A': 4, 'B': 3, 'D': 3}","[0.75, 0.75, 1.0]",3.92
93,"[1, 3, 4]","[2, 2, 5]","[0.58, 0.58, 0.79]","[['B', 'A', 'C', 'D'], ['B', 'A', 'C', 'D'], ['D', 'B', 'C', 'A']]","{'C': 5, 'A': 4, 'B': 3, 'D': 3}","[0.75, 0.75, 1.0]",3.92
93,"[1, 3, 4]","[2, 2, 5]","[0.58, 0.58, 0.79]","[['B', 'A', 'C', 'D'], ['B', 'A', 'C', 'D'], ['D', 'C', 'B', 'A']]","{'C': 5, 'A': 4, 'B': 3, 'D': 3}","[0.75, 0.75, 1.0]",3.92
93,"[1, 3, 4]","[2, 2, 5]","[0.58, 0.58, 0.79]","[['B', 'A', 'C', 'D'], ['B', 'C', 'A', 'D'], ['B', 'C', 'D', 'A']]","{'C': 5, 'A': 4, 'B': 3, 'D': 3}","[0.75, 0.75, 1.0]",3.92
93,"[1, 3, 4]","[2, 2, 5]","[0.58, 0.58, 0.79]","[['B', 'A', 'C', 'D'], ['B', 'C', 'A', 'D'], ['B', 'D', 'C', 'A']]","{'C': 5, 'A': 4, 'B': 3, 'D': 3}","[0.75, 0.75, 1.0]",3.92
93,"[1, 3, 4]","[2, 2, 5]","[0.58, 0.58, 0.79]","[['B', 'A', 'C', 'D'], ['B', 'C', 'A', 'D'], ['C', 'B', 'D', 'A']]","{'C': 5, 'A': 4, 'B': 3, 'D': 3}","[0.75, 0.75, 1.0]",3.92
93,"[1, 3, 4]","[2, 2, 5]","[0.58, 0.58, 0.79]","[['B', 'A', 'C', 'D'], ['B', 'C', 'A', 'D'], ['C', 'D', 'B', 'A']]","{'C': 5, 'A': 4, 'B': 3, 'D': 3}","[0.75, 0.75, 1.0]",3.92
93,"[1, 3, 4]","[2, 2, 5]","[0.58, 0.58, 0.79]","[['B', 'A', 'C', 'D'], ['B', 'C', 'A', 'D'], ['D', 'B', 'C', 'A']]","{'C': 5, 'A': 4, 'B': 3, 'D': 3}","[0.75, 0.75, 1.0]",3.92
93,"[1, 3, 4]","[2, 2, 5]","[0.58, 0.58, 0.79]","[['B', 'A', 'C', 'D'], ['B', 'C', 'A', 'D'], ['D', 'C', 'B', 'A']]","{'C': 5, 'A': 4, 'B': 3, 'D': 3}","[0.75, 0.75, 1.0]",3.92
93,"[1, 3, 4]","[2, 2, 5]","[0.58, 0.58, 0.79]","[['B', 'A', 'C', 'D'], ['B', 'C', 'D', 'A'], ['A', 'B', 'C', 'D']]","{'C': 5, 'A': 4, 'B': 3, 'D': 3}","[0.75, 0.75, 1.0]",3.92
93,"[1, 3, 4]","[2, 2, 5]","[0.58, 0.58, 0.79]","[['B', 'A', 'C', 'D'], ['B', 'C', 'D', 'A'], ['A', 'C', 'B', 'D']]","{'C': 5, 'A': 4, 'B': 3, 'D': 3}","[0.75, 0.75, 1.0]",3.92
93,"[1, 3, 4]","[2, 2, 5]","[0.58, 0.58, 0.79]","[['B', 'A', 'C', 'D'], ['B', 'C', 'D', 'A'], ['B', 'A', 'C', 'D']]","{'C': 5, 'A': 4, 'B': 3, 'D': 3}","[0.75, 0.75, 1.0]",3.92
93,"[1, 3, 4]","[2, 2, 5]","[0.58, 0.58, 0.79]","[['B', 'A', 'C', 'D'], ['B', 'C', 'D', 'A'], ['B', 'C', 'A', 'D']]","{'C': 5, 'A': 4, 'B': 3, 'D': 3}","[0.75, 0.75, 1.0]",3.92
93,"[1, 3, 4]","[2, 2, 5]","[0.58, 0.58, 0.79]","[['B', 'A', 'C', 'D'], ['B', 'C', 'D', 'A'], ['C', 'A', 'B', 'D']]","{'C': 5, 'A': 4, 'B': 3, 'D': 3}","[0.75, 0.75, 1.0]",3.92
93,"[1, 3, 4]","[2, 2, 5]","[0.58, 0.58, 0.79]","[['B', 'A', 'C', 'D'], ['B', 'C', 'D', 'A'], ['C', 'B', 'A', 'D']]","{'C': 5, 'A': 4, 'B': 3, 'D': 3}","[0.75, 0.75, 1.0]",3.92
93,"[1, 3, 4]","[2, 2, 5]","[0.58, 0.58, 0.79]","[['B', 'A', 'C', 'D'], ['B', 'D', 'C', 'A'], ['A', 'B', 'C', 'D']]","{'C': 5, 'A': 4, 'B': 3, 'D': 3}","[0.75, 0.75, 1.0]",3.92
93,"[1, 3, 4]","[2, 2, 5]","[0.58, 0.58, 0.79]","[['B', 'A', 'C', 'D'], ['B', 'D', 'C', 'A'], ['A', 'C', 'B', 'D']]","{'C': 5, 'A': 4, 'B': 3, 'D': 3}","[0.75, 0.75, 1.0]",3.92
93,"[1, 3, 4]","[2, 2, 5]","[0.58, 0.58, 0.79]","[['B', 'A', 'C', 'D'], ['B', 'D', 'C', 'A'], ['B', 'A', 'C', 'D']]","{'C': 5, 'A': 4, 'B': 3, 'D': 3}","[0.75, 0.75, 1.0]",3.92
93,"[1, 3, 4]","[2, 2, 5]","[0.58, 0.58, 0.79]","[['B', 'A', 'C', 'D'], ['B', 'D', 'C', 'A'], ['B', 'C', 'A', 'D']]","{'C': 5, 'A': 4, 'B': 3, 'D': 3}","[0.75, 0.75, 1.0]",3.92
93,"[1, 3, 4]","[2, 2, 5]","[0.58, 0.58, 0.79]","[['B', 'A', 'C', 'D'], ['B', 'D', 'C', 'A'], ['C', 'A', 'B', 'D']]","{'C': 5, 'A': 4, 'B': 3, 'D': 3}","[0.75, 0.75, 1.0]",3.92
93,"[1, 3, 4]","[2, 2, 5]","[0.58, 0.58, 0.79]","[['B', 'A', 'C', 'D'], ['B', 'D', 'C', 'A'], ['C', 'B', 'A', 'D']]","{'C': 5, 'A': 4, 'B': 3, 'D': 3}","[0.75, 0.75, 1.0]",3.92
93,"[1, 3, 4]","[2, 2, 5]","[0.58, 0.58, 0.79]","[['B', 'A', 'C', 'D'], ['C', 'A', 'B', 'D'], ['B', 'C', 'D', 'A']]","{'C': 5, 'A': 4, 'B': 3, 'D': 3}","[0.75, 0.75, 1.0]",3.92
93,"[1, 3, 4]","[2, 2, 5]","[0.58, 0.58, 0.79]","[['B', 'A', 'C', 'D'], ['C', 'A', 'B', 'D'], ['B', 'D', 'C', 'A']]","{'C': 5, 'A': 4, 'B': 3, 'D': 3}","[0.75, 0.75, 1.0]",3.92
93,"[1, 3, 4]","[2, 2, 5]","[0.58, 0.58, 0.79]","[['B', 'A', 'C', 'D'], ['C', 'A', 'B', 'D'], ['C', 'B', 'D', 'A']]","{'C': 5, 'A': 4, 'B': 3, 'D': 3}","[0.75, 0.75, 1.0]",3.92
93,"[1, 3, 4]","[2, 2, 5]","[0.58, 0.58, 0.79]","[['B', 'A', 'C', 'D'], ['C', 'A', 'B', 'D'], ['C', 'D', 'B', 'A']]","{'C': 5, 'A': 4, 'B': 3, 'D': 3}","[0.75, 0.75, 1.0]",3.92
93,"[1, 3, 4]","[2, 2, 5]","[0.58, 0.58, 0.79]","[['B', 'A', 'C', 'D'], ['C', 'A', 'B', 'D'], ['D', 'B', 'C', 'A']]","{'C': 5, 'A': 4, 'B': 3, 'D': 3}","[0.75, 0.75, 1.0]",3.92
93,"[1, 3, 4]","[2, 2, 5]","[0.58, 0.58, 0.79]","[['B', 'A', 'C', 'D'], ['C', 'A', 'B', 'D'], ['D', 'C', 'B', 'A']]","{'C': 5, 'A': 4, 'B': 3, 'D': 3}","[0.75, 0.75, 1.0]",3.92
93,"[1, 3, 4]","[2, 2, 5]","[0.58, 0.58, 0.79]","[['B', 'A', 'C', 'D'], ['C', 'B', 'A', 'D'], ['B', 'C', 'D', 'A']]","{'C': 5, 'A': 4, 'B': 3, 'D': 3}","[0.75, 0.75, 1.0]",3.92
93,"[1, 3, 4]","[2, 2, 5]","[0.58, 0.58, 0.79]","[['B', 'A', 'C', 'D'], ['C', 'B', 'A', 'D'], ['B', 'D', 'C', 'A']]","{'C': 5, 'A': 4, 'B': 3, 'D': 3}","[0.75, 0.75, 1.0]",3.92
93,"[1, 3, 4]","[2, 2, 5]","[0.58, 0.58, 0.79]","[['B', 'A', 'C', 'D'], ['C', 'B', 'A', 'D'], ['C', 'B', 'D', 'A']]","{'C': 5, 'A': 4, 'B': 3, 'D': 3}","[0.75, 0.75, 1.0]",3.92
93,"[1, 3, 4]","[2, 2, 5]","[0.58, 0.58, 0.79]","[['B', 'A', 'C', 'D'], ['C', 'B', 'A', 'D'], ['C', 'D', 'B', 'A']]","{'C': 5, 'A': 4, 'B': 3, 'D': 3}","[0.75, 0.75, 1.0]",3.92
93,"[1, 3, 4]","[2, 2, 5]","[0.58, 0.58, 0.79]","[['B', 'A', 'C', 'D'], ['C', 'B', 'A', 'D'], ['D', 'B', 'C', 'A']]","{'C': 5, 'A': 4, 'B': 3, 'D': 3}","[0.75, 0.75, 1.0]",3.92
93,"[1, 3, 4]","[2, 2, 5]","[0.58, 0.58, 0.79]","[['B', 'A', 'C', 'D'], ['C', 'B', 'A', 'D'], ['D', 'C', 'B', 'A']]","{'C': 5, 'A': 4, 'B': 3, 'D': 3}","[0.75, 0.75, 1.0]",3.92
93,"[1, 3, 4]","[2, 2, 5]","[0.58, 0.58, 0.79]","[['B', 'A', 'C', 'D'], ['C', 'B', 'D', 'A'], ['A', 'B', 'C', 'D']]","{'C': 5, 'A': 4, 'B': 3, 'D': 3}","[0.75, 0.75, 1.0]",3.92
93,"[1, 3, 4]","[2, 2, 5]","[0.58, 0.58, 0.79]","[['B', 'A', 'C', 'D'], ['C', 'B', 'D', 'A'], ['A', 'C', 'B', 'D']]","{'C': 5, 'A': 4, 'B': 3, 'D': 3}","[0.75, 0.75, 1.0]",3.92
93,"[1, 3, 4]","[2, 2, 5]","[0.58, 0.58, 0.79]","[['B', 'A', 'C', 'D'], ['C', 'B', 'D', 'A'], ['B', 'A', 'C', 'D']]","{'C': 5, 'A': 4, 'B': 3, 'D': 3}","[0.75, 0.75, 1.0]",3.92
93,"[1, 3, 4]","[2, 2, 5]","[0.58, 0.58, 0.79]","[['B', 'A', 'C', 'D'], ['C', 'B', 'D', 'A'], ['B', 'C', 'A', 'D']]","{'C': 5, 'A': 4, 'B': 3, 'D': 3}","[0.75, 0.75, 1.0]",3.92
93,"[1, 3, 4]","[2, 2, 5]","[0.58, 0.58, 0.79]","[['B', 'A', 'C', 'D'], ['C', 'B', 'D', 'A'], ['C', 'A', 'B', 'D']]","{'C': 5, 'A': 4, 'B': 3, 'D': 3}","[0.75, 0.75, 1.0]",3.92
93,"[1, 3, 4]","[2, 2, 5]","[0.58, 0.58, 0.79]","[['B', 'A', 'C', 'D'], ['C', 'B', 'D', 'A'], ['C', 'B', 'A', 'D']]","{'C': 5, 'A': 4, 'B': 3, 'D': 3}","[0.75, 0.75, 1.0]",3.92
93,"[1, 3, 4]","[2, 2, 5]","[0.58, 0.58, 0.79]","[['B', 'A', 'C', 'D'], ['C', 'D', 'B', 'A'], ['A', 'B', 'C', 'D']]","{'C': 5, 'A': 4, 'B': 3, 'D': 3}","[0.75, 0.75, 1.0]",3.92
93,"[1, 3, 4]","[2, 2, 5]","[0.58, 0.58, 0.79]","[['B', 'A', 'C', 'D'], ['C', 'D', 'B', 'A'], ['A', 'C', 'B', 'D']]","{'C': 5, 'A': 4, 'B': 3, 'D': 3}","[0.75, 0.75, 1.0]",3.92
93,"[1, 3, 4]","[2, 2, 5]","[0.58, 0.58, 0.79]","[['B', 'A', 'C', 'D'], ['C', 'D', 'B', 'A'], ['B', 'A', 'C', 'D']]","{'C': 5, 'A': 4, 'B': 3, 'D': 3}","[0.75, 0.75, 1.0]",3.92
93,"[1, 3, 4]","[2, 2, 5]","[0.58, 0.58, 0.79]","[['B', 'A', 'C', 'D'], ['C', 'D', 'B', 'A'], ['B', 'C', 'A', 'D']]","{'C': 5, 'A': 4, 'B': 3, 'D': 3}","[0.75, 0.75, 1.0]",3.92
93,"[1, 3, 4]","[2, 2, 5]","[0.58, 0.58, 0.79]","[['B', 'A', 'C', 'D'], ['C', 'D', 'B', 'A'], ['C', 'A', 'B', 'D']]","{'C': 5, 'A': 4, 'B': 3, 'D': 3}","[0.75, 0.75, 1.0]",3.92
93,"[1, 3, 4]","[2, 2, 5]","[0.58, 0.58, 0.79]","[['B', 'A', 'C', 'D'], ['C', 'D', 'B', 'A'], ['C', 'B', 'A', 'D']]","{'C': 5, 'A': 4, 'B': 3, 'D': 3}","[0.75, 0.75, 1.0]",3.92
93,"[1, 3, 4]","[2, 2, 5]","[0.58, 0.58, 0.79]","[['B', 'A', 'C', 'D'], ['D', 'B', 'C', 'A'], ['A', 'B', 'C', 'D']]","{'C': 5, 'A': 4, 'B': 3, 'D': 3}","[0.75, 0.75, 1.0]",3.92
93,"[1, 3, 4]","[2, 2, 5]","[0.58, 0.58, 0.79]","[['B', 'A', 'C', 'D'], ['D', 'B', 'C', 'A'], ['A', 'C', 'B', 'D']]","{'C': 5, 'A': 4, 'B': 3, 'D': 3}","[0.75, 0.75, 1.0]",3.92
93,"[1, 3, 4]","[2, 2, 5]","[0.58, 0.58, 0.79]","[['B', 'A', 'C', 'D'], ['D', 'B', 'C', 'A'], ['B', 'A', 'C', 'D']]","{'C': 5, 'A': 4, 'B': 3, 'D': 3}","[0.75, 0.75, 1.0]",3.92
93,"[1, 3, 4]","[2, 2, 5]","[0.58, 0.58, 0.79]","[['B', 'A', 'C', 'D'], ['D', 'B', 'C', 'A'], ['B', 'C', 'A', 'D']]","{'C': 5, 'A': 4, 'B': 3, 'D': 3}","[0.75, 0.75, 1.0]",3.92
93,"[1, 3, 4]","[2, 2, 5]","[0.58, 0.58, 0.79]","[['B', 'A', 'C', 'D'], ['D', 'B', 'C', 'A'], ['C', 'A', 'B', 'D']]","{'C': 5, 'A': 4, 'B': 3, 'D': 3}","[0.75, 0.75, 1.0]",3.92
93,"[1, 3, 4]","[2, 2, 5]","[0.58, 0.58, 0.79]","[['B', 'A', 'C', 'D'], ['D', 'B', 'C', 'A'], ['C', 'B', 'A', 'D']]","{'C': 5, 'A': 4, 'B': 3, 'D': 3}","[0.75, 0.75, 1.0]",3.92
93,"[1, 3, 4]","[2, 2, 5]","[0.58, 0.58, 0.79]","[['B', 'A', 'C', 'D'], ['D', 'C', 'B', 'A'], ['A', 'B', 'C', 'D']]","{'C': 5, 'A': 4, 'B': 3, 'D': 3}","[0.75, 0.75, 1.0]",3.92
93,"[1, 3, 4]","[2, 2, 5]","[0.58, 0.58, 0.79]","[['B', 'A', 'C', 'D'], ['D', 'C', 'B', 'A'], ['A', 'C', 'B', 'D']]","{'C': 5, 'A': 4, 'B': 3, 'D': 3}","[0.75, 0.75, 1.0]",3.92
93,"[1, 3, 4]","[2, 2, 5]","[0.58, 0.58, 0.79]","[['B', 'A', 'C', 'D'], ['D', 'C', 'B', 'A'], ['B', 'A', 'C', 'D']]","{'C': 5, 'A': 4, 'B': 3, 'D': 3}","[0.75, 0.75, 1.0]",3.92
93,"[1, 3, 4]","[2, 2, 5]","[0.58, 0.58, 0.79]","[['B', 'A', 'C', 'D'], ['D', 'C', 'B', 'A'], ['B', 'C', 'A', 'D']]","{'C': 5, 'A': 4, 'B': 3, 'D': 3}","[0.75, 0.75, 1.0]",3.92
93,"[1, 3, 4]","[2, 2, 5]","[0.58, 0.58, 0.79]","[['B', 'A', 'C', 'D'], ['D', 'C', 'B', 'A'], ['C', 'A', 'B', 'D']]","{'C': 5, 'A': 4, 'B': 3, 'D': 3}","[0.75, 0.75, 1.0]",3.92
93,"[1, 3, 4]","[2, 2, 5]","[0.58, 0.58, 0.79]","[['B', 'A', 'C', 'D'], ['D', 'C', 'B', 'A'], ['C', 'B', 'A', 'D']]","{'C': 5, 'A': 4, 'B': 3, 'D': 3}","[0.75, 0.75, 1.0]",3.92
93,"[1, 3, 4]","[2, 2, 5]","[0.58, 0.58, 0.79]","[['B', 'C', 'A', 'D'], ['A', 'B', 'C', 'D'], ['B', 'C', 'D', 'A']]","{'C': 5, 'A': 4, 'B': 3, 'D': 3}","[0.75, 0.75, 1.0]",3.92
93,"[1, 3, 4]","[2, 2, 5]","[0.58, 0.58, 0.79]","[['B', 'C', 'A', 'D'], ['A', 'B', 'C', 'D'], ['B', 'D', 'C', 'A']]","{'C': 5, 'A': 4, 'B': 3, 'D': 3}","[0.75, 0.75, 1.0]",3.92
93,"[1, 3, 4]","[2, 2, 5]","[0.58, 0.58, 0.79]","[['B', 'C', 'A', 'D'], ['A', 'B', 'C', 'D'], ['C', 'B', 'D', 'A']]","{'C': 5, 'A': 4, 'B': 3, 'D': 3}","[0.75, 0.75, 1.0]",3.92
93,"[1, 3, 4]","[2, 2, 5]","[0.58, 0.58, 0.79]","[['B', 'C', 'A', 'D'], ['A', 'B', 'C', 'D'], ['C', 'D', 'B', 'A']]","{'C': 5, 'A': 4, 'B': 3, 'D': 3}","[0.75, 0.75, 1.0]",3.92
93,"[1, 3, 4]","[2, 2, 5]","[0.58, 0.58, 0.79]","[['B', 'C', 'A', 'D'], ['A', 'B', 'C', 'D'], ['D', 'B', 'C', 'A']]","{'C': 5, 'A': 4, 'B': 3, 'D': 3}","[0.75, 0.75, 1.0]",3.92
93,"[1, 3, 4]","[2, 2, 5]","[0.58, 0.58, 0.79]","[['B', 'C', 'A', 'D'], ['A', 'B', 'C', 'D'], ['D', 'C', 'B', 'A']]","{'C': 5, 'A': 4, 'B': 3, 'D': 3}","[0.75, 0.75, 1.0]",3.92
93,"[1, 3, 4]","[2, 2, 5]","[0.58, 0.58, 0.79]","[['B', 'C', 'A', 'D'], ['A', 'C', 'B', 'D'], ['B', 'C', 'D', 'A']]","{'C': 5, 'A': 4, 'B': 3, 'D': 3}","[0.75, 0.75, 1.0]",3.92
93,"[1, 3, 4]","[2, 2, 5]","[0.58, 0.58, 0.79]","[['B', 'C', 'A', 'D'], ['A', 'C', 'B', 'D'], ['B', 'D', 'C', 'A']]","{'C': 5, 'A': 4, 'B': 3, 'D': 3}","[0.75, 0.75, 1.0]",3.92
93,"[1, 3, 4]","[2, 2, 5]","[0.58, 0.58, 0.79]","[['B', 'C', 'A', 'D'], ['A', 'C', 'B', 'D'], ['C', 'B', 'D', 'A']]","{'C': 5, 'A': 4, 'B': 3, 'D': 3}","[0.75, 0.75, 1.0]",3.92
93,"[1, 3, 4]","[2, 2, 5]","[0.58, 0.58, 0.79]","[['B', 'C', 'A', 'D'], ['A', 'C', 'B', 'D'], ['C', 'D', 'B', 'A']]","{'C': 5, 'A': 4, 'B': 3, 'D': 3}","[0.75, 0.75, 1.0]",3.92
93,"[1, 3, 4]","[2, 2, 5]","[0.58, 0.58, 0.79]","[['B', 'C', 'A', 'D'], ['A', 'C', 'B', 'D'], ['D', 'B', 'C', 'A']]","{'C': 5, 'A': 4, 'B': 3, 'D': 3}","[0.75, 0.75, 1.0]",3.92
93,"[1, 3, 4]","[2, 2, 5]","[0.58, 0.58, 0.79]","[['B', 'C', 'A', 'D'], ['A', 'C', 'B', 'D'], ['D', 'C', 'B', 'A']]","{'C': 5, 'A': 4, 'B': 3, 'D': 3}","[0.75, 0.75, 1.0]",3.92
93,"[1, 3, 4]","[2, 2, 5]","[0.58, 0.58, 0.79]","[['B', 'C', 'A', 'D'], ['B', 'A', 'C', 'D'], ['B', 'C', 'D', 'A']]","{'C': 5, 'A': 4, 'B': 3, 'D': 3}","[0.75, 0.75, 1.0]",3.92
93,"[1, 3, 4]","[2, 2, 5]","[0.58, 0.58, 0.79]","[['B', 'C', 'A', 'D'], ['B', 'A', 'C', 'D'], ['B', 'D', 'C', 'A']]","{'C': 5, 'A': 4, 'B': 3, 'D': 3}","[0.75, 0.75, 1.0]",3.92
93,"[1, 3, 4]","[2, 2, 5]","[0.58, 0.58, 0.79]","[['B', 'C', 'A', 'D'], ['B', 'A', 'C', 'D'], ['C', 'B', 'D', 'A']]","{'C': 5, 'A': 4, 'B': 3, 'D': 3}","[0.75, 0.75, 1.0]",3.92
93,"[1, 3, 4]","[2, 2, 5]","[0.58, 0.58, 0.79]","[['B', 'C', 'A', 'D'], ['B', 'A', 'C', 'D'], ['C', 'D', 'B', 'A']]","{'C': 5, 'A': 4, 'B': 3, 'D': 3}","[0.75, 0.75, 1.0]",3.92
93,"[1, 3, 4]","[2, 2, 5]","[0.58, 0.58, 0.79]","[['B', 'C', 'A', 'D'], ['B', 'A', 'C', 'D'], ['D', 'B', 'C', 'A']]","{'C': 5, 'A': 4, 'B': 3, 'D': 3}","[0.75, 0.75, 1.0]",3.92
93,"[1, 3, 4]","[2, 2, 5]","[0.58, 0.58, 0.79]","[['B', 'C', 'A', 'D'], ['B', 'A', 'C', 'D'], ['D', 'C', 'B', 'A']]","{'C': 5, 'A': 4, 'B': 3, 'D': 3}","[0.75, 0.75, 1.0]",3.92
93,"[1, 3, 4]","[2, 2, 5]","[0.58, 0.58, 0.79]","[['B', 'C', 'A', 'D'], ['B', 'C', 'A', 'D'], ['B', 'C', 'D', 'A']]","{'C': 5, 'A': 4, 'B': 3, 'D': 3}","[0.75, 0.75, 1.0]",3.92
93,"[1, 3, 4]","[2, 2, 5]","[0.58, 0.58, 0.79]","[['B', 'C', 'A', 'D'], ['B', 'C', 'A', 'D'], ['B', 'D', 'C', 'A']]","{'C': 5, 'A': 4, 'B': 3, 'D': 3}","[0.75, 0.75, 1.0]",3.92
93,"[1, 3, 4]","[2, 2, 5]","[0.58, 0.58, 0.79]","[['B', 'C', 'A', 'D'], ['B', 'C', 'A', 'D'], ['C', 'B', 'D', 'A']]","{'C': 5, 'A': 4, 'B': 3, 'D': 3}","[0.75, 0.75, 1.0]",3.92
93,"[1, 3, 4]","[2, 2, 5]","[0.58, 0.58, 0.79]","[['B', 'C', 'A', 'D'], ['B', 'C', 'A', 'D'], ['C', 'D', 'B', 'A']]","{'C': 5, 'A': 4, 'B': 3, 'D': 3}","[0.75, 0.75, 1.0]",3.92
93,"[1, 3, 4]","[2, 2, 5]","[0.58, 0.58, 0.79]","[['B', 'C', 'A', 'D'], ['B', 'C', 'A', 'D'], ['D', 'B', 'C', 'A']]","{'C': 5, 'A': 4, 'B': 3, 'D': 3}","[0.75, 0.75, 1.0]",3.92
93,"[1, 3, 4]","[2, 2, 5]","[0.58, 0.58, 0.79]","[['B', 'C', 'A', 'D'], ['B', 'C', 'A', 'D'], ['D', 'C', 'B', 'A']]","{'C': 5, 'A': 4, 'B': 3, 'D': 3}","[0.75, 0.75, 1.0]",3.92
93,"[1, 3, 4]","[2, 2, 5]","[0.58, 0.58, 0.79]","[['B', 'C', 'A', 'D'], ['B', 'C', 'D', 'A'], ['A', 'B', 'C', 'D']]","{'C': 5, 'A': 4, 'B': 3, 'D': 3}","[0.75, 0.75, 1.0]",3.92
93,"[1, 3, 4]","[2, 2, 5]","[0.58, 0.58, 0.79]","[['B', 'C', 'A', 'D'], ['B', 'C', 'D', 'A'], ['A', 'C', 'B', 'D']]","{'C': 5, 'A': 4, 'B': 3, 'D': 3}","[0.75, 0.75, 1.0]",3.92
93,"[1, 3, 4]","[2, 2, 5]","[0.58, 0.58, 0.79]","[['B', 'C', 'A', 'D'], ['B', 'C', 'D', 'A'], ['B', 'A', 'C', 'D']]","{'C': 5, 'A': 4, 'B': 3, 'D': 3}","[0.75, 0.75, 1.0]",3.92
93,"[1, 3, 4]","[2, 2, 5]","[0.58, 0.58, 0.79]","[['B', 'C', 'A', 'D'], ['B', 'C', 'D', 'A'], ['B', 'C', 'A', 'D']]","{'C': 5, 'A': 4, 'B': 3, 'D': 3}","[0.75, 0.75, 1.0]",3.92
93,"[1, 3, 4]","[2, 2, 5]","[0.58, 0.58, 0.79]","[['B', 'C', 'A', 'D'], ['B', 'C', 'D', 'A'], ['C', 'A', 'B', 'D']]","{'C': 5, 'A': 4, 'B': 3, 'D': 3}","[0.75, 0.75, 1.0]",3.92
93,"[1, 3, 4]","[2, 2, 5]","[0.58, 0.58, 0.79]","[['B', 'C', 'A', 'D'], ['B', 'C', 'D', 'A'], ['C', 'B', 'A', 'D']]","{'C': 5, 'A': 4, 'B': 3, 'D': 3}","[0.75, 0.75, 1.0]",3.92
93,"[1, 3, 4]","[2, 2, 5]","[0.58, 0.58, 0.79]","[['B', 'C', 'A', 'D'], ['B', 'D', 'C', 'A'], ['A', 'B', 'C', 'D']]","{'C': 5, 'A': 4, 'B': 3, 'D': 3}","[0.75, 0.75, 1.0]",3.92
93,"[1, 3, 4]","[2, 2, 5]","[0.58, 0.58, 0.79]","[['B', 'C', 'A', 'D'], ['B', 'D', 'C', 'A'], ['A', 'C', 'B', 'D']]","{'C': 5, 'A': 4, 'B': 3, 'D': 3}","[0.75, 0.75, 1.0]",3.92
93,"[1, 3, 4]","[2, 2, 5]","[0.58, 0.58, 0.79]","[['B', 'C', 'A', 'D'], ['B', 'D', 'C', 'A'], ['B', 'A', 'C', 'D']]","{'C': 5, 'A': 4, 'B': 3, 'D': 3}","[0.75, 0.75, 1.0]",3.92
93,"[1, 3, 4]","[2, 2, 5]","[0.58, 0.58, 0.79]","[['B', 'C', 'A', 'D'], ['B', 'D', 'C', 'A'], ['B', 'C', 'A', 'D']]","{'C': 5, 'A': 4, 'B': 3, 'D': 3}","[0.75, 0.75, 1.0]",3.92
93,"[1, 3, 4]","[2, 2, 5]","[0.58, 0.58, 0.79]","[['B', 'C', 'A', 'D'], ['B', 'D', 'C', 'A'], ['C', 'A', 'B', 'D']]","{'C': 5, 'A': 4, 'B': 3, 'D': 3}","[0.75, 0.75, 1.0]",3.92
93,"[1, 3, 4]","[2, 2, 5]","[0.58, 0.58, 0.79]","[['B', 'C', 'A', 'D'], ['B', 'D', 'C', 'A'], ['C', 'B', 'A', 'D']]","{'C': 5, 'A': 4, 'B': 3, 'D': 3}","[0.75, 0.75, 1.0]",3.92
93,"[1, 3, 4]","[2, 2, 5]","[0.58, 0.58, 0.79]","[['B', 'C', 'A', 'D'], ['C', 'A', 'B', 'D'], ['B', 'C', 'D', 'A']]","{'C': 5, 'A': 4, 'B': 3, 'D': 3}","[0.75, 0.75, 1.0]",3.92
93,"[1, 3, 4]","[2, 2, 5]","[0.58, 0.58, 0.79]","[['B', 'C', 'A', 'D'], ['C', 'A', 'B', 'D'], ['B', 'D', 'C', 'A']]","{'C': 5, 'A': 4, 'B': 3, 'D': 3}","[0.75, 0.75, 1.0]",3.92
93,"[1, 3, 4]","[2, 2, 5]","[0.58, 0.58, 0.79]","[['B', 'C', 'A', 'D'], ['C', 'A', 'B', 'D'], ['C', 'B', 'D', 'A']]","{'C': 5, 'A': 4, 'B': 3, 'D': 3}","[0.75, 0.75, 1.0]",3.92
93,"[1, 3, 4]","[2, 2, 5]","[0.58, 0.58, 0.79]","[['B', 'C', 'A', 'D'], ['C', 'A', 'B', 'D'], ['C', 'D', 'B', 'A']]","{'C': 5, 'A': 4, 'B': 3, 'D': 3}","[0.75, 0.75, 1.0]",3.92
93,"[1, 3, 4]","[2, 2, 5]","[0.58, 0.58, 0.79]","[['B', 'C', 'A', 'D'], ['C', 'A', 'B', 'D'], ['D', 'B', 'C', 'A']]","{'C': 5, 'A': 4, 'B': 3, 'D': 3}","[0.75, 0.75, 1.0]",3.92
93,"[1, 3, 4]","[2, 2, 5]","[0.58, 0.58, 0.79]","[['B', 'C', 'A', 'D'], ['C', 'A', 'B', 'D'], ['D', 'C', 'B', 'A']]","{'C': 5, 'A': 4, 'B': 3, 'D': 3}","[0.75, 0.75, 1.0]",3.92
93,"[1, 3, 4]","[2, 2, 5]","[0.58, 0.58, 0.79]","[['B', 'C', 'A', 'D'], ['C', 'B', 'A', 'D'], ['B', 'C', 'D', 'A']]","{'C': 5, 'A': 4, 'B': 3, 'D': 3}","[0.75, 0.75, 1.0]",3.92
93,"[1, 3, 4]","[2, 2, 5]","[0.58, 0.58, 0.79]","[['B', 'C', 'A', 'D'], ['C', 'B', 'A', 'D'], ['B', 'D', 'C', 'A']]","{'C': 5, 'A': 4, 'B': 3, 'D': 3}","[0.75, 0.75, 1.0]",3.92
93,"[1, 3, 4]","[2, 2, 5]","[0.58, 0.58, 0.79]","[['B', 'C', 'A', 'D'], ['C', 'B', 'A', 'D'], ['C', 'B', 'D', 'A']]","{'C': 5, 'A': 4, 'B': 3, 'D': 3}","[0.75, 0.75, 1.0]",3.92
93,"[1, 3, 4]","[2, 2, 5]","[0.58, 0.58, 0.79]","[['B', 'C', 'A', 'D'], ['C', 'B', 'A', 'D'], ['C', 'D', 'B', 'A']]","{'C': 5, 'A': 4, 'B': 3, 'D': 3}","[0.75, 0.75, 1.0]",3.92
93,"[1, 3, 4]","[2, 2, 5]","[0.58, 0.58, 0.79]","[['B', 'C', 'A', 'D'], ['C', 'B', 'A', 'D'], ['D', 'B', 'C', 'A']]","{'C': 5, 'A': 4, 'B': 3, 'D': 3}","[0.75, 0.75, 1.0]",3.92
93,"[1, 3, 4]","[2, 2, 5]","[0.58, 0.58, 0.79]","[['B', 'C', 'A', 'D'], ['C', 'B', 'A', 'D'], ['D', 'C', 'B', 'A']]","{'C': 5, 'A': 4, 'B': 3, 'D': 3}","[0.75, 0.75, 1.0]",3.92
93,"[1, 3, 4]","[2, 2, 5]","[0.58, 0.58, 0.79]","[['B', 'C', 'A', 'D'], ['C', 'B', 'D', 'A'], ['A', 'B', 'C', 'D']]","{'C': 5, 'A': 4, 'B': 3, 'D': 3}","[0.75, 0.75, 1.0]",3.92
93,"[1, 3, 4]","[2, 2, 5]","[0.58, 0.58, 0.79]","[['B', 'C', 'A', 'D'], ['C', 'B', 'D', 'A'], ['A', 'C', 'B', 'D']]","{'C': 5, 'A': 4, 'B': 3, 'D': 3}","[0.75, 0.75, 1.0]",3.92
93,"[1, 3, 4]","[2, 2, 5]","[0.58, 0.58, 0.79]","[['B', 'C', 'A', 'D'], ['C', 'B', 'D', 'A'], ['B', 'A', 'C', 'D']]","{'C': 5, 'A': 4, 'B': 3, 'D': 3}","[0.75, 0.75, 1.0]",3.92
93,"[1, 3, 4]","[2, 2, 5]","[0.58, 0.58, 0.79]","[['B', 'C', 'A', 'D'], ['C', 'B', 'D', 'A'], ['B', 'C', 'A', 'D']]","{'C': 5, 'A': 4, 'B': 3, 'D': 3}","[0.75, 0.75, 1.0]",3.92
93,"[1, 3, 4]","[2, 2, 5]","[0.58, 0.58, 0.79]","[['B', 'C', 'A', 'D'], ['C', 'B', 'D', 'A'], ['C', 'A', 'B', 'D']]","{'C': 5, 'A': 4, 'B': 3, 'D': 3}","[0.75, 0.75, 1.0]",3.92
93,"[1, 3, 4]","[2, 2, 5]","[0.58, 0.58, 0.79]","[['B', 'C', 'A', 'D'], ['C', 'B', 'D', 'A'], ['C', 'B', 'A', 'D']]","{'C': 5, 'A': 4, 'B': 3, 'D': 3}","[0.75, 0.75, 1.0]",3.92
93,"[1, 3, 4]","[2, 2, 5]","[0.58, 0.58, 0.79]","[['B', 'C', 'A', 'D'], ['C', 'D', 'B', 'A'], ['A', 'B', 'C', 'D']]","{'C': 5, 'A': 4, 'B': 3, 'D': 3}","[0.75, 0.75, 1.0]",3.92
93,"[1, 3, 4]","[2, 2, 5]","[0.58, 0.58, 0.79]","[['B', 'C', 'A', 'D'], ['C', 'D', 'B', 'A'], ['A', 'C', 'B', 'D']]","{'C': 5, 'A': 4, 'B': 3, 'D': 3}","[0.75, 0.75, 1.0]",3.92
93,"[1, 3, 4]","[2, 2, 5]","[0.58, 0.58, 0.79]","[['B', 'C', 'A', 'D'], ['C', 'D', 'B', 'A'], ['B', 'A', 'C', 'D']]","{'C': 5, 'A': 4, 'B': 3, 'D': 3}","[0.75, 0.75, 1.0]",3.92
93,"[1, 3, 4]","[2, 2, 5]","[0.58, 0.58, 0.79]","[['B', 'C', 'A', 'D'], ['C', 'D', 'B', 'A'], ['B', 'C', 'A', 'D']]","{'C': 5, 'A': 4, 'B': 3, 'D': 3}","[0.75, 0.75, 1.0]",3.92
93,"[1, 3, 4]","[2, 2, 5]","[0.58, 0.58, 0.79]","[['B', 'C', 'A', 'D'], ['C', 'D', 'B', 'A'], ['C', 'A', 'B', 'D']]","{'C': 5, 'A': 4, 'B': 3, 'D': 3}","[0.75, 0.75, 1.0]",3.92
93,"[1, 3, 4]","[2, 2, 5]","[0.58, 0.58, 0.79]","[['B', 'C', 'A', 'D'], ['C', 'D', 'B', 'A'], ['C', 'B', 'A', 'D']]","{'C': 5, 'A': 4, 'B': 3, 'D': 3}","[0.75, 0.75, 1.0]",3.92
93,"[1, 3, 4]","[2, 2, 5]","[0.58, 0.58, 0.79]","[['B', 'C', 'A', 'D'], ['D', 'B', 'C', 'A'], ['A', 'B', 'C', 'D']]","{'C': 5, 'A': 4, 'B': 3, 'D': 3}","[0.75, 0.75, 1.0]",3.92
93,"[1, 3, 4]","[2, 2, 5]","[0.58, 0.58, 0.79]","[['B', 'C', 'A', 'D'], ['D', 'B', 'C', 'A'], ['A', 'C', 'B', 'D']]","{'C': 5, 'A': 4, 'B': 3, 'D': 3}","[0.75, 0.75, 1.0]",3.92
93,"[1, 3, 4]","[2, 2, 5]","[0.58, 0.58, 0.79]","[['B', 'C', 'A', 'D'], ['D', 'B', 'C', 'A'], ['B', 'A', 'C', 'D']]","{'C': 5, 'A': 4, 'B': 3, 'D': 3}","[0.75, 0.75, 1.0]",3.92
93,"[1, 3, 4]","[2, 2, 5]","[0.58, 0.58, 0.79]","[['B', 'C', 'A', 'D'], ['D', 'B', 'C', 'A'], ['B', 'C', 'A', 'D']]","{'C': 5, 'A': 4, 'B': 3, 'D': 3}","[0.75, 0.75, 1.0]",3.92
93,"[1, 3, 4]","[2, 2, 5]","[0.58, 0.58, 0.79]","[['B', 'C', 'A', 'D'], ['D', 'B', 'C', 'A'], ['C', 'A', 'B', 'D']]","{'C': 5, 'A': 4, 'B': 3, 'D': 3}","[0.75, 0.75, 1.0]",3.92
93,"[1, 3, 4]","[2, 2, 5]","[0.58, 0.58, 0.79]","[['B', 'C', 'A', 'D'], ['D', 'B', 'C', 'A'], ['C', 'B', 'A', 'D']]","{'C': 5, 'A': 4, 'B': 3, 'D': 3}","[0.75, 0.75, 1.0]",3.92
93,"[1, 3, 4]","[2, 2, 5]","[0.58, 0.58, 0.79]","[['B', 'C', 'A', 'D'], ['D', 'C', 'B', 'A'], ['A', 'B', 'C', 'D']]","{'C': 5, 'A': 4, 'B': 3, 'D': 3}","[0.75, 0.75, 1.0]",3.92
93,"[1, 3, 4]","[2, 2, 5]","[0.58, 0.58, 0.79]","[['B', 'C', 'A', 'D'], ['D', 'C', 'B', 'A'], ['A', 'C', 'B', 'D']]","{'C': 5, 'A': 4, 'B': 3, 'D': 3}","[0.75, 0.75, 1.0]",3.92
93,"[1, 3, 4]","[2, 2, 5]","[0.58, 0.58, 0.79]","[['B', 'C', 'A', 'D'], ['D', 'C', 'B', 'A'], ['B', 'A', 'C', 'D']]","{'C': 5, 'A': 4, 'B': 3, 'D': 3}","[0.75, 0.75, 1.0]",3.92
93,"[1, 3, 4]","[2, 2, 5]","[0.58, 0.58, 0.79]","[['B', 'C', 'A', 'D'], ['D', 'C', 'B', 'A'], ['B', 'C', 'A', 'D']]","{'C': 5, 'A': 4, 'B': 3, 'D': 3}","[0.75, 0.75, 1.0]",3.92
93,"[1, 3, 4]","[2, 2, 5]","[0.58, 0.58, 0.79]","[['B', 'C', 'A', 'D'], ['D', 'C', 'B', 'A'], ['C', 'A', 'B', 'D']]","{'C': 5, 'A': 4, 'B': 3, 'D': 3}","[0.75, 0.75, 1.0]",3.92
93,"[1, 3, 4]","[2, 2, 5]","[0.58, 0.58, 0.79]","[['B', 'C', 'A', 'D'], ['D', 'C', 'B', 'A'], ['C', 'B', 'A', 'D']]","{'C': 5, 'A': 4, 'B': 3, 'D': 3}","[0.75, 0.75, 1.0]",3.92
93,"[1, 3, 4]","[2, 2, 5]","[0.58, 0.58, 0.79]","[['B', 'C', 'D', 'A'], ['A', 'B', 'C', 'D'], ['A', 'B', 'C', 'D']]","{'C': 5, 'A': 4, 'B': 3, 'D': 3}","[0.75, 0.75, 1.0]",3.92
93,"[1, 3, 4]","[2, 2, 5]","[0.58, 0.58, 0.79]","[['B', 'C', 'D', 'A'], ['A', 'B', 'C', 'D'], ['A', 'C', 'B', 'D']]","{'C': 5, 'A': 4, 'B': 3, 'D': 3}","[0.75, 0.75, 1.0]",3.92
93,"[1, 3, 4]","[2, 2, 5]","[0.58, 0.58, 0.79]","[['B', 'C', 'D', 'A'], ['A', 'B', 'C', 'D'], ['B', 'A', 'C', 'D']]","{'C': 5, 'A': 4, 'B': 3, 'D': 3}","[0.75, 0.75, 1.0]",3.92
93,"[1, 3, 4]","[2, 2, 5]","[0.58, 0.58, 0.79]","[['B', 'C', 'D', 'A'], ['A', 'B', 'C', 'D'], ['B', 'C', 'A', 'D']]","{'C': 5, 'A': 4, 'B': 3, 'D': 3}","[0.75, 0.75, 1.0]",3.92
93,"[1, 3, 4]","[2, 2, 5]","[0.58, 0.58, 0.79]","[['B', 'C', 'D', 'A'], ['A', 'B', 'C', 'D'], ['C', 'A', 'B', 'D']]","{'C': 5, 'A': 4, 'B': 3, 'D': 3}","[0.75, 0.75, 1.0]",3.92
93,"[1, 3, 4]","[2, 2, 5]","[0.58, 0.58, 0.79]","[['B', 'C', 'D', 'A'], ['A', 'B', 'C', 'D'], ['C', 'B', 'A', 'D']]","{'C': 5, 'A': 4, 'B': 3, 'D': 3}","[0.75, 0.75, 1.0]",3.92
93,"[1, 3, 4]","[2, 2, 5]","[0.58, 0.58, 0.79]","[['B', 'C', 'D', 'A'], ['A', 'C', 'B', 'D'], ['A', 'B', 'C', 'D']]","{'C': 5, 'A': 4, 'B': 3, 'D': 3}","[0.75, 0.75, 1.0]",3.92
93,"[1, 3, 4]","[2, 2, 5]","[0.58, 0.58, 0.79]","[['B', 'C', 'D', 'A'], ['A', 'C', 'B', 'D'], ['A', 'C', 'B', 'D']]","{'C': 5, 'A': 4, 'B': 3, 'D': 3}","[0.75, 0.75, 1.0]",3.92
93,"[1, 3, 4]","[2, 2, 5]","[0.58, 0.58, 0.79]","[['B', 'C', 'D', 'A'], ['A', 'C', 'B', 'D'], ['B', 'A', 'C', 'D']]","{'C': 5, 'A': 4, 'B': 3, 'D': 3}","[0.75, 0.75, 1.0]",3.92
93,"[1, 3, 4]","[2, 2, 5]","[0.58, 0.58, 0.79]","[['B', 'C', 'D', 'A'], ['A', 'C', 'B', 'D'], ['B', 'C', 'A', 'D']]","{'C': 5, 'A': 4, 'B': 3, 'D': 3}","[0.75, 0.75, 1.0]",3.92
93,"[1, 3, 4]","[2, 2, 5]","[0.58, 0.58, 0.79]","[['B', 'C', 'D', 'A'], ['A', 'C', 'B', 'D'], ['C', 'A', 'B', 'D']]","{'C': 5, 'A': 4, 'B': 3, 'D': 3}","[0.75, 0.75, 1.0]",3.92
93,"[1, 3, 4]","[2, 2, 5]","[0.58, 0.58, 0.79]","[['B', 'C', 'D', 'A'], ['A', 'C', 'B', 'D'], ['C', 'B', 'A', 'D']]","{'C': 5, 'A': 4, 'B': 3, 'D': 3}","[0.75, 0.75, 1.0]",3.92
93,"[1, 3, 4]","[2, 2, 5]","[0.58, 0.58, 0.79]","[['B', 'C', 'D', 'A'], ['B', 'A', 'C', 'D'], ['A', 'B', 'C', 'D']]","{'C': 5, 'A': 4, 'B': 3, 'D': 3}","[0.75, 0.75, 1.0]",3.92
93,"[1, 3, 4]","[2, 2, 5]","[0.58, 0.58, 0.79]","[['B', 'C', 'D', 'A'], ['B', 'A', 'C', 'D'], ['A', 'C', 'B', 'D']]","{'C': 5, 'A': 4, 'B': 3, 'D': 3}","[0.75, 0.75, 1.0]",3.92
93,"[1, 3, 4]","[2, 2, 5]","[0.58, 0.58, 0.79]","[['B', 'C', 'D', 'A'], ['B', 'A', 'C', 'D'], ['B', 'A', 'C', 'D']]","{'C': 5, 'A': 4, 'B': 3, 'D': 3}","[0.75, 0.75, 1.0]",3.92
93,"[1, 3, 4]","[2, 2, 5]","[0.58, 0.58, 0.79]","[['B', 'C', 'D', 'A'], ['B', 'A', 'C', 'D'], ['B', 'C', 'A', 'D']]","{'C': 5, 'A': 4, 'B': 3, 'D': 3}","[0.75, 0.75, 1.0]",3.92
93,"[1, 3, 4]","[2, 2, 5]","[0.58, 0.58, 0.79]","[['B', 'C', 'D', 'A'], ['B', 'A', 'C', 'D'], ['C', 'A', 'B', 'D']]","{'C': 5, 'A': 4, 'B': 3, 'D': 3}","[0.75, 0.75, 1.0]",3.92
93,"[1, 3, 4]","[2, 2, 5]","[0.58, 0.58, 0.79]","[['B', 'C', 'D', 'A'], ['B', 'A', 'C', 'D'], ['C', 'B', 'A', 'D']]","{'C': 5, 'A': 4, 'B': 3, 'D': 3}","[0.75, 0.75, 1.0]",3.92
93,"[1, 3, 4]","[2, 2, 5]","[0.58, 0.58, 0.79]","[['B', 'C', 'D', 'A'], ['B', 'C', 'A', 'D'], ['A', 'B', 'C', 'D']]","{'C': 5, 'A': 4, 'B': 3, 'D': 3}","[0.75, 0.75, 1.0]",3.92
93,"[1, 3, 4]","[2, 2, 5]","[0.58, 0.58, 0.79]","[['B', 'C', 'D', 'A'], ['B', 'C', 'A', 'D'], ['A', 'C', 'B', 'D']]","{'C': 5, 'A': 4, 'B': 3, 'D': 3}","[0.75, 0.75, 1.0]",3.92
93,"[1, 3, 4]","[2, 2, 5]","[0.58, 0.58, 0.79]","[['B', 'C', 'D', 'A'], ['B', 'C', 'A', 'D'], ['B', 'A', 'C', 'D']]","{'C': 5, 'A': 4, 'B': 3, 'D': 3}","[0.75, 0.75, 1.0]",3.92
93,"[1, 3, 4]","[2, 2, 5]","[0.58, 0.58, 0.79]","[['B', 'C', 'D', 'A'], ['B', 'C', 'A', 'D'], ['B', 'C', 'A', 'D']]","{'C': 5, 'A': 4, 'B': 3, 'D': 3}","[0.75, 0.75, 1.0]",3.92
93,"[1, 3, 4]","[2, 2, 5]","[0.58, 0.58, 0.79]","[['B', 'C', 'D', 'A'], ['B', 'C', 'A', 'D'], ['C', 'A', 'B', 'D']]","{'C': 5, 'A': 4, 'B': 3, 'D': 3}","[0.75, 0.75, 1.0]",3.92
93,"[1, 3, 4]","[2, 2, 5]","[0.58, 0.58, 0.79]","[['B', 'C', 'D', 'A'], ['B', 'C', 'A', 'D'], ['C', 'B', 'A', 'D']]","{'C': 5, 'A': 4, 'B': 3, 'D': 3}","[0.75, 0.75, 1.0]",3.92
93,"[1, 3, 4]","[2, 2, 5]","[0.58, 0.58, 0.79]","[['B', 'C', 'D', 'A'], ['C', 'A', 'B', 'D'], ['A', 'B', 'C', 'D']]","{'C': 5, 'A': 4, 'B': 3, 'D': 3}","[0.75, 0.75, 1.0]",3.92
93,"[1, 3, 4]","[2, 2, 5]","[0.58, 0.58, 0.79]","[['B', 'C', 'D', 'A'], ['C', 'A', 'B', 'D'], ['A', 'C', 'B', 'D']]","{'C': 5, 'A': 4, 'B': 3, 'D': 3}","[0.75, 0.75, 1.0]",3.92
93,"[1, 3, 4]","[2, 2, 5]","[0.58, 0.58, 0.79]","[['B', 'C', 'D', 'A'], ['C', 'A', 'B', 'D'], ['B', 'A', 'C', 'D']]","{'C': 5, 'A': 4, 'B': 3, 'D': 3}","[0.75, 0.75, 1.0]",3.92
93,"[1, 3, 4]","[2, 2, 5]","[0.58, 0.58, 0.79]","[['B', 'C', 'D', 'A'], ['C', 'A', 'B', 'D'], ['B', 'C', 'A', 'D']]","{'C': 5, 'A': 4, 'B': 3, 'D': 3}","[0.75, 0.75, 1.0]",3.92
93,"[1, 3, 4]","[2, 2, 5]","[0.58, 0.58, 0.79]","[['B', 'C', 'D', 'A'], ['C', 'A', 'B', 'D'], ['C', 'A', 'B', 'D']]","{'C': 5, 'A': 4, 'B': 3, 'D': 3}","[0.75, 0.75, 1.0]",3.92
93,"[1, 3, 4]","[2, 2, 5]","[0.58, 0.58, 0.79]","[['B', 'C', 'D', 'A'], ['C', 'A', 'B', 'D'], ['C', 'B', 'A', 'D']]","{'C': 5, 'A': 4, 'B': 3, 'D': 3}","[0.75, 0.75, 1.0]",3.92
93,"[1, 3, 4]","[2, 2, 5]","[0.58, 0.58, 0.79]","[['B', 'C', 'D', 'A'], ['C', 'B', 'A', 'D'], ['A', 'B', 'C', 'D']]","{'C': 5, 'A': 4, 'B': 3, 'D': 3}","[0.75, 0.75, 1.0]",3.92
93,"[1, 3, 4]","[2, 2, 5]","[0.58, 0.58, 0.79]","[['B', 'C', 'D', 'A'], ['C', 'B', 'A', 'D'], ['A', 'C', 'B', 'D']]","{'C': 5, 'A': 4, 'B': 3, 'D': 3}","[0.75, 0.75, 1.0]",3.92
93,"[1, 3, 4]","[2, 2, 5]","[0.58, 0.58, 0.79]","[['B', 'C', 'D', 'A'], ['C', 'B', 'A', 'D'], ['B', 'A', 'C', 'D']]","{'C': 5, 'A': 4, 'B': 3, 'D': 3}","[0.75, 0.75, 1.0]",3.92
93,"[1, 3, 4]","[2, 2, 5]","[0.58, 0.58, 0.79]","[['B', 'C', 'D', 'A'], ['C', 'B', 'A', 'D'], ['B', 'C', 'A', 'D']]","{'C': 5, 'A': 4, 'B': 3, 'D': 3}","[0.75, 0.75, 1.0]",3.92
93,"[1, 3, 4]","[2, 2, 5]","[0.58, 0.58, 0.79]","[['B', 'C', 'D', 'A'], ['C', 'B', 'A', 'D'], ['C', 'A', 'B', 'D']]","{'C': 5, 'A': 4, 'B': 3, 'D': 3}","[0.75, 0.75, 1.0]",3.92
93,"[1, 3, 4]","[2, 2, 5]","[0.58, 0.58, 0.79]","[['B', 'C', 'D', 'A'], ['C', 'B', 'A', 'D'], ['C', 'B', 'A', 'D']]","{'C': 5, 'A': 4, 'B': 3, 'D': 3}","[0.75, 0.75, 1.0]",3.92
93,"[1, 3, 4]","[2, 2, 5]","[0.58, 0.58, 0.79]","[['B', 'D', 'C', 'A'], ['A', 'B', 'C', 'D'], ['A', 'B', 'C', 'D']]","{'C': 5, 'A': 4, 'B': 3, 'D': 3}","[0.75, 0.75, 1.0]",3.92
93,"[1, 3, 4]","[2, 2, 5]","[0.58, 0.58, 0.79]","[['B', 'D', 'C', 'A'], ['A', 'B', 'C', 'D'], ['A', 'C', 'B', 'D']]","{'C': 5, 'A': 4, 'B': 3, 'D': 3}","[0.75, 0.75, 1.0]",3.92
93,"[1, 3, 4]","[2, 2, 5]","[0.58, 0.58, 0.79]","[['B', 'D', 'C', 'A'], ['A', 'B', 'C', 'D'], ['B', 'A', 'C', 'D']]","{'C': 5, 'A': 4, 'B': 3, 'D': 3}","[0.75, 0.75, 1.0]",3.92
93,"[1, 3, 4]","[2, 2, 5]","[0.58, 0.58, 0.79]","[['B', 'D', 'C', 'A'], ['A', 'B', 'C', 'D'], ['B', 'C', 'A', 'D']]","{'C': 5, 'A': 4, 'B': 3, 'D': 3}","[0.75, 0.75, 1.0]",3.92
93,"[1, 3, 4]","[2, 2, 5]","[0.58, 0.58, 0.79]","[['B', 'D', 'C', 'A'], ['A', 'B', 'C', 'D'], ['C', 'A', 'B', 'D']]","{'C': 5, 'A': 4, 'B': 3, 'D': 3}","[0.75, 0.75, 1.0]",3.92
93,"[1, 3, 4]","[2, 2, 5]","[0.58, 0.58, 0.79]","[['B', 'D', 'C', 'A'], ['A', 'B', 'C', 'D'], ['C', 'B', 'A', 'D']]","{'C': 5, 'A': 4, 'B': 3, 'D': 3}","[0.75, 0.75, 1.0]",3.92
93,"[1, 3, 4]","[2, 2, 5]","[0.58, 0.58, 0.79]","[['B', 'D', 'C', 'A'], ['A', 'C', 'B', 'D'], ['A', 'B', 'C', 'D']]","{'C': 5, 'A': 4, 'B': 3, 'D': 3}","[0.75, 0.75, 1.0]",3.92
93,"[1, 3, 4]","[2, 2, 5]","[0.58, 0.58, 0.79]","[['B', 'D', 'C', 'A'], ['A', 'C', 'B', 'D'], ['A', 'C', 'B', 'D']]","{'C': 5, 'A': 4, 'B': 3, 'D': 3}","[0.75, 0.75, 1.0]",3.92
93,"[1, 3, 4]","[2, 2, 5]","[0.58, 0.58, 0.79]","[['B', 'D', 'C', 'A'], ['A', 'C', 'B', 'D'], ['B', 'A', 'C', 'D']]","{'C': 5, 'A': 4, 'B': 3, 'D': 3}","[0.75, 0.75, 1.0]",3.92
93,"[1, 3, 4]","[2, 2, 5]","[0.58, 0.58, 0.79]","[['B', 'D', 'C', 'A'], ['A', 'C', 'B', 'D'], ['B', 'C', 'A', 'D']]","{'C': 5, 'A': 4, 'B': 3, 'D': 3}","[0.75, 0.75, 1.0]",3.92
93,"[1, 3, 4]","[2, 2, 5]","[0.58, 0.58, 0.79]","[['B', 'D', 'C', 'A'], ['A', 'C', 'B', 'D'], ['C', 'A', 'B', 'D']]","{'C': 5, 'A': 4, 'B': 3, 'D': 3}","[0.75, 0.75, 1.0]",3.92
93,"[1, 3, 4]","[2, 2, 5]","[0.58, 0.58, 0.79]","[['B', 'D', 'C', 'A'], ['A', 'C', 'B', 'D'], ['C', 'B', 'A', 'D']]","{'C': 5, 'A': 4, 'B': 3, 'D': 3}","[0.75, 0.75, 1.0]",3.92
93,"[1, 3, 4]","[2, 2, 5]","[0.58, 0.58, 0.79]","[['B', 'D', 'C', 'A'], ['B', 'A', 'C', 'D'], ['A', 'B', 'C', 'D']]","{'C': 5, 'A': 4, 'B': 3, 'D': 3}","[0.75, 0.75, 1.0]",3.92
93,"[1, 3, 4]","[2, 2, 5]","[0.58, 0.58, 0.79]","[['B', 'D', 'C', 'A'], ['B', 'A', 'C', 'D'], ['A', 'C', 'B', 'D']]","{'C': 5, 'A': 4, 'B': 3, 'D': 3}","[0.75, 0.75, 1.0]",3.92
93,"[1, 3, 4]","[2, 2, 5]","[0.58, 0.58, 0.79]","[['B', 'D', 'C', 'A'], ['B', 'A', 'C', 'D'], ['B', 'A', 'C', 'D']]","{'C': 5, 'A': 4, 'B': 3, 'D': 3}","[0.75, 0.75, 1.0]",3.92
93,"[1, 3, 4]","[2, 2, 5]","[0.58, 0.58, 0.79]","[['B', 'D', 'C', 'A'], ['B', 'A', 'C', 'D'], ['B', 'C', 'A', 'D']]","{'C': 5, 'A': 4, 'B': 3, 'D': 3}","[0.75, 0.75, 1.0]",3.92
93,"[1, 3, 4]","[2, 2, 5]","[0.58, 0.58, 0.79]","[['B', 'D', 'C', 'A'], ['B', 'A', 'C', 'D'], ['C', 'A', 'B', 'D']]","{'C': 5, 'A': 4, 'B': 3, 'D': 3}","[0.75, 0.75, 1.0]",3.92
93,"[1, 3, 4]","[2, 2, 5]","[0.58, 0.58, 0.79]","[['B', 'D', 'C', 'A'], ['B', 'A', 'C', 'D'], ['C', 'B', 'A', 'D']]","{'C': 5, 'A': 4, 'B': 3, 'D': 3}","[0.75, 0.75, 1.0]",3.92
93,"[1, 3, 4]","[2, 2, 5]","[0.58, 0.58, 0.79]","[['B', 'D', 'C', 'A'], ['B', 'C', 'A', 'D'], ['A', 'B', 'C', 'D']]","{'C': 5, 'A': 4, 'B': 3, 'D': 3}","[0.75, 0.75, 1.0]",3.92
93,"[1, 3, 4]","[2, 2, 5]","[0.58, 0.58, 0.79]","[['B', 'D', 'C', 'A'], ['B', 'C', 'A', 'D'], ['A', 'C', 'B', 'D']]","{'C': 5, 'A': 4, 'B': 3, 'D': 3}","[0.75, 0.75, 1.0]",3.92
93,"[1, 3, 4]","[2, 2, 5]","[0.58, 0.58, 0.79]","[['B', 'D', 'C', 'A'], ['B', 'C', 'A', 'D'], ['B', 'A', 'C', 'D']]","{'C': 5, 'A': 4, 'B': 3, 'D': 3}","[0.75, 0.75, 1.0]",3.92
93,"[1, 3, 4]","[2, 2, 5]","[0.58, 0.58, 0.79]","[['B', 'D', 'C', 'A'], ['B', 'C', 'A', 'D'], ['B', 'C', 'A', 'D']]","{'C': 5, 'A': 4, 'B': 3, 'D': 3}","[0.75, 0.75, 1.0]",3.92
93,"[1, 3, 4]","[2, 2, 5]","[0.58, 0.58, 0.79]","[['B', 'D', 'C', 'A'], ['B', 'C', 'A', 'D'], ['C', 'A', 'B', 'D']]","{'C': 5, 'A': 4, 'B': 3, 'D': 3}","[0.75, 0.75, 1.0]",3.92
93,"[1, 3, 4]","[2, 2, 5]","[0.58, 0.58, 0.79]","[['B', 'D', 'C', 'A'], ['B', 'C', 'A', 'D'], ['C', 'B', 'A', 'D']]","{'C': 5, 'A': 4, 'B': 3, 'D': 3}","[0.75, 0.75, 1.0]",3.92
93,"[1, 3, 4]","[2, 2, 5]","[0.58, 0.58, 0.79]","[['B', 'D', 'C', 'A'], ['C', 'A', 'B', 'D'], ['A', 'B', 'C', 'D']]","{'C': 5, 'A': 4, 'B': 3, 'D': 3}","[0.75, 0.75, 1.0]",3.92
93,"[1, 3, 4]","[2, 2, 5]","[0.58, 0.58, 0.79]","[['B', 'D', 'C', 'A'], ['C', 'A', 'B', 'D'], ['A', 'C', 'B', 'D']]","{'C': 5, 'A': 4, 'B': 3, 'D': 3}","[0.75, 0.75, 1.0]",3.92
93,"[1, 3, 4]","[2, 2, 5]","[0.58, 0.58, 0.79]","[['B', 'D', 'C', 'A'], ['C', 'A', 'B', 'D'], ['B', 'A', 'C', 'D']]","{'C': 5, 'A': 4, 'B': 3, 'D': 3}","[0.75, 0.75, 1.0]",3.92
93,"[1, 3, 4]","[2, 2, 5]","[0.58, 0.58, 0.79]","[['B', 'D', 'C', 'A'], ['C', 'A', 'B', 'D'], ['B', 'C', 'A', 'D']]","{'C': 5, 'A': 4, 'B': 3, 'D': 3}","[0.75, 0.75, 1.0]",3.92
93,"[1, 3, 4]","[2, 2, 5]","[0.58, 0.58, 0.79]","[['B', 'D', 'C', 'A'], ['C', 'A', 'B', 'D'], ['C', 'A', 'B', 'D']]","{'C': 5, 'A': 4, 'B': 3, 'D': 3}","[0.75, 0.75, 1.0]",3.92
93,"[1, 3, 4]","[2, 2, 5]","[0.58, 0.58, 0.79]","[['B', 'D', 'C', 'A'], ['C', 'A', 'B', 'D'], ['C', 'B', 'A', 'D']]","{'C': 5, 'A': 4, 'B': 3, 'D': 3}","[0.75, 0.75, 1.0]",3.92
93,"[1, 3, 4]","[2, 2, 5]","[0.58, 0.58, 0.79]","[['B', 'D', 'C', 'A'], ['C', 'B', 'A', 'D'], ['A', 'B', 'C', 'D']]","{'C': 5, 'A': 4, 'B': 3, 'D': 3}","[0.75, 0.75, 1.0]",3.92
93,"[1, 3, 4]","[2, 2, 5]","[0.58, 0.58, 0.79]","[['B', 'D', 'C', 'A'], ['C', 'B', 'A', 'D'], ['A', 'C', 'B', 'D']]","{'C': 5, 'A': 4, 'B': 3, 'D': 3}","[0.75, 0.75, 1.0]",3.92
93,"[1, 3, 4]","[2, 2, 5]","[0.58, 0.58, 0.79]","[['B', 'D', 'C', 'A'], ['C', 'B', 'A', 'D'], ['B', 'A', 'C', 'D']]","{'C': 5, 'A': 4, 'B': 3, 'D': 3}","[0.75, 0.75, 1.0]",3.92
93,"[1, 3, 4]","[2, 2, 5]","[0.58, 0.58, 0.79]","[['B', 'D', 'C', 'A'], ['C', 'B', 'A', 'D'], ['B', 'C', 'A', 'D']]","{'C': 5, 'A': 4, 'B': 3, 'D': 3}","[0.75, 0.75, 1.0]",3.92
93,"[1, 3, 4]","[2, 2, 5]","[0.58, 0.58, 0.79]","[['B', 'D', 'C', 'A'], ['C', 'B', 'A', 'D'], ['C', 'A', 'B', 'D']]","{'C': 5, 'A': 4, 'B': 3, 'D': 3}","[0.75, 0.75, 1.0]",3.92
93,"[1, 3, 4]","[2, 2, 5]","[0.58, 0.58, 0.79]","[['B', 'D', 'C', 'A'], ['C', 'B', 'A', 'D'], ['C', 'B', 'A', 'D']]","{'C': 5, 'A': 4, 'B': 3, 'D': 3}","[0.75, 0.75, 1.0]",3.92
93,"[1, 3, 4]","[2, 2, 5]","[0.58, 0.58, 0.79]","[['C', 'A', 'B', 'D'], ['A', 'B', 'C', 'D'], ['B', 'C', 'D', 'A']]","{'C': 5, 'A': 4, 'B': 3, 'D': 3}","[0.75, 0.75, 1.0]",3.92
93,"[1, 3, 4]","[2, 2, 5]","[0.58, 0.58, 0.79]","[['C', 'A', 'B', 'D'], ['A', 'B', 'C', 'D'], ['B', 'D', 'C', 'A']]","{'C': 5, 'A': 4, 'B': 3, 'D': 3}","[0.75, 0.75, 1.0]",3.92
93,"[1, 3, 4]","[2, 2, 5]","[0.58, 0.58, 0.79]","[['C', 'A', 'B', 'D'], ['A', 'B', 'C', 'D'], ['C', 'B', 'D', 'A']]","{'C': 5, 'A': 4, 'B': 3, 'D': 3}","[0.75, 0.75, 1.0]",3.92
93,"[1, 3, 4]","[2, 2, 5]","[0.58, 0.58, 0.79]","[['C', 'A', 'B', 'D'], ['A', 'B', 'C', 'D'], ['C', 'D', 'B', 'A']]","{'C': 5, 'A': 4, 'B': 3, 'D': 3}","[0.75, 0.75, 1.0]",3.92
93,"[1, 3, 4]","[2, 2, 5]","[0.58, 0.58, 0.79]","[['C', 'A', 'B', 'D'], ['A', 'B', 'C', 'D'], ['D', 'B', 'C', 'A']]","{'C': 5, 'A': 4, 'B': 3, 'D': 3}","[0.75, 0.75, 1.0]",3.92
93,"[1, 3, 4]","[2, 2, 5]","[0.58, 0.58, 0.79]","[['C', 'A', 'B', 'D'], ['A', 'B', 'C', 'D'], ['D', 'C', 'B', 'A']]","{'C': 5, 'A': 4, 'B': 3, 'D': 3}","[0.75, 0.75, 1.0]",3.92
93,"[1, 3, 4]","[2, 2, 5]","[0.58, 0.58, 0.79]","[['C', 'A', 'B', 'D'], ['A', 'C', 'B', 'D'], ['B', 'C', 'D', 'A']]","{'C': 5, 'A': 4, 'B': 3, 'D': 3}","[0.75, 0.75, 1.0]",3.92
93,"[1, 3, 4]","[2, 2, 5]","[0.58, 0.58, 0.79]","[['C', 'A', 'B', 'D'], ['A', 'C', 'B', 'D'], ['B', 'D', 'C', 'A']]","{'C': 5, 'A': 4, 'B': 3, 'D': 3}","[0.75, 0.75, 1.0]",3.92
93,"[1, 3, 4]","[2, 2, 5]","[0.58, 0.58, 0.79]","[['C', 'A', 'B', 'D'], ['A', 'C', 'B', 'D'], ['C', 'B', 'D', 'A']]","{'C': 5, 'A': 4, 'B': 3, 'D': 3}","[0.75, 0.75, 1.0]",3.92
93,"[1, 3, 4]","[2, 2, 5]","[0.58, 0.58, 0.79]","[['C', 'A', 'B', 'D'], ['A', 'C', 'B', 'D'], ['C', 'D', 'B', 'A']]","{'C': 5, 'A': 4, 'B': 3, 'D': 3}","[0.75, 0.75, 1.0]",3.92
93,"[1, 3, 4]","[2, 2, 5]","[0.58, 0.58, 0.79]","[['C', 'A', 'B', 'D'], ['A', 'C', 'B', 'D'], ['D', 'B', 'C', 'A']]","{'C': 5, 'A': 4, 'B': 3, 'D': 3}","[0.75, 0.75, 1.0]",3.92
93,"[1, 3, 4]","[2, 2, 5]","[0.58, 0.58, 0.79]","[['C', 'A', 'B', 'D'], ['A', 'C', 'B', 'D'], ['D', 'C', 'B', 'A']]","{'C': 5, 'A': 4, 'B': 3, 'D': 3}","[0.75, 0.75, 1.0]",3.92
93,"[1, 3, 4]","[2, 2, 5]","[0.58, 0.58, 0.79]","[['C', 'A', 'B', 'D'], ['B', 'A', 'C', 'D'], ['B', 'C', 'D', 'A']]","{'C': 5, 'A': 4, 'B': 3, 'D': 3}","[0.75, 0.75, 1.0]",3.92
93,"[1, 3, 4]","[2, 2, 5]","[0.58, 0.58, 0.79]","[['C', 'A', 'B', 'D'], ['B', 'A', 'C', 'D'], ['B', 'D', 'C', 'A']]","{'C': 5, 'A': 4, 'B': 3, 'D': 3}","[0.75, 0.75, 1.0]",3.92
93,"[1, 3, 4]","[2, 2, 5]","[0.58, 0.58, 0.79]","[['C', 'A', 'B', 'D'], ['B', 'A', 'C', 'D'], ['C', 'B', 'D', 'A']]","{'C': 5, 'A': 4, 'B': 3, 'D': 3}","[0.75, 0.75, 1.0]",3.92
93,"[1, 3, 4]","[2, 2, 5]","[0.58, 0.58, 0.79]","[['C', 'A', 'B', 'D'], ['B', 'A', 'C', 'D'], ['C', 'D', 'B', 'A']]","{'C': 5, 'A': 4, 'B': 3, 'D': 3}","[0.75, 0.75, 1.0]",3.92
93,"[1, 3, 4]","[2, 2, 5]","[0.58, 0.58, 0.79]","[['C', 'A', 'B', 'D'], ['B', 'A', 'C', 'D'], ['D', 'B', 'C', 'A']]","{'C': 5, 'A': 4, 'B': 3, 'D': 3}","[0.75, 0.75, 1.0]",3.92
93,"[1, 3, 4]","[2, 2, 5]","[0.58, 0.58, 0.79]","[['C', 'A', 'B', 'D'], ['B', 'A', 'C', 'D'], ['D', 'C', 'B', 'A']]","{'C': 5, 'A': 4, 'B': 3, 'D': 3}","[0.75, 0.75, 1.0]",3.92
93,"[1, 3, 4]","[2, 2, 5]","[0.58, 0.58, 0.79]","[['C', 'A', 'B', 'D'], ['B', 'C', 'A', 'D'], ['B', 'C', 'D', 'A']]","{'C': 5, 'A': 4, 'B': 3, 'D': 3}","[0.75, 0.75, 1.0]",3.92
93,"[1, 3, 4]","[2, 2, 5]","[0.58, 0.58, 0.79]","[['C', 'A', 'B', 'D'], ['B', 'C', 'A', 'D'], ['B', 'D', 'C', 'A']]","{'C': 5, 'A': 4, 'B': 3, 'D': 3}","[0.75, 0.75, 1.0]",3.92
93,"[1, 3, 4]","[2, 2, 5]","[0.58, 0.58, 0.79]","[['C', 'A', 'B', 'D'], ['B', 'C', 'A', 'D'], ['C', 'B', 'D', 'A']]","{'C': 5, 'A': 4, 'B': 3, 'D': 3}","[0.75, 0.75, 1.0]",3.92
93,"[1, 3, 4]","[2, 2, 5]","[0.58, 0.58, 0.79]","[['C', 'A', 'B', 'D'], ['B', 'C', 'A', 'D'], ['C', 'D', 'B', 'A']]","{'C': 5, 'A': 4, 'B': 3, 'D': 3}","[0.75, 0.75, 1.0]",3.92
93,"[1, 3, 4]","[2, 2, 5]","[0.58, 0.58, 0.79]","[['C', 'A', 'B', 'D'], ['B', 'C', 'A', 'D'], ['D', 'B', 'C', 'A']]","{'C': 5, 'A': 4, 'B': 3, 'D': 3}","[0.75, 0.75, 1.0]",3.92
93,"[1, 3, 4]","[2, 2, 5]","[0.58, 0.58, 0.79]","[['C', 'A', 'B', 'D'], ['B', 'C', 'A', 'D'], ['D', 'C', 'B', 'A']]","{'C': 5, 'A': 4, 'B': 3, 'D': 3}","[0.75, 0.75, 1.0]",3.92
93,"[1, 3, 4]","[2, 2, 5]","[0.58, 0.58, 0.79]","[['C', 'A', 'B', 'D'], ['B', 'C', 'D', 'A'], ['A', 'B', 'C', 'D']]","{'C': 5, 'A': 4, 'B': 3, 'D': 3}","[0.75, 0.75, 1.0]",3.92
93,"[1, 3, 4]","[2, 2, 5]","[0.58, 0.58, 0.79]","[['C', 'A', 'B', 'D'], ['B', 'C', 'D', 'A'], ['A', 'C', 'B', 'D']]","{'C': 5, 'A': 4, 'B': 3, 'D': 3}","[0.75, 0.75, 1.0]",3.92
93,"[1, 3, 4]","[2, 2, 5]","[0.58, 0.58, 0.79]","[['C', 'A', 'B', 'D'], ['B', 'C', 'D', 'A'], ['B', 'A', 'C', 'D']]","{'C': 5, 'A': 4, 'B': 3, 'D': 3}","[0.75, 0.75, 1.0]",3.92
93,"[1, 3, 4]","[2, 2, 5]","[0.58, 0.58, 0.79]","[['C', 'A', 'B', 'D'], ['B', 'C', 'D', 'A'], ['B', 'C', 'A', 'D']]","{'C': 5, 'A': 4, 'B': 3, 'D': 3}","[0.75, 0.75, 1.0]",3.92
93,"[1, 3, 4]","[2, 2, 5]","[0.58, 0.58, 0.79]","[['C', 'A', 'B', 'D'], ['B', 'C', 'D', 'A'], ['C', 'A', 'B', 'D']]","{'C': 5, 'A': 4, 'B': 3, 'D': 3}","[0.75, 0.75, 1.0]",3.92
93,"[1, 3, 4]","[2, 2, 5]","[0.58, 0.58, 0.79]","[['C', 'A', 'B', 'D'], ['B', 'C', 'D', 'A'], ['C', 'B', 'A', 'D']]","{'C': 5, 'A': 4, 'B': 3, 'D': 3}","[0.75, 0.75, 1.0]",3.92
93,"[1, 3, 4]","[2, 2, 5]","[0.58, 0.58, 0.79]","[['C', 'A', 'B', 'D'], ['B', 'D', 'C', 'A'], ['A', 'B', 'C', 'D']]","{'C': 5, 'A': 4, 'B': 3, 'D': 3}","[0.75, 0.75, 1.0]",3.92
93,"[1, 3, 4]","[2, 2, 5]","[0.58, 0.58, 0.79]","[['C', 'A', 'B', 'D'], ['B', 'D', 'C', 'A'], ['A', 'C', 'B', 'D']]","{'C': 5, 'A': 4, 'B': 3, 'D': 3}","[0.75, 0.75, 1.0]",3.92
93,"[1, 3, 4]","[2, 2, 5]","[0.58, 0.58, 0.79]","[['C', 'A', 'B', 'D'], ['B', 'D', 'C', 'A'], ['B', 'A', 'C', 'D']]","{'C': 5, 'A': 4, 'B': 3, 'D': 3}","[0.75, 0.75, 1.0]",3.92
93,"[1, 3, 4]","[2, 2, 5]","[0.58, 0.58, 0.79]","[['C', 'A', 'B', 'D'], ['B', 'D', 'C', 'A'], ['B', 'C', 'A', 'D']]","{'C': 5, 'A': 4, 'B': 3, 'D': 3}","[0.75, 0.75, 1.0]",3.92
93,"[1, 3, 4]","[2, 2, 5]","[0.58, 0.58, 0.79]","[['C', 'A', 'B', 'D'], ['B', 'D', 'C', 'A'], ['C', 'A', 'B', 'D']]","{'C': 5, 'A': 4, 'B': 3, 'D': 3}","[0.75, 0.75, 1.0]",3.92
93,"[1, 3, 4]","[2, 2, 5]","[0.58, 0.58, 0.79]","[['C', 'A', 'B', 'D'], ['B', 'D', 'C', 'A'], ['C', 'B', 'A', 'D']]","{'C': 5, 'A': 4, 'B': 3, 'D': 3}","[0.75, 0.75, 1.0]",3.92
93,"[1, 3, 4]","[2, 2, 5]","[0.58, 0.58, 0.79]","[['C', 'A', 'B', 'D'], ['C', 'A', 'B', 'D'], ['B', 'C', 'D', 'A']]","{'C': 5, 'A': 4, 'B': 3, 'D': 3}","[0.75, 0.75, 1.0]",3.92
93,"[1, 3, 4]","[2, 2, 5]","[0.58, 0.58, 0.79]","[['C', 'A', 'B', 'D'], ['C', 'A', 'B', 'D'], ['B', 'D', 'C', 'A']]","{'C': 5, 'A': 4, 'B': 3, 'D': 3}","[0.75, 0.75, 1.0]",3.92
93,"[1, 3, 4]","[2, 2, 5]","[0.58, 0.58, 0.79]","[['C', 'A', 'B', 'D'], ['C', 'A', 'B', 'D'], ['C', 'B', 'D', 'A']]","{'C': 5, 'A': 4, 'B': 3, 'D': 3}","[0.75, 0.75, 1.0]",3.92
93,"[1, 3, 4]","[2, 2, 5]","[0.58, 0.58, 0.79]","[['C', 'A', 'B', 'D'], ['C', 'A', 'B', 'D'], ['C', 'D', 'B', 'A']]","{'C': 5, 'A': 4, 'B': 3, 'D': 3}","[0.75, 0.75, 1.0]",3.92
93,"[1, 3, 4]","[2, 2, 5]","[0.58, 0.58, 0.79]","[['C', 'A', 'B', 'D'], ['C', 'A', 'B', 'D'], ['D', 'B', 'C', 'A']]","{'C': 5, 'A': 4, 'B': 3, 'D': 3}","[0.75, 0.75, 1.0]",3.92
93,"[1, 3, 4]","[2, 2, 5]","[0.58, 0.58, 0.79]","[['C', 'A', 'B', 'D'], ['C', 'A', 'B', 'D'], ['D', 'C', 'B', 'A']]","{'C': 5, 'A': 4, 'B': 3, 'D': 3}","[0.75, 0.75, 1.0]",3.92
93,"[1, 3, 4]","[2, 2, 5]","[0.58, 0.58, 0.79]","[['C', 'A', 'B', 'D'], ['C', 'B', 'A', 'D'], ['B', 'C', 'D', 'A']]","{'C': 5, 'A': 4, 'B': 3, 'D': 3}","[0.75, 0.75, 1.0]",3.92
93,"[1, 3, 4]","[2, 2, 5]","[0.58, 0.58, 0.79]","[['C', 'A', 'B', 'D'], ['C', 'B', 'A', 'D'], ['B', 'D', 'C', 'A']]","{'C': 5, 'A': 4, 'B': 3, 'D': 3}","[0.75, 0.75, 1.0]",3.92
93,"[1, 3, 4]","[2, 2, 5]","[0.58, 0.58, 0.79]","[['C', 'A', 'B', 'D'], ['C', 'B', 'A', 'D'], ['C', 'B', 'D', 'A']]","{'C': 5, 'A': 4, 'B': 3, 'D': 3}","[0.75, 0.75, 1.0]",3.92
93,"[1, 3, 4]","[2, 2, 5]","[0.58, 0.58, 0.79]","[['C', 'A', 'B', 'D'], ['C', 'B', 'A', 'D'], ['C', 'D', 'B', 'A']]","{'C': 5, 'A': 4, 'B': 3, 'D': 3}","[0.75, 0.75, 1.0]",3.92
93,"[1, 3, 4]","[2, 2, 5]","[0.58, 0.58, 0.79]","[['C', 'A', 'B', 'D'], ['C', 'B', 'A', 'D'], ['D', 'B', 'C', 'A']]","{'C': 5, 'A': 4, 'B': 3, 'D': 3}","[0.75, 0.75, 1.0]",3.92
93,"[1, 3, 4]","[2, 2, 5]","[0.58, 0.58, 0.79]","[['C', 'A', 'B', 'D'], ['C', 'B', 'A', 'D'], ['D', 'C', 'B', 'A']]","{'C': 5, 'A': 4, 'B': 3, 'D': 3}","[0.75, 0.75, 1.0]",3.92
93,"[1, 3, 4]","[2, 2, 5]","[0.58, 0.58, 0.79]","[['C', 'A', 'B', 'D'], ['C', 'B', 'D', 'A'], ['A', 'B', 'C', 'D']]","{'C': 5, 'A': 4, 'B': 3, 'D': 3}","[0.75, 0.75, 1.0]",3.92
93,"[1, 3, 4]","[2, 2, 5]","[0.58, 0.58, 0.79]","[['C', 'A', 'B', 'D'], ['C', 'B', 'D', 'A'], ['A', 'C', 'B', 'D']]","{'C': 5, 'A': 4, 'B': 3, 'D': 3}","[0.75, 0.75, 1.0]",3.92
93,"[1, 3, 4]","[2, 2, 5]","[0.58, 0.58, 0.79]","[['C', 'A', 'B', 'D'], ['C', 'B', 'D', 'A'], ['B', 'A', 'C', 'D']]","{'C': 5, 'A': 4, 'B': 3, 'D': 3}","[0.75, 0.75, 1.0]",3.92
93,"[1, 3, 4]","[2, 2, 5]","[0.58, 0.58, 0.79]","[['C', 'A', 'B', 'D'], ['C', 'B', 'D', 'A'], ['B', 'C', 'A', 'D']]","{'C': 5, 'A': 4, 'B': 3, 'D': 3}","[0.75, 0.75, 1.0]",3.92
93,"[1, 3, 4]","[2, 2, 5]","[0.58, 0.58, 0.79]","[['C', 'A', 'B', 'D'], ['C', 'B', 'D', 'A'], ['C', 'A', 'B', 'D']]","{'C': 5, 'A': 4, 'B': 3, 'D': 3}","[0.75, 0.75, 1.0]",3.92
93,"[1, 3, 4]","[2, 2, 5]","[0.58, 0.58, 0.79]","[['C', 'A', 'B', 'D'], ['C', 'B', 'D', 'A'], ['C', 'B', 'A', 'D']]","{'C': 5, 'A': 4, 'B': 3, 'D': 3}","[0.75, 0.75, 1.0]",3.92
93,"[1, 3, 4]","[2, 2, 5]","[0.58, 0.58, 0.79]","[['C', 'A', 'B', 'D'], ['C', 'D', 'B', 'A'], ['A', 'B', 'C', 'D']]","{'C': 5, 'A': 4, 'B': 3, 'D': 3}","[0.75, 0.75, 1.0]",3.92
93,"[1, 3, 4]","[2, 2, 5]","[0.58, 0.58, 0.79]","[['C', 'A', 'B', 'D'], ['C', 'D', 'B', 'A'], ['A', 'C', 'B', 'D']]","{'C': 5, 'A': 4, 'B': 3, 'D': 3}","[0.75, 0.75, 1.0]",3.92
93,"[1, 3, 4]","[2, 2, 5]","[0.58, 0.58, 0.79]","[['C', 'A', 'B', 'D'], ['C', 'D', 'B', 'A'], ['B', 'A', 'C', 'D']]","{'C': 5, 'A': 4, 'B': 3, 'D': 3}","[0.75, 0.75, 1.0]",3.92
93,"[1, 3, 4]","[2, 2, 5]","[0.58, 0.58, 0.79]","[['C', 'A', 'B', 'D'], ['C', 'D', 'B', 'A'], ['B', 'C', 'A', 'D']]","{'C': 5, 'A': 4, 'B': 3, 'D': 3}","[0.75, 0.75, 1.0]",3.92
93,"[1, 3, 4]","[2, 2, 5]","[0.58, 0.58, 0.79]","[['C', 'A', 'B', 'D'], ['C', 'D', 'B', 'A'], ['C', 'A', 'B', 'D']]","{'C': 5, 'A': 4, 'B': 3, 'D': 3}","[0.75, 0.75, 1.0]",3.92
93,"[1, 3, 4]","[2, 2, 5]","[0.58, 0.58, 0.79]","[['C', 'A', 'B', 'D'], ['C', 'D', 'B', 'A'], ['C', 'B', 'A', 'D']]","{'C': 5, 'A': 4, 'B': 3, 'D': 3}","[0.75, 0.75, 1.0]",3.92
93,"[1, 3, 4]","[2, 2, 5]","[0.58, 0.58, 0.79]","[['C', 'A', 'B', 'D'], ['D', 'B', 'C', 'A'], ['A', 'B', 'C', 'D']]","{'C': 5, 'A': 4, 'B': 3, 'D': 3}","[0.75, 0.75, 1.0]",3.92
93,"[1, 3, 4]","[2, 2, 5]","[0.58, 0.58, 0.79]","[['C', 'A', 'B', 'D'], ['D', 'B', 'C', 'A'], ['A', 'C', 'B', 'D']]","{'C': 5, 'A': 4, 'B': 3, 'D': 3}","[0.75, 0.75, 1.0]",3.92
93,"[1, 3, 4]","[2, 2, 5]","[0.58, 0.58, 0.79]","[['C', 'A', 'B', 'D'], ['D', 'B', 'C', 'A'], ['B', 'A', 'C', 'D']]","{'C': 5, 'A': 4, 'B': 3, 'D': 3}","[0.75, 0.75, 1.0]",3.92
93,"[1, 3, 4]","[2, 2, 5]","[0.58, 0.58, 0.79]","[['C', 'A', 'B', 'D'], ['D', 'B', 'C', 'A'], ['B', 'C', 'A', 'D']]","{'C': 5, 'A': 4, 'B': 3, 'D': 3}","[0.75, 0.75, 1.0]",3.92
93,"[1, 3, 4]","[2, 2, 5]","[0.58, 0.58, 0.79]","[['C', 'A', 'B', 'D'], ['D', 'B', 'C', 'A'], ['C', 'A', 'B', 'D']]","{'C': 5, 'A': 4, 'B': 3, 'D': 3}","[0.75, 0.75, 1.0]",3.92
93,"[1, 3, 4]","[2, 2, 5]","[0.58, 0.58, 0.79]","[['C', 'A', 'B', 'D'], ['D', 'B', 'C', 'A'], ['C', 'B', 'A', 'D']]","{'C': 5, 'A': 4, 'B': 3, 'D': 3}","[0.75, 0.75, 1.0]",3.92
93,"[1, 3, 4]","[2, 2, 5]","[0.58, 0.58, 0.79]","[['C', 'A', 'B', 'D'], ['D', 'C', 'B', 'A'], ['A', 'B', 'C', 'D']]","{'C': 5, 'A': 4, 'B': 3, 'D': 3}","[0.75, 0.75, 1.0]",3.92
93,"[1, 3, 4]","[2, 2, 5]","[0.58, 0.58, 0.79]","[['C', 'A', 'B', 'D'], ['D', 'C', 'B', 'A'], ['A', 'C', 'B', 'D']]","{'C': 5, 'A': 4, 'B': 3, 'D': 3}","[0.75, 0.75, 1.0]",3.92
93,"[1, 3, 4]","[2, 2, 5]","[0.58, 0.58, 0.79]","[['C', 'A', 'B', 'D'], ['D', 'C', 'B', 'A'], ['B', 'A', 'C', 'D']]","{'C': 5, 'A': 4, 'B': 3, 'D': 3}","[0.75, 0.75, 1.0]",3.92
93,"[1, 3, 4]","[2, 2, 5]","[0.58, 0.58, 0.79]","[['C', 'A', 'B', 'D'], ['D', 'C', 'B', 'A'], ['B', 'C', 'A', 'D']]","{'C': 5, 'A': 4, 'B': 3, 'D': 3}","[0.75, 0.75, 1.0]",3.92
93,"[1, 3, 4]","[2, 2, 5]","[0.58, 0.58, 0.79]","[['C', 'A', 'B', 'D'], ['D', 'C', 'B', 'A'], ['C', 'A', 'B', 'D']]","{'C': 5, 'A': 4, 'B': 3, 'D': 3}","[0.75, 0.75, 1.0]",3.92
93,"[1, 3, 4]","[2, 2, 5]","[0.58, 0.58, 0.79]","[['C', 'A', 'B', 'D'], ['D', 'C', 'B', 'A'], ['C', 'B', 'A', 'D']]","{'C': 5, 'A': 4, 'B': 3, 'D': 3}","[0.75, 0.75, 1.0]",3.92
93,"[1, 3, 4]","[2, 2, 5]","[0.58, 0.58, 0.79]","[['C', 'B', 'A', 'D'], ['A', 'B', 'C', 'D'], ['B', 'C', 'D', 'A']]","{'C': 5, 'A': 4, 'B': 3, 'D': 3}","[0.75, 0.75, 1.0]",3.92
93,"[1, 3, 4]","[2, 2, 5]","[0.58, 0.58, 0.79]","[['C', 'B', 'A', 'D'], ['A', 'B', 'C', 'D'], ['B', 'D', 'C', 'A']]","{'C': 5, 'A': 4, 'B': 3, 'D': 3}","[0.75, 0.75, 1.0]",3.92
93,"[1, 3, 4]","[2, 2, 5]","[0.58, 0.58, 0.79]","[['C', 'B', 'A', 'D'], ['A', 'B', 'C', 'D'], ['C', 'B', 'D', 'A']]","{'C': 5, 'A': 4, 'B': 3, 'D': 3}","[0.75, 0.75, 1.0]",3.92
93,"[1, 3, 4]","[2, 2, 5]","[0.58, 0.58, 0.79]","[['C', 'B', 'A', 'D'], ['A', 'B', 'C', 'D'], ['C', 'D', 'B', 'A']]","{'C': 5, 'A': 4, 'B': 3, 'D': 3}","[0.75, 0.75, 1.0]",3.92
93,"[1, 3, 4]","[2, 2, 5]","[0.58, 0.58, 0.79]","[['C', 'B', 'A', 'D'], ['A', 'B', 'C', 'D'], ['D', 'B', 'C', 'A']]","{'C': 5, 'A': 4, 'B': 3, 'D': 3}","[0.75, 0.75, 1.0]",3.92
93,"[1, 3, 4]","[2, 2, 5]","[0.58, 0.58, 0.79]","[['C', 'B', 'A', 'D'], ['A', 'B', 'C', 'D'], ['D', 'C', 'B', 'A']]","{'C': 5, 'A': 4, 'B': 3, 'D': 3}","[0.75, 0.75, 1.0]",3.92
93,"[1, 3, 4]","[2, 2, 5]","[0.58, 0.58, 0.79]","[['C', 'B', 'A', 'D'], ['A', 'C', 'B', 'D'], ['B', 'C', 'D', 'A']]","{'C': 5, 'A': 4, 'B': 3, 'D': 3}","[0.75, 0.75, 1.0]",3.92
93,"[1, 3, 4]","[2, 2, 5]","[0.58, 0.58, 0.79]","[['C', 'B', 'A', 'D'], ['A', 'C', 'B', 'D'], ['B', 'D', 'C', 'A']]","{'C': 5, 'A': 4, 'B': 3, 'D': 3}","[0.75, 0.75, 1.0]",3.92
93,"[1, 3, 4]","[2, 2, 5]","[0.58, 0.58, 0.79]","[['C', 'B', 'A', 'D'], ['A', 'C', 'B', 'D'], ['C', 'B', 'D', 'A']]","{'C': 5, 'A': 4, 'B': 3, 'D': 3}","[0.75, 0.75, 1.0]",3.92
93,"[1, 3, 4]","[2, 2, 5]","[0.58, 0.58, 0.79]","[['C', 'B', 'A', 'D'], ['A', 'C', 'B', 'D'], ['C', 'D', 'B', 'A']]","{'C': 5, 'A': 4, 'B': 3, 'D': 3}","[0.75, 0.75, 1.0]",3.92
93,"[1, 3, 4]","[2, 2, 5]","[0.58, 0.58, 0.79]","[['C', 'B', 'A', 'D'], ['A', 'C', 'B', 'D'], ['D', 'B', 'C', 'A']]","{'C': 5, 'A': 4, 'B': 3, 'D': 3}","[0.75, 0.75, 1.0]",3.92
93,"[1, 3, 4]","[2, 2, 5]","[0.58, 0.58, 0.79]","[['C', 'B', 'A', 'D'], ['A', 'C', 'B', 'D'], ['D', 'C', 'B', 'A']]","{'C': 5, 'A': 4, 'B': 3, 'D': 3}","[0.75, 0.75, 1.0]",3.92
93,"[1, 3, 4]","[2, 2, 5]","[0.58, 0.58, 0.79]","[['C', 'B', 'A', 'D'], ['B', 'A', 'C', 'D'], ['B', 'C', 'D', 'A']]","{'C': 5, 'A': 4, 'B': 3, 'D': 3}","[0.75, 0.75, 1.0]",3.92
93,"[1, 3, 4]","[2, 2, 5]","[0.58, 0.58, 0.79]","[['C', 'B', 'A', 'D'], ['B', 'A', 'C', 'D'], ['B', 'D', 'C', 'A']]","{'C': 5, 'A': 4, 'B': 3, 'D': 3}","[0.75, 0.75, 1.0]",3.92
93,"[1, 3, 4]","[2, 2, 5]","[0.58, 0.58, 0.79]","[['C', 'B', 'A', 'D'], ['B', 'A', 'C', 'D'], ['C', 'B', 'D', 'A']]","{'C': 5, 'A': 4, 'B': 3, 'D': 3}","[0.75, 0.75, 1.0]",3.92
93,"[1, 3, 4]","[2, 2, 5]","[0.58, 0.58, 0.79]","[['C', 'B', 'A', 'D'], ['B', 'A', 'C', 'D'], ['C', 'D', 'B', 'A']]","{'C': 5, 'A': 4, 'B': 3, 'D': 3}","[0.75, 0.75, 1.0]",3.92
93,"[1, 3, 4]","[2, 2, 5]","[0.58, 0.58, 0.79]","[['C', 'B', 'A', 'D'], ['B', 'A', 'C', 'D'], ['D', 'B', 'C', 'A']]","{'C': 5, 'A': 4, 'B': 3, 'D': 3}","[0.75, 0.75, 1.0]",3.92
93,"[1, 3, 4]","[2, 2, 5]","[0.58, 0.58, 0.79]","[['C', 'B', 'A', 'D'], ['B', 'A', 'C', 'D'], ['D', 'C', 'B', 'A']]","{'C': 5, 'A': 4, 'B': 3, 'D': 3}","[0.75, 0.75, 1.0]",3.92
93,"[1, 3, 4]","[2, 2, 5]","[0.58, 0.58, 0.79]","[['C', 'B', 'A', 'D'], ['B', 'C', 'A', 'D'], ['B', 'C', 'D', 'A']]","{'C': 5, 'A': 4, 'B': 3, 'D': 3}","[0.75, 0.75, 1.0]",3.92
93,"[1, 3, 4]","[2, 2, 5]","[0.58, 0.58, 0.79]","[['C', 'B', 'A', 'D'], ['B', 'C', 'A', 'D'], ['B', 'D', 'C', 'A']]","{'C': 5, 'A': 4, 'B': 3, 'D': 3}","[0.75, 0.75, 1.0]",3.92
93,"[1, 3, 4]","[2, 2, 5]","[0.58, 0.58, 0.79]","[['C', 'B', 'A', 'D'], ['B', 'C', 'A', 'D'], ['C', 'B', 'D', 'A']]","{'C': 5, 'A': 4, 'B': 3, 'D': 3}","[0.75, 0.75, 1.0]",3.92
93,"[1, 3, 4]","[2, 2, 5]","[0.58, 0.58, 0.79]","[['C', 'B', 'A', 'D'], ['B', 'C', 'A', 'D'], ['C', 'D', 'B', 'A']]","{'C': 5, 'A': 4, 'B': 3, 'D': 3}","[0.75, 0.75, 1.0]",3.92
93,"[1, 3, 4]","[2, 2, 5]","[0.58, 0.58, 0.79]","[['C', 'B', 'A', 'D'], ['B', 'C', 'A', 'D'], ['D', 'B', 'C', 'A']]","{'C': 5, 'A': 4, 'B': 3, 'D': 3}","[0.75, 0.75, 1.0]",3.92
93,"[1, 3, 4]","[2, 2, 5]","[0.58, 0.58, 0.79]","[['C', 'B', 'A', 'D'], ['B', 'C', 'A', 'D'], ['D', 'C', 'B', 'A']]","{'C': 5, 'A': 4, 'B': 3, 'D': 3}","[0.75, 0.75, 1.0]",3.92
93,"[1, 3, 4]","[2, 2, 5]","[0.58, 0.58, 0.79]","[['C', 'B', 'A', 'D'], ['B', 'C', 'D', 'A'], ['A', 'B', 'C', 'D']]","{'C': 5, 'A': 4, 'B': 3, 'D': 3}","[0.75, 0.75, 1.0]",3.92
93,"[1, 3, 4]","[2, 2, 5]","[0.58, 0.58, 0.79]","[['C', 'B', 'A', 'D'], ['B', 'C', 'D', 'A'], ['A', 'C', 'B', 'D']]","{'C': 5, 'A': 4, 'B': 3, 'D': 3}","[0.75, 0.75, 1.0]",3.92
93,"[1, 3, 4]","[2, 2, 5]","[0.58, 0.58, 0.79]","[['C', 'B', 'A', 'D'], ['B', 'C', 'D', 'A'], ['B', 'A', 'C', 'D']]","{'C': 5, 'A': 4, 'B': 3, 'D': 3}","[0.75, 0.75, 1.0]",3.92
93,"[1, 3, 4]","[2, 2, 5]","[0.58, 0.58, 0.79]","[['C', 'B', 'A', 'D'], ['B', 'C', 'D', 'A'], ['B', 'C', 'A', 'D']]","{'C': 5, 'A': 4, 'B': 3, 'D': 3}","[0.75, 0.75, 1.0]",3.92
93,"[1, 3, 4]","[2, 2, 5]","[0.58, 0.58, 0.79]","[['C', 'B', 'A', 'D'], ['B', 'C', 'D', 'A'], ['C', 'A', 'B', 'D']]","{'C': 5, 'A': 4, 'B': 3, 'D': 3}","[0.75, 0.75, 1.0]",3.92
93,"[1, 3, 4]","[2, 2, 5]","[0.58, 0.58, 0.79]","[['C', 'B', 'A', 'D'], ['B', 'C', 'D', 'A'], ['C', 'B', 'A', 'D']]","{'C': 5, 'A': 4, 'B': 3, 'D': 3}","[0.75, 0.75, 1.0]",3.92
93,"[1, 3, 4]","[2, 2, 5]","[0.58, 0.58, 0.79]","[['C', 'B', 'A', 'D'], ['B', 'D', 'C', 'A'], ['A', 'B', 'C', 'D']]","{'C': 5, 'A': 4, 'B': 3, 'D': 3}","[0.75, 0.75, 1.0]",3.92
93,"[1, 3, 4]","[2, 2, 5]","[0.58, 0.58, 0.79]","[['C', 'B', 'A', 'D'], ['B', 'D', 'C', 'A'], ['A', 'C', 'B', 'D']]","{'C': 5, 'A': 4, 'B': 3, 'D': 3}","[0.75, 0.75, 1.0]",3.92
93,"[1, 3, 4]","[2, 2, 5]","[0.58, 0.58, 0.79]","[['C', 'B', 'A', 'D'], ['B', 'D', 'C', 'A'], ['B', 'A', 'C', 'D']]","{'C': 5, 'A': 4, 'B': 3, 'D': 3}","[0.75, 0.75, 1.0]",3.92
93,"[1, 3, 4]","[2, 2, 5]","[0.58, 0.58, 0.79]","[['C', 'B', 'A', 'D'], ['B', 'D', 'C', 'A'], ['B', 'C', 'A', 'D']]","{'C': 5, 'A': 4, 'B': 3, 'D': 3}","[0.75, 0.75, 1.0]",3.92
93,"[1, 3, 4]","[2, 2, 5]","[0.58, 0.58, 0.79]","[['C', 'B', 'A', 'D'], ['B', 'D', 'C', 'A'], ['C', 'A', 'B', 'D']]","{'C': 5, 'A': 4, 'B': 3, 'D': 3}","[0.75, 0.75, 1.0]",3.92
93,"[1, 3, 4]","[2, 2, 5]","[0.58, 0.58, 0.79]","[['C', 'B', 'A', 'D'], ['B', 'D', 'C', 'A'], ['C', 'B', 'A', 'D']]","{'C': 5, 'A': 4, 'B': 3, 'D': 3}","[0.75, 0.75, 1.0]",3.92
93,"[1, 3, 4]","[2, 2, 5]","[0.58, 0.58, 0.79]","[['C', 'B', 'A', 'D'], ['C', 'A', 'B', 'D'], ['B', 'C', 'D', 'A']]","{'C': 5, 'A': 4, 'B': 3, 'D': 3}","[0.75, 0.75, 1.0]",3.92
93,"[1, 3, 4]","[2, 2, 5]","[0.58, 0.58, 0.79]","[['C', 'B', 'A', 'D'], ['C', 'A', 'B', 'D'], ['B', 'D', 'C', 'A']]","{'C': 5, 'A': 4, 'B': 3, 'D': 3}","[0.75, 0.75, 1.0]",3.92
93,"[1, 3, 4]","[2, 2, 5]","[0.58, 0.58, 0.79]","[['C', 'B', 'A', 'D'], ['C', 'A', 'B', 'D'], ['C', 'B', 'D', 'A']]","{'C': 5, 'A': 4, 'B': 3, 'D': 3}","[0.75, 0.75, 1.0]",3.92
93,"[1, 3, 4]","[2, 2, 5]","[0.58, 0.58, 0.79]","[['C', 'B', 'A', 'D'], ['C', 'A', 'B', 'D'], ['C', 'D', 'B', 'A']]","{'C': 5, 'A': 4, 'B': 3, 'D': 3}","[0.75, 0.75, 1.0]",3.92
93,"[1, 3, 4]","[2, 2, 5]","[0.58, 0.58, 0.79]","[['C', 'B', 'A', 'D'], ['C', 'A', 'B', 'D'], ['D', 'B', 'C', 'A']]","{'C': 5, 'A': 4, 'B': 3, 'D': 3}","[0.75, 0.75, 1.0]",3.92
93,"[1, 3, 4]","[2, 2, 5]","[0.58, 0.58, 0.79]","[['C', 'B', 'A', 'D'], ['C', 'A', 'B', 'D'], ['D', 'C', 'B', 'A']]","{'C': 5, 'A': 4, 'B': 3, 'D': 3}","[0.75, 0.75, 1.0]",3.92
93,"[1, 3, 4]","[2, 2, 5]","[0.58, 0.58, 0.79]","[['C', 'B', 'A', 'D'], ['C', 'B', 'A', 'D'], ['B', 'C', 'D', 'A']]","{'C': 5, 'A': 4, 'B': 3, 'D': 3}","[0.75, 0.75, 1.0]",3.92
93,"[1, 3, 4]","[2, 2, 5]","[0.58, 0.58, 0.79]","[['C', 'B', 'A', 'D'], ['C', 'B', 'A', 'D'], ['B', 'D', 'C', 'A']]","{'C': 5, 'A': 4, 'B': 3, 'D': 3}","[0.75, 0.75, 1.0]",3.92
93,"[1, 3, 4]","[2, 2, 5]","[0.58, 0.58, 0.79]","[['C', 'B', 'A', 'D'], ['C', 'B', 'A', 'D'], ['C', 'B', 'D', 'A']]","{'C': 5, 'A': 4, 'B': 3, 'D': 3}","[0.75, 0.75, 1.0]",3.92
93,"[1, 3, 4]","[2, 2, 5]","[0.58, 0.58, 0.79]","[['C', 'B', 'A', 'D'], ['C', 'B', 'A', 'D'], ['C', 'D', 'B', 'A']]","{'C': 5, 'A': 4, 'B': 3, 'D': 3}","[0.75, 0.75, 1.0]",3.92
93,"[1, 3, 4]","[2, 2, 5]","[0.58, 0.58, 0.79]","[['C', 'B', 'A', 'D'], ['C', 'B', 'A', 'D'], ['D', 'B', 'C', 'A']]","{'C': 5, 'A': 4, 'B': 3, 'D': 3}","[0.75, 0.75, 1.0]",3.92
93,"[1, 3, 4]","[2, 2, 5]","[0.58, 0.58, 0.79]","[['C', 'B', 'A', 'D'], ['C', 'B', 'A', 'D'], ['D', 'C', 'B', 'A']]","{'C': 5, 'A': 4, 'B': 3, 'D': 3}","[0.75, 0.75, 1.0]",3.92
93,"[1, 3, 4]","[2, 2, 5]","[0.58, 0.58, 0.79]","[['C', 'B', 'A', 'D'], ['C', 'B', 'D', 'A'], ['A', 'B', 'C', 'D']]","{'C': 5, 'A': 4, 'B': 3, 'D': 3}","[0.75, 0.75, 1.0]",3.92
93,"[1, 3, 4]","[2, 2, 5]","[0.58, 0.58, 0.79]","[['C', 'B', 'A', 'D'], ['C', 'B', 'D', 'A'], ['A', 'C', 'B', 'D']]","{'C': 5, 'A': 4, 'B': 3, 'D': 3}","[0.75, 0.75, 1.0]",3.92
93,"[1, 3, 4]","[2, 2, 5]","[0.58, 0.58, 0.79]","[['C', 'B', 'A', 'D'], ['C', 'B', 'D', 'A'], ['B', 'A', 'C', 'D']]","{'C': 5, 'A': 4, 'B': 3, 'D': 3}","[0.75, 0.75, 1.0]",3.92
93,"[1, 3, 4]","[2, 2, 5]","[0.58, 0.58, 0.79]","[['C', 'B', 'A', 'D'], ['C', 'B', 'D', 'A'], ['B', 'C', 'A', 'D']]","{'C': 5, 'A': 4, 'B': 3, 'D': 3}","[0.75, 0.75, 1.0]",3.92
93,"[1, 3, 4]","[2, 2, 5]","[0.58, 0.58, 0.79]","[['C', 'B', 'A', 'D'], ['C', 'B', 'D', 'A'], ['C', 'A', 'B', 'D']]","{'C': 5, 'A': 4, 'B': 3, 'D': 3}","[0.75, 0.75, 1.0]",3.92
93,"[1, 3, 4]","[2, 2, 5]","[0.58, 0.58, 0.79]","[['C', 'B', 'A', 'D'], ['C', 'B', 'D', 'A'], ['C', 'B', 'A', 'D']]","{'C': 5, 'A': 4, 'B': 3, 'D': 3}","[0.75, 0.75, 1.0]",3.92
93,"[1, 3, 4]","[2, 2, 5]","[0.58, 0.58, 0.79]","[['C', 'B', 'A', 'D'], ['C', 'D', 'B', 'A'], ['A', 'B', 'C', 'D']]","{'C': 5, 'A': 4, 'B': 3, 'D': 3}","[0.75, 0.75, 1.0]",3.92
93,"[1, 3, 4]","[2, 2, 5]","[0.58, 0.58, 0.79]","[['C', 'B', 'A', 'D'], ['C', 'D', 'B', 'A'], ['A', 'C', 'B', 'D']]","{'C': 5, 'A': 4, 'B': 3, 'D': 3}","[0.75, 0.75, 1.0]",3.92
93,"[1, 3, 4]","[2, 2, 5]","[0.58, 0.58, 0.79]","[['C', 'B', 'A', 'D'], ['C', 'D', 'B', 'A'], ['B', 'A', 'C', 'D']]","{'C': 5, 'A': 4, 'B': 3, 'D': 3}","[0.75, 0.75, 1.0]",3.92
93,"[1, 3, 4]","[2, 2, 5]","[0.58, 0.58, 0.79]","[['C', 'B', 'A', 'D'], ['C', 'D', 'B', 'A'], ['B', 'C', 'A', 'D']]","{'C': 5, 'A': 4, 'B': 3, 'D': 3}","[0.75, 0.75, 1.0]",3.92
93,"[1, 3, 4]","[2, 2, 5]","[0.58, 0.58, 0.79]","[['C', 'B', 'A', 'D'], ['C', 'D', 'B', 'A'], ['C', 'A', 'B', 'D']]","{'C': 5, 'A': 4, 'B': 3, 'D': 3}","[0.75, 0.75, 1.0]",3.92
93,"[1, 3, 4]","[2, 2, 5]","[0.58, 0.58, 0.79]","[['C', 'B', 'A', 'D'], ['C', 'D', 'B', 'A'], ['C', 'B', 'A', 'D']]","{'C': 5, 'A': 4, 'B': 3, 'D': 3}","[0.75, 0.75, 1.0]",3.92
93,"[1, 3, 4]","[2, 2, 5]","[0.58, 0.58, 0.79]","[['C', 'B', 'A', 'D'], ['D', 'B', 'C', 'A'], ['A', 'B', 'C', 'D']]","{'C': 5, 'A': 4, 'B': 3, 'D': 3}","[0.75, 0.75, 1.0]",3.92
93,"[1, 3, 4]","[2, 2, 5]","[0.58, 0.58, 0.79]","[['C', 'B', 'A', 'D'], ['D', 'B', 'C', 'A'], ['A', 'C', 'B', 'D']]","{'C': 5, 'A': 4, 'B': 3, 'D': 3}","[0.75, 0.75, 1.0]",3.92
93,"[1, 3, 4]","[2, 2, 5]","[0.58, 0.58, 0.79]","[['C', 'B', 'A', 'D'], ['D', 'B', 'C', 'A'], ['B', 'A', 'C', 'D']]","{'C': 5, 'A': 4, 'B': 3, 'D': 3}","[0.75, 0.75, 1.0]",3.92
93,"[1, 3, 4]","[2, 2, 5]","[0.58, 0.58, 0.79]","[['C', 'B', 'A', 'D'], ['D', 'B', 'C', 'A'], ['B', 'C', 'A', 'D']]","{'C': 5, 'A': 4, 'B': 3, 'D': 3}","[0.75, 0.75, 1.0]",3.92
93,"[1, 3, 4]","[2, 2, 5]","[0.58, 0.58, 0.79]","[['C', 'B', 'A', 'D'], ['D', 'B', 'C', 'A'], ['C', 'A', 'B', 'D']]","{'C': 5, 'A': 4, 'B': 3, 'D': 3}","[0.75, 0.75, 1.0]",3.92
93,"[1, 3, 4]","[2, 2, 5]","[0.58, 0.58, 0.79]","[['C', 'B', 'A', 'D'], ['D', 'B', 'C', 'A'], ['C', 'B', 'A', 'D']]","{'C': 5, 'A': 4, 'B': 3, 'D': 3}","[0.75, 0.75, 1.0]",3.92
93,"[1, 3, 4]","[2, 2, 5]","[0.58, 0.58, 0.79]","[['C', 'B', 'A', 'D'], ['D', 'C', 'B', 'A'], ['A', 'B', 'C', 'D']]","{'C': 5, 'A': 4, 'B': 3, 'D': 3}","[0.75, 0.75, 1.0]",3.92
93,"[1, 3, 4]","[2, 2, 5]","[0.58, 0.58, 0.79]","[['C', 'B', 'A', 'D'], ['D', 'C', 'B', 'A'], ['A', 'C', 'B', 'D']]","{'C': 5, 'A': 4, 'B': 3, 'D': 3}","[0.75, 0.75, 1.0]",3.92
93,"[1, 3, 4]","[2, 2, 5]","[0.58, 0.58, 0.79]","[['C', 'B', 'A', 'D'], ['D', 'C', 'B', 'A'], ['B', 'A', 'C', 'D']]","{'C': 5, 'A': 4, 'B': 3, 'D': 3}","[0.75, 0.75, 1.0]",3.92
93,"[1, 3, 4]","[2, 2, 5]","[0.58, 0.58, 0.79]","[['C', 'B', 'A', 'D'], ['D', 'C', 'B', 'A'], ['B', 'C', 'A', 'D']]","{'C': 5, 'A': 4, 'B': 3, 'D': 3}","[0.75, 0.75, 1.0]",3.92
93,"[1, 3, 4]","[2, 2, 5]","[0.58, 0.58, 0.79]","[['C', 'B', 'A', 'D'], ['D', 'C', 'B', 'A'], ['C', 'A', 'B', 'D']]","{'C': 5, 'A': 4, 'B': 3, 'D': 3}","[0.75, 0.75, 1.0]",3.92
93,"[1, 3, 4]","[2, 2, 5]","[0.58, 0.58, 0.79]","[['C', 'B', 'A', 'D'], ['D', 'C', 'B', 'A'], ['C', 'B', 'A', 'D']]","{'C': 5, 'A': 4, 'B': 3, 'D': 3}","[0.75, 0.75, 1.0]",3.92
93,"[1, 3, 4]","[2, 2, 5]","[0.58, 0.58, 0.79]","[['C', 'B', 'D', 'A'], ['A', 'B', 'C', 'D'], ['A', 'B', 'C', 'D']]","{'C': 5, 'A': 4, 'B': 3, 'D': 3}","[0.75, 0.75, 1.0]",3.92
93,"[1, 3, 4]","[2, 2, 5]","[0.58, 0.58, 0.79]","[['C', 'B', 'D', 'A'], ['A', 'B', 'C', 'D'], ['A', 'C', 'B', 'D']]","{'C': 5, 'A': 4, 'B': 3, 'D': 3}","[0.75, 0.75, 1.0]",3.92
93,"[1, 3, 4]","[2, 2, 5]","[0.58, 0.58, 0.79]","[['C', 'B', 'D', 'A'], ['A', 'B', 'C', 'D'], ['B', 'A', 'C', 'D']]","{'C': 5, 'A': 4, 'B': 3, 'D': 3}","[0.75, 0.75, 1.0]",3.92
93,"[1, 3, 4]","[2, 2, 5]","[0.58, 0.58, 0.79]","[['C', 'B', 'D', 'A'], ['A', 'B', 'C', 'D'], ['B', 'C', 'A', 'D']]","{'C': 5, 'A': 4, 'B': 3, 'D': 3}","[0.75, 0.75, 1.0]",3.92
93,"[1, 3, 4]","[2, 2, 5]","[0.58, 0.58, 0.79]","[['C', 'B', 'D', 'A'], ['A', 'B', 'C', 'D'], ['C', 'A', 'B', 'D']]","{'C': 5, 'A': 4, 'B': 3, 'D': 3}","[0.75, 0.75, 1.0]",3.92
93,"[1, 3, 4]","[2, 2, 5]","[0.58, 0.58, 0.79]","[['C', 'B', 'D', 'A'], ['A', 'B', 'C', 'D'], ['C', 'B', 'A', 'D']]","{'C': 5, 'A': 4, 'B': 3, 'D': 3}","[0.75, 0.75, 1.0]",3.92
93,"[1, 3, 4]","[2, 2, 5]","[0.58, 0.58, 0.79]","[['C', 'B', 'D', 'A'], ['A', 'C', 'B', 'D'], ['A', 'B', 'C', 'D']]","{'C': 5, 'A': 4, 'B': 3, 'D': 3}","[0.75, 0.75, 1.0]",3.92
93,"[1, 3, 4]","[2, 2, 5]","[0.58, 0.58, 0.79]","[['C', 'B', 'D', 'A'], ['A', 'C', 'B', 'D'], ['A', 'C', 'B', 'D']]","{'C': 5, 'A': 4, 'B': 3, 'D': 3}","[0.75, 0.75, 1.0]",3.92
93,"[1, 3, 4]","[2, 2, 5]","[0.58, 0.58, 0.79]","[['C', 'B', 'D', 'A'], ['A', 'C', 'B', 'D'], ['B', 'A', 'C', 'D']]","{'C': 5, 'A': 4, 'B': 3, 'D': 3}","[0.75, 0.75, 1.0]",3.92
93,"[1, 3, 4]","[2, 2, 5]","[0.58, 0.58, 0.79]","[['C', 'B', 'D', 'A'], ['A', 'C', 'B', 'D'], ['B', 'C', 'A', 'D']]","{'C': 5, 'A': 4, 'B': 3, 'D': 3}","[0.75, 0.75, 1.0]",3.92
93,"[1, 3, 4]","[2, 2, 5]","[0.58, 0.58, 0.79]","[['C', 'B', 'D', 'A'], ['A', 'C', 'B', 'D'], ['C', 'A', 'B', 'D']]","{'C': 5, 'A': 4, 'B': 3, 'D': 3}","[0.75, 0.75, 1.0]",3.92
93,"[1, 3, 4]","[2, 2, 5]","[0.58, 0.58, 0.79]","[['C', 'B', 'D', 'A'], ['A', 'C', 'B', 'D'], ['C', 'B', 'A', 'D']]","{'C': 5, 'A': 4, 'B': 3, 'D': 3}","[0.75, 0.75, 1.0]",3.92
93,"[1, 3, 4]","[2, 2, 5]","[0.58, 0.58, 0.79]","[['C', 'B', 'D', 'A'], ['B', 'A', 'C', 'D'], ['A', 'B', 'C', 'D']]","{'C': 5, 'A': 4, 'B': 3, 'D': 3}","[0.75, 0.75, 1.0]",3.92
93,"[1, 3, 4]","[2, 2, 5]","[0.58, 0.58, 0.79]","[['C', 'B', 'D', 'A'], ['B', 'A', 'C', 'D'], ['A', 'C', 'B', 'D']]","{'C': 5, 'A': 4, 'B': 3, 'D': 3}","[0.75, 0.75, 1.0]",3.92
93,"[1, 3, 4]","[2, 2, 5]","[0.58, 0.58, 0.79]","[['C', 'B', 'D', 'A'], ['B', 'A', 'C', 'D'], ['B', 'A', 'C', 'D']]","{'C': 5, 'A': 4, 'B': 3, 'D': 3}","[0.75, 0.75, 1.0]",3.92
93,"[1, 3, 4]","[2, 2, 5]","[0.58, 0.58, 0.79]","[['C', 'B', 'D', 'A'], ['B', 'A', 'C', 'D'], ['B', 'C', 'A', 'D']]","{'C': 5, 'A': 4, 'B': 3, 'D': 3}","[0.75, 0.75, 1.0]",3.92
93,"[1, 3, 4]","[2, 2, 5]","[0.58, 0.58, 0.79]","[['C', 'B', 'D', 'A'], ['B', 'A', 'C', 'D'], ['C', 'A', 'B', 'D']]","{'C': 5, 'A': 4, 'B': 3, 'D': 3}","[0.75, 0.75, 1.0]",3.92
93,"[1, 3, 4]","[2, 2, 5]","[0.58, 0.58, 0.79]","[['C', 'B', 'D', 'A'], ['B', 'A', 'C', 'D'], ['C', 'B', 'A', 'D']]","{'C': 5, 'A': 4, 'B': 3, 'D': 3}","[0.75, 0.75, 1.0]",3.92
93,"[1, 3, 4]","[2, 2, 5]","[0.58, 0.58, 0.79]","[['C', 'B', 'D', 'A'], ['B', 'C', 'A', 'D'], ['A', 'B', 'C', 'D']]","{'C': 5, 'A': 4, 'B': 3, 'D': 3}","[0.75, 0.75, 1.0]",3.92
93,"[1, 3, 4]","[2, 2, 5]","[0.58, 0.58, 0.79]","[['C', 'B', 'D', 'A'], ['B', 'C', 'A', 'D'], ['A', 'C', 'B', 'D']]","{'C': 5, 'A': 4, 'B': 3, 'D': 3}","[0.75, 0.75, 1.0]",3.92
93,"[1, 3, 4]","[2, 2, 5]","[0.58, 0.58, 0.79]","[['C', 'B', 'D', 'A'], ['B', 'C', 'A', 'D'], ['B', 'A', 'C', 'D']]","{'C': 5, 'A': 4, 'B': 3, 'D': 3}","[0.75, 0.75, 1.0]",3.92
93,"[1, 3, 4]","[2, 2, 5]","[0.58, 0.58, 0.79]","[['C', 'B', 'D', 'A'], ['B', 'C', 'A', 'D'], ['B', 'C', 'A', 'D']]","{'C': 5, 'A': 4, 'B': 3, 'D': 3}","[0.75, 0.75, 1.0]",3.92
93,"[1, 3, 4]","[2, 2, 5]","[0.58, 0.58, 0.79]","[['C', 'B', 'D', 'A'], ['B', 'C', 'A', 'D'], ['C', 'A', 'B', 'D']]","{'C': 5, 'A': 4, 'B': 3, 'D': 3}","[0.75, 0.75, 1.0]",3.92
93,"[1, 3, 4]","[2, 2, 5]","[0.58, 0.58, 0.79]","[['C', 'B', 'D', 'A'], ['B', 'C', 'A', 'D'], ['C', 'B', 'A', 'D']]","{'C': 5, 'A': 4, 'B': 3, 'D': 3}","[0.75, 0.75, 1.0]",3.92
93,"[1, 3, 4]","[2, 2, 5]","[0.58, 0.58, 0.79]","[['C', 'B', 'D', 'A'], ['C', 'A', 'B', 'D'], ['A', 'B', 'C', 'D']]","{'C': 5, 'A': 4, 'B': 3, 'D': 3}","[0.75, 0.75, 1.0]",3.92
93,"[1, 3, 4]","[2, 2, 5]","[0.58, 0.58, 0.79]","[['C', 'B', 'D', 'A'], ['C', 'A', 'B', 'D'], ['A', 'C', 'B', 'D']]","{'C': 5, 'A': 4, 'B': 3, 'D': 3}","[0.75, 0.75, 1.0]",3.92
93,"[1, 3, 4]","[2, 2, 5]","[0.58, 0.58, 0.79]","[['C', 'B', 'D', 'A'], ['C', 'A', 'B', 'D'], ['B', 'A', 'C', 'D']]","{'C': 5, 'A': 4, 'B': 3, 'D': 3}","[0.75, 0.75, 1.0]",3.92
93,"[1, 3, 4]","[2, 2, 5]","[0.58, 0.58, 0.79]","[['C', 'B', 'D', 'A'], ['C', 'A', 'B', 'D'], ['B', 'C', 'A', 'D']]","{'C': 5, 'A': 4, 'B': 3, 'D': 3}","[0.75, 0.75, 1.0]",3.92
93,"[1, 3, 4]","[2, 2, 5]","[0.58, 0.58, 0.79]","[['C', 'B', 'D', 'A'], ['C', 'A', 'B', 'D'], ['C', 'A', 'B', 'D']]","{'C': 5, 'A': 4, 'B': 3, 'D': 3}","[0.75, 0.75, 1.0]",3.92
93,"[1, 3, 4]","[2, 2, 5]","[0.58, 0.58, 0.79]","[['C', 'B', 'D', 'A'], ['C', 'A', 'B', 'D'], ['C', 'B', 'A', 'D']]","{'C': 5, 'A': 4, 'B': 3, 'D': 3}","[0.75, 0.75, 1.0]",3.92
93,"[1, 3, 4]","[2, 2, 5]","[0.58, 0.58, 0.79]","[['C', 'B', 'D', 'A'], ['C', 'B', 'A', 'D'], ['A', 'B', 'C', 'D']]","{'C': 5, 'A': 4, 'B': 3, 'D': 3}","[0.75, 0.75, 1.0]",3.92
93,"[1, 3, 4]","[2, 2, 5]","[0.58, 0.58, 0.79]","[['C', 'B', 'D', 'A'], ['C', 'B', 'A', 'D'], ['A', 'C', 'B', 'D']]","{'C': 5, 'A': 4, 'B': 3, 'D': 3}","[0.75, 0.75, 1.0]",3.92
93,"[1, 3, 4]","[2, 2, 5]","[0.58, 0.58, 0.79]","[['C', 'B', 'D', 'A'], ['C', 'B', 'A', 'D'], ['B', 'A', 'C', 'D']]","{'C': 5, 'A': 4, 'B': 3, 'D': 3}","[0.75, 0.75, 1.0]",3.92
93,"[1, 3, 4]","[2, 2, 5]","[0.58, 0.58, 0.79]","[['C', 'B', 'D', 'A'], ['C', 'B', 'A', 'D'], ['B', 'C', 'A', 'D']]","{'C': 5, 'A': 4, 'B': 3, 'D': 3}","[0.75, 0.75, 1.0]",3.92
93,"[1, 3, 4]","[2, 2, 5]","[0.58, 0.58, 0.79]","[['C', 'B', 'D', 'A'], ['C', 'B', 'A', 'D'], ['C', 'A', 'B', 'D']]","{'C': 5, 'A': 4, 'B': 3, 'D': 3}","[0.75, 0.75, 1.0]",3.92
93,"[1, 3, 4]","[2, 2, 5]","[0.58, 0.58, 0.79]","[['C', 'B', 'D', 'A'], ['C', 'B', 'A', 'D'], ['C', 'B', 'A', 'D']]","{'C': 5, 'A': 4, 'B': 3, 'D': 3}","[0.75, 0.75, 1.0]",3.92
93,"[1, 3, 4]","[2, 2, 5]","[0.58, 0.58, 0.79]","[['C', 'D', 'B', 'A'], ['A', 'B', 'C', 'D'], ['A', 'B', 'C', 'D']]","{'C': 5, 'A': 4, 'B': 3, 'D': 3}","[0.75, 0.75, 1.0]",3.92
93,"[1, 3, 4]","[2, 2, 5]","[0.58, 0.58, 0.79]","[['C', 'D', 'B', 'A'], ['A', 'B', 'C', 'D'], ['A', 'C', 'B', 'D']]","{'C': 5, 'A': 4, 'B': 3, 'D': 3}","[0.75, 0.75, 1.0]",3.92
93,"[1, 3, 4]","[2, 2, 5]","[0.58, 0.58, 0.79]","[['C', 'D', 'B', 'A'], ['A', 'B', 'C', 'D'], ['B', 'A', 'C', 'D']]","{'C': 5, 'A': 4, 'B': 3, 'D': 3}","[0.75, 0.75, 1.0]",3.92
93,"[1, 3, 4]","[2, 2, 5]","[0.58, 0.58, 0.79]","[['C', 'D', 'B', 'A'], ['A', 'B', 'C', 'D'], ['B', 'C', 'A', 'D']]","{'C': 5, 'A': 4, 'B': 3, 'D': 3}","[0.75, 0.75, 1.0]",3.92
93,"[1, 3, 4]","[2, 2, 5]","[0.58, 0.58, 0.79]","[['C', 'D', 'B', 'A'], ['A', 'B', 'C', 'D'], ['C', 'A', 'B', 'D']]","{'C': 5, 'A': 4, 'B': 3, 'D': 3}","[0.75, 0.75, 1.0]",3.92
93,"[1, 3, 4]","[2, 2, 5]","[0.58, 0.58, 0.79]","[['C', 'D', 'B', 'A'], ['A', 'B', 'C', 'D'], ['C', 'B', 'A', 'D']]","{'C': 5, 'A': 4, 'B': 3, 'D': 3}","[0.75, 0.75, 1.0]",3.92
93,"[1, 3, 4]","[2, 2, 5]","[0.58, 0.58, 0.79]","[['C', 'D', 'B', 'A'], ['A', 'C', 'B', 'D'], ['A', 'B', 'C', 'D']]","{'C': 5, 'A': 4, 'B': 3, 'D': 3}","[0.75, 0.75, 1.0]",3.92
93,"[1, 3, 4]","[2, 2, 5]","[0.58, 0.58, 0.79]","[['C', 'D', 'B', 'A'], ['A', 'C', 'B', 'D'], ['A', 'C', 'B', 'D']]","{'C': 5, 'A': 4, 'B': 3, 'D': 3}","[0.75, 0.75, 1.0]",3.92
93,"[1, 3, 4]","[2, 2, 5]","[0.58, 0.58, 0.79]","[['C', 'D', 'B', 'A'], ['A', 'C', 'B', 'D'], ['B', 'A', 'C', 'D']]","{'C': 5, 'A': 4, 'B': 3, 'D': 3}","[0.75, 0.75, 1.0]",3.92
93,"[1, 3, 4]","[2, 2, 5]","[0.58, 0.58, 0.79]","[['C', 'D', 'B', 'A'], ['A', 'C', 'B', 'D'], ['B', 'C', 'A', 'D']]","{'C': 5, 'A': 4, 'B': 3, 'D': 3}","[0.75, 0.75, 1.0]",3.92
93,"[1, 3, 4]","[2, 2, 5]","[0.58, 0.58, 0.79]","[['C', 'D', 'B', 'A'], ['A', 'C', 'B', 'D'], ['C', 'A', 'B', 'D']]","{'C': 5, 'A': 4, 'B': 3, 'D': 3}","[0.75, 0.75, 1.0]",3.92
93,"[1, 3, 4]","[2, 2, 5]","[0.58, 0.58, 0.79]","[['C', 'D', 'B', 'A'], ['A', 'C', 'B', 'D'], ['C', 'B', 'A', 'D']]","{'C': 5, 'A': 4, 'B': 3, 'D': 3}","[0.75, 0.75, 1.0]",3.92
93,"[1, 3, 4]","[2, 2, 5]","[0.58, 0.58, 0.79]","[['C', 'D', 'B', 'A'], ['B', 'A', 'C', 'D'], ['A', 'B', 'C', 'D']]","{'C': 5, 'A': 4, 'B': 3, 'D': 3}","[0.75, 0.75, 1.0]",3.92
93,"[1, 3, 4]","[2, 2, 5]","[0.58, 0.58, 0.79]","[['C', 'D', 'B', 'A'], ['B', 'A', 'C', 'D'], ['A', 'C', 'B', 'D']]","{'C': 5, 'A': 4, 'B': 3, 'D': 3}","[0.75, 0.75, 1.0]",3.92
93,"[1, 3, 4]","[2, 2, 5]","[0.58, 0.58, 0.79]","[['C', 'D', 'B', 'A'], ['B', 'A', 'C', 'D'], ['B', 'A', 'C', 'D']]","{'C': 5, 'A': 4, 'B': 3, 'D': 3}","[0.75, 0.75, 1.0]",3.92
93,"[1, 3, 4]","[2, 2, 5]","[0.58, 0.58, 0.79]","[['C', 'D', 'B', 'A'], ['B', 'A', 'C', 'D'], ['B', 'C', 'A', 'D']]","{'C': 5, 'A': 4, 'B': 3, 'D': 3}","[0.75, 0.75, 1.0]",3.92
93,"[1, 3, 4]","[2, 2, 5]","[0.58, 0.58, 0.79]","[['C', 'D', 'B', 'A'], ['B', 'A', 'C', 'D'], ['C', 'A', 'B', 'D']]","{'C': 5, 'A': 4, 'B': 3, 'D': 3}","[0.75, 0.75, 1.0]",3.92
93,"[1, 3, 4]","[2, 2, 5]","[0.58, 0.58, 0.79]","[['C', 'D', 'B', 'A'], ['B', 'A', 'C', 'D'], ['C', 'B', 'A', 'D']]","{'C': 5, 'A': 4, 'B': 3, 'D': 3}","[0.75, 0.75, 1.0]",3.92
93,"[1, 3, 4]","[2, 2, 5]","[0.58, 0.58, 0.79]","[['C', 'D', 'B', 'A'], ['B', 'C', 'A', 'D'], ['A', 'B', 'C', 'D']]","{'C': 5, 'A': 4, 'B': 3, 'D': 3}","[0.75, 0.75, 1.0]",3.92
93,"[1, 3, 4]","[2, 2, 5]","[0.58, 0.58, 0.79]","[['C', 'D', 'B', 'A'], ['B', 'C', 'A', 'D'], ['A', 'C', 'B', 'D']]","{'C': 5, 'A': 4, 'B': 3, 'D': 3}","[0.75, 0.75, 1.0]",3.92
93,"[1, 3, 4]","[2, 2, 5]","[0.58, 0.58, 0.79]","[['C', 'D', 'B', 'A'], ['B', 'C', 'A', 'D'], ['B', 'A', 'C', 'D']]","{'C': 5, 'A': 4, 'B': 3, 'D': 3}","[0.75, 0.75, 1.0]",3.92
93,"[1, 3, 4]","[2, 2, 5]","[0.58, 0.58, 0.79]","[['C', 'D', 'B', 'A'], ['B', 'C', 'A', 'D'], ['B', 'C', 'A', 'D']]","{'C': 5, 'A': 4, 'B': 3, 'D': 3}","[0.75, 0.75, 1.0]",3.92
93,"[1, 3, 4]","[2, 2, 5]","[0.58, 0.58, 0.79]","[['C', 'D', 'B', 'A'], ['B', 'C', 'A', 'D'], ['C', 'A', 'B', 'D']]","{'C': 5, 'A': 4, 'B': 3, 'D': 3}","[0.75, 0.75, 1.0]",3.92
93,"[1, 3, 4]","[2, 2, 5]","[0.58, 0.58, 0.79]","[['C', 'D', 'B', 'A'], ['B', 'C', 'A', 'D'], ['C', 'B', 'A', 'D']]","{'C': 5, 'A': 4, 'B': 3, 'D': 3}","[0.75, 0.75, 1.0]",3.92
93,"[1, 3, 4]","[2, 2, 5]","[0.58, 0.58, 0.79]","[['C', 'D', 'B', 'A'], ['C', 'A', 'B', 'D'], ['A', 'B', 'C', 'D']]","{'C': 5, 'A': 4, 'B': 3, 'D': 3}","[0.75, 0.75, 1.0]",3.92
93,"[1, 3, 4]","[2, 2, 5]","[0.58, 0.58, 0.79]","[['C', 'D', 'B', 'A'], ['C', 'A', 'B', 'D'], ['A', 'C', 'B', 'D']]","{'C': 5, 'A': 4, 'B': 3, 'D': 3}","[0.75, 0.75, 1.0]",3.92
93,"[1, 3, 4]","[2, 2, 5]","[0.58, 0.58, 0.79]","[['C', 'D', 'B', 'A'], ['C', 'A', 'B', 'D'], ['B', 'A', 'C', 'D']]","{'C': 5, 'A': 4, 'B': 3, 'D': 3}","[0.75, 0.75, 1.0]",3.92
93,"[1, 3, 4]","[2, 2, 5]","[0.58, 0.58, 0.79]","[['C', 'D', 'B', 'A'], ['C', 'A', 'B', 'D'], ['B', 'C', 'A', 'D']]","{'C': 5, 'A': 4, 'B': 3, 'D': 3}","[0.75, 0.75, 1.0]",3.92
93,"[1, 3, 4]","[2, 2, 5]","[0.58, 0.58, 0.79]","[['C', 'D', 'B', 'A'], ['C', 'A', 'B', 'D'], ['C', 'A', 'B', 'D']]","{'C': 5, 'A': 4, 'B': 3, 'D': 3}","[0.75, 0.75, 1.0]",3.92
93,"[1, 3, 4]","[2, 2, 5]","[0.58, 0.58, 0.79]","[['C', 'D', 'B', 'A'], ['C', 'A', 'B', 'D'], ['C', 'B', 'A', 'D']]","{'C': 5, 'A': 4, 'B': 3, 'D': 3}","[0.75, 0.75, 1.0]",3.92
93,"[1, 3, 4]","[2, 2, 5]","[0.58, 0.58, 0.79]","[['C', 'D', 'B', 'A'], ['C', 'B', 'A', 'D'], ['A', 'B', 'C', 'D']]","{'C': 5, 'A': 4, 'B': 3, 'D': 3}","[0.75, 0.75, 1.0]",3.92
93,"[1, 3, 4]","[2, 2, 5]","[0.58, 0.58, 0.79]","[['C', 'D', 'B', 'A'], ['C', 'B', 'A', 'D'], ['A', 'C', 'B', 'D']]","{'C': 5, 'A': 4, 'B': 3, 'D': 3}","[0.75, 0.75, 1.0]",3.92
93,"[1, 3, 4]","[2, 2, 5]","[0.58, 0.58, 0.79]","[['C', 'D', 'B', 'A'], ['C', 'B', 'A', 'D'], ['B', 'A', 'C', 'D']]","{'C': 5, 'A': 4, 'B': 3, 'D': 3}","[0.75, 0.75, 1.0]",3.92
93,"[1, 3, 4]","[2, 2, 5]","[0.58, 0.58, 0.79]","[['C', 'D', 'B', 'A'], ['C', 'B', 'A', 'D'], ['B', 'C', 'A', 'D']]","{'C': 5, 'A': 4, 'B': 3, 'D': 3}","[0.75, 0.75, 1.0]",3.92
93,"[1, 3, 4]","[2, 2, 5]","[0.58, 0.58, 0.79]","[['C', 'D', 'B', 'A'], ['C', 'B', 'A', 'D'], ['C', 'A', 'B', 'D']]","{'C': 5, 'A': 4, 'B': 3, 'D': 3}","[0.75, 0.75, 1.0]",3.92
93,"[1, 3, 4]","[2, 2, 5]","[0.58, 0.58, 0.79]","[['C', 'D', 'B', 'A'], ['C', 'B', 'A', 'D'], ['C', 'B', 'A', 'D']]","{'C': 5, 'A': 4, 'B': 3, 'D': 3}","[0.75, 0.75, 1.0]",3.92
93,"[1, 3, 4]","[2, 2, 5]","[0.58, 0.58, 0.79]","[['D', 'B', 'C', 'A'], ['A', 'B', 'C', 'D'], ['A', 'B', 'C', 'D']]","{'C': 5, 'A': 4, 'B': 3, 'D': 3}","[0.75, 0.75, 1.0]",3.92
93,"[1, 3, 4]","[2, 2, 5]","[0.58, 0.58, 0.79]","[['D', 'B', 'C', 'A'], ['A', 'B', 'C', 'D'], ['A', 'C', 'B', 'D']]","{'C': 5, 'A': 4, 'B': 3, 'D': 3}","[0.75, 0.75, 1.0]",3.92
93,"[1, 3, 4]","[2, 2, 5]","[0.58, 0.58, 0.79]","[['D', 'B', 'C', 'A'], ['A', 'B', 'C', 'D'], ['B', 'A', 'C', 'D']]","{'C': 5, 'A': 4, 'B': 3, 'D': 3}","[0.75, 0.75, 1.0]",3.92
93,"[1, 3, 4]","[2, 2, 5]","[0.58, 0.58, 0.79]","[['D', 'B', 'C', 'A'], ['A', 'B', 'C', 'D'], ['B', 'C', 'A', 'D']]","{'C': 5, 'A': 4, 'B': 3, 'D': 3}","[0.75, 0.75, 1.0]",3.92
93,"[1, 3, 4]","[2, 2, 5]","[0.58, 0.58, 0.79]","[['D', 'B', 'C', 'A'], ['A', 'B', 'C', 'D'], ['C', 'A', 'B', 'D']]","{'C': 5, 'A': 4, 'B': 3, 'D': 3}","[0.75, 0.75, 1.0]",3.92
93,"[1, 3, 4]","[2, 2, 5]","[0.58, 0.58, 0.79]","[['D', 'B', 'C', 'A'], ['A', 'B', 'C', 'D'], ['C', 'B', 'A', 'D']]","{'C': 5, 'A': 4, 'B': 3, 'D': 3}","[0.75, 0.75, 1.0]",3.92
93,"[1, 3, 4]","[2, 2, 5]","[0.58, 0.58, 0.79]","[['D', 'B', 'C', 'A'], ['A', 'C', 'B', 'D'], ['A', 'B', 'C', 'D']]","{'C': 5, 'A': 4, 'B': 3, 'D': 3}","[0.75, 0.75, 1.0]",3.92
93,"[1, 3, 4]","[2, 2, 5]","[0.58, 0.58, 0.79]","[['D', 'B', 'C', 'A'], ['A', 'C', 'B', 'D'], ['A', 'C', 'B', 'D']]","{'C': 5, 'A': 4, 'B': 3, 'D': 3}","[0.75, 0.75, 1.0]",3.92
93,"[1, 3, 4]","[2, 2, 5]","[0.58, 0.58, 0.79]","[['D', 'B', 'C', 'A'], ['A', 'C', 'B', 'D'], ['B', 'A', 'C', 'D']]","{'C': 5, 'A': 4, 'B': 3, 'D': 3}","[0.75, 0.75, 1.0]",3.92
93,"[1, 3, 4]","[2, 2, 5]","[0.58, 0.58, 0.79]","[['D', 'B', 'C', 'A'], ['A', 'C', 'B', 'D'], ['B', 'C', 'A', 'D']]","{'C': 5, 'A': 4, 'B': 3, 'D': 3}","[0.75, 0.75, 1.0]",3.92
93,"[1, 3, 4]","[2, 2, 5]","[0.58, 0.58, 0.79]","[['D', 'B', 'C', 'A'], ['A', 'C', 'B', 'D'], ['C', 'A', 'B', 'D']]","{'C': 5, 'A': 4, 'B': 3, 'D': 3}","[0.75, 0.75, 1.0]",3.92
93,"[1, 3, 4]","[2, 2, 5]","[0.58, 0.58, 0.79]","[['D', 'B', 'C', 'A'], ['A', 'C', 'B', 'D'], ['C', 'B', 'A', 'D']]","{'C': 5, 'A': 4, 'B': 3, 'D': 3}","[0.75, 0.75, 1.0]",3.92
93,"[1, 3, 4]","[2, 2, 5]","[0.58, 0.58, 0.79]","[['D', 'B', 'C', 'A'], ['B', 'A', 'C', 'D'], ['A', 'B', 'C', 'D']]","{'C': 5, 'A': 4, 'B': 3, 'D': 3}","[0.75, 0.75, 1.0]",3.92
93,"[1, 3, 4]","[2, 2, 5]","[0.58, 0.58, 0.79]","[['D', 'B', 'C', 'A'], ['B', 'A', 'C', 'D'], ['A', 'C', 'B', 'D']]","{'C': 5, 'A': 4, 'B': 3, 'D': 3}","[0.75, 0.75, 1.0]",3.92
93,"[1, 3, 4]","[2, 2, 5]","[0.58, 0.58, 0.79]","[['D', 'B', 'C', 'A'], ['B', 'A', 'C', 'D'], ['B', 'A', 'C', 'D']]","{'C': 5, 'A': 4, 'B': 3, 'D': 3}","[0.75, 0.75, 1.0]",3.92
93,"[1, 3, 4]","[2, 2, 5]","[0.58, 0.58, 0.79]","[['D', 'B', 'C', 'A'], ['B', 'A', 'C', 'D'], ['B', 'C', 'A', 'D']]","{'C': 5, 'A': 4, 'B': 3, 'D': 3}","[0.75, 0.75, 1.0]",3.92
93,"[1, 3, 4]","[2, 2, 5]","[0.58, 0.58, 0.79]","[['D', 'B', 'C', 'A'], ['B', 'A', 'C', 'D'], ['C', 'A', 'B', 'D']]","{'C': 5, 'A': 4, 'B': 3, 'D': 3}","[0.75, 0.75, 1.0]",3.92
93,"[1, 3, 4]","[2, 2, 5]","[0.58, 0.58, 0.79]","[['D', 'B', 'C', 'A'], ['B', 'A', 'C', 'D'], ['C', 'B', 'A', 'D']]","{'C': 5, 'A': 4, 'B': 3, 'D': 3}","[0.75, 0.75, 1.0]",3.92
93,"[1, 3, 4]","[2, 2, 5]","[0.58, 0.58, 0.79]","[['D', 'B', 'C', 'A'], ['B', 'C', 'A', 'D'], ['A', 'B', 'C', 'D']]","{'C': 5, 'A': 4, 'B': 3, 'D': 3}","[0.75, 0.75, 1.0]",3.92
93,"[1, 3, 4]","[2, 2, 5]","[0.58, 0.58, 0.79]","[['D', 'B', 'C', 'A'], ['B', 'C', 'A', 'D'], ['A', 'C', 'B', 'D']]","{'C': 5, 'A': 4, 'B': 3, 'D': 3}","[0.75, 0.75, 1.0]",3.92
93,"[1, 3, 4]","[2, 2, 5]","[0.58, 0.58, 0.79]","[['D', 'B', 'C', 'A'], ['B', 'C', 'A', 'D'], ['B', 'A', 'C', 'D']]","{'C': 5, 'A': 4, 'B': 3, 'D': 3}","[0.75, 0.75, 1.0]",3.92
93,"[1, 3, 4]","[2, 2, 5]","[0.58, 0.58, 0.79]","[['D', 'B', 'C', 'A'], ['B', 'C', 'A', 'D'], ['B', 'C', 'A', 'D']]","{'C': 5, 'A': 4, 'B': 3, 'D': 3}","[0.75, 0.75, 1.0]",3.92
93,"[1, 3, 4]","[2, 2, 5]","[0.58, 0.58, 0.79]","[['D', 'B', 'C', 'A'], ['B', 'C', 'A', 'D'], ['C', 'A', 'B', 'D']]","{'C': 5, 'A': 4, 'B': 3, 'D': 3}","[0.75, 0.75, 1.0]",3.92
93,"[1, 3, 4]","[2, 2, 5]","[0.58, 0.58, 0.79]","[['D', 'B', 'C', 'A'], ['B', 'C', 'A', 'D'], ['C', 'B', 'A', 'D']]","{'C': 5, 'A': 4, 'B': 3, 'D': 3}","[0.75, 0.75, 1.0]",3.92
93,"[1, 3, 4]","[2, 2, 5]","[0.58, 0.58, 0.79]","[['D', 'B', 'C', 'A'], ['C', 'A', 'B', 'D'], ['A', 'B', 'C', 'D']]","{'C': 5, 'A': 4, 'B': 3, 'D': 3}","[0.75, 0.75, 1.0]",3.92
93,"[1, 3, 4]","[2, 2, 5]","[0.58, 0.58, 0.79]","[['D', 'B', 'C', 'A'], ['C', 'A', 'B', 'D'], ['A', 'C', 'B', 'D']]","{'C': 5, 'A': 4, 'B': 3, 'D': 3}","[0.75, 0.75, 1.0]",3.92
93,"[1, 3, 4]","[2, 2, 5]","[0.58, 0.58, 0.79]","[['D', 'B', 'C', 'A'], ['C', 'A', 'B', 'D'], ['B', 'A', 'C', 'D']]","{'C': 5, 'A': 4, 'B': 3, 'D': 3}","[0.75, 0.75, 1.0]",3.92
93,"[1, 3, 4]","[2, 2, 5]","[0.58, 0.58, 0.79]","[['D', 'B', 'C', 'A'], ['C', 'A', 'B', 'D'], ['B', 'C', 'A', 'D']]","{'C': 5, 'A': 4, 'B': 3, 'D': 3}","[0.75, 0.75, 1.0]",3.92
93,"[1, 3, 4]","[2, 2, 5]","[0.58, 0.58, 0.79]","[['D', 'B', 'C', 'A'], ['C', 'A', 'B', 'D'], ['C', 'A', 'B', 'D']]","{'C': 5, 'A': 4, 'B': 3, 'D': 3}","[0.75, 0.75, 1.0]",3.92
93,"[1, 3, 4]","[2, 2, 5]","[0.58, 0.58, 0.79]","[['D', 'B', 'C', 'A'], ['C', 'A', 'B', 'D'], ['C', 'B', 'A', 'D']]","{'C': 5, 'A': 4, 'B': 3, 'D': 3}","[0.75, 0.75, 1.0]",3.92
93,"[1, 3, 4]","[2, 2, 5]","[0.58, 0.58, 0.79]","[['D', 'B', 'C', 'A'], ['C', 'B', 'A', 'D'], ['A', 'B', 'C', 'D']]","{'C': 5, 'A': 4, 'B': 3, 'D': 3}","[0.75, 0.75, 1.0]",3.92
93,"[1, 3, 4]","[2, 2, 5]","[0.58, 0.58, 0.79]","[['D', 'B', 'C', 'A'], ['C', 'B', 'A', 'D'], ['A', 'C', 'B', 'D']]","{'C': 5, 'A': 4, 'B': 3, 'D': 3}","[0.75, 0.75, 1.0]",3.92
93,"[1, 3, 4]","[2, 2, 5]","[0.58, 0.58, 0.79]","[['D', 'B', 'C', 'A'], ['C', 'B', 'A', 'D'], ['B', 'A', 'C', 'D']]","{'C': 5, 'A': 4, 'B': 3, 'D': 3}","[0.75, 0.75, 1.0]",3.92
93,"[1, 3, 4]","[2, 2, 5]","[0.58, 0.58, 0.79]","[['D', 'B', 'C', 'A'], ['C', 'B', 'A', 'D'], ['B', 'C', 'A', 'D']]","{'C': 5, 'A': 4, 'B': 3, 'D': 3}","[0.75, 0.75, 1.0]",3.92
93,"[1, 3, 4]","[2, 2, 5]","[0.58, 0.58, 0.79]","[['D', 'B', 'C', 'A'], ['C', 'B', 'A', 'D'], ['C', 'A', 'B', 'D']]","{'C': 5, 'A': 4, 'B': 3, 'D': 3}","[0.75, 0.75, 1.0]",3.92
93,"[1, 3, 4]","[2, 2, 5]","[0.58, 0.58, 0.79]","[['D', 'B', 'C', 'A'], ['C', 'B', 'A', 'D'], ['C', 'B', 'A', 'D']]","{'C': 5, 'A': 4, 'B': 3, 'D': 3}","[0.75, 0.75, 1.0]",3.92
93,"[1, 3, 4]","[2, 2, 5]","[0.58, 0.58, 0.79]","[['D', 'C', 'B', 'A'], ['A', 'B', 'C', 'D'], ['A', 'B', 'C', 'D']]","{'C': 5, 'A': 4, 'B': 3, 'D': 3}","[0.75, 0.75, 1.0]",3.92
93,"[1, 3, 4]","[2, 2, 5]","[0.58, 0.58, 0.79]","[['D', 'C', 'B', 'A'], ['A', 'B', 'C', 'D'], ['A', 'C', 'B', 'D']]","{'C': 5, 'A': 4, 'B': 3, 'D': 3}","[0.75, 0.75, 1.0]",3.92
93,"[1, 3, 4]","[2, 2, 5]","[0.58, 0.58, 0.79]","[['D', 'C', 'B', 'A'], ['A', 'B', 'C', 'D'], ['B', 'A', 'C', 'D']]","{'C': 5, 'A': 4, 'B': 3, 'D': 3}","[0.75, 0.75, 1.0]",3.92
93,"[1, 3, 4]","[2, 2, 5]","[0.58, 0.58, 0.79]","[['D', 'C', 'B', 'A'], ['A', 'B', 'C', 'D'], ['B', 'C', 'A', 'D']]","{'C': 5, 'A': 4, 'B': 3, 'D': 3}","[0.75, 0.75, 1.0]",3.92
93,"[1, 3, 4]","[2, 2, 5]","[0.58, 0.58, 0.79]","[['D', 'C', 'B', 'A'], ['A', 'B', 'C', 'D'], ['C', 'A', 'B', 'D']]","{'C': 5, 'A': 4, 'B': 3, 'D': 3}","[0.75, 0.75, 1.0]",3.92
93,"[1, 3, 4]","[2, 2, 5]","[0.58, 0.58, 0.79]","[['D', 'C', 'B', 'A'], ['A', 'B', 'C', 'D'], ['C', 'B', 'A', 'D']]","{'C': 5, 'A': 4, 'B': 3, 'D': 3}","[0.75, 0.75, 1.0]",3.92
93,"[1, 3, 4]","[2, 2, 5]","[0.58, 0.58, 0.79]","[['D', 'C', 'B', 'A'], ['A', 'C', 'B', 'D'], ['A', 'B', 'C', 'D']]","{'C': 5, 'A': 4, 'B': 3, 'D': 3}","[0.75, 0.75, 1.0]",3.92
93,"[1, 3, 4]","[2, 2, 5]","[0.58, 0.58, 0.79]","[['D', 'C', 'B', 'A'], ['A', 'C', 'B', 'D'], ['A', 'C', 'B', 'D']]","{'C': 5, 'A': 4, 'B': 3, 'D': 3}","[0.75, 0.75, 1.0]",3.92
93,"[1, 3, 4]","[2, 2, 5]","[0.58, 0.58, 0.79]","[['D', 'C', 'B', 'A'], ['A', 'C', 'B', 'D'], ['B', 'A', 'C', 'D']]","{'C': 5, 'A': 4, 'B': 3, 'D': 3}","[0.75, 0.75, 1.0]",3.92
93,"[1, 3, 4]","[2, 2, 5]","[0.58, 0.58, 0.79]","[['D', 'C', 'B', 'A'], ['A', 'C', 'B', 'D'], ['B', 'C', 'A', 'D']]","{'C': 5, 'A': 4, 'B': 3, 'D': 3}","[0.75, 0.75, 1.0]",3.92
93,"[1, 3, 4]","[2, 2, 5]","[0.58, 0.58, 0.79]","[['D', 'C', 'B', 'A'], ['A', 'C', 'B', 'D'], ['C', 'A', 'B', 'D']]","{'C': 5, 'A': 4, 'B': 3, 'D': 3}","[0.75, 0.75, 1.0]",3.92
93,"[1, 3, 4]","[2, 2, 5]","[0.58, 0.58, 0.79]","[['D', 'C', 'B', 'A'], ['A', 'C', 'B', 'D'], ['C', 'B', 'A', 'D']]","{'C': 5, 'A': 4, 'B': 3, 'D': 3}","[0.75, 0.75, 1.0]",3.92
93,"[1, 3, 4]","[2, 2, 5]","[0.58, 0.58, 0.79]","[['D', 'C', 'B', 'A'], ['B', 'A', 'C', 'D'], ['A', 'B', 'C', 'D']]","{'C': 5, 'A': 4, 'B': 3, 'D': 3}","[0.75, 0.75, 1.0]",3.92
93,"[1, 3, 4]","[2, 2, 5]","[0.58, 0.58, 0.79]","[['D', 'C', 'B', 'A'], ['B', 'A', 'C', 'D'], ['A', 'C', 'B', 'D']]","{'C': 5, 'A': 4, 'B': 3, 'D': 3}","[0.75, 0.75, 1.0]",3.92
93,"[1, 3, 4]","[2, 2, 5]","[0.58, 0.58, 0.79]","[['D', 'C', 'B', 'A'], ['B', 'A', 'C', 'D'], ['B', 'A', 'C', 'D']]","{'C': 5, 'A': 4, 'B': 3, 'D': 3}","[0.75, 0.75, 1.0]",3.92
93,"[1, 3, 4]","[2, 2, 5]","[0.58, 0.58, 0.79]","[['D', 'C', 'B', 'A'], ['B', 'A', 'C', 'D'], ['B', 'C', 'A', 'D']]","{'C': 5, 'A': 4, 'B': 3, 'D': 3}","[0.75, 0.75, 1.0]",3.92
93,"[1, 3, 4]","[2, 2, 5]","[0.58, 0.58, 0.79]","[['D', 'C', 'B', 'A'], ['B', 'A', 'C', 'D'], ['C', 'A', 'B', 'D']]","{'C': 5, 'A': 4, 'B': 3, 'D': 3}","[0.75, 0.75, 1.0]",3.92
93,"[1, 3, 4]","[2, 2, 5]","[0.58, 0.58, 0.79]","[['D', 'C', 'B', 'A'], ['B', 'A', 'C', 'D'], ['C', 'B', 'A', 'D']]","{'C': 5, 'A': 4, 'B': 3, 'D': 3}","[0.75, 0.75, 1.0]",3.92
93,"[1, 3, 4]","[2, 2, 5]","[0.58, 0.58, 0.79]","[['D', 'C', 'B', 'A'], ['B', 'C', 'A', 'D'], ['A', 'B', 'C', 'D']]","{'C': 5, 'A': 4, 'B': 3, 'D': 3}","[0.75, 0.75, 1.0]",3.92
93,"[1, 3, 4]","[2, 2, 5]","[0.58, 0.58, 0.79]","[['D', 'C', 'B', 'A'], ['B', 'C', 'A', 'D'], ['A', 'C', 'B', 'D']]","{'C': 5, 'A': 4, 'B': 3, 'D': 3}","[0.75, 0.75, 1.0]",3.92
93,"[1, 3, 4]","[2, 2, 5]","[0.58, 0.58, 0.79]","[['D', 'C', 'B', 'A'], ['B', 'C', 'A', 'D'], ['B', 'A', 'C', 'D']]","{'C': 5, 'A': 4, 'B': 3, 'D': 3}","[0.75, 0.75, 1.0]",3.92
93,"[1, 3, 4]","[2, 2, 5]","[0.58, 0.58, 0.79]","[['D', 'C', 'B', 'A'], ['B', 'C', 'A', 'D'], ['B', 'C', 'A', 'D']]","{'C': 5, 'A': 4, 'B': 3, 'D': 3}","[0.75, 0.75, 1.0]",3.92
93,"[1, 3, 4]","[2, 2, 5]","[0.58, 0.58, 0.79]","[['D', 'C', 'B', 'A'], ['B', 'C', 'A', 'D'], ['C', 'A', 'B', 'D']]","{'C': 5, 'A': 4, 'B': 3, 'D': 3}","[0.75, 0.75, 1.0]",3.92
93,"[1, 3, 4]","[2, 2, 5]","[0.58, 0.58, 0.79]","[['D', 'C', 'B', 'A'], ['B', 'C', 'A', 'D'], ['C', 'B', 'A', 'D']]","{'C': 5, 'A': 4, 'B': 3, 'D': 3}","[0.75, 0.75, 1.0]",3.92
93,"[1, 3, 4]","[2, 2, 5]","[0.58, 0.58, 0.79]","[['D', 'C', 'B', 'A'], ['C', 'A', 'B', 'D'], ['A', 'B', 'C', 'D']]","{'C': 5, 'A': 4, 'B': 3, 'D': 3}","[0.75, 0.75, 1.0]",3.92
93,"[1, 3, 4]","[2, 2, 5]","[0.58, 0.58, 0.79]","[['D', 'C', 'B', 'A'], ['C', 'A', 'B', 'D'], ['A', 'C', 'B', 'D']]","{'C': 5, 'A': 4, 'B': 3, 'D': 3}","[0.75, 0.75, 1.0]",3.92
93,"[1, 3, 4]","[2, 2, 5]","[0.58, 0.58, 0.79]","[['D', 'C', 'B', 'A'], ['C', 'A', 'B', 'D'], ['B', 'A', 'C', 'D']]","{'C': 5, 'A': 4, 'B': 3, 'D': 3}","[0.75, 0.75, 1.0]",3.92
93,"[1, 3, 4]","[2, 2, 5]","[0.58, 0.58, 0.79]","[['D', 'C', 'B', 'A'], ['C', 'A', 'B', 'D'], ['B', 'C', 'A', 'D']]","{'C': 5, 'A': 4, 'B': 3, 'D': 3}","[0.75, 0.75, 1.0]",3.92
93,"[1, 3, 4]","[2, 2, 5]","[0.58, 0.58, 0.79]","[['D', 'C', 'B', 'A'], ['C', 'A', 'B', 'D'], ['C', 'A', 'B', 'D']]","{'C': 5, 'A': 4, 'B': 3, 'D': 3}","[0.75, 0.75, 1.0]",3.92
93,"[1, 3, 4]","[2, 2, 5]","[0.58, 0.58, 0.79]","[['D', 'C', 'B', 'A'], ['C', 'A', 'B', 'D'], ['C', 'B', 'A', 'D']]","{'C': 5, 'A': 4, 'B': 3, 'D': 3}","[0.75, 0.75, 1.0]",3.92
93,"[1, 3, 4]","[2, 2, 5]","[0.58, 0.58, 0.79]","[['D', 'C', 'B', 'A'], ['C', 'B', 'A', 'D'], ['A', 'B', 'C', 'D']]","{'C': 5, 'A': 4, 'B': 3, 'D': 3}","[0.75, 0.75, 1.0]",3.92
93,"[1, 3, 4]","[2, 2, 5]","[0.58, 0.58, 0.79]","[['D', 'C', 'B', 'A'], ['C', 'B', 'A', 'D'], ['A', 'C', 'B', 'D']]","{'C': 5, 'A': 4, 'B': 3, 'D': 3}","[0.75, 0.75, 1.0]",3.92
93,"[1, 3, 4]","[2, 2, 5]","[0.58, 0.58, 0.79]","[['D', 'C', 'B', 'A'], ['C', 'B', 'A', 'D'], ['B', 'A', 'C', 'D']]","{'C': 5, 'A': 4, 'B': 3, 'D': 3}","[0.75, 0.75, 1.0]",3.92
93,"[1, 3, 4]","[2, 2, 5]","[0.58, 0.58, 0.79]","[['D', 'C', 'B', 'A'], ['C', 'B', 'A', 'D'], ['B', 'C', 'A', 'D']]","{'C': 5, 'A': 4, 'B': 3, 'D': 3}","[0.75, 0.75, 1.0]",3.92
93,"[1, 3, 4]","[2, 2, 5]","[0.58, 0.58, 0.79]","[['D', 'C', 'B', 'A'], ['C', 'B', 'A', 'D'], ['C', 'A', 'B', 'D']]","{'C': 5, 'A': 4, 'B': 3, 'D': 3}","[0.75, 0.75, 1.0]",3.92
93,"[1, 3, 4]","[2, 2, 5]","[0.58, 0.58, 0.79]","[['D', 'C', 'B', 'A'], ['C', 'B', 'A', 'D'], ['C', 'B', 'A', 'D']]","{'C': 5, 'A': 4, 'B': 3, 'D': 3}","[0.75, 0.75, 1.0]",3.92
94,"[1, 2]","[5, 5]","[0.88, 0.75]","[['A', 'B', 'C', 'D'], ['B', 'C', 'D', 'A']]","{'B': 5, 'C': 5, 'A': 4, 'D': 1}","[1.0, 0.88]",4.38
94,"[1, 2]","[5, 5]","[0.88, 0.75]","[['A', 'B', 'C', 'D'], ['B', 'D', 'C', 'A']]","{'B': 5, 'C': 5, 'A': 4, 'D': 1}","[1.0, 0.88]",4.38
94,"[1, 2]","[5, 5]","[0.88, 0.75]","[['A', 'B', 'C', 'D'], ['C', 'B', 'D', 'A']]","{'B': 5, 'C': 5, 'A': 4, 'D': 1}","[1.0, 0.88]",4.38
94,"[1, 2]","[5, 5]","[0.88, 0.75]","[['A', 'B', 'C', 'D'], ['C', 'D', 'B', 'A']]","{'B': 5, 'C': 5, 'A': 4, 'D': 1}","[1.0, 0.88]",4.38
94,"[1, 2]","[5, 5]","[0.88, 0.75]","[['A', 'B', 'C', 'D'], ['D', 'B', 'C', 'A']]","{'B': 5, 'C': 5, 'A': 4, 'D': 1}","[1.0, 0.88]",4.38
94,"[1, 2]","[5, 5]","[0.88, 0.75]","[['A', 'B', 'C', 'D'], ['D', 'C', 'B', 'A']]","{'B': 5, 'C': 5, 'A': 4, 'D': 1}","[1.0, 0.88]",4.38
94,"[1, 2]","[5, 5]","[0.88, 0.75]","[['A', 'C', 'B', 'D'], ['B', 'C', 'D', 'A']]","{'B': 5, 'C': 5, 'A': 4, 'D': 1}","[1.0, 0.88]",4.38
94,"[1, 2]","[5, 5]","[0.88, 0.75]","[['A', 'C', 'B', 'D'], ['B', 'D', 'C', 'A']]","{'B': 5, 'C': 5, 'A': 4, 'D': 1}","[1.0, 0.88]",4.38
94,"[1, 2]","[5, 5]","[0.88, 0.75]","[['A', 'C', 'B', 'D'], ['C', 'B', 'D', 'A']]","{'B': 5, 'C': 5, 'A': 4, 'D': 1}","[1.0, 0.88]",4.38
94,"[1, 2]","[5, 5]","[0.88, 0.75]","[['A', 'C', 'B', 'D'], ['C', 'D', 'B', 'A']]","{'B': 5, 'C': 5, 'A': 4, 'D': 1}","[1.0, 0.88]",4.38
94,"[1, 2]","[5, 5]","[0.88, 0.75]","[['A', 'C', 'B', 'D'], ['D', 'B', 'C', 'A']]","{'B': 5, 'C': 5, 'A': 4, 'D': 1}","[1.0, 0.88]",4.38
94,"[1, 2]","[5, 5]","[0.88, 0.75]","[['A', 'C', 'B', 'D'], ['D', 'C', 'B', 'A']]","{'B': 5, 'C': 5, 'A': 4, 'D': 1}","[1.0, 0.88]",4.38
94,"[1, 2]","[5, 5]","[0.88, 0.75]","[['B', 'A', 'C', 'D'], ['B', 'C', 'D', 'A']]","{'B': 5, 'C': 5, 'A': 4, 'D': 1}","[1.0, 0.88]",4.38
94,"[1, 2]","[5, 5]","[0.88, 0.75]","[['B', 'A', 'C', 'D'], ['B', 'D', 'C', 'A']]","{'B': 5, 'C': 5, 'A': 4, 'D': 1}","[1.0, 0.88]",4.38
94,"[1, 2]","[5, 5]","[0.88, 0.75]","[['B', 'A', 'C', 'D'], ['C', 'B', 'D', 'A']]","{'B': 5, 'C': 5, 'A': 4, 'D': 1}","[1.0, 0.88]",4.38
94,"[1, 2]","[5, 5]","[0.88, 0.75]","[['B', 'A', 'C', 'D'], ['C', 'D', 'B', 'A']]","{'B': 5, 'C': 5, 'A': 4, 'D': 1}","[1.0, 0.88]",4.38
94,"[1, 2]","[5, 5]","[0.88, 0.75]","[['B', 'A', 'C', 'D'], ['D', 'B', 'C', 'A']]","{'B': 5, 'C': 5, 'A': 4, 'D': 1}","[1.0, 0.88]",4.38
94,"[1, 2]","[5, 5]","[0.88, 0.75]","[['B', 'A', 'C', 'D'], ['D', 'C', 'B', 'A']]","{'B': 5, 'C': 5, 'A': 4, 'D': 1}","[1.0, 0.88]",4.38
94,"[1, 2]","[5, 5]","[0.88, 0.75]","[['B', 'C', 'A', 'D'], ['B', 'C', 'D', 'A']]","{'B': 5, 'C': 5, 'A': 4, 'D': 1}","[1.0, 0.88]",4.38
94,"[1, 2]","[5, 5]","[0.88, 0.75]","[['B', 'C', 'A', 'D'], ['B', 'D', 'C', 'A']]","{'B': 5, 'C': 5, 'A': 4, 'D': 1}","[1.0, 0.88]",4.38
94,"[1, 2]","[5, 5]","[0.88, 0.75]","[['B', 'C', 'A', 'D'], ['C', 'B', 'D', 'A']]","{'B': 5, 'C': 5, 'A': 4, 'D': 1}","[1.0, 0.88]",4.38
94,"[1, 2]","[5, 5]","[0.88, 0.75]","[['B', 'C', 'A', 'D'], ['C', 'D', 'B', 'A']]","{'B': 5, 'C': 5, 'A': 4, 'D': 1}","[1.0, 0.88]",4.38
94,"[1, 2]","[5, 5]","[0.88, 0.75]","[['B', 'C', 'A', 'D'], ['D', 'B', 'C', 'A']]","{'B': 5, 'C': 5, 'A': 4, 'D': 1}","[1.0, 0.88]",4.38
94,"[1, 2]","[5, 5]","[0.88, 0.75]","[['B', 'C', 'A', 'D'], ['D', 'C', 'B', 'A']]","{'B': 5, 'C': 5, 'A': 4, 'D': 1}","[1.0, 0.88]",4.38
94,"[1, 2]","[5, 5]","[0.88, 0.75]","[['B', 'C', 'D', 'A'], ['A', 'B', 'C', 'D']]","{'B': 5, 'C': 5, 'A': 4, 'D': 1}","[1.0, 0.88]",4.38
94,"[1, 2]","[5, 5]","[0.88, 0.75]","[['B', 'C', 'D', 'A'], ['A', 'C', 'B', 'D']]","{'B': 5, 'C': 5, 'A': 4, 'D': 1}","[1.0, 0.88]",4.38
94,"[1, 2]","[5, 5]","[0.88, 0.75]","[['B', 'C', 'D', 'A'], ['B', 'A', 'C', 'D']]","{'B': 5, 'C': 5, 'A': 4, 'D': 1}","[1.0, 0.88]",4.38
94,"[1, 2]","[5, 5]","[0.88, 0.75]","[['B', 'C', 'D', 'A'], ['B', 'C', 'A', 'D']]","{'B': 5, 'C': 5, 'A': 4, 'D': 1}","[1.0, 0.88]",4.38
94,"[1, 2]","[5, 5]","[0.88, 0.75]","[['B', 'C', 'D', 'A'], ['B', 'C', 'D', 'A']]","{'B': 5, 'C': 5, 'A': 3, 'D': 2}","[1.0, 0.88]",4.38
94,"[1, 2]","[5, 5]","[0.88, 0.75]","[['B', 'C', 'D', 'A'], ['B', 'D', 'C', 'A']]","{'B': 5, 'C': 5, 'A': 3, 'D': 2}","[1.0, 0.88]",4.38
94,"[1, 2]","[5, 5]","[0.88, 0.75]","[['B', 'C', 'D', 'A'], ['C', 'A', 'B', 'D']]","{'B': 5, 'C': 5, 'A': 4, 'D': 1}","[1.0, 0.88]",4.38
94,"[1, 2]","[5, 5]","[0.88, 0.75]","[['B', 'C', 'D', 'A'], ['C', 'B', 'A', 'D']]","{'B': 5, 'C': 5, 'A': 4, 'D': 1}","[1.0, 0.88]",4.38
94,"[1, 2]","[5, 5]","[0.88, 0.75]","[['B', 'C', 'D', 'A'], ['C', 'B', 'D', 'A']]","{'B': 5, 'C': 5, 'A': 3, 'D': 2}","[1.0, 0.88]",4.38
94,"[1, 2]","[5, 5]","[0.88, 0.75]","[['B', 'C', 'D', 'A'], ['C', 'D', 'B', 'A']]","{'B': 5, 'C': 5, 'A': 3, 'D': 2}","[1.0, 0.88]",4.38
94,"[1, 2]","[5, 5]","[0.88, 0.75]","[['B', 'C', 'D', 'A'], ['D', 'B', 'C', 'A']]","{'B': 5, 'C': 5, 'A': 3, 'D': 2}","[1.0, 0.88]",4.38
94,"[1, 2]","[5, 5]","[0.88, 0.75]","[['B', 'C', 'D', 'A'], ['D', 'C', 'B', 'A']]","{'B': 5, 'C': 5, 'A': 3, 'D': 2}","[1.0, 0.88]",4.38
94,"[1, 2]","[5, 5]","[0.88, 0.75]","[['B', 'D', 'C', 'A'], ['A', 'B', 'C', 'D']]","{'B': 5, 'C': 5, 'A': 4, 'D': 1}","[1.0, 0.88]",4.38
94,"[1, 2]","[5, 5]","[0.88, 0.75]","[['B', 'D', 'C', 'A'], ['A', 'C', 'B', 'D']]","{'B': 5, 'C': 5, 'A': 4, 'D': 1}","[1.0, 0.88]",4.38
94,"[1, 2]","[5, 5]","[0.88, 0.75]","[['B', 'D', 'C', 'A'], ['B', 'A', 'C', 'D']]","{'B': 5, 'C': 5, 'A': 4, 'D': 1}","[1.0, 0.88]",4.38
94,"[1, 2]","[5, 5]","[0.88, 0.75]","[['B', 'D', 'C', 'A'], ['B', 'C', 'A', 'D']]","{'B': 5, 'C': 5, 'A': 4, 'D': 1}","[1.0, 0.88]",4.38
94,"[1, 2]","[5, 5]","[0.88, 0.75]","[['B', 'D', 'C', 'A'], ['B', 'C', 'D', 'A']]","{'B': 5, 'C': 5, 'A': 3, 'D': 2}","[1.0, 0.88]",4.38
94,"[1, 2]","[5, 5]","[0.88, 0.75]","[['B', 'D', 'C', 'A'], ['B', 'D', 'C', 'A']]","{'B': 5, 'C': 5, 'A': 3, 'D': 2}","[1.0, 0.88]",4.38
94,"[1, 2]","[5, 5]","[0.88, 0.75]","[['B', 'D', 'C', 'A'], ['C', 'A', 'B', 'D']]","{'B': 5, 'C': 5, 'A': 4, 'D': 1}","[1.0, 0.88]",4.38
94,"[1, 2]","[5, 5]","[0.88, 0.75]","[['B', 'D', 'C', 'A'], ['C', 'B', 'A', 'D']]","{'B': 5, 'C': 5, 'A': 4, 'D': 1}","[1.0, 0.88]",4.38
94,"[1, 2]","[5, 5]","[0.88, 0.75]","[['B', 'D', 'C', 'A'], ['C', 'B', 'D', 'A']]","{'B': 5, 'C': 5, 'A': 3, 'D': 2}","[1.0, 0.88]",4.38
94,"[1, 2]","[5, 5]","[0.88, 0.75]","[['B', 'D', 'C', 'A'], ['C', 'D', 'B', 'A']]","{'B': 5, 'C': 5, 'A': 3, 'D': 2}","[1.0, 0.88]",4.38
94,"[1, 2]","[5, 5]","[0.88, 0.75]","[['B', 'D', 'C', 'A'], ['D', 'B', 'C', 'A']]","{'B': 5, 'C': 5, 'A': 3, 'D': 2}","[1.0, 0.88]",4.38
94,"[1, 2]","[5, 5]","[0.88, 0.75]","[['B', 'D', 'C', 'A'], ['D', 'C', 'B', 'A']]","{'B': 5, 'C': 5, 'A': 3, 'D': 2}","[1.0, 0.88]",4.38
94,"[1, 2]","[5, 5]","[0.88, 0.75]","[['C', 'A', 'B', 'D'], ['B', 'C', 'D', 'A']]","{'B': 5, 'C': 5, 'A': 4, 'D': 1}","[1.0, 0.88]",4.38
94,"[1, 2]","[5, 5]","[0.88, 0.75]","[['C', 'A', 'B', 'D'], ['B', 'D', 'C', 'A']]","{'B': 5, 'C': 5, 'A': 4, 'D': 1}","[1.0, 0.88]",4.38
94,"[1, 2]","[5, 5]","[0.88, 0.75]","[['C', 'A', 'B', 'D'], ['C', 'B', 'D', 'A']]","{'B': 5, 'C': 5, 'A': 4, 'D': 1}","[1.0, 0.88]",4.38
94,"[1, 2]","[5, 5]","[0.88, 0.75]","[['C', 'A', 'B', 'D'], ['C', 'D', 'B', 'A']]","{'B': 5, 'C': 5, 'A': 4, 'D': 1}","[1.0, 0.88]",4.38
94,"[1, 2]","[5, 5]","[0.88, 0.75]","[['C', 'A', 'B', 'D'], ['D', 'B', 'C', 'A']]","{'B': 5, 'C': 5, 'A': 4, 'D': 1}","[1.0, 0.88]",4.38
94,"[1, 2]","[5, 5]","[0.88, 0.75]","[['C', 'A', 'B', 'D'], ['D', 'C', 'B', 'A']]","{'B': 5, 'C': 5, 'A': 4, 'D': 1}","[1.0, 0.88]",4.38
94,"[1, 2]","[5, 5]","[0.88, 0.75]","[['C', 'B', 'A', 'D'], ['B', 'C', 'D', 'A']]","{'B': 5, 'C': 5, 'A': 4, 'D': 1}","[1.0, 0.88]",4.38
94,"[1, 2]","[5, 5]","[0.88, 0.75]","[['C', 'B', 'A', 'D'], ['B', 'D', 'C', 'A']]","{'B': 5, 'C': 5, 'A': 4, 'D': 1}","[1.0, 0.88]",4.38
94,"[1, 2]","[5, 5]","[0.88, 0.75]","[['C', 'B', 'A', 'D'], ['C', 'B', 'D', 'A']]","{'B': 5, 'C': 5, 'A': 4, 'D': 1}","[1.0, 0.88]",4.38
94,"[1, 2]","[5, 5]","[0.88, 0.75]","[['C', 'B', 'A', 'D'], ['C', 'D', 'B', 'A']]","{'B': 5, 'C': 5, 'A': 4, 'D': 1}","[1.0, 0.88]",4.38
94,"[1, 2]","[5, 5]","[0.88, 0.75]","[['C', 'B', 'A', 'D'], ['D', 'B', 'C', 'A']]","{'B': 5, 'C': 5, 'A': 4, 'D': 1}","[1.0, 0.88]",4.38
94,"[1, 2]","[5, 5]","[0.88, 0.75]","[['C', 'B', 'A', 'D'], ['D', 'C', 'B', 'A']]","{'B': 5, 'C': 5, 'A': 4, 'D': 1}","[1.0, 0.88]",4.38
94,"[1, 2]","[5, 5]","[0.88, 0.75]","[['C', 'B', 'D', 'A'], ['A', 'B', 'C', 'D']]","{'B': 5, 'C': 5, 'A': 4, 'D': 1}","[1.0, 0.88]",4.38
94,"[1, 2]","[5, 5]","[0.88, 0.75]","[['C', 'B', 'D', 'A'], ['A', 'C', 'B', 'D']]","{'B': 5, 'C': 5, 'A': 4, 'D': 1}","[1.0, 0.88]",4.38
94,"[1, 2]","[5, 5]","[0.88, 0.75]","[['C', 'B', 'D', 'A'], ['B', 'A', 'C', 'D']]","{'B': 5, 'C': 5, 'A': 4, 'D': 1}","[1.0, 0.88]",4.38
94,"[1, 2]","[5, 5]","[0.88, 0.75]","[['C', 'B', 'D', 'A'], ['B', 'C', 'A', 'D']]","{'B': 5, 'C': 5, 'A': 4, 'D': 1}","[1.0, 0.88]",4.38
94,"[1, 2]","[5, 5]","[0.88, 0.75]","[['C', 'B', 'D', 'A'], ['B', 'C', 'D', 'A']]","{'B': 5, 'C': 5, 'A': 3, 'D': 2}","[1.0, 0.88]",4.38
94,"[1, 2]","[5, 5]","[0.88, 0.75]","[['C', 'B', 'D', 'A'], ['B', 'D', 'C', 'A']]","{'B': 5, 'C': 5, 'A': 3, 'D': 2}","[1.0, 0.88]",4.38
94,"[1, 2]","[5, 5]","[0.88, 0.75]","[['C', 'B', 'D', 'A'], ['C', 'A', 'B', 'D']]","{'B': 5, 'C': 5, 'A': 4, 'D': 1}","[1.0, 0.88]",4.38
94,"[1, 2]","[5, 5]","[0.88, 0.75]","[['C', 'B', 'D', 'A'], ['C', 'B', 'A', 'D']]","{'B': 5, 'C': 5, 'A': 4, 'D': 1}","[1.0, 0.88]",4.38
94,"[1, 2]","[5, 5]","[0.88, 0.75]","[['C', 'B', 'D', 'A'], ['C', 'B', 'D', 'A']]","{'B': 5, 'C': 5, 'A': 3, 'D': 2}","[1.0, 0.88]",4.38
94,"[1, 2]","[5, 5]","[0.88, 0.75]","[['C', 'B', 'D', 'A'], ['C', 'D', 'B', 'A']]","{'B': 5, 'C': 5, 'A': 3, 'D': 2}","[1.0, 0.88]",4.38
94,"[1, 2]","[5, 5]","[0.88, 0.75]","[['C', 'B', 'D', 'A'], ['D', 'B', 'C', 'A']]","{'B': 5, 'C': 5, 'A': 3, 'D': 2}","[1.0, 0.88]",4.38
94,"[1, 2]","[5, 5]","[0.88, 0.75]","[['C', 'B', 'D', 'A'], ['D', 'C', 'B', 'A']]","{'B': 5, 'C': 5, 'A': 3, 'D': 2}","[1.0, 0.88]",4.38
94,"[1, 2]","[5, 5]","[0.88, 0.75]","[['C', 'D', 'B', 'A'], ['A', 'B', 'C', 'D']]","{'B': 5, 'C': 5, 'A': 4, 'D': 1}","[1.0, 0.88]",4.38
94,"[1, 2]","[5, 5]","[0.88, 0.75]","[['C', 'D', 'B', 'A'], ['A', 'C', 'B', 'D']]","{'B': 5, 'C': 5, 'A': 4, 'D': 1}","[1.0, 0.88]",4.38
94,"[1, 2]","[5, 5]","[0.88, 0.75]","[['C', 'D', 'B', 'A'], ['B', 'A', 'C', 'D']]","{'B': 5, 'C': 5, 'A': 4, 'D': 1}","[1.0, 0.88]",4.38
94,"[1, 2]","[5, 5]","[0.88, 0.75]","[['C', 'D', 'B', 'A'], ['B', 'C', 'A', 'D']]","{'B': 5, 'C': 5, 'A': 4, 'D': 1}","[1.0, 0.88]",4.38
94,"[1, 2]","[5, 5]","[0.88, 0.75]","[['C', 'D', 'B', 'A'], ['B', 'C', 'D', 'A']]","{'B': 5, 'C': 5, 'A': 3, 'D': 2}","[1.0, 0.88]",4.38
94,"[1, 2]","[5, 5]","[0.88, 0.75]","[['C', 'D', 'B', 'A'], ['B', 'D', 'C', 'A']]","{'B': 5, 'C': 5, 'A': 3, 'D': 2}","[1.0, 0.88]",4.38
94,"[1, 2]","[5, 5]","[0.88, 0.75]","[['C', 'D', 'B', 'A'], ['C', 'A', 'B', 'D']]","{'B': 5, 'C': 5, 'A': 4, 'D': 1}","[1.0, 0.88]",4.38
94,"[1, 2]","[5, 5]","[0.88, 0.75]","[['C', 'D', 'B', 'A'], ['C', 'B', 'A', 'D']]","{'B': 5, 'C': 5, 'A': 4, 'D': 1}","[1.0, 0.88]",4.38
94,"[1, 2]","[5, 5]","[0.88, 0.75]","[['C', 'D', 'B', 'A'], ['C', 'B', 'D', 'A']]","{'B': 5, 'C': 5, 'A': 3, 'D': 2}","[1.0, 0.88]",4.38
94,"[1, 2]","[5, 5]","[0.88, 0.75]","[['C', 'D', 'B', 'A'], ['C', 'D', 'B', 'A']]","{'B': 5, 'C': 5, 'A': 3, 'D': 2}","[1.0, 0.88]",4.38
94,"[1, 2]","[5, 5]","[0.88, 0.75]","[['C', 'D', 'B', 'A'], ['D', 'B', 'C', 'A']]","{'B': 5, 'C': 5, 'A': 3, 'D': 2}","[1.0, 0.88]",4.38
94,"[1, 2]","[5, 5]","[0.88, 0.75]","[['C', 'D', 'B', 'A'], ['D', 'C', 'B', 'A']]","{'B': 5, 'C': 5, 'A': 3, 'D': 2}","[1.0, 0.88]",4.38
94,"[1, 2]","[5, 5]","[0.88, 0.75]","[['D', 'B', 'C', 'A'], ['A', 'B', 'C', 'D']]","{'B': 5, 'C': 5, 'A': 4, 'D': 1}","[1.0, 0.88]",4.38
94,"[1, 2]","[5, 5]","[0.88, 0.75]","[['D', 'B', 'C', 'A'], ['A', 'C', 'B', 'D']]","{'B': 5, 'C': 5, 'A': 4, 'D': 1}","[1.0, 0.88]",4.38
94,"[1, 2]","[5, 5]","[0.88, 0.75]","[['D', 'B', 'C', 'A'], ['B', 'A', 'C', 'D']]","{'B': 5, 'C': 5, 'A': 4, 'D': 1}","[1.0, 0.88]",4.38
94,"[1, 2]","[5, 5]","[0.88, 0.75]","[['D', 'B', 'C', 'A'], ['B', 'C', 'A', 'D']]","{'B': 5, 'C': 5, 'A': 4, 'D': 1}","[1.0, 0.88]",4.38
94,"[1, 2]","[5, 5]","[0.88, 0.75]","[['D', 'B', 'C', 'A'], ['B', 'C', 'D', 'A']]","{'B': 5, 'C': 5, 'A': 3, 'D': 2}","[1.0, 0.88]",4.38
94,"[1, 2]","[5, 5]","[0.88, 0.75]","[['D', 'B', 'C', 'A'], ['B', 'D', 'C', 'A']]","{'B': 5, 'C': 5, 'A': 3, 'D': 2}","[1.0, 0.88]",4.38
94,"[1, 2]","[5, 5]","[0.88, 0.75]","[['D', 'B', 'C', 'A'], ['C', 'A', 'B', 'D']]","{'B': 5, 'C': 5, 'A': 4, 'D': 1}","[1.0, 0.88]",4.38
94,"[1, 2]","[5, 5]","[0.88, 0.75]","[['D', 'B', 'C', 'A'], ['C', 'B', 'A', 'D']]","{'B': 5, 'C': 5, 'A': 4, 'D': 1}","[1.0, 0.88]",4.38
94,"[1, 2]","[5, 5]","[0.88, 0.75]","[['D', 'B', 'C', 'A'], ['C', 'B', 'D', 'A']]","{'B': 5, 'C': 5, 'A': 3, 'D': 2}","[1.0, 0.88]",4.38
94,"[1, 2]","[5, 5]","[0.88, 0.75]","[['D', 'B', 'C', 'A'], ['C', 'D', 'B', 'A']]","{'B': 5, 'C': 5, 'A': 3, 'D': 2}","[1.0, 0.88]",4.38
94,"[1, 2]","[5, 5]","[0.88, 0.75]","[['D', 'B', 'C', 'A'], ['D', 'B', 'C', 'A']]","{'B': 5, 'C': 5, 'A': 3, 'D': 2}","[1.0, 0.88]",4.38
94,"[1, 2]","[5, 5]","[0.88, 0.75]","[['D', 'B', 'C', 'A'], ['D', 'C', 'B', 'A']]","{'B': 5, 'C': 5, 'A': 3, 'D': 2}","[1.0, 0.88]",4.38
94,"[1, 2]","[5, 5]","[0.88, 0.75]","[['D', 'C', 'B', 'A'], ['A', 'B', 'C', 'D']]","{'B': 5, 'C': 5, 'A': 4, 'D': 1}","[1.0, 0.88]",4.38
94,"[1, 2]","[5, 5]","[0.88, 0.75]","[['D', 'C', 'B', 'A'], ['A', 'C', 'B', 'D']]","{'B': 5, 'C': 5, 'A': 4, 'D': 1}","[1.0, 0.88]",4.38
94,"[1, 2]","[5, 5]","[0.88, 0.75]","[['D', 'C', 'B', 'A'], ['B', 'A', 'C', 'D']]","{'B': 5, 'C': 5, 'A': 4, 'D': 1}","[1.0, 0.88]",4.38
94,"[1, 2]","[5, 5]","[0.88, 0.75]","[['D', 'C', 'B', 'A'], ['B', 'C', 'A', 'D']]","{'B': 5, 'C': 5, 'A': 4, 'D': 1}","[1.0, 0.88]",4.38
94,"[1, 2]","[5, 5]","[0.88, 0.75]","[['D', 'C', 'B', 'A'], ['B', 'C', 'D', 'A']]","{'B': 5, 'C': 5, 'A': 3, 'D': 2}","[1.0, 0.88]",4.38
94,"[1, 2]","[5, 5]","[0.88, 0.75]","[['D', 'C', 'B', 'A'], ['B', 'D', 'C', 'A']]","{'B': 5, 'C': 5, 'A': 3, 'D': 2}","[1.0, 0.88]",4.38
94,"[1, 2]","[5, 5]","[0.88, 0.75]","[['D', 'C', 'B', 'A'], ['C', 'A', 'B', 'D']]","{'B': 5, 'C': 5, 'A': 4, 'D': 1}","[1.0, 0.88]",4.38
94,"[1, 2]","[5, 5]","[0.88, 0.75]","[['D', 'C', 'B', 'A'], ['C', 'B', 'A', 'D']]","{'B': 5, 'C': 5, 'A': 4, 'D': 1}","[1.0, 0.88]",4.38
94,"[1, 2]","[5, 5]","[0.88, 0.75]","[['D', 'C', 'B', 'A'], ['C', 'B', 'D', 'A']]","{'B': 5, 'C': 5, 'A': 3, 'D': 2}","[1.0, 0.88]",4.38
94,"[1, 2]","[5, 5]","[0.88, 0.75]","[['D', 'C', 'B', 'A'], ['C', 'D', 'B', 'A']]","{'B': 5, 'C': 5, 'A': 3, 'D': 2}","[1.0, 0.88]",4.38
94,"[1, 2]","[5, 5]","[0.88, 0.75]","[['D', 'C', 'B', 'A'], ['D', 'B', 'C', 'A']]","{'B': 5, 'C': 5, 'A': 3, 'D': 2}","[1.0, 0.88]",4.38
94,"[1, 2]","[5, 5]","[0.88, 0.75]","[['D', 'C', 'B', 'A'], ['D', 'C', 'B', 'A']]","{'B': 5, 'C': 5, 'A': 3, 'D': 2}","[1.0, 0.88]",4.38
94,"[1, 5]","[5, 5]","[0.88, 0.88]","[['A', 'B', 'C', 'D'], ['B', 'C', 'D', 'A']]","{'B': 5, 'C': 5, 'A': 4, 'D': 1}","[1.0, 1.0]",4.38
94,"[1, 5]","[5, 5]","[0.88, 0.88]","[['A', 'B', 'C', 'D'], ['B', 'D', 'C', 'A']]","{'B': 5, 'C': 5, 'A': 4, 'D': 1}","[1.0, 1.0]",4.38
94,"[1, 5]","[5, 5]","[0.88, 0.88]","[['A', 'B', 'C', 'D'], ['C', 'B', 'D', 'A']]","{'B': 5, 'C': 5, 'A': 4, 'D': 1}","[1.0, 1.0]",4.38
94,"[1, 5]","[5, 5]","[0.88, 0.88]","[['A', 'B', 'C', 'D'], ['C', 'D', 'B', 'A']]","{'B': 5, 'C': 5, 'A': 4, 'D': 1}","[1.0, 1.0]",4.38
94,"[1, 5]","[5, 5]","[0.88, 0.88]","[['A', 'B', 'C', 'D'], ['D', 'B', 'C', 'A']]","{'B': 5, 'C': 5, 'A': 4, 'D': 1}","[1.0, 1.0]",4.38
94,"[1, 5]","[5, 5]","[0.88, 0.88]","[['A', 'B', 'C', 'D'], ['D', 'C', 'B', 'A']]","{'B': 5, 'C': 5, 'A': 4, 'D': 1}","[1.0, 1.0]",4.38
94,"[1, 5]","[5, 5]","[0.88, 0.88]","[['A', 'B', 'D', 'C'], ['B', 'C', 'D', 'A']]","{'B': 5, 'A': 4, 'C': 4, 'D': 2}","[1.0, 1.0]",4.42
94,"[1, 5]","[5, 5]","[0.88, 0.88]","[['A', 'B', 'D', 'C'], ['B', 'D', 'C', 'A']]","{'B': 5, 'A': 4, 'C': 4, 'D': 2}","[1.0, 1.0]",4.42
94,"[1, 5]","[5, 5]","[0.88, 0.88]","[['A', 'B', 'D', 'C'], ['C', 'B', 'D', 'A']]","{'B': 5, 'A': 4, 'C': 4, 'D': 2}","[1.0, 1.0]",4.42
94,"[1, 5]","[5, 5]","[0.88, 0.88]","[['A', 'B', 'D', 'C'], ['C', 'D', 'B', 'A']]","{'B': 5, 'A': 4, 'C': 4, 'D': 2}","[1.0, 1.0]",4.42
94,"[1, 5]","[5, 5]","[0.88, 0.88]","[['A', 'B', 'D', 'C'], ['D', 'B', 'C', 'A']]","{'B': 5, 'A': 4, 'C': 4, 'D': 2}","[1.0, 1.0]",4.42
94,"[1, 5]","[5, 5]","[0.88, 0.88]","[['A', 'B', 'D', 'C'], ['D', 'C', 'B', 'A']]","{'B': 5, 'A': 4, 'C': 4, 'D': 2}","[1.0, 1.0]",4.42
94,"[1, 5]","[5, 5]","[0.88, 0.88]","[['A', 'C', 'B', 'D'], ['B', 'C', 'D', 'A']]","{'B': 5, 'C': 5, 'A': 4, 'D': 1}","[1.0, 1.0]",4.38
94,"[1, 5]","[5, 5]","[0.88, 0.88]","[['A', 'C', 'B', 'D'], ['B', 'D', 'C', 'A']]","{'B': 5, 'C': 5, 'A': 4, 'D': 1}","[1.0, 1.0]",4.38
94,"[1, 5]","[5, 5]","[0.88, 0.88]","[['A', 'C', 'B', 'D'], ['C', 'B', 'D', 'A']]","{'B': 5, 'C': 5, 'A': 4, 'D': 1}","[1.0, 1.0]",4.38
94,"[1, 5]","[5, 5]","[0.88, 0.88]","[['A', 'C', 'B', 'D'], ['C', 'D', 'B', 'A']]","{'B': 5, 'C': 5, 'A': 4, 'D': 1}","[1.0, 1.0]",4.38
94,"[1, 5]","[5, 5]","[0.88, 0.88]","[['A', 'C', 'B', 'D'], ['D', 'B', 'C', 'A']]","{'B': 5, 'C': 5, 'A': 4, 'D': 1}","[1.0, 1.0]",4.38
94,"[1, 5]","[5, 5]","[0.88, 0.88]","[['A', 'C', 'B', 'D'], ['D', 'C', 'B', 'A']]","{'B': 5, 'C': 5, 'A': 4, 'D': 1}","[1.0, 1.0]",4.38
94,"[1, 5]","[5, 5]","[0.88, 0.88]","[['A', 'D', 'B', 'C'], ['B', 'C', 'D', 'A']]","{'B': 5, 'A': 4, 'C': 4, 'D': 2}","[1.0, 1.0]",4.42
94,"[1, 5]","[5, 5]","[0.88, 0.88]","[['A', 'D', 'B', 'C'], ['B', 'D', 'C', 'A']]","{'B': 5, 'A': 4, 'C': 4, 'D': 2}","[1.0, 1.0]",4.42
94,"[1, 5]","[5, 5]","[0.88, 0.88]","[['A', 'D', 'B', 'C'], ['C', 'B', 'D', 'A']]","{'B': 5, 'A': 4, 'C': 4, 'D': 2}","[1.0, 1.0]",4.42
94,"[1, 5]","[5, 5]","[0.88, 0.88]","[['A', 'D', 'B', 'C'], ['C', 'D', 'B', 'A']]","{'B': 5, 'A': 4, 'C': 4, 'D': 2}","[1.0, 1.0]",4.42
94,"[1, 5]","[5, 5]","[0.88, 0.88]","[['A', 'D', 'B', 'C'], ['D', 'B', 'C', 'A']]","{'B': 5, 'A': 4, 'C': 4, 'D': 2}","[1.0, 1.0]",4.42
94,"[1, 5]","[5, 5]","[0.88, 0.88]","[['A', 'D', 'B', 'C'], ['D', 'C', 'B', 'A']]","{'B': 5, 'A': 4, 'C': 4, 'D': 2}","[1.0, 1.0]",4.42
94,"[1, 5]","[5, 5]","[0.88, 0.88]","[['B', 'A', 'C', 'D'], ['B', 'C', 'D', 'A']]","{'B': 5, 'C': 5, 'A': 4, 'D': 1}","[1.0, 1.0]",4.38
94,"[1, 5]","[5, 5]","[0.88, 0.88]","[['B', 'A', 'C', 'D'], ['B', 'D', 'C', 'A']]","{'B': 5, 'C': 5, 'A': 4, 'D': 1}","[1.0, 1.0]",4.38
94,"[1, 5]","[5, 5]","[0.88, 0.88]","[['B', 'A', 'C', 'D'], ['C', 'B', 'D', 'A']]","{'B': 5, 'C': 5, 'A': 4, 'D': 1}","[1.0, 1.0]",4.38
94,"[1, 5]","[5, 5]","[0.88, 0.88]","[['B', 'A', 'C', 'D'], ['C', 'D', 'B', 'A']]","{'B': 5, 'C': 5, 'A': 4, 'D': 1}","[1.0, 1.0]",4.38
94,"[1, 5]","[5, 5]","[0.88, 0.88]","[['B', 'A', 'C', 'D'], ['D', 'B', 'C', 'A']]","{'B': 5, 'C': 5, 'A': 4, 'D': 1}","[1.0, 1.0]",4.38
94,"[1, 5]","[5, 5]","[0.88, 0.88]","[['B', 'A', 'C', 'D'], ['D', 'C', 'B', 'A']]","{'B': 5, 'C': 5, 'A': 4, 'D': 1}","[1.0, 1.0]",4.38
94,"[1, 5]","[5, 5]","[0.88, 0.88]","[['B', 'A', 'D', 'C'], ['B', 'C', 'D', 'A']]","{'B': 5, 'A': 4, 'C': 4, 'D': 2}","[1.0, 1.0]",4.42
94,"[1, 5]","[5, 5]","[0.88, 0.88]","[['B', 'A', 'D', 'C'], ['B', 'D', 'C', 'A']]","{'B': 5, 'A': 4, 'C': 4, 'D': 2}","[1.0, 1.0]",4.42
94,"[1, 5]","[5, 5]","[0.88, 0.88]","[['B', 'A', 'D', 'C'], ['C', 'B', 'D', 'A']]","{'B': 5, 'A': 4, 'C': 4, 'D': 2}","[1.0, 1.0]",4.42
94,"[1, 5]","[5, 5]","[0.88, 0.88]","[['B', 'A', 'D', 'C'], ['C', 'D', 'B', 'A']]","{'B': 5, 'A': 4, 'C': 4, 'D': 2}","[1.0, 1.0]",4.42
94,"[1, 5]","[5, 5]","[0.88, 0.88]","[['B', 'A', 'D', 'C'], ['D', 'B', 'C', 'A']]","{'B': 5, 'A': 4, 'C': 4, 'D': 2}","[1.0, 1.0]",4.42
94,"[1, 5]","[5, 5]","[0.88, 0.88]","[['B', 'A', 'D', 'C'], ['D', 'C', 'B', 'A']]","{'B': 5, 'A': 4, 'C': 4, 'D': 2}","[1.0, 1.0]",4.42
94,"[1, 5]","[5, 5]","[0.88, 0.88]","[['B', 'C', 'A', 'D'], ['B', 'C', 'D', 'A']]","{'B': 5, 'C': 5, 'A': 4, 'D': 1}","[1.0, 1.0]",4.38
94,"[1, 5]","[5, 5]","[0.88, 0.88]","[['B', 'C', 'A', 'D'], ['B', 'D', 'C', 'A']]","{'B': 5, 'C': 5, 'A': 4, 'D': 1}","[1.0, 1.0]",4.38
94,"[1, 5]","[5, 5]","[0.88, 0.88]","[['B', 'C', 'A', 'D'], ['C', 'B', 'D', 'A']]","{'B': 5, 'C': 5, 'A': 4, 'D': 1}","[1.0, 1.0]",4.38
94,"[1, 5]","[5, 5]","[0.88, 0.88]","[['B', 'C', 'A', 'D'], ['C', 'D', 'B', 'A']]","{'B': 5, 'C': 5, 'A': 4, 'D': 1}","[1.0, 1.0]",4.38
94,"[1, 5]","[5, 5]","[0.88, 0.88]","[['B', 'C', 'A', 'D'], ['D', 'B', 'C', 'A']]","{'B': 5, 'C': 5, 'A': 4, 'D': 1}","[1.0, 1.0]",4.38
94,"[1, 5]","[5, 5]","[0.88, 0.88]","[['B', 'C', 'A', 'D'], ['D', 'C', 'B', 'A']]","{'B': 5, 'C': 5, 'A': 4, 'D': 1}","[1.0, 1.0]",4.38
94,"[1, 5]","[5, 5]","[0.88, 0.88]","[['B', 'C', 'D', 'A'], ['A', 'B', 'C', 'D']]","{'B': 5, 'C': 5, 'A': 4, 'D': 1}","[1.0, 1.0]",4.38
94,"[1, 5]","[5, 5]","[0.88, 0.88]","[['B', 'C', 'D', 'A'], ['A', 'B', 'D', 'C']]","{'B': 5, 'A': 4, 'C': 4, 'D': 2}","[1.0, 1.0]",4.42
94,"[1, 5]","[5, 5]","[0.88, 0.88]","[['B', 'C', 'D', 'A'], ['A', 'C', 'B', 'D']]","{'B': 5, 'C': 5, 'A': 4, 'D': 1}","[1.0, 1.0]",4.38
94,"[1, 5]","[5, 5]","[0.88, 0.88]","[['B', 'C', 'D', 'A'], ['A', 'D', 'B', 'C']]","{'B': 5, 'A': 4, 'C': 4, 'D': 2}","[1.0, 1.0]",4.42
94,"[1, 5]","[5, 5]","[0.88, 0.88]","[['B', 'C', 'D', 'A'], ['B', 'A', 'C', 'D']]","{'B': 5, 'C': 5, 'A': 4, 'D': 1}","[1.0, 1.0]",4.38
94,"[1, 5]","[5, 5]","[0.88, 0.88]","[['B', 'C', 'D', 'A'], ['B', 'A', 'D', 'C']]","{'B': 5, 'A': 4, 'C': 4, 'D': 2}","[1.0, 1.0]",4.42
94,"[1, 5]","[5, 5]","[0.88, 0.88]","[['B', 'C', 'D', 'A'], ['B', 'C', 'A', 'D']]","{'B': 5, 'C': 5, 'A': 4, 'D': 1}","[1.0, 1.0]",4.38
94,"[1, 5]","[5, 5]","[0.88, 0.88]","[['B', 'C', 'D', 'A'], ['B', 'C', 'D', 'A']]","{'B': 5, 'C': 5, 'A': 3, 'D': 2}","[1.0, 1.0]",4.38
94,"[1, 5]","[5, 5]","[0.88, 0.88]","[['B', 'C', 'D', 'A'], ['B', 'D', 'A', 'C']]","{'B': 5, 'A': 4, 'C': 4, 'D': 2}","[1.0, 1.0]",4.42
94,"[1, 5]","[5, 5]","[0.88, 0.88]","[['B', 'C', 'D', 'A'], ['B', 'D', 'C', 'A']]","{'B': 5, 'C': 5, 'A': 3, 'D': 2}","[1.0, 1.0]",4.38
94,"[1, 5]","[5, 5]","[0.88, 0.88]","[['B', 'C', 'D', 'A'], ['C', 'A', 'B', 'D']]","{'B': 5, 'C': 5, 'A': 4, 'D': 1}","[1.0, 1.0]",4.38
94,"[1, 5]","[5, 5]","[0.88, 0.88]","[['B', 'C', 'D', 'A'], ['C', 'B', 'A', 'D']]","{'B': 5, 'C': 5, 'A': 4, 'D': 1}","[1.0, 1.0]",4.38
94,"[1, 5]","[5, 5]","[0.88, 0.88]","[['B', 'C', 'D', 'A'], ['C', 'B', 'D', 'A']]","{'B': 5, 'C': 5, 'A': 3, 'D': 2}","[1.0, 1.0]",4.38
94,"[1, 5]","[5, 5]","[0.88, 0.88]","[['B', 'C', 'D', 'A'], ['C', 'D', 'B', 'A']]","{'B': 5, 'C': 5, 'A': 3, 'D': 2}","[1.0, 1.0]",4.38
94,"[1, 5]","[5, 5]","[0.88, 0.88]","[['B', 'C', 'D', 'A'], ['D', 'A', 'B', 'C']]","{'B': 5, 'A': 4, 'C': 4, 'D': 2}","[1.0, 1.0]",4.42
94,"[1, 5]","[5, 5]","[0.88, 0.88]","[['B', 'C', 'D', 'A'], ['D', 'B', 'A', 'C']]","{'B': 5, 'A': 4, 'C': 4, 'D': 2}","[1.0, 1.0]",4.42
94,"[1, 5]","[5, 5]","[0.88, 0.88]","[['B', 'C', 'D', 'A'], ['D', 'B', 'C', 'A']]","{'B': 5, 'C': 5, 'A': 3, 'D': 2}","[1.0, 1.0]",4.38
94,"[1, 5]","[5, 5]","[0.88, 0.88]","[['B', 'C', 'D', 'A'], ['D', 'C', 'B', 'A']]","{'B': 5, 'C': 5, 'A': 3, 'D': 2}","[1.0, 1.0]",4.38
94,"[1, 5]","[5, 5]","[0.88, 0.88]","[['B', 'D', 'A', 'C'], ['B', 'C', 'D', 'A']]","{'B': 5, 'A': 4, 'C': 4, 'D': 2}","[1.0, 1.0]",4.42
94,"[1, 5]","[5, 5]","[0.88, 0.88]","[['B', 'D', 'A', 'C'], ['B', 'D', 'C', 'A']]","{'B': 5, 'A': 4, 'C': 4, 'D': 2}","[1.0, 1.0]",4.42
94,"[1, 5]","[5, 5]","[0.88, 0.88]","[['B', 'D', 'A', 'C'], ['C', 'B', 'D', 'A']]","{'B': 5, 'A': 4, 'C': 4, 'D': 2}","[1.0, 1.0]",4.42
94,"[1, 5]","[5, 5]","[0.88, 0.88]","[['B', 'D', 'A', 'C'], ['C', 'D', 'B', 'A']]","{'B': 5, 'A': 4, 'C': 4, 'D': 2}","[1.0, 1.0]",4.42
94,"[1, 5]","[5, 5]","[0.88, 0.88]","[['B', 'D', 'A', 'C'], ['D', 'B', 'C', 'A']]","{'B': 5, 'A': 4, 'C': 4, 'D': 2}","[1.0, 1.0]",4.42
94,"[1, 5]","[5, 5]","[0.88, 0.88]","[['B', 'D', 'A', 'C'], ['D', 'C', 'B', 'A']]","{'B': 5, 'A': 4, 'C': 4, 'D': 2}","[1.0, 1.0]",4.42
94,"[1, 5]","[5, 5]","[0.88, 0.88]","[['B', 'D', 'C', 'A'], ['A', 'B', 'C', 'D']]","{'B': 5, 'C': 5, 'A': 4, 'D': 1}","[1.0, 1.0]",4.38
94,"[1, 5]","[5, 5]","[0.88, 0.88]","[['B', 'D', 'C', 'A'], ['A', 'B', 'D', 'C']]","{'B': 5, 'A': 4, 'C': 4, 'D': 2}","[1.0, 1.0]",4.42
94,"[1, 5]","[5, 5]","[0.88, 0.88]","[['B', 'D', 'C', 'A'], ['A', 'C', 'B', 'D']]","{'B': 5, 'C': 5, 'A': 4, 'D': 1}","[1.0, 1.0]",4.38
94,"[1, 5]","[5, 5]","[0.88, 0.88]","[['B', 'D', 'C', 'A'], ['A', 'D', 'B', 'C']]","{'B': 5, 'A': 4, 'C': 4, 'D': 2}","[1.0, 1.0]",4.42
94,"[1, 5]","[5, 5]","[0.88, 0.88]","[['B', 'D', 'C', 'A'], ['B', 'A', 'C', 'D']]","{'B': 5, 'C': 5, 'A': 4, 'D': 1}","[1.0, 1.0]",4.38
94,"[1, 5]","[5, 5]","[0.88, 0.88]","[['B', 'D', 'C', 'A'], ['B', 'A', 'D', 'C']]","{'B': 5, 'A': 4, 'C': 4, 'D': 2}","[1.0, 1.0]",4.42
94,"[1, 5]","[5, 5]","[0.88, 0.88]","[['B', 'D', 'C', 'A'], ['B', 'C', 'A', 'D']]","{'B': 5, 'C': 5, 'A': 4, 'D': 1}","[1.0, 1.0]",4.38
94,"[1, 5]","[5, 5]","[0.88, 0.88]","[['B', 'D', 'C', 'A'], ['B', 'C', 'D', 'A']]","{'B': 5, 'C': 5, 'A': 3, 'D': 2}","[1.0, 1.0]",4.38
94,"[1, 5]","[5, 5]","[0.88, 0.88]","[['B', 'D', 'C', 'A'], ['B', 'D', 'A', 'C']]","{'B': 5, 'A': 4, 'C': 4, 'D': 2}","[1.0, 1.0]",4.42
94,"[1, 5]","[5, 5]","[0.88, 0.88]","[['B', 'D', 'C', 'A'], ['B', 'D', 'C', 'A']]","{'B': 5, 'C': 5, 'A': 3, 'D': 2}","[1.0, 1.0]",4.38
94,"[1, 5]","[5, 5]","[0.88, 0.88]","[['B', 'D', 'C', 'A'], ['C', 'A', 'B', 'D']]","{'B': 5, 'C': 5, 'A': 4, 'D': 1}","[1.0, 1.0]",4.38
94,"[1, 5]","[5, 5]","[0.88, 0.88]","[['B', 'D', 'C', 'A'], ['C', 'B', 'A', 'D']]","{'B': 5, 'C': 5, 'A': 4, 'D': 1}","[1.0, 1.0]",4.38
94,"[1, 5]","[5, 5]","[0.88, 0.88]","[['B', 'D', 'C', 'A'], ['C', 'B', 'D', 'A']]","{'B': 5, 'C': 5, 'A': 3, 'D': 2}","[1.0, 1.0]",4.38
94,"[1, 5]","[5, 5]","[0.88, 0.88]","[['B', 'D', 'C', 'A'], ['C', 'D', 'B', 'A']]","{'B': 5, 'C': 5, 'A': 3, 'D': 2}","[1.0, 1.0]",4.38
94,"[1, 5]","[5, 5]","[0.88, 0.88]","[['B', 'D', 'C', 'A'], ['D', 'A', 'B', 'C']]","{'B': 5, 'A': 4, 'C': 4, 'D': 2}","[1.0, 1.0]",4.42
94,"[1, 5]","[5, 5]","[0.88, 0.88]","[['B', 'D', 'C', 'A'], ['D', 'B', 'A', 'C']]","{'B': 5, 'A': 4, 'C': 4, 'D': 2}","[1.0, 1.0]",4.42
94,"[1, 5]","[5, 5]","[0.88, 0.88]","[['B', 'D', 'C', 'A'], ['D', 'B', 'C', 'A']]","{'B': 5, 'C': 5, 'A': 3, 'D': 2}","[1.0, 1.0]",4.38
94,"[1, 5]","[5, 5]","[0.88, 0.88]","[['B', 'D', 'C', 'A'], ['D', 'C', 'B', 'A']]","{'B': 5, 'C': 5, 'A': 3, 'D': 2}","[1.0, 1.0]",4.38
94,"[1, 5]","[5, 5]","[0.88, 0.88]","[['C', 'A', 'B', 'D'], ['B', 'C', 'D', 'A']]","{'B': 5, 'C': 5, 'A': 4, 'D': 1}","[1.0, 1.0]",4.38
94,"[1, 5]","[5, 5]","[0.88, 0.88]","[['C', 'A', 'B', 'D'], ['B', 'D', 'C', 'A']]","{'B': 5, 'C': 5, 'A': 4, 'D': 1}","[1.0, 1.0]",4.38
94,"[1, 5]","[5, 5]","[0.88, 0.88]","[['C', 'A', 'B', 'D'], ['C', 'B', 'D', 'A']]","{'B': 5, 'C': 5, 'A': 4, 'D': 1}","[1.0, 1.0]",4.38
94,"[1, 5]","[5, 5]","[0.88, 0.88]","[['C', 'A', 'B', 'D'], ['C', 'D', 'B', 'A']]","{'B': 5, 'C': 5, 'A': 4, 'D': 1}","[1.0, 1.0]",4.38
94,"[1, 5]","[5, 5]","[0.88, 0.88]","[['C', 'A', 'B', 'D'], ['D', 'B', 'C', 'A']]","{'B': 5, 'C': 5, 'A': 4, 'D': 1}","[1.0, 1.0]",4.38
94,"[1, 5]","[5, 5]","[0.88, 0.88]","[['C', 'A', 'B', 'D'], ['D', 'C', 'B', 'A']]","{'B': 5, 'C': 5, 'A': 4, 'D': 1}","[1.0, 1.0]",4.38
94,"[1, 5]","[5, 5]","[0.88, 0.88]","[['C', 'B', 'A', 'D'], ['B', 'C', 'D', 'A']]","{'B': 5, 'C': 5, 'A': 4, 'D': 1}","[1.0, 1.0]",4.38
94,"[1, 5]","[5, 5]","[0.88, 0.88]","[['C', 'B', 'A', 'D'], ['B', 'D', 'C', 'A']]","{'B': 5, 'C': 5, 'A': 4, 'D': 1}","[1.0, 1.0]",4.38
94,"[1, 5]","[5, 5]","[0.88, 0.88]","[['C', 'B', 'A', 'D'], ['C', 'B', 'D', 'A']]","{'B': 5, 'C': 5, 'A': 4, 'D': 1}","[1.0, 1.0]",4.38
94,"[1, 5]","[5, 5]","[0.88, 0.88]","[['C', 'B', 'A', 'D'], ['C', 'D', 'B', 'A']]","{'B': 5, 'C': 5, 'A': 4, 'D': 1}","[1.0, 1.0]",4.38
94,"[1, 5]","[5, 5]","[0.88, 0.88]","[['C', 'B', 'A', 'D'], ['D', 'B', 'C', 'A']]","{'B': 5, 'C': 5, 'A': 4, 'D': 1}","[1.0, 1.0]",4.38
94,"[1, 5]","[5, 5]","[0.88, 0.88]","[['C', 'B', 'A', 'D'], ['D', 'C', 'B', 'A']]","{'B': 5, 'C': 5, 'A': 4, 'D': 1}","[1.0, 1.0]",4.38
94,"[1, 5]","[5, 5]","[0.88, 0.88]","[['C', 'B', 'D', 'A'], ['A', 'B', 'C', 'D']]","{'B': 5, 'C': 5, 'A': 4, 'D': 1}","[1.0, 1.0]",4.38
94,"[1, 5]","[5, 5]","[0.88, 0.88]","[['C', 'B', 'D', 'A'], ['A', 'B', 'D', 'C']]","{'B': 5, 'A': 4, 'C': 4, 'D': 2}","[1.0, 1.0]",4.42
94,"[1, 5]","[5, 5]","[0.88, 0.88]","[['C', 'B', 'D', 'A'], ['A', 'C', 'B', 'D']]","{'B': 5, 'C': 5, 'A': 4, 'D': 1}","[1.0, 1.0]",4.38
94,"[1, 5]","[5, 5]","[0.88, 0.88]","[['C', 'B', 'D', 'A'], ['A', 'D', 'B', 'C']]","{'B': 5, 'A': 4, 'C': 4, 'D': 2}","[1.0, 1.0]",4.42
94,"[1, 5]","[5, 5]","[0.88, 0.88]","[['C', 'B', 'D', 'A'], ['B', 'A', 'C', 'D']]","{'B': 5, 'C': 5, 'A': 4, 'D': 1}","[1.0, 1.0]",4.38
94,"[1, 5]","[5, 5]","[0.88, 0.88]","[['C', 'B', 'D', 'A'], ['B', 'A', 'D', 'C']]","{'B': 5, 'A': 4, 'C': 4, 'D': 2}","[1.0, 1.0]",4.42
94,"[1, 5]","[5, 5]","[0.88, 0.88]","[['C', 'B', 'D', 'A'], ['B', 'C', 'A', 'D']]","{'B': 5, 'C': 5, 'A': 4, 'D': 1}","[1.0, 1.0]",4.38
94,"[1, 5]","[5, 5]","[0.88, 0.88]","[['C', 'B', 'D', 'A'], ['B', 'C', 'D', 'A']]","{'B': 5, 'C': 5, 'A': 3, 'D': 2}","[1.0, 1.0]",4.38
94,"[1, 5]","[5, 5]","[0.88, 0.88]","[['C', 'B', 'D', 'A'], ['B', 'D', 'A', 'C']]","{'B': 5, 'A': 4, 'C': 4, 'D': 2}","[1.0, 1.0]",4.42
94,"[1, 5]","[5, 5]","[0.88, 0.88]","[['C', 'B', 'D', 'A'], ['B', 'D', 'C', 'A']]","{'B': 5, 'C': 5, 'A': 3, 'D': 2}","[1.0, 1.0]",4.38
94,"[1, 5]","[5, 5]","[0.88, 0.88]","[['C', 'B', 'D', 'A'], ['C', 'A', 'B', 'D']]","{'B': 5, 'C': 5, 'A': 4, 'D': 1}","[1.0, 1.0]",4.38
94,"[1, 5]","[5, 5]","[0.88, 0.88]","[['C', 'B', 'D', 'A'], ['C', 'B', 'A', 'D']]","{'B': 5, 'C': 5, 'A': 4, 'D': 1}","[1.0, 1.0]",4.38
94,"[1, 5]","[5, 5]","[0.88, 0.88]","[['C', 'B', 'D', 'A'], ['C', 'B', 'D', 'A']]","{'B': 5, 'C': 5, 'A': 3, 'D': 2}","[1.0, 1.0]",4.38
94,"[1, 5]","[5, 5]","[0.88, 0.88]","[['C', 'B', 'D', 'A'], ['C', 'D', 'B', 'A']]","{'B': 5, 'C': 5, 'A': 3, 'D': 2}","[1.0, 1.0]",4.38
94,"[1, 5]","[5, 5]","[0.88, 0.88]","[['C', 'B', 'D', 'A'], ['D', 'A', 'B', 'C']]","{'B': 5, 'A': 4, 'C': 4, 'D': 2}","[1.0, 1.0]",4.42
94,"[1, 5]","[5, 5]","[0.88, 0.88]","[['C', 'B', 'D', 'A'], ['D', 'B', 'A', 'C']]","{'B': 5, 'A': 4, 'C': 4, 'D': 2}","[1.0, 1.0]",4.42
94,"[1, 5]","[5, 5]","[0.88, 0.88]","[['C', 'B', 'D', 'A'], ['D', 'B', 'C', 'A']]","{'B': 5, 'C': 5, 'A': 3, 'D': 2}","[1.0, 1.0]",4.38
94,"[1, 5]","[5, 5]","[0.88, 0.88]","[['C', 'B', 'D', 'A'], ['D', 'C', 'B', 'A']]","{'B': 5, 'C': 5, 'A': 3, 'D': 2}","[1.0, 1.0]",4.38
94,"[1, 5]","[5, 5]","[0.88, 0.88]","[['C', 'D', 'B', 'A'], ['A', 'B', 'C', 'D']]","{'B': 5, 'C': 5, 'A': 4, 'D': 1}","[1.0, 1.0]",4.38
94,"[1, 5]","[5, 5]","[0.88, 0.88]","[['C', 'D', 'B', 'A'], ['A', 'B', 'D', 'C']]","{'B': 5, 'A': 4, 'C': 4, 'D': 2}","[1.0, 1.0]",4.42
94,"[1, 5]","[5, 5]","[0.88, 0.88]","[['C', 'D', 'B', 'A'], ['A', 'C', 'B', 'D']]","{'B': 5, 'C': 5, 'A': 4, 'D': 1}","[1.0, 1.0]",4.38
94,"[1, 5]","[5, 5]","[0.88, 0.88]","[['C', 'D', 'B', 'A'], ['A', 'D', 'B', 'C']]","{'B': 5, 'A': 4, 'C': 4, 'D': 2}","[1.0, 1.0]",4.42
94,"[1, 5]","[5, 5]","[0.88, 0.88]","[['C', 'D', 'B', 'A'], ['B', 'A', 'C', 'D']]","{'B': 5, 'C': 5, 'A': 4, 'D': 1}","[1.0, 1.0]",4.38
94,"[1, 5]","[5, 5]","[0.88, 0.88]","[['C', 'D', 'B', 'A'], ['B', 'A', 'D', 'C']]","{'B': 5, 'A': 4, 'C': 4, 'D': 2}","[1.0, 1.0]",4.42
94,"[1, 5]","[5, 5]","[0.88, 0.88]","[['C', 'D', 'B', 'A'], ['B', 'C', 'A', 'D']]","{'B': 5, 'C': 5, 'A': 4, 'D': 1}","[1.0, 1.0]",4.38
94,"[1, 5]","[5, 5]","[0.88, 0.88]","[['C', 'D', 'B', 'A'], ['B', 'C', 'D', 'A']]","{'B': 5, 'C': 5, 'A': 3, 'D': 2}","[1.0, 1.0]",4.38
94,"[1, 5]","[5, 5]","[0.88, 0.88]","[['C', 'D', 'B', 'A'], ['B', 'D', 'A', 'C']]","{'B': 5, 'A': 4, 'C': 4, 'D': 2}","[1.0, 1.0]",4.42
94,"[1, 5]","[5, 5]","[0.88, 0.88]","[['C', 'D', 'B', 'A'], ['B', 'D', 'C', 'A']]","{'B': 5, 'C': 5, 'A': 3, 'D': 2}","[1.0, 1.0]",4.38
94,"[1, 5]","[5, 5]","[0.88, 0.88]","[['C', 'D', 'B', 'A'], ['C', 'A', 'B', 'D']]","{'B': 5, 'C': 5, 'A': 4, 'D': 1}","[1.0, 1.0]",4.38
94,"[1, 5]","[5, 5]","[0.88, 0.88]","[['C', 'D', 'B', 'A'], ['C', 'B', 'A', 'D']]","{'B': 5, 'C': 5, 'A': 4, 'D': 1}","[1.0, 1.0]",4.38
94,"[1, 5]","[5, 5]","[0.88, 0.88]","[['C', 'D', 'B', 'A'], ['C', 'B', 'D', 'A']]","{'B': 5, 'C': 5, 'A': 3, 'D': 2}","[1.0, 1.0]",4.38
94,"[1, 5]","[5, 5]","[0.88, 0.88]","[['C', 'D', 'B', 'A'], ['C', 'D', 'B', 'A']]","{'B': 5, 'C': 5, 'A': 3, 'D': 2}","[1.0, 1.0]",4.38
94,"[1, 5]","[5, 5]","[0.88, 0.88]","[['C', 'D', 'B', 'A'], ['D', 'A', 'B', 'C']]","{'B': 5, 'A': 4, 'C': 4, 'D': 2}","[1.0, 1.0]",4.42
94,"[1, 5]","[5, 5]","[0.88, 0.88]","[['C', 'D', 'B', 'A'], ['D', 'B', 'A', 'C']]","{'B': 5, 'A': 4, 'C': 4, 'D': 2}","[1.0, 1.0]",4.42
94,"[1, 5]","[5, 5]","[0.88, 0.88]","[['C', 'D', 'B', 'A'], ['D', 'B', 'C', 'A']]","{'B': 5, 'C': 5, 'A': 3, 'D': 2}","[1.0, 1.0]",4.38
94,"[1, 5]","[5, 5]","[0.88, 0.88]","[['C', 'D', 'B', 'A'], ['D', 'C', 'B', 'A']]","{'B': 5, 'C': 5, 'A': 3, 'D': 2}","[1.0, 1.0]",4.38
94,"[1, 5]","[5, 5]","[0.88, 0.88]","[['D', 'A', 'B', 'C'], ['B', 'C', 'D', 'A']]","{'B': 5, 'A': 4, 'C': 4, 'D': 2}","[1.0, 1.0]",4.42
94,"[1, 5]","[5, 5]","[0.88, 0.88]","[['D', 'A', 'B', 'C'], ['B', 'D', 'C', 'A']]","{'B': 5, 'A': 4, 'C': 4, 'D': 2}","[1.0, 1.0]",4.42
94,"[1, 5]","[5, 5]","[0.88, 0.88]","[['D', 'A', 'B', 'C'], ['C', 'B', 'D', 'A']]","{'B': 5, 'A': 4, 'C': 4, 'D': 2}","[1.0, 1.0]",4.42
94,"[1, 5]","[5, 5]","[0.88, 0.88]","[['D', 'A', 'B', 'C'], ['C', 'D', 'B', 'A']]","{'B': 5, 'A': 4, 'C': 4, 'D': 2}","[1.0, 1.0]",4.42
94,"[1, 5]","[5, 5]","[0.88, 0.88]","[['D', 'A', 'B', 'C'], ['D', 'B', 'C', 'A']]","{'B': 5, 'A': 4, 'C': 4, 'D': 2}","[1.0, 1.0]",4.42
94,"[1, 5]","[5, 5]","[0.88, 0.88]","[['D', 'A', 'B', 'C'], ['D', 'C', 'B', 'A']]","{'B': 5, 'A': 4, 'C': 4, 'D': 2}","[1.0, 1.0]",4.42
94,"[1, 5]","[5, 5]","[0.88, 0.88]","[['D', 'B', 'A', 'C'], ['B', 'C', 'D', 'A']]","{'B': 5, 'A': 4, 'C': 4, 'D': 2}","[1.0, 1.0]",4.42
94,"[1, 5]","[5, 5]","[0.88, 0.88]","[['D', 'B', 'A', 'C'], ['B', 'D', 'C', 'A']]","{'B': 5, 'A': 4, 'C': 4, 'D': 2}","[1.0, 1.0]",4.42
94,"[1, 5]","[5, 5]","[0.88, 0.88]","[['D', 'B', 'A', 'C'], ['C', 'B', 'D', 'A']]","{'B': 5, 'A': 4, 'C': 4, 'D': 2}","[1.0, 1.0]",4.42
94,"[1, 5]","[5, 5]","[0.88, 0.88]","[['D', 'B', 'A', 'C'], ['C', 'D', 'B', 'A']]","{'B': 5, 'A': 4, 'C': 4, 'D': 2}","[1.0, 1.0]",4.42
94,"[1, 5]","[5, 5]","[0.88, 0.88]","[['D', 'B', 'A', 'C'], ['D', 'B', 'C', 'A']]","{'B': 5, 'A': 4, 'C': 4, 'D': 2}","[1.0, 1.0]",4.42
94,"[1, 5]","[5, 5]","[0.88, 0.88]","[['D', 'B', 'A', 'C'], ['D', 'C', 'B', 'A']]","{'B': 5, 'A': 4, 'C': 4, 'D': 2}","[1.0, 1.0]",4.42
94,"[1, 5]","[5, 5]","[0.88, 0.88]","[['D', 'B', 'C', 'A'], ['A', 'B', 'C', 'D']]","{'B': 5, 'C': 5, 'A': 4, 'D': 1}","[1.0, 1.0]",4.38
94,"[1, 5]","[5, 5]","[0.88, 0.88]","[['D', 'B', 'C', 'A'], ['A', 'B', 'D', 'C']]","{'B': 5, 'A': 4, 'C': 4, 'D': 2}","[1.0, 1.0]",4.42
94,"[1, 5]","[5, 5]","[0.88, 0.88]","[['D', 'B', 'C', 'A'], ['A', 'C', 'B', 'D']]","{'B': 5, 'C': 5, 'A': 4, 'D': 1}","[1.0, 1.0]",4.38
94,"[1, 5]","[5, 5]","[0.88, 0.88]","[['D', 'B', 'C', 'A'], ['A', 'D', 'B', 'C']]","{'B': 5, 'A': 4, 'C': 4, 'D': 2}","[1.0, 1.0]",4.42
94,"[1, 5]","[5, 5]","[0.88, 0.88]","[['D', 'B', 'C', 'A'], ['B', 'A', 'C', 'D']]","{'B': 5, 'C': 5, 'A': 4, 'D': 1}","[1.0, 1.0]",4.38
94,"[1, 5]","[5, 5]","[0.88, 0.88]","[['D', 'B', 'C', 'A'], ['B', 'A', 'D', 'C']]","{'B': 5, 'A': 4, 'C': 4, 'D': 2}","[1.0, 1.0]",4.42
94,"[1, 5]","[5, 5]","[0.88, 0.88]","[['D', 'B', 'C', 'A'], ['B', 'C', 'A', 'D']]","{'B': 5, 'C': 5, 'A': 4, 'D': 1}","[1.0, 1.0]",4.38
94,"[1, 5]","[5, 5]","[0.88, 0.88]","[['D', 'B', 'C', 'A'], ['B', 'C', 'D', 'A']]","{'B': 5, 'C': 5, 'A': 3, 'D': 2}","[1.0, 1.0]",4.38
94,"[1, 5]","[5, 5]","[0.88, 0.88]","[['D', 'B', 'C', 'A'], ['B', 'D', 'A', 'C']]","{'B': 5, 'A': 4, 'C': 4, 'D': 2}","[1.0, 1.0]",4.42
94,"[1, 5]","[5, 5]","[0.88, 0.88]","[['D', 'B', 'C', 'A'], ['B', 'D', 'C', 'A']]","{'B': 5, 'C': 5, 'A': 3, 'D': 2}","[1.0, 1.0]",4.38
94,"[1, 5]","[5, 5]","[0.88, 0.88]","[['D', 'B', 'C', 'A'], ['C', 'A', 'B', 'D']]","{'B': 5, 'C': 5, 'A': 4, 'D': 1}","[1.0, 1.0]",4.38
94,"[1, 5]","[5, 5]","[0.88, 0.88]","[['D', 'B', 'C', 'A'], ['C', 'B', 'A', 'D']]","{'B': 5, 'C': 5, 'A': 4, 'D': 1}","[1.0, 1.0]",4.38
94,"[1, 5]","[5, 5]","[0.88, 0.88]","[['D', 'B', 'C', 'A'], ['C', 'B', 'D', 'A']]","{'B': 5, 'C': 5, 'A': 3, 'D': 2}","[1.0, 1.0]",4.38
94,"[1, 5]","[5, 5]","[0.88, 0.88]","[['D', 'B', 'C', 'A'], ['C', 'D', 'B', 'A']]","{'B': 5, 'C': 5, 'A': 3, 'D': 2}","[1.0, 1.0]",4.38
94,"[1, 5]","[5, 5]","[0.88, 0.88]","[['D', 'B', 'C', 'A'], ['D', 'A', 'B', 'C']]","{'B': 5, 'A': 4, 'C': 4, 'D': 2}","[1.0, 1.0]",4.42
94,"[1, 5]","[5, 5]","[0.88, 0.88]","[['D', 'B', 'C', 'A'], ['D', 'B', 'A', 'C']]","{'B': 5, 'A': 4, 'C': 4, 'D': 2}","[1.0, 1.0]",4.42
94,"[1, 5]","[5, 5]","[0.88, 0.88]","[['D', 'B', 'C', 'A'], ['D', 'B', 'C', 'A']]","{'B': 5, 'C': 5, 'A': 3, 'D': 2}","[1.0, 1.0]",4.38
94,"[1, 5]","[5, 5]","[0.88, 0.88]","[['D', 'B', 'C', 'A'], ['D', 'C', 'B', 'A']]","{'B': 5, 'C': 5, 'A': 3, 'D': 2}","[1.0, 1.0]",4.38
94,"[1, 5]","[5, 5]","[0.88, 0.88]","[['D', 'C', 'B', 'A'], ['A', 'B', 'C', 'D']]","{'B': 5, 'C': 5, 'A': 4, 'D': 1}","[1.0, 1.0]",4.38
94,"[1, 5]","[5, 5]","[0.88, 0.88]","[['D', 'C', 'B', 'A'], ['A', 'B', 'D', 'C']]","{'B': 5, 'A': 4, 'C': 4, 'D': 2}","[1.0, 1.0]",4.42
94,"[1, 5]","[5, 5]","[0.88, 0.88]","[['D', 'C', 'B', 'A'], ['A', 'C', 'B', 'D']]","{'B': 5, 'C': 5, 'A': 4, 'D': 1}","[1.0, 1.0]",4.38
94,"[1, 5]","[5, 5]","[0.88, 0.88]","[['D', 'C', 'B', 'A'], ['A', 'D', 'B', 'C']]","{'B': 5, 'A': 4, 'C': 4, 'D': 2}","[1.0, 1.0]",4.42
94,"[1, 5]","[5, 5]","[0.88, 0.88]","[['D', 'C', 'B', 'A'], ['B', 'A', 'C', 'D']]","{'B': 5, 'C': 5, 'A': 4, 'D': 1}","[1.0, 1.0]",4.38
94,"[1, 5]","[5, 5]","[0.88, 0.88]","[['D', 'C', 'B', 'A'], ['B', 'A', 'D', 'C']]","{'B': 5, 'A': 4, 'C': 4, 'D': 2}","[1.0, 1.0]",4.42
94,"[1, 5]","[5, 5]","[0.88, 0.88]","[['D', 'C', 'B', 'A'], ['B', 'C', 'A', 'D']]","{'B': 5, 'C': 5, 'A': 4, 'D': 1}","[1.0, 1.0]",4.38
94,"[1, 5]","[5, 5]","[0.88, 0.88]","[['D', 'C', 'B', 'A'], ['B', 'C', 'D', 'A']]","{'B': 5, 'C': 5, 'A': 3, 'D': 2}","[1.0, 1.0]",4.38
94,"[1, 5]","[5, 5]","[0.88, 0.88]","[['D', 'C', 'B', 'A'], ['B', 'D', 'A', 'C']]","{'B': 5, 'A': 4, 'C': 4, 'D': 2}","[1.0, 1.0]",4.42
94,"[1, 5]","[5, 5]","[0.88, 0.88]","[['D', 'C', 'B', 'A'], ['B', 'D', 'C', 'A']]","{'B': 5, 'C': 5, 'A': 3, 'D': 2}","[1.0, 1.0]",4.38
94,"[1, 5]","[5, 5]","[0.88, 0.88]","[['D', 'C', 'B', 'A'], ['C', 'A', 'B', 'D']]","{'B': 5, 'C': 5, 'A': 4, 'D': 1}","[1.0, 1.0]",4.38
94,"[1, 5]","[5, 5]","[0.88, 0.88]","[['D', 'C', 'B', 'A'], ['C', 'B', 'A', 'D']]","{'B': 5, 'C': 5, 'A': 4, 'D': 1}","[1.0, 1.0]",4.38
94,"[1, 5]","[5, 5]","[0.88, 0.88]","[['D', 'C', 'B', 'A'], ['C', 'B', 'D', 'A']]","{'B': 5, 'C': 5, 'A': 3, 'D': 2}","[1.0, 1.0]",4.38
94,"[1, 5]","[5, 5]","[0.88, 0.88]","[['D', 'C', 'B', 'A'], ['C', 'D', 'B', 'A']]","{'B': 5, 'C': 5, 'A': 3, 'D': 2}","[1.0, 1.0]",4.38
94,"[1, 5]","[5, 5]","[0.88, 0.88]","[['D', 'C', 'B', 'A'], ['D', 'A', 'B', 'C']]","{'B': 5, 'A': 4, 'C': 4, 'D': 2}","[1.0, 1.0]",4.42
94,"[1, 5]","[5, 5]","[0.88, 0.88]","[['D', 'C', 'B', 'A'], ['D', 'B', 'A', 'C']]","{'B': 5, 'A': 4, 'C': 4, 'D': 2}","[1.0, 1.0]",4.42
94,"[1, 5]","[5, 5]","[0.88, 0.88]","[['D', 'C', 'B', 'A'], ['D', 'B', 'C', 'A']]","{'B': 5, 'C': 5, 'A': 3, 'D': 2}","[1.0, 1.0]",4.38
94,"[1, 5]","[5, 5]","[0.88, 0.88]","[['D', 'C', 'B', 'A'], ['D', 'C', 'B', 'A']]","{'B': 5, 'C': 5, 'A': 3, 'D': 2}","[1.0, 1.0]",4.38
94,"[2, 5]","[5, 5]","[0.75, 0.88]","[['A', 'B', 'C', 'D'], ['B', 'C', 'D', 'A']]","{'B': 5, 'C': 5, 'A': 4, 'D': 1}","[0.88, 1.0]",4.38
94,"[2, 5]","[5, 5]","[0.75, 0.88]","[['A', 'B', 'C', 'D'], ['B', 'D', 'C', 'A']]","{'B': 5, 'C': 5, 'A': 4, 'D': 1}","[0.88, 1.0]",4.38
94,"[2, 5]","[5, 5]","[0.75, 0.88]","[['A', 'B', 'C', 'D'], ['C', 'B', 'D', 'A']]","{'B': 5, 'C': 5, 'A': 4, 'D': 1}","[0.88, 1.0]",4.38
94,"[2, 5]","[5, 5]","[0.75, 0.88]","[['A', 'B', 'C', 'D'], ['C', 'D', 'B', 'A']]","{'B': 5, 'C': 5, 'A': 4, 'D': 1}","[0.88, 1.0]",4.38
94,"[2, 5]","[5, 5]","[0.75, 0.88]","[['A', 'B', 'C', 'D'], ['D', 'B', 'C', 'A']]","{'B': 5, 'C': 5, 'A': 4, 'D': 1}","[0.88, 1.0]",4.38
94,"[2, 5]","[5, 5]","[0.75, 0.88]","[['A', 'B', 'C', 'D'], ['D', 'C', 'B', 'A']]","{'B': 5, 'C': 5, 'A': 4, 'D': 1}","[0.88, 1.0]",4.38
94,"[2, 5]","[5, 5]","[0.75, 0.88]","[['A', 'C', 'B', 'D'], ['B', 'C', 'D', 'A']]","{'B': 5, 'C': 5, 'A': 4, 'D': 1}","[0.88, 1.0]",4.38
94,"[2, 5]","[5, 5]","[0.75, 0.88]","[['A', 'C', 'B', 'D'], ['B', 'D', 'C', 'A']]","{'B': 5, 'C': 5, 'A': 4, 'D': 1}","[0.88, 1.0]",4.38
94,"[2, 5]","[5, 5]","[0.75, 0.88]","[['A', 'C', 'B', 'D'], ['C', 'B', 'D', 'A']]","{'B': 5, 'C': 5, 'A': 4, 'D': 1}","[0.88, 1.0]",4.38
94,"[2, 5]","[5, 5]","[0.75, 0.88]","[['A', 'C', 'B', 'D'], ['C', 'D', 'B', 'A']]","{'B': 5, 'C': 5, 'A': 4, 'D': 1}","[0.88, 1.0]",4.38
94,"[2, 5]","[5, 5]","[0.75, 0.88]","[['A', 'C', 'B', 'D'], ['D', 'B', 'C', 'A']]","{'B': 5, 'C': 5, 'A': 4, 'D': 1}","[0.88, 1.0]",4.38
94,"[2, 5]","[5, 5]","[0.75, 0.88]","[['A', 'C', 'B', 'D'], ['D', 'C', 'B', 'A']]","{'B': 5, 'C': 5, 'A': 4, 'D': 1}","[0.88, 1.0]",4.38
94,"[2, 5]","[5, 5]","[0.75, 0.88]","[['B', 'A', 'C', 'D'], ['B', 'C', 'D', 'A']]","{'B': 5, 'C': 5, 'A': 4, 'D': 1}","[0.88, 1.0]",4.38
94,"[2, 5]","[5, 5]","[0.75, 0.88]","[['B', 'A', 'C', 'D'], ['B', 'D', 'C', 'A']]","{'B': 5, 'C': 5, 'A': 4, 'D': 1}","[0.88, 1.0]",4.38
94,"[2, 5]","[5, 5]","[0.75, 0.88]","[['B', 'A', 'C', 'D'], ['C', 'B', 'D', 'A']]","{'B': 5, 'C': 5, 'A': 4, 'D': 1}","[0.88, 1.0]",4.38
94,"[2, 5]","[5, 5]","[0.75, 0.88]","[['B', 'A', 'C', 'D'], ['C', 'D', 'B', 'A']]","{'B': 5, 'C': 5, 'A': 4, 'D': 1}","[0.88, 1.0]",4.38
94,"[2, 5]","[5, 5]","[0.75, 0.88]","[['B', 'A', 'C', 'D'], ['D', 'B', 'C', 'A']]","{'B': 5, 'C': 5, 'A': 4, 'D': 1}","[0.88, 1.0]",4.38
94,"[2, 5]","[5, 5]","[0.75, 0.88]","[['B', 'A', 'C', 'D'], ['D', 'C', 'B', 'A']]","{'B': 5, 'C': 5, 'A': 4, 'D': 1}","[0.88, 1.0]",4.38
94,"[2, 5]","[5, 5]","[0.75, 0.88]","[['B', 'C', 'A', 'D'], ['B', 'C', 'D', 'A']]","{'B': 5, 'C': 5, 'A': 4, 'D': 1}","[0.88, 1.0]",4.38
94,"[2, 5]","[5, 5]","[0.75, 0.88]","[['B', 'C', 'A', 'D'], ['B', 'D', 'C', 'A']]","{'B': 5, 'C': 5, 'A': 4, 'D': 1}","[0.88, 1.0]",4.38
94,"[2, 5]","[5, 5]","[0.75, 0.88]","[['B', 'C', 'A', 'D'], ['C', 'B', 'D', 'A']]","{'B': 5, 'C': 5, 'A': 4, 'D': 1}","[0.88, 1.0]",4.38
94,"[2, 5]","[5, 5]","[0.75, 0.88]","[['B', 'C', 'A', 'D'], ['C', 'D', 'B', 'A']]","{'B': 5, 'C': 5, 'A': 4, 'D': 1}","[0.88, 1.0]",4.38
94,"[2, 5]","[5, 5]","[0.75, 0.88]","[['B', 'C', 'A', 'D'], ['D', 'B', 'C', 'A']]","{'B': 5, 'C': 5, 'A': 4, 'D': 1}","[0.88, 1.0]",4.38
94,"[2, 5]","[5, 5]","[0.75, 0.88]","[['B', 'C', 'A', 'D'], ['D', 'C', 'B', 'A']]","{'B': 5, 'C': 5, 'A': 4, 'D': 1}","[0.88, 1.0]",4.38
94,"[2, 5]","[5, 5]","[0.75, 0.88]","[['B', 'C', 'D', 'A'], ['A', 'B', 'C', 'D']]","{'B': 5, 'C': 5, 'A': 4, 'D': 1}","[0.88, 1.0]",4.38
94,"[2, 5]","[5, 5]","[0.75, 0.88]","[['B', 'C', 'D', 'A'], ['A', 'C', 'B', 'D']]","{'B': 5, 'C': 5, 'A': 4, 'D': 1}","[0.88, 1.0]",4.38
94,"[2, 5]","[5, 5]","[0.75, 0.88]","[['B', 'C', 'D', 'A'], ['B', 'A', 'C', 'D']]","{'B': 5, 'C': 5, 'A': 4, 'D': 1}","[0.88, 1.0]",4.38
94,"[2, 5]","[5, 5]","[0.75, 0.88]","[['B', 'C', 'D', 'A'], ['B', 'C', 'A', 'D']]","{'B': 5, 'C': 5, 'A': 4, 'D': 1}","[0.88, 1.0]",4.38
94,"[2, 5]","[5, 5]","[0.75, 0.88]","[['B', 'C', 'D', 'A'], ['B', 'C', 'D', 'A']]","{'B': 5, 'C': 5, 'A': 3, 'D': 2}","[0.88, 1.0]",4.38
94,"[2, 5]","[5, 5]","[0.75, 0.88]","[['B', 'C', 'D', 'A'], ['B', 'D', 'C', 'A']]","{'B': 5, 'C': 5, 'A': 3, 'D': 2}","[0.88, 1.0]",4.38
94,"[2, 5]","[5, 5]","[0.75, 0.88]","[['B', 'C', 'D', 'A'], ['C', 'A', 'B', 'D']]","{'B': 5, 'C': 5, 'A': 4, 'D': 1}","[0.88, 1.0]",4.38
94,"[2, 5]","[5, 5]","[0.75, 0.88]","[['B', 'C', 'D', 'A'], ['C', 'B', 'A', 'D']]","{'B': 5, 'C': 5, 'A': 4, 'D': 1}","[0.88, 1.0]",4.38
94,"[2, 5]","[5, 5]","[0.75, 0.88]","[['B', 'C', 'D', 'A'], ['C', 'B', 'D', 'A']]","{'B': 5, 'C': 5, 'A': 3, 'D': 2}","[0.88, 1.0]",4.38
94,"[2, 5]","[5, 5]","[0.75, 0.88]","[['B', 'C', 'D', 'A'], ['C', 'D', 'B', 'A']]","{'B': 5, 'C': 5, 'A': 3, 'D': 2}","[0.88, 1.0]",4.38
94,"[2, 5]","[5, 5]","[0.75, 0.88]","[['B', 'C', 'D', 'A'], ['D', 'B', 'C', 'A']]","{'B': 5, 'C': 5, 'A': 3, 'D': 2}","[0.88, 1.0]",4.38
94,"[2, 5]","[5, 5]","[0.75, 0.88]","[['B', 'C', 'D', 'A'], ['D', 'C', 'B', 'A']]","{'B': 5, 'C': 5, 'A': 3, 'D': 2}","[0.88, 1.0]",4.38
94,"[2, 5]","[5, 5]","[0.75, 0.88]","[['B', 'D', 'C', 'A'], ['A', 'B', 'C', 'D']]","{'B': 5, 'C': 5, 'A': 4, 'D': 1}","[0.88, 1.0]",4.38
94,"[2, 5]","[5, 5]","[0.75, 0.88]","[['B', 'D', 'C', 'A'], ['A', 'C', 'B', 'D']]","{'B': 5, 'C': 5, 'A': 4, 'D': 1}","[0.88, 1.0]",4.38
94,"[2, 5]","[5, 5]","[0.75, 0.88]","[['B', 'D', 'C', 'A'], ['B', 'A', 'C', 'D']]","{'B': 5, 'C': 5, 'A': 4, 'D': 1}","[0.88, 1.0]",4.38
94,"[2, 5]","[5, 5]","[0.75, 0.88]","[['B', 'D', 'C', 'A'], ['B', 'C', 'A', 'D']]","{'B': 5, 'C': 5, 'A': 4, 'D': 1}","[0.88, 1.0]",4.38
94,"[2, 5]","[5, 5]","[0.75, 0.88]","[['B', 'D', 'C', 'A'], ['B', 'C', 'D', 'A']]","{'B': 5, 'C': 5, 'A': 3, 'D': 2}","[0.88, 1.0]",4.38
94,"[2, 5]","[5, 5]","[0.75, 0.88]","[['B', 'D', 'C', 'A'], ['B', 'D', 'C', 'A']]","{'B': 5, 'C': 5, 'A': 3, 'D': 2}","[0.88, 1.0]",4.38
94,"[2, 5]","[5, 5]","[0.75, 0.88]","[['B', 'D', 'C', 'A'], ['C', 'A', 'B', 'D']]","{'B': 5, 'C': 5, 'A': 4, 'D': 1}","[0.88, 1.0]",4.38
94,"[2, 5]","[5, 5]","[0.75, 0.88]","[['B', 'D', 'C', 'A'], ['C', 'B', 'A', 'D']]","{'B': 5, 'C': 5, 'A': 4, 'D': 1}","[0.88, 1.0]",4.38
94,"[2, 5]","[5, 5]","[0.75, 0.88]","[['B', 'D', 'C', 'A'], ['C', 'B', 'D', 'A']]","{'B': 5, 'C': 5, 'A': 3, 'D': 2}","[0.88, 1.0]",4.38
94,"[2, 5]","[5, 5]","[0.75, 0.88]","[['B', 'D', 'C', 'A'], ['C', 'D', 'B', 'A']]","{'B': 5, 'C': 5, 'A': 3, 'D': 2}","[0.88, 1.0]",4.38
94,"[2, 5]","[5, 5]","[0.75, 0.88]","[['B', 'D', 'C', 'A'], ['D', 'B', 'C', 'A']]","{'B': 5, 'C': 5, 'A': 3, 'D': 2}","[0.88, 1.0]",4.38
94,"[2, 5]","[5, 5]","[0.75, 0.88]","[['B', 'D', 'C', 'A'], ['D', 'C', 'B', 'A']]","{'B': 5, 'C': 5, 'A': 3, 'D': 2}","[0.88, 1.0]",4.38
94,"[2, 5]","[5, 5]","[0.75, 0.88]","[['C', 'A', 'B', 'D'], ['B', 'C', 'D', 'A']]","{'B': 5, 'C': 5, 'A': 4, 'D': 1}","[0.88, 1.0]",4.38
94,"[2, 5]","[5, 5]","[0.75, 0.88]","[['C', 'A', 'B', 'D'], ['B', 'D', 'C', 'A']]","{'B': 5, 'C': 5, 'A': 4, 'D': 1}","[0.88, 1.0]",4.38
94,"[2, 5]","[5, 5]","[0.75, 0.88]","[['C', 'A', 'B', 'D'], ['C', 'B', 'D', 'A']]","{'B': 5, 'C': 5, 'A': 4, 'D': 1}","[0.88, 1.0]",4.38
94,"[2, 5]","[5, 5]","[0.75, 0.88]","[['C', 'A', 'B', 'D'], ['C', 'D', 'B', 'A']]","{'B': 5, 'C': 5, 'A': 4, 'D': 1}","[0.88, 1.0]",4.38
94,"[2, 5]","[5, 5]","[0.75, 0.88]","[['C', 'A', 'B', 'D'], ['D', 'B', 'C', 'A']]","{'B': 5, 'C': 5, 'A': 4, 'D': 1}","[0.88, 1.0]",4.38
94,"[2, 5]","[5, 5]","[0.75, 0.88]","[['C', 'A', 'B', 'D'], ['D', 'C', 'B', 'A']]","{'B': 5, 'C': 5, 'A': 4, 'D': 1}","[0.88, 1.0]",4.38
94,"[2, 5]","[5, 5]","[0.75, 0.88]","[['C', 'B', 'A', 'D'], ['B', 'C', 'D', 'A']]","{'B': 5, 'C': 5, 'A': 4, 'D': 1}","[0.88, 1.0]",4.38
94,"[2, 5]","[5, 5]","[0.75, 0.88]","[['C', 'B', 'A', 'D'], ['B', 'D', 'C', 'A']]","{'B': 5, 'C': 5, 'A': 4, 'D': 1}","[0.88, 1.0]",4.38
94,"[2, 5]","[5, 5]","[0.75, 0.88]","[['C', 'B', 'A', 'D'], ['C', 'B', 'D', 'A']]","{'B': 5, 'C': 5, 'A': 4, 'D': 1}","[0.88, 1.0]",4.38
94,"[2, 5]","[5, 5]","[0.75, 0.88]","[['C', 'B', 'A', 'D'], ['C', 'D', 'B', 'A']]","{'B': 5, 'C': 5, 'A': 4, 'D': 1}","[0.88, 1.0]",4.38
94,"[2, 5]","[5, 5]","[0.75, 0.88]","[['C', 'B', 'A', 'D'], ['D', 'B', 'C', 'A']]","{'B': 5, 'C': 5, 'A': 4, 'D': 1}","[0.88, 1.0]",4.38
94,"[2, 5]","[5, 5]","[0.75, 0.88]","[['C', 'B', 'A', 'D'], ['D', 'C', 'B', 'A']]","{'B': 5, 'C': 5, 'A': 4, 'D': 1}","[0.88, 1.0]",4.38
94,"[2, 5]","[5, 5]","[0.75, 0.88]","[['C', 'B', 'D', 'A'], ['A', 'B', 'C', 'D']]","{'B': 5, 'C': 5, 'A': 4, 'D': 1}","[0.88, 1.0]",4.38
94,"[2, 5]","[5, 5]","[0.75, 0.88]","[['C', 'B', 'D', 'A'], ['A', 'C', 'B', 'D']]","{'B': 5, 'C': 5, 'A': 4, 'D': 1}","[0.88, 1.0]",4.38
94,"[2, 5]","[5, 5]","[0.75, 0.88]","[['C', 'B', 'D', 'A'], ['B', 'A', 'C', 'D']]","{'B': 5, 'C': 5, 'A': 4, 'D': 1}","[0.88, 1.0]",4.38
94,"[2, 5]","[5, 5]","[0.75, 0.88]","[['C', 'B', 'D', 'A'], ['B', 'C', 'A', 'D']]","{'B': 5, 'C': 5, 'A': 4, 'D': 1}","[0.88, 1.0]",4.38
94,"[2, 5]","[5, 5]","[0.75, 0.88]","[['C', 'B', 'D', 'A'], ['B', 'C', 'D', 'A']]","{'B': 5, 'C': 5, 'A': 3, 'D': 2}","[0.88, 1.0]",4.38
94,"[2, 5]","[5, 5]","[0.75, 0.88]","[['C', 'B', 'D', 'A'], ['B', 'D', 'C', 'A']]","{'B': 5, 'C': 5, 'A': 3, 'D': 2}","[0.88, 1.0]",4.38
94,"[2, 5]","[5, 5]","[0.75, 0.88]","[['C', 'B', 'D', 'A'], ['C', 'A', 'B', 'D']]","{'B': 5, 'C': 5, 'A': 4, 'D': 1}","[0.88, 1.0]",4.38
94,"[2, 5]","[5, 5]","[0.75, 0.88]","[['C', 'B', 'D', 'A'], ['C', 'B', 'A', 'D']]","{'B': 5, 'C': 5, 'A': 4, 'D': 1}","[0.88, 1.0]",4.38
94,"[2, 5]","[5, 5]","[0.75, 0.88]","[['C', 'B', 'D', 'A'], ['C', 'B', 'D', 'A']]","{'B': 5, 'C': 5, 'A': 3, 'D': 2}","[0.88, 1.0]",4.38
94,"[2, 5]","[5, 5]","[0.75, 0.88]","[['C', 'B', 'D', 'A'], ['C', 'D', 'B', 'A']]","{'B': 5, 'C': 5, 'A': 3, 'D': 2}","[0.88, 1.0]",4.38
94,"[2, 5]","[5, 5]","[0.75, 0.88]","[['C', 'B', 'D', 'A'], ['D', 'B', 'C', 'A']]","{'B': 5, 'C': 5, 'A': 3, 'D': 2}","[0.88, 1.0]",4.38
94,"[2, 5]","[5, 5]","[0.75, 0.88]","[['C', 'B', 'D', 'A'], ['D', 'C', 'B', 'A']]","{'B': 5, 'C': 5, 'A': 3, 'D': 2}","[0.88, 1.0]",4.38
94,"[2, 5]","[5, 5]","[0.75, 0.88]","[['C', 'D', 'B', 'A'], ['A', 'B', 'C', 'D']]","{'B': 5, 'C': 5, 'A': 4, 'D': 1}","[0.88, 1.0]",4.38
94,"[2, 5]","[5, 5]","[0.75, 0.88]","[['C', 'D', 'B', 'A'], ['A', 'C', 'B', 'D']]","{'B': 5, 'C': 5, 'A': 4, 'D': 1}","[0.88, 1.0]",4.38
94,"[2, 5]","[5, 5]","[0.75, 0.88]","[['C', 'D', 'B', 'A'], ['B', 'A', 'C', 'D']]","{'B': 5, 'C': 5, 'A': 4, 'D': 1}","[0.88, 1.0]",4.38
94,"[2, 5]","[5, 5]","[0.75, 0.88]","[['C', 'D', 'B', 'A'], ['B', 'C', 'A', 'D']]","{'B': 5, 'C': 5, 'A': 4, 'D': 1}","[0.88, 1.0]",4.38
94,"[2, 5]","[5, 5]","[0.75, 0.88]","[['C', 'D', 'B', 'A'], ['B', 'C', 'D', 'A']]","{'B': 5, 'C': 5, 'A': 3, 'D': 2}","[0.88, 1.0]",4.38
94,"[2, 5]","[5, 5]","[0.75, 0.88]","[['C', 'D', 'B', 'A'], ['B', 'D', 'C', 'A']]","{'B': 5, 'C': 5, 'A': 3, 'D': 2}","[0.88, 1.0]",4.38
94,"[2, 5]","[5, 5]","[0.75, 0.88]","[['C', 'D', 'B', 'A'], ['C', 'A', 'B', 'D']]","{'B': 5, 'C': 5, 'A': 4, 'D': 1}","[0.88, 1.0]",4.38
94,"[2, 5]","[5, 5]","[0.75, 0.88]","[['C', 'D', 'B', 'A'], ['C', 'B', 'A', 'D']]","{'B': 5, 'C': 5, 'A': 4, 'D': 1}","[0.88, 1.0]",4.38
94,"[2, 5]","[5, 5]","[0.75, 0.88]","[['C', 'D', 'B', 'A'], ['C', 'B', 'D', 'A']]","{'B': 5, 'C': 5, 'A': 3, 'D': 2}","[0.88, 1.0]",4.38
94,"[2, 5]","[5, 5]","[0.75, 0.88]","[['C', 'D', 'B', 'A'], ['C', 'D', 'B', 'A']]","{'B': 5, 'C': 5, 'A': 3, 'D': 2}","[0.88, 1.0]",4.38
94,"[2, 5]","[5, 5]","[0.75, 0.88]","[['C', 'D', 'B', 'A'], ['D', 'B', 'C', 'A']]","{'B': 5, 'C': 5, 'A': 3, 'D': 2}","[0.88, 1.0]",4.38
94,"[2, 5]","[5, 5]","[0.75, 0.88]","[['C', 'D', 'B', 'A'], ['D', 'C', 'B', 'A']]","{'B': 5, 'C': 5, 'A': 3, 'D': 2}","[0.88, 1.0]",4.38
94,"[2, 5]","[5, 5]","[0.75, 0.88]","[['D', 'B', 'C', 'A'], ['A', 'B', 'C', 'D']]","{'B': 5, 'C': 5, 'A': 4, 'D': 1}","[0.88, 1.0]",4.38
94,"[2, 5]","[5, 5]","[0.75, 0.88]","[['D', 'B', 'C', 'A'], ['A', 'C', 'B', 'D']]","{'B': 5, 'C': 5, 'A': 4, 'D': 1}","[0.88, 1.0]",4.38
94,"[2, 5]","[5, 5]","[0.75, 0.88]","[['D', 'B', 'C', 'A'], ['B', 'A', 'C', 'D']]","{'B': 5, 'C': 5, 'A': 4, 'D': 1}","[0.88, 1.0]",4.38
94,"[2, 5]","[5, 5]","[0.75, 0.88]","[['D', 'B', 'C', 'A'], ['B', 'C', 'A', 'D']]","{'B': 5, 'C': 5, 'A': 4, 'D': 1}","[0.88, 1.0]",4.38
94,"[2, 5]","[5, 5]","[0.75, 0.88]","[['D', 'B', 'C', 'A'], ['B', 'C', 'D', 'A']]","{'B': 5, 'C': 5, 'A': 3, 'D': 2}","[0.88, 1.0]",4.38
94,"[2, 5]","[5, 5]","[0.75, 0.88]","[['D', 'B', 'C', 'A'], ['B', 'D', 'C', 'A']]","{'B': 5, 'C': 5, 'A': 3, 'D': 2}","[0.88, 1.0]",4.38
94,"[2, 5]","[5, 5]","[0.75, 0.88]","[['D', 'B', 'C', 'A'], ['C', 'A', 'B', 'D']]","{'B': 5, 'C': 5, 'A': 4, 'D': 1}","[0.88, 1.0]",4.38
94,"[2, 5]","[5, 5]","[0.75, 0.88]","[['D', 'B', 'C', 'A'], ['C', 'B', 'A', 'D']]","{'B': 5, 'C': 5, 'A': 4, 'D': 1}","[0.88, 1.0]",4.38
94,"[2, 5]","[5, 5]","[0.75, 0.88]","[['D', 'B', 'C', 'A'], ['C', 'B', 'D', 'A']]","{'B': 5, 'C': 5, 'A': 3, 'D': 2}","[0.88, 1.0]",4.38
94,"[2, 5]","[5, 5]","[0.75, 0.88]","[['D', 'B', 'C', 'A'], ['C', 'D', 'B', 'A']]","{'B': 5, 'C': 5, 'A': 3, 'D': 2}","[0.88, 1.0]",4.38
94,"[2, 5]","[5, 5]","[0.75, 0.88]","[['D', 'B', 'C', 'A'], ['D', 'B', 'C', 'A']]","{'B': 5, 'C': 5, 'A': 3, 'D': 2}","[0.88, 1.0]",4.38
94,"[2, 5]","[5, 5]","[0.75, 0.88]","[['D', 'B', 'C', 'A'], ['D', 'C', 'B', 'A']]","{'B': 5, 'C': 5, 'A': 3, 'D': 2}","[0.88, 1.0]",4.38
94,"[2, 5]","[5, 5]","[0.75, 0.88]","[['D', 'C', 'B', 'A'], ['A', 'B', 'C', 'D']]","{'B': 5, 'C': 5, 'A': 4, 'D': 1}","[0.88, 1.0]",4.38
94,"[2, 5]","[5, 5]","[0.75, 0.88]","[['D', 'C', 'B', 'A'], ['A', 'C', 'B', 'D']]","{'B': 5, 'C': 5, 'A': 4, 'D': 1}","[0.88, 1.0]",4.38
94,"[2, 5]","[5, 5]","[0.75, 0.88]","[['D', 'C', 'B', 'A'], ['B', 'A', 'C', 'D']]","{'B': 5, 'C': 5, 'A': 4, 'D': 1}","[0.88, 1.0]",4.38
94,"[2, 5]","[5, 5]","[0.75, 0.88]","[['D', 'C', 'B', 'A'], ['B', 'C', 'A', 'D']]","{'B': 5, 'C': 5, 'A': 4, 'D': 1}","[0.88, 1.0]",4.38
94,"[2, 5]","[5, 5]","[0.75, 0.88]","[['D', 'C', 'B', 'A'], ['B', 'C', 'D', 'A']]","{'B': 5, 'C': 5, 'A': 3, 'D': 2}","[0.88, 1.0]",4.38
94,"[2, 5]","[5, 5]","[0.75, 0.88]","[['D', 'C', 'B', 'A'], ['B', 'D', 'C', 'A']]","{'B': 5, 'C': 5, 'A': 3, 'D': 2}","[0.88, 1.0]",4.38
94,"[2, 5]","[5, 5]","[0.75, 0.88]","[['D', 'C', 'B', 'A'], ['C', 'A', 'B', 'D']]","{'B': 5, 'C': 5, 'A': 4, 'D': 1}","[0.88, 1.0]",4.38
94,"[2, 5]","[5, 5]","[0.75, 0.88]","[['D', 'C', 'B', 'A'], ['C', 'B', 'A', 'D']]","{'B': 5, 'C': 5, 'A': 4, 'D': 1}","[0.88, 1.0]",4.38
94,"[2, 5]","[5, 5]","[0.75, 0.88]","[['D', 'C', 'B', 'A'], ['C', 'B', 'D', 'A']]","{'B': 5, 'C': 5, 'A': 3, 'D': 2}","[0.88, 1.0]",4.38
94,"[2, 5]","[5, 5]","[0.75, 0.88]","[['D', 'C', 'B', 'A'], ['C', 'D', 'B', 'A']]","{'B': 5, 'C': 5, 'A': 3, 'D': 2}","[0.88, 1.0]",4.38
94,"[2, 5]","[5, 5]","[0.75, 0.88]","[['D', 'C', 'B', 'A'], ['D', 'B', 'C', 'A']]","{'B': 5, 'C': 5, 'A': 3, 'D': 2}","[0.88, 1.0]",4.38
94,"[2, 5]","[5, 5]","[0.75, 0.88]","[['D', 'C', 'B', 'A'], ['D', 'C', 'B', 'A']]","{'B': 5, 'C': 5, 'A': 3, 'D': 2}","[0.88, 1.0]",4.38
94,"[1, 2, 5]","[5, 5, 5]","[0.88, 0.75, 0.88]","[['A', 'B', 'C', 'D'], ['A', 'B', 'C', 'D'], ['B', 'C', 'D', 'A']]","{'B': 5, 'C': 5, 'A': 4, 'D': 1}","[1.0, 0.88, 1.0]",4.38
94,"[1, 2, 5]","[5, 5, 5]","[0.88, 0.75, 0.88]","[['A', 'B', 'C', 'D'], ['A', 'B', 'C', 'D'], ['B', 'D', 'C', 'A']]","{'B': 5, 'C': 5, 'A': 4, 'D': 1}","[1.0, 0.88, 1.0]",4.38
94,"[1, 2, 5]","[5, 5, 5]","[0.88, 0.75, 0.88]","[['A', 'B', 'C', 'D'], ['A', 'B', 'C', 'D'], ['C', 'B', 'D', 'A']]","{'B': 5, 'C': 5, 'A': 4, 'D': 1}","[1.0, 0.88, 1.0]",4.38
94,"[1, 2, 5]","[5, 5, 5]","[0.88, 0.75, 0.88]","[['A', 'B', 'C', 'D'], ['A', 'B', 'C', 'D'], ['C', 'D', 'B', 'A']]","{'B': 5, 'C': 5, 'A': 4, 'D': 1}","[1.0, 0.88, 1.0]",4.38
94,"[1, 2, 5]","[5, 5, 5]","[0.88, 0.75, 0.88]","[['A', 'B', 'C', 'D'], ['A', 'B', 'C', 'D'], ['D', 'B', 'C', 'A']]","{'B': 5, 'C': 5, 'A': 4, 'D': 1}","[1.0, 0.88, 1.0]",4.38
94,"[1, 2, 5]","[5, 5, 5]","[0.88, 0.75, 0.88]","[['A', 'B', 'C', 'D'], ['A', 'B', 'C', 'D'], ['D', 'C', 'B', 'A']]","{'B': 5, 'C': 5, 'A': 4, 'D': 1}","[1.0, 0.88, 1.0]",4.38
94,"[1, 2, 5]","[5, 5, 5]","[0.88, 0.75, 0.88]","[['A', 'B', 'C', 'D'], ['A', 'C', 'B', 'D'], ['B', 'C', 'D', 'A']]","{'B': 5, 'C': 5, 'A': 4, 'D': 1}","[1.0, 0.88, 1.0]",4.38
94,"[1, 2, 5]","[5, 5, 5]","[0.88, 0.75, 0.88]","[['A', 'B', 'C', 'D'], ['A', 'C', 'B', 'D'], ['B', 'D', 'C', 'A']]","{'B': 5, 'C': 5, 'A': 4, 'D': 1}","[1.0, 0.88, 1.0]",4.38
94,"[1, 2, 5]","[5, 5, 5]","[0.88, 0.75, 0.88]","[['A', 'B', 'C', 'D'], ['A', 'C', 'B', 'D'], ['C', 'B', 'D', 'A']]","{'B': 5, 'C': 5, 'A': 4, 'D': 1}","[1.0, 0.88, 1.0]",4.38
94,"[1, 2, 5]","[5, 5, 5]","[0.88, 0.75, 0.88]","[['A', 'B', 'C', 'D'], ['A', 'C', 'B', 'D'], ['C', 'D', 'B', 'A']]","{'B': 5, 'C': 5, 'A': 4, 'D': 1}","[1.0, 0.88, 1.0]",4.38
94,"[1, 2, 5]","[5, 5, 5]","[0.88, 0.75, 0.88]","[['A', 'B', 'C', 'D'], ['A', 'C', 'B', 'D'], ['D', 'B', 'C', 'A']]","{'B': 5, 'C': 5, 'A': 4, 'D': 1}","[1.0, 0.88, 1.0]",4.38
94,"[1, 2, 5]","[5, 5, 5]","[0.88, 0.75, 0.88]","[['A', 'B', 'C', 'D'], ['A', 'C', 'B', 'D'], ['D', 'C', 'B', 'A']]","{'B': 5, 'C': 5, 'A': 4, 'D': 1}","[1.0, 0.88, 1.0]",4.38
94,"[1, 2, 5]","[5, 5, 5]","[0.88, 0.75, 0.88]","[['A', 'B', 'C', 'D'], ['B', 'A', 'C', 'D'], ['B', 'C', 'D', 'A']]","{'B': 5, 'C': 5, 'A': 4, 'D': 1}","[1.0, 0.88, 1.0]",4.38
94,"[1, 2, 5]","[5, 5, 5]","[0.88, 0.75, 0.88]","[['A', 'B', 'C', 'D'], ['B', 'A', 'C', 'D'], ['B', 'D', 'C', 'A']]","{'B': 5, 'C': 5, 'A': 4, 'D': 1}","[1.0, 0.88, 1.0]",4.38
94,"[1, 2, 5]","[5, 5, 5]","[0.88, 0.75, 0.88]","[['A', 'B', 'C', 'D'], ['B', 'A', 'C', 'D'], ['C', 'B', 'D', 'A']]","{'B': 5, 'C': 5, 'A': 4, 'D': 1}","[1.0, 0.88, 1.0]",4.38
94,"[1, 2, 5]","[5, 5, 5]","[0.88, 0.75, 0.88]","[['A', 'B', 'C', 'D'], ['B', 'A', 'C', 'D'], ['C', 'D', 'B', 'A']]","{'B': 5, 'C': 5, 'A': 4, 'D': 1}","[1.0, 0.88, 1.0]",4.38
94,"[1, 2, 5]","[5, 5, 5]","[0.88, 0.75, 0.88]","[['A', 'B', 'C', 'D'], ['B', 'A', 'C', 'D'], ['D', 'B', 'C', 'A']]","{'B': 5, 'C': 5, 'A': 4, 'D': 1}","[1.0, 0.88, 1.0]",4.38
94,"[1, 2, 5]","[5, 5, 5]","[0.88, 0.75, 0.88]","[['A', 'B', 'C', 'D'], ['B', 'A', 'C', 'D'], ['D', 'C', 'B', 'A']]","{'B': 5, 'C': 5, 'A': 4, 'D': 1}","[1.0, 0.88, 1.0]",4.38
94,"[1, 2, 5]","[5, 5, 5]","[0.88, 0.75, 0.88]","[['A', 'B', 'C', 'D'], ['B', 'C', 'A', 'D'], ['B', 'C', 'D', 'A']]","{'B': 5, 'C': 5, 'A': 4, 'D': 1}","[1.0, 0.88, 1.0]",4.38
94,"[1, 2, 5]","[5, 5, 5]","[0.88, 0.75, 0.88]","[['A', 'B', 'C', 'D'], ['B', 'C', 'A', 'D'], ['B', 'D', 'C', 'A']]","{'B': 5, 'C': 5, 'A': 4, 'D': 1}","[1.0, 0.88, 1.0]",4.38
94,"[1, 2, 5]","[5, 5, 5]","[0.88, 0.75, 0.88]","[['A', 'B', 'C', 'D'], ['B', 'C', 'A', 'D'], ['C', 'B', 'D', 'A']]","{'B': 5, 'C': 5, 'A': 4, 'D': 1}","[1.0, 0.88, 1.0]",4.38
94,"[1, 2, 5]","[5, 5, 5]","[0.88, 0.75, 0.88]","[['A', 'B', 'C', 'D'], ['B', 'C', 'A', 'D'], ['C', 'D', 'B', 'A']]","{'B': 5, 'C': 5, 'A': 4, 'D': 1}","[1.0, 0.88, 1.0]",4.38
94,"[1, 2, 5]","[5, 5, 5]","[0.88, 0.75, 0.88]","[['A', 'B', 'C', 'D'], ['B', 'C', 'A', 'D'], ['D', 'B', 'C', 'A']]","{'B': 5, 'C': 5, 'A': 4, 'D': 1}","[1.0, 0.88, 1.0]",4.38
94,"[1, 2, 5]","[5, 5, 5]","[0.88, 0.75, 0.88]","[['A', 'B', 'C', 'D'], ['B', 'C', 'A', 'D'], ['D', 'C', 'B', 'A']]","{'B': 5, 'C': 5, 'A': 4, 'D': 1}","[1.0, 0.88, 1.0]",4.38
94,"[1, 2, 5]","[5, 5, 5]","[0.88, 0.75, 0.88]","[['A', 'B', 'C', 'D'], ['B', 'C', 'D', 'A'], ['A', 'B', 'C', 'D']]","{'B': 5, 'C': 5, 'A': 4, 'D': 1}","[1.0, 0.88, 1.0]",4.38
94,"[1, 2, 5]","[5, 5, 5]","[0.88, 0.75, 0.88]","[['A', 'B', 'C', 'D'], ['B', 'C', 'D', 'A'], ['A', 'C', 'B', 'D']]","{'B': 5, 'C': 5, 'A': 4, 'D': 1}","[1.0, 0.88, 1.0]",4.38
94,"[1, 2, 5]","[5, 5, 5]","[0.88, 0.75, 0.88]","[['A', 'B', 'C', 'D'], ['B', 'C', 'D', 'A'], ['B', 'A', 'C', 'D']]","{'B': 5, 'C': 5, 'A': 4, 'D': 1}","[1.0, 0.88, 1.0]",4.38
94,"[1, 2, 5]","[5, 5, 5]","[0.88, 0.75, 0.88]","[['A', 'B', 'C', 'D'], ['B', 'C', 'D', 'A'], ['B', 'C', 'A', 'D']]","{'B': 5, 'C': 5, 'A': 4, 'D': 1}","[1.0, 0.88, 1.0]",4.38
94,"[1, 2, 5]","[5, 5, 5]","[0.88, 0.75, 0.88]","[['A', 'B', 'C', 'D'], ['B', 'C', 'D', 'A'], ['B', 'C', 'D', 'A']]","{'B': 5, 'C': 5, 'A': 3, 'D': 2}","[1.0, 0.88, 1.0]",4.38
94,"[1, 2, 5]","[5, 5, 5]","[0.88, 0.75, 0.88]","[['A', 'B', 'C', 'D'], ['B', 'C', 'D', 'A'], ['B', 'D', 'C', 'A']]","{'B': 5, 'C': 5, 'A': 3, 'D': 2}","[1.0, 0.88, 1.0]",4.38
94,"[1, 2, 5]","[5, 5, 5]","[0.88, 0.75, 0.88]","[['A', 'B', 'C', 'D'], ['B', 'C', 'D', 'A'], ['C', 'A', 'B', 'D']]","{'B': 5, 'C': 5, 'A': 4, 'D': 1}","[1.0, 0.88, 1.0]",4.38
94,"[1, 2, 5]","[5, 5, 5]","[0.88, 0.75, 0.88]","[['A', 'B', 'C', 'D'], ['B', 'C', 'D', 'A'], ['C', 'B', 'A', 'D']]","{'B': 5, 'C': 5, 'A': 4, 'D': 1}","[1.0, 0.88, 1.0]",4.38
94,"[1, 2, 5]","[5, 5, 5]","[0.88, 0.75, 0.88]","[['A', 'B', 'C', 'D'], ['B', 'C', 'D', 'A'], ['C', 'B', 'D', 'A']]","{'B': 5, 'C': 5, 'A': 3, 'D': 2}","[1.0, 0.88, 1.0]",4.38
94,"[1, 2, 5]","[5, 5, 5]","[0.88, 0.75, 0.88]","[['A', 'B', 'C', 'D'], ['B', 'C', 'D', 'A'], ['C', 'D', 'B', 'A']]","{'B': 5, 'C': 5, 'A': 3, 'D': 2}","[1.0, 0.88, 1.0]",4.38
94,"[1, 2, 5]","[5, 5, 5]","[0.88, 0.75, 0.88]","[['A', 'B', 'C', 'D'], ['B', 'C', 'D', 'A'], ['D', 'B', 'C', 'A']]","{'B': 5, 'C': 5, 'A': 3, 'D': 2}","[1.0, 0.88, 1.0]",4.38
94,"[1, 2, 5]","[5, 5, 5]","[0.88, 0.75, 0.88]","[['A', 'B', 'C', 'D'], ['B', 'C', 'D', 'A'], ['D', 'C', 'B', 'A']]","{'B': 5, 'C': 5, 'A': 3, 'D': 2}","[1.0, 0.88, 1.0]",4.38
94,"[1, 2, 5]","[5, 5, 5]","[0.88, 0.75, 0.88]","[['A', 'B', 'C', 'D'], ['B', 'D', 'C', 'A'], ['A', 'B', 'C', 'D']]","{'B': 5, 'C': 5, 'A': 4, 'D': 1}","[1.0, 0.88, 1.0]",4.38
94,"[1, 2, 5]","[5, 5, 5]","[0.88, 0.75, 0.88]","[['A', 'B', 'C', 'D'], ['B', 'D', 'C', 'A'], ['A', 'C', 'B', 'D']]","{'B': 5, 'C': 5, 'A': 4, 'D': 1}","[1.0, 0.88, 1.0]",4.38
94,"[1, 2, 5]","[5, 5, 5]","[0.88, 0.75, 0.88]","[['A', 'B', 'C', 'D'], ['B', 'D', 'C', 'A'], ['B', 'A', 'C', 'D']]","{'B': 5, 'C': 5, 'A': 4, 'D': 1}","[1.0, 0.88, 1.0]",4.38
94,"[1, 2, 5]","[5, 5, 5]","[0.88, 0.75, 0.88]","[['A', 'B', 'C', 'D'], ['B', 'D', 'C', 'A'], ['B', 'C', 'A', 'D']]","{'B': 5, 'C': 5, 'A': 4, 'D': 1}","[1.0, 0.88, 1.0]",4.38
94,"[1, 2, 5]","[5, 5, 5]","[0.88, 0.75, 0.88]","[['A', 'B', 'C', 'D'], ['B', 'D', 'C', 'A'], ['B', 'C', 'D', 'A']]","{'B': 5, 'C': 5, 'A': 3, 'D': 2}","[1.0, 0.88, 1.0]",4.38
94,"[1, 2, 5]","[5, 5, 5]","[0.88, 0.75, 0.88]","[['A', 'B', 'C', 'D'], ['B', 'D', 'C', 'A'], ['B', 'D', 'C', 'A']]","{'B': 5, 'C': 5, 'A': 3, 'D': 2}","[1.0, 0.88, 1.0]",4.38
94,"[1, 2, 5]","[5, 5, 5]","[0.88, 0.75, 0.88]","[['A', 'B', 'C', 'D'], ['B', 'D', 'C', 'A'], ['C', 'A', 'B', 'D']]","{'B': 5, 'C': 5, 'A': 4, 'D': 1}","[1.0, 0.88, 1.0]",4.38
94,"[1, 2, 5]","[5, 5, 5]","[0.88, 0.75, 0.88]","[['A', 'B', 'C', 'D'], ['B', 'D', 'C', 'A'], ['C', 'B', 'A', 'D']]","{'B': 5, 'C': 5, 'A': 4, 'D': 1}","[1.0, 0.88, 1.0]",4.38
94,"[1, 2, 5]","[5, 5, 5]","[0.88, 0.75, 0.88]","[['A', 'B', 'C', 'D'], ['B', 'D', 'C', 'A'], ['C', 'B', 'D', 'A']]","{'B': 5, 'C': 5, 'A': 3, 'D': 2}","[1.0, 0.88, 1.0]",4.38
94,"[1, 2, 5]","[5, 5, 5]","[0.88, 0.75, 0.88]","[['A', 'B', 'C', 'D'], ['B', 'D', 'C', 'A'], ['C', 'D', 'B', 'A']]","{'B': 5, 'C': 5, 'A': 3, 'D': 2}","[1.0, 0.88, 1.0]",4.38
94,"[1, 2, 5]","[5, 5, 5]","[0.88, 0.75, 0.88]","[['A', 'B', 'C', 'D'], ['B', 'D', 'C', 'A'], ['D', 'B', 'C', 'A']]","{'B': 5, 'C': 5, 'A': 3, 'D': 2}","[1.0, 0.88, 1.0]",4.38
94,"[1, 2, 5]","[5, 5, 5]","[0.88, 0.75, 0.88]","[['A', 'B', 'C', 'D'], ['B', 'D', 'C', 'A'], ['D', 'C', 'B', 'A']]","{'B': 5, 'C': 5, 'A': 3, 'D': 2}","[1.0, 0.88, 1.0]",4.38
94,"[1, 2, 5]","[5, 5, 5]","[0.88, 0.75, 0.88]","[['A', 'B', 'C', 'D'], ['C', 'A', 'B', 'D'], ['B', 'C', 'D', 'A']]","{'B': 5, 'C': 5, 'A': 4, 'D': 1}","[1.0, 0.88, 1.0]",4.38
94,"[1, 2, 5]","[5, 5, 5]","[0.88, 0.75, 0.88]","[['A', 'B', 'C', 'D'], ['C', 'A', 'B', 'D'], ['B', 'D', 'C', 'A']]","{'B': 5, 'C': 5, 'A': 4, 'D': 1}","[1.0, 0.88, 1.0]",4.38
94,"[1, 2, 5]","[5, 5, 5]","[0.88, 0.75, 0.88]","[['A', 'B', 'C', 'D'], ['C', 'A', 'B', 'D'], ['C', 'B', 'D', 'A']]","{'B': 5, 'C': 5, 'A': 4, 'D': 1}","[1.0, 0.88, 1.0]",4.38
94,"[1, 2, 5]","[5, 5, 5]","[0.88, 0.75, 0.88]","[['A', 'B', 'C', 'D'], ['C', 'A', 'B', 'D'], ['C', 'D', 'B', 'A']]","{'B': 5, 'C': 5, 'A': 4, 'D': 1}","[1.0, 0.88, 1.0]",4.38
94,"[1, 2, 5]","[5, 5, 5]","[0.88, 0.75, 0.88]","[['A', 'B', 'C', 'D'], ['C', 'A', 'B', 'D'], ['D', 'B', 'C', 'A']]","{'B': 5, 'C': 5, 'A': 4, 'D': 1}","[1.0, 0.88, 1.0]",4.38
94,"[1, 2, 5]","[5, 5, 5]","[0.88, 0.75, 0.88]","[['A', 'B', 'C', 'D'], ['C', 'A', 'B', 'D'], ['D', 'C', 'B', 'A']]","{'B': 5, 'C': 5, 'A': 4, 'D': 1}","[1.0, 0.88, 1.0]",4.38
94,"[1, 2, 5]","[5, 5, 5]","[0.88, 0.75, 0.88]","[['A', 'B', 'C', 'D'], ['C', 'B', 'A', 'D'], ['B', 'C', 'D', 'A']]","{'B': 5, 'C': 5, 'A': 4, 'D': 1}","[1.0, 0.88, 1.0]",4.38
94,"[1, 2, 5]","[5, 5, 5]","[0.88, 0.75, 0.88]","[['A', 'B', 'C', 'D'], ['C', 'B', 'A', 'D'], ['B', 'D', 'C', 'A']]","{'B': 5, 'C': 5, 'A': 4, 'D': 1}","[1.0, 0.88, 1.0]",4.38
94,"[1, 2, 5]","[5, 5, 5]","[0.88, 0.75, 0.88]","[['A', 'B', 'C', 'D'], ['C', 'B', 'A', 'D'], ['C', 'B', 'D', 'A']]","{'B': 5, 'C': 5, 'A': 4, 'D': 1}","[1.0, 0.88, 1.0]",4.38
94,"[1, 2, 5]","[5, 5, 5]","[0.88, 0.75, 0.88]","[['A', 'B', 'C', 'D'], ['C', 'B', 'A', 'D'], ['C', 'D', 'B', 'A']]","{'B': 5, 'C': 5, 'A': 4, 'D': 1}","[1.0, 0.88, 1.0]",4.38
94,"[1, 2, 5]","[5, 5, 5]","[0.88, 0.75, 0.88]","[['A', 'B', 'C', 'D'], ['C', 'B', 'A', 'D'], ['D', 'B', 'C', 'A']]","{'B': 5, 'C': 5, 'A': 4, 'D': 1}","[1.0, 0.88, 1.0]",4.38
94,"[1, 2, 5]","[5, 5, 5]","[0.88, 0.75, 0.88]","[['A', 'B', 'C', 'D'], ['C', 'B', 'A', 'D'], ['D', 'C', 'B', 'A']]","{'B': 5, 'C': 5, 'A': 4, 'D': 1}","[1.0, 0.88, 1.0]",4.38
94,"[1, 2, 5]","[5, 5, 5]","[0.88, 0.75, 0.88]","[['A', 'B', 'C', 'D'], ['C', 'B', 'D', 'A'], ['A', 'B', 'C', 'D']]","{'B': 5, 'C': 5, 'A': 4, 'D': 1}","[1.0, 0.88, 1.0]",4.38
94,"[1, 2, 5]","[5, 5, 5]","[0.88, 0.75, 0.88]","[['A', 'B', 'C', 'D'], ['C', 'B', 'D', 'A'], ['A', 'C', 'B', 'D']]","{'B': 5, 'C': 5, 'A': 4, 'D': 1}","[1.0, 0.88, 1.0]",4.38
94,"[1, 2, 5]","[5, 5, 5]","[0.88, 0.75, 0.88]","[['A', 'B', 'C', 'D'], ['C', 'B', 'D', 'A'], ['B', 'A', 'C', 'D']]","{'B': 5, 'C': 5, 'A': 4, 'D': 1}","[1.0, 0.88, 1.0]",4.38
94,"[1, 2, 5]","[5, 5, 5]","[0.88, 0.75, 0.88]","[['A', 'B', 'C', 'D'], ['C', 'B', 'D', 'A'], ['B', 'C', 'A', 'D']]","{'B': 5, 'C': 5, 'A': 4, 'D': 1}","[1.0, 0.88, 1.0]",4.38
94,"[1, 2, 5]","[5, 5, 5]","[0.88, 0.75, 0.88]","[['A', 'B', 'C', 'D'], ['C', 'B', 'D', 'A'], ['B', 'C', 'D', 'A']]","{'B': 5, 'C': 5, 'A': 3, 'D': 2}","[1.0, 0.88, 1.0]",4.38
94,"[1, 2, 5]","[5, 5, 5]","[0.88, 0.75, 0.88]","[['A', 'B', 'C', 'D'], ['C', 'B', 'D', 'A'], ['B', 'D', 'C', 'A']]","{'B': 5, 'C': 5, 'A': 3, 'D': 2}","[1.0, 0.88, 1.0]",4.38
94,"[1, 2, 5]","[5, 5, 5]","[0.88, 0.75, 0.88]","[['A', 'B', 'C', 'D'], ['C', 'B', 'D', 'A'], ['C', 'A', 'B', 'D']]","{'B': 5, 'C': 5, 'A': 4, 'D': 1}","[1.0, 0.88, 1.0]",4.38
94,"[1, 2, 5]","[5, 5, 5]","[0.88, 0.75, 0.88]","[['A', 'B', 'C', 'D'], ['C', 'B', 'D', 'A'], ['C', 'B', 'A', 'D']]","{'B': 5, 'C': 5, 'A': 4, 'D': 1}","[1.0, 0.88, 1.0]",4.38
94,"[1, 2, 5]","[5, 5, 5]","[0.88, 0.75, 0.88]","[['A', 'B', 'C', 'D'], ['C', 'B', 'D', 'A'], ['C', 'B', 'D', 'A']]","{'B': 5, 'C': 5, 'A': 3, 'D': 2}","[1.0, 0.88, 1.0]",4.38
94,"[1, 2, 5]","[5, 5, 5]","[0.88, 0.75, 0.88]","[['A', 'B', 'C', 'D'], ['C', 'B', 'D', 'A'], ['C', 'D', 'B', 'A']]","{'B': 5, 'C': 5, 'A': 3, 'D': 2}","[1.0, 0.88, 1.0]",4.38
94,"[1, 2, 5]","[5, 5, 5]","[0.88, 0.75, 0.88]","[['A', 'B', 'C', 'D'], ['C', 'B', 'D', 'A'], ['D', 'B', 'C', 'A']]","{'B': 5, 'C': 5, 'A': 3, 'D': 2}","[1.0, 0.88, 1.0]",4.38
94,"[1, 2, 5]","[5, 5, 5]","[0.88, 0.75, 0.88]","[['A', 'B', 'C', 'D'], ['C', 'B', 'D', 'A'], ['D', 'C', 'B', 'A']]","{'B': 5, 'C': 5, 'A': 3, 'D': 2}","[1.0, 0.88, 1.0]",4.38
94,"[1, 2, 5]","[5, 5, 5]","[0.88, 0.75, 0.88]","[['A', 'B', 'C', 'D'], ['C', 'D', 'B', 'A'], ['A', 'B', 'C', 'D']]","{'B': 5, 'C': 5, 'A': 4, 'D': 1}","[1.0, 0.88, 1.0]",4.38
94,"[1, 2, 5]","[5, 5, 5]","[0.88, 0.75, 0.88]","[['A', 'B', 'C', 'D'], ['C', 'D', 'B', 'A'], ['A', 'C', 'B', 'D']]","{'B': 5, 'C': 5, 'A': 4, 'D': 1}","[1.0, 0.88, 1.0]",4.38
94,"[1, 2, 5]","[5, 5, 5]","[0.88, 0.75, 0.88]","[['A', 'B', 'C', 'D'], ['C', 'D', 'B', 'A'], ['B', 'A', 'C', 'D']]","{'B': 5, 'C': 5, 'A': 4, 'D': 1}","[1.0, 0.88, 1.0]",4.38
94,"[1, 2, 5]","[5, 5, 5]","[0.88, 0.75, 0.88]","[['A', 'B', 'C', 'D'], ['C', 'D', 'B', 'A'], ['B', 'C', 'A', 'D']]","{'B': 5, 'C': 5, 'A': 4, 'D': 1}","[1.0, 0.88, 1.0]",4.38
94,"[1, 2, 5]","[5, 5, 5]","[0.88, 0.75, 0.88]","[['A', 'B', 'C', 'D'], ['C', 'D', 'B', 'A'], ['B', 'C', 'D', 'A']]","{'B': 5, 'C': 5, 'A': 3, 'D': 2}","[1.0, 0.88, 1.0]",4.38
94,"[1, 2, 5]","[5, 5, 5]","[0.88, 0.75, 0.88]","[['A', 'B', 'C', 'D'], ['C', 'D', 'B', 'A'], ['B', 'D', 'C', 'A']]","{'B': 5, 'C': 5, 'A': 3, 'D': 2}","[1.0, 0.88, 1.0]",4.38
94,"[1, 2, 5]","[5, 5, 5]","[0.88, 0.75, 0.88]","[['A', 'B', 'C', 'D'], ['C', 'D', 'B', 'A'], ['C', 'A', 'B', 'D']]","{'B': 5, 'C': 5, 'A': 4, 'D': 1}","[1.0, 0.88, 1.0]",4.38
94,"[1, 2, 5]","[5, 5, 5]","[0.88, 0.75, 0.88]","[['A', 'B', 'C', 'D'], ['C', 'D', 'B', 'A'], ['C', 'B', 'A', 'D']]","{'B': 5, 'C': 5, 'A': 4, 'D': 1}","[1.0, 0.88, 1.0]",4.38
94,"[1, 2, 5]","[5, 5, 5]","[0.88, 0.75, 0.88]","[['A', 'B', 'C', 'D'], ['C', 'D', 'B', 'A'], ['C', 'B', 'D', 'A']]","{'B': 5, 'C': 5, 'A': 3, 'D': 2}","[1.0, 0.88, 1.0]",4.38
94,"[1, 2, 5]","[5, 5, 5]","[0.88, 0.75, 0.88]","[['A', 'B', 'C', 'D'], ['C', 'D', 'B', 'A'], ['C', 'D', 'B', 'A']]","{'B': 5, 'C': 5, 'A': 3, 'D': 2}","[1.0, 0.88, 1.0]",4.38
94,"[1, 2, 5]","[5, 5, 5]","[0.88, 0.75, 0.88]","[['A', 'B', 'C', 'D'], ['C', 'D', 'B', 'A'], ['D', 'B', 'C', 'A']]","{'B': 5, 'C': 5, 'A': 3, 'D': 2}","[1.0, 0.88, 1.0]",4.38
94,"[1, 2, 5]","[5, 5, 5]","[0.88, 0.75, 0.88]","[['A', 'B', 'C', 'D'], ['C', 'D', 'B', 'A'], ['D', 'C', 'B', 'A']]","{'B': 5, 'C': 5, 'A': 3, 'D': 2}","[1.0, 0.88, 1.0]",4.38
94,"[1, 2, 5]","[5, 5, 5]","[0.88, 0.75, 0.88]","[['A', 'B', 'C', 'D'], ['D', 'B', 'C', 'A'], ['A', 'B', 'C', 'D']]","{'B': 5, 'C': 5, 'A': 4, 'D': 1}","[1.0, 0.88, 1.0]",4.38
94,"[1, 2, 5]","[5, 5, 5]","[0.88, 0.75, 0.88]","[['A', 'B', 'C', 'D'], ['D', 'B', 'C', 'A'], ['A', 'C', 'B', 'D']]","{'B': 5, 'C': 5, 'A': 4, 'D': 1}","[1.0, 0.88, 1.0]",4.38
94,"[1, 2, 5]","[5, 5, 5]","[0.88, 0.75, 0.88]","[['A', 'B', 'C', 'D'], ['D', 'B', 'C', 'A'], ['B', 'A', 'C', 'D']]","{'B': 5, 'C': 5, 'A': 4, 'D': 1}","[1.0, 0.88, 1.0]",4.38
94,"[1, 2, 5]","[5, 5, 5]","[0.88, 0.75, 0.88]","[['A', 'B', 'C', 'D'], ['D', 'B', 'C', 'A'], ['B', 'C', 'A', 'D']]","{'B': 5, 'C': 5, 'A': 4, 'D': 1}","[1.0, 0.88, 1.0]",4.38
94,"[1, 2, 5]","[5, 5, 5]","[0.88, 0.75, 0.88]","[['A', 'B', 'C', 'D'], ['D', 'B', 'C', 'A'], ['B', 'C', 'D', 'A']]","{'B': 5, 'C': 5, 'A': 3, 'D': 2}","[1.0, 0.88, 1.0]",4.38
94,"[1, 2, 5]","[5, 5, 5]","[0.88, 0.75, 0.88]","[['A', 'B', 'C', 'D'], ['D', 'B', 'C', 'A'], ['B', 'D', 'C', 'A']]","{'B': 5, 'C': 5, 'A': 3, 'D': 2}","[1.0, 0.88, 1.0]",4.38
94,"[1, 2, 5]","[5, 5, 5]","[0.88, 0.75, 0.88]","[['A', 'B', 'C', 'D'], ['D', 'B', 'C', 'A'], ['C', 'A', 'B', 'D']]","{'B': 5, 'C': 5, 'A': 4, 'D': 1}","[1.0, 0.88, 1.0]",4.38
94,"[1, 2, 5]","[5, 5, 5]","[0.88, 0.75, 0.88]","[['A', 'B', 'C', 'D'], ['D', 'B', 'C', 'A'], ['C', 'B', 'A', 'D']]","{'B': 5, 'C': 5, 'A': 4, 'D': 1}","[1.0, 0.88, 1.0]",4.38
94,"[1, 2, 5]","[5, 5, 5]","[0.88, 0.75, 0.88]","[['A', 'B', 'C', 'D'], ['D', 'B', 'C', 'A'], ['C', 'B', 'D', 'A']]","{'B': 5, 'C': 5, 'A': 3, 'D': 2}","[1.0, 0.88, 1.0]",4.38
94,"[1, 2, 5]","[5, 5, 5]","[0.88, 0.75, 0.88]","[['A', 'B', 'C', 'D'], ['D', 'B', 'C', 'A'], ['C', 'D', 'B', 'A']]","{'B': 5, 'C': 5, 'A': 3, 'D': 2}","[1.0, 0.88, 1.0]",4.38
94,"[1, 2, 5]","[5, 5, 5]","[0.88, 0.75, 0.88]","[['A', 'B', 'C', 'D'], ['D', 'B', 'C', 'A'], ['D', 'B', 'C', 'A']]","{'B': 5, 'C': 5, 'A': 3, 'D': 2}","[1.0, 0.88, 1.0]",4.38
94,"[1, 2, 5]","[5, 5, 5]","[0.88, 0.75, 0.88]","[['A', 'B', 'C', 'D'], ['D', 'B', 'C', 'A'], ['D', 'C', 'B', 'A']]","{'B': 5, 'C': 5, 'A': 3, 'D': 2}","[1.0, 0.88, 1.0]",4.38
94,"[1, 2, 5]","[5, 5, 5]","[0.88, 0.75, 0.88]","[['A', 'B', 'C', 'D'], ['D', 'C', 'B', 'A'], ['A', 'B', 'C', 'D']]","{'B': 5, 'C': 5, 'A': 4, 'D': 1}","[1.0, 0.88, 1.0]",4.38
94,"[1, 2, 5]","[5, 5, 5]","[0.88, 0.75, 0.88]","[['A', 'B', 'C', 'D'], ['D', 'C', 'B', 'A'], ['A', 'C', 'B', 'D']]","{'B': 5, 'C': 5, 'A': 4, 'D': 1}","[1.0, 0.88, 1.0]",4.38
94,"[1, 2, 5]","[5, 5, 5]","[0.88, 0.75, 0.88]","[['A', 'B', 'C', 'D'], ['D', 'C', 'B', 'A'], ['B', 'A', 'C', 'D']]","{'B': 5, 'C': 5, 'A': 4, 'D': 1}","[1.0, 0.88, 1.0]",4.38
94,"[1, 2, 5]","[5, 5, 5]","[0.88, 0.75, 0.88]","[['A', 'B', 'C', 'D'], ['D', 'C', 'B', 'A'], ['B', 'C', 'A', 'D']]","{'B': 5, 'C': 5, 'A': 4, 'D': 1}","[1.0, 0.88, 1.0]",4.38
94,"[1, 2, 5]","[5, 5, 5]","[0.88, 0.75, 0.88]","[['A', 'B', 'C', 'D'], ['D', 'C', 'B', 'A'], ['B', 'C', 'D', 'A']]","{'B': 5, 'C': 5, 'A': 3, 'D': 2}","[1.0, 0.88, 1.0]",4.38
94,"[1, 2, 5]","[5, 5, 5]","[0.88, 0.75, 0.88]","[['A', 'B', 'C', 'D'], ['D', 'C', 'B', 'A'], ['B', 'D', 'C', 'A']]","{'B': 5, 'C': 5, 'A': 3, 'D': 2}","[1.0, 0.88, 1.0]",4.38
94,"[1, 2, 5]","[5, 5, 5]","[0.88, 0.75, 0.88]","[['A', 'B', 'C', 'D'], ['D', 'C', 'B', 'A'], ['C', 'A', 'B', 'D']]","{'B': 5, 'C': 5, 'A': 4, 'D': 1}","[1.0, 0.88, 1.0]",4.38
94,"[1, 2, 5]","[5, 5, 5]","[0.88, 0.75, 0.88]","[['A', 'B', 'C', 'D'], ['D', 'C', 'B', 'A'], ['C', 'B', 'A', 'D']]","{'B': 5, 'C': 5, 'A': 4, 'D': 1}","[1.0, 0.88, 1.0]",4.38
94,"[1, 2, 5]","[5, 5, 5]","[0.88, 0.75, 0.88]","[['A', 'B', 'C', 'D'], ['D', 'C', 'B', 'A'], ['C', 'B', 'D', 'A']]","{'B': 5, 'C': 5, 'A': 3, 'D': 2}","[1.0, 0.88, 1.0]",4.38
94,"[1, 2, 5]","[5, 5, 5]","[0.88, 0.75, 0.88]","[['A', 'B', 'C', 'D'], ['D', 'C', 'B', 'A'], ['C', 'D', 'B', 'A']]","{'B': 5, 'C': 5, 'A': 3, 'D': 2}","[1.0, 0.88, 1.0]",4.38
94,"[1, 2, 5]","[5, 5, 5]","[0.88, 0.75, 0.88]","[['A', 'B', 'C', 'D'], ['D', 'C', 'B', 'A'], ['D', 'B', 'C', 'A']]","{'B': 5, 'C': 5, 'A': 3, 'D': 2}","[1.0, 0.88, 1.0]",4.38
94,"[1, 2, 5]","[5, 5, 5]","[0.88, 0.75, 0.88]","[['A', 'B', 'C', 'D'], ['D', 'C', 'B', 'A'], ['D', 'C', 'B', 'A']]","{'B': 5, 'C': 5, 'A': 3, 'D': 2}","[1.0, 0.88, 1.0]",4.38
94,"[1, 2, 5]","[5, 5, 5]","[0.88, 0.75, 0.88]","[['A', 'B', 'D', 'C'], ['B', 'C', 'D', 'A'], ['B', 'C', 'D', 'A']]","{'B': 5, 'C': 4, 'A': 3, 'D': 3}","[1.0, 0.88, 1.0]",4.38
94,"[1, 2, 5]","[5, 5, 5]","[0.88, 0.75, 0.88]","[['A', 'B', 'D', 'C'], ['B', 'C', 'D', 'A'], ['B', 'D', 'C', 'A']]","{'B': 5, 'C': 4, 'A': 3, 'D': 3}","[1.0, 0.88, 1.0]",4.38
94,"[1, 2, 5]","[5, 5, 5]","[0.88, 0.75, 0.88]","[['A', 'B', 'D', 'C'], ['B', 'C', 'D', 'A'], ['C', 'B', 'D', 'A']]","{'B': 5, 'C': 4, 'A': 3, 'D': 3}","[1.0, 0.88, 1.0]",4.38
94,"[1, 2, 5]","[5, 5, 5]","[0.88, 0.75, 0.88]","[['A', 'B', 'D', 'C'], ['B', 'C', 'D', 'A'], ['C', 'D', 'B', 'A']]","{'B': 5, 'C': 4, 'A': 3, 'D': 3}","[1.0, 0.88, 1.0]",4.38
94,"[1, 2, 5]","[5, 5, 5]","[0.88, 0.75, 0.88]","[['A', 'B', 'D', 'C'], ['B', 'C', 'D', 'A'], ['D', 'B', 'C', 'A']]","{'B': 5, 'C': 4, 'A': 3, 'D': 3}","[1.0, 0.88, 1.0]",4.38
94,"[1, 2, 5]","[5, 5, 5]","[0.88, 0.75, 0.88]","[['A', 'B', 'D', 'C'], ['B', 'C', 'D', 'A'], ['D', 'C', 'B', 'A']]","{'B': 5, 'C': 4, 'A': 3, 'D': 3}","[1.0, 0.88, 1.0]",4.38
94,"[1, 2, 5]","[5, 5, 5]","[0.88, 0.75, 0.88]","[['A', 'B', 'D', 'C'], ['B', 'D', 'C', 'A'], ['B', 'C', 'D', 'A']]","{'B': 5, 'C': 4, 'A': 3, 'D': 3}","[1.0, 0.88, 1.0]",4.38
94,"[1, 2, 5]","[5, 5, 5]","[0.88, 0.75, 0.88]","[['A', 'B', 'D', 'C'], ['B', 'D', 'C', 'A'], ['B', 'D', 'C', 'A']]","{'B': 5, 'C': 4, 'A': 3, 'D': 3}","[1.0, 0.88, 1.0]",4.38
94,"[1, 2, 5]","[5, 5, 5]","[0.88, 0.75, 0.88]","[['A', 'B', 'D', 'C'], ['B', 'D', 'C', 'A'], ['C', 'B', 'D', 'A']]","{'B': 5, 'C': 4, 'A': 3, 'D': 3}","[1.0, 0.88, 1.0]",4.38
94,"[1, 2, 5]","[5, 5, 5]","[0.88, 0.75, 0.88]","[['A', 'B', 'D', 'C'], ['B', 'D', 'C', 'A'], ['C', 'D', 'B', 'A']]","{'B': 5, 'C': 4, 'A': 3, 'D': 3}","[1.0, 0.88, 1.0]",4.38
94,"[1, 2, 5]","[5, 5, 5]","[0.88, 0.75, 0.88]","[['A', 'B', 'D', 'C'], ['B', 'D', 'C', 'A'], ['D', 'B', 'C', 'A']]","{'B': 5, 'C': 4, 'A': 3, 'D': 3}","[1.0, 0.88, 1.0]",4.38
94,"[1, 2, 5]","[5, 5, 5]","[0.88, 0.75, 0.88]","[['A', 'B', 'D', 'C'], ['B', 'D', 'C', 'A'], ['D', 'C', 'B', 'A']]","{'B': 5, 'C': 4, 'A': 3, 'D': 3}","[1.0, 0.88, 1.0]",4.38
94,"[1, 2, 5]","[5, 5, 5]","[0.88, 0.75, 0.88]","[['A', 'B', 'D', 'C'], ['C', 'B', 'D', 'A'], ['B', 'C', 'D', 'A']]","{'B': 5, 'C': 4, 'A': 3, 'D': 3}","[1.0, 0.88, 1.0]",4.38
94,"[1, 2, 5]","[5, 5, 5]","[0.88, 0.75, 0.88]","[['A', 'B', 'D', 'C'], ['C', 'B', 'D', 'A'], ['B', 'D', 'C', 'A']]","{'B': 5, 'C': 4, 'A': 3, 'D': 3}","[1.0, 0.88, 1.0]",4.38
94,"[1, 2, 5]","[5, 5, 5]","[0.88, 0.75, 0.88]","[['A', 'B', 'D', 'C'], ['C', 'B', 'D', 'A'], ['C', 'B', 'D', 'A']]","{'B': 5, 'C': 4, 'A': 3, 'D': 3}","[1.0, 0.88, 1.0]",4.38
94,"[1, 2, 5]","[5, 5, 5]","[0.88, 0.75, 0.88]","[['A', 'B', 'D', 'C'], ['C', 'B', 'D', 'A'], ['C', 'D', 'B', 'A']]","{'B': 5, 'C': 4, 'A': 3, 'D': 3}","[1.0, 0.88, 1.0]",4.38
94,"[1, 2, 5]","[5, 5, 5]","[0.88, 0.75, 0.88]","[['A', 'B', 'D', 'C'], ['C', 'B', 'D', 'A'], ['D', 'B', 'C', 'A']]","{'B': 5, 'C': 4, 'A': 3, 'D': 3}","[1.0, 0.88, 1.0]",4.38
94,"[1, 2, 5]","[5, 5, 5]","[0.88, 0.75, 0.88]","[['A', 'B', 'D', 'C'], ['C', 'B', 'D', 'A'], ['D', 'C', 'B', 'A']]","{'B': 5, 'C': 4, 'A': 3, 'D': 3}","[1.0, 0.88, 1.0]",4.38
94,"[1, 2, 5]","[5, 5, 5]","[0.88, 0.75, 0.88]","[['A', 'B', 'D', 'C'], ['C', 'D', 'B', 'A'], ['B', 'C', 'D', 'A']]","{'B': 5, 'C': 4, 'A': 3, 'D': 3}","[1.0, 0.88, 1.0]",4.38
94,"[1, 2, 5]","[5, 5, 5]","[0.88, 0.75, 0.88]","[['A', 'B', 'D', 'C'], ['C', 'D', 'B', 'A'], ['B', 'D', 'C', 'A']]","{'B': 5, 'C': 4, 'A': 3, 'D': 3}","[1.0, 0.88, 1.0]",4.38
94,"[1, 2, 5]","[5, 5, 5]","[0.88, 0.75, 0.88]","[['A', 'B', 'D', 'C'], ['C', 'D', 'B', 'A'], ['C', 'B', 'D', 'A']]","{'B': 5, 'C': 4, 'A': 3, 'D': 3}","[1.0, 0.88, 1.0]",4.38
94,"[1, 2, 5]","[5, 5, 5]","[0.88, 0.75, 0.88]","[['A', 'B', 'D', 'C'], ['C', 'D', 'B', 'A'], ['C', 'D', 'B', 'A']]","{'B': 5, 'C': 4, 'A': 3, 'D': 3}","[1.0, 0.88, 1.0]",4.38
94,"[1, 2, 5]","[5, 5, 5]","[0.88, 0.75, 0.88]","[['A', 'B', 'D', 'C'], ['C', 'D', 'B', 'A'], ['D', 'B', 'C', 'A']]","{'B': 5, 'C': 4, 'A': 3, 'D': 3}","[1.0, 0.88, 1.0]",4.38
94,"[1, 2, 5]","[5, 5, 5]","[0.88, 0.75, 0.88]","[['A', 'B', 'D', 'C'], ['C', 'D', 'B', 'A'], ['D', 'C', 'B', 'A']]","{'B': 5, 'C': 4, 'A': 3, 'D': 3}","[1.0, 0.88, 1.0]",4.38
94,"[1, 2, 5]","[5, 5, 5]","[0.88, 0.75, 0.88]","[['A', 'B', 'D', 'C'], ['D', 'B', 'C', 'A'], ['B', 'C', 'D', 'A']]","{'B': 5, 'C': 4, 'A': 3, 'D': 3}","[1.0, 0.88, 1.0]",4.38
94,"[1, 2, 5]","[5, 5, 5]","[0.88, 0.75, 0.88]","[['A', 'B', 'D', 'C'], ['D', 'B', 'C', 'A'], ['B', 'D', 'C', 'A']]","{'B': 5, 'C': 4, 'A': 3, 'D': 3}","[1.0, 0.88, 1.0]",4.38
94,"[1, 2, 5]","[5, 5, 5]","[0.88, 0.75, 0.88]","[['A', 'B', 'D', 'C'], ['D', 'B', 'C', 'A'], ['C', 'B', 'D', 'A']]","{'B': 5, 'C': 4, 'A': 3, 'D': 3}","[1.0, 0.88, 1.0]",4.38
94,"[1, 2, 5]","[5, 5, 5]","[0.88, 0.75, 0.88]","[['A', 'B', 'D', 'C'], ['D', 'B', 'C', 'A'], ['C', 'D', 'B', 'A']]","{'B': 5, 'C': 4, 'A': 3, 'D': 3}","[1.0, 0.88, 1.0]",4.38
94,"[1, 2, 5]","[5, 5, 5]","[0.88, 0.75, 0.88]","[['A', 'B', 'D', 'C'], ['D', 'B', 'C', 'A'], ['D', 'B', 'C', 'A']]","{'B': 5, 'C': 4, 'A': 3, 'D': 3}","[1.0, 0.88, 1.0]",4.38
94,"[1, 2, 5]","[5, 5, 5]","[0.88, 0.75, 0.88]","[['A', 'B', 'D', 'C'], ['D', 'B', 'C', 'A'], ['D', 'C', 'B', 'A']]","{'B': 5, 'C': 4, 'A': 3, 'D': 3}","[1.0, 0.88, 1.0]",4.38
94,"[1, 2, 5]","[5, 5, 5]","[0.88, 0.75, 0.88]","[['A', 'B', 'D', 'C'], ['D', 'C', 'B', 'A'], ['B', 'C', 'D', 'A']]","{'B': 5, 'C': 4, 'A': 3, 'D': 3}","[1.0, 0.88, 1.0]",4.38
94,"[1, 2, 5]","[5, 5, 5]","[0.88, 0.75, 0.88]","[['A', 'B', 'D', 'C'], ['D', 'C', 'B', 'A'], ['B', 'D', 'C', 'A']]","{'B': 5, 'C': 4, 'A': 3, 'D': 3}","[1.0, 0.88, 1.0]",4.38
94,"[1, 2, 5]","[5, 5, 5]","[0.88, 0.75, 0.88]","[['A', 'B', 'D', 'C'], ['D', 'C', 'B', 'A'], ['C', 'B', 'D', 'A']]","{'B': 5, 'C': 4, 'A': 3, 'D': 3}","[1.0, 0.88, 1.0]",4.38
94,"[1, 2, 5]","[5, 5, 5]","[0.88, 0.75, 0.88]","[['A', 'B', 'D', 'C'], ['D', 'C', 'B', 'A'], ['C', 'D', 'B', 'A']]","{'B': 5, 'C': 4, 'A': 3, 'D': 3}","[1.0, 0.88, 1.0]",4.38
94,"[1, 2, 5]","[5, 5, 5]","[0.88, 0.75, 0.88]","[['A', 'B', 'D', 'C'], ['D', 'C', 'B', 'A'], ['D', 'B', 'C', 'A']]","{'B': 5, 'C': 4, 'A': 3, 'D': 3}","[1.0, 0.88, 1.0]",4.38
94,"[1, 2, 5]","[5, 5, 5]","[0.88, 0.75, 0.88]","[['A', 'B', 'D', 'C'], ['D', 'C', 'B', 'A'], ['D', 'C', 'B', 'A']]","{'B': 5, 'C': 4, 'A': 3, 'D': 3}","[1.0, 0.88, 1.0]",4.38
94,"[1, 2, 5]","[5, 5, 5]","[0.88, 0.75, 0.88]","[['A', 'C', 'B', 'D'], ['A', 'B', 'C', 'D'], ['B', 'C', 'D', 'A']]","{'B': 5, 'C': 5, 'A': 4, 'D': 1}","[1.0, 0.88, 1.0]",4.38
94,"[1, 2, 5]","[5, 5, 5]","[0.88, 0.75, 0.88]","[['A', 'C', 'B', 'D'], ['A', 'B', 'C', 'D'], ['B', 'D', 'C', 'A']]","{'B': 5, 'C': 5, 'A': 4, 'D': 1}","[1.0, 0.88, 1.0]",4.38
94,"[1, 2, 5]","[5, 5, 5]","[0.88, 0.75, 0.88]","[['A', 'C', 'B', 'D'], ['A', 'B', 'C', 'D'], ['C', 'B', 'D', 'A']]","{'B': 5, 'C': 5, 'A': 4, 'D': 1}","[1.0, 0.88, 1.0]",4.38
94,"[1, 2, 5]","[5, 5, 5]","[0.88, 0.75, 0.88]","[['A', 'C', 'B', 'D'], ['A', 'B', 'C', 'D'], ['C', 'D', 'B', 'A']]","{'B': 5, 'C': 5, 'A': 4, 'D': 1}","[1.0, 0.88, 1.0]",4.38
94,"[1, 2, 5]","[5, 5, 5]","[0.88, 0.75, 0.88]","[['A', 'C', 'B', 'D'], ['A', 'B', 'C', 'D'], ['D', 'B', 'C', 'A']]","{'B': 5, 'C': 5, 'A': 4, 'D': 1}","[1.0, 0.88, 1.0]",4.38
94,"[1, 2, 5]","[5, 5, 5]","[0.88, 0.75, 0.88]","[['A', 'C', 'B', 'D'], ['A', 'B', 'C', 'D'], ['D', 'C', 'B', 'A']]","{'B': 5, 'C': 5, 'A': 4, 'D': 1}","[1.0, 0.88, 1.0]",4.38
94,"[1, 2, 5]","[5, 5, 5]","[0.88, 0.75, 0.88]","[['A', 'C', 'B', 'D'], ['A', 'C', 'B', 'D'], ['B', 'C', 'D', 'A']]","{'B': 5, 'C': 5, 'A': 4, 'D': 1}","[1.0, 0.88, 1.0]",4.38
94,"[1, 2, 5]","[5, 5, 5]","[0.88, 0.75, 0.88]","[['A', 'C', 'B', 'D'], ['A', 'C', 'B', 'D'], ['B', 'D', 'C', 'A']]","{'B': 5, 'C': 5, 'A': 4, 'D': 1}","[1.0, 0.88, 1.0]",4.38
94,"[1, 2, 5]","[5, 5, 5]","[0.88, 0.75, 0.88]","[['A', 'C', 'B', 'D'], ['A', 'C', 'B', 'D'], ['C', 'B', 'D', 'A']]","{'B': 5, 'C': 5, 'A': 4, 'D': 1}","[1.0, 0.88, 1.0]",4.38
94,"[1, 2, 5]","[5, 5, 5]","[0.88, 0.75, 0.88]","[['A', 'C', 'B', 'D'], ['A', 'C', 'B', 'D'], ['C', 'D', 'B', 'A']]","{'B': 5, 'C': 5, 'A': 4, 'D': 1}","[1.0, 0.88, 1.0]",4.38
94,"[1, 2, 5]","[5, 5, 5]","[0.88, 0.75, 0.88]","[['A', 'C', 'B', 'D'], ['A', 'C', 'B', 'D'], ['D', 'B', 'C', 'A']]","{'B': 5, 'C': 5, 'A': 4, 'D': 1}","[1.0, 0.88, 1.0]",4.38
94,"[1, 2, 5]","[5, 5, 5]","[0.88, 0.75, 0.88]","[['A', 'C', 'B', 'D'], ['A', 'C', 'B', 'D'], ['D', 'C', 'B', 'A']]","{'B': 5, 'C': 5, 'A': 4, 'D': 1}","[1.0, 0.88, 1.0]",4.38
94,"[1, 2, 5]","[5, 5, 5]","[0.88, 0.75, 0.88]","[['A', 'C', 'B', 'D'], ['B', 'A', 'C', 'D'], ['B', 'C', 'D', 'A']]","{'B': 5, 'C': 5, 'A': 4, 'D': 1}","[1.0, 0.88, 1.0]",4.38
94,"[1, 2, 5]","[5, 5, 5]","[0.88, 0.75, 0.88]","[['A', 'C', 'B', 'D'], ['B', 'A', 'C', 'D'], ['B', 'D', 'C', 'A']]","{'B': 5, 'C': 5, 'A': 4, 'D': 1}","[1.0, 0.88, 1.0]",4.38
94,"[1, 2, 5]","[5, 5, 5]","[0.88, 0.75, 0.88]","[['A', 'C', 'B', 'D'], ['B', 'A', 'C', 'D'], ['C', 'B', 'D', 'A']]","{'B': 5, 'C': 5, 'A': 4, 'D': 1}","[1.0, 0.88, 1.0]",4.38
94,"[1, 2, 5]","[5, 5, 5]","[0.88, 0.75, 0.88]","[['A', 'C', 'B', 'D'], ['B', 'A', 'C', 'D'], ['C', 'D', 'B', 'A']]","{'B': 5, 'C': 5, 'A': 4, 'D': 1}","[1.0, 0.88, 1.0]",4.38
94,"[1, 2, 5]","[5, 5, 5]","[0.88, 0.75, 0.88]","[['A', 'C', 'B', 'D'], ['B', 'A', 'C', 'D'], ['D', 'B', 'C', 'A']]","{'B': 5, 'C': 5, 'A': 4, 'D': 1}","[1.0, 0.88, 1.0]",4.38
94,"[1, 2, 5]","[5, 5, 5]","[0.88, 0.75, 0.88]","[['A', 'C', 'B', 'D'], ['B', 'A', 'C', 'D'], ['D', 'C', 'B', 'A']]","{'B': 5, 'C': 5, 'A': 4, 'D': 1}","[1.0, 0.88, 1.0]",4.38
94,"[1, 2, 5]","[5, 5, 5]","[0.88, 0.75, 0.88]","[['A', 'C', 'B', 'D'], ['B', 'C', 'A', 'D'], ['B', 'C', 'D', 'A']]","{'B': 5, 'C': 5, 'A': 4, 'D': 1}","[1.0, 0.88, 1.0]",4.38
94,"[1, 2, 5]","[5, 5, 5]","[0.88, 0.75, 0.88]","[['A', 'C', 'B', 'D'], ['B', 'C', 'A', 'D'], ['B', 'D', 'C', 'A']]","{'B': 5, 'C': 5, 'A': 4, 'D': 1}","[1.0, 0.88, 1.0]",4.38
94,"[1, 2, 5]","[5, 5, 5]","[0.88, 0.75, 0.88]","[['A', 'C', 'B', 'D'], ['B', 'C', 'A', 'D'], ['C', 'B', 'D', 'A']]","{'B': 5, 'C': 5, 'A': 4, 'D': 1}","[1.0, 0.88, 1.0]",4.38
94,"[1, 2, 5]","[5, 5, 5]","[0.88, 0.75, 0.88]","[['A', 'C', 'B', 'D'], ['B', 'C', 'A', 'D'], ['C', 'D', 'B', 'A']]","{'B': 5, 'C': 5, 'A': 4, 'D': 1}","[1.0, 0.88, 1.0]",4.38
94,"[1, 2, 5]","[5, 5, 5]","[0.88, 0.75, 0.88]","[['A', 'C', 'B', 'D'], ['B', 'C', 'A', 'D'], ['D', 'B', 'C', 'A']]","{'B': 5, 'C': 5, 'A': 4, 'D': 1}","[1.0, 0.88, 1.0]",4.38
94,"[1, 2, 5]","[5, 5, 5]","[0.88, 0.75, 0.88]","[['A', 'C', 'B', 'D'], ['B', 'C', 'A', 'D'], ['D', 'C', 'B', 'A']]","{'B': 5, 'C': 5, 'A': 4, 'D': 1}","[1.0, 0.88, 1.0]",4.38
94,"[1, 2, 5]","[5, 5, 5]","[0.88, 0.75, 0.88]","[['A', 'C', 'B', 'D'], ['B', 'C', 'D', 'A'], ['A', 'B', 'C', 'D']]","{'B': 5, 'C': 5, 'A': 4, 'D': 1}","[1.0, 0.88, 1.0]",4.38
94,"[1, 2, 5]","[5, 5, 5]","[0.88, 0.75, 0.88]","[['A', 'C', 'B', 'D'], ['B', 'C', 'D', 'A'], ['A', 'C', 'B', 'D']]","{'B': 5, 'C': 5, 'A': 4, 'D': 1}","[1.0, 0.88, 1.0]",4.38
94,"[1, 2, 5]","[5, 5, 5]","[0.88, 0.75, 0.88]","[['A', 'C', 'B', 'D'], ['B', 'C', 'D', 'A'], ['B', 'A', 'C', 'D']]","{'B': 5, 'C': 5, 'A': 4, 'D': 1}","[1.0, 0.88, 1.0]",4.38
94,"[1, 2, 5]","[5, 5, 5]","[0.88, 0.75, 0.88]","[['A', 'C', 'B', 'D'], ['B', 'C', 'D', 'A'], ['B', 'C', 'A', 'D']]","{'B': 5, 'C': 5, 'A': 4, 'D': 1}","[1.0, 0.88, 1.0]",4.38
94,"[1, 2, 5]","[5, 5, 5]","[0.88, 0.75, 0.88]","[['A', 'C', 'B', 'D'], ['B', 'C', 'D', 'A'], ['B', 'C', 'D', 'A']]","{'B': 5, 'C': 5, 'A': 3, 'D': 2}","[1.0, 0.88, 1.0]",4.38
94,"[1, 2, 5]","[5, 5, 5]","[0.88, 0.75, 0.88]","[['A', 'C', 'B', 'D'], ['B', 'C', 'D', 'A'], ['B', 'D', 'C', 'A']]","{'B': 5, 'C': 5, 'A': 3, 'D': 2}","[1.0, 0.88, 1.0]",4.38
94,"[1, 2, 5]","[5, 5, 5]","[0.88, 0.75, 0.88]","[['A', 'C', 'B', 'D'], ['B', 'C', 'D', 'A'], ['C', 'A', 'B', 'D']]","{'B': 5, 'C': 5, 'A': 4, 'D': 1}","[1.0, 0.88, 1.0]",4.38
94,"[1, 2, 5]","[5, 5, 5]","[0.88, 0.75, 0.88]","[['A', 'C', 'B', 'D'], ['B', 'C', 'D', 'A'], ['C', 'B', 'A', 'D']]","{'B': 5, 'C': 5, 'A': 4, 'D': 1}","[1.0, 0.88, 1.0]",4.38
94,"[1, 2, 5]","[5, 5, 5]","[0.88, 0.75, 0.88]","[['A', 'C', 'B', 'D'], ['B', 'C', 'D', 'A'], ['C', 'B', 'D', 'A']]","{'B': 5, 'C': 5, 'A': 3, 'D': 2}","[1.0, 0.88, 1.0]",4.38
94,"[1, 2, 5]","[5, 5, 5]","[0.88, 0.75, 0.88]","[['A', 'C', 'B', 'D'], ['B', 'C', 'D', 'A'], ['C', 'D', 'B', 'A']]","{'B': 5, 'C': 5, 'A': 3, 'D': 2}","[1.0, 0.88, 1.0]",4.38
94,"[1, 2, 5]","[5, 5, 5]","[0.88, 0.75, 0.88]","[['A', 'C', 'B', 'D'], ['B', 'C', 'D', 'A'], ['D', 'B', 'C', 'A']]","{'B': 5, 'C': 5, 'A': 3, 'D': 2}","[1.0, 0.88, 1.0]",4.38
94,"[1, 2, 5]","[5, 5, 5]","[0.88, 0.75, 0.88]","[['A', 'C', 'B', 'D'], ['B', 'C', 'D', 'A'], ['D', 'C', 'B', 'A']]","{'B': 5, 'C': 5, 'A': 3, 'D': 2}","[1.0, 0.88, 1.0]",4.38
94,"[1, 2, 5]","[5, 5, 5]","[0.88, 0.75, 0.88]","[['A', 'C', 'B', 'D'], ['B', 'D', 'C', 'A'], ['A', 'B', 'C', 'D']]","{'B': 5, 'C': 5, 'A': 4, 'D': 1}","[1.0, 0.88, 1.0]",4.38
94,"[1, 2, 5]","[5, 5, 5]","[0.88, 0.75, 0.88]","[['A', 'C', 'B', 'D'], ['B', 'D', 'C', 'A'], ['A', 'C', 'B', 'D']]","{'B': 5, 'C': 5, 'A': 4, 'D': 1}","[1.0, 0.88, 1.0]",4.38
94,"[1, 2, 5]","[5, 5, 5]","[0.88, 0.75, 0.88]","[['A', 'C', 'B', 'D'], ['B', 'D', 'C', 'A'], ['B', 'A', 'C', 'D']]","{'B': 5, 'C': 5, 'A': 4, 'D': 1}","[1.0, 0.88, 1.0]",4.38
94,"[1, 2, 5]","[5, 5, 5]","[0.88, 0.75, 0.88]","[['A', 'C', 'B', 'D'], ['B', 'D', 'C', 'A'], ['B', 'C', 'A', 'D']]","{'B': 5, 'C': 5, 'A': 4, 'D': 1}","[1.0, 0.88, 1.0]",4.38
94,"[1, 2, 5]","[5, 5, 5]","[0.88, 0.75, 0.88]","[['A', 'C', 'B', 'D'], ['B', 'D', 'C', 'A'], ['B', 'C', 'D', 'A']]","{'B': 5, 'C': 5, 'A': 3, 'D': 2}","[1.0, 0.88, 1.0]",4.38
94,"[1, 2, 5]","[5, 5, 5]","[0.88, 0.75, 0.88]","[['A', 'C', 'B', 'D'], ['B', 'D', 'C', 'A'], ['B', 'D', 'C', 'A']]","{'B': 5, 'C': 5, 'A': 3, 'D': 2}","[1.0, 0.88, 1.0]",4.38
94,"[1, 2, 5]","[5, 5, 5]","[0.88, 0.75, 0.88]","[['A', 'C', 'B', 'D'], ['B', 'D', 'C', 'A'], ['C', 'A', 'B', 'D']]","{'B': 5, 'C': 5, 'A': 4, 'D': 1}","[1.0, 0.88, 1.0]",4.38
94,"[1, 2, 5]","[5, 5, 5]","[0.88, 0.75, 0.88]","[['A', 'C', 'B', 'D'], ['B', 'D', 'C', 'A'], ['C', 'B', 'A', 'D']]","{'B': 5, 'C': 5, 'A': 4, 'D': 1}","[1.0, 0.88, 1.0]",4.38
94,"[1, 2, 5]","[5, 5, 5]","[0.88, 0.75, 0.88]","[['A', 'C', 'B', 'D'], ['B', 'D', 'C', 'A'], ['C', 'B', 'D', 'A']]","{'B': 5, 'C': 5, 'A': 3, 'D': 2}","[1.0, 0.88, 1.0]",4.38
94,"[1, 2, 5]","[5, 5, 5]","[0.88, 0.75, 0.88]","[['A', 'C', 'B', 'D'], ['B', 'D', 'C', 'A'], ['C', 'D', 'B', 'A']]","{'B': 5, 'C': 5, 'A': 3, 'D': 2}","[1.0, 0.88, 1.0]",4.38
94,"[1, 2, 5]","[5, 5, 5]","[0.88, 0.75, 0.88]","[['A', 'C', 'B', 'D'], ['B', 'D', 'C', 'A'], ['D', 'B', 'C', 'A']]","{'B': 5, 'C': 5, 'A': 3, 'D': 2}","[1.0, 0.88, 1.0]",4.38
94,"[1, 2, 5]","[5, 5, 5]","[0.88, 0.75, 0.88]","[['A', 'C', 'B', 'D'], ['B', 'D', 'C', 'A'], ['D', 'C', 'B', 'A']]","{'B': 5, 'C': 5, 'A': 3, 'D': 2}","[1.0, 0.88, 1.0]",4.38
94,"[1, 2, 5]","[5, 5, 5]","[0.88, 0.75, 0.88]","[['A', 'C', 'B', 'D'], ['C', 'A', 'B', 'D'], ['B', 'C', 'D', 'A']]","{'B': 5, 'C': 5, 'A': 4, 'D': 1}","[1.0, 0.88, 1.0]",4.38
94,"[1, 2, 5]","[5, 5, 5]","[0.88, 0.75, 0.88]","[['A', 'C', 'B', 'D'], ['C', 'A', 'B', 'D'], ['B', 'D', 'C', 'A']]","{'B': 5, 'C': 5, 'A': 4, 'D': 1}","[1.0, 0.88, 1.0]",4.38
94,"[1, 2, 5]","[5, 5, 5]","[0.88, 0.75, 0.88]","[['A', 'C', 'B', 'D'], ['C', 'A', 'B', 'D'], ['C', 'B', 'D', 'A']]","{'B': 5, 'C': 5, 'A': 4, 'D': 1}","[1.0, 0.88, 1.0]",4.38
94,"[1, 2, 5]","[5, 5, 5]","[0.88, 0.75, 0.88]","[['A', 'C', 'B', 'D'], ['C', 'A', 'B', 'D'], ['C', 'D', 'B', 'A']]","{'B': 5, 'C': 5, 'A': 4, 'D': 1}","[1.0, 0.88, 1.0]",4.38
94,"[1, 2, 5]","[5, 5, 5]","[0.88, 0.75, 0.88]","[['A', 'C', 'B', 'D'], ['C', 'A', 'B', 'D'], ['D', 'B', 'C', 'A']]","{'B': 5, 'C': 5, 'A': 4, 'D': 1}","[1.0, 0.88, 1.0]",4.38
94,"[1, 2, 5]","[5, 5, 5]","[0.88, 0.75, 0.88]","[['A', 'C', 'B', 'D'], ['C', 'A', 'B', 'D'], ['D', 'C', 'B', 'A']]","{'B': 5, 'C': 5, 'A': 4, 'D': 1}","[1.0, 0.88, 1.0]",4.38
94,"[1, 2, 5]","[5, 5, 5]","[0.88, 0.75, 0.88]","[['A', 'C', 'B', 'D'], ['C', 'B', 'A', 'D'], ['B', 'C', 'D', 'A']]","{'B': 5, 'C': 5, 'A': 4, 'D': 1}","[1.0, 0.88, 1.0]",4.38
94,"[1, 2, 5]","[5, 5, 5]","[0.88, 0.75, 0.88]","[['A', 'C', 'B', 'D'], ['C', 'B', 'A', 'D'], ['B', 'D', 'C', 'A']]","{'B': 5, 'C': 5, 'A': 4, 'D': 1}","[1.0, 0.88, 1.0]",4.38
94,"[1, 2, 5]","[5, 5, 5]","[0.88, 0.75, 0.88]","[['A', 'C', 'B', 'D'], ['C', 'B', 'A', 'D'], ['C', 'B', 'D', 'A']]","{'B': 5, 'C': 5, 'A': 4, 'D': 1}","[1.0, 0.88, 1.0]",4.38
94,"[1, 2, 5]","[5, 5, 5]","[0.88, 0.75, 0.88]","[['A', 'C', 'B', 'D'], ['C', 'B', 'A', 'D'], ['C', 'D', 'B', 'A']]","{'B': 5, 'C': 5, 'A': 4, 'D': 1}","[1.0, 0.88, 1.0]",4.38
94,"[1, 2, 5]","[5, 5, 5]","[0.88, 0.75, 0.88]","[['A', 'C', 'B', 'D'], ['C', 'B', 'A', 'D'], ['D', 'B', 'C', 'A']]","{'B': 5, 'C': 5, 'A': 4, 'D': 1}","[1.0, 0.88, 1.0]",4.38
94,"[1, 2, 5]","[5, 5, 5]","[0.88, 0.75, 0.88]","[['A', 'C', 'B', 'D'], ['C', 'B', 'A', 'D'], ['D', 'C', 'B', 'A']]","{'B': 5, 'C': 5, 'A': 4, 'D': 1}","[1.0, 0.88, 1.0]",4.38
94,"[1, 2, 5]","[5, 5, 5]","[0.88, 0.75, 0.88]","[['A', 'C', 'B', 'D'], ['C', 'B', 'D', 'A'], ['A', 'B', 'C', 'D']]","{'B': 5, 'C': 5, 'A': 4, 'D': 1}","[1.0, 0.88, 1.0]",4.38
94,"[1, 2, 5]","[5, 5, 5]","[0.88, 0.75, 0.88]","[['A', 'C', 'B', 'D'], ['C', 'B', 'D', 'A'], ['A', 'C', 'B', 'D']]","{'B': 5, 'C': 5, 'A': 4, 'D': 1}","[1.0, 0.88, 1.0]",4.38
94,"[1, 2, 5]","[5, 5, 5]","[0.88, 0.75, 0.88]","[['A', 'C', 'B', 'D'], ['C', 'B', 'D', 'A'], ['B', 'A', 'C', 'D']]","{'B': 5, 'C': 5, 'A': 4, 'D': 1}","[1.0, 0.88, 1.0]",4.38
94,"[1, 2, 5]","[5, 5, 5]","[0.88, 0.75, 0.88]","[['A', 'C', 'B', 'D'], ['C', 'B', 'D', 'A'], ['B', 'C', 'A', 'D']]","{'B': 5, 'C': 5, 'A': 4, 'D': 1}","[1.0, 0.88, 1.0]",4.38
94,"[1, 2, 5]","[5, 5, 5]","[0.88, 0.75, 0.88]","[['A', 'C', 'B', 'D'], ['C', 'B', 'D', 'A'], ['B', 'C', 'D', 'A']]","{'B': 5, 'C': 5, 'A': 3, 'D': 2}","[1.0, 0.88, 1.0]",4.38
94,"[1, 2, 5]","[5, 5, 5]","[0.88, 0.75, 0.88]","[['A', 'C', 'B', 'D'], ['C', 'B', 'D', 'A'], ['B', 'D', 'C', 'A']]","{'B': 5, 'C': 5, 'A': 3, 'D': 2}","[1.0, 0.88, 1.0]",4.38
94,"[1, 2, 5]","[5, 5, 5]","[0.88, 0.75, 0.88]","[['A', 'C', 'B', 'D'], ['C', 'B', 'D', 'A'], ['C', 'A', 'B', 'D']]","{'B': 5, 'C': 5, 'A': 4, 'D': 1}","[1.0, 0.88, 1.0]",4.38
94,"[1, 2, 5]","[5, 5, 5]","[0.88, 0.75, 0.88]","[['A', 'C', 'B', 'D'], ['C', 'B', 'D', 'A'], ['C', 'B', 'A', 'D']]","{'B': 5, 'C': 5, 'A': 4, 'D': 1}","[1.0, 0.88, 1.0]",4.38
94,"[1, 2, 5]","[5, 5, 5]","[0.88, 0.75, 0.88]","[['A', 'C', 'B', 'D'], ['C', 'B', 'D', 'A'], ['C', 'B', 'D', 'A']]","{'B': 5, 'C': 5, 'A': 3, 'D': 2}","[1.0, 0.88, 1.0]",4.38
94,"[1, 2, 5]","[5, 5, 5]","[0.88, 0.75, 0.88]","[['A', 'C', 'B', 'D'], ['C', 'B', 'D', 'A'], ['C', 'D', 'B', 'A']]","{'B': 5, 'C': 5, 'A': 3, 'D': 2}","[1.0, 0.88, 1.0]",4.38
94,"[1, 2, 5]","[5, 5, 5]","[0.88, 0.75, 0.88]","[['A', 'C', 'B', 'D'], ['C', 'B', 'D', 'A'], ['D', 'B', 'C', 'A']]","{'B': 5, 'C': 5, 'A': 3, 'D': 2}","[1.0, 0.88, 1.0]",4.38
94,"[1, 2, 5]","[5, 5, 5]","[0.88, 0.75, 0.88]","[['A', 'C', 'B', 'D'], ['C', 'B', 'D', 'A'], ['D', 'C', 'B', 'A']]","{'B': 5, 'C': 5, 'A': 3, 'D': 2}","[1.0, 0.88, 1.0]",4.38
94,"[1, 2, 5]","[5, 5, 5]","[0.88, 0.75, 0.88]","[['A', 'C', 'B', 'D'], ['C', 'D', 'B', 'A'], ['A', 'B', 'C', 'D']]","{'B': 5, 'C': 5, 'A': 4, 'D': 1}","[1.0, 0.88, 1.0]",4.38
94,"[1, 2, 5]","[5, 5, 5]","[0.88, 0.75, 0.88]","[['A', 'C', 'B', 'D'], ['C', 'D', 'B', 'A'], ['A', 'C', 'B', 'D']]","{'B': 5, 'C': 5, 'A': 4, 'D': 1}","[1.0, 0.88, 1.0]",4.38
94,"[1, 2, 5]","[5, 5, 5]","[0.88, 0.75, 0.88]","[['A', 'C', 'B', 'D'], ['C', 'D', 'B', 'A'], ['B', 'A', 'C', 'D']]","{'B': 5, 'C': 5, 'A': 4, 'D': 1}","[1.0, 0.88, 1.0]",4.38
94,"[1, 2, 5]","[5, 5, 5]","[0.88, 0.75, 0.88]","[['A', 'C', 'B', 'D'], ['C', 'D', 'B', 'A'], ['B', 'C', 'A', 'D']]","{'B': 5, 'C': 5, 'A': 4, 'D': 1}","[1.0, 0.88, 1.0]",4.38
94,"[1, 2, 5]","[5, 5, 5]","[0.88, 0.75, 0.88]","[['A', 'C', 'B', 'D'], ['C', 'D', 'B', 'A'], ['B', 'C', 'D', 'A']]","{'B': 5, 'C': 5, 'A': 3, 'D': 2}","[1.0, 0.88, 1.0]",4.38
94,"[1, 2, 5]","[5, 5, 5]","[0.88, 0.75, 0.88]","[['A', 'C', 'B', 'D'], ['C', 'D', 'B', 'A'], ['B', 'D', 'C', 'A']]","{'B': 5, 'C': 5, 'A': 3, 'D': 2}","[1.0, 0.88, 1.0]",4.38
94,"[1, 2, 5]","[5, 5, 5]","[0.88, 0.75, 0.88]","[['A', 'C', 'B', 'D'], ['C', 'D', 'B', 'A'], ['C', 'A', 'B', 'D']]","{'B': 5, 'C': 5, 'A': 4, 'D': 1}","[1.0, 0.88, 1.0]",4.38
94,"[1, 2, 5]","[5, 5, 5]","[0.88, 0.75, 0.88]","[['A', 'C', 'B', 'D'], ['C', 'D', 'B', 'A'], ['C', 'B', 'A', 'D']]","{'B': 5, 'C': 5, 'A': 4, 'D': 1}","[1.0, 0.88, 1.0]",4.38
94,"[1, 2, 5]","[5, 5, 5]","[0.88, 0.75, 0.88]","[['A', 'C', 'B', 'D'], ['C', 'D', 'B', 'A'], ['C', 'B', 'D', 'A']]","{'B': 5, 'C': 5, 'A': 3, 'D': 2}","[1.0, 0.88, 1.0]",4.38
94,"[1, 2, 5]","[5, 5, 5]","[0.88, 0.75, 0.88]","[['A', 'C', 'B', 'D'], ['C', 'D', 'B', 'A'], ['C', 'D', 'B', 'A']]","{'B': 5, 'C': 5, 'A': 3, 'D': 2}","[1.0, 0.88, 1.0]",4.38
94,"[1, 2, 5]","[5, 5, 5]","[0.88, 0.75, 0.88]","[['A', 'C', 'B', 'D'], ['C', 'D', 'B', 'A'], ['D', 'B', 'C', 'A']]","{'B': 5, 'C': 5, 'A': 3, 'D': 2}","[1.0, 0.88, 1.0]",4.38
94,"[1, 2, 5]","[5, 5, 5]","[0.88, 0.75, 0.88]","[['A', 'C', 'B', 'D'], ['C', 'D', 'B', 'A'], ['D', 'C', 'B', 'A']]","{'B': 5, 'C': 5, 'A': 3, 'D': 2}","[1.0, 0.88, 1.0]",4.38
94,"[1, 2, 5]","[5, 5, 5]","[0.88, 0.75, 0.88]","[['A', 'C', 'B', 'D'], ['D', 'B', 'C', 'A'], ['A', 'B', 'C', 'D']]","{'B': 5, 'C': 5, 'A': 4, 'D': 1}","[1.0, 0.88, 1.0]",4.38
94,"[1, 2, 5]","[5, 5, 5]","[0.88, 0.75, 0.88]","[['A', 'C', 'B', 'D'], ['D', 'B', 'C', 'A'], ['A', 'C', 'B', 'D']]","{'B': 5, 'C': 5, 'A': 4, 'D': 1}","[1.0, 0.88, 1.0]",4.38
94,"[1, 2, 5]","[5, 5, 5]","[0.88, 0.75, 0.88]","[['A', 'C', 'B', 'D'], ['D', 'B', 'C', 'A'], ['B', 'A', 'C', 'D']]","{'B': 5, 'C': 5, 'A': 4, 'D': 1}","[1.0, 0.88, 1.0]",4.38
94,"[1, 2, 5]","[5, 5, 5]","[0.88, 0.75, 0.88]","[['A', 'C', 'B', 'D'], ['D', 'B', 'C', 'A'], ['B', 'C', 'A', 'D']]","{'B': 5, 'C': 5, 'A': 4, 'D': 1}","[1.0, 0.88, 1.0]",4.38
94,"[1, 2, 5]","[5, 5, 5]","[0.88, 0.75, 0.88]","[['A', 'C', 'B', 'D'], ['D', 'B', 'C', 'A'], ['B', 'C', 'D', 'A']]","{'B': 5, 'C': 5, 'A': 3, 'D': 2}","[1.0, 0.88, 1.0]",4.38
94,"[1, 2, 5]","[5, 5, 5]","[0.88, 0.75, 0.88]","[['A', 'C', 'B', 'D'], ['D', 'B', 'C', 'A'], ['B', 'D', 'C', 'A']]","{'B': 5, 'C': 5, 'A': 3, 'D': 2}","[1.0, 0.88, 1.0]",4.38
94,"[1, 2, 5]","[5, 5, 5]","[0.88, 0.75, 0.88]","[['A', 'C', 'B', 'D'], ['D', 'B', 'C', 'A'], ['C', 'A', 'B', 'D']]","{'B': 5, 'C': 5, 'A': 4, 'D': 1}","[1.0, 0.88, 1.0]",4.38
94,"[1, 2, 5]","[5, 5, 5]","[0.88, 0.75, 0.88]","[['A', 'C', 'B', 'D'], ['D', 'B', 'C', 'A'], ['C', 'B', 'A', 'D']]","{'B': 5, 'C': 5, 'A': 4, 'D': 1}","[1.0, 0.88, 1.0]",4.38
94,"[1, 2, 5]","[5, 5, 5]","[0.88, 0.75, 0.88]","[['A', 'C', 'B', 'D'], ['D', 'B', 'C', 'A'], ['C', 'B', 'D', 'A']]","{'B': 5, 'C': 5, 'A': 3, 'D': 2}","[1.0, 0.88, 1.0]",4.38
94,"[1, 2, 5]","[5, 5, 5]","[0.88, 0.75, 0.88]","[['A', 'C', 'B', 'D'], ['D', 'B', 'C', 'A'], ['C', 'D', 'B', 'A']]","{'B': 5, 'C': 5, 'A': 3, 'D': 2}","[1.0, 0.88, 1.0]",4.38
94,"[1, 2, 5]","[5, 5, 5]","[0.88, 0.75, 0.88]","[['A', 'C', 'B', 'D'], ['D', 'B', 'C', 'A'], ['D', 'B', 'C', 'A']]","{'B': 5, 'C': 5, 'A': 3, 'D': 2}","[1.0, 0.88, 1.0]",4.38
94,"[1, 2, 5]","[5, 5, 5]","[0.88, 0.75, 0.88]","[['A', 'C', 'B', 'D'], ['D', 'B', 'C', 'A'], ['D', 'C', 'B', 'A']]","{'B': 5, 'C': 5, 'A': 3, 'D': 2}","[1.0, 0.88, 1.0]",4.38
94,"[1, 2, 5]","[5, 5, 5]","[0.88, 0.75, 0.88]","[['A', 'C', 'B', 'D'], ['D', 'C', 'B', 'A'], ['A', 'B', 'C', 'D']]","{'B': 5, 'C': 5, 'A': 4, 'D': 1}","[1.0, 0.88, 1.0]",4.38
94,"[1, 2, 5]","[5, 5, 5]","[0.88, 0.75, 0.88]","[['A', 'C', 'B', 'D'], ['D', 'C', 'B', 'A'], ['A', 'C', 'B', 'D']]","{'B': 5, 'C': 5, 'A': 4, 'D': 1}","[1.0, 0.88, 1.0]",4.38
94,"[1, 2, 5]","[5, 5, 5]","[0.88, 0.75, 0.88]","[['A', 'C', 'B', 'D'], ['D', 'C', 'B', 'A'], ['B', 'A', 'C', 'D']]","{'B': 5, 'C': 5, 'A': 4, 'D': 1}","[1.0, 0.88, 1.0]",4.38
94,"[1, 2, 5]","[5, 5, 5]","[0.88, 0.75, 0.88]","[['A', 'C', 'B', 'D'], ['D', 'C', 'B', 'A'], ['B', 'C', 'A', 'D']]","{'B': 5, 'C': 5, 'A': 4, 'D': 1}","[1.0, 0.88, 1.0]",4.38
94,"[1, 2, 5]","[5, 5, 5]","[0.88, 0.75, 0.88]","[['A', 'C', 'B', 'D'], ['D', 'C', 'B', 'A'], ['B', 'C', 'D', 'A']]","{'B': 5, 'C': 5, 'A': 3, 'D': 2}","[1.0, 0.88, 1.0]",4.38
94,"[1, 2, 5]","[5, 5, 5]","[0.88, 0.75, 0.88]","[['A', 'C', 'B', 'D'], ['D', 'C', 'B', 'A'], ['B', 'D', 'C', 'A']]","{'B': 5, 'C': 5, 'A': 3, 'D': 2}","[1.0, 0.88, 1.0]",4.38
94,"[1, 2, 5]","[5, 5, 5]","[0.88, 0.75, 0.88]","[['A', 'C', 'B', 'D'], ['D', 'C', 'B', 'A'], ['C', 'A', 'B', 'D']]","{'B': 5, 'C': 5, 'A': 4, 'D': 1}","[1.0, 0.88, 1.0]",4.38
94,"[1, 2, 5]","[5, 5, 5]","[0.88, 0.75, 0.88]","[['A', 'C', 'B', 'D'], ['D', 'C', 'B', 'A'], ['C', 'B', 'A', 'D']]","{'B': 5, 'C': 5, 'A': 4, 'D': 1}","[1.0, 0.88, 1.0]",4.38
94,"[1, 2, 5]","[5, 5, 5]","[0.88, 0.75, 0.88]","[['A', 'C', 'B', 'D'], ['D', 'C', 'B', 'A'], ['C', 'B', 'D', 'A']]","{'B': 5, 'C': 5, 'A': 3, 'D': 2}","[1.0, 0.88, 1.0]",4.38
94,"[1, 2, 5]","[5, 5, 5]","[0.88, 0.75, 0.88]","[['A', 'C', 'B', 'D'], ['D', 'C', 'B', 'A'], ['C', 'D', 'B', 'A']]","{'B': 5, 'C': 5, 'A': 3, 'D': 2}","[1.0, 0.88, 1.0]",4.38
94,"[1, 2, 5]","[5, 5, 5]","[0.88, 0.75, 0.88]","[['A', 'C', 'B', 'D'], ['D', 'C', 'B', 'A'], ['D', 'B', 'C', 'A']]","{'B': 5, 'C': 5, 'A': 3, 'D': 2}","[1.0, 0.88, 1.0]",4.38
94,"[1, 2, 5]","[5, 5, 5]","[0.88, 0.75, 0.88]","[['A', 'C', 'B', 'D'], ['D', 'C', 'B', 'A'], ['D', 'C', 'B', 'A']]","{'B': 5, 'C': 5, 'A': 3, 'D': 2}","[1.0, 0.88, 1.0]",4.38
94,"[1, 2, 5]","[5, 5, 5]","[0.88, 0.75, 0.88]","[['A', 'D', 'B', 'C'], ['B', 'C', 'D', 'A'], ['B', 'C', 'D', 'A']]","{'B': 5, 'C': 4, 'A': 3, 'D': 3}","[1.0, 0.88, 1.0]",4.38
94,"[1, 2, 5]","[5, 5, 5]","[0.88, 0.75, 0.88]","[['A', 'D', 'B', 'C'], ['B', 'C', 'D', 'A'], ['B', 'D', 'C', 'A']]","{'B': 5, 'C': 4, 'A': 3, 'D': 3}","[1.0, 0.88, 1.0]",4.38
94,"[1, 2, 5]","[5, 5, 5]","[0.88, 0.75, 0.88]","[['A', 'D', 'B', 'C'], ['B', 'C', 'D', 'A'], ['C', 'B', 'D', 'A']]","{'B': 5, 'C': 4, 'A': 3, 'D': 3}","[1.0, 0.88, 1.0]",4.38
94,"[1, 2, 5]","[5, 5, 5]","[0.88, 0.75, 0.88]","[['A', 'D', 'B', 'C'], ['B', 'C', 'D', 'A'], ['C', 'D', 'B', 'A']]","{'B': 5, 'C': 4, 'A': 3, 'D': 3}","[1.0, 0.88, 1.0]",4.38
94,"[1, 2, 5]","[5, 5, 5]","[0.88, 0.75, 0.88]","[['A', 'D', 'B', 'C'], ['B', 'C', 'D', 'A'], ['D', 'B', 'C', 'A']]","{'B': 5, 'C': 4, 'A': 3, 'D': 3}","[1.0, 0.88, 1.0]",4.38
94,"[1, 2, 5]","[5, 5, 5]","[0.88, 0.75, 0.88]","[['A', 'D', 'B', 'C'], ['B', 'C', 'D', 'A'], ['D', 'C', 'B', 'A']]","{'B': 5, 'C': 4, 'A': 3, 'D': 3}","[1.0, 0.88, 1.0]",4.38
94,"[1, 2, 5]","[5, 5, 5]","[0.88, 0.75, 0.88]","[['A', 'D', 'B', 'C'], ['B', 'D', 'C', 'A'], ['B', 'C', 'D', 'A']]","{'B': 5, 'C': 4, 'A': 3, 'D': 3}","[1.0, 0.88, 1.0]",4.38
94,"[1, 2, 5]","[5, 5, 5]","[0.88, 0.75, 0.88]","[['A', 'D', 'B', 'C'], ['B', 'D', 'C', 'A'], ['B', 'D', 'C', 'A']]","{'B': 5, 'C': 4, 'A': 3, 'D': 3}","[1.0, 0.88, 1.0]",4.38
94,"[1, 2, 5]","[5, 5, 5]","[0.88, 0.75, 0.88]","[['A', 'D', 'B', 'C'], ['B', 'D', 'C', 'A'], ['C', 'B', 'D', 'A']]","{'B': 5, 'C': 4, 'A': 3, 'D': 3}","[1.0, 0.88, 1.0]",4.38
94,"[1, 2, 5]","[5, 5, 5]","[0.88, 0.75, 0.88]","[['A', 'D', 'B', 'C'], ['B', 'D', 'C', 'A'], ['C', 'D', 'B', 'A']]","{'B': 5, 'C': 4, 'A': 3, 'D': 3}","[1.0, 0.88, 1.0]",4.38
94,"[1, 2, 5]","[5, 5, 5]","[0.88, 0.75, 0.88]","[['A', 'D', 'B', 'C'], ['B', 'D', 'C', 'A'], ['D', 'B', 'C', 'A']]","{'B': 5, 'C': 4, 'A': 3, 'D': 3}","[1.0, 0.88, 1.0]",4.38
94,"[1, 2, 5]","[5, 5, 5]","[0.88, 0.75, 0.88]","[['A', 'D', 'B', 'C'], ['B', 'D', 'C', 'A'], ['D', 'C', 'B', 'A']]","{'B': 5, 'C': 4, 'A': 3, 'D': 3}","[1.0, 0.88, 1.0]",4.38
94,"[1, 2, 5]","[5, 5, 5]","[0.88, 0.75, 0.88]","[['A', 'D', 'B', 'C'], ['C', 'B', 'D', 'A'], ['B', 'C', 'D', 'A']]","{'B': 5, 'C': 4, 'A': 3, 'D': 3}","[1.0, 0.88, 1.0]",4.38
94,"[1, 2, 5]","[5, 5, 5]","[0.88, 0.75, 0.88]","[['A', 'D', 'B', 'C'], ['C', 'B', 'D', 'A'], ['B', 'D', 'C', 'A']]","{'B': 5, 'C': 4, 'A': 3, 'D': 3}","[1.0, 0.88, 1.0]",4.38
94,"[1, 2, 5]","[5, 5, 5]","[0.88, 0.75, 0.88]","[['A', 'D', 'B', 'C'], ['C', 'B', 'D', 'A'], ['C', 'B', 'D', 'A']]","{'B': 5, 'C': 4, 'A': 3, 'D': 3}","[1.0, 0.88, 1.0]",4.38
94,"[1, 2, 5]","[5, 5, 5]","[0.88, 0.75, 0.88]","[['A', 'D', 'B', 'C'], ['C', 'B', 'D', 'A'], ['C', 'D', 'B', 'A']]","{'B': 5, 'C': 4, 'A': 3, 'D': 3}","[1.0, 0.88, 1.0]",4.38
94,"[1, 2, 5]","[5, 5, 5]","[0.88, 0.75, 0.88]","[['A', 'D', 'B', 'C'], ['C', 'B', 'D', 'A'], ['D', 'B', 'C', 'A']]","{'B': 5, 'C': 4, 'A': 3, 'D': 3}","[1.0, 0.88, 1.0]",4.38
94,"[1, 2, 5]","[5, 5, 5]","[0.88, 0.75, 0.88]","[['A', 'D', 'B', 'C'], ['C', 'B', 'D', 'A'], ['D', 'C', 'B', 'A']]","{'B': 5, 'C': 4, 'A': 3, 'D': 3}","[1.0, 0.88, 1.0]",4.38
94,"[1, 2, 5]","[5, 5, 5]","[0.88, 0.75, 0.88]","[['A', 'D', 'B', 'C'], ['C', 'D', 'B', 'A'], ['B', 'C', 'D', 'A']]","{'B': 5, 'C': 4, 'A': 3, 'D': 3}","[1.0, 0.88, 1.0]",4.38
94,"[1, 2, 5]","[5, 5, 5]","[0.88, 0.75, 0.88]","[['A', 'D', 'B', 'C'], ['C', 'D', 'B', 'A'], ['B', 'D', 'C', 'A']]","{'B': 5, 'C': 4, 'A': 3, 'D': 3}","[1.0, 0.88, 1.0]",4.38
94,"[1, 2, 5]","[5, 5, 5]","[0.88, 0.75, 0.88]","[['A', 'D', 'B', 'C'], ['C', 'D', 'B', 'A'], ['C', 'B', 'D', 'A']]","{'B': 5, 'C': 4, 'A': 3, 'D': 3}","[1.0, 0.88, 1.0]",4.38
94,"[1, 2, 5]","[5, 5, 5]","[0.88, 0.75, 0.88]","[['A', 'D', 'B', 'C'], ['C', 'D', 'B', 'A'], ['C', 'D', 'B', 'A']]","{'B': 5, 'C': 4, 'A': 3, 'D': 3}","[1.0, 0.88, 1.0]",4.38
94,"[1, 2, 5]","[5, 5, 5]","[0.88, 0.75, 0.88]","[['A', 'D', 'B', 'C'], ['C', 'D', 'B', 'A'], ['D', 'B', 'C', 'A']]","{'B': 5, 'C': 4, 'A': 3, 'D': 3}","[1.0, 0.88, 1.0]",4.38
94,"[1, 2, 5]","[5, 5, 5]","[0.88, 0.75, 0.88]","[['A', 'D', 'B', 'C'], ['C', 'D', 'B', 'A'], ['D', 'C', 'B', 'A']]","{'B': 5, 'C': 4, 'A': 3, 'D': 3}","[1.0, 0.88, 1.0]",4.38
94,"[1, 2, 5]","[5, 5, 5]","[0.88, 0.75, 0.88]","[['A', 'D', 'B', 'C'], ['D', 'B', 'C', 'A'], ['B', 'C', 'D', 'A']]","{'B': 5, 'C': 4, 'A': 3, 'D': 3}","[1.0, 0.88, 1.0]",4.38
94,"[1, 2, 5]","[5, 5, 5]","[0.88, 0.75, 0.88]","[['A', 'D', 'B', 'C'], ['D', 'B', 'C', 'A'], ['B', 'D', 'C', 'A']]","{'B': 5, 'C': 4, 'A': 3, 'D': 3}","[1.0, 0.88, 1.0]",4.38
94,"[1, 2, 5]","[5, 5, 5]","[0.88, 0.75, 0.88]","[['A', 'D', 'B', 'C'], ['D', 'B', 'C', 'A'], ['C', 'B', 'D', 'A']]","{'B': 5, 'C': 4, 'A': 3, 'D': 3}","[1.0, 0.88, 1.0]",4.38
94,"[1, 2, 5]","[5, 5, 5]","[0.88, 0.75, 0.88]","[['A', 'D', 'B', 'C'], ['D', 'B', 'C', 'A'], ['C', 'D', 'B', 'A']]","{'B': 5, 'C': 4, 'A': 3, 'D': 3}","[1.0, 0.88, 1.0]",4.38
94,"[1, 2, 5]","[5, 5, 5]","[0.88, 0.75, 0.88]","[['A', 'D', 'B', 'C'], ['D', 'B', 'C', 'A'], ['D', 'B', 'C', 'A']]","{'B': 5, 'C': 4, 'A': 3, 'D': 3}","[1.0, 0.88, 1.0]",4.38
94,"[1, 2, 5]","[5, 5, 5]","[0.88, 0.75, 0.88]","[['A', 'D', 'B', 'C'], ['D', 'B', 'C', 'A'], ['D', 'C', 'B', 'A']]","{'B': 5, 'C': 4, 'A': 3, 'D': 3}","[1.0, 0.88, 1.0]",4.38
94,"[1, 2, 5]","[5, 5, 5]","[0.88, 0.75, 0.88]","[['A', 'D', 'B', 'C'], ['D', 'C', 'B', 'A'], ['B', 'C', 'D', 'A']]","{'B': 5, 'C': 4, 'A': 3, 'D': 3}","[1.0, 0.88, 1.0]",4.38
94,"[1, 2, 5]","[5, 5, 5]","[0.88, 0.75, 0.88]","[['A', 'D', 'B', 'C'], ['D', 'C', 'B', 'A'], ['B', 'D', 'C', 'A']]","{'B': 5, 'C': 4, 'A': 3, 'D': 3}","[1.0, 0.88, 1.0]",4.38
94,"[1, 2, 5]","[5, 5, 5]","[0.88, 0.75, 0.88]","[['A', 'D', 'B', 'C'], ['D', 'C', 'B', 'A'], ['C', 'B', 'D', 'A']]","{'B': 5, 'C': 4, 'A': 3, 'D': 3}","[1.0, 0.88, 1.0]",4.38
94,"[1, 2, 5]","[5, 5, 5]","[0.88, 0.75, 0.88]","[['A', 'D', 'B', 'C'], ['D', 'C', 'B', 'A'], ['C', 'D', 'B', 'A']]","{'B': 5, 'C': 4, 'A': 3, 'D': 3}","[1.0, 0.88, 1.0]",4.38
94,"[1, 2, 5]","[5, 5, 5]","[0.88, 0.75, 0.88]","[['A', 'D', 'B', 'C'], ['D', 'C', 'B', 'A'], ['D', 'B', 'C', 'A']]","{'B': 5, 'C': 4, 'A': 3, 'D': 3}","[1.0, 0.88, 1.0]",4.38
94,"[1, 2, 5]","[5, 5, 5]","[0.88, 0.75, 0.88]","[['A', 'D', 'B', 'C'], ['D', 'C', 'B', 'A'], ['D', 'C', 'B', 'A']]","{'B': 5, 'C': 4, 'A': 3, 'D': 3}","[1.0, 0.88, 1.0]",4.38
94,"[1, 2, 5]","[5, 5, 5]","[0.88, 0.75, 0.88]","[['B', 'A', 'C', 'D'], ['A', 'B', 'C', 'D'], ['B', 'C', 'D', 'A']]","{'B': 5, 'C': 5, 'A': 4, 'D': 1}","[1.0, 0.88, 1.0]",4.38
94,"[1, 2, 5]","[5, 5, 5]","[0.88, 0.75, 0.88]","[['B', 'A', 'C', 'D'], ['A', 'B', 'C', 'D'], ['B', 'D', 'C', 'A']]","{'B': 5, 'C': 5, 'A': 4, 'D': 1}","[1.0, 0.88, 1.0]",4.38
94,"[1, 2, 5]","[5, 5, 5]","[0.88, 0.75, 0.88]","[['B', 'A', 'C', 'D'], ['A', 'B', 'C', 'D'], ['C', 'B', 'D', 'A']]","{'B': 5, 'C': 5, 'A': 4, 'D': 1}","[1.0, 0.88, 1.0]",4.38
94,"[1, 2, 5]","[5, 5, 5]","[0.88, 0.75, 0.88]","[['B', 'A', 'C', 'D'], ['A', 'B', 'C', 'D'], ['C', 'D', 'B', 'A']]","{'B': 5, 'C': 5, 'A': 4, 'D': 1}","[1.0, 0.88, 1.0]",4.38
94,"[1, 2, 5]","[5, 5, 5]","[0.88, 0.75, 0.88]","[['B', 'A', 'C', 'D'], ['A', 'B', 'C', 'D'], ['D', 'B', 'C', 'A']]","{'B': 5, 'C': 5, 'A': 4, 'D': 1}","[1.0, 0.88, 1.0]",4.38
94,"[1, 2, 5]","[5, 5, 5]","[0.88, 0.75, 0.88]","[['B', 'A', 'C', 'D'], ['A', 'B', 'C', 'D'], ['D', 'C', 'B', 'A']]","{'B': 5, 'C': 5, 'A': 4, 'D': 1}","[1.0, 0.88, 1.0]",4.38
94,"[1, 2, 5]","[5, 5, 5]","[0.88, 0.75, 0.88]","[['B', 'A', 'C', 'D'], ['A', 'C', 'B', 'D'], ['B', 'C', 'D', 'A']]","{'B': 5, 'C': 5, 'A': 4, 'D': 1}","[1.0, 0.88, 1.0]",4.38
94,"[1, 2, 5]","[5, 5, 5]","[0.88, 0.75, 0.88]","[['B', 'A', 'C', 'D'], ['A', 'C', 'B', 'D'], ['B', 'D', 'C', 'A']]","{'B': 5, 'C': 5, 'A': 4, 'D': 1}","[1.0, 0.88, 1.0]",4.38
94,"[1, 2, 5]","[5, 5, 5]","[0.88, 0.75, 0.88]","[['B', 'A', 'C', 'D'], ['A', 'C', 'B', 'D'], ['C', 'B', 'D', 'A']]","{'B': 5, 'C': 5, 'A': 4, 'D': 1}","[1.0, 0.88, 1.0]",4.38
94,"[1, 2, 5]","[5, 5, 5]","[0.88, 0.75, 0.88]","[['B', 'A', 'C', 'D'], ['A', 'C', 'B', 'D'], ['C', 'D', 'B', 'A']]","{'B': 5, 'C': 5, 'A': 4, 'D': 1}","[1.0, 0.88, 1.0]",4.38
94,"[1, 2, 5]","[5, 5, 5]","[0.88, 0.75, 0.88]","[['B', 'A', 'C', 'D'], ['A', 'C', 'B', 'D'], ['D', 'B', 'C', 'A']]","{'B': 5, 'C': 5, 'A': 4, 'D': 1}","[1.0, 0.88, 1.0]",4.38
94,"[1, 2, 5]","[5, 5, 5]","[0.88, 0.75, 0.88]","[['B', 'A', 'C', 'D'], ['A', 'C', 'B', 'D'], ['D', 'C', 'B', 'A']]","{'B': 5, 'C': 5, 'A': 4, 'D': 1}","[1.0, 0.88, 1.0]",4.38
94,"[1, 2, 5]","[5, 5, 5]","[0.88, 0.75, 0.88]","[['B', 'A', 'C', 'D'], ['B', 'A', 'C', 'D'], ['B', 'C', 'D', 'A']]","{'B': 5, 'C': 5, 'A': 4, 'D': 1}","[1.0, 0.88, 1.0]",4.38
94,"[1, 2, 5]","[5, 5, 5]","[0.88, 0.75, 0.88]","[['B', 'A', 'C', 'D'], ['B', 'A', 'C', 'D'], ['B', 'D', 'C', 'A']]","{'B': 5, 'C': 5, 'A': 4, 'D': 1}","[1.0, 0.88, 1.0]",4.38
94,"[1, 2, 5]","[5, 5, 5]","[0.88, 0.75, 0.88]","[['B', 'A', 'C', 'D'], ['B', 'A', 'C', 'D'], ['C', 'B', 'D', 'A']]","{'B': 5, 'C': 5, 'A': 4, 'D': 1}","[1.0, 0.88, 1.0]",4.38
94,"[1, 2, 5]","[5, 5, 5]","[0.88, 0.75, 0.88]","[['B', 'A', 'C', 'D'], ['B', 'A', 'C', 'D'], ['C', 'D', 'B', 'A']]","{'B': 5, 'C': 5, 'A': 4, 'D': 1}","[1.0, 0.88, 1.0]",4.38
94,"[1, 2, 5]","[5, 5, 5]","[0.88, 0.75, 0.88]","[['B', 'A', 'C', 'D'], ['B', 'A', 'C', 'D'], ['D', 'B', 'C', 'A']]","{'B': 5, 'C': 5, 'A': 4, 'D': 1}","[1.0, 0.88, 1.0]",4.38
94,"[1, 2, 5]","[5, 5, 5]","[0.88, 0.75, 0.88]","[['B', 'A', 'C', 'D'], ['B', 'A', 'C', 'D'], ['D', 'C', 'B', 'A']]","{'B': 5, 'C': 5, 'A': 4, 'D': 1}","[1.0, 0.88, 1.0]",4.38
94,"[1, 2, 5]","[5, 5, 5]","[0.88, 0.75, 0.88]","[['B', 'A', 'C', 'D'], ['B', 'C', 'A', 'D'], ['B', 'C', 'D', 'A']]","{'B': 5, 'C': 5, 'A': 4, 'D': 1}","[1.0, 0.88, 1.0]",4.38
94,"[1, 2, 5]","[5, 5, 5]","[0.88, 0.75, 0.88]","[['B', 'A', 'C', 'D'], ['B', 'C', 'A', 'D'], ['B', 'D', 'C', 'A']]","{'B': 5, 'C': 5, 'A': 4, 'D': 1}","[1.0, 0.88, 1.0]",4.38
94,"[1, 2, 5]","[5, 5, 5]","[0.88, 0.75, 0.88]","[['B', 'A', 'C', 'D'], ['B', 'C', 'A', 'D'], ['C', 'B', 'D', 'A']]","{'B': 5, 'C': 5, 'A': 4, 'D': 1}","[1.0, 0.88, 1.0]",4.38
94,"[1, 2, 5]","[5, 5, 5]","[0.88, 0.75, 0.88]","[['B', 'A', 'C', 'D'], ['B', 'C', 'A', 'D'], ['C', 'D', 'B', 'A']]","{'B': 5, 'C': 5, 'A': 4, 'D': 1}","[1.0, 0.88, 1.0]",4.38
94,"[1, 2, 5]","[5, 5, 5]","[0.88, 0.75, 0.88]","[['B', 'A', 'C', 'D'], ['B', 'C', 'A', 'D'], ['D', 'B', 'C', 'A']]","{'B': 5, 'C': 5, 'A': 4, 'D': 1}","[1.0, 0.88, 1.0]",4.38
94,"[1, 2, 5]","[5, 5, 5]","[0.88, 0.75, 0.88]","[['B', 'A', 'C', 'D'], ['B', 'C', 'A', 'D'], ['D', 'C', 'B', 'A']]","{'B': 5, 'C': 5, 'A': 4, 'D': 1}","[1.0, 0.88, 1.0]",4.38
94,"[1, 2, 5]","[5, 5, 5]","[0.88, 0.75, 0.88]","[['B', 'A', 'C', 'D'], ['B', 'C', 'D', 'A'], ['A', 'B', 'C', 'D']]","{'B': 5, 'C': 5, 'A': 4, 'D': 1}","[1.0, 0.88, 1.0]",4.38
94,"[1, 2, 5]","[5, 5, 5]","[0.88, 0.75, 0.88]","[['B', 'A', 'C', 'D'], ['B', 'C', 'D', 'A'], ['A', 'C', 'B', 'D']]","{'B': 5, 'C': 5, 'A': 4, 'D': 1}","[1.0, 0.88, 1.0]",4.38
94,"[1, 2, 5]","[5, 5, 5]","[0.88, 0.75, 0.88]","[['B', 'A', 'C', 'D'], ['B', 'C', 'D', 'A'], ['B', 'A', 'C', 'D']]","{'B': 5, 'C': 5, 'A': 4, 'D': 1}","[1.0, 0.88, 1.0]",4.38
94,"[1, 2, 5]","[5, 5, 5]","[0.88, 0.75, 0.88]","[['B', 'A', 'C', 'D'], ['B', 'C', 'D', 'A'], ['B', 'C', 'A', 'D']]","{'B': 5, 'C': 5, 'A': 4, 'D': 1}","[1.0, 0.88, 1.0]",4.38
94,"[1, 2, 5]","[5, 5, 5]","[0.88, 0.75, 0.88]","[['B', 'A', 'C', 'D'], ['B', 'C', 'D', 'A'], ['B', 'C', 'D', 'A']]","{'B': 5, 'C': 5, 'A': 3, 'D': 2}","[1.0, 0.88, 1.0]",4.38
94,"[1, 2, 5]","[5, 5, 5]","[0.88, 0.75, 0.88]","[['B', 'A', 'C', 'D'], ['B', 'C', 'D', 'A'], ['B', 'D', 'C', 'A']]","{'B': 5, 'C': 5, 'A': 3, 'D': 2}","[1.0, 0.88, 1.0]",4.38
94,"[1, 2, 5]","[5, 5, 5]","[0.88, 0.75, 0.88]","[['B', 'A', 'C', 'D'], ['B', 'C', 'D', 'A'], ['C', 'A', 'B', 'D']]","{'B': 5, 'C': 5, 'A': 4, 'D': 1}","[1.0, 0.88, 1.0]",4.38
94,"[1, 2, 5]","[5, 5, 5]","[0.88, 0.75, 0.88]","[['B', 'A', 'C', 'D'], ['B', 'C', 'D', 'A'], ['C', 'B', 'A', 'D']]","{'B': 5, 'C': 5, 'A': 4, 'D': 1}","[1.0, 0.88, 1.0]",4.38
94,"[1, 2, 5]","[5, 5, 5]","[0.88, 0.75, 0.88]","[['B', 'A', 'C', 'D'], ['B', 'C', 'D', 'A'], ['C', 'B', 'D', 'A']]","{'B': 5, 'C': 5, 'A': 3, 'D': 2}","[1.0, 0.88, 1.0]",4.38
94,"[1, 2, 5]","[5, 5, 5]","[0.88, 0.75, 0.88]","[['B', 'A', 'C', 'D'], ['B', 'C', 'D', 'A'], ['C', 'D', 'B', 'A']]","{'B': 5, 'C': 5, 'A': 3, 'D': 2}","[1.0, 0.88, 1.0]",4.38
94,"[1, 2, 5]","[5, 5, 5]","[0.88, 0.75, 0.88]","[['B', 'A', 'C', 'D'], ['B', 'C', 'D', 'A'], ['D', 'B', 'C', 'A']]","{'B': 5, 'C': 5, 'A': 3, 'D': 2}","[1.0, 0.88, 1.0]",4.38
94,"[1, 2, 5]","[5, 5, 5]","[0.88, 0.75, 0.88]","[['B', 'A', 'C', 'D'], ['B', 'C', 'D', 'A'], ['D', 'C', 'B', 'A']]","{'B': 5, 'C': 5, 'A': 3, 'D': 2}","[1.0, 0.88, 1.0]",4.38
94,"[1, 2, 5]","[5, 5, 5]","[0.88, 0.75, 0.88]","[['B', 'A', 'C', 'D'], ['B', 'D', 'C', 'A'], ['A', 'B', 'C', 'D']]","{'B': 5, 'C': 5, 'A': 4, 'D': 1}","[1.0, 0.88, 1.0]",4.38
94,"[1, 2, 5]","[5, 5, 5]","[0.88, 0.75, 0.88]","[['B', 'A', 'C', 'D'], ['B', 'D', 'C', 'A'], ['A', 'C', 'B', 'D']]","{'B': 5, 'C': 5, 'A': 4, 'D': 1}","[1.0, 0.88, 1.0]",4.38
94,"[1, 2, 5]","[5, 5, 5]","[0.88, 0.75, 0.88]","[['B', 'A', 'C', 'D'], ['B', 'D', 'C', 'A'], ['B', 'A', 'C', 'D']]","{'B': 5, 'C': 5, 'A': 4, 'D': 1}","[1.0, 0.88, 1.0]",4.38
94,"[1, 2, 5]","[5, 5, 5]","[0.88, 0.75, 0.88]","[['B', 'A', 'C', 'D'], ['B', 'D', 'C', 'A'], ['B', 'C', 'A', 'D']]","{'B': 5, 'C': 5, 'A': 4, 'D': 1}","[1.0, 0.88, 1.0]",4.38
94,"[1, 2, 5]","[5, 5, 5]","[0.88, 0.75, 0.88]","[['B', 'A', 'C', 'D'], ['B', 'D', 'C', 'A'], ['B', 'C', 'D', 'A']]","{'B': 5, 'C': 5, 'A': 3, 'D': 2}","[1.0, 0.88, 1.0]",4.38
94,"[1, 2, 5]","[5, 5, 5]","[0.88, 0.75, 0.88]","[['B', 'A', 'C', 'D'], ['B', 'D', 'C', 'A'], ['B', 'D', 'C', 'A']]","{'B': 5, 'C': 5, 'A': 3, 'D': 2}","[1.0, 0.88, 1.0]",4.38
94,"[1, 2, 5]","[5, 5, 5]","[0.88, 0.75, 0.88]","[['B', 'A', 'C', 'D'], ['B', 'D', 'C', 'A'], ['C', 'A', 'B', 'D']]","{'B': 5, 'C': 5, 'A': 4, 'D': 1}","[1.0, 0.88, 1.0]",4.38
94,"[1, 2, 5]","[5, 5, 5]","[0.88, 0.75, 0.88]","[['B', 'A', 'C', 'D'], ['B', 'D', 'C', 'A'], ['C', 'B', 'A', 'D']]","{'B': 5, 'C': 5, 'A': 4, 'D': 1}","[1.0, 0.88, 1.0]",4.38
94,"[1, 2, 5]","[5, 5, 5]","[0.88, 0.75, 0.88]","[['B', 'A', 'C', 'D'], ['B', 'D', 'C', 'A'], ['C', 'B', 'D', 'A']]","{'B': 5, 'C': 5, 'A': 3, 'D': 2}","[1.0, 0.88, 1.0]",4.38
94,"[1, 2, 5]","[5, 5, 5]","[0.88, 0.75, 0.88]","[['B', 'A', 'C', 'D'], ['B', 'D', 'C', 'A'], ['C', 'D', 'B', 'A']]","{'B': 5, 'C': 5, 'A': 3, 'D': 2}","[1.0, 0.88, 1.0]",4.38
94,"[1, 2, 5]","[5, 5, 5]","[0.88, 0.75, 0.88]","[['B', 'A', 'C', 'D'], ['B', 'D', 'C', 'A'], ['D', 'B', 'C', 'A']]","{'B': 5, 'C': 5, 'A': 3, 'D': 2}","[1.0, 0.88, 1.0]",4.38
94,"[1, 2, 5]","[5, 5, 5]","[0.88, 0.75, 0.88]","[['B', 'A', 'C', 'D'], ['B', 'D', 'C', 'A'], ['D', 'C', 'B', 'A']]","{'B': 5, 'C': 5, 'A': 3, 'D': 2}","[1.0, 0.88, 1.0]",4.38
94,"[1, 2, 5]","[5, 5, 5]","[0.88, 0.75, 0.88]","[['B', 'A', 'C', 'D'], ['C', 'A', 'B', 'D'], ['B', 'C', 'D', 'A']]","{'B': 5, 'C': 5, 'A': 4, 'D': 1}","[1.0, 0.88, 1.0]",4.38
94,"[1, 2, 5]","[5, 5, 5]","[0.88, 0.75, 0.88]","[['B', 'A', 'C', 'D'], ['C', 'A', 'B', 'D'], ['B', 'D', 'C', 'A']]","{'B': 5, 'C': 5, 'A': 4, 'D': 1}","[1.0, 0.88, 1.0]",4.38
94,"[1, 2, 5]","[5, 5, 5]","[0.88, 0.75, 0.88]","[['B', 'A', 'C', 'D'], ['C', 'A', 'B', 'D'], ['C', 'B', 'D', 'A']]","{'B': 5, 'C': 5, 'A': 4, 'D': 1}","[1.0, 0.88, 1.0]",4.38
94,"[1, 2, 5]","[5, 5, 5]","[0.88, 0.75, 0.88]","[['B', 'A', 'C', 'D'], ['C', 'A', 'B', 'D'], ['C', 'D', 'B', 'A']]","{'B': 5, 'C': 5, 'A': 4, 'D': 1}","[1.0, 0.88, 1.0]",4.38
94,"[1, 2, 5]","[5, 5, 5]","[0.88, 0.75, 0.88]","[['B', 'A', 'C', 'D'], ['C', 'A', 'B', 'D'], ['D', 'B', 'C', 'A']]","{'B': 5, 'C': 5, 'A': 4, 'D': 1}","[1.0, 0.88, 1.0]",4.38
94,"[1, 2, 5]","[5, 5, 5]","[0.88, 0.75, 0.88]","[['B', 'A', 'C', 'D'], ['C', 'A', 'B', 'D'], ['D', 'C', 'B', 'A']]","{'B': 5, 'C': 5, 'A': 4, 'D': 1}","[1.0, 0.88, 1.0]",4.38
94,"[1, 2, 5]","[5, 5, 5]","[0.88, 0.75, 0.88]","[['B', 'A', 'C', 'D'], ['C', 'B', 'A', 'D'], ['B', 'C', 'D', 'A']]","{'B': 5, 'C': 5, 'A': 4, 'D': 1}","[1.0, 0.88, 1.0]",4.38
94,"[1, 2, 5]","[5, 5, 5]","[0.88, 0.75, 0.88]","[['B', 'A', 'C', 'D'], ['C', 'B', 'A', 'D'], ['B', 'D', 'C', 'A']]","{'B': 5, 'C': 5, 'A': 4, 'D': 1}","[1.0, 0.88, 1.0]",4.38
94,"[1, 2, 5]","[5, 5, 5]","[0.88, 0.75, 0.88]","[['B', 'A', 'C', 'D'], ['C', 'B', 'A', 'D'], ['C', 'B', 'D', 'A']]","{'B': 5, 'C': 5, 'A': 4, 'D': 1}","[1.0, 0.88, 1.0]",4.38
94,"[1, 2, 5]","[5, 5, 5]","[0.88, 0.75, 0.88]","[['B', 'A', 'C', 'D'], ['C', 'B', 'A', 'D'], ['C', 'D', 'B', 'A']]","{'B': 5, 'C': 5, 'A': 4, 'D': 1}","[1.0, 0.88, 1.0]",4.38
94,"[1, 2, 5]","[5, 5, 5]","[0.88, 0.75, 0.88]","[['B', 'A', 'C', 'D'], ['C', 'B', 'A', 'D'], ['D', 'B', 'C', 'A']]","{'B': 5, 'C': 5, 'A': 4, 'D': 1}","[1.0, 0.88, 1.0]",4.38
94,"[1, 2, 5]","[5, 5, 5]","[0.88, 0.75, 0.88]","[['B', 'A', 'C', 'D'], ['C', 'B', 'A', 'D'], ['D', 'C', 'B', 'A']]","{'B': 5, 'C': 5, 'A': 4, 'D': 1}","[1.0, 0.88, 1.0]",4.38
94,"[1, 2, 5]","[5, 5, 5]","[0.88, 0.75, 0.88]","[['B', 'A', 'C', 'D'], ['C', 'B', 'D', 'A'], ['A', 'B', 'C', 'D']]","{'B': 5, 'C': 5, 'A': 4, 'D': 1}","[1.0, 0.88, 1.0]",4.38
94,"[1, 2, 5]","[5, 5, 5]","[0.88, 0.75, 0.88]","[['B', 'A', 'C', 'D'], ['C', 'B', 'D', 'A'], ['A', 'C', 'B', 'D']]","{'B': 5, 'C': 5, 'A': 4, 'D': 1}","[1.0, 0.88, 1.0]",4.38
94,"[1, 2, 5]","[5, 5, 5]","[0.88, 0.75, 0.88]","[['B', 'A', 'C', 'D'], ['C', 'B', 'D', 'A'], ['B', 'A', 'C', 'D']]","{'B': 5, 'C': 5, 'A': 4, 'D': 1}","[1.0, 0.88, 1.0]",4.38
94,"[1, 2, 5]","[5, 5, 5]","[0.88, 0.75, 0.88]","[['B', 'A', 'C', 'D'], ['C', 'B', 'D', 'A'], ['B', 'C', 'A', 'D']]","{'B': 5, 'C': 5, 'A': 4, 'D': 1}","[1.0, 0.88, 1.0]",4.38
94,"[1, 2, 5]","[5, 5, 5]","[0.88, 0.75, 0.88]","[['B', 'A', 'C', 'D'], ['C', 'B', 'D', 'A'], ['B', 'C', 'D', 'A']]","{'B': 5, 'C': 5, 'A': 3, 'D': 2}","[1.0, 0.88, 1.0]",4.38
94,"[1, 2, 5]","[5, 5, 5]","[0.88, 0.75, 0.88]","[['B', 'A', 'C', 'D'], ['C', 'B', 'D', 'A'], ['B', 'D', 'C', 'A']]","{'B': 5, 'C': 5, 'A': 3, 'D': 2}","[1.0, 0.88, 1.0]",4.38
94,"[1, 2, 5]","[5, 5, 5]","[0.88, 0.75, 0.88]","[['B', 'A', 'C', 'D'], ['C', 'B', 'D', 'A'], ['C', 'A', 'B', 'D']]","{'B': 5, 'C': 5, 'A': 4, 'D': 1}","[1.0, 0.88, 1.0]",4.38
94,"[1, 2, 5]","[5, 5, 5]","[0.88, 0.75, 0.88]","[['B', 'A', 'C', 'D'], ['C', 'B', 'D', 'A'], ['C', 'B', 'A', 'D']]","{'B': 5, 'C': 5, 'A': 4, 'D': 1}","[1.0, 0.88, 1.0]",4.38
94,"[1, 2, 5]","[5, 5, 5]","[0.88, 0.75, 0.88]","[['B', 'A', 'C', 'D'], ['C', 'B', 'D', 'A'], ['C', 'B', 'D', 'A']]","{'B': 5, 'C': 5, 'A': 3, 'D': 2}","[1.0, 0.88, 1.0]",4.38
94,"[1, 2, 5]","[5, 5, 5]","[0.88, 0.75, 0.88]","[['B', 'A', 'C', 'D'], ['C', 'B', 'D', 'A'], ['C', 'D', 'B', 'A']]","{'B': 5, 'C': 5, 'A': 3, 'D': 2}","[1.0, 0.88, 1.0]",4.38
94,"[1, 2, 5]","[5, 5, 5]","[0.88, 0.75, 0.88]","[['B', 'A', 'C', 'D'], ['C', 'B', 'D', 'A'], ['D', 'B', 'C', 'A']]","{'B': 5, 'C': 5, 'A': 3, 'D': 2}","[1.0, 0.88, 1.0]",4.38
94,"[1, 2, 5]","[5, 5, 5]","[0.88, 0.75, 0.88]","[['B', 'A', 'C', 'D'], ['C', 'B', 'D', 'A'], ['D', 'C', 'B', 'A']]","{'B': 5, 'C': 5, 'A': 3, 'D': 2}","[1.0, 0.88, 1.0]",4.38
94,"[1, 2, 5]","[5, 5, 5]","[0.88, 0.75, 0.88]","[['B', 'A', 'C', 'D'], ['C', 'D', 'B', 'A'], ['A', 'B', 'C', 'D']]","{'B': 5, 'C': 5, 'A': 4, 'D': 1}","[1.0, 0.88, 1.0]",4.38
94,"[1, 2, 5]","[5, 5, 5]","[0.88, 0.75, 0.88]","[['B', 'A', 'C', 'D'], ['C', 'D', 'B', 'A'], ['A', 'C', 'B', 'D']]","{'B': 5, 'C': 5, 'A': 4, 'D': 1}","[1.0, 0.88, 1.0]",4.38
94,"[1, 2, 5]","[5, 5, 5]","[0.88, 0.75, 0.88]","[['B', 'A', 'C', 'D'], ['C', 'D', 'B', 'A'], ['B', 'A', 'C', 'D']]","{'B': 5, 'C': 5, 'A': 4, 'D': 1}","[1.0, 0.88, 1.0]",4.38
94,"[1, 2, 5]","[5, 5, 5]","[0.88, 0.75, 0.88]","[['B', 'A', 'C', 'D'], ['C', 'D', 'B', 'A'], ['B', 'C', 'A', 'D']]","{'B': 5, 'C': 5, 'A': 4, 'D': 1}","[1.0, 0.88, 1.0]",4.38
94,"[1, 2, 5]","[5, 5, 5]","[0.88, 0.75, 0.88]","[['B', 'A', 'C', 'D'], ['C', 'D', 'B', 'A'], ['B', 'C', 'D', 'A']]","{'B': 5, 'C': 5, 'A': 3, 'D': 2}","[1.0, 0.88, 1.0]",4.38
94,"[1, 2, 5]","[5, 5, 5]","[0.88, 0.75, 0.88]","[['B', 'A', 'C', 'D'], ['C', 'D', 'B', 'A'], ['B', 'D', 'C', 'A']]","{'B': 5, 'C': 5, 'A': 3, 'D': 2}","[1.0, 0.88, 1.0]",4.38
94,"[1, 2, 5]","[5, 5, 5]","[0.88, 0.75, 0.88]","[['B', 'A', 'C', 'D'], ['C', 'D', 'B', 'A'], ['C', 'A', 'B', 'D']]","{'B': 5, 'C': 5, 'A': 4, 'D': 1}","[1.0, 0.88, 1.0]",4.38
94,"[1, 2, 5]","[5, 5, 5]","[0.88, 0.75, 0.88]","[['B', 'A', 'C', 'D'], ['C', 'D', 'B', 'A'], ['C', 'B', 'A', 'D']]","{'B': 5, 'C': 5, 'A': 4, 'D': 1}","[1.0, 0.88, 1.0]",4.38
94,"[1, 2, 5]","[5, 5, 5]","[0.88, 0.75, 0.88]","[['B', 'A', 'C', 'D'], ['C', 'D', 'B', 'A'], ['C', 'B', 'D', 'A']]","{'B': 5, 'C': 5, 'A': 3, 'D': 2}","[1.0, 0.88, 1.0]",4.38
94,"[1, 2, 5]","[5, 5, 5]","[0.88, 0.75, 0.88]","[['B', 'A', 'C', 'D'], ['C', 'D', 'B', 'A'], ['C', 'D', 'B', 'A']]","{'B': 5, 'C': 5, 'A': 3, 'D': 2}","[1.0, 0.88, 1.0]",4.38
94,"[1, 2, 5]","[5, 5, 5]","[0.88, 0.75, 0.88]","[['B', 'A', 'C', 'D'], ['C', 'D', 'B', 'A'], ['D', 'B', 'C', 'A']]","{'B': 5, 'C': 5, 'A': 3, 'D': 2}","[1.0, 0.88, 1.0]",4.38
94,"[1, 2, 5]","[5, 5, 5]","[0.88, 0.75, 0.88]","[['B', 'A', 'C', 'D'], ['C', 'D', 'B', 'A'], ['D', 'C', 'B', 'A']]","{'B': 5, 'C': 5, 'A': 3, 'D': 2}","[1.0, 0.88, 1.0]",4.38
94,"[1, 2, 5]","[5, 5, 5]","[0.88, 0.75, 0.88]","[['B', 'A', 'C', 'D'], ['D', 'B', 'C', 'A'], ['A', 'B', 'C', 'D']]","{'B': 5, 'C': 5, 'A': 4, 'D': 1}","[1.0, 0.88, 1.0]",4.38
94,"[1, 2, 5]","[5, 5, 5]","[0.88, 0.75, 0.88]","[['B', 'A', 'C', 'D'], ['D', 'B', 'C', 'A'], ['A', 'C', 'B', 'D']]","{'B': 5, 'C': 5, 'A': 4, 'D': 1}","[1.0, 0.88, 1.0]",4.38
94,"[1, 2, 5]","[5, 5, 5]","[0.88, 0.75, 0.88]","[['B', 'A', 'C', 'D'], ['D', 'B', 'C', 'A'], ['B', 'A', 'C', 'D']]","{'B': 5, 'C': 5, 'A': 4, 'D': 1}","[1.0, 0.88, 1.0]",4.38
94,"[1, 2, 5]","[5, 5, 5]","[0.88, 0.75, 0.88]","[['B', 'A', 'C', 'D'], ['D', 'B', 'C', 'A'], ['B', 'C', 'A', 'D']]","{'B': 5, 'C': 5, 'A': 4, 'D': 1}","[1.0, 0.88, 1.0]",4.38
94,"[1, 2, 5]","[5, 5, 5]","[0.88, 0.75, 0.88]","[['B', 'A', 'C', 'D'], ['D', 'B', 'C', 'A'], ['B', 'C', 'D', 'A']]","{'B': 5, 'C': 5, 'A': 3, 'D': 2}","[1.0, 0.88, 1.0]",4.38
94,"[1, 2, 5]","[5, 5, 5]","[0.88, 0.75, 0.88]","[['B', 'A', 'C', 'D'], ['D', 'B', 'C', 'A'], ['B', 'D', 'C', 'A']]","{'B': 5, 'C': 5, 'A': 3, 'D': 2}","[1.0, 0.88, 1.0]",4.38
94,"[1, 2, 5]","[5, 5, 5]","[0.88, 0.75, 0.88]","[['B', 'A', 'C', 'D'], ['D', 'B', 'C', 'A'], ['C', 'A', 'B', 'D']]","{'B': 5, 'C': 5, 'A': 4, 'D': 1}","[1.0, 0.88, 1.0]",4.38
94,"[1, 2, 5]","[5, 5, 5]","[0.88, 0.75, 0.88]","[['B', 'A', 'C', 'D'], ['D', 'B', 'C', 'A'], ['C', 'B', 'A', 'D']]","{'B': 5, 'C': 5, 'A': 4, 'D': 1}","[1.0, 0.88, 1.0]",4.38
94,"[1, 2, 5]","[5, 5, 5]","[0.88, 0.75, 0.88]","[['B', 'A', 'C', 'D'], ['D', 'B', 'C', 'A'], ['C', 'B', 'D', 'A']]","{'B': 5, 'C': 5, 'A': 3, 'D': 2}","[1.0, 0.88, 1.0]",4.38
94,"[1, 2, 5]","[5, 5, 5]","[0.88, 0.75, 0.88]","[['B', 'A', 'C', 'D'], ['D', 'B', 'C', 'A'], ['C', 'D', 'B', 'A']]","{'B': 5, 'C': 5, 'A': 3, 'D': 2}","[1.0, 0.88, 1.0]",4.38
94,"[1, 2, 5]","[5, 5, 5]","[0.88, 0.75, 0.88]","[['B', 'A', 'C', 'D'], ['D', 'B', 'C', 'A'], ['D', 'B', 'C', 'A']]","{'B': 5, 'C': 5, 'A': 3, 'D': 2}","[1.0, 0.88, 1.0]",4.38
94,"[1, 2, 5]","[5, 5, 5]","[0.88, 0.75, 0.88]","[['B', 'A', 'C', 'D'], ['D', 'B', 'C', 'A'], ['D', 'C', 'B', 'A']]","{'B': 5, 'C': 5, 'A': 3, 'D': 2}","[1.0, 0.88, 1.0]",4.38
94,"[1, 2, 5]","[5, 5, 5]","[0.88, 0.75, 0.88]","[['B', 'A', 'C', 'D'], ['D', 'C', 'B', 'A'], ['A', 'B', 'C', 'D']]","{'B': 5, 'C': 5, 'A': 4, 'D': 1}","[1.0, 0.88, 1.0]",4.38
94,"[1, 2, 5]","[5, 5, 5]","[0.88, 0.75, 0.88]","[['B', 'A', 'C', 'D'], ['D', 'C', 'B', 'A'], ['A', 'C', 'B', 'D']]","{'B': 5, 'C': 5, 'A': 4, 'D': 1}","[1.0, 0.88, 1.0]",4.38
94,"[1, 2, 5]","[5, 5, 5]","[0.88, 0.75, 0.88]","[['B', 'A', 'C', 'D'], ['D', 'C', 'B', 'A'], ['B', 'A', 'C', 'D']]","{'B': 5, 'C': 5, 'A': 4, 'D': 1}","[1.0, 0.88, 1.0]",4.38
94,"[1, 2, 5]","[5, 5, 5]","[0.88, 0.75, 0.88]","[['B', 'A', 'C', 'D'], ['D', 'C', 'B', 'A'], ['B', 'C', 'A', 'D']]","{'B': 5, 'C': 5, 'A': 4, 'D': 1}","[1.0, 0.88, 1.0]",4.38
94,"[1, 2, 5]","[5, 5, 5]","[0.88, 0.75, 0.88]","[['B', 'A', 'C', 'D'], ['D', 'C', 'B', 'A'], ['B', 'C', 'D', 'A']]","{'B': 5, 'C': 5, 'A': 3, 'D': 2}","[1.0, 0.88, 1.0]",4.38
94,"[1, 2, 5]","[5, 5, 5]","[0.88, 0.75, 0.88]","[['B', 'A', 'C', 'D'], ['D', 'C', 'B', 'A'], ['B', 'D', 'C', 'A']]","{'B': 5, 'C': 5, 'A': 3, 'D': 2}","[1.0, 0.88, 1.0]",4.38
94,"[1, 2, 5]","[5, 5, 5]","[0.88, 0.75, 0.88]","[['B', 'A', 'C', 'D'], ['D', 'C', 'B', 'A'], ['C', 'A', 'B', 'D']]","{'B': 5, 'C': 5, 'A': 4, 'D': 1}","[1.0, 0.88, 1.0]",4.38
94,"[1, 2, 5]","[5, 5, 5]","[0.88, 0.75, 0.88]","[['B', 'A', 'C', 'D'], ['D', 'C', 'B', 'A'], ['C', 'B', 'A', 'D']]","{'B': 5, 'C': 5, 'A': 4, 'D': 1}","[1.0, 0.88, 1.0]",4.38
94,"[1, 2, 5]","[5, 5, 5]","[0.88, 0.75, 0.88]","[['B', 'A', 'C', 'D'], ['D', 'C', 'B', 'A'], ['C', 'B', 'D', 'A']]","{'B': 5, 'C': 5, 'A': 3, 'D': 2}","[1.0, 0.88, 1.0]",4.38
94,"[1, 2, 5]","[5, 5, 5]","[0.88, 0.75, 0.88]","[['B', 'A', 'C', 'D'], ['D', 'C', 'B', 'A'], ['C', 'D', 'B', 'A']]","{'B': 5, 'C': 5, 'A': 3, 'D': 2}","[1.0, 0.88, 1.0]",4.38
94,"[1, 2, 5]","[5, 5, 5]","[0.88, 0.75, 0.88]","[['B', 'A', 'C', 'D'], ['D', 'C', 'B', 'A'], ['D', 'B', 'C', 'A']]","{'B': 5, 'C': 5, 'A': 3, 'D': 2}","[1.0, 0.88, 1.0]",4.38
94,"[1, 2, 5]","[5, 5, 5]","[0.88, 0.75, 0.88]","[['B', 'A', 'C', 'D'], ['D', 'C', 'B', 'A'], ['D', 'C', 'B', 'A']]","{'B': 5, 'C': 5, 'A': 3, 'D': 2}","[1.0, 0.88, 1.0]",4.38
94,"[1, 2, 5]","[5, 5, 5]","[0.88, 0.75, 0.88]","[['B', 'A', 'D', 'C'], ['B', 'C', 'D', 'A'], ['B', 'C', 'D', 'A']]","{'B': 5, 'C': 4, 'A': 3, 'D': 3}","[1.0, 0.88, 1.0]",4.38
94,"[1, 2, 5]","[5, 5, 5]","[0.88, 0.75, 0.88]","[['B', 'A', 'D', 'C'], ['B', 'C', 'D', 'A'], ['B', 'D', 'C', 'A']]","{'B': 5, 'C': 4, 'A': 3, 'D': 3}","[1.0, 0.88, 1.0]",4.38
94,"[1, 2, 5]","[5, 5, 5]","[0.88, 0.75, 0.88]","[['B', 'A', 'D', 'C'], ['B', 'C', 'D', 'A'], ['C', 'B', 'D', 'A']]","{'B': 5, 'C': 4, 'A': 3, 'D': 3}","[1.0, 0.88, 1.0]",4.38
94,"[1, 2, 5]","[5, 5, 5]","[0.88, 0.75, 0.88]","[['B', 'A', 'D', 'C'], ['B', 'C', 'D', 'A'], ['C', 'D', 'B', 'A']]","{'B': 5, 'C': 4, 'A': 3, 'D': 3}","[1.0, 0.88, 1.0]",4.38
94,"[1, 2, 5]","[5, 5, 5]","[0.88, 0.75, 0.88]","[['B', 'A', 'D', 'C'], ['B', 'C', 'D', 'A'], ['D', 'B', 'C', 'A']]","{'B': 5, 'C': 4, 'A': 3, 'D': 3}","[1.0, 0.88, 1.0]",4.38
94,"[1, 2, 5]","[5, 5, 5]","[0.88, 0.75, 0.88]","[['B', 'A', 'D', 'C'], ['B', 'C', 'D', 'A'], ['D', 'C', 'B', 'A']]","{'B': 5, 'C': 4, 'A': 3, 'D': 3}","[1.0, 0.88, 1.0]",4.38
94,"[1, 2, 5]","[5, 5, 5]","[0.88, 0.75, 0.88]","[['B', 'A', 'D', 'C'], ['B', 'D', 'C', 'A'], ['B', 'C', 'D', 'A']]","{'B': 5, 'C': 4, 'A': 3, 'D': 3}","[1.0, 0.88, 1.0]",4.38
94,"[1, 2, 5]","[5, 5, 5]","[0.88, 0.75, 0.88]","[['B', 'A', 'D', 'C'], ['B', 'D', 'C', 'A'], ['B', 'D', 'C', 'A']]","{'B': 5, 'C': 4, 'A': 3, 'D': 3}","[1.0, 0.88, 1.0]",4.38
94,"[1, 2, 5]","[5, 5, 5]","[0.88, 0.75, 0.88]","[['B', 'A', 'D', 'C'], ['B', 'D', 'C', 'A'], ['C', 'B', 'D', 'A']]","{'B': 5, 'C': 4, 'A': 3, 'D': 3}","[1.0, 0.88, 1.0]",4.38
94,"[1, 2, 5]","[5, 5, 5]","[0.88, 0.75, 0.88]","[['B', 'A', 'D', 'C'], ['B', 'D', 'C', 'A'], ['C', 'D', 'B', 'A']]","{'B': 5, 'C': 4, 'A': 3, 'D': 3}","[1.0, 0.88, 1.0]",4.38
94,"[1, 2, 5]","[5, 5, 5]","[0.88, 0.75, 0.88]","[['B', 'A', 'D', 'C'], ['B', 'D', 'C', 'A'], ['D', 'B', 'C', 'A']]","{'B': 5, 'C': 4, 'A': 3, 'D': 3}","[1.0, 0.88, 1.0]",4.38
94,"[1, 2, 5]","[5, 5, 5]","[0.88, 0.75, 0.88]","[['B', 'A', 'D', 'C'], ['B', 'D', 'C', 'A'], ['D', 'C', 'B', 'A']]","{'B': 5, 'C': 4, 'A': 3, 'D': 3}","[1.0, 0.88, 1.0]",4.38
94,"[1, 2, 5]","[5, 5, 5]","[0.88, 0.75, 0.88]","[['B', 'A', 'D', 'C'], ['C', 'B', 'D', 'A'], ['B', 'C', 'D', 'A']]","{'B': 5, 'C': 4, 'A': 3, 'D': 3}","[1.0, 0.88, 1.0]",4.38
94,"[1, 2, 5]","[5, 5, 5]","[0.88, 0.75, 0.88]","[['B', 'A', 'D', 'C'], ['C', 'B', 'D', 'A'], ['B', 'D', 'C', 'A']]","{'B': 5, 'C': 4, 'A': 3, 'D': 3}","[1.0, 0.88, 1.0]",4.38
94,"[1, 2, 5]","[5, 5, 5]","[0.88, 0.75, 0.88]","[['B', 'A', 'D', 'C'], ['C', 'B', 'D', 'A'], ['C', 'B', 'D', 'A']]","{'B': 5, 'C': 4, 'A': 3, 'D': 3}","[1.0, 0.88, 1.0]",4.38
94,"[1, 2, 5]","[5, 5, 5]","[0.88, 0.75, 0.88]","[['B', 'A', 'D', 'C'], ['C', 'B', 'D', 'A'], ['C', 'D', 'B', 'A']]","{'B': 5, 'C': 4, 'A': 3, 'D': 3}","[1.0, 0.88, 1.0]",4.38
94,"[1, 2, 5]","[5, 5, 5]","[0.88, 0.75, 0.88]","[['B', 'A', 'D', 'C'], ['C', 'B', 'D', 'A'], ['D', 'B', 'C', 'A']]","{'B': 5, 'C': 4, 'A': 3, 'D': 3}","[1.0, 0.88, 1.0]",4.38
94,"[1, 2, 5]","[5, 5, 5]","[0.88, 0.75, 0.88]","[['B', 'A', 'D', 'C'], ['C', 'B', 'D', 'A'], ['D', 'C', 'B', 'A']]","{'B': 5, 'C': 4, 'A': 3, 'D': 3}","[1.0, 0.88, 1.0]",4.38
94,"[1, 2, 5]","[5, 5, 5]","[0.88, 0.75, 0.88]","[['B', 'A', 'D', 'C'], ['C', 'D', 'B', 'A'], ['B', 'C', 'D', 'A']]","{'B': 5, 'C': 4, 'A': 3, 'D': 3}","[1.0, 0.88, 1.0]",4.38
94,"[1, 2, 5]","[5, 5, 5]","[0.88, 0.75, 0.88]","[['B', 'A', 'D', 'C'], ['C', 'D', 'B', 'A'], ['B', 'D', 'C', 'A']]","{'B': 5, 'C': 4, 'A': 3, 'D': 3}","[1.0, 0.88, 1.0]",4.38
94,"[1, 2, 5]","[5, 5, 5]","[0.88, 0.75, 0.88]","[['B', 'A', 'D', 'C'], ['C', 'D', 'B', 'A'], ['C', 'B', 'D', 'A']]","{'B': 5, 'C': 4, 'A': 3, 'D': 3}","[1.0, 0.88, 1.0]",4.38
94,"[1, 2, 5]","[5, 5, 5]","[0.88, 0.75, 0.88]","[['B', 'A', 'D', 'C'], ['C', 'D', 'B', 'A'], ['C', 'D', 'B', 'A']]","{'B': 5, 'C': 4, 'A': 3, 'D': 3}","[1.0, 0.88, 1.0]",4.38
94,"[1, 2, 5]","[5, 5, 5]","[0.88, 0.75, 0.88]","[['B', 'A', 'D', 'C'], ['C', 'D', 'B', 'A'], ['D', 'B', 'C', 'A']]","{'B': 5, 'C': 4, 'A': 3, 'D': 3}","[1.0, 0.88, 1.0]",4.38
94,"[1, 2, 5]","[5, 5, 5]","[0.88, 0.75, 0.88]","[['B', 'A', 'D', 'C'], ['C', 'D', 'B', 'A'], ['D', 'C', 'B', 'A']]","{'B': 5, 'C': 4, 'A': 3, 'D': 3}","[1.0, 0.88, 1.0]",4.38
94,"[1, 2, 5]","[5, 5, 5]","[0.88, 0.75, 0.88]","[['B', 'A', 'D', 'C'], ['D', 'B', 'C', 'A'], ['B', 'C', 'D', 'A']]","{'B': 5, 'C': 4, 'A': 3, 'D': 3}","[1.0, 0.88, 1.0]",4.38
94,"[1, 2, 5]","[5, 5, 5]","[0.88, 0.75, 0.88]","[['B', 'A', 'D', 'C'], ['D', 'B', 'C', 'A'], ['B', 'D', 'C', 'A']]","{'B': 5, 'C': 4, 'A': 3, 'D': 3}","[1.0, 0.88, 1.0]",4.38
94,"[1, 2, 5]","[5, 5, 5]","[0.88, 0.75, 0.88]","[['B', 'A', 'D', 'C'], ['D', 'B', 'C', 'A'], ['C', 'B', 'D', 'A']]","{'B': 5, 'C': 4, 'A': 3, 'D': 3}","[1.0, 0.88, 1.0]",4.38
94,"[1, 2, 5]","[5, 5, 5]","[0.88, 0.75, 0.88]","[['B', 'A', 'D', 'C'], ['D', 'B', 'C', 'A'], ['C', 'D', 'B', 'A']]","{'B': 5, 'C': 4, 'A': 3, 'D': 3}","[1.0, 0.88, 1.0]",4.38
94,"[1, 2, 5]","[5, 5, 5]","[0.88, 0.75, 0.88]","[['B', 'A', 'D', 'C'], ['D', 'B', 'C', 'A'], ['D', 'B', 'C', 'A']]","{'B': 5, 'C': 4, 'A': 3, 'D': 3}","[1.0, 0.88, 1.0]",4.38
94,"[1, 2, 5]","[5, 5, 5]","[0.88, 0.75, 0.88]","[['B', 'A', 'D', 'C'], ['D', 'B', 'C', 'A'], ['D', 'C', 'B', 'A']]","{'B': 5, 'C': 4, 'A': 3, 'D': 3}","[1.0, 0.88, 1.0]",4.38
94,"[1, 2, 5]","[5, 5, 5]","[0.88, 0.75, 0.88]","[['B', 'A', 'D', 'C'], ['D', 'C', 'B', 'A'], ['B', 'C', 'D', 'A']]","{'B': 5, 'C': 4, 'A': 3, 'D': 3}","[1.0, 0.88, 1.0]",4.38
94,"[1, 2, 5]","[5, 5, 5]","[0.88, 0.75, 0.88]","[['B', 'A', 'D', 'C'], ['D', 'C', 'B', 'A'], ['B', 'D', 'C', 'A']]","{'B': 5, 'C': 4, 'A': 3, 'D': 3}","[1.0, 0.88, 1.0]",4.38
94,"[1, 2, 5]","[5, 5, 5]","[0.88, 0.75, 0.88]","[['B', 'A', 'D', 'C'], ['D', 'C', 'B', 'A'], ['C', 'B', 'D', 'A']]","{'B': 5, 'C': 4, 'A': 3, 'D': 3}","[1.0, 0.88, 1.0]",4.38
94,"[1, 2, 5]","[5, 5, 5]","[0.88, 0.75, 0.88]","[['B', 'A', 'D', 'C'], ['D', 'C', 'B', 'A'], ['C', 'D', 'B', 'A']]","{'B': 5, 'C': 4, 'A': 3, 'D': 3}","[1.0, 0.88, 1.0]",4.38
94,"[1, 2, 5]","[5, 5, 5]","[0.88, 0.75, 0.88]","[['B', 'A', 'D', 'C'], ['D', 'C', 'B', 'A'], ['D', 'B', 'C', 'A']]","{'B': 5, 'C': 4, 'A': 3, 'D': 3}","[1.0, 0.88, 1.0]",4.38
94,"[1, 2, 5]","[5, 5, 5]","[0.88, 0.75, 0.88]","[['B', 'A', 'D', 'C'], ['D', 'C', 'B', 'A'], ['D', 'C', 'B', 'A']]","{'B': 5, 'C': 4, 'A': 3, 'D': 3}","[1.0, 0.88, 1.0]",4.38
94,"[1, 2, 5]","[5, 5, 5]","[0.88, 0.75, 0.88]","[['B', 'C', 'A', 'D'], ['A', 'B', 'C', 'D'], ['B', 'C', 'D', 'A']]","{'B': 5, 'C': 5, 'A': 4, 'D': 1}","[1.0, 0.88, 1.0]",4.38
94,"[1, 2, 5]","[5, 5, 5]","[0.88, 0.75, 0.88]","[['B', 'C', 'A', 'D'], ['A', 'B', 'C', 'D'], ['B', 'D', 'C', 'A']]","{'B': 5, 'C': 5, 'A': 4, 'D': 1}","[1.0, 0.88, 1.0]",4.38
94,"[1, 2, 5]","[5, 5, 5]","[0.88, 0.75, 0.88]","[['B', 'C', 'A', 'D'], ['A', 'B', 'C', 'D'], ['C', 'B', 'D', 'A']]","{'B': 5, 'C': 5, 'A': 4, 'D': 1}","[1.0, 0.88, 1.0]",4.38
94,"[1, 2, 5]","[5, 5, 5]","[0.88, 0.75, 0.88]","[['B', 'C', 'A', 'D'], ['A', 'B', 'C', 'D'], ['C', 'D', 'B', 'A']]","{'B': 5, 'C': 5, 'A': 4, 'D': 1}","[1.0, 0.88, 1.0]",4.38
94,"[1, 2, 5]","[5, 5, 5]","[0.88, 0.75, 0.88]","[['B', 'C', 'A', 'D'], ['A', 'B', 'C', 'D'], ['D', 'B', 'C', 'A']]","{'B': 5, 'C': 5, 'A': 4, 'D': 1}","[1.0, 0.88, 1.0]",4.38
94,"[1, 2, 5]","[5, 5, 5]","[0.88, 0.75, 0.88]","[['B', 'C', 'A', 'D'], ['A', 'B', 'C', 'D'], ['D', 'C', 'B', 'A']]","{'B': 5, 'C': 5, 'A': 4, 'D': 1}","[1.0, 0.88, 1.0]",4.38
94,"[1, 2, 5]","[5, 5, 5]","[0.88, 0.75, 0.88]","[['B', 'C', 'A', 'D'], ['A', 'C', 'B', 'D'], ['B', 'C', 'D', 'A']]","{'B': 5, 'C': 5, 'A': 4, 'D': 1}","[1.0, 0.88, 1.0]",4.38
94,"[1, 2, 5]","[5, 5, 5]","[0.88, 0.75, 0.88]","[['B', 'C', 'A', 'D'], ['A', 'C', 'B', 'D'], ['B', 'D', 'C', 'A']]","{'B': 5, 'C': 5, 'A': 4, 'D': 1}","[1.0, 0.88, 1.0]",4.38
94,"[1, 2, 5]","[5, 5, 5]","[0.88, 0.75, 0.88]","[['B', 'C', 'A', 'D'], ['A', 'C', 'B', 'D'], ['C', 'B', 'D', 'A']]","{'B': 5, 'C': 5, 'A': 4, 'D': 1}","[1.0, 0.88, 1.0]",4.38
94,"[1, 2, 5]","[5, 5, 5]","[0.88, 0.75, 0.88]","[['B', 'C', 'A', 'D'], ['A', 'C', 'B', 'D'], ['C', 'D', 'B', 'A']]","{'B': 5, 'C': 5, 'A': 4, 'D': 1}","[1.0, 0.88, 1.0]",4.38
94,"[1, 2, 5]","[5, 5, 5]","[0.88, 0.75, 0.88]","[['B', 'C', 'A', 'D'], ['A', 'C', 'B', 'D'], ['D', 'B', 'C', 'A']]","{'B': 5, 'C': 5, 'A': 4, 'D': 1}","[1.0, 0.88, 1.0]",4.38
94,"[1, 2, 5]","[5, 5, 5]","[0.88, 0.75, 0.88]","[['B', 'C', 'A', 'D'], ['A', 'C', 'B', 'D'], ['D', 'C', 'B', 'A']]","{'B': 5, 'C': 5, 'A': 4, 'D': 1}","[1.0, 0.88, 1.0]",4.38
94,"[1, 2, 5]","[5, 5, 5]","[0.88, 0.75, 0.88]","[['B', 'C', 'A', 'D'], ['B', 'A', 'C', 'D'], ['B', 'C', 'D', 'A']]","{'B': 5, 'C': 5, 'A': 4, 'D': 1}","[1.0, 0.88, 1.0]",4.38
94,"[1, 2, 5]","[5, 5, 5]","[0.88, 0.75, 0.88]","[['B', 'C', 'A', 'D'], ['B', 'A', 'C', 'D'], ['B', 'D', 'C', 'A']]","{'B': 5, 'C': 5, 'A': 4, 'D': 1}","[1.0, 0.88, 1.0]",4.38
94,"[1, 2, 5]","[5, 5, 5]","[0.88, 0.75, 0.88]","[['B', 'C', 'A', 'D'], ['B', 'A', 'C', 'D'], ['C', 'B', 'D', 'A']]","{'B': 5, 'C': 5, 'A': 4, 'D': 1}","[1.0, 0.88, 1.0]",4.38
94,"[1, 2, 5]","[5, 5, 5]","[0.88, 0.75, 0.88]","[['B', 'C', 'A', 'D'], ['B', 'A', 'C', 'D'], ['C', 'D', 'B', 'A']]","{'B': 5, 'C': 5, 'A': 4, 'D': 1}","[1.0, 0.88, 1.0]",4.38
94,"[1, 2, 5]","[5, 5, 5]","[0.88, 0.75, 0.88]","[['B', 'C', 'A', 'D'], ['B', 'A', 'C', 'D'], ['D', 'B', 'C', 'A']]","{'B': 5, 'C': 5, 'A': 4, 'D': 1}","[1.0, 0.88, 1.0]",4.38
94,"[1, 2, 5]","[5, 5, 5]","[0.88, 0.75, 0.88]","[['B', 'C', 'A', 'D'], ['B', 'A', 'C', 'D'], ['D', 'C', 'B', 'A']]","{'B': 5, 'C': 5, 'A': 4, 'D': 1}","[1.0, 0.88, 1.0]",4.38
94,"[1, 2, 5]","[5, 5, 5]","[0.88, 0.75, 0.88]","[['B', 'C', 'A', 'D'], ['B', 'C', 'A', 'D'], ['B', 'C', 'D', 'A']]","{'B': 5, 'C': 5, 'A': 4, 'D': 1}","[1.0, 0.88, 1.0]",4.38
94,"[1, 2, 5]","[5, 5, 5]","[0.88, 0.75, 0.88]","[['B', 'C', 'A', 'D'], ['B', 'C', 'A', 'D'], ['B', 'D', 'C', 'A']]","{'B': 5, 'C': 5, 'A': 4, 'D': 1}","[1.0, 0.88, 1.0]",4.38
94,"[1, 2, 5]","[5, 5, 5]","[0.88, 0.75, 0.88]","[['B', 'C', 'A', 'D'], ['B', 'C', 'A', 'D'], ['C', 'B', 'D', 'A']]","{'B': 5, 'C': 5, 'A': 4, 'D': 1}","[1.0, 0.88, 1.0]",4.38
94,"[1, 2, 5]","[5, 5, 5]","[0.88, 0.75, 0.88]","[['B', 'C', 'A', 'D'], ['B', 'C', 'A', 'D'], ['C', 'D', 'B', 'A']]","{'B': 5, 'C': 5, 'A': 4, 'D': 1}","[1.0, 0.88, 1.0]",4.38
94,"[1, 2, 5]","[5, 5, 5]","[0.88, 0.75, 0.88]","[['B', 'C', 'A', 'D'], ['B', 'C', 'A', 'D'], ['D', 'B', 'C', 'A']]","{'B': 5, 'C': 5, 'A': 4, 'D': 1}","[1.0, 0.88, 1.0]",4.38
94,"[1, 2, 5]","[5, 5, 5]","[0.88, 0.75, 0.88]","[['B', 'C', 'A', 'D'], ['B', 'C', 'A', 'D'], ['D', 'C', 'B', 'A']]","{'B': 5, 'C': 5, 'A': 4, 'D': 1}","[1.0, 0.88, 1.0]",4.38
94,"[1, 2, 5]","[5, 5, 5]","[0.88, 0.75, 0.88]","[['B', 'C', 'A', 'D'], ['B', 'C', 'D', 'A'], ['A', 'B', 'C', 'D']]","{'B': 5, 'C': 5, 'A': 4, 'D': 1}","[1.0, 0.88, 1.0]",4.38
94,"[1, 2, 5]","[5, 5, 5]","[0.88, 0.75, 0.88]","[['B', 'C', 'A', 'D'], ['B', 'C', 'D', 'A'], ['A', 'C', 'B', 'D']]","{'B': 5, 'C': 5, 'A': 4, 'D': 1}","[1.0, 0.88, 1.0]",4.38
94,"[1, 2, 5]","[5, 5, 5]","[0.88, 0.75, 0.88]","[['B', 'C', 'A', 'D'], ['B', 'C', 'D', 'A'], ['B', 'A', 'C', 'D']]","{'B': 5, 'C': 5, 'A': 4, 'D': 1}","[1.0, 0.88, 1.0]",4.38
94,"[1, 2, 5]","[5, 5, 5]","[0.88, 0.75, 0.88]","[['B', 'C', 'A', 'D'], ['B', 'C', 'D', 'A'], ['B', 'C', 'A', 'D']]","{'B': 5, 'C': 5, 'A': 4, 'D': 1}","[1.0, 0.88, 1.0]",4.38
94,"[1, 2, 5]","[5, 5, 5]","[0.88, 0.75, 0.88]","[['B', 'C', 'A', 'D'], ['B', 'C', 'D', 'A'], ['B', 'C', 'D', 'A']]","{'B': 5, 'C': 5, 'A': 3, 'D': 2}","[1.0, 0.88, 1.0]",4.38
94,"[1, 2, 5]","[5, 5, 5]","[0.88, 0.75, 0.88]","[['B', 'C', 'A', 'D'], ['B', 'C', 'D', 'A'], ['B', 'D', 'C', 'A']]","{'B': 5, 'C': 5, 'A': 3, 'D': 2}","[1.0, 0.88, 1.0]",4.38
94,"[1, 2, 5]","[5, 5, 5]","[0.88, 0.75, 0.88]","[['B', 'C', 'A', 'D'], ['B', 'C', 'D', 'A'], ['C', 'A', 'B', 'D']]","{'B': 5, 'C': 5, 'A': 4, 'D': 1}","[1.0, 0.88, 1.0]",4.38
94,"[1, 2, 5]","[5, 5, 5]","[0.88, 0.75, 0.88]","[['B', 'C', 'A', 'D'], ['B', 'C', 'D', 'A'], ['C', 'B', 'A', 'D']]","{'B': 5, 'C': 5, 'A': 4, 'D': 1}","[1.0, 0.88, 1.0]",4.38
94,"[1, 2, 5]","[5, 5, 5]","[0.88, 0.75, 0.88]","[['B', 'C', 'A', 'D'], ['B', 'C', 'D', 'A'], ['C', 'B', 'D', 'A']]","{'B': 5, 'C': 5, 'A': 3, 'D': 2}","[1.0, 0.88, 1.0]",4.38
94,"[1, 2, 5]","[5, 5, 5]","[0.88, 0.75, 0.88]","[['B', 'C', 'A', 'D'], ['B', 'C', 'D', 'A'], ['C', 'D', 'B', 'A']]","{'B': 5, 'C': 5, 'A': 3, 'D': 2}","[1.0, 0.88, 1.0]",4.38
94,"[1, 2, 5]","[5, 5, 5]","[0.88, 0.75, 0.88]","[['B', 'C', 'A', 'D'], ['B', 'C', 'D', 'A'], ['D', 'B', 'C', 'A']]","{'B': 5, 'C': 5, 'A': 3, 'D': 2}","[1.0, 0.88, 1.0]",4.38
94,"[1, 2, 5]","[5, 5, 5]","[0.88, 0.75, 0.88]","[['B', 'C', 'A', 'D'], ['B', 'C', 'D', 'A'], ['D', 'C', 'B', 'A']]","{'B': 5, 'C': 5, 'A': 3, 'D': 2}","[1.0, 0.88, 1.0]",4.38
94,"[1, 2, 5]","[5, 5, 5]","[0.88, 0.75, 0.88]","[['B', 'C', 'A', 'D'], ['B', 'D', 'C', 'A'], ['A', 'B', 'C', 'D']]","{'B': 5, 'C': 5, 'A': 4, 'D': 1}","[1.0, 0.88, 1.0]",4.38
94,"[1, 2, 5]","[5, 5, 5]","[0.88, 0.75, 0.88]","[['B', 'C', 'A', 'D'], ['B', 'D', 'C', 'A'], ['A', 'C', 'B', 'D']]","{'B': 5, 'C': 5, 'A': 4, 'D': 1}","[1.0, 0.88, 1.0]",4.38
94,"[1, 2, 5]","[5, 5, 5]","[0.88, 0.75, 0.88]","[['B', 'C', 'A', 'D'], ['B', 'D', 'C', 'A'], ['B', 'A', 'C', 'D']]","{'B': 5, 'C': 5, 'A': 4, 'D': 1}","[1.0, 0.88, 1.0]",4.38
94,"[1, 2, 5]","[5, 5, 5]","[0.88, 0.75, 0.88]","[['B', 'C', 'A', 'D'], ['B', 'D', 'C', 'A'], ['B', 'C', 'A', 'D']]","{'B': 5, 'C': 5, 'A': 4, 'D': 1}","[1.0, 0.88, 1.0]",4.38
94,"[1, 2, 5]","[5, 5, 5]","[0.88, 0.75, 0.88]","[['B', 'C', 'A', 'D'], ['B', 'D', 'C', 'A'], ['B', 'C', 'D', 'A']]","{'B': 5, 'C': 5, 'A': 3, 'D': 2}","[1.0, 0.88, 1.0]",4.38
94,"[1, 2, 5]","[5, 5, 5]","[0.88, 0.75, 0.88]","[['B', 'C', 'A', 'D'], ['B', 'D', 'C', 'A'], ['B', 'D', 'C', 'A']]","{'B': 5, 'C': 5, 'A': 3, 'D': 2}","[1.0, 0.88, 1.0]",4.38
94,"[1, 2, 5]","[5, 5, 5]","[0.88, 0.75, 0.88]","[['B', 'C', 'A', 'D'], ['B', 'D', 'C', 'A'], ['C', 'A', 'B', 'D']]","{'B': 5, 'C': 5, 'A': 4, 'D': 1}","[1.0, 0.88, 1.0]",4.38
94,"[1, 2, 5]","[5, 5, 5]","[0.88, 0.75, 0.88]","[['B', 'C', 'A', 'D'], ['B', 'D', 'C', 'A'], ['C', 'B', 'A', 'D']]","{'B': 5, 'C': 5, 'A': 4, 'D': 1}","[1.0, 0.88, 1.0]",4.38
94,"[1, 2, 5]","[5, 5, 5]","[0.88, 0.75, 0.88]","[['B', 'C', 'A', 'D'], ['B', 'D', 'C', 'A'], ['C', 'B', 'D', 'A']]","{'B': 5, 'C': 5, 'A': 3, 'D': 2}","[1.0, 0.88, 1.0]",4.38
94,"[1, 2, 5]","[5, 5, 5]","[0.88, 0.75, 0.88]","[['B', 'C', 'A', 'D'], ['B', 'D', 'C', 'A'], ['C', 'D', 'B', 'A']]","{'B': 5, 'C': 5, 'A': 3, 'D': 2}","[1.0, 0.88, 1.0]",4.38
94,"[1, 2, 5]","[5, 5, 5]","[0.88, 0.75, 0.88]","[['B', 'C', 'A', 'D'], ['B', 'D', 'C', 'A'], ['D', 'B', 'C', 'A']]","{'B': 5, 'C': 5, 'A': 3, 'D': 2}","[1.0, 0.88, 1.0]",4.38
94,"[1, 2, 5]","[5, 5, 5]","[0.88, 0.75, 0.88]","[['B', 'C', 'A', 'D'], ['B', 'D', 'C', 'A'], ['D', 'C', 'B', 'A']]","{'B': 5, 'C': 5, 'A': 3, 'D': 2}","[1.0, 0.88, 1.0]",4.38
94,"[1, 2, 5]","[5, 5, 5]","[0.88, 0.75, 0.88]","[['B', 'C', 'A', 'D'], ['C', 'A', 'B', 'D'], ['B', 'C', 'D', 'A']]","{'B': 5, 'C': 5, 'A': 4, 'D': 1}","[1.0, 0.88, 1.0]",4.38
94,"[1, 2, 5]","[5, 5, 5]","[0.88, 0.75, 0.88]","[['B', 'C', 'A', 'D'], ['C', 'A', 'B', 'D'], ['B', 'D', 'C', 'A']]","{'B': 5, 'C': 5, 'A': 4, 'D': 1}","[1.0, 0.88, 1.0]",4.38
94,"[1, 2, 5]","[5, 5, 5]","[0.88, 0.75, 0.88]","[['B', 'C', 'A', 'D'], ['C', 'A', 'B', 'D'], ['C', 'B', 'D', 'A']]","{'B': 5, 'C': 5, 'A': 4, 'D': 1}","[1.0, 0.88, 1.0]",4.38
94,"[1, 2, 5]","[5, 5, 5]","[0.88, 0.75, 0.88]","[['B', 'C', 'A', 'D'], ['C', 'A', 'B', 'D'], ['C', 'D', 'B', 'A']]","{'B': 5, 'C': 5, 'A': 4, 'D': 1}","[1.0, 0.88, 1.0]",4.38
94,"[1, 2, 5]","[5, 5, 5]","[0.88, 0.75, 0.88]","[['B', 'C', 'A', 'D'], ['C', 'A', 'B', 'D'], ['D', 'B', 'C', 'A']]","{'B': 5, 'C': 5, 'A': 4, 'D': 1}","[1.0, 0.88, 1.0]",4.38
94,"[1, 2, 5]","[5, 5, 5]","[0.88, 0.75, 0.88]","[['B', 'C', 'A', 'D'], ['C', 'A', 'B', 'D'], ['D', 'C', 'B', 'A']]","{'B': 5, 'C': 5, 'A': 4, 'D': 1}","[1.0, 0.88, 1.0]",4.38
94,"[1, 2, 5]","[5, 5, 5]","[0.88, 0.75, 0.88]","[['B', 'C', 'A', 'D'], ['C', 'B', 'A', 'D'], ['B', 'C', 'D', 'A']]","{'B': 5, 'C': 5, 'A': 4, 'D': 1}","[1.0, 0.88, 1.0]",4.38
94,"[1, 2, 5]","[5, 5, 5]","[0.88, 0.75, 0.88]","[['B', 'C', 'A', 'D'], ['C', 'B', 'A', 'D'], ['B', 'D', 'C', 'A']]","{'B': 5, 'C': 5, 'A': 4, 'D': 1}","[1.0, 0.88, 1.0]",4.38
94,"[1, 2, 5]","[5, 5, 5]","[0.88, 0.75, 0.88]","[['B', 'C', 'A', 'D'], ['C', 'B', 'A', 'D'], ['C', 'B', 'D', 'A']]","{'B': 5, 'C': 5, 'A': 4, 'D': 1}","[1.0, 0.88, 1.0]",4.38
94,"[1, 2, 5]","[5, 5, 5]","[0.88, 0.75, 0.88]","[['B', 'C', 'A', 'D'], ['C', 'B', 'A', 'D'], ['C', 'D', 'B', 'A']]","{'B': 5, 'C': 5, 'A': 4, 'D': 1}","[1.0, 0.88, 1.0]",4.38
94,"[1, 2, 5]","[5, 5, 5]","[0.88, 0.75, 0.88]","[['B', 'C', 'A', 'D'], ['C', 'B', 'A', 'D'], ['D', 'B', 'C', 'A']]","{'B': 5, 'C': 5, 'A': 4, 'D': 1}","[1.0, 0.88, 1.0]",4.38
94,"[1, 2, 5]","[5, 5, 5]","[0.88, 0.75, 0.88]","[['B', 'C', 'A', 'D'], ['C', 'B', 'A', 'D'], ['D', 'C', 'B', 'A']]","{'B': 5, 'C': 5, 'A': 4, 'D': 1}","[1.0, 0.88, 1.0]",4.38
94,"[1, 2, 5]","[5, 5, 5]","[0.88, 0.75, 0.88]","[['B', 'C', 'A', 'D'], ['C', 'B', 'D', 'A'], ['A', 'B', 'C', 'D']]","{'B': 5, 'C': 5, 'A': 4, 'D': 1}","[1.0, 0.88, 1.0]",4.38
94,"[1, 2, 5]","[5, 5, 5]","[0.88, 0.75, 0.88]","[['B', 'C', 'A', 'D'], ['C', 'B', 'D', 'A'], ['A', 'C', 'B', 'D']]","{'B': 5, 'C': 5, 'A': 4, 'D': 1}","[1.0, 0.88, 1.0]",4.38
94,"[1, 2, 5]","[5, 5, 5]","[0.88, 0.75, 0.88]","[['B', 'C', 'A', 'D'], ['C', 'B', 'D', 'A'], ['B', 'A', 'C', 'D']]","{'B': 5, 'C': 5, 'A': 4, 'D': 1}","[1.0, 0.88, 1.0]",4.38
94,"[1, 2, 5]","[5, 5, 5]","[0.88, 0.75, 0.88]","[['B', 'C', 'A', 'D'], ['C', 'B', 'D', 'A'], ['B', 'C', 'A', 'D']]","{'B': 5, 'C': 5, 'A': 4, 'D': 1}","[1.0, 0.88, 1.0]",4.38
94,"[1, 2, 5]","[5, 5, 5]","[0.88, 0.75, 0.88]","[['B', 'C', 'A', 'D'], ['C', 'B', 'D', 'A'], ['B', 'C', 'D', 'A']]","{'B': 5, 'C': 5, 'A': 3, 'D': 2}","[1.0, 0.88, 1.0]",4.38
94,"[1, 2, 5]","[5, 5, 5]","[0.88, 0.75, 0.88]","[['B', 'C', 'A', 'D'], ['C', 'B', 'D', 'A'], ['B', 'D', 'C', 'A']]","{'B': 5, 'C': 5, 'A': 3, 'D': 2}","[1.0, 0.88, 1.0]",4.38
94,"[1, 2, 5]","[5, 5, 5]","[0.88, 0.75, 0.88]","[['B', 'C', 'A', 'D'], ['C', 'B', 'D', 'A'], ['C', 'A', 'B', 'D']]","{'B': 5, 'C': 5, 'A': 4, 'D': 1}","[1.0, 0.88, 1.0]",4.38
94,"[1, 2, 5]","[5, 5, 5]","[0.88, 0.75, 0.88]","[['B', 'C', 'A', 'D'], ['C', 'B', 'D', 'A'], ['C', 'B', 'A', 'D']]","{'B': 5, 'C': 5, 'A': 4, 'D': 1}","[1.0, 0.88, 1.0]",4.38
94,"[1, 2, 5]","[5, 5, 5]","[0.88, 0.75, 0.88]","[['B', 'C', 'A', 'D'], ['C', 'B', 'D', 'A'], ['C', 'B', 'D', 'A']]","{'B': 5, 'C': 5, 'A': 3, 'D': 2}","[1.0, 0.88, 1.0]",4.38
94,"[1, 2, 5]","[5, 5, 5]","[0.88, 0.75, 0.88]","[['B', 'C', 'A', 'D'], ['C', 'B', 'D', 'A'], ['C', 'D', 'B', 'A']]","{'B': 5, 'C': 5, 'A': 3, 'D': 2}","[1.0, 0.88, 1.0]",4.38
94,"[1, 2, 5]","[5, 5, 5]","[0.88, 0.75, 0.88]","[['B', 'C', 'A', 'D'], ['C', 'B', 'D', 'A'], ['D', 'B', 'C', 'A']]","{'B': 5, 'C': 5, 'A': 3, 'D': 2}","[1.0, 0.88, 1.0]",4.38
94,"[1, 2, 5]","[5, 5, 5]","[0.88, 0.75, 0.88]","[['B', 'C', 'A', 'D'], ['C', 'B', 'D', 'A'], ['D', 'C', 'B', 'A']]","{'B': 5, 'C': 5, 'A': 3, 'D': 2}","[1.0, 0.88, 1.0]",4.38
94,"[1, 2, 5]","[5, 5, 5]","[0.88, 0.75, 0.88]","[['B', 'C', 'A', 'D'], ['C', 'D', 'B', 'A'], ['A', 'B', 'C', 'D']]","{'B': 5, 'C': 5, 'A': 4, 'D': 1}","[1.0, 0.88, 1.0]",4.38
94,"[1, 2, 5]","[5, 5, 5]","[0.88, 0.75, 0.88]","[['B', 'C', 'A', 'D'], ['C', 'D', 'B', 'A'], ['A', 'C', 'B', 'D']]","{'B': 5, 'C': 5, 'A': 4, 'D': 1}","[1.0, 0.88, 1.0]",4.38
94,"[1, 2, 5]","[5, 5, 5]","[0.88, 0.75, 0.88]","[['B', 'C', 'A', 'D'], ['C', 'D', 'B', 'A'], ['B', 'A', 'C', 'D']]","{'B': 5, 'C': 5, 'A': 4, 'D': 1}","[1.0, 0.88, 1.0]",4.38
94,"[1, 2, 5]","[5, 5, 5]","[0.88, 0.75, 0.88]","[['B', 'C', 'A', 'D'], ['C', 'D', 'B', 'A'], ['B', 'C', 'A', 'D']]","{'B': 5, 'C': 5, 'A': 4, 'D': 1}","[1.0, 0.88, 1.0]",4.38
94,"[1, 2, 5]","[5, 5, 5]","[0.88, 0.75, 0.88]","[['B', 'C', 'A', 'D'], ['C', 'D', 'B', 'A'], ['B', 'C', 'D', 'A']]","{'B': 5, 'C': 5, 'A': 3, 'D': 2}","[1.0, 0.88, 1.0]",4.38
94,"[1, 2, 5]","[5, 5, 5]","[0.88, 0.75, 0.88]","[['B', 'C', 'A', 'D'], ['C', 'D', 'B', 'A'], ['B', 'D', 'C', 'A']]","{'B': 5, 'C': 5, 'A': 3, 'D': 2}","[1.0, 0.88, 1.0]",4.38
94,"[1, 2, 5]","[5, 5, 5]","[0.88, 0.75, 0.88]","[['B', 'C', 'A', 'D'], ['C', 'D', 'B', 'A'], ['C', 'A', 'B', 'D']]","{'B': 5, 'C': 5, 'A': 4, 'D': 1}","[1.0, 0.88, 1.0]",4.38
94,"[1, 2, 5]","[5, 5, 5]","[0.88, 0.75, 0.88]","[['B', 'C', 'A', 'D'], ['C', 'D', 'B', 'A'], ['C', 'B', 'A', 'D']]","{'B': 5, 'C': 5, 'A': 4, 'D': 1}","[1.0, 0.88, 1.0]",4.38
94,"[1, 2, 5]","[5, 5, 5]","[0.88, 0.75, 0.88]","[['B', 'C', 'A', 'D'], ['C', 'D', 'B', 'A'], ['C', 'B', 'D', 'A']]","{'B': 5, 'C': 5, 'A': 3, 'D': 2}","[1.0, 0.88, 1.0]",4.38
94,"[1, 2, 5]","[5, 5, 5]","[0.88, 0.75, 0.88]","[['B', 'C', 'A', 'D'], ['C', 'D', 'B', 'A'], ['C', 'D', 'B', 'A']]","{'B': 5, 'C': 5, 'A': 3, 'D': 2}","[1.0, 0.88, 1.0]",4.38
94,"[1, 2, 5]","[5, 5, 5]","[0.88, 0.75, 0.88]","[['B', 'C', 'A', 'D'], ['C', 'D', 'B', 'A'], ['D', 'B', 'C', 'A']]","{'B': 5, 'C': 5, 'A': 3, 'D': 2}","[1.0, 0.88, 1.0]",4.38
94,"[1, 2, 5]","[5, 5, 5]","[0.88, 0.75, 0.88]","[['B', 'C', 'A', 'D'], ['C', 'D', 'B', 'A'], ['D', 'C', 'B', 'A']]","{'B': 5, 'C': 5, 'A': 3, 'D': 2}","[1.0, 0.88, 1.0]",4.38
94,"[1, 2, 5]","[5, 5, 5]","[0.88, 0.75, 0.88]","[['B', 'C', 'A', 'D'], ['D', 'B', 'C', 'A'], ['A', 'B', 'C', 'D']]","{'B': 5, 'C': 5, 'A': 4, 'D': 1}","[1.0, 0.88, 1.0]",4.38
94,"[1, 2, 5]","[5, 5, 5]","[0.88, 0.75, 0.88]","[['B', 'C', 'A', 'D'], ['D', 'B', 'C', 'A'], ['A', 'C', 'B', 'D']]","{'B': 5, 'C': 5, 'A': 4, 'D': 1}","[1.0, 0.88, 1.0]",4.38
94,"[1, 2, 5]","[5, 5, 5]","[0.88, 0.75, 0.88]","[['B', 'C', 'A', 'D'], ['D', 'B', 'C', 'A'], ['B', 'A', 'C', 'D']]","{'B': 5, 'C': 5, 'A': 4, 'D': 1}","[1.0, 0.88, 1.0]",4.38
94,"[1, 2, 5]","[5, 5, 5]","[0.88, 0.75, 0.88]","[['B', 'C', 'A', 'D'], ['D', 'B', 'C', 'A'], ['B', 'C', 'A', 'D']]","{'B': 5, 'C': 5, 'A': 4, 'D': 1}","[1.0, 0.88, 1.0]",4.38
94,"[1, 2, 5]","[5, 5, 5]","[0.88, 0.75, 0.88]","[['B', 'C', 'A', 'D'], ['D', 'B', 'C', 'A'], ['B', 'C', 'D', 'A']]","{'B': 5, 'C': 5, 'A': 3, 'D': 2}","[1.0, 0.88, 1.0]",4.38
94,"[1, 2, 5]","[5, 5, 5]","[0.88, 0.75, 0.88]","[['B', 'C', 'A', 'D'], ['D', 'B', 'C', 'A'], ['B', 'D', 'C', 'A']]","{'B': 5, 'C': 5, 'A': 3, 'D': 2}","[1.0, 0.88, 1.0]",4.38
94,"[1, 2, 5]","[5, 5, 5]","[0.88, 0.75, 0.88]","[['B', 'C', 'A', 'D'], ['D', 'B', 'C', 'A'], ['C', 'A', 'B', 'D']]","{'B': 5, 'C': 5, 'A': 4, 'D': 1}","[1.0, 0.88, 1.0]",4.38
94,"[1, 2, 5]","[5, 5, 5]","[0.88, 0.75, 0.88]","[['B', 'C', 'A', 'D'], ['D', 'B', 'C', 'A'], ['C', 'B', 'A', 'D']]","{'B': 5, 'C': 5, 'A': 4, 'D': 1}","[1.0, 0.88, 1.0]",4.38
94,"[1, 2, 5]","[5, 5, 5]","[0.88, 0.75, 0.88]","[['B', 'C', 'A', 'D'], ['D', 'B', 'C', 'A'], ['C', 'B', 'D', 'A']]","{'B': 5, 'C': 5, 'A': 3, 'D': 2}","[1.0, 0.88, 1.0]",4.38
94,"[1, 2, 5]","[5, 5, 5]","[0.88, 0.75, 0.88]","[['B', 'C', 'A', 'D'], ['D', 'B', 'C', 'A'], ['C', 'D', 'B', 'A']]","{'B': 5, 'C': 5, 'A': 3, 'D': 2}","[1.0, 0.88, 1.0]",4.38
94,"[1, 2, 5]","[5, 5, 5]","[0.88, 0.75, 0.88]","[['B', 'C', 'A', 'D'], ['D', 'B', 'C', 'A'], ['D', 'B', 'C', 'A']]","{'B': 5, 'C': 5, 'A': 3, 'D': 2}","[1.0, 0.88, 1.0]",4.38
94,"[1, 2, 5]","[5, 5, 5]","[0.88, 0.75, 0.88]","[['B', 'C', 'A', 'D'], ['D', 'B', 'C', 'A'], ['D', 'C', 'B', 'A']]","{'B': 5, 'C': 5, 'A': 3, 'D': 2}","[1.0, 0.88, 1.0]",4.38
94,"[1, 2, 5]","[5, 5, 5]","[0.88, 0.75, 0.88]","[['B', 'C', 'A', 'D'], ['D', 'C', 'B', 'A'], ['A', 'B', 'C', 'D']]","{'B': 5, 'C': 5, 'A': 4, 'D': 1}","[1.0, 0.88, 1.0]",4.38
94,"[1, 2, 5]","[5, 5, 5]","[0.88, 0.75, 0.88]","[['B', 'C', 'A', 'D'], ['D', 'C', 'B', 'A'], ['A', 'C', 'B', 'D']]","{'B': 5, 'C': 5, 'A': 4, 'D': 1}","[1.0, 0.88, 1.0]",4.38
94,"[1, 2, 5]","[5, 5, 5]","[0.88, 0.75, 0.88]","[['B', 'C', 'A', 'D'], ['D', 'C', 'B', 'A'], ['B', 'A', 'C', 'D']]","{'B': 5, 'C': 5, 'A': 4, 'D': 1}","[1.0, 0.88, 1.0]",4.38
94,"[1, 2, 5]","[5, 5, 5]","[0.88, 0.75, 0.88]","[['B', 'C', 'A', 'D'], ['D', 'C', 'B', 'A'], ['B', 'C', 'A', 'D']]","{'B': 5, 'C': 5, 'A': 4, 'D': 1}","[1.0, 0.88, 1.0]",4.38
94,"[1, 2, 5]","[5, 5, 5]","[0.88, 0.75, 0.88]","[['B', 'C', 'A', 'D'], ['D', 'C', 'B', 'A'], ['B', 'C', 'D', 'A']]","{'B': 5, 'C': 5, 'A': 3, 'D': 2}","[1.0, 0.88, 1.0]",4.38
94,"[1, 2, 5]","[5, 5, 5]","[0.88, 0.75, 0.88]","[['B', 'C', 'A', 'D'], ['D', 'C', 'B', 'A'], ['B', 'D', 'C', 'A']]","{'B': 5, 'C': 5, 'A': 3, 'D': 2}","[1.0, 0.88, 1.0]",4.38
94,"[1, 2, 5]","[5, 5, 5]","[0.88, 0.75, 0.88]","[['B', 'C', 'A', 'D'], ['D', 'C', 'B', 'A'], ['C', 'A', 'B', 'D']]","{'B': 5, 'C': 5, 'A': 4, 'D': 1}","[1.0, 0.88, 1.0]",4.38
94,"[1, 2, 5]","[5, 5, 5]","[0.88, 0.75, 0.88]","[['B', 'C', 'A', 'D'], ['D', 'C', 'B', 'A'], ['C', 'B', 'A', 'D']]","{'B': 5, 'C': 5, 'A': 4, 'D': 1}","[1.0, 0.88, 1.0]",4.38
94,"[1, 2, 5]","[5, 5, 5]","[0.88, 0.75, 0.88]","[['B', 'C', 'A', 'D'], ['D', 'C', 'B', 'A'], ['C', 'B', 'D', 'A']]","{'B': 5, 'C': 5, 'A': 3, 'D': 2}","[1.0, 0.88, 1.0]",4.38
94,"[1, 2, 5]","[5, 5, 5]","[0.88, 0.75, 0.88]","[['B', 'C', 'A', 'D'], ['D', 'C', 'B', 'A'], ['C', 'D', 'B', 'A']]","{'B': 5, 'C': 5, 'A': 3, 'D': 2}","[1.0, 0.88, 1.0]",4.38
94,"[1, 2, 5]","[5, 5, 5]","[0.88, 0.75, 0.88]","[['B', 'C', 'A', 'D'], ['D', 'C', 'B', 'A'], ['D', 'B', 'C', 'A']]","{'B': 5, 'C': 5, 'A': 3, 'D': 2}","[1.0, 0.88, 1.0]",4.38
94,"[1, 2, 5]","[5, 5, 5]","[0.88, 0.75, 0.88]","[['B', 'C', 'A', 'D'], ['D', 'C', 'B', 'A'], ['D', 'C', 'B', 'A']]","{'B': 5, 'C': 5, 'A': 3, 'D': 2}","[1.0, 0.88, 1.0]",4.38
94,"[1, 2, 5]","[5, 5, 5]","[0.88, 0.75, 0.88]","[['B', 'C', 'D', 'A'], ['A', 'B', 'C', 'D'], ['A', 'B', 'C', 'D']]","{'B': 5, 'C': 5, 'A': 4, 'D': 1}","[1.0, 0.88, 1.0]",4.38
94,"[1, 2, 5]","[5, 5, 5]","[0.88, 0.75, 0.88]","[['B', 'C', 'D', 'A'], ['A', 'B', 'C', 'D'], ['A', 'C', 'B', 'D']]","{'B': 5, 'C': 5, 'A': 4, 'D': 1}","[1.0, 0.88, 1.0]",4.38
94,"[1, 2, 5]","[5, 5, 5]","[0.88, 0.75, 0.88]","[['B', 'C', 'D', 'A'], ['A', 'B', 'C', 'D'], ['B', 'A', 'C', 'D']]","{'B': 5, 'C': 5, 'A': 4, 'D': 1}","[1.0, 0.88, 1.0]",4.38
94,"[1, 2, 5]","[5, 5, 5]","[0.88, 0.75, 0.88]","[['B', 'C', 'D', 'A'], ['A', 'B', 'C', 'D'], ['B', 'C', 'A', 'D']]","{'B': 5, 'C': 5, 'A': 4, 'D': 1}","[1.0, 0.88, 1.0]",4.38
94,"[1, 2, 5]","[5, 5, 5]","[0.88, 0.75, 0.88]","[['B', 'C', 'D', 'A'], ['A', 'B', 'C', 'D'], ['B', 'C', 'D', 'A']]","{'B': 5, 'C': 5, 'A': 3, 'D': 2}","[1.0, 0.88, 1.0]",4.38
94,"[1, 2, 5]","[5, 5, 5]","[0.88, 0.75, 0.88]","[['B', 'C', 'D', 'A'], ['A', 'B', 'C', 'D'], ['B', 'D', 'C', 'A']]","{'B': 5, 'C': 5, 'A': 3, 'D': 2}","[1.0, 0.88, 1.0]",4.38
94,"[1, 2, 5]","[5, 5, 5]","[0.88, 0.75, 0.88]","[['B', 'C', 'D', 'A'], ['A', 'B', 'C', 'D'], ['C', 'A', 'B', 'D']]","{'B': 5, 'C': 5, 'A': 4, 'D': 1}","[1.0, 0.88, 1.0]",4.38
94,"[1, 2, 5]","[5, 5, 5]","[0.88, 0.75, 0.88]","[['B', 'C', 'D', 'A'], ['A', 'B', 'C', 'D'], ['C', 'B', 'A', 'D']]","{'B': 5, 'C': 5, 'A': 4, 'D': 1}","[1.0, 0.88, 1.0]",4.38
94,"[1, 2, 5]","[5, 5, 5]","[0.88, 0.75, 0.88]","[['B', 'C', 'D', 'A'], ['A', 'B', 'C', 'D'], ['C', 'B', 'D', 'A']]","{'B': 5, 'C': 5, 'A': 3, 'D': 2}","[1.0, 0.88, 1.0]",4.38
94,"[1, 2, 5]","[5, 5, 5]","[0.88, 0.75, 0.88]","[['B', 'C', 'D', 'A'], ['A', 'B', 'C', 'D'], ['C', 'D', 'B', 'A']]","{'B': 5, 'C': 5, 'A': 3, 'D': 2}","[1.0, 0.88, 1.0]",4.38
94,"[1, 2, 5]","[5, 5, 5]","[0.88, 0.75, 0.88]","[['B', 'C', 'D', 'A'], ['A', 'B', 'C', 'D'], ['D', 'B', 'C', 'A']]","{'B': 5, 'C': 5, 'A': 3, 'D': 2}","[1.0, 0.88, 1.0]",4.38
94,"[1, 2, 5]","[5, 5, 5]","[0.88, 0.75, 0.88]","[['B', 'C', 'D', 'A'], ['A', 'B', 'C', 'D'], ['D', 'C', 'B', 'A']]","{'B': 5, 'C': 5, 'A': 3, 'D': 2}","[1.0, 0.88, 1.0]",4.38
94,"[1, 2, 5]","[5, 5, 5]","[0.88, 0.75, 0.88]","[['B', 'C', 'D', 'A'], ['A', 'B', 'D', 'C'], ['B', 'C', 'D', 'A']]","{'B': 5, 'C': 4, 'A': 3, 'D': 3}","[1.0, 0.88, 1.0]",4.38
94,"[1, 2, 5]","[5, 5, 5]","[0.88, 0.75, 0.88]","[['B', 'C', 'D', 'A'], ['A', 'B', 'D', 'C'], ['B', 'D', 'C', 'A']]","{'B': 5, 'C': 4, 'A': 3, 'D': 3}","[1.0, 0.88, 1.0]",4.38
94,"[1, 2, 5]","[5, 5, 5]","[0.88, 0.75, 0.88]","[['B', 'C', 'D', 'A'], ['A', 'B', 'D', 'C'], ['C', 'B', 'D', 'A']]","{'B': 5, 'C': 4, 'A': 3, 'D': 3}","[1.0, 0.88, 1.0]",4.38
94,"[1, 2, 5]","[5, 5, 5]","[0.88, 0.75, 0.88]","[['B', 'C', 'D', 'A'], ['A', 'B', 'D', 'C'], ['C', 'D', 'B', 'A']]","{'B': 5, 'C': 4, 'A': 3, 'D': 3}","[1.0, 0.88, 1.0]",4.38
94,"[1, 2, 5]","[5, 5, 5]","[0.88, 0.75, 0.88]","[['B', 'C', 'D', 'A'], ['A', 'B', 'D', 'C'], ['D', 'B', 'C', 'A']]","{'B': 5, 'C': 4, 'A': 3, 'D': 3}","[1.0, 0.88, 1.0]",4.38
94,"[1, 2, 5]","[5, 5, 5]","[0.88, 0.75, 0.88]","[['B', 'C', 'D', 'A'], ['A', 'B', 'D', 'C'], ['D', 'C', 'B', 'A']]","{'B': 5, 'C': 4, 'A': 3, 'D': 3}","[1.0, 0.88, 1.0]",4.38
94,"[1, 2, 5]","[5, 5, 5]","[0.88, 0.75, 0.88]","[['B', 'C', 'D', 'A'], ['A', 'C', 'B', 'D'], ['A', 'B', 'C', 'D']]","{'B': 5, 'C': 5, 'A': 4, 'D': 1}","[1.0, 0.88, 1.0]",4.38
94,"[1, 2, 5]","[5, 5, 5]","[0.88, 0.75, 0.88]","[['B', 'C', 'D', 'A'], ['A', 'C', 'B', 'D'], ['A', 'C', 'B', 'D']]","{'B': 5, 'C': 5, 'A': 4, 'D': 1}","[1.0, 0.88, 1.0]",4.38
94,"[1, 2, 5]","[5, 5, 5]","[0.88, 0.75, 0.88]","[['B', 'C', 'D', 'A'], ['A', 'C', 'B', 'D'], ['B', 'A', 'C', 'D']]","{'B': 5, 'C': 5, 'A': 4, 'D': 1}","[1.0, 0.88, 1.0]",4.38
94,"[1, 2, 5]","[5, 5, 5]","[0.88, 0.75, 0.88]","[['B', 'C', 'D', 'A'], ['A', 'C', 'B', 'D'], ['B', 'C', 'A', 'D']]","{'B': 5, 'C': 5, 'A': 4, 'D': 1}","[1.0, 0.88, 1.0]",4.38
94,"[1, 2, 5]","[5, 5, 5]","[0.88, 0.75, 0.88]","[['B', 'C', 'D', 'A'], ['A', 'C', 'B', 'D'], ['B', 'C', 'D', 'A']]","{'B': 5, 'C': 5, 'A': 3, 'D': 2}","[1.0, 0.88, 1.0]",4.38
94,"[1, 2, 5]","[5, 5, 5]","[0.88, 0.75, 0.88]","[['B', 'C', 'D', 'A'], ['A', 'C', 'B', 'D'], ['B', 'D', 'C', 'A']]","{'B': 5, 'C': 5, 'A': 3, 'D': 2}","[1.0, 0.88, 1.0]",4.38
94,"[1, 2, 5]","[5, 5, 5]","[0.88, 0.75, 0.88]","[['B', 'C', 'D', 'A'], ['A', 'C', 'B', 'D'], ['C', 'A', 'B', 'D']]","{'B': 5, 'C': 5, 'A': 4, 'D': 1}","[1.0, 0.88, 1.0]",4.38
94,"[1, 2, 5]","[5, 5, 5]","[0.88, 0.75, 0.88]","[['B', 'C', 'D', 'A'], ['A', 'C', 'B', 'D'], ['C', 'B', 'A', 'D']]","{'B': 5, 'C': 5, 'A': 4, 'D': 1}","[1.0, 0.88, 1.0]",4.38
94,"[1, 2, 5]","[5, 5, 5]","[0.88, 0.75, 0.88]","[['B', 'C', 'D', 'A'], ['A', 'C', 'B', 'D'], ['C', 'B', 'D', 'A']]","{'B': 5, 'C': 5, 'A': 3, 'D': 2}","[1.0, 0.88, 1.0]",4.38
94,"[1, 2, 5]","[5, 5, 5]","[0.88, 0.75, 0.88]","[['B', 'C', 'D', 'A'], ['A', 'C', 'B', 'D'], ['C', 'D', 'B', 'A']]","{'B': 5, 'C': 5, 'A': 3, 'D': 2}","[1.0, 0.88, 1.0]",4.38
94,"[1, 2, 5]","[5, 5, 5]","[0.88, 0.75, 0.88]","[['B', 'C', 'D', 'A'], ['A', 'C', 'B', 'D'], ['D', 'B', 'C', 'A']]","{'B': 5, 'C': 5, 'A': 3, 'D': 2}","[1.0, 0.88, 1.0]",4.38
94,"[1, 2, 5]","[5, 5, 5]","[0.88, 0.75, 0.88]","[['B', 'C', 'D', 'A'], ['A', 'C', 'B', 'D'], ['D', 'C', 'B', 'A']]","{'B': 5, 'C': 5, 'A': 3, 'D': 2}","[1.0, 0.88, 1.0]",4.38
94,"[1, 2, 5]","[5, 5, 5]","[0.88, 0.75, 0.88]","[['B', 'C', 'D', 'A'], ['A', 'D', 'B', 'C'], ['B', 'C', 'D', 'A']]","{'B': 5, 'C': 4, 'A': 3, 'D': 3}","[1.0, 0.88, 1.0]",4.38
94,"[1, 2, 5]","[5, 5, 5]","[0.88, 0.75, 0.88]","[['B', 'C', 'D', 'A'], ['A', 'D', 'B', 'C'], ['B', 'D', 'C', 'A']]","{'B': 5, 'C': 4, 'A': 3, 'D': 3}","[1.0, 0.88, 1.0]",4.38
94,"[1, 2, 5]","[5, 5, 5]","[0.88, 0.75, 0.88]","[['B', 'C', 'D', 'A'], ['A', 'D', 'B', 'C'], ['C', 'B', 'D', 'A']]","{'B': 5, 'C': 4, 'A': 3, 'D': 3}","[1.0, 0.88, 1.0]",4.38
94,"[1, 2, 5]","[5, 5, 5]","[0.88, 0.75, 0.88]","[['B', 'C', 'D', 'A'], ['A', 'D', 'B', 'C'], ['C', 'D', 'B', 'A']]","{'B': 5, 'C': 4, 'A': 3, 'D': 3}","[1.0, 0.88, 1.0]",4.38
94,"[1, 2, 5]","[5, 5, 5]","[0.88, 0.75, 0.88]","[['B', 'C', 'D', 'A'], ['A', 'D', 'B', 'C'], ['D', 'B', 'C', 'A']]","{'B': 5, 'C': 4, 'A': 3, 'D': 3}","[1.0, 0.88, 1.0]",4.38
94,"[1, 2, 5]","[5, 5, 5]","[0.88, 0.75, 0.88]","[['B', 'C', 'D', 'A'], ['A', 'D', 'B', 'C'], ['D', 'C', 'B', 'A']]","{'B': 5, 'C': 4, 'A': 3, 'D': 3}","[1.0, 0.88, 1.0]",4.38
94,"[1, 2, 5]","[5, 5, 5]","[0.88, 0.75, 0.88]","[['B', 'C', 'D', 'A'], ['B', 'A', 'C', 'D'], ['A', 'B', 'C', 'D']]","{'B': 5, 'C': 5, 'A': 4, 'D': 1}","[1.0, 0.88, 1.0]",4.38
94,"[1, 2, 5]","[5, 5, 5]","[0.88, 0.75, 0.88]","[['B', 'C', 'D', 'A'], ['B', 'A', 'C', 'D'], ['A', 'C', 'B', 'D']]","{'B': 5, 'C': 5, 'A': 4, 'D': 1}","[1.0, 0.88, 1.0]",4.38
94,"[1, 2, 5]","[5, 5, 5]","[0.88, 0.75, 0.88]","[['B', 'C', 'D', 'A'], ['B', 'A', 'C', 'D'], ['B', 'A', 'C', 'D']]","{'B': 5, 'C': 5, 'A': 4, 'D': 1}","[1.0, 0.88, 1.0]",4.38
94,"[1, 2, 5]","[5, 5, 5]","[0.88, 0.75, 0.88]","[['B', 'C', 'D', 'A'], ['B', 'A', 'C', 'D'], ['B', 'C', 'A', 'D']]","{'B': 5, 'C': 5, 'A': 4, 'D': 1}","[1.0, 0.88, 1.0]",4.38
94,"[1, 2, 5]","[5, 5, 5]","[0.88, 0.75, 0.88]","[['B', 'C', 'D', 'A'], ['B', 'A', 'C', 'D'], ['B', 'C', 'D', 'A']]","{'B': 5, 'C': 5, 'A': 3, 'D': 2}","[1.0, 0.88, 1.0]",4.38
94,"[1, 2, 5]","[5, 5, 5]","[0.88, 0.75, 0.88]","[['B', 'C', 'D', 'A'], ['B', 'A', 'C', 'D'], ['B', 'D', 'C', 'A']]","{'B': 5, 'C': 5, 'A': 3, 'D': 2}","[1.0, 0.88, 1.0]",4.38
94,"[1, 2, 5]","[5, 5, 5]","[0.88, 0.75, 0.88]","[['B', 'C', 'D', 'A'], ['B', 'A', 'C', 'D'], ['C', 'A', 'B', 'D']]","{'B': 5, 'C': 5, 'A': 4, 'D': 1}","[1.0, 0.88, 1.0]",4.38
94,"[1, 2, 5]","[5, 5, 5]","[0.88, 0.75, 0.88]","[['B', 'C', 'D', 'A'], ['B', 'A', 'C', 'D'], ['C', 'B', 'A', 'D']]","{'B': 5, 'C': 5, 'A': 4, 'D': 1}","[1.0, 0.88, 1.0]",4.38
94,"[1, 2, 5]","[5, 5, 5]","[0.88, 0.75, 0.88]","[['B', 'C', 'D', 'A'], ['B', 'A', 'C', 'D'], ['C', 'B', 'D', 'A']]","{'B': 5, 'C': 5, 'A': 3, 'D': 2}","[1.0, 0.88, 1.0]",4.38
94,"[1, 2, 5]","[5, 5, 5]","[0.88, 0.75, 0.88]","[['B', 'C', 'D', 'A'], ['B', 'A', 'C', 'D'], ['C', 'D', 'B', 'A']]","{'B': 5, 'C': 5, 'A': 3, 'D': 2}","[1.0, 0.88, 1.0]",4.38
94,"[1, 2, 5]","[5, 5, 5]","[0.88, 0.75, 0.88]","[['B', 'C', 'D', 'A'], ['B', 'A', 'C', 'D'], ['D', 'B', 'C', 'A']]","{'B': 5, 'C': 5, 'A': 3, 'D': 2}","[1.0, 0.88, 1.0]",4.38
94,"[1, 2, 5]","[5, 5, 5]","[0.88, 0.75, 0.88]","[['B', 'C', 'D', 'A'], ['B', 'A', 'C', 'D'], ['D', 'C', 'B', 'A']]","{'B': 5, 'C': 5, 'A': 3, 'D': 2}","[1.0, 0.88, 1.0]",4.38
94,"[1, 2, 5]","[5, 5, 5]","[0.88, 0.75, 0.88]","[['B', 'C', 'D', 'A'], ['B', 'A', 'D', 'C'], ['B', 'C', 'D', 'A']]","{'B': 5, 'C': 4, 'A': 3, 'D': 3}","[1.0, 0.88, 1.0]",4.38
94,"[1, 2, 5]","[5, 5, 5]","[0.88, 0.75, 0.88]","[['B', 'C', 'D', 'A'], ['B', 'A', 'D', 'C'], ['B', 'D', 'C', 'A']]","{'B': 5, 'C': 4, 'A': 3, 'D': 3}","[1.0, 0.88, 1.0]",4.38
94,"[1, 2, 5]","[5, 5, 5]","[0.88, 0.75, 0.88]","[['B', 'C', 'D', 'A'], ['B', 'A', 'D', 'C'], ['C', 'B', 'D', 'A']]","{'B': 5, 'C': 4, 'A': 3, 'D': 3}","[1.0, 0.88, 1.0]",4.38
94,"[1, 2, 5]","[5, 5, 5]","[0.88, 0.75, 0.88]","[['B', 'C', 'D', 'A'], ['B', 'A', 'D', 'C'], ['C', 'D', 'B', 'A']]","{'B': 5, 'C': 4, 'A': 3, 'D': 3}","[1.0, 0.88, 1.0]",4.38
94,"[1, 2, 5]","[5, 5, 5]","[0.88, 0.75, 0.88]","[['B', 'C', 'D', 'A'], ['B', 'A', 'D', 'C'], ['D', 'B', 'C', 'A']]","{'B': 5, 'C': 4, 'A': 3, 'D': 3}","[1.0, 0.88, 1.0]",4.38
94,"[1, 2, 5]","[5, 5, 5]","[0.88, 0.75, 0.88]","[['B', 'C', 'D', 'A'], ['B', 'A', 'D', 'C'], ['D', 'C', 'B', 'A']]","{'B': 5, 'C': 4, 'A': 3, 'D': 3}","[1.0, 0.88, 1.0]",4.38
94,"[1, 2, 5]","[5, 5, 5]","[0.88, 0.75, 0.88]","[['B', 'C', 'D', 'A'], ['B', 'C', 'A', 'D'], ['A', 'B', 'C', 'D']]","{'B': 5, 'C': 5, 'A': 4, 'D': 1}","[1.0, 0.88, 1.0]",4.38
94,"[1, 2, 5]","[5, 5, 5]","[0.88, 0.75, 0.88]","[['B', 'C', 'D', 'A'], ['B', 'C', 'A', 'D'], ['A', 'C', 'B', 'D']]","{'B': 5, 'C': 5, 'A': 4, 'D': 1}","[1.0, 0.88, 1.0]",4.38
94,"[1, 2, 5]","[5, 5, 5]","[0.88, 0.75, 0.88]","[['B', 'C', 'D', 'A'], ['B', 'C', 'A', 'D'], ['B', 'A', 'C', 'D']]","{'B': 5, 'C': 5, 'A': 4, 'D': 1}","[1.0, 0.88, 1.0]",4.38
94,"[1, 2, 5]","[5, 5, 5]","[0.88, 0.75, 0.88]","[['B', 'C', 'D', 'A'], ['B', 'C', 'A', 'D'], ['B', 'C', 'A', 'D']]","{'B': 5, 'C': 5, 'A': 4, 'D': 1}","[1.0, 0.88, 1.0]",4.38
94,"[1, 2, 5]","[5, 5, 5]","[0.88, 0.75, 0.88]","[['B', 'C', 'D', 'A'], ['B', 'C', 'A', 'D'], ['B', 'C', 'D', 'A']]","{'B': 5, 'C': 5, 'A': 3, 'D': 2}","[1.0, 0.88, 1.0]",4.38
94,"[1, 2, 5]","[5, 5, 5]","[0.88, 0.75, 0.88]","[['B', 'C', 'D', 'A'], ['B', 'C', 'A', 'D'], ['B', 'D', 'C', 'A']]","{'B': 5, 'C': 5, 'A': 3, 'D': 2}","[1.0, 0.88, 1.0]",4.38
94,"[1, 2, 5]","[5, 5, 5]","[0.88, 0.75, 0.88]","[['B', 'C', 'D', 'A'], ['B', 'C', 'A', 'D'], ['C', 'A', 'B', 'D']]","{'B': 5, 'C': 5, 'A': 4, 'D': 1}","[1.0, 0.88, 1.0]",4.38
94,"[1, 2, 5]","[5, 5, 5]","[0.88, 0.75, 0.88]","[['B', 'C', 'D', 'A'], ['B', 'C', 'A', 'D'], ['C', 'B', 'A', 'D']]","{'B': 5, 'C': 5, 'A': 4, 'D': 1}","[1.0, 0.88, 1.0]",4.38
94,"[1, 2, 5]","[5, 5, 5]","[0.88, 0.75, 0.88]","[['B', 'C', 'D', 'A'], ['B', 'C', 'A', 'D'], ['C', 'B', 'D', 'A']]","{'B': 5, 'C': 5, 'A': 3, 'D': 2}","[1.0, 0.88, 1.0]",4.38
94,"[1, 2, 5]","[5, 5, 5]","[0.88, 0.75, 0.88]","[['B', 'C', 'D', 'A'], ['B', 'C', 'A', 'D'], ['C', 'D', 'B', 'A']]","{'B': 5, 'C': 5, 'A': 3, 'D': 2}","[1.0, 0.88, 1.0]",4.38
94,"[1, 2, 5]","[5, 5, 5]","[0.88, 0.75, 0.88]","[['B', 'C', 'D', 'A'], ['B', 'C', 'A', 'D'], ['D', 'B', 'C', 'A']]","{'B': 5, 'C': 5, 'A': 3, 'D': 2}","[1.0, 0.88, 1.0]",4.38
94,"[1, 2, 5]","[5, 5, 5]","[0.88, 0.75, 0.88]","[['B', 'C', 'D', 'A'], ['B', 'C', 'A', 'D'], ['D', 'C', 'B', 'A']]","{'B': 5, 'C': 5, 'A': 3, 'D': 2}","[1.0, 0.88, 1.0]",4.38
94,"[1, 2, 5]","[5, 5, 5]","[0.88, 0.75, 0.88]","[['B', 'C', 'D', 'A'], ['B', 'C', 'D', 'A'], ['A', 'B', 'C', 'D']]","{'B': 5, 'C': 5, 'A': 3, 'D': 2}","[1.0, 0.88, 1.0]",4.38
94,"[1, 2, 5]","[5, 5, 5]","[0.88, 0.75, 0.88]","[['B', 'C', 'D', 'A'], ['B', 'C', 'D', 'A'], ['A', 'B', 'D', 'C']]","{'B': 5, 'C': 4, 'A': 3, 'D': 3}","[1.0, 0.88, 1.0]",4.38
94,"[1, 2, 5]","[5, 5, 5]","[0.88, 0.75, 0.88]","[['B', 'C', 'D', 'A'], ['B', 'C', 'D', 'A'], ['A', 'C', 'B', 'D']]","{'B': 5, 'C': 5, 'A': 3, 'D': 2}","[1.0, 0.88, 1.0]",4.38
94,"[1, 2, 5]","[5, 5, 5]","[0.88, 0.75, 0.88]","[['B', 'C', 'D', 'A'], ['B', 'C', 'D', 'A'], ['A', 'D', 'B', 'C']]","{'B': 5, 'C': 4, 'A': 3, 'D': 3}","[1.0, 0.88, 1.0]",4.38
94,"[1, 2, 5]","[5, 5, 5]","[0.88, 0.75, 0.88]","[['B', 'C', 'D', 'A'], ['B', 'C', 'D', 'A'], ['B', 'A', 'C', 'D']]","{'B': 5, 'C': 5, 'A': 3, 'D': 2}","[1.0, 0.88, 1.0]",4.38
94,"[1, 2, 5]","[5, 5, 5]","[0.88, 0.75, 0.88]","[['B', 'C', 'D', 'A'], ['B', 'C', 'D', 'A'], ['B', 'A', 'D', 'C']]","{'B': 5, 'C': 4, 'A': 3, 'D': 3}","[1.0, 0.88, 1.0]",4.38
94,"[1, 2, 5]","[5, 5, 5]","[0.88, 0.75, 0.88]","[['B', 'C', 'D', 'A'], ['B', 'C', 'D', 'A'], ['B', 'C', 'A', 'D']]","{'B': 5, 'C': 5, 'A': 3, 'D': 2}","[1.0, 0.88, 1.0]",4.38
94,"[1, 2, 5]","[5, 5, 5]","[0.88, 0.75, 0.88]","[['B', 'C', 'D', 'A'], ['B', 'C', 'D', 'A'], ['B', 'D', 'A', 'C']]","{'B': 5, 'C': 4, 'A': 3, 'D': 3}","[1.0, 0.88, 1.0]",4.38
94,"[1, 2, 5]","[5, 5, 5]","[0.88, 0.75, 0.88]","[['B', 'C', 'D', 'A'], ['B', 'C', 'D', 'A'], ['C', 'A', 'B', 'D']]","{'B': 5, 'C': 5, 'A': 3, 'D': 2}","[1.0, 0.88, 1.0]",4.38
94,"[1, 2, 5]","[5, 5, 5]","[0.88, 0.75, 0.88]","[['B', 'C', 'D', 'A'], ['B', 'C', 'D', 'A'], ['C', 'B', 'A', 'D']]","{'B': 5, 'C': 5, 'A': 3, 'D': 2}","[1.0, 0.88, 1.0]",4.38
94,"[1, 2, 5]","[5, 5, 5]","[0.88, 0.75, 0.88]","[['B', 'C', 'D', 'A'], ['B', 'C', 'D', 'A'], ['D', 'A', 'B', 'C']]","{'B': 5, 'C': 4, 'A': 3, 'D': 3}","[1.0, 0.88, 1.0]",4.38
94,"[1, 2, 5]","[5, 5, 5]","[0.88, 0.75, 0.88]","[['B', 'C', 'D', 'A'], ['B', 'C', 'D', 'A'], ['D', 'B', 'A', 'C']]","{'B': 5, 'C': 4, 'A': 3, 'D': 3}","[1.0, 0.88, 1.0]",4.38
94,"[1, 2, 5]","[5, 5, 5]","[0.88, 0.75, 0.88]","[['B', 'C', 'D', 'A'], ['B', 'D', 'A', 'C'], ['B', 'C', 'D', 'A']]","{'B': 5, 'C': 4, 'A': 3, 'D': 3}","[1.0, 0.88, 1.0]",4.38
94,"[1, 2, 5]","[5, 5, 5]","[0.88, 0.75, 0.88]","[['B', 'C', 'D', 'A'], ['B', 'D', 'A', 'C'], ['B', 'D', 'C', 'A']]","{'B': 5, 'C': 4, 'A': 3, 'D': 3}","[1.0, 0.88, 1.0]",4.38
94,"[1, 2, 5]","[5, 5, 5]","[0.88, 0.75, 0.88]","[['B', 'C', 'D', 'A'], ['B', 'D', 'A', 'C'], ['C', 'B', 'D', 'A']]","{'B': 5, 'C': 4, 'A': 3, 'D': 3}","[1.0, 0.88, 1.0]",4.38
94,"[1, 2, 5]","[5, 5, 5]","[0.88, 0.75, 0.88]","[['B', 'C', 'D', 'A'], ['B', 'D', 'A', 'C'], ['C', 'D', 'B', 'A']]","{'B': 5, 'C': 4, 'A': 3, 'D': 3}","[1.0, 0.88, 1.0]",4.38
94,"[1, 2, 5]","[5, 5, 5]","[0.88, 0.75, 0.88]","[['B', 'C', 'D', 'A'], ['B', 'D', 'A', 'C'], ['D', 'B', 'C', 'A']]","{'B': 5, 'C': 4, 'A': 3, 'D': 3}","[1.0, 0.88, 1.0]",4.38
94,"[1, 2, 5]","[5, 5, 5]","[0.88, 0.75, 0.88]","[['B', 'C', 'D', 'A'], ['B', 'D', 'A', 'C'], ['D', 'C', 'B', 'A']]","{'B': 5, 'C': 4, 'A': 3, 'D': 3}","[1.0, 0.88, 1.0]",4.38
94,"[1, 2, 5]","[5, 5, 5]","[0.88, 0.75, 0.88]","[['B', 'C', 'D', 'A'], ['B', 'D', 'C', 'A'], ['A', 'B', 'C', 'D']]","{'B': 5, 'C': 5, 'A': 3, 'D': 2}","[1.0, 0.88, 1.0]",4.38
94,"[1, 2, 5]","[5, 5, 5]","[0.88, 0.75, 0.88]","[['B', 'C', 'D', 'A'], ['B', 'D', 'C', 'A'], ['A', 'B', 'D', 'C']]","{'B': 5, 'C': 4, 'A': 3, 'D': 3}","[1.0, 0.88, 1.0]",4.38
94,"[1, 2, 5]","[5, 5, 5]","[0.88, 0.75, 0.88]","[['B', 'C', 'D', 'A'], ['B', 'D', 'C', 'A'], ['A', 'C', 'B', 'D']]","{'B': 5, 'C': 5, 'A': 3, 'D': 2}","[1.0, 0.88, 1.0]",4.38
94,"[1, 2, 5]","[5, 5, 5]","[0.88, 0.75, 0.88]","[['B', 'C', 'D', 'A'], ['B', 'D', 'C', 'A'], ['A', 'D', 'B', 'C']]","{'B': 5, 'C': 4, 'A': 3, 'D': 3}","[1.0, 0.88, 1.0]",4.38
94,"[1, 2, 5]","[5, 5, 5]","[0.88, 0.75, 0.88]","[['B', 'C', 'D', 'A'], ['B', 'D', 'C', 'A'], ['B', 'A', 'C', 'D']]","{'B': 5, 'C': 5, 'A': 3, 'D': 2}","[1.0, 0.88, 1.0]",4.38
94,"[1, 2, 5]","[5, 5, 5]","[0.88, 0.75, 0.88]","[['B', 'C', 'D', 'A'], ['B', 'D', 'C', 'A'], ['B', 'A', 'D', 'C']]","{'B': 5, 'C': 4, 'A': 3, 'D': 3}","[1.0, 0.88, 1.0]",4.38
94,"[1, 2, 5]","[5, 5, 5]","[0.88, 0.75, 0.88]","[['B', 'C', 'D', 'A'], ['B', 'D', 'C', 'A'], ['B', 'C', 'A', 'D']]","{'B': 5, 'C': 5, 'A': 3, 'D': 2}","[1.0, 0.88, 1.0]",4.38
94,"[1, 2, 5]","[5, 5, 5]","[0.88, 0.75, 0.88]","[['B', 'C', 'D', 'A'], ['B', 'D', 'C', 'A'], ['B', 'D', 'A', 'C']]","{'B': 5, 'C': 4, 'A': 3, 'D': 3}","[1.0, 0.88, 1.0]",4.38
94,"[1, 2, 5]","[5, 5, 5]","[0.88, 0.75, 0.88]","[['B', 'C', 'D', 'A'], ['B', 'D', 'C', 'A'], ['C', 'A', 'B', 'D']]","{'B': 5, 'C': 5, 'A': 3, 'D': 2}","[1.0, 0.88, 1.0]",4.38
94,"[1, 2, 5]","[5, 5, 5]","[0.88, 0.75, 0.88]","[['B', 'C', 'D', 'A'], ['B', 'D', 'C', 'A'], ['C', 'B', 'A', 'D']]","{'B': 5, 'C': 5, 'A': 3, 'D': 2}","[1.0, 0.88, 1.0]",4.38
94,"[1, 2, 5]","[5, 5, 5]","[0.88, 0.75, 0.88]","[['B', 'C', 'D', 'A'], ['B', 'D', 'C', 'A'], ['D', 'A', 'B', 'C']]","{'B': 5, 'C': 4, 'A': 3, 'D': 3}","[1.0, 0.88, 1.0]",4.38
94,"[1, 2, 5]","[5, 5, 5]","[0.88, 0.75, 0.88]","[['B', 'C', 'D', 'A'], ['B', 'D', 'C', 'A'], ['D', 'B', 'A', 'C']]","{'B': 5, 'C': 4, 'A': 3, 'D': 3}","[1.0, 0.88, 1.0]",4.38
94,"[1, 2, 5]","[5, 5, 5]","[0.88, 0.75, 0.88]","[['B', 'C', 'D', 'A'], ['C', 'A', 'B', 'D'], ['A', 'B', 'C', 'D']]","{'B': 5, 'C': 5, 'A': 4, 'D': 1}","[1.0, 0.88, 1.0]",4.38
94,"[1, 2, 5]","[5, 5, 5]","[0.88, 0.75, 0.88]","[['B', 'C', 'D', 'A'], ['C', 'A', 'B', 'D'], ['A', 'C', 'B', 'D']]","{'B': 5, 'C': 5, 'A': 4, 'D': 1}","[1.0, 0.88, 1.0]",4.38
94,"[1, 2, 5]","[5, 5, 5]","[0.88, 0.75, 0.88]","[['B', 'C', 'D', 'A'], ['C', 'A', 'B', 'D'], ['B', 'A', 'C', 'D']]","{'B': 5, 'C': 5, 'A': 4, 'D': 1}","[1.0, 0.88, 1.0]",4.38
94,"[1, 2, 5]","[5, 5, 5]","[0.88, 0.75, 0.88]","[['B', 'C', 'D', 'A'], ['C', 'A', 'B', 'D'], ['B', 'C', 'A', 'D']]","{'B': 5, 'C': 5, 'A': 4, 'D': 1}","[1.0, 0.88, 1.0]",4.38
94,"[1, 2, 5]","[5, 5, 5]","[0.88, 0.75, 0.88]","[['B', 'C', 'D', 'A'], ['C', 'A', 'B', 'D'], ['B', 'C', 'D', 'A']]","{'B': 5, 'C': 5, 'A': 3, 'D': 2}","[1.0, 0.88, 1.0]",4.38
94,"[1, 2, 5]","[5, 5, 5]","[0.88, 0.75, 0.88]","[['B', 'C', 'D', 'A'], ['C', 'A', 'B', 'D'], ['B', 'D', 'C', 'A']]","{'B': 5, 'C': 5, 'A': 3, 'D': 2}","[1.0, 0.88, 1.0]",4.38
94,"[1, 2, 5]","[5, 5, 5]","[0.88, 0.75, 0.88]","[['B', 'C', 'D', 'A'], ['C', 'A', 'B', 'D'], ['C', 'A', 'B', 'D']]","{'B': 5, 'C': 5, 'A': 4, 'D': 1}","[1.0, 0.88, 1.0]",4.38
94,"[1, 2, 5]","[5, 5, 5]","[0.88, 0.75, 0.88]","[['B', 'C', 'D', 'A'], ['C', 'A', 'B', 'D'], ['C', 'B', 'A', 'D']]","{'B': 5, 'C': 5, 'A': 4, 'D': 1}","[1.0, 0.88, 1.0]",4.38
94,"[1, 2, 5]","[5, 5, 5]","[0.88, 0.75, 0.88]","[['B', 'C', 'D', 'A'], ['C', 'A', 'B', 'D'], ['C', 'B', 'D', 'A']]","{'B': 5, 'C': 5, 'A': 3, 'D': 2}","[1.0, 0.88, 1.0]",4.38
94,"[1, 2, 5]","[5, 5, 5]","[0.88, 0.75, 0.88]","[['B', 'C', 'D', 'A'], ['C', 'A', 'B', 'D'], ['C', 'D', 'B', 'A']]","{'B': 5, 'C': 5, 'A': 3, 'D': 2}","[1.0, 0.88, 1.0]",4.38
94,"[1, 2, 5]","[5, 5, 5]","[0.88, 0.75, 0.88]","[['B', 'C', 'D', 'A'], ['C', 'A', 'B', 'D'], ['D', 'B', 'C', 'A']]","{'B': 5, 'C': 5, 'A': 3, 'D': 2}","[1.0, 0.88, 1.0]",4.38
94,"[1, 2, 5]","[5, 5, 5]","[0.88, 0.75, 0.88]","[['B', 'C', 'D', 'A'], ['C', 'A', 'B', 'D'], ['D', 'C', 'B', 'A']]","{'B': 5, 'C': 5, 'A': 3, 'D': 2}","[1.0, 0.88, 1.0]",4.38
94,"[1, 2, 5]","[5, 5, 5]","[0.88, 0.75, 0.88]","[['B', 'C', 'D', 'A'], ['C', 'B', 'A', 'D'], ['A', 'B', 'C', 'D']]","{'B': 5, 'C': 5, 'A': 4, 'D': 1}","[1.0, 0.88, 1.0]",4.38
94,"[1, 2, 5]","[5, 5, 5]","[0.88, 0.75, 0.88]","[['B', 'C', 'D', 'A'], ['C', 'B', 'A', 'D'], ['A', 'C', 'B', 'D']]","{'B': 5, 'C': 5, 'A': 4, 'D': 1}","[1.0, 0.88, 1.0]",4.38
94,"[1, 2, 5]","[5, 5, 5]","[0.88, 0.75, 0.88]","[['B', 'C', 'D', 'A'], ['C', 'B', 'A', 'D'], ['B', 'A', 'C', 'D']]","{'B': 5, 'C': 5, 'A': 4, 'D': 1}","[1.0, 0.88, 1.0]",4.38
94,"[1, 2, 5]","[5, 5, 5]","[0.88, 0.75, 0.88]","[['B', 'C', 'D', 'A'], ['C', 'B', 'A', 'D'], ['B', 'C', 'A', 'D']]","{'B': 5, 'C': 5, 'A': 4, 'D': 1}","[1.0, 0.88, 1.0]",4.38
94,"[1, 2, 5]","[5, 5, 5]","[0.88, 0.75, 0.88]","[['B', 'C', 'D', 'A'], ['C', 'B', 'A', 'D'], ['B', 'C', 'D', 'A']]","{'B': 5, 'C': 5, 'A': 3, 'D': 2}","[1.0, 0.88, 1.0]",4.38
94,"[1, 2, 5]","[5, 5, 5]","[0.88, 0.75, 0.88]","[['B', 'C', 'D', 'A'], ['C', 'B', 'A', 'D'], ['B', 'D', 'C', 'A']]","{'B': 5, 'C': 5, 'A': 3, 'D': 2}","[1.0, 0.88, 1.0]",4.38
94,"[1, 2, 5]","[5, 5, 5]","[0.88, 0.75, 0.88]","[['B', 'C', 'D', 'A'], ['C', 'B', 'A', 'D'], ['C', 'A', 'B', 'D']]","{'B': 5, 'C': 5, 'A': 4, 'D': 1}","[1.0, 0.88, 1.0]",4.38
94,"[1, 2, 5]","[5, 5, 5]","[0.88, 0.75, 0.88]","[['B', 'C', 'D', 'A'], ['C', 'B', 'A', 'D'], ['C', 'B', 'A', 'D']]","{'B': 5, 'C': 5, 'A': 4, 'D': 1}","[1.0, 0.88, 1.0]",4.38
94,"[1, 2, 5]","[5, 5, 5]","[0.88, 0.75, 0.88]","[['B', 'C', 'D', 'A'], ['C', 'B', 'A', 'D'], ['C', 'B', 'D', 'A']]","{'B': 5, 'C': 5, 'A': 3, 'D': 2}","[1.0, 0.88, 1.0]",4.38
94,"[1, 2, 5]","[5, 5, 5]","[0.88, 0.75, 0.88]","[['B', 'C', 'D', 'A'], ['C', 'B', 'A', 'D'], ['C', 'D', 'B', 'A']]","{'B': 5, 'C': 5, 'A': 3, 'D': 2}","[1.0, 0.88, 1.0]",4.38
94,"[1, 2, 5]","[5, 5, 5]","[0.88, 0.75, 0.88]","[['B', 'C', 'D', 'A'], ['C', 'B', 'A', 'D'], ['D', 'B', 'C', 'A']]","{'B': 5, 'C': 5, 'A': 3, 'D': 2}","[1.0, 0.88, 1.0]",4.38
94,"[1, 2, 5]","[5, 5, 5]","[0.88, 0.75, 0.88]","[['B', 'C', 'D', 'A'], ['C', 'B', 'A', 'D'], ['D', 'C', 'B', 'A']]","{'B': 5, 'C': 5, 'A': 3, 'D': 2}","[1.0, 0.88, 1.0]",4.38
94,"[1, 2, 5]","[5, 5, 5]","[0.88, 0.75, 0.88]","[['B', 'C', 'D', 'A'], ['C', 'B', 'D', 'A'], ['A', 'B', 'C', 'D']]","{'B': 5, 'C': 5, 'A': 3, 'D': 2}","[1.0, 0.88, 1.0]",4.38
94,"[1, 2, 5]","[5, 5, 5]","[0.88, 0.75, 0.88]","[['B', 'C', 'D', 'A'], ['C', 'B', 'D', 'A'], ['A', 'B', 'D', 'C']]","{'B': 5, 'C': 4, 'A': 3, 'D': 3}","[1.0, 0.88, 1.0]",4.38
94,"[1, 2, 5]","[5, 5, 5]","[0.88, 0.75, 0.88]","[['B', 'C', 'D', 'A'], ['C', 'B', 'D', 'A'], ['A', 'C', 'B', 'D']]","{'B': 5, 'C': 5, 'A': 3, 'D': 2}","[1.0, 0.88, 1.0]",4.38
94,"[1, 2, 5]","[5, 5, 5]","[0.88, 0.75, 0.88]","[['B', 'C', 'D', 'A'], ['C', 'B', 'D', 'A'], ['A', 'D', 'B', 'C']]","{'B': 5, 'C': 4, 'A': 3, 'D': 3}","[1.0, 0.88, 1.0]",4.38
94,"[1, 2, 5]","[5, 5, 5]","[0.88, 0.75, 0.88]","[['B', 'C', 'D', 'A'], ['C', 'B', 'D', 'A'], ['B', 'A', 'C', 'D']]","{'B': 5, 'C': 5, 'A': 3, 'D': 2}","[1.0, 0.88, 1.0]",4.38
94,"[1, 2, 5]","[5, 5, 5]","[0.88, 0.75, 0.88]","[['B', 'C', 'D', 'A'], ['C', 'B', 'D', 'A'], ['B', 'A', 'D', 'C']]","{'B': 5, 'C': 4, 'A': 3, 'D': 3}","[1.0, 0.88, 1.0]",4.38
94,"[1, 2, 5]","[5, 5, 5]","[0.88, 0.75, 0.88]","[['B', 'C', 'D', 'A'], ['C', 'B', 'D', 'A'], ['B', 'C', 'A', 'D']]","{'B': 5, 'C': 5, 'A': 3, 'D': 2}","[1.0, 0.88, 1.0]",4.38
94,"[1, 2, 5]","[5, 5, 5]","[0.88, 0.75, 0.88]","[['B', 'C', 'D', 'A'], ['C', 'B', 'D', 'A'], ['B', 'D', 'A', 'C']]","{'B': 5, 'C': 4, 'A': 3, 'D': 3}","[1.0, 0.88, 1.0]",4.38
94,"[1, 2, 5]","[5, 5, 5]","[0.88, 0.75, 0.88]","[['B', 'C', 'D', 'A'], ['C', 'B', 'D', 'A'], ['C', 'A', 'B', 'D']]","{'B': 5, 'C': 5, 'A': 3, 'D': 2}","[1.0, 0.88, 1.0]",4.38
94,"[1, 2, 5]","[5, 5, 5]","[0.88, 0.75, 0.88]","[['B', 'C', 'D', 'A'], ['C', 'B', 'D', 'A'], ['C', 'B', 'A', 'D']]","{'B': 5, 'C': 5, 'A': 3, 'D': 2}","[1.0, 0.88, 1.0]",4.38
94,"[1, 2, 5]","[5, 5, 5]","[0.88, 0.75, 0.88]","[['B', 'C', 'D', 'A'], ['C', 'B', 'D', 'A'], ['D', 'A', 'B', 'C']]","{'B': 5, 'C': 4, 'A': 3, 'D': 3}","[1.0, 0.88, 1.0]",4.38
94,"[1, 2, 5]","[5, 5, 5]","[0.88, 0.75, 0.88]","[['B', 'C', 'D', 'A'], ['C', 'B', 'D', 'A'], ['D', 'B', 'A', 'C']]","{'B': 5, 'C': 4, 'A': 3, 'D': 3}","[1.0, 0.88, 1.0]",4.38
94,"[1, 2, 5]","[5, 5, 5]","[0.88, 0.75, 0.88]","[['B', 'C', 'D', 'A'], ['C', 'D', 'B', 'A'], ['A', 'B', 'C', 'D']]","{'B': 5, 'C': 5, 'A': 3, 'D': 2}","[1.0, 0.88, 1.0]",4.38
94,"[1, 2, 5]","[5, 5, 5]","[0.88, 0.75, 0.88]","[['B', 'C', 'D', 'A'], ['C', 'D', 'B', 'A'], ['A', 'B', 'D', 'C']]","{'B': 5, 'C': 4, 'A': 3, 'D': 3}","[1.0, 0.88, 1.0]",4.38
94,"[1, 2, 5]","[5, 5, 5]","[0.88, 0.75, 0.88]","[['B', 'C', 'D', 'A'], ['C', 'D', 'B', 'A'], ['A', 'C', 'B', 'D']]","{'B': 5, 'C': 5, 'A': 3, 'D': 2}","[1.0, 0.88, 1.0]",4.38
94,"[1, 2, 5]","[5, 5, 5]","[0.88, 0.75, 0.88]","[['B', 'C', 'D', 'A'], ['C', 'D', 'B', 'A'], ['A', 'D', 'B', 'C']]","{'B': 5, 'C': 4, 'A': 3, 'D': 3}","[1.0, 0.88, 1.0]",4.38
94,"[1, 2, 5]","[5, 5, 5]","[0.88, 0.75, 0.88]","[['B', 'C', 'D', 'A'], ['C', 'D', 'B', 'A'], ['B', 'A', 'C', 'D']]","{'B': 5, 'C': 5, 'A': 3, 'D': 2}","[1.0, 0.88, 1.0]",4.38
94,"[1, 2, 5]","[5, 5, 5]","[0.88, 0.75, 0.88]","[['B', 'C', 'D', 'A'], ['C', 'D', 'B', 'A'], ['B', 'A', 'D', 'C']]","{'B': 5, 'C': 4, 'A': 3, 'D': 3}","[1.0, 0.88, 1.0]",4.38
94,"[1, 2, 5]","[5, 5, 5]","[0.88, 0.75, 0.88]","[['B', 'C', 'D', 'A'], ['C', 'D', 'B', 'A'], ['B', 'C', 'A', 'D']]","{'B': 5, 'C': 5, 'A': 3, 'D': 2}","[1.0, 0.88, 1.0]",4.38
94,"[1, 2, 5]","[5, 5, 5]","[0.88, 0.75, 0.88]","[['B', 'C', 'D', 'A'], ['C', 'D', 'B', 'A'], ['B', 'D', 'A', 'C']]","{'B': 5, 'C': 4, 'A': 3, 'D': 3}","[1.0, 0.88, 1.0]",4.38
94,"[1, 2, 5]","[5, 5, 5]","[0.88, 0.75, 0.88]","[['B', 'C', 'D', 'A'], ['C', 'D', 'B', 'A'], ['C', 'A', 'B', 'D']]","{'B': 5, 'C': 5, 'A': 3, 'D': 2}","[1.0, 0.88, 1.0]",4.38
94,"[1, 2, 5]","[5, 5, 5]","[0.88, 0.75, 0.88]","[['B', 'C', 'D', 'A'], ['C', 'D', 'B', 'A'], ['C', 'B', 'A', 'D']]","{'B': 5, 'C': 5, 'A': 3, 'D': 2}","[1.0, 0.88, 1.0]",4.38
94,"[1, 2, 5]","[5, 5, 5]","[0.88, 0.75, 0.88]","[['B', 'C', 'D', 'A'], ['C', 'D', 'B', 'A'], ['D', 'A', 'B', 'C']]","{'B': 5, 'C': 4, 'A': 3, 'D': 3}","[1.0, 0.88, 1.0]",4.38
94,"[1, 2, 5]","[5, 5, 5]","[0.88, 0.75, 0.88]","[['B', 'C', 'D', 'A'], ['C', 'D', 'B', 'A'], ['D', 'B', 'A', 'C']]","{'B': 5, 'C': 4, 'A': 3, 'D': 3}","[1.0, 0.88, 1.0]",4.38
94,"[1, 2, 5]","[5, 5, 5]","[0.88, 0.75, 0.88]","[['B', 'C', 'D', 'A'], ['D', 'A', 'B', 'C'], ['B', 'C', 'D', 'A']]","{'B': 5, 'C': 4, 'A': 3, 'D': 3}","[1.0, 0.88, 1.0]",4.38
94,"[1, 2, 5]","[5, 5, 5]","[0.88, 0.75, 0.88]","[['B', 'C', 'D', 'A'], ['D', 'A', 'B', 'C'], ['B', 'D', 'C', 'A']]","{'B': 5, 'C': 4, 'A': 3, 'D': 3}","[1.0, 0.88, 1.0]",4.38
94,"[1, 2, 5]","[5, 5, 5]","[0.88, 0.75, 0.88]","[['B', 'C', 'D', 'A'], ['D', 'A', 'B', 'C'], ['C', 'B', 'D', 'A']]","{'B': 5, 'C': 4, 'A': 3, 'D': 3}","[1.0, 0.88, 1.0]",4.38
94,"[1, 2, 5]","[5, 5, 5]","[0.88, 0.75, 0.88]","[['B', 'C', 'D', 'A'], ['D', 'A', 'B', 'C'], ['C', 'D', 'B', 'A']]","{'B': 5, 'C': 4, 'A': 3, 'D': 3}","[1.0, 0.88, 1.0]",4.38
94,"[1, 2, 5]","[5, 5, 5]","[0.88, 0.75, 0.88]","[['B', 'C', 'D', 'A'], ['D', 'A', 'B', 'C'], ['D', 'B', 'C', 'A']]","{'B': 5, 'C': 4, 'A': 3, 'D': 3}","[1.0, 0.88, 1.0]",4.38
94,"[1, 2, 5]","[5, 5, 5]","[0.88, 0.75, 0.88]","[['B', 'C', 'D', 'A'], ['D', 'A', 'B', 'C'], ['D', 'C', 'B', 'A']]","{'B': 5, 'C': 4, 'A': 3, 'D': 3}","[1.0, 0.88, 1.0]",4.38
94,"[1, 2, 5]","[5, 5, 5]","[0.88, 0.75, 0.88]","[['B', 'C', 'D', 'A'], ['D', 'B', 'A', 'C'], ['B', 'C', 'D', 'A']]","{'B': 5, 'C': 4, 'A': 3, 'D': 3}","[1.0, 0.88, 1.0]",4.38
94,"[1, 2, 5]","[5, 5, 5]","[0.88, 0.75, 0.88]","[['B', 'C', 'D', 'A'], ['D', 'B', 'A', 'C'], ['B', 'D', 'C', 'A']]","{'B': 5, 'C': 4, 'A': 3, 'D': 3}","[1.0, 0.88, 1.0]",4.38
94,"[1, 2, 5]","[5, 5, 5]","[0.88, 0.75, 0.88]","[['B', 'C', 'D', 'A'], ['D', 'B', 'A', 'C'], ['C', 'B', 'D', 'A']]","{'B': 5, 'C': 4, 'A': 3, 'D': 3}","[1.0, 0.88, 1.0]",4.38
94,"[1, 2, 5]","[5, 5, 5]","[0.88, 0.75, 0.88]","[['B', 'C', 'D', 'A'], ['D', 'B', 'A', 'C'], ['C', 'D', 'B', 'A']]","{'B': 5, 'C': 4, 'A': 3, 'D': 3}","[1.0, 0.88, 1.0]",4.38
94,"[1, 2, 5]","[5, 5, 5]","[0.88, 0.75, 0.88]","[['B', 'C', 'D', 'A'], ['D', 'B', 'A', 'C'], ['D', 'B', 'C', 'A']]","{'B': 5, 'C': 4, 'A': 3, 'D': 3}","[1.0, 0.88, 1.0]",4.38
94,"[1, 2, 5]","[5, 5, 5]","[0.88, 0.75, 0.88]","[['B', 'C', 'D', 'A'], ['D', 'B', 'A', 'C'], ['D', 'C', 'B', 'A']]","{'B': 5, 'C': 4, 'A': 3, 'D': 3}","[1.0, 0.88, 1.0]",4.38
94,"[1, 2, 5]","[5, 5, 5]","[0.88, 0.75, 0.88]","[['B', 'C', 'D', 'A'], ['D', 'B', 'C', 'A'], ['A', 'B', 'C', 'D']]","{'B': 5, 'C': 5, 'A': 3, 'D': 2}","[1.0, 0.88, 1.0]",4.38
94,"[1, 2, 5]","[5, 5, 5]","[0.88, 0.75, 0.88]","[['B', 'C', 'D', 'A'], ['D', 'B', 'C', 'A'], ['A', 'B', 'D', 'C']]","{'B': 5, 'C': 4, 'A': 3, 'D': 3}","[1.0, 0.88, 1.0]",4.38
94,"[1, 2, 5]","[5, 5, 5]","[0.88, 0.75, 0.88]","[['B', 'C', 'D', 'A'], ['D', 'B', 'C', 'A'], ['A', 'C', 'B', 'D']]","{'B': 5, 'C': 5, 'A': 3, 'D': 2}","[1.0, 0.88, 1.0]",4.38
94,"[1, 2, 5]","[5, 5, 5]","[0.88, 0.75, 0.88]","[['B', 'C', 'D', 'A'], ['D', 'B', 'C', 'A'], ['A', 'D', 'B', 'C']]","{'B': 5, 'C': 4, 'A': 3, 'D': 3}","[1.0, 0.88, 1.0]",4.38
94,"[1, 2, 5]","[5, 5, 5]","[0.88, 0.75, 0.88]","[['B', 'C', 'D', 'A'], ['D', 'B', 'C', 'A'], ['B', 'A', 'C', 'D']]","{'B': 5, 'C': 5, 'A': 3, 'D': 2}","[1.0, 0.88, 1.0]",4.38
94,"[1, 2, 5]","[5, 5, 5]","[0.88, 0.75, 0.88]","[['B', 'C', 'D', 'A'], ['D', 'B', 'C', 'A'], ['B', 'A', 'D', 'C']]","{'B': 5, 'C': 4, 'A': 3, 'D': 3}","[1.0, 0.88, 1.0]",4.38
94,"[1, 2, 5]","[5, 5, 5]","[0.88, 0.75, 0.88]","[['B', 'C', 'D', 'A'], ['D', 'B', 'C', 'A'], ['B', 'C', 'A', 'D']]","{'B': 5, 'C': 5, 'A': 3, 'D': 2}","[1.0, 0.88, 1.0]",4.38
94,"[1, 2, 5]","[5, 5, 5]","[0.88, 0.75, 0.88]","[['B', 'C', 'D', 'A'], ['D', 'B', 'C', 'A'], ['B', 'D', 'A', 'C']]","{'B': 5, 'C': 4, 'A': 3, 'D': 3}","[1.0, 0.88, 1.0]",4.38
94,"[1, 2, 5]","[5, 5, 5]","[0.88, 0.75, 0.88]","[['B', 'C', 'D', 'A'], ['D', 'B', 'C', 'A'], ['C', 'A', 'B', 'D']]","{'B': 5, 'C': 5, 'A': 3, 'D': 2}","[1.0, 0.88, 1.0]",4.38
94,"[1, 2, 5]","[5, 5, 5]","[0.88, 0.75, 0.88]","[['B', 'C', 'D', 'A'], ['D', 'B', 'C', 'A'], ['C', 'B', 'A', 'D']]","{'B': 5, 'C': 5, 'A': 3, 'D': 2}","[1.0, 0.88, 1.0]",4.38
94,"[1, 2, 5]","[5, 5, 5]","[0.88, 0.75, 0.88]","[['B', 'C', 'D', 'A'], ['D', 'B', 'C', 'A'], ['D', 'A', 'B', 'C']]","{'B': 5, 'C': 4, 'A': 3, 'D': 3}","[1.0, 0.88, 1.0]",4.38
94,"[1, 2, 5]","[5, 5, 5]","[0.88, 0.75, 0.88]","[['B', 'C', 'D', 'A'], ['D', 'B', 'C', 'A'], ['D', 'B', 'A', 'C']]","{'B': 5, 'C': 4, 'A': 3, 'D': 3}","[1.0, 0.88, 1.0]",4.38
94,"[1, 2, 5]","[5, 5, 5]","[0.88, 0.75, 0.88]","[['B', 'C', 'D', 'A'], ['D', 'C', 'B', 'A'], ['A', 'B', 'C', 'D']]","{'B': 5, 'C': 5, 'A': 3, 'D': 2}","[1.0, 0.88, 1.0]",4.38
94,"[1, 2, 5]","[5, 5, 5]","[0.88, 0.75, 0.88]","[['B', 'C', 'D', 'A'], ['D', 'C', 'B', 'A'], ['A', 'B', 'D', 'C']]","{'B': 5, 'C': 4, 'A': 3, 'D': 3}","[1.0, 0.88, 1.0]",4.38
94,"[1, 2, 5]","[5, 5, 5]","[0.88, 0.75, 0.88]","[['B', 'C', 'D', 'A'], ['D', 'C', 'B', 'A'], ['A', 'C', 'B', 'D']]","{'B': 5, 'C': 5, 'A': 3, 'D': 2}","[1.0, 0.88, 1.0]",4.38
94,"[1, 2, 5]","[5, 5, 5]","[0.88, 0.75, 0.88]","[['B', 'C', 'D', 'A'], ['D', 'C', 'B', 'A'], ['A', 'D', 'B', 'C']]","{'B': 5, 'C': 4, 'A': 3, 'D': 3}","[1.0, 0.88, 1.0]",4.38
94,"[1, 2, 5]","[5, 5, 5]","[0.88, 0.75, 0.88]","[['B', 'C', 'D', 'A'], ['D', 'C', 'B', 'A'], ['B', 'A', 'C', 'D']]","{'B': 5, 'C': 5, 'A': 3, 'D': 2}","[1.0, 0.88, 1.0]",4.38
94,"[1, 2, 5]","[5, 5, 5]","[0.88, 0.75, 0.88]","[['B', 'C', 'D', 'A'], ['D', 'C', 'B', 'A'], ['B', 'A', 'D', 'C']]","{'B': 5, 'C': 4, 'A': 3, 'D': 3}","[1.0, 0.88, 1.0]",4.38
94,"[1, 2, 5]","[5, 5, 5]","[0.88, 0.75, 0.88]","[['B', 'C', 'D', 'A'], ['D', 'C', 'B', 'A'], ['B', 'C', 'A', 'D']]","{'B': 5, 'C': 5, 'A': 3, 'D': 2}","[1.0, 0.88, 1.0]",4.38
94,"[1, 2, 5]","[5, 5, 5]","[0.88, 0.75, 0.88]","[['B', 'C', 'D', 'A'], ['D', 'C', 'B', 'A'], ['B', 'D', 'A', 'C']]","{'B': 5, 'C': 4, 'A': 3, 'D': 3}","[1.0, 0.88, 1.0]",4.38
94,"[1, 2, 5]","[5, 5, 5]","[0.88, 0.75, 0.88]","[['B', 'C', 'D', 'A'], ['D', 'C', 'B', 'A'], ['C', 'A', 'B', 'D']]","{'B': 5, 'C': 5, 'A': 3, 'D': 2}","[1.0, 0.88, 1.0]",4.38
94,"[1, 2, 5]","[5, 5, 5]","[0.88, 0.75, 0.88]","[['B', 'C', 'D', 'A'], ['D', 'C', 'B', 'A'], ['C', 'B', 'A', 'D']]","{'B': 5, 'C': 5, 'A': 3, 'D': 2}","[1.0, 0.88, 1.0]",4.38
94,"[1, 2, 5]","[5, 5, 5]","[0.88, 0.75, 0.88]","[['B', 'C', 'D', 'A'], ['D', 'C', 'B', 'A'], ['D', 'A', 'B', 'C']]","{'B': 5, 'C': 4, 'A': 3, 'D': 3}","[1.0, 0.88, 1.0]",4.38
94,"[1, 2, 5]","[5, 5, 5]","[0.88, 0.75, 0.88]","[['B', 'C', 'D', 'A'], ['D', 'C', 'B', 'A'], ['D', 'B', 'A', 'C']]","{'B': 5, 'C': 4, 'A': 3, 'D': 3}","[1.0, 0.88, 1.0]",4.38
94,"[1, 2, 5]","[5, 5, 5]","[0.88, 0.75, 0.88]","[['B', 'D', 'A', 'C'], ['B', 'C', 'D', 'A'], ['B', 'C', 'D', 'A']]","{'B': 5, 'C': 4, 'A': 3, 'D': 3}","[1.0, 0.88, 1.0]",4.38
94,"[1, 2, 5]","[5, 5, 5]","[0.88, 0.75, 0.88]","[['B', 'D', 'A', 'C'], ['B', 'C', 'D', 'A'], ['B', 'D', 'C', 'A']]","{'B': 5, 'C': 4, 'A': 3, 'D': 3}","[1.0, 0.88, 1.0]",4.38
94,"[1, 2, 5]","[5, 5, 5]","[0.88, 0.75, 0.88]","[['B', 'D', 'A', 'C'], ['B', 'C', 'D', 'A'], ['C', 'B', 'D', 'A']]","{'B': 5, 'C': 4, 'A': 3, 'D': 3}","[1.0, 0.88, 1.0]",4.38
94,"[1, 2, 5]","[5, 5, 5]","[0.88, 0.75, 0.88]","[['B', 'D', 'A', 'C'], ['B', 'C', 'D', 'A'], ['C', 'D', 'B', 'A']]","{'B': 5, 'C': 4, 'A': 3, 'D': 3}","[1.0, 0.88, 1.0]",4.38
94,"[1, 2, 5]","[5, 5, 5]","[0.88, 0.75, 0.88]","[['B', 'D', 'A', 'C'], ['B', 'C', 'D', 'A'], ['D', 'B', 'C', 'A']]","{'B': 5, 'C': 4, 'A': 3, 'D': 3}","[1.0, 0.88, 1.0]",4.38
94,"[1, 2, 5]","[5, 5, 5]","[0.88, 0.75, 0.88]","[['B', 'D', 'A', 'C'], ['B', 'C', 'D', 'A'], ['D', 'C', 'B', 'A']]","{'B': 5, 'C': 4, 'A': 3, 'D': 3}","[1.0, 0.88, 1.0]",4.38
94,"[1, 2, 5]","[5, 5, 5]","[0.88, 0.75, 0.88]","[['B', 'D', 'A', 'C'], ['B', 'D', 'C', 'A'], ['B', 'C', 'D', 'A']]","{'B': 5, 'C': 4, 'A': 3, 'D': 3}","[1.0, 0.88, 1.0]",4.38
94,"[1, 2, 5]","[5, 5, 5]","[0.88, 0.75, 0.88]","[['B', 'D', 'A', 'C'], ['B', 'D', 'C', 'A'], ['B', 'D', 'C', 'A']]","{'B': 5, 'C': 4, 'A': 3, 'D': 3}","[1.0, 0.88, 1.0]",4.38
94,"[1, 2, 5]","[5, 5, 5]","[0.88, 0.75, 0.88]","[['B', 'D', 'A', 'C'], ['B', 'D', 'C', 'A'], ['C', 'B', 'D', 'A']]","{'B': 5, 'C': 4, 'A': 3, 'D': 3}","[1.0, 0.88, 1.0]",4.38
94,"[1, 2, 5]","[5, 5, 5]","[0.88, 0.75, 0.88]","[['B', 'D', 'A', 'C'], ['B', 'D', 'C', 'A'], ['C', 'D', 'B', 'A']]","{'B': 5, 'C': 4, 'A': 3, 'D': 3}","[1.0, 0.88, 1.0]",4.38
94,"[1, 2, 5]","[5, 5, 5]","[0.88, 0.75, 0.88]","[['B', 'D', 'A', 'C'], ['B', 'D', 'C', 'A'], ['D', 'B', 'C', 'A']]","{'B': 5, 'C': 4, 'A': 3, 'D': 3}","[1.0, 0.88, 1.0]",4.38
94,"[1, 2, 5]","[5, 5, 5]","[0.88, 0.75, 0.88]","[['B', 'D', 'A', 'C'], ['B', 'D', 'C', 'A'], ['D', 'C', 'B', 'A']]","{'B': 5, 'C': 4, 'A': 3, 'D': 3}","[1.0, 0.88, 1.0]",4.38
94,"[1, 2, 5]","[5, 5, 5]","[0.88, 0.75, 0.88]","[['B', 'D', 'A', 'C'], ['C', 'B', 'D', 'A'], ['B', 'C', 'D', 'A']]","{'B': 5, 'C': 4, 'A': 3, 'D': 3}","[1.0, 0.88, 1.0]",4.38
94,"[1, 2, 5]","[5, 5, 5]","[0.88, 0.75, 0.88]","[['B', 'D', 'A', 'C'], ['C', 'B', 'D', 'A'], ['B', 'D', 'C', 'A']]","{'B': 5, 'C': 4, 'A': 3, 'D': 3}","[1.0, 0.88, 1.0]",4.38
94,"[1, 2, 5]","[5, 5, 5]","[0.88, 0.75, 0.88]","[['B', 'D', 'A', 'C'], ['C', 'B', 'D', 'A'], ['C', 'B', 'D', 'A']]","{'B': 5, 'C': 4, 'A': 3, 'D': 3}","[1.0, 0.88, 1.0]",4.38
94,"[1, 2, 5]","[5, 5, 5]","[0.88, 0.75, 0.88]","[['B', 'D', 'A', 'C'], ['C', 'B', 'D', 'A'], ['C', 'D', 'B', 'A']]","{'B': 5, 'C': 4, 'A': 3, 'D': 3}","[1.0, 0.88, 1.0]",4.38
94,"[1, 2, 5]","[5, 5, 5]","[0.88, 0.75, 0.88]","[['B', 'D', 'A', 'C'], ['C', 'B', 'D', 'A'], ['D', 'B', 'C', 'A']]","{'B': 5, 'C': 4, 'A': 3, 'D': 3}","[1.0, 0.88, 1.0]",4.38
94,"[1, 2, 5]","[5, 5, 5]","[0.88, 0.75, 0.88]","[['B', 'D', 'A', 'C'], ['C', 'B', 'D', 'A'], ['D', 'C', 'B', 'A']]","{'B': 5, 'C': 4, 'A': 3, 'D': 3}","[1.0, 0.88, 1.0]",4.38
94,"[1, 2, 5]","[5, 5, 5]","[0.88, 0.75, 0.88]","[['B', 'D', 'A', 'C'], ['C', 'D', 'B', 'A'], ['B', 'C', 'D', 'A']]","{'B': 5, 'C': 4, 'A': 3, 'D': 3}","[1.0, 0.88, 1.0]",4.38
94,"[1, 2, 5]","[5, 5, 5]","[0.88, 0.75, 0.88]","[['B', 'D', 'A', 'C'], ['C', 'D', 'B', 'A'], ['B', 'D', 'C', 'A']]","{'B': 5, 'C': 4, 'A': 3, 'D': 3}","[1.0, 0.88, 1.0]",4.38
94,"[1, 2, 5]","[5, 5, 5]","[0.88, 0.75, 0.88]","[['B', 'D', 'A', 'C'], ['C', 'D', 'B', 'A'], ['C', 'B', 'D', 'A']]","{'B': 5, 'C': 4, 'A': 3, 'D': 3}","[1.0, 0.88, 1.0]",4.38
94,"[1, 2, 5]","[5, 5, 5]","[0.88, 0.75, 0.88]","[['B', 'D', 'A', 'C'], ['C', 'D', 'B', 'A'], ['C', 'D', 'B', 'A']]","{'B': 5, 'C': 4, 'A': 3, 'D': 3}","[1.0, 0.88, 1.0]",4.38
94,"[1, 2, 5]","[5, 5, 5]","[0.88, 0.75, 0.88]","[['B', 'D', 'A', 'C'], ['C', 'D', 'B', 'A'], ['D', 'B', 'C', 'A']]","{'B': 5, 'C': 4, 'A': 3, 'D': 3}","[1.0, 0.88, 1.0]",4.38
94,"[1, 2, 5]","[5, 5, 5]","[0.88, 0.75, 0.88]","[['B', 'D', 'A', 'C'], ['C', 'D', 'B', 'A'], ['D', 'C', 'B', 'A']]","{'B': 5, 'C': 4, 'A': 3, 'D': 3}","[1.0, 0.88, 1.0]",4.38
94,"[1, 2, 5]","[5, 5, 5]","[0.88, 0.75, 0.88]","[['B', 'D', 'A', 'C'], ['D', 'B', 'C', 'A'], ['B', 'C', 'D', 'A']]","{'B': 5, 'C': 4, 'A': 3, 'D': 3}","[1.0, 0.88, 1.0]",4.38
94,"[1, 2, 5]","[5, 5, 5]","[0.88, 0.75, 0.88]","[['B', 'D', 'A', 'C'], ['D', 'B', 'C', 'A'], ['B', 'D', 'C', 'A']]","{'B': 5, 'C': 4, 'A': 3, 'D': 3}","[1.0, 0.88, 1.0]",4.38
94,"[1, 2, 5]","[5, 5, 5]","[0.88, 0.75, 0.88]","[['B', 'D', 'A', 'C'], ['D', 'B', 'C', 'A'], ['C', 'B', 'D', 'A']]","{'B': 5, 'C': 4, 'A': 3, 'D': 3}","[1.0, 0.88, 1.0]",4.38
94,"[1, 2, 5]","[5, 5, 5]","[0.88, 0.75, 0.88]","[['B', 'D', 'A', 'C'], ['D', 'B', 'C', 'A'], ['C', 'D', 'B', 'A']]","{'B': 5, 'C': 4, 'A': 3, 'D': 3}","[1.0, 0.88, 1.0]",4.38
94,"[1, 2, 5]","[5, 5, 5]","[0.88, 0.75, 0.88]","[['B', 'D', 'A', 'C'], ['D', 'B', 'C', 'A'], ['D', 'B', 'C', 'A']]","{'B': 5, 'C': 4, 'A': 3, 'D': 3}","[1.0, 0.88, 1.0]",4.38
94,"[1, 2, 5]","[5, 5, 5]","[0.88, 0.75, 0.88]","[['B', 'D', 'A', 'C'], ['D', 'B', 'C', 'A'], ['D', 'C', 'B', 'A']]","{'B': 5, 'C': 4, 'A': 3, 'D': 3}","[1.0, 0.88, 1.0]",4.38
94,"[1, 2, 5]","[5, 5, 5]","[0.88, 0.75, 0.88]","[['B', 'D', 'A', 'C'], ['D', 'C', 'B', 'A'], ['B', 'C', 'D', 'A']]","{'B': 5, 'C': 4, 'A': 3, 'D': 3}","[1.0, 0.88, 1.0]",4.38
94,"[1, 2, 5]","[5, 5, 5]","[0.88, 0.75, 0.88]","[['B', 'D', 'A', 'C'], ['D', 'C', 'B', 'A'], ['B', 'D', 'C', 'A']]","{'B': 5, 'C': 4, 'A': 3, 'D': 3}","[1.0, 0.88, 1.0]",4.38
94,"[1, 2, 5]","[5, 5, 5]","[0.88, 0.75, 0.88]","[['B', 'D', 'A', 'C'], ['D', 'C', 'B', 'A'], ['C', 'B', 'D', 'A']]","{'B': 5, 'C': 4, 'A': 3, 'D': 3}","[1.0, 0.88, 1.0]",4.38
94,"[1, 2, 5]","[5, 5, 5]","[0.88, 0.75, 0.88]","[['B', 'D', 'A', 'C'], ['D', 'C', 'B', 'A'], ['C', 'D', 'B', 'A']]","{'B': 5, 'C': 4, 'A': 3, 'D': 3}","[1.0, 0.88, 1.0]",4.38
94,"[1, 2, 5]","[5, 5, 5]","[0.88, 0.75, 0.88]","[['B', 'D', 'A', 'C'], ['D', 'C', 'B', 'A'], ['D', 'B', 'C', 'A']]","{'B': 5, 'C': 4, 'A': 3, 'D': 3}","[1.0, 0.88, 1.0]",4.38
94,"[1, 2, 5]","[5, 5, 5]","[0.88, 0.75, 0.88]","[['B', 'D', 'A', 'C'], ['D', 'C', 'B', 'A'], ['D', 'C', 'B', 'A']]","{'B': 5, 'C': 4, 'A': 3, 'D': 3}","[1.0, 0.88, 1.0]",4.38
94,"[1, 2, 5]","[5, 5, 5]","[0.88, 0.75, 0.88]","[['B', 'D', 'C', 'A'], ['A', 'B', 'C', 'D'], ['A', 'B', 'C', 'D']]","{'B': 5, 'C': 5, 'A': 4, 'D': 1}","[1.0, 0.88, 1.0]",4.38
94,"[1, 2, 5]","[5, 5, 5]","[0.88, 0.75, 0.88]","[['B', 'D', 'C', 'A'], ['A', 'B', 'C', 'D'], ['A', 'C', 'B', 'D']]","{'B': 5, 'C': 5, 'A': 4, 'D': 1}","[1.0, 0.88, 1.0]",4.38
94,"[1, 2, 5]","[5, 5, 5]","[0.88, 0.75, 0.88]","[['B', 'D', 'C', 'A'], ['A', 'B', 'C', 'D'], ['B', 'A', 'C', 'D']]","{'B': 5, 'C': 5, 'A': 4, 'D': 1}","[1.0, 0.88, 1.0]",4.38
94,"[1, 2, 5]","[5, 5, 5]","[0.88, 0.75, 0.88]","[['B', 'D', 'C', 'A'], ['A', 'B', 'C', 'D'], ['B', 'C', 'A', 'D']]","{'B': 5, 'C': 5, 'A': 4, 'D': 1}","[1.0, 0.88, 1.0]",4.38
94,"[1, 2, 5]","[5, 5, 5]","[0.88, 0.75, 0.88]","[['B', 'D', 'C', 'A'], ['A', 'B', 'C', 'D'], ['B', 'C', 'D', 'A']]","{'B': 5, 'C': 5, 'A': 3, 'D': 2}","[1.0, 0.88, 1.0]",4.38
94,"[1, 2, 5]","[5, 5, 5]","[0.88, 0.75, 0.88]","[['B', 'D', 'C', 'A'], ['A', 'B', 'C', 'D'], ['B', 'D', 'C', 'A']]","{'B': 5, 'C': 5, 'A': 3, 'D': 2}","[1.0, 0.88, 1.0]",4.38
94,"[1, 2, 5]","[5, 5, 5]","[0.88, 0.75, 0.88]","[['B', 'D', 'C', 'A'], ['A', 'B', 'C', 'D'], ['C', 'A', 'B', 'D']]","{'B': 5, 'C': 5, 'A': 4, 'D': 1}","[1.0, 0.88, 1.0]",4.38
94,"[1, 2, 5]","[5, 5, 5]","[0.88, 0.75, 0.88]","[['B', 'D', 'C', 'A'], ['A', 'B', 'C', 'D'], ['C', 'B', 'A', 'D']]","{'B': 5, 'C': 5, 'A': 4, 'D': 1}","[1.0, 0.88, 1.0]",4.38
94,"[1, 2, 5]","[5, 5, 5]","[0.88, 0.75, 0.88]","[['B', 'D', 'C', 'A'], ['A', 'B', 'C', 'D'], ['C', 'B', 'D', 'A']]","{'B': 5, 'C': 5, 'A': 3, 'D': 2}","[1.0, 0.88, 1.0]",4.38
94,"[1, 2, 5]","[5, 5, 5]","[0.88, 0.75, 0.88]","[['B', 'D', 'C', 'A'], ['A', 'B', 'C', 'D'], ['C', 'D', 'B', 'A']]","{'B': 5, 'C': 5, 'A': 3, 'D': 2}","[1.0, 0.88, 1.0]",4.38
94,"[1, 2, 5]","[5, 5, 5]","[0.88, 0.75, 0.88]","[['B', 'D', 'C', 'A'], ['A', 'B', 'C', 'D'], ['D', 'B', 'C', 'A']]","{'B': 5, 'C': 5, 'A': 3, 'D': 2}","[1.0, 0.88, 1.0]",4.38
94,"[1, 2, 5]","[5, 5, 5]","[0.88, 0.75, 0.88]","[['B', 'D', 'C', 'A'], ['A', 'B', 'C', 'D'], ['D', 'C', 'B', 'A']]","{'B': 5, 'C': 5, 'A': 3, 'D': 2}","[1.0, 0.88, 1.0]",4.38
94,"[1, 2, 5]","[5, 5, 5]","[0.88, 0.75, 0.88]","[['B', 'D', 'C', 'A'], ['A', 'B', 'D', 'C'], ['B', 'C', 'D', 'A']]","{'B': 5, 'C': 4, 'A': 3, 'D': 3}","[1.0, 0.88, 1.0]",4.38
94,"[1, 2, 5]","[5, 5, 5]","[0.88, 0.75, 0.88]","[['B', 'D', 'C', 'A'], ['A', 'B', 'D', 'C'], ['B', 'D', 'C', 'A']]","{'B': 5, 'C': 4, 'A': 3, 'D': 3}","[1.0, 0.88, 1.0]",4.38
94,"[1, 2, 5]","[5, 5, 5]","[0.88, 0.75, 0.88]","[['B', 'D', 'C', 'A'], ['A', 'B', 'D', 'C'], ['C', 'B', 'D', 'A']]","{'B': 5, 'C': 4, 'A': 3, 'D': 3}","[1.0, 0.88, 1.0]",4.38
94,"[1, 2, 5]","[5, 5, 5]","[0.88, 0.75, 0.88]","[['B', 'D', 'C', 'A'], ['A', 'B', 'D', 'C'], ['C', 'D', 'B', 'A']]","{'B': 5, 'C': 4, 'A': 3, 'D': 3}","[1.0, 0.88, 1.0]",4.38
94,"[1, 2, 5]","[5, 5, 5]","[0.88, 0.75, 0.88]","[['B', 'D', 'C', 'A'], ['A', 'B', 'D', 'C'], ['D', 'B', 'C', 'A']]","{'B': 5, 'C': 4, 'A': 3, 'D': 3}","[1.0, 0.88, 1.0]",4.38
94,"[1, 2, 5]","[5, 5, 5]","[0.88, 0.75, 0.88]","[['B', 'D', 'C', 'A'], ['A', 'B', 'D', 'C'], ['D', 'C', 'B', 'A']]","{'B': 5, 'C': 4, 'A': 3, 'D': 3}","[1.0, 0.88, 1.0]",4.38
94,"[1, 2, 5]","[5, 5, 5]","[0.88, 0.75, 0.88]","[['B', 'D', 'C', 'A'], ['A', 'C', 'B', 'D'], ['A', 'B', 'C', 'D']]","{'B': 5, 'C': 5, 'A': 4, 'D': 1}","[1.0, 0.88, 1.0]",4.38
94,"[1, 2, 5]","[5, 5, 5]","[0.88, 0.75, 0.88]","[['B', 'D', 'C', 'A'], ['A', 'C', 'B', 'D'], ['A', 'C', 'B', 'D']]","{'B': 5, 'C': 5, 'A': 4, 'D': 1}","[1.0, 0.88, 1.0]",4.38
94,"[1, 2, 5]","[5, 5, 5]","[0.88, 0.75, 0.88]","[['B', 'D', 'C', 'A'], ['A', 'C', 'B', 'D'], ['B', 'A', 'C', 'D']]","{'B': 5, 'C': 5, 'A': 4, 'D': 1}","[1.0, 0.88, 1.0]",4.38
94,"[1, 2, 5]","[5, 5, 5]","[0.88, 0.75, 0.88]","[['B', 'D', 'C', 'A'], ['A', 'C', 'B', 'D'], ['B', 'C', 'A', 'D']]","{'B': 5, 'C': 5, 'A': 4, 'D': 1}","[1.0, 0.88, 1.0]",4.38
94,"[1, 2, 5]","[5, 5, 5]","[0.88, 0.75, 0.88]","[['B', 'D', 'C', 'A'], ['A', 'C', 'B', 'D'], ['B', 'C', 'D', 'A']]","{'B': 5, 'C': 5, 'A': 3, 'D': 2}","[1.0, 0.88, 1.0]",4.38
94,"[1, 2, 5]","[5, 5, 5]","[0.88, 0.75, 0.88]","[['B', 'D', 'C', 'A'], ['A', 'C', 'B', 'D'], ['B', 'D', 'C', 'A']]","{'B': 5, 'C': 5, 'A': 3, 'D': 2}","[1.0, 0.88, 1.0]",4.38
94,"[1, 2, 5]","[5, 5, 5]","[0.88, 0.75, 0.88]","[['B', 'D', 'C', 'A'], ['A', 'C', 'B', 'D'], ['C', 'A', 'B', 'D']]","{'B': 5, 'C': 5, 'A': 4, 'D': 1}","[1.0, 0.88, 1.0]",4.38
94,"[1, 2, 5]","[5, 5, 5]","[0.88, 0.75, 0.88]","[['B', 'D', 'C', 'A'], ['A', 'C', 'B', 'D'], ['C', 'B', 'A', 'D']]","{'B': 5, 'C': 5, 'A': 4, 'D': 1}","[1.0, 0.88, 1.0]",4.38
94,"[1, 2, 5]","[5, 5, 5]","[0.88, 0.75, 0.88]","[['B', 'D', 'C', 'A'], ['A', 'C', 'B', 'D'], ['C', 'B', 'D', 'A']]","{'B': 5, 'C': 5, 'A': 3, 'D': 2}","[1.0, 0.88, 1.0]",4.38
94,"[1, 2, 5]","[5, 5, 5]","[0.88, 0.75, 0.88]","[['B', 'D', 'C', 'A'], ['A', 'C', 'B', 'D'], ['C', 'D', 'B', 'A']]","{'B': 5, 'C': 5, 'A': 3, 'D': 2}","[1.0, 0.88, 1.0]",4.38
94,"[1, 2, 5]","[5, 5, 5]","[0.88, 0.75, 0.88]","[['B', 'D', 'C', 'A'], ['A', 'C', 'B', 'D'], ['D', 'B', 'C', 'A']]","{'B': 5, 'C': 5, 'A': 3, 'D': 2}","[1.0, 0.88, 1.0]",4.38
94,"[1, 2, 5]","[5, 5, 5]","[0.88, 0.75, 0.88]","[['B', 'D', 'C', 'A'], ['A', 'C', 'B', 'D'], ['D', 'C', 'B', 'A']]","{'B': 5, 'C': 5, 'A': 3, 'D': 2}","[1.0, 0.88, 1.0]",4.38
94,"[1, 2, 5]","[5, 5, 5]","[0.88, 0.75, 0.88]","[['B', 'D', 'C', 'A'], ['A', 'D', 'B', 'C'], ['B', 'C', 'D', 'A']]","{'B': 5, 'C': 4, 'A': 3, 'D': 3}","[1.0, 0.88, 1.0]",4.38
94,"[1, 2, 5]","[5, 5, 5]","[0.88, 0.75, 0.88]","[['B', 'D', 'C', 'A'], ['A', 'D', 'B', 'C'], ['B', 'D', 'C', 'A']]","{'B': 5, 'C': 4, 'A': 3, 'D': 3}","[1.0, 0.88, 1.0]",4.38
94,"[1, 2, 5]","[5, 5, 5]","[0.88, 0.75, 0.88]","[['B', 'D', 'C', 'A'], ['A', 'D', 'B', 'C'], ['C', 'B', 'D', 'A']]","{'B': 5, 'C': 4, 'A': 3, 'D': 3}","[1.0, 0.88, 1.0]",4.38
94,"[1, 2, 5]","[5, 5, 5]","[0.88, 0.75, 0.88]","[['B', 'D', 'C', 'A'], ['A', 'D', 'B', 'C'], ['C', 'D', 'B', 'A']]","{'B': 5, 'C': 4, 'A': 3, 'D': 3}","[1.0, 0.88, 1.0]",4.38
94,"[1, 2, 5]","[5, 5, 5]","[0.88, 0.75, 0.88]","[['B', 'D', 'C', 'A'], ['A', 'D', 'B', 'C'], ['D', 'B', 'C', 'A']]","{'B': 5, 'C': 4, 'A': 3, 'D': 3}","[1.0, 0.88, 1.0]",4.38
94,"[1, 2, 5]","[5, 5, 5]","[0.88, 0.75, 0.88]","[['B', 'D', 'C', 'A'], ['A', 'D', 'B', 'C'], ['D', 'C', 'B', 'A']]","{'B': 5, 'C': 4, 'A': 3, 'D': 3}","[1.0, 0.88, 1.0]",4.38
94,"[1, 2, 5]","[5, 5, 5]","[0.88, 0.75, 0.88]","[['B', 'D', 'C', 'A'], ['B', 'A', 'C', 'D'], ['A', 'B', 'C', 'D']]","{'B': 5, 'C': 5, 'A': 4, 'D': 1}","[1.0, 0.88, 1.0]",4.38
94,"[1, 2, 5]","[5, 5, 5]","[0.88, 0.75, 0.88]","[['B', 'D', 'C', 'A'], ['B', 'A', 'C', 'D'], ['A', 'C', 'B', 'D']]","{'B': 5, 'C': 5, 'A': 4, 'D': 1}","[1.0, 0.88, 1.0]",4.38
94,"[1, 2, 5]","[5, 5, 5]","[0.88, 0.75, 0.88]","[['B', 'D', 'C', 'A'], ['B', 'A', 'C', 'D'], ['B', 'A', 'C', 'D']]","{'B': 5, 'C': 5, 'A': 4, 'D': 1}","[1.0, 0.88, 1.0]",4.38
94,"[1, 2, 5]","[5, 5, 5]","[0.88, 0.75, 0.88]","[['B', 'D', 'C', 'A'], ['B', 'A', 'C', 'D'], ['B', 'C', 'A', 'D']]","{'B': 5, 'C': 5, 'A': 4, 'D': 1}","[1.0, 0.88, 1.0]",4.38
94,"[1, 2, 5]","[5, 5, 5]","[0.88, 0.75, 0.88]","[['B', 'D', 'C', 'A'], ['B', 'A', 'C', 'D'], ['B', 'C', 'D', 'A']]","{'B': 5, 'C': 5, 'A': 3, 'D': 2}","[1.0, 0.88, 1.0]",4.38
94,"[1, 2, 5]","[5, 5, 5]","[0.88, 0.75, 0.88]","[['B', 'D', 'C', 'A'], ['B', 'A', 'C', 'D'], ['B', 'D', 'C', 'A']]","{'B': 5, 'C': 5, 'A': 3, 'D': 2}","[1.0, 0.88, 1.0]",4.38
94,"[1, 2, 5]","[5, 5, 5]","[0.88, 0.75, 0.88]","[['B', 'D', 'C', 'A'], ['B', 'A', 'C', 'D'], ['C', 'A', 'B', 'D']]","{'B': 5, 'C': 5, 'A': 4, 'D': 1}","[1.0, 0.88, 1.0]",4.38
94,"[1, 2, 5]","[5, 5, 5]","[0.88, 0.75, 0.88]","[['B', 'D', 'C', 'A'], ['B', 'A', 'C', 'D'], ['C', 'B', 'A', 'D']]","{'B': 5, 'C': 5, 'A': 4, 'D': 1}","[1.0, 0.88, 1.0]",4.38
94,"[1, 2, 5]","[5, 5, 5]","[0.88, 0.75, 0.88]","[['B', 'D', 'C', 'A'], ['B', 'A', 'C', 'D'], ['C', 'B', 'D', 'A']]","{'B': 5, 'C': 5, 'A': 3, 'D': 2}","[1.0, 0.88, 1.0]",4.38
94,"[1, 2, 5]","[5, 5, 5]","[0.88, 0.75, 0.88]","[['B', 'D', 'C', 'A'], ['B', 'A', 'C', 'D'], ['C', 'D', 'B', 'A']]","{'B': 5, 'C': 5, 'A': 3, 'D': 2}","[1.0, 0.88, 1.0]",4.38
94,"[1, 2, 5]","[5, 5, 5]","[0.88, 0.75, 0.88]","[['B', 'D', 'C', 'A'], ['B', 'A', 'C', 'D'], ['D', 'B', 'C', 'A']]","{'B': 5, 'C': 5, 'A': 3, 'D': 2}","[1.0, 0.88, 1.0]",4.38
94,"[1, 2, 5]","[5, 5, 5]","[0.88, 0.75, 0.88]","[['B', 'D', 'C', 'A'], ['B', 'A', 'C', 'D'], ['D', 'C', 'B', 'A']]","{'B': 5, 'C': 5, 'A': 3, 'D': 2}","[1.0, 0.88, 1.0]",4.38
94,"[1, 2, 5]","[5, 5, 5]","[0.88, 0.75, 0.88]","[['B', 'D', 'C', 'A'], ['B', 'A', 'D', 'C'], ['B', 'C', 'D', 'A']]","{'B': 5, 'C': 4, 'A': 3, 'D': 3}","[1.0, 0.88, 1.0]",4.38
94,"[1, 2, 5]","[5, 5, 5]","[0.88, 0.75, 0.88]","[['B', 'D', 'C', 'A'], ['B', 'A', 'D', 'C'], ['B', 'D', 'C', 'A']]","{'B': 5, 'C': 4, 'A': 3, 'D': 3}","[1.0, 0.88, 1.0]",4.38
94,"[1, 2, 5]","[5, 5, 5]","[0.88, 0.75, 0.88]","[['B', 'D', 'C', 'A'], ['B', 'A', 'D', 'C'], ['C', 'B', 'D', 'A']]","{'B': 5, 'C': 4, 'A': 3, 'D': 3}","[1.0, 0.88, 1.0]",4.38
94,"[1, 2, 5]","[5, 5, 5]","[0.88, 0.75, 0.88]","[['B', 'D', 'C', 'A'], ['B', 'A', 'D', 'C'], ['C', 'D', 'B', 'A']]","{'B': 5, 'C': 4, 'A': 3, 'D': 3}","[1.0, 0.88, 1.0]",4.38
94,"[1, 2, 5]","[5, 5, 5]","[0.88, 0.75, 0.88]","[['B', 'D', 'C', 'A'], ['B', 'A', 'D', 'C'], ['D', 'B', 'C', 'A']]","{'B': 5, 'C': 4, 'A': 3, 'D': 3}","[1.0, 0.88, 1.0]",4.38
94,"[1, 2, 5]","[5, 5, 5]","[0.88, 0.75, 0.88]","[['B', 'D', 'C', 'A'], ['B', 'A', 'D', 'C'], ['D', 'C', 'B', 'A']]","{'B': 5, 'C': 4, 'A': 3, 'D': 3}","[1.0, 0.88, 1.0]",4.38
94,"[1, 2, 5]","[5, 5, 5]","[0.88, 0.75, 0.88]","[['B', 'D', 'C', 'A'], ['B', 'C', 'A', 'D'], ['A', 'B', 'C', 'D']]","{'B': 5, 'C': 5, 'A': 4, 'D': 1}","[1.0, 0.88, 1.0]",4.38
94,"[1, 2, 5]","[5, 5, 5]","[0.88, 0.75, 0.88]","[['B', 'D', 'C', 'A'], ['B', 'C', 'A', 'D'], ['A', 'C', 'B', 'D']]","{'B': 5, 'C': 5, 'A': 4, 'D': 1}","[1.0, 0.88, 1.0]",4.38
94,"[1, 2, 5]","[5, 5, 5]","[0.88, 0.75, 0.88]","[['B', 'D', 'C', 'A'], ['B', 'C', 'A', 'D'], ['B', 'A', 'C', 'D']]","{'B': 5, 'C': 5, 'A': 4, 'D': 1}","[1.0, 0.88, 1.0]",4.38
94,"[1, 2, 5]","[5, 5, 5]","[0.88, 0.75, 0.88]","[['B', 'D', 'C', 'A'], ['B', 'C', 'A', 'D'], ['B', 'C', 'A', 'D']]","{'B': 5, 'C': 5, 'A': 4, 'D': 1}","[1.0, 0.88, 1.0]",4.38
94,"[1, 2, 5]","[5, 5, 5]","[0.88, 0.75, 0.88]","[['B', 'D', 'C', 'A'], ['B', 'C', 'A', 'D'], ['B', 'C', 'D', 'A']]","{'B': 5, 'C': 5, 'A': 3, 'D': 2}","[1.0, 0.88, 1.0]",4.38
94,"[1, 2, 5]","[5, 5, 5]","[0.88, 0.75, 0.88]","[['B', 'D', 'C', 'A'], ['B', 'C', 'A', 'D'], ['B', 'D', 'C', 'A']]","{'B': 5, 'C': 5, 'A': 3, 'D': 2}","[1.0, 0.88, 1.0]",4.38
94,"[1, 2, 5]","[5, 5, 5]","[0.88, 0.75, 0.88]","[['B', 'D', 'C', 'A'], ['B', 'C', 'A', 'D'], ['C', 'A', 'B', 'D']]","{'B': 5, 'C': 5, 'A': 4, 'D': 1}","[1.0, 0.88, 1.0]",4.38
94,"[1, 2, 5]","[5, 5, 5]","[0.88, 0.75, 0.88]","[['B', 'D', 'C', 'A'], ['B', 'C', 'A', 'D'], ['C', 'B', 'A', 'D']]","{'B': 5, 'C': 5, 'A': 4, 'D': 1}","[1.0, 0.88, 1.0]",4.38
94,"[1, 2, 5]","[5, 5, 5]","[0.88, 0.75, 0.88]","[['B', 'D', 'C', 'A'], ['B', 'C', 'A', 'D'], ['C', 'B', 'D', 'A']]","{'B': 5, 'C': 5, 'A': 3, 'D': 2}","[1.0, 0.88, 1.0]",4.38
94,"[1, 2, 5]","[5, 5, 5]","[0.88, 0.75, 0.88]","[['B', 'D', 'C', 'A'], ['B', 'C', 'A', 'D'], ['C', 'D', 'B', 'A']]","{'B': 5, 'C': 5, 'A': 3, 'D': 2}","[1.0, 0.88, 1.0]",4.38
94,"[1, 2, 5]","[5, 5, 5]","[0.88, 0.75, 0.88]","[['B', 'D', 'C', 'A'], ['B', 'C', 'A', 'D'], ['D', 'B', 'C', 'A']]","{'B': 5, 'C': 5, 'A': 3, 'D': 2}","[1.0, 0.88, 1.0]",4.38
94,"[1, 2, 5]","[5, 5, 5]","[0.88, 0.75, 0.88]","[['B', 'D', 'C', 'A'], ['B', 'C', 'A', 'D'], ['D', 'C', 'B', 'A']]","{'B': 5, 'C': 5, 'A': 3, 'D': 2}","[1.0, 0.88, 1.0]",4.38
94,"[1, 2, 5]","[5, 5, 5]","[0.88, 0.75, 0.88]","[['B', 'D', 'C', 'A'], ['B', 'C', 'D', 'A'], ['A', 'B', 'C', 'D']]","{'B': 5, 'C': 5, 'A': 3, 'D': 2}","[1.0, 0.88, 1.0]",4.38
94,"[1, 2, 5]","[5, 5, 5]","[0.88, 0.75, 0.88]","[['B', 'D', 'C', 'A'], ['B', 'C', 'D', 'A'], ['A', 'B', 'D', 'C']]","{'B': 5, 'C': 4, 'A': 3, 'D': 3}","[1.0, 0.88, 1.0]",4.38
94,"[1, 2, 5]","[5, 5, 5]","[0.88, 0.75, 0.88]","[['B', 'D', 'C', 'A'], ['B', 'C', 'D', 'A'], ['A', 'C', 'B', 'D']]","{'B': 5, 'C': 5, 'A': 3, 'D': 2}","[1.0, 0.88, 1.0]",4.38
94,"[1, 2, 5]","[5, 5, 5]","[0.88, 0.75, 0.88]","[['B', 'D', 'C', 'A'], ['B', 'C', 'D', 'A'], ['A', 'D', 'B', 'C']]","{'B': 5, 'C': 4, 'A': 3, 'D': 3}","[1.0, 0.88, 1.0]",4.38
94,"[1, 2, 5]","[5, 5, 5]","[0.88, 0.75, 0.88]","[['B', 'D', 'C', 'A'], ['B', 'C', 'D', 'A'], ['B', 'A', 'C', 'D']]","{'B': 5, 'C': 5, 'A': 3, 'D': 2}","[1.0, 0.88, 1.0]",4.38
94,"[1, 2, 5]","[5, 5, 5]","[0.88, 0.75, 0.88]","[['B', 'D', 'C', 'A'], ['B', 'C', 'D', 'A'], ['B', 'A', 'D', 'C']]","{'B': 5, 'C': 4, 'A': 3, 'D': 3}","[1.0, 0.88, 1.0]",4.38
94,"[1, 2, 5]","[5, 5, 5]","[0.88, 0.75, 0.88]","[['B', 'D', 'C', 'A'], ['B', 'C', 'D', 'A'], ['B', 'C', 'A', 'D']]","{'B': 5, 'C': 5, 'A': 3, 'D': 2}","[1.0, 0.88, 1.0]",4.38
94,"[1, 2, 5]","[5, 5, 5]","[0.88, 0.75, 0.88]","[['B', 'D', 'C', 'A'], ['B', 'C', 'D', 'A'], ['B', 'D', 'A', 'C']]","{'B': 5, 'C': 4, 'A': 3, 'D': 3}","[1.0, 0.88, 1.0]",4.38
94,"[1, 2, 5]","[5, 5, 5]","[0.88, 0.75, 0.88]","[['B', 'D', 'C', 'A'], ['B', 'C', 'D', 'A'], ['C', 'A', 'B', 'D']]","{'B': 5, 'C': 5, 'A': 3, 'D': 2}","[1.0, 0.88, 1.0]",4.38
94,"[1, 2, 5]","[5, 5, 5]","[0.88, 0.75, 0.88]","[['B', 'D', 'C', 'A'], ['B', 'C', 'D', 'A'], ['C', 'B', 'A', 'D']]","{'B': 5, 'C': 5, 'A': 3, 'D': 2}","[1.0, 0.88, 1.0]",4.38
94,"[1, 2, 5]","[5, 5, 5]","[0.88, 0.75, 0.88]","[['B', 'D', 'C', 'A'], ['B', 'C', 'D', 'A'], ['D', 'A', 'B', 'C']]","{'B': 5, 'C': 4, 'A': 3, 'D': 3}","[1.0, 0.88, 1.0]",4.38
94,"[1, 2, 5]","[5, 5, 5]","[0.88, 0.75, 0.88]","[['B', 'D', 'C', 'A'], ['B', 'C', 'D', 'A'], ['D', 'B', 'A', 'C']]","{'B': 5, 'C': 4, 'A': 3, 'D': 3}","[1.0, 0.88, 1.0]",4.38
94,"[1, 2, 5]","[5, 5, 5]","[0.88, 0.75, 0.88]","[['B', 'D', 'C', 'A'], ['B', 'D', 'A', 'C'], ['B', 'C', 'D', 'A']]","{'B': 5, 'C': 4, 'A': 3, 'D': 3}","[1.0, 0.88, 1.0]",4.38
94,"[1, 2, 5]","[5, 5, 5]","[0.88, 0.75, 0.88]","[['B', 'D', 'C', 'A'], ['B', 'D', 'A', 'C'], ['B', 'D', 'C', 'A']]","{'B': 5, 'C': 4, 'A': 3, 'D': 3}","[1.0, 0.88, 1.0]",4.38
94,"[1, 2, 5]","[5, 5, 5]","[0.88, 0.75, 0.88]","[['B', 'D', 'C', 'A'], ['B', 'D', 'A', 'C'], ['C', 'B', 'D', 'A']]","{'B': 5, 'C': 4, 'A': 3, 'D': 3}","[1.0, 0.88, 1.0]",4.38
94,"[1, 2, 5]","[5, 5, 5]","[0.88, 0.75, 0.88]","[['B', 'D', 'C', 'A'], ['B', 'D', 'A', 'C'], ['C', 'D', 'B', 'A']]","{'B': 5, 'C': 4, 'A': 3, 'D': 3}","[1.0, 0.88, 1.0]",4.38
94,"[1, 2, 5]","[5, 5, 5]","[0.88, 0.75, 0.88]","[['B', 'D', 'C', 'A'], ['B', 'D', 'A', 'C'], ['D', 'B', 'C', 'A']]","{'B': 5, 'C': 4, 'A': 3, 'D': 3}","[1.0, 0.88, 1.0]",4.38
94,"[1, 2, 5]","[5, 5, 5]","[0.88, 0.75, 0.88]","[['B', 'D', 'C', 'A'], ['B', 'D', 'A', 'C'], ['D', 'C', 'B', 'A']]","{'B': 5, 'C': 4, 'A': 3, 'D': 3}","[1.0, 0.88, 1.0]",4.38
94,"[1, 2, 5]","[5, 5, 5]","[0.88, 0.75, 0.88]","[['B', 'D', 'C', 'A'], ['B', 'D', 'C', 'A'], ['A', 'B', 'C', 'D']]","{'B': 5, 'C': 5, 'A': 3, 'D': 2}","[1.0, 0.88, 1.0]",4.38
94,"[1, 2, 5]","[5, 5, 5]","[0.88, 0.75, 0.88]","[['B', 'D', 'C', 'A'], ['B', 'D', 'C', 'A'], ['A', 'B', 'D', 'C']]","{'B': 5, 'C': 4, 'A': 3, 'D': 3}","[1.0, 0.88, 1.0]",4.38
94,"[1, 2, 5]","[5, 5, 5]","[0.88, 0.75, 0.88]","[['B', 'D', 'C', 'A'], ['B', 'D', 'C', 'A'], ['A', 'C', 'B', 'D']]","{'B': 5, 'C': 5, 'A': 3, 'D': 2}","[1.0, 0.88, 1.0]",4.38
94,"[1, 2, 5]","[5, 5, 5]","[0.88, 0.75, 0.88]","[['B', 'D', 'C', 'A'], ['B', 'D', 'C', 'A'], ['A', 'D', 'B', 'C']]","{'B': 5, 'C': 4, 'A': 3, 'D': 3}","[1.0, 0.88, 1.0]",4.38
94,"[1, 2, 5]","[5, 5, 5]","[0.88, 0.75, 0.88]","[['B', 'D', 'C', 'A'], ['B', 'D', 'C', 'A'], ['B', 'A', 'C', 'D']]","{'B': 5, 'C': 5, 'A': 3, 'D': 2}","[1.0, 0.88, 1.0]",4.38
94,"[1, 2, 5]","[5, 5, 5]","[0.88, 0.75, 0.88]","[['B', 'D', 'C', 'A'], ['B', 'D', 'C', 'A'], ['B', 'A', 'D', 'C']]","{'B': 5, 'C': 4, 'A': 3, 'D': 3}","[1.0, 0.88, 1.0]",4.38
94,"[1, 2, 5]","[5, 5, 5]","[0.88, 0.75, 0.88]","[['B', 'D', 'C', 'A'], ['B', 'D', 'C', 'A'], ['B', 'C', 'A', 'D']]","{'B': 5, 'C': 5, 'A': 3, 'D': 2}","[1.0, 0.88, 1.0]",4.38
94,"[1, 2, 5]","[5, 5, 5]","[0.88, 0.75, 0.88]","[['B', 'D', 'C', 'A'], ['B', 'D', 'C', 'A'], ['B', 'D', 'A', 'C']]","{'B': 5, 'C': 4, 'A': 3, 'D': 3}","[1.0, 0.88, 1.0]",4.38
94,"[1, 2, 5]","[5, 5, 5]","[0.88, 0.75, 0.88]","[['B', 'D', 'C', 'A'], ['B', 'D', 'C', 'A'], ['C', 'A', 'B', 'D']]","{'B': 5, 'C': 5, 'A': 3, 'D': 2}","[1.0, 0.88, 1.0]",4.38
94,"[1, 2, 5]","[5, 5, 5]","[0.88, 0.75, 0.88]","[['B', 'D', 'C', 'A'], ['B', 'D', 'C', 'A'], ['C', 'B', 'A', 'D']]","{'B': 5, 'C': 5, 'A': 3, 'D': 2}","[1.0, 0.88, 1.0]",4.38
94,"[1, 2, 5]","[5, 5, 5]","[0.88, 0.75, 0.88]","[['B', 'D', 'C', 'A'], ['B', 'D', 'C', 'A'], ['D', 'A', 'B', 'C']]","{'B': 5, 'C': 4, 'A': 3, 'D': 3}","[1.0, 0.88, 1.0]",4.38
94,"[1, 2, 5]","[5, 5, 5]","[0.88, 0.75, 0.88]","[['B', 'D', 'C', 'A'], ['B', 'D', 'C', 'A'], ['D', 'B', 'A', 'C']]","{'B': 5, 'C': 4, 'A': 3, 'D': 3}","[1.0, 0.88, 1.0]",4.38
94,"[1, 2, 5]","[5, 5, 5]","[0.88, 0.75, 0.88]","[['B', 'D', 'C', 'A'], ['C', 'A', 'B', 'D'], ['A', 'B', 'C', 'D']]","{'B': 5, 'C': 5, 'A': 4, 'D': 1}","[1.0, 0.88, 1.0]",4.38
94,"[1, 2, 5]","[5, 5, 5]","[0.88, 0.75, 0.88]","[['B', 'D', 'C', 'A'], ['C', 'A', 'B', 'D'], ['A', 'C', 'B', 'D']]","{'B': 5, 'C': 5, 'A': 4, 'D': 1}","[1.0, 0.88, 1.0]",4.38
94,"[1, 2, 5]","[5, 5, 5]","[0.88, 0.75, 0.88]","[['B', 'D', 'C', 'A'], ['C', 'A', 'B', 'D'], ['B', 'A', 'C', 'D']]","{'B': 5, 'C': 5, 'A': 4, 'D': 1}","[1.0, 0.88, 1.0]",4.38
94,"[1, 2, 5]","[5, 5, 5]","[0.88, 0.75, 0.88]","[['B', 'D', 'C', 'A'], ['C', 'A', 'B', 'D'], ['B', 'C', 'A', 'D']]","{'B': 5, 'C': 5, 'A': 4, 'D': 1}","[1.0, 0.88, 1.0]",4.38
94,"[1, 2, 5]","[5, 5, 5]","[0.88, 0.75, 0.88]","[['B', 'D', 'C', 'A'], ['C', 'A', 'B', 'D'], ['B', 'C', 'D', 'A']]","{'B': 5, 'C': 5, 'A': 3, 'D': 2}","[1.0, 0.88, 1.0]",4.38
94,"[1, 2, 5]","[5, 5, 5]","[0.88, 0.75, 0.88]","[['B', 'D', 'C', 'A'], ['C', 'A', 'B', 'D'], ['B', 'D', 'C', 'A']]","{'B': 5, 'C': 5, 'A': 3, 'D': 2}","[1.0, 0.88, 1.0]",4.38
94,"[1, 2, 5]","[5, 5, 5]","[0.88, 0.75, 0.88]","[['B', 'D', 'C', 'A'], ['C', 'A', 'B', 'D'], ['C', 'A', 'B', 'D']]","{'B': 5, 'C': 5, 'A': 4, 'D': 1}","[1.0, 0.88, 1.0]",4.38
94,"[1, 2, 5]","[5, 5, 5]","[0.88, 0.75, 0.88]","[['B', 'D', 'C', 'A'], ['C', 'A', 'B', 'D'], ['C', 'B', 'A', 'D']]","{'B': 5, 'C': 5, 'A': 4, 'D': 1}","[1.0, 0.88, 1.0]",4.38
94,"[1, 2, 5]","[5, 5, 5]","[0.88, 0.75, 0.88]","[['B', 'D', 'C', 'A'], ['C', 'A', 'B', 'D'], ['C', 'B', 'D', 'A']]","{'B': 5, 'C': 5, 'A': 3, 'D': 2}","[1.0, 0.88, 1.0]",4.38
94,"[1, 2, 5]","[5, 5, 5]","[0.88, 0.75, 0.88]","[['B', 'D', 'C', 'A'], ['C', 'A', 'B', 'D'], ['C', 'D', 'B', 'A']]","{'B': 5, 'C': 5, 'A': 3, 'D': 2}","[1.0, 0.88, 1.0]",4.38
94,"[1, 2, 5]","[5, 5, 5]","[0.88, 0.75, 0.88]","[['B', 'D', 'C', 'A'], ['C', 'A', 'B', 'D'], ['D', 'B', 'C', 'A']]","{'B': 5, 'C': 5, 'A': 3, 'D': 2}","[1.0, 0.88, 1.0]",4.38
94,"[1, 2, 5]","[5, 5, 5]","[0.88, 0.75, 0.88]","[['B', 'D', 'C', 'A'], ['C', 'A', 'B', 'D'], ['D', 'C', 'B', 'A']]","{'B': 5, 'C': 5, 'A': 3, 'D': 2}","[1.0, 0.88, 1.0]",4.38
94,"[1, 2, 5]","[5, 5, 5]","[0.88, 0.75, 0.88]","[['B', 'D', 'C', 'A'], ['C', 'B', 'A', 'D'], ['A', 'B', 'C', 'D']]","{'B': 5, 'C': 5, 'A': 4, 'D': 1}","[1.0, 0.88, 1.0]",4.38
94,"[1, 2, 5]","[5, 5, 5]","[0.88, 0.75, 0.88]","[['B', 'D', 'C', 'A'], ['C', 'B', 'A', 'D'], ['A', 'C', 'B', 'D']]","{'B': 5, 'C': 5, 'A': 4, 'D': 1}","[1.0, 0.88, 1.0]",4.38
94,"[1, 2, 5]","[5, 5, 5]","[0.88, 0.75, 0.88]","[['B', 'D', 'C', 'A'], ['C', 'B', 'A', 'D'], ['B', 'A', 'C', 'D']]","{'B': 5, 'C': 5, 'A': 4, 'D': 1}","[1.0, 0.88, 1.0]",4.38
94,"[1, 2, 5]","[5, 5, 5]","[0.88, 0.75, 0.88]","[['B', 'D', 'C', 'A'], ['C', 'B', 'A', 'D'], ['B', 'C', 'A', 'D']]","{'B': 5, 'C': 5, 'A': 4, 'D': 1}","[1.0, 0.88, 1.0]",4.38
94,"[1, 2, 5]","[5, 5, 5]","[0.88, 0.75, 0.88]","[['B', 'D', 'C', 'A'], ['C', 'B', 'A', 'D'], ['B', 'C', 'D', 'A']]","{'B': 5, 'C': 5, 'A': 3, 'D': 2}","[1.0, 0.88, 1.0]",4.38
94,"[1, 2, 5]","[5, 5, 5]","[0.88, 0.75, 0.88]","[['B', 'D', 'C', 'A'], ['C', 'B', 'A', 'D'], ['B', 'D', 'C', 'A']]","{'B': 5, 'C': 5, 'A': 3, 'D': 2}","[1.0, 0.88, 1.0]",4.38
94,"[1, 2, 5]","[5, 5, 5]","[0.88, 0.75, 0.88]","[['B', 'D', 'C', 'A'], ['C', 'B', 'A', 'D'], ['C', 'A', 'B', 'D']]","{'B': 5, 'C': 5, 'A': 4, 'D': 1}","[1.0, 0.88, 1.0]",4.38
94,"[1, 2, 5]","[5, 5, 5]","[0.88, 0.75, 0.88]","[['B', 'D', 'C', 'A'], ['C', 'B', 'A', 'D'], ['C', 'B', 'A', 'D']]","{'B': 5, 'C': 5, 'A': 4, 'D': 1}","[1.0, 0.88, 1.0]",4.38
94,"[1, 2, 5]","[5, 5, 5]","[0.88, 0.75, 0.88]","[['B', 'D', 'C', 'A'], ['C', 'B', 'A', 'D'], ['C', 'B', 'D', 'A']]","{'B': 5, 'C': 5, 'A': 3, 'D': 2}","[1.0, 0.88, 1.0]",4.38
94,"[1, 2, 5]","[5, 5, 5]","[0.88, 0.75, 0.88]","[['B', 'D', 'C', 'A'], ['C', 'B', 'A', 'D'], ['C', 'D', 'B', 'A']]","{'B': 5, 'C': 5, 'A': 3, 'D': 2}","[1.0, 0.88, 1.0]",4.38
94,"[1, 2, 5]","[5, 5, 5]","[0.88, 0.75, 0.88]","[['B', 'D', 'C', 'A'], ['C', 'B', 'A', 'D'], ['D', 'B', 'C', 'A']]","{'B': 5, 'C': 5, 'A': 3, 'D': 2}","[1.0, 0.88, 1.0]",4.38
94,"[1, 2, 5]","[5, 5, 5]","[0.88, 0.75, 0.88]","[['B', 'D', 'C', 'A'], ['C', 'B', 'A', 'D'], ['D', 'C', 'B', 'A']]","{'B': 5, 'C': 5, 'A': 3, 'D': 2}","[1.0, 0.88, 1.0]",4.38
94,"[1, 2, 5]","[5, 5, 5]","[0.88, 0.75, 0.88]","[['B', 'D', 'C', 'A'], ['C', 'B', 'D', 'A'], ['A', 'B', 'C', 'D']]","{'B': 5, 'C': 5, 'A': 3, 'D': 2}","[1.0, 0.88, 1.0]",4.38
94,"[1, 2, 5]","[5, 5, 5]","[0.88, 0.75, 0.88]","[['B', 'D', 'C', 'A'], ['C', 'B', 'D', 'A'], ['A', 'B', 'D', 'C']]","{'B': 5, 'C': 4, 'A': 3, 'D': 3}","[1.0, 0.88, 1.0]",4.38
94,"[1, 2, 5]","[5, 5, 5]","[0.88, 0.75, 0.88]","[['B', 'D', 'C', 'A'], ['C', 'B', 'D', 'A'], ['A', 'C', 'B', 'D']]","{'B': 5, 'C': 5, 'A': 3, 'D': 2}","[1.0, 0.88, 1.0]",4.38
94,"[1, 2, 5]","[5, 5, 5]","[0.88, 0.75, 0.88]","[['B', 'D', 'C', 'A'], ['C', 'B', 'D', 'A'], ['A', 'D', 'B', 'C']]","{'B': 5, 'C': 4, 'A': 3, 'D': 3}","[1.0, 0.88, 1.0]",4.38
94,"[1, 2, 5]","[5, 5, 5]","[0.88, 0.75, 0.88]","[['B', 'D', 'C', 'A'], ['C', 'B', 'D', 'A'], ['B', 'A', 'C', 'D']]","{'B': 5, 'C': 5, 'A': 3, 'D': 2}","[1.0, 0.88, 1.0]",4.38
94,"[1, 2, 5]","[5, 5, 5]","[0.88, 0.75, 0.88]","[['B', 'D', 'C', 'A'], ['C', 'B', 'D', 'A'], ['B', 'A', 'D', 'C']]","{'B': 5, 'C': 4, 'A': 3, 'D': 3}","[1.0, 0.88, 1.0]",4.38
94,"[1, 2, 5]","[5, 5, 5]","[0.88, 0.75, 0.88]","[['B', 'D', 'C', 'A'], ['C', 'B', 'D', 'A'], ['B', 'C', 'A', 'D']]","{'B': 5, 'C': 5, 'A': 3, 'D': 2}","[1.0, 0.88, 1.0]",4.38
94,"[1, 2, 5]","[5, 5, 5]","[0.88, 0.75, 0.88]","[['B', 'D', 'C', 'A'], ['C', 'B', 'D', 'A'], ['B', 'D', 'A', 'C']]","{'B': 5, 'C': 4, 'A': 3, 'D': 3}","[1.0, 0.88, 1.0]",4.38
94,"[1, 2, 5]","[5, 5, 5]","[0.88, 0.75, 0.88]","[['B', 'D', 'C', 'A'], ['C', 'B', 'D', 'A'], ['C', 'A', 'B', 'D']]","{'B': 5, 'C': 5, 'A': 3, 'D': 2}","[1.0, 0.88, 1.0]",4.38
94,"[1, 2, 5]","[5, 5, 5]","[0.88, 0.75, 0.88]","[['B', 'D', 'C', 'A'], ['C', 'B', 'D', 'A'], ['C', 'B', 'A', 'D']]","{'B': 5, 'C': 5, 'A': 3, 'D': 2}","[1.0, 0.88, 1.0]",4.38
94,"[1, 2, 5]","[5, 5, 5]","[0.88, 0.75, 0.88]","[['B', 'D', 'C', 'A'], ['C', 'B', 'D', 'A'], ['D', 'A', 'B', 'C']]","{'B': 5, 'C': 4, 'A': 3, 'D': 3}","[1.0, 0.88, 1.0]",4.38
94,"[1, 2, 5]","[5, 5, 5]","[0.88, 0.75, 0.88]","[['B', 'D', 'C', 'A'], ['C', 'B', 'D', 'A'], ['D', 'B', 'A', 'C']]","{'B': 5, 'C': 4, 'A': 3, 'D': 3}","[1.0, 0.88, 1.0]",4.38
94,"[1, 2, 5]","[5, 5, 5]","[0.88, 0.75, 0.88]","[['B', 'D', 'C', 'A'], ['C', 'D', 'B', 'A'], ['A', 'B', 'C', 'D']]","{'B': 5, 'C': 5, 'A': 3, 'D': 2}","[1.0, 0.88, 1.0]",4.38
94,"[1, 2, 5]","[5, 5, 5]","[0.88, 0.75, 0.88]","[['B', 'D', 'C', 'A'], ['C', 'D', 'B', 'A'], ['A', 'B', 'D', 'C']]","{'B': 5, 'C': 4, 'A': 3, 'D': 3}","[1.0, 0.88, 1.0]",4.38
94,"[1, 2, 5]","[5, 5, 5]","[0.88, 0.75, 0.88]","[['B', 'D', 'C', 'A'], ['C', 'D', 'B', 'A'], ['A', 'C', 'B', 'D']]","{'B': 5, 'C': 5, 'A': 3, 'D': 2}","[1.0, 0.88, 1.0]",4.38
94,"[1, 2, 5]","[5, 5, 5]","[0.88, 0.75, 0.88]","[['B', 'D', 'C', 'A'], ['C', 'D', 'B', 'A'], ['A', 'D', 'B', 'C']]","{'B': 5, 'C': 4, 'A': 3, 'D': 3}","[1.0, 0.88, 1.0]",4.38
94,"[1, 2, 5]","[5, 5, 5]","[0.88, 0.75, 0.88]","[['B', 'D', 'C', 'A'], ['C', 'D', 'B', 'A'], ['B', 'A', 'C', 'D']]","{'B': 5, 'C': 5, 'A': 3, 'D': 2}","[1.0, 0.88, 1.0]",4.38
94,"[1, 2, 5]","[5, 5, 5]","[0.88, 0.75, 0.88]","[['B', 'D', 'C', 'A'], ['C', 'D', 'B', 'A'], ['B', 'A', 'D', 'C']]","{'B': 5, 'C': 4, 'A': 3, 'D': 3}","[1.0, 0.88, 1.0]",4.38
94,"[1, 2, 5]","[5, 5, 5]","[0.88, 0.75, 0.88]","[['B', 'D', 'C', 'A'], ['C', 'D', 'B', 'A'], ['B', 'C', 'A', 'D']]","{'B': 5, 'C': 5, 'A': 3, 'D': 2}","[1.0, 0.88, 1.0]",4.38
94,"[1, 2, 5]","[5, 5, 5]","[0.88, 0.75, 0.88]","[['B', 'D', 'C', 'A'], ['C', 'D', 'B', 'A'], ['B', 'D', 'A', 'C']]","{'B': 5, 'C': 4, 'A': 3, 'D': 3}","[1.0, 0.88, 1.0]",4.38
94,"[1, 2, 5]","[5, 5, 5]","[0.88, 0.75, 0.88]","[['B', 'D', 'C', 'A'], ['C', 'D', 'B', 'A'], ['C', 'A', 'B', 'D']]","{'B': 5, 'C': 5, 'A': 3, 'D': 2}","[1.0, 0.88, 1.0]",4.38
94,"[1, 2, 5]","[5, 5, 5]","[0.88, 0.75, 0.88]","[['B', 'D', 'C', 'A'], ['C', 'D', 'B', 'A'], ['C', 'B', 'A', 'D']]","{'B': 5, 'C': 5, 'A': 3, 'D': 2}","[1.0, 0.88, 1.0]",4.38
94,"[1, 2, 5]","[5, 5, 5]","[0.88, 0.75, 0.88]","[['B', 'D', 'C', 'A'], ['C', 'D', 'B', 'A'], ['D', 'A', 'B', 'C']]","{'B': 5, 'C': 4, 'A': 3, 'D': 3}","[1.0, 0.88, 1.0]",4.38
94,"[1, 2, 5]","[5, 5, 5]","[0.88, 0.75, 0.88]","[['B', 'D', 'C', 'A'], ['C', 'D', 'B', 'A'], ['D', 'B', 'A', 'C']]","{'B': 5, 'C': 4, 'A': 3, 'D': 3}","[1.0, 0.88, 1.0]",4.38
94,"[1, 2, 5]","[5, 5, 5]","[0.88, 0.75, 0.88]","[['B', 'D', 'C', 'A'], ['D', 'A', 'B', 'C'], ['B', 'C', 'D', 'A']]","{'B': 5, 'C': 4, 'A': 3, 'D': 3}","[1.0, 0.88, 1.0]",4.38
94,"[1, 2, 5]","[5, 5, 5]","[0.88, 0.75, 0.88]","[['B', 'D', 'C', 'A'], ['D', 'A', 'B', 'C'], ['B', 'D', 'C', 'A']]","{'B': 5, 'C': 4, 'A': 3, 'D': 3}","[1.0, 0.88, 1.0]",4.38
94,"[1, 2, 5]","[5, 5, 5]","[0.88, 0.75, 0.88]","[['B', 'D', 'C', 'A'], ['D', 'A', 'B', 'C'], ['C', 'B', 'D', 'A']]","{'B': 5, 'C': 4, 'A': 3, 'D': 3}","[1.0, 0.88, 1.0]",4.38
94,"[1, 2, 5]","[5, 5, 5]","[0.88, 0.75, 0.88]","[['B', 'D', 'C', 'A'], ['D', 'A', 'B', 'C'], ['C', 'D', 'B', 'A']]","{'B': 5, 'C': 4, 'A': 3, 'D': 3}","[1.0, 0.88, 1.0]",4.38
94,"[1, 2, 5]","[5, 5, 5]","[0.88, 0.75, 0.88]","[['B', 'D', 'C', 'A'], ['D', 'A', 'B', 'C'], ['D', 'B', 'C', 'A']]","{'B': 5, 'C': 4, 'A': 3, 'D': 3}","[1.0, 0.88, 1.0]",4.38
94,"[1, 2, 5]","[5, 5, 5]","[0.88, 0.75, 0.88]","[['B', 'D', 'C', 'A'], ['D', 'A', 'B', 'C'], ['D', 'C', 'B', 'A']]","{'B': 5, 'C': 4, 'A': 3, 'D': 3}","[1.0, 0.88, 1.0]",4.38
94,"[1, 2, 5]","[5, 5, 5]","[0.88, 0.75, 0.88]","[['B', 'D', 'C', 'A'], ['D', 'B', 'A', 'C'], ['B', 'C', 'D', 'A']]","{'B': 5, 'C': 4, 'A': 3, 'D': 3}","[1.0, 0.88, 1.0]",4.38
94,"[1, 2, 5]","[5, 5, 5]","[0.88, 0.75, 0.88]","[['B', 'D', 'C', 'A'], ['D', 'B', 'A', 'C'], ['B', 'D', 'C', 'A']]","{'B': 5, 'C': 4, 'A': 3, 'D': 3}","[1.0, 0.88, 1.0]",4.38
94,"[1, 2, 5]","[5, 5, 5]","[0.88, 0.75, 0.88]","[['B', 'D', 'C', 'A'], ['D', 'B', 'A', 'C'], ['C', 'B', 'D', 'A']]","{'B': 5, 'C': 4, 'A': 3, 'D': 3}","[1.0, 0.88, 1.0]",4.38
94,"[1, 2, 5]","[5, 5, 5]","[0.88, 0.75, 0.88]","[['B', 'D', 'C', 'A'], ['D', 'B', 'A', 'C'], ['C', 'D', 'B', 'A']]","{'B': 5, 'C': 4, 'A': 3, 'D': 3}","[1.0, 0.88, 1.0]",4.38
94,"[1, 2, 5]","[5, 5, 5]","[0.88, 0.75, 0.88]","[['B', 'D', 'C', 'A'], ['D', 'B', 'A', 'C'], ['D', 'B', 'C', 'A']]","{'B': 5, 'C': 4, 'A': 3, 'D': 3}","[1.0, 0.88, 1.0]",4.38
94,"[1, 2, 5]","[5, 5, 5]","[0.88, 0.75, 0.88]","[['B', 'D', 'C', 'A'], ['D', 'B', 'A', 'C'], ['D', 'C', 'B', 'A']]","{'B': 5, 'C': 4, 'A': 3, 'D': 3}","[1.0, 0.88, 1.0]",4.38
94,"[1, 2, 5]","[5, 5, 5]","[0.88, 0.75, 0.88]","[['B', 'D', 'C', 'A'], ['D', 'B', 'C', 'A'], ['A', 'B', 'C', 'D']]","{'B': 5, 'C': 5, 'A': 3, 'D': 2}","[1.0, 0.88, 1.0]",4.38
94,"[1, 2, 5]","[5, 5, 5]","[0.88, 0.75, 0.88]","[['B', 'D', 'C', 'A'], ['D', 'B', 'C', 'A'], ['A', 'B', 'D', 'C']]","{'B': 5, 'C': 4, 'A': 3, 'D': 3}","[1.0, 0.88, 1.0]",4.38
94,"[1, 2, 5]","[5, 5, 5]","[0.88, 0.75, 0.88]","[['B', 'D', 'C', 'A'], ['D', 'B', 'C', 'A'], ['A', 'C', 'B', 'D']]","{'B': 5, 'C': 5, 'A': 3, 'D': 2}","[1.0, 0.88, 1.0]",4.38
94,"[1, 2, 5]","[5, 5, 5]","[0.88, 0.75, 0.88]","[['B', 'D', 'C', 'A'], ['D', 'B', 'C', 'A'], ['A', 'D', 'B', 'C']]","{'B': 5, 'C': 4, 'A': 3, 'D': 3}","[1.0, 0.88, 1.0]",4.38
94,"[1, 2, 5]","[5, 5, 5]","[0.88, 0.75, 0.88]","[['B', 'D', 'C', 'A'], ['D', 'B', 'C', 'A'], ['B', 'A', 'C', 'D']]","{'B': 5, 'C': 5, 'A': 3, 'D': 2}","[1.0, 0.88, 1.0]",4.38
94,"[1, 2, 5]","[5, 5, 5]","[0.88, 0.75, 0.88]","[['B', 'D', 'C', 'A'], ['D', 'B', 'C', 'A'], ['B', 'A', 'D', 'C']]","{'B': 5, 'C': 4, 'A': 3, 'D': 3}","[1.0, 0.88, 1.0]",4.38
94,"[1, 2, 5]","[5, 5, 5]","[0.88, 0.75, 0.88]","[['B', 'D', 'C', 'A'], ['D', 'B', 'C', 'A'], ['B', 'C', 'A', 'D']]","{'B': 5, 'C': 5, 'A': 3, 'D': 2}","[1.0, 0.88, 1.0]",4.38
94,"[1, 2, 5]","[5, 5, 5]","[0.88, 0.75, 0.88]","[['B', 'D', 'C', 'A'], ['D', 'B', 'C', 'A'], ['B', 'D', 'A', 'C']]","{'B': 5, 'C': 4, 'A': 3, 'D': 3}","[1.0, 0.88, 1.0]",4.38
94,"[1, 2, 5]","[5, 5, 5]","[0.88, 0.75, 0.88]","[['B', 'D', 'C', 'A'], ['D', 'B', 'C', 'A'], ['C', 'A', 'B', 'D']]","{'B': 5, 'C': 5, 'A': 3, 'D': 2}","[1.0, 0.88, 1.0]",4.38
94,"[1, 2, 5]","[5, 5, 5]","[0.88, 0.75, 0.88]","[['B', 'D', 'C', 'A'], ['D', 'B', 'C', 'A'], ['C', 'B', 'A', 'D']]","{'B': 5, 'C': 5, 'A': 3, 'D': 2}","[1.0, 0.88, 1.0]",4.38
94,"[1, 2, 5]","[5, 5, 5]","[0.88, 0.75, 0.88]","[['B', 'D', 'C', 'A'], ['D', 'B', 'C', 'A'], ['D', 'A', 'B', 'C']]","{'B': 5, 'C': 4, 'A': 3, 'D': 3}","[1.0, 0.88, 1.0]",4.38
94,"[1, 2, 5]","[5, 5, 5]","[0.88, 0.75, 0.88]","[['B', 'D', 'C', 'A'], ['D', 'B', 'C', 'A'], ['D', 'B', 'A', 'C']]","{'B': 5, 'C': 4, 'A': 3, 'D': 3}","[1.0, 0.88, 1.0]",4.38
94,"[1, 2, 5]","[5, 5, 5]","[0.88, 0.75, 0.88]","[['B', 'D', 'C', 'A'], ['D', 'C', 'B', 'A'], ['A', 'B', 'C', 'D']]","{'B': 5, 'C': 5, 'A': 3, 'D': 2}","[1.0, 0.88, 1.0]",4.38
94,"[1, 2, 5]","[5, 5, 5]","[0.88, 0.75, 0.88]","[['B', 'D', 'C', 'A'], ['D', 'C', 'B', 'A'], ['A', 'B', 'D', 'C']]","{'B': 5, 'C': 4, 'A': 3, 'D': 3}","[1.0, 0.88, 1.0]",4.38
94,"[1, 2, 5]","[5, 5, 5]","[0.88, 0.75, 0.88]","[['B', 'D', 'C', 'A'], ['D', 'C', 'B', 'A'], ['A', 'C', 'B', 'D']]","{'B': 5, 'C': 5, 'A': 3, 'D': 2}","[1.0, 0.88, 1.0]",4.38
94,"[1, 2, 5]","[5, 5, 5]","[0.88, 0.75, 0.88]","[['B', 'D', 'C', 'A'], ['D', 'C', 'B', 'A'], ['A', 'D', 'B', 'C']]","{'B': 5, 'C': 4, 'A': 3, 'D': 3}","[1.0, 0.88, 1.0]",4.38
94,"[1, 2, 5]","[5, 5, 5]","[0.88, 0.75, 0.88]","[['B', 'D', 'C', 'A'], ['D', 'C', 'B', 'A'], ['B', 'A', 'C', 'D']]","{'B': 5, 'C': 5, 'A': 3, 'D': 2}","[1.0, 0.88, 1.0]",4.38
94,"[1, 2, 5]","[5, 5, 5]","[0.88, 0.75, 0.88]","[['B', 'D', 'C', 'A'], ['D', 'C', 'B', 'A'], ['B', 'A', 'D', 'C']]","{'B': 5, 'C': 4, 'A': 3, 'D': 3}","[1.0, 0.88, 1.0]",4.38
94,"[1, 2, 5]","[5, 5, 5]","[0.88, 0.75, 0.88]","[['B', 'D', 'C', 'A'], ['D', 'C', 'B', 'A'], ['B', 'C', 'A', 'D']]","{'B': 5, 'C': 5, 'A': 3, 'D': 2}","[1.0, 0.88, 1.0]",4.38
94,"[1, 2, 5]","[5, 5, 5]","[0.88, 0.75, 0.88]","[['B', 'D', 'C', 'A'], ['D', 'C', 'B', 'A'], ['B', 'D', 'A', 'C']]","{'B': 5, 'C': 4, 'A': 3, 'D': 3}","[1.0, 0.88, 1.0]",4.38
94,"[1, 2, 5]","[5, 5, 5]","[0.88, 0.75, 0.88]","[['B', 'D', 'C', 'A'], ['D', 'C', 'B', 'A'], ['C', 'A', 'B', 'D']]","{'B': 5, 'C': 5, 'A': 3, 'D': 2}","[1.0, 0.88, 1.0]",4.38
94,"[1, 2, 5]","[5, 5, 5]","[0.88, 0.75, 0.88]","[['B', 'D', 'C', 'A'], ['D', 'C', 'B', 'A'], ['C', 'B', 'A', 'D']]","{'B': 5, 'C': 5, 'A': 3, 'D': 2}","[1.0, 0.88, 1.0]",4.38
94,"[1, 2, 5]","[5, 5, 5]","[0.88, 0.75, 0.88]","[['B', 'D', 'C', 'A'], ['D', 'C', 'B', 'A'], ['D', 'A', 'B', 'C']]","{'B': 5, 'C': 4, 'A': 3, 'D': 3}","[1.0, 0.88, 1.0]",4.38
94,"[1, 2, 5]","[5, 5, 5]","[0.88, 0.75, 0.88]","[['B', 'D', 'C', 'A'], ['D', 'C', 'B', 'A'], ['D', 'B', 'A', 'C']]","{'B': 5, 'C': 4, 'A': 3, 'D': 3}","[1.0, 0.88, 1.0]",4.38
94,"[1, 2, 5]","[5, 5, 5]","[0.88, 0.75, 0.88]","[['C', 'A', 'B', 'D'], ['A', 'B', 'C', 'D'], ['B', 'C', 'D', 'A']]","{'B': 5, 'C': 5, 'A': 4, 'D': 1}","[1.0, 0.88, 1.0]",4.38
94,"[1, 2, 5]","[5, 5, 5]","[0.88, 0.75, 0.88]","[['C', 'A', 'B', 'D'], ['A', 'B', 'C', 'D'], ['B', 'D', 'C', 'A']]","{'B': 5, 'C': 5, 'A': 4, 'D': 1}","[1.0, 0.88, 1.0]",4.38
94,"[1, 2, 5]","[5, 5, 5]","[0.88, 0.75, 0.88]","[['C', 'A', 'B', 'D'], ['A', 'B', 'C', 'D'], ['C', 'B', 'D', 'A']]","{'B': 5, 'C': 5, 'A': 4, 'D': 1}","[1.0, 0.88, 1.0]",4.38
94,"[1, 2, 5]","[5, 5, 5]","[0.88, 0.75, 0.88]","[['C', 'A', 'B', 'D'], ['A', 'B', 'C', 'D'], ['C', 'D', 'B', 'A']]","{'B': 5, 'C': 5, 'A': 4, 'D': 1}","[1.0, 0.88, 1.0]",4.38
94,"[1, 2, 5]","[5, 5, 5]","[0.88, 0.75, 0.88]","[['C', 'A', 'B', 'D'], ['A', 'B', 'C', 'D'], ['D', 'B', 'C', 'A']]","{'B': 5, 'C': 5, 'A': 4, 'D': 1}","[1.0, 0.88, 1.0]",4.38
94,"[1, 2, 5]","[5, 5, 5]","[0.88, 0.75, 0.88]","[['C', 'A', 'B', 'D'], ['A', 'B', 'C', 'D'], ['D', 'C', 'B', 'A']]","{'B': 5, 'C': 5, 'A': 4, 'D': 1}","[1.0, 0.88, 1.0]",4.38
94,"[1, 2, 5]","[5, 5, 5]","[0.88, 0.75, 0.88]","[['C', 'A', 'B', 'D'], ['A', 'C', 'B', 'D'], ['B', 'C', 'D', 'A']]","{'B': 5, 'C': 5, 'A': 4, 'D': 1}","[1.0, 0.88, 1.0]",4.38
94,"[1, 2, 5]","[5, 5, 5]","[0.88, 0.75, 0.88]","[['C', 'A', 'B', 'D'], ['A', 'C', 'B', 'D'], ['B', 'D', 'C', 'A']]","{'B': 5, 'C': 5, 'A': 4, 'D': 1}","[1.0, 0.88, 1.0]",4.38
94,"[1, 2, 5]","[5, 5, 5]","[0.88, 0.75, 0.88]","[['C', 'A', 'B', 'D'], ['A', 'C', 'B', 'D'], ['C', 'B', 'D', 'A']]","{'B': 5, 'C': 5, 'A': 4, 'D': 1}","[1.0, 0.88, 1.0]",4.38
94,"[1, 2, 5]","[5, 5, 5]","[0.88, 0.75, 0.88]","[['C', 'A', 'B', 'D'], ['A', 'C', 'B', 'D'], ['C', 'D', 'B', 'A']]","{'B': 5, 'C': 5, 'A': 4, 'D': 1}","[1.0, 0.88, 1.0]",4.38
94,"[1, 2, 5]","[5, 5, 5]","[0.88, 0.75, 0.88]","[['C', 'A', 'B', 'D'], ['A', 'C', 'B', 'D'], ['D', 'B', 'C', 'A']]","{'B': 5, 'C': 5, 'A': 4, 'D': 1}","[1.0, 0.88, 1.0]",4.38
94,"[1, 2, 5]","[5, 5, 5]","[0.88, 0.75, 0.88]","[['C', 'A', 'B', 'D'], ['A', 'C', 'B', 'D'], ['D', 'C', 'B', 'A']]","{'B': 5, 'C': 5, 'A': 4, 'D': 1}","[1.0, 0.88, 1.0]",4.38
94,"[1, 2, 5]","[5, 5, 5]","[0.88, 0.75, 0.88]","[['C', 'A', 'B', 'D'], ['B', 'A', 'C', 'D'], ['B', 'C', 'D', 'A']]","{'B': 5, 'C': 5, 'A': 4, 'D': 1}","[1.0, 0.88, 1.0]",4.38
94,"[1, 2, 5]","[5, 5, 5]","[0.88, 0.75, 0.88]","[['C', 'A', 'B', 'D'], ['B', 'A', 'C', 'D'], ['B', 'D', 'C', 'A']]","{'B': 5, 'C': 5, 'A': 4, 'D': 1}","[1.0, 0.88, 1.0]",4.38
94,"[1, 2, 5]","[5, 5, 5]","[0.88, 0.75, 0.88]","[['C', 'A', 'B', 'D'], ['B', 'A', 'C', 'D'], ['C', 'B', 'D', 'A']]","{'B': 5, 'C': 5, 'A': 4, 'D': 1}","[1.0, 0.88, 1.0]",4.38
94,"[1, 2, 5]","[5, 5, 5]","[0.88, 0.75, 0.88]","[['C', 'A', 'B', 'D'], ['B', 'A', 'C', 'D'], ['C', 'D', 'B', 'A']]","{'B': 5, 'C': 5, 'A': 4, 'D': 1}","[1.0, 0.88, 1.0]",4.38
94,"[1, 2, 5]","[5, 5, 5]","[0.88, 0.75, 0.88]","[['C', 'A', 'B', 'D'], ['B', 'A', 'C', 'D'], ['D', 'B', 'C', 'A']]","{'B': 5, 'C': 5, 'A': 4, 'D': 1}","[1.0, 0.88, 1.0]",4.38
94,"[1, 2, 5]","[5, 5, 5]","[0.88, 0.75, 0.88]","[['C', 'A', 'B', 'D'], ['B', 'A', 'C', 'D'], ['D', 'C', 'B', 'A']]","{'B': 5, 'C': 5, 'A': 4, 'D': 1}","[1.0, 0.88, 1.0]",4.38
94,"[1, 2, 5]","[5, 5, 5]","[0.88, 0.75, 0.88]","[['C', 'A', 'B', 'D'], ['B', 'C', 'A', 'D'], ['B', 'C', 'D', 'A']]","{'B': 5, 'C': 5, 'A': 4, 'D': 1}","[1.0, 0.88, 1.0]",4.38
94,"[1, 2, 5]","[5, 5, 5]","[0.88, 0.75, 0.88]","[['C', 'A', 'B', 'D'], ['B', 'C', 'A', 'D'], ['B', 'D', 'C', 'A']]","{'B': 5, 'C': 5, 'A': 4, 'D': 1}","[1.0, 0.88, 1.0]",4.38
94,"[1, 2, 5]","[5, 5, 5]","[0.88, 0.75, 0.88]","[['C', 'A', 'B', 'D'], ['B', 'C', 'A', 'D'], ['C', 'B', 'D', 'A']]","{'B': 5, 'C': 5, 'A': 4, 'D': 1}","[1.0, 0.88, 1.0]",4.38
94,"[1, 2, 5]","[5, 5, 5]","[0.88, 0.75, 0.88]","[['C', 'A', 'B', 'D'], ['B', 'C', 'A', 'D'], ['C', 'D', 'B', 'A']]","{'B': 5, 'C': 5, 'A': 4, 'D': 1}","[1.0, 0.88, 1.0]",4.38
94,"[1, 2, 5]","[5, 5, 5]","[0.88, 0.75, 0.88]","[['C', 'A', 'B', 'D'], ['B', 'C', 'A', 'D'], ['D', 'B', 'C', 'A']]","{'B': 5, 'C': 5, 'A': 4, 'D': 1}","[1.0, 0.88, 1.0]",4.38
94,"[1, 2, 5]","[5, 5, 5]","[0.88, 0.75, 0.88]","[['C', 'A', 'B', 'D'], ['B', 'C', 'A', 'D'], ['D', 'C', 'B', 'A']]","{'B': 5, 'C': 5, 'A': 4, 'D': 1}","[1.0, 0.88, 1.0]",4.38
94,"[1, 2, 5]","[5, 5, 5]","[0.88, 0.75, 0.88]","[['C', 'A', 'B', 'D'], ['B', 'C', 'D', 'A'], ['A', 'B', 'C', 'D']]","{'B': 5, 'C': 5, 'A': 4, 'D': 1}","[1.0, 0.88, 1.0]",4.38
94,"[1, 2, 5]","[5, 5, 5]","[0.88, 0.75, 0.88]","[['C', 'A', 'B', 'D'], ['B', 'C', 'D', 'A'], ['A', 'C', 'B', 'D']]","{'B': 5, 'C': 5, 'A': 4, 'D': 1}","[1.0, 0.88, 1.0]",4.38
94,"[1, 2, 5]","[5, 5, 5]","[0.88, 0.75, 0.88]","[['C', 'A', 'B', 'D'], ['B', 'C', 'D', 'A'], ['B', 'A', 'C', 'D']]","{'B': 5, 'C': 5, 'A': 4, 'D': 1}","[1.0, 0.88, 1.0]",4.38
94,"[1, 2, 5]","[5, 5, 5]","[0.88, 0.75, 0.88]","[['C', 'A', 'B', 'D'], ['B', 'C', 'D', 'A'], ['B', 'C', 'A', 'D']]","{'B': 5, 'C': 5, 'A': 4, 'D': 1}","[1.0, 0.88, 1.0]",4.38
94,"[1, 2, 5]","[5, 5, 5]","[0.88, 0.75, 0.88]","[['C', 'A', 'B', 'D'], ['B', 'C', 'D', 'A'], ['B', 'C', 'D', 'A']]","{'B': 5, 'C': 5, 'A': 3, 'D': 2}","[1.0, 0.88, 1.0]",4.38
94,"[1, 2, 5]","[5, 5, 5]","[0.88, 0.75, 0.88]","[['C', 'A', 'B', 'D'], ['B', 'C', 'D', 'A'], ['B', 'D', 'C', 'A']]","{'B': 5, 'C': 5, 'A': 3, 'D': 2}","[1.0, 0.88, 1.0]",4.38
94,"[1, 2, 5]","[5, 5, 5]","[0.88, 0.75, 0.88]","[['C', 'A', 'B', 'D'], ['B', 'C', 'D', 'A'], ['C', 'A', 'B', 'D']]","{'B': 5, 'C': 5, 'A': 4, 'D': 1}","[1.0, 0.88, 1.0]",4.38
94,"[1, 2, 5]","[5, 5, 5]","[0.88, 0.75, 0.88]","[['C', 'A', 'B', 'D'], ['B', 'C', 'D', 'A'], ['C', 'B', 'A', 'D']]","{'B': 5, 'C': 5, 'A': 4, 'D': 1}","[1.0, 0.88, 1.0]",4.38
94,"[1, 2, 5]","[5, 5, 5]","[0.88, 0.75, 0.88]","[['C', 'A', 'B', 'D'], ['B', 'C', 'D', 'A'], ['C', 'B', 'D', 'A']]","{'B': 5, 'C': 5, 'A': 3, 'D': 2}","[1.0, 0.88, 1.0]",4.38
94,"[1, 2, 5]","[5, 5, 5]","[0.88, 0.75, 0.88]","[['C', 'A', 'B', 'D'], ['B', 'C', 'D', 'A'], ['C', 'D', 'B', 'A']]","{'B': 5, 'C': 5, 'A': 3, 'D': 2}","[1.0, 0.88, 1.0]",4.38
94,"[1, 2, 5]","[5, 5, 5]","[0.88, 0.75, 0.88]","[['C', 'A', 'B', 'D'], ['B', 'C', 'D', 'A'], ['D', 'B', 'C', 'A']]","{'B': 5, 'C': 5, 'A': 3, 'D': 2}","[1.0, 0.88, 1.0]",4.38
94,"[1, 2, 5]","[5, 5, 5]","[0.88, 0.75, 0.88]","[['C', 'A', 'B', 'D'], ['B', 'C', 'D', 'A'], ['D', 'C', 'B', 'A']]","{'B': 5, 'C': 5, 'A': 3, 'D': 2}","[1.0, 0.88, 1.0]",4.38
94,"[1, 2, 5]","[5, 5, 5]","[0.88, 0.75, 0.88]","[['C', 'A', 'B', 'D'], ['B', 'D', 'C', 'A'], ['A', 'B', 'C', 'D']]","{'B': 5, 'C': 5, 'A': 4, 'D': 1}","[1.0, 0.88, 1.0]",4.38
94,"[1, 2, 5]","[5, 5, 5]","[0.88, 0.75, 0.88]","[['C', 'A', 'B', 'D'], ['B', 'D', 'C', 'A'], ['A', 'C', 'B', 'D']]","{'B': 5, 'C': 5, 'A': 4, 'D': 1}","[1.0, 0.88, 1.0]",4.38
94,"[1, 2, 5]","[5, 5, 5]","[0.88, 0.75, 0.88]","[['C', 'A', 'B', 'D'], ['B', 'D', 'C', 'A'], ['B', 'A', 'C', 'D']]","{'B': 5, 'C': 5, 'A': 4, 'D': 1}","[1.0, 0.88, 1.0]",4.38
94,"[1, 2, 5]","[5, 5, 5]","[0.88, 0.75, 0.88]","[['C', 'A', 'B', 'D'], ['B', 'D', 'C', 'A'], ['B', 'C', 'A', 'D']]","{'B': 5, 'C': 5, 'A': 4, 'D': 1}","[1.0, 0.88, 1.0]",4.38
94,"[1, 2, 5]","[5, 5, 5]","[0.88, 0.75, 0.88]","[['C', 'A', 'B', 'D'], ['B', 'D', 'C', 'A'], ['B', 'C', 'D', 'A']]","{'B': 5, 'C': 5, 'A': 3, 'D': 2}","[1.0, 0.88, 1.0]",4.38
94,"[1, 2, 5]","[5, 5, 5]","[0.88, 0.75, 0.88]","[['C', 'A', 'B', 'D'], ['B', 'D', 'C', 'A'], ['B', 'D', 'C', 'A']]","{'B': 5, 'C': 5, 'A': 3, 'D': 2}","[1.0, 0.88, 1.0]",4.38
94,"[1, 2, 5]","[5, 5, 5]","[0.88, 0.75, 0.88]","[['C', 'A', 'B', 'D'], ['B', 'D', 'C', 'A'], ['C', 'A', 'B', 'D']]","{'B': 5, 'C': 5, 'A': 4, 'D': 1}","[1.0, 0.88, 1.0]",4.38
94,"[1, 2, 5]","[5, 5, 5]","[0.88, 0.75, 0.88]","[['C', 'A', 'B', 'D'], ['B', 'D', 'C', 'A'], ['C', 'B', 'A', 'D']]","{'B': 5, 'C': 5, 'A': 4, 'D': 1}","[1.0, 0.88, 1.0]",4.38
94,"[1, 2, 5]","[5, 5, 5]","[0.88, 0.75, 0.88]","[['C', 'A', 'B', 'D'], ['B', 'D', 'C', 'A'], ['C', 'B', 'D', 'A']]","{'B': 5, 'C': 5, 'A': 3, 'D': 2}","[1.0, 0.88, 1.0]",4.38
94,"[1, 2, 5]","[5, 5, 5]","[0.88, 0.75, 0.88]","[['C', 'A', 'B', 'D'], ['B', 'D', 'C', 'A'], ['C', 'D', 'B', 'A']]","{'B': 5, 'C': 5, 'A': 3, 'D': 2}","[1.0, 0.88, 1.0]",4.38
94,"[1, 2, 5]","[5, 5, 5]","[0.88, 0.75, 0.88]","[['C', 'A', 'B', 'D'], ['B', 'D', 'C', 'A'], ['D', 'B', 'C', 'A']]","{'B': 5, 'C': 5, 'A': 3, 'D': 2}","[1.0, 0.88, 1.0]",4.38
94,"[1, 2, 5]","[5, 5, 5]","[0.88, 0.75, 0.88]","[['C', 'A', 'B', 'D'], ['B', 'D', 'C', 'A'], ['D', 'C', 'B', 'A']]","{'B': 5, 'C': 5, 'A': 3, 'D': 2}","[1.0, 0.88, 1.0]",4.38
94,"[1, 2, 5]","[5, 5, 5]","[0.88, 0.75, 0.88]","[['C', 'A', 'B', 'D'], ['C', 'A', 'B', 'D'], ['B', 'C', 'D', 'A']]","{'B': 5, 'C': 5, 'A': 4, 'D': 1}","[1.0, 0.88, 1.0]",4.38
94,"[1, 2, 5]","[5, 5, 5]","[0.88, 0.75, 0.88]","[['C', 'A', 'B', 'D'], ['C', 'A', 'B', 'D'], ['B', 'D', 'C', 'A']]","{'B': 5, 'C': 5, 'A': 4, 'D': 1}","[1.0, 0.88, 1.0]",4.38
94,"[1, 2, 5]","[5, 5, 5]","[0.88, 0.75, 0.88]","[['C', 'A', 'B', 'D'], ['C', 'A', 'B', 'D'], ['C', 'B', 'D', 'A']]","{'B': 5, 'C': 5, 'A': 4, 'D': 1}","[1.0, 0.88, 1.0]",4.38
94,"[1, 2, 5]","[5, 5, 5]","[0.88, 0.75, 0.88]","[['C', 'A', 'B', 'D'], ['C', 'A', 'B', 'D'], ['C', 'D', 'B', 'A']]","{'B': 5, 'C': 5, 'A': 4, 'D': 1}","[1.0, 0.88, 1.0]",4.38
94,"[1, 2, 5]","[5, 5, 5]","[0.88, 0.75, 0.88]","[['C', 'A', 'B', 'D'], ['C', 'A', 'B', 'D'], ['D', 'B', 'C', 'A']]","{'B': 5, 'C': 5, 'A': 4, 'D': 1}","[1.0, 0.88, 1.0]",4.38
94,"[1, 2, 5]","[5, 5, 5]","[0.88, 0.75, 0.88]","[['C', 'A', 'B', 'D'], ['C', 'A', 'B', 'D'], ['D', 'C', 'B', 'A']]","{'B': 5, 'C': 5, 'A': 4, 'D': 1}","[1.0, 0.88, 1.0]",4.38
94,"[1, 2, 5]","[5, 5, 5]","[0.88, 0.75, 0.88]","[['C', 'A', 'B', 'D'], ['C', 'B', 'A', 'D'], ['B', 'C', 'D', 'A']]","{'B': 5, 'C': 5, 'A': 4, 'D': 1}","[1.0, 0.88, 1.0]",4.38
94,"[1, 2, 5]","[5, 5, 5]","[0.88, 0.75, 0.88]","[['C', 'A', 'B', 'D'], ['C', 'B', 'A', 'D'], ['B', 'D', 'C', 'A']]","{'B': 5, 'C': 5, 'A': 4, 'D': 1}","[1.0, 0.88, 1.0]",4.38
94,"[1, 2, 5]","[5, 5, 5]","[0.88, 0.75, 0.88]","[['C', 'A', 'B', 'D'], ['C', 'B', 'A', 'D'], ['C', 'B', 'D', 'A']]","{'B': 5, 'C': 5, 'A': 4, 'D': 1}","[1.0, 0.88, 1.0]",4.38
94,"[1, 2, 5]","[5, 5, 5]","[0.88, 0.75, 0.88]","[['C', 'A', 'B', 'D'], ['C', 'B', 'A', 'D'], ['C', 'D', 'B', 'A']]","{'B': 5, 'C': 5, 'A': 4, 'D': 1}","[1.0, 0.88, 1.0]",4.38
94,"[1, 2, 5]","[5, 5, 5]","[0.88, 0.75, 0.88]","[['C', 'A', 'B', 'D'], ['C', 'B', 'A', 'D'], ['D', 'B', 'C', 'A']]","{'B': 5, 'C': 5, 'A': 4, 'D': 1}","[1.0, 0.88, 1.0]",4.38
94,"[1, 2, 5]","[5, 5, 5]","[0.88, 0.75, 0.88]","[['C', 'A', 'B', 'D'], ['C', 'B', 'A', 'D'], ['D', 'C', 'B', 'A']]","{'B': 5, 'C': 5, 'A': 4, 'D': 1}","[1.0, 0.88, 1.0]",4.38
94,"[1, 2, 5]","[5, 5, 5]","[0.88, 0.75, 0.88]","[['C', 'A', 'B', 'D'], ['C', 'B', 'D', 'A'], ['A', 'B', 'C', 'D']]","{'B': 5, 'C': 5, 'A': 4, 'D': 1}","[1.0, 0.88, 1.0]",4.38
94,"[1, 2, 5]","[5, 5, 5]","[0.88, 0.75, 0.88]","[['C', 'A', 'B', 'D'], ['C', 'B', 'D', 'A'], ['A', 'C', 'B', 'D']]","{'B': 5, 'C': 5, 'A': 4, 'D': 1}","[1.0, 0.88, 1.0]",4.38
94,"[1, 2, 5]","[5, 5, 5]","[0.88, 0.75, 0.88]","[['C', 'A', 'B', 'D'], ['C', 'B', 'D', 'A'], ['B', 'A', 'C', 'D']]","{'B': 5, 'C': 5, 'A': 4, 'D': 1}","[1.0, 0.88, 1.0]",4.38
94,"[1, 2, 5]","[5, 5, 5]","[0.88, 0.75, 0.88]","[['C', 'A', 'B', 'D'], ['C', 'B', 'D', 'A'], ['B', 'C', 'A', 'D']]","{'B': 5, 'C': 5, 'A': 4, 'D': 1}","[1.0, 0.88, 1.0]",4.38
94,"[1, 2, 5]","[5, 5, 5]","[0.88, 0.75, 0.88]","[['C', 'A', 'B', 'D'], ['C', 'B', 'D', 'A'], ['B', 'C', 'D', 'A']]","{'B': 5, 'C': 5, 'A': 3, 'D': 2}","[1.0, 0.88, 1.0]",4.38
94,"[1, 2, 5]","[5, 5, 5]","[0.88, 0.75, 0.88]","[['C', 'A', 'B', 'D'], ['C', 'B', 'D', 'A'], ['B', 'D', 'C', 'A']]","{'B': 5, 'C': 5, 'A': 3, 'D': 2}","[1.0, 0.88, 1.0]",4.38
94,"[1, 2, 5]","[5, 5, 5]","[0.88, 0.75, 0.88]","[['C', 'A', 'B', 'D'], ['C', 'B', 'D', 'A'], ['C', 'A', 'B', 'D']]","{'B': 5, 'C': 5, 'A': 4, 'D': 1}","[1.0, 0.88, 1.0]",4.38
94,"[1, 2, 5]","[5, 5, 5]","[0.88, 0.75, 0.88]","[['C', 'A', 'B', 'D'], ['C', 'B', 'D', 'A'], ['C', 'B', 'A', 'D']]","{'B': 5, 'C': 5, 'A': 4, 'D': 1}","[1.0, 0.88, 1.0]",4.38
94,"[1, 2, 5]","[5, 5, 5]","[0.88, 0.75, 0.88]","[['C', 'A', 'B', 'D'], ['C', 'B', 'D', 'A'], ['C', 'B', 'D', 'A']]","{'B': 5, 'C': 5, 'A': 3, 'D': 2}","[1.0, 0.88, 1.0]",4.38
94,"[1, 2, 5]","[5, 5, 5]","[0.88, 0.75, 0.88]","[['C', 'A', 'B', 'D'], ['C', 'B', 'D', 'A'], ['C', 'D', 'B', 'A']]","{'B': 5, 'C': 5, 'A': 3, 'D': 2}","[1.0, 0.88, 1.0]",4.38
94,"[1, 2, 5]","[5, 5, 5]","[0.88, 0.75, 0.88]","[['C', 'A', 'B', 'D'], ['C', 'B', 'D', 'A'], ['D', 'B', 'C', 'A']]","{'B': 5, 'C': 5, 'A': 3, 'D': 2}","[1.0, 0.88, 1.0]",4.38
94,"[1, 2, 5]","[5, 5, 5]","[0.88, 0.75, 0.88]","[['C', 'A', 'B', 'D'], ['C', 'B', 'D', 'A'], ['D', 'C', 'B', 'A']]","{'B': 5, 'C': 5, 'A': 3, 'D': 2}","[1.0, 0.88, 1.0]",4.38
94,"[1, 2, 5]","[5, 5, 5]","[0.88, 0.75, 0.88]","[['C', 'A', 'B', 'D'], ['C', 'D', 'B', 'A'], ['A', 'B', 'C', 'D']]","{'B': 5, 'C': 5, 'A': 4, 'D': 1}","[1.0, 0.88, 1.0]",4.38
94,"[1, 2, 5]","[5, 5, 5]","[0.88, 0.75, 0.88]","[['C', 'A', 'B', 'D'], ['C', 'D', 'B', 'A'], ['A', 'C', 'B', 'D']]","{'B': 5, 'C': 5, 'A': 4, 'D': 1}","[1.0, 0.88, 1.0]",4.38
94,"[1, 2, 5]","[5, 5, 5]","[0.88, 0.75, 0.88]","[['C', 'A', 'B', 'D'], ['C', 'D', 'B', 'A'], ['B', 'A', 'C', 'D']]","{'B': 5, 'C': 5, 'A': 4, 'D': 1}","[1.0, 0.88, 1.0]",4.38
94,"[1, 2, 5]","[5, 5, 5]","[0.88, 0.75, 0.88]","[['C', 'A', 'B', 'D'], ['C', 'D', 'B', 'A'], ['B', 'C', 'A', 'D']]","{'B': 5, 'C': 5, 'A': 4, 'D': 1}","[1.0, 0.88, 1.0]",4.38
94,"[1, 2, 5]","[5, 5, 5]","[0.88, 0.75, 0.88]","[['C', 'A', 'B', 'D'], ['C', 'D', 'B', 'A'], ['B', 'C', 'D', 'A']]","{'B': 5, 'C': 5, 'A': 3, 'D': 2}","[1.0, 0.88, 1.0]",4.38
94,"[1, 2, 5]","[5, 5, 5]","[0.88, 0.75, 0.88]","[['C', 'A', 'B', 'D'], ['C', 'D', 'B', 'A'], ['B', 'D', 'C', 'A']]","{'B': 5, 'C': 5, 'A': 3, 'D': 2}","[1.0, 0.88, 1.0]",4.38
94,"[1, 2, 5]","[5, 5, 5]","[0.88, 0.75, 0.88]","[['C', 'A', 'B', 'D'], ['C', 'D', 'B', 'A'], ['C', 'A', 'B', 'D']]","{'B': 5, 'C': 5, 'A': 4, 'D': 1}","[1.0, 0.88, 1.0]",4.38
94,"[1, 2, 5]","[5, 5, 5]","[0.88, 0.75, 0.88]","[['C', 'A', 'B', 'D'], ['C', 'D', 'B', 'A'], ['C', 'B', 'A', 'D']]","{'B': 5, 'C': 5, 'A': 4, 'D': 1}","[1.0, 0.88, 1.0]",4.38
94,"[1, 2, 5]","[5, 5, 5]","[0.88, 0.75, 0.88]","[['C', 'A', 'B', 'D'], ['C', 'D', 'B', 'A'], ['C', 'B', 'D', 'A']]","{'B': 5, 'C': 5, 'A': 3, 'D': 2}","[1.0, 0.88, 1.0]",4.38
94,"[1, 2, 5]","[5, 5, 5]","[0.88, 0.75, 0.88]","[['C', 'A', 'B', 'D'], ['C', 'D', 'B', 'A'], ['C', 'D', 'B', 'A']]","{'B': 5, 'C': 5, 'A': 3, 'D': 2}","[1.0, 0.88, 1.0]",4.38
94,"[1, 2, 5]","[5, 5, 5]","[0.88, 0.75, 0.88]","[['C', 'A', 'B', 'D'], ['C', 'D', 'B', 'A'], ['D', 'B', 'C', 'A']]","{'B': 5, 'C': 5, 'A': 3, 'D': 2}","[1.0, 0.88, 1.0]",4.38
94,"[1, 2, 5]","[5, 5, 5]","[0.88, 0.75, 0.88]","[['C', 'A', 'B', 'D'], ['C', 'D', 'B', 'A'], ['D', 'C', 'B', 'A']]","{'B': 5, 'C': 5, 'A': 3, 'D': 2}","[1.0, 0.88, 1.0]",4.38
94,"[1, 2, 5]","[5, 5, 5]","[0.88, 0.75, 0.88]","[['C', 'A', 'B', 'D'], ['D', 'B', 'C', 'A'], ['A', 'B', 'C', 'D']]","{'B': 5, 'C': 5, 'A': 4, 'D': 1}","[1.0, 0.88, 1.0]",4.38
94,"[1, 2, 5]","[5, 5, 5]","[0.88, 0.75, 0.88]","[['C', 'A', 'B', 'D'], ['D', 'B', 'C', 'A'], ['A', 'C', 'B', 'D']]","{'B': 5, 'C': 5, 'A': 4, 'D': 1}","[1.0, 0.88, 1.0]",4.38
94,"[1, 2, 5]","[5, 5, 5]","[0.88, 0.75, 0.88]","[['C', 'A', 'B', 'D'], ['D', 'B', 'C', 'A'], ['B', 'A', 'C', 'D']]","{'B': 5, 'C': 5, 'A': 4, 'D': 1}","[1.0, 0.88, 1.0]",4.38
94,"[1, 2, 5]","[5, 5, 5]","[0.88, 0.75, 0.88]","[['C', 'A', 'B', 'D'], ['D', 'B', 'C', 'A'], ['B', 'C', 'A', 'D']]","{'B': 5, 'C': 5, 'A': 4, 'D': 1}","[1.0, 0.88, 1.0]",4.38
94,"[1, 2, 5]","[5, 5, 5]","[0.88, 0.75, 0.88]","[['C', 'A', 'B', 'D'], ['D', 'B', 'C', 'A'], ['B', 'C', 'D', 'A']]","{'B': 5, 'C': 5, 'A': 3, 'D': 2}","[1.0, 0.88, 1.0]",4.38
94,"[1, 2, 5]","[5, 5, 5]","[0.88, 0.75, 0.88]","[['C', 'A', 'B', 'D'], ['D', 'B', 'C', 'A'], ['B', 'D', 'C', 'A']]","{'B': 5, 'C': 5, 'A': 3, 'D': 2}","[1.0, 0.88, 1.0]",4.38
94,"[1, 2, 5]","[5, 5, 5]","[0.88, 0.75, 0.88]","[['C', 'A', 'B', 'D'], ['D', 'B', 'C', 'A'], ['C', 'A', 'B', 'D']]","{'B': 5, 'C': 5, 'A': 4, 'D': 1}","[1.0, 0.88, 1.0]",4.38
94,"[1, 2, 5]","[5, 5, 5]","[0.88, 0.75, 0.88]","[['C', 'A', 'B', 'D'], ['D', 'B', 'C', 'A'], ['C', 'B', 'A', 'D']]","{'B': 5, 'C': 5, 'A': 4, 'D': 1}","[1.0, 0.88, 1.0]",4.38
94,"[1, 2, 5]","[5, 5, 5]","[0.88, 0.75, 0.88]","[['C', 'A', 'B', 'D'], ['D', 'B', 'C', 'A'], ['C', 'B', 'D', 'A']]","{'B': 5, 'C': 5, 'A': 3, 'D': 2}","[1.0, 0.88, 1.0]",4.38
94,"[1, 2, 5]","[5, 5, 5]","[0.88, 0.75, 0.88]","[['C', 'A', 'B', 'D'], ['D', 'B', 'C', 'A'], ['C', 'D', 'B', 'A']]","{'B': 5, 'C': 5, 'A': 3, 'D': 2}","[1.0, 0.88, 1.0]",4.38
94,"[1, 2, 5]","[5, 5, 5]","[0.88, 0.75, 0.88]","[['C', 'A', 'B', 'D'], ['D', 'B', 'C', 'A'], ['D', 'B', 'C', 'A']]","{'B': 5, 'C': 5, 'A': 3, 'D': 2}","[1.0, 0.88, 1.0]",4.38
94,"[1, 2, 5]","[5, 5, 5]","[0.88, 0.75, 0.88]","[['C', 'A', 'B', 'D'], ['D', 'B', 'C', 'A'], ['D', 'C', 'B', 'A']]","{'B': 5, 'C': 5, 'A': 3, 'D': 2}","[1.0, 0.88, 1.0]",4.38
94,"[1, 2, 5]","[5, 5, 5]","[0.88, 0.75, 0.88]","[['C', 'A', 'B', 'D'], ['D', 'C', 'B', 'A'], ['A', 'B', 'C', 'D']]","{'B': 5, 'C': 5, 'A': 4, 'D': 1}","[1.0, 0.88, 1.0]",4.38
94,"[1, 2, 5]","[5, 5, 5]","[0.88, 0.75, 0.88]","[['C', 'A', 'B', 'D'], ['D', 'C', 'B', 'A'], ['A', 'C', 'B', 'D']]","{'B': 5, 'C': 5, 'A': 4, 'D': 1}","[1.0, 0.88, 1.0]",4.38
94,"[1, 2, 5]","[5, 5, 5]","[0.88, 0.75, 0.88]","[['C', 'A', 'B', 'D'], ['D', 'C', 'B', 'A'], ['B', 'A', 'C', 'D']]","{'B': 5, 'C': 5, 'A': 4, 'D': 1}","[1.0, 0.88, 1.0]",4.38
94,"[1, 2, 5]","[5, 5, 5]","[0.88, 0.75, 0.88]","[['C', 'A', 'B', 'D'], ['D', 'C', 'B', 'A'], ['B', 'C', 'A', 'D']]","{'B': 5, 'C': 5, 'A': 4, 'D': 1}","[1.0, 0.88, 1.0]",4.38
94,"[1, 2, 5]","[5, 5, 5]","[0.88, 0.75, 0.88]","[['C', 'A', 'B', 'D'], ['D', 'C', 'B', 'A'], ['B', 'C', 'D', 'A']]","{'B': 5, 'C': 5, 'A': 3, 'D': 2}","[1.0, 0.88, 1.0]",4.38
94,"[1, 2, 5]","[5, 5, 5]","[0.88, 0.75, 0.88]","[['C', 'A', 'B', 'D'], ['D', 'C', 'B', 'A'], ['B', 'D', 'C', 'A']]","{'B': 5, 'C': 5, 'A': 3, 'D': 2}","[1.0, 0.88, 1.0]",4.38
94,"[1, 2, 5]","[5, 5, 5]","[0.88, 0.75, 0.88]","[['C', 'A', 'B', 'D'], ['D', 'C', 'B', 'A'], ['C', 'A', 'B', 'D']]","{'B': 5, 'C': 5, 'A': 4, 'D': 1}","[1.0, 0.88, 1.0]",4.38
94,"[1, 2, 5]","[5, 5, 5]","[0.88, 0.75, 0.88]","[['C', 'A', 'B', 'D'], ['D', 'C', 'B', 'A'], ['C', 'B', 'A', 'D']]","{'B': 5, 'C': 5, 'A': 4, 'D': 1}","[1.0, 0.88, 1.0]",4.38
94,"[1, 2, 5]","[5, 5, 5]","[0.88, 0.75, 0.88]","[['C', 'A', 'B', 'D'], ['D', 'C', 'B', 'A'], ['C', 'B', 'D', 'A']]","{'B': 5, 'C': 5, 'A': 3, 'D': 2}","[1.0, 0.88, 1.0]",4.38
94,"[1, 2, 5]","[5, 5, 5]","[0.88, 0.75, 0.88]","[['C', 'A', 'B', 'D'], ['D', 'C', 'B', 'A'], ['C', 'D', 'B', 'A']]","{'B': 5, 'C': 5, 'A': 3, 'D': 2}","[1.0, 0.88, 1.0]",4.38
94,"[1, 2, 5]","[5, 5, 5]","[0.88, 0.75, 0.88]","[['C', 'A', 'B', 'D'], ['D', 'C', 'B', 'A'], ['D', 'B', 'C', 'A']]","{'B': 5, 'C': 5, 'A': 3, 'D': 2}","[1.0, 0.88, 1.0]",4.38
94,"[1, 2, 5]","[5, 5, 5]","[0.88, 0.75, 0.88]","[['C', 'A', 'B', 'D'], ['D', 'C', 'B', 'A'], ['D', 'C', 'B', 'A']]","{'B': 5, 'C': 5, 'A': 3, 'D': 2}","[1.0, 0.88, 1.0]",4.38
94,"[1, 2, 5]","[5, 5, 5]","[0.88, 0.75, 0.88]","[['C', 'B', 'A', 'D'], ['A', 'B', 'C', 'D'], ['B', 'C', 'D', 'A']]","{'B': 5, 'C': 5, 'A': 4, 'D': 1}","[1.0, 0.88, 1.0]",4.38
94,"[1, 2, 5]","[5, 5, 5]","[0.88, 0.75, 0.88]","[['C', 'B', 'A', 'D'], ['A', 'B', 'C', 'D'], ['B', 'D', 'C', 'A']]","{'B': 5, 'C': 5, 'A': 4, 'D': 1}","[1.0, 0.88, 1.0]",4.38
94,"[1, 2, 5]","[5, 5, 5]","[0.88, 0.75, 0.88]","[['C', 'B', 'A', 'D'], ['A', 'B', 'C', 'D'], ['C', 'B', 'D', 'A']]","{'B': 5, 'C': 5, 'A': 4, 'D': 1}","[1.0, 0.88, 1.0]",4.38
94,"[1, 2, 5]","[5, 5, 5]","[0.88, 0.75, 0.88]","[['C', 'B', 'A', 'D'], ['A', 'B', 'C', 'D'], ['C', 'D', 'B', 'A']]","{'B': 5, 'C': 5, 'A': 4, 'D': 1}","[1.0, 0.88, 1.0]",4.38
94,"[1, 2, 5]","[5, 5, 5]","[0.88, 0.75, 0.88]","[['C', 'B', 'A', 'D'], ['A', 'B', 'C', 'D'], ['D', 'B', 'C', 'A']]","{'B': 5, 'C': 5, 'A': 4, 'D': 1}","[1.0, 0.88, 1.0]",4.38
94,"[1, 2, 5]","[5, 5, 5]","[0.88, 0.75, 0.88]","[['C', 'B', 'A', 'D'], ['A', 'B', 'C', 'D'], ['D', 'C', 'B', 'A']]","{'B': 5, 'C': 5, 'A': 4, 'D': 1}","[1.0, 0.88, 1.0]",4.38
94,"[1, 2, 5]","[5, 5, 5]","[0.88, 0.75, 0.88]","[['C', 'B', 'A', 'D'], ['A', 'C', 'B', 'D'], ['B', 'C', 'D', 'A']]","{'B': 5, 'C': 5, 'A': 4, 'D': 1}","[1.0, 0.88, 1.0]",4.38
94,"[1, 2, 5]","[5, 5, 5]","[0.88, 0.75, 0.88]","[['C', 'B', 'A', 'D'], ['A', 'C', 'B', 'D'], ['B', 'D', 'C', 'A']]","{'B': 5, 'C': 5, 'A': 4, 'D': 1}","[1.0, 0.88, 1.0]",4.38
94,"[1, 2, 5]","[5, 5, 5]","[0.88, 0.75, 0.88]","[['C', 'B', 'A', 'D'], ['A', 'C', 'B', 'D'], ['C', 'B', 'D', 'A']]","{'B': 5, 'C': 5, 'A': 4, 'D': 1}","[1.0, 0.88, 1.0]",4.38
94,"[1, 2, 5]","[5, 5, 5]","[0.88, 0.75, 0.88]","[['C', 'B', 'A', 'D'], ['A', 'C', 'B', 'D'], ['C', 'D', 'B', 'A']]","{'B': 5, 'C': 5, 'A': 4, 'D': 1}","[1.0, 0.88, 1.0]",4.38
94,"[1, 2, 5]","[5, 5, 5]","[0.88, 0.75, 0.88]","[['C', 'B', 'A', 'D'], ['A', 'C', 'B', 'D'], ['D', 'B', 'C', 'A']]","{'B': 5, 'C': 5, 'A': 4, 'D': 1}","[1.0, 0.88, 1.0]",4.38
94,"[1, 2, 5]","[5, 5, 5]","[0.88, 0.75, 0.88]","[['C', 'B', 'A', 'D'], ['A', 'C', 'B', 'D'], ['D', 'C', 'B', 'A']]","{'B': 5, 'C': 5, 'A': 4, 'D': 1}","[1.0, 0.88, 1.0]",4.38
94,"[1, 2, 5]","[5, 5, 5]","[0.88, 0.75, 0.88]","[['C', 'B', 'A', 'D'], ['B', 'A', 'C', 'D'], ['B', 'C', 'D', 'A']]","{'B': 5, 'C': 5, 'A': 4, 'D': 1}","[1.0, 0.88, 1.0]",4.38
94,"[1, 2, 5]","[5, 5, 5]","[0.88, 0.75, 0.88]","[['C', 'B', 'A', 'D'], ['B', 'A', 'C', 'D'], ['B', 'D', 'C', 'A']]","{'B': 5, 'C': 5, 'A': 4, 'D': 1}","[1.0, 0.88, 1.0]",4.38
94,"[1, 2, 5]","[5, 5, 5]","[0.88, 0.75, 0.88]","[['C', 'B', 'A', 'D'], ['B', 'A', 'C', 'D'], ['C', 'B', 'D', 'A']]","{'B': 5, 'C': 5, 'A': 4, 'D': 1}","[1.0, 0.88, 1.0]",4.38
94,"[1, 2, 5]","[5, 5, 5]","[0.88, 0.75, 0.88]","[['C', 'B', 'A', 'D'], ['B', 'A', 'C', 'D'], ['C', 'D', 'B', 'A']]","{'B': 5, 'C': 5, 'A': 4, 'D': 1}","[1.0, 0.88, 1.0]",4.38
94,"[1, 2, 5]","[5, 5, 5]","[0.88, 0.75, 0.88]","[['C', 'B', 'A', 'D'], ['B', 'A', 'C', 'D'], ['D', 'B', 'C', 'A']]","{'B': 5, 'C': 5, 'A': 4, 'D': 1}","[1.0, 0.88, 1.0]",4.38
94,"[1, 2, 5]","[5, 5, 5]","[0.88, 0.75, 0.88]","[['C', 'B', 'A', 'D'], ['B', 'A', 'C', 'D'], ['D', 'C', 'B', 'A']]","{'B': 5, 'C': 5, 'A': 4, 'D': 1}","[1.0, 0.88, 1.0]",4.38
94,"[1, 2, 5]","[5, 5, 5]","[0.88, 0.75, 0.88]","[['C', 'B', 'A', 'D'], ['B', 'C', 'A', 'D'], ['B', 'C', 'D', 'A']]","{'B': 5, 'C': 5, 'A': 4, 'D': 1}","[1.0, 0.88, 1.0]",4.38
94,"[1, 2, 5]","[5, 5, 5]","[0.88, 0.75, 0.88]","[['C', 'B', 'A', 'D'], ['B', 'C', 'A', 'D'], ['B', 'D', 'C', 'A']]","{'B': 5, 'C': 5, 'A': 4, 'D': 1}","[1.0, 0.88, 1.0]",4.38
94,"[1, 2, 5]","[5, 5, 5]","[0.88, 0.75, 0.88]","[['C', 'B', 'A', 'D'], ['B', 'C', 'A', 'D'], ['C', 'B', 'D', 'A']]","{'B': 5, 'C': 5, 'A': 4, 'D': 1}","[1.0, 0.88, 1.0]",4.38
94,"[1, 2, 5]","[5, 5, 5]","[0.88, 0.75, 0.88]","[['C', 'B', 'A', 'D'], ['B', 'C', 'A', 'D'], ['C', 'D', 'B', 'A']]","{'B': 5, 'C': 5, 'A': 4, 'D': 1}","[1.0, 0.88, 1.0]",4.38
94,"[1, 2, 5]","[5, 5, 5]","[0.88, 0.75, 0.88]","[['C', 'B', 'A', 'D'], ['B', 'C', 'A', 'D'], ['D', 'B', 'C', 'A']]","{'B': 5, 'C': 5, 'A': 4, 'D': 1}","[1.0, 0.88, 1.0]",4.38
94,"[1, 2, 5]","[5, 5, 5]","[0.88, 0.75, 0.88]","[['C', 'B', 'A', 'D'], ['B', 'C', 'A', 'D'], ['D', 'C', 'B', 'A']]","{'B': 5, 'C': 5, 'A': 4, 'D': 1}","[1.0, 0.88, 1.0]",4.38
94,"[1, 2, 5]","[5, 5, 5]","[0.88, 0.75, 0.88]","[['C', 'B', 'A', 'D'], ['B', 'C', 'D', 'A'], ['A', 'B', 'C', 'D']]","{'B': 5, 'C': 5, 'A': 4, 'D': 1}","[1.0, 0.88, 1.0]",4.38
94,"[1, 2, 5]","[5, 5, 5]","[0.88, 0.75, 0.88]","[['C', 'B', 'A', 'D'], ['B', 'C', 'D', 'A'], ['A', 'C', 'B', 'D']]","{'B': 5, 'C': 5, 'A': 4, 'D': 1}","[1.0, 0.88, 1.0]",4.38
94,"[1, 2, 5]","[5, 5, 5]","[0.88, 0.75, 0.88]","[['C', 'B', 'A', 'D'], ['B', 'C', 'D', 'A'], ['B', 'A', 'C', 'D']]","{'B': 5, 'C': 5, 'A': 4, 'D': 1}","[1.0, 0.88, 1.0]",4.38
94,"[1, 2, 5]","[5, 5, 5]","[0.88, 0.75, 0.88]","[['C', 'B', 'A', 'D'], ['B', 'C', 'D', 'A'], ['B', 'C', 'A', 'D']]","{'B': 5, 'C': 5, 'A': 4, 'D': 1}","[1.0, 0.88, 1.0]",4.38
94,"[1, 2, 5]","[5, 5, 5]","[0.88, 0.75, 0.88]","[['C', 'B', 'A', 'D'], ['B', 'C', 'D', 'A'], ['B', 'C', 'D', 'A']]","{'B': 5, 'C': 5, 'A': 3, 'D': 2}","[1.0, 0.88, 1.0]",4.38
94,"[1, 2, 5]","[5, 5, 5]","[0.88, 0.75, 0.88]","[['C', 'B', 'A', 'D'], ['B', 'C', 'D', 'A'], ['B', 'D', 'C', 'A']]","{'B': 5, 'C': 5, 'A': 3, 'D': 2}","[1.0, 0.88, 1.0]",4.38
94,"[1, 2, 5]","[5, 5, 5]","[0.88, 0.75, 0.88]","[['C', 'B', 'A', 'D'], ['B', 'C', 'D', 'A'], ['C', 'A', 'B', 'D']]","{'B': 5, 'C': 5, 'A': 4, 'D': 1}","[1.0, 0.88, 1.0]",4.38
94,"[1, 2, 5]","[5, 5, 5]","[0.88, 0.75, 0.88]","[['C', 'B', 'A', 'D'], ['B', 'C', 'D', 'A'], ['C', 'B', 'A', 'D']]","{'B': 5, 'C': 5, 'A': 4, 'D': 1}","[1.0, 0.88, 1.0]",4.38
94,"[1, 2, 5]","[5, 5, 5]","[0.88, 0.75, 0.88]","[['C', 'B', 'A', 'D'], ['B', 'C', 'D', 'A'], ['C', 'B', 'D', 'A']]","{'B': 5, 'C': 5, 'A': 3, 'D': 2}","[1.0, 0.88, 1.0]",4.38
94,"[1, 2, 5]","[5, 5, 5]","[0.88, 0.75, 0.88]","[['C', 'B', 'A', 'D'], ['B', 'C', 'D', 'A'], ['C', 'D', 'B', 'A']]","{'B': 5, 'C': 5, 'A': 3, 'D': 2}","[1.0, 0.88, 1.0]",4.38
94,"[1, 2, 5]","[5, 5, 5]","[0.88, 0.75, 0.88]","[['C', 'B', 'A', 'D'], ['B', 'C', 'D', 'A'], ['D', 'B', 'C', 'A']]","{'B': 5, 'C': 5, 'A': 3, 'D': 2}","[1.0, 0.88, 1.0]",4.38
94,"[1, 2, 5]","[5, 5, 5]","[0.88, 0.75, 0.88]","[['C', 'B', 'A', 'D'], ['B', 'C', 'D', 'A'], ['D', 'C', 'B', 'A']]","{'B': 5, 'C': 5, 'A': 3, 'D': 2}","[1.0, 0.88, 1.0]",4.38
94,"[1, 2, 5]","[5, 5, 5]","[0.88, 0.75, 0.88]","[['C', 'B', 'A', 'D'], ['B', 'D', 'C', 'A'], ['A', 'B', 'C', 'D']]","{'B': 5, 'C': 5, 'A': 4, 'D': 1}","[1.0, 0.88, 1.0]",4.38
94,"[1, 2, 5]","[5, 5, 5]","[0.88, 0.75, 0.88]","[['C', 'B', 'A', 'D'], ['B', 'D', 'C', 'A'], ['A', 'C', 'B', 'D']]","{'B': 5, 'C': 5, 'A': 4, 'D': 1}","[1.0, 0.88, 1.0]",4.38
94,"[1, 2, 5]","[5, 5, 5]","[0.88, 0.75, 0.88]","[['C', 'B', 'A', 'D'], ['B', 'D', 'C', 'A'], ['B', 'A', 'C', 'D']]","{'B': 5, 'C': 5, 'A': 4, 'D': 1}","[1.0, 0.88, 1.0]",4.38
94,"[1, 2, 5]","[5, 5, 5]","[0.88, 0.75, 0.88]","[['C', 'B', 'A', 'D'], ['B', 'D', 'C', 'A'], ['B', 'C', 'A', 'D']]","{'B': 5, 'C': 5, 'A': 4, 'D': 1}","[1.0, 0.88, 1.0]",4.38
94,"[1, 2, 5]","[5, 5, 5]","[0.88, 0.75, 0.88]","[['C', 'B', 'A', 'D'], ['B', 'D', 'C', 'A'], ['B', 'C', 'D', 'A']]","{'B': 5, 'C': 5, 'A': 3, 'D': 2}","[1.0, 0.88, 1.0]",4.38
94,"[1, 2, 5]","[5, 5, 5]","[0.88, 0.75, 0.88]","[['C', 'B', 'A', 'D'], ['B', 'D', 'C', 'A'], ['B', 'D', 'C', 'A']]","{'B': 5, 'C': 5, 'A': 3, 'D': 2}","[1.0, 0.88, 1.0]",4.38
94,"[1, 2, 5]","[5, 5, 5]","[0.88, 0.75, 0.88]","[['C', 'B', 'A', 'D'], ['B', 'D', 'C', 'A'], ['C', 'A', 'B', 'D']]","{'B': 5, 'C': 5, 'A': 4, 'D': 1}","[1.0, 0.88, 1.0]",4.38
94,"[1, 2, 5]","[5, 5, 5]","[0.88, 0.75, 0.88]","[['C', 'B', 'A', 'D'], ['B', 'D', 'C', 'A'], ['C', 'B', 'A', 'D']]","{'B': 5, 'C': 5, 'A': 4, 'D': 1}","[1.0, 0.88, 1.0]",4.38
94,"[1, 2, 5]","[5, 5, 5]","[0.88, 0.75, 0.88]","[['C', 'B', 'A', 'D'], ['B', 'D', 'C', 'A'], ['C', 'B', 'D', 'A']]","{'B': 5, 'C': 5, 'A': 3, 'D': 2}","[1.0, 0.88, 1.0]",4.38
94,"[1, 2, 5]","[5, 5, 5]","[0.88, 0.75, 0.88]","[['C', 'B', 'A', 'D'], ['B', 'D', 'C', 'A'], ['C', 'D', 'B', 'A']]","{'B': 5, 'C': 5, 'A': 3, 'D': 2}","[1.0, 0.88, 1.0]",4.38
94,"[1, 2, 5]","[5, 5, 5]","[0.88, 0.75, 0.88]","[['C', 'B', 'A', 'D'], ['B', 'D', 'C', 'A'], ['D', 'B', 'C', 'A']]","{'B': 5, 'C': 5, 'A': 3, 'D': 2}","[1.0, 0.88, 1.0]",4.38
94,"[1, 2, 5]","[5, 5, 5]","[0.88, 0.75, 0.88]","[['C', 'B', 'A', 'D'], ['B', 'D', 'C', 'A'], ['D', 'C', 'B', 'A']]","{'B': 5, 'C': 5, 'A': 3, 'D': 2}","[1.0, 0.88, 1.0]",4.38
94,"[1, 2, 5]","[5, 5, 5]","[0.88, 0.75, 0.88]","[['C', 'B', 'A', 'D'], ['C', 'A', 'B', 'D'], ['B', 'C', 'D', 'A']]","{'B': 5, 'C': 5, 'A': 4, 'D': 1}","[1.0, 0.88, 1.0]",4.38
94,"[1, 2, 5]","[5, 5, 5]","[0.88, 0.75, 0.88]","[['C', 'B', 'A', 'D'], ['C', 'A', 'B', 'D'], ['B', 'D', 'C', 'A']]","{'B': 5, 'C': 5, 'A': 4, 'D': 1}","[1.0, 0.88, 1.0]",4.38
94,"[1, 2, 5]","[5, 5, 5]","[0.88, 0.75, 0.88]","[['C', 'B', 'A', 'D'], ['C', 'A', 'B', 'D'], ['C', 'B', 'D', 'A']]","{'B': 5, 'C': 5, 'A': 4, 'D': 1}","[1.0, 0.88, 1.0]",4.38
94,"[1, 2, 5]","[5, 5, 5]","[0.88, 0.75, 0.88]","[['C', 'B', 'A', 'D'], ['C', 'A', 'B', 'D'], ['C', 'D', 'B', 'A']]","{'B': 5, 'C': 5, 'A': 4, 'D': 1}","[1.0, 0.88, 1.0]",4.38
94,"[1, 2, 5]","[5, 5, 5]","[0.88, 0.75, 0.88]","[['C', 'B', 'A', 'D'], ['C', 'A', 'B', 'D'], ['D', 'B', 'C', 'A']]","{'B': 5, 'C': 5, 'A': 4, 'D': 1}","[1.0, 0.88, 1.0]",4.38
94,"[1, 2, 5]","[5, 5, 5]","[0.88, 0.75, 0.88]","[['C', 'B', 'A', 'D'], ['C', 'A', 'B', 'D'], ['D', 'C', 'B', 'A']]","{'B': 5, 'C': 5, 'A': 4, 'D': 1}","[1.0, 0.88, 1.0]",4.38
94,"[1, 2, 5]","[5, 5, 5]","[0.88, 0.75, 0.88]","[['C', 'B', 'A', 'D'], ['C', 'B', 'A', 'D'], ['B', 'C', 'D', 'A']]","{'B': 5, 'C': 5, 'A': 4, 'D': 1}","[1.0, 0.88, 1.0]",4.38
94,"[1, 2, 5]","[5, 5, 5]","[0.88, 0.75, 0.88]","[['C', 'B', 'A', 'D'], ['C', 'B', 'A', 'D'], ['B', 'D', 'C', 'A']]","{'B': 5, 'C': 5, 'A': 4, 'D': 1}","[1.0, 0.88, 1.0]",4.38
94,"[1, 2, 5]","[5, 5, 5]","[0.88, 0.75, 0.88]","[['C', 'B', 'A', 'D'], ['C', 'B', 'A', 'D'], ['C', 'B', 'D', 'A']]","{'B': 5, 'C': 5, 'A': 4, 'D': 1}","[1.0, 0.88, 1.0]",4.38
94,"[1, 2, 5]","[5, 5, 5]","[0.88, 0.75, 0.88]","[['C', 'B', 'A', 'D'], ['C', 'B', 'A', 'D'], ['C', 'D', 'B', 'A']]","{'B': 5, 'C': 5, 'A': 4, 'D': 1}","[1.0, 0.88, 1.0]",4.38
94,"[1, 2, 5]","[5, 5, 5]","[0.88, 0.75, 0.88]","[['C', 'B', 'A', 'D'], ['C', 'B', 'A', 'D'], ['D', 'B', 'C', 'A']]","{'B': 5, 'C': 5, 'A': 4, 'D': 1}","[1.0, 0.88, 1.0]",4.38
94,"[1, 2, 5]","[5, 5, 5]","[0.88, 0.75, 0.88]","[['C', 'B', 'A', 'D'], ['C', 'B', 'A', 'D'], ['D', 'C', 'B', 'A']]","{'B': 5, 'C': 5, 'A': 4, 'D': 1}","[1.0, 0.88, 1.0]",4.38
94,"[1, 2, 5]","[5, 5, 5]","[0.88, 0.75, 0.88]","[['C', 'B', 'A', 'D'], ['C', 'B', 'D', 'A'], ['A', 'B', 'C', 'D']]","{'B': 5, 'C': 5, 'A': 4, 'D': 1}","[1.0, 0.88, 1.0]",4.38
94,"[1, 2, 5]","[5, 5, 5]","[0.88, 0.75, 0.88]","[['C', 'B', 'A', 'D'], ['C', 'B', 'D', 'A'], ['A', 'C', 'B', 'D']]","{'B': 5, 'C': 5, 'A': 4, 'D': 1}","[1.0, 0.88, 1.0]",4.38
94,"[1, 2, 5]","[5, 5, 5]","[0.88, 0.75, 0.88]","[['C', 'B', 'A', 'D'], ['C', 'B', 'D', 'A'], ['B', 'A', 'C', 'D']]","{'B': 5, 'C': 5, 'A': 4, 'D': 1}","[1.0, 0.88, 1.0]",4.38
94,"[1, 2, 5]","[5, 5, 5]","[0.88, 0.75, 0.88]","[['C', 'B', 'A', 'D'], ['C', 'B', 'D', 'A'], ['B', 'C', 'A', 'D']]","{'B': 5, 'C': 5, 'A': 4, 'D': 1}","[1.0, 0.88, 1.0]",4.38
94,"[1, 2, 5]","[5, 5, 5]","[0.88, 0.75, 0.88]","[['C', 'B', 'A', 'D'], ['C', 'B', 'D', 'A'], ['B', 'C', 'D', 'A']]","{'B': 5, 'C': 5, 'A': 3, 'D': 2}","[1.0, 0.88, 1.0]",4.38
94,"[1, 2, 5]","[5, 5, 5]","[0.88, 0.75, 0.88]","[['C', 'B', 'A', 'D'], ['C', 'B', 'D', 'A'], ['B', 'D', 'C', 'A']]","{'B': 5, 'C': 5, 'A': 3, 'D': 2}","[1.0, 0.88, 1.0]",4.38
94,"[1, 2, 5]","[5, 5, 5]","[0.88, 0.75, 0.88]","[['C', 'B', 'A', 'D'], ['C', 'B', 'D', 'A'], ['C', 'A', 'B', 'D']]","{'B': 5, 'C': 5, 'A': 4, 'D': 1}","[1.0, 0.88, 1.0]",4.38
94,"[1, 2, 5]","[5, 5, 5]","[0.88, 0.75, 0.88]","[['C', 'B', 'A', 'D'], ['C', 'B', 'D', 'A'], ['C', 'B', 'A', 'D']]","{'B': 5, 'C': 5, 'A': 4, 'D': 1}","[1.0, 0.88, 1.0]",4.38
94,"[1, 2, 5]","[5, 5, 5]","[0.88, 0.75, 0.88]","[['C', 'B', 'A', 'D'], ['C', 'B', 'D', 'A'], ['C', 'B', 'D', 'A']]","{'B': 5, 'C': 5, 'A': 3, 'D': 2}","[1.0, 0.88, 1.0]",4.38
94,"[1, 2, 5]","[5, 5, 5]","[0.88, 0.75, 0.88]","[['C', 'B', 'A', 'D'], ['C', 'B', 'D', 'A'], ['C', 'D', 'B', 'A']]","{'B': 5, 'C': 5, 'A': 3, 'D': 2}","[1.0, 0.88, 1.0]",4.38
94,"[1, 2, 5]","[5, 5, 5]","[0.88, 0.75, 0.88]","[['C', 'B', 'A', 'D'], ['C', 'B', 'D', 'A'], ['D', 'B', 'C', 'A']]","{'B': 5, 'C': 5, 'A': 3, 'D': 2}","[1.0, 0.88, 1.0]",4.38
94,"[1, 2, 5]","[5, 5, 5]","[0.88, 0.75, 0.88]","[['C', 'B', 'A', 'D'], ['C', 'B', 'D', 'A'], ['D', 'C', 'B', 'A']]","{'B': 5, 'C': 5, 'A': 3, 'D': 2}","[1.0, 0.88, 1.0]",4.38
94,"[1, 2, 5]","[5, 5, 5]","[0.88, 0.75, 0.88]","[['C', 'B', 'A', 'D'], ['C', 'D', 'B', 'A'], ['A', 'B', 'C', 'D']]","{'B': 5, 'C': 5, 'A': 4, 'D': 1}","[1.0, 0.88, 1.0]",4.38
94,"[1, 2, 5]","[5, 5, 5]","[0.88, 0.75, 0.88]","[['C', 'B', 'A', 'D'], ['C', 'D', 'B', 'A'], ['A', 'C', 'B', 'D']]","{'B': 5, 'C': 5, 'A': 4, 'D': 1}","[1.0, 0.88, 1.0]",4.38
94,"[1, 2, 5]","[5, 5, 5]","[0.88, 0.75, 0.88]","[['C', 'B', 'A', 'D'], ['C', 'D', 'B', 'A'], ['B', 'A', 'C', 'D']]","{'B': 5, 'C': 5, 'A': 4, 'D': 1}","[1.0, 0.88, 1.0]",4.38
94,"[1, 2, 5]","[5, 5, 5]","[0.88, 0.75, 0.88]","[['C', 'B', 'A', 'D'], ['C', 'D', 'B', 'A'], ['B', 'C', 'A', 'D']]","{'B': 5, 'C': 5, 'A': 4, 'D': 1}","[1.0, 0.88, 1.0]",4.38
94,"[1, 2, 5]","[5, 5, 5]","[0.88, 0.75, 0.88]","[['C', 'B', 'A', 'D'], ['C', 'D', 'B', 'A'], ['B', 'C', 'D', 'A']]","{'B': 5, 'C': 5, 'A': 3, 'D': 2}","[1.0, 0.88, 1.0]",4.38
94,"[1, 2, 5]","[5, 5, 5]","[0.88, 0.75, 0.88]","[['C', 'B', 'A', 'D'], ['C', 'D', 'B', 'A'], ['B', 'D', 'C', 'A']]","{'B': 5, 'C': 5, 'A': 3, 'D': 2}","[1.0, 0.88, 1.0]",4.38
94,"[1, 2, 5]","[5, 5, 5]","[0.88, 0.75, 0.88]","[['C', 'B', 'A', 'D'], ['C', 'D', 'B', 'A'], ['C', 'A', 'B', 'D']]","{'B': 5, 'C': 5, 'A': 4, 'D': 1}","[1.0, 0.88, 1.0]",4.38
94,"[1, 2, 5]","[5, 5, 5]","[0.88, 0.75, 0.88]","[['C', 'B', 'A', 'D'], ['C', 'D', 'B', 'A'], ['C', 'B', 'A', 'D']]","{'B': 5, 'C': 5, 'A': 4, 'D': 1}","[1.0, 0.88, 1.0]",4.38
94,"[1, 2, 5]","[5, 5, 5]","[0.88, 0.75, 0.88]","[['C', 'B', 'A', 'D'], ['C', 'D', 'B', 'A'], ['C', 'B', 'D', 'A']]","{'B': 5, 'C': 5, 'A': 3, 'D': 2}","[1.0, 0.88, 1.0]",4.38
94,"[1, 2, 5]","[5, 5, 5]","[0.88, 0.75, 0.88]","[['C', 'B', 'A', 'D'], ['C', 'D', 'B', 'A'], ['C', 'D', 'B', 'A']]","{'B': 5, 'C': 5, 'A': 3, 'D': 2}","[1.0, 0.88, 1.0]",4.38
94,"[1, 2, 5]","[5, 5, 5]","[0.88, 0.75, 0.88]","[['C', 'B', 'A', 'D'], ['C', 'D', 'B', 'A'], ['D', 'B', 'C', 'A']]","{'B': 5, 'C': 5, 'A': 3, 'D': 2}","[1.0, 0.88, 1.0]",4.38
94,"[1, 2, 5]","[5, 5, 5]","[0.88, 0.75, 0.88]","[['C', 'B', 'A', 'D'], ['C', 'D', 'B', 'A'], ['D', 'C', 'B', 'A']]","{'B': 5, 'C': 5, 'A': 3, 'D': 2}","[1.0, 0.88, 1.0]",4.38
94,"[1, 2, 5]","[5, 5, 5]","[0.88, 0.75, 0.88]","[['C', 'B', 'A', 'D'], ['D', 'B', 'C', 'A'], ['A', 'B', 'C', 'D']]","{'B': 5, 'C': 5, 'A': 4, 'D': 1}","[1.0, 0.88, 1.0]",4.38
94,"[1, 2, 5]","[5, 5, 5]","[0.88, 0.75, 0.88]","[['C', 'B', 'A', 'D'], ['D', 'B', 'C', 'A'], ['A', 'C', 'B', 'D']]","{'B': 5, 'C': 5, 'A': 4, 'D': 1}","[1.0, 0.88, 1.0]",4.38
94,"[1, 2, 5]","[5, 5, 5]","[0.88, 0.75, 0.88]","[['C', 'B', 'A', 'D'], ['D', 'B', 'C', 'A'], ['B', 'A', 'C', 'D']]","{'B': 5, 'C': 5, 'A': 4, 'D': 1}","[1.0, 0.88, 1.0]",4.38
94,"[1, 2, 5]","[5, 5, 5]","[0.88, 0.75, 0.88]","[['C', 'B', 'A', 'D'], ['D', 'B', 'C', 'A'], ['B', 'C', 'A', 'D']]","{'B': 5, 'C': 5, 'A': 4, 'D': 1}","[1.0, 0.88, 1.0]",4.38
94,"[1, 2, 5]","[5, 5, 5]","[0.88, 0.75, 0.88]","[['C', 'B', 'A', 'D'], ['D', 'B', 'C', 'A'], ['B', 'C', 'D', 'A']]","{'B': 5, 'C': 5, 'A': 3, 'D': 2}","[1.0, 0.88, 1.0]",4.38
94,"[1, 2, 5]","[5, 5, 5]","[0.88, 0.75, 0.88]","[['C', 'B', 'A', 'D'], ['D', 'B', 'C', 'A'], ['B', 'D', 'C', 'A']]","{'B': 5, 'C': 5, 'A': 3, 'D': 2}","[1.0, 0.88, 1.0]",4.38
94,"[1, 2, 5]","[5, 5, 5]","[0.88, 0.75, 0.88]","[['C', 'B', 'A', 'D'], ['D', 'B', 'C', 'A'], ['C', 'A', 'B', 'D']]","{'B': 5, 'C': 5, 'A': 4, 'D': 1}","[1.0, 0.88, 1.0]",4.38
94,"[1, 2, 5]","[5, 5, 5]","[0.88, 0.75, 0.88]","[['C', 'B', 'A', 'D'], ['D', 'B', 'C', 'A'], ['C', 'B', 'A', 'D']]","{'B': 5, 'C': 5, 'A': 4, 'D': 1}","[1.0, 0.88, 1.0]",4.38
94,"[1, 2, 5]","[5, 5, 5]","[0.88, 0.75, 0.88]","[['C', 'B', 'A', 'D'], ['D', 'B', 'C', 'A'], ['C', 'B', 'D', 'A']]","{'B': 5, 'C': 5, 'A': 3, 'D': 2}","[1.0, 0.88, 1.0]",4.38
94,"[1, 2, 5]","[5, 5, 5]","[0.88, 0.75, 0.88]","[['C', 'B', 'A', 'D'], ['D', 'B', 'C', 'A'], ['C', 'D', 'B', 'A']]","{'B': 5, 'C': 5, 'A': 3, 'D': 2}","[1.0, 0.88, 1.0]",4.38
94,"[1, 2, 5]","[5, 5, 5]","[0.88, 0.75, 0.88]","[['C', 'B', 'A', 'D'], ['D', 'B', 'C', 'A'], ['D', 'B', 'C', 'A']]","{'B': 5, 'C': 5, 'A': 3, 'D': 2}","[1.0, 0.88, 1.0]",4.38
94,"[1, 2, 5]","[5, 5, 5]","[0.88, 0.75, 0.88]","[['C', 'B', 'A', 'D'], ['D', 'B', 'C', 'A'], ['D', 'C', 'B', 'A']]","{'B': 5, 'C': 5, 'A': 3, 'D': 2}","[1.0, 0.88, 1.0]",4.38
94,"[1, 2, 5]","[5, 5, 5]","[0.88, 0.75, 0.88]","[['C', 'B', 'A', 'D'], ['D', 'C', 'B', 'A'], ['A', 'B', 'C', 'D']]","{'B': 5, 'C': 5, 'A': 4, 'D': 1}","[1.0, 0.88, 1.0]",4.38
94,"[1, 2, 5]","[5, 5, 5]","[0.88, 0.75, 0.88]","[['C', 'B', 'A', 'D'], ['D', 'C', 'B', 'A'], ['A', 'C', 'B', 'D']]","{'B': 5, 'C': 5, 'A': 4, 'D': 1}","[1.0, 0.88, 1.0]",4.38
94,"[1, 2, 5]","[5, 5, 5]","[0.88, 0.75, 0.88]","[['C', 'B', 'A', 'D'], ['D', 'C', 'B', 'A'], ['B', 'A', 'C', 'D']]","{'B': 5, 'C': 5, 'A': 4, 'D': 1}","[1.0, 0.88, 1.0]",4.38
94,"[1, 2, 5]","[5, 5, 5]","[0.88, 0.75, 0.88]","[['C', 'B', 'A', 'D'], ['D', 'C', 'B', 'A'], ['B', 'C', 'A', 'D']]","{'B': 5, 'C': 5, 'A': 4, 'D': 1}","[1.0, 0.88, 1.0]",4.38
94,"[1, 2, 5]","[5, 5, 5]","[0.88, 0.75, 0.88]","[['C', 'B', 'A', 'D'], ['D', 'C', 'B', 'A'], ['B', 'C', 'D', 'A']]","{'B': 5, 'C': 5, 'A': 3, 'D': 2}","[1.0, 0.88, 1.0]",4.38
94,"[1, 2, 5]","[5, 5, 5]","[0.88, 0.75, 0.88]","[['C', 'B', 'A', 'D'], ['D', 'C', 'B', 'A'], ['B', 'D', 'C', 'A']]","{'B': 5, 'C': 5, 'A': 3, 'D': 2}","[1.0, 0.88, 1.0]",4.38
94,"[1, 2, 5]","[5, 5, 5]","[0.88, 0.75, 0.88]","[['C', 'B', 'A', 'D'], ['D', 'C', 'B', 'A'], ['C', 'A', 'B', 'D']]","{'B': 5, 'C': 5, 'A': 4, 'D': 1}","[1.0, 0.88, 1.0]",4.38
94,"[1, 2, 5]","[5, 5, 5]","[0.88, 0.75, 0.88]","[['C', 'B', 'A', 'D'], ['D', 'C', 'B', 'A'], ['C', 'B', 'A', 'D']]","{'B': 5, 'C': 5, 'A': 4, 'D': 1}","[1.0, 0.88, 1.0]",4.38
94,"[1, 2, 5]","[5, 5, 5]","[0.88, 0.75, 0.88]","[['C', 'B', 'A', 'D'], ['D', 'C', 'B', 'A'], ['C', 'B', 'D', 'A']]","{'B': 5, 'C': 5, 'A': 3, 'D': 2}","[1.0, 0.88, 1.0]",4.38
94,"[1, 2, 5]","[5, 5, 5]","[0.88, 0.75, 0.88]","[['C', 'B', 'A', 'D'], ['D', 'C', 'B', 'A'], ['C', 'D', 'B', 'A']]","{'B': 5, 'C': 5, 'A': 3, 'D': 2}","[1.0, 0.88, 1.0]",4.38
94,"[1, 2, 5]","[5, 5, 5]","[0.88, 0.75, 0.88]","[['C', 'B', 'A', 'D'], ['D', 'C', 'B', 'A'], ['D', 'B', 'C', 'A']]","{'B': 5, 'C': 5, 'A': 3, 'D': 2}","[1.0, 0.88, 1.0]",4.38
94,"[1, 2, 5]","[5, 5, 5]","[0.88, 0.75, 0.88]","[['C', 'B', 'A', 'D'], ['D', 'C', 'B', 'A'], ['D', 'C', 'B', 'A']]","{'B': 5, 'C': 5, 'A': 3, 'D': 2}","[1.0, 0.88, 1.0]",4.38
94,"[1, 2, 5]","[5, 5, 5]","[0.88, 0.75, 0.88]","[['C', 'B', 'D', 'A'], ['A', 'B', 'C', 'D'], ['A', 'B', 'C', 'D']]","{'B': 5, 'C': 5, 'A': 4, 'D': 1}","[1.0, 0.88, 1.0]",4.38
94,"[1, 2, 5]","[5, 5, 5]","[0.88, 0.75, 0.88]","[['C', 'B', 'D', 'A'], ['A', 'B', 'C', 'D'], ['A', 'C', 'B', 'D']]","{'B': 5, 'C': 5, 'A': 4, 'D': 1}","[1.0, 0.88, 1.0]",4.38
94,"[1, 2, 5]","[5, 5, 5]","[0.88, 0.75, 0.88]","[['C', 'B', 'D', 'A'], ['A', 'B', 'C', 'D'], ['B', 'A', 'C', 'D']]","{'B': 5, 'C': 5, 'A': 4, 'D': 1}","[1.0, 0.88, 1.0]",4.38
94,"[1, 2, 5]","[5, 5, 5]","[0.88, 0.75, 0.88]","[['C', 'B', 'D', 'A'], ['A', 'B', 'C', 'D'], ['B', 'C', 'A', 'D']]","{'B': 5, 'C': 5, 'A': 4, 'D': 1}","[1.0, 0.88, 1.0]",4.38
94,"[1, 2, 5]","[5, 5, 5]","[0.88, 0.75, 0.88]","[['C', 'B', 'D', 'A'], ['A', 'B', 'C', 'D'], ['B', 'C', 'D', 'A']]","{'B': 5, 'C': 5, 'A': 3, 'D': 2}","[1.0, 0.88, 1.0]",4.38
94,"[1, 2, 5]","[5, 5, 5]","[0.88, 0.75, 0.88]","[['C', 'B', 'D', 'A'], ['A', 'B', 'C', 'D'], ['B', 'D', 'C', 'A']]","{'B': 5, 'C': 5, 'A': 3, 'D': 2}","[1.0, 0.88, 1.0]",4.38
94,"[1, 2, 5]","[5, 5, 5]","[0.88, 0.75, 0.88]","[['C', 'B', 'D', 'A'], ['A', 'B', 'C', 'D'], ['C', 'A', 'B', 'D']]","{'B': 5, 'C': 5, 'A': 4, 'D': 1}","[1.0, 0.88, 1.0]",4.38
94,"[1, 2, 5]","[5, 5, 5]","[0.88, 0.75, 0.88]","[['C', 'B', 'D', 'A'], ['A', 'B', 'C', 'D'], ['C', 'B', 'A', 'D']]","{'B': 5, 'C': 5, 'A': 4, 'D': 1}","[1.0, 0.88, 1.0]",4.38
94,"[1, 2, 5]","[5, 5, 5]","[0.88, 0.75, 0.88]","[['C', 'B', 'D', 'A'], ['A', 'B', 'C', 'D'], ['C', 'B', 'D', 'A']]","{'B': 5, 'C': 5, 'A': 3, 'D': 2}","[1.0, 0.88, 1.0]",4.38
94,"[1, 2, 5]","[5, 5, 5]","[0.88, 0.75, 0.88]","[['C', 'B', 'D', 'A'], ['A', 'B', 'C', 'D'], ['C', 'D', 'B', 'A']]","{'B': 5, 'C': 5, 'A': 3, 'D': 2}","[1.0, 0.88, 1.0]",4.38
94,"[1, 2, 5]","[5, 5, 5]","[0.88, 0.75, 0.88]","[['C', 'B', 'D', 'A'], ['A', 'B', 'C', 'D'], ['D', 'B', 'C', 'A']]","{'B': 5, 'C': 5, 'A': 3, 'D': 2}","[1.0, 0.88, 1.0]",4.38
94,"[1, 2, 5]","[5, 5, 5]","[0.88, 0.75, 0.88]","[['C', 'B', 'D', 'A'], ['A', 'B', 'C', 'D'], ['D', 'C', 'B', 'A']]","{'B': 5, 'C': 5, 'A': 3, 'D': 2}","[1.0, 0.88, 1.0]",4.38
94,"[1, 2, 5]","[5, 5, 5]","[0.88, 0.75, 0.88]","[['C', 'B', 'D', 'A'], ['A', 'B', 'D', 'C'], ['B', 'C', 'D', 'A']]","{'B': 5, 'C': 4, 'A': 3, 'D': 3}","[1.0, 0.88, 1.0]",4.38
94,"[1, 2, 5]","[5, 5, 5]","[0.88, 0.75, 0.88]","[['C', 'B', 'D', 'A'], ['A', 'B', 'D', 'C'], ['B', 'D', 'C', 'A']]","{'B': 5, 'C': 4, 'A': 3, 'D': 3}","[1.0, 0.88, 1.0]",4.38
94,"[1, 2, 5]","[5, 5, 5]","[0.88, 0.75, 0.88]","[['C', 'B', 'D', 'A'], ['A', 'B', 'D', 'C'], ['C', 'B', 'D', 'A']]","{'B': 5, 'C': 4, 'A': 3, 'D': 3}","[1.0, 0.88, 1.0]",4.38
94,"[1, 2, 5]","[5, 5, 5]","[0.88, 0.75, 0.88]","[['C', 'B', 'D', 'A'], ['A', 'B', 'D', 'C'], ['C', 'D', 'B', 'A']]","{'B': 5, 'C': 4, 'A': 3, 'D': 3}","[1.0, 0.88, 1.0]",4.38
94,"[1, 2, 5]","[5, 5, 5]","[0.88, 0.75, 0.88]","[['C', 'B', 'D', 'A'], ['A', 'B', 'D', 'C'], ['D', 'B', 'C', 'A']]","{'B': 5, 'C': 4, 'A': 3, 'D': 3}","[1.0, 0.88, 1.0]",4.38
94,"[1, 2, 5]","[5, 5, 5]","[0.88, 0.75, 0.88]","[['C', 'B', 'D', 'A'], ['A', 'B', 'D', 'C'], ['D', 'C', 'B', 'A']]","{'B': 5, 'C': 4, 'A': 3, 'D': 3}","[1.0, 0.88, 1.0]",4.38
94,"[1, 2, 5]","[5, 5, 5]","[0.88, 0.75, 0.88]","[['C', 'B', 'D', 'A'], ['A', 'C', 'B', 'D'], ['A', 'B', 'C', 'D']]","{'B': 5, 'C': 5, 'A': 4, 'D': 1}","[1.0, 0.88, 1.0]",4.38
94,"[1, 2, 5]","[5, 5, 5]","[0.88, 0.75, 0.88]","[['C', 'B', 'D', 'A'], ['A', 'C', 'B', 'D'], ['A', 'C', 'B', 'D']]","{'B': 5, 'C': 5, 'A': 4, 'D': 1}","[1.0, 0.88, 1.0]",4.38
94,"[1, 2, 5]","[5, 5, 5]","[0.88, 0.75, 0.88]","[['C', 'B', 'D', 'A'], ['A', 'C', 'B', 'D'], ['B', 'A', 'C', 'D']]","{'B': 5, 'C': 5, 'A': 4, 'D': 1}","[1.0, 0.88, 1.0]",4.38
94,"[1, 2, 5]","[5, 5, 5]","[0.88, 0.75, 0.88]","[['C', 'B', 'D', 'A'], ['A', 'C', 'B', 'D'], ['B', 'C', 'A', 'D']]","{'B': 5, 'C': 5, 'A': 4, 'D': 1}","[1.0, 0.88, 1.0]",4.38
94,"[1, 2, 5]","[5, 5, 5]","[0.88, 0.75, 0.88]","[['C', 'B', 'D', 'A'], ['A', 'C', 'B', 'D'], ['B', 'C', 'D', 'A']]","{'B': 5, 'C': 5, 'A': 3, 'D': 2}","[1.0, 0.88, 1.0]",4.38
94,"[1, 2, 5]","[5, 5, 5]","[0.88, 0.75, 0.88]","[['C', 'B', 'D', 'A'], ['A', 'C', 'B', 'D'], ['B', 'D', 'C', 'A']]","{'B': 5, 'C': 5, 'A': 3, 'D': 2}","[1.0, 0.88, 1.0]",4.38
94,"[1, 2, 5]","[5, 5, 5]","[0.88, 0.75, 0.88]","[['C', 'B', 'D', 'A'], ['A', 'C', 'B', 'D'], ['C', 'A', 'B', 'D']]","{'B': 5, 'C': 5, 'A': 4, 'D': 1}","[1.0, 0.88, 1.0]",4.38
94,"[1, 2, 5]","[5, 5, 5]","[0.88, 0.75, 0.88]","[['C', 'B', 'D', 'A'], ['A', 'C', 'B', 'D'], ['C', 'B', 'A', 'D']]","{'B': 5, 'C': 5, 'A': 4, 'D': 1}","[1.0, 0.88, 1.0]",4.38
94,"[1, 2, 5]","[5, 5, 5]","[0.88, 0.75, 0.88]","[['C', 'B', 'D', 'A'], ['A', 'C', 'B', 'D'], ['C', 'B', 'D', 'A']]","{'B': 5, 'C': 5, 'A': 3, 'D': 2}","[1.0, 0.88, 1.0]",4.38
94,"[1, 2, 5]","[5, 5, 5]","[0.88, 0.75, 0.88]","[['C', 'B', 'D', 'A'], ['A', 'C', 'B', 'D'], ['C', 'D', 'B', 'A']]","{'B': 5, 'C': 5, 'A': 3, 'D': 2}","[1.0, 0.88, 1.0]",4.38
94,"[1, 2, 5]","[5, 5, 5]","[0.88, 0.75, 0.88]","[['C', 'B', 'D', 'A'], ['A', 'C', 'B', 'D'], ['D', 'B', 'C', 'A']]","{'B': 5, 'C': 5, 'A': 3, 'D': 2}","[1.0, 0.88, 1.0]",4.38
94,"[1, 2, 5]","[5, 5, 5]","[0.88, 0.75, 0.88]","[['C', 'B', 'D', 'A'], ['A', 'C', 'B', 'D'], ['D', 'C', 'B', 'A']]","{'B': 5, 'C': 5, 'A': 3, 'D': 2}","[1.0, 0.88, 1.0]",4.38
94,"[1, 2, 5]","[5, 5, 5]","[0.88, 0.75, 0.88]","[['C', 'B', 'D', 'A'], ['A', 'D', 'B', 'C'], ['B', 'C', 'D', 'A']]","{'B': 5, 'C': 4, 'A': 3, 'D': 3}","[1.0, 0.88, 1.0]",4.38
94,"[1, 2, 5]","[5, 5, 5]","[0.88, 0.75, 0.88]","[['C', 'B', 'D', 'A'], ['A', 'D', 'B', 'C'], ['B', 'D', 'C', 'A']]","{'B': 5, 'C': 4, 'A': 3, 'D': 3}","[1.0, 0.88, 1.0]",4.38
94,"[1, 2, 5]","[5, 5, 5]","[0.88, 0.75, 0.88]","[['C', 'B', 'D', 'A'], ['A', 'D', 'B', 'C'], ['C', 'B', 'D', 'A']]","{'B': 5, 'C': 4, 'A': 3, 'D': 3}","[1.0, 0.88, 1.0]",4.38
94,"[1, 2, 5]","[5, 5, 5]","[0.88, 0.75, 0.88]","[['C', 'B', 'D', 'A'], ['A', 'D', 'B', 'C'], ['C', 'D', 'B', 'A']]","{'B': 5, 'C': 4, 'A': 3, 'D': 3}","[1.0, 0.88, 1.0]",4.38
94,"[1, 2, 5]","[5, 5, 5]","[0.88, 0.75, 0.88]","[['C', 'B', 'D', 'A'], ['A', 'D', 'B', 'C'], ['D', 'B', 'C', 'A']]","{'B': 5, 'C': 4, 'A': 3, 'D': 3}","[1.0, 0.88, 1.0]",4.38
94,"[1, 2, 5]","[5, 5, 5]","[0.88, 0.75, 0.88]","[['C', 'B', 'D', 'A'], ['A', 'D', 'B', 'C'], ['D', 'C', 'B', 'A']]","{'B': 5, 'C': 4, 'A': 3, 'D': 3}","[1.0, 0.88, 1.0]",4.38
94,"[1, 2, 5]","[5, 5, 5]","[0.88, 0.75, 0.88]","[['C', 'B', 'D', 'A'], ['B', 'A', 'C', 'D'], ['A', 'B', 'C', 'D']]","{'B': 5, 'C': 5, 'A': 4, 'D': 1}","[1.0, 0.88, 1.0]",4.38
94,"[1, 2, 5]","[5, 5, 5]","[0.88, 0.75, 0.88]","[['C', 'B', 'D', 'A'], ['B', 'A', 'C', 'D'], ['A', 'C', 'B', 'D']]","{'B': 5, 'C': 5, 'A': 4, 'D': 1}","[1.0, 0.88, 1.0]",4.38
94,"[1, 2, 5]","[5, 5, 5]","[0.88, 0.75, 0.88]","[['C', 'B', 'D', 'A'], ['B', 'A', 'C', 'D'], ['B', 'A', 'C', 'D']]","{'B': 5, 'C': 5, 'A': 4, 'D': 1}","[1.0, 0.88, 1.0]",4.38
94,"[1, 2, 5]","[5, 5, 5]","[0.88, 0.75, 0.88]","[['C', 'B', 'D', 'A'], ['B', 'A', 'C', 'D'], ['B', 'C', 'A', 'D']]","{'B': 5, 'C': 5, 'A': 4, 'D': 1}","[1.0, 0.88, 1.0]",4.38
94,"[1, 2, 5]","[5, 5, 5]","[0.88, 0.75, 0.88]","[['C', 'B', 'D', 'A'], ['B', 'A', 'C', 'D'], ['B', 'C', 'D', 'A']]","{'B': 5, 'C': 5, 'A': 3, 'D': 2}","[1.0, 0.88, 1.0]",4.38
94,"[1, 2, 5]","[5, 5, 5]","[0.88, 0.75, 0.88]","[['C', 'B', 'D', 'A'], ['B', 'A', 'C', 'D'], ['B', 'D', 'C', 'A']]","{'B': 5, 'C': 5, 'A': 3, 'D': 2}","[1.0, 0.88, 1.0]",4.38
94,"[1, 2, 5]","[5, 5, 5]","[0.88, 0.75, 0.88]","[['C', 'B', 'D', 'A'], ['B', 'A', 'C', 'D'], ['C', 'A', 'B', 'D']]","{'B': 5, 'C': 5, 'A': 4, 'D': 1}","[1.0, 0.88, 1.0]",4.38
94,"[1, 2, 5]","[5, 5, 5]","[0.88, 0.75, 0.88]","[['C', 'B', 'D', 'A'], ['B', 'A', 'C', 'D'], ['C', 'B', 'A', 'D']]","{'B': 5, 'C': 5, 'A': 4, 'D': 1}","[1.0, 0.88, 1.0]",4.38
94,"[1, 2, 5]","[5, 5, 5]","[0.88, 0.75, 0.88]","[['C', 'B', 'D', 'A'], ['B', 'A', 'C', 'D'], ['C', 'B', 'D', 'A']]","{'B': 5, 'C': 5, 'A': 3, 'D': 2}","[1.0, 0.88, 1.0]",4.38
94,"[1, 2, 5]","[5, 5, 5]","[0.88, 0.75, 0.88]","[['C', 'B', 'D', 'A'], ['B', 'A', 'C', 'D'], ['C', 'D', 'B', 'A']]","{'B': 5, 'C': 5, 'A': 3, 'D': 2}","[1.0, 0.88, 1.0]",4.38
94,"[1, 2, 5]","[5, 5, 5]","[0.88, 0.75, 0.88]","[['C', 'B', 'D', 'A'], ['B', 'A', 'C', 'D'], ['D', 'B', 'C', 'A']]","{'B': 5, 'C': 5, 'A': 3, 'D': 2}","[1.0, 0.88, 1.0]",4.38
94,"[1, 2, 5]","[5, 5, 5]","[0.88, 0.75, 0.88]","[['C', 'B', 'D', 'A'], ['B', 'A', 'C', 'D'], ['D', 'C', 'B', 'A']]","{'B': 5, 'C': 5, 'A': 3, 'D': 2}","[1.0, 0.88, 1.0]",4.38
94,"[1, 2, 5]","[5, 5, 5]","[0.88, 0.75, 0.88]","[['C', 'B', 'D', 'A'], ['B', 'A', 'D', 'C'], ['B', 'C', 'D', 'A']]","{'B': 5, 'C': 4, 'A': 3, 'D': 3}","[1.0, 0.88, 1.0]",4.38
94,"[1, 2, 5]","[5, 5, 5]","[0.88, 0.75, 0.88]","[['C', 'B', 'D', 'A'], ['B', 'A', 'D', 'C'], ['B', 'D', 'C', 'A']]","{'B': 5, 'C': 4, 'A': 3, 'D': 3}","[1.0, 0.88, 1.0]",4.38
94,"[1, 2, 5]","[5, 5, 5]","[0.88, 0.75, 0.88]","[['C', 'B', 'D', 'A'], ['B', 'A', 'D', 'C'], ['C', 'B', 'D', 'A']]","{'B': 5, 'C': 4, 'A': 3, 'D': 3}","[1.0, 0.88, 1.0]",4.38
94,"[1, 2, 5]","[5, 5, 5]","[0.88, 0.75, 0.88]","[['C', 'B', 'D', 'A'], ['B', 'A', 'D', 'C'], ['C', 'D', 'B', 'A']]","{'B': 5, 'C': 4, 'A': 3, 'D': 3}","[1.0, 0.88, 1.0]",4.38
94,"[1, 2, 5]","[5, 5, 5]","[0.88, 0.75, 0.88]","[['C', 'B', 'D', 'A'], ['B', 'A', 'D', 'C'], ['D', 'B', 'C', 'A']]","{'B': 5, 'C': 4, 'A': 3, 'D': 3}","[1.0, 0.88, 1.0]",4.38
94,"[1, 2, 5]","[5, 5, 5]","[0.88, 0.75, 0.88]","[['C', 'B', 'D', 'A'], ['B', 'A', 'D', 'C'], ['D', 'C', 'B', 'A']]","{'B': 5, 'C': 4, 'A': 3, 'D': 3}","[1.0, 0.88, 1.0]",4.38
94,"[1, 2, 5]","[5, 5, 5]","[0.88, 0.75, 0.88]","[['C', 'B', 'D', 'A'], ['B', 'C', 'A', 'D'], ['A', 'B', 'C', 'D']]","{'B': 5, 'C': 5, 'A': 4, 'D': 1}","[1.0, 0.88, 1.0]",4.38
94,"[1, 2, 5]","[5, 5, 5]","[0.88, 0.75, 0.88]","[['C', 'B', 'D', 'A'], ['B', 'C', 'A', 'D'], ['A', 'C', 'B', 'D']]","{'B': 5, 'C': 5, 'A': 4, 'D': 1}","[1.0, 0.88, 1.0]",4.38
94,"[1, 2, 5]","[5, 5, 5]","[0.88, 0.75, 0.88]","[['C', 'B', 'D', 'A'], ['B', 'C', 'A', 'D'], ['B', 'A', 'C', 'D']]","{'B': 5, 'C': 5, 'A': 4, 'D': 1}","[1.0, 0.88, 1.0]",4.38
94,"[1, 2, 5]","[5, 5, 5]","[0.88, 0.75, 0.88]","[['C', 'B', 'D', 'A'], ['B', 'C', 'A', 'D'], ['B', 'C', 'A', 'D']]","{'B': 5, 'C': 5, 'A': 4, 'D': 1}","[1.0, 0.88, 1.0]",4.38
94,"[1, 2, 5]","[5, 5, 5]","[0.88, 0.75, 0.88]","[['C', 'B', 'D', 'A'], ['B', 'C', 'A', 'D'], ['B', 'C', 'D', 'A']]","{'B': 5, 'C': 5, 'A': 3, 'D': 2}","[1.0, 0.88, 1.0]",4.38
94,"[1, 2, 5]","[5, 5, 5]","[0.88, 0.75, 0.88]","[['C', 'B', 'D', 'A'], ['B', 'C', 'A', 'D'], ['B', 'D', 'C', 'A']]","{'B': 5, 'C': 5, 'A': 3, 'D': 2}","[1.0, 0.88, 1.0]",4.38
94,"[1, 2, 5]","[5, 5, 5]","[0.88, 0.75, 0.88]","[['C', 'B', 'D', 'A'], ['B', 'C', 'A', 'D'], ['C', 'A', 'B', 'D']]","{'B': 5, 'C': 5, 'A': 4, 'D': 1}","[1.0, 0.88, 1.0]",4.38
94,"[1, 2, 5]","[5, 5, 5]","[0.88, 0.75, 0.88]","[['C', 'B', 'D', 'A'], ['B', 'C', 'A', 'D'], ['C', 'B', 'A', 'D']]","{'B': 5, 'C': 5, 'A': 4, 'D': 1}","[1.0, 0.88, 1.0]",4.38
94,"[1, 2, 5]","[5, 5, 5]","[0.88, 0.75, 0.88]","[['C', 'B', 'D', 'A'], ['B', 'C', 'A', 'D'], ['C', 'B', 'D', 'A']]","{'B': 5, 'C': 5, 'A': 3, 'D': 2}","[1.0, 0.88, 1.0]",4.38
94,"[1, 2, 5]","[5, 5, 5]","[0.88, 0.75, 0.88]","[['C', 'B', 'D', 'A'], ['B', 'C', 'A', 'D'], ['C', 'D', 'B', 'A']]","{'B': 5, 'C': 5, 'A': 3, 'D': 2}","[1.0, 0.88, 1.0]",4.38
94,"[1, 2, 5]","[5, 5, 5]","[0.88, 0.75, 0.88]","[['C', 'B', 'D', 'A'], ['B', 'C', 'A', 'D'], ['D', 'B', 'C', 'A']]","{'B': 5, 'C': 5, 'A': 3, 'D': 2}","[1.0, 0.88, 1.0]",4.38
94,"[1, 2, 5]","[5, 5, 5]","[0.88, 0.75, 0.88]","[['C', 'B', 'D', 'A'], ['B', 'C', 'A', 'D'], ['D', 'C', 'B', 'A']]","{'B': 5, 'C': 5, 'A': 3, 'D': 2}","[1.0, 0.88, 1.0]",4.38
94,"[1, 2, 5]","[5, 5, 5]","[0.88, 0.75, 0.88]","[['C', 'B', 'D', 'A'], ['B', 'C', 'D', 'A'], ['A', 'B', 'C', 'D']]","{'B': 5, 'C': 5, 'A': 3, 'D': 2}","[1.0, 0.88, 1.0]",4.38
94,"[1, 2, 5]","[5, 5, 5]","[0.88, 0.75, 0.88]","[['C', 'B', 'D', 'A'], ['B', 'C', 'D', 'A'], ['A', 'B', 'D', 'C']]","{'B': 5, 'C': 4, 'A': 3, 'D': 3}","[1.0, 0.88, 1.0]",4.38
94,"[1, 2, 5]","[5, 5, 5]","[0.88, 0.75, 0.88]","[['C', 'B', 'D', 'A'], ['B', 'C', 'D', 'A'], ['A', 'C', 'B', 'D']]","{'B': 5, 'C': 5, 'A': 3, 'D': 2}","[1.0, 0.88, 1.0]",4.38
94,"[1, 2, 5]","[5, 5, 5]","[0.88, 0.75, 0.88]","[['C', 'B', 'D', 'A'], ['B', 'C', 'D', 'A'], ['A', 'D', 'B', 'C']]","{'B': 5, 'C': 4, 'A': 3, 'D': 3}","[1.0, 0.88, 1.0]",4.38
94,"[1, 2, 5]","[5, 5, 5]","[0.88, 0.75, 0.88]","[['C', 'B', 'D', 'A'], ['B', 'C', 'D', 'A'], ['B', 'A', 'C', 'D']]","{'B': 5, 'C': 5, 'A': 3, 'D': 2}","[1.0, 0.88, 1.0]",4.38
94,"[1, 2, 5]","[5, 5, 5]","[0.88, 0.75, 0.88]","[['C', 'B', 'D', 'A'], ['B', 'C', 'D', 'A'], ['B', 'A', 'D', 'C']]","{'B': 5, 'C': 4, 'A': 3, 'D': 3}","[1.0, 0.88, 1.0]",4.38
94,"[1, 2, 5]","[5, 5, 5]","[0.88, 0.75, 0.88]","[['C', 'B', 'D', 'A'], ['B', 'C', 'D', 'A'], ['B', 'C', 'A', 'D']]","{'B': 5, 'C': 5, 'A': 3, 'D': 2}","[1.0, 0.88, 1.0]",4.38
94,"[1, 2, 5]","[5, 5, 5]","[0.88, 0.75, 0.88]","[['C', 'B', 'D', 'A'], ['B', 'C', 'D', 'A'], ['B', 'D', 'A', 'C']]","{'B': 5, 'C': 4, 'A': 3, 'D': 3}","[1.0, 0.88, 1.0]",4.38
94,"[1, 2, 5]","[5, 5, 5]","[0.88, 0.75, 0.88]","[['C', 'B', 'D', 'A'], ['B', 'C', 'D', 'A'], ['C', 'A', 'B', 'D']]","{'B': 5, 'C': 5, 'A': 3, 'D': 2}","[1.0, 0.88, 1.0]",4.38
94,"[1, 2, 5]","[5, 5, 5]","[0.88, 0.75, 0.88]","[['C', 'B', 'D', 'A'], ['B', 'C', 'D', 'A'], ['C', 'B', 'A', 'D']]","{'B': 5, 'C': 5, 'A': 3, 'D': 2}","[1.0, 0.88, 1.0]",4.38
94,"[1, 2, 5]","[5, 5, 5]","[0.88, 0.75, 0.88]","[['C', 'B', 'D', 'A'], ['B', 'C', 'D', 'A'], ['D', 'A', 'B', 'C']]","{'B': 5, 'C': 4, 'A': 3, 'D': 3}","[1.0, 0.88, 1.0]",4.38
94,"[1, 2, 5]","[5, 5, 5]","[0.88, 0.75, 0.88]","[['C', 'B', 'D', 'A'], ['B', 'C', 'D', 'A'], ['D', 'B', 'A', 'C']]","{'B': 5, 'C': 4, 'A': 3, 'D': 3}","[1.0, 0.88, 1.0]",4.38
94,"[1, 2, 5]","[5, 5, 5]","[0.88, 0.75, 0.88]","[['C', 'B', 'D', 'A'], ['B', 'D', 'A', 'C'], ['B', 'C', 'D', 'A']]","{'B': 5, 'C': 4, 'A': 3, 'D': 3}","[1.0, 0.88, 1.0]",4.38
94,"[1, 2, 5]","[5, 5, 5]","[0.88, 0.75, 0.88]","[['C', 'B', 'D', 'A'], ['B', 'D', 'A', 'C'], ['B', 'D', 'C', 'A']]","{'B': 5, 'C': 4, 'A': 3, 'D': 3}","[1.0, 0.88, 1.0]",4.38
94,"[1, 2, 5]","[5, 5, 5]","[0.88, 0.75, 0.88]","[['C', 'B', 'D', 'A'], ['B', 'D', 'A', 'C'], ['C', 'B', 'D', 'A']]","{'B': 5, 'C': 4, 'A': 3, 'D': 3}","[1.0, 0.88, 1.0]",4.38
94,"[1, 2, 5]","[5, 5, 5]","[0.88, 0.75, 0.88]","[['C', 'B', 'D', 'A'], ['B', 'D', 'A', 'C'], ['C', 'D', 'B', 'A']]","{'B': 5, 'C': 4, 'A': 3, 'D': 3}","[1.0, 0.88, 1.0]",4.38
94,"[1, 2, 5]","[5, 5, 5]","[0.88, 0.75, 0.88]","[['C', 'B', 'D', 'A'], ['B', 'D', 'A', 'C'], ['D', 'B', 'C', 'A']]","{'B': 5, 'C': 4, 'A': 3, 'D': 3}","[1.0, 0.88, 1.0]",4.38
94,"[1, 2, 5]","[5, 5, 5]","[0.88, 0.75, 0.88]","[['C', 'B', 'D', 'A'], ['B', 'D', 'A', 'C'], ['D', 'C', 'B', 'A']]","{'B': 5, 'C': 4, 'A': 3, 'D': 3}","[1.0, 0.88, 1.0]",4.38
94,"[1, 2, 5]","[5, 5, 5]","[0.88, 0.75, 0.88]","[['C', 'B', 'D', 'A'], ['B', 'D', 'C', 'A'], ['A', 'B', 'C', 'D']]","{'B': 5, 'C': 5, 'A': 3, 'D': 2}","[1.0, 0.88, 1.0]",4.38
94,"[1, 2, 5]","[5, 5, 5]","[0.88, 0.75, 0.88]","[['C', 'B', 'D', 'A'], ['B', 'D', 'C', 'A'], ['A', 'B', 'D', 'C']]","{'B': 5, 'C': 4, 'A': 3, 'D': 3}","[1.0, 0.88, 1.0]",4.38
94,"[1, 2, 5]","[5, 5, 5]","[0.88, 0.75, 0.88]","[['C', 'B', 'D', 'A'], ['B', 'D', 'C', 'A'], ['A', 'C', 'B', 'D']]","{'B': 5, 'C': 5, 'A': 3, 'D': 2}","[1.0, 0.88, 1.0]",4.38
94,"[1, 2, 5]","[5, 5, 5]","[0.88, 0.75, 0.88]","[['C', 'B', 'D', 'A'], ['B', 'D', 'C', 'A'], ['A', 'D', 'B', 'C']]","{'B': 5, 'C': 4, 'A': 3, 'D': 3}","[1.0, 0.88, 1.0]",4.38
94,"[1, 2, 5]","[5, 5, 5]","[0.88, 0.75, 0.88]","[['C', 'B', 'D', 'A'], ['B', 'D', 'C', 'A'], ['B', 'A', 'C', 'D']]","{'B': 5, 'C': 5, 'A': 3, 'D': 2}","[1.0, 0.88, 1.0]",4.38
94,"[1, 2, 5]","[5, 5, 5]","[0.88, 0.75, 0.88]","[['C', 'B', 'D', 'A'], ['B', 'D', 'C', 'A'], ['B', 'A', 'D', 'C']]","{'B': 5, 'C': 4, 'A': 3, 'D': 3}","[1.0, 0.88, 1.0]",4.38
94,"[1, 2, 5]","[5, 5, 5]","[0.88, 0.75, 0.88]","[['C', 'B', 'D', 'A'], ['B', 'D', 'C', 'A'], ['B', 'C', 'A', 'D']]","{'B': 5, 'C': 5, 'A': 3, 'D': 2}","[1.0, 0.88, 1.0]",4.38
94,"[1, 2, 5]","[5, 5, 5]","[0.88, 0.75, 0.88]","[['C', 'B', 'D', 'A'], ['B', 'D', 'C', 'A'], ['B', 'D', 'A', 'C']]","{'B': 5, 'C': 4, 'A': 3, 'D': 3}","[1.0, 0.88, 1.0]",4.38
94,"[1, 2, 5]","[5, 5, 5]","[0.88, 0.75, 0.88]","[['C', 'B', 'D', 'A'], ['B', 'D', 'C', 'A'], ['C', 'A', 'B', 'D']]","{'B': 5, 'C': 5, 'A': 3, 'D': 2}","[1.0, 0.88, 1.0]",4.38
94,"[1, 2, 5]","[5, 5, 5]","[0.88, 0.75, 0.88]","[['C', 'B', 'D', 'A'], ['B', 'D', 'C', 'A'], ['C', 'B', 'A', 'D']]","{'B': 5, 'C': 5, 'A': 3, 'D': 2}","[1.0, 0.88, 1.0]",4.38
94,"[1, 2, 5]","[5, 5, 5]","[0.88, 0.75, 0.88]","[['C', 'B', 'D', 'A'], ['B', 'D', 'C', 'A'], ['D', 'A', 'B', 'C']]","{'B': 5, 'C': 4, 'A': 3, 'D': 3}","[1.0, 0.88, 1.0]",4.38
94,"[1, 2, 5]","[5, 5, 5]","[0.88, 0.75, 0.88]","[['C', 'B', 'D', 'A'], ['B', 'D', 'C', 'A'], ['D', 'B', 'A', 'C']]","{'B': 5, 'C': 4, 'A': 3, 'D': 3}","[1.0, 0.88, 1.0]",4.38
94,"[1, 2, 5]","[5, 5, 5]","[0.88, 0.75, 0.88]","[['C', 'B', 'D', 'A'], ['C', 'A', 'B', 'D'], ['A', 'B', 'C', 'D']]","{'B': 5, 'C': 5, 'A': 4, 'D': 1}","[1.0, 0.88, 1.0]",4.38
94,"[1, 2, 5]","[5, 5, 5]","[0.88, 0.75, 0.88]","[['C', 'B', 'D', 'A'], ['C', 'A', 'B', 'D'], ['A', 'C', 'B', 'D']]","{'B': 5, 'C': 5, 'A': 4, 'D': 1}","[1.0, 0.88, 1.0]",4.38
94,"[1, 2, 5]","[5, 5, 5]","[0.88, 0.75, 0.88]","[['C', 'B', 'D', 'A'], ['C', 'A', 'B', 'D'], ['B', 'A', 'C', 'D']]","{'B': 5, 'C': 5, 'A': 4, 'D': 1}","[1.0, 0.88, 1.0]",4.38
94,"[1, 2, 5]","[5, 5, 5]","[0.88, 0.75, 0.88]","[['C', 'B', 'D', 'A'], ['C', 'A', 'B', 'D'], ['B', 'C', 'A', 'D']]","{'B': 5, 'C': 5, 'A': 4, 'D': 1}","[1.0, 0.88, 1.0]",4.38
94,"[1, 2, 5]","[5, 5, 5]","[0.88, 0.75, 0.88]","[['C', 'B', 'D', 'A'], ['C', 'A', 'B', 'D'], ['B', 'C', 'D', 'A']]","{'B': 5, 'C': 5, 'A': 3, 'D': 2}","[1.0, 0.88, 1.0]",4.38
94,"[1, 2, 5]","[5, 5, 5]","[0.88, 0.75, 0.88]","[['C', 'B', 'D', 'A'], ['C', 'A', 'B', 'D'], ['B', 'D', 'C', 'A']]","{'B': 5, 'C': 5, 'A': 3, 'D': 2}","[1.0, 0.88, 1.0]",4.38
94,"[1, 2, 5]","[5, 5, 5]","[0.88, 0.75, 0.88]","[['C', 'B', 'D', 'A'], ['C', 'A', 'B', 'D'], ['C', 'A', 'B', 'D']]","{'B': 5, 'C': 5, 'A': 4, 'D': 1}","[1.0, 0.88, 1.0]",4.38
94,"[1, 2, 5]","[5, 5, 5]","[0.88, 0.75, 0.88]","[['C', 'B', 'D', 'A'], ['C', 'A', 'B', 'D'], ['C', 'B', 'A', 'D']]","{'B': 5, 'C': 5, 'A': 4, 'D': 1}","[1.0, 0.88, 1.0]",4.38
94,"[1, 2, 5]","[5, 5, 5]","[0.88, 0.75, 0.88]","[['C', 'B', 'D', 'A'], ['C', 'A', 'B', 'D'], ['C', 'B', 'D', 'A']]","{'B': 5, 'C': 5, 'A': 3, 'D': 2}","[1.0, 0.88, 1.0]",4.38
94,"[1, 2, 5]","[5, 5, 5]","[0.88, 0.75, 0.88]","[['C', 'B', 'D', 'A'], ['C', 'A', 'B', 'D'], ['C', 'D', 'B', 'A']]","{'B': 5, 'C': 5, 'A': 3, 'D': 2}","[1.0, 0.88, 1.0]",4.38
94,"[1, 2, 5]","[5, 5, 5]","[0.88, 0.75, 0.88]","[['C', 'B', 'D', 'A'], ['C', 'A', 'B', 'D'], ['D', 'B', 'C', 'A']]","{'B': 5, 'C': 5, 'A': 3, 'D': 2}","[1.0, 0.88, 1.0]",4.38
94,"[1, 2, 5]","[5, 5, 5]","[0.88, 0.75, 0.88]","[['C', 'B', 'D', 'A'], ['C', 'A', 'B', 'D'], ['D', 'C', 'B', 'A']]","{'B': 5, 'C': 5, 'A': 3, 'D': 2}","[1.0, 0.88, 1.0]",4.38
94,"[1, 2, 5]","[5, 5, 5]","[0.88, 0.75, 0.88]","[['C', 'B', 'D', 'A'], ['C', 'B', 'A', 'D'], ['A', 'B', 'C', 'D']]","{'B': 5, 'C': 5, 'A': 4, 'D': 1}","[1.0, 0.88, 1.0]",4.38
94,"[1, 2, 5]","[5, 5, 5]","[0.88, 0.75, 0.88]","[['C', 'B', 'D', 'A'], ['C', 'B', 'A', 'D'], ['A', 'C', 'B', 'D']]","{'B': 5, 'C': 5, 'A': 4, 'D': 1}","[1.0, 0.88, 1.0]",4.38
94,"[1, 2, 5]","[5, 5, 5]","[0.88, 0.75, 0.88]","[['C', 'B', 'D', 'A'], ['C', 'B', 'A', 'D'], ['B', 'A', 'C', 'D']]","{'B': 5, 'C': 5, 'A': 4, 'D': 1}","[1.0, 0.88, 1.0]",4.38
94,"[1, 2, 5]","[5, 5, 5]","[0.88, 0.75, 0.88]","[['C', 'B', 'D', 'A'], ['C', 'B', 'A', 'D'], ['B', 'C', 'A', 'D']]","{'B': 5, 'C': 5, 'A': 4, 'D': 1}","[1.0, 0.88, 1.0]",4.38
94,"[1, 2, 5]","[5, 5, 5]","[0.88, 0.75, 0.88]","[['C', 'B', 'D', 'A'], ['C', 'B', 'A', 'D'], ['B', 'C', 'D', 'A']]","{'B': 5, 'C': 5, 'A': 3, 'D': 2}","[1.0, 0.88, 1.0]",4.38
94,"[1, 2, 5]","[5, 5, 5]","[0.88, 0.75, 0.88]","[['C', 'B', 'D', 'A'], ['C', 'B', 'A', 'D'], ['B', 'D', 'C', 'A']]","{'B': 5, 'C': 5, 'A': 3, 'D': 2}","[1.0, 0.88, 1.0]",4.38
94,"[1, 2, 5]","[5, 5, 5]","[0.88, 0.75, 0.88]","[['C', 'B', 'D', 'A'], ['C', 'B', 'A', 'D'], ['C', 'A', 'B', 'D']]","{'B': 5, 'C': 5, 'A': 4, 'D': 1}","[1.0, 0.88, 1.0]",4.38
94,"[1, 2, 5]","[5, 5, 5]","[0.88, 0.75, 0.88]","[['C', 'B', 'D', 'A'], ['C', 'B', 'A', 'D'], ['C', 'B', 'A', 'D']]","{'B': 5, 'C': 5, 'A': 4, 'D': 1}","[1.0, 0.88, 1.0]",4.38
94,"[1, 2, 5]","[5, 5, 5]","[0.88, 0.75, 0.88]","[['C', 'B', 'D', 'A'], ['C', 'B', 'A', 'D'], ['C', 'B', 'D', 'A']]","{'B': 5, 'C': 5, 'A': 3, 'D': 2}","[1.0, 0.88, 1.0]",4.38
94,"[1, 2, 5]","[5, 5, 5]","[0.88, 0.75, 0.88]","[['C', 'B', 'D', 'A'], ['C', 'B', 'A', 'D'], ['C', 'D', 'B', 'A']]","{'B': 5, 'C': 5, 'A': 3, 'D': 2}","[1.0, 0.88, 1.0]",4.38
94,"[1, 2, 5]","[5, 5, 5]","[0.88, 0.75, 0.88]","[['C', 'B', 'D', 'A'], ['C', 'B', 'A', 'D'], ['D', 'B', 'C', 'A']]","{'B': 5, 'C': 5, 'A': 3, 'D': 2}","[1.0, 0.88, 1.0]",4.38
94,"[1, 2, 5]","[5, 5, 5]","[0.88, 0.75, 0.88]","[['C', 'B', 'D', 'A'], ['C', 'B', 'A', 'D'], ['D', 'C', 'B', 'A']]","{'B': 5, 'C': 5, 'A': 3, 'D': 2}","[1.0, 0.88, 1.0]",4.38
94,"[1, 2, 5]","[5, 5, 5]","[0.88, 0.75, 0.88]","[['C', 'B', 'D', 'A'], ['C', 'B', 'D', 'A'], ['A', 'B', 'C', 'D']]","{'B': 5, 'C': 5, 'A': 3, 'D': 2}","[1.0, 0.88, 1.0]",4.38
94,"[1, 2, 5]","[5, 5, 5]","[0.88, 0.75, 0.88]","[['C', 'B', 'D', 'A'], ['C', 'B', 'D', 'A'], ['A', 'B', 'D', 'C']]","{'B': 5, 'C': 4, 'A': 3, 'D': 3}","[1.0, 0.88, 1.0]",4.38
94,"[1, 2, 5]","[5, 5, 5]","[0.88, 0.75, 0.88]","[['C', 'B', 'D', 'A'], ['C', 'B', 'D', 'A'], ['A', 'C', 'B', 'D']]","{'B': 5, 'C': 5, 'A': 3, 'D': 2}","[1.0, 0.88, 1.0]",4.38
94,"[1, 2, 5]","[5, 5, 5]","[0.88, 0.75, 0.88]","[['C', 'B', 'D', 'A'], ['C', 'B', 'D', 'A'], ['A', 'D', 'B', 'C']]","{'B': 5, 'C': 4, 'A': 3, 'D': 3}","[1.0, 0.88, 1.0]",4.38
94,"[1, 2, 5]","[5, 5, 5]","[0.88, 0.75, 0.88]","[['C', 'B', 'D', 'A'], ['C', 'B', 'D', 'A'], ['B', 'A', 'C', 'D']]","{'B': 5, 'C': 5, 'A': 3, 'D': 2}","[1.0, 0.88, 1.0]",4.38
94,"[1, 2, 5]","[5, 5, 5]","[0.88, 0.75, 0.88]","[['C', 'B', 'D', 'A'], ['C', 'B', 'D', 'A'], ['B', 'A', 'D', 'C']]","{'B': 5, 'C': 4, 'A': 3, 'D': 3}","[1.0, 0.88, 1.0]",4.38
94,"[1, 2, 5]","[5, 5, 5]","[0.88, 0.75, 0.88]","[['C', 'B', 'D', 'A'], ['C', 'B', 'D', 'A'], ['B', 'C', 'A', 'D']]","{'B': 5, 'C': 5, 'A': 3, 'D': 2}","[1.0, 0.88, 1.0]",4.38
94,"[1, 2, 5]","[5, 5, 5]","[0.88, 0.75, 0.88]","[['C', 'B', 'D', 'A'], ['C', 'B', 'D', 'A'], ['B', 'D', 'A', 'C']]","{'B': 5, 'C': 4, 'A': 3, 'D': 3}","[1.0, 0.88, 1.0]",4.38
94,"[1, 2, 5]","[5, 5, 5]","[0.88, 0.75, 0.88]","[['C', 'B', 'D', 'A'], ['C', 'B', 'D', 'A'], ['C', 'A', 'B', 'D']]","{'B': 5, 'C': 5, 'A': 3, 'D': 2}","[1.0, 0.88, 1.0]",4.38
94,"[1, 2, 5]","[5, 5, 5]","[0.88, 0.75, 0.88]","[['C', 'B', 'D', 'A'], ['C', 'B', 'D', 'A'], ['C', 'B', 'A', 'D']]","{'B': 5, 'C': 5, 'A': 3, 'D': 2}","[1.0, 0.88, 1.0]",4.38
94,"[1, 2, 5]","[5, 5, 5]","[0.88, 0.75, 0.88]","[['C', 'B', 'D', 'A'], ['C', 'B', 'D', 'A'], ['D', 'A', 'B', 'C']]","{'B': 5, 'C': 4, 'A': 3, 'D': 3}","[1.0, 0.88, 1.0]",4.38
94,"[1, 2, 5]","[5, 5, 5]","[0.88, 0.75, 0.88]","[['C', 'B', 'D', 'A'], ['C', 'B', 'D', 'A'], ['D', 'B', 'A', 'C']]","{'B': 5, 'C': 4, 'A': 3, 'D': 3}","[1.0, 0.88, 1.0]",4.38
94,"[1, 2, 5]","[5, 5, 5]","[0.88, 0.75, 0.88]","[['C', 'B', 'D', 'A'], ['C', 'D', 'B', 'A'], ['A', 'B', 'C', 'D']]","{'B': 5, 'C': 5, 'A': 3, 'D': 2}","[1.0, 0.88, 1.0]",4.38
94,"[1, 2, 5]","[5, 5, 5]","[0.88, 0.75, 0.88]","[['C', 'B', 'D', 'A'], ['C', 'D', 'B', 'A'], ['A', 'B', 'D', 'C']]","{'B': 5, 'C': 4, 'A': 3, 'D': 3}","[1.0, 0.88, 1.0]",4.38
94,"[1, 2, 5]","[5, 5, 5]","[0.88, 0.75, 0.88]","[['C', 'B', 'D', 'A'], ['C', 'D', 'B', 'A'], ['A', 'C', 'B', 'D']]","{'B': 5, 'C': 5, 'A': 3, 'D': 2}","[1.0, 0.88, 1.0]",4.38
94,"[1, 2, 5]","[5, 5, 5]","[0.88, 0.75, 0.88]","[['C', 'B', 'D', 'A'], ['C', 'D', 'B', 'A'], ['A', 'D', 'B', 'C']]","{'B': 5, 'C': 4, 'A': 3, 'D': 3}","[1.0, 0.88, 1.0]",4.38
94,"[1, 2, 5]","[5, 5, 5]","[0.88, 0.75, 0.88]","[['C', 'B', 'D', 'A'], ['C', 'D', 'B', 'A'], ['B', 'A', 'C', 'D']]","{'B': 5, 'C': 5, 'A': 3, 'D': 2}","[1.0, 0.88, 1.0]",4.38
94,"[1, 2, 5]","[5, 5, 5]","[0.88, 0.75, 0.88]","[['C', 'B', 'D', 'A'], ['C', 'D', 'B', 'A'], ['B', 'A', 'D', 'C']]","{'B': 5, 'C': 4, 'A': 3, 'D': 3}","[1.0, 0.88, 1.0]",4.38
94,"[1, 2, 5]","[5, 5, 5]","[0.88, 0.75, 0.88]","[['C', 'B', 'D', 'A'], ['C', 'D', 'B', 'A'], ['B', 'C', 'A', 'D']]","{'B': 5, 'C': 5, 'A': 3, 'D': 2}","[1.0, 0.88, 1.0]",4.38
94,"[1, 2, 5]","[5, 5, 5]","[0.88, 0.75, 0.88]","[['C', 'B', 'D', 'A'], ['C', 'D', 'B', 'A'], ['B', 'D', 'A', 'C']]","{'B': 5, 'C': 4, 'A': 3, 'D': 3}","[1.0, 0.88, 1.0]",4.38
94,"[1, 2, 5]","[5, 5, 5]","[0.88, 0.75, 0.88]","[['C', 'B', 'D', 'A'], ['C', 'D', 'B', 'A'], ['C', 'A', 'B', 'D']]","{'B': 5, 'C': 5, 'A': 3, 'D': 2}","[1.0, 0.88, 1.0]",4.38
94,"[1, 2, 5]","[5, 5, 5]","[0.88, 0.75, 0.88]","[['C', 'B', 'D', 'A'], ['C', 'D', 'B', 'A'], ['C', 'B', 'A', 'D']]","{'B': 5, 'C': 5, 'A': 3, 'D': 2}","[1.0, 0.88, 1.0]",4.38
94,"[1, 2, 5]","[5, 5, 5]","[0.88, 0.75, 0.88]","[['C', 'B', 'D', 'A'], ['C', 'D', 'B', 'A'], ['D', 'A', 'B', 'C']]","{'B': 5, 'C': 4, 'A': 3, 'D': 3}","[1.0, 0.88, 1.0]",4.38
94,"[1, 2, 5]","[5, 5, 5]","[0.88, 0.75, 0.88]","[['C', 'B', 'D', 'A'], ['C', 'D', 'B', 'A'], ['D', 'B', 'A', 'C']]","{'B': 5, 'C': 4, 'A': 3, 'D': 3}","[1.0, 0.88, 1.0]",4.38
94,"[1, 2, 5]","[5, 5, 5]","[0.88, 0.75, 0.88]","[['C', 'B', 'D', 'A'], ['D', 'A', 'B', 'C'], ['B', 'C', 'D', 'A']]","{'B': 5, 'C': 4, 'A': 3, 'D': 3}","[1.0, 0.88, 1.0]",4.38
94,"[1, 2, 5]","[5, 5, 5]","[0.88, 0.75, 0.88]","[['C', 'B', 'D', 'A'], ['D', 'A', 'B', 'C'], ['B', 'D', 'C', 'A']]","{'B': 5, 'C': 4, 'A': 3, 'D': 3}","[1.0, 0.88, 1.0]",4.38
94,"[1, 2, 5]","[5, 5, 5]","[0.88, 0.75, 0.88]","[['C', 'B', 'D', 'A'], ['D', 'A', 'B', 'C'], ['C', 'B', 'D', 'A']]","{'B': 5, 'C': 4, 'A': 3, 'D': 3}","[1.0, 0.88, 1.0]",4.38
94,"[1, 2, 5]","[5, 5, 5]","[0.88, 0.75, 0.88]","[['C', 'B', 'D', 'A'], ['D', 'A', 'B', 'C'], ['C', 'D', 'B', 'A']]","{'B': 5, 'C': 4, 'A': 3, 'D': 3}","[1.0, 0.88, 1.0]",4.38
94,"[1, 2, 5]","[5, 5, 5]","[0.88, 0.75, 0.88]","[['C', 'B', 'D', 'A'], ['D', 'A', 'B', 'C'], ['D', 'B', 'C', 'A']]","{'B': 5, 'C': 4, 'A': 3, 'D': 3}","[1.0, 0.88, 1.0]",4.38
94,"[1, 2, 5]","[5, 5, 5]","[0.88, 0.75, 0.88]","[['C', 'B', 'D', 'A'], ['D', 'A', 'B', 'C'], ['D', 'C', 'B', 'A']]","{'B': 5, 'C': 4, 'A': 3, 'D': 3}","[1.0, 0.88, 1.0]",4.38
94,"[1, 2, 5]","[5, 5, 5]","[0.88, 0.75, 0.88]","[['C', 'B', 'D', 'A'], ['D', 'B', 'A', 'C'], ['B', 'C', 'D', 'A']]","{'B': 5, 'C': 4, 'A': 3, 'D': 3}","[1.0, 0.88, 1.0]",4.38
94,"[1, 2, 5]","[5, 5, 5]","[0.88, 0.75, 0.88]","[['C', 'B', 'D', 'A'], ['D', 'B', 'A', 'C'], ['B', 'D', 'C', 'A']]","{'B': 5, 'C': 4, 'A': 3, 'D': 3}","[1.0, 0.88, 1.0]",4.38
94,"[1, 2, 5]","[5, 5, 5]","[0.88, 0.75, 0.88]","[['C', 'B', 'D', 'A'], ['D', 'B', 'A', 'C'], ['C', 'B', 'D', 'A']]","{'B': 5, 'C': 4, 'A': 3, 'D': 3}","[1.0, 0.88, 1.0]",4.38
94,"[1, 2, 5]","[5, 5, 5]","[0.88, 0.75, 0.88]","[['C', 'B', 'D', 'A'], ['D', 'B', 'A', 'C'], ['C', 'D', 'B', 'A']]","{'B': 5, 'C': 4, 'A': 3, 'D': 3}","[1.0, 0.88, 1.0]",4.38
94,"[1, 2, 5]","[5, 5, 5]","[0.88, 0.75, 0.88]","[['C', 'B', 'D', 'A'], ['D', 'B', 'A', 'C'], ['D', 'B', 'C', 'A']]","{'B': 5, 'C': 4, 'A': 3, 'D': 3}","[1.0, 0.88, 1.0]",4.38
94,"[1, 2, 5]","[5, 5, 5]","[0.88, 0.75, 0.88]","[['C', 'B', 'D', 'A'], ['D', 'B', 'A', 'C'], ['D', 'C', 'B', 'A']]","{'B': 5, 'C': 4, 'A': 3, 'D': 3}","[1.0, 0.88, 1.0]",4.38
94,"[1, 2, 5]","[5, 5, 5]","[0.88, 0.75, 0.88]","[['C', 'B', 'D', 'A'], ['D', 'B', 'C', 'A'], ['A', 'B', 'C', 'D']]","{'B': 5, 'C': 5, 'A': 3, 'D': 2}","[1.0, 0.88, 1.0]",4.38
94,"[1, 2, 5]","[5, 5, 5]","[0.88, 0.75, 0.88]","[['C', 'B', 'D', 'A'], ['D', 'B', 'C', 'A'], ['A', 'B', 'D', 'C']]","{'B': 5, 'C': 4, 'A': 3, 'D': 3}","[1.0, 0.88, 1.0]",4.38
94,"[1, 2, 5]","[5, 5, 5]","[0.88, 0.75, 0.88]","[['C', 'B', 'D', 'A'], ['D', 'B', 'C', 'A'], ['A', 'C', 'B', 'D']]","{'B': 5, 'C': 5, 'A': 3, 'D': 2}","[1.0, 0.88, 1.0]",4.38
94,"[1, 2, 5]","[5, 5, 5]","[0.88, 0.75, 0.88]","[['C', 'B', 'D', 'A'], ['D', 'B', 'C', 'A'], ['A', 'D', 'B', 'C']]","{'B': 5, 'C': 4, 'A': 3, 'D': 3}","[1.0, 0.88, 1.0]",4.38
94,"[1, 2, 5]","[5, 5, 5]","[0.88, 0.75, 0.88]","[['C', 'B', 'D', 'A'], ['D', 'B', 'C', 'A'], ['B', 'A', 'C', 'D']]","{'B': 5, 'C': 5, 'A': 3, 'D': 2}","[1.0, 0.88, 1.0]",4.38
94,"[1, 2, 5]","[5, 5, 5]","[0.88, 0.75, 0.88]","[['C', 'B', 'D', 'A'], ['D', 'B', 'C', 'A'], ['B', 'A', 'D', 'C']]","{'B': 5, 'C': 4, 'A': 3, 'D': 3}","[1.0, 0.88, 1.0]",4.38
94,"[1, 2, 5]","[5, 5, 5]","[0.88, 0.75, 0.88]","[['C', 'B', 'D', 'A'], ['D', 'B', 'C', 'A'], ['B', 'C', 'A', 'D']]","{'B': 5, 'C': 5, 'A': 3, 'D': 2}","[1.0, 0.88, 1.0]",4.38
94,"[1, 2, 5]","[5, 5, 5]","[0.88, 0.75, 0.88]","[['C', 'B', 'D', 'A'], ['D', 'B', 'C', 'A'], ['B', 'D', 'A', 'C']]","{'B': 5, 'C': 4, 'A': 3, 'D': 3}","[1.0, 0.88, 1.0]",4.38
94,"[1, 2, 5]","[5, 5, 5]","[0.88, 0.75, 0.88]","[['C', 'B', 'D', 'A'], ['D', 'B', 'C', 'A'], ['C', 'A', 'B', 'D']]","{'B': 5, 'C': 5, 'A': 3, 'D': 2}","[1.0, 0.88, 1.0]",4.38
94,"[1, 2, 5]","[5, 5, 5]","[0.88, 0.75, 0.88]","[['C', 'B', 'D', 'A'], ['D', 'B', 'C', 'A'], ['C', 'B', 'A', 'D']]","{'B': 5, 'C': 5, 'A': 3, 'D': 2}","[1.0, 0.88, 1.0]",4.38
94,"[1, 2, 5]","[5, 5, 5]","[0.88, 0.75, 0.88]","[['C', 'B', 'D', 'A'], ['D', 'B', 'C', 'A'], ['D', 'A', 'B', 'C']]","{'B': 5, 'C': 4, 'A': 3, 'D': 3}","[1.0, 0.88, 1.0]",4.38
94,"[1, 2, 5]","[5, 5, 5]","[0.88, 0.75, 0.88]","[['C', 'B', 'D', 'A'], ['D', 'B', 'C', 'A'], ['D', 'B', 'A', 'C']]","{'B': 5, 'C': 4, 'A': 3, 'D': 3}","[1.0, 0.88, 1.0]",4.38
94,"[1, 2, 5]","[5, 5, 5]","[0.88, 0.75, 0.88]","[['C', 'B', 'D', 'A'], ['D', 'C', 'B', 'A'], ['A', 'B', 'C', 'D']]","{'B': 5, 'C': 5, 'A': 3, 'D': 2}","[1.0, 0.88, 1.0]",4.38
94,"[1, 2, 5]","[5, 5, 5]","[0.88, 0.75, 0.88]","[['C', 'B', 'D', 'A'], ['D', 'C', 'B', 'A'], ['A', 'B', 'D', 'C']]","{'B': 5, 'C': 4, 'A': 3, 'D': 3}","[1.0, 0.88, 1.0]",4.38
94,"[1, 2, 5]","[5, 5, 5]","[0.88, 0.75, 0.88]","[['C', 'B', 'D', 'A'], ['D', 'C', 'B', 'A'], ['A', 'C', 'B', 'D']]","{'B': 5, 'C': 5, 'A': 3, 'D': 2}","[1.0, 0.88, 1.0]",4.38
94,"[1, 2, 5]","[5, 5, 5]","[0.88, 0.75, 0.88]","[['C', 'B', 'D', 'A'], ['D', 'C', 'B', 'A'], ['A', 'D', 'B', 'C']]","{'B': 5, 'C': 4, 'A': 3, 'D': 3}","[1.0, 0.88, 1.0]",4.38
94,"[1, 2, 5]","[5, 5, 5]","[0.88, 0.75, 0.88]","[['C', 'B', 'D', 'A'], ['D', 'C', 'B', 'A'], ['B', 'A', 'C', 'D']]","{'B': 5, 'C': 5, 'A': 3, 'D': 2}","[1.0, 0.88, 1.0]",4.38
94,"[1, 2, 5]","[5, 5, 5]","[0.88, 0.75, 0.88]","[['C', 'B', 'D', 'A'], ['D', 'C', 'B', 'A'], ['B', 'A', 'D', 'C']]","{'B': 5, 'C': 4, 'A': 3, 'D': 3}","[1.0, 0.88, 1.0]",4.38
94,"[1, 2, 5]","[5, 5, 5]","[0.88, 0.75, 0.88]","[['C', 'B', 'D', 'A'], ['D', 'C', 'B', 'A'], ['B', 'C', 'A', 'D']]","{'B': 5, 'C': 5, 'A': 3, 'D': 2}","[1.0, 0.88, 1.0]",4.38
94,"[1, 2, 5]","[5, 5, 5]","[0.88, 0.75, 0.88]","[['C', 'B', 'D', 'A'], ['D', 'C', 'B', 'A'], ['B', 'D', 'A', 'C']]","{'B': 5, 'C': 4, 'A': 3, 'D': 3}","[1.0, 0.88, 1.0]",4.38
94,"[1, 2, 5]","[5, 5, 5]","[0.88, 0.75, 0.88]","[['C', 'B', 'D', 'A'], ['D', 'C', 'B', 'A'], ['C', 'A', 'B', 'D']]","{'B': 5, 'C': 5, 'A': 3, 'D': 2}","[1.0, 0.88, 1.0]",4.38
94,"[1, 2, 5]","[5, 5, 5]","[0.88, 0.75, 0.88]","[['C', 'B', 'D', 'A'], ['D', 'C', 'B', 'A'], ['C', 'B', 'A', 'D']]","{'B': 5, 'C': 5, 'A': 3, 'D': 2}","[1.0, 0.88, 1.0]",4.38
94,"[1, 2, 5]","[5, 5, 5]","[0.88, 0.75, 0.88]","[['C', 'B', 'D', 'A'], ['D', 'C', 'B', 'A'], ['D', 'A', 'B', 'C']]","{'B': 5, 'C': 4, 'A': 3, 'D': 3}","[1.0, 0.88, 1.0]",4.38
94,"[1, 2, 5]","[5, 5, 5]","[0.88, 0.75, 0.88]","[['C', 'B', 'D', 'A'], ['D', 'C', 'B', 'A'], ['D', 'B', 'A', 'C']]","{'B': 5, 'C': 4, 'A': 3, 'D': 3}","[1.0, 0.88, 1.0]",4.38
94,"[1, 2, 5]","[5, 5, 5]","[0.88, 0.75, 0.88]","[['C', 'D', 'B', 'A'], ['A', 'B', 'C', 'D'], ['A', 'B', 'C', 'D']]","{'B': 5, 'C': 5, 'A': 4, 'D': 1}","[1.0, 0.88, 1.0]",4.38
94,"[1, 2, 5]","[5, 5, 5]","[0.88, 0.75, 0.88]","[['C', 'D', 'B', 'A'], ['A', 'B', 'C', 'D'], ['A', 'C', 'B', 'D']]","{'B': 5, 'C': 5, 'A': 4, 'D': 1}","[1.0, 0.88, 1.0]",4.38
94,"[1, 2, 5]","[5, 5, 5]","[0.88, 0.75, 0.88]","[['C', 'D', 'B', 'A'], ['A', 'B', 'C', 'D'], ['B', 'A', 'C', 'D']]","{'B': 5, 'C': 5, 'A': 4, 'D': 1}","[1.0, 0.88, 1.0]",4.38
94,"[1, 2, 5]","[5, 5, 5]","[0.88, 0.75, 0.88]","[['C', 'D', 'B', 'A'], ['A', 'B', 'C', 'D'], ['B', 'C', 'A', 'D']]","{'B': 5, 'C': 5, 'A': 4, 'D': 1}","[1.0, 0.88, 1.0]",4.38
94,"[1, 2, 5]","[5, 5, 5]","[0.88, 0.75, 0.88]","[['C', 'D', 'B', 'A'], ['A', 'B', 'C', 'D'], ['B', 'C', 'D', 'A']]","{'B': 5, 'C': 5, 'A': 3, 'D': 2}","[1.0, 0.88, 1.0]",4.38
94,"[1, 2, 5]","[5, 5, 5]","[0.88, 0.75, 0.88]","[['C', 'D', 'B', 'A'], ['A', 'B', 'C', 'D'], ['B', 'D', 'C', 'A']]","{'B': 5, 'C': 5, 'A': 3, 'D': 2}","[1.0, 0.88, 1.0]",4.38
94,"[1, 2, 5]","[5, 5, 5]","[0.88, 0.75, 0.88]","[['C', 'D', 'B', 'A'], ['A', 'B', 'C', 'D'], ['C', 'A', 'B', 'D']]","{'B': 5, 'C': 5, 'A': 4, 'D': 1}","[1.0, 0.88, 1.0]",4.38
94,"[1, 2, 5]","[5, 5, 5]","[0.88, 0.75, 0.88]","[['C', 'D', 'B', 'A'], ['A', 'B', 'C', 'D'], ['C', 'B', 'A', 'D']]","{'B': 5, 'C': 5, 'A': 4, 'D': 1}","[1.0, 0.88, 1.0]",4.38
94,"[1, 2, 5]","[5, 5, 5]","[0.88, 0.75, 0.88]","[['C', 'D', 'B', 'A'], ['A', 'B', 'C', 'D'], ['C', 'B', 'D', 'A']]","{'B': 5, 'C': 5, 'A': 3, 'D': 2}","[1.0, 0.88, 1.0]",4.38
94,"[1, 2, 5]","[5, 5, 5]","[0.88, 0.75, 0.88]","[['C', 'D', 'B', 'A'], ['A', 'B', 'C', 'D'], ['C', 'D', 'B', 'A']]","{'B': 5, 'C': 5, 'A': 3, 'D': 2}","[1.0, 0.88, 1.0]",4.38
94,"[1, 2, 5]","[5, 5, 5]","[0.88, 0.75, 0.88]","[['C', 'D', 'B', 'A'], ['A', 'B', 'C', 'D'], ['D', 'B', 'C', 'A']]","{'B': 5, 'C': 5, 'A': 3, 'D': 2}","[1.0, 0.88, 1.0]",4.38
94,"[1, 2, 5]","[5, 5, 5]","[0.88, 0.75, 0.88]","[['C', 'D', 'B', 'A'], ['A', 'B', 'C', 'D'], ['D', 'C', 'B', 'A']]","{'B': 5, 'C': 5, 'A': 3, 'D': 2}","[1.0, 0.88, 1.0]",4.38
94,"[1, 2, 5]","[5, 5, 5]","[0.88, 0.75, 0.88]","[['C', 'D', 'B', 'A'], ['A', 'B', 'D', 'C'], ['B', 'C', 'D', 'A']]","{'B': 5, 'C': 4, 'A': 3, 'D': 3}","[1.0, 0.88, 1.0]",4.38
94,"[1, 2, 5]","[5, 5, 5]","[0.88, 0.75, 0.88]","[['C', 'D', 'B', 'A'], ['A', 'B', 'D', 'C'], ['B', 'D', 'C', 'A']]","{'B': 5, 'C': 4, 'A': 3, 'D': 3}","[1.0, 0.88, 1.0]",4.38
94,"[1, 2, 5]","[5, 5, 5]","[0.88, 0.75, 0.88]","[['C', 'D', 'B', 'A'], ['A', 'B', 'D', 'C'], ['C', 'B', 'D', 'A']]","{'B': 5, 'C': 4, 'A': 3, 'D': 3}","[1.0, 0.88, 1.0]",4.38
94,"[1, 2, 5]","[5, 5, 5]","[0.88, 0.75, 0.88]","[['C', 'D', 'B', 'A'], ['A', 'B', 'D', 'C'], ['C', 'D', 'B', 'A']]","{'B': 5, 'C': 4, 'A': 3, 'D': 3}","[1.0, 0.88, 1.0]",4.38
94,"[1, 2, 5]","[5, 5, 5]","[0.88, 0.75, 0.88]","[['C', 'D', 'B', 'A'], ['A', 'B', 'D', 'C'], ['D', 'B', 'C', 'A']]","{'B': 5, 'C': 4, 'A': 3, 'D': 3}","[1.0, 0.88, 1.0]",4.38
94,"[1, 2, 5]","[5, 5, 5]","[0.88, 0.75, 0.88]","[['C', 'D', 'B', 'A'], ['A', 'B', 'D', 'C'], ['D', 'C', 'B', 'A']]","{'B': 5, 'C': 4, 'A': 3, 'D': 3}","[1.0, 0.88, 1.0]",4.38
94,"[1, 2, 5]","[5, 5, 5]","[0.88, 0.75, 0.88]","[['C', 'D', 'B', 'A'], ['A', 'C', 'B', 'D'], ['A', 'B', 'C', 'D']]","{'B': 5, 'C': 5, 'A': 4, 'D': 1}","[1.0, 0.88, 1.0]",4.38
94,"[1, 2, 5]","[5, 5, 5]","[0.88, 0.75, 0.88]","[['C', 'D', 'B', 'A'], ['A', 'C', 'B', 'D'], ['A', 'C', 'B', 'D']]","{'B': 5, 'C': 5, 'A': 4, 'D': 1}","[1.0, 0.88, 1.0]",4.38
94,"[1, 2, 5]","[5, 5, 5]","[0.88, 0.75, 0.88]","[['C', 'D', 'B', 'A'], ['A', 'C', 'B', 'D'], ['B', 'A', 'C', 'D']]","{'B': 5, 'C': 5, 'A': 4, 'D': 1}","[1.0, 0.88, 1.0]",4.38
94,"[1, 2, 5]","[5, 5, 5]","[0.88, 0.75, 0.88]","[['C', 'D', 'B', 'A'], ['A', 'C', 'B', 'D'], ['B', 'C', 'A', 'D']]","{'B': 5, 'C': 5, 'A': 4, 'D': 1}","[1.0, 0.88, 1.0]",4.38
94,"[1, 2, 5]","[5, 5, 5]","[0.88, 0.75, 0.88]","[['C', 'D', 'B', 'A'], ['A', 'C', 'B', 'D'], ['B', 'C', 'D', 'A']]","{'B': 5, 'C': 5, 'A': 3, 'D': 2}","[1.0, 0.88, 1.0]",4.38
94,"[1, 2, 5]","[5, 5, 5]","[0.88, 0.75, 0.88]","[['C', 'D', 'B', 'A'], ['A', 'C', 'B', 'D'], ['B', 'D', 'C', 'A']]","{'B': 5, 'C': 5, 'A': 3, 'D': 2}","[1.0, 0.88, 1.0]",4.38
94,"[1, 2, 5]","[5, 5, 5]","[0.88, 0.75, 0.88]","[['C', 'D', 'B', 'A'], ['A', 'C', 'B', 'D'], ['C', 'A', 'B', 'D']]","{'B': 5, 'C': 5, 'A': 4, 'D': 1}","[1.0, 0.88, 1.0]",4.38
94,"[1, 2, 5]","[5, 5, 5]","[0.88, 0.75, 0.88]","[['C', 'D', 'B', 'A'], ['A', 'C', 'B', 'D'], ['C', 'B', 'A', 'D']]","{'B': 5, 'C': 5, 'A': 4, 'D': 1}","[1.0, 0.88, 1.0]",4.38
94,"[1, 2, 5]","[5, 5, 5]","[0.88, 0.75, 0.88]","[['C', 'D', 'B', 'A'], ['A', 'C', 'B', 'D'], ['C', 'B', 'D', 'A']]","{'B': 5, 'C': 5, 'A': 3, 'D': 2}","[1.0, 0.88, 1.0]",4.38
94,"[1, 2, 5]","[5, 5, 5]","[0.88, 0.75, 0.88]","[['C', 'D', 'B', 'A'], ['A', 'C', 'B', 'D'], ['C', 'D', 'B', 'A']]","{'B': 5, 'C': 5, 'A': 3, 'D': 2}","[1.0, 0.88, 1.0]",4.38
94,"[1, 2, 5]","[5, 5, 5]","[0.88, 0.75, 0.88]","[['C', 'D', 'B', 'A'], ['A', 'C', 'B', 'D'], ['D', 'B', 'C', 'A']]","{'B': 5, 'C': 5, 'A': 3, 'D': 2}","[1.0, 0.88, 1.0]",4.38
94,"[1, 2, 5]","[5, 5, 5]","[0.88, 0.75, 0.88]","[['C', 'D', 'B', 'A'], ['A', 'C', 'B', 'D'], ['D', 'C', 'B', 'A']]","{'B': 5, 'C': 5, 'A': 3, 'D': 2}","[1.0, 0.88, 1.0]",4.38
94,"[1, 2, 5]","[5, 5, 5]","[0.88, 0.75, 0.88]","[['C', 'D', 'B', 'A'], ['A', 'D', 'B', 'C'], ['B', 'C', 'D', 'A']]","{'B': 5, 'C': 4, 'A': 3, 'D': 3}","[1.0, 0.88, 1.0]",4.38
94,"[1, 2, 5]","[5, 5, 5]","[0.88, 0.75, 0.88]","[['C', 'D', 'B', 'A'], ['A', 'D', 'B', 'C'], ['B', 'D', 'C', 'A']]","{'B': 5, 'C': 4, 'A': 3, 'D': 3}","[1.0, 0.88, 1.0]",4.38
94,"[1, 2, 5]","[5, 5, 5]","[0.88, 0.75, 0.88]","[['C', 'D', 'B', 'A'], ['A', 'D', 'B', 'C'], ['C', 'B', 'D', 'A']]","{'B': 5, 'C': 4, 'A': 3, 'D': 3}","[1.0, 0.88, 1.0]",4.38
94,"[1, 2, 5]","[5, 5, 5]","[0.88, 0.75, 0.88]","[['C', 'D', 'B', 'A'], ['A', 'D', 'B', 'C'], ['C', 'D', 'B', 'A']]","{'B': 5, 'C': 4, 'A': 3, 'D': 3}","[1.0, 0.88, 1.0]",4.38
94,"[1, 2, 5]","[5, 5, 5]","[0.88, 0.75, 0.88]","[['C', 'D', 'B', 'A'], ['A', 'D', 'B', 'C'], ['D', 'B', 'C', 'A']]","{'B': 5, 'C': 4, 'A': 3, 'D': 3}","[1.0, 0.88, 1.0]",4.38
94,"[1, 2, 5]","[5, 5, 5]","[0.88, 0.75, 0.88]","[['C', 'D', 'B', 'A'], ['A', 'D', 'B', 'C'], ['D', 'C', 'B', 'A']]","{'B': 5, 'C': 4, 'A': 3, 'D': 3}","[1.0, 0.88, 1.0]",4.38
94,"[1, 2, 5]","[5, 5, 5]","[0.88, 0.75, 0.88]","[['C', 'D', 'B', 'A'], ['B', 'A', 'C', 'D'], ['A', 'B', 'C', 'D']]","{'B': 5, 'C': 5, 'A': 4, 'D': 1}","[1.0, 0.88, 1.0]",4.38
94,"[1, 2, 5]","[5, 5, 5]","[0.88, 0.75, 0.88]","[['C', 'D', 'B', 'A'], ['B', 'A', 'C', 'D'], ['A', 'C', 'B', 'D']]","{'B': 5, 'C': 5, 'A': 4, 'D': 1}","[1.0, 0.88, 1.0]",4.38
94,"[1, 2, 5]","[5, 5, 5]","[0.88, 0.75, 0.88]","[['C', 'D', 'B', 'A'], ['B', 'A', 'C', 'D'], ['B', 'A', 'C', 'D']]","{'B': 5, 'C': 5, 'A': 4, 'D': 1}","[1.0, 0.88, 1.0]",4.38
94,"[1, 2, 5]","[5, 5, 5]","[0.88, 0.75, 0.88]","[['C', 'D', 'B', 'A'], ['B', 'A', 'C', 'D'], ['B', 'C', 'A', 'D']]","{'B': 5, 'C': 5, 'A': 4, 'D': 1}","[1.0, 0.88, 1.0]",4.38
94,"[1, 2, 5]","[5, 5, 5]","[0.88, 0.75, 0.88]","[['C', 'D', 'B', 'A'], ['B', 'A', 'C', 'D'], ['B', 'C', 'D', 'A']]","{'B': 5, 'C': 5, 'A': 3, 'D': 2}","[1.0, 0.88, 1.0]",4.38
94,"[1, 2, 5]","[5, 5, 5]","[0.88, 0.75, 0.88]","[['C', 'D', 'B', 'A'], ['B', 'A', 'C', 'D'], ['B', 'D', 'C', 'A']]","{'B': 5, 'C': 5, 'A': 3, 'D': 2}","[1.0, 0.88, 1.0]",4.38
94,"[1, 2, 5]","[5, 5, 5]","[0.88, 0.75, 0.88]","[['C', 'D', 'B', 'A'], ['B', 'A', 'C', 'D'], ['C', 'A', 'B', 'D']]","{'B': 5, 'C': 5, 'A': 4, 'D': 1}","[1.0, 0.88, 1.0]",4.38
94,"[1, 2, 5]","[5, 5, 5]","[0.88, 0.75, 0.88]","[['C', 'D', 'B', 'A'], ['B', 'A', 'C', 'D'], ['C', 'B', 'A', 'D']]","{'B': 5, 'C': 5, 'A': 4, 'D': 1}","[1.0, 0.88, 1.0]",4.38
94,"[1, 2, 5]","[5, 5, 5]","[0.88, 0.75, 0.88]","[['C', 'D', 'B', 'A'], ['B', 'A', 'C', 'D'], ['C', 'B', 'D', 'A']]","{'B': 5, 'C': 5, 'A': 3, 'D': 2}","[1.0, 0.88, 1.0]",4.38
94,"[1, 2, 5]","[5, 5, 5]","[0.88, 0.75, 0.88]","[['C', 'D', 'B', 'A'], ['B', 'A', 'C', 'D'], ['C', 'D', 'B', 'A']]","{'B': 5, 'C': 5, 'A': 3, 'D': 2}","[1.0, 0.88, 1.0]",4.38
94,"[1, 2, 5]","[5, 5, 5]","[0.88, 0.75, 0.88]","[['C', 'D', 'B', 'A'], ['B', 'A', 'C', 'D'], ['D', 'B', 'C', 'A']]","{'B': 5, 'C': 5, 'A': 3, 'D': 2}","[1.0, 0.88, 1.0]",4.38
94,"[1, 2, 5]","[5, 5, 5]","[0.88, 0.75, 0.88]","[['C', 'D', 'B', 'A'], ['B', 'A', 'C', 'D'], ['D', 'C', 'B', 'A']]","{'B': 5, 'C': 5, 'A': 3, 'D': 2}","[1.0, 0.88, 1.0]",4.38
94,"[1, 2, 5]","[5, 5, 5]","[0.88, 0.75, 0.88]","[['C', 'D', 'B', 'A'], ['B', 'A', 'D', 'C'], ['B', 'C', 'D', 'A']]","{'B': 5, 'C': 4, 'A': 3, 'D': 3}","[1.0, 0.88, 1.0]",4.38
94,"[1, 2, 5]","[5, 5, 5]","[0.88, 0.75, 0.88]","[['C', 'D', 'B', 'A'], ['B', 'A', 'D', 'C'], ['B', 'D', 'C', 'A']]","{'B': 5, 'C': 4, 'A': 3, 'D': 3}","[1.0, 0.88, 1.0]",4.38
94,"[1, 2, 5]","[5, 5, 5]","[0.88, 0.75, 0.88]","[['C', 'D', 'B', 'A'], ['B', 'A', 'D', 'C'], ['C', 'B', 'D', 'A']]","{'B': 5, 'C': 4, 'A': 3, 'D': 3}","[1.0, 0.88, 1.0]",4.38
94,"[1, 2, 5]","[5, 5, 5]","[0.88, 0.75, 0.88]","[['C', 'D', 'B', 'A'], ['B', 'A', 'D', 'C'], ['C', 'D', 'B', 'A']]","{'B': 5, 'C': 4, 'A': 3, 'D': 3}","[1.0, 0.88, 1.0]",4.38
94,"[1, 2, 5]","[5, 5, 5]","[0.88, 0.75, 0.88]","[['C', 'D', 'B', 'A'], ['B', 'A', 'D', 'C'], ['D', 'B', 'C', 'A']]","{'B': 5, 'C': 4, 'A': 3, 'D': 3}","[1.0, 0.88, 1.0]",4.38
94,"[1, 2, 5]","[5, 5, 5]","[0.88, 0.75, 0.88]","[['C', 'D', 'B', 'A'], ['B', 'A', 'D', 'C'], ['D', 'C', 'B', 'A']]","{'B': 5, 'C': 4, 'A': 3, 'D': 3}","[1.0, 0.88, 1.0]",4.38
94,"[1, 2, 5]","[5, 5, 5]","[0.88, 0.75, 0.88]","[['C', 'D', 'B', 'A'], ['B', 'C', 'A', 'D'], ['A', 'B', 'C', 'D']]","{'B': 5, 'C': 5, 'A': 4, 'D': 1}","[1.0, 0.88, 1.0]",4.38
94,"[1, 2, 5]","[5, 5, 5]","[0.88, 0.75, 0.88]","[['C', 'D', 'B', 'A'], ['B', 'C', 'A', 'D'], ['A', 'C', 'B', 'D']]","{'B': 5, 'C': 5, 'A': 4, 'D': 1}","[1.0, 0.88, 1.0]",4.38
94,"[1, 2, 5]","[5, 5, 5]","[0.88, 0.75, 0.88]","[['C', 'D', 'B', 'A'], ['B', 'C', 'A', 'D'], ['B', 'A', 'C', 'D']]","{'B': 5, 'C': 5, 'A': 4, 'D': 1}","[1.0, 0.88, 1.0]",4.38
94,"[1, 2, 5]","[5, 5, 5]","[0.88, 0.75, 0.88]","[['C', 'D', 'B', 'A'], ['B', 'C', 'A', 'D'], ['B', 'C', 'A', 'D']]","{'B': 5, 'C': 5, 'A': 4, 'D': 1}","[1.0, 0.88, 1.0]",4.38
94,"[1, 2, 5]","[5, 5, 5]","[0.88, 0.75, 0.88]","[['C', 'D', 'B', 'A'], ['B', 'C', 'A', 'D'], ['B', 'C', 'D', 'A']]","{'B': 5, 'C': 5, 'A': 3, 'D': 2}","[1.0, 0.88, 1.0]",4.38
94,"[1, 2, 5]","[5, 5, 5]","[0.88, 0.75, 0.88]","[['C', 'D', 'B', 'A'], ['B', 'C', 'A', 'D'], ['B', 'D', 'C', 'A']]","{'B': 5, 'C': 5, 'A': 3, 'D': 2}","[1.0, 0.88, 1.0]",4.38
94,"[1, 2, 5]","[5, 5, 5]","[0.88, 0.75, 0.88]","[['C', 'D', 'B', 'A'], ['B', 'C', 'A', 'D'], ['C', 'A', 'B', 'D']]","{'B': 5, 'C': 5, 'A': 4, 'D': 1}","[1.0, 0.88, 1.0]",4.38
94,"[1, 2, 5]","[5, 5, 5]","[0.88, 0.75, 0.88]","[['C', 'D', 'B', 'A'], ['B', 'C', 'A', 'D'], ['C', 'B', 'A', 'D']]","{'B': 5, 'C': 5, 'A': 4, 'D': 1}","[1.0, 0.88, 1.0]",4.38
94,"[1, 2, 5]","[5, 5, 5]","[0.88, 0.75, 0.88]","[['C', 'D', 'B', 'A'], ['B', 'C', 'A', 'D'], ['C', 'B', 'D', 'A']]","{'B': 5, 'C': 5, 'A': 3, 'D': 2}","[1.0, 0.88, 1.0]",4.38
94,"[1, 2, 5]","[5, 5, 5]","[0.88, 0.75, 0.88]","[['C', 'D', 'B', 'A'], ['B', 'C', 'A', 'D'], ['C', 'D', 'B', 'A']]","{'B': 5, 'C': 5, 'A': 3, 'D': 2}","[1.0, 0.88, 1.0]",4.38
94,"[1, 2, 5]","[5, 5, 5]","[0.88, 0.75, 0.88]","[['C', 'D', 'B', 'A'], ['B', 'C', 'A', 'D'], ['D', 'B', 'C', 'A']]","{'B': 5, 'C': 5, 'A': 3, 'D': 2}","[1.0, 0.88, 1.0]",4.38
94,"[1, 2, 5]","[5, 5, 5]","[0.88, 0.75, 0.88]","[['C', 'D', 'B', 'A'], ['B', 'C', 'A', 'D'], ['D', 'C', 'B', 'A']]","{'B': 5, 'C': 5, 'A': 3, 'D': 2}","[1.0, 0.88, 1.0]",4.38
94,"[1, 2, 5]","[5, 5, 5]","[0.88, 0.75, 0.88]","[['C', 'D', 'B', 'A'], ['B', 'C', 'D', 'A'], ['A', 'B', 'C', 'D']]","{'B': 5, 'C': 5, 'A': 3, 'D': 2}","[1.0, 0.88, 1.0]",4.38
94,"[1, 2, 5]","[5, 5, 5]","[0.88, 0.75, 0.88]","[['C', 'D', 'B', 'A'], ['B', 'C', 'D', 'A'], ['A', 'B', 'D', 'C']]","{'B': 5, 'C': 4, 'A': 3, 'D': 3}","[1.0, 0.88, 1.0]",4.38
94,"[1, 2, 5]","[5, 5, 5]","[0.88, 0.75, 0.88]","[['C', 'D', 'B', 'A'], ['B', 'C', 'D', 'A'], ['A', 'C', 'B', 'D']]","{'B': 5, 'C': 5, 'A': 3, 'D': 2}","[1.0, 0.88, 1.0]",4.38
94,"[1, 2, 5]","[5, 5, 5]","[0.88, 0.75, 0.88]","[['C', 'D', 'B', 'A'], ['B', 'C', 'D', 'A'], ['A', 'D', 'B', 'C']]","{'B': 5, 'C': 4, 'A': 3, 'D': 3}","[1.0, 0.88, 1.0]",4.38
94,"[1, 2, 5]","[5, 5, 5]","[0.88, 0.75, 0.88]","[['C', 'D', 'B', 'A'], ['B', 'C', 'D', 'A'], ['B', 'A', 'C', 'D']]","{'B': 5, 'C': 5, 'A': 3, 'D': 2}","[1.0, 0.88, 1.0]",4.38
94,"[1, 2, 5]","[5, 5, 5]","[0.88, 0.75, 0.88]","[['C', 'D', 'B', 'A'], ['B', 'C', 'D', 'A'], ['B', 'A', 'D', 'C']]","{'B': 5, 'C': 4, 'A': 3, 'D': 3}","[1.0, 0.88, 1.0]",4.38
94,"[1, 2, 5]","[5, 5, 5]","[0.88, 0.75, 0.88]","[['C', 'D', 'B', 'A'], ['B', 'C', 'D', 'A'], ['B', 'C', 'A', 'D']]","{'B': 5, 'C': 5, 'A': 3, 'D': 2}","[1.0, 0.88, 1.0]",4.38
94,"[1, 2, 5]","[5, 5, 5]","[0.88, 0.75, 0.88]","[['C', 'D', 'B', 'A'], ['B', 'C', 'D', 'A'], ['B', 'D', 'A', 'C']]","{'B': 5, 'C': 4, 'A': 3, 'D': 3}","[1.0, 0.88, 1.0]",4.38
94,"[1, 2, 5]","[5, 5, 5]","[0.88, 0.75, 0.88]","[['C', 'D', 'B', 'A'], ['B', 'C', 'D', 'A'], ['C', 'A', 'B', 'D']]","{'B': 5, 'C': 5, 'A': 3, 'D': 2}","[1.0, 0.88, 1.0]",4.38
94,"[1, 2, 5]","[5, 5, 5]","[0.88, 0.75, 0.88]","[['C', 'D', 'B', 'A'], ['B', 'C', 'D', 'A'], ['C', 'B', 'A', 'D']]","{'B': 5, 'C': 5, 'A': 3, 'D': 2}","[1.0, 0.88, 1.0]",4.38
94,"[1, 2, 5]","[5, 5, 5]","[0.88, 0.75, 0.88]","[['C', 'D', 'B', 'A'], ['B', 'C', 'D', 'A'], ['D', 'A', 'B', 'C']]","{'B': 5, 'C': 4, 'A': 3, 'D': 3}","[1.0, 0.88, 1.0]",4.38
94,"[1, 2, 5]","[5, 5, 5]","[0.88, 0.75, 0.88]","[['C', 'D', 'B', 'A'], ['B', 'C', 'D', 'A'], ['D', 'B', 'A', 'C']]","{'B': 5, 'C': 4, 'A': 3, 'D': 3}","[1.0, 0.88, 1.0]",4.38
94,"[1, 2, 5]","[5, 5, 5]","[0.88, 0.75, 0.88]","[['C', 'D', 'B', 'A'], ['B', 'D', 'A', 'C'], ['B', 'C', 'D', 'A']]","{'B': 5, 'C': 4, 'A': 3, 'D': 3}","[1.0, 0.88, 1.0]",4.38
94,"[1, 2, 5]","[5, 5, 5]","[0.88, 0.75, 0.88]","[['C', 'D', 'B', 'A'], ['B', 'D', 'A', 'C'], ['B', 'D', 'C', 'A']]","{'B': 5, 'C': 4, 'A': 3, 'D': 3}","[1.0, 0.88, 1.0]",4.38
94,"[1, 2, 5]","[5, 5, 5]","[0.88, 0.75, 0.88]","[['C', 'D', 'B', 'A'], ['B', 'D', 'A', 'C'], ['C', 'B', 'D', 'A']]","{'B': 5, 'C': 4, 'A': 3, 'D': 3}","[1.0, 0.88, 1.0]",4.38
94,"[1, 2, 5]","[5, 5, 5]","[0.88, 0.75, 0.88]","[['C', 'D', 'B', 'A'], ['B', 'D', 'A', 'C'], ['C', 'D', 'B', 'A']]","{'B': 5, 'C': 4, 'A': 3, 'D': 3}","[1.0, 0.88, 1.0]",4.38
94,"[1, 2, 5]","[5, 5, 5]","[0.88, 0.75, 0.88]","[['C', 'D', 'B', 'A'], ['B', 'D', 'A', 'C'], ['D', 'B', 'C', 'A']]","{'B': 5, 'C': 4, 'A': 3, 'D': 3}","[1.0, 0.88, 1.0]",4.38
94,"[1, 2, 5]","[5, 5, 5]","[0.88, 0.75, 0.88]","[['C', 'D', 'B', 'A'], ['B', 'D', 'A', 'C'], ['D', 'C', 'B', 'A']]","{'B': 5, 'C': 4, 'A': 3, 'D': 3}","[1.0, 0.88, 1.0]",4.38
94,"[1, 2, 5]","[5, 5, 5]","[0.88, 0.75, 0.88]","[['C', 'D', 'B', 'A'], ['B', 'D', 'C', 'A'], ['A', 'B', 'C', 'D']]","{'B': 5, 'C': 5, 'A': 3, 'D': 2}","[1.0, 0.88, 1.0]",4.38
94,"[1, 2, 5]","[5, 5, 5]","[0.88, 0.75, 0.88]","[['C', 'D', 'B', 'A'], ['B', 'D', 'C', 'A'], ['A', 'B', 'D', 'C']]","{'B': 5, 'C': 4, 'A': 3, 'D': 3}","[1.0, 0.88, 1.0]",4.38
94,"[1, 2, 5]","[5, 5, 5]","[0.88, 0.75, 0.88]","[['C', 'D', 'B', 'A'], ['B', 'D', 'C', 'A'], ['A', 'C', 'B', 'D']]","{'B': 5, 'C': 5, 'A': 3, 'D': 2}","[1.0, 0.88, 1.0]",4.38
94,"[1, 2, 5]","[5, 5, 5]","[0.88, 0.75, 0.88]","[['C', 'D', 'B', 'A'], ['B', 'D', 'C', 'A'], ['A', 'D', 'B', 'C']]","{'B': 5, 'C': 4, 'A': 3, 'D': 3}","[1.0, 0.88, 1.0]",4.38
94,"[1, 2, 5]","[5, 5, 5]","[0.88, 0.75, 0.88]","[['C', 'D', 'B', 'A'], ['B', 'D', 'C', 'A'], ['B', 'A', 'C', 'D']]","{'B': 5, 'C': 5, 'A': 3, 'D': 2}","[1.0, 0.88, 1.0]",4.38
94,"[1, 2, 5]","[5, 5, 5]","[0.88, 0.75, 0.88]","[['C', 'D', 'B', 'A'], ['B', 'D', 'C', 'A'], ['B', 'A', 'D', 'C']]","{'B': 5, 'C': 4, 'A': 3, 'D': 3}","[1.0, 0.88, 1.0]",4.38
94,"[1, 2, 5]","[5, 5, 5]","[0.88, 0.75, 0.88]","[['C', 'D', 'B', 'A'], ['B', 'D', 'C', 'A'], ['B', 'C', 'A', 'D']]","{'B': 5, 'C': 5, 'A': 3, 'D': 2}","[1.0, 0.88, 1.0]",4.38
94,"[1, 2, 5]","[5, 5, 5]","[0.88, 0.75, 0.88]","[['C', 'D', 'B', 'A'], ['B', 'D', 'C', 'A'], ['B', 'D', 'A', 'C']]","{'B': 5, 'C': 4, 'A': 3, 'D': 3}","[1.0, 0.88, 1.0]",4.38
94,"[1, 2, 5]","[5, 5, 5]","[0.88, 0.75, 0.88]","[['C', 'D', 'B', 'A'], ['B', 'D', 'C', 'A'], ['C', 'A', 'B', 'D']]","{'B': 5, 'C': 5, 'A': 3, 'D': 2}","[1.0, 0.88, 1.0]",4.38
94,"[1, 2, 5]","[5, 5, 5]","[0.88, 0.75, 0.88]","[['C', 'D', 'B', 'A'], ['B', 'D', 'C', 'A'], ['C', 'B', 'A', 'D']]","{'B': 5, 'C': 5, 'A': 3, 'D': 2}","[1.0, 0.88, 1.0]",4.38
94,"[1, 2, 5]","[5, 5, 5]","[0.88, 0.75, 0.88]","[['C', 'D', 'B', 'A'], ['B', 'D', 'C', 'A'], ['D', 'A', 'B', 'C']]","{'B': 5, 'C': 4, 'A': 3, 'D': 3}","[1.0, 0.88, 1.0]",4.38
94,"[1, 2, 5]","[5, 5, 5]","[0.88, 0.75, 0.88]","[['C', 'D', 'B', 'A'], ['B', 'D', 'C', 'A'], ['D', 'B', 'A', 'C']]","{'B': 5, 'C': 4, 'A': 3, 'D': 3}","[1.0, 0.88, 1.0]",4.38
94,"[1, 2, 5]","[5, 5, 5]","[0.88, 0.75, 0.88]","[['C', 'D', 'B', 'A'], ['C', 'A', 'B', 'D'], ['A', 'B', 'C', 'D']]","{'B': 5, 'C': 5, 'A': 4, 'D': 1}","[1.0, 0.88, 1.0]",4.38
94,"[1, 2, 5]","[5, 5, 5]","[0.88, 0.75, 0.88]","[['C', 'D', 'B', 'A'], ['C', 'A', 'B', 'D'], ['A', 'C', 'B', 'D']]","{'B': 5, 'C': 5, 'A': 4, 'D': 1}","[1.0, 0.88, 1.0]",4.38
94,"[1, 2, 5]","[5, 5, 5]","[0.88, 0.75, 0.88]","[['C', 'D', 'B', 'A'], ['C', 'A', 'B', 'D'], ['B', 'A', 'C', 'D']]","{'B': 5, 'C': 5, 'A': 4, 'D': 1}","[1.0, 0.88, 1.0]",4.38
94,"[1, 2, 5]","[5, 5, 5]","[0.88, 0.75, 0.88]","[['C', 'D', 'B', 'A'], ['C', 'A', 'B', 'D'], ['B', 'C', 'A', 'D']]","{'B': 5, 'C': 5, 'A': 4, 'D': 1}","[1.0, 0.88, 1.0]",4.38
94,"[1, 2, 5]","[5, 5, 5]","[0.88, 0.75, 0.88]","[['C', 'D', 'B', 'A'], ['C', 'A', 'B', 'D'], ['B', 'C', 'D', 'A']]","{'B': 5, 'C': 5, 'A': 3, 'D': 2}","[1.0, 0.88, 1.0]",4.38
94,"[1, 2, 5]","[5, 5, 5]","[0.88, 0.75, 0.88]","[['C', 'D', 'B', 'A'], ['C', 'A', 'B', 'D'], ['B', 'D', 'C', 'A']]","{'B': 5, 'C': 5, 'A': 3, 'D': 2}","[1.0, 0.88, 1.0]",4.38
94,"[1, 2, 5]","[5, 5, 5]","[0.88, 0.75, 0.88]","[['C', 'D', 'B', 'A'], ['C', 'A', 'B', 'D'], ['C', 'A', 'B', 'D']]","{'B': 5, 'C': 5, 'A': 4, 'D': 1}","[1.0, 0.88, 1.0]",4.38
94,"[1, 2, 5]","[5, 5, 5]","[0.88, 0.75, 0.88]","[['C', 'D', 'B', 'A'], ['C', 'A', 'B', 'D'], ['C', 'B', 'A', 'D']]","{'B': 5, 'C': 5, 'A': 4, 'D': 1}","[1.0, 0.88, 1.0]",4.38
94,"[1, 2, 5]","[5, 5, 5]","[0.88, 0.75, 0.88]","[['C', 'D', 'B', 'A'], ['C', 'A', 'B', 'D'], ['C', 'B', 'D', 'A']]","{'B': 5, 'C': 5, 'A': 3, 'D': 2}","[1.0, 0.88, 1.0]",4.38
94,"[1, 2, 5]","[5, 5, 5]","[0.88, 0.75, 0.88]","[['C', 'D', 'B', 'A'], ['C', 'A', 'B', 'D'], ['C', 'D', 'B', 'A']]","{'B': 5, 'C': 5, 'A': 3, 'D': 2}","[1.0, 0.88, 1.0]",4.38
94,"[1, 2, 5]","[5, 5, 5]","[0.88, 0.75, 0.88]","[['C', 'D', 'B', 'A'], ['C', 'A', 'B', 'D'], ['D', 'B', 'C', 'A']]","{'B': 5, 'C': 5, 'A': 3, 'D': 2}","[1.0, 0.88, 1.0]",4.38
94,"[1, 2, 5]","[5, 5, 5]","[0.88, 0.75, 0.88]","[['C', 'D', 'B', 'A'], ['C', 'A', 'B', 'D'], ['D', 'C', 'B', 'A']]","{'B': 5, 'C': 5, 'A': 3, 'D': 2}","[1.0, 0.88, 1.0]",4.38
94,"[1, 2, 5]","[5, 5, 5]","[0.88, 0.75, 0.88]","[['C', 'D', 'B', 'A'], ['C', 'B', 'A', 'D'], ['A', 'B', 'C', 'D']]","{'B': 5, 'C': 5, 'A': 4, 'D': 1}","[1.0, 0.88, 1.0]",4.38
94,"[1, 2, 5]","[5, 5, 5]","[0.88, 0.75, 0.88]","[['C', 'D', 'B', 'A'], ['C', 'B', 'A', 'D'], ['A', 'C', 'B', 'D']]","{'B': 5, 'C': 5, 'A': 4, 'D': 1}","[1.0, 0.88, 1.0]",4.38
94,"[1, 2, 5]","[5, 5, 5]","[0.88, 0.75, 0.88]","[['C', 'D', 'B', 'A'], ['C', 'B', 'A', 'D'], ['B', 'A', 'C', 'D']]","{'B': 5, 'C': 5, 'A': 4, 'D': 1}","[1.0, 0.88, 1.0]",4.38
94,"[1, 2, 5]","[5, 5, 5]","[0.88, 0.75, 0.88]","[['C', 'D', 'B', 'A'], ['C', 'B', 'A', 'D'], ['B', 'C', 'A', 'D']]","{'B': 5, 'C': 5, 'A': 4, 'D': 1}","[1.0, 0.88, 1.0]",4.38
94,"[1, 2, 5]","[5, 5, 5]","[0.88, 0.75, 0.88]","[['C', 'D', 'B', 'A'], ['C', 'B', 'A', 'D'], ['B', 'C', 'D', 'A']]","{'B': 5, 'C': 5, 'A': 3, 'D': 2}","[1.0, 0.88, 1.0]",4.38
94,"[1, 2, 5]","[5, 5, 5]","[0.88, 0.75, 0.88]","[['C', 'D', 'B', 'A'], ['C', 'B', 'A', 'D'], ['B', 'D', 'C', 'A']]","{'B': 5, 'C': 5, 'A': 3, 'D': 2}","[1.0, 0.88, 1.0]",4.38
94,"[1, 2, 5]","[5, 5, 5]","[0.88, 0.75, 0.88]","[['C', 'D', 'B', 'A'], ['C', 'B', 'A', 'D'], ['C', 'A', 'B', 'D']]","{'B': 5, 'C': 5, 'A': 4, 'D': 1}","[1.0, 0.88, 1.0]",4.38
94,"[1, 2, 5]","[5, 5, 5]","[0.88, 0.75, 0.88]","[['C', 'D', 'B', 'A'], ['C', 'B', 'A', 'D'], ['C', 'B', 'A', 'D']]","{'B': 5, 'C': 5, 'A': 4, 'D': 1}","[1.0, 0.88, 1.0]",4.38
94,"[1, 2, 5]","[5, 5, 5]","[0.88, 0.75, 0.88]","[['C', 'D', 'B', 'A'], ['C', 'B', 'A', 'D'], ['C', 'B', 'D', 'A']]","{'B': 5, 'C': 5, 'A': 3, 'D': 2}","[1.0, 0.88, 1.0]",4.38
94,"[1, 2, 5]","[5, 5, 5]","[0.88, 0.75, 0.88]","[['C', 'D', 'B', 'A'], ['C', 'B', 'A', 'D'], ['C', 'D', 'B', 'A']]","{'B': 5, 'C': 5, 'A': 3, 'D': 2}","[1.0, 0.88, 1.0]",4.38
94,"[1, 2, 5]","[5, 5, 5]","[0.88, 0.75, 0.88]","[['C', 'D', 'B', 'A'], ['C', 'B', 'A', 'D'], ['D', 'B', 'C', 'A']]","{'B': 5, 'C': 5, 'A': 3, 'D': 2}","[1.0, 0.88, 1.0]",4.38
94,"[1, 2, 5]","[5, 5, 5]","[0.88, 0.75, 0.88]","[['C', 'D', 'B', 'A'], ['C', 'B', 'A', 'D'], ['D', 'C', 'B', 'A']]","{'B': 5, 'C': 5, 'A': 3, 'D': 2}","[1.0, 0.88, 1.0]",4.38
94,"[1, 2, 5]","[5, 5, 5]","[0.88, 0.75, 0.88]","[['C', 'D', 'B', 'A'], ['C', 'B', 'D', 'A'], ['A', 'B', 'C', 'D']]","{'B': 5, 'C': 5, 'A': 3, 'D': 2}","[1.0, 0.88, 1.0]",4.38
94,"[1, 2, 5]","[5, 5, 5]","[0.88, 0.75, 0.88]","[['C', 'D', 'B', 'A'], ['C', 'B', 'D', 'A'], ['A', 'B', 'D', 'C']]","{'B': 5, 'C': 4, 'A': 3, 'D': 3}","[1.0, 0.88, 1.0]",4.38
94,"[1, 2, 5]","[5, 5, 5]","[0.88, 0.75, 0.88]","[['C', 'D', 'B', 'A'], ['C', 'B', 'D', 'A'], ['A', 'C', 'B', 'D']]","{'B': 5, 'C': 5, 'A': 3, 'D': 2}","[1.0, 0.88, 1.0]",4.38
94,"[1, 2, 5]","[5, 5, 5]","[0.88, 0.75, 0.88]","[['C', 'D', 'B', 'A'], ['C', 'B', 'D', 'A'], ['A', 'D', 'B', 'C']]","{'B': 5, 'C': 4, 'A': 3, 'D': 3}","[1.0, 0.88, 1.0]",4.38
94,"[1, 2, 5]","[5, 5, 5]","[0.88, 0.75, 0.88]","[['C', 'D', 'B', 'A'], ['C', 'B', 'D', 'A'], ['B', 'A', 'C', 'D']]","{'B': 5, 'C': 5, 'A': 3, 'D': 2}","[1.0, 0.88, 1.0]",4.38
94,"[1, 2, 5]","[5, 5, 5]","[0.88, 0.75, 0.88]","[['C', 'D', 'B', 'A'], ['C', 'B', 'D', 'A'], ['B', 'A', 'D', 'C']]","{'B': 5, 'C': 4, 'A': 3, 'D': 3}","[1.0, 0.88, 1.0]",4.38
94,"[1, 2, 5]","[5, 5, 5]","[0.88, 0.75, 0.88]","[['C', 'D', 'B', 'A'], ['C', 'B', 'D', 'A'], ['B', 'C', 'A', 'D']]","{'B': 5, 'C': 5, 'A': 3, 'D': 2}","[1.0, 0.88, 1.0]",4.38
94,"[1, 2, 5]","[5, 5, 5]","[0.88, 0.75, 0.88]","[['C', 'D', 'B', 'A'], ['C', 'B', 'D', 'A'], ['B', 'D', 'A', 'C']]","{'B': 5, 'C': 4, 'A': 3, 'D': 3}","[1.0, 0.88, 1.0]",4.38
94,"[1, 2, 5]","[5, 5, 5]","[0.88, 0.75, 0.88]","[['C', 'D', 'B', 'A'], ['C', 'B', 'D', 'A'], ['C', 'A', 'B', 'D']]","{'B': 5, 'C': 5, 'A': 3, 'D': 2}","[1.0, 0.88, 1.0]",4.38
94,"[1, 2, 5]","[5, 5, 5]","[0.88, 0.75, 0.88]","[['C', 'D', 'B', 'A'], ['C', 'B', 'D', 'A'], ['C', 'B', 'A', 'D']]","{'B': 5, 'C': 5, 'A': 3, 'D': 2}","[1.0, 0.88, 1.0]",4.38
94,"[1, 2, 5]","[5, 5, 5]","[0.88, 0.75, 0.88]","[['C', 'D', 'B', 'A'], ['C', 'B', 'D', 'A'], ['D', 'A', 'B', 'C']]","{'B': 5, 'C': 4, 'A': 3, 'D': 3}","[1.0, 0.88, 1.0]",4.38
94,"[1, 2, 5]","[5, 5, 5]","[0.88, 0.75, 0.88]","[['C', 'D', 'B', 'A'], ['C', 'B', 'D', 'A'], ['D', 'B', 'A', 'C']]","{'B': 5, 'C': 4, 'A': 3, 'D': 3}","[1.0, 0.88, 1.0]",4.38
94,"[1, 2, 5]","[5, 5, 5]","[0.88, 0.75, 0.88]","[['C', 'D', 'B', 'A'], ['C', 'D', 'B', 'A'], ['A', 'B', 'C', 'D']]","{'B': 5, 'C': 5, 'A': 3, 'D': 2}","[1.0, 0.88, 1.0]",4.38
94,"[1, 2, 5]","[5, 5, 5]","[0.88, 0.75, 0.88]","[['C', 'D', 'B', 'A'], ['C', 'D', 'B', 'A'], ['A', 'B', 'D', 'C']]","{'B': 5, 'C': 4, 'A': 3, 'D': 3}","[1.0, 0.88, 1.0]",4.38
94,"[1, 2, 5]","[5, 5, 5]","[0.88, 0.75, 0.88]","[['C', 'D', 'B', 'A'], ['C', 'D', 'B', 'A'], ['A', 'C', 'B', 'D']]","{'B': 5, 'C': 5, 'A': 3, 'D': 2}","[1.0, 0.88, 1.0]",4.38
94,"[1, 2, 5]","[5, 5, 5]","[0.88, 0.75, 0.88]","[['C', 'D', 'B', 'A'], ['C', 'D', 'B', 'A'], ['A', 'D', 'B', 'C']]","{'B': 5, 'C': 4, 'A': 3, 'D': 3}","[1.0, 0.88, 1.0]",4.38
94,"[1, 2, 5]","[5, 5, 5]","[0.88, 0.75, 0.88]","[['C', 'D', 'B', 'A'], ['C', 'D', 'B', 'A'], ['B', 'A', 'C', 'D']]","{'B': 5, 'C': 5, 'A': 3, 'D': 2}","[1.0, 0.88, 1.0]",4.38
94,"[1, 2, 5]","[5, 5, 5]","[0.88, 0.75, 0.88]","[['C', 'D', 'B', 'A'], ['C', 'D', 'B', 'A'], ['B', 'A', 'D', 'C']]","{'B': 5, 'C': 4, 'A': 3, 'D': 3}","[1.0, 0.88, 1.0]",4.38
94,"[1, 2, 5]","[5, 5, 5]","[0.88, 0.75, 0.88]","[['C', 'D', 'B', 'A'], ['C', 'D', 'B', 'A'], ['B', 'C', 'A', 'D']]","{'B': 5, 'C': 5, 'A': 3, 'D': 2}","[1.0, 0.88, 1.0]",4.38
94,"[1, 2, 5]","[5, 5, 5]","[0.88, 0.75, 0.88]","[['C', 'D', 'B', 'A'], ['C', 'D', 'B', 'A'], ['B', 'D', 'A', 'C']]","{'B': 5, 'C': 4, 'A': 3, 'D': 3}","[1.0, 0.88, 1.0]",4.38
94,"[1, 2, 5]","[5, 5, 5]","[0.88, 0.75, 0.88]","[['C', 'D', 'B', 'A'], ['C', 'D', 'B', 'A'], ['C', 'A', 'B', 'D']]","{'B': 5, 'C': 5, 'A': 3, 'D': 2}","[1.0, 0.88, 1.0]",4.38
94,"[1, 2, 5]","[5, 5, 5]","[0.88, 0.75, 0.88]","[['C', 'D', 'B', 'A'], ['C', 'D', 'B', 'A'], ['C', 'B', 'A', 'D']]","{'B': 5, 'C': 5, 'A': 3, 'D': 2}","[1.0, 0.88, 1.0]",4.38
94,"[1, 2, 5]","[5, 5, 5]","[0.88, 0.75, 0.88]","[['C', 'D', 'B', 'A'], ['C', 'D', 'B', 'A'], ['D', 'A', 'B', 'C']]","{'B': 5, 'C': 4, 'A': 3, 'D': 3}","[1.0, 0.88, 1.0]",4.38
94,"[1, 2, 5]","[5, 5, 5]","[0.88, 0.75, 0.88]","[['C', 'D', 'B', 'A'], ['C', 'D', 'B', 'A'], ['D', 'B', 'A', 'C']]","{'B': 5, 'C': 4, 'A': 3, 'D': 3}","[1.0, 0.88, 1.0]",4.38
94,"[1, 2, 5]","[5, 5, 5]","[0.88, 0.75, 0.88]","[['C', 'D', 'B', 'A'], ['D', 'A', 'B', 'C'], ['B', 'C', 'D', 'A']]","{'B': 5, 'C': 4, 'A': 3, 'D': 3}","[1.0, 0.88, 1.0]",4.38
94,"[1, 2, 5]","[5, 5, 5]","[0.88, 0.75, 0.88]","[['C', 'D', 'B', 'A'], ['D', 'A', 'B', 'C'], ['B', 'D', 'C', 'A']]","{'B': 5, 'C': 4, 'A': 3, 'D': 3}","[1.0, 0.88, 1.0]",4.38
94,"[1, 2, 5]","[5, 5, 5]","[0.88, 0.75, 0.88]","[['C', 'D', 'B', 'A'], ['D', 'A', 'B', 'C'], ['C', 'B', 'D', 'A']]","{'B': 5, 'C': 4, 'A': 3, 'D': 3}","[1.0, 0.88, 1.0]",4.38
94,"[1, 2, 5]","[5, 5, 5]","[0.88, 0.75, 0.88]","[['C', 'D', 'B', 'A'], ['D', 'A', 'B', 'C'], ['C', 'D', 'B', 'A']]","{'B': 5, 'C': 4, 'A': 3, 'D': 3}","[1.0, 0.88, 1.0]",4.38
94,"[1, 2, 5]","[5, 5, 5]","[0.88, 0.75, 0.88]","[['C', 'D', 'B', 'A'], ['D', 'A', 'B', 'C'], ['D', 'B', 'C', 'A']]","{'B': 5, 'C': 4, 'A': 3, 'D': 3}","[1.0, 0.88, 1.0]",4.38
94,"[1, 2, 5]","[5, 5, 5]","[0.88, 0.75, 0.88]","[['C', 'D', 'B', 'A'], ['D', 'A', 'B', 'C'], ['D', 'C', 'B', 'A']]","{'B': 5, 'C': 4, 'A': 3, 'D': 3}","[1.0, 0.88, 1.0]",4.38
94,"[1, 2, 5]","[5, 5, 5]","[0.88, 0.75, 0.88]","[['C', 'D', 'B', 'A'], ['D', 'B', 'A', 'C'], ['B', 'C', 'D', 'A']]","{'B': 5, 'C': 4, 'A': 3, 'D': 3}","[1.0, 0.88, 1.0]",4.38
94,"[1, 2, 5]","[5, 5, 5]","[0.88, 0.75, 0.88]","[['C', 'D', 'B', 'A'], ['D', 'B', 'A', 'C'], ['B', 'D', 'C', 'A']]","{'B': 5, 'C': 4, 'A': 3, 'D': 3}","[1.0, 0.88, 1.0]",4.38
94,"[1, 2, 5]","[5, 5, 5]","[0.88, 0.75, 0.88]","[['C', 'D', 'B', 'A'], ['D', 'B', 'A', 'C'], ['C', 'B', 'D', 'A']]","{'B': 5, 'C': 4, 'A': 3, 'D': 3}","[1.0, 0.88, 1.0]",4.38
94,"[1, 2, 5]","[5, 5, 5]","[0.88, 0.75, 0.88]","[['C', 'D', 'B', 'A'], ['D', 'B', 'A', 'C'], ['C', 'D', 'B', 'A']]","{'B': 5, 'C': 4, 'A': 3, 'D': 3}","[1.0, 0.88, 1.0]",4.38
94,"[1, 2, 5]","[5, 5, 5]","[0.88, 0.75, 0.88]","[['C', 'D', 'B', 'A'], ['D', 'B', 'A', 'C'], ['D', 'B', 'C', 'A']]","{'B': 5, 'C': 4, 'A': 3, 'D': 3}","[1.0, 0.88, 1.0]",4.38
94,"[1, 2, 5]","[5, 5, 5]","[0.88, 0.75, 0.88]","[['C', 'D', 'B', 'A'], ['D', 'B', 'A', 'C'], ['D', 'C', 'B', 'A']]","{'B': 5, 'C': 4, 'A': 3, 'D': 3}","[1.0, 0.88, 1.0]",4.38
94,"[1, 2, 5]","[5, 5, 5]","[0.88, 0.75, 0.88]","[['C', 'D', 'B', 'A'], ['D', 'B', 'C', 'A'], ['A', 'B', 'C', 'D']]","{'B': 5, 'C': 5, 'A': 3, 'D': 2}","[1.0, 0.88, 1.0]",4.38
94,"[1, 2, 5]","[5, 5, 5]","[0.88, 0.75, 0.88]","[['C', 'D', 'B', 'A'], ['D', 'B', 'C', 'A'], ['A', 'B', 'D', 'C']]","{'B': 5, 'C': 4, 'A': 3, 'D': 3}","[1.0, 0.88, 1.0]",4.38
94,"[1, 2, 5]","[5, 5, 5]","[0.88, 0.75, 0.88]","[['C', 'D', 'B', 'A'], ['D', 'B', 'C', 'A'], ['A', 'C', 'B', 'D']]","{'B': 5, 'C': 5, 'A': 3, 'D': 2}","[1.0, 0.88, 1.0]",4.38
94,"[1, 2, 5]","[5, 5, 5]","[0.88, 0.75, 0.88]","[['C', 'D', 'B', 'A'], ['D', 'B', 'C', 'A'], ['A', 'D', 'B', 'C']]","{'B': 5, 'C': 4, 'A': 3, 'D': 3}","[1.0, 0.88, 1.0]",4.38
94,"[1, 2, 5]","[5, 5, 5]","[0.88, 0.75, 0.88]","[['C', 'D', 'B', 'A'], ['D', 'B', 'C', 'A'], ['B', 'A', 'C', 'D']]","{'B': 5, 'C': 5, 'A': 3, 'D': 2}","[1.0, 0.88, 1.0]",4.38
94,"[1, 2, 5]","[5, 5, 5]","[0.88, 0.75, 0.88]","[['C', 'D', 'B', 'A'], ['D', 'B', 'C', 'A'], ['B', 'A', 'D', 'C']]","{'B': 5, 'C': 4, 'A': 3, 'D': 3}","[1.0, 0.88, 1.0]",4.38
94,"[1, 2, 5]","[5, 5, 5]","[0.88, 0.75, 0.88]","[['C', 'D', 'B', 'A'], ['D', 'B', 'C', 'A'], ['B', 'C', 'A', 'D']]","{'B': 5, 'C': 5, 'A': 3, 'D': 2}","[1.0, 0.88, 1.0]",4.38
94,"[1, 2, 5]","[5, 5, 5]","[0.88, 0.75, 0.88]","[['C', 'D', 'B', 'A'], ['D', 'B', 'C', 'A'], ['B', 'D', 'A', 'C']]","{'B': 5, 'C': 4, 'A': 3, 'D': 3}","[1.0, 0.88, 1.0]",4.38
94,"[1, 2, 5]","[5, 5, 5]","[0.88, 0.75, 0.88]","[['C', 'D', 'B', 'A'], ['D', 'B', 'C', 'A'], ['C', 'A', 'B', 'D']]","{'B': 5, 'C': 5, 'A': 3, 'D': 2}","[1.0, 0.88, 1.0]",4.38
94,"[1, 2, 5]","[5, 5, 5]","[0.88, 0.75, 0.88]","[['C', 'D', 'B', 'A'], ['D', 'B', 'C', 'A'], ['C', 'B', 'A', 'D']]","{'B': 5, 'C': 5, 'A': 3, 'D': 2}","[1.0, 0.88, 1.0]",4.38
94,"[1, 2, 5]","[5, 5, 5]","[0.88, 0.75, 0.88]","[['C', 'D', 'B', 'A'], ['D', 'B', 'C', 'A'], ['D', 'A', 'B', 'C']]","{'B': 5, 'C': 4, 'A': 3, 'D': 3}","[1.0, 0.88, 1.0]",4.38
94,"[1, 2, 5]","[5, 5, 5]","[0.88, 0.75, 0.88]","[['C', 'D', 'B', 'A'], ['D', 'B', 'C', 'A'], ['D', 'B', 'A', 'C']]","{'B': 5, 'C': 4, 'A': 3, 'D': 3}","[1.0, 0.88, 1.0]",4.38
94,"[1, 2, 5]","[5, 5, 5]","[0.88, 0.75, 0.88]","[['C', 'D', 'B', 'A'], ['D', 'C', 'B', 'A'], ['A', 'B', 'C', 'D']]","{'B': 5, 'C': 5, 'A': 3, 'D': 2}","[1.0, 0.88, 1.0]",4.38
94,"[1, 2, 5]","[5, 5, 5]","[0.88, 0.75, 0.88]","[['C', 'D', 'B', 'A'], ['D', 'C', 'B', 'A'], ['A', 'B', 'D', 'C']]","{'B': 5, 'C': 4, 'A': 3, 'D': 3}","[1.0, 0.88, 1.0]",4.38
94,"[1, 2, 5]","[5, 5, 5]","[0.88, 0.75, 0.88]","[['C', 'D', 'B', 'A'], ['D', 'C', 'B', 'A'], ['A', 'C', 'B', 'D']]","{'B': 5, 'C': 5, 'A': 3, 'D': 2}","[1.0, 0.88, 1.0]",4.38
94,"[1, 2, 5]","[5, 5, 5]","[0.88, 0.75, 0.88]","[['C', 'D', 'B', 'A'], ['D', 'C', 'B', 'A'], ['A', 'D', 'B', 'C']]","{'B': 5, 'C': 4, 'A': 3, 'D': 3}","[1.0, 0.88, 1.0]",4.38
94,"[1, 2, 5]","[5, 5, 5]","[0.88, 0.75, 0.88]","[['C', 'D', 'B', 'A'], ['D', 'C', 'B', 'A'], ['B', 'A', 'C', 'D']]","{'B': 5, 'C': 5, 'A': 3, 'D': 2}","[1.0, 0.88, 1.0]",4.38
94,"[1, 2, 5]","[5, 5, 5]","[0.88, 0.75, 0.88]","[['C', 'D', 'B', 'A'], ['D', 'C', 'B', 'A'], ['B', 'A', 'D', 'C']]","{'B': 5, 'C': 4, 'A': 3, 'D': 3}","[1.0, 0.88, 1.0]",4.38
94,"[1, 2, 5]","[5, 5, 5]","[0.88, 0.75, 0.88]","[['C', 'D', 'B', 'A'], ['D', 'C', 'B', 'A'], ['B', 'C', 'A', 'D']]","{'B': 5, 'C': 5, 'A': 3, 'D': 2}","[1.0, 0.88, 1.0]",4.38
94,"[1, 2, 5]","[5, 5, 5]","[0.88, 0.75, 0.88]","[['C', 'D', 'B', 'A'], ['D', 'C', 'B', 'A'], ['B', 'D', 'A', 'C']]","{'B': 5, 'C': 4, 'A': 3, 'D': 3}","[1.0, 0.88, 1.0]",4.38
94,"[1, 2, 5]","[5, 5, 5]","[0.88, 0.75, 0.88]","[['C', 'D', 'B', 'A'], ['D', 'C', 'B', 'A'], ['C', 'A', 'B', 'D']]","{'B': 5, 'C': 5, 'A': 3, 'D': 2}","[1.0, 0.88, 1.0]",4.38
94,"[1, 2, 5]","[5, 5, 5]","[0.88, 0.75, 0.88]","[['C', 'D', 'B', 'A'], ['D', 'C', 'B', 'A'], ['C', 'B', 'A', 'D']]","{'B': 5, 'C': 5, 'A': 3, 'D': 2}","[1.0, 0.88, 1.0]",4.38
94,"[1, 2, 5]","[5, 5, 5]","[0.88, 0.75, 0.88]","[['C', 'D', 'B', 'A'], ['D', 'C', 'B', 'A'], ['D', 'A', 'B', 'C']]","{'B': 5, 'C': 4, 'A': 3, 'D': 3}","[1.0, 0.88, 1.0]",4.38
94,"[1, 2, 5]","[5, 5, 5]","[0.88, 0.75, 0.88]","[['C', 'D', 'B', 'A'], ['D', 'C', 'B', 'A'], ['D', 'B', 'A', 'C']]","{'B': 5, 'C': 4, 'A': 3, 'D': 3}","[1.0, 0.88, 1.0]",4.38
94,"[1, 2, 5]","[5, 5, 5]","[0.88, 0.75, 0.88]","[['D', 'A', 'B', 'C'], ['B', 'C', 'D', 'A'], ['B', 'C', 'D', 'A']]","{'B': 5, 'C': 4, 'A': 3, 'D': 3}","[1.0, 0.88, 1.0]",4.38
94,"[1, 2, 5]","[5, 5, 5]","[0.88, 0.75, 0.88]","[['D', 'A', 'B', 'C'], ['B', 'C', 'D', 'A'], ['B', 'D', 'C', 'A']]","{'B': 5, 'C': 4, 'A': 3, 'D': 3}","[1.0, 0.88, 1.0]",4.38
94,"[1, 2, 5]","[5, 5, 5]","[0.88, 0.75, 0.88]","[['D', 'A', 'B', 'C'], ['B', 'C', 'D', 'A'], ['C', 'B', 'D', 'A']]","{'B': 5, 'C': 4, 'A': 3, 'D': 3}","[1.0, 0.88, 1.0]",4.38
94,"[1, 2, 5]","[5, 5, 5]","[0.88, 0.75, 0.88]","[['D', 'A', 'B', 'C'], ['B', 'C', 'D', 'A'], ['C', 'D', 'B', 'A']]","{'B': 5, 'C': 4, 'A': 3, 'D': 3}","[1.0, 0.88, 1.0]",4.38
94,"[1, 2, 5]","[5, 5, 5]","[0.88, 0.75, 0.88]","[['D', 'A', 'B', 'C'], ['B', 'C', 'D', 'A'], ['D', 'B', 'C', 'A']]","{'B': 5, 'C': 4, 'A': 3, 'D': 3}","[1.0, 0.88, 1.0]",4.38
94,"[1, 2, 5]","[5, 5, 5]","[0.88, 0.75, 0.88]","[['D', 'A', 'B', 'C'], ['B', 'C', 'D', 'A'], ['D', 'C', 'B', 'A']]","{'B': 5, 'C': 4, 'A': 3, 'D': 3}","[1.0, 0.88, 1.0]",4.38
94,"[1, 2, 5]","[5, 5, 5]","[0.88, 0.75, 0.88]","[['D', 'A', 'B', 'C'], ['B', 'D', 'C', 'A'], ['B', 'C', 'D', 'A']]","{'B': 5, 'C': 4, 'A': 3, 'D': 3}","[1.0, 0.88, 1.0]",4.38
94,"[1, 2, 5]","[5, 5, 5]","[0.88, 0.75, 0.88]","[['D', 'A', 'B', 'C'], ['B', 'D', 'C', 'A'], ['B', 'D', 'C', 'A']]","{'B': 5, 'C': 4, 'A': 3, 'D': 3}","[1.0, 0.88, 1.0]",4.38
94,"[1, 2, 5]","[5, 5, 5]","[0.88, 0.75, 0.88]","[['D', 'A', 'B', 'C'], ['B', 'D', 'C', 'A'], ['C', 'B', 'D', 'A']]","{'B': 5, 'C': 4, 'A': 3, 'D': 3}","[1.0, 0.88, 1.0]",4.38
94,"[1, 2, 5]","[5, 5, 5]","[0.88, 0.75, 0.88]","[['D', 'A', 'B', 'C'], ['B', 'D', 'C', 'A'], ['C', 'D', 'B', 'A']]","{'B': 5, 'C': 4, 'A': 3, 'D': 3}","[1.0, 0.88, 1.0]",4.38
94,"[1, 2, 5]","[5, 5, 5]","[0.88, 0.75, 0.88]","[['D', 'A', 'B', 'C'], ['B', 'D', 'C', 'A'], ['D', 'B', 'C', 'A']]","{'B': 5, 'C': 4, 'A': 3, 'D': 3}","[1.0, 0.88, 1.0]",4.38
94,"[1, 2, 5]","[5, 5, 5]","[0.88, 0.75, 0.88]","[['D', 'A', 'B', 'C'], ['B', 'D', 'C', 'A'], ['D', 'C', 'B', 'A']]","{'B': 5, 'C': 4, 'A': 3, 'D': 3}","[1.0, 0.88, 1.0]",4.38
94,"[1, 2, 5]","[5, 5, 5]","[0.88, 0.75, 0.88]","[['D', 'A', 'B', 'C'], ['C', 'B', 'D', 'A'], ['B', 'C', 'D', 'A']]","{'B': 5, 'C': 4, 'A': 3, 'D': 3}","[1.0, 0.88, 1.0]",4.38
94,"[1, 2, 5]","[5, 5, 5]","[0.88, 0.75, 0.88]","[['D', 'A', 'B', 'C'], ['C', 'B', 'D', 'A'], ['B', 'D', 'C', 'A']]","{'B': 5, 'C': 4, 'A': 3, 'D': 3}","[1.0, 0.88, 1.0]",4.38
94,"[1, 2, 5]","[5, 5, 5]","[0.88, 0.75, 0.88]","[['D', 'A', 'B', 'C'], ['C', 'B', 'D', 'A'], ['C', 'B', 'D', 'A']]","{'B': 5, 'C': 4, 'A': 3, 'D': 3}","[1.0, 0.88, 1.0]",4.38
94,"[1, 2, 5]","[5, 5, 5]","[0.88, 0.75, 0.88]","[['D', 'A', 'B', 'C'], ['C', 'B', 'D', 'A'], ['C', 'D', 'B', 'A']]","{'B': 5, 'C': 4, 'A': 3, 'D': 3}","[1.0, 0.88, 1.0]",4.38
94,"[1, 2, 5]","[5, 5, 5]","[0.88, 0.75, 0.88]","[['D', 'A', 'B', 'C'], ['C', 'B', 'D', 'A'], ['D', 'B', 'C', 'A']]","{'B': 5, 'C': 4, 'A': 3, 'D': 3}","[1.0, 0.88, 1.0]",4.38
94,"[1, 2, 5]","[5, 5, 5]","[0.88, 0.75, 0.88]","[['D', 'A', 'B', 'C'], ['C', 'B', 'D', 'A'], ['D', 'C', 'B', 'A']]","{'B': 5, 'C': 4, 'A': 3, 'D': 3}","[1.0, 0.88, 1.0]",4.38
94,"[1, 2, 5]","[5, 5, 5]","[0.88, 0.75, 0.88]","[['D', 'A', 'B', 'C'], ['C', 'D', 'B', 'A'], ['B', 'C', 'D', 'A']]","{'B': 5, 'C': 4, 'A': 3, 'D': 3}","[1.0, 0.88, 1.0]",4.38
94,"[1, 2, 5]","[5, 5, 5]","[0.88, 0.75, 0.88]","[['D', 'A', 'B', 'C'], ['C', 'D', 'B', 'A'], ['B', 'D', 'C', 'A']]","{'B': 5, 'C': 4, 'A': 3, 'D': 3}","[1.0, 0.88, 1.0]",4.38
94,"[1, 2, 5]","[5, 5, 5]","[0.88, 0.75, 0.88]","[['D', 'A', 'B', 'C'], ['C', 'D', 'B', 'A'], ['C', 'B', 'D', 'A']]","{'B': 5, 'C': 4, 'A': 3, 'D': 3}","[1.0, 0.88, 1.0]",4.38
94,"[1, 2, 5]","[5, 5, 5]","[0.88, 0.75, 0.88]","[['D', 'A', 'B', 'C'], ['C', 'D', 'B', 'A'], ['C', 'D', 'B', 'A']]","{'B': 5, 'C': 4, 'A': 3, 'D': 3}","[1.0, 0.88, 1.0]",4.38
94,"[1, 2, 5]","[5, 5, 5]","[0.88, 0.75, 0.88]","[['D', 'A', 'B', 'C'], ['C', 'D', 'B', 'A'], ['D', 'B', 'C', 'A']]","{'B': 5, 'C': 4, 'A': 3, 'D': 3}","[1.0, 0.88, 1.0]",4.38
94,"[1, 2, 5]","[5, 5, 5]","[0.88, 0.75, 0.88]","[['D', 'A', 'B', 'C'], ['C', 'D', 'B', 'A'], ['D', 'C', 'B', 'A']]","{'B': 5, 'C': 4, 'A': 3, 'D': 3}","[1.0, 0.88, 1.0]",4.38
94,"[1, 2, 5]","[5, 5, 5]","[0.88, 0.75, 0.88]","[['D', 'A', 'B', 'C'], ['D', 'B', 'C', 'A'], ['B', 'C', 'D', 'A']]","{'B': 5, 'C': 4, 'A': 3, 'D': 3}","[1.0, 0.88, 1.0]",4.38
94,"[1, 2, 5]","[5, 5, 5]","[0.88, 0.75, 0.88]","[['D', 'A', 'B', 'C'], ['D', 'B', 'C', 'A'], ['B', 'D', 'C', 'A']]","{'B': 5, 'C': 4, 'A': 3, 'D': 3}","[1.0, 0.88, 1.0]",4.38
94,"[1, 2, 5]","[5, 5, 5]","[0.88, 0.75, 0.88]","[['D', 'A', 'B', 'C'], ['D', 'B', 'C', 'A'], ['C', 'B', 'D', 'A']]","{'B': 5, 'C': 4, 'A': 3, 'D': 3}","[1.0, 0.88, 1.0]",4.38
94,"[1, 2, 5]","[5, 5, 5]","[0.88, 0.75, 0.88]","[['D', 'A', 'B', 'C'], ['D', 'B', 'C', 'A'], ['C', 'D', 'B', 'A']]","{'B': 5, 'C': 4, 'A': 3, 'D': 3}","[1.0, 0.88, 1.0]",4.38
94,"[1, 2, 5]","[5, 5, 5]","[0.88, 0.75, 0.88]","[['D', 'A', 'B', 'C'], ['D', 'B', 'C', 'A'], ['D', 'B', 'C', 'A']]","{'B': 5, 'C': 4, 'A': 3, 'D': 3}","[1.0, 0.88, 1.0]",4.38
94,"[1, 2, 5]","[5, 5, 5]","[0.88, 0.75, 0.88]","[['D', 'A', 'B', 'C'], ['D', 'B', 'C', 'A'], ['D', 'C', 'B', 'A']]","{'B': 5, 'C': 4, 'A': 3, 'D': 3}","[1.0, 0.88, 1.0]",4.38
94,"[1, 2, 5]","[5, 5, 5]","[0.88, 0.75, 0.88]","[['D', 'A', 'B', 'C'], ['D', 'C', 'B', 'A'], ['B', 'C', 'D', 'A']]","{'B': 5, 'C': 4, 'A': 3, 'D': 3}","[1.0, 0.88, 1.0]",4.38
94,"[1, 2, 5]","[5, 5, 5]","[0.88, 0.75, 0.88]","[['D', 'A', 'B', 'C'], ['D', 'C', 'B', 'A'], ['B', 'D', 'C', 'A']]","{'B': 5, 'C': 4, 'A': 3, 'D': 3}","[1.0, 0.88, 1.0]",4.38
94,"[1, 2, 5]","[5, 5, 5]","[0.88, 0.75, 0.88]","[['D', 'A', 'B', 'C'], ['D', 'C', 'B', 'A'], ['C', 'B', 'D', 'A']]","{'B': 5, 'C': 4, 'A': 3, 'D': 3}","[1.0, 0.88, 1.0]",4.38
94,"[1, 2, 5]","[5, 5, 5]","[0.88, 0.75, 0.88]","[['D', 'A', 'B', 'C'], ['D', 'C', 'B', 'A'], ['C', 'D', 'B', 'A']]","{'B': 5, 'C': 4, 'A': 3, 'D': 3}","[1.0, 0.88, 1.0]",4.38
94,"[1, 2, 5]","[5, 5, 5]","[0.88, 0.75, 0.88]","[['D', 'A', 'B', 'C'], ['D', 'C', 'B', 'A'], ['D', 'B', 'C', 'A']]","{'B': 5, 'C': 4, 'A': 3, 'D': 3}","[1.0, 0.88, 1.0]",4.38
94,"[1, 2, 5]","[5, 5, 5]","[0.88, 0.75, 0.88]","[['D', 'A', 'B', 'C'], ['D', 'C', 'B', 'A'], ['D', 'C', 'B', 'A']]","{'B': 5, 'C': 4, 'A': 3, 'D': 3}","[1.0, 0.88, 1.0]",4.38
94,"[1, 2, 5]","[5, 5, 5]","[0.88, 0.75, 0.88]","[['D', 'B', 'A', 'C'], ['B', 'C', 'D', 'A'], ['B', 'C', 'D', 'A']]","{'B': 5, 'C': 4, 'A': 3, 'D': 3}","[1.0, 0.88, 1.0]",4.38
94,"[1, 2, 5]","[5, 5, 5]","[0.88, 0.75, 0.88]","[['D', 'B', 'A', 'C'], ['B', 'C', 'D', 'A'], ['B', 'D', 'C', 'A']]","{'B': 5, 'C': 4, 'A': 3, 'D': 3}","[1.0, 0.88, 1.0]",4.38
94,"[1, 2, 5]","[5, 5, 5]","[0.88, 0.75, 0.88]","[['D', 'B', 'A', 'C'], ['B', 'C', 'D', 'A'], ['C', 'B', 'D', 'A']]","{'B': 5, 'C': 4, 'A': 3, 'D': 3}","[1.0, 0.88, 1.0]",4.38
94,"[1, 2, 5]","[5, 5, 5]","[0.88, 0.75, 0.88]","[['D', 'B', 'A', 'C'], ['B', 'C', 'D', 'A'], ['C', 'D', 'B', 'A']]","{'B': 5, 'C': 4, 'A': 3, 'D': 3}","[1.0, 0.88, 1.0]",4.38
94,"[1, 2, 5]","[5, 5, 5]","[0.88, 0.75, 0.88]","[['D', 'B', 'A', 'C'], ['B', 'C', 'D', 'A'], ['D', 'B', 'C', 'A']]","{'B': 5, 'C': 4, 'A': 3, 'D': 3}","[1.0, 0.88, 1.0]",4.38
94,"[1, 2, 5]","[5, 5, 5]","[0.88, 0.75, 0.88]","[['D', 'B', 'A', 'C'], ['B', 'C', 'D', 'A'], ['D', 'C', 'B', 'A']]","{'B': 5, 'C': 4, 'A': 3, 'D': 3}","[1.0, 0.88, 1.0]",4.38
94,"[1, 2, 5]","[5, 5, 5]","[0.88, 0.75, 0.88]","[['D', 'B', 'A', 'C'], ['B', 'D', 'C', 'A'], ['B', 'C', 'D', 'A']]","{'B': 5, 'C': 4, 'A': 3, 'D': 3}","[1.0, 0.88, 1.0]",4.38
94,"[1, 2, 5]","[5, 5, 5]","[0.88, 0.75, 0.88]","[['D', 'B', 'A', 'C'], ['B', 'D', 'C', 'A'], ['B', 'D', 'C', 'A']]","{'B': 5, 'C': 4, 'A': 3, 'D': 3}","[1.0, 0.88, 1.0]",4.38
94,"[1, 2, 5]","[5, 5, 5]","[0.88, 0.75, 0.88]","[['D', 'B', 'A', 'C'], ['B', 'D', 'C', 'A'], ['C', 'B', 'D', 'A']]","{'B': 5, 'C': 4, 'A': 3, 'D': 3}","[1.0, 0.88, 1.0]",4.38
94,"[1, 2, 5]","[5, 5, 5]","[0.88, 0.75, 0.88]","[['D', 'B', 'A', 'C'], ['B', 'D', 'C', 'A'], ['C', 'D', 'B', 'A']]","{'B': 5, 'C': 4, 'A': 3, 'D': 3}","[1.0, 0.88, 1.0]",4.38
94,"[1, 2, 5]","[5, 5, 5]","[0.88, 0.75, 0.88]","[['D', 'B', 'A', 'C'], ['B', 'D', 'C', 'A'], ['D', 'B', 'C', 'A']]","{'B': 5, 'C': 4, 'A': 3, 'D': 3}","[1.0, 0.88, 1.0]",4.38
94,"[1, 2, 5]","[5, 5, 5]","[0.88, 0.75, 0.88]","[['D', 'B', 'A', 'C'], ['B', 'D', 'C', 'A'], ['D', 'C', 'B', 'A']]","{'B': 5, 'C': 4, 'A': 3, 'D': 3}","[1.0, 0.88, 1.0]",4.38
94,"[1, 2, 5]","[5, 5, 5]","[0.88, 0.75, 0.88]","[['D', 'B', 'A', 'C'], ['C', 'B', 'D', 'A'], ['B', 'C', 'D', 'A']]","{'B': 5, 'C': 4, 'A': 3, 'D': 3}","[1.0, 0.88, 1.0]",4.38
94,"[1, 2, 5]","[5, 5, 5]","[0.88, 0.75, 0.88]","[['D', 'B', 'A', 'C'], ['C', 'B', 'D', 'A'], ['B', 'D', 'C', 'A']]","{'B': 5, 'C': 4, 'A': 3, 'D': 3}","[1.0, 0.88, 1.0]",4.38
94,"[1, 2, 5]","[5, 5, 5]","[0.88, 0.75, 0.88]","[['D', 'B', 'A', 'C'], ['C', 'B', 'D', 'A'], ['C', 'B', 'D', 'A']]","{'B': 5, 'C': 4, 'A': 3, 'D': 3}","[1.0, 0.88, 1.0]",4.38
94,"[1, 2, 5]","[5, 5, 5]","[0.88, 0.75, 0.88]","[['D', 'B', 'A', 'C'], ['C', 'B', 'D', 'A'], ['C', 'D', 'B', 'A']]","{'B': 5, 'C': 4, 'A': 3, 'D': 3}","[1.0, 0.88, 1.0]",4.38
94,"[1, 2, 5]","[5, 5, 5]","[0.88, 0.75, 0.88]","[['D', 'B', 'A', 'C'], ['C', 'B', 'D', 'A'], ['D', 'B', 'C', 'A']]","{'B': 5, 'C': 4, 'A': 3, 'D': 3}","[1.0, 0.88, 1.0]",4.38
94,"[1, 2, 5]","[5, 5, 5]","[0.88, 0.75, 0.88]","[['D', 'B', 'A', 'C'], ['C', 'B', 'D', 'A'], ['D', 'C', 'B', 'A']]","{'B': 5, 'C': 4, 'A': 3, 'D': 3}","[1.0, 0.88, 1.0]",4.38
94,"[1, 2, 5]","[5, 5, 5]","[0.88, 0.75, 0.88]","[['D', 'B', 'A', 'C'], ['C', 'D', 'B', 'A'], ['B', 'C', 'D', 'A']]","{'B': 5, 'C': 4, 'A': 3, 'D': 3}","[1.0, 0.88, 1.0]",4.38
94,"[1, 2, 5]","[5, 5, 5]","[0.88, 0.75, 0.88]","[['D', 'B', 'A', 'C'], ['C', 'D', 'B', 'A'], ['B', 'D', 'C', 'A']]","{'B': 5, 'C': 4, 'A': 3, 'D': 3}","[1.0, 0.88, 1.0]",4.38
94,"[1, 2, 5]","[5, 5, 5]","[0.88, 0.75, 0.88]","[['D', 'B', 'A', 'C'], ['C', 'D', 'B', 'A'], ['C', 'B', 'D', 'A']]","{'B': 5, 'C': 4, 'A': 3, 'D': 3}","[1.0, 0.88, 1.0]",4.38
94,"[1, 2, 5]","[5, 5, 5]","[0.88, 0.75, 0.88]","[['D', 'B', 'A', 'C'], ['C', 'D', 'B', 'A'], ['C', 'D', 'B', 'A']]","{'B': 5, 'C': 4, 'A': 3, 'D': 3}","[1.0, 0.88, 1.0]",4.38
94,"[1, 2, 5]","[5, 5, 5]","[0.88, 0.75, 0.88]","[['D', 'B', 'A', 'C'], ['C', 'D', 'B', 'A'], ['D', 'B', 'C', 'A']]","{'B': 5, 'C': 4, 'A': 3, 'D': 3}","[1.0, 0.88, 1.0]",4.38
94,"[1, 2, 5]","[5, 5, 5]","[0.88, 0.75, 0.88]","[['D', 'B', 'A', 'C'], ['C', 'D', 'B', 'A'], ['D', 'C', 'B', 'A']]","{'B': 5, 'C': 4, 'A': 3, 'D': 3}","[1.0, 0.88, 1.0]",4.38
94,"[1, 2, 5]","[5, 5, 5]","[0.88, 0.75, 0.88]","[['D', 'B', 'A', 'C'], ['D', 'B', 'C', 'A'], ['B', 'C', 'D', 'A']]","{'B': 5, 'C': 4, 'A': 3, 'D': 3}","[1.0, 0.88, 1.0]",4.38
94,"[1, 2, 5]","[5, 5, 5]","[0.88, 0.75, 0.88]","[['D', 'B', 'A', 'C'], ['D', 'B', 'C', 'A'], ['B', 'D', 'C', 'A']]","{'B': 5, 'C': 4, 'A': 3, 'D': 3}","[1.0, 0.88, 1.0]",4.38
94,"[1, 2, 5]","[5, 5, 5]","[0.88, 0.75, 0.88]","[['D', 'B', 'A', 'C'], ['D', 'B', 'C', 'A'], ['C', 'B', 'D', 'A']]","{'B': 5, 'C': 4, 'A': 3, 'D': 3}","[1.0, 0.88, 1.0]",4.38
94,"[1, 2, 5]","[5, 5, 5]","[0.88, 0.75, 0.88]","[['D', 'B', 'A', 'C'], ['D', 'B', 'C', 'A'], ['C', 'D', 'B', 'A']]","{'B': 5, 'C': 4, 'A': 3, 'D': 3}","[1.0, 0.88, 1.0]",4.38
94,"[1, 2, 5]","[5, 5, 5]","[0.88, 0.75, 0.88]","[['D', 'B', 'A', 'C'], ['D', 'B', 'C', 'A'], ['D', 'B', 'C', 'A']]","{'B': 5, 'C': 4, 'A': 3, 'D': 3}","[1.0, 0.88, 1.0]",4.38
94,"[1, 2, 5]","[5, 5, 5]","[0.88, 0.75, 0.88]","[['D', 'B', 'A', 'C'], ['D', 'B', 'C', 'A'], ['D', 'C', 'B', 'A']]","{'B': 5, 'C': 4, 'A': 3, 'D': 3}","[1.0, 0.88, 1.0]",4.38
94,"[1, 2, 5]","[5, 5, 5]","[0.88, 0.75, 0.88]","[['D', 'B', 'A', 'C'], ['D', 'C', 'B', 'A'], ['B', 'C', 'D', 'A']]","{'B': 5, 'C': 4, 'A': 3, 'D': 3}","[1.0, 0.88, 1.0]",4.38
94,"[1, 2, 5]","[5, 5, 5]","[0.88, 0.75, 0.88]","[['D', 'B', 'A', 'C'], ['D', 'C', 'B', 'A'], ['B', 'D', 'C', 'A']]","{'B': 5, 'C': 4, 'A': 3, 'D': 3}","[1.0, 0.88, 1.0]",4.38
94,"[1, 2, 5]","[5, 5, 5]","[0.88, 0.75, 0.88]","[['D', 'B', 'A', 'C'], ['D', 'C', 'B', 'A'], ['C', 'B', 'D', 'A']]","{'B': 5, 'C': 4, 'A': 3, 'D': 3}","[1.0, 0.88, 1.0]",4.38
94,"[1, 2, 5]","[5, 5, 5]","[0.88, 0.75, 0.88]","[['D', 'B', 'A', 'C'], ['D', 'C', 'B', 'A'], ['C', 'D', 'B', 'A']]","{'B': 5, 'C': 4, 'A': 3, 'D': 3}","[1.0, 0.88, 1.0]",4.38
94,"[1, 2, 5]","[5, 5, 5]","[0.88, 0.75, 0.88]","[['D', 'B', 'A', 'C'], ['D', 'C', 'B', 'A'], ['D', 'B', 'C', 'A']]","{'B': 5, 'C': 4, 'A': 3, 'D': 3}","[1.0, 0.88, 1.0]",4.38
94,"[1, 2, 5]","[5, 5, 5]","[0.88, 0.75, 0.88]","[['D', 'B', 'A', 'C'], ['D', 'C', 'B', 'A'], ['D', 'C', 'B', 'A']]","{'B': 5, 'C': 4, 'A': 3, 'D': 3}","[1.0, 0.88, 1.0]",4.38
94,"[1, 2, 5]","[5, 5, 5]","[0.88, 0.75, 0.88]","[['D', 'B', 'C', 'A'], ['A', 'B', 'C', 'D'], ['A', 'B', 'C', 'D']]","{'B': 5, 'C': 5, 'A': 4, 'D': 1}","[1.0, 0.88, 1.0]",4.38
94,"[1, 2, 5]","[5, 5, 5]","[0.88, 0.75, 0.88]","[['D', 'B', 'C', 'A'], ['A', 'B', 'C', 'D'], ['A', 'C', 'B', 'D']]","{'B': 5, 'C': 5, 'A': 4, 'D': 1}","[1.0, 0.88, 1.0]",4.38
94,"[1, 2, 5]","[5, 5, 5]","[0.88, 0.75, 0.88]","[['D', 'B', 'C', 'A'], ['A', 'B', 'C', 'D'], ['B', 'A', 'C', 'D']]","{'B': 5, 'C': 5, 'A': 4, 'D': 1}","[1.0, 0.88, 1.0]",4.38
94,"[1, 2, 5]","[5, 5, 5]","[0.88, 0.75, 0.88]","[['D', 'B', 'C', 'A'], ['A', 'B', 'C', 'D'], ['B', 'C', 'A', 'D']]","{'B': 5, 'C': 5, 'A': 4, 'D': 1}","[1.0, 0.88, 1.0]",4.38
94,"[1, 2, 5]","[5, 5, 5]","[0.88, 0.75, 0.88]","[['D', 'B', 'C', 'A'], ['A', 'B', 'C', 'D'], ['B', 'C', 'D', 'A']]","{'B': 5, 'C': 5, 'A': 3, 'D': 2}","[1.0, 0.88, 1.0]",4.38
94,"[1, 2, 5]","[5, 5, 5]","[0.88, 0.75, 0.88]","[['D', 'B', 'C', 'A'], ['A', 'B', 'C', 'D'], ['B', 'D', 'C', 'A']]","{'B': 5, 'C': 5, 'A': 3, 'D': 2}","[1.0, 0.88, 1.0]",4.38
94,"[1, 2, 5]","[5, 5, 5]","[0.88, 0.75, 0.88]","[['D', 'B', 'C', 'A'], ['A', 'B', 'C', 'D'], ['C', 'A', 'B', 'D']]","{'B': 5, 'C': 5, 'A': 4, 'D': 1}","[1.0, 0.88, 1.0]",4.38
94,"[1, 2, 5]","[5, 5, 5]","[0.88, 0.75, 0.88]","[['D', 'B', 'C', 'A'], ['A', 'B', 'C', 'D'], ['C', 'B', 'A', 'D']]","{'B': 5, 'C': 5, 'A': 4, 'D': 1}","[1.0, 0.88, 1.0]",4.38
94,"[1, 2, 5]","[5, 5, 5]","[0.88, 0.75, 0.88]","[['D', 'B', 'C', 'A'], ['A', 'B', 'C', 'D'], ['C', 'B', 'D', 'A']]","{'B': 5, 'C': 5, 'A': 3, 'D': 2}","[1.0, 0.88, 1.0]",4.38
94,"[1, 2, 5]","[5, 5, 5]","[0.88, 0.75, 0.88]","[['D', 'B', 'C', 'A'], ['A', 'B', 'C', 'D'], ['C', 'D', 'B', 'A']]","{'B': 5, 'C': 5, 'A': 3, 'D': 2}","[1.0, 0.88, 1.0]",4.38
94,"[1, 2, 5]","[5, 5, 5]","[0.88, 0.75, 0.88]","[['D', 'B', 'C', 'A'], ['A', 'B', 'C', 'D'], ['D', 'B', 'C', 'A']]","{'B': 5, 'C': 5, 'A': 3, 'D': 2}","[1.0, 0.88, 1.0]",4.38
94,"[1, 2, 5]","[5, 5, 5]","[0.88, 0.75, 0.88]","[['D', 'B', 'C', 'A'], ['A', 'B', 'C', 'D'], ['D', 'C', 'B', 'A']]","{'B': 5, 'C': 5, 'A': 3, 'D': 2}","[1.0, 0.88, 1.0]",4.38
94,"[1, 2, 5]","[5, 5, 5]","[0.88, 0.75, 0.88]","[['D', 'B', 'C', 'A'], ['A', 'B', 'D', 'C'], ['B', 'C', 'D', 'A']]","{'B': 5, 'C': 4, 'A': 3, 'D': 3}","[1.0, 0.88, 1.0]",4.38
94,"[1, 2, 5]","[5, 5, 5]","[0.88, 0.75, 0.88]","[['D', 'B', 'C', 'A'], ['A', 'B', 'D', 'C'], ['B', 'D', 'C', 'A']]","{'B': 5, 'C': 4, 'A': 3, 'D': 3}","[1.0, 0.88, 1.0]",4.38
94,"[1, 2, 5]","[5, 5, 5]","[0.88, 0.75, 0.88]","[['D', 'B', 'C', 'A'], ['A', 'B', 'D', 'C'], ['C', 'B', 'D', 'A']]","{'B': 5, 'C': 4, 'A': 3, 'D': 3}","[1.0, 0.88, 1.0]",4.38
94,"[1, 2, 5]","[5, 5, 5]","[0.88, 0.75, 0.88]","[['D', 'B', 'C', 'A'], ['A', 'B', 'D', 'C'], ['C', 'D', 'B', 'A']]","{'B': 5, 'C': 4, 'A': 3, 'D': 3}","[1.0, 0.88, 1.0]",4.38
94,"[1, 2, 5]","[5, 5, 5]","[0.88, 0.75, 0.88]","[['D', 'B', 'C', 'A'], ['A', 'B', 'D', 'C'], ['D', 'B', 'C', 'A']]","{'B': 5, 'C': 4, 'A': 3, 'D': 3}","[1.0, 0.88, 1.0]",4.38
94,"[1, 2, 5]","[5, 5, 5]","[0.88, 0.75, 0.88]","[['D', 'B', 'C', 'A'], ['A', 'B', 'D', 'C'], ['D', 'C', 'B', 'A']]","{'B': 5, 'C': 4, 'A': 3, 'D': 3}","[1.0, 0.88, 1.0]",4.38
94,"[1, 2, 5]","[5, 5, 5]","[0.88, 0.75, 0.88]","[['D', 'B', 'C', 'A'], ['A', 'C', 'B', 'D'], ['A', 'B', 'C', 'D']]","{'B': 5, 'C': 5, 'A': 4, 'D': 1}","[1.0, 0.88, 1.0]",4.38
94,"[1, 2, 5]","[5, 5, 5]","[0.88, 0.75, 0.88]","[['D', 'B', 'C', 'A'], ['A', 'C', 'B', 'D'], ['A', 'C', 'B', 'D']]","{'B': 5, 'C': 5, 'A': 4, 'D': 1}","[1.0, 0.88, 1.0]",4.38
94,"[1, 2, 5]","[5, 5, 5]","[0.88, 0.75, 0.88]","[['D', 'B', 'C', 'A'], ['A', 'C', 'B', 'D'], ['B', 'A', 'C', 'D']]","{'B': 5, 'C': 5, 'A': 4, 'D': 1}","[1.0, 0.88, 1.0]",4.38
94,"[1, 2, 5]","[5, 5, 5]","[0.88, 0.75, 0.88]","[['D', 'B', 'C', 'A'], ['A', 'C', 'B', 'D'], ['B', 'C', 'A', 'D']]","{'B': 5, 'C': 5, 'A': 4, 'D': 1}","[1.0, 0.88, 1.0]",4.38
94,"[1, 2, 5]","[5, 5, 5]","[0.88, 0.75, 0.88]","[['D', 'B', 'C', 'A'], ['A', 'C', 'B', 'D'], ['B', 'C', 'D', 'A']]","{'B': 5, 'C': 5, 'A': 3, 'D': 2}","[1.0, 0.88, 1.0]",4.38
94,"[1, 2, 5]","[5, 5, 5]","[0.88, 0.75, 0.88]","[['D', 'B', 'C', 'A'], ['A', 'C', 'B', 'D'], ['B', 'D', 'C', 'A']]","{'B': 5, 'C': 5, 'A': 3, 'D': 2}","[1.0, 0.88, 1.0]",4.38
94,"[1, 2, 5]","[5, 5, 5]","[0.88, 0.75, 0.88]","[['D', 'B', 'C', 'A'], ['A', 'C', 'B', 'D'], ['C', 'A', 'B', 'D']]","{'B': 5, 'C': 5, 'A': 4, 'D': 1}","[1.0, 0.88, 1.0]",4.38
94,"[1, 2, 5]","[5, 5, 5]","[0.88, 0.75, 0.88]","[['D', 'B', 'C', 'A'], ['A', 'C', 'B', 'D'], ['C', 'B', 'A', 'D']]","{'B': 5, 'C': 5, 'A': 4, 'D': 1}","[1.0, 0.88, 1.0]",4.38
94,"[1, 2, 5]","[5, 5, 5]","[0.88, 0.75, 0.88]","[['D', 'B', 'C', 'A'], ['A', 'C', 'B', 'D'], ['C', 'B', 'D', 'A']]","{'B': 5, 'C': 5, 'A': 3, 'D': 2}","[1.0, 0.88, 1.0]",4.38
94,"[1, 2, 5]","[5, 5, 5]","[0.88, 0.75, 0.88]","[['D', 'B', 'C', 'A'], ['A', 'C', 'B', 'D'], ['C', 'D', 'B', 'A']]","{'B': 5, 'C': 5, 'A': 3, 'D': 2}","[1.0, 0.88, 1.0]",4.38
94,"[1, 2, 5]","[5, 5, 5]","[0.88, 0.75, 0.88]","[['D', 'B', 'C', 'A'], ['A', 'C', 'B', 'D'], ['D', 'B', 'C', 'A']]","{'B': 5, 'C': 5, 'A': 3, 'D': 2}","[1.0, 0.88, 1.0]",4.38
94,"[1, 2, 5]","[5, 5, 5]","[0.88, 0.75, 0.88]","[['D', 'B', 'C', 'A'], ['A', 'C', 'B', 'D'], ['D', 'C', 'B', 'A']]","{'B': 5, 'C': 5, 'A': 3, 'D': 2}","[1.0, 0.88, 1.0]",4.38
94,"[1, 2, 5]","[5, 5, 5]","[0.88, 0.75, 0.88]","[['D', 'B', 'C', 'A'], ['A', 'D', 'B', 'C'], ['B', 'C', 'D', 'A']]","{'B': 5, 'C': 4, 'A': 3, 'D': 3}","[1.0, 0.88, 1.0]",4.38
94,"[1, 2, 5]","[5, 5, 5]","[0.88, 0.75, 0.88]","[['D', 'B', 'C', 'A'], ['A', 'D', 'B', 'C'], ['B', 'D', 'C', 'A']]","{'B': 5, 'C': 4, 'A': 3, 'D': 3}","[1.0, 0.88, 1.0]",4.38
94,"[1, 2, 5]","[5, 5, 5]","[0.88, 0.75, 0.88]","[['D', 'B', 'C', 'A'], ['A', 'D', 'B', 'C'], ['C', 'B', 'D', 'A']]","{'B': 5, 'C': 4, 'A': 3, 'D': 3}","[1.0, 0.88, 1.0]",4.38
94,"[1, 2, 5]","[5, 5, 5]","[0.88, 0.75, 0.88]","[['D', 'B', 'C', 'A'], ['A', 'D', 'B', 'C'], ['C', 'D', 'B', 'A']]","{'B': 5, 'C': 4, 'A': 3, 'D': 3}","[1.0, 0.88, 1.0]",4.38
94,"[1, 2, 5]","[5, 5, 5]","[0.88, 0.75, 0.88]","[['D', 'B', 'C', 'A'], ['A', 'D', 'B', 'C'], ['D', 'B', 'C', 'A']]","{'B': 5, 'C': 4, 'A': 3, 'D': 3}","[1.0, 0.88, 1.0]",4.38
94,"[1, 2, 5]","[5, 5, 5]","[0.88, 0.75, 0.88]","[['D', 'B', 'C', 'A'], ['A', 'D', 'B', 'C'], ['D', 'C', 'B', 'A']]","{'B': 5, 'C': 4, 'A': 3, 'D': 3}","[1.0, 0.88, 1.0]",4.38
94,"[1, 2, 5]","[5, 5, 5]","[0.88, 0.75, 0.88]","[['D', 'B', 'C', 'A'], ['B', 'A', 'C', 'D'], ['A', 'B', 'C', 'D']]","{'B': 5, 'C': 5, 'A': 4, 'D': 1}","[1.0, 0.88, 1.0]",4.38
94,"[1, 2, 5]","[5, 5, 5]","[0.88, 0.75, 0.88]","[['D', 'B', 'C', 'A'], ['B', 'A', 'C', 'D'], ['A', 'C', 'B', 'D']]","{'B': 5, 'C': 5, 'A': 4, 'D': 1}","[1.0, 0.88, 1.0]",4.38
94,"[1, 2, 5]","[5, 5, 5]","[0.88, 0.75, 0.88]","[['D', 'B', 'C', 'A'], ['B', 'A', 'C', 'D'], ['B', 'A', 'C', 'D']]","{'B': 5, 'C': 5, 'A': 4, 'D': 1}","[1.0, 0.88, 1.0]",4.38
94,"[1, 2, 5]","[5, 5, 5]","[0.88, 0.75, 0.88]","[['D', 'B', 'C', 'A'], ['B', 'A', 'C', 'D'], ['B', 'C', 'A', 'D']]","{'B': 5, 'C': 5, 'A': 4, 'D': 1}","[1.0, 0.88, 1.0]",4.38
94,"[1, 2, 5]","[5, 5, 5]","[0.88, 0.75, 0.88]","[['D', 'B', 'C', 'A'], ['B', 'A', 'C', 'D'], ['B', 'C', 'D', 'A']]","{'B': 5, 'C': 5, 'A': 3, 'D': 2}","[1.0, 0.88, 1.0]",4.38
94,"[1, 2, 5]","[5, 5, 5]","[0.88, 0.75, 0.88]","[['D', 'B', 'C', 'A'], ['B', 'A', 'C', 'D'], ['B', 'D', 'C', 'A']]","{'B': 5, 'C': 5, 'A': 3, 'D': 2}","[1.0, 0.88, 1.0]",4.38
94,"[1, 2, 5]","[5, 5, 5]","[0.88, 0.75, 0.88]","[['D', 'B', 'C', 'A'], ['B', 'A', 'C', 'D'], ['C', 'A', 'B', 'D']]","{'B': 5, 'C': 5, 'A': 4, 'D': 1}","[1.0, 0.88, 1.0]",4.38
94,"[1, 2, 5]","[5, 5, 5]","[0.88, 0.75, 0.88]","[['D', 'B', 'C', 'A'], ['B', 'A', 'C', 'D'], ['C', 'B', 'A', 'D']]","{'B': 5, 'C': 5, 'A': 4, 'D': 1}","[1.0, 0.88, 1.0]",4.38
94,"[1, 2, 5]","[5, 5, 5]","[0.88, 0.75, 0.88]","[['D', 'B', 'C', 'A'], ['B', 'A', 'C', 'D'], ['C', 'B', 'D', 'A']]","{'B': 5, 'C': 5, 'A': 3, 'D': 2}","[1.0, 0.88, 1.0]",4.38
94,"[1, 2, 5]","[5, 5, 5]","[0.88, 0.75, 0.88]","[['D', 'B', 'C', 'A'], ['B', 'A', 'C', 'D'], ['C', 'D', 'B', 'A']]","{'B': 5, 'C': 5, 'A': 3, 'D': 2}","[1.0, 0.88, 1.0]",4.38
94,"[1, 2, 5]","[5, 5, 5]","[0.88, 0.75, 0.88]","[['D', 'B', 'C', 'A'], ['B', 'A', 'C', 'D'], ['D', 'B', 'C', 'A']]","{'B': 5, 'C': 5, 'A': 3, 'D': 2}","[1.0, 0.88, 1.0]",4.38
94,"[1, 2, 5]","[5, 5, 5]","[0.88, 0.75, 0.88]","[['D', 'B', 'C', 'A'], ['B', 'A', 'C', 'D'], ['D', 'C', 'B', 'A']]","{'B': 5, 'C': 5, 'A': 3, 'D': 2}","[1.0, 0.88, 1.0]",4.38
94,"[1, 2, 5]","[5, 5, 5]","[0.88, 0.75, 0.88]","[['D', 'B', 'C', 'A'], ['B', 'A', 'D', 'C'], ['B', 'C', 'D', 'A']]","{'B': 5, 'C': 4, 'A': 3, 'D': 3}","[1.0, 0.88, 1.0]",4.38
94,"[1, 2, 5]","[5, 5, 5]","[0.88, 0.75, 0.88]","[['D', 'B', 'C', 'A'], ['B', 'A', 'D', 'C'], ['B', 'D', 'C', 'A']]","{'B': 5, 'C': 4, 'A': 3, 'D': 3}","[1.0, 0.88, 1.0]",4.38
94,"[1, 2, 5]","[5, 5, 5]","[0.88, 0.75, 0.88]","[['D', 'B', 'C', 'A'], ['B', 'A', 'D', 'C'], ['C', 'B', 'D', 'A']]","{'B': 5, 'C': 4, 'A': 3, 'D': 3}","[1.0, 0.88, 1.0]",4.38
94,"[1, 2, 5]","[5, 5, 5]","[0.88, 0.75, 0.88]","[['D', 'B', 'C', 'A'], ['B', 'A', 'D', 'C'], ['C', 'D', 'B', 'A']]","{'B': 5, 'C': 4, 'A': 3, 'D': 3}","[1.0, 0.88, 1.0]",4.38
94,"[1, 2, 5]","[5, 5, 5]","[0.88, 0.75, 0.88]","[['D', 'B', 'C', 'A'], ['B', 'A', 'D', 'C'], ['D', 'B', 'C', 'A']]","{'B': 5, 'C': 4, 'A': 3, 'D': 3}","[1.0, 0.88, 1.0]",4.38
94,"[1, 2, 5]","[5, 5, 5]","[0.88, 0.75, 0.88]","[['D', 'B', 'C', 'A'], ['B', 'A', 'D', 'C'], ['D', 'C', 'B', 'A']]","{'B': 5, 'C': 4, 'A': 3, 'D': 3}","[1.0, 0.88, 1.0]",4.38
94,"[1, 2, 5]","[5, 5, 5]","[0.88, 0.75, 0.88]","[['D', 'B', 'C', 'A'], ['B', 'C', 'A', 'D'], ['A', 'B', 'C', 'D']]","{'B': 5, 'C': 5, 'A': 4, 'D': 1}","[1.0, 0.88, 1.0]",4.38
94,"[1, 2, 5]","[5, 5, 5]","[0.88, 0.75, 0.88]","[['D', 'B', 'C', 'A'], ['B', 'C', 'A', 'D'], ['A', 'C', 'B', 'D']]","{'B': 5, 'C': 5, 'A': 4, 'D': 1}","[1.0, 0.88, 1.0]",4.38
94,"[1, 2, 5]","[5, 5, 5]","[0.88, 0.75, 0.88]","[['D', 'B', 'C', 'A'], ['B', 'C', 'A', 'D'], ['B', 'A', 'C', 'D']]","{'B': 5, 'C': 5, 'A': 4, 'D': 1}","[1.0, 0.88, 1.0]",4.38
94,"[1, 2, 5]","[5, 5, 5]","[0.88, 0.75, 0.88]","[['D', 'B', 'C', 'A'], ['B', 'C', 'A', 'D'], ['B', 'C', 'A', 'D']]","{'B': 5, 'C': 5, 'A': 4, 'D': 1}","[1.0, 0.88, 1.0]",4.38
94,"[1, 2, 5]","[5, 5, 5]","[0.88, 0.75, 0.88]","[['D', 'B', 'C', 'A'], ['B', 'C', 'A', 'D'], ['B', 'C', 'D', 'A']]","{'B': 5, 'C': 5, 'A': 3, 'D': 2}","[1.0, 0.88, 1.0]",4.38
94,"[1, 2, 5]","[5, 5, 5]","[0.88, 0.75, 0.88]","[['D', 'B', 'C', 'A'], ['B', 'C', 'A', 'D'], ['B', 'D', 'C', 'A']]","{'B': 5, 'C': 5, 'A': 3, 'D': 2}","[1.0, 0.88, 1.0]",4.38
94,"[1, 2, 5]","[5, 5, 5]","[0.88, 0.75, 0.88]","[['D', 'B', 'C', 'A'], ['B', 'C', 'A', 'D'], ['C', 'A', 'B', 'D']]","{'B': 5, 'C': 5, 'A': 4, 'D': 1}","[1.0, 0.88, 1.0]",4.38
94,"[1, 2, 5]","[5, 5, 5]","[0.88, 0.75, 0.88]","[['D', 'B', 'C', 'A'], ['B', 'C', 'A', 'D'], ['C', 'B', 'A', 'D']]","{'B': 5, 'C': 5, 'A': 4, 'D': 1}","[1.0, 0.88, 1.0]",4.38
94,"[1, 2, 5]","[5, 5, 5]","[0.88, 0.75, 0.88]","[['D', 'B', 'C', 'A'], ['B', 'C', 'A', 'D'], ['C', 'B', 'D', 'A']]","{'B': 5, 'C': 5, 'A': 3, 'D': 2}","[1.0, 0.88, 1.0]",4.38
94,"[1, 2, 5]","[5, 5, 5]","[0.88, 0.75, 0.88]","[['D', 'B', 'C', 'A'], ['B', 'C', 'A', 'D'], ['C', 'D', 'B', 'A']]","{'B': 5, 'C': 5, 'A': 3, 'D': 2}","[1.0, 0.88, 1.0]",4.38
94,"[1, 2, 5]","[5, 5, 5]","[0.88, 0.75, 0.88]","[['D', 'B', 'C', 'A'], ['B', 'C', 'A', 'D'], ['D', 'B', 'C', 'A']]","{'B': 5, 'C': 5, 'A': 3, 'D': 2}","[1.0, 0.88, 1.0]",4.38
94,"[1, 2, 5]","[5, 5, 5]","[0.88, 0.75, 0.88]","[['D', 'B', 'C', 'A'], ['B', 'C', 'A', 'D'], ['D', 'C', 'B', 'A']]","{'B': 5, 'C': 5, 'A': 3, 'D': 2}","[1.0, 0.88, 1.0]",4.38
94,"[1, 2, 5]","[5, 5, 5]","[0.88, 0.75, 0.88]","[['D', 'B', 'C', 'A'], ['B', 'C', 'D', 'A'], ['A', 'B', 'C', 'D']]","{'B': 5, 'C': 5, 'A': 3, 'D': 2}","[1.0, 0.88, 1.0]",4.38
94,"[1, 2, 5]","[5, 5, 5]","[0.88, 0.75, 0.88]","[['D', 'B', 'C', 'A'], ['B', 'C', 'D', 'A'], ['A', 'B', 'D', 'C']]","{'B': 5, 'C': 4, 'A': 3, 'D': 3}","[1.0, 0.88, 1.0]",4.38
94,"[1, 2, 5]","[5, 5, 5]","[0.88, 0.75, 0.88]","[['D', 'B', 'C', 'A'], ['B', 'C', 'D', 'A'], ['A', 'C', 'B', 'D']]","{'B': 5, 'C': 5, 'A': 3, 'D': 2}","[1.0, 0.88, 1.0]",4.38
94,"[1, 2, 5]","[5, 5, 5]","[0.88, 0.75, 0.88]","[['D', 'B', 'C', 'A'], ['B', 'C', 'D', 'A'], ['A', 'D', 'B', 'C']]","{'B': 5, 'C': 4, 'A': 3, 'D': 3}","[1.0, 0.88, 1.0]",4.38
94,"[1, 2, 5]","[5, 5, 5]","[0.88, 0.75, 0.88]","[['D', 'B', 'C', 'A'], ['B', 'C', 'D', 'A'], ['B', 'A', 'C', 'D']]","{'B': 5, 'C': 5, 'A': 3, 'D': 2}","[1.0, 0.88, 1.0]",4.38
94,"[1, 2, 5]","[5, 5, 5]","[0.88, 0.75, 0.88]","[['D', 'B', 'C', 'A'], ['B', 'C', 'D', 'A'], ['B', 'A', 'D', 'C']]","{'B': 5, 'C': 4, 'A': 3, 'D': 3}","[1.0, 0.88, 1.0]",4.38
94,"[1, 2, 5]","[5, 5, 5]","[0.88, 0.75, 0.88]","[['D', 'B', 'C', 'A'], ['B', 'C', 'D', 'A'], ['B', 'C', 'A', 'D']]","{'B': 5, 'C': 5, 'A': 3, 'D': 2}","[1.0, 0.88, 1.0]",4.38
94,"[1, 2, 5]","[5, 5, 5]","[0.88, 0.75, 0.88]","[['D', 'B', 'C', 'A'], ['B', 'C', 'D', 'A'], ['B', 'D', 'A', 'C']]","{'B': 5, 'C': 4, 'A': 3, 'D': 3}","[1.0, 0.88, 1.0]",4.38
94,"[1, 2, 5]","[5, 5, 5]","[0.88, 0.75, 0.88]","[['D', 'B', 'C', 'A'], ['B', 'C', 'D', 'A'], ['C', 'A', 'B', 'D']]","{'B': 5, 'C': 5, 'A': 3, 'D': 2}","[1.0, 0.88, 1.0]",4.38
94,"[1, 2, 5]","[5, 5, 5]","[0.88, 0.75, 0.88]","[['D', 'B', 'C', 'A'], ['B', 'C', 'D', 'A'], ['C', 'B', 'A', 'D']]","{'B': 5, 'C': 5, 'A': 3, 'D': 2}","[1.0, 0.88, 1.0]",4.38
94,"[1, 2, 5]","[5, 5, 5]","[0.88, 0.75, 0.88]","[['D', 'B', 'C', 'A'], ['B', 'C', 'D', 'A'], ['D', 'A', 'B', 'C']]","{'B': 5, 'C': 4, 'A': 3, 'D': 3}","[1.0, 0.88, 1.0]",4.38
94,"[1, 2, 5]","[5, 5, 5]","[0.88, 0.75, 0.88]","[['D', 'B', 'C', 'A'], ['B', 'C', 'D', 'A'], ['D', 'B', 'A', 'C']]","{'B': 5, 'C': 4, 'A': 3, 'D': 3}","[1.0, 0.88, 1.0]",4.38
94,"[1, 2, 5]","[5, 5, 5]","[0.88, 0.75, 0.88]","[['D', 'B', 'C', 'A'], ['B', 'D', 'A', 'C'], ['B', 'C', 'D', 'A']]","{'B': 5, 'C': 4, 'A': 3, 'D': 3}","[1.0, 0.88, 1.0]",4.38
94,"[1, 2, 5]","[5, 5, 5]","[0.88, 0.75, 0.88]","[['D', 'B', 'C', 'A'], ['B', 'D', 'A', 'C'], ['B', 'D', 'C', 'A']]","{'B': 5, 'C': 4, 'A': 3, 'D': 3}","[1.0, 0.88, 1.0]",4.38
94,"[1, 2, 5]","[5, 5, 5]","[0.88, 0.75, 0.88]","[['D', 'B', 'C', 'A'], ['B', 'D', 'A', 'C'], ['C', 'B', 'D', 'A']]","{'B': 5, 'C': 4, 'A': 3, 'D': 3}","[1.0, 0.88, 1.0]",4.38
94,"[1, 2, 5]","[5, 5, 5]","[0.88, 0.75, 0.88]","[['D', 'B', 'C', 'A'], ['B', 'D', 'A', 'C'], ['C', 'D', 'B', 'A']]","{'B': 5, 'C': 4, 'A': 3, 'D': 3}","[1.0, 0.88, 1.0]",4.38
94,"[1, 2, 5]","[5, 5, 5]","[0.88, 0.75, 0.88]","[['D', 'B', 'C', 'A'], ['B', 'D', 'A', 'C'], ['D', 'B', 'C', 'A']]","{'B': 5, 'C': 4, 'A': 3, 'D': 3}","[1.0, 0.88, 1.0]",4.38
94,"[1, 2, 5]","[5, 5, 5]","[0.88, 0.75, 0.88]","[['D', 'B', 'C', 'A'], ['B', 'D', 'A', 'C'], ['D', 'C', 'B', 'A']]","{'B': 5, 'C': 4, 'A': 3, 'D': 3}","[1.0, 0.88, 1.0]",4.38
94,"[1, 2, 5]","[5, 5, 5]","[0.88, 0.75, 0.88]","[['D', 'B', 'C', 'A'], ['B', 'D', 'C', 'A'], ['A', 'B', 'C', 'D']]","{'B': 5, 'C': 5, 'A': 3, 'D': 2}","[1.0, 0.88, 1.0]",4.38
94,"[1, 2, 5]","[5, 5, 5]","[0.88, 0.75, 0.88]","[['D', 'B', 'C', 'A'], ['B', 'D', 'C', 'A'], ['A', 'B', 'D', 'C']]","{'B': 5, 'C': 4, 'A': 3, 'D': 3}","[1.0, 0.88, 1.0]",4.38
94,"[1, 2, 5]","[5, 5, 5]","[0.88, 0.75, 0.88]","[['D', 'B', 'C', 'A'], ['B', 'D', 'C', 'A'], ['A', 'C', 'B', 'D']]","{'B': 5, 'C': 5, 'A': 3, 'D': 2}","[1.0, 0.88, 1.0]",4.38
94,"[1, 2, 5]","[5, 5, 5]","[0.88, 0.75, 0.88]","[['D', 'B', 'C', 'A'], ['B', 'D', 'C', 'A'], ['A', 'D', 'B', 'C']]","{'B': 5, 'C': 4, 'A': 3, 'D': 3}","[1.0, 0.88, 1.0]",4.38
94,"[1, 2, 5]","[5, 5, 5]","[0.88, 0.75, 0.88]","[['D', 'B', 'C', 'A'], ['B', 'D', 'C', 'A'], ['B', 'A', 'C', 'D']]","{'B': 5, 'C': 5, 'A': 3, 'D': 2}","[1.0, 0.88, 1.0]",4.38
94,"[1, 2, 5]","[5, 5, 5]","[0.88, 0.75, 0.88]","[['D', 'B', 'C', 'A'], ['B', 'D', 'C', 'A'], ['B', 'A', 'D', 'C']]","{'B': 5, 'C': 4, 'A': 3, 'D': 3}","[1.0, 0.88, 1.0]",4.38
94,"[1, 2, 5]","[5, 5, 5]","[0.88, 0.75, 0.88]","[['D', 'B', 'C', 'A'], ['B', 'D', 'C', 'A'], ['B', 'C', 'A', 'D']]","{'B': 5, 'C': 5, 'A': 3, 'D': 2}","[1.0, 0.88, 1.0]",4.38
94,"[1, 2, 5]","[5, 5, 5]","[0.88, 0.75, 0.88]","[['D', 'B', 'C', 'A'], ['B', 'D', 'C', 'A'], ['B', 'D', 'A', 'C']]","{'B': 5, 'C': 4, 'A': 3, 'D': 3}","[1.0, 0.88, 1.0]",4.38
94,"[1, 2, 5]","[5, 5, 5]","[0.88, 0.75, 0.88]","[['D', 'B', 'C', 'A'], ['B', 'D', 'C', 'A'], ['C', 'A', 'B', 'D']]","{'B': 5, 'C': 5, 'A': 3, 'D': 2}","[1.0, 0.88, 1.0]",4.38
94,"[1, 2, 5]","[5, 5, 5]","[0.88, 0.75, 0.88]","[['D', 'B', 'C', 'A'], ['B', 'D', 'C', 'A'], ['C', 'B', 'A', 'D']]","{'B': 5, 'C': 5, 'A': 3, 'D': 2}","[1.0, 0.88, 1.0]",4.38
94,"[1, 2, 5]","[5, 5, 5]","[0.88, 0.75, 0.88]","[['D', 'B', 'C', 'A'], ['B', 'D', 'C', 'A'], ['D', 'A', 'B', 'C']]","{'B': 5, 'C': 4, 'A': 3, 'D': 3}","[1.0, 0.88, 1.0]",4.38
94,"[1, 2, 5]","[5, 5, 5]","[0.88, 0.75, 0.88]","[['D', 'B', 'C', 'A'], ['B', 'D', 'C', 'A'], ['D', 'B', 'A', 'C']]","{'B': 5, 'C': 4, 'A': 3, 'D': 3}","[1.0, 0.88, 1.0]",4.38
94,"[1, 2, 5]","[5, 5, 5]","[0.88, 0.75, 0.88]","[['D', 'B', 'C', 'A'], ['C', 'A', 'B', 'D'], ['A', 'B', 'C', 'D']]","{'B': 5, 'C': 5, 'A': 4, 'D': 1}","[1.0, 0.88, 1.0]",4.38
94,"[1, 2, 5]","[5, 5, 5]","[0.88, 0.75, 0.88]","[['D', 'B', 'C', 'A'], ['C', 'A', 'B', 'D'], ['A', 'C', 'B', 'D']]","{'B': 5, 'C': 5, 'A': 4, 'D': 1}","[1.0, 0.88, 1.0]",4.38
94,"[1, 2, 5]","[5, 5, 5]","[0.88, 0.75, 0.88]","[['D', 'B', 'C', 'A'], ['C', 'A', 'B', 'D'], ['B', 'A', 'C', 'D']]","{'B': 5, 'C': 5, 'A': 4, 'D': 1}","[1.0, 0.88, 1.0]",4.38
94,"[1, 2, 5]","[5, 5, 5]","[0.88, 0.75, 0.88]","[['D', 'B', 'C', 'A'], ['C', 'A', 'B', 'D'], ['B', 'C', 'A', 'D']]","{'B': 5, 'C': 5, 'A': 4, 'D': 1}","[1.0, 0.88, 1.0]",4.38
94,"[1, 2, 5]","[5, 5, 5]","[0.88, 0.75, 0.88]","[['D', 'B', 'C', 'A'], ['C', 'A', 'B', 'D'], ['B', 'C', 'D', 'A']]","{'B': 5, 'C': 5, 'A': 3, 'D': 2}","[1.0, 0.88, 1.0]",4.38
94,"[1, 2, 5]","[5, 5, 5]","[0.88, 0.75, 0.88]","[['D', 'B', 'C', 'A'], ['C', 'A', 'B', 'D'], ['B', 'D', 'C', 'A']]","{'B': 5, 'C': 5, 'A': 3, 'D': 2}","[1.0, 0.88, 1.0]",4.38
94,"[1, 2, 5]","[5, 5, 5]","[0.88, 0.75, 0.88]","[['D', 'B', 'C', 'A'], ['C', 'A', 'B', 'D'], ['C', 'A', 'B', 'D']]","{'B': 5, 'C': 5, 'A': 4, 'D': 1}","[1.0, 0.88, 1.0]",4.38
94,"[1, 2, 5]","[5, 5, 5]","[0.88, 0.75, 0.88]","[['D', 'B', 'C', 'A'], ['C', 'A', 'B', 'D'], ['C', 'B', 'A', 'D']]","{'B': 5, 'C': 5, 'A': 4, 'D': 1}","[1.0, 0.88, 1.0]",4.38
94,"[1, 2, 5]","[5, 5, 5]","[0.88, 0.75, 0.88]","[['D', 'B', 'C', 'A'], ['C', 'A', 'B', 'D'], ['C', 'B', 'D', 'A']]","{'B': 5, 'C': 5, 'A': 3, 'D': 2}","[1.0, 0.88, 1.0]",4.38
94,"[1, 2, 5]","[5, 5, 5]","[0.88, 0.75, 0.88]","[['D', 'B', 'C', 'A'], ['C', 'A', 'B', 'D'], ['C', 'D', 'B', 'A']]","{'B': 5, 'C': 5, 'A': 3, 'D': 2}","[1.0, 0.88, 1.0]",4.38
94,"[1, 2, 5]","[5, 5, 5]","[0.88, 0.75, 0.88]","[['D', 'B', 'C', 'A'], ['C', 'A', 'B', 'D'], ['D', 'B', 'C', 'A']]","{'B': 5, 'C': 5, 'A': 3, 'D': 2}","[1.0, 0.88, 1.0]",4.38
94,"[1, 2, 5]","[5, 5, 5]","[0.88, 0.75, 0.88]","[['D', 'B', 'C', 'A'], ['C', 'A', 'B', 'D'], ['D', 'C', 'B', 'A']]","{'B': 5, 'C': 5, 'A': 3, 'D': 2}","[1.0, 0.88, 1.0]",4.38
94,"[1, 2, 5]","[5, 5, 5]","[0.88, 0.75, 0.88]","[['D', 'B', 'C', 'A'], ['C', 'B', 'A', 'D'], ['A', 'B', 'C', 'D']]","{'B': 5, 'C': 5, 'A': 4, 'D': 1}","[1.0, 0.88, 1.0]",4.38
94,"[1, 2, 5]","[5, 5, 5]","[0.88, 0.75, 0.88]","[['D', 'B', 'C', 'A'], ['C', 'B', 'A', 'D'], ['A', 'C', 'B', 'D']]","{'B': 5, 'C': 5, 'A': 4, 'D': 1}","[1.0, 0.88, 1.0]",4.38
94,"[1, 2, 5]","[5, 5, 5]","[0.88, 0.75, 0.88]","[['D', 'B', 'C', 'A'], ['C', 'B', 'A', 'D'], ['B', 'A', 'C', 'D']]","{'B': 5, 'C': 5, 'A': 4, 'D': 1}","[1.0, 0.88, 1.0]",4.38
94,"[1, 2, 5]","[5, 5, 5]","[0.88, 0.75, 0.88]","[['D', 'B', 'C', 'A'], ['C', 'B', 'A', 'D'], ['B', 'C', 'A', 'D']]","{'B': 5, 'C': 5, 'A': 4, 'D': 1}","[1.0, 0.88, 1.0]",4.38
94,"[1, 2, 5]","[5, 5, 5]","[0.88, 0.75, 0.88]","[['D', 'B', 'C', 'A'], ['C', 'B', 'A', 'D'], ['B', 'C', 'D', 'A']]","{'B': 5, 'C': 5, 'A': 3, 'D': 2}","[1.0, 0.88, 1.0]",4.38
94,"[1, 2, 5]","[5, 5, 5]","[0.88, 0.75, 0.88]","[['D', 'B', 'C', 'A'], ['C', 'B', 'A', 'D'], ['B', 'D', 'C', 'A']]","{'B': 5, 'C': 5, 'A': 3, 'D': 2}","[1.0, 0.88, 1.0]",4.38
94,"[1, 2, 5]","[5, 5, 5]","[0.88, 0.75, 0.88]","[['D', 'B', 'C', 'A'], ['C', 'B', 'A', 'D'], ['C', 'A', 'B', 'D']]","{'B': 5, 'C': 5, 'A': 4, 'D': 1}","[1.0, 0.88, 1.0]",4.38
94,"[1, 2, 5]","[5, 5, 5]","[0.88, 0.75, 0.88]","[['D', 'B', 'C', 'A'], ['C', 'B', 'A', 'D'], ['C', 'B', 'A', 'D']]","{'B': 5, 'C': 5, 'A': 4, 'D': 1}","[1.0, 0.88, 1.0]",4.38
94,"[1, 2, 5]","[5, 5, 5]","[0.88, 0.75, 0.88]","[['D', 'B', 'C', 'A'], ['C', 'B', 'A', 'D'], ['C', 'B', 'D', 'A']]","{'B': 5, 'C': 5, 'A': 3, 'D': 2}","[1.0, 0.88, 1.0]",4.38
94,"[1, 2, 5]","[5, 5, 5]","[0.88, 0.75, 0.88]","[['D', 'B', 'C', 'A'], ['C', 'B', 'A', 'D'], ['C', 'D', 'B', 'A']]","{'B': 5, 'C': 5, 'A': 3, 'D': 2}","[1.0, 0.88, 1.0]",4.38
94,"[1, 2, 5]","[5, 5, 5]","[0.88, 0.75, 0.88]","[['D', 'B', 'C', 'A'], ['C', 'B', 'A', 'D'], ['D', 'B', 'C', 'A']]","{'B': 5, 'C': 5, 'A': 3, 'D': 2}","[1.0, 0.88, 1.0]",4.38
94,"[1, 2, 5]","[5, 5, 5]","[0.88, 0.75, 0.88]","[['D', 'B', 'C', 'A'], ['C', 'B', 'A', 'D'], ['D', 'C', 'B', 'A']]","{'B': 5, 'C': 5, 'A': 3, 'D': 2}","[1.0, 0.88, 1.0]",4.38
94,"[1, 2, 5]","[5, 5, 5]","[0.88, 0.75, 0.88]","[['D', 'B', 'C', 'A'], ['C', 'B', 'D', 'A'], ['A', 'B', 'C', 'D']]","{'B': 5, 'C': 5, 'A': 3, 'D': 2}","[1.0, 0.88, 1.0]",4.38
94,"[1, 2, 5]","[5, 5, 5]","[0.88, 0.75, 0.88]","[['D', 'B', 'C', 'A'], ['C', 'B', 'D', 'A'], ['A', 'B', 'D', 'C']]","{'B': 5, 'C': 4, 'A': 3, 'D': 3}","[1.0, 0.88, 1.0]",4.38
94,"[1, 2, 5]","[5, 5, 5]","[0.88, 0.75, 0.88]","[['D', 'B', 'C', 'A'], ['C', 'B', 'D', 'A'], ['A', 'C', 'B', 'D']]","{'B': 5, 'C': 5, 'A': 3, 'D': 2}","[1.0, 0.88, 1.0]",4.38
94,"[1, 2, 5]","[5, 5, 5]","[0.88, 0.75, 0.88]","[['D', 'B', 'C', 'A'], ['C', 'B', 'D', 'A'], ['A', 'D', 'B', 'C']]","{'B': 5, 'C': 4, 'A': 3, 'D': 3}","[1.0, 0.88, 1.0]",4.38
94,"[1, 2, 5]","[5, 5, 5]","[0.88, 0.75, 0.88]","[['D', 'B', 'C', 'A'], ['C', 'B', 'D', 'A'], ['B', 'A', 'C', 'D']]","{'B': 5, 'C': 5, 'A': 3, 'D': 2}","[1.0, 0.88, 1.0]",4.38
94,"[1, 2, 5]","[5, 5, 5]","[0.88, 0.75, 0.88]","[['D', 'B', 'C', 'A'], ['C', 'B', 'D', 'A'], ['B', 'A', 'D', 'C']]","{'B': 5, 'C': 4, 'A': 3, 'D': 3}","[1.0, 0.88, 1.0]",4.38
94,"[1, 2, 5]","[5, 5, 5]","[0.88, 0.75, 0.88]","[['D', 'B', 'C', 'A'], ['C', 'B', 'D', 'A'], ['B', 'C', 'A', 'D']]","{'B': 5, 'C': 5, 'A': 3, 'D': 2}","[1.0, 0.88, 1.0]",4.38
94,"[1, 2, 5]","[5, 5, 5]","[0.88, 0.75, 0.88]","[['D', 'B', 'C', 'A'], ['C', 'B', 'D', 'A'], ['B', 'D', 'A', 'C']]","{'B': 5, 'C': 4, 'A': 3, 'D': 3}","[1.0, 0.88, 1.0]",4.38
94,"[1, 2, 5]","[5, 5, 5]","[0.88, 0.75, 0.88]","[['D', 'B', 'C', 'A'], ['C', 'B', 'D', 'A'], ['C', 'A', 'B', 'D']]","{'B': 5, 'C': 5, 'A': 3, 'D': 2}","[1.0, 0.88, 1.0]",4.38
94,"[1, 2, 5]","[5, 5, 5]","[0.88, 0.75, 0.88]","[['D', 'B', 'C', 'A'], ['C', 'B', 'D', 'A'], ['C', 'B', 'A', 'D']]","{'B': 5, 'C': 5, 'A': 3, 'D': 2}","[1.0, 0.88, 1.0]",4.38
94,"[1, 2, 5]","[5, 5, 5]","[0.88, 0.75, 0.88]","[['D', 'B', 'C', 'A'], ['C', 'B', 'D', 'A'], ['D', 'A', 'B', 'C']]","{'B': 5, 'C': 4, 'A': 3, 'D': 3}","[1.0, 0.88, 1.0]",4.38
94,"[1, 2, 5]","[5, 5, 5]","[0.88, 0.75, 0.88]","[['D', 'B', 'C', 'A'], ['C', 'B', 'D', 'A'], ['D', 'B', 'A', 'C']]","{'B': 5, 'C': 4, 'A': 3, 'D': 3}","[1.0, 0.88, 1.0]",4.38
94,"[1, 2, 5]","[5, 5, 5]","[0.88, 0.75, 0.88]","[['D', 'B', 'C', 'A'], ['C', 'D', 'B', 'A'], ['A', 'B', 'C', 'D']]","{'B': 5, 'C': 5, 'A': 3, 'D': 2}","[1.0, 0.88, 1.0]",4.38
94,"[1, 2, 5]","[5, 5, 5]","[0.88, 0.75, 0.88]","[['D', 'B', 'C', 'A'], ['C', 'D', 'B', 'A'], ['A', 'B', 'D', 'C']]","{'B': 5, 'C': 4, 'A': 3, 'D': 3}","[1.0, 0.88, 1.0]",4.38
94,"[1, 2, 5]","[5, 5, 5]","[0.88, 0.75, 0.88]","[['D', 'B', 'C', 'A'], ['C', 'D', 'B', 'A'], ['A', 'C', 'B', 'D']]","{'B': 5, 'C': 5, 'A': 3, 'D': 2}","[1.0, 0.88, 1.0]",4.38
94,"[1, 2, 5]","[5, 5, 5]","[0.88, 0.75, 0.88]","[['D', 'B', 'C', 'A'], ['C', 'D', 'B', 'A'], ['A', 'D', 'B', 'C']]","{'B': 5, 'C': 4, 'A': 3, 'D': 3}","[1.0, 0.88, 1.0]",4.38
94,"[1, 2, 5]","[5, 5, 5]","[0.88, 0.75, 0.88]","[['D', 'B', 'C', 'A'], ['C', 'D', 'B', 'A'], ['B', 'A', 'C', 'D']]","{'B': 5, 'C': 5, 'A': 3, 'D': 2}","[1.0, 0.88, 1.0]",4.38
94,"[1, 2, 5]","[5, 5, 5]","[0.88, 0.75, 0.88]","[['D', 'B', 'C', 'A'], ['C', 'D', 'B', 'A'], ['B', 'A', 'D', 'C']]","{'B': 5, 'C': 4, 'A': 3, 'D': 3}","[1.0, 0.88, 1.0]",4.38
94,"[1, 2, 5]","[5, 5, 5]","[0.88, 0.75, 0.88]","[['D', 'B', 'C', 'A'], ['C', 'D', 'B', 'A'], ['B', 'C', 'A', 'D']]","{'B': 5, 'C': 5, 'A': 3, 'D': 2}","[1.0, 0.88, 1.0]",4.38
94,"[1, 2, 5]","[5, 5, 5]","[0.88, 0.75, 0.88]","[['D', 'B', 'C', 'A'], ['C', 'D', 'B', 'A'], ['B', 'D', 'A', 'C']]","{'B': 5, 'C': 4, 'A': 3, 'D': 3}","[1.0, 0.88, 1.0]",4.38
94,"[1, 2, 5]","[5, 5, 5]","[0.88, 0.75, 0.88]","[['D', 'B', 'C', 'A'], ['C', 'D', 'B', 'A'], ['C', 'A', 'B', 'D']]","{'B': 5, 'C': 5, 'A': 3, 'D': 2}","[1.0, 0.88, 1.0]",4.38
94,"[1, 2, 5]","[5, 5, 5]","[0.88, 0.75, 0.88]","[['D', 'B', 'C', 'A'], ['C', 'D', 'B', 'A'], ['C', 'B', 'A', 'D']]","{'B': 5, 'C': 5, 'A': 3, 'D': 2}","[1.0, 0.88, 1.0]",4.38
94,"[1, 2, 5]","[5, 5, 5]","[0.88, 0.75, 0.88]","[['D', 'B', 'C', 'A'], ['C', 'D', 'B', 'A'], ['D', 'A', 'B', 'C']]","{'B': 5, 'C': 4, 'A': 3, 'D': 3}","[1.0, 0.88, 1.0]",4.38
94,"[1, 2, 5]","[5, 5, 5]","[0.88, 0.75, 0.88]","[['D', 'B', 'C', 'A'], ['C', 'D', 'B', 'A'], ['D', 'B', 'A', 'C']]","{'B': 5, 'C': 4, 'A': 3, 'D': 3}","[1.0, 0.88, 1.0]",4.38
94,"[1, 2, 5]","[5, 5, 5]","[0.88, 0.75, 0.88]","[['D', 'B', 'C', 'A'], ['D', 'A', 'B', 'C'], ['B', 'C', 'D', 'A']]","{'B': 5, 'C': 4, 'A': 3, 'D': 3}","[1.0, 0.88, 1.0]",4.38
94,"[1, 2, 5]","[5, 5, 5]","[0.88, 0.75, 0.88]","[['D', 'B', 'C', 'A'], ['D', 'A', 'B', 'C'], ['B', 'D', 'C', 'A']]","{'B': 5, 'C': 4, 'A': 3, 'D': 3}","[1.0, 0.88, 1.0]",4.38
94,"[1, 2, 5]","[5, 5, 5]","[0.88, 0.75, 0.88]","[['D', 'B', 'C', 'A'], ['D', 'A', 'B', 'C'], ['C', 'B', 'D', 'A']]","{'B': 5, 'C': 4, 'A': 3, 'D': 3}","[1.0, 0.88, 1.0]",4.38
94,"[1, 2, 5]","[5, 5, 5]","[0.88, 0.75, 0.88]","[['D', 'B', 'C', 'A'], ['D', 'A', 'B', 'C'], ['C', 'D', 'B', 'A']]","{'B': 5, 'C': 4, 'A': 3, 'D': 3}","[1.0, 0.88, 1.0]",4.38
94,"[1, 2, 5]","[5, 5, 5]","[0.88, 0.75, 0.88]","[['D', 'B', 'C', 'A'], ['D', 'A', 'B', 'C'], ['D', 'B', 'C', 'A']]","{'B': 5, 'C': 4, 'A': 3, 'D': 3}","[1.0, 0.88, 1.0]",4.38
94,"[1, 2, 5]","[5, 5, 5]","[0.88, 0.75, 0.88]","[['D', 'B', 'C', 'A'], ['D', 'A', 'B', 'C'], ['D', 'C', 'B', 'A']]","{'B': 5, 'C': 4, 'A': 3, 'D': 3}","[1.0, 0.88, 1.0]",4.38
94,"[1, 2, 5]","[5, 5, 5]","[0.88, 0.75, 0.88]","[['D', 'B', 'C', 'A'], ['D', 'B', 'A', 'C'], ['B', 'C', 'D', 'A']]","{'B': 5, 'C': 4, 'A': 3, 'D': 3}","[1.0, 0.88, 1.0]",4.38
94,"[1, 2, 5]","[5, 5, 5]","[0.88, 0.75, 0.88]","[['D', 'B', 'C', 'A'], ['D', 'B', 'A', 'C'], ['B', 'D', 'C', 'A']]","{'B': 5, 'C': 4, 'A': 3, 'D': 3}","[1.0, 0.88, 1.0]",4.38
94,"[1, 2, 5]","[5, 5, 5]","[0.88, 0.75, 0.88]","[['D', 'B', 'C', 'A'], ['D', 'B', 'A', 'C'], ['C', 'B', 'D', 'A']]","{'B': 5, 'C': 4, 'A': 3, 'D': 3}","[1.0, 0.88, 1.0]",4.38
94,"[1, 2, 5]","[5, 5, 5]","[0.88, 0.75, 0.88]","[['D', 'B', 'C', 'A'], ['D', 'B', 'A', 'C'], ['C', 'D', 'B', 'A']]","{'B': 5, 'C': 4, 'A': 3, 'D': 3}","[1.0, 0.88, 1.0]",4.38
94,"[1, 2, 5]","[5, 5, 5]","[0.88, 0.75, 0.88]","[['D', 'B', 'C', 'A'], ['D', 'B', 'A', 'C'], ['D', 'B', 'C', 'A']]","{'B': 5, 'C': 4, 'A': 3, 'D': 3}","[1.0, 0.88, 1.0]",4.38
94,"[1, 2, 5]","[5, 5, 5]","[0.88, 0.75, 0.88]","[['D', 'B', 'C', 'A'], ['D', 'B', 'A', 'C'], ['D', 'C', 'B', 'A']]","{'B': 5, 'C': 4, 'A': 3, 'D': 3}","[1.0, 0.88, 1.0]",4.38
94,"[1, 2, 5]","[5, 5, 5]","[0.88, 0.75, 0.88]","[['D', 'B', 'C', 'A'], ['D', 'B', 'C', 'A'], ['A', 'B', 'C', 'D']]","{'B': 5, 'C': 5, 'A': 3, 'D': 2}","[1.0, 0.88, 1.0]",4.38
94,"[1, 2, 5]","[5, 5, 5]","[0.88, 0.75, 0.88]","[['D', 'B', 'C', 'A'], ['D', 'B', 'C', 'A'], ['A', 'B', 'D', 'C']]","{'B': 5, 'C': 4, 'A': 3, 'D': 3}","[1.0, 0.88, 1.0]",4.38
94,"[1, 2, 5]","[5, 5, 5]","[0.88, 0.75, 0.88]","[['D', 'B', 'C', 'A'], ['D', 'B', 'C', 'A'], ['A', 'C', 'B', 'D']]","{'B': 5, 'C': 5, 'A': 3, 'D': 2}","[1.0, 0.88, 1.0]",4.38
94,"[1, 2, 5]","[5, 5, 5]","[0.88, 0.75, 0.88]","[['D', 'B', 'C', 'A'], ['D', 'B', 'C', 'A'], ['A', 'D', 'B', 'C']]","{'B': 5, 'C': 4, 'A': 3, 'D': 3}","[1.0, 0.88, 1.0]",4.38
94,"[1, 2, 5]","[5, 5, 5]","[0.88, 0.75, 0.88]","[['D', 'B', 'C', 'A'], ['D', 'B', 'C', 'A'], ['B', 'A', 'C', 'D']]","{'B': 5, 'C': 5, 'A': 3, 'D': 2}","[1.0, 0.88, 1.0]",4.38
94,"[1, 2, 5]","[5, 5, 5]","[0.88, 0.75, 0.88]","[['D', 'B', 'C', 'A'], ['D', 'B', 'C', 'A'], ['B', 'A', 'D', 'C']]","{'B': 5, 'C': 4, 'A': 3, 'D': 3}","[1.0, 0.88, 1.0]",4.38
94,"[1, 2, 5]","[5, 5, 5]","[0.88, 0.75, 0.88]","[['D', 'B', 'C', 'A'], ['D', 'B', 'C', 'A'], ['B', 'C', 'A', 'D']]","{'B': 5, 'C': 5, 'A': 3, 'D': 2}","[1.0, 0.88, 1.0]",4.38
94,"[1, 2, 5]","[5, 5, 5]","[0.88, 0.75, 0.88]","[['D', 'B', 'C', 'A'], ['D', 'B', 'C', 'A'], ['B', 'D', 'A', 'C']]","{'B': 5, 'C': 4, 'A': 3, 'D': 3}","[1.0, 0.88, 1.0]",4.38
94,"[1, 2, 5]","[5, 5, 5]","[0.88, 0.75, 0.88]","[['D', 'B', 'C', 'A'], ['D', 'B', 'C', 'A'], ['C', 'A', 'B', 'D']]","{'B': 5, 'C': 5, 'A': 3, 'D': 2}","[1.0, 0.88, 1.0]",4.38
94,"[1, 2, 5]","[5, 5, 5]","[0.88, 0.75, 0.88]","[['D', 'B', 'C', 'A'], ['D', 'B', 'C', 'A'], ['C', 'B', 'A', 'D']]","{'B': 5, 'C': 5, 'A': 3, 'D': 2}","[1.0, 0.88, 1.0]",4.38
94,"[1, 2, 5]","[5, 5, 5]","[0.88, 0.75, 0.88]","[['D', 'B', 'C', 'A'], ['D', 'B', 'C', 'A'], ['D', 'A', 'B', 'C']]","{'B': 5, 'C': 4, 'A': 3, 'D': 3}","[1.0, 0.88, 1.0]",4.38
94,"[1, 2, 5]","[5, 5, 5]","[0.88, 0.75, 0.88]","[['D', 'B', 'C', 'A'], ['D', 'B', 'C', 'A'], ['D', 'B', 'A', 'C']]","{'B': 5, 'C': 4, 'A': 3, 'D': 3}","[1.0, 0.88, 1.0]",4.38
94,"[1, 2, 5]","[5, 5, 5]","[0.88, 0.75, 0.88]","[['D', 'B', 'C', 'A'], ['D', 'C', 'B', 'A'], ['A', 'B', 'C', 'D']]","{'B': 5, 'C': 5, 'A': 3, 'D': 2}","[1.0, 0.88, 1.0]",4.38
94,"[1, 2, 5]","[5, 5, 5]","[0.88, 0.75, 0.88]","[['D', 'B', 'C', 'A'], ['D', 'C', 'B', 'A'], ['A', 'B', 'D', 'C']]","{'B': 5, 'C': 4, 'A': 3, 'D': 3}","[1.0, 0.88, 1.0]",4.38
94,"[1, 2, 5]","[5, 5, 5]","[0.88, 0.75, 0.88]","[['D', 'B', 'C', 'A'], ['D', 'C', 'B', 'A'], ['A', 'C', 'B', 'D']]","{'B': 5, 'C': 5, 'A': 3, 'D': 2}","[1.0, 0.88, 1.0]",4.38
94,"[1, 2, 5]","[5, 5, 5]","[0.88, 0.75, 0.88]","[['D', 'B', 'C', 'A'], ['D', 'C', 'B', 'A'], ['A', 'D', 'B', 'C']]","{'B': 5, 'C': 4, 'A': 3, 'D': 3}","[1.0, 0.88, 1.0]",4.38
94,"[1, 2, 5]","[5, 5, 5]","[0.88, 0.75, 0.88]","[['D', 'B', 'C', 'A'], ['D', 'C', 'B', 'A'], ['B', 'A', 'C', 'D']]","{'B': 5, 'C': 5, 'A': 3, 'D': 2}","[1.0, 0.88, 1.0]",4.38
94,"[1, 2, 5]","[5, 5, 5]","[0.88, 0.75, 0.88]","[['D', 'B', 'C', 'A'], ['D', 'C', 'B', 'A'], ['B', 'A', 'D', 'C']]","{'B': 5, 'C': 4, 'A': 3, 'D': 3}","[1.0, 0.88, 1.0]",4.38
94,"[1, 2, 5]","[5, 5, 5]","[0.88, 0.75, 0.88]","[['D', 'B', 'C', 'A'], ['D', 'C', 'B', 'A'], ['B', 'C', 'A', 'D']]","{'B': 5, 'C': 5, 'A': 3, 'D': 2}","[1.0, 0.88, 1.0]",4.38
94,"[1, 2, 5]","[5, 5, 5]","[0.88, 0.75, 0.88]","[['D', 'B', 'C', 'A'], ['D', 'C', 'B', 'A'], ['B', 'D', 'A', 'C']]","{'B': 5, 'C': 4, 'A': 3, 'D': 3}","[1.0, 0.88, 1.0]",4.38
94,"[1, 2, 5]","[5, 5, 5]","[0.88, 0.75, 0.88]","[['D', 'B', 'C', 'A'], ['D', 'C', 'B', 'A'], ['C', 'A', 'B', 'D']]","{'B': 5, 'C': 5, 'A': 3, 'D': 2}","[1.0, 0.88, 1.0]",4.38
94,"[1, 2, 5]","[5, 5, 5]","[0.88, 0.75, 0.88]","[['D', 'B', 'C', 'A'], ['D', 'C', 'B', 'A'], ['C', 'B', 'A', 'D']]","{'B': 5, 'C': 5, 'A': 3, 'D': 2}","[1.0, 0.88, 1.0]",4.38
94,"[1, 2, 5]","[5, 5, 5]","[0.88, 0.75, 0.88]","[['D', 'B', 'C', 'A'], ['D', 'C', 'B', 'A'], ['D', 'A', 'B', 'C']]","{'B': 5, 'C': 4, 'A': 3, 'D': 3}","[1.0, 0.88, 1.0]",4.38
94,"[1, 2, 5]","[5, 5, 5]","[0.88, 0.75, 0.88]","[['D', 'B', 'C', 'A'], ['D', 'C', 'B', 'A'], ['D', 'B', 'A', 'C']]","{'B': 5, 'C': 4, 'A': 3, 'D': 3}","[1.0, 0.88, 1.0]",4.38
94,"[1, 2, 5]","[5, 5, 5]","[0.88, 0.75, 0.88]","[['D', 'C', 'B', 'A'], ['A', 'B', 'C', 'D'], ['A', 'B', 'C', 'D']]","{'B': 5, 'C': 5, 'A': 4, 'D': 1}","[1.0, 0.88, 1.0]",4.38
94,"[1, 2, 5]","[5, 5, 5]","[0.88, 0.75, 0.88]","[['D', 'C', 'B', 'A'], ['A', 'B', 'C', 'D'], ['A', 'C', 'B', 'D']]","{'B': 5, 'C': 5, 'A': 4, 'D': 1}","[1.0, 0.88, 1.0]",4.38
94,"[1, 2, 5]","[5, 5, 5]","[0.88, 0.75, 0.88]","[['D', 'C', 'B', 'A'], ['A', 'B', 'C', 'D'], ['B', 'A', 'C', 'D']]","{'B': 5, 'C': 5, 'A': 4, 'D': 1}","[1.0, 0.88, 1.0]",4.38
94,"[1, 2, 5]","[5, 5, 5]","[0.88, 0.75, 0.88]","[['D', 'C', 'B', 'A'], ['A', 'B', 'C', 'D'], ['B', 'C', 'A', 'D']]","{'B': 5, 'C': 5, 'A': 4, 'D': 1}","[1.0, 0.88, 1.0]",4.38
94,"[1, 2, 5]","[5, 5, 5]","[0.88, 0.75, 0.88]","[['D', 'C', 'B', 'A'], ['A', 'B', 'C', 'D'], ['B', 'C', 'D', 'A']]","{'B': 5, 'C': 5, 'A': 3, 'D': 2}","[1.0, 0.88, 1.0]",4.38
94,"[1, 2, 5]","[5, 5, 5]","[0.88, 0.75, 0.88]","[['D', 'C', 'B', 'A'], ['A', 'B', 'C', 'D'], ['B', 'D', 'C', 'A']]","{'B': 5, 'C': 5, 'A': 3, 'D': 2}","[1.0, 0.88, 1.0]",4.38
94,"[1, 2, 5]","[5, 5, 5]","[0.88, 0.75, 0.88]","[['D', 'C', 'B', 'A'], ['A', 'B', 'C', 'D'], ['C', 'A', 'B', 'D']]","{'B': 5, 'C': 5, 'A': 4, 'D': 1}","[1.0, 0.88, 1.0]",4.38
94,"[1, 2, 5]","[5, 5, 5]","[0.88, 0.75, 0.88]","[['D', 'C', 'B', 'A'], ['A', 'B', 'C', 'D'], ['C', 'B', 'A', 'D']]","{'B': 5, 'C': 5, 'A': 4, 'D': 1}","[1.0, 0.88, 1.0]",4.38
94,"[1, 2, 5]","[5, 5, 5]","[0.88, 0.75, 0.88]","[['D', 'C', 'B', 'A'], ['A', 'B', 'C', 'D'], ['C', 'B', 'D', 'A']]","{'B': 5, 'C': 5, 'A': 3, 'D': 2}","[1.0, 0.88, 1.0]",4.38
94,"[1, 2, 5]","[5, 5, 5]","[0.88, 0.75, 0.88]","[['D', 'C', 'B', 'A'], ['A', 'B', 'C', 'D'], ['C', 'D', 'B', 'A']]","{'B': 5, 'C': 5, 'A': 3, 'D': 2}","[1.0, 0.88, 1.0]",4.38
94,"[1, 2, 5]","[5, 5, 5]","[0.88, 0.75, 0.88]","[['D', 'C', 'B', 'A'], ['A', 'B', 'C', 'D'], ['D', 'B', 'C', 'A']]","{'B': 5, 'C': 5, 'A': 3, 'D': 2}","[1.0, 0.88, 1.0]",4.38
94,"[1, 2, 5]","[5, 5, 5]","[0.88, 0.75, 0.88]","[['D', 'C', 'B', 'A'], ['A', 'B', 'C', 'D'], ['D', 'C', 'B', 'A']]","{'B': 5, 'C': 5, 'A': 3, 'D': 2}","[1.0, 0.88, 1.0]",4.38
94,"[1, 2, 5]","[5, 5, 5]","[0.88, 0.75, 0.88]","[['D', 'C', 'B', 'A'], ['A', 'B', 'D', 'C'], ['B', 'C', 'D', 'A']]","{'B': 5, 'C': 4, 'A': 3, 'D': 3}","[1.0, 0.88, 1.0]",4.38
94,"[1, 2, 5]","[5, 5, 5]","[0.88, 0.75, 0.88]","[['D', 'C', 'B', 'A'], ['A', 'B', 'D', 'C'], ['B', 'D', 'C', 'A']]","{'B': 5, 'C': 4, 'A': 3, 'D': 3}","[1.0, 0.88, 1.0]",4.38
94,"[1, 2, 5]","[5, 5, 5]","[0.88, 0.75, 0.88]","[['D', 'C', 'B', 'A'], ['A', 'B', 'D', 'C'], ['C', 'B', 'D', 'A']]","{'B': 5, 'C': 4, 'A': 3, 'D': 3}","[1.0, 0.88, 1.0]",4.38
94,"[1, 2, 5]","[5, 5, 5]","[0.88, 0.75, 0.88]","[['D', 'C', 'B', 'A'], ['A', 'B', 'D', 'C'], ['C', 'D', 'B', 'A']]","{'B': 5, 'C': 4, 'A': 3, 'D': 3}","[1.0, 0.88, 1.0]",4.38
94,"[1, 2, 5]","[5, 5, 5]","[0.88, 0.75, 0.88]","[['D', 'C', 'B', 'A'], ['A', 'B', 'D', 'C'], ['D', 'B', 'C', 'A']]","{'B': 5, 'C': 4, 'A': 3, 'D': 3}","[1.0, 0.88, 1.0]",4.38
94,"[1, 2, 5]","[5, 5, 5]","[0.88, 0.75, 0.88]","[['D', 'C', 'B', 'A'], ['A', 'B', 'D', 'C'], ['D', 'C', 'B', 'A']]","{'B': 5, 'C': 4, 'A': 3, 'D': 3}","[1.0, 0.88, 1.0]",4.38
94,"[1, 2, 5]","[5, 5, 5]","[0.88, 0.75, 0.88]","[['D', 'C', 'B', 'A'], ['A', 'C', 'B', 'D'], ['A', 'B', 'C', 'D']]","{'B': 5, 'C': 5, 'A': 4, 'D': 1}","[1.0, 0.88, 1.0]",4.38
94,"[1, 2, 5]","[5, 5, 5]","[0.88, 0.75, 0.88]","[['D', 'C', 'B', 'A'], ['A', 'C', 'B', 'D'], ['A', 'C', 'B', 'D']]","{'B': 5, 'C': 5, 'A': 4, 'D': 1}","[1.0, 0.88, 1.0]",4.38
94,"[1, 2, 5]","[5, 5, 5]","[0.88, 0.75, 0.88]","[['D', 'C', 'B', 'A'], ['A', 'C', 'B', 'D'], ['B', 'A', 'C', 'D']]","{'B': 5, 'C': 5, 'A': 4, 'D': 1}","[1.0, 0.88, 1.0]",4.38
94,"[1, 2, 5]","[5, 5, 5]","[0.88, 0.75, 0.88]","[['D', 'C', 'B', 'A'], ['A', 'C', 'B', 'D'], ['B', 'C', 'A', 'D']]","{'B': 5, 'C': 5, 'A': 4, 'D': 1}","[1.0, 0.88, 1.0]",4.38
94,"[1, 2, 5]","[5, 5, 5]","[0.88, 0.75, 0.88]","[['D', 'C', 'B', 'A'], ['A', 'C', 'B', 'D'], ['B', 'C', 'D', 'A']]","{'B': 5, 'C': 5, 'A': 3, 'D': 2}","[1.0, 0.88, 1.0]",4.38
94,"[1, 2, 5]","[5, 5, 5]","[0.88, 0.75, 0.88]","[['D', 'C', 'B', 'A'], ['A', 'C', 'B', 'D'], ['B', 'D', 'C', 'A']]","{'B': 5, 'C': 5, 'A': 3, 'D': 2}","[1.0, 0.88, 1.0]",4.38
94,"[1, 2, 5]","[5, 5, 5]","[0.88, 0.75, 0.88]","[['D', 'C', 'B', 'A'], ['A', 'C', 'B', 'D'], ['C', 'A', 'B', 'D']]","{'B': 5, 'C': 5, 'A': 4, 'D': 1}","[1.0, 0.88, 1.0]",4.38
94,"[1, 2, 5]","[5, 5, 5]","[0.88, 0.75, 0.88]","[['D', 'C', 'B', 'A'], ['A', 'C', 'B', 'D'], ['C', 'B', 'A', 'D']]","{'B': 5, 'C': 5, 'A': 4, 'D': 1}","[1.0, 0.88, 1.0]",4.38
94,"[1, 2, 5]","[5, 5, 5]","[0.88, 0.75, 0.88]","[['D', 'C', 'B', 'A'], ['A', 'C', 'B', 'D'], ['C', 'B', 'D', 'A']]","{'B': 5, 'C': 5, 'A': 3, 'D': 2}","[1.0, 0.88, 1.0]",4.38
94,"[1, 2, 5]","[5, 5, 5]","[0.88, 0.75, 0.88]","[['D', 'C', 'B', 'A'], ['A', 'C', 'B', 'D'], ['C', 'D', 'B', 'A']]","{'B': 5, 'C': 5, 'A': 3, 'D': 2}","[1.0, 0.88, 1.0]",4.38
94,"[1, 2, 5]","[5, 5, 5]","[0.88, 0.75, 0.88]","[['D', 'C', 'B', 'A'], ['A', 'C', 'B', 'D'], ['D', 'B', 'C', 'A']]","{'B': 5, 'C': 5, 'A': 3, 'D': 2}","[1.0, 0.88, 1.0]",4.38
94,"[1, 2, 5]","[5, 5, 5]","[0.88, 0.75, 0.88]","[['D', 'C', 'B', 'A'], ['A', 'C', 'B', 'D'], ['D', 'C', 'B', 'A']]","{'B': 5, 'C': 5, 'A': 3, 'D': 2}","[1.0, 0.88, 1.0]",4.38
94,"[1, 2, 5]","[5, 5, 5]","[0.88, 0.75, 0.88]","[['D', 'C', 'B', 'A'], ['A', 'D', 'B', 'C'], ['B', 'C', 'D', 'A']]","{'B': 5, 'C': 4, 'A': 3, 'D': 3}","[1.0, 0.88, 1.0]",4.38
94,"[1, 2, 5]","[5, 5, 5]","[0.88, 0.75, 0.88]","[['D', 'C', 'B', 'A'], ['A', 'D', 'B', 'C'], ['B', 'D', 'C', 'A']]","{'B': 5, 'C': 4, 'A': 3, 'D': 3}","[1.0, 0.88, 1.0]",4.38
94,"[1, 2, 5]","[5, 5, 5]","[0.88, 0.75, 0.88]","[['D', 'C', 'B', 'A'], ['A', 'D', 'B', 'C'], ['C', 'B', 'D', 'A']]","{'B': 5, 'C': 4, 'A': 3, 'D': 3}","[1.0, 0.88, 1.0]",4.38
94,"[1, 2, 5]","[5, 5, 5]","[0.88, 0.75, 0.88]","[['D', 'C', 'B', 'A'], ['A', 'D', 'B', 'C'], ['C', 'D', 'B', 'A']]","{'B': 5, 'C': 4, 'A': 3, 'D': 3}","[1.0, 0.88, 1.0]",4.38
94,"[1, 2, 5]","[5, 5, 5]","[0.88, 0.75, 0.88]","[['D', 'C', 'B', 'A'], ['A', 'D', 'B', 'C'], ['D', 'B', 'C', 'A']]","{'B': 5, 'C': 4, 'A': 3, 'D': 3}","[1.0, 0.88, 1.0]",4.38
94,"[1, 2, 5]","[5, 5, 5]","[0.88, 0.75, 0.88]","[['D', 'C', 'B', 'A'], ['A', 'D', 'B', 'C'], ['D', 'C', 'B', 'A']]","{'B': 5, 'C': 4, 'A': 3, 'D': 3}","[1.0, 0.88, 1.0]",4.38
94,"[1, 2, 5]","[5, 5, 5]","[0.88, 0.75, 0.88]","[['D', 'C', 'B', 'A'], ['B', 'A', 'C', 'D'], ['A', 'B', 'C', 'D']]","{'B': 5, 'C': 5, 'A': 4, 'D': 1}","[1.0, 0.88, 1.0]",4.38
94,"[1, 2, 5]","[5, 5, 5]","[0.88, 0.75, 0.88]","[['D', 'C', 'B', 'A'], ['B', 'A', 'C', 'D'], ['A', 'C', 'B', 'D']]","{'B': 5, 'C': 5, 'A': 4, 'D': 1}","[1.0, 0.88, 1.0]",4.38
94,"[1, 2, 5]","[5, 5, 5]","[0.88, 0.75, 0.88]","[['D', 'C', 'B', 'A'], ['B', 'A', 'C', 'D'], ['B', 'A', 'C', 'D']]","{'B': 5, 'C': 5, 'A': 4, 'D': 1}","[1.0, 0.88, 1.0]",4.38
94,"[1, 2, 5]","[5, 5, 5]","[0.88, 0.75, 0.88]","[['D', 'C', 'B', 'A'], ['B', 'A', 'C', 'D'], ['B', 'C', 'A', 'D']]","{'B': 5, 'C': 5, 'A': 4, 'D': 1}","[1.0, 0.88, 1.0]",4.38
94,"[1, 2, 5]","[5, 5, 5]","[0.88, 0.75, 0.88]","[['D', 'C', 'B', 'A'], ['B', 'A', 'C', 'D'], ['B', 'C', 'D', 'A']]","{'B': 5, 'C': 5, 'A': 3, 'D': 2}","[1.0, 0.88, 1.0]",4.38
94,"[1, 2, 5]","[5, 5, 5]","[0.88, 0.75, 0.88]","[['D', 'C', 'B', 'A'], ['B', 'A', 'C', 'D'], ['B', 'D', 'C', 'A']]","{'B': 5, 'C': 5, 'A': 3, 'D': 2}","[1.0, 0.88, 1.0]",4.38
94,"[1, 2, 5]","[5, 5, 5]","[0.88, 0.75, 0.88]","[['D', 'C', 'B', 'A'], ['B', 'A', 'C', 'D'], ['C', 'A', 'B', 'D']]","{'B': 5, 'C': 5, 'A': 4, 'D': 1}","[1.0, 0.88, 1.0]",4.38
94,"[1, 2, 5]","[5, 5, 5]","[0.88, 0.75, 0.88]","[['D', 'C', 'B', 'A'], ['B', 'A', 'C', 'D'], ['C', 'B', 'A', 'D']]","{'B': 5, 'C': 5, 'A': 4, 'D': 1}","[1.0, 0.88, 1.0]",4.38
94,"[1, 2, 5]","[5, 5, 5]","[0.88, 0.75, 0.88]","[['D', 'C', 'B', 'A'], ['B', 'A', 'C', 'D'], ['C', 'B', 'D', 'A']]","{'B': 5, 'C': 5, 'A': 3, 'D': 2}","[1.0, 0.88, 1.0]",4.38
94,"[1, 2, 5]","[5, 5, 5]","[0.88, 0.75, 0.88]","[['D', 'C', 'B', 'A'], ['B', 'A', 'C', 'D'], ['C', 'D', 'B', 'A']]","{'B': 5, 'C': 5, 'A': 3, 'D': 2}","[1.0, 0.88, 1.0]",4.38
94,"[1, 2, 5]","[5, 5, 5]","[0.88, 0.75, 0.88]","[['D', 'C', 'B', 'A'], ['B', 'A', 'C', 'D'], ['D', 'B', 'C', 'A']]","{'B': 5, 'C': 5, 'A': 3, 'D': 2}","[1.0, 0.88, 1.0]",4.38
94,"[1, 2, 5]","[5, 5, 5]","[0.88, 0.75, 0.88]","[['D', 'C', 'B', 'A'], ['B', 'A', 'C', 'D'], ['D', 'C', 'B', 'A']]","{'B': 5, 'C': 5, 'A': 3, 'D': 2}","[1.0, 0.88, 1.0]",4.38
94,"[1, 2, 5]","[5, 5, 5]","[0.88, 0.75, 0.88]","[['D', 'C', 'B', 'A'], ['B', 'A', 'D', 'C'], ['B', 'C', 'D', 'A']]","{'B': 5, 'C': 4, 'A': 3, 'D': 3}","[1.0, 0.88, 1.0]",4.38
94,"[1, 2, 5]","[5, 5, 5]","[0.88, 0.75, 0.88]","[['D', 'C', 'B', 'A'], ['B', 'A', 'D', 'C'], ['B', 'D', 'C', 'A']]","{'B': 5, 'C': 4, 'A': 3, 'D': 3}","[1.0, 0.88, 1.0]",4.38
94,"[1, 2, 5]","[5, 5, 5]","[0.88, 0.75, 0.88]","[['D', 'C', 'B', 'A'], ['B', 'A', 'D', 'C'], ['C', 'B', 'D', 'A']]","{'B': 5, 'C': 4, 'A': 3, 'D': 3}","[1.0, 0.88, 1.0]",4.38
94,"[1, 2, 5]","[5, 5, 5]","[0.88, 0.75, 0.88]","[['D', 'C', 'B', 'A'], ['B', 'A', 'D', 'C'], ['C', 'D', 'B', 'A']]","{'B': 5, 'C': 4, 'A': 3, 'D': 3}","[1.0, 0.88, 1.0]",4.38
94,"[1, 2, 5]","[5, 5, 5]","[0.88, 0.75, 0.88]","[['D', 'C', 'B', 'A'], ['B', 'A', 'D', 'C'], ['D', 'B', 'C', 'A']]","{'B': 5, 'C': 4, 'A': 3, 'D': 3}","[1.0, 0.88, 1.0]",4.38
94,"[1, 2, 5]","[5, 5, 5]","[0.88, 0.75, 0.88]","[['D', 'C', 'B', 'A'], ['B', 'A', 'D', 'C'], ['D', 'C', 'B', 'A']]","{'B': 5, 'C': 4, 'A': 3, 'D': 3}","[1.0, 0.88, 1.0]",4.38
94,"[1, 2, 5]","[5, 5, 5]","[0.88, 0.75, 0.88]","[['D', 'C', 'B', 'A'], ['B', 'C', 'A', 'D'], ['A', 'B', 'C', 'D']]","{'B': 5, 'C': 5, 'A': 4, 'D': 1}","[1.0, 0.88, 1.0]",4.38
94,"[1, 2, 5]","[5, 5, 5]","[0.88, 0.75, 0.88]","[['D', 'C', 'B', 'A'], ['B', 'C', 'A', 'D'], ['A', 'C', 'B', 'D']]","{'B': 5, 'C': 5, 'A': 4, 'D': 1}","[1.0, 0.88, 1.0]",4.38
94,"[1, 2, 5]","[5, 5, 5]","[0.88, 0.75, 0.88]","[['D', 'C', 'B', 'A'], ['B', 'C', 'A', 'D'], ['B', 'A', 'C', 'D']]","{'B': 5, 'C': 5, 'A': 4, 'D': 1}","[1.0, 0.88, 1.0]",4.38
94,"[1, 2, 5]","[5, 5, 5]","[0.88, 0.75, 0.88]","[['D', 'C', 'B', 'A'], ['B', 'C', 'A', 'D'], ['B', 'C', 'A', 'D']]","{'B': 5, 'C': 5, 'A': 4, 'D': 1}","[1.0, 0.88, 1.0]",4.38
94,"[1, 2, 5]","[5, 5, 5]","[0.88, 0.75, 0.88]","[['D', 'C', 'B', 'A'], ['B', 'C', 'A', 'D'], ['B', 'C', 'D', 'A']]","{'B': 5, 'C': 5, 'A': 3, 'D': 2}","[1.0, 0.88, 1.0]",4.38
94,"[1, 2, 5]","[5, 5, 5]","[0.88, 0.75, 0.88]","[['D', 'C', 'B', 'A'], ['B', 'C', 'A', 'D'], ['B', 'D', 'C', 'A']]","{'B': 5, 'C': 5, 'A': 3, 'D': 2}","[1.0, 0.88, 1.0]",4.38
94,"[1, 2, 5]","[5, 5, 5]","[0.88, 0.75, 0.88]","[['D', 'C', 'B', 'A'], ['B', 'C', 'A', 'D'], ['C', 'A', 'B', 'D']]","{'B': 5, 'C': 5, 'A': 4, 'D': 1}","[1.0, 0.88, 1.0]",4.38
94,"[1, 2, 5]","[5, 5, 5]","[0.88, 0.75, 0.88]","[['D', 'C', 'B', 'A'], ['B', 'C', 'A', 'D'], ['C', 'B', 'A', 'D']]","{'B': 5, 'C': 5, 'A': 4, 'D': 1}","[1.0, 0.88, 1.0]",4.38
94,"[1, 2, 5]","[5, 5, 5]","[0.88, 0.75, 0.88]","[['D', 'C', 'B', 'A'], ['B', 'C', 'A', 'D'], ['C', 'B', 'D', 'A']]","{'B': 5, 'C': 5, 'A': 3, 'D': 2}","[1.0, 0.88, 1.0]",4.38
94,"[1, 2, 5]","[5, 5, 5]","[0.88, 0.75, 0.88]","[['D', 'C', 'B', 'A'], ['B', 'C', 'A', 'D'], ['C', 'D', 'B', 'A']]","{'B': 5, 'C': 5, 'A': 3, 'D': 2}","[1.0, 0.88, 1.0]",4.38
94,"[1, 2, 5]","[5, 5, 5]","[0.88, 0.75, 0.88]","[['D', 'C', 'B', 'A'], ['B', 'C', 'A', 'D'], ['D', 'B', 'C', 'A']]","{'B': 5, 'C': 5, 'A': 3, 'D': 2}","[1.0, 0.88, 1.0]",4.38
94,"[1, 2, 5]","[5, 5, 5]","[0.88, 0.75, 0.88]","[['D', 'C', 'B', 'A'], ['B', 'C', 'A', 'D'], ['D', 'C', 'B', 'A']]","{'B': 5, 'C': 5, 'A': 3, 'D': 2}","[1.0, 0.88, 1.0]",4.38
94,"[1, 2, 5]","[5, 5, 5]","[0.88, 0.75, 0.88]","[['D', 'C', 'B', 'A'], ['B', 'C', 'D', 'A'], ['A', 'B', 'C', 'D']]","{'B': 5, 'C': 5, 'A': 3, 'D': 2}","[1.0, 0.88, 1.0]",4.38
94,"[1, 2, 5]","[5, 5, 5]","[0.88, 0.75, 0.88]","[['D', 'C', 'B', 'A'], ['B', 'C', 'D', 'A'], ['A', 'B', 'D', 'C']]","{'B': 5, 'C': 4, 'A': 3, 'D': 3}","[1.0, 0.88, 1.0]",4.38
94,"[1, 2, 5]","[5, 5, 5]","[0.88, 0.75, 0.88]","[['D', 'C', 'B', 'A'], ['B', 'C', 'D', 'A'], ['A', 'C', 'B', 'D']]","{'B': 5, 'C': 5, 'A': 3, 'D': 2}","[1.0, 0.88, 1.0]",4.38
94,"[1, 2, 5]","[5, 5, 5]","[0.88, 0.75, 0.88]","[['D', 'C', 'B', 'A'], ['B', 'C', 'D', 'A'], ['A', 'D', 'B', 'C']]","{'B': 5, 'C': 4, 'A': 3, 'D': 3}","[1.0, 0.88, 1.0]",4.38
94,"[1, 2, 5]","[5, 5, 5]","[0.88, 0.75, 0.88]","[['D', 'C', 'B', 'A'], ['B', 'C', 'D', 'A'], ['B', 'A', 'C', 'D']]","{'B': 5, 'C': 5, 'A': 3, 'D': 2}","[1.0, 0.88, 1.0]",4.38
94,"[1, 2, 5]","[5, 5, 5]","[0.88, 0.75, 0.88]","[['D', 'C', 'B', 'A'], ['B', 'C', 'D', 'A'], ['B', 'A', 'D', 'C']]","{'B': 5, 'C': 4, 'A': 3, 'D': 3}","[1.0, 0.88, 1.0]",4.38
94,"[1, 2, 5]","[5, 5, 5]","[0.88, 0.75, 0.88]","[['D', 'C', 'B', 'A'], ['B', 'C', 'D', 'A'], ['B', 'C', 'A', 'D']]","{'B': 5, 'C': 5, 'A': 3, 'D': 2}","[1.0, 0.88, 1.0]",4.38
94,"[1, 2, 5]","[5, 5, 5]","[0.88, 0.75, 0.88]","[['D', 'C', 'B', 'A'], ['B', 'C', 'D', 'A'], ['B', 'D', 'A', 'C']]","{'B': 5, 'C': 4, 'A': 3, 'D': 3}","[1.0, 0.88, 1.0]",4.38
94,"[1, 2, 5]","[5, 5, 5]","[0.88, 0.75, 0.88]","[['D', 'C', 'B', 'A'], ['B', 'C', 'D', 'A'], ['C', 'A', 'B', 'D']]","{'B': 5, 'C': 5, 'A': 3, 'D': 2}","[1.0, 0.88, 1.0]",4.38
94,"[1, 2, 5]","[5, 5, 5]","[0.88, 0.75, 0.88]","[['D', 'C', 'B', 'A'], ['B', 'C', 'D', 'A'], ['C', 'B', 'A', 'D']]","{'B': 5, 'C': 5, 'A': 3, 'D': 2}","[1.0, 0.88, 1.0]",4.38
94,"[1, 2, 5]","[5, 5, 5]","[0.88, 0.75, 0.88]","[['D', 'C', 'B', 'A'], ['B', 'C', 'D', 'A'], ['D', 'A', 'B', 'C']]","{'B': 5, 'C': 4, 'A': 3, 'D': 3}","[1.0, 0.88, 1.0]",4.38
94,"[1, 2, 5]","[5, 5, 5]","[0.88, 0.75, 0.88]","[['D', 'C', 'B', 'A'], ['B', 'C', 'D', 'A'], ['D', 'B', 'A', 'C']]","{'B': 5, 'C': 4, 'A': 3, 'D': 3}","[1.0, 0.88, 1.0]",4.38
94,"[1, 2, 5]","[5, 5, 5]","[0.88, 0.75, 0.88]","[['D', 'C', 'B', 'A'], ['B', 'D', 'A', 'C'], ['B', 'C', 'D', 'A']]","{'B': 5, 'C': 4, 'A': 3, 'D': 3}","[1.0, 0.88, 1.0]",4.38
94,"[1, 2, 5]","[5, 5, 5]","[0.88, 0.75, 0.88]","[['D', 'C', 'B', 'A'], ['B', 'D', 'A', 'C'], ['B', 'D', 'C', 'A']]","{'B': 5, 'C': 4, 'A': 3, 'D': 3}","[1.0, 0.88, 1.0]",4.38
94,"[1, 2, 5]","[5, 5, 5]","[0.88, 0.75, 0.88]","[['D', 'C', 'B', 'A'], ['B', 'D', 'A', 'C'], ['C', 'B', 'D', 'A']]","{'B': 5, 'C': 4, 'A': 3, 'D': 3}","[1.0, 0.88, 1.0]",4.38
94,"[1, 2, 5]","[5, 5, 5]","[0.88, 0.75, 0.88]","[['D', 'C', 'B', 'A'], ['B', 'D', 'A', 'C'], ['C', 'D', 'B', 'A']]","{'B': 5, 'C': 4, 'A': 3, 'D': 3}","[1.0, 0.88, 1.0]",4.38
94,"[1, 2, 5]","[5, 5, 5]","[0.88, 0.75, 0.88]","[['D', 'C', 'B', 'A'], ['B', 'D', 'A', 'C'], ['D', 'B', 'C', 'A']]","{'B': 5, 'C': 4, 'A': 3, 'D': 3}","[1.0, 0.88, 1.0]",4.38
94,"[1, 2, 5]","[5, 5, 5]","[0.88, 0.75, 0.88]","[['D', 'C', 'B', 'A'], ['B', 'D', 'A', 'C'], ['D', 'C', 'B', 'A']]","{'B': 5, 'C': 4, 'A': 3, 'D': 3}","[1.0, 0.88, 1.0]",4.38
94,"[1, 2, 5]","[5, 5, 5]","[0.88, 0.75, 0.88]","[['D', 'C', 'B', 'A'], ['B', 'D', 'C', 'A'], ['A', 'B', 'C', 'D']]","{'B': 5, 'C': 5, 'A': 3, 'D': 2}","[1.0, 0.88, 1.0]",4.38
94,"[1, 2, 5]","[5, 5, 5]","[0.88, 0.75, 0.88]","[['D', 'C', 'B', 'A'], ['B', 'D', 'C', 'A'], ['A', 'B', 'D', 'C']]","{'B': 5, 'C': 4, 'A': 3, 'D': 3}","[1.0, 0.88, 1.0]",4.38
94,"[1, 2, 5]","[5, 5, 5]","[0.88, 0.75, 0.88]","[['D', 'C', 'B', 'A'], ['B', 'D', 'C', 'A'], ['A', 'C', 'B', 'D']]","{'B': 5, 'C': 5, 'A': 3, 'D': 2}","[1.0, 0.88, 1.0]",4.38
94,"[1, 2, 5]","[5, 5, 5]","[0.88, 0.75, 0.88]","[['D', 'C', 'B', 'A'], ['B', 'D', 'C', 'A'], ['A', 'D', 'B', 'C']]","{'B': 5, 'C': 4, 'A': 3, 'D': 3}","[1.0, 0.88, 1.0]",4.38
94,"[1, 2, 5]","[5, 5, 5]","[0.88, 0.75, 0.88]","[['D', 'C', 'B', 'A'], ['B', 'D', 'C', 'A'], ['B', 'A', 'C', 'D']]","{'B': 5, 'C': 5, 'A': 3, 'D': 2}","[1.0, 0.88, 1.0]",4.38
94,"[1, 2, 5]","[5, 5, 5]","[0.88, 0.75, 0.88]","[['D', 'C', 'B', 'A'], ['B', 'D', 'C', 'A'], ['B', 'A', 'D', 'C']]","{'B': 5, 'C': 4, 'A': 3, 'D': 3}","[1.0, 0.88, 1.0]",4.38
94,"[1, 2, 5]","[5, 5, 5]","[0.88, 0.75, 0.88]","[['D', 'C', 'B', 'A'], ['B', 'D', 'C', 'A'], ['B', 'C', 'A', 'D']]","{'B': 5, 'C': 5, 'A': 3, 'D': 2}","[1.0, 0.88, 1.0]",4.38
94,"[1, 2, 5]","[5, 5, 5]","[0.88, 0.75, 0.88]","[['D', 'C', 'B', 'A'], ['B', 'D', 'C', 'A'], ['B', 'D', 'A', 'C']]","{'B': 5, 'C': 4, 'A': 3, 'D': 3}","[1.0, 0.88, 1.0]",4.38
94,"[1, 2, 5]","[5, 5, 5]","[0.88, 0.75, 0.88]","[['D', 'C', 'B', 'A'], ['B', 'D', 'C', 'A'], ['C', 'A', 'B', 'D']]","{'B': 5, 'C': 5, 'A': 3, 'D': 2}","[1.0, 0.88, 1.0]",4.38
94,"[1, 2, 5]","[5, 5, 5]","[0.88, 0.75, 0.88]","[['D', 'C', 'B', 'A'], ['B', 'D', 'C', 'A'], ['C', 'B', 'A', 'D']]","{'B': 5, 'C': 5, 'A': 3, 'D': 2}","[1.0, 0.88, 1.0]",4.38
94,"[1, 2, 5]","[5, 5, 5]","[0.88, 0.75, 0.88]","[['D', 'C', 'B', 'A'], ['B', 'D', 'C', 'A'], ['D', 'A', 'B', 'C']]","{'B': 5, 'C': 4, 'A': 3, 'D': 3}","[1.0, 0.88, 1.0]",4.38
94,"[1, 2, 5]","[5, 5, 5]","[0.88, 0.75, 0.88]","[['D', 'C', 'B', 'A'], ['B', 'D', 'C', 'A'], ['D', 'B', 'A', 'C']]","{'B': 5, 'C': 4, 'A': 3, 'D': 3}","[1.0, 0.88, 1.0]",4.38
94,"[1, 2, 5]","[5, 5, 5]","[0.88, 0.75, 0.88]","[['D', 'C', 'B', 'A'], ['C', 'A', 'B', 'D'], ['A', 'B', 'C', 'D']]","{'B': 5, 'C': 5, 'A': 4, 'D': 1}","[1.0, 0.88, 1.0]",4.38
94,"[1, 2, 5]","[5, 5, 5]","[0.88, 0.75, 0.88]","[['D', 'C', 'B', 'A'], ['C', 'A', 'B', 'D'], ['A', 'C', 'B', 'D']]","{'B': 5, 'C': 5, 'A': 4, 'D': 1}","[1.0, 0.88, 1.0]",4.38
94,"[1, 2, 5]","[5, 5, 5]","[0.88, 0.75, 0.88]","[['D', 'C', 'B', 'A'], ['C', 'A', 'B', 'D'], ['B', 'A', 'C', 'D']]","{'B': 5, 'C': 5, 'A': 4, 'D': 1}","[1.0, 0.88, 1.0]",4.38
94,"[1, 2, 5]","[5, 5, 5]","[0.88, 0.75, 0.88]","[['D', 'C', 'B', 'A'], ['C', 'A', 'B', 'D'], ['B', 'C', 'A', 'D']]","{'B': 5, 'C': 5, 'A': 4, 'D': 1}","[1.0, 0.88, 1.0]",4.38
94,"[1, 2, 5]","[5, 5, 5]","[0.88, 0.75, 0.88]","[['D', 'C', 'B', 'A'], ['C', 'A', 'B', 'D'], ['B', 'C', 'D', 'A']]","{'B': 5, 'C': 5, 'A': 3, 'D': 2}","[1.0, 0.88, 1.0]",4.38
94,"[1, 2, 5]","[5, 5, 5]","[0.88, 0.75, 0.88]","[['D', 'C', 'B', 'A'], ['C', 'A', 'B', 'D'], ['B', 'D', 'C', 'A']]","{'B': 5, 'C': 5, 'A': 3, 'D': 2}","[1.0, 0.88, 1.0]",4.38
94,"[1, 2, 5]","[5, 5, 5]","[0.88, 0.75, 0.88]","[['D', 'C', 'B', 'A'], ['C', 'A', 'B', 'D'], ['C', 'A', 'B', 'D']]","{'B': 5, 'C': 5, 'A': 4, 'D': 1}","[1.0, 0.88, 1.0]",4.38
94,"[1, 2, 5]","[5, 5, 5]","[0.88, 0.75, 0.88]","[['D', 'C', 'B', 'A'], ['C', 'A', 'B', 'D'], ['C', 'B', 'A', 'D']]","{'B': 5, 'C': 5, 'A': 4, 'D': 1}","[1.0, 0.88, 1.0]",4.38
94,"[1, 2, 5]","[5, 5, 5]","[0.88, 0.75, 0.88]","[['D', 'C', 'B', 'A'], ['C', 'A', 'B', 'D'], ['C', 'B', 'D', 'A']]","{'B': 5, 'C': 5, 'A': 3, 'D': 2}","[1.0, 0.88, 1.0]",4.38
94,"[1, 2, 5]","[5, 5, 5]","[0.88, 0.75, 0.88]","[['D', 'C', 'B', 'A'], ['C', 'A', 'B', 'D'], ['C', 'D', 'B', 'A']]","{'B': 5, 'C': 5, 'A': 3, 'D': 2}","[1.0, 0.88, 1.0]",4.38
94,"[1, 2, 5]","[5, 5, 5]","[0.88, 0.75, 0.88]","[['D', 'C', 'B', 'A'], ['C', 'A', 'B', 'D'], ['D', 'B', 'C', 'A']]","{'B': 5, 'C': 5, 'A': 3, 'D': 2}","[1.0, 0.88, 1.0]",4.38
94,"[1, 2, 5]","[5, 5, 5]","[0.88, 0.75, 0.88]","[['D', 'C', 'B', 'A'], ['C', 'A', 'B', 'D'], ['D', 'C', 'B', 'A']]","{'B': 5, 'C': 5, 'A': 3, 'D': 2}","[1.0, 0.88, 1.0]",4.38
94,"[1, 2, 5]","[5, 5, 5]","[0.88, 0.75, 0.88]","[['D', 'C', 'B', 'A'], ['C', 'B', 'A', 'D'], ['A', 'B', 'C', 'D']]","{'B': 5, 'C': 5, 'A': 4, 'D': 1}","[1.0, 0.88, 1.0]",4.38
94,"[1, 2, 5]","[5, 5, 5]","[0.88, 0.75, 0.88]","[['D', 'C', 'B', 'A'], ['C', 'B', 'A', 'D'], ['A', 'C', 'B', 'D']]","{'B': 5, 'C': 5, 'A': 4, 'D': 1}","[1.0, 0.88, 1.0]",4.38
94,"[1, 2, 5]","[5, 5, 5]","[0.88, 0.75, 0.88]","[['D', 'C', 'B', 'A'], ['C', 'B', 'A', 'D'], ['B', 'A', 'C', 'D']]","{'B': 5, 'C': 5, 'A': 4, 'D': 1}","[1.0, 0.88, 1.0]",4.38
94,"[1, 2, 5]","[5, 5, 5]","[0.88, 0.75, 0.88]","[['D', 'C', 'B', 'A'], ['C', 'B', 'A', 'D'], ['B', 'C', 'A', 'D']]","{'B': 5, 'C': 5, 'A': 4, 'D': 1}","[1.0, 0.88, 1.0]",4.38
94,"[1, 2, 5]","[5, 5, 5]","[0.88, 0.75, 0.88]","[['D', 'C', 'B', 'A'], ['C', 'B', 'A', 'D'], ['B', 'C', 'D', 'A']]","{'B': 5, 'C': 5, 'A': 3, 'D': 2}","[1.0, 0.88, 1.0]",4.38
94,"[1, 2, 5]","[5, 5, 5]","[0.88, 0.75, 0.88]","[['D', 'C', 'B', 'A'], ['C', 'B', 'A', 'D'], ['B', 'D', 'C', 'A']]","{'B': 5, 'C': 5, 'A': 3, 'D': 2}","[1.0, 0.88, 1.0]",4.38
94,"[1, 2, 5]","[5, 5, 5]","[0.88, 0.75, 0.88]","[['D', 'C', 'B', 'A'], ['C', 'B', 'A', 'D'], ['C', 'A', 'B', 'D']]","{'B': 5, 'C': 5, 'A': 4, 'D': 1}","[1.0, 0.88, 1.0]",4.38
94,"[1, 2, 5]","[5, 5, 5]","[0.88, 0.75, 0.88]","[['D', 'C', 'B', 'A'], ['C', 'B', 'A', 'D'], ['C', 'B', 'A', 'D']]","{'B': 5, 'C': 5, 'A': 4, 'D': 1}","[1.0, 0.88, 1.0]",4.38
94,"[1, 2, 5]","[5, 5, 5]","[0.88, 0.75, 0.88]","[['D', 'C', 'B', 'A'], ['C', 'B', 'A', 'D'], ['C', 'B', 'D', 'A']]","{'B': 5, 'C': 5, 'A': 3, 'D': 2}","[1.0, 0.88, 1.0]",4.38
94,"[1, 2, 5]","[5, 5, 5]","[0.88, 0.75, 0.88]","[['D', 'C', 'B', 'A'], ['C', 'B', 'A', 'D'], ['C', 'D', 'B', 'A']]","{'B': 5, 'C': 5, 'A': 3, 'D': 2}","[1.0, 0.88, 1.0]",4.38
94,"[1, 2, 5]","[5, 5, 5]","[0.88, 0.75, 0.88]","[['D', 'C', 'B', 'A'], ['C', 'B', 'A', 'D'], ['D', 'B', 'C', 'A']]","{'B': 5, 'C': 5, 'A': 3, 'D': 2}","[1.0, 0.88, 1.0]",4.38
94,"[1, 2, 5]","[5, 5, 5]","[0.88, 0.75, 0.88]","[['D', 'C', 'B', 'A'], ['C', 'B', 'A', 'D'], ['D', 'C', 'B', 'A']]","{'B': 5, 'C': 5, 'A': 3, 'D': 2}","[1.0, 0.88, 1.0]",4.38
94,"[1, 2, 5]","[5, 5, 5]","[0.88, 0.75, 0.88]","[['D', 'C', 'B', 'A'], ['C', 'B', 'D', 'A'], ['A', 'B', 'C', 'D']]","{'B': 5, 'C': 5, 'A': 3, 'D': 2}","[1.0, 0.88, 1.0]",4.38
94,"[1, 2, 5]","[5, 5, 5]","[0.88, 0.75, 0.88]","[['D', 'C', 'B', 'A'], ['C', 'B', 'D', 'A'], ['A', 'B', 'D', 'C']]","{'B': 5, 'C': 4, 'A': 3, 'D': 3}","[1.0, 0.88, 1.0]",4.38
94,"[1, 2, 5]","[5, 5, 5]","[0.88, 0.75, 0.88]","[['D', 'C', 'B', 'A'], ['C', 'B', 'D', 'A'], ['A', 'C', 'B', 'D']]","{'B': 5, 'C': 5, 'A': 3, 'D': 2}","[1.0, 0.88, 1.0]",4.38
94,"[1, 2, 5]","[5, 5, 5]","[0.88, 0.75, 0.88]","[['D', 'C', 'B', 'A'], ['C', 'B', 'D', 'A'], ['A', 'D', 'B', 'C']]","{'B': 5, 'C': 4, 'A': 3, 'D': 3}","[1.0, 0.88, 1.0]",4.38
94,"[1, 2, 5]","[5, 5, 5]","[0.88, 0.75, 0.88]","[['D', 'C', 'B', 'A'], ['C', 'B', 'D', 'A'], ['B', 'A', 'C', 'D']]","{'B': 5, 'C': 5, 'A': 3, 'D': 2}","[1.0, 0.88, 1.0]",4.38
94,"[1, 2, 5]","[5, 5, 5]","[0.88, 0.75, 0.88]","[['D', 'C', 'B', 'A'], ['C', 'B', 'D', 'A'], ['B', 'A', 'D', 'C']]","{'B': 5, 'C': 4, 'A': 3, 'D': 3}","[1.0, 0.88, 1.0]",4.38
94,"[1, 2, 5]","[5, 5, 5]","[0.88, 0.75, 0.88]","[['D', 'C', 'B', 'A'], ['C', 'B', 'D', 'A'], ['B', 'C', 'A', 'D']]","{'B': 5, 'C': 5, 'A': 3, 'D': 2}","[1.0, 0.88, 1.0]",4.38
94,"[1, 2, 5]","[5, 5, 5]","[0.88, 0.75, 0.88]","[['D', 'C', 'B', 'A'], ['C', 'B', 'D', 'A'], ['B', 'D', 'A', 'C']]","{'B': 5, 'C': 4, 'A': 3, 'D': 3}","[1.0, 0.88, 1.0]",4.38
94,"[1, 2, 5]","[5, 5, 5]","[0.88, 0.75, 0.88]","[['D', 'C', 'B', 'A'], ['C', 'B', 'D', 'A'], ['C', 'A', 'B', 'D']]","{'B': 5, 'C': 5, 'A': 3, 'D': 2}","[1.0, 0.88, 1.0]",4.38
94,"[1, 2, 5]","[5, 5, 5]","[0.88, 0.75, 0.88]","[['D', 'C', 'B', 'A'], ['C', 'B', 'D', 'A'], ['C', 'B', 'A', 'D']]","{'B': 5, 'C': 5, 'A': 3, 'D': 2}","[1.0, 0.88, 1.0]",4.38
94,"[1, 2, 5]","[5, 5, 5]","[0.88, 0.75, 0.88]","[['D', 'C', 'B', 'A'], ['C', 'B', 'D', 'A'], ['D', 'A', 'B', 'C']]","{'B': 5, 'C': 4, 'A': 3, 'D': 3}","[1.0, 0.88, 1.0]",4.38
94,"[1, 2, 5]","[5, 5, 5]","[0.88, 0.75, 0.88]","[['D', 'C', 'B', 'A'], ['C', 'B', 'D', 'A'], ['D', 'B', 'A', 'C']]","{'B': 5, 'C': 4, 'A': 3, 'D': 3}","[1.0, 0.88, 1.0]",4.38
94,"[1, 2, 5]","[5, 5, 5]","[0.88, 0.75, 0.88]","[['D', 'C', 'B', 'A'], ['C', 'D', 'B', 'A'], ['A', 'B', 'C', 'D']]","{'B': 5, 'C': 5, 'A': 3, 'D': 2}","[1.0, 0.88, 1.0]",4.38
94,"[1, 2, 5]","[5, 5, 5]","[0.88, 0.75, 0.88]","[['D', 'C', 'B', 'A'], ['C', 'D', 'B', 'A'], ['A', 'B', 'D', 'C']]","{'B': 5, 'C': 4, 'A': 3, 'D': 3}","[1.0, 0.88, 1.0]",4.38
94,"[1, 2, 5]","[5, 5, 5]","[0.88, 0.75, 0.88]","[['D', 'C', 'B', 'A'], ['C', 'D', 'B', 'A'], ['A', 'C', 'B', 'D']]","{'B': 5, 'C': 5, 'A': 3, 'D': 2}","[1.0, 0.88, 1.0]",4.38
94,"[1, 2, 5]","[5, 5, 5]","[0.88, 0.75, 0.88]","[['D', 'C', 'B', 'A'], ['C', 'D', 'B', 'A'], ['A', 'D', 'B', 'C']]","{'B': 5, 'C': 4, 'A': 3, 'D': 3}","[1.0, 0.88, 1.0]",4.38
94,"[1, 2, 5]","[5, 5, 5]","[0.88, 0.75, 0.88]","[['D', 'C', 'B', 'A'], ['C', 'D', 'B', 'A'], ['B', 'A', 'C', 'D']]","{'B': 5, 'C': 5, 'A': 3, 'D': 2}","[1.0, 0.88, 1.0]",4.38
94,"[1, 2, 5]","[5, 5, 5]","[0.88, 0.75, 0.88]","[['D', 'C', 'B', 'A'], ['C', 'D', 'B', 'A'], ['B', 'A', 'D', 'C']]","{'B': 5, 'C': 4, 'A': 3, 'D': 3}","[1.0, 0.88, 1.0]",4.38
94,"[1, 2, 5]","[5, 5, 5]","[0.88, 0.75, 0.88]","[['D', 'C', 'B', 'A'], ['C', 'D', 'B', 'A'], ['B', 'C', 'A', 'D']]","{'B': 5, 'C': 5, 'A': 3, 'D': 2}","[1.0, 0.88, 1.0]",4.38
94,"[1, 2, 5]","[5, 5, 5]","[0.88, 0.75, 0.88]","[['D', 'C', 'B', 'A'], ['C', 'D', 'B', 'A'], ['B', 'D', 'A', 'C']]","{'B': 5, 'C': 4, 'A': 3, 'D': 3}","[1.0, 0.88, 1.0]",4.38
94,"[1, 2, 5]","[5, 5, 5]","[0.88, 0.75, 0.88]","[['D', 'C', 'B', 'A'], ['C', 'D', 'B', 'A'], ['C', 'A', 'B', 'D']]","{'B': 5, 'C': 5, 'A': 3, 'D': 2}","[1.0, 0.88, 1.0]",4.38
94,"[1, 2, 5]","[5, 5, 5]","[0.88, 0.75, 0.88]","[['D', 'C', 'B', 'A'], ['C', 'D', 'B', 'A'], ['C', 'B', 'A', 'D']]","{'B': 5, 'C': 5, 'A': 3, 'D': 2}","[1.0, 0.88, 1.0]",4.38
94,"[1, 2, 5]","[5, 5, 5]","[0.88, 0.75, 0.88]","[['D', 'C', 'B', 'A'], ['C', 'D', 'B', 'A'], ['D', 'A', 'B', 'C']]","{'B': 5, 'C': 4, 'A': 3, 'D': 3}","[1.0, 0.88, 1.0]",4.38
94,"[1, 2, 5]","[5, 5, 5]","[0.88, 0.75, 0.88]","[['D', 'C', 'B', 'A'], ['C', 'D', 'B', 'A'], ['D', 'B', 'A', 'C']]","{'B': 5, 'C': 4, 'A': 3, 'D': 3}","[1.0, 0.88, 1.0]",4.38
94,"[1, 2, 5]","[5, 5, 5]","[0.88, 0.75, 0.88]","[['D', 'C', 'B', 'A'], ['D', 'A', 'B', 'C'], ['B', 'C', 'D', 'A']]","{'B': 5, 'C': 4, 'A': 3, 'D': 3}","[1.0, 0.88, 1.0]",4.38
94,"[1, 2, 5]","[5, 5, 5]","[0.88, 0.75, 0.88]","[['D', 'C', 'B', 'A'], ['D', 'A', 'B', 'C'], ['B', 'D', 'C', 'A']]","{'B': 5, 'C': 4, 'A': 3, 'D': 3}","[1.0, 0.88, 1.0]",4.38
94,"[1, 2, 5]","[5, 5, 5]","[0.88, 0.75, 0.88]","[['D', 'C', 'B', 'A'], ['D', 'A', 'B', 'C'], ['C', 'B', 'D', 'A']]","{'B': 5, 'C': 4, 'A': 3, 'D': 3}","[1.0, 0.88, 1.0]",4.38
94,"[1, 2, 5]","[5, 5, 5]","[0.88, 0.75, 0.88]","[['D', 'C', 'B', 'A'], ['D', 'A', 'B', 'C'], ['C', 'D', 'B', 'A']]","{'B': 5, 'C': 4, 'A': 3, 'D': 3}","[1.0, 0.88, 1.0]",4.38
94,"[1, 2, 5]","[5, 5, 5]","[0.88, 0.75, 0.88]","[['D', 'C', 'B', 'A'], ['D', 'A', 'B', 'C'], ['D', 'B', 'C', 'A']]","{'B': 5, 'C': 4, 'A': 3, 'D': 3}","[1.0, 0.88, 1.0]",4.38
94,"[1, 2, 5]","[5, 5, 5]","[0.88, 0.75, 0.88]","[['D', 'C', 'B', 'A'], ['D', 'A', 'B', 'C'], ['D', 'C', 'B', 'A']]","{'B': 5, 'C': 4, 'A': 3, 'D': 3}","[1.0, 0.88, 1.0]",4.38
94,"[1, 2, 5]","[5, 5, 5]","[0.88, 0.75, 0.88]","[['D', 'C', 'B', 'A'], ['D', 'B', 'A', 'C'], ['B', 'C', 'D', 'A']]","{'B': 5, 'C': 4, 'A': 3, 'D': 3}","[1.0, 0.88, 1.0]",4.38
94,"[1, 2, 5]","[5, 5, 5]","[0.88, 0.75, 0.88]","[['D', 'C', 'B', 'A'], ['D', 'B', 'A', 'C'], ['B', 'D', 'C', 'A']]","{'B': 5, 'C': 4, 'A': 3, 'D': 3}","[1.0, 0.88, 1.0]",4.38
94,"[1, 2, 5]","[5, 5, 5]","[0.88, 0.75, 0.88]","[['D', 'C', 'B', 'A'], ['D', 'B', 'A', 'C'], ['C', 'B', 'D', 'A']]","{'B': 5, 'C': 4, 'A': 3, 'D': 3}","[1.0, 0.88, 1.0]",4.38
94,"[1, 2, 5]","[5, 5, 5]","[0.88, 0.75, 0.88]","[['D', 'C', 'B', 'A'], ['D', 'B', 'A', 'C'], ['C', 'D', 'B', 'A']]","{'B': 5, 'C': 4, 'A': 3, 'D': 3}","[1.0, 0.88, 1.0]",4.38
94,"[1, 2, 5]","[5, 5, 5]","[0.88, 0.75, 0.88]","[['D', 'C', 'B', 'A'], ['D', 'B', 'A', 'C'], ['D', 'B', 'C', 'A']]","{'B': 5, 'C': 4, 'A': 3, 'D': 3}","[1.0, 0.88, 1.0]",4.38
94,"[1, 2, 5]","[5, 5, 5]","[0.88, 0.75, 0.88]","[['D', 'C', 'B', 'A'], ['D', 'B', 'A', 'C'], ['D', 'C', 'B', 'A']]","{'B': 5, 'C': 4, 'A': 3, 'D': 3}","[1.0, 0.88, 1.0]",4.38
94,"[1, 2, 5]","[5, 5, 5]","[0.88, 0.75, 0.88]","[['D', 'C', 'B', 'A'], ['D', 'B', 'C', 'A'], ['A', 'B', 'C', 'D']]","{'B': 5, 'C': 5, 'A': 3, 'D': 2}","[1.0, 0.88, 1.0]",4.38
94,"[1, 2, 5]","[5, 5, 5]","[0.88, 0.75, 0.88]","[['D', 'C', 'B', 'A'], ['D', 'B', 'C', 'A'], ['A', 'B', 'D', 'C']]","{'B': 5, 'C': 4, 'A': 3, 'D': 3}","[1.0, 0.88, 1.0]",4.38
94,"[1, 2, 5]","[5, 5, 5]","[0.88, 0.75, 0.88]","[['D', 'C', 'B', 'A'], ['D', 'B', 'C', 'A'], ['A', 'C', 'B', 'D']]","{'B': 5, 'C': 5, 'A': 3, 'D': 2}","[1.0, 0.88, 1.0]",4.38
94,"[1, 2, 5]","[5, 5, 5]","[0.88, 0.75, 0.88]","[['D', 'C', 'B', 'A'], ['D', 'B', 'C', 'A'], ['A', 'D', 'B', 'C']]","{'B': 5, 'C': 4, 'A': 3, 'D': 3}","[1.0, 0.88, 1.0]",4.38
94,"[1, 2, 5]","[5, 5, 5]","[0.88, 0.75, 0.88]","[['D', 'C', 'B', 'A'], ['D', 'B', 'C', 'A'], ['B', 'A', 'C', 'D']]","{'B': 5, 'C': 5, 'A': 3, 'D': 2}","[1.0, 0.88, 1.0]",4.38
94,"[1, 2, 5]","[5, 5, 5]","[0.88, 0.75, 0.88]","[['D', 'C', 'B', 'A'], ['D', 'B', 'C', 'A'], ['B', 'A', 'D', 'C']]","{'B': 5, 'C': 4, 'A': 3, 'D': 3}","[1.0, 0.88, 1.0]",4.38
94,"[1, 2, 5]","[5, 5, 5]","[0.88, 0.75, 0.88]","[['D', 'C', 'B', 'A'], ['D', 'B', 'C', 'A'], ['B', 'C', 'A', 'D']]","{'B': 5, 'C': 5, 'A': 3, 'D': 2}","[1.0, 0.88, 1.0]",4.38
94,"[1, 2, 5]","[5, 5, 5]","[0.88, 0.75, 0.88]","[['D', 'C', 'B', 'A'], ['D', 'B', 'C', 'A'], ['B', 'D', 'A', 'C']]","{'B': 5, 'C': 4, 'A': 3, 'D': 3}","[1.0, 0.88, 1.0]",4.38
94,"[1, 2, 5]","[5, 5, 5]","[0.88, 0.75, 0.88]","[['D', 'C', 'B', 'A'], ['D', 'B', 'C', 'A'], ['C', 'A', 'B', 'D']]","{'B': 5, 'C': 5, 'A': 3, 'D': 2}","[1.0, 0.88, 1.0]",4.38
94,"[1, 2, 5]","[5, 5, 5]","[0.88, 0.75, 0.88]","[['D', 'C', 'B', 'A'], ['D', 'B', 'C', 'A'], ['C', 'B', 'A', 'D']]","{'B': 5, 'C': 5, 'A': 3, 'D': 2}","[1.0, 0.88, 1.0]",4.38
94,"[1, 2, 5]","[5, 5, 5]","[0.88, 0.75, 0.88]","[['D', 'C', 'B', 'A'], ['D', 'B', 'C', 'A'], ['D', 'A', 'B', 'C']]","{'B': 5, 'C': 4, 'A': 3, 'D': 3}","[1.0, 0.88, 1.0]",4.38
94,"[1, 2, 5]","[5, 5, 5]","[0.88, 0.75, 0.88]","[['D', 'C', 'B', 'A'], ['D', 'B', 'C', 'A'], ['D', 'B', 'A', 'C']]","{'B': 5, 'C': 4, 'A': 3, 'D': 3}","[1.0, 0.88, 1.0]",4.38
94,"[1, 2, 5]","[5, 5, 5]","[0.88, 0.75, 0.88]","[['D', 'C', 'B', 'A'], ['D', 'C', 'B', 'A'], ['A', 'B', 'C', 'D']]","{'B': 5, 'C': 5, 'A': 3, 'D': 2}","[1.0, 0.88, 1.0]",4.38
94,"[1, 2, 5]","[5, 5, 5]","[0.88, 0.75, 0.88]","[['D', 'C', 'B', 'A'], ['D', 'C', 'B', 'A'], ['A', 'B', 'D', 'C']]","{'B': 5, 'C': 4, 'A': 3, 'D': 3}","[1.0, 0.88, 1.0]",4.38
94,"[1, 2, 5]","[5, 5, 5]","[0.88, 0.75, 0.88]","[['D', 'C', 'B', 'A'], ['D', 'C', 'B', 'A'], ['A', 'C', 'B', 'D']]","{'B': 5, 'C': 5, 'A': 3, 'D': 2}","[1.0, 0.88, 1.0]",4.38
94,"[1, 2, 5]","[5, 5, 5]","[0.88, 0.75, 0.88]","[['D', 'C', 'B', 'A'], ['D', 'C', 'B', 'A'], ['A', 'D', 'B', 'C']]","{'B': 5, 'C': 4, 'A': 3, 'D': 3}","[1.0, 0.88, 1.0]",4.38
94,"[1, 2, 5]","[5, 5, 5]","[0.88, 0.75, 0.88]","[['D', 'C', 'B', 'A'], ['D', 'C', 'B', 'A'], ['B', 'A', 'C', 'D']]","{'B': 5, 'C': 5, 'A': 3, 'D': 2}","[1.0, 0.88, 1.0]",4.38
94,"[1, 2, 5]","[5, 5, 5]","[0.88, 0.75, 0.88]","[['D', 'C', 'B', 'A'], ['D', 'C', 'B', 'A'], ['B', 'A', 'D', 'C']]","{'B': 5, 'C': 4, 'A': 3, 'D': 3}","[1.0, 0.88, 1.0]",4.38
94,"[1, 2, 5]","[5, 5, 5]","[0.88, 0.75, 0.88]","[['D', 'C', 'B', 'A'], ['D', 'C', 'B', 'A'], ['B', 'C', 'A', 'D']]","{'B': 5, 'C': 5, 'A': 3, 'D': 2}","[1.0, 0.88, 1.0]",4.38
94,"[1, 2, 5]","[5, 5, 5]","[0.88, 0.75, 0.88]","[['D', 'C', 'B', 'A'], ['D', 'C', 'B', 'A'], ['B', 'D', 'A', 'C']]","{'B': 5, 'C': 4, 'A': 3, 'D': 3}","[1.0, 0.88, 1.0]",4.38
94,"[1, 2, 5]","[5, 5, 5]","[0.88, 0.75, 0.88]","[['D', 'C', 'B', 'A'], ['D', 'C', 'B', 'A'], ['C', 'A', 'B', 'D']]","{'B': 5, 'C': 5, 'A': 3, 'D': 2}","[1.0, 0.88, 1.0]",4.38
94,"[1, 2, 5]","[5, 5, 5]","[0.88, 0.75, 0.88]","[['D', 'C', 'B', 'A'], ['D', 'C', 'B', 'A'], ['C', 'B', 'A', 'D']]","{'B': 5, 'C': 5, 'A': 3, 'D': 2}","[1.0, 0.88, 1.0]",4.38
94,"[1, 2, 5]","[5, 5, 5]","[0.88, 0.75, 0.88]","[['D', 'C', 'B', 'A'], ['D', 'C', 'B', 'A'], ['D', 'A', 'B', 'C']]","{'B': 5, 'C': 4, 'A': 3, 'D': 3}","[1.0, 0.88, 1.0]",4.38
94,"[1, 2, 5]","[5, 5, 5]","[0.88, 0.75, 0.88]","[['D', 'C', 'B', 'A'], ['D', 'C', 'B', 'A'], ['D', 'B', 'A', 'C']]","{'B': 5, 'C': 4, 'A': 3, 'D': 3}","[1.0, 0.88, 1.0]",4.38
95,"[1, 3]","[3, 4]","[0.58, 0.79]","[['A', 'B', 'D', 'C'], ['A', 'C', 'D', 'B']]","{'A': 4, 'C': 4, 'D': 4, 'B': 3}","[0.75, 1.0]",3.96
95,"[1, 3]","[3, 4]","[0.58, 0.79]","[['A', 'B', 'D', 'C'], ['A', 'D', 'C', 'B']]","{'A': 4, 'C': 4, 'D': 4, 'B': 3}","[0.75, 1.0]",3.96
95,"[1, 3]","[3, 4]","[0.58, 0.79]","[['A', 'B', 'D', 'C'], ['C', 'A', 'D', 'B']]","{'A': 4, 'C': 4, 'D': 4, 'B': 3}","[0.75, 1.0]",3.96
95,"[1, 3]","[3, 4]","[0.58, 0.79]","[['A', 'B', 'D', 'C'], ['C', 'D', 'A', 'B']]","{'A': 4, 'C': 4, 'D': 4, 'B': 3}","[0.75, 1.0]",3.96
95,"[1, 3]","[3, 4]","[0.58, 0.79]","[['A', 'B', 'D', 'C'], ['D', 'A', 'C', 'B']]","{'A': 4, 'C': 4, 'D': 4, 'B': 3}","[0.75, 1.0]",3.96
95,"[1, 3]","[3, 4]","[0.58, 0.79]","[['A', 'B', 'D', 'C'], ['D', 'C', 'A', 'B']]","{'A': 4, 'C': 4, 'D': 4, 'B': 3}","[0.75, 1.0]",3.96
95,"[1, 3]","[3, 4]","[0.58, 0.79]","[['A', 'C', 'D', 'B'], ['A', 'B', 'D', 'C']]","{'A': 4, 'C': 4, 'D': 4, 'B': 3}","[0.75, 1.0]",3.96
95,"[1, 3]","[3, 4]","[0.58, 0.79]","[['A', 'C', 'D', 'B'], ['A', 'D', 'B', 'C']]","{'A': 4, 'C': 4, 'D': 4, 'B': 3}","[0.75, 1.0]",3.96
95,"[1, 3]","[3, 4]","[0.58, 0.79]","[['A', 'C', 'D', 'B'], ['B', 'A', 'D', 'C']]","{'A': 4, 'C': 4, 'D': 4, 'B': 3}","[0.75, 1.0]",3.96
95,"[1, 3]","[3, 4]","[0.58, 0.79]","[['A', 'C', 'D', 'B'], ['B', 'D', 'A', 'C']]","{'A': 4, 'C': 4, 'D': 4, 'B': 3}","[0.75, 1.0]",3.96
95,"[1, 3]","[3, 4]","[0.58, 0.79]","[['A', 'C', 'D', 'B'], ['D', 'A', 'B', 'C']]","{'A': 4, 'C': 4, 'D': 4, 'B': 3}","[0.75, 1.0]",3.96
95,"[1, 3]","[3, 4]","[0.58, 0.79]","[['A', 'C', 'D', 'B'], ['D', 'B', 'A', 'C']]","{'A': 4, 'C': 4, 'D': 4, 'B': 3}","[0.75, 1.0]",3.96
95,"[1, 3]","[3, 4]","[0.58, 0.79]","[['A', 'D', 'B', 'C'], ['A', 'C', 'D', 'B']]","{'A': 4, 'C': 4, 'D': 4, 'B': 3}","[0.75, 1.0]",3.96
95,"[1, 3]","[3, 4]","[0.58, 0.79]","[['A', 'D', 'B', 'C'], ['A', 'D', 'C', 'B']]","{'A': 4, 'C': 4, 'D': 4, 'B': 3}","[0.75, 1.0]",3.96
95,"[1, 3]","[3, 4]","[0.58, 0.79]","[['A', 'D', 'B', 'C'], ['C', 'A', 'D', 'B']]","{'A': 4, 'C': 4, 'D': 4, 'B': 3}","[0.75, 1.0]",3.96
95,"[1, 3]","[3, 4]","[0.58, 0.79]","[['A', 'D', 'B', 'C'], ['C', 'D', 'A', 'B']]","{'A': 4, 'C': 4, 'D': 4, 'B': 3}","[0.75, 1.0]",3.96
95,"[1, 3]","[3, 4]","[0.58, 0.79]","[['A', 'D', 'B', 'C'], ['D', 'A', 'C', 'B']]","{'A': 4, 'C': 4, 'D': 4, 'B': 3}","[0.75, 1.0]",3.96
95,"[1, 3]","[3, 4]","[0.58, 0.79]","[['A', 'D', 'B', 'C'], ['D', 'C', 'A', 'B']]","{'A': 4, 'C': 4, 'D': 4, 'B': 3}","[0.75, 1.0]",3.96
95,"[1, 3]","[3, 4]","[0.58, 0.79]","[['A', 'D', 'C', 'B'], ['A', 'B', 'D', 'C']]","{'A': 4, 'C': 4, 'D': 4, 'B': 3}","[0.75, 1.0]",3.96
95,"[1, 3]","[3, 4]","[0.58, 0.79]","[['A', 'D', 'C', 'B'], ['A', 'D', 'B', 'C']]","{'A': 4, 'C': 4, 'D': 4, 'B': 3}","[0.75, 1.0]",3.96
95,"[1, 3]","[3, 4]","[0.58, 0.79]","[['A', 'D', 'C', 'B'], ['B', 'A', 'D', 'C']]","{'A': 4, 'C': 4, 'D': 4, 'B': 3}","[0.75, 1.0]",3.96
95,"[1, 3]","[3, 4]","[0.58, 0.79]","[['A', 'D', 'C', 'B'], ['B', 'D', 'A', 'C']]","{'A': 4, 'C': 4, 'D': 4, 'B': 3}","[0.75, 1.0]",3.96
95,"[1, 3]","[3, 4]","[0.58, 0.79]","[['A', 'D', 'C', 'B'], ['D', 'A', 'B', 'C']]","{'A': 4, 'C': 4, 'D': 4, 'B': 3}","[0.75, 1.0]",3.96
95,"[1, 3]","[3, 4]","[0.58, 0.79]","[['A', 'D', 'C', 'B'], ['D', 'B', 'A', 'C']]","{'A': 4, 'C': 4, 'D': 4, 'B': 3}","[0.75, 1.0]",3.96
95,"[1, 3]","[3, 4]","[0.58, 0.79]","[['B', 'A', 'D', 'C'], ['A', 'C', 'D', 'B']]","{'A': 4, 'C': 4, 'D': 4, 'B': 3}","[0.75, 1.0]",3.96
95,"[1, 3]","[3, 4]","[0.58, 0.79]","[['B', 'A', 'D', 'C'], ['A', 'D', 'C', 'B']]","{'A': 4, 'C': 4, 'D': 4, 'B': 3}","[0.75, 1.0]",3.96
95,"[1, 3]","[3, 4]","[0.58, 0.79]","[['B', 'A', 'D', 'C'], ['C', 'A', 'D', 'B']]","{'A': 4, 'C': 4, 'D': 4, 'B': 3}","[0.75, 1.0]",3.96
95,"[1, 3]","[3, 4]","[0.58, 0.79]","[['B', 'A', 'D', 'C'], ['C', 'D', 'A', 'B']]","{'A': 4, 'C': 4, 'D': 4, 'B': 3}","[0.75, 1.0]",3.96
95,"[1, 3]","[3, 4]","[0.58, 0.79]","[['B', 'A', 'D', 'C'], ['D', 'A', 'C', 'B']]","{'A': 4, 'C': 4, 'D': 4, 'B': 3}","[0.75, 1.0]",3.96
95,"[1, 3]","[3, 4]","[0.58, 0.79]","[['B', 'A', 'D', 'C'], ['D', 'C', 'A', 'B']]","{'A': 4, 'C': 4, 'D': 4, 'B': 3}","[0.75, 1.0]",3.96
95,"[1, 3]","[3, 4]","[0.58, 0.79]","[['B', 'D', 'A', 'C'], ['A', 'C', 'D', 'B']]","{'A': 4, 'C': 4, 'D': 4, 'B': 3}","[0.75, 1.0]",3.96
95,"[1, 3]","[3, 4]","[0.58, 0.79]","[['B', 'D', 'A', 'C'], ['A', 'D', 'C', 'B']]","{'A': 4, 'C': 4, 'D': 4, 'B': 3}","[0.75, 1.0]",3.96
95,"[1, 3]","[3, 4]","[0.58, 0.79]","[['B', 'D', 'A', 'C'], ['C', 'A', 'D', 'B']]","{'A': 4, 'C': 4, 'D': 4, 'B': 3}","[0.75, 1.0]",3.96
95,"[1, 3]","[3, 4]","[0.58, 0.79]","[['B', 'D', 'A', 'C'], ['C', 'D', 'A', 'B']]","{'A': 4, 'C': 4, 'D': 4, 'B': 3}","[0.75, 1.0]",3.96
95,"[1, 3]","[3, 4]","[0.58, 0.79]","[['B', 'D', 'A', 'C'], ['D', 'A', 'C', 'B']]","{'A': 4, 'C': 4, 'D': 4, 'B': 3}","[0.75, 1.0]",3.96
95,"[1, 3]","[3, 4]","[0.58, 0.79]","[['B', 'D', 'A', 'C'], ['D', 'C', 'A', 'B']]","{'A': 4, 'C': 4, 'D': 4, 'B': 3}","[0.75, 1.0]",3.96
95,"[1, 3]","[3, 4]","[0.58, 0.79]","[['C', 'A', 'D', 'B'], ['A', 'B', 'D', 'C']]","{'A': 4, 'C': 4, 'D': 4, 'B': 3}","[0.75, 1.0]",3.96
95,"[1, 3]","[3, 4]","[0.58, 0.79]","[['C', 'A', 'D', 'B'], ['A', 'D', 'B', 'C']]","{'A': 4, 'C': 4, 'D': 4, 'B': 3}","[0.75, 1.0]",3.96
95,"[1, 3]","[3, 4]","[0.58, 0.79]","[['C', 'A', 'D', 'B'], ['B', 'A', 'D', 'C']]","{'A': 4, 'C': 4, 'D': 4, 'B': 3}","[0.75, 1.0]",3.96
95,"[1, 3]","[3, 4]","[0.58, 0.79]","[['C', 'A', 'D', 'B'], ['B', 'D', 'A', 'C']]","{'A': 4, 'C': 4, 'D': 4, 'B': 3}","[0.75, 1.0]",3.96
95,"[1, 3]","[3, 4]","[0.58, 0.79]","[['C', 'A', 'D', 'B'], ['D', 'A', 'B', 'C']]","{'A': 4, 'C': 4, 'D': 4, 'B': 3}","[0.75, 1.0]",3.96
95,"[1, 3]","[3, 4]","[0.58, 0.79]","[['C', 'A', 'D', 'B'], ['D', 'B', 'A', 'C']]","{'A': 4, 'C': 4, 'D': 4, 'B': 3}","[0.75, 1.0]",3.96
95,"[1, 3]","[3, 4]","[0.58, 0.79]","[['C', 'D', 'A', 'B'], ['A', 'B', 'D', 'C']]","{'A': 4, 'C': 4, 'D': 4, 'B': 3}","[0.75, 1.0]",3.96
95,"[1, 3]","[3, 4]","[0.58, 0.79]","[['C', 'D', 'A', 'B'], ['A', 'D', 'B', 'C']]","{'A': 4, 'C': 4, 'D': 4, 'B': 3}","[0.75, 1.0]",3.96
95,"[1, 3]","[3, 4]","[0.58, 0.79]","[['C', 'D', 'A', 'B'], ['B', 'A', 'D', 'C']]","{'A': 4, 'C': 4, 'D': 4, 'B': 3}","[0.75, 1.0]",3.96
95,"[1, 3]","[3, 4]","[0.58, 0.79]","[['C', 'D', 'A', 'B'], ['B', 'D', 'A', 'C']]","{'A': 4, 'C': 4, 'D': 4, 'B': 3}","[0.75, 1.0]",3.96
95,"[1, 3]","[3, 4]","[0.58, 0.79]","[['C', 'D', 'A', 'B'], ['D', 'A', 'B', 'C']]","{'A': 4, 'C': 4, 'D': 4, 'B': 3}","[0.75, 1.0]",3.96
95,"[1, 3]","[3, 4]","[0.58, 0.79]","[['C', 'D', 'A', 'B'], ['D', 'B', 'A', 'C']]","{'A': 4, 'C': 4, 'D': 4, 'B': 3}","[0.75, 1.0]",3.96
95,"[1, 3]","[3, 4]","[0.58, 0.79]","[['D', 'A', 'B', 'C'], ['A', 'C', 'D', 'B']]","{'A': 4, 'C': 4, 'D': 4, 'B': 3}","[0.75, 1.0]",3.96
95,"[1, 3]","[3, 4]","[0.58, 0.79]","[['D', 'A', 'B', 'C'], ['A', 'D', 'C', 'B']]","{'A': 4, 'C': 4, 'D': 4, 'B': 3}","[0.75, 1.0]",3.96
95,"[1, 3]","[3, 4]","[0.58, 0.79]","[['D', 'A', 'B', 'C'], ['C', 'A', 'D', 'B']]","{'A': 4, 'C': 4, 'D': 4, 'B': 3}","[0.75, 1.0]",3.96
95,"[1, 3]","[3, 4]","[0.58, 0.79]","[['D', 'A', 'B', 'C'], ['C', 'D', 'A', 'B']]","{'A': 4, 'C': 4, 'D': 4, 'B': 3}","[0.75, 1.0]",3.96
95,"[1, 3]","[3, 4]","[0.58, 0.79]","[['D', 'A', 'B', 'C'], ['D', 'A', 'C', 'B']]","{'A': 4, 'C': 4, 'D': 4, 'B': 3}","[0.75, 1.0]",3.96
95,"[1, 3]","[3, 4]","[0.58, 0.79]","[['D', 'A', 'B', 'C'], ['D', 'C', 'A', 'B']]","{'A': 4, 'C': 4, 'D': 4, 'B': 3}","[0.75, 1.0]",3.96
95,"[1, 3]","[3, 4]","[0.58, 0.79]","[['D', 'A', 'C', 'B'], ['A', 'B', 'D', 'C']]","{'A': 4, 'C': 4, 'D': 4, 'B': 3}","[0.75, 1.0]",3.96
95,"[1, 3]","[3, 4]","[0.58, 0.79]","[['D', 'A', 'C', 'B'], ['A', 'D', 'B', 'C']]","{'A': 4, 'C': 4, 'D': 4, 'B': 3}","[0.75, 1.0]",3.96
95,"[1, 3]","[3, 4]","[0.58, 0.79]","[['D', 'A', 'C', 'B'], ['B', 'A', 'D', 'C']]","{'A': 4, 'C': 4, 'D': 4, 'B': 3}","[0.75, 1.0]",3.96
95,"[1, 3]","[3, 4]","[0.58, 0.79]","[['D', 'A', 'C', 'B'], ['B', 'D', 'A', 'C']]","{'A': 4, 'C': 4, 'D': 4, 'B': 3}","[0.75, 1.0]",3.96
95,"[1, 3]","[3, 4]","[0.58, 0.79]","[['D', 'A', 'C', 'B'], ['D', 'A', 'B', 'C']]","{'A': 4, 'C': 4, 'D': 4, 'B': 3}","[0.75, 1.0]",3.96
95,"[1, 3]","[3, 4]","[0.58, 0.79]","[['D', 'A', 'C', 'B'], ['D', 'B', 'A', 'C']]","{'A': 4, 'C': 4, 'D': 4, 'B': 3}","[0.75, 1.0]",3.96
95,"[1, 3]","[3, 4]","[0.58, 0.79]","[['D', 'B', 'A', 'C'], ['A', 'C', 'D', 'B']]","{'A': 4, 'C': 4, 'D': 4, 'B': 3}","[0.75, 1.0]",3.96
95,"[1, 3]","[3, 4]","[0.58, 0.79]","[['D', 'B', 'A', 'C'], ['A', 'D', 'C', 'B']]","{'A': 4, 'C': 4, 'D': 4, 'B': 3}","[0.75, 1.0]",3.96
95,"[1, 3]","[3, 4]","[0.58, 0.79]","[['D', 'B', 'A', 'C'], ['C', 'A', 'D', 'B']]","{'A': 4, 'C': 4, 'D': 4, 'B': 3}","[0.75, 1.0]",3.96
95,"[1, 3]","[3, 4]","[0.58, 0.79]","[['D', 'B', 'A', 'C'], ['C', 'D', 'A', 'B']]","{'A': 4, 'C': 4, 'D': 4, 'B': 3}","[0.75, 1.0]",3.96
95,"[1, 3]","[3, 4]","[0.58, 0.79]","[['D', 'B', 'A', 'C'], ['D', 'A', 'C', 'B']]","{'A': 4, 'C': 4, 'D': 4, 'B': 3}","[0.75, 1.0]",3.96
95,"[1, 3]","[3, 4]","[0.58, 0.79]","[['D', 'B', 'A', 'C'], ['D', 'C', 'A', 'B']]","{'A': 4, 'C': 4, 'D': 4, 'B': 3}","[0.75, 1.0]",3.96
95,"[1, 3]","[3, 4]","[0.58, 0.79]","[['D', 'C', 'A', 'B'], ['A', 'B', 'D', 'C']]","{'A': 4, 'C': 4, 'D': 4, 'B': 3}","[0.75, 1.0]",3.96
95,"[1, 3]","[3, 4]","[0.58, 0.79]","[['D', 'C', 'A', 'B'], ['A', 'D', 'B', 'C']]","{'A': 4, 'C': 4, 'D': 4, 'B': 3}","[0.75, 1.0]",3.96
95,"[1, 3]","[3, 4]","[0.58, 0.79]","[['D', 'C', 'A', 'B'], ['B', 'A', 'D', 'C']]","{'A': 4, 'C': 4, 'D': 4, 'B': 3}","[0.75, 1.0]",3.96
95,"[1, 3]","[3, 4]","[0.58, 0.79]","[['D', 'C', 'A', 'B'], ['B', 'D', 'A', 'C']]","{'A': 4, 'C': 4, 'D': 4, 'B': 3}","[0.75, 1.0]",3.96
95,"[1, 3]","[3, 4]","[0.58, 0.79]","[['D', 'C', 'A', 'B'], ['D', 'A', 'B', 'C']]","{'A': 4, 'C': 4, 'D': 4, 'B': 3}","[0.75, 1.0]",3.96
95,"[1, 3]","[3, 4]","[0.58, 0.79]","[['D', 'C', 'A', 'B'], ['D', 'B', 'A', 'C']]","{'A': 4, 'C': 4, 'D': 4, 'B': 3}","[0.75, 1.0]",3.96
95,"[1, 4]","[3, 4]","[0.58, 0.88]","[['A', 'B', 'D', 'C'], ['A', 'C', 'D', 'B']]","{'A': 4, 'C': 4, 'D': 4, 'B': 3}","[0.75, 1.0]",3.96
95,"[1, 4]","[3, 4]","[0.58, 0.88]","[['A', 'B', 'D', 'C'], ['A', 'D', 'C', 'B']]","{'A': 4, 'C': 4, 'D': 4, 'B': 3}","[0.75, 1.0]",3.96
95,"[1, 4]","[3, 4]","[0.58, 0.88]","[['A', 'B', 'D', 'C'], ['C', 'A', 'D', 'B']]","{'A': 4, 'C': 4, 'D': 4, 'B': 3}","[0.75, 1.0]",3.96
95,"[1, 4]","[3, 4]","[0.58, 0.88]","[['A', 'B', 'D', 'C'], ['C', 'D', 'A', 'B']]","{'A': 4, 'C': 4, 'D': 4, 'B': 3}","[0.75, 1.0]",3.96
95,"[1, 4]","[3, 4]","[0.58, 0.88]","[['A', 'B', 'D', 'C'], ['D', 'A', 'C', 'B']]","{'A': 4, 'C': 4, 'D': 4, 'B': 3}","[0.75, 1.0]",3.96
95,"[1, 4]","[3, 4]","[0.58, 0.88]","[['A', 'B', 'D', 'C'], ['D', 'C', 'A', 'B']]","{'A': 4, 'C': 4, 'D': 4, 'B': 3}","[0.75, 1.0]",3.96
95,"[1, 4]","[3, 4]","[0.58, 0.88]","[['A', 'C', 'D', 'B'], ['A', 'B', 'D', 'C']]","{'A': 4, 'C': 4, 'D': 4, 'B': 3}","[0.75, 1.0]",3.96
95,"[1, 4]","[3, 4]","[0.58, 0.88]","[['A', 'C', 'D', 'B'], ['A', 'D', 'B', 'C']]","{'A': 4, 'C': 4, 'D': 4, 'B': 3}","[0.75, 1.0]",3.96
95,"[1, 4]","[3, 4]","[0.58, 0.88]","[['A', 'C', 'D', 'B'], ['B', 'A', 'D', 'C']]","{'A': 4, 'C': 4, 'D': 4, 'B': 3}","[0.75, 1.0]",3.96
95,"[1, 4]","[3, 4]","[0.58, 0.88]","[['A', 'C', 'D', 'B'], ['B', 'D', 'A', 'C']]","{'A': 4, 'C': 4, 'D': 4, 'B': 3}","[0.75, 1.0]",3.96
95,"[1, 4]","[3, 4]","[0.58, 0.88]","[['A', 'C', 'D', 'B'], ['D', 'A', 'B', 'C']]","{'A': 4, 'C': 4, 'D': 4, 'B': 3}","[0.75, 1.0]",3.96
95,"[1, 4]","[3, 4]","[0.58, 0.88]","[['A', 'C', 'D', 'B'], ['D', 'B', 'A', 'C']]","{'A': 4, 'C': 4, 'D': 4, 'B': 3}","[0.75, 1.0]",3.96
95,"[1, 4]","[3, 4]","[0.58, 0.88]","[['A', 'D', 'B', 'C'], ['A', 'C', 'D', 'B']]","{'A': 4, 'C': 4, 'D': 4, 'B': 3}","[0.75, 1.0]",3.96
95,"[1, 4]","[3, 4]","[0.58, 0.88]","[['A', 'D', 'B', 'C'], ['A', 'D', 'C', 'B']]","{'A': 4, 'C': 4, 'D': 4, 'B': 3}","[0.75, 1.0]",3.96
95,"[1, 4]","[3, 4]","[0.58, 0.88]","[['A', 'D', 'B', 'C'], ['C', 'A', 'D', 'B']]","{'A': 4, 'C': 4, 'D': 4, 'B': 3}","[0.75, 1.0]",3.96
95,"[1, 4]","[3, 4]","[0.58, 0.88]","[['A', 'D', 'B', 'C'], ['C', 'D', 'A', 'B']]","{'A': 4, 'C': 4, 'D': 4, 'B': 3}","[0.75, 1.0]",3.96
95,"[1, 4]","[3, 4]","[0.58, 0.88]","[['A', 'D', 'B', 'C'], ['D', 'A', 'C', 'B']]","{'A': 4, 'C': 4, 'D': 4, 'B': 3}","[0.75, 1.0]",3.96
95,"[1, 4]","[3, 4]","[0.58, 0.88]","[['A', 'D', 'B', 'C'], ['D', 'C', 'A', 'B']]","{'A': 4, 'C': 4, 'D': 4, 'B': 3}","[0.75, 1.0]",3.96
95,"[1, 4]","[3, 4]","[0.58, 0.88]","[['A', 'D', 'C', 'B'], ['A', 'B', 'D', 'C']]","{'A': 4, 'C': 4, 'D': 4, 'B': 3}","[0.75, 1.0]",3.96
95,"[1, 4]","[3, 4]","[0.58, 0.88]","[['A', 'D', 'C', 'B'], ['A', 'D', 'B', 'C']]","{'A': 4, 'C': 4, 'D': 4, 'B': 3}","[0.75, 1.0]",3.96
95,"[1, 4]","[3, 4]","[0.58, 0.88]","[['A', 'D', 'C', 'B'], ['B', 'A', 'D', 'C']]","{'A': 4, 'C': 4, 'D': 4, 'B': 3}","[0.75, 1.0]",3.96
95,"[1, 4]","[3, 4]","[0.58, 0.88]","[['A', 'D', 'C', 'B'], ['B', 'D', 'A', 'C']]","{'A': 4, 'C': 4, 'D': 4, 'B': 3}","[0.75, 1.0]",3.96
95,"[1, 4]","[3, 4]","[0.58, 0.88]","[['A', 'D', 'C', 'B'], ['D', 'A', 'B', 'C']]","{'A': 4, 'C': 4, 'D': 4, 'B': 3}","[0.75, 1.0]",3.96
95,"[1, 4]","[3, 4]","[0.58, 0.88]","[['A', 'D', 'C', 'B'], ['D', 'B', 'A', 'C']]","{'A': 4, 'C': 4, 'D': 4, 'B': 3}","[0.75, 1.0]",3.96
95,"[1, 4]","[3, 4]","[0.58, 0.88]","[['B', 'A', 'D', 'C'], ['A', 'C', 'D', 'B']]","{'A': 4, 'C': 4, 'D': 4, 'B': 3}","[0.75, 1.0]",3.96
95,"[1, 4]","[3, 4]","[0.58, 0.88]","[['B', 'A', 'D', 'C'], ['A', 'D', 'C', 'B']]","{'A': 4, 'C': 4, 'D': 4, 'B': 3}","[0.75, 1.0]",3.96
95,"[1, 4]","[3, 4]","[0.58, 0.88]","[['B', 'A', 'D', 'C'], ['C', 'A', 'D', 'B']]","{'A': 4, 'C': 4, 'D': 4, 'B': 3}","[0.75, 1.0]",3.96
95,"[1, 4]","[3, 4]","[0.58, 0.88]","[['B', 'A', 'D', 'C'], ['C', 'D', 'A', 'B']]","{'A': 4, 'C': 4, 'D': 4, 'B': 3}","[0.75, 1.0]",3.96
95,"[1, 4]","[3, 4]","[0.58, 0.88]","[['B', 'A', 'D', 'C'], ['D', 'A', 'C', 'B']]","{'A': 4, 'C': 4, 'D': 4, 'B': 3}","[0.75, 1.0]",3.96
95,"[1, 4]","[3, 4]","[0.58, 0.88]","[['B', 'A', 'D', 'C'], ['D', 'C', 'A', 'B']]","{'A': 4, 'C': 4, 'D': 4, 'B': 3}","[0.75, 1.0]",3.96
95,"[1, 4]","[3, 4]","[0.58, 0.88]","[['B', 'D', 'A', 'C'], ['A', 'C', 'D', 'B']]","{'A': 4, 'C': 4, 'D': 4, 'B': 3}","[0.75, 1.0]",3.96
95,"[1, 4]","[3, 4]","[0.58, 0.88]","[['B', 'D', 'A', 'C'], ['A', 'D', 'C', 'B']]","{'A': 4, 'C': 4, 'D': 4, 'B': 3}","[0.75, 1.0]",3.96
95,"[1, 4]","[3, 4]","[0.58, 0.88]","[['B', 'D', 'A', 'C'], ['C', 'A', 'D', 'B']]","{'A': 4, 'C': 4, 'D': 4, 'B': 3}","[0.75, 1.0]",3.96
95,"[1, 4]","[3, 4]","[0.58, 0.88]","[['B', 'D', 'A', 'C'], ['C', 'D', 'A', 'B']]","{'A': 4, 'C': 4, 'D': 4, 'B': 3}","[0.75, 1.0]",3.96
95,"[1, 4]","[3, 4]","[0.58, 0.88]","[['B', 'D', 'A', 'C'], ['D', 'A', 'C', 'B']]","{'A': 4, 'C': 4, 'D': 4, 'B': 3}","[0.75, 1.0]",3.96
95,"[1, 4]","[3, 4]","[0.58, 0.88]","[['B', 'D', 'A', 'C'], ['D', 'C', 'A', 'B']]","{'A': 4, 'C': 4, 'D': 4, 'B': 3}","[0.75, 1.0]",3.96
95,"[1, 4]","[3, 4]","[0.58, 0.88]","[['C', 'A', 'D', 'B'], ['A', 'B', 'D', 'C']]","{'A': 4, 'C': 4, 'D': 4, 'B': 3}","[0.75, 1.0]",3.96
95,"[1, 4]","[3, 4]","[0.58, 0.88]","[['C', 'A', 'D', 'B'], ['A', 'D', 'B', 'C']]","{'A': 4, 'C': 4, 'D': 4, 'B': 3}","[0.75, 1.0]",3.96
95,"[1, 4]","[3, 4]","[0.58, 0.88]","[['C', 'A', 'D', 'B'], ['B', 'A', 'D', 'C']]","{'A': 4, 'C': 4, 'D': 4, 'B': 3}","[0.75, 1.0]",3.96
95,"[1, 4]","[3, 4]","[0.58, 0.88]","[['C', 'A', 'D', 'B'], ['B', 'D', 'A', 'C']]","{'A': 4, 'C': 4, 'D': 4, 'B': 3}","[0.75, 1.0]",3.96
95,"[1, 4]","[3, 4]","[0.58, 0.88]","[['C', 'A', 'D', 'B'], ['D', 'A', 'B', 'C']]","{'A': 4, 'C': 4, 'D': 4, 'B': 3}","[0.75, 1.0]",3.96
95,"[1, 4]","[3, 4]","[0.58, 0.88]","[['C', 'A', 'D', 'B'], ['D', 'B', 'A', 'C']]","{'A': 4, 'C': 4, 'D': 4, 'B': 3}","[0.75, 1.0]",3.96
95,"[1, 4]","[3, 4]","[0.58, 0.88]","[['C', 'D', 'A', 'B'], ['A', 'B', 'D', 'C']]","{'A': 4, 'C': 4, 'D': 4, 'B': 3}","[0.75, 1.0]",3.96
95,"[1, 4]","[3, 4]","[0.58, 0.88]","[['C', 'D', 'A', 'B'], ['A', 'D', 'B', 'C']]","{'A': 4, 'C': 4, 'D': 4, 'B': 3}","[0.75, 1.0]",3.96
95,"[1, 4]","[3, 4]","[0.58, 0.88]","[['C', 'D', 'A', 'B'], ['B', 'A', 'D', 'C']]","{'A': 4, 'C': 4, 'D': 4, 'B': 3}","[0.75, 1.0]",3.96
95,"[1, 4]","[3, 4]","[0.58, 0.88]","[['C', 'D', 'A', 'B'], ['B', 'D', 'A', 'C']]","{'A': 4, 'C': 4, 'D': 4, 'B': 3}","[0.75, 1.0]",3.96
95,"[1, 4]","[3, 4]","[0.58, 0.88]","[['C', 'D', 'A', 'B'], ['D', 'A', 'B', 'C']]","{'A': 4, 'C': 4, 'D': 4, 'B': 3}","[0.75, 1.0]",3.96
95,"[1, 4]","[3, 4]","[0.58, 0.88]","[['C', 'D', 'A', 'B'], ['D', 'B', 'A', 'C']]","{'A': 4, 'C': 4, 'D': 4, 'B': 3}","[0.75, 1.0]",3.96
95,"[1, 4]","[3, 4]","[0.58, 0.88]","[['D', 'A', 'B', 'C'], ['A', 'C', 'D', 'B']]","{'A': 4, 'C': 4, 'D': 4, 'B': 3}","[0.75, 1.0]",3.96
95,"[1, 4]","[3, 4]","[0.58, 0.88]","[['D', 'A', 'B', 'C'], ['A', 'D', 'C', 'B']]","{'A': 4, 'C': 4, 'D': 4, 'B': 3}","[0.75, 1.0]",3.96
95,"[1, 4]","[3, 4]","[0.58, 0.88]","[['D', 'A', 'B', 'C'], ['C', 'A', 'D', 'B']]","{'A': 4, 'C': 4, 'D': 4, 'B': 3}","[0.75, 1.0]",3.96
95,"[1, 4]","[3, 4]","[0.58, 0.88]","[['D', 'A', 'B', 'C'], ['C', 'D', 'A', 'B']]","{'A': 4, 'C': 4, 'D': 4, 'B': 3}","[0.75, 1.0]",3.96
95,"[1, 4]","[3, 4]","[0.58, 0.88]","[['D', 'A', 'B', 'C'], ['D', 'A', 'C', 'B']]","{'A': 4, 'C': 4, 'D': 4, 'B': 3}","[0.75, 1.0]",3.96
95,"[1, 4]","[3, 4]","[0.58, 0.88]","[['D', 'A', 'B', 'C'], ['D', 'C', 'A', 'B']]","{'A': 4, 'C': 4, 'D': 4, 'B': 3}","[0.75, 1.0]",3.96
95,"[1, 4]","[3, 4]","[0.58, 0.88]","[['D', 'A', 'C', 'B'], ['A', 'B', 'D', 'C']]","{'A': 4, 'C': 4, 'D': 4, 'B': 3}","[0.75, 1.0]",3.96
95,"[1, 4]","[3, 4]","[0.58, 0.88]","[['D', 'A', 'C', 'B'], ['A', 'D', 'B', 'C']]","{'A': 4, 'C': 4, 'D': 4, 'B': 3}","[0.75, 1.0]",3.96
95,"[1, 4]","[3, 4]","[0.58, 0.88]","[['D', 'A', 'C', 'B'], ['B', 'A', 'D', 'C']]","{'A': 4, 'C': 4, 'D': 4, 'B': 3}","[0.75, 1.0]",3.96
95,"[1, 4]","[3, 4]","[0.58, 0.88]","[['D', 'A', 'C', 'B'], ['B', 'D', 'A', 'C']]","{'A': 4, 'C': 4, 'D': 4, 'B': 3}","[0.75, 1.0]",3.96
95,"[1, 4]","[3, 4]","[0.58, 0.88]","[['D', 'A', 'C', 'B'], ['D', 'A', 'B', 'C']]","{'A': 4, 'C': 4, 'D': 4, 'B': 3}","[0.75, 1.0]",3.96
95,"[1, 4]","[3, 4]","[0.58, 0.88]","[['D', 'A', 'C', 'B'], ['D', 'B', 'A', 'C']]","{'A': 4, 'C': 4, 'D': 4, 'B': 3}","[0.75, 1.0]",3.96
95,"[1, 4]","[3, 4]","[0.58, 0.88]","[['D', 'B', 'A', 'C'], ['A', 'C', 'D', 'B']]","{'A': 4, 'C': 4, 'D': 4, 'B': 3}","[0.75, 1.0]",3.96
95,"[1, 4]","[3, 4]","[0.58, 0.88]","[['D', 'B', 'A', 'C'], ['A', 'D', 'C', 'B']]","{'A': 4, 'C': 4, 'D': 4, 'B': 3}","[0.75, 1.0]",3.96
95,"[1, 4]","[3, 4]","[0.58, 0.88]","[['D', 'B', 'A', 'C'], ['C', 'A', 'D', 'B']]","{'A': 4, 'C': 4, 'D': 4, 'B': 3}","[0.75, 1.0]",3.96
95,"[1, 4]","[3, 4]","[0.58, 0.88]","[['D', 'B', 'A', 'C'], ['C', 'D', 'A', 'B']]","{'A': 4, 'C': 4, 'D': 4, 'B': 3}","[0.75, 1.0]",3.96
95,"[1, 4]","[3, 4]","[0.58, 0.88]","[['D', 'B', 'A', 'C'], ['D', 'A', 'C', 'B']]","{'A': 4, 'C': 4, 'D': 4, 'B': 3}","[0.75, 1.0]",3.96
95,"[1, 4]","[3, 4]","[0.58, 0.88]","[['D', 'B', 'A', 'C'], ['D', 'C', 'A', 'B']]","{'A': 4, 'C': 4, 'D': 4, 'B': 3}","[0.75, 1.0]",3.96
95,"[1, 4]","[3, 4]","[0.58, 0.88]","[['D', 'C', 'A', 'B'], ['A', 'B', 'D', 'C']]","{'A': 4, 'C': 4, 'D': 4, 'B': 3}","[0.75, 1.0]",3.96
95,"[1, 4]","[3, 4]","[0.58, 0.88]","[['D', 'C', 'A', 'B'], ['A', 'D', 'B', 'C']]","{'A': 4, 'C': 4, 'D': 4, 'B': 3}","[0.75, 1.0]",3.96
95,"[1, 4]","[3, 4]","[0.58, 0.88]","[['D', 'C', 'A', 'B'], ['B', 'A', 'D', 'C']]","{'A': 4, 'C': 4, 'D': 4, 'B': 3}","[0.75, 1.0]",3.96
95,"[1, 4]","[3, 4]","[0.58, 0.88]","[['D', 'C', 'A', 'B'], ['B', 'D', 'A', 'C']]","{'A': 4, 'C': 4, 'D': 4, 'B': 3}","[0.75, 1.0]",3.96
95,"[1, 4]","[3, 4]","[0.58, 0.88]","[['D', 'C', 'A', 'B'], ['D', 'A', 'B', 'C']]","{'A': 4, 'C': 4, 'D': 4, 'B': 3}","[0.75, 1.0]",3.96
95,"[1, 4]","[3, 4]","[0.58, 0.88]","[['D', 'C', 'A', 'B'], ['D', 'B', 'A', 'C']]","{'A': 4, 'C': 4, 'D': 4, 'B': 3}","[0.75, 1.0]",3.96
95,"[2, 3]","[3, 4]","[0.46, 0.79]","[['A', 'B', 'D', 'C'], ['A', 'B', 'D', 'C']]","{'A': 5, 'D': 4, 'B': 3, 'C': 3}","[0.58, 1.0]",4.0
95,"[2, 3]","[3, 4]","[0.46, 0.79]","[['A', 'B', 'D', 'C'], ['A', 'D', 'B', 'C']]","{'A': 5, 'D': 4, 'B': 3, 'C': 3}","[0.58, 1.0]",4.0
95,"[2, 3]","[3, 4]","[0.46, 0.79]","[['A', 'B', 'D', 'C'], ['B', 'A', 'D', 'C']]","{'A': 5, 'D': 4, 'B': 3, 'C': 3}","[0.58, 1.0]",4.0
95,"[2, 3]","[3, 4]","[0.46, 0.79]","[['A', 'B', 'D', 'C'], ['B', 'D', 'A', 'C']]","{'A': 5, 'D': 4, 'B': 3, 'C': 3}","[0.58, 1.0]",4.0
95,"[2, 3]","[3, 4]","[0.46, 0.79]","[['A', 'B', 'D', 'C'], ['D', 'A', 'B', 'C']]","{'A': 5, 'D': 4, 'B': 3, 'C': 3}","[0.58, 1.0]",4.0
95,"[2, 3]","[3, 4]","[0.46, 0.79]","[['A', 'B', 'D', 'C'], ['D', 'B', 'A', 'C']]","{'A': 5, 'D': 4, 'B': 3, 'C': 3}","[0.58, 1.0]",4.0
95,"[2, 3]","[3, 4]","[0.46, 0.79]","[['A', 'D', 'B', 'C'], ['A', 'B', 'D', 'C']]","{'A': 5, 'D': 4, 'B': 3, 'C': 3}","[0.58, 1.0]",4.0
95,"[2, 3]","[3, 4]","[0.46, 0.79]","[['A', 'D', 'B', 'C'], ['A', 'D', 'B', 'C']]","{'A': 5, 'D': 4, 'B': 3, 'C': 3}","[0.58, 1.0]",4.0
95,"[2, 3]","[3, 4]","[0.46, 0.79]","[['A', 'D', 'B', 'C'], ['B', 'A', 'D', 'C']]","{'A': 5, 'D': 4, 'B': 3, 'C': 3}","[0.58, 1.0]",4.0
95,"[2, 3]","[3, 4]","[0.46, 0.79]","[['A', 'D', 'B', 'C'], ['B', 'D', 'A', 'C']]","{'A': 5, 'D': 4, 'B': 3, 'C': 3}","[0.58, 1.0]",4.0
95,"[2, 3]","[3, 4]","[0.46, 0.79]","[['A', 'D', 'B', 'C'], ['D', 'A', 'B', 'C']]","{'A': 5, 'D': 4, 'B': 3, 'C': 3}","[0.58, 1.0]",4.0
95,"[2, 3]","[3, 4]","[0.46, 0.79]","[['A', 'D', 'B', 'C'], ['D', 'B', 'A', 'C']]","{'A': 5, 'D': 4, 'B': 3, 'C': 3}","[0.58, 1.0]",4.0
95,"[2, 3]","[3, 4]","[0.46, 0.79]","[['B', 'A', 'D', 'C'], ['A', 'B', 'D', 'C']]","{'A': 5, 'D': 4, 'B': 3, 'C': 3}","[0.58, 1.0]",4.0
95,"[2, 3]","[3, 4]","[0.46, 0.79]","[['B', 'A', 'D', 'C'], ['A', 'D', 'B', 'C']]","{'A': 5, 'D': 4, 'B': 3, 'C': 3}","[0.58, 1.0]",4.0
95,"[2, 3]","[3, 4]","[0.46, 0.79]","[['B', 'A', 'D', 'C'], ['B', 'A', 'D', 'C']]","{'A': 5, 'D': 4, 'B': 3, 'C': 3}","[0.58, 1.0]",4.0
95,"[2, 3]","[3, 4]","[0.46, 0.79]","[['B', 'A', 'D', 'C'], ['B', 'D', 'A', 'C']]","{'A': 5, 'D': 4, 'B': 3, 'C': 3}","[0.58, 1.0]",4.0
95,"[2, 3]","[3, 4]","[0.46, 0.79]","[['B', 'A', 'D', 'C'], ['D', 'A', 'B', 'C']]","{'A': 5, 'D': 4, 'B': 3, 'C': 3}","[0.58, 1.0]",4.0
95,"[2, 3]","[3, 4]","[0.46, 0.79]","[['B', 'A', 'D', 'C'], ['D', 'B', 'A', 'C']]","{'A': 5, 'D': 4, 'B': 3, 'C': 3}","[0.58, 1.0]",4.0
95,"[2, 3]","[3, 4]","[0.46, 0.79]","[['B', 'D', 'A', 'C'], ['A', 'B', 'D', 'C']]","{'A': 5, 'D': 4, 'B': 3, 'C': 3}","[0.58, 1.0]",4.0
95,"[2, 3]","[3, 4]","[0.46, 0.79]","[['B', 'D', 'A', 'C'], ['A', 'D', 'B', 'C']]","{'A': 5, 'D': 4, 'B': 3, 'C': 3}","[0.58, 1.0]",4.0
95,"[2, 3]","[3, 4]","[0.46, 0.79]","[['B', 'D', 'A', 'C'], ['B', 'A', 'D', 'C']]","{'A': 5, 'D': 4, 'B': 3, 'C': 3}","[0.58, 1.0]",4.0
95,"[2, 3]","[3, 4]","[0.46, 0.79]","[['B', 'D', 'A', 'C'], ['B', 'D', 'A', 'C']]","{'A': 5, 'D': 4, 'B': 3, 'C': 3}","[0.58, 1.0]",4.0
95,"[2, 3]","[3, 4]","[0.46, 0.79]","[['B', 'D', 'A', 'C'], ['D', 'A', 'B', 'C']]","{'A': 5, 'D': 4, 'B': 3, 'C': 3}","[0.58, 1.0]",4.0
95,"[2, 3]","[3, 4]","[0.46, 0.79]","[['B', 'D', 'A', 'C'], ['D', 'B', 'A', 'C']]","{'A': 5, 'D': 4, 'B': 3, 'C': 3}","[0.58, 1.0]",4.0
95,"[2, 3]","[3, 4]","[0.46, 0.79]","[['D', 'A', 'B', 'C'], ['A', 'B', 'D', 'C']]","{'A': 5, 'D': 4, 'B': 3, 'C': 3}","[0.58, 1.0]",4.0
95,"[2, 3]","[3, 4]","[0.46, 0.79]","[['D', 'A', 'B', 'C'], ['A', 'D', 'B', 'C']]","{'A': 5, 'D': 4, 'B': 3, 'C': 3}","[0.58, 1.0]",4.0
95,"[2, 3]","[3, 4]","[0.46, 0.79]","[['D', 'A', 'B', 'C'], ['B', 'A', 'D', 'C']]","{'A': 5, 'D': 4, 'B': 3, 'C': 3}","[0.58, 1.0]",4.0
95,"[2, 3]","[3, 4]","[0.46, 0.79]","[['D', 'A', 'B', 'C'], ['B', 'D', 'A', 'C']]","{'A': 5, 'D': 4, 'B': 3, 'C': 3}","[0.58, 1.0]",4.0
95,"[2, 3]","[3, 4]","[0.46, 0.79]","[['D', 'A', 'B', 'C'], ['D', 'A', 'B', 'C']]","{'A': 5, 'D': 4, 'B': 3, 'C': 3}","[0.58, 1.0]",4.0
95,"[2, 3]","[3, 4]","[0.46, 0.79]","[['D', 'A', 'B', 'C'], ['D', 'B', 'A', 'C']]","{'A': 5, 'D': 4, 'B': 3, 'C': 3}","[0.58, 1.0]",4.0
95,"[2, 3]","[3, 4]","[0.46, 0.79]","[['D', 'B', 'A', 'C'], ['A', 'B', 'D', 'C']]","{'A': 5, 'D': 4, 'B': 3, 'C': 3}","[0.58, 1.0]",4.0
95,"[2, 3]","[3, 4]","[0.46, 0.79]","[['D', 'B', 'A', 'C'], ['A', 'D', 'B', 'C']]","{'A': 5, 'D': 4, 'B': 3, 'C': 3}","[0.58, 1.0]",4.0
95,"[2, 3]","[3, 4]","[0.46, 0.79]","[['D', 'B', 'A', 'C'], ['B', 'A', 'D', 'C']]","{'A': 5, 'D': 4, 'B': 3, 'C': 3}","[0.58, 1.0]",4.0
95,"[2, 3]","[3, 4]","[0.46, 0.79]","[['D', 'B', 'A', 'C'], ['B', 'D', 'A', 'C']]","{'A': 5, 'D': 4, 'B': 3, 'C': 3}","[0.58, 1.0]",4.0
95,"[2, 3]","[3, 4]","[0.46, 0.79]","[['D', 'B', 'A', 'C'], ['D', 'A', 'B', 'C']]","{'A': 5, 'D': 4, 'B': 3, 'C': 3}","[0.58, 1.0]",4.0
95,"[2, 3]","[3, 4]","[0.46, 0.79]","[['D', 'B', 'A', 'C'], ['D', 'B', 'A', 'C']]","{'A': 5, 'D': 4, 'B': 3, 'C': 3}","[0.58, 1.0]",4.0
95,"[2, 4]","[3, 4]","[0.46, 0.88]","[['A', 'B', 'D', 'C'], ['A', 'B', 'D', 'C']]","{'A': 5, 'D': 4, 'B': 3, 'C': 3}","[0.58, 1.0]",4.0
95,"[2, 4]","[3, 4]","[0.46, 0.88]","[['A', 'B', 'D', 'C'], ['A', 'D', 'B', 'C']]","{'A': 5, 'D': 4, 'B': 3, 'C': 3}","[0.58, 1.0]",4.0
95,"[2, 4]","[3, 4]","[0.46, 0.88]","[['A', 'B', 'D', 'C'], ['B', 'A', 'D', 'C']]","{'A': 5, 'D': 4, 'B': 3, 'C': 3}","[0.58, 1.0]",4.0
95,"[2, 4]","[3, 4]","[0.46, 0.88]","[['A', 'B', 'D', 'C'], ['B', 'D', 'A', 'C']]","{'A': 5, 'D': 4, 'B': 3, 'C': 3}","[0.58, 1.0]",4.0
95,"[2, 4]","[3, 4]","[0.46, 0.88]","[['A', 'B', 'D', 'C'], ['D', 'A', 'B', 'C']]","{'A': 5, 'D': 4, 'B': 3, 'C': 3}","[0.58, 1.0]",4.0
95,"[2, 4]","[3, 4]","[0.46, 0.88]","[['A', 'B', 'D', 'C'], ['D', 'B', 'A', 'C']]","{'A': 5, 'D': 4, 'B': 3, 'C': 3}","[0.58, 1.0]",4.0
95,"[2, 4]","[3, 4]","[0.46, 0.88]","[['A', 'D', 'B', 'C'], ['A', 'B', 'D', 'C']]","{'A': 5, 'D': 4, 'B': 3, 'C': 3}","[0.58, 1.0]",4.0
95,"[2, 4]","[3, 4]","[0.46, 0.88]","[['A', 'D', 'B', 'C'], ['A', 'D', 'B', 'C']]","{'A': 5, 'D': 4, 'B': 3, 'C': 3}","[0.58, 1.0]",4.0
95,"[2, 4]","[3, 4]","[0.46, 0.88]","[['A', 'D', 'B', 'C'], ['B', 'A', 'D', 'C']]","{'A': 5, 'D': 4, 'B': 3, 'C': 3}","[0.58, 1.0]",4.0
95,"[2, 4]","[3, 4]","[0.46, 0.88]","[['A', 'D', 'B', 'C'], ['B', 'D', 'A', 'C']]","{'A': 5, 'D': 4, 'B': 3, 'C': 3}","[0.58, 1.0]",4.0
95,"[2, 4]","[3, 4]","[0.46, 0.88]","[['A', 'D', 'B', 'C'], ['D', 'A', 'B', 'C']]","{'A': 5, 'D': 4, 'B': 3, 'C': 3}","[0.58, 1.0]",4.0
95,"[2, 4]","[3, 4]","[0.46, 0.88]","[['A', 'D', 'B', 'C'], ['D', 'B', 'A', 'C']]","{'A': 5, 'D': 4, 'B': 3, 'C': 3}","[0.58, 1.0]",4.0
95,"[2, 4]","[3, 4]","[0.46, 0.88]","[['B', 'A', 'D', 'C'], ['A', 'B', 'D', 'C']]","{'A': 5, 'D': 4, 'B': 3, 'C': 3}","[0.58, 1.0]",4.0
95,"[2, 4]","[3, 4]","[0.46, 0.88]","[['B', 'A', 'D', 'C'], ['A', 'D', 'B', 'C']]","{'A': 5, 'D': 4, 'B': 3, 'C': 3}","[0.58, 1.0]",4.0
95,"[2, 4]","[3, 4]","[0.46, 0.88]","[['B', 'A', 'D', 'C'], ['B', 'A', 'D', 'C']]","{'A': 5, 'D': 4, 'B': 3, 'C': 3}","[0.58, 1.0]",4.0
95,"[2, 4]","[3, 4]","[0.46, 0.88]","[['B', 'A', 'D', 'C'], ['B', 'D', 'A', 'C']]","{'A': 5, 'D': 4, 'B': 3, 'C': 3}","[0.58, 1.0]",4.0
95,"[2, 4]","[3, 4]","[0.46, 0.88]","[['B', 'A', 'D', 'C'], ['D', 'A', 'B', 'C']]","{'A': 5, 'D': 4, 'B': 3, 'C': 3}","[0.58, 1.0]",4.0
95,"[2, 4]","[3, 4]","[0.46, 0.88]","[['B', 'A', 'D', 'C'], ['D', 'B', 'A', 'C']]","{'A': 5, 'D': 4, 'B': 3, 'C': 3}","[0.58, 1.0]",4.0
95,"[2, 4]","[3, 4]","[0.46, 0.88]","[['B', 'D', 'A', 'C'], ['A', 'B', 'D', 'C']]","{'A': 5, 'D': 4, 'B': 3, 'C': 3}","[0.58, 1.0]",4.0
95,"[2, 4]","[3, 4]","[0.46, 0.88]","[['B', 'D', 'A', 'C'], ['A', 'D', 'B', 'C']]","{'A': 5, 'D': 4, 'B': 3, 'C': 3}","[0.58, 1.0]",4.0
95,"[2, 4]","[3, 4]","[0.46, 0.88]","[['B', 'D', 'A', 'C'], ['B', 'A', 'D', 'C']]","{'A': 5, 'D': 4, 'B': 3, 'C': 3}","[0.58, 1.0]",4.0
95,"[2, 4]","[3, 4]","[0.46, 0.88]","[['B', 'D', 'A', 'C'], ['B', 'D', 'A', 'C']]","{'A': 5, 'D': 4, 'B': 3, 'C': 3}","[0.58, 1.0]",4.0
95,"[2, 4]","[3, 4]","[0.46, 0.88]","[['B', 'D', 'A', 'C'], ['D', 'A', 'B', 'C']]","{'A': 5, 'D': 4, 'B': 3, 'C': 3}","[0.58, 1.0]",4.0
95,"[2, 4]","[3, 4]","[0.46, 0.88]","[['B', 'D', 'A', 'C'], ['D', 'B', 'A', 'C']]","{'A': 5, 'D': 4, 'B': 3, 'C': 3}","[0.58, 1.0]",4.0
95,"[2, 4]","[3, 4]","[0.46, 0.88]","[['D', 'A', 'B', 'C'], ['A', 'B', 'D', 'C']]","{'A': 5, 'D': 4, 'B': 3, 'C': 3}","[0.58, 1.0]",4.0
95,"[2, 4]","[3, 4]","[0.46, 0.88]","[['D', 'A', 'B', 'C'], ['A', 'D', 'B', 'C']]","{'A': 5, 'D': 4, 'B': 3, 'C': 3}","[0.58, 1.0]",4.0
95,"[2, 4]","[3, 4]","[0.46, 0.88]","[['D', 'A', 'B', 'C'], ['B', 'A', 'D', 'C']]","{'A': 5, 'D': 4, 'B': 3, 'C': 3}","[0.58, 1.0]",4.0
95,"[2, 4]","[3, 4]","[0.46, 0.88]","[['D', 'A', 'B', 'C'], ['B', 'D', 'A', 'C']]","{'A': 5, 'D': 4, 'B': 3, 'C': 3}","[0.58, 1.0]",4.0
95,"[2, 4]","[3, 4]","[0.46, 0.88]","[['D', 'A', 'B', 'C'], ['D', 'A', 'B', 'C']]","{'A': 5, 'D': 4, 'B': 3, 'C': 3}","[0.58, 1.0]",4.0
95,"[2, 4]","[3, 4]","[0.46, 0.88]","[['D', 'A', 'B', 'C'], ['D', 'B', 'A', 'C']]","{'A': 5, 'D': 4, 'B': 3, 'C': 3}","[0.58, 1.0]",4.0
95,"[2, 4]","[3, 4]","[0.46, 0.88]","[['D', 'B', 'A', 'C'], ['A', 'B', 'D', 'C']]","{'A': 5, 'D': 4, 'B': 3, 'C': 3}","[0.58, 1.0]",4.0
95,"[2, 4]","[3, 4]","[0.46, 0.88]","[['D', 'B', 'A', 'C'], ['A', 'D', 'B', 'C']]","{'A': 5, 'D': 4, 'B': 3, 'C': 3}","[0.58, 1.0]",4.0
95,"[2, 4]","[3, 4]","[0.46, 0.88]","[['D', 'B', 'A', 'C'], ['B', 'A', 'D', 'C']]","{'A': 5, 'D': 4, 'B': 3, 'C': 3}","[0.58, 1.0]",4.0
95,"[2, 4]","[3, 4]","[0.46, 0.88]","[['D', 'B', 'A', 'C'], ['B', 'D', 'A', 'C']]","{'A': 5, 'D': 4, 'B': 3, 'C': 3}","[0.58, 1.0]",4.0
95,"[2, 4]","[3, 4]","[0.46, 0.88]","[['D', 'B', 'A', 'C'], ['D', 'A', 'B', 'C']]","{'A': 5, 'D': 4, 'B': 3, 'C': 3}","[0.58, 1.0]",4.0
95,"[2, 4]","[3, 4]","[0.46, 0.88]","[['D', 'B', 'A', 'C'], ['D', 'B', 'A', 'C']]","{'A': 5, 'D': 4, 'B': 3, 'C': 3}","[0.58, 1.0]",4.0
95,"[3, 4]","[4, 4]","[0.79, 0.88]","[['A', 'B', 'C', 'D'], ['A', 'B', 'D', 'C']]","{'A': 4, 'C': 4, 'D': 4, 'B': 3}","[1.0, 1.0]",3.96
95,"[3, 4]","[4, 4]","[0.79, 0.88]","[['A', 'B', 'C', 'D'], ['A', 'D', 'B', 'C']]","{'A': 4, 'C': 4, 'D': 4, 'B': 3}","[1.0, 1.0]",3.96
95,"[3, 4]","[4, 4]","[0.79, 0.88]","[['A', 'B', 'C', 'D'], ['B', 'A', 'D', 'C']]","{'A': 4, 'C': 4, 'D': 4, 'B': 3}","[1.0, 1.0]",3.96
95,"[3, 4]","[4, 4]","[0.79, 0.88]","[['A', 'B', 'C', 'D'], ['B', 'D', 'A', 'C']]","{'A': 4, 'C': 4, 'D': 4, 'B': 3}","[1.0, 1.0]",3.96
95,"[3, 4]","[4, 4]","[0.79, 0.88]","[['A', 'B', 'C', 'D'], ['D', 'A', 'B', 'C']]","{'A': 4, 'C': 4, 'D': 4, 'B': 3}","[1.0, 1.0]",3.96
95,"[3, 4]","[4, 4]","[0.79, 0.88]","[['A', 'B', 'C', 'D'], ['D', 'B', 'A', 'C']]","{'A': 4, 'C': 4, 'D': 4, 'B': 3}","[1.0, 1.0]",3.96
95,"[3, 4]","[4, 4]","[0.79, 0.88]","[['A', 'B', 'D', 'C'], ['A', 'B', 'C', 'D']]","{'A': 4, 'C': 4, 'D': 4, 'B': 3}","[1.0, 1.0]",3.96
95,"[3, 4]","[4, 4]","[0.79, 0.88]","[['A', 'B', 'D', 'C'], ['A', 'C', 'B', 'D']]","{'A': 4, 'C': 4, 'D': 4, 'B': 3}","[1.0, 1.0]",3.96
95,"[3, 4]","[4, 4]","[0.79, 0.88]","[['A', 'B', 'D', 'C'], ['B', 'A', 'C', 'D']]","{'A': 4, 'C': 4, 'D': 4, 'B': 3}","[1.0, 1.0]",3.96
95,"[3, 4]","[4, 4]","[0.79, 0.88]","[['A', 'B', 'D', 'C'], ['B', 'C', 'A', 'D']]","{'A': 4, 'C': 4, 'D': 4, 'B': 3}","[1.0, 1.0]",3.96
95,"[3, 4]","[4, 4]","[0.79, 0.88]","[['A', 'B', 'D', 'C'], ['C', 'A', 'B', 'D']]","{'A': 4, 'C': 4, 'D': 4, 'B': 3}","[1.0, 1.0]",3.96
95,"[3, 4]","[4, 4]","[0.79, 0.88]","[['A', 'B', 'D', 'C'], ['C', 'B', 'A', 'D']]","{'A': 4, 'C': 4, 'D': 4, 'B': 3}","[1.0, 1.0]",3.96
95,"[3, 4]","[4, 4]","[0.79, 0.88]","[['A', 'C', 'B', 'D'], ['A', 'B', 'D', 'C']]","{'A': 4, 'C': 4, 'D': 4, 'B': 3}","[1.0, 1.0]",3.96
95,"[3, 4]","[4, 4]","[0.79, 0.88]","[['A', 'C', 'B', 'D'], ['A', 'D', 'B', 'C']]","{'A': 4, 'C': 4, 'D': 4, 'B': 3}","[1.0, 1.0]",3.96
95,"[3, 4]","[4, 4]","[0.79, 0.88]","[['A', 'C', 'B', 'D'], ['B', 'A', 'D', 'C']]","{'A': 4, 'C': 4, 'D': 4, 'B': 3}","[1.0, 1.0]",3.96
95,"[3, 4]","[4, 4]","[0.79, 0.88]","[['A', 'C', 'B', 'D'], ['B', 'D', 'A', 'C']]","{'A': 4, 'C': 4, 'D': 4, 'B': 3}","[1.0, 1.0]",3.96
95,"[3, 4]","[4, 4]","[0.79, 0.88]","[['A', 'C', 'B', 'D'], ['D', 'A', 'B', 'C']]","{'A': 4, 'C': 4, 'D': 4, 'B': 3}","[1.0, 1.0]",3.96
95,"[3, 4]","[4, 4]","[0.79, 0.88]","[['A', 'C', 'B', 'D'], ['D', 'B', 'A', 'C']]","{'A': 4, 'C': 4, 'D': 4, 'B': 3}","[1.0, 1.0]",3.96
95,"[3, 4]","[4, 4]","[0.79, 0.88]","[['A', 'D', 'B', 'C'], ['A', 'B', 'C', 'D']]","{'A': 4, 'C': 4, 'D': 4, 'B': 3}","[1.0, 1.0]",3.96
95,"[3, 4]","[4, 4]","[0.79, 0.88]","[['A', 'D', 'B', 'C'], ['A', 'C', 'B', 'D']]","{'A': 4, 'C': 4, 'D': 4, 'B': 3}","[1.0, 1.0]",3.96
95,"[3, 4]","[4, 4]","[0.79, 0.88]","[['A', 'D', 'B', 'C'], ['B', 'A', 'C', 'D']]","{'A': 4, 'C': 4, 'D': 4, 'B': 3}","[1.0, 1.0]",3.96
95,"[3, 4]","[4, 4]","[0.79, 0.88]","[['A', 'D', 'B', 'C'], ['B', 'C', 'A', 'D']]","{'A': 4, 'C': 4, 'D': 4, 'B': 3}","[1.0, 1.0]",3.96
95,"[3, 4]","[4, 4]","[0.79, 0.88]","[['A', 'D', 'B', 'C'], ['C', 'A', 'B', 'D']]","{'A': 4, 'C': 4, 'D': 4, 'B': 3}","[1.0, 1.0]",3.96
95,"[3, 4]","[4, 4]","[0.79, 0.88]","[['A', 'D', 'B', 'C'], ['C', 'B', 'A', 'D']]","{'A': 4, 'C': 4, 'D': 4, 'B': 3}","[1.0, 1.0]",3.96
95,"[3, 4]","[4, 4]","[0.79, 0.88]","[['B', 'A', 'C', 'D'], ['A', 'B', 'D', 'C']]","{'A': 4, 'C': 4, 'D': 4, 'B': 3}","[1.0, 1.0]",3.96
95,"[3, 4]","[4, 4]","[0.79, 0.88]","[['B', 'A', 'C', 'D'], ['A', 'D', 'B', 'C']]","{'A': 4, 'C': 4, 'D': 4, 'B': 3}","[1.0, 1.0]",3.96
95,"[3, 4]","[4, 4]","[0.79, 0.88]","[['B', 'A', 'C', 'D'], ['B', 'A', 'D', 'C']]","{'A': 4, 'C': 4, 'D': 4, 'B': 3}","[1.0, 1.0]",3.96
95,"[3, 4]","[4, 4]","[0.79, 0.88]","[['B', 'A', 'C', 'D'], ['B', 'D', 'A', 'C']]","{'A': 4, 'C': 4, 'D': 4, 'B': 3}","[1.0, 1.0]",3.96
95,"[3, 4]","[4, 4]","[0.79, 0.88]","[['B', 'A', 'C', 'D'], ['D', 'A', 'B', 'C']]","{'A': 4, 'C': 4, 'D': 4, 'B': 3}","[1.0, 1.0]",3.96
95,"[3, 4]","[4, 4]","[0.79, 0.88]","[['B', 'A', 'C', 'D'], ['D', 'B', 'A', 'C']]","{'A': 4, 'C': 4, 'D': 4, 'B': 3}","[1.0, 1.0]",3.96
95,"[3, 4]","[4, 4]","[0.79, 0.88]","[['B', 'A', 'D', 'C'], ['A', 'B', 'C', 'D']]","{'A': 4, 'C': 4, 'D': 4, 'B': 3}","[1.0, 1.0]",3.96
95,"[3, 4]","[4, 4]","[0.79, 0.88]","[['B', 'A', 'D', 'C'], ['A', 'C', 'B', 'D']]","{'A': 4, 'C': 4, 'D': 4, 'B': 3}","[1.0, 1.0]",3.96
95,"[3, 4]","[4, 4]","[0.79, 0.88]","[['B', 'A', 'D', 'C'], ['B', 'A', 'C', 'D']]","{'A': 4, 'C': 4, 'D': 4, 'B': 3}","[1.0, 1.0]",3.96
95,"[3, 4]","[4, 4]","[0.79, 0.88]","[['B', 'A', 'D', 'C'], ['B', 'C', 'A', 'D']]","{'A': 4, 'C': 4, 'D': 4, 'B': 3}","[1.0, 1.0]",3.96
95,"[3, 4]","[4, 4]","[0.79, 0.88]","[['B', 'A', 'D', 'C'], ['C', 'A', 'B', 'D']]","{'A': 4, 'C': 4, 'D': 4, 'B': 3}","[1.0, 1.0]",3.96
95,"[3, 4]","[4, 4]","[0.79, 0.88]","[['B', 'A', 'D', 'C'], ['C', 'B', 'A', 'D']]","{'A': 4, 'C': 4, 'D': 4, 'B': 3}","[1.0, 1.0]",3.96
95,"[3, 4]","[4, 4]","[0.79, 0.88]","[['B', 'C', 'A', 'D'], ['A', 'B', 'D', 'C']]","{'A': 4, 'C': 4, 'D': 4, 'B': 3}","[1.0, 1.0]",3.96
95,"[3, 4]","[4, 4]","[0.79, 0.88]","[['B', 'C', 'A', 'D'], ['A', 'D', 'B', 'C']]","{'A': 4, 'C': 4, 'D': 4, 'B': 3}","[1.0, 1.0]",3.96
95,"[3, 4]","[4, 4]","[0.79, 0.88]","[['B', 'C', 'A', 'D'], ['B', 'A', 'D', 'C']]","{'A': 4, 'C': 4, 'D': 4, 'B': 3}","[1.0, 1.0]",3.96
95,"[3, 4]","[4, 4]","[0.79, 0.88]","[['B', 'C', 'A', 'D'], ['B', 'D', 'A', 'C']]","{'A': 4, 'C': 4, 'D': 4, 'B': 3}","[1.0, 1.0]",3.96
95,"[3, 4]","[4, 4]","[0.79, 0.88]","[['B', 'C', 'A', 'D'], ['D', 'A', 'B', 'C']]","{'A': 4, 'C': 4, 'D': 4, 'B': 3}","[1.0, 1.0]",3.96
95,"[3, 4]","[4, 4]","[0.79, 0.88]","[['B', 'C', 'A', 'D'], ['D', 'B', 'A', 'C']]","{'A': 4, 'C': 4, 'D': 4, 'B': 3}","[1.0, 1.0]",3.96
95,"[3, 4]","[4, 4]","[0.79, 0.88]","[['B', 'D', 'A', 'C'], ['A', 'B', 'C', 'D']]","{'A': 4, 'C': 4, 'D': 4, 'B': 3}","[1.0, 1.0]",3.96
95,"[3, 4]","[4, 4]","[0.79, 0.88]","[['B', 'D', 'A', 'C'], ['A', 'C', 'B', 'D']]","{'A': 4, 'C': 4, 'D': 4, 'B': 3}","[1.0, 1.0]",3.96
95,"[3, 4]","[4, 4]","[0.79, 0.88]","[['B', 'D', 'A', 'C'], ['B', 'A', 'C', 'D']]","{'A': 4, 'C': 4, 'D': 4, 'B': 3}","[1.0, 1.0]",3.96
95,"[3, 4]","[4, 4]","[0.79, 0.88]","[['B', 'D', 'A', 'C'], ['B', 'C', 'A', 'D']]","{'A': 4, 'C': 4, 'D': 4, 'B': 3}","[1.0, 1.0]",3.96
95,"[3, 4]","[4, 4]","[0.79, 0.88]","[['B', 'D', 'A', 'C'], ['C', 'A', 'B', 'D']]","{'A': 4, 'C': 4, 'D': 4, 'B': 3}","[1.0, 1.0]",3.96
95,"[3, 4]","[4, 4]","[0.79, 0.88]","[['B', 'D', 'A', 'C'], ['C', 'B', 'A', 'D']]","{'A': 4, 'C': 4, 'D': 4, 'B': 3}","[1.0, 1.0]",3.96
95,"[3, 4]","[4, 4]","[0.79, 0.88]","[['C', 'A', 'B', 'D'], ['A', 'B', 'D', 'C']]","{'A': 4, 'C': 4, 'D': 4, 'B': 3}","[1.0, 1.0]",3.96
95,"[3, 4]","[4, 4]","[0.79, 0.88]","[['C', 'A', 'B', 'D'], ['A', 'D', 'B', 'C']]","{'A': 4, 'C': 4, 'D': 4, 'B': 3}","[1.0, 1.0]",3.96
95,"[3, 4]","[4, 4]","[0.79, 0.88]","[['C', 'A', 'B', 'D'], ['B', 'A', 'D', 'C']]","{'A': 4, 'C': 4, 'D': 4, 'B': 3}","[1.0, 1.0]",3.96
95,"[3, 4]","[4, 4]","[0.79, 0.88]","[['C', 'A', 'B', 'D'], ['B', 'D', 'A', 'C']]","{'A': 4, 'C': 4, 'D': 4, 'B': 3}","[1.0, 1.0]",3.96
95,"[3, 4]","[4, 4]","[0.79, 0.88]","[['C', 'A', 'B', 'D'], ['D', 'A', 'B', 'C']]","{'A': 4, 'C': 4, 'D': 4, 'B': 3}","[1.0, 1.0]",3.96
95,"[3, 4]","[4, 4]","[0.79, 0.88]","[['C', 'A', 'B', 'D'], ['D', 'B', 'A', 'C']]","{'A': 4, 'C': 4, 'D': 4, 'B': 3}","[1.0, 1.0]",3.96
95,"[3, 4]","[4, 4]","[0.79, 0.88]","[['C', 'B', 'A', 'D'], ['A', 'B', 'D', 'C']]","{'A': 4, 'C': 4, 'D': 4, 'B': 3}","[1.0, 1.0]",3.96
95,"[3, 4]","[4, 4]","[0.79, 0.88]","[['C', 'B', 'A', 'D'], ['A', 'D', 'B', 'C']]","{'A': 4, 'C': 4, 'D': 4, 'B': 3}","[1.0, 1.0]",3.96
95,"[3, 4]","[4, 4]","[0.79, 0.88]","[['C', 'B', 'A', 'D'], ['B', 'A', 'D', 'C']]","{'A': 4, 'C': 4, 'D': 4, 'B': 3}","[1.0, 1.0]",3.96
95,"[3, 4]","[4, 4]","[0.79, 0.88]","[['C', 'B', 'A', 'D'], ['B', 'D', 'A', 'C']]","{'A': 4, 'C': 4, 'D': 4, 'B': 3}","[1.0, 1.0]",3.96
95,"[3, 4]","[4, 4]","[0.79, 0.88]","[['C', 'B', 'A', 'D'], ['D', 'A', 'B', 'C']]","{'A': 4, 'C': 4, 'D': 4, 'B': 3}","[1.0, 1.0]",3.96
95,"[3, 4]","[4, 4]","[0.79, 0.88]","[['C', 'B', 'A', 'D'], ['D', 'B', 'A', 'C']]","{'A': 4, 'C': 4, 'D': 4, 'B': 3}","[1.0, 1.0]",3.96
95,"[3, 4]","[4, 4]","[0.79, 0.88]","[['D', 'A', 'B', 'C'], ['A', 'B', 'C', 'D']]","{'A': 4, 'C': 4, 'D': 4, 'B': 3}","[1.0, 1.0]",3.96
95,"[3, 4]","[4, 4]","[0.79, 0.88]","[['D', 'A', 'B', 'C'], ['A', 'C', 'B', 'D']]","{'A': 4, 'C': 4, 'D': 4, 'B': 3}","[1.0, 1.0]",3.96
95,"[3, 4]","[4, 4]","[0.79, 0.88]","[['D', 'A', 'B', 'C'], ['B', 'A', 'C', 'D']]","{'A': 4, 'C': 4, 'D': 4, 'B': 3}","[1.0, 1.0]",3.96
95,"[3, 4]","[4, 4]","[0.79, 0.88]","[['D', 'A', 'B', 'C'], ['B', 'C', 'A', 'D']]","{'A': 4, 'C': 4, 'D': 4, 'B': 3}","[1.0, 1.0]",3.96
95,"[3, 4]","[4, 4]","[0.79, 0.88]","[['D', 'A', 'B', 'C'], ['C', 'A', 'B', 'D']]","{'A': 4, 'C': 4, 'D': 4, 'B': 3}","[1.0, 1.0]",3.96
95,"[3, 4]","[4, 4]","[0.79, 0.88]","[['D', 'A', 'B', 'C'], ['C', 'B', 'A', 'D']]","{'A': 4, 'C': 4, 'D': 4, 'B': 3}","[1.0, 1.0]",3.96
95,"[3, 4]","[4, 4]","[0.79, 0.88]","[['D', 'B', 'A', 'C'], ['A', 'B', 'C', 'D']]","{'A': 4, 'C': 4, 'D': 4, 'B': 3}","[1.0, 1.0]",3.96
95,"[3, 4]","[4, 4]","[0.79, 0.88]","[['D', 'B', 'A', 'C'], ['A', 'C', 'B', 'D']]","{'A': 4, 'C': 4, 'D': 4, 'B': 3}","[1.0, 1.0]",3.96
95,"[3, 4]","[4, 4]","[0.79, 0.88]","[['D', 'B', 'A', 'C'], ['B', 'A', 'C', 'D']]","{'A': 4, 'C': 4, 'D': 4, 'B': 3}","[1.0, 1.0]",3.96
95,"[3, 4]","[4, 4]","[0.79, 0.88]","[['D', 'B', 'A', 'C'], ['B', 'C', 'A', 'D']]","{'A': 4, 'C': 4, 'D': 4, 'B': 3}","[1.0, 1.0]",3.96
95,"[3, 4]","[4, 4]","[0.79, 0.88]","[['D', 'B', 'A', 'C'], ['C', 'A', 'B', 'D']]","{'A': 4, 'C': 4, 'D': 4, 'B': 3}","[1.0, 1.0]",3.96
95,"[3, 4]","[4, 4]","[0.79, 0.88]","[['D', 'B', 'A', 'C'], ['C', 'B', 'A', 'D']]","{'A': 4, 'C': 4, 'D': 4, 'B': 3}","[1.0, 1.0]",3.96
95,"[3, 5]","[4, 3]","[0.79, 0.58]","[['A', 'B', 'D', 'C'], ['A', 'C', 'D', 'B']]","{'A': 4, 'C': 4, 'D': 4, 'B': 3}","[1.0, 0.75]",3.96
95,"[3, 5]","[4, 3]","[0.79, 0.58]","[['A', 'B', 'D', 'C'], ['A', 'D', 'C', 'B']]","{'A': 4, 'C': 4, 'D': 4, 'B': 3}","[1.0, 0.75]",3.96
95,"[3, 5]","[4, 3]","[0.79, 0.58]","[['A', 'B', 'D', 'C'], ['C', 'A', 'D', 'B']]","{'A': 4, 'C': 4, 'D': 4, 'B': 3}","[1.0, 0.75]",3.96
95,"[3, 5]","[4, 3]","[0.79, 0.58]","[['A', 'B', 'D', 'C'], ['C', 'D', 'A', 'B']]","{'A': 4, 'C': 4, 'D': 4, 'B': 3}","[1.0, 0.75]",3.96
95,"[3, 5]","[4, 3]","[0.79, 0.58]","[['A', 'B', 'D', 'C'], ['D', 'A', 'C', 'B']]","{'A': 4, 'C': 4, 'D': 4, 'B': 3}","[1.0, 0.75]",3.96
95,"[3, 5]","[4, 3]","[0.79, 0.58]","[['A', 'B', 'D', 'C'], ['D', 'C', 'A', 'B']]","{'A': 4, 'C': 4, 'D': 4, 'B': 3}","[1.0, 0.75]",3.96
95,"[3, 5]","[4, 3]","[0.79, 0.58]","[['A', 'C', 'D', 'B'], ['A', 'B', 'D', 'C']]","{'A': 4, 'C': 4, 'D': 4, 'B': 3}","[1.0, 0.75]",3.96
95,"[3, 5]","[4, 3]","[0.79, 0.58]","[['A', 'C', 'D', 'B'], ['A', 'D', 'B', 'C']]","{'A': 4, 'C': 4, 'D': 4, 'B': 3}","[1.0, 0.75]",3.96
95,"[3, 5]","[4, 3]","[0.79, 0.58]","[['A', 'C', 'D', 'B'], ['B', 'A', 'D', 'C']]","{'A': 4, 'C': 4, 'D': 4, 'B': 3}","[1.0, 0.75]",3.96
95,"[3, 5]","[4, 3]","[0.79, 0.58]","[['A', 'C', 'D', 'B'], ['B', 'D', 'A', 'C']]","{'A': 4, 'C': 4, 'D': 4, 'B': 3}","[1.0, 0.75]",3.96
95,"[3, 5]","[4, 3]","[0.79, 0.58]","[['A', 'C', 'D', 'B'], ['D', 'A', 'B', 'C']]","{'A': 4, 'C': 4, 'D': 4, 'B': 3}","[1.0, 0.75]",3.96
95,"[3, 5]","[4, 3]","[0.79, 0.58]","[['A', 'C', 'D', 'B'], ['D', 'B', 'A', 'C']]","{'A': 4, 'C': 4, 'D': 4, 'B': 3}","[1.0, 0.75]",3.96
95,"[3, 5]","[4, 3]","[0.79, 0.58]","[['A', 'D', 'B', 'C'], ['A', 'C', 'D', 'B']]","{'A': 4, 'C': 4, 'D': 4, 'B': 3}","[1.0, 0.75]",3.96
95,"[3, 5]","[4, 3]","[0.79, 0.58]","[['A', 'D', 'B', 'C'], ['A', 'D', 'C', 'B']]","{'A': 4, 'C': 4, 'D': 4, 'B': 3}","[1.0, 0.75]",3.96
95,"[3, 5]","[4, 3]","[0.79, 0.58]","[['A', 'D', 'B', 'C'], ['C', 'A', 'D', 'B']]","{'A': 4, 'C': 4, 'D': 4, 'B': 3}","[1.0, 0.75]",3.96
95,"[3, 5]","[4, 3]","[0.79, 0.58]","[['A', 'D', 'B', 'C'], ['C', 'D', 'A', 'B']]","{'A': 4, 'C': 4, 'D': 4, 'B': 3}","[1.0, 0.75]",3.96
95,"[3, 5]","[4, 3]","[0.79, 0.58]","[['A', 'D', 'B', 'C'], ['D', 'A', 'C', 'B']]","{'A': 4, 'C': 4, 'D': 4, 'B': 3}","[1.0, 0.75]",3.96
95,"[3, 5]","[4, 3]","[0.79, 0.58]","[['A', 'D', 'B', 'C'], ['D', 'C', 'A', 'B']]","{'A': 4, 'C': 4, 'D': 4, 'B': 3}","[1.0, 0.75]",3.96
95,"[3, 5]","[4, 3]","[0.79, 0.58]","[['A', 'D', 'C', 'B'], ['A', 'B', 'D', 'C']]","{'A': 4, 'C': 4, 'D': 4, 'B': 3}","[1.0, 0.75]",3.96
95,"[3, 5]","[4, 3]","[0.79, 0.58]","[['A', 'D', 'C', 'B'], ['A', 'D', 'B', 'C']]","{'A': 4, 'C': 4, 'D': 4, 'B': 3}","[1.0, 0.75]",3.96
95,"[3, 5]","[4, 3]","[0.79, 0.58]","[['A', 'D', 'C', 'B'], ['B', 'A', 'D', 'C']]","{'A': 4, 'C': 4, 'D': 4, 'B': 3}","[1.0, 0.75]",3.96
95,"[3, 5]","[4, 3]","[0.79, 0.58]","[['A', 'D', 'C', 'B'], ['B', 'D', 'A', 'C']]","{'A': 4, 'C': 4, 'D': 4, 'B': 3}","[1.0, 0.75]",3.96
95,"[3, 5]","[4, 3]","[0.79, 0.58]","[['A', 'D', 'C', 'B'], ['D', 'A', 'B', 'C']]","{'A': 4, 'C': 4, 'D': 4, 'B': 3}","[1.0, 0.75]",3.96
95,"[3, 5]","[4, 3]","[0.79, 0.58]","[['A', 'D', 'C', 'B'], ['D', 'B', 'A', 'C']]","{'A': 4, 'C': 4, 'D': 4, 'B': 3}","[1.0, 0.75]",3.96
95,"[3, 5]","[4, 3]","[0.79, 0.58]","[['B', 'A', 'D', 'C'], ['A', 'C', 'D', 'B']]","{'A': 4, 'C': 4, 'D': 4, 'B': 3}","[1.0, 0.75]",3.96
95,"[3, 5]","[4, 3]","[0.79, 0.58]","[['B', 'A', 'D', 'C'], ['A', 'D', 'C', 'B']]","{'A': 4, 'C': 4, 'D': 4, 'B': 3}","[1.0, 0.75]",3.96
95,"[3, 5]","[4, 3]","[0.79, 0.58]","[['B', 'A', 'D', 'C'], ['C', 'A', 'D', 'B']]","{'A': 4, 'C': 4, 'D': 4, 'B': 3}","[1.0, 0.75]",3.96
95,"[3, 5]","[4, 3]","[0.79, 0.58]","[['B', 'A', 'D', 'C'], ['C', 'D', 'A', 'B']]","{'A': 4, 'C': 4, 'D': 4, 'B': 3}","[1.0, 0.75]",3.96
95,"[3, 5]","[4, 3]","[0.79, 0.58]","[['B', 'A', 'D', 'C'], ['D', 'A', 'C', 'B']]","{'A': 4, 'C': 4, 'D': 4, 'B': 3}","[1.0, 0.75]",3.96
95,"[3, 5]","[4, 3]","[0.79, 0.58]","[['B', 'A', 'D', 'C'], ['D', 'C', 'A', 'B']]","{'A': 4, 'C': 4, 'D': 4, 'B': 3}","[1.0, 0.75]",3.96
95,"[3, 5]","[4, 3]","[0.79, 0.58]","[['B', 'D', 'A', 'C'], ['A', 'C', 'D', 'B']]","{'A': 4, 'C': 4, 'D': 4, 'B': 3}","[1.0, 0.75]",3.96
95,"[3, 5]","[4, 3]","[0.79, 0.58]","[['B', 'D', 'A', 'C'], ['A', 'D', 'C', 'B']]","{'A': 4, 'C': 4, 'D': 4, 'B': 3}","[1.0, 0.75]",3.96
95,"[3, 5]","[4, 3]","[0.79, 0.58]","[['B', 'D', 'A', 'C'], ['C', 'A', 'D', 'B']]","{'A': 4, 'C': 4, 'D': 4, 'B': 3}","[1.0, 0.75]",3.96
95,"[3, 5]","[4, 3]","[0.79, 0.58]","[['B', 'D', 'A', 'C'], ['C', 'D', 'A', 'B']]","{'A': 4, 'C': 4, 'D': 4, 'B': 3}","[1.0, 0.75]",3.96
95,"[3, 5]","[4, 3]","[0.79, 0.58]","[['B', 'D', 'A', 'C'], ['D', 'A', 'C', 'B']]","{'A': 4, 'C': 4, 'D': 4, 'B': 3}","[1.0, 0.75]",3.96
95,"[3, 5]","[4, 3]","[0.79, 0.58]","[['B', 'D', 'A', 'C'], ['D', 'C', 'A', 'B']]","{'A': 4, 'C': 4, 'D': 4, 'B': 3}","[1.0, 0.75]",3.96
95,"[3, 5]","[4, 3]","[0.79, 0.58]","[['C', 'A', 'D', 'B'], ['A', 'B', 'D', 'C']]","{'A': 4, 'C': 4, 'D': 4, 'B': 3}","[1.0, 0.75]",3.96
95,"[3, 5]","[4, 3]","[0.79, 0.58]","[['C', 'A', 'D', 'B'], ['A', 'D', 'B', 'C']]","{'A': 4, 'C': 4, 'D': 4, 'B': 3}","[1.0, 0.75]",3.96
95,"[3, 5]","[4, 3]","[0.79, 0.58]","[['C', 'A', 'D', 'B'], ['B', 'A', 'D', 'C']]","{'A': 4, 'C': 4, 'D': 4, 'B': 3}","[1.0, 0.75]",3.96
95,"[3, 5]","[4, 3]","[0.79, 0.58]","[['C', 'A', 'D', 'B'], ['B', 'D', 'A', 'C']]","{'A': 4, 'C': 4, 'D': 4, 'B': 3}","[1.0, 0.75]",3.96
95,"[3, 5]","[4, 3]","[0.79, 0.58]","[['C', 'A', 'D', 'B'], ['D', 'A', 'B', 'C']]","{'A': 4, 'C': 4, 'D': 4, 'B': 3}","[1.0, 0.75]",3.96
95,"[3, 5]","[4, 3]","[0.79, 0.58]","[['C', 'A', 'D', 'B'], ['D', 'B', 'A', 'C']]","{'A': 4, 'C': 4, 'D': 4, 'B': 3}","[1.0, 0.75]",3.96
95,"[3, 5]","[4, 3]","[0.79, 0.58]","[['C', 'D', 'A', 'B'], ['A', 'B', 'D', 'C']]","{'A': 4, 'C': 4, 'D': 4, 'B': 3}","[1.0, 0.75]",3.96
95,"[3, 5]","[4, 3]","[0.79, 0.58]","[['C', 'D', 'A', 'B'], ['A', 'D', 'B', 'C']]","{'A': 4, 'C': 4, 'D': 4, 'B': 3}","[1.0, 0.75]",3.96
95,"[3, 5]","[4, 3]","[0.79, 0.58]","[['C', 'D', 'A', 'B'], ['B', 'A', 'D', 'C']]","{'A': 4, 'C': 4, 'D': 4, 'B': 3}","[1.0, 0.75]",3.96
95,"[3, 5]","[4, 3]","[0.79, 0.58]","[['C', 'D', 'A', 'B'], ['B', 'D', 'A', 'C']]","{'A': 4, 'C': 4, 'D': 4, 'B': 3}","[1.0, 0.75]",3.96
95,"[3, 5]","[4, 3]","[0.79, 0.58]","[['C', 'D', 'A', 'B'], ['D', 'A', 'B', 'C']]","{'A': 4, 'C': 4, 'D': 4, 'B': 3}","[1.0, 0.75]",3.96
95,"[3, 5]","[4, 3]","[0.79, 0.58]","[['C', 'D', 'A', 'B'], ['D', 'B', 'A', 'C']]","{'A': 4, 'C': 4, 'D': 4, 'B': 3}","[1.0, 0.75]",3.96
95,"[3, 5]","[4, 3]","[0.79, 0.58]","[['D', 'A', 'B', 'C'], ['A', 'C', 'D', 'B']]","{'A': 4, 'C': 4, 'D': 4, 'B': 3}","[1.0, 0.75]",3.96
95,"[3, 5]","[4, 3]","[0.79, 0.58]","[['D', 'A', 'B', 'C'], ['A', 'D', 'C', 'B']]","{'A': 4, 'C': 4, 'D': 4, 'B': 3}","[1.0, 0.75]",3.96
95,"[3, 5]","[4, 3]","[0.79, 0.58]","[['D', 'A', 'B', 'C'], ['C', 'A', 'D', 'B']]","{'A': 4, 'C': 4, 'D': 4, 'B': 3}","[1.0, 0.75]",3.96
95,"[3, 5]","[4, 3]","[0.79, 0.58]","[['D', 'A', 'B', 'C'], ['C', 'D', 'A', 'B']]","{'A': 4, 'C': 4, 'D': 4, 'B': 3}","[1.0, 0.75]",3.96
95,"[3, 5]","[4, 3]","[0.79, 0.58]","[['D', 'A', 'B', 'C'], ['D', 'A', 'C', 'B']]","{'A': 4, 'C': 4, 'D': 4, 'B': 3}","[1.0, 0.75]",3.96
95,"[3, 5]","[4, 3]","[0.79, 0.58]","[['D', 'A', 'B', 'C'], ['D', 'C', 'A', 'B']]","{'A': 4, 'C': 4, 'D': 4, 'B': 3}","[1.0, 0.75]",3.96
95,"[3, 5]","[4, 3]","[0.79, 0.58]","[['D', 'A', 'C', 'B'], ['A', 'B', 'D', 'C']]","{'A': 4, 'C': 4, 'D': 4, 'B': 3}","[1.0, 0.75]",3.96
95,"[3, 5]","[4, 3]","[0.79, 0.58]","[['D', 'A', 'C', 'B'], ['A', 'D', 'B', 'C']]","{'A': 4, 'C': 4, 'D': 4, 'B': 3}","[1.0, 0.75]",3.96
95,"[3, 5]","[4, 3]","[0.79, 0.58]","[['D', 'A', 'C', 'B'], ['B', 'A', 'D', 'C']]","{'A': 4, 'C': 4, 'D': 4, 'B': 3}","[1.0, 0.75]",3.96
95,"[3, 5]","[4, 3]","[0.79, 0.58]","[['D', 'A', 'C', 'B'], ['B', 'D', 'A', 'C']]","{'A': 4, 'C': 4, 'D': 4, 'B': 3}","[1.0, 0.75]",3.96
95,"[3, 5]","[4, 3]","[0.79, 0.58]","[['D', 'A', 'C', 'B'], ['D', 'A', 'B', 'C']]","{'A': 4, 'C': 4, 'D': 4, 'B': 3}","[1.0, 0.75]",3.96
95,"[3, 5]","[4, 3]","[0.79, 0.58]","[['D', 'A', 'C', 'B'], ['D', 'B', 'A', 'C']]","{'A': 4, 'C': 4, 'D': 4, 'B': 3}","[1.0, 0.75]",3.96
95,"[3, 5]","[4, 3]","[0.79, 0.58]","[['D', 'B', 'A', 'C'], ['A', 'C', 'D', 'B']]","{'A': 4, 'C': 4, 'D': 4, 'B': 3}","[1.0, 0.75]",3.96
95,"[3, 5]","[4, 3]","[0.79, 0.58]","[['D', 'B', 'A', 'C'], ['A', 'D', 'C', 'B']]","{'A': 4, 'C': 4, 'D': 4, 'B': 3}","[1.0, 0.75]",3.96
95,"[3, 5]","[4, 3]","[0.79, 0.58]","[['D', 'B', 'A', 'C'], ['C', 'A', 'D', 'B']]","{'A': 4, 'C': 4, 'D': 4, 'B': 3}","[1.0, 0.75]",3.96
95,"[3, 5]","[4, 3]","[0.79, 0.58]","[['D', 'B', 'A', 'C'], ['C', 'D', 'A', 'B']]","{'A': 4, 'C': 4, 'D': 4, 'B': 3}","[1.0, 0.75]",3.96
95,"[3, 5]","[4, 3]","[0.79, 0.58]","[['D', 'B', 'A', 'C'], ['D', 'A', 'C', 'B']]","{'A': 4, 'C': 4, 'D': 4, 'B': 3}","[1.0, 0.75]",3.96
95,"[3, 5]","[4, 3]","[0.79, 0.58]","[['D', 'B', 'A', 'C'], ['D', 'C', 'A', 'B']]","{'A': 4, 'C': 4, 'D': 4, 'B': 3}","[1.0, 0.75]",3.96
95,"[3, 5]","[4, 3]","[0.79, 0.58]","[['D', 'C', 'A', 'B'], ['A', 'B', 'D', 'C']]","{'A': 4, 'C': 4, 'D': 4, 'B': 3}","[1.0, 0.75]",3.96
95,"[3, 5]","[4, 3]","[0.79, 0.58]","[['D', 'C', 'A', 'B'], ['A', 'D', 'B', 'C']]","{'A': 4, 'C': 4, 'D': 4, 'B': 3}","[1.0, 0.75]",3.96
95,"[3, 5]","[4, 3]","[0.79, 0.58]","[['D', 'C', 'A', 'B'], ['B', 'A', 'D', 'C']]","{'A': 4, 'C': 4, 'D': 4, 'B': 3}","[1.0, 0.75]",3.96
95,"[3, 5]","[4, 3]","[0.79, 0.58]","[['D', 'C', 'A', 'B'], ['B', 'D', 'A', 'C']]","{'A': 4, 'C': 4, 'D': 4, 'B': 3}","[1.0, 0.75]",3.96
95,"[3, 5]","[4, 3]","[0.79, 0.58]","[['D', 'C', 'A', 'B'], ['D', 'A', 'B', 'C']]","{'A': 4, 'C': 4, 'D': 4, 'B': 3}","[1.0, 0.75]",3.96
95,"[3, 5]","[4, 3]","[0.79, 0.58]","[['D', 'C', 'A', 'B'], ['D', 'B', 'A', 'C']]","{'A': 4, 'C': 4, 'D': 4, 'B': 3}","[1.0, 0.75]",3.96
95,"[4, 5]","[4, 3]","[0.88, 0.58]","[['A', 'B', 'D', 'C'], ['A', 'C', 'D', 'B']]","{'A': 4, 'C': 4, 'D': 4, 'B': 3}","[1.0, 0.75]",3.96
95,"[4, 5]","[4, 3]","[0.88, 0.58]","[['A', 'B', 'D', 'C'], ['A', 'D', 'C', 'B']]","{'A': 4, 'C': 4, 'D': 4, 'B': 3}","[1.0, 0.75]",3.96
95,"[4, 5]","[4, 3]","[0.88, 0.58]","[['A', 'B', 'D', 'C'], ['C', 'A', 'D', 'B']]","{'A': 4, 'C': 4, 'D': 4, 'B': 3}","[1.0, 0.75]",3.96
95,"[4, 5]","[4, 3]","[0.88, 0.58]","[['A', 'B', 'D', 'C'], ['C', 'D', 'A', 'B']]","{'A': 4, 'C': 4, 'D': 4, 'B': 3}","[1.0, 0.75]",3.96
95,"[4, 5]","[4, 3]","[0.88, 0.58]","[['A', 'B', 'D', 'C'], ['D', 'A', 'C', 'B']]","{'A': 4, 'C': 4, 'D': 4, 'B': 3}","[1.0, 0.75]",3.96
95,"[4, 5]","[4, 3]","[0.88, 0.58]","[['A', 'B', 'D', 'C'], ['D', 'C', 'A', 'B']]","{'A': 4, 'C': 4, 'D': 4, 'B': 3}","[1.0, 0.75]",3.96
95,"[4, 5]","[4, 3]","[0.88, 0.58]","[['A', 'C', 'D', 'B'], ['A', 'B', 'D', 'C']]","{'A': 4, 'C': 4, 'D': 4, 'B': 3}","[1.0, 0.75]",3.96
95,"[4, 5]","[4, 3]","[0.88, 0.58]","[['A', 'C', 'D', 'B'], ['A', 'D', 'B', 'C']]","{'A': 4, 'C': 4, 'D': 4, 'B': 3}","[1.0, 0.75]",3.96
95,"[4, 5]","[4, 3]","[0.88, 0.58]","[['A', 'C', 'D', 'B'], ['B', 'A', 'D', 'C']]","{'A': 4, 'C': 4, 'D': 4, 'B': 3}","[1.0, 0.75]",3.96
95,"[4, 5]","[4, 3]","[0.88, 0.58]","[['A', 'C', 'D', 'B'], ['B', 'D', 'A', 'C']]","{'A': 4, 'C': 4, 'D': 4, 'B': 3}","[1.0, 0.75]",3.96
95,"[4, 5]","[4, 3]","[0.88, 0.58]","[['A', 'C', 'D', 'B'], ['D', 'A', 'B', 'C']]","{'A': 4, 'C': 4, 'D': 4, 'B': 3}","[1.0, 0.75]",3.96
95,"[4, 5]","[4, 3]","[0.88, 0.58]","[['A', 'C', 'D', 'B'], ['D', 'B', 'A', 'C']]","{'A': 4, 'C': 4, 'D': 4, 'B': 3}","[1.0, 0.75]",3.96
95,"[4, 5]","[4, 3]","[0.88, 0.58]","[['A', 'D', 'B', 'C'], ['A', 'C', 'D', 'B']]","{'A': 4, 'C': 4, 'D': 4, 'B': 3}","[1.0, 0.75]",3.96
95,"[4, 5]","[4, 3]","[0.88, 0.58]","[['A', 'D', 'B', 'C'], ['A', 'D', 'C', 'B']]","{'A': 4, 'C': 4, 'D': 4, 'B': 3}","[1.0, 0.75]",3.96
95,"[4, 5]","[4, 3]","[0.88, 0.58]","[['A', 'D', 'B', 'C'], ['C', 'A', 'D', 'B']]","{'A': 4, 'C': 4, 'D': 4, 'B': 3}","[1.0, 0.75]",3.96
95,"[4, 5]","[4, 3]","[0.88, 0.58]","[['A', 'D', 'B', 'C'], ['C', 'D', 'A', 'B']]","{'A': 4, 'C': 4, 'D': 4, 'B': 3}","[1.0, 0.75]",3.96
95,"[4, 5]","[4, 3]","[0.88, 0.58]","[['A', 'D', 'B', 'C'], ['D', 'A', 'C', 'B']]","{'A': 4, 'C': 4, 'D': 4, 'B': 3}","[1.0, 0.75]",3.96
95,"[4, 5]","[4, 3]","[0.88, 0.58]","[['A', 'D', 'B', 'C'], ['D', 'C', 'A', 'B']]","{'A': 4, 'C': 4, 'D': 4, 'B': 3}","[1.0, 0.75]",3.96
95,"[4, 5]","[4, 3]","[0.88, 0.58]","[['A', 'D', 'C', 'B'], ['A', 'B', 'D', 'C']]","{'A': 4, 'C': 4, 'D': 4, 'B': 3}","[1.0, 0.75]",3.96
95,"[4, 5]","[4, 3]","[0.88, 0.58]","[['A', 'D', 'C', 'B'], ['A', 'D', 'B', 'C']]","{'A': 4, 'C': 4, 'D': 4, 'B': 3}","[1.0, 0.75]",3.96
95,"[4, 5]","[4, 3]","[0.88, 0.58]","[['A', 'D', 'C', 'B'], ['B', 'A', 'D', 'C']]","{'A': 4, 'C': 4, 'D': 4, 'B': 3}","[1.0, 0.75]",3.96
95,"[4, 5]","[4, 3]","[0.88, 0.58]","[['A', 'D', 'C', 'B'], ['B', 'D', 'A', 'C']]","{'A': 4, 'C': 4, 'D': 4, 'B': 3}","[1.0, 0.75]",3.96
95,"[4, 5]","[4, 3]","[0.88, 0.58]","[['A', 'D', 'C', 'B'], ['D', 'A', 'B', 'C']]","{'A': 4, 'C': 4, 'D': 4, 'B': 3}","[1.0, 0.75]",3.96
95,"[4, 5]","[4, 3]","[0.88, 0.58]","[['A', 'D', 'C', 'B'], ['D', 'B', 'A', 'C']]","{'A': 4, 'C': 4, 'D': 4, 'B': 3}","[1.0, 0.75]",3.96
95,"[4, 5]","[4, 3]","[0.88, 0.58]","[['B', 'A', 'D', 'C'], ['A', 'C', 'D', 'B']]","{'A': 4, 'C': 4, 'D': 4, 'B': 3}","[1.0, 0.75]",3.96
95,"[4, 5]","[4, 3]","[0.88, 0.58]","[['B', 'A', 'D', 'C'], ['A', 'D', 'C', 'B']]","{'A': 4, 'C': 4, 'D': 4, 'B': 3}","[1.0, 0.75]",3.96
95,"[4, 5]","[4, 3]","[0.88, 0.58]","[['B', 'A', 'D', 'C'], ['C', 'A', 'D', 'B']]","{'A': 4, 'C': 4, 'D': 4, 'B': 3}","[1.0, 0.75]",3.96
95,"[4, 5]","[4, 3]","[0.88, 0.58]","[['B', 'A', 'D', 'C'], ['C', 'D', 'A', 'B']]","{'A': 4, 'C': 4, 'D': 4, 'B': 3}","[1.0, 0.75]",3.96
95,"[4, 5]","[4, 3]","[0.88, 0.58]","[['B', 'A', 'D', 'C'], ['D', 'A', 'C', 'B']]","{'A': 4, 'C': 4, 'D': 4, 'B': 3}","[1.0, 0.75]",3.96
95,"[4, 5]","[4, 3]","[0.88, 0.58]","[['B', 'A', 'D', 'C'], ['D', 'C', 'A', 'B']]","{'A': 4, 'C': 4, 'D': 4, 'B': 3}","[1.0, 0.75]",3.96
95,"[4, 5]","[4, 3]","[0.88, 0.58]","[['B', 'D', 'A', 'C'], ['A', 'C', 'D', 'B']]","{'A': 4, 'C': 4, 'D': 4, 'B': 3}","[1.0, 0.75]",3.96
95,"[4, 5]","[4, 3]","[0.88, 0.58]","[['B', 'D', 'A', 'C'], ['A', 'D', 'C', 'B']]","{'A': 4, 'C': 4, 'D': 4, 'B': 3}","[1.0, 0.75]",3.96
95,"[4, 5]","[4, 3]","[0.88, 0.58]","[['B', 'D', 'A', 'C'], ['C', 'A', 'D', 'B']]","{'A': 4, 'C': 4, 'D': 4, 'B': 3}","[1.0, 0.75]",3.96
95,"[4, 5]","[4, 3]","[0.88, 0.58]","[['B', 'D', 'A', 'C'], ['C', 'D', 'A', 'B']]","{'A': 4, 'C': 4, 'D': 4, 'B': 3}","[1.0, 0.75]",3.96
95,"[4, 5]","[4, 3]","[0.88, 0.58]","[['B', 'D', 'A', 'C'], ['D', 'A', 'C', 'B']]","{'A': 4, 'C': 4, 'D': 4, 'B': 3}","[1.0, 0.75]",3.96
95,"[4, 5]","[4, 3]","[0.88, 0.58]","[['B', 'D', 'A', 'C'], ['D', 'C', 'A', 'B']]","{'A': 4, 'C': 4, 'D': 4, 'B': 3}","[1.0, 0.75]",3.96
95,"[4, 5]","[4, 3]","[0.88, 0.58]","[['C', 'A', 'D', 'B'], ['A', 'B', 'D', 'C']]","{'A': 4, 'C': 4, 'D': 4, 'B': 3}","[1.0, 0.75]",3.96
95,"[4, 5]","[4, 3]","[0.88, 0.58]","[['C', 'A', 'D', 'B'], ['A', 'D', 'B', 'C']]","{'A': 4, 'C': 4, 'D': 4, 'B': 3}","[1.0, 0.75]",3.96
95,"[4, 5]","[4, 3]","[0.88, 0.58]","[['C', 'A', 'D', 'B'], ['B', 'A', 'D', 'C']]","{'A': 4, 'C': 4, 'D': 4, 'B': 3}","[1.0, 0.75]",3.96
95,"[4, 5]","[4, 3]","[0.88, 0.58]","[['C', 'A', 'D', 'B'], ['B', 'D', 'A', 'C']]","{'A': 4, 'C': 4, 'D': 4, 'B': 3}","[1.0, 0.75]",3.96
95,"[4, 5]","[4, 3]","[0.88, 0.58]","[['C', 'A', 'D', 'B'], ['D', 'A', 'B', 'C']]","{'A': 4, 'C': 4, 'D': 4, 'B': 3}","[1.0, 0.75]",3.96
95,"[4, 5]","[4, 3]","[0.88, 0.58]","[['C', 'A', 'D', 'B'], ['D', 'B', 'A', 'C']]","{'A': 4, 'C': 4, 'D': 4, 'B': 3}","[1.0, 0.75]",3.96
95,"[4, 5]","[4, 3]","[0.88, 0.58]","[['C', 'D', 'A', 'B'], ['A', 'B', 'D', 'C']]","{'A': 4, 'C': 4, 'D': 4, 'B': 3}","[1.0, 0.75]",3.96
95,"[4, 5]","[4, 3]","[0.88, 0.58]","[['C', 'D', 'A', 'B'], ['A', 'D', 'B', 'C']]","{'A': 4, 'C': 4, 'D': 4, 'B': 3}","[1.0, 0.75]",3.96
95,"[4, 5]","[4, 3]","[0.88, 0.58]","[['C', 'D', 'A', 'B'], ['B', 'A', 'D', 'C']]","{'A': 4, 'C': 4, 'D': 4, 'B': 3}","[1.0, 0.75]",3.96
95,"[4, 5]","[4, 3]","[0.88, 0.58]","[['C', 'D', 'A', 'B'], ['B', 'D', 'A', 'C']]","{'A': 4, 'C': 4, 'D': 4, 'B': 3}","[1.0, 0.75]",3.96
95,"[4, 5]","[4, 3]","[0.88, 0.58]","[['C', 'D', 'A', 'B'], ['D', 'A', 'B', 'C']]","{'A': 4, 'C': 4, 'D': 4, 'B': 3}","[1.0, 0.75]",3.96
95,"[4, 5]","[4, 3]","[0.88, 0.58]","[['C', 'D', 'A', 'B'], ['D', 'B', 'A', 'C']]","{'A': 4, 'C': 4, 'D': 4, 'B': 3}","[1.0, 0.75]",3.96
95,"[4, 5]","[4, 3]","[0.88, 0.58]","[['D', 'A', 'B', 'C'], ['A', 'C', 'D', 'B']]","{'A': 4, 'C': 4, 'D': 4, 'B': 3}","[1.0, 0.75]",3.96
95,"[4, 5]","[4, 3]","[0.88, 0.58]","[['D', 'A', 'B', 'C'], ['A', 'D', 'C', 'B']]","{'A': 4, 'C': 4, 'D': 4, 'B': 3}","[1.0, 0.75]",3.96
95,"[4, 5]","[4, 3]","[0.88, 0.58]","[['D', 'A', 'B', 'C'], ['C', 'A', 'D', 'B']]","{'A': 4, 'C': 4, 'D': 4, 'B': 3}","[1.0, 0.75]",3.96
95,"[4, 5]","[4, 3]","[0.88, 0.58]","[['D', 'A', 'B', 'C'], ['C', 'D', 'A', 'B']]","{'A': 4, 'C': 4, 'D': 4, 'B': 3}","[1.0, 0.75]",3.96
95,"[4, 5]","[4, 3]","[0.88, 0.58]","[['D', 'A', 'B', 'C'], ['D', 'A', 'C', 'B']]","{'A': 4, 'C': 4, 'D': 4, 'B': 3}","[1.0, 0.75]",3.96
95,"[4, 5]","[4, 3]","[0.88, 0.58]","[['D', 'A', 'B', 'C'], ['D', 'C', 'A', 'B']]","{'A': 4, 'C': 4, 'D': 4, 'B': 3}","[1.0, 0.75]",3.96
95,"[4, 5]","[4, 3]","[0.88, 0.58]","[['D', 'A', 'C', 'B'], ['A', 'B', 'D', 'C']]","{'A': 4, 'C': 4, 'D': 4, 'B': 3}","[1.0, 0.75]",3.96
95,"[4, 5]","[4, 3]","[0.88, 0.58]","[['D', 'A', 'C', 'B'], ['A', 'D', 'B', 'C']]","{'A': 4, 'C': 4, 'D': 4, 'B': 3}","[1.0, 0.75]",3.96
95,"[4, 5]","[4, 3]","[0.88, 0.58]","[['D', 'A', 'C', 'B'], ['B', 'A', 'D', 'C']]","{'A': 4, 'C': 4, 'D': 4, 'B': 3}","[1.0, 0.75]",3.96
95,"[4, 5]","[4, 3]","[0.88, 0.58]","[['D', 'A', 'C', 'B'], ['B', 'D', 'A', 'C']]","{'A': 4, 'C': 4, 'D': 4, 'B': 3}","[1.0, 0.75]",3.96
95,"[4, 5]","[4, 3]","[0.88, 0.58]","[['D', 'A', 'C', 'B'], ['D', 'A', 'B', 'C']]","{'A': 4, 'C': 4, 'D': 4, 'B': 3}","[1.0, 0.75]",3.96
95,"[4, 5]","[4, 3]","[0.88, 0.58]","[['D', 'A', 'C', 'B'], ['D', 'B', 'A', 'C']]","{'A': 4, 'C': 4, 'D': 4, 'B': 3}","[1.0, 0.75]",3.96
95,"[4, 5]","[4, 3]","[0.88, 0.58]","[['D', 'B', 'A', 'C'], ['A', 'C', 'D', 'B']]","{'A': 4, 'C': 4, 'D': 4, 'B': 3}","[1.0, 0.75]",3.96
95,"[4, 5]","[4, 3]","[0.88, 0.58]","[['D', 'B', 'A', 'C'], ['A', 'D', 'C', 'B']]","{'A': 4, 'C': 4, 'D': 4, 'B': 3}","[1.0, 0.75]",3.96
95,"[4, 5]","[4, 3]","[0.88, 0.58]","[['D', 'B', 'A', 'C'], ['C', 'A', 'D', 'B']]","{'A': 4, 'C': 4, 'D': 4, 'B': 3}","[1.0, 0.75]",3.96
95,"[4, 5]","[4, 3]","[0.88, 0.58]","[['D', 'B', 'A', 'C'], ['C', 'D', 'A', 'B']]","{'A': 4, 'C': 4, 'D': 4, 'B': 3}","[1.0, 0.75]",3.96
95,"[4, 5]","[4, 3]","[0.88, 0.58]","[['D', 'B', 'A', 'C'], ['D', 'A', 'C', 'B']]","{'A': 4, 'C': 4, 'D': 4, 'B': 3}","[1.0, 0.75]",3.96
95,"[4, 5]","[4, 3]","[0.88, 0.58]","[['D', 'B', 'A', 'C'], ['D', 'C', 'A', 'B']]","{'A': 4, 'C': 4, 'D': 4, 'B': 3}","[1.0, 0.75]",3.96
95,"[4, 5]","[4, 3]","[0.88, 0.58]","[['D', 'C', 'A', 'B'], ['A', 'B', 'D', 'C']]","{'A': 4, 'C': 4, 'D': 4, 'B': 3}","[1.0, 0.75]",3.96
95,"[4, 5]","[4, 3]","[0.88, 0.58]","[['D', 'C', 'A', 'B'], ['A', 'D', 'B', 'C']]","{'A': 4, 'C': 4, 'D': 4, 'B': 3}","[1.0, 0.75]",3.96
95,"[4, 5]","[4, 3]","[0.88, 0.58]","[['D', 'C', 'A', 'B'], ['B', 'A', 'D', 'C']]","{'A': 4, 'C': 4, 'D': 4, 'B': 3}","[1.0, 0.75]",3.96
95,"[4, 5]","[4, 3]","[0.88, 0.58]","[['D', 'C', 'A', 'B'], ['B', 'D', 'A', 'C']]","{'A': 4, 'C': 4, 'D': 4, 'B': 3}","[1.0, 0.75]",3.96
95,"[4, 5]","[4, 3]","[0.88, 0.58]","[['D', 'C', 'A', 'B'], ['D', 'A', 'B', 'C']]","{'A': 4, 'C': 4, 'D': 4, 'B': 3}","[1.0, 0.75]",3.96
95,"[4, 5]","[4, 3]","[0.88, 0.58]","[['D', 'C', 'A', 'B'], ['D', 'B', 'A', 'C']]","{'A': 4, 'C': 4, 'D': 4, 'B': 3}","[1.0, 0.75]",3.96
95,"[1, 2, 3]","[3, 3, 4]","[0.58, 0.46, 0.79]","[['A', 'B', 'D', 'C'], ['A', 'B', 'D', 'C'], ['A', 'C', 'D', 'B']]","{'A': 5, 'D': 4, 'B': 3, 'C': 3}","[0.67, 0.58, 1.0]",4.0
95,"[1, 2, 3]","[3, 3, 4]","[0.58, 0.46, 0.79]","[['A', 'B', 'D', 'C'], ['A', 'B', 'D', 'C'], ['A', 'D', 'C', 'B']]","{'A': 5, 'D': 4, 'B': 3, 'C': 3}","[0.67, 0.58, 1.0]",4.0
95,"[1, 2, 3]","[3, 3, 4]","[0.58, 0.46, 0.79]","[['A', 'B', 'D', 'C'], ['A', 'B', 'D', 'C'], ['C', 'A', 'D', 'B']]","{'A': 5, 'D': 4, 'B': 3, 'C': 3}","[0.67, 0.58, 1.0]",4.0
95,"[1, 2, 3]","[3, 3, 4]","[0.58, 0.46, 0.79]","[['A', 'B', 'D', 'C'], ['A', 'B', 'D', 'C'], ['C', 'D', 'A', 'B']]","{'A': 5, 'D': 4, 'B': 3, 'C': 3}","[0.67, 0.58, 1.0]",4.0
95,"[1, 2, 3]","[3, 3, 4]","[0.58, 0.46, 0.79]","[['A', 'B', 'D', 'C'], ['A', 'B', 'D', 'C'], ['D', 'A', 'C', 'B']]","{'A': 5, 'D': 4, 'B': 3, 'C': 3}","[0.67, 0.58, 1.0]",4.0
95,"[1, 2, 3]","[3, 3, 4]","[0.58, 0.46, 0.79]","[['A', 'B', 'D', 'C'], ['A', 'B', 'D', 'C'], ['D', 'C', 'A', 'B']]","{'A': 5, 'D': 4, 'B': 3, 'C': 3}","[0.67, 0.58, 1.0]",4.0
95,"[1, 2, 3]","[3, 3, 4]","[0.58, 0.46, 0.79]","[['A', 'B', 'D', 'C'], ['A', 'C', 'D', 'B'], ['A', 'B', 'D', 'C']]","{'A': 5, 'D': 4, 'B': 3, 'C': 3}","[0.67, 0.58, 1.0]",4.0
95,"[1, 2, 3]","[3, 3, 4]","[0.58, 0.46, 0.79]","[['A', 'B', 'D', 'C'], ['A', 'C', 'D', 'B'], ['A', 'D', 'B', 'C']]","{'A': 5, 'D': 4, 'B': 3, 'C': 3}","[0.67, 0.58, 1.0]",4.0
95,"[1, 2, 3]","[3, 3, 4]","[0.58, 0.46, 0.79]","[['A', 'B', 'D', 'C'], ['A', 'C', 'D', 'B'], ['B', 'A', 'D', 'C']]","{'A': 5, 'D': 4, 'B': 3, 'C': 3}","[0.67, 0.58, 1.0]",4.0
95,"[1, 2, 3]","[3, 3, 4]","[0.58, 0.46, 0.79]","[['A', 'B', 'D', 'C'], ['A', 'C', 'D', 'B'], ['B', 'D', 'A', 'C']]","{'A': 5, 'D': 4, 'B': 3, 'C': 3}","[0.67, 0.58, 1.0]",4.0
95,"[1, 2, 3]","[3, 3, 4]","[0.58, 0.46, 0.79]","[['A', 'B', 'D', 'C'], ['A', 'C', 'D', 'B'], ['D', 'A', 'B', 'C']]","{'A': 5, 'D': 4, 'B': 3, 'C': 3}","[0.67, 0.58, 1.0]",4.0
95,"[1, 2, 3]","[3, 3, 4]","[0.58, 0.46, 0.79]","[['A', 'B', 'D', 'C'], ['A', 'C', 'D', 'B'], ['D', 'B', 'A', 'C']]","{'A': 5, 'D': 4, 'B': 3, 'C': 3}","[0.67, 0.58, 1.0]",4.0
95,"[1, 2, 3]","[3, 3, 4]","[0.58, 0.46, 0.79]","[['A', 'B', 'D', 'C'], ['A', 'D', 'B', 'C'], ['A', 'C', 'D', 'B']]","{'A': 5, 'D': 4, 'B': 3, 'C': 3}","[0.67, 0.58, 1.0]",4.0
95,"[1, 2, 3]","[3, 3, 4]","[0.58, 0.46, 0.79]","[['A', 'B', 'D', 'C'], ['A', 'D', 'B', 'C'], ['A', 'D', 'C', 'B']]","{'A': 5, 'D': 4, 'B': 3, 'C': 3}","[0.67, 0.58, 1.0]",4.0
95,"[1, 2, 3]","[3, 3, 4]","[0.58, 0.46, 0.79]","[['A', 'B', 'D', 'C'], ['A', 'D', 'B', 'C'], ['C', 'A', 'D', 'B']]","{'A': 5, 'D': 4, 'B': 3, 'C': 3}","[0.67, 0.58, 1.0]",4.0
95,"[1, 2, 3]","[3, 3, 4]","[0.58, 0.46, 0.79]","[['A', 'B', 'D', 'C'], ['A', 'D', 'B', 'C'], ['C', 'D', 'A', 'B']]","{'A': 5, 'D': 4, 'B': 3, 'C': 3}","[0.67, 0.58, 1.0]",4.0
95,"[1, 2, 3]","[3, 3, 4]","[0.58, 0.46, 0.79]","[['A', 'B', 'D', 'C'], ['A', 'D', 'B', 'C'], ['D', 'A', 'C', 'B']]","{'A': 5, 'D': 4, 'B': 3, 'C': 3}","[0.67, 0.58, 1.0]",4.0
95,"[1, 2, 3]","[3, 3, 4]","[0.58, 0.46, 0.79]","[['A', 'B', 'D', 'C'], ['A', 'D', 'B', 'C'], ['D', 'C', 'A', 'B']]","{'A': 5, 'D': 4, 'B': 3, 'C': 3}","[0.67, 0.58, 1.0]",4.0
95,"[1, 2, 3]","[3, 3, 4]","[0.58, 0.46, 0.79]","[['A', 'B', 'D', 'C'], ['A', 'D', 'C', 'B'], ['A', 'B', 'D', 'C']]","{'A': 5, 'D': 4, 'B': 3, 'C': 3}","[0.67, 0.58, 1.0]",4.0
95,"[1, 2, 3]","[3, 3, 4]","[0.58, 0.46, 0.79]","[['A', 'B', 'D', 'C'], ['A', 'D', 'C', 'B'], ['A', 'D', 'B', 'C']]","{'A': 5, 'D': 4, 'B': 3, 'C': 3}","[0.67, 0.58, 1.0]",4.0
95,"[1, 2, 3]","[3, 3, 4]","[0.58, 0.46, 0.79]","[['A', 'B', 'D', 'C'], ['A', 'D', 'C', 'B'], ['B', 'A', 'D', 'C']]","{'A': 5, 'D': 4, 'B': 3, 'C': 3}","[0.67, 0.58, 1.0]",4.0
95,"[1, 2, 3]","[3, 3, 4]","[0.58, 0.46, 0.79]","[['A', 'B', 'D', 'C'], ['A', 'D', 'C', 'B'], ['B', 'D', 'A', 'C']]","{'A': 5, 'D': 4, 'B': 3, 'C': 3}","[0.67, 0.58, 1.0]",4.0
95,"[1, 2, 3]","[3, 3, 4]","[0.58, 0.46, 0.79]","[['A', 'B', 'D', 'C'], ['A', 'D', 'C', 'B'], ['D', 'A', 'B', 'C']]","{'A': 5, 'D': 4, 'B': 3, 'C': 3}","[0.67, 0.58, 1.0]",4.0
95,"[1, 2, 3]","[3, 3, 4]","[0.58, 0.46, 0.79]","[['A', 'B', 'D', 'C'], ['A', 'D', 'C', 'B'], ['D', 'B', 'A', 'C']]","{'A': 5, 'D': 4, 'B': 3, 'C': 3}","[0.67, 0.58, 1.0]",4.0
95,"[1, 2, 3]","[3, 3, 4]","[0.58, 0.46, 0.79]","[['A', 'B', 'D', 'C'], ['B', 'A', 'D', 'C'], ['A', 'C', 'D', 'B']]","{'A': 5, 'D': 4, 'B': 3, 'C': 3}","[0.67, 0.58, 1.0]",4.0
95,"[1, 2, 3]","[3, 3, 4]","[0.58, 0.46, 0.79]","[['A', 'B', 'D', 'C'], ['B', 'A', 'D', 'C'], ['A', 'D', 'C', 'B']]","{'A': 5, 'D': 4, 'B': 3, 'C': 3}","[0.67, 0.58, 1.0]",4.0
95,"[1, 2, 3]","[3, 3, 4]","[0.58, 0.46, 0.79]","[['A', 'B', 'D', 'C'], ['B', 'A', 'D', 'C'], ['C', 'A', 'D', 'B']]","{'A': 5, 'D': 4, 'B': 3, 'C': 3}","[0.67, 0.58, 1.0]",4.0
95,"[1, 2, 3]","[3, 3, 4]","[0.58, 0.46, 0.79]","[['A', 'B', 'D', 'C'], ['B', 'A', 'D', 'C'], ['C', 'D', 'A', 'B']]","{'A': 5, 'D': 4, 'B': 3, 'C': 3}","[0.67, 0.58, 1.0]",4.0
95,"[1, 2, 3]","[3, 3, 4]","[0.58, 0.46, 0.79]","[['A', 'B', 'D', 'C'], ['B', 'A', 'D', 'C'], ['D', 'A', 'C', 'B']]","{'A': 5, 'D': 4, 'B': 3, 'C': 3}","[0.67, 0.58, 1.0]",4.0
95,"[1, 2, 3]","[3, 3, 4]","[0.58, 0.46, 0.79]","[['A', 'B', 'D', 'C'], ['B', 'A', 'D', 'C'], ['D', 'C', 'A', 'B']]","{'A': 5, 'D': 4, 'B': 3, 'C': 3}","[0.67, 0.58, 1.0]",4.0
95,"[1, 2, 3]","[3, 3, 4]","[0.58, 0.46, 0.79]","[['A', 'B', 'D', 'C'], ['B', 'D', 'A', 'C'], ['A', 'C', 'D', 'B']]","{'A': 5, 'D': 4, 'B': 3, 'C': 3}","[0.67, 0.58, 1.0]",4.0
95,"[1, 2, 3]","[3, 3, 4]","[0.58, 0.46, 0.79]","[['A', 'B', 'D', 'C'], ['B', 'D', 'A', 'C'], ['A', 'D', 'C', 'B']]","{'A': 5, 'D': 4, 'B': 3, 'C': 3}","[0.67, 0.58, 1.0]",4.0
95,"[1, 2, 3]","[3, 3, 4]","[0.58, 0.46, 0.79]","[['A', 'B', 'D', 'C'], ['B', 'D', 'A', 'C'], ['C', 'A', 'D', 'B']]","{'A': 5, 'D': 4, 'B': 3, 'C': 3}","[0.67, 0.58, 1.0]",4.0
95,"[1, 2, 3]","[3, 3, 4]","[0.58, 0.46, 0.79]","[['A', 'B', 'D', 'C'], ['B', 'D', 'A', 'C'], ['C', 'D', 'A', 'B']]","{'A': 5, 'D': 4, 'B': 3, 'C': 3}","[0.67, 0.58, 1.0]",4.0
95,"[1, 2, 3]","[3, 3, 4]","[0.58, 0.46, 0.79]","[['A', 'B', 'D', 'C'], ['B', 'D', 'A', 'C'], ['D', 'A', 'C', 'B']]","{'A': 5, 'D': 4, 'B': 3, 'C': 3}","[0.67, 0.58, 1.0]",4.0
95,"[1, 2, 3]","[3, 3, 4]","[0.58, 0.46, 0.79]","[['A', 'B', 'D', 'C'], ['B', 'D', 'A', 'C'], ['D', 'C', 'A', 'B']]","{'A': 5, 'D': 4, 'B': 3, 'C': 3}","[0.67, 0.58, 1.0]",4.0
95,"[1, 2, 3]","[3, 3, 4]","[0.58, 0.46, 0.79]","[['A', 'B', 'D', 'C'], ['C', 'A', 'D', 'B'], ['A', 'B', 'D', 'C']]","{'A': 5, 'D': 4, 'B': 3, 'C': 3}","[0.67, 0.58, 1.0]",4.0
95,"[1, 2, 3]","[3, 3, 4]","[0.58, 0.46, 0.79]","[['A', 'B', 'D', 'C'], ['C', 'A', 'D', 'B'], ['A', 'D', 'B', 'C']]","{'A': 5, 'D': 4, 'B': 3, 'C': 3}","[0.67, 0.58, 1.0]",4.0
95,"[1, 2, 3]","[3, 3, 4]","[0.58, 0.46, 0.79]","[['A', 'B', 'D', 'C'], ['C', 'A', 'D', 'B'], ['B', 'A', 'D', 'C']]","{'A': 5, 'D': 4, 'B': 3, 'C': 3}","[0.67, 0.58, 1.0]",4.0
95,"[1, 2, 3]","[3, 3, 4]","[0.58, 0.46, 0.79]","[['A', 'B', 'D', 'C'], ['C', 'A', 'D', 'B'], ['B', 'D', 'A', 'C']]","{'A': 5, 'D': 4, 'B': 3, 'C': 3}","[0.67, 0.58, 1.0]",4.0
95,"[1, 2, 3]","[3, 3, 4]","[0.58, 0.46, 0.79]","[['A', 'B', 'D', 'C'], ['C', 'A', 'D', 'B'], ['D', 'A', 'B', 'C']]","{'A': 5, 'D': 4, 'B': 3, 'C': 3}","[0.67, 0.58, 1.0]",4.0
95,"[1, 2, 3]","[3, 3, 4]","[0.58, 0.46, 0.79]","[['A', 'B', 'D', 'C'], ['C', 'A', 'D', 'B'], ['D', 'B', 'A', 'C']]","{'A': 5, 'D': 4, 'B': 3, 'C': 3}","[0.67, 0.58, 1.0]",4.0
95,"[1, 2, 3]","[3, 3, 4]","[0.58, 0.46, 0.79]","[['A', 'B', 'D', 'C'], ['C', 'D', 'A', 'B'], ['A', 'B', 'D', 'C']]","{'A': 5, 'D': 4, 'B': 3, 'C': 3}","[0.67, 0.58, 1.0]",4.0
95,"[1, 2, 3]","[3, 3, 4]","[0.58, 0.46, 0.79]","[['A', 'B', 'D', 'C'], ['C', 'D', 'A', 'B'], ['A', 'D', 'B', 'C']]","{'A': 5, 'D': 4, 'B': 3, 'C': 3}","[0.67, 0.58, 1.0]",4.0
95,"[1, 2, 3]","[3, 3, 4]","[0.58, 0.46, 0.79]","[['A', 'B', 'D', 'C'], ['C', 'D', 'A', 'B'], ['B', 'A', 'D', 'C']]","{'A': 5, 'D': 4, 'B': 3, 'C': 3}","[0.67, 0.58, 1.0]",4.0
95,"[1, 2, 3]","[3, 3, 4]","[0.58, 0.46, 0.79]","[['A', 'B', 'D', 'C'], ['C', 'D', 'A', 'B'], ['B', 'D', 'A', 'C']]","{'A': 5, 'D': 4, 'B': 3, 'C': 3}","[0.67, 0.58, 1.0]",4.0
95,"[1, 2, 3]","[3, 3, 4]","[0.58, 0.46, 0.79]","[['A', 'B', 'D', 'C'], ['C', 'D', 'A', 'B'], ['D', 'A', 'B', 'C']]","{'A': 5, 'D': 4, 'B': 3, 'C': 3}","[0.67, 0.58, 1.0]",4.0
95,"[1, 2, 3]","[3, 3, 4]","[0.58, 0.46, 0.79]","[['A', 'B', 'D', 'C'], ['C', 'D', 'A', 'B'], ['D', 'B', 'A', 'C']]","{'A': 5, 'D': 4, 'B': 3, 'C': 3}","[0.67, 0.58, 1.0]",4.0
95,"[1, 2, 3]","[3, 3, 4]","[0.58, 0.46, 0.79]","[['A', 'B', 'D', 'C'], ['D', 'A', 'B', 'C'], ['A', 'C', 'D', 'B']]","{'A': 5, 'D': 4, 'B': 3, 'C': 3}","[0.67, 0.58, 1.0]",4.0
95,"[1, 2, 3]","[3, 3, 4]","[0.58, 0.46, 0.79]","[['A', 'B', 'D', 'C'], ['D', 'A', 'B', 'C'], ['A', 'D', 'C', 'B']]","{'A': 5, 'D': 4, 'B': 3, 'C': 3}","[0.67, 0.58, 1.0]",4.0
95,"[1, 2, 3]","[3, 3, 4]","[0.58, 0.46, 0.79]","[['A', 'B', 'D', 'C'], ['D', 'A', 'B', 'C'], ['C', 'A', 'D', 'B']]","{'A': 5, 'D': 4, 'B': 3, 'C': 3}","[0.67, 0.58, 1.0]",4.0
95,"[1, 2, 3]","[3, 3, 4]","[0.58, 0.46, 0.79]","[['A', 'B', 'D', 'C'], ['D', 'A', 'B', 'C'], ['C', 'D', 'A', 'B']]","{'A': 5, 'D': 4, 'B': 3, 'C': 3}","[0.67, 0.58, 1.0]",4.0
95,"[1, 2, 3]","[3, 3, 4]","[0.58, 0.46, 0.79]","[['A', 'B', 'D', 'C'], ['D', 'A', 'B', 'C'], ['D', 'A', 'C', 'B']]","{'A': 5, 'D': 4, 'B': 3, 'C': 3}","[0.67, 0.58, 1.0]",4.0
95,"[1, 2, 3]","[3, 3, 4]","[0.58, 0.46, 0.79]","[['A', 'B', 'D', 'C'], ['D', 'A', 'B', 'C'], ['D', 'C', 'A', 'B']]","{'A': 5, 'D': 4, 'B': 3, 'C': 3}","[0.67, 0.58, 1.0]",4.0
95,"[1, 2, 3]","[3, 3, 4]","[0.58, 0.46, 0.79]","[['A', 'B', 'D', 'C'], ['D', 'A', 'C', 'B'], ['A', 'B', 'D', 'C']]","{'A': 5, 'D': 4, 'B': 3, 'C': 3}","[0.67, 0.58, 1.0]",4.0
95,"[1, 2, 3]","[3, 3, 4]","[0.58, 0.46, 0.79]","[['A', 'B', 'D', 'C'], ['D', 'A', 'C', 'B'], ['A', 'D', 'B', 'C']]","{'A': 5, 'D': 4, 'B': 3, 'C': 3}","[0.67, 0.58, 1.0]",4.0
95,"[1, 2, 3]","[3, 3, 4]","[0.58, 0.46, 0.79]","[['A', 'B', 'D', 'C'], ['D', 'A', 'C', 'B'], ['B', 'A', 'D', 'C']]","{'A': 5, 'D': 4, 'B': 3, 'C': 3}","[0.67, 0.58, 1.0]",4.0
95,"[1, 2, 3]","[3, 3, 4]","[0.58, 0.46, 0.79]","[['A', 'B', 'D', 'C'], ['D', 'A', 'C', 'B'], ['B', 'D', 'A', 'C']]","{'A': 5, 'D': 4, 'B': 3, 'C': 3}","[0.67, 0.58, 1.0]",4.0
95,"[1, 2, 3]","[3, 3, 4]","[0.58, 0.46, 0.79]","[['A', 'B', 'D', 'C'], ['D', 'A', 'C', 'B'], ['D', 'A', 'B', 'C']]","{'A': 5, 'D': 4, 'B': 3, 'C': 3}","[0.67, 0.58, 1.0]",4.0
95,"[1, 2, 3]","[3, 3, 4]","[0.58, 0.46, 0.79]","[['A', 'B', 'D', 'C'], ['D', 'A', 'C', 'B'], ['D', 'B', 'A', 'C']]","{'A': 5, 'D': 4, 'B': 3, 'C': 3}","[0.67, 0.58, 1.0]",4.0
95,"[1, 2, 3]","[3, 3, 4]","[0.58, 0.46, 0.79]","[['A', 'B', 'D', 'C'], ['D', 'B', 'A', 'C'], ['A', 'C', 'D', 'B']]","{'A': 5, 'D': 4, 'B': 3, 'C': 3}","[0.67, 0.58, 1.0]",4.0
95,"[1, 2, 3]","[3, 3, 4]","[0.58, 0.46, 0.79]","[['A', 'B', 'D', 'C'], ['D', 'B', 'A', 'C'], ['A', 'D', 'C', 'B']]","{'A': 5, 'D': 4, 'B': 3, 'C': 3}","[0.67, 0.58, 1.0]",4.0
95,"[1, 2, 3]","[3, 3, 4]","[0.58, 0.46, 0.79]","[['A', 'B', 'D', 'C'], ['D', 'B', 'A', 'C'], ['C', 'A', 'D', 'B']]","{'A': 5, 'D': 4, 'B': 3, 'C': 3}","[0.67, 0.58, 1.0]",4.0
95,"[1, 2, 3]","[3, 3, 4]","[0.58, 0.46, 0.79]","[['A', 'B', 'D', 'C'], ['D', 'B', 'A', 'C'], ['C', 'D', 'A', 'B']]","{'A': 5, 'D': 4, 'B': 3, 'C': 3}","[0.67, 0.58, 1.0]",4.0
95,"[1, 2, 3]","[3, 3, 4]","[0.58, 0.46, 0.79]","[['A', 'B', 'D', 'C'], ['D', 'B', 'A', 'C'], ['D', 'A', 'C', 'B']]","{'A': 5, 'D': 4, 'B': 3, 'C': 3}","[0.67, 0.58, 1.0]",4.0
95,"[1, 2, 3]","[3, 3, 4]","[0.58, 0.46, 0.79]","[['A', 'B', 'D', 'C'], ['D', 'B', 'A', 'C'], ['D', 'C', 'A', 'B']]","{'A': 5, 'D': 4, 'B': 3, 'C': 3}","[0.67, 0.58, 1.0]",4.0
95,"[1, 2, 3]","[3, 3, 4]","[0.58, 0.46, 0.79]","[['A', 'B', 'D', 'C'], ['D', 'C', 'A', 'B'], ['A', 'B', 'D', 'C']]","{'A': 5, 'D': 4, 'B': 3, 'C': 3}","[0.67, 0.58, 1.0]",4.0
95,"[1, 2, 3]","[3, 3, 4]","[0.58, 0.46, 0.79]","[['A', 'B', 'D', 'C'], ['D', 'C', 'A', 'B'], ['A', 'D', 'B', 'C']]","{'A': 5, 'D': 4, 'B': 3, 'C': 3}","[0.67, 0.58, 1.0]",4.0
95,"[1, 2, 3]","[3, 3, 4]","[0.58, 0.46, 0.79]","[['A', 'B', 'D', 'C'], ['D', 'C', 'A', 'B'], ['B', 'A', 'D', 'C']]","{'A': 5, 'D': 4, 'B': 3, 'C': 3}","[0.67, 0.58, 1.0]",4.0
95,"[1, 2, 3]","[3, 3, 4]","[0.58, 0.46, 0.79]","[['A', 'B', 'D', 'C'], ['D', 'C', 'A', 'B'], ['B', 'D', 'A', 'C']]","{'A': 5, 'D': 4, 'B': 3, 'C': 3}","[0.67, 0.58, 1.0]",4.0
95,"[1, 2, 3]","[3, 3, 4]","[0.58, 0.46, 0.79]","[['A', 'B', 'D', 'C'], ['D', 'C', 'A', 'B'], ['D', 'A', 'B', 'C']]","{'A': 5, 'D': 4, 'B': 3, 'C': 3}","[0.67, 0.58, 1.0]",4.0
95,"[1, 2, 3]","[3, 3, 4]","[0.58, 0.46, 0.79]","[['A', 'B', 'D', 'C'], ['D', 'C', 'A', 'B'], ['D', 'B', 'A', 'C']]","{'A': 5, 'D': 4, 'B': 3, 'C': 3}","[0.67, 0.58, 1.0]",4.0
95,"[1, 2, 3]","[3, 3, 4]","[0.58, 0.46, 0.79]","[['A', 'C', 'D', 'B'], ['A', 'B', 'D', 'C'], ['A', 'B', 'D', 'C']]","{'A': 5, 'D': 4, 'B': 3, 'C': 3}","[0.67, 0.58, 1.0]",4.0
95,"[1, 2, 3]","[3, 3, 4]","[0.58, 0.46, 0.79]","[['A', 'C', 'D', 'B'], ['A', 'B', 'D', 'C'], ['A', 'D', 'B', 'C']]","{'A': 5, 'D': 4, 'B': 3, 'C': 3}","[0.67, 0.58, 1.0]",4.0
95,"[1, 2, 3]","[3, 3, 4]","[0.58, 0.46, 0.79]","[['A', 'C', 'D', 'B'], ['A', 'B', 'D', 'C'], ['B', 'A', 'D', 'C']]","{'A': 5, 'D': 4, 'B': 3, 'C': 3}","[0.67, 0.58, 1.0]",4.0
95,"[1, 2, 3]","[3, 3, 4]","[0.58, 0.46, 0.79]","[['A', 'C', 'D', 'B'], ['A', 'B', 'D', 'C'], ['B', 'D', 'A', 'C']]","{'A': 5, 'D': 4, 'B': 3, 'C': 3}","[0.67, 0.58, 1.0]",4.0
95,"[1, 2, 3]","[3, 3, 4]","[0.58, 0.46, 0.79]","[['A', 'C', 'D', 'B'], ['A', 'B', 'D', 'C'], ['D', 'A', 'B', 'C']]","{'A': 5, 'D': 4, 'B': 3, 'C': 3}","[0.67, 0.58, 1.0]",4.0
95,"[1, 2, 3]","[3, 3, 4]","[0.58, 0.46, 0.79]","[['A', 'C', 'D', 'B'], ['A', 'B', 'D', 'C'], ['D', 'B', 'A', 'C']]","{'A': 5, 'D': 4, 'B': 3, 'C': 3}","[0.67, 0.58, 1.0]",4.0
95,"[1, 2, 3]","[3, 3, 4]","[0.58, 0.46, 0.79]","[['A', 'C', 'D', 'B'], ['A', 'D', 'B', 'C'], ['A', 'B', 'D', 'C']]","{'A': 5, 'D': 4, 'B': 3, 'C': 3}","[0.67, 0.58, 1.0]",4.0
95,"[1, 2, 3]","[3, 3, 4]","[0.58, 0.46, 0.79]","[['A', 'C', 'D', 'B'], ['A', 'D', 'B', 'C'], ['A', 'D', 'B', 'C']]","{'A': 5, 'D': 4, 'B': 3, 'C': 3}","[0.67, 0.58, 1.0]",4.0
95,"[1, 2, 3]","[3, 3, 4]","[0.58, 0.46, 0.79]","[['A', 'C', 'D', 'B'], ['A', 'D', 'B', 'C'], ['B', 'A', 'D', 'C']]","{'A': 5, 'D': 4, 'B': 3, 'C': 3}","[0.67, 0.58, 1.0]",4.0
95,"[1, 2, 3]","[3, 3, 4]","[0.58, 0.46, 0.79]","[['A', 'C', 'D', 'B'], ['A', 'D', 'B', 'C'], ['B', 'D', 'A', 'C']]","{'A': 5, 'D': 4, 'B': 3, 'C': 3}","[0.67, 0.58, 1.0]",4.0
95,"[1, 2, 3]","[3, 3, 4]","[0.58, 0.46, 0.79]","[['A', 'C', 'D', 'B'], ['A', 'D', 'B', 'C'], ['D', 'A', 'B', 'C']]","{'A': 5, 'D': 4, 'B': 3, 'C': 3}","[0.67, 0.58, 1.0]",4.0
95,"[1, 2, 3]","[3, 3, 4]","[0.58, 0.46, 0.79]","[['A', 'C', 'D', 'B'], ['A', 'D', 'B', 'C'], ['D', 'B', 'A', 'C']]","{'A': 5, 'D': 4, 'B': 3, 'C': 3}","[0.67, 0.58, 1.0]",4.0
95,"[1, 2, 3]","[3, 3, 4]","[0.58, 0.46, 0.79]","[['A', 'C', 'D', 'B'], ['B', 'A', 'D', 'C'], ['A', 'B', 'D', 'C']]","{'A': 5, 'D': 4, 'B': 3, 'C': 3}","[0.67, 0.58, 1.0]",4.0
95,"[1, 2, 3]","[3, 3, 4]","[0.58, 0.46, 0.79]","[['A', 'C', 'D', 'B'], ['B', 'A', 'D', 'C'], ['A', 'D', 'B', 'C']]","{'A': 5, 'D': 4, 'B': 3, 'C': 3}","[0.67, 0.58, 1.0]",4.0
95,"[1, 2, 3]","[3, 3, 4]","[0.58, 0.46, 0.79]","[['A', 'C', 'D', 'B'], ['B', 'A', 'D', 'C'], ['B', 'A', 'D', 'C']]","{'A': 5, 'D': 4, 'B': 3, 'C': 3}","[0.67, 0.58, 1.0]",4.0
95,"[1, 2, 3]","[3, 3, 4]","[0.58, 0.46, 0.79]","[['A', 'C', 'D', 'B'], ['B', 'A', 'D', 'C'], ['B', 'D', 'A', 'C']]","{'A': 5, 'D': 4, 'B': 3, 'C': 3}","[0.67, 0.58, 1.0]",4.0
95,"[1, 2, 3]","[3, 3, 4]","[0.58, 0.46, 0.79]","[['A', 'C', 'D', 'B'], ['B', 'A', 'D', 'C'], ['D', 'A', 'B', 'C']]","{'A': 5, 'D': 4, 'B': 3, 'C': 3}","[0.67, 0.58, 1.0]",4.0
95,"[1, 2, 3]","[3, 3, 4]","[0.58, 0.46, 0.79]","[['A', 'C', 'D', 'B'], ['B', 'A', 'D', 'C'], ['D', 'B', 'A', 'C']]","{'A': 5, 'D': 4, 'B': 3, 'C': 3}","[0.67, 0.58, 1.0]",4.0
95,"[1, 2, 3]","[3, 3, 4]","[0.58, 0.46, 0.79]","[['A', 'C', 'D', 'B'], ['B', 'D', 'A', 'C'], ['A', 'B', 'D', 'C']]","{'A': 5, 'D': 4, 'B': 3, 'C': 3}","[0.67, 0.58, 1.0]",4.0
95,"[1, 2, 3]","[3, 3, 4]","[0.58, 0.46, 0.79]","[['A', 'C', 'D', 'B'], ['B', 'D', 'A', 'C'], ['A', 'D', 'B', 'C']]","{'A': 5, 'D': 4, 'B': 3, 'C': 3}","[0.67, 0.58, 1.0]",4.0
95,"[1, 2, 3]","[3, 3, 4]","[0.58, 0.46, 0.79]","[['A', 'C', 'D', 'B'], ['B', 'D', 'A', 'C'], ['B', 'A', 'D', 'C']]","{'A': 5, 'D': 4, 'B': 3, 'C': 3}","[0.67, 0.58, 1.0]",4.0
95,"[1, 2, 3]","[3, 3, 4]","[0.58, 0.46, 0.79]","[['A', 'C', 'D', 'B'], ['B', 'D', 'A', 'C'], ['B', 'D', 'A', 'C']]","{'A': 5, 'D': 4, 'B': 3, 'C': 3}","[0.67, 0.58, 1.0]",4.0
95,"[1, 2, 3]","[3, 3, 4]","[0.58, 0.46, 0.79]","[['A', 'C', 'D', 'B'], ['B', 'D', 'A', 'C'], ['D', 'A', 'B', 'C']]","{'A': 5, 'D': 4, 'B': 3, 'C': 3}","[0.67, 0.58, 1.0]",4.0
95,"[1, 2, 3]","[3, 3, 4]","[0.58, 0.46, 0.79]","[['A', 'C', 'D', 'B'], ['B', 'D', 'A', 'C'], ['D', 'B', 'A', 'C']]","{'A': 5, 'D': 4, 'B': 3, 'C': 3}","[0.67, 0.58, 1.0]",4.0
95,"[1, 2, 3]","[3, 3, 4]","[0.58, 0.46, 0.79]","[['A', 'C', 'D', 'B'], ['D', 'A', 'B', 'C'], ['A', 'B', 'D', 'C']]","{'A': 5, 'D': 4, 'B': 3, 'C': 3}","[0.67, 0.58, 1.0]",4.0
95,"[1, 2, 3]","[3, 3, 4]","[0.58, 0.46, 0.79]","[['A', 'C', 'D', 'B'], ['D', 'A', 'B', 'C'], ['A', 'D', 'B', 'C']]","{'A': 5, 'D': 4, 'B': 3, 'C': 3}","[0.67, 0.58, 1.0]",4.0
95,"[1, 2, 3]","[3, 3, 4]","[0.58, 0.46, 0.79]","[['A', 'C', 'D', 'B'], ['D', 'A', 'B', 'C'], ['B', 'A', 'D', 'C']]","{'A': 5, 'D': 4, 'B': 3, 'C': 3}","[0.67, 0.58, 1.0]",4.0
95,"[1, 2, 3]","[3, 3, 4]","[0.58, 0.46, 0.79]","[['A', 'C', 'D', 'B'], ['D', 'A', 'B', 'C'], ['B', 'D', 'A', 'C']]","{'A': 5, 'D': 4, 'B': 3, 'C': 3}","[0.67, 0.58, 1.0]",4.0
95,"[1, 2, 3]","[3, 3, 4]","[0.58, 0.46, 0.79]","[['A', 'C', 'D', 'B'], ['D', 'A', 'B', 'C'], ['D', 'A', 'B', 'C']]","{'A': 5, 'D': 4, 'B': 3, 'C': 3}","[0.67, 0.58, 1.0]",4.0
95,"[1, 2, 3]","[3, 3, 4]","[0.58, 0.46, 0.79]","[['A', 'C', 'D', 'B'], ['D', 'A', 'B', 'C'], ['D', 'B', 'A', 'C']]","{'A': 5, 'D': 4, 'B': 3, 'C': 3}","[0.67, 0.58, 1.0]",4.0
95,"[1, 2, 3]","[3, 3, 4]","[0.58, 0.46, 0.79]","[['A', 'C', 'D', 'B'], ['D', 'B', 'A', 'C'], ['A', 'B', 'D', 'C']]","{'A': 5, 'D': 4, 'B': 3, 'C': 3}","[0.67, 0.58, 1.0]",4.0
95,"[1, 2, 3]","[3, 3, 4]","[0.58, 0.46, 0.79]","[['A', 'C', 'D', 'B'], ['D', 'B', 'A', 'C'], ['A', 'D', 'B', 'C']]","{'A': 5, 'D': 4, 'B': 3, 'C': 3}","[0.67, 0.58, 1.0]",4.0
95,"[1, 2, 3]","[3, 3, 4]","[0.58, 0.46, 0.79]","[['A', 'C', 'D', 'B'], ['D', 'B', 'A', 'C'], ['B', 'A', 'D', 'C']]","{'A': 5, 'D': 4, 'B': 3, 'C': 3}","[0.67, 0.58, 1.0]",4.0
95,"[1, 2, 3]","[3, 3, 4]","[0.58, 0.46, 0.79]","[['A', 'C', 'D', 'B'], ['D', 'B', 'A', 'C'], ['B', 'D', 'A', 'C']]","{'A': 5, 'D': 4, 'B': 3, 'C': 3}","[0.67, 0.58, 1.0]",4.0
95,"[1, 2, 3]","[3, 3, 4]","[0.58, 0.46, 0.79]","[['A', 'C', 'D', 'B'], ['D', 'B', 'A', 'C'], ['D', 'A', 'B', 'C']]","{'A': 5, 'D': 4, 'B': 3, 'C': 3}","[0.67, 0.58, 1.0]",4.0
95,"[1, 2, 3]","[3, 3, 4]","[0.58, 0.46, 0.79]","[['A', 'C', 'D', 'B'], ['D', 'B', 'A', 'C'], ['D', 'B', 'A', 'C']]","{'A': 5, 'D': 4, 'B': 3, 'C': 3}","[0.67, 0.58, 1.0]",4.0
95,"[1, 2, 3]","[3, 3, 4]","[0.58, 0.46, 0.79]","[['A', 'D', 'B', 'C'], ['A', 'B', 'D', 'C'], ['A', 'C', 'D', 'B']]","{'A': 5, 'D': 4, 'B': 3, 'C': 3}","[0.67, 0.58, 1.0]",4.0
95,"[1, 2, 3]","[3, 3, 4]","[0.58, 0.46, 0.79]","[['A', 'D', 'B', 'C'], ['A', 'B', 'D', 'C'], ['A', 'D', 'C', 'B']]","{'A': 5, 'D': 4, 'B': 3, 'C': 3}","[0.67, 0.58, 1.0]",4.0
95,"[1, 2, 3]","[3, 3, 4]","[0.58, 0.46, 0.79]","[['A', 'D', 'B', 'C'], ['A', 'B', 'D', 'C'], ['C', 'A', 'D', 'B']]","{'A': 5, 'D': 4, 'B': 3, 'C': 3}","[0.67, 0.58, 1.0]",4.0
95,"[1, 2, 3]","[3, 3, 4]","[0.58, 0.46, 0.79]","[['A', 'D', 'B', 'C'], ['A', 'B', 'D', 'C'], ['C', 'D', 'A', 'B']]","{'A': 5, 'D': 4, 'B': 3, 'C': 3}","[0.67, 0.58, 1.0]",4.0
95,"[1, 2, 3]","[3, 3, 4]","[0.58, 0.46, 0.79]","[['A', 'D', 'B', 'C'], ['A', 'B', 'D', 'C'], ['D', 'A', 'C', 'B']]","{'A': 5, 'D': 4, 'B': 3, 'C': 3}","[0.67, 0.58, 1.0]",4.0
95,"[1, 2, 3]","[3, 3, 4]","[0.58, 0.46, 0.79]","[['A', 'D', 'B', 'C'], ['A', 'B', 'D', 'C'], ['D', 'C', 'A', 'B']]","{'A': 5, 'D': 4, 'B': 3, 'C': 3}","[0.67, 0.58, 1.0]",4.0
95,"[1, 2, 3]","[3, 3, 4]","[0.58, 0.46, 0.79]","[['A', 'D', 'B', 'C'], ['A', 'C', 'D', 'B'], ['A', 'B', 'D', 'C']]","{'A': 5, 'D': 4, 'B': 3, 'C': 3}","[0.67, 0.58, 1.0]",4.0
95,"[1, 2, 3]","[3, 3, 4]","[0.58, 0.46, 0.79]","[['A', 'D', 'B', 'C'], ['A', 'C', 'D', 'B'], ['A', 'D', 'B', 'C']]","{'A': 5, 'D': 4, 'B': 3, 'C': 3}","[0.67, 0.58, 1.0]",4.0
95,"[1, 2, 3]","[3, 3, 4]","[0.58, 0.46, 0.79]","[['A', 'D', 'B', 'C'], ['A', 'C', 'D', 'B'], ['B', 'A', 'D', 'C']]","{'A': 5, 'D': 4, 'B': 3, 'C': 3}","[0.67, 0.58, 1.0]",4.0
95,"[1, 2, 3]","[3, 3, 4]","[0.58, 0.46, 0.79]","[['A', 'D', 'B', 'C'], ['A', 'C', 'D', 'B'], ['B', 'D', 'A', 'C']]","{'A': 5, 'D': 4, 'B': 3, 'C': 3}","[0.67, 0.58, 1.0]",4.0
95,"[1, 2, 3]","[3, 3, 4]","[0.58, 0.46, 0.79]","[['A', 'D', 'B', 'C'], ['A', 'C', 'D', 'B'], ['D', 'A', 'B', 'C']]","{'A': 5, 'D': 4, 'B': 3, 'C': 3}","[0.67, 0.58, 1.0]",4.0
95,"[1, 2, 3]","[3, 3, 4]","[0.58, 0.46, 0.79]","[['A', 'D', 'B', 'C'], ['A', 'C', 'D', 'B'], ['D', 'B', 'A', 'C']]","{'A': 5, 'D': 4, 'B': 3, 'C': 3}","[0.67, 0.58, 1.0]",4.0
95,"[1, 2, 3]","[3, 3, 4]","[0.58, 0.46, 0.79]","[['A', 'D', 'B', 'C'], ['A', 'D', 'B', 'C'], ['A', 'C', 'D', 'B']]","{'A': 5, 'D': 4, 'B': 3, 'C': 3}","[0.67, 0.58, 1.0]",4.0
95,"[1, 2, 3]","[3, 3, 4]","[0.58, 0.46, 0.79]","[['A', 'D', 'B', 'C'], ['A', 'D', 'B', 'C'], ['A', 'D', 'C', 'B']]","{'A': 5, 'D': 4, 'B': 3, 'C': 3}","[0.67, 0.58, 1.0]",4.0
95,"[1, 2, 3]","[3, 3, 4]","[0.58, 0.46, 0.79]","[['A', 'D', 'B', 'C'], ['A', 'D', 'B', 'C'], ['C', 'A', 'D', 'B']]","{'A': 5, 'D': 4, 'B': 3, 'C': 3}","[0.67, 0.58, 1.0]",4.0
95,"[1, 2, 3]","[3, 3, 4]","[0.58, 0.46, 0.79]","[['A', 'D', 'B', 'C'], ['A', 'D', 'B', 'C'], ['C', 'D', 'A', 'B']]","{'A': 5, 'D': 4, 'B': 3, 'C': 3}","[0.67, 0.58, 1.0]",4.0
95,"[1, 2, 3]","[3, 3, 4]","[0.58, 0.46, 0.79]","[['A', 'D', 'B', 'C'], ['A', 'D', 'B', 'C'], ['D', 'A', 'C', 'B']]","{'A': 5, 'D': 4, 'B': 3, 'C': 3}","[0.67, 0.58, 1.0]",4.0
95,"[1, 2, 3]","[3, 3, 4]","[0.58, 0.46, 0.79]","[['A', 'D', 'B', 'C'], ['A', 'D', 'B', 'C'], ['D', 'C', 'A', 'B']]","{'A': 5, 'D': 4, 'B': 3, 'C': 3}","[0.67, 0.58, 1.0]",4.0
95,"[1, 2, 3]","[3, 3, 4]","[0.58, 0.46, 0.79]","[['A', 'D', 'B', 'C'], ['A', 'D', 'C', 'B'], ['A', 'B', 'D', 'C']]","{'A': 5, 'D': 4, 'B': 3, 'C': 3}","[0.67, 0.58, 1.0]",4.0
95,"[1, 2, 3]","[3, 3, 4]","[0.58, 0.46, 0.79]","[['A', 'D', 'B', 'C'], ['A', 'D', 'C', 'B'], ['A', 'D', 'B', 'C']]","{'A': 5, 'D': 4, 'B': 3, 'C': 3}","[0.67, 0.58, 1.0]",4.0
95,"[1, 2, 3]","[3, 3, 4]","[0.58, 0.46, 0.79]","[['A', 'D', 'B', 'C'], ['A', 'D', 'C', 'B'], ['B', 'A', 'D', 'C']]","{'A': 5, 'D': 4, 'B': 3, 'C': 3}","[0.67, 0.58, 1.0]",4.0
95,"[1, 2, 3]","[3, 3, 4]","[0.58, 0.46, 0.79]","[['A', 'D', 'B', 'C'], ['A', 'D', 'C', 'B'], ['B', 'D', 'A', 'C']]","{'A': 5, 'D': 4, 'B': 3, 'C': 3}","[0.67, 0.58, 1.0]",4.0
95,"[1, 2, 3]","[3, 3, 4]","[0.58, 0.46, 0.79]","[['A', 'D', 'B', 'C'], ['A', 'D', 'C', 'B'], ['D', 'A', 'B', 'C']]","{'A': 5, 'D': 4, 'B': 3, 'C': 3}","[0.67, 0.58, 1.0]",4.0
95,"[1, 2, 3]","[3, 3, 4]","[0.58, 0.46, 0.79]","[['A', 'D', 'B', 'C'], ['A', 'D', 'C', 'B'], ['D', 'B', 'A', 'C']]","{'A': 5, 'D': 4, 'B': 3, 'C': 3}","[0.67, 0.58, 1.0]",4.0
95,"[1, 2, 3]","[3, 3, 4]","[0.58, 0.46, 0.79]","[['A', 'D', 'B', 'C'], ['B', 'A', 'D', 'C'], ['A', 'C', 'D', 'B']]","{'A': 5, 'D': 4, 'B': 3, 'C': 3}","[0.67, 0.58, 1.0]",4.0
95,"[1, 2, 3]","[3, 3, 4]","[0.58, 0.46, 0.79]","[['A', 'D', 'B', 'C'], ['B', 'A', 'D', 'C'], ['A', 'D', 'C', 'B']]","{'A': 5, 'D': 4, 'B': 3, 'C': 3}","[0.67, 0.58, 1.0]",4.0
95,"[1, 2, 3]","[3, 3, 4]","[0.58, 0.46, 0.79]","[['A', 'D', 'B', 'C'], ['B', 'A', 'D', 'C'], ['C', 'A', 'D', 'B']]","{'A': 5, 'D': 4, 'B': 3, 'C': 3}","[0.67, 0.58, 1.0]",4.0
95,"[1, 2, 3]","[3, 3, 4]","[0.58, 0.46, 0.79]","[['A', 'D', 'B', 'C'], ['B', 'A', 'D', 'C'], ['C', 'D', 'A', 'B']]","{'A': 5, 'D': 4, 'B': 3, 'C': 3}","[0.67, 0.58, 1.0]",4.0
95,"[1, 2, 3]","[3, 3, 4]","[0.58, 0.46, 0.79]","[['A', 'D', 'B', 'C'], ['B', 'A', 'D', 'C'], ['D', 'A', 'C', 'B']]","{'A': 5, 'D': 4, 'B': 3, 'C': 3}","[0.67, 0.58, 1.0]",4.0
95,"[1, 2, 3]","[3, 3, 4]","[0.58, 0.46, 0.79]","[['A', 'D', 'B', 'C'], ['B', 'A', 'D', 'C'], ['D', 'C', 'A', 'B']]","{'A': 5, 'D': 4, 'B': 3, 'C': 3}","[0.67, 0.58, 1.0]",4.0
95,"[1, 2, 3]","[3, 3, 4]","[0.58, 0.46, 0.79]","[['A', 'D', 'B', 'C'], ['B', 'D', 'A', 'C'], ['A', 'C', 'D', 'B']]","{'A': 5, 'D': 4, 'B': 3, 'C': 3}","[0.67, 0.58, 1.0]",4.0
95,"[1, 2, 3]","[3, 3, 4]","[0.58, 0.46, 0.79]","[['A', 'D', 'B', 'C'], ['B', 'D', 'A', 'C'], ['A', 'D', 'C', 'B']]","{'A': 5, 'D': 4, 'B': 3, 'C': 3}","[0.67, 0.58, 1.0]",4.0
95,"[1, 2, 3]","[3, 3, 4]","[0.58, 0.46, 0.79]","[['A', 'D', 'B', 'C'], ['B', 'D', 'A', 'C'], ['C', 'A', 'D', 'B']]","{'A': 5, 'D': 4, 'B': 3, 'C': 3}","[0.67, 0.58, 1.0]",4.0
95,"[1, 2, 3]","[3, 3, 4]","[0.58, 0.46, 0.79]","[['A', 'D', 'B', 'C'], ['B', 'D', 'A', 'C'], ['C', 'D', 'A', 'B']]","{'A': 5, 'D': 4, 'B': 3, 'C': 3}","[0.67, 0.58, 1.0]",4.0
95,"[1, 2, 3]","[3, 3, 4]","[0.58, 0.46, 0.79]","[['A', 'D', 'B', 'C'], ['B', 'D', 'A', 'C'], ['D', 'A', 'C', 'B']]","{'A': 5, 'D': 4, 'B': 3, 'C': 3}","[0.67, 0.58, 1.0]",4.0
95,"[1, 2, 3]","[3, 3, 4]","[0.58, 0.46, 0.79]","[['A', 'D', 'B', 'C'], ['B', 'D', 'A', 'C'], ['D', 'C', 'A', 'B']]","{'A': 5, 'D': 4, 'B': 3, 'C': 3}","[0.67, 0.58, 1.0]",4.0
95,"[1, 2, 3]","[3, 3, 4]","[0.58, 0.46, 0.79]","[['A', 'D', 'B', 'C'], ['C', 'A', 'D', 'B'], ['A', 'B', 'D', 'C']]","{'A': 5, 'D': 4, 'B': 3, 'C': 3}","[0.67, 0.58, 1.0]",4.0
95,"[1, 2, 3]","[3, 3, 4]","[0.58, 0.46, 0.79]","[['A', 'D', 'B', 'C'], ['C', 'A', 'D', 'B'], ['A', 'D', 'B', 'C']]","{'A': 5, 'D': 4, 'B': 3, 'C': 3}","[0.67, 0.58, 1.0]",4.0
95,"[1, 2, 3]","[3, 3, 4]","[0.58, 0.46, 0.79]","[['A', 'D', 'B', 'C'], ['C', 'A', 'D', 'B'], ['B', 'A', 'D', 'C']]","{'A': 5, 'D': 4, 'B': 3, 'C': 3}","[0.67, 0.58, 1.0]",4.0
95,"[1, 2, 3]","[3, 3, 4]","[0.58, 0.46, 0.79]","[['A', 'D', 'B', 'C'], ['C', 'A', 'D', 'B'], ['B', 'D', 'A', 'C']]","{'A': 5, 'D': 4, 'B': 3, 'C': 3}","[0.67, 0.58, 1.0]",4.0
95,"[1, 2, 3]","[3, 3, 4]","[0.58, 0.46, 0.79]","[['A', 'D', 'B', 'C'], ['C', 'A', 'D', 'B'], ['D', 'A', 'B', 'C']]","{'A': 5, 'D': 4, 'B': 3, 'C': 3}","[0.67, 0.58, 1.0]",4.0
95,"[1, 2, 3]","[3, 3, 4]","[0.58, 0.46, 0.79]","[['A', 'D', 'B', 'C'], ['C', 'A', 'D', 'B'], ['D', 'B', 'A', 'C']]","{'A': 5, 'D': 4, 'B': 3, 'C': 3}","[0.67, 0.58, 1.0]",4.0
95,"[1, 2, 3]","[3, 3, 4]","[0.58, 0.46, 0.79]","[['A', 'D', 'B', 'C'], ['C', 'D', 'A', 'B'], ['A', 'B', 'D', 'C']]","{'A': 5, 'D': 4, 'B': 3, 'C': 3}","[0.67, 0.58, 1.0]",4.0
95,"[1, 2, 3]","[3, 3, 4]","[0.58, 0.46, 0.79]","[['A', 'D', 'B', 'C'], ['C', 'D', 'A', 'B'], ['A', 'D', 'B', 'C']]","{'A': 5, 'D': 4, 'B': 3, 'C': 3}","[0.67, 0.58, 1.0]",4.0
95,"[1, 2, 3]","[3, 3, 4]","[0.58, 0.46, 0.79]","[['A', 'D', 'B', 'C'], ['C', 'D', 'A', 'B'], ['B', 'A', 'D', 'C']]","{'A': 5, 'D': 4, 'B': 3, 'C': 3}","[0.67, 0.58, 1.0]",4.0
95,"[1, 2, 3]","[3, 3, 4]","[0.58, 0.46, 0.79]","[['A', 'D', 'B', 'C'], ['C', 'D', 'A', 'B'], ['B', 'D', 'A', 'C']]","{'A': 5, 'D': 4, 'B': 3, 'C': 3}","[0.67, 0.58, 1.0]",4.0
95,"[1, 2, 3]","[3, 3, 4]","[0.58, 0.46, 0.79]","[['A', 'D', 'B', 'C'], ['C', 'D', 'A', 'B'], ['D', 'A', 'B', 'C']]","{'A': 5, 'D': 4, 'B': 3, 'C': 3}","[0.67, 0.58, 1.0]",4.0
95,"[1, 2, 3]","[3, 3, 4]","[0.58, 0.46, 0.79]","[['A', 'D', 'B', 'C'], ['C', 'D', 'A', 'B'], ['D', 'B', 'A', 'C']]","{'A': 5, 'D': 4, 'B': 3, 'C': 3}","[0.67, 0.58, 1.0]",4.0
95,"[1, 2, 3]","[3, 3, 4]","[0.58, 0.46, 0.79]","[['A', 'D', 'B', 'C'], ['D', 'A', 'B', 'C'], ['A', 'C', 'D', 'B']]","{'A': 5, 'D': 4, 'B': 3, 'C': 3}","[0.67, 0.58, 1.0]",4.0
95,"[1, 2, 3]","[3, 3, 4]","[0.58, 0.46, 0.79]","[['A', 'D', 'B', 'C'], ['D', 'A', 'B', 'C'], ['A', 'D', 'C', 'B']]","{'A': 5, 'D': 4, 'B': 3, 'C': 3}","[0.67, 0.58, 1.0]",4.0
95,"[1, 2, 3]","[3, 3, 4]","[0.58, 0.46, 0.79]","[['A', 'D', 'B', 'C'], ['D', 'A', 'B', 'C'], ['C', 'A', 'D', 'B']]","{'A': 5, 'D': 4, 'B': 3, 'C': 3}","[0.67, 0.58, 1.0]",4.0
95,"[1, 2, 3]","[3, 3, 4]","[0.58, 0.46, 0.79]","[['A', 'D', 'B', 'C'], ['D', 'A', 'B', 'C'], ['C', 'D', 'A', 'B']]","{'A': 5, 'D': 4, 'B': 3, 'C': 3}","[0.67, 0.58, 1.0]",4.0
95,"[1, 2, 3]","[3, 3, 4]","[0.58, 0.46, 0.79]","[['A', 'D', 'B', 'C'], ['D', 'A', 'B', 'C'], ['D', 'A', 'C', 'B']]","{'A': 5, 'D': 4, 'B': 3, 'C': 3}","[0.67, 0.58, 1.0]",4.0
95,"[1, 2, 3]","[3, 3, 4]","[0.58, 0.46, 0.79]","[['A', 'D', 'B', 'C'], ['D', 'A', 'B', 'C'], ['D', 'C', 'A', 'B']]","{'A': 5, 'D': 4, 'B': 3, 'C': 3}","[0.67, 0.58, 1.0]",4.0
95,"[1, 2, 3]","[3, 3, 4]","[0.58, 0.46, 0.79]","[['A', 'D', 'B', 'C'], ['D', 'A', 'C', 'B'], ['A', 'B', 'D', 'C']]","{'A': 5, 'D': 4, 'B': 3, 'C': 3}","[0.67, 0.58, 1.0]",4.0
95,"[1, 2, 3]","[3, 3, 4]","[0.58, 0.46, 0.79]","[['A', 'D', 'B', 'C'], ['D', 'A', 'C', 'B'], ['A', 'D', 'B', 'C']]","{'A': 5, 'D': 4, 'B': 3, 'C': 3}","[0.67, 0.58, 1.0]",4.0
95,"[1, 2, 3]","[3, 3, 4]","[0.58, 0.46, 0.79]","[['A', 'D', 'B', 'C'], ['D', 'A', 'C', 'B'], ['B', 'A', 'D', 'C']]","{'A': 5, 'D': 4, 'B': 3, 'C': 3}","[0.67, 0.58, 1.0]",4.0
95,"[1, 2, 3]","[3, 3, 4]","[0.58, 0.46, 0.79]","[['A', 'D', 'B', 'C'], ['D', 'A', 'C', 'B'], ['B', 'D', 'A', 'C']]","{'A': 5, 'D': 4, 'B': 3, 'C': 3}","[0.67, 0.58, 1.0]",4.0
95,"[1, 2, 3]","[3, 3, 4]","[0.58, 0.46, 0.79]","[['A', 'D', 'B', 'C'], ['D', 'A', 'C', 'B'], ['D', 'A', 'B', 'C']]","{'A': 5, 'D': 4, 'B': 3, 'C': 3}","[0.67, 0.58, 1.0]",4.0
95,"[1, 2, 3]","[3, 3, 4]","[0.58, 0.46, 0.79]","[['A', 'D', 'B', 'C'], ['D', 'A', 'C', 'B'], ['D', 'B', 'A', 'C']]","{'A': 5, 'D': 4, 'B': 3, 'C': 3}","[0.67, 0.58, 1.0]",4.0
95,"[1, 2, 3]","[3, 3, 4]","[0.58, 0.46, 0.79]","[['A', 'D', 'B', 'C'], ['D', 'B', 'A', 'C'], ['A', 'C', 'D', 'B']]","{'A': 5, 'D': 4, 'B': 3, 'C': 3}","[0.67, 0.58, 1.0]",4.0
95,"[1, 2, 3]","[3, 3, 4]","[0.58, 0.46, 0.79]","[['A', 'D', 'B', 'C'], ['D', 'B', 'A', 'C'], ['A', 'D', 'C', 'B']]","{'A': 5, 'D': 4, 'B': 3, 'C': 3}","[0.67, 0.58, 1.0]",4.0
95,"[1, 2, 3]","[3, 3, 4]","[0.58, 0.46, 0.79]","[['A', 'D', 'B', 'C'], ['D', 'B', 'A', 'C'], ['C', 'A', 'D', 'B']]","{'A': 5, 'D': 4, 'B': 3, 'C': 3}","[0.67, 0.58, 1.0]",4.0
95,"[1, 2, 3]","[3, 3, 4]","[0.58, 0.46, 0.79]","[['A', 'D', 'B', 'C'], ['D', 'B', 'A', 'C'], ['C', 'D', 'A', 'B']]","{'A': 5, 'D': 4, 'B': 3, 'C': 3}","[0.67, 0.58, 1.0]",4.0
95,"[1, 2, 3]","[3, 3, 4]","[0.58, 0.46, 0.79]","[['A', 'D', 'B', 'C'], ['D', 'B', 'A', 'C'], ['D', 'A', 'C', 'B']]","{'A': 5, 'D': 4, 'B': 3, 'C': 3}","[0.67, 0.58, 1.0]",4.0
95,"[1, 2, 3]","[3, 3, 4]","[0.58, 0.46, 0.79]","[['A', 'D', 'B', 'C'], ['D', 'B', 'A', 'C'], ['D', 'C', 'A', 'B']]","{'A': 5, 'D': 4, 'B': 3, 'C': 3}","[0.67, 0.58, 1.0]",4.0
95,"[1, 2, 3]","[3, 3, 4]","[0.58, 0.46, 0.79]","[['A', 'D', 'B', 'C'], ['D', 'C', 'A', 'B'], ['A', 'B', 'D', 'C']]","{'A': 5, 'D': 4, 'B': 3, 'C': 3}","[0.67, 0.58, 1.0]",4.0
95,"[1, 2, 3]","[3, 3, 4]","[0.58, 0.46, 0.79]","[['A', 'D', 'B', 'C'], ['D', 'C', 'A', 'B'], ['A', 'D', 'B', 'C']]","{'A': 5, 'D': 4, 'B': 3, 'C': 3}","[0.67, 0.58, 1.0]",4.0
95,"[1, 2, 3]","[3, 3, 4]","[0.58, 0.46, 0.79]","[['A', 'D', 'B', 'C'], ['D', 'C', 'A', 'B'], ['B', 'A', 'D', 'C']]","{'A': 5, 'D': 4, 'B': 3, 'C': 3}","[0.67, 0.58, 1.0]",4.0
95,"[1, 2, 3]","[3, 3, 4]","[0.58, 0.46, 0.79]","[['A', 'D', 'B', 'C'], ['D', 'C', 'A', 'B'], ['B', 'D', 'A', 'C']]","{'A': 5, 'D': 4, 'B': 3, 'C': 3}","[0.67, 0.58, 1.0]",4.0
95,"[1, 2, 3]","[3, 3, 4]","[0.58, 0.46, 0.79]","[['A', 'D', 'B', 'C'], ['D', 'C', 'A', 'B'], ['D', 'A', 'B', 'C']]","{'A': 5, 'D': 4, 'B': 3, 'C': 3}","[0.67, 0.58, 1.0]",4.0
95,"[1, 2, 3]","[3, 3, 4]","[0.58, 0.46, 0.79]","[['A', 'D', 'B', 'C'], ['D', 'C', 'A', 'B'], ['D', 'B', 'A', 'C']]","{'A': 5, 'D': 4, 'B': 3, 'C': 3}","[0.67, 0.58, 1.0]",4.0
95,"[1, 2, 3]","[3, 3, 4]","[0.58, 0.46, 0.79]","[['A', 'D', 'C', 'B'], ['A', 'B', 'D', 'C'], ['A', 'B', 'D', 'C']]","{'A': 5, 'D': 4, 'B': 3, 'C': 3}","[0.67, 0.58, 1.0]",4.0
95,"[1, 2, 3]","[3, 3, 4]","[0.58, 0.46, 0.79]","[['A', 'D', 'C', 'B'], ['A', 'B', 'D', 'C'], ['A', 'D', 'B', 'C']]","{'A': 5, 'D': 4, 'B': 3, 'C': 3}","[0.67, 0.58, 1.0]",4.0
95,"[1, 2, 3]","[3, 3, 4]","[0.58, 0.46, 0.79]","[['A', 'D', 'C', 'B'], ['A', 'B', 'D', 'C'], ['B', 'A', 'D', 'C']]","{'A': 5, 'D': 4, 'B': 3, 'C': 3}","[0.67, 0.58, 1.0]",4.0
95,"[1, 2, 3]","[3, 3, 4]","[0.58, 0.46, 0.79]","[['A', 'D', 'C', 'B'], ['A', 'B', 'D', 'C'], ['B', 'D', 'A', 'C']]","{'A': 5, 'D': 4, 'B': 3, 'C': 3}","[0.67, 0.58, 1.0]",4.0
95,"[1, 2, 3]","[3, 3, 4]","[0.58, 0.46, 0.79]","[['A', 'D', 'C', 'B'], ['A', 'B', 'D', 'C'], ['D', 'A', 'B', 'C']]","{'A': 5, 'D': 4, 'B': 3, 'C': 3}","[0.67, 0.58, 1.0]",4.0
95,"[1, 2, 3]","[3, 3, 4]","[0.58, 0.46, 0.79]","[['A', 'D', 'C', 'B'], ['A', 'B', 'D', 'C'], ['D', 'B', 'A', 'C']]","{'A': 5, 'D': 4, 'B': 3, 'C': 3}","[0.67, 0.58, 1.0]",4.0
95,"[1, 2, 3]","[3, 3, 4]","[0.58, 0.46, 0.79]","[['A', 'D', 'C', 'B'], ['A', 'D', 'B', 'C'], ['A', 'B', 'D', 'C']]","{'A': 5, 'D': 4, 'B': 3, 'C': 3}","[0.67, 0.58, 1.0]",4.0
95,"[1, 2, 3]","[3, 3, 4]","[0.58, 0.46, 0.79]","[['A', 'D', 'C', 'B'], ['A', 'D', 'B', 'C'], ['A', 'D', 'B', 'C']]","{'A': 5, 'D': 4, 'B': 3, 'C': 3}","[0.67, 0.58, 1.0]",4.0
95,"[1, 2, 3]","[3, 3, 4]","[0.58, 0.46, 0.79]","[['A', 'D', 'C', 'B'], ['A', 'D', 'B', 'C'], ['B', 'A', 'D', 'C']]","{'A': 5, 'D': 4, 'B': 3, 'C': 3}","[0.67, 0.58, 1.0]",4.0
95,"[1, 2, 3]","[3, 3, 4]","[0.58, 0.46, 0.79]","[['A', 'D', 'C', 'B'], ['A', 'D', 'B', 'C'], ['B', 'D', 'A', 'C']]","{'A': 5, 'D': 4, 'B': 3, 'C': 3}","[0.67, 0.58, 1.0]",4.0
95,"[1, 2, 3]","[3, 3, 4]","[0.58, 0.46, 0.79]","[['A', 'D', 'C', 'B'], ['A', 'D', 'B', 'C'], ['D', 'A', 'B', 'C']]","{'A': 5, 'D': 4, 'B': 3, 'C': 3}","[0.67, 0.58, 1.0]",4.0
95,"[1, 2, 3]","[3, 3, 4]","[0.58, 0.46, 0.79]","[['A', 'D', 'C', 'B'], ['A', 'D', 'B', 'C'], ['D', 'B', 'A', 'C']]","{'A': 5, 'D': 4, 'B': 3, 'C': 3}","[0.67, 0.58, 1.0]",4.0
95,"[1, 2, 3]","[3, 3, 4]","[0.58, 0.46, 0.79]","[['A', 'D', 'C', 'B'], ['B', 'A', 'D', 'C'], ['A', 'B', 'D', 'C']]","{'A': 5, 'D': 4, 'B': 3, 'C': 3}","[0.67, 0.58, 1.0]",4.0
95,"[1, 2, 3]","[3, 3, 4]","[0.58, 0.46, 0.79]","[['A', 'D', 'C', 'B'], ['B', 'A', 'D', 'C'], ['A', 'D', 'B', 'C']]","{'A': 5, 'D': 4, 'B': 3, 'C': 3}","[0.67, 0.58, 1.0]",4.0
95,"[1, 2, 3]","[3, 3, 4]","[0.58, 0.46, 0.79]","[['A', 'D', 'C', 'B'], ['B', 'A', 'D', 'C'], ['B', 'A', 'D', 'C']]","{'A': 5, 'D': 4, 'B': 3, 'C': 3}","[0.67, 0.58, 1.0]",4.0
95,"[1, 2, 3]","[3, 3, 4]","[0.58, 0.46, 0.79]","[['A', 'D', 'C', 'B'], ['B', 'A', 'D', 'C'], ['B', 'D', 'A', 'C']]","{'A': 5, 'D': 4, 'B': 3, 'C': 3}","[0.67, 0.58, 1.0]",4.0
95,"[1, 2, 3]","[3, 3, 4]","[0.58, 0.46, 0.79]","[['A', 'D', 'C', 'B'], ['B', 'A', 'D', 'C'], ['D', 'A', 'B', 'C']]","{'A': 5, 'D': 4, 'B': 3, 'C': 3}","[0.67, 0.58, 1.0]",4.0
95,"[1, 2, 3]","[3, 3, 4]","[0.58, 0.46, 0.79]","[['A', 'D', 'C', 'B'], ['B', 'A', 'D', 'C'], ['D', 'B', 'A', 'C']]","{'A': 5, 'D': 4, 'B': 3, 'C': 3}","[0.67, 0.58, 1.0]",4.0
95,"[1, 2, 3]","[3, 3, 4]","[0.58, 0.46, 0.79]","[['A', 'D', 'C', 'B'], ['B', 'D', 'A', 'C'], ['A', 'B', 'D', 'C']]","{'A': 5, 'D': 4, 'B': 3, 'C': 3}","[0.67, 0.58, 1.0]",4.0
95,"[1, 2, 3]","[3, 3, 4]","[0.58, 0.46, 0.79]","[['A', 'D', 'C', 'B'], ['B', 'D', 'A', 'C'], ['A', 'D', 'B', 'C']]","{'A': 5, 'D': 4, 'B': 3, 'C': 3}","[0.67, 0.58, 1.0]",4.0
95,"[1, 2, 3]","[3, 3, 4]","[0.58, 0.46, 0.79]","[['A', 'D', 'C', 'B'], ['B', 'D', 'A', 'C'], ['B', 'A', 'D', 'C']]","{'A': 5, 'D': 4, 'B': 3, 'C': 3}","[0.67, 0.58, 1.0]",4.0
95,"[1, 2, 3]","[3, 3, 4]","[0.58, 0.46, 0.79]","[['A', 'D', 'C', 'B'], ['B', 'D', 'A', 'C'], ['B', 'D', 'A', 'C']]","{'A': 5, 'D': 4, 'B': 3, 'C': 3}","[0.67, 0.58, 1.0]",4.0
95,"[1, 2, 3]","[3, 3, 4]","[0.58, 0.46, 0.79]","[['A', 'D', 'C', 'B'], ['B', 'D', 'A', 'C'], ['D', 'A', 'B', 'C']]","{'A': 5, 'D': 4, 'B': 3, 'C': 3}","[0.67, 0.58, 1.0]",4.0
95,"[1, 2, 3]","[3, 3, 4]","[0.58, 0.46, 0.79]","[['A', 'D', 'C', 'B'], ['B', 'D', 'A', 'C'], ['D', 'B', 'A', 'C']]","{'A': 5, 'D': 4, 'B': 3, 'C': 3}","[0.67, 0.58, 1.0]",4.0
95,"[1, 2, 3]","[3, 3, 4]","[0.58, 0.46, 0.79]","[['A', 'D', 'C', 'B'], ['D', 'A', 'B', 'C'], ['A', 'B', 'D', 'C']]","{'A': 5, 'D': 4, 'B': 3, 'C': 3}","[0.67, 0.58, 1.0]",4.0
95,"[1, 2, 3]","[3, 3, 4]","[0.58, 0.46, 0.79]","[['A', 'D', 'C', 'B'], ['D', 'A', 'B', 'C'], ['A', 'D', 'B', 'C']]","{'A': 5, 'D': 4, 'B': 3, 'C': 3}","[0.67, 0.58, 1.0]",4.0
95,"[1, 2, 3]","[3, 3, 4]","[0.58, 0.46, 0.79]","[['A', 'D', 'C', 'B'], ['D', 'A', 'B', 'C'], ['B', 'A', 'D', 'C']]","{'A': 5, 'D': 4, 'B': 3, 'C': 3}","[0.67, 0.58, 1.0]",4.0
95,"[1, 2, 3]","[3, 3, 4]","[0.58, 0.46, 0.79]","[['A', 'D', 'C', 'B'], ['D', 'A', 'B', 'C'], ['B', 'D', 'A', 'C']]","{'A': 5, 'D': 4, 'B': 3, 'C': 3}","[0.67, 0.58, 1.0]",4.0
95,"[1, 2, 3]","[3, 3, 4]","[0.58, 0.46, 0.79]","[['A', 'D', 'C', 'B'], ['D', 'A', 'B', 'C'], ['D', 'A', 'B', 'C']]","{'A': 5, 'D': 4, 'B': 3, 'C': 3}","[0.67, 0.58, 1.0]",4.0
95,"[1, 2, 3]","[3, 3, 4]","[0.58, 0.46, 0.79]","[['A', 'D', 'C', 'B'], ['D', 'A', 'B', 'C'], ['D', 'B', 'A', 'C']]","{'A': 5, 'D': 4, 'B': 3, 'C': 3}","[0.67, 0.58, 1.0]",4.0
95,"[1, 2, 3]","[3, 3, 4]","[0.58, 0.46, 0.79]","[['A', 'D', 'C', 'B'], ['D', 'B', 'A', 'C'], ['A', 'B', 'D', 'C']]","{'A': 5, 'D': 4, 'B': 3, 'C': 3}","[0.67, 0.58, 1.0]",4.0
95,"[1, 2, 3]","[3, 3, 4]","[0.58, 0.46, 0.79]","[['A', 'D', 'C', 'B'], ['D', 'B', 'A', 'C'], ['A', 'D', 'B', 'C']]","{'A': 5, 'D': 4, 'B': 3, 'C': 3}","[0.67, 0.58, 1.0]",4.0
95,"[1, 2, 3]","[3, 3, 4]","[0.58, 0.46, 0.79]","[['A', 'D', 'C', 'B'], ['D', 'B', 'A', 'C'], ['B', 'A', 'D', 'C']]","{'A': 5, 'D': 4, 'B': 3, 'C': 3}","[0.67, 0.58, 1.0]",4.0
95,"[1, 2, 3]","[3, 3, 4]","[0.58, 0.46, 0.79]","[['A', 'D', 'C', 'B'], ['D', 'B', 'A', 'C'], ['B', 'D', 'A', 'C']]","{'A': 5, 'D': 4, 'B': 3, 'C': 3}","[0.67, 0.58, 1.0]",4.0
95,"[1, 2, 3]","[3, 3, 4]","[0.58, 0.46, 0.79]","[['A', 'D', 'C', 'B'], ['D', 'B', 'A', 'C'], ['D', 'A', 'B', 'C']]","{'A': 5, 'D': 4, 'B': 3, 'C': 3}","[0.67, 0.58, 1.0]",4.0
95,"[1, 2, 3]","[3, 3, 4]","[0.58, 0.46, 0.79]","[['A', 'D', 'C', 'B'], ['D', 'B', 'A', 'C'], ['D', 'B', 'A', 'C']]","{'A': 5, 'D': 4, 'B': 3, 'C': 3}","[0.67, 0.58, 1.0]",4.0
95,"[1, 2, 3]","[3, 3, 4]","[0.58, 0.46, 0.79]","[['B', 'A', 'D', 'C'], ['A', 'B', 'D', 'C'], ['A', 'C', 'D', 'B']]","{'A': 5, 'D': 4, 'B': 3, 'C': 3}","[0.67, 0.58, 1.0]",4.0
95,"[1, 2, 3]","[3, 3, 4]","[0.58, 0.46, 0.79]","[['B', 'A', 'D', 'C'], ['A', 'B', 'D', 'C'], ['A', 'D', 'C', 'B']]","{'A': 5, 'D': 4, 'B': 3, 'C': 3}","[0.67, 0.58, 1.0]",4.0
95,"[1, 2, 3]","[3, 3, 4]","[0.58, 0.46, 0.79]","[['B', 'A', 'D', 'C'], ['A', 'B', 'D', 'C'], ['C', 'A', 'D', 'B']]","{'A': 5, 'D': 4, 'B': 3, 'C': 3}","[0.67, 0.58, 1.0]",4.0
95,"[1, 2, 3]","[3, 3, 4]","[0.58, 0.46, 0.79]","[['B', 'A', 'D', 'C'], ['A', 'B', 'D', 'C'], ['C', 'D', 'A', 'B']]","{'A': 5, 'D': 4, 'B': 3, 'C': 3}","[0.67, 0.58, 1.0]",4.0
95,"[1, 2, 3]","[3, 3, 4]","[0.58, 0.46, 0.79]","[['B', 'A', 'D', 'C'], ['A', 'B', 'D', 'C'], ['D', 'A', 'C', 'B']]","{'A': 5, 'D': 4, 'B': 3, 'C': 3}","[0.67, 0.58, 1.0]",4.0
95,"[1, 2, 3]","[3, 3, 4]","[0.58, 0.46, 0.79]","[['B', 'A', 'D', 'C'], ['A', 'B', 'D', 'C'], ['D', 'C', 'A', 'B']]","{'A': 5, 'D': 4, 'B': 3, 'C': 3}","[0.67, 0.58, 1.0]",4.0
95,"[1, 2, 3]","[3, 3, 4]","[0.58, 0.46, 0.79]","[['B', 'A', 'D', 'C'], ['A', 'C', 'D', 'B'], ['A', 'B', 'D', 'C']]","{'A': 5, 'D': 4, 'B': 3, 'C': 3}","[0.67, 0.58, 1.0]",4.0
95,"[1, 2, 3]","[3, 3, 4]","[0.58, 0.46, 0.79]","[['B', 'A', 'D', 'C'], ['A', 'C', 'D', 'B'], ['A', 'D', 'B', 'C']]","{'A': 5, 'D': 4, 'B': 3, 'C': 3}","[0.67, 0.58, 1.0]",4.0
95,"[1, 2, 3]","[3, 3, 4]","[0.58, 0.46, 0.79]","[['B', 'A', 'D', 'C'], ['A', 'C', 'D', 'B'], ['B', 'A', 'D', 'C']]","{'A': 5, 'D': 4, 'B': 3, 'C': 3}","[0.67, 0.58, 1.0]",4.0
95,"[1, 2, 3]","[3, 3, 4]","[0.58, 0.46, 0.79]","[['B', 'A', 'D', 'C'], ['A', 'C', 'D', 'B'], ['B', 'D', 'A', 'C']]","{'A': 5, 'D': 4, 'B': 3, 'C': 3}","[0.67, 0.58, 1.0]",4.0
95,"[1, 2, 3]","[3, 3, 4]","[0.58, 0.46, 0.79]","[['B', 'A', 'D', 'C'], ['A', 'C', 'D', 'B'], ['D', 'A', 'B', 'C']]","{'A': 5, 'D': 4, 'B': 3, 'C': 3}","[0.67, 0.58, 1.0]",4.0
95,"[1, 2, 3]","[3, 3, 4]","[0.58, 0.46, 0.79]","[['B', 'A', 'D', 'C'], ['A', 'C', 'D', 'B'], ['D', 'B', 'A', 'C']]","{'A': 5, 'D': 4, 'B': 3, 'C': 3}","[0.67, 0.58, 1.0]",4.0
95,"[1, 2, 3]","[3, 3, 4]","[0.58, 0.46, 0.79]","[['B', 'A', 'D', 'C'], ['A', 'D', 'B', 'C'], ['A', 'C', 'D', 'B']]","{'A': 5, 'D': 4, 'B': 3, 'C': 3}","[0.67, 0.58, 1.0]",4.0
95,"[1, 2, 3]","[3, 3, 4]","[0.58, 0.46, 0.79]","[['B', 'A', 'D', 'C'], ['A', 'D', 'B', 'C'], ['A', 'D', 'C', 'B']]","{'A': 5, 'D': 4, 'B': 3, 'C': 3}","[0.67, 0.58, 1.0]",4.0
95,"[1, 2, 3]","[3, 3, 4]","[0.58, 0.46, 0.79]","[['B', 'A', 'D', 'C'], ['A', 'D', 'B', 'C'], ['C', 'A', 'D', 'B']]","{'A': 5, 'D': 4, 'B': 3, 'C': 3}","[0.67, 0.58, 1.0]",4.0
95,"[1, 2, 3]","[3, 3, 4]","[0.58, 0.46, 0.79]","[['B', 'A', 'D', 'C'], ['A', 'D', 'B', 'C'], ['C', 'D', 'A', 'B']]","{'A': 5, 'D': 4, 'B': 3, 'C': 3}","[0.67, 0.58, 1.0]",4.0
95,"[1, 2, 3]","[3, 3, 4]","[0.58, 0.46, 0.79]","[['B', 'A', 'D', 'C'], ['A', 'D', 'B', 'C'], ['D', 'A', 'C', 'B']]","{'A': 5, 'D': 4, 'B': 3, 'C': 3}","[0.67, 0.58, 1.0]",4.0
95,"[1, 2, 3]","[3, 3, 4]","[0.58, 0.46, 0.79]","[['B', 'A', 'D', 'C'], ['A', 'D', 'B', 'C'], ['D', 'C', 'A', 'B']]","{'A': 5, 'D': 4, 'B': 3, 'C': 3}","[0.67, 0.58, 1.0]",4.0
95,"[1, 2, 3]","[3, 3, 4]","[0.58, 0.46, 0.79]","[['B', 'A', 'D', 'C'], ['A', 'D', 'C', 'B'], ['A', 'B', 'D', 'C']]","{'A': 5, 'D': 4, 'B': 3, 'C': 3}","[0.67, 0.58, 1.0]",4.0
95,"[1, 2, 3]","[3, 3, 4]","[0.58, 0.46, 0.79]","[['B', 'A', 'D', 'C'], ['A', 'D', 'C', 'B'], ['A', 'D', 'B', 'C']]","{'A': 5, 'D': 4, 'B': 3, 'C': 3}","[0.67, 0.58, 1.0]",4.0
95,"[1, 2, 3]","[3, 3, 4]","[0.58, 0.46, 0.79]","[['B', 'A', 'D', 'C'], ['A', 'D', 'C', 'B'], ['B', 'A', 'D', 'C']]","{'A': 5, 'D': 4, 'B': 3, 'C': 3}","[0.67, 0.58, 1.0]",4.0
95,"[1, 2, 3]","[3, 3, 4]","[0.58, 0.46, 0.79]","[['B', 'A', 'D', 'C'], ['A', 'D', 'C', 'B'], ['B', 'D', 'A', 'C']]","{'A': 5, 'D': 4, 'B': 3, 'C': 3}","[0.67, 0.58, 1.0]",4.0
95,"[1, 2, 3]","[3, 3, 4]","[0.58, 0.46, 0.79]","[['B', 'A', 'D', 'C'], ['A', 'D', 'C', 'B'], ['D', 'A', 'B', 'C']]","{'A': 5, 'D': 4, 'B': 3, 'C': 3}","[0.67, 0.58, 1.0]",4.0
95,"[1, 2, 3]","[3, 3, 4]","[0.58, 0.46, 0.79]","[['B', 'A', 'D', 'C'], ['A', 'D', 'C', 'B'], ['D', 'B', 'A', 'C']]","{'A': 5, 'D': 4, 'B': 3, 'C': 3}","[0.67, 0.58, 1.0]",4.0
95,"[1, 2, 3]","[3, 3, 4]","[0.58, 0.46, 0.79]","[['B', 'A', 'D', 'C'], ['B', 'A', 'D', 'C'], ['A', 'C', 'D', 'B']]","{'A': 5, 'D': 4, 'B': 3, 'C': 3}","[0.67, 0.58, 1.0]",4.0
95,"[1, 2, 3]","[3, 3, 4]","[0.58, 0.46, 0.79]","[['B', 'A', 'D', 'C'], ['B', 'A', 'D', 'C'], ['A', 'D', 'C', 'B']]","{'A': 5, 'D': 4, 'B': 3, 'C': 3}","[0.67, 0.58, 1.0]",4.0
95,"[1, 2, 3]","[3, 3, 4]","[0.58, 0.46, 0.79]","[['B', 'A', 'D', 'C'], ['B', 'A', 'D', 'C'], ['C', 'A', 'D', 'B']]","{'A': 5, 'D': 4, 'B': 3, 'C': 3}","[0.67, 0.58, 1.0]",4.0
95,"[1, 2, 3]","[3, 3, 4]","[0.58, 0.46, 0.79]","[['B', 'A', 'D', 'C'], ['B', 'A', 'D', 'C'], ['C', 'D', 'A', 'B']]","{'A': 5, 'D': 4, 'B': 3, 'C': 3}","[0.67, 0.58, 1.0]",4.0
95,"[1, 2, 3]","[3, 3, 4]","[0.58, 0.46, 0.79]","[['B', 'A', 'D', 'C'], ['B', 'A', 'D', 'C'], ['D', 'A', 'C', 'B']]","{'A': 5, 'D': 4, 'B': 3, 'C': 3}","[0.67, 0.58, 1.0]",4.0
95,"[1, 2, 3]","[3, 3, 4]","[0.58, 0.46, 0.79]","[['B', 'A', 'D', 'C'], ['B', 'A', 'D', 'C'], ['D', 'C', 'A', 'B']]","{'A': 5, 'D': 4, 'B': 3, 'C': 3}","[0.67, 0.58, 1.0]",4.0
95,"[1, 2, 3]","[3, 3, 4]","[0.58, 0.46, 0.79]","[['B', 'A', 'D', 'C'], ['B', 'D', 'A', 'C'], ['A', 'C', 'D', 'B']]","{'A': 5, 'D': 4, 'B': 3, 'C': 3}","[0.67, 0.58, 1.0]",4.0
95,"[1, 2, 3]","[3, 3, 4]","[0.58, 0.46, 0.79]","[['B', 'A', 'D', 'C'], ['B', 'D', 'A', 'C'], ['A', 'D', 'C', 'B']]","{'A': 5, 'D': 4, 'B': 3, 'C': 3}","[0.67, 0.58, 1.0]",4.0
95,"[1, 2, 3]","[3, 3, 4]","[0.58, 0.46, 0.79]","[['B', 'A', 'D', 'C'], ['B', 'D', 'A', 'C'], ['C', 'A', 'D', 'B']]","{'A': 5, 'D': 4, 'B': 3, 'C': 3}","[0.67, 0.58, 1.0]",4.0
95,"[1, 2, 3]","[3, 3, 4]","[0.58, 0.46, 0.79]","[['B', 'A', 'D', 'C'], ['B', 'D', 'A', 'C'], ['C', 'D', 'A', 'B']]","{'A': 5, 'D': 4, 'B': 3, 'C': 3}","[0.67, 0.58, 1.0]",4.0
95,"[1, 2, 3]","[3, 3, 4]","[0.58, 0.46, 0.79]","[['B', 'A', 'D', 'C'], ['B', 'D', 'A', 'C'], ['D', 'A', 'C', 'B']]","{'A': 5, 'D': 4, 'B': 3, 'C': 3}","[0.67, 0.58, 1.0]",4.0
95,"[1, 2, 3]","[3, 3, 4]","[0.58, 0.46, 0.79]","[['B', 'A', 'D', 'C'], ['B', 'D', 'A', 'C'], ['D', 'C', 'A', 'B']]","{'A': 5, 'D': 4, 'B': 3, 'C': 3}","[0.67, 0.58, 1.0]",4.0
95,"[1, 2, 3]","[3, 3, 4]","[0.58, 0.46, 0.79]","[['B', 'A', 'D', 'C'], ['C', 'A', 'D', 'B'], ['A', 'B', 'D', 'C']]","{'A': 5, 'D': 4, 'B': 3, 'C': 3}","[0.67, 0.58, 1.0]",4.0
95,"[1, 2, 3]","[3, 3, 4]","[0.58, 0.46, 0.79]","[['B', 'A', 'D', 'C'], ['C', 'A', 'D', 'B'], ['A', 'D', 'B', 'C']]","{'A': 5, 'D': 4, 'B': 3, 'C': 3}","[0.67, 0.58, 1.0]",4.0
95,"[1, 2, 3]","[3, 3, 4]","[0.58, 0.46, 0.79]","[['B', 'A', 'D', 'C'], ['C', 'A', 'D', 'B'], ['B', 'A', 'D', 'C']]","{'A': 5, 'D': 4, 'B': 3, 'C': 3}","[0.67, 0.58, 1.0]",4.0
95,"[1, 2, 3]","[3, 3, 4]","[0.58, 0.46, 0.79]","[['B', 'A', 'D', 'C'], ['C', 'A', 'D', 'B'], ['B', 'D', 'A', 'C']]","{'A': 5, 'D': 4, 'B': 3, 'C': 3}","[0.67, 0.58, 1.0]",4.0
95,"[1, 2, 3]","[3, 3, 4]","[0.58, 0.46, 0.79]","[['B', 'A', 'D', 'C'], ['C', 'A', 'D', 'B'], ['D', 'A', 'B', 'C']]","{'A': 5, 'D': 4, 'B': 3, 'C': 3}","[0.67, 0.58, 1.0]",4.0
95,"[1, 2, 3]","[3, 3, 4]","[0.58, 0.46, 0.79]","[['B', 'A', 'D', 'C'], ['C', 'A', 'D', 'B'], ['D', 'B', 'A', 'C']]","{'A': 5, 'D': 4, 'B': 3, 'C': 3}","[0.67, 0.58, 1.0]",4.0
95,"[1, 2, 3]","[3, 3, 4]","[0.58, 0.46, 0.79]","[['B', 'A', 'D', 'C'], ['C', 'D', 'A', 'B'], ['A', 'B', 'D', 'C']]","{'A': 5, 'D': 4, 'B': 3, 'C': 3}","[0.67, 0.58, 1.0]",4.0
95,"[1, 2, 3]","[3, 3, 4]","[0.58, 0.46, 0.79]","[['B', 'A', 'D', 'C'], ['C', 'D', 'A', 'B'], ['A', 'D', 'B', 'C']]","{'A': 5, 'D': 4, 'B': 3, 'C': 3}","[0.67, 0.58, 1.0]",4.0
95,"[1, 2, 3]","[3, 3, 4]","[0.58, 0.46, 0.79]","[['B', 'A', 'D', 'C'], ['C', 'D', 'A', 'B'], ['B', 'A', 'D', 'C']]","{'A': 5, 'D': 4, 'B': 3, 'C': 3}","[0.67, 0.58, 1.0]",4.0
95,"[1, 2, 3]","[3, 3, 4]","[0.58, 0.46, 0.79]","[['B', 'A', 'D', 'C'], ['C', 'D', 'A', 'B'], ['B', 'D', 'A', 'C']]","{'A': 5, 'D': 4, 'B': 3, 'C': 3}","[0.67, 0.58, 1.0]",4.0
95,"[1, 2, 3]","[3, 3, 4]","[0.58, 0.46, 0.79]","[['B', 'A', 'D', 'C'], ['C', 'D', 'A', 'B'], ['D', 'A', 'B', 'C']]","{'A': 5, 'D': 4, 'B': 3, 'C': 3}","[0.67, 0.58, 1.0]",4.0
95,"[1, 2, 3]","[3, 3, 4]","[0.58, 0.46, 0.79]","[['B', 'A', 'D', 'C'], ['C', 'D', 'A', 'B'], ['D', 'B', 'A', 'C']]","{'A': 5, 'D': 4, 'B': 3, 'C': 3}","[0.67, 0.58, 1.0]",4.0
95,"[1, 2, 3]","[3, 3, 4]","[0.58, 0.46, 0.79]","[['B', 'A', 'D', 'C'], ['D', 'A', 'B', 'C'], ['A', 'C', 'D', 'B']]","{'A': 5, 'D': 4, 'B': 3, 'C': 3}","[0.67, 0.58, 1.0]",4.0
95,"[1, 2, 3]","[3, 3, 4]","[0.58, 0.46, 0.79]","[['B', 'A', 'D', 'C'], ['D', 'A', 'B', 'C'], ['A', 'D', 'C', 'B']]","{'A': 5, 'D': 4, 'B': 3, 'C': 3}","[0.67, 0.58, 1.0]",4.0
95,"[1, 2, 3]","[3, 3, 4]","[0.58, 0.46, 0.79]","[['B', 'A', 'D', 'C'], ['D', 'A', 'B', 'C'], ['C', 'A', 'D', 'B']]","{'A': 5, 'D': 4, 'B': 3, 'C': 3}","[0.67, 0.58, 1.0]",4.0
95,"[1, 2, 3]","[3, 3, 4]","[0.58, 0.46, 0.79]","[['B', 'A', 'D', 'C'], ['D', 'A', 'B', 'C'], ['C', 'D', 'A', 'B']]","{'A': 5, 'D': 4, 'B': 3, 'C': 3}","[0.67, 0.58, 1.0]",4.0
95,"[1, 2, 3]","[3, 3, 4]","[0.58, 0.46, 0.79]","[['B', 'A', 'D', 'C'], ['D', 'A', 'B', 'C'], ['D', 'A', 'C', 'B']]","{'A': 5, 'D': 4, 'B': 3, 'C': 3}","[0.67, 0.58, 1.0]",4.0
95,"[1, 2, 3]","[3, 3, 4]","[0.58, 0.46, 0.79]","[['B', 'A', 'D', 'C'], ['D', 'A', 'B', 'C'], ['D', 'C', 'A', 'B']]","{'A': 5, 'D': 4, 'B': 3, 'C': 3}","[0.67, 0.58, 1.0]",4.0
95,"[1, 2, 3]","[3, 3, 4]","[0.58, 0.46, 0.79]","[['B', 'A', 'D', 'C'], ['D', 'A', 'C', 'B'], ['A', 'B', 'D', 'C']]","{'A': 5, 'D': 4, 'B': 3, 'C': 3}","[0.67, 0.58, 1.0]",4.0
95,"[1, 2, 3]","[3, 3, 4]","[0.58, 0.46, 0.79]","[['B', 'A', 'D', 'C'], ['D', 'A', 'C', 'B'], ['A', 'D', 'B', 'C']]","{'A': 5, 'D': 4, 'B': 3, 'C': 3}","[0.67, 0.58, 1.0]",4.0
95,"[1, 2, 3]","[3, 3, 4]","[0.58, 0.46, 0.79]","[['B', 'A', 'D', 'C'], ['D', 'A', 'C', 'B'], ['B', 'A', 'D', 'C']]","{'A': 5, 'D': 4, 'B': 3, 'C': 3}","[0.67, 0.58, 1.0]",4.0
95,"[1, 2, 3]","[3, 3, 4]","[0.58, 0.46, 0.79]","[['B', 'A', 'D', 'C'], ['D', 'A', 'C', 'B'], ['B', 'D', 'A', 'C']]","{'A': 5, 'D': 4, 'B': 3, 'C': 3}","[0.67, 0.58, 1.0]",4.0
95,"[1, 2, 3]","[3, 3, 4]","[0.58, 0.46, 0.79]","[['B', 'A', 'D', 'C'], ['D', 'A', 'C', 'B'], ['D', 'A', 'B', 'C']]","{'A': 5, 'D': 4, 'B': 3, 'C': 3}","[0.67, 0.58, 1.0]",4.0
95,"[1, 2, 3]","[3, 3, 4]","[0.58, 0.46, 0.79]","[['B', 'A', 'D', 'C'], ['D', 'A', 'C', 'B'], ['D', 'B', 'A', 'C']]","{'A': 5, 'D': 4, 'B': 3, 'C': 3}","[0.67, 0.58, 1.0]",4.0
95,"[1, 2, 3]","[3, 3, 4]","[0.58, 0.46, 0.79]","[['B', 'A', 'D', 'C'], ['D', 'B', 'A', 'C'], ['A', 'C', 'D', 'B']]","{'A': 5, 'D': 4, 'B': 3, 'C': 3}","[0.67, 0.58, 1.0]",4.0
95,"[1, 2, 3]","[3, 3, 4]","[0.58, 0.46, 0.79]","[['B', 'A', 'D', 'C'], ['D', 'B', 'A', 'C'], ['A', 'D', 'C', 'B']]","{'A': 5, 'D': 4, 'B': 3, 'C': 3}","[0.67, 0.58, 1.0]",4.0
95,"[1, 2, 3]","[3, 3, 4]","[0.58, 0.46, 0.79]","[['B', 'A', 'D', 'C'], ['D', 'B', 'A', 'C'], ['C', 'A', 'D', 'B']]","{'A': 5, 'D': 4, 'B': 3, 'C': 3}","[0.67, 0.58, 1.0]",4.0
95,"[1, 2, 3]","[3, 3, 4]","[0.58, 0.46, 0.79]","[['B', 'A', 'D', 'C'], ['D', 'B', 'A', 'C'], ['C', 'D', 'A', 'B']]","{'A': 5, 'D': 4, 'B': 3, 'C': 3}","[0.67, 0.58, 1.0]",4.0
95,"[1, 2, 3]","[3, 3, 4]","[0.58, 0.46, 0.79]","[['B', 'A', 'D', 'C'], ['D', 'B', 'A', 'C'], ['D', 'A', 'C', 'B']]","{'A': 5, 'D': 4, 'B': 3, 'C': 3}","[0.67, 0.58, 1.0]",4.0
95,"[1, 2, 3]","[3, 3, 4]","[0.58, 0.46, 0.79]","[['B', 'A', 'D', 'C'], ['D', 'B', 'A', 'C'], ['D', 'C', 'A', 'B']]","{'A': 5, 'D': 4, 'B': 3, 'C': 3}","[0.67, 0.58, 1.0]",4.0
95,"[1, 2, 3]","[3, 3, 4]","[0.58, 0.46, 0.79]","[['B', 'A', 'D', 'C'], ['D', 'C', 'A', 'B'], ['A', 'B', 'D', 'C']]","{'A': 5, 'D': 4, 'B': 3, 'C': 3}","[0.67, 0.58, 1.0]",4.0
95,"[1, 2, 3]","[3, 3, 4]","[0.58, 0.46, 0.79]","[['B', 'A', 'D', 'C'], ['D', 'C', 'A', 'B'], ['A', 'D', 'B', 'C']]","{'A': 5, 'D': 4, 'B': 3, 'C': 3}","[0.67, 0.58, 1.0]",4.0
95,"[1, 2, 3]","[3, 3, 4]","[0.58, 0.46, 0.79]","[['B', 'A', 'D', 'C'], ['D', 'C', 'A', 'B'], ['B', 'A', 'D', 'C']]","{'A': 5, 'D': 4, 'B': 3, 'C': 3}","[0.67, 0.58, 1.0]",4.0
95,"[1, 2, 3]","[3, 3, 4]","[0.58, 0.46, 0.79]","[['B', 'A', 'D', 'C'], ['D', 'C', 'A', 'B'], ['B', 'D', 'A', 'C']]","{'A': 5, 'D': 4, 'B': 3, 'C': 3}","[0.67, 0.58, 1.0]",4.0
95,"[1, 2, 3]","[3, 3, 4]","[0.58, 0.46, 0.79]","[['B', 'A', 'D', 'C'], ['D', 'C', 'A', 'B'], ['D', 'A', 'B', 'C']]","{'A': 5, 'D': 4, 'B': 3, 'C': 3}","[0.67, 0.58, 1.0]",4.0
95,"[1, 2, 3]","[3, 3, 4]","[0.58, 0.46, 0.79]","[['B', 'A', 'D', 'C'], ['D', 'C', 'A', 'B'], ['D', 'B', 'A', 'C']]","{'A': 5, 'D': 4, 'B': 3, 'C': 3}","[0.67, 0.58, 1.0]",4.0
95,"[1, 2, 3]","[3, 3, 4]","[0.58, 0.46, 0.79]","[['B', 'D', 'A', 'C'], ['A', 'B', 'D', 'C'], ['A', 'C', 'D', 'B']]","{'A': 5, 'D': 4, 'B': 3, 'C': 3}","[0.67, 0.58, 1.0]",4.0
95,"[1, 2, 3]","[3, 3, 4]","[0.58, 0.46, 0.79]","[['B', 'D', 'A', 'C'], ['A', 'B', 'D', 'C'], ['A', 'D', 'C', 'B']]","{'A': 5, 'D': 4, 'B': 3, 'C': 3}","[0.67, 0.58, 1.0]",4.0
95,"[1, 2, 3]","[3, 3, 4]","[0.58, 0.46, 0.79]","[['B', 'D', 'A', 'C'], ['A', 'B', 'D', 'C'], ['C', 'A', 'D', 'B']]","{'A': 5, 'D': 4, 'B': 3, 'C': 3}","[0.67, 0.58, 1.0]",4.0
95,"[1, 2, 3]","[3, 3, 4]","[0.58, 0.46, 0.79]","[['B', 'D', 'A', 'C'], ['A', 'B', 'D', 'C'], ['C', 'D', 'A', 'B']]","{'A': 5, 'D': 4, 'B': 3, 'C': 3}","[0.67, 0.58, 1.0]",4.0
95,"[1, 2, 3]","[3, 3, 4]","[0.58, 0.46, 0.79]","[['B', 'D', 'A', 'C'], ['A', 'B', 'D', 'C'], ['D', 'A', 'C', 'B']]","{'A': 5, 'D': 4, 'B': 3, 'C': 3}","[0.67, 0.58, 1.0]",4.0
95,"[1, 2, 3]","[3, 3, 4]","[0.58, 0.46, 0.79]","[['B', 'D', 'A', 'C'], ['A', 'B', 'D', 'C'], ['D', 'C', 'A', 'B']]","{'A': 5, 'D': 4, 'B': 3, 'C': 3}","[0.67, 0.58, 1.0]",4.0
95,"[1, 2, 3]","[3, 3, 4]","[0.58, 0.46, 0.79]","[['B', 'D', 'A', 'C'], ['A', 'C', 'D', 'B'], ['A', 'B', 'D', 'C']]","{'A': 5, 'D': 4, 'B': 3, 'C': 3}","[0.67, 0.58, 1.0]",4.0
95,"[1, 2, 3]","[3, 3, 4]","[0.58, 0.46, 0.79]","[['B', 'D', 'A', 'C'], ['A', 'C', 'D', 'B'], ['A', 'D', 'B', 'C']]","{'A': 5, 'D': 4, 'B': 3, 'C': 3}","[0.67, 0.58, 1.0]",4.0
95,"[1, 2, 3]","[3, 3, 4]","[0.58, 0.46, 0.79]","[['B', 'D', 'A', 'C'], ['A', 'C', 'D', 'B'], ['B', 'A', 'D', 'C']]","{'A': 5, 'D': 4, 'B': 3, 'C': 3}","[0.67, 0.58, 1.0]",4.0
95,"[1, 2, 3]","[3, 3, 4]","[0.58, 0.46, 0.79]","[['B', 'D', 'A', 'C'], ['A', 'C', 'D', 'B'], ['B', 'D', 'A', 'C']]","{'A': 5, 'D': 4, 'B': 3, 'C': 3}","[0.67, 0.58, 1.0]",4.0
95,"[1, 2, 3]","[3, 3, 4]","[0.58, 0.46, 0.79]","[['B', 'D', 'A', 'C'], ['A', 'C', 'D', 'B'], ['D', 'A', 'B', 'C']]","{'A': 5, 'D': 4, 'B': 3, 'C': 3}","[0.67, 0.58, 1.0]",4.0
95,"[1, 2, 3]","[3, 3, 4]","[0.58, 0.46, 0.79]","[['B', 'D', 'A', 'C'], ['A', 'C', 'D', 'B'], ['D', 'B', 'A', 'C']]","{'A': 5, 'D': 4, 'B': 3, 'C': 3}","[0.67, 0.58, 1.0]",4.0
95,"[1, 2, 3]","[3, 3, 4]","[0.58, 0.46, 0.79]","[['B', 'D', 'A', 'C'], ['A', 'D', 'B', 'C'], ['A', 'C', 'D', 'B']]","{'A': 5, 'D': 4, 'B': 3, 'C': 3}","[0.67, 0.58, 1.0]",4.0
95,"[1, 2, 3]","[3, 3, 4]","[0.58, 0.46, 0.79]","[['B', 'D', 'A', 'C'], ['A', 'D', 'B', 'C'], ['A', 'D', 'C', 'B']]","{'A': 5, 'D': 4, 'B': 3, 'C': 3}","[0.67, 0.58, 1.0]",4.0
95,"[1, 2, 3]","[3, 3, 4]","[0.58, 0.46, 0.79]","[['B', 'D', 'A', 'C'], ['A', 'D', 'B', 'C'], ['C', 'A', 'D', 'B']]","{'A': 5, 'D': 4, 'B': 3, 'C': 3}","[0.67, 0.58, 1.0]",4.0
95,"[1, 2, 3]","[3, 3, 4]","[0.58, 0.46, 0.79]","[['B', 'D', 'A', 'C'], ['A', 'D', 'B', 'C'], ['C', 'D', 'A', 'B']]","{'A': 5, 'D': 4, 'B': 3, 'C': 3}","[0.67, 0.58, 1.0]",4.0
95,"[1, 2, 3]","[3, 3, 4]","[0.58, 0.46, 0.79]","[['B', 'D', 'A', 'C'], ['A', 'D', 'B', 'C'], ['D', 'A', 'C', 'B']]","{'A': 5, 'D': 4, 'B': 3, 'C': 3}","[0.67, 0.58, 1.0]",4.0
95,"[1, 2, 3]","[3, 3, 4]","[0.58, 0.46, 0.79]","[['B', 'D', 'A', 'C'], ['A', 'D', 'B', 'C'], ['D', 'C', 'A', 'B']]","{'A': 5, 'D': 4, 'B': 3, 'C': 3}","[0.67, 0.58, 1.0]",4.0
95,"[1, 2, 3]","[3, 3, 4]","[0.58, 0.46, 0.79]","[['B', 'D', 'A', 'C'], ['A', 'D', 'C', 'B'], ['A', 'B', 'D', 'C']]","{'A': 5, 'D': 4, 'B': 3, 'C': 3}","[0.67, 0.58, 1.0]",4.0
95,"[1, 2, 3]","[3, 3, 4]","[0.58, 0.46, 0.79]","[['B', 'D', 'A', 'C'], ['A', 'D', 'C', 'B'], ['A', 'D', 'B', 'C']]","{'A': 5, 'D': 4, 'B': 3, 'C': 3}","[0.67, 0.58, 1.0]",4.0
95,"[1, 2, 3]","[3, 3, 4]","[0.58, 0.46, 0.79]","[['B', 'D', 'A', 'C'], ['A', 'D', 'C', 'B'], ['B', 'A', 'D', 'C']]","{'A': 5, 'D': 4, 'B': 3, 'C': 3}","[0.67, 0.58, 1.0]",4.0
95,"[1, 2, 3]","[3, 3, 4]","[0.58, 0.46, 0.79]","[['B', 'D', 'A', 'C'], ['A', 'D', 'C', 'B'], ['B', 'D', 'A', 'C']]","{'A': 5, 'D': 4, 'B': 3, 'C': 3}","[0.67, 0.58, 1.0]",4.0
95,"[1, 2, 3]","[3, 3, 4]","[0.58, 0.46, 0.79]","[['B', 'D', 'A', 'C'], ['A', 'D', 'C', 'B'], ['D', 'A', 'B', 'C']]","{'A': 5, 'D': 4, 'B': 3, 'C': 3}","[0.67, 0.58, 1.0]",4.0
95,"[1, 2, 3]","[3, 3, 4]","[0.58, 0.46, 0.79]","[['B', 'D', 'A', 'C'], ['A', 'D', 'C', 'B'], ['D', 'B', 'A', 'C']]","{'A': 5, 'D': 4, 'B': 3, 'C': 3}","[0.67, 0.58, 1.0]",4.0
95,"[1, 2, 3]","[3, 3, 4]","[0.58, 0.46, 0.79]","[['B', 'D', 'A', 'C'], ['B', 'A', 'D', 'C'], ['A', 'C', 'D', 'B']]","{'A': 5, 'D': 4, 'B': 3, 'C': 3}","[0.67, 0.58, 1.0]",4.0
95,"[1, 2, 3]","[3, 3, 4]","[0.58, 0.46, 0.79]","[['B', 'D', 'A', 'C'], ['B', 'A', 'D', 'C'], ['A', 'D', 'C', 'B']]","{'A': 5, 'D': 4, 'B': 3, 'C': 3}","[0.67, 0.58, 1.0]",4.0
95,"[1, 2, 3]","[3, 3, 4]","[0.58, 0.46, 0.79]","[['B', 'D', 'A', 'C'], ['B', 'A', 'D', 'C'], ['C', 'A', 'D', 'B']]","{'A': 5, 'D': 4, 'B': 3, 'C': 3}","[0.67, 0.58, 1.0]",4.0
95,"[1, 2, 3]","[3, 3, 4]","[0.58, 0.46, 0.79]","[['B', 'D', 'A', 'C'], ['B', 'A', 'D', 'C'], ['C', 'D', 'A', 'B']]","{'A': 5, 'D': 4, 'B': 3, 'C': 3}","[0.67, 0.58, 1.0]",4.0
95,"[1, 2, 3]","[3, 3, 4]","[0.58, 0.46, 0.79]","[['B', 'D', 'A', 'C'], ['B', 'A', 'D', 'C'], ['D', 'A', 'C', 'B']]","{'A': 5, 'D': 4, 'B': 3, 'C': 3}","[0.67, 0.58, 1.0]",4.0
95,"[1, 2, 3]","[3, 3, 4]","[0.58, 0.46, 0.79]","[['B', 'D', 'A', 'C'], ['B', 'A', 'D', 'C'], ['D', 'C', 'A', 'B']]","{'A': 5, 'D': 4, 'B': 3, 'C': 3}","[0.67, 0.58, 1.0]",4.0
95,"[1, 2, 3]","[3, 3, 4]","[0.58, 0.46, 0.79]","[['B', 'D', 'A', 'C'], ['B', 'D', 'A', 'C'], ['A', 'C', 'D', 'B']]","{'A': 5, 'D': 4, 'B': 3, 'C': 3}","[0.67, 0.58, 1.0]",4.0
95,"[1, 2, 3]","[3, 3, 4]","[0.58, 0.46, 0.79]","[['B', 'D', 'A', 'C'], ['B', 'D', 'A', 'C'], ['A', 'D', 'C', 'B']]","{'A': 5, 'D': 4, 'B': 3, 'C': 3}","[0.67, 0.58, 1.0]",4.0
95,"[1, 2, 3]","[3, 3, 4]","[0.58, 0.46, 0.79]","[['B', 'D', 'A', 'C'], ['B', 'D', 'A', 'C'], ['C', 'A', 'D', 'B']]","{'A': 5, 'D': 4, 'B': 3, 'C': 3}","[0.67, 0.58, 1.0]",4.0
95,"[1, 2, 3]","[3, 3, 4]","[0.58, 0.46, 0.79]","[['B', 'D', 'A', 'C'], ['B', 'D', 'A', 'C'], ['C', 'D', 'A', 'B']]","{'A': 5, 'D': 4, 'B': 3, 'C': 3}","[0.67, 0.58, 1.0]",4.0
95,"[1, 2, 3]","[3, 3, 4]","[0.58, 0.46, 0.79]","[['B', 'D', 'A', 'C'], ['B', 'D', 'A', 'C'], ['D', 'A', 'C', 'B']]","{'A': 5, 'D': 4, 'B': 3, 'C': 3}","[0.67, 0.58, 1.0]",4.0
95,"[1, 2, 3]","[3, 3, 4]","[0.58, 0.46, 0.79]","[['B', 'D', 'A', 'C'], ['B', 'D', 'A', 'C'], ['D', 'C', 'A', 'B']]","{'A': 5, 'D': 4, 'B': 3, 'C': 3}","[0.67, 0.58, 1.0]",4.0
95,"[1, 2, 3]","[3, 3, 4]","[0.58, 0.46, 0.79]","[['B', 'D', 'A', 'C'], ['C', 'A', 'D', 'B'], ['A', 'B', 'D', 'C']]","{'A': 5, 'D': 4, 'B': 3, 'C': 3}","[0.67, 0.58, 1.0]",4.0
95,"[1, 2, 3]","[3, 3, 4]","[0.58, 0.46, 0.79]","[['B', 'D', 'A', 'C'], ['C', 'A', 'D', 'B'], ['A', 'D', 'B', 'C']]","{'A': 5, 'D': 4, 'B': 3, 'C': 3}","[0.67, 0.58, 1.0]",4.0
95,"[1, 2, 3]","[3, 3, 4]","[0.58, 0.46, 0.79]","[['B', 'D', 'A', 'C'], ['C', 'A', 'D', 'B'], ['B', 'A', 'D', 'C']]","{'A': 5, 'D': 4, 'B': 3, 'C': 3}","[0.67, 0.58, 1.0]",4.0
95,"[1, 2, 3]","[3, 3, 4]","[0.58, 0.46, 0.79]","[['B', 'D', 'A', 'C'], ['C', 'A', 'D', 'B'], ['B', 'D', 'A', 'C']]","{'A': 5, 'D': 4, 'B': 3, 'C': 3}","[0.67, 0.58, 1.0]",4.0
95,"[1, 2, 3]","[3, 3, 4]","[0.58, 0.46, 0.79]","[['B', 'D', 'A', 'C'], ['C', 'A', 'D', 'B'], ['D', 'A', 'B', 'C']]","{'A': 5, 'D': 4, 'B': 3, 'C': 3}","[0.67, 0.58, 1.0]",4.0
95,"[1, 2, 3]","[3, 3, 4]","[0.58, 0.46, 0.79]","[['B', 'D', 'A', 'C'], ['C', 'A', 'D', 'B'], ['D', 'B', 'A', 'C']]","{'A': 5, 'D': 4, 'B': 3, 'C': 3}","[0.67, 0.58, 1.0]",4.0
95,"[1, 2, 3]","[3, 3, 4]","[0.58, 0.46, 0.79]","[['B', 'D', 'A', 'C'], ['C', 'D', 'A', 'B'], ['A', 'B', 'D', 'C']]","{'A': 5, 'D': 4, 'B': 3, 'C': 3}","[0.67, 0.58, 1.0]",4.0
95,"[1, 2, 3]","[3, 3, 4]","[0.58, 0.46, 0.79]","[['B', 'D', 'A', 'C'], ['C', 'D', 'A', 'B'], ['A', 'D', 'B', 'C']]","{'A': 5, 'D': 4, 'B': 3, 'C': 3}","[0.67, 0.58, 1.0]",4.0
95,"[1, 2, 3]","[3, 3, 4]","[0.58, 0.46, 0.79]","[['B', 'D', 'A', 'C'], ['C', 'D', 'A', 'B'], ['B', 'A', 'D', 'C']]","{'A': 5, 'D': 4, 'B': 3, 'C': 3}","[0.67, 0.58, 1.0]",4.0
95,"[1, 2, 3]","[3, 3, 4]","[0.58, 0.46, 0.79]","[['B', 'D', 'A', 'C'], ['C', 'D', 'A', 'B'], ['B', 'D', 'A', 'C']]","{'A': 5, 'D': 4, 'B': 3, 'C': 3}","[0.67, 0.58, 1.0]",4.0
95,"[1, 2, 3]","[3, 3, 4]","[0.58, 0.46, 0.79]","[['B', 'D', 'A', 'C'], ['C', 'D', 'A', 'B'], ['D', 'A', 'B', 'C']]","{'A': 5, 'D': 4, 'B': 3, 'C': 3}","[0.67, 0.58, 1.0]",4.0
95,"[1, 2, 3]","[3, 3, 4]","[0.58, 0.46, 0.79]","[['B', 'D', 'A', 'C'], ['C', 'D', 'A', 'B'], ['D', 'B', 'A', 'C']]","{'A': 5, 'D': 4, 'B': 3, 'C': 3}","[0.67, 0.58, 1.0]",4.0
95,"[1, 2, 3]","[3, 3, 4]","[0.58, 0.46, 0.79]","[['B', 'D', 'A', 'C'], ['D', 'A', 'B', 'C'], ['A', 'C', 'D', 'B']]","{'A': 5, 'D': 4, 'B': 3, 'C': 3}","[0.67, 0.58, 1.0]",4.0
95,"[1, 2, 3]","[3, 3, 4]","[0.58, 0.46, 0.79]","[['B', 'D', 'A', 'C'], ['D', 'A', 'B', 'C'], ['A', 'D', 'C', 'B']]","{'A': 5, 'D': 4, 'B': 3, 'C': 3}","[0.67, 0.58, 1.0]",4.0
95,"[1, 2, 3]","[3, 3, 4]","[0.58, 0.46, 0.79]","[['B', 'D', 'A', 'C'], ['D', 'A', 'B', 'C'], ['C', 'A', 'D', 'B']]","{'A': 5, 'D': 4, 'B': 3, 'C': 3}","[0.67, 0.58, 1.0]",4.0
95,"[1, 2, 3]","[3, 3, 4]","[0.58, 0.46, 0.79]","[['B', 'D', 'A', 'C'], ['D', 'A', 'B', 'C'], ['C', 'D', 'A', 'B']]","{'A': 5, 'D': 4, 'B': 3, 'C': 3}","[0.67, 0.58, 1.0]",4.0
95,"[1, 2, 3]","[3, 3, 4]","[0.58, 0.46, 0.79]","[['B', 'D', 'A', 'C'], ['D', 'A', 'B', 'C'], ['D', 'A', 'C', 'B']]","{'A': 5, 'D': 4, 'B': 3, 'C': 3}","[0.67, 0.58, 1.0]",4.0
95,"[1, 2, 3]","[3, 3, 4]","[0.58, 0.46, 0.79]","[['B', 'D', 'A', 'C'], ['D', 'A', 'B', 'C'], ['D', 'C', 'A', 'B']]","{'A': 5, 'D': 4, 'B': 3, 'C': 3}","[0.67, 0.58, 1.0]",4.0
95,"[1, 2, 3]","[3, 3, 4]","[0.58, 0.46, 0.79]","[['B', 'D', 'A', 'C'], ['D', 'A', 'C', 'B'], ['A', 'B', 'D', 'C']]","{'A': 5, 'D': 4, 'B': 3, 'C': 3}","[0.67, 0.58, 1.0]",4.0
95,"[1, 2, 3]","[3, 3, 4]","[0.58, 0.46, 0.79]","[['B', 'D', 'A', 'C'], ['D', 'A', 'C', 'B'], ['A', 'D', 'B', 'C']]","{'A': 5, 'D': 4, 'B': 3, 'C': 3}","[0.67, 0.58, 1.0]",4.0
95,"[1, 2, 3]","[3, 3, 4]","[0.58, 0.46, 0.79]","[['B', 'D', 'A', 'C'], ['D', 'A', 'C', 'B'], ['B', 'A', 'D', 'C']]","{'A': 5, 'D': 4, 'B': 3, 'C': 3}","[0.67, 0.58, 1.0]",4.0
95,"[1, 2, 3]","[3, 3, 4]","[0.58, 0.46, 0.79]","[['B', 'D', 'A', 'C'], ['D', 'A', 'C', 'B'], ['B', 'D', 'A', 'C']]","{'A': 5, 'D': 4, 'B': 3, 'C': 3}","[0.67, 0.58, 1.0]",4.0
95,"[1, 2, 3]","[3, 3, 4]","[0.58, 0.46, 0.79]","[['B', 'D', 'A', 'C'], ['D', 'A', 'C', 'B'], ['D', 'A', 'B', 'C']]","{'A': 5, 'D': 4, 'B': 3, 'C': 3}","[0.67, 0.58, 1.0]",4.0
95,"[1, 2, 3]","[3, 3, 4]","[0.58, 0.46, 0.79]","[['B', 'D', 'A', 'C'], ['D', 'A', 'C', 'B'], ['D', 'B', 'A', 'C']]","{'A': 5, 'D': 4, 'B': 3, 'C': 3}","[0.67, 0.58, 1.0]",4.0
95,"[1, 2, 3]","[3, 3, 4]","[0.58, 0.46, 0.79]","[['B', 'D', 'A', 'C'], ['D', 'B', 'A', 'C'], ['A', 'C', 'D', 'B']]","{'A': 5, 'D': 4, 'B': 3, 'C': 3}","[0.67, 0.58, 1.0]",4.0
95,"[1, 2, 3]","[3, 3, 4]","[0.58, 0.46, 0.79]","[['B', 'D', 'A', 'C'], ['D', 'B', 'A', 'C'], ['A', 'D', 'C', 'B']]","{'A': 5, 'D': 4, 'B': 3, 'C': 3}","[0.67, 0.58, 1.0]",4.0
95,"[1, 2, 3]","[3, 3, 4]","[0.58, 0.46, 0.79]","[['B', 'D', 'A', 'C'], ['D', 'B', 'A', 'C'], ['C', 'A', 'D', 'B']]","{'A': 5, 'D': 4, 'B': 3, 'C': 3}","[0.67, 0.58, 1.0]",4.0
95,"[1, 2, 3]","[3, 3, 4]","[0.58, 0.46, 0.79]","[['B', 'D', 'A', 'C'], ['D', 'B', 'A', 'C'], ['C', 'D', 'A', 'B']]","{'A': 5, 'D': 4, 'B': 3, 'C': 3}","[0.67, 0.58, 1.0]",4.0
95,"[1, 2, 3]","[3, 3, 4]","[0.58, 0.46, 0.79]","[['B', 'D', 'A', 'C'], ['D', 'B', 'A', 'C'], ['D', 'A', 'C', 'B']]","{'A': 5, 'D': 4, 'B': 3, 'C': 3}","[0.67, 0.58, 1.0]",4.0
95,"[1, 2, 3]","[3, 3, 4]","[0.58, 0.46, 0.79]","[['B', 'D', 'A', 'C'], ['D', 'B', 'A', 'C'], ['D', 'C', 'A', 'B']]","{'A': 5, 'D': 4, 'B': 3, 'C': 3}","[0.67, 0.58, 1.0]",4.0
95,"[1, 2, 3]","[3, 3, 4]","[0.58, 0.46, 0.79]","[['B', 'D', 'A', 'C'], ['D', 'C', 'A', 'B'], ['A', 'B', 'D', 'C']]","{'A': 5, 'D': 4, 'B': 3, 'C': 3}","[0.67, 0.58, 1.0]",4.0
95,"[1, 2, 3]","[3, 3, 4]","[0.58, 0.46, 0.79]","[['B', 'D', 'A', 'C'], ['D', 'C', 'A', 'B'], ['A', 'D', 'B', 'C']]","{'A': 5, 'D': 4, 'B': 3, 'C': 3}","[0.67, 0.58, 1.0]",4.0
95,"[1, 2, 3]","[3, 3, 4]","[0.58, 0.46, 0.79]","[['B', 'D', 'A', 'C'], ['D', 'C', 'A', 'B'], ['B', 'A', 'D', 'C']]","{'A': 5, 'D': 4, 'B': 3, 'C': 3}","[0.67, 0.58, 1.0]",4.0
95,"[1, 2, 3]","[3, 3, 4]","[0.58, 0.46, 0.79]","[['B', 'D', 'A', 'C'], ['D', 'C', 'A', 'B'], ['B', 'D', 'A', 'C']]","{'A': 5, 'D': 4, 'B': 3, 'C': 3}","[0.67, 0.58, 1.0]",4.0
95,"[1, 2, 3]","[3, 3, 4]","[0.58, 0.46, 0.79]","[['B', 'D', 'A', 'C'], ['D', 'C', 'A', 'B'], ['D', 'A', 'B', 'C']]","{'A': 5, 'D': 4, 'B': 3, 'C': 3}","[0.67, 0.58, 1.0]",4.0
95,"[1, 2, 3]","[3, 3, 4]","[0.58, 0.46, 0.79]","[['B', 'D', 'A', 'C'], ['D', 'C', 'A', 'B'], ['D', 'B', 'A', 'C']]","{'A': 5, 'D': 4, 'B': 3, 'C': 3}","[0.67, 0.58, 1.0]",4.0
95,"[1, 2, 3]","[3, 3, 4]","[0.58, 0.46, 0.79]","[['C', 'A', 'D', 'B'], ['A', 'B', 'D', 'C'], ['A', 'B', 'D', 'C']]","{'A': 5, 'D': 4, 'B': 3, 'C': 3}","[0.67, 0.58, 1.0]",4.0
95,"[1, 2, 3]","[3, 3, 4]","[0.58, 0.46, 0.79]","[['C', 'A', 'D', 'B'], ['A', 'B', 'D', 'C'], ['A', 'D', 'B', 'C']]","{'A': 5, 'D': 4, 'B': 3, 'C': 3}","[0.67, 0.58, 1.0]",4.0
95,"[1, 2, 3]","[3, 3, 4]","[0.58, 0.46, 0.79]","[['C', 'A', 'D', 'B'], ['A', 'B', 'D', 'C'], ['B', 'A', 'D', 'C']]","{'A': 5, 'D': 4, 'B': 3, 'C': 3}","[0.67, 0.58, 1.0]",4.0
95,"[1, 2, 3]","[3, 3, 4]","[0.58, 0.46, 0.79]","[['C', 'A', 'D', 'B'], ['A', 'B', 'D', 'C'], ['B', 'D', 'A', 'C']]","{'A': 5, 'D': 4, 'B': 3, 'C': 3}","[0.67, 0.58, 1.0]",4.0
95,"[1, 2, 3]","[3, 3, 4]","[0.58, 0.46, 0.79]","[['C', 'A', 'D', 'B'], ['A', 'B', 'D', 'C'], ['D', 'A', 'B', 'C']]","{'A': 5, 'D': 4, 'B': 3, 'C': 3}","[0.67, 0.58, 1.0]",4.0
95,"[1, 2, 3]","[3, 3, 4]","[0.58, 0.46, 0.79]","[['C', 'A', 'D', 'B'], ['A', 'B', 'D', 'C'], ['D', 'B', 'A', 'C']]","{'A': 5, 'D': 4, 'B': 3, 'C': 3}","[0.67, 0.58, 1.0]",4.0
95,"[1, 2, 3]","[3, 3, 4]","[0.58, 0.46, 0.79]","[['C', 'A', 'D', 'B'], ['A', 'D', 'B', 'C'], ['A', 'B', 'D', 'C']]","{'A': 5, 'D': 4, 'B': 3, 'C': 3}","[0.67, 0.58, 1.0]",4.0
95,"[1, 2, 3]","[3, 3, 4]","[0.58, 0.46, 0.79]","[['C', 'A', 'D', 'B'], ['A', 'D', 'B', 'C'], ['A', 'D', 'B', 'C']]","{'A': 5, 'D': 4, 'B': 3, 'C': 3}","[0.67, 0.58, 1.0]",4.0
95,"[1, 2, 3]","[3, 3, 4]","[0.58, 0.46, 0.79]","[['C', 'A', 'D', 'B'], ['A', 'D', 'B', 'C'], ['B', 'A', 'D', 'C']]","{'A': 5, 'D': 4, 'B': 3, 'C': 3}","[0.67, 0.58, 1.0]",4.0
95,"[1, 2, 3]","[3, 3, 4]","[0.58, 0.46, 0.79]","[['C', 'A', 'D', 'B'], ['A', 'D', 'B', 'C'], ['B', 'D', 'A', 'C']]","{'A': 5, 'D': 4, 'B': 3, 'C': 3}","[0.67, 0.58, 1.0]",4.0
95,"[1, 2, 3]","[3, 3, 4]","[0.58, 0.46, 0.79]","[['C', 'A', 'D', 'B'], ['A', 'D', 'B', 'C'], ['D', 'A', 'B', 'C']]","{'A': 5, 'D': 4, 'B': 3, 'C': 3}","[0.67, 0.58, 1.0]",4.0
95,"[1, 2, 3]","[3, 3, 4]","[0.58, 0.46, 0.79]","[['C', 'A', 'D', 'B'], ['A', 'D', 'B', 'C'], ['D', 'B', 'A', 'C']]","{'A': 5, 'D': 4, 'B': 3, 'C': 3}","[0.67, 0.58, 1.0]",4.0
95,"[1, 2, 3]","[3, 3, 4]","[0.58, 0.46, 0.79]","[['C', 'A', 'D', 'B'], ['B', 'A', 'D', 'C'], ['A', 'B', 'D', 'C']]","{'A': 5, 'D': 4, 'B': 3, 'C': 3}","[0.67, 0.58, 1.0]",4.0
95,"[1, 2, 3]","[3, 3, 4]","[0.58, 0.46, 0.79]","[['C', 'A', 'D', 'B'], ['B', 'A', 'D', 'C'], ['A', 'D', 'B', 'C']]","{'A': 5, 'D': 4, 'B': 3, 'C': 3}","[0.67, 0.58, 1.0]",4.0
95,"[1, 2, 3]","[3, 3, 4]","[0.58, 0.46, 0.79]","[['C', 'A', 'D', 'B'], ['B', 'A', 'D', 'C'], ['B', 'A', 'D', 'C']]","{'A': 5, 'D': 4, 'B': 3, 'C': 3}","[0.67, 0.58, 1.0]",4.0
95,"[1, 2, 3]","[3, 3, 4]","[0.58, 0.46, 0.79]","[['C', 'A', 'D', 'B'], ['B', 'A', 'D', 'C'], ['B', 'D', 'A', 'C']]","{'A': 5, 'D': 4, 'B': 3, 'C': 3}","[0.67, 0.58, 1.0]",4.0
95,"[1, 2, 3]","[3, 3, 4]","[0.58, 0.46, 0.79]","[['C', 'A', 'D', 'B'], ['B', 'A', 'D', 'C'], ['D', 'A', 'B', 'C']]","{'A': 5, 'D': 4, 'B': 3, 'C': 3}","[0.67, 0.58, 1.0]",4.0
95,"[1, 2, 3]","[3, 3, 4]","[0.58, 0.46, 0.79]","[['C', 'A', 'D', 'B'], ['B', 'A', 'D', 'C'], ['D', 'B', 'A', 'C']]","{'A': 5, 'D': 4, 'B': 3, 'C': 3}","[0.67, 0.58, 1.0]",4.0
95,"[1, 2, 3]","[3, 3, 4]","[0.58, 0.46, 0.79]","[['C', 'A', 'D', 'B'], ['B', 'D', 'A', 'C'], ['A', 'B', 'D', 'C']]","{'A': 5, 'D': 4, 'B': 3, 'C': 3}","[0.67, 0.58, 1.0]",4.0
95,"[1, 2, 3]","[3, 3, 4]","[0.58, 0.46, 0.79]","[['C', 'A', 'D', 'B'], ['B', 'D', 'A', 'C'], ['A', 'D', 'B', 'C']]","{'A': 5, 'D': 4, 'B': 3, 'C': 3}","[0.67, 0.58, 1.0]",4.0
95,"[1, 2, 3]","[3, 3, 4]","[0.58, 0.46, 0.79]","[['C', 'A', 'D', 'B'], ['B', 'D', 'A', 'C'], ['B', 'A', 'D', 'C']]","{'A': 5, 'D': 4, 'B': 3, 'C': 3}","[0.67, 0.58, 1.0]",4.0
95,"[1, 2, 3]","[3, 3, 4]","[0.58, 0.46, 0.79]","[['C', 'A', 'D', 'B'], ['B', 'D', 'A', 'C'], ['B', 'D', 'A', 'C']]","{'A': 5, 'D': 4, 'B': 3, 'C': 3}","[0.67, 0.58, 1.0]",4.0
95,"[1, 2, 3]","[3, 3, 4]","[0.58, 0.46, 0.79]","[['C', 'A', 'D', 'B'], ['B', 'D', 'A', 'C'], ['D', 'A', 'B', 'C']]","{'A': 5, 'D': 4, 'B': 3, 'C': 3}","[0.67, 0.58, 1.0]",4.0
95,"[1, 2, 3]","[3, 3, 4]","[0.58, 0.46, 0.79]","[['C', 'A', 'D', 'B'], ['B', 'D', 'A', 'C'], ['D', 'B', 'A', 'C']]","{'A': 5, 'D': 4, 'B': 3, 'C': 3}","[0.67, 0.58, 1.0]",4.0
95,"[1, 2, 3]","[3, 3, 4]","[0.58, 0.46, 0.79]","[['C', 'A', 'D', 'B'], ['D', 'A', 'B', 'C'], ['A', 'B', 'D', 'C']]","{'A': 5, 'D': 4, 'B': 3, 'C': 3}","[0.67, 0.58, 1.0]",4.0
95,"[1, 2, 3]","[3, 3, 4]","[0.58, 0.46, 0.79]","[['C', 'A', 'D', 'B'], ['D', 'A', 'B', 'C'], ['A', 'D', 'B', 'C']]","{'A': 5, 'D': 4, 'B': 3, 'C': 3}","[0.67, 0.58, 1.0]",4.0
95,"[1, 2, 3]","[3, 3, 4]","[0.58, 0.46, 0.79]","[['C', 'A', 'D', 'B'], ['D', 'A', 'B', 'C'], ['B', 'A', 'D', 'C']]","{'A': 5, 'D': 4, 'B': 3, 'C': 3}","[0.67, 0.58, 1.0]",4.0
95,"[1, 2, 3]","[3, 3, 4]","[0.58, 0.46, 0.79]","[['C', 'A', 'D', 'B'], ['D', 'A', 'B', 'C'], ['B', 'D', 'A', 'C']]","{'A': 5, 'D': 4, 'B': 3, 'C': 3}","[0.67, 0.58, 1.0]",4.0
95,"[1, 2, 3]","[3, 3, 4]","[0.58, 0.46, 0.79]","[['C', 'A', 'D', 'B'], ['D', 'A', 'B', 'C'], ['D', 'A', 'B', 'C']]","{'A': 5, 'D': 4, 'B': 3, 'C': 3}","[0.67, 0.58, 1.0]",4.0
95,"[1, 2, 3]","[3, 3, 4]","[0.58, 0.46, 0.79]","[['C', 'A', 'D', 'B'], ['D', 'A', 'B', 'C'], ['D', 'B', 'A', 'C']]","{'A': 5, 'D': 4, 'B': 3, 'C': 3}","[0.67, 0.58, 1.0]",4.0
95,"[1, 2, 3]","[3, 3, 4]","[0.58, 0.46, 0.79]","[['C', 'A', 'D', 'B'], ['D', 'B', 'A', 'C'], ['A', 'B', 'D', 'C']]","{'A': 5, 'D': 4, 'B': 3, 'C': 3}","[0.67, 0.58, 1.0]",4.0
95,"[1, 2, 3]","[3, 3, 4]","[0.58, 0.46, 0.79]","[['C', 'A', 'D', 'B'], ['D', 'B', 'A', 'C'], ['A', 'D', 'B', 'C']]","{'A': 5, 'D': 4, 'B': 3, 'C': 3}","[0.67, 0.58, 1.0]",4.0
95,"[1, 2, 3]","[3, 3, 4]","[0.58, 0.46, 0.79]","[['C', 'A', 'D', 'B'], ['D', 'B', 'A', 'C'], ['B', 'A', 'D', 'C']]","{'A': 5, 'D': 4, 'B': 3, 'C': 3}","[0.67, 0.58, 1.0]",4.0
95,"[1, 2, 3]","[3, 3, 4]","[0.58, 0.46, 0.79]","[['C', 'A', 'D', 'B'], ['D', 'B', 'A', 'C'], ['B', 'D', 'A', 'C']]","{'A': 5, 'D': 4, 'B': 3, 'C': 3}","[0.67, 0.58, 1.0]",4.0
95,"[1, 2, 3]","[3, 3, 4]","[0.58, 0.46, 0.79]","[['C', 'A', 'D', 'B'], ['D', 'B', 'A', 'C'], ['D', 'A', 'B', 'C']]","{'A': 5, 'D': 4, 'B': 3, 'C': 3}","[0.67, 0.58, 1.0]",4.0
95,"[1, 2, 3]","[3, 3, 4]","[0.58, 0.46, 0.79]","[['C', 'A', 'D', 'B'], ['D', 'B', 'A', 'C'], ['D', 'B', 'A', 'C']]","{'A': 5, 'D': 4, 'B': 3, 'C': 3}","[0.67, 0.58, 1.0]",4.0
95,"[1, 2, 3]","[3, 3, 4]","[0.58, 0.46, 0.79]","[['C', 'D', 'A', 'B'], ['A', 'B', 'D', 'C'], ['A', 'B', 'D', 'C']]","{'A': 5, 'D': 4, 'B': 3, 'C': 3}","[0.67, 0.58, 1.0]",4.0
95,"[1, 2, 3]","[3, 3, 4]","[0.58, 0.46, 0.79]","[['C', 'D', 'A', 'B'], ['A', 'B', 'D', 'C'], ['A', 'D', 'B', 'C']]","{'A': 5, 'D': 4, 'B': 3, 'C': 3}","[0.67, 0.58, 1.0]",4.0
95,"[1, 2, 3]","[3, 3, 4]","[0.58, 0.46, 0.79]","[['C', 'D', 'A', 'B'], ['A', 'B', 'D', 'C'], ['B', 'A', 'D', 'C']]","{'A': 5, 'D': 4, 'B': 3, 'C': 3}","[0.67, 0.58, 1.0]",4.0
95,"[1, 2, 3]","[3, 3, 4]","[0.58, 0.46, 0.79]","[['C', 'D', 'A', 'B'], ['A', 'B', 'D', 'C'], ['B', 'D', 'A', 'C']]","{'A': 5, 'D': 4, 'B': 3, 'C': 3}","[0.67, 0.58, 1.0]",4.0
95,"[1, 2, 3]","[3, 3, 4]","[0.58, 0.46, 0.79]","[['C', 'D', 'A', 'B'], ['A', 'B', 'D', 'C'], ['D', 'A', 'B', 'C']]","{'A': 5, 'D': 4, 'B': 3, 'C': 3}","[0.67, 0.58, 1.0]",4.0
95,"[1, 2, 3]","[3, 3, 4]","[0.58, 0.46, 0.79]","[['C', 'D', 'A', 'B'], ['A', 'B', 'D', 'C'], ['D', 'B', 'A', 'C']]","{'A': 5, 'D': 4, 'B': 3, 'C': 3}","[0.67, 0.58, 1.0]",4.0
95,"[1, 2, 3]","[3, 3, 4]","[0.58, 0.46, 0.79]","[['C', 'D', 'A', 'B'], ['A', 'D', 'B', 'C'], ['A', 'B', 'D', 'C']]","{'A': 5, 'D': 4, 'B': 3, 'C': 3}","[0.67, 0.58, 1.0]",4.0
95,"[1, 2, 3]","[3, 3, 4]","[0.58, 0.46, 0.79]","[['C', 'D', 'A', 'B'], ['A', 'D', 'B', 'C'], ['A', 'D', 'B', 'C']]","{'A': 5, 'D': 4, 'B': 3, 'C': 3}","[0.67, 0.58, 1.0]",4.0
95,"[1, 2, 3]","[3, 3, 4]","[0.58, 0.46, 0.79]","[['C', 'D', 'A', 'B'], ['A', 'D', 'B', 'C'], ['B', 'A', 'D', 'C']]","{'A': 5, 'D': 4, 'B': 3, 'C': 3}","[0.67, 0.58, 1.0]",4.0
95,"[1, 2, 3]","[3, 3, 4]","[0.58, 0.46, 0.79]","[['C', 'D', 'A', 'B'], ['A', 'D', 'B', 'C'], ['B', 'D', 'A', 'C']]","{'A': 5, 'D': 4, 'B': 3, 'C': 3}","[0.67, 0.58, 1.0]",4.0
95,"[1, 2, 3]","[3, 3, 4]","[0.58, 0.46, 0.79]","[['C', 'D', 'A', 'B'], ['A', 'D', 'B', 'C'], ['D', 'A', 'B', 'C']]","{'A': 5, 'D': 4, 'B': 3, 'C': 3}","[0.67, 0.58, 1.0]",4.0
95,"[1, 2, 3]","[3, 3, 4]","[0.58, 0.46, 0.79]","[['C', 'D', 'A', 'B'], ['A', 'D', 'B', 'C'], ['D', 'B', 'A', 'C']]","{'A': 5, 'D': 4, 'B': 3, 'C': 3}","[0.67, 0.58, 1.0]",4.0
95,"[1, 2, 3]","[3, 3, 4]","[0.58, 0.46, 0.79]","[['C', 'D', 'A', 'B'], ['B', 'A', 'D', 'C'], ['A', 'B', 'D', 'C']]","{'A': 5, 'D': 4, 'B': 3, 'C': 3}","[0.67, 0.58, 1.0]",4.0
95,"[1, 2, 3]","[3, 3, 4]","[0.58, 0.46, 0.79]","[['C', 'D', 'A', 'B'], ['B', 'A', 'D', 'C'], ['A', 'D', 'B', 'C']]","{'A': 5, 'D': 4, 'B': 3, 'C': 3}","[0.67, 0.58, 1.0]",4.0
95,"[1, 2, 3]","[3, 3, 4]","[0.58, 0.46, 0.79]","[['C', 'D', 'A', 'B'], ['B', 'A', 'D', 'C'], ['B', 'A', 'D', 'C']]","{'A': 5, 'D': 4, 'B': 3, 'C': 3}","[0.67, 0.58, 1.0]",4.0
95,"[1, 2, 3]","[3, 3, 4]","[0.58, 0.46, 0.79]","[['C', 'D', 'A', 'B'], ['B', 'A', 'D', 'C'], ['B', 'D', 'A', 'C']]","{'A': 5, 'D': 4, 'B': 3, 'C': 3}","[0.67, 0.58, 1.0]",4.0
95,"[1, 2, 3]","[3, 3, 4]","[0.58, 0.46, 0.79]","[['C', 'D', 'A', 'B'], ['B', 'A', 'D', 'C'], ['D', 'A', 'B', 'C']]","{'A': 5, 'D': 4, 'B': 3, 'C': 3}","[0.67, 0.58, 1.0]",4.0
95,"[1, 2, 3]","[3, 3, 4]","[0.58, 0.46, 0.79]","[['C', 'D', 'A', 'B'], ['B', 'A', 'D', 'C'], ['D', 'B', 'A', 'C']]","{'A': 5, 'D': 4, 'B': 3, 'C': 3}","[0.67, 0.58, 1.0]",4.0
95,"[1, 2, 3]","[3, 3, 4]","[0.58, 0.46, 0.79]","[['C', 'D', 'A', 'B'], ['B', 'D', 'A', 'C'], ['A', 'B', 'D', 'C']]","{'A': 5, 'D': 4, 'B': 3, 'C': 3}","[0.67, 0.58, 1.0]",4.0
95,"[1, 2, 3]","[3, 3, 4]","[0.58, 0.46, 0.79]","[['C', 'D', 'A', 'B'], ['B', 'D', 'A', 'C'], ['A', 'D', 'B', 'C']]","{'A': 5, 'D': 4, 'B': 3, 'C': 3}","[0.67, 0.58, 1.0]",4.0
95,"[1, 2, 3]","[3, 3, 4]","[0.58, 0.46, 0.79]","[['C', 'D', 'A', 'B'], ['B', 'D', 'A', 'C'], ['B', 'A', 'D', 'C']]","{'A': 5, 'D': 4, 'B': 3, 'C': 3}","[0.67, 0.58, 1.0]",4.0
95,"[1, 2, 3]","[3, 3, 4]","[0.58, 0.46, 0.79]","[['C', 'D', 'A', 'B'], ['B', 'D', 'A', 'C'], ['B', 'D', 'A', 'C']]","{'A': 5, 'D': 4, 'B': 3, 'C': 3}","[0.67, 0.58, 1.0]",4.0
95,"[1, 2, 3]","[3, 3, 4]","[0.58, 0.46, 0.79]","[['C', 'D', 'A', 'B'], ['B', 'D', 'A', 'C'], ['D', 'A', 'B', 'C']]","{'A': 5, 'D': 4, 'B': 3, 'C': 3}","[0.67, 0.58, 1.0]",4.0
95,"[1, 2, 3]","[3, 3, 4]","[0.58, 0.46, 0.79]","[['C', 'D', 'A', 'B'], ['B', 'D', 'A', 'C'], ['D', 'B', 'A', 'C']]","{'A': 5, 'D': 4, 'B': 3, 'C': 3}","[0.67, 0.58, 1.0]",4.0
95,"[1, 2, 3]","[3, 3, 4]","[0.58, 0.46, 0.79]","[['C', 'D', 'A', 'B'], ['D', 'A', 'B', 'C'], ['A', 'B', 'D', 'C']]","{'A': 5, 'D': 4, 'B': 3, 'C': 3}","[0.67, 0.58, 1.0]",4.0
95,"[1, 2, 3]","[3, 3, 4]","[0.58, 0.46, 0.79]","[['C', 'D', 'A', 'B'], ['D', 'A', 'B', 'C'], ['A', 'D', 'B', 'C']]","{'A': 5, 'D': 4, 'B': 3, 'C': 3}","[0.67, 0.58, 1.0]",4.0
95,"[1, 2, 3]","[3, 3, 4]","[0.58, 0.46, 0.79]","[['C', 'D', 'A', 'B'], ['D', 'A', 'B', 'C'], ['B', 'A', 'D', 'C']]","{'A': 5, 'D': 4, 'B': 3, 'C': 3}","[0.67, 0.58, 1.0]",4.0
95,"[1, 2, 3]","[3, 3, 4]","[0.58, 0.46, 0.79]","[['C', 'D', 'A', 'B'], ['D', 'A', 'B', 'C'], ['B', 'D', 'A', 'C']]","{'A': 5, 'D': 4, 'B': 3, 'C': 3}","[0.67, 0.58, 1.0]",4.0
95,"[1, 2, 3]","[3, 3, 4]","[0.58, 0.46, 0.79]","[['C', 'D', 'A', 'B'], ['D', 'A', 'B', 'C'], ['D', 'A', 'B', 'C']]","{'A': 5, 'D': 4, 'B': 3, 'C': 3}","[0.67, 0.58, 1.0]",4.0
95,"[1, 2, 3]","[3, 3, 4]","[0.58, 0.46, 0.79]","[['C', 'D', 'A', 'B'], ['D', 'A', 'B', 'C'], ['D', 'B', 'A', 'C']]","{'A': 5, 'D': 4, 'B': 3, 'C': 3}","[0.67, 0.58, 1.0]",4.0
95,"[1, 2, 3]","[3, 3, 4]","[0.58, 0.46, 0.79]","[['C', 'D', 'A', 'B'], ['D', 'B', 'A', 'C'], ['A', 'B', 'D', 'C']]","{'A': 5, 'D': 4, 'B': 3, 'C': 3}","[0.67, 0.58, 1.0]",4.0
95,"[1, 2, 3]","[3, 3, 4]","[0.58, 0.46, 0.79]","[['C', 'D', 'A', 'B'], ['D', 'B', 'A', 'C'], ['A', 'D', 'B', 'C']]","{'A': 5, 'D': 4, 'B': 3, 'C': 3}","[0.67, 0.58, 1.0]",4.0
95,"[1, 2, 3]","[3, 3, 4]","[0.58, 0.46, 0.79]","[['C', 'D', 'A', 'B'], ['D', 'B', 'A', 'C'], ['B', 'A', 'D', 'C']]","{'A': 5, 'D': 4, 'B': 3, 'C': 3}","[0.67, 0.58, 1.0]",4.0
95,"[1, 2, 3]","[3, 3, 4]","[0.58, 0.46, 0.79]","[['C', 'D', 'A', 'B'], ['D', 'B', 'A', 'C'], ['B', 'D', 'A', 'C']]","{'A': 5, 'D': 4, 'B': 3, 'C': 3}","[0.67, 0.58, 1.0]",4.0
95,"[1, 2, 3]","[3, 3, 4]","[0.58, 0.46, 0.79]","[['C', 'D', 'A', 'B'], ['D', 'B', 'A', 'C'], ['D', 'A', 'B', 'C']]","{'A': 5, 'D': 4, 'B': 3, 'C': 3}","[0.67, 0.58, 1.0]",4.0
95,"[1, 2, 3]","[3, 3, 4]","[0.58, 0.46, 0.79]","[['C', 'D', 'A', 'B'], ['D', 'B', 'A', 'C'], ['D', 'B', 'A', 'C']]","{'A': 5, 'D': 4, 'B': 3, 'C': 3}","[0.67, 0.58, 1.0]",4.0
95,"[1, 2, 3]","[3, 3, 4]","[0.58, 0.46, 0.79]","[['D', 'A', 'B', 'C'], ['A', 'B', 'D', 'C'], ['A', 'C', 'D', 'B']]","{'A': 5, 'D': 4, 'B': 3, 'C': 3}","[0.67, 0.58, 1.0]",4.0
95,"[1, 2, 3]","[3, 3, 4]","[0.58, 0.46, 0.79]","[['D', 'A', 'B', 'C'], ['A', 'B', 'D', 'C'], ['A', 'D', 'C', 'B']]","{'A': 5, 'D': 4, 'B': 3, 'C': 3}","[0.67, 0.58, 1.0]",4.0
95,"[1, 2, 3]","[3, 3, 4]","[0.58, 0.46, 0.79]","[['D', 'A', 'B', 'C'], ['A', 'B', 'D', 'C'], ['C', 'A', 'D', 'B']]","{'A': 5, 'D': 4, 'B': 3, 'C': 3}","[0.67, 0.58, 1.0]",4.0
95,"[1, 2, 3]","[3, 3, 4]","[0.58, 0.46, 0.79]","[['D', 'A', 'B', 'C'], ['A', 'B', 'D', 'C'], ['C', 'D', 'A', 'B']]","{'A': 5, 'D': 4, 'B': 3, 'C': 3}","[0.67, 0.58, 1.0]",4.0
95,"[1, 2, 3]","[3, 3, 4]","[0.58, 0.46, 0.79]","[['D', 'A', 'B', 'C'], ['A', 'B', 'D', 'C'], ['D', 'A', 'C', 'B']]","{'A': 5, 'D': 4, 'B': 3, 'C': 3}","[0.67, 0.58, 1.0]",4.0
95,"[1, 2, 3]","[3, 3, 4]","[0.58, 0.46, 0.79]","[['D', 'A', 'B', 'C'], ['A', 'B', 'D', 'C'], ['D', 'C', 'A', 'B']]","{'A': 5, 'D': 4, 'B': 3, 'C': 3}","[0.67, 0.58, 1.0]",4.0
95,"[1, 2, 3]","[3, 3, 4]","[0.58, 0.46, 0.79]","[['D', 'A', 'B', 'C'], ['A', 'C', 'D', 'B'], ['A', 'B', 'D', 'C']]","{'A': 5, 'D': 4, 'B': 3, 'C': 3}","[0.67, 0.58, 1.0]",4.0
95,"[1, 2, 3]","[3, 3, 4]","[0.58, 0.46, 0.79]","[['D', 'A', 'B', 'C'], ['A', 'C', 'D', 'B'], ['A', 'D', 'B', 'C']]","{'A': 5, 'D': 4, 'B': 3, 'C': 3}","[0.67, 0.58, 1.0]",4.0
95,"[1, 2, 3]","[3, 3, 4]","[0.58, 0.46, 0.79]","[['D', 'A', 'B', 'C'], ['A', 'C', 'D', 'B'], ['B', 'A', 'D', 'C']]","{'A': 5, 'D': 4, 'B': 3, 'C': 3}","[0.67, 0.58, 1.0]",4.0
95,"[1, 2, 3]","[3, 3, 4]","[0.58, 0.46, 0.79]","[['D', 'A', 'B', 'C'], ['A', 'C', 'D', 'B'], ['B', 'D', 'A', 'C']]","{'A': 5, 'D': 4, 'B': 3, 'C': 3}","[0.67, 0.58, 1.0]",4.0
95,"[1, 2, 3]","[3, 3, 4]","[0.58, 0.46, 0.79]","[['D', 'A', 'B', 'C'], ['A', 'C', 'D', 'B'], ['D', 'A', 'B', 'C']]","{'A': 5, 'D': 4, 'B': 3, 'C': 3}","[0.67, 0.58, 1.0]",4.0
95,"[1, 2, 3]","[3, 3, 4]","[0.58, 0.46, 0.79]","[['D', 'A', 'B', 'C'], ['A', 'C', 'D', 'B'], ['D', 'B', 'A', 'C']]","{'A': 5, 'D': 4, 'B': 3, 'C': 3}","[0.67, 0.58, 1.0]",4.0
95,"[1, 2, 3]","[3, 3, 4]","[0.58, 0.46, 0.79]","[['D', 'A', 'B', 'C'], ['A', 'D', 'B', 'C'], ['A', 'C', 'D', 'B']]","{'A': 5, 'D': 4, 'B': 3, 'C': 3}","[0.67, 0.58, 1.0]",4.0
95,"[1, 2, 3]","[3, 3, 4]","[0.58, 0.46, 0.79]","[['D', 'A', 'B', 'C'], ['A', 'D', 'B', 'C'], ['A', 'D', 'C', 'B']]","{'A': 5, 'D': 4, 'B': 3, 'C': 3}","[0.67, 0.58, 1.0]",4.0
95,"[1, 2, 3]","[3, 3, 4]","[0.58, 0.46, 0.79]","[['D', 'A', 'B', 'C'], ['A', 'D', 'B', 'C'], ['C', 'A', 'D', 'B']]","{'A': 5, 'D': 4, 'B': 3, 'C': 3}","[0.67, 0.58, 1.0]",4.0
95,"[1, 2, 3]","[3, 3, 4]","[0.58, 0.46, 0.79]","[['D', 'A', 'B', 'C'], ['A', 'D', 'B', 'C'], ['C', 'D', 'A', 'B']]","{'A': 5, 'D': 4, 'B': 3, 'C': 3}","[0.67, 0.58, 1.0]",4.0
95,"[1, 2, 3]","[3, 3, 4]","[0.58, 0.46, 0.79]","[['D', 'A', 'B', 'C'], ['A', 'D', 'B', 'C'], ['D', 'A', 'C', 'B']]","{'A': 5, 'D': 4, 'B': 3, 'C': 3}","[0.67, 0.58, 1.0]",4.0
95,"[1, 2, 3]","[3, 3, 4]","[0.58, 0.46, 0.79]","[['D', 'A', 'B', 'C'], ['A', 'D', 'B', 'C'], ['D', 'C', 'A', 'B']]","{'A': 5, 'D': 4, 'B': 3, 'C': 3}","[0.67, 0.58, 1.0]",4.0
95,"[1, 2, 3]","[3, 3, 4]","[0.58, 0.46, 0.79]","[['D', 'A', 'B', 'C'], ['A', 'D', 'C', 'B'], ['A', 'B', 'D', 'C']]","{'A': 5, 'D': 4, 'B': 3, 'C': 3}","[0.67, 0.58, 1.0]",4.0
95,"[1, 2, 3]","[3, 3, 4]","[0.58, 0.46, 0.79]","[['D', 'A', 'B', 'C'], ['A', 'D', 'C', 'B'], ['A', 'D', 'B', 'C']]","{'A': 5, 'D': 4, 'B': 3, 'C': 3}","[0.67, 0.58, 1.0]",4.0
95,"[1, 2, 3]","[3, 3, 4]","[0.58, 0.46, 0.79]","[['D', 'A', 'B', 'C'], ['A', 'D', 'C', 'B'], ['B', 'A', 'D', 'C']]","{'A': 5, 'D': 4, 'B': 3, 'C': 3}","[0.67, 0.58, 1.0]",4.0
95,"[1, 2, 3]","[3, 3, 4]","[0.58, 0.46, 0.79]","[['D', 'A', 'B', 'C'], ['A', 'D', 'C', 'B'], ['B', 'D', 'A', 'C']]","{'A': 5, 'D': 4, 'B': 3, 'C': 3}","[0.67, 0.58, 1.0]",4.0
95,"[1, 2, 3]","[3, 3, 4]","[0.58, 0.46, 0.79]","[['D', 'A', 'B', 'C'], ['A', 'D', 'C', 'B'], ['D', 'A', 'B', 'C']]","{'A': 5, 'D': 4, 'B': 3, 'C': 3}","[0.67, 0.58, 1.0]",4.0
95,"[1, 2, 3]","[3, 3, 4]","[0.58, 0.46, 0.79]","[['D', 'A', 'B', 'C'], ['A', 'D', 'C', 'B'], ['D', 'B', 'A', 'C']]","{'A': 5, 'D': 4, 'B': 3, 'C': 3}","[0.67, 0.58, 1.0]",4.0
95,"[1, 2, 3]","[3, 3, 4]","[0.58, 0.46, 0.79]","[['D', 'A', 'B', 'C'], ['B', 'A', 'D', 'C'], ['A', 'C', 'D', 'B']]","{'A': 5, 'D': 4, 'B': 3, 'C': 3}","[0.67, 0.58, 1.0]",4.0
95,"[1, 2, 3]","[3, 3, 4]","[0.58, 0.46, 0.79]","[['D', 'A', 'B', 'C'], ['B', 'A', 'D', 'C'], ['A', 'D', 'C', 'B']]","{'A': 5, 'D': 4, 'B': 3, 'C': 3}","[0.67, 0.58, 1.0]",4.0
95,"[1, 2, 3]","[3, 3, 4]","[0.58, 0.46, 0.79]","[['D', 'A', 'B', 'C'], ['B', 'A', 'D', 'C'], ['C', 'A', 'D', 'B']]","{'A': 5, 'D': 4, 'B': 3, 'C': 3}","[0.67, 0.58, 1.0]",4.0
95,"[1, 2, 3]","[3, 3, 4]","[0.58, 0.46, 0.79]","[['D', 'A', 'B', 'C'], ['B', 'A', 'D', 'C'], ['C', 'D', 'A', 'B']]","{'A': 5, 'D': 4, 'B': 3, 'C': 3}","[0.67, 0.58, 1.0]",4.0
95,"[1, 2, 3]","[3, 3, 4]","[0.58, 0.46, 0.79]","[['D', 'A', 'B', 'C'], ['B', 'A', 'D', 'C'], ['D', 'A', 'C', 'B']]","{'A': 5, 'D': 4, 'B': 3, 'C': 3}","[0.67, 0.58, 1.0]",4.0
95,"[1, 2, 3]","[3, 3, 4]","[0.58, 0.46, 0.79]","[['D', 'A', 'B', 'C'], ['B', 'A', 'D', 'C'], ['D', 'C', 'A', 'B']]","{'A': 5, 'D': 4, 'B': 3, 'C': 3}","[0.67, 0.58, 1.0]",4.0
95,"[1, 2, 3]","[3, 3, 4]","[0.58, 0.46, 0.79]","[['D', 'A', 'B', 'C'], ['B', 'D', 'A', 'C'], ['A', 'C', 'D', 'B']]","{'A': 5, 'D': 4, 'B': 3, 'C': 3}","[0.67, 0.58, 1.0]",4.0
95,"[1, 2, 3]","[3, 3, 4]","[0.58, 0.46, 0.79]","[['D', 'A', 'B', 'C'], ['B', 'D', 'A', 'C'], ['A', 'D', 'C', 'B']]","{'A': 5, 'D': 4, 'B': 3, 'C': 3}","[0.67, 0.58, 1.0]",4.0
95,"[1, 2, 3]","[3, 3, 4]","[0.58, 0.46, 0.79]","[['D', 'A', 'B', 'C'], ['B', 'D', 'A', 'C'], ['C', 'A', 'D', 'B']]","{'A': 5, 'D': 4, 'B': 3, 'C': 3}","[0.67, 0.58, 1.0]",4.0
95,"[1, 2, 3]","[3, 3, 4]","[0.58, 0.46, 0.79]","[['D', 'A', 'B', 'C'], ['B', 'D', 'A', 'C'], ['C', 'D', 'A', 'B']]","{'A': 5, 'D': 4, 'B': 3, 'C': 3}","[0.67, 0.58, 1.0]",4.0
95,"[1, 2, 3]","[3, 3, 4]","[0.58, 0.46, 0.79]","[['D', 'A', 'B', 'C'], ['B', 'D', 'A', 'C'], ['D', 'A', 'C', 'B']]","{'A': 5, 'D': 4, 'B': 3, 'C': 3}","[0.67, 0.58, 1.0]",4.0
95,"[1, 2, 3]","[3, 3, 4]","[0.58, 0.46, 0.79]","[['D', 'A', 'B', 'C'], ['B', 'D', 'A', 'C'], ['D', 'C', 'A', 'B']]","{'A': 5, 'D': 4, 'B': 3, 'C': 3}","[0.67, 0.58, 1.0]",4.0
95,"[1, 2, 3]","[3, 3, 4]","[0.58, 0.46, 0.79]","[['D', 'A', 'B', 'C'], ['C', 'A', 'D', 'B'], ['A', 'B', 'D', 'C']]","{'A': 5, 'D': 4, 'B': 3, 'C': 3}","[0.67, 0.58, 1.0]",4.0
95,"[1, 2, 3]","[3, 3, 4]","[0.58, 0.46, 0.79]","[['D', 'A', 'B', 'C'], ['C', 'A', 'D', 'B'], ['A', 'D', 'B', 'C']]","{'A': 5, 'D': 4, 'B': 3, 'C': 3}","[0.67, 0.58, 1.0]",4.0
95,"[1, 2, 3]","[3, 3, 4]","[0.58, 0.46, 0.79]","[['D', 'A', 'B', 'C'], ['C', 'A', 'D', 'B'], ['B', 'A', 'D', 'C']]","{'A': 5, 'D': 4, 'B': 3, 'C': 3}","[0.67, 0.58, 1.0]",4.0
95,"[1, 2, 3]","[3, 3, 4]","[0.58, 0.46, 0.79]","[['D', 'A', 'B', 'C'], ['C', 'A', 'D', 'B'], ['B', 'D', 'A', 'C']]","{'A': 5, 'D': 4, 'B': 3, 'C': 3}","[0.67, 0.58, 1.0]",4.0
95,"[1, 2, 3]","[3, 3, 4]","[0.58, 0.46, 0.79]","[['D', 'A', 'B', 'C'], ['C', 'A', 'D', 'B'], ['D', 'A', 'B', 'C']]","{'A': 5, 'D': 4, 'B': 3, 'C': 3}","[0.67, 0.58, 1.0]",4.0
95,"[1, 2, 3]","[3, 3, 4]","[0.58, 0.46, 0.79]","[['D', 'A', 'B', 'C'], ['C', 'A', 'D', 'B'], ['D', 'B', 'A', 'C']]","{'A': 5, 'D': 4, 'B': 3, 'C': 3}","[0.67, 0.58, 1.0]",4.0
95,"[1, 2, 3]","[3, 3, 4]","[0.58, 0.46, 0.79]","[['D', 'A', 'B', 'C'], ['C', 'D', 'A', 'B'], ['A', 'B', 'D', 'C']]","{'A': 5, 'D': 4, 'B': 3, 'C': 3}","[0.67, 0.58, 1.0]",4.0
95,"[1, 2, 3]","[3, 3, 4]","[0.58, 0.46, 0.79]","[['D', 'A', 'B', 'C'], ['C', 'D', 'A', 'B'], ['A', 'D', 'B', 'C']]","{'A': 5, 'D': 4, 'B': 3, 'C': 3}","[0.67, 0.58, 1.0]",4.0
95,"[1, 2, 3]","[3, 3, 4]","[0.58, 0.46, 0.79]","[['D', 'A', 'B', 'C'], ['C', 'D', 'A', 'B'], ['B', 'A', 'D', 'C']]","{'A': 5, 'D': 4, 'B': 3, 'C': 3}","[0.67, 0.58, 1.0]",4.0
95,"[1, 2, 3]","[3, 3, 4]","[0.58, 0.46, 0.79]","[['D', 'A', 'B', 'C'], ['C', 'D', 'A', 'B'], ['B', 'D', 'A', 'C']]","{'A': 5, 'D': 4, 'B': 3, 'C': 3}","[0.67, 0.58, 1.0]",4.0
95,"[1, 2, 3]","[3, 3, 4]","[0.58, 0.46, 0.79]","[['D', 'A', 'B', 'C'], ['C', 'D', 'A', 'B'], ['D', 'A', 'B', 'C']]","{'A': 5, 'D': 4, 'B': 3, 'C': 3}","[0.67, 0.58, 1.0]",4.0
95,"[1, 2, 3]","[3, 3, 4]","[0.58, 0.46, 0.79]","[['D', 'A', 'B', 'C'], ['C', 'D', 'A', 'B'], ['D', 'B', 'A', 'C']]","{'A': 5, 'D': 4, 'B': 3, 'C': 3}","[0.67, 0.58, 1.0]",4.0
95,"[1, 2, 3]","[3, 3, 4]","[0.58, 0.46, 0.79]","[['D', 'A', 'B', 'C'], ['D', 'A', 'B', 'C'], ['A', 'C', 'D', 'B']]","{'A': 5, 'D': 4, 'B': 3, 'C': 3}","[0.67, 0.58, 1.0]",4.0
95,"[1, 2, 3]","[3, 3, 4]","[0.58, 0.46, 0.79]","[['D', 'A', 'B', 'C'], ['D', 'A', 'B', 'C'], ['A', 'D', 'C', 'B']]","{'A': 5, 'D': 4, 'B': 3, 'C': 3}","[0.67, 0.58, 1.0]",4.0
95,"[1, 2, 3]","[3, 3, 4]","[0.58, 0.46, 0.79]","[['D', 'A', 'B', 'C'], ['D', 'A', 'B', 'C'], ['C', 'A', 'D', 'B']]","{'A': 5, 'D': 4, 'B': 3, 'C': 3}","[0.67, 0.58, 1.0]",4.0
95,"[1, 2, 3]","[3, 3, 4]","[0.58, 0.46, 0.79]","[['D', 'A', 'B', 'C'], ['D', 'A', 'B', 'C'], ['C', 'D', 'A', 'B']]","{'A': 5, 'D': 4, 'B': 3, 'C': 3}","[0.67, 0.58, 1.0]",4.0
95,"[1, 2, 3]","[3, 3, 4]","[0.58, 0.46, 0.79]","[['D', 'A', 'B', 'C'], ['D', 'A', 'B', 'C'], ['D', 'A', 'C', 'B']]","{'A': 5, 'D': 4, 'B': 3, 'C': 3}","[0.67, 0.58, 1.0]",4.0
95,"[1, 2, 3]","[3, 3, 4]","[0.58, 0.46, 0.79]","[['D', 'A', 'B', 'C'], ['D', 'A', 'B', 'C'], ['D', 'C', 'A', 'B']]","{'A': 5, 'D': 4, 'B': 3, 'C': 3}","[0.67, 0.58, 1.0]",4.0
95,"[1, 2, 3]","[3, 3, 4]","[0.58, 0.46, 0.79]","[['D', 'A', 'B', 'C'], ['D', 'A', 'C', 'B'], ['A', 'B', 'D', 'C']]","{'A': 5, 'D': 4, 'B': 3, 'C': 3}","[0.67, 0.58, 1.0]",4.0
95,"[1, 2, 3]","[3, 3, 4]","[0.58, 0.46, 0.79]","[['D', 'A', 'B', 'C'], ['D', 'A', 'C', 'B'], ['A', 'D', 'B', 'C']]","{'A': 5, 'D': 4, 'B': 3, 'C': 3}","[0.67, 0.58, 1.0]",4.0
95,"[1, 2, 3]","[3, 3, 4]","[0.58, 0.46, 0.79]","[['D', 'A', 'B', 'C'], ['D', 'A', 'C', 'B'], ['B', 'A', 'D', 'C']]","{'A': 5, 'D': 4, 'B': 3, 'C': 3}","[0.67, 0.58, 1.0]",4.0
95,"[1, 2, 3]","[3, 3, 4]","[0.58, 0.46, 0.79]","[['D', 'A', 'B', 'C'], ['D', 'A', 'C', 'B'], ['B', 'D', 'A', 'C']]","{'A': 5, 'D': 4, 'B': 3, 'C': 3}","[0.67, 0.58, 1.0]",4.0
95,"[1, 2, 3]","[3, 3, 4]","[0.58, 0.46, 0.79]","[['D', 'A', 'B', 'C'], ['D', 'A', 'C', 'B'], ['D', 'A', 'B', 'C']]","{'A': 5, 'D': 4, 'B': 3, 'C': 3}","[0.67, 0.58, 1.0]",4.0
95,"[1, 2, 3]","[3, 3, 4]","[0.58, 0.46, 0.79]","[['D', 'A', 'B', 'C'], ['D', 'A', 'C', 'B'], ['D', 'B', 'A', 'C']]","{'A': 5, 'D': 4, 'B': 3, 'C': 3}","[0.67, 0.58, 1.0]",4.0
95,"[1, 2, 3]","[3, 3, 4]","[0.58, 0.46, 0.79]","[['D', 'A', 'B', 'C'], ['D', 'B', 'A', 'C'], ['A', 'C', 'D', 'B']]","{'A': 5, 'D': 4, 'B': 3, 'C': 3}","[0.67, 0.58, 1.0]",4.0
95,"[1, 2, 3]","[3, 3, 4]","[0.58, 0.46, 0.79]","[['D', 'A', 'B', 'C'], ['D', 'B', 'A', 'C'], ['A', 'D', 'C', 'B']]","{'A': 5, 'D': 4, 'B': 3, 'C': 3}","[0.67, 0.58, 1.0]",4.0
95,"[1, 2, 3]","[3, 3, 4]","[0.58, 0.46, 0.79]","[['D', 'A', 'B', 'C'], ['D', 'B', 'A', 'C'], ['C', 'A', 'D', 'B']]","{'A': 5, 'D': 4, 'B': 3, 'C': 3}","[0.67, 0.58, 1.0]",4.0
95,"[1, 2, 3]","[3, 3, 4]","[0.58, 0.46, 0.79]","[['D', 'A', 'B', 'C'], ['D', 'B', 'A', 'C'], ['C', 'D', 'A', 'B']]","{'A': 5, 'D': 4, 'B': 3, 'C': 3}","[0.67, 0.58, 1.0]",4.0
95,"[1, 2, 3]","[3, 3, 4]","[0.58, 0.46, 0.79]","[['D', 'A', 'B', 'C'], ['D', 'B', 'A', 'C'], ['D', 'A', 'C', 'B']]","{'A': 5, 'D': 4, 'B': 3, 'C': 3}","[0.67, 0.58, 1.0]",4.0
95,"[1, 2, 3]","[3, 3, 4]","[0.58, 0.46, 0.79]","[['D', 'A', 'B', 'C'], ['D', 'B', 'A', 'C'], ['D', 'C', 'A', 'B']]","{'A': 5, 'D': 4, 'B': 3, 'C': 3}","[0.67, 0.58, 1.0]",4.0
95,"[1, 2, 3]","[3, 3, 4]","[0.58, 0.46, 0.79]","[['D', 'A', 'B', 'C'], ['D', 'C', 'A', 'B'], ['A', 'B', 'D', 'C']]","{'A': 5, 'D': 4, 'B': 3, 'C': 3}","[0.67, 0.58, 1.0]",4.0
95,"[1, 2, 3]","[3, 3, 4]","[0.58, 0.46, 0.79]","[['D', 'A', 'B', 'C'], ['D', 'C', 'A', 'B'], ['A', 'D', 'B', 'C']]","{'A': 5, 'D': 4, 'B': 3, 'C': 3}","[0.67, 0.58, 1.0]",4.0
95,"[1, 2, 3]","[3, 3, 4]","[0.58, 0.46, 0.79]","[['D', 'A', 'B', 'C'], ['D', 'C', 'A', 'B'], ['B', 'A', 'D', 'C']]","{'A': 5, 'D': 4, 'B': 3, 'C': 3}","[0.67, 0.58, 1.0]",4.0
95,"[1, 2, 3]","[3, 3, 4]","[0.58, 0.46, 0.79]","[['D', 'A', 'B', 'C'], ['D', 'C', 'A', 'B'], ['B', 'D', 'A', 'C']]","{'A': 5, 'D': 4, 'B': 3, 'C': 3}","[0.67, 0.58, 1.0]",4.0
95,"[1, 2, 3]","[3, 3, 4]","[0.58, 0.46, 0.79]","[['D', 'A', 'B', 'C'], ['D', 'C', 'A', 'B'], ['D', 'A', 'B', 'C']]","{'A': 5, 'D': 4, 'B': 3, 'C': 3}","[0.67, 0.58, 1.0]",4.0
95,"[1, 2, 3]","[3, 3, 4]","[0.58, 0.46, 0.79]","[['D', 'A', 'B', 'C'], ['D', 'C', 'A', 'B'], ['D', 'B', 'A', 'C']]","{'A': 5, 'D': 4, 'B': 3, 'C': 3}","[0.67, 0.58, 1.0]",4.0
95,"[1, 2, 3]","[3, 3, 4]","[0.58, 0.46, 0.79]","[['D', 'A', 'C', 'B'], ['A', 'B', 'D', 'C'], ['A', 'B', 'D', 'C']]","{'A': 5, 'D': 4, 'B': 3, 'C': 3}","[0.67, 0.58, 1.0]",4.0
95,"[1, 2, 3]","[3, 3, 4]","[0.58, 0.46, 0.79]","[['D', 'A', 'C', 'B'], ['A', 'B', 'D', 'C'], ['A', 'D', 'B', 'C']]","{'A': 5, 'D': 4, 'B': 3, 'C': 3}","[0.67, 0.58, 1.0]",4.0
95,"[1, 2, 3]","[3, 3, 4]","[0.58, 0.46, 0.79]","[['D', 'A', 'C', 'B'], ['A', 'B', 'D', 'C'], ['B', 'A', 'D', 'C']]","{'A': 5, 'D': 4, 'B': 3, 'C': 3}","[0.67, 0.58, 1.0]",4.0
95,"[1, 2, 3]","[3, 3, 4]","[0.58, 0.46, 0.79]","[['D', 'A', 'C', 'B'], ['A', 'B', 'D', 'C'], ['B', 'D', 'A', 'C']]","{'A': 5, 'D': 4, 'B': 3, 'C': 3}","[0.67, 0.58, 1.0]",4.0
95,"[1, 2, 3]","[3, 3, 4]","[0.58, 0.46, 0.79]","[['D', 'A', 'C', 'B'], ['A', 'B', 'D', 'C'], ['D', 'A', 'B', 'C']]","{'A': 5, 'D': 4, 'B': 3, 'C': 3}","[0.67, 0.58, 1.0]",4.0
95,"[1, 2, 3]","[3, 3, 4]","[0.58, 0.46, 0.79]","[['D', 'A', 'C', 'B'], ['A', 'B', 'D', 'C'], ['D', 'B', 'A', 'C']]","{'A': 5, 'D': 4, 'B': 3, 'C': 3}","[0.67, 0.58, 1.0]",4.0
95,"[1, 2, 3]","[3, 3, 4]","[0.58, 0.46, 0.79]","[['D', 'A', 'C', 'B'], ['A', 'D', 'B', 'C'], ['A', 'B', 'D', 'C']]","{'A': 5, 'D': 4, 'B': 3, 'C': 3}","[0.67, 0.58, 1.0]",4.0
95,"[1, 2, 3]","[3, 3, 4]","[0.58, 0.46, 0.79]","[['D', 'A', 'C', 'B'], ['A', 'D', 'B', 'C'], ['A', 'D', 'B', 'C']]","{'A': 5, 'D': 4, 'B': 3, 'C': 3}","[0.67, 0.58, 1.0]",4.0
95,"[1, 2, 3]","[3, 3, 4]","[0.58, 0.46, 0.79]","[['D', 'A', 'C', 'B'], ['A', 'D', 'B', 'C'], ['B', 'A', 'D', 'C']]","{'A': 5, 'D': 4, 'B': 3, 'C': 3}","[0.67, 0.58, 1.0]",4.0
95,"[1, 2, 3]","[3, 3, 4]","[0.58, 0.46, 0.79]","[['D', 'A', 'C', 'B'], ['A', 'D', 'B', 'C'], ['B', 'D', 'A', 'C']]","{'A': 5, 'D': 4, 'B': 3, 'C': 3}","[0.67, 0.58, 1.0]",4.0
95,"[1, 2, 3]","[3, 3, 4]","[0.58, 0.46, 0.79]","[['D', 'A', 'C', 'B'], ['A', 'D', 'B', 'C'], ['D', 'A', 'B', 'C']]","{'A': 5, 'D': 4, 'B': 3, 'C': 3}","[0.67, 0.58, 1.0]",4.0
95,"[1, 2, 3]","[3, 3, 4]","[0.58, 0.46, 0.79]","[['D', 'A', 'C', 'B'], ['A', 'D', 'B', 'C'], ['D', 'B', 'A', 'C']]","{'A': 5, 'D': 4, 'B': 3, 'C': 3}","[0.67, 0.58, 1.0]",4.0
95,"[1, 2, 3]","[3, 3, 4]","[0.58, 0.46, 0.79]","[['D', 'A', 'C', 'B'], ['B', 'A', 'D', 'C'], ['A', 'B', 'D', 'C']]","{'A': 5, 'D': 4, 'B': 3, 'C': 3}","[0.67, 0.58, 1.0]",4.0
95,"[1, 2, 3]","[3, 3, 4]","[0.58, 0.46, 0.79]","[['D', 'A', 'C', 'B'], ['B', 'A', 'D', 'C'], ['A', 'D', 'B', 'C']]","{'A': 5, 'D': 4, 'B': 3, 'C': 3}","[0.67, 0.58, 1.0]",4.0
95,"[1, 2, 3]","[3, 3, 4]","[0.58, 0.46, 0.79]","[['D', 'A', 'C', 'B'], ['B', 'A', 'D', 'C'], ['B', 'A', 'D', 'C']]","{'A': 5, 'D': 4, 'B': 3, 'C': 3}","[0.67, 0.58, 1.0]",4.0
95,"[1, 2, 3]","[3, 3, 4]","[0.58, 0.46, 0.79]","[['D', 'A', 'C', 'B'], ['B', 'A', 'D', 'C'], ['B', 'D', 'A', 'C']]","{'A': 5, 'D': 4, 'B': 3, 'C': 3}","[0.67, 0.58, 1.0]",4.0
95,"[1, 2, 3]","[3, 3, 4]","[0.58, 0.46, 0.79]","[['D', 'A', 'C', 'B'], ['B', 'A', 'D', 'C'], ['D', 'A', 'B', 'C']]","{'A': 5, 'D': 4, 'B': 3, 'C': 3}","[0.67, 0.58, 1.0]",4.0
95,"[1, 2, 3]","[3, 3, 4]","[0.58, 0.46, 0.79]","[['D', 'A', 'C', 'B'], ['B', 'A', 'D', 'C'], ['D', 'B', 'A', 'C']]","{'A': 5, 'D': 4, 'B': 3, 'C': 3}","[0.67, 0.58, 1.0]",4.0
95,"[1, 2, 3]","[3, 3, 4]","[0.58, 0.46, 0.79]","[['D', 'A', 'C', 'B'], ['B', 'D', 'A', 'C'], ['A', 'B', 'D', 'C']]","{'A': 5, 'D': 4, 'B': 3, 'C': 3}","[0.67, 0.58, 1.0]",4.0
95,"[1, 2, 3]","[3, 3, 4]","[0.58, 0.46, 0.79]","[['D', 'A', 'C', 'B'], ['B', 'D', 'A', 'C'], ['A', 'D', 'B', 'C']]","{'A': 5, 'D': 4, 'B': 3, 'C': 3}","[0.67, 0.58, 1.0]",4.0
95,"[1, 2, 3]","[3, 3, 4]","[0.58, 0.46, 0.79]","[['D', 'A', 'C', 'B'], ['B', 'D', 'A', 'C'], ['B', 'A', 'D', 'C']]","{'A': 5, 'D': 4, 'B': 3, 'C': 3}","[0.67, 0.58, 1.0]",4.0
95,"[1, 2, 3]","[3, 3, 4]","[0.58, 0.46, 0.79]","[['D', 'A', 'C', 'B'], ['B', 'D', 'A', 'C'], ['B', 'D', 'A', 'C']]","{'A': 5, 'D': 4, 'B': 3, 'C': 3}","[0.67, 0.58, 1.0]",4.0
95,"[1, 2, 3]","[3, 3, 4]","[0.58, 0.46, 0.79]","[['D', 'A', 'C', 'B'], ['B', 'D', 'A', 'C'], ['D', 'A', 'B', 'C']]","{'A': 5, 'D': 4, 'B': 3, 'C': 3}","[0.67, 0.58, 1.0]",4.0
95,"[1, 2, 3]","[3, 3, 4]","[0.58, 0.46, 0.79]","[['D', 'A', 'C', 'B'], ['B', 'D', 'A', 'C'], ['D', 'B', 'A', 'C']]","{'A': 5, 'D': 4, 'B': 3, 'C': 3}","[0.67, 0.58, 1.0]",4.0
95,"[1, 2, 3]","[3, 3, 4]","[0.58, 0.46, 0.79]","[['D', 'A', 'C', 'B'], ['D', 'A', 'B', 'C'], ['A', 'B', 'D', 'C']]","{'A': 5, 'D': 4, 'B': 3, 'C': 3}","[0.67, 0.58, 1.0]",4.0
95,"[1, 2, 3]","[3, 3, 4]","[0.58, 0.46, 0.79]","[['D', 'A', 'C', 'B'], ['D', 'A', 'B', 'C'], ['A', 'D', 'B', 'C']]","{'A': 5, 'D': 4, 'B': 3, 'C': 3}","[0.67, 0.58, 1.0]",4.0
95,"[1, 2, 3]","[3, 3, 4]","[0.58, 0.46, 0.79]","[['D', 'A', 'C', 'B'], ['D', 'A', 'B', 'C'], ['B', 'A', 'D', 'C']]","{'A': 5, 'D': 4, 'B': 3, 'C': 3}","[0.67, 0.58, 1.0]",4.0
95,"[1, 2, 3]","[3, 3, 4]","[0.58, 0.46, 0.79]","[['D', 'A', 'C', 'B'], ['D', 'A', 'B', 'C'], ['B', 'D', 'A', 'C']]","{'A': 5, 'D': 4, 'B': 3, 'C': 3}","[0.67, 0.58, 1.0]",4.0
95,"[1, 2, 3]","[3, 3, 4]","[0.58, 0.46, 0.79]","[['D', 'A', 'C', 'B'], ['D', 'A', 'B', 'C'], ['D', 'A', 'B', 'C']]","{'A': 5, 'D': 4, 'B': 3, 'C': 3}","[0.67, 0.58, 1.0]",4.0
95,"[1, 2, 3]","[3, 3, 4]","[0.58, 0.46, 0.79]","[['D', 'A', 'C', 'B'], ['D', 'A', 'B', 'C'], ['D', 'B', 'A', 'C']]","{'A': 5, 'D': 4, 'B': 3, 'C': 3}","[0.67, 0.58, 1.0]",4.0
95,"[1, 2, 3]","[3, 3, 4]","[0.58, 0.46, 0.79]","[['D', 'A', 'C', 'B'], ['D', 'B', 'A', 'C'], ['A', 'B', 'D', 'C']]","{'A': 5, 'D': 4, 'B': 3, 'C': 3}","[0.67, 0.58, 1.0]",4.0
95,"[1, 2, 3]","[3, 3, 4]","[0.58, 0.46, 0.79]","[['D', 'A', 'C', 'B'], ['D', 'B', 'A', 'C'], ['A', 'D', 'B', 'C']]","{'A': 5, 'D': 4, 'B': 3, 'C': 3}","[0.67, 0.58, 1.0]",4.0
95,"[1, 2, 3]","[3, 3, 4]","[0.58, 0.46, 0.79]","[['D', 'A', 'C', 'B'], ['D', 'B', 'A', 'C'], ['B', 'A', 'D', 'C']]","{'A': 5, 'D': 4, 'B': 3, 'C': 3}","[0.67, 0.58, 1.0]",4.0
95,"[1, 2, 3]","[3, 3, 4]","[0.58, 0.46, 0.79]","[['D', 'A', 'C', 'B'], ['D', 'B', 'A', 'C'], ['B', 'D', 'A', 'C']]","{'A': 5, 'D': 4, 'B': 3, 'C': 3}","[0.67, 0.58, 1.0]",4.0
95,"[1, 2, 3]","[3, 3, 4]","[0.58, 0.46, 0.79]","[['D', 'A', 'C', 'B'], ['D', 'B', 'A', 'C'], ['D', 'A', 'B', 'C']]","{'A': 5, 'D': 4, 'B': 3, 'C': 3}","[0.67, 0.58, 1.0]",4.0
95,"[1, 2, 3]","[3, 3, 4]","[0.58, 0.46, 0.79]","[['D', 'A', 'C', 'B'], ['D', 'B', 'A', 'C'], ['D', 'B', 'A', 'C']]","{'A': 5, 'D': 4, 'B': 3, 'C': 3}","[0.67, 0.58, 1.0]",4.0
95,"[1, 2, 3]","[3, 3, 4]","[0.58, 0.46, 0.79]","[['D', 'B', 'A', 'C'], ['A', 'B', 'D', 'C'], ['A', 'C', 'D', 'B']]","{'A': 5, 'D': 4, 'B': 3, 'C': 3}","[0.67, 0.58, 1.0]",4.0
95,"[1, 2, 3]","[3, 3, 4]","[0.58, 0.46, 0.79]","[['D', 'B', 'A', 'C'], ['A', 'B', 'D', 'C'], ['A', 'D', 'C', 'B']]","{'A': 5, 'D': 4, 'B': 3, 'C': 3}","[0.67, 0.58, 1.0]",4.0
95,"[1, 2, 3]","[3, 3, 4]","[0.58, 0.46, 0.79]","[['D', 'B', 'A', 'C'], ['A', 'B', 'D', 'C'], ['C', 'A', 'D', 'B']]","{'A': 5, 'D': 4, 'B': 3, 'C': 3}","[0.67, 0.58, 1.0]",4.0
95,"[1, 2, 3]","[3, 3, 4]","[0.58, 0.46, 0.79]","[['D', 'B', 'A', 'C'], ['A', 'B', 'D', 'C'], ['C', 'D', 'A', 'B']]","{'A': 5, 'D': 4, 'B': 3, 'C': 3}","[0.67, 0.58, 1.0]",4.0
95,"[1, 2, 3]","[3, 3, 4]","[0.58, 0.46, 0.79]","[['D', 'B', 'A', 'C'], ['A', 'B', 'D', 'C'], ['D', 'A', 'C', 'B']]","{'A': 5, 'D': 4, 'B': 3, 'C': 3}","[0.67, 0.58, 1.0]",4.0
95,"[1, 2, 3]","[3, 3, 4]","[0.58, 0.46, 0.79]","[['D', 'B', 'A', 'C'], ['A', 'B', 'D', 'C'], ['D', 'C', 'A', 'B']]","{'A': 5, 'D': 4, 'B': 3, 'C': 3}","[0.67, 0.58, 1.0]",4.0
95,"[1, 2, 3]","[3, 3, 4]","[0.58, 0.46, 0.79]","[['D', 'B', 'A', 'C'], ['A', 'C', 'D', 'B'], ['A', 'B', 'D', 'C']]","{'A': 5, 'D': 4, 'B': 3, 'C': 3}","[0.67, 0.58, 1.0]",4.0
95,"[1, 2, 3]","[3, 3, 4]","[0.58, 0.46, 0.79]","[['D', 'B', 'A', 'C'], ['A', 'C', 'D', 'B'], ['A', 'D', 'B', 'C']]","{'A': 5, 'D': 4, 'B': 3, 'C': 3}","[0.67, 0.58, 1.0]",4.0
95,"[1, 2, 3]","[3, 3, 4]","[0.58, 0.46, 0.79]","[['D', 'B', 'A', 'C'], ['A', 'C', 'D', 'B'], ['B', 'A', 'D', 'C']]","{'A': 5, 'D': 4, 'B': 3, 'C': 3}","[0.67, 0.58, 1.0]",4.0
95,"[1, 2, 3]","[3, 3, 4]","[0.58, 0.46, 0.79]","[['D', 'B', 'A', 'C'], ['A', 'C', 'D', 'B'], ['B', 'D', 'A', 'C']]","{'A': 5, 'D': 4, 'B': 3, 'C': 3}","[0.67, 0.58, 1.0]",4.0
95,"[1, 2, 3]","[3, 3, 4]","[0.58, 0.46, 0.79]","[['D', 'B', 'A', 'C'], ['A', 'C', 'D', 'B'], ['D', 'A', 'B', 'C']]","{'A': 5, 'D': 4, 'B': 3, 'C': 3}","[0.67, 0.58, 1.0]",4.0
95,"[1, 2, 3]","[3, 3, 4]","[0.58, 0.46, 0.79]","[['D', 'B', 'A', 'C'], ['A', 'C', 'D', 'B'], ['D', 'B', 'A', 'C']]","{'A': 5, 'D': 4, 'B': 3, 'C': 3}","[0.67, 0.58, 1.0]",4.0
95,"[1, 2, 3]","[3, 3, 4]","[0.58, 0.46, 0.79]","[['D', 'B', 'A', 'C'], ['A', 'D', 'B', 'C'], ['A', 'C', 'D', 'B']]","{'A': 5, 'D': 4, 'B': 3, 'C': 3}","[0.67, 0.58, 1.0]",4.0
95,"[1, 2, 3]","[3, 3, 4]","[0.58, 0.46, 0.79]","[['D', 'B', 'A', 'C'], ['A', 'D', 'B', 'C'], ['A', 'D', 'C', 'B']]","{'A': 5, 'D': 4, 'B': 3, 'C': 3}","[0.67, 0.58, 1.0]",4.0
95,"[1, 2, 3]","[3, 3, 4]","[0.58, 0.46, 0.79]","[['D', 'B', 'A', 'C'], ['A', 'D', 'B', 'C'], ['C', 'A', 'D', 'B']]","{'A': 5, 'D': 4, 'B': 3, 'C': 3}","[0.67, 0.58, 1.0]",4.0
95,"[1, 2, 3]","[3, 3, 4]","[0.58, 0.46, 0.79]","[['D', 'B', 'A', 'C'], ['A', 'D', 'B', 'C'], ['C', 'D', 'A', 'B']]","{'A': 5, 'D': 4, 'B': 3, 'C': 3}","[0.67, 0.58, 1.0]",4.0
95,"[1, 2, 3]","[3, 3, 4]","[0.58, 0.46, 0.79]","[['D', 'B', 'A', 'C'], ['A', 'D', 'B', 'C'], ['D', 'A', 'C', 'B']]","{'A': 5, 'D': 4, 'B': 3, 'C': 3}","[0.67, 0.58, 1.0]",4.0
95,"[1, 2, 3]","[3, 3, 4]","[0.58, 0.46, 0.79]","[['D', 'B', 'A', 'C'], ['A', 'D', 'B', 'C'], ['D', 'C', 'A', 'B']]","{'A': 5, 'D': 4, 'B': 3, 'C': 3}","[0.67, 0.58, 1.0]",4.0
95,"[1, 2, 3]","[3, 3, 4]","[0.58, 0.46, 0.79]","[['D', 'B', 'A', 'C'], ['A', 'D', 'C', 'B'], ['A', 'B', 'D', 'C']]","{'A': 5, 'D': 4, 'B': 3, 'C': 3}","[0.67, 0.58, 1.0]",4.0
95,"[1, 2, 3]","[3, 3, 4]","[0.58, 0.46, 0.79]","[['D', 'B', 'A', 'C'], ['A', 'D', 'C', 'B'], ['A', 'D', 'B', 'C']]","{'A': 5, 'D': 4, 'B': 3, 'C': 3}","[0.67, 0.58, 1.0]",4.0
95,"[1, 2, 3]","[3, 3, 4]","[0.58, 0.46, 0.79]","[['D', 'B', 'A', 'C'], ['A', 'D', 'C', 'B'], ['B', 'A', 'D', 'C']]","{'A': 5, 'D': 4, 'B': 3, 'C': 3}","[0.67, 0.58, 1.0]",4.0
95,"[1, 2, 3]","[3, 3, 4]","[0.58, 0.46, 0.79]","[['D', 'B', 'A', 'C'], ['A', 'D', 'C', 'B'], ['B', 'D', 'A', 'C']]","{'A': 5, 'D': 4, 'B': 3, 'C': 3}","[0.67, 0.58, 1.0]",4.0
95,"[1, 2, 3]","[3, 3, 4]","[0.58, 0.46, 0.79]","[['D', 'B', 'A', 'C'], ['A', 'D', 'C', 'B'], ['D', 'A', 'B', 'C']]","{'A': 5, 'D': 4, 'B': 3, 'C': 3}","[0.67, 0.58, 1.0]",4.0
95,"[1, 2, 3]","[3, 3, 4]","[0.58, 0.46, 0.79]","[['D', 'B', 'A', 'C'], ['A', 'D', 'C', 'B'], ['D', 'B', 'A', 'C']]","{'A': 5, 'D': 4, 'B': 3, 'C': 3}","[0.67, 0.58, 1.0]",4.0
95,"[1, 2, 3]","[3, 3, 4]","[0.58, 0.46, 0.79]","[['D', 'B', 'A', 'C'], ['B', 'A', 'D', 'C'], ['A', 'C', 'D', 'B']]","{'A': 5, 'D': 4, 'B': 3, 'C': 3}","[0.67, 0.58, 1.0]",4.0
95,"[1, 2, 3]","[3, 3, 4]","[0.58, 0.46, 0.79]","[['D', 'B', 'A', 'C'], ['B', 'A', 'D', 'C'], ['A', 'D', 'C', 'B']]","{'A': 5, 'D': 4, 'B': 3, 'C': 3}","[0.67, 0.58, 1.0]",4.0
95,"[1, 2, 3]","[3, 3, 4]","[0.58, 0.46, 0.79]","[['D', 'B', 'A', 'C'], ['B', 'A', 'D', 'C'], ['C', 'A', 'D', 'B']]","{'A': 5, 'D': 4, 'B': 3, 'C': 3}","[0.67, 0.58, 1.0]",4.0
95,"[1, 2, 3]","[3, 3, 4]","[0.58, 0.46, 0.79]","[['D', 'B', 'A', 'C'], ['B', 'A', 'D', 'C'], ['C', 'D', 'A', 'B']]","{'A': 5, 'D': 4, 'B': 3, 'C': 3}","[0.67, 0.58, 1.0]",4.0
95,"[1, 2, 3]","[3, 3, 4]","[0.58, 0.46, 0.79]","[['D', 'B', 'A', 'C'], ['B', 'A', 'D', 'C'], ['D', 'A', 'C', 'B']]","{'A': 5, 'D': 4, 'B': 3, 'C': 3}","[0.67, 0.58, 1.0]",4.0
95,"[1, 2, 3]","[3, 3, 4]","[0.58, 0.46, 0.79]","[['D', 'B', 'A', 'C'], ['B', 'A', 'D', 'C'], ['D', 'C', 'A', 'B']]","{'A': 5, 'D': 4, 'B': 3, 'C': 3}","[0.67, 0.58, 1.0]",4.0
95,"[1, 2, 3]","[3, 3, 4]","[0.58, 0.46, 0.79]","[['D', 'B', 'A', 'C'], ['B', 'D', 'A', 'C'], ['A', 'C', 'D', 'B']]","{'A': 5, 'D': 4, 'B': 3, 'C': 3}","[0.67, 0.58, 1.0]",4.0
95,"[1, 2, 3]","[3, 3, 4]","[0.58, 0.46, 0.79]","[['D', 'B', 'A', 'C'], ['B', 'D', 'A', 'C'], ['A', 'D', 'C', 'B']]","{'A': 5, 'D': 4, 'B': 3, 'C': 3}","[0.67, 0.58, 1.0]",4.0
95,"[1, 2, 3]","[3, 3, 4]","[0.58, 0.46, 0.79]","[['D', 'B', 'A', 'C'], ['B', 'D', 'A', 'C'], ['C', 'A', 'D', 'B']]","{'A': 5, 'D': 4, 'B': 3, 'C': 3}","[0.67, 0.58, 1.0]",4.0
95,"[1, 2, 3]","[3, 3, 4]","[0.58, 0.46, 0.79]","[['D', 'B', 'A', 'C'], ['B', 'D', 'A', 'C'], ['C', 'D', 'A', 'B']]","{'A': 5, 'D': 4, 'B': 3, 'C': 3}","[0.67, 0.58, 1.0]",4.0
95,"[1, 2, 3]","[3, 3, 4]","[0.58, 0.46, 0.79]","[['D', 'B', 'A', 'C'], ['B', 'D', 'A', 'C'], ['D', 'A', 'C', 'B']]","{'A': 5, 'D': 4, 'B': 3, 'C': 3}","[0.67, 0.58, 1.0]",4.0
95,"[1, 2, 3]","[3, 3, 4]","[0.58, 0.46, 0.79]","[['D', 'B', 'A', 'C'], ['B', 'D', 'A', 'C'], ['D', 'C', 'A', 'B']]","{'A': 5, 'D': 4, 'B': 3, 'C': 3}","[0.67, 0.58, 1.0]",4.0
95,"[1, 2, 3]","[3, 3, 4]","[0.58, 0.46, 0.79]","[['D', 'B', 'A', 'C'], ['C', 'A', 'D', 'B'], ['A', 'B', 'D', 'C']]","{'A': 5, 'D': 4, 'B': 3, 'C': 3}","[0.67, 0.58, 1.0]",4.0
95,"[1, 2, 3]","[3, 3, 4]","[0.58, 0.46, 0.79]","[['D', 'B', 'A', 'C'], ['C', 'A', 'D', 'B'], ['A', 'D', 'B', 'C']]","{'A': 5, 'D': 4, 'B': 3, 'C': 3}","[0.67, 0.58, 1.0]",4.0
95,"[1, 2, 3]","[3, 3, 4]","[0.58, 0.46, 0.79]","[['D', 'B', 'A', 'C'], ['C', 'A', 'D', 'B'], ['B', 'A', 'D', 'C']]","{'A': 5, 'D': 4, 'B': 3, 'C': 3}","[0.67, 0.58, 1.0]",4.0
95,"[1, 2, 3]","[3, 3, 4]","[0.58, 0.46, 0.79]","[['D', 'B', 'A', 'C'], ['C', 'A', 'D', 'B'], ['B', 'D', 'A', 'C']]","{'A': 5, 'D': 4, 'B': 3, 'C': 3}","[0.67, 0.58, 1.0]",4.0
95,"[1, 2, 3]","[3, 3, 4]","[0.58, 0.46, 0.79]","[['D', 'B', 'A', 'C'], ['C', 'A', 'D', 'B'], ['D', 'A', 'B', 'C']]","{'A': 5, 'D': 4, 'B': 3, 'C': 3}","[0.67, 0.58, 1.0]",4.0
95,"[1, 2, 3]","[3, 3, 4]","[0.58, 0.46, 0.79]","[['D', 'B', 'A', 'C'], ['C', 'A', 'D', 'B'], ['D', 'B', 'A', 'C']]","{'A': 5, 'D': 4, 'B': 3, 'C': 3}","[0.67, 0.58, 1.0]",4.0
95,"[1, 2, 3]","[3, 3, 4]","[0.58, 0.46, 0.79]","[['D', 'B', 'A', 'C'], ['C', 'D', 'A', 'B'], ['A', 'B', 'D', 'C']]","{'A': 5, 'D': 4, 'B': 3, 'C': 3}","[0.67, 0.58, 1.0]",4.0
95,"[1, 2, 3]","[3, 3, 4]","[0.58, 0.46, 0.79]","[['D', 'B', 'A', 'C'], ['C', 'D', 'A', 'B'], ['A', 'D', 'B', 'C']]","{'A': 5, 'D': 4, 'B': 3, 'C': 3}","[0.67, 0.58, 1.0]",4.0
95,"[1, 2, 3]","[3, 3, 4]","[0.58, 0.46, 0.79]","[['D', 'B', 'A', 'C'], ['C', 'D', 'A', 'B'], ['B', 'A', 'D', 'C']]","{'A': 5, 'D': 4, 'B': 3, 'C': 3}","[0.67, 0.58, 1.0]",4.0
95,"[1, 2, 3]","[3, 3, 4]","[0.58, 0.46, 0.79]","[['D', 'B', 'A', 'C'], ['C', 'D', 'A', 'B'], ['B', 'D', 'A', 'C']]","{'A': 5, 'D': 4, 'B': 3, 'C': 3}","[0.67, 0.58, 1.0]",4.0
95,"[1, 2, 3]","[3, 3, 4]","[0.58, 0.46, 0.79]","[['D', 'B', 'A', 'C'], ['C', 'D', 'A', 'B'], ['D', 'A', 'B', 'C']]","{'A': 5, 'D': 4, 'B': 3, 'C': 3}","[0.67, 0.58, 1.0]",4.0
95,"[1, 2, 3]","[3, 3, 4]","[0.58, 0.46, 0.79]","[['D', 'B', 'A', 'C'], ['C', 'D', 'A', 'B'], ['D', 'B', 'A', 'C']]","{'A': 5, 'D': 4, 'B': 3, 'C': 3}","[0.67, 0.58, 1.0]",4.0
95,"[1, 2, 3]","[3, 3, 4]","[0.58, 0.46, 0.79]","[['D', 'B', 'A', 'C'], ['D', 'A', 'B', 'C'], ['A', 'C', 'D', 'B']]","{'A': 5, 'D': 4, 'B': 3, 'C': 3}","[0.67, 0.58, 1.0]",4.0
95,"[1, 2, 3]","[3, 3, 4]","[0.58, 0.46, 0.79]","[['D', 'B', 'A', 'C'], ['D', 'A', 'B', 'C'], ['A', 'D', 'C', 'B']]","{'A': 5, 'D': 4, 'B': 3, 'C': 3}","[0.67, 0.58, 1.0]",4.0
95,"[1, 2, 3]","[3, 3, 4]","[0.58, 0.46, 0.79]","[['D', 'B', 'A', 'C'], ['D', 'A', 'B', 'C'], ['C', 'A', 'D', 'B']]","{'A': 5, 'D': 4, 'B': 3, 'C': 3}","[0.67, 0.58, 1.0]",4.0
95,"[1, 2, 3]","[3, 3, 4]","[0.58, 0.46, 0.79]","[['D', 'B', 'A', 'C'], ['D', 'A', 'B', 'C'], ['C', 'D', 'A', 'B']]","{'A': 5, 'D': 4, 'B': 3, 'C': 3}","[0.67, 0.58, 1.0]",4.0
95,"[1, 2, 3]","[3, 3, 4]","[0.58, 0.46, 0.79]","[['D', 'B', 'A', 'C'], ['D', 'A', 'B', 'C'], ['D', 'A', 'C', 'B']]","{'A': 5, 'D': 4, 'B': 3, 'C': 3}","[0.67, 0.58, 1.0]",4.0
95,"[1, 2, 3]","[3, 3, 4]","[0.58, 0.46, 0.79]","[['D', 'B', 'A', 'C'], ['D', 'A', 'B', 'C'], ['D', 'C', 'A', 'B']]","{'A': 5, 'D': 4, 'B': 3, 'C': 3}","[0.67, 0.58, 1.0]",4.0
95,"[1, 2, 3]","[3, 3, 4]","[0.58, 0.46, 0.79]","[['D', 'B', 'A', 'C'], ['D', 'A', 'C', 'B'], ['A', 'B', 'D', 'C']]","{'A': 5, 'D': 4, 'B': 3, 'C': 3}","[0.67, 0.58, 1.0]",4.0
95,"[1, 2, 3]","[3, 3, 4]","[0.58, 0.46, 0.79]","[['D', 'B', 'A', 'C'], ['D', 'A', 'C', 'B'], ['A', 'D', 'B', 'C']]","{'A': 5, 'D': 4, 'B': 3, 'C': 3}","[0.67, 0.58, 1.0]",4.0
95,"[1, 2, 3]","[3, 3, 4]","[0.58, 0.46, 0.79]","[['D', 'B', 'A', 'C'], ['D', 'A', 'C', 'B'], ['B', 'A', 'D', 'C']]","{'A': 5, 'D': 4, 'B': 3, 'C': 3}","[0.67, 0.58, 1.0]",4.0
95,"[1, 2, 3]","[3, 3, 4]","[0.58, 0.46, 0.79]","[['D', 'B', 'A', 'C'], ['D', 'A', 'C', 'B'], ['B', 'D', 'A', 'C']]","{'A': 5, 'D': 4, 'B': 3, 'C': 3}","[0.67, 0.58, 1.0]",4.0
95,"[1, 2, 3]","[3, 3, 4]","[0.58, 0.46, 0.79]","[['D', 'B', 'A', 'C'], ['D', 'A', 'C', 'B'], ['D', 'A', 'B', 'C']]","{'A': 5, 'D': 4, 'B': 3, 'C': 3}","[0.67, 0.58, 1.0]",4.0
95,"[1, 2, 3]","[3, 3, 4]","[0.58, 0.46, 0.79]","[['D', 'B', 'A', 'C'], ['D', 'A', 'C', 'B'], ['D', 'B', 'A', 'C']]","{'A': 5, 'D': 4, 'B': 3, 'C': 3}","[0.67, 0.58, 1.0]",4.0
95,"[1, 2, 3]","[3, 3, 4]","[0.58, 0.46, 0.79]","[['D', 'B', 'A', 'C'], ['D', 'B', 'A', 'C'], ['A', 'C', 'D', 'B']]","{'A': 5, 'D': 4, 'B': 3, 'C': 3}","[0.67, 0.58, 1.0]",4.0
95,"[1, 2, 3]","[3, 3, 4]","[0.58, 0.46, 0.79]","[['D', 'B', 'A', 'C'], ['D', 'B', 'A', 'C'], ['A', 'D', 'C', 'B']]","{'A': 5, 'D': 4, 'B': 3, 'C': 3}","[0.67, 0.58, 1.0]",4.0
95,"[1, 2, 3]","[3, 3, 4]","[0.58, 0.46, 0.79]","[['D', 'B', 'A', 'C'], ['D', 'B', 'A', 'C'], ['C', 'A', 'D', 'B']]","{'A': 5, 'D': 4, 'B': 3, 'C': 3}","[0.67, 0.58, 1.0]",4.0
95,"[1, 2, 3]","[3, 3, 4]","[0.58, 0.46, 0.79]","[['D', 'B', 'A', 'C'], ['D', 'B', 'A', 'C'], ['C', 'D', 'A', 'B']]","{'A': 5, 'D': 4, 'B': 3, 'C': 3}","[0.67, 0.58, 1.0]",4.0
95,"[1, 2, 3]","[3, 3, 4]","[0.58, 0.46, 0.79]","[['D', 'B', 'A', 'C'], ['D', 'B', 'A', 'C'], ['D', 'A', 'C', 'B']]","{'A': 5, 'D': 4, 'B': 3, 'C': 3}","[0.67, 0.58, 1.0]",4.0
95,"[1, 2, 3]","[3, 3, 4]","[0.58, 0.46, 0.79]","[['D', 'B', 'A', 'C'], ['D', 'B', 'A', 'C'], ['D', 'C', 'A', 'B']]","{'A': 5, 'D': 4, 'B': 3, 'C': 3}","[0.67, 0.58, 1.0]",4.0
95,"[1, 2, 3]","[3, 3, 4]","[0.58, 0.46, 0.79]","[['D', 'B', 'A', 'C'], ['D', 'C', 'A', 'B'], ['A', 'B', 'D', 'C']]","{'A': 5, 'D': 4, 'B': 3, 'C': 3}","[0.67, 0.58, 1.0]",4.0
95,"[1, 2, 3]","[3, 3, 4]","[0.58, 0.46, 0.79]","[['D', 'B', 'A', 'C'], ['D', 'C', 'A', 'B'], ['A', 'D', 'B', 'C']]","{'A': 5, 'D': 4, 'B': 3, 'C': 3}","[0.67, 0.58, 1.0]",4.0
95,"[1, 2, 3]","[3, 3, 4]","[0.58, 0.46, 0.79]","[['D', 'B', 'A', 'C'], ['D', 'C', 'A', 'B'], ['B', 'A', 'D', 'C']]","{'A': 5, 'D': 4, 'B': 3, 'C': 3}","[0.67, 0.58, 1.0]",4.0
95,"[1, 2, 3]","[3, 3, 4]","[0.58, 0.46, 0.79]","[['D', 'B', 'A', 'C'], ['D', 'C', 'A', 'B'], ['B', 'D', 'A', 'C']]","{'A': 5, 'D': 4, 'B': 3, 'C': 3}","[0.67, 0.58, 1.0]",4.0
95,"[1, 2, 3]","[3, 3, 4]","[0.58, 0.46, 0.79]","[['D', 'B', 'A', 'C'], ['D', 'C', 'A', 'B'], ['D', 'A', 'B', 'C']]","{'A': 5, 'D': 4, 'B': 3, 'C': 3}","[0.67, 0.58, 1.0]",4.0
95,"[1, 2, 3]","[3, 3, 4]","[0.58, 0.46, 0.79]","[['D', 'B', 'A', 'C'], ['D', 'C', 'A', 'B'], ['D', 'B', 'A', 'C']]","{'A': 5, 'D': 4, 'B': 3, 'C': 3}","[0.67, 0.58, 1.0]",4.0
95,"[1, 2, 3]","[3, 3, 4]","[0.58, 0.46, 0.79]","[['D', 'C', 'A', 'B'], ['A', 'B', 'D', 'C'], ['A', 'B', 'D', 'C']]","{'A': 5, 'D': 4, 'B': 3, 'C': 3}","[0.67, 0.58, 1.0]",4.0
95,"[1, 2, 3]","[3, 3, 4]","[0.58, 0.46, 0.79]","[['D', 'C', 'A', 'B'], ['A', 'B', 'D', 'C'], ['A', 'D', 'B', 'C']]","{'A': 5, 'D': 4, 'B': 3, 'C': 3}","[0.67, 0.58, 1.0]",4.0
95,"[1, 2, 3]","[3, 3, 4]","[0.58, 0.46, 0.79]","[['D', 'C', 'A', 'B'], ['A', 'B', 'D', 'C'], ['B', 'A', 'D', 'C']]","{'A': 5, 'D': 4, 'B': 3, 'C': 3}","[0.67, 0.58, 1.0]",4.0
95,"[1, 2, 3]","[3, 3, 4]","[0.58, 0.46, 0.79]","[['D', 'C', 'A', 'B'], ['A', 'B', 'D', 'C'], ['B', 'D', 'A', 'C']]","{'A': 5, 'D': 4, 'B': 3, 'C': 3}","[0.67, 0.58, 1.0]",4.0
95,"[1, 2, 3]","[3, 3, 4]","[0.58, 0.46, 0.79]","[['D', 'C', 'A', 'B'], ['A', 'B', 'D', 'C'], ['D', 'A', 'B', 'C']]","{'A': 5, 'D': 4, 'B': 3, 'C': 3}","[0.67, 0.58, 1.0]",4.0
95,"[1, 2, 3]","[3, 3, 4]","[0.58, 0.46, 0.79]","[['D', 'C', 'A', 'B'], ['A', 'B', 'D', 'C'], ['D', 'B', 'A', 'C']]","{'A': 5, 'D': 4, 'B': 3, 'C': 3}","[0.67, 0.58, 1.0]",4.0
95,"[1, 2, 3]","[3, 3, 4]","[0.58, 0.46, 0.79]","[['D', 'C', 'A', 'B'], ['A', 'D', 'B', 'C'], ['A', 'B', 'D', 'C']]","{'A': 5, 'D': 4, 'B': 3, 'C': 3}","[0.67, 0.58, 1.0]",4.0
95,"[1, 2, 3]","[3, 3, 4]","[0.58, 0.46, 0.79]","[['D', 'C', 'A', 'B'], ['A', 'D', 'B', 'C'], ['A', 'D', 'B', 'C']]","{'A': 5, 'D': 4, 'B': 3, 'C': 3}","[0.67, 0.58, 1.0]",4.0
95,"[1, 2, 3]","[3, 3, 4]","[0.58, 0.46, 0.79]","[['D', 'C', 'A', 'B'], ['A', 'D', 'B', 'C'], ['B', 'A', 'D', 'C']]","{'A': 5, 'D': 4, 'B': 3, 'C': 3}","[0.67, 0.58, 1.0]",4.0
95,"[1, 2, 3]","[3, 3, 4]","[0.58, 0.46, 0.79]","[['D', 'C', 'A', 'B'], ['A', 'D', 'B', 'C'], ['B', 'D', 'A', 'C']]","{'A': 5, 'D': 4, 'B': 3, 'C': 3}","[0.67, 0.58, 1.0]",4.0
95,"[1, 2, 3]","[3, 3, 4]","[0.58, 0.46, 0.79]","[['D', 'C', 'A', 'B'], ['A', 'D', 'B', 'C'], ['D', 'A', 'B', 'C']]","{'A': 5, 'D': 4, 'B': 3, 'C': 3}","[0.67, 0.58, 1.0]",4.0
95,"[1, 2, 3]","[3, 3, 4]","[0.58, 0.46, 0.79]","[['D', 'C', 'A', 'B'], ['A', 'D', 'B', 'C'], ['D', 'B', 'A', 'C']]","{'A': 5, 'D': 4, 'B': 3, 'C': 3}","[0.67, 0.58, 1.0]",4.0
95,"[1, 2, 3]","[3, 3, 4]","[0.58, 0.46, 0.79]","[['D', 'C', 'A', 'B'], ['B', 'A', 'D', 'C'], ['A', 'B', 'D', 'C']]","{'A': 5, 'D': 4, 'B': 3, 'C': 3}","[0.67, 0.58, 1.0]",4.0
95,"[1, 2, 3]","[3, 3, 4]","[0.58, 0.46, 0.79]","[['D', 'C', 'A', 'B'], ['B', 'A', 'D', 'C'], ['A', 'D', 'B', 'C']]","{'A': 5, 'D': 4, 'B': 3, 'C': 3}","[0.67, 0.58, 1.0]",4.0
95,"[1, 2, 3]","[3, 3, 4]","[0.58, 0.46, 0.79]","[['D', 'C', 'A', 'B'], ['B', 'A', 'D', 'C'], ['B', 'A', 'D', 'C']]","{'A': 5, 'D': 4, 'B': 3, 'C': 3}","[0.67, 0.58, 1.0]",4.0
95,"[1, 2, 3]","[3, 3, 4]","[0.58, 0.46, 0.79]","[['D', 'C', 'A', 'B'], ['B', 'A', 'D', 'C'], ['B', 'D', 'A', 'C']]","{'A': 5, 'D': 4, 'B': 3, 'C': 3}","[0.67, 0.58, 1.0]",4.0
95,"[1, 2, 3]","[3, 3, 4]","[0.58, 0.46, 0.79]","[['D', 'C', 'A', 'B'], ['B', 'A', 'D', 'C'], ['D', 'A', 'B', 'C']]","{'A': 5, 'D': 4, 'B': 3, 'C': 3}","[0.67, 0.58, 1.0]",4.0
95,"[1, 2, 3]","[3, 3, 4]","[0.58, 0.46, 0.79]","[['D', 'C', 'A', 'B'], ['B', 'A', 'D', 'C'], ['D', 'B', 'A', 'C']]","{'A': 5, 'D': 4, 'B': 3, 'C': 3}","[0.67, 0.58, 1.0]",4.0
95,"[1, 2, 3]","[3, 3, 4]","[0.58, 0.46, 0.79]","[['D', 'C', 'A', 'B'], ['B', 'D', 'A', 'C'], ['A', 'B', 'D', 'C']]","{'A': 5, 'D': 4, 'B': 3, 'C': 3}","[0.67, 0.58, 1.0]",4.0
95,"[1, 2, 3]","[3, 3, 4]","[0.58, 0.46, 0.79]","[['D', 'C', 'A', 'B'], ['B', 'D', 'A', 'C'], ['A', 'D', 'B', 'C']]","{'A': 5, 'D': 4, 'B': 3, 'C': 3}","[0.67, 0.58, 1.0]",4.0
95,"[1, 2, 3]","[3, 3, 4]","[0.58, 0.46, 0.79]","[['D', 'C', 'A', 'B'], ['B', 'D', 'A', 'C'], ['B', 'A', 'D', 'C']]","{'A': 5, 'D': 4, 'B': 3, 'C': 3}","[0.67, 0.58, 1.0]",4.0
95,"[1, 2, 3]","[3, 3, 4]","[0.58, 0.46, 0.79]","[['D', 'C', 'A', 'B'], ['B', 'D', 'A', 'C'], ['B', 'D', 'A', 'C']]","{'A': 5, 'D': 4, 'B': 3, 'C': 3}","[0.67, 0.58, 1.0]",4.0
95,"[1, 2, 3]","[3, 3, 4]","[0.58, 0.46, 0.79]","[['D', 'C', 'A', 'B'], ['B', 'D', 'A', 'C'], ['D', 'A', 'B', 'C']]","{'A': 5, 'D': 4, 'B': 3, 'C': 3}","[0.67, 0.58, 1.0]",4.0
95,"[1, 2, 3]","[3, 3, 4]","[0.58, 0.46, 0.79]","[['D', 'C', 'A', 'B'], ['B', 'D', 'A', 'C'], ['D', 'B', 'A', 'C']]","{'A': 5, 'D': 4, 'B': 3, 'C': 3}","[0.67, 0.58, 1.0]",4.0
95,"[1, 2, 3]","[3, 3, 4]","[0.58, 0.46, 0.79]","[['D', 'C', 'A', 'B'], ['D', 'A', 'B', 'C'], ['A', 'B', 'D', 'C']]","{'A': 5, 'D': 4, 'B': 3, 'C': 3}","[0.67, 0.58, 1.0]",4.0
95,"[1, 2, 3]","[3, 3, 4]","[0.58, 0.46, 0.79]","[['D', 'C', 'A', 'B'], ['D', 'A', 'B', 'C'], ['A', 'D', 'B', 'C']]","{'A': 5, 'D': 4, 'B': 3, 'C': 3}","[0.67, 0.58, 1.0]",4.0
95,"[1, 2, 3]","[3, 3, 4]","[0.58, 0.46, 0.79]","[['D', 'C', 'A', 'B'], ['D', 'A', 'B', 'C'], ['B', 'A', 'D', 'C']]","{'A': 5, 'D': 4, 'B': 3, 'C': 3}","[0.67, 0.58, 1.0]",4.0
95,"[1, 2, 3]","[3, 3, 4]","[0.58, 0.46, 0.79]","[['D', 'C', 'A', 'B'], ['D', 'A', 'B', 'C'], ['B', 'D', 'A', 'C']]","{'A': 5, 'D': 4, 'B': 3, 'C': 3}","[0.67, 0.58, 1.0]",4.0
95,"[1, 2, 3]","[3, 3, 4]","[0.58, 0.46, 0.79]","[['D', 'C', 'A', 'B'], ['D', 'A', 'B', 'C'], ['D', 'A', 'B', 'C']]","{'A': 5, 'D': 4, 'B': 3, 'C': 3}","[0.67, 0.58, 1.0]",4.0
95,"[1, 2, 3]","[3, 3, 4]","[0.58, 0.46, 0.79]","[['D', 'C', 'A', 'B'], ['D', 'A', 'B', 'C'], ['D', 'B', 'A', 'C']]","{'A': 5, 'D': 4, 'B': 3, 'C': 3}","[0.67, 0.58, 1.0]",4.0
95,"[1, 2, 3]","[3, 3, 4]","[0.58, 0.46, 0.79]","[['D', 'C', 'A', 'B'], ['D', 'B', 'A', 'C'], ['A', 'B', 'D', 'C']]","{'A': 5, 'D': 4, 'B': 3, 'C': 3}","[0.67, 0.58, 1.0]",4.0
95,"[1, 2, 3]","[3, 3, 4]","[0.58, 0.46, 0.79]","[['D', 'C', 'A', 'B'], ['D', 'B', 'A', 'C'], ['A', 'D', 'B', 'C']]","{'A': 5, 'D': 4, 'B': 3, 'C': 3}","[0.67, 0.58, 1.0]",4.0
95,"[1, 2, 3]","[3, 3, 4]","[0.58, 0.46, 0.79]","[['D', 'C', 'A', 'B'], ['D', 'B', 'A', 'C'], ['B', 'A', 'D', 'C']]","{'A': 5, 'D': 4, 'B': 3, 'C': 3}","[0.67, 0.58, 1.0]",4.0
95,"[1, 2, 3]","[3, 3, 4]","[0.58, 0.46, 0.79]","[['D', 'C', 'A', 'B'], ['D', 'B', 'A', 'C'], ['B', 'D', 'A', 'C']]","{'A': 5, 'D': 4, 'B': 3, 'C': 3}","[0.67, 0.58, 1.0]",4.0
95,"[1, 2, 3]","[3, 3, 4]","[0.58, 0.46, 0.79]","[['D', 'C', 'A', 'B'], ['D', 'B', 'A', 'C'], ['D', 'A', 'B', 'C']]","{'A': 5, 'D': 4, 'B': 3, 'C': 3}","[0.67, 0.58, 1.0]",4.0
95,"[1, 2, 3]","[3, 3, 4]","[0.58, 0.46, 0.79]","[['D', 'C', 'A', 'B'], ['D', 'B', 'A', 'C'], ['D', 'B', 'A', 'C']]","{'A': 5, 'D': 4, 'B': 3, 'C': 3}","[0.67, 0.58, 1.0]",4.0
95,"[1, 2, 4]","[3, 3, 4]","[0.58, 0.46, 0.88]","[['A', 'B', 'D', 'C'], ['A', 'B', 'D', 'C'], ['A', 'C', 'D', 'B']]","{'A': 5, 'D': 4, 'B': 3, 'C': 3}","[0.67, 0.58, 1.0]",4.0
95,"[1, 2, 4]","[3, 3, 4]","[0.58, 0.46, 0.88]","[['A', 'B', 'D', 'C'], ['A', 'B', 'D', 'C'], ['A', 'D', 'C', 'B']]","{'A': 5, 'D': 4, 'B': 3, 'C': 3}","[0.67, 0.58, 1.0]",4.0
95,"[1, 2, 4]","[3, 3, 4]","[0.58, 0.46, 0.88]","[['A', 'B', 'D', 'C'], ['A', 'B', 'D', 'C'], ['C', 'A', 'D', 'B']]","{'A': 5, 'D': 4, 'B': 3, 'C': 3}","[0.67, 0.58, 1.0]",4.0
95,"[1, 2, 4]","[3, 3, 4]","[0.58, 0.46, 0.88]","[['A', 'B', 'D', 'C'], ['A', 'B', 'D', 'C'], ['C', 'D', 'A', 'B']]","{'A': 5, 'D': 4, 'B': 3, 'C': 3}","[0.67, 0.58, 1.0]",4.0
95,"[1, 2, 4]","[3, 3, 4]","[0.58, 0.46, 0.88]","[['A', 'B', 'D', 'C'], ['A', 'B', 'D', 'C'], ['D', 'A', 'C', 'B']]","{'A': 5, 'D': 4, 'B': 3, 'C': 3}","[0.67, 0.58, 1.0]",4.0
95,"[1, 2, 4]","[3, 3, 4]","[0.58, 0.46, 0.88]","[['A', 'B', 'D', 'C'], ['A', 'B', 'D', 'C'], ['D', 'C', 'A', 'B']]","{'A': 5, 'D': 4, 'B': 3, 'C': 3}","[0.67, 0.58, 1.0]",4.0
95,"[1, 2, 4]","[3, 3, 4]","[0.58, 0.46, 0.88]","[['A', 'B', 'D', 'C'], ['A', 'C', 'D', 'B'], ['A', 'B', 'D', 'C']]","{'A': 5, 'D': 4, 'B': 3, 'C': 3}","[0.67, 0.58, 1.0]",4.0
95,"[1, 2, 4]","[3, 3, 4]","[0.58, 0.46, 0.88]","[['A', 'B', 'D', 'C'], ['A', 'C', 'D', 'B'], ['A', 'D', 'B', 'C']]","{'A': 5, 'D': 4, 'B': 3, 'C': 3}","[0.67, 0.58, 1.0]",4.0
95,"[1, 2, 4]","[3, 3, 4]","[0.58, 0.46, 0.88]","[['A', 'B', 'D', 'C'], ['A', 'C', 'D', 'B'], ['B', 'A', 'D', 'C']]","{'A': 5, 'D': 4, 'B': 3, 'C': 3}","[0.67, 0.58, 1.0]",4.0
95,"[1, 2, 4]","[3, 3, 4]","[0.58, 0.46, 0.88]","[['A', 'B', 'D', 'C'], ['A', 'C', 'D', 'B'], ['B', 'D', 'A', 'C']]","{'A': 5, 'D': 4, 'B': 3, 'C': 3}","[0.67, 0.58, 1.0]",4.0
95,"[1, 2, 4]","[3, 3, 4]","[0.58, 0.46, 0.88]","[['A', 'B', 'D', 'C'], ['A', 'C', 'D', 'B'], ['D', 'A', 'B', 'C']]","{'A': 5, 'D': 4, 'B': 3, 'C': 3}","[0.67, 0.58, 1.0]",4.0
95,"[1, 2, 4]","[3, 3, 4]","[0.58, 0.46, 0.88]","[['A', 'B', 'D', 'C'], ['A', 'C', 'D', 'B'], ['D', 'B', 'A', 'C']]","{'A': 5, 'D': 4, 'B': 3, 'C': 3}","[0.67, 0.58, 1.0]",4.0
95,"[1, 2, 4]","[3, 3, 4]","[0.58, 0.46, 0.88]","[['A', 'B', 'D', 'C'], ['A', 'D', 'B', 'C'], ['A', 'C', 'D', 'B']]","{'A': 5, 'D': 4, 'B': 3, 'C': 3}","[0.67, 0.58, 1.0]",4.0
95,"[1, 2, 4]","[3, 3, 4]","[0.58, 0.46, 0.88]","[['A', 'B', 'D', 'C'], ['A', 'D', 'B', 'C'], ['A', 'D', 'C', 'B']]","{'A': 5, 'D': 4, 'B': 3, 'C': 3}","[0.67, 0.58, 1.0]",4.0
95,"[1, 2, 4]","[3, 3, 4]","[0.58, 0.46, 0.88]","[['A', 'B', 'D', 'C'], ['A', 'D', 'B', 'C'], ['C', 'A', 'D', 'B']]","{'A': 5, 'D': 4, 'B': 3, 'C': 3}","[0.67, 0.58, 1.0]",4.0
95,"[1, 2, 4]","[3, 3, 4]","[0.58, 0.46, 0.88]","[['A', 'B', 'D', 'C'], ['A', 'D', 'B', 'C'], ['C', 'D', 'A', 'B']]","{'A': 5, 'D': 4, 'B': 3, 'C': 3}","[0.67, 0.58, 1.0]",4.0
95,"[1, 2, 4]","[3, 3, 4]","[0.58, 0.46, 0.88]","[['A', 'B', 'D', 'C'], ['A', 'D', 'B', 'C'], ['D', 'A', 'C', 'B']]","{'A': 5, 'D': 4, 'B': 3, 'C': 3}","[0.67, 0.58, 1.0]",4.0
95,"[1, 2, 4]","[3, 3, 4]","[0.58, 0.46, 0.88]","[['A', 'B', 'D', 'C'], ['A', 'D', 'B', 'C'], ['D', 'C', 'A', 'B']]","{'A': 5, 'D': 4, 'B': 3, 'C': 3}","[0.67, 0.58, 1.0]",4.0
95,"[1, 2, 4]","[3, 3, 4]","[0.58, 0.46, 0.88]","[['A', 'B', 'D', 'C'], ['A', 'D', 'C', 'B'], ['A', 'B', 'D', 'C']]","{'A': 5, 'D': 4, 'B': 3, 'C': 3}","[0.67, 0.58, 1.0]",4.0
95,"[1, 2, 4]","[3, 3, 4]","[0.58, 0.46, 0.88]","[['A', 'B', 'D', 'C'], ['A', 'D', 'C', 'B'], ['A', 'D', 'B', 'C']]","{'A': 5, 'D': 4, 'B': 3, 'C': 3}","[0.67, 0.58, 1.0]",4.0
95,"[1, 2, 4]","[3, 3, 4]","[0.58, 0.46, 0.88]","[['A', 'B', 'D', 'C'], ['A', 'D', 'C', 'B'], ['B', 'A', 'D', 'C']]","{'A': 5, 'D': 4, 'B': 3, 'C': 3}","[0.67, 0.58, 1.0]",4.0
95,"[1, 2, 4]","[3, 3, 4]","[0.58, 0.46, 0.88]","[['A', 'B', 'D', 'C'], ['A', 'D', 'C', 'B'], ['B', 'D', 'A', 'C']]","{'A': 5, 'D': 4, 'B': 3, 'C': 3}","[0.67, 0.58, 1.0]",4.0
95,"[1, 2, 4]","[3, 3, 4]","[0.58, 0.46, 0.88]","[['A', 'B', 'D', 'C'], ['A', 'D', 'C', 'B'], ['D', 'A', 'B', 'C']]","{'A': 5, 'D': 4, 'B': 3, 'C': 3}","[0.67, 0.58, 1.0]",4.0
95,"[1, 2, 4]","[3, 3, 4]","[0.58, 0.46, 0.88]","[['A', 'B', 'D', 'C'], ['A', 'D', 'C', 'B'], ['D', 'B', 'A', 'C']]","{'A': 5, 'D': 4, 'B': 3, 'C': 3}","[0.67, 0.58, 1.0]",4.0
95,"[1, 2, 4]","[3, 3, 4]","[0.58, 0.46, 0.88]","[['A', 'B', 'D', 'C'], ['B', 'A', 'D', 'C'], ['A', 'C', 'D', 'B']]","{'A': 5, 'D': 4, 'B': 3, 'C': 3}","[0.67, 0.58, 1.0]",4.0
95,"[1, 2, 4]","[3, 3, 4]","[0.58, 0.46, 0.88]","[['A', 'B', 'D', 'C'], ['B', 'A', 'D', 'C'], ['A', 'D', 'C', 'B']]","{'A': 5, 'D': 4, 'B': 3, 'C': 3}","[0.67, 0.58, 1.0]",4.0
95,"[1, 2, 4]","[3, 3, 4]","[0.58, 0.46, 0.88]","[['A', 'B', 'D', 'C'], ['B', 'A', 'D', 'C'], ['C', 'A', 'D', 'B']]","{'A': 5, 'D': 4, 'B': 3, 'C': 3}","[0.67, 0.58, 1.0]",4.0
95,"[1, 2, 4]","[3, 3, 4]","[0.58, 0.46, 0.88]","[['A', 'B', 'D', 'C'], ['B', 'A', 'D', 'C'], ['C', 'D', 'A', 'B']]","{'A': 5, 'D': 4, 'B': 3, 'C': 3}","[0.67, 0.58, 1.0]",4.0
95,"[1, 2, 4]","[3, 3, 4]","[0.58, 0.46, 0.88]","[['A', 'B', 'D', 'C'], ['B', 'A', 'D', 'C'], ['D', 'A', 'C', 'B']]","{'A': 5, 'D': 4, 'B': 3, 'C': 3}","[0.67, 0.58, 1.0]",4.0
95,"[1, 2, 4]","[3, 3, 4]","[0.58, 0.46, 0.88]","[['A', 'B', 'D', 'C'], ['B', 'A', 'D', 'C'], ['D', 'C', 'A', 'B']]","{'A': 5, 'D': 4, 'B': 3, 'C': 3}","[0.67, 0.58, 1.0]",4.0
95,"[1, 2, 4]","[3, 3, 4]","[0.58, 0.46, 0.88]","[['A', 'B', 'D', 'C'], ['B', 'D', 'A', 'C'], ['A', 'C', 'D', 'B']]","{'A': 5, 'D': 4, 'B': 3, 'C': 3}","[0.67, 0.58, 1.0]",4.0
95,"[1, 2, 4]","[3, 3, 4]","[0.58, 0.46, 0.88]","[['A', 'B', 'D', 'C'], ['B', 'D', 'A', 'C'], ['A', 'D', 'C', 'B']]","{'A': 5, 'D': 4, 'B': 3, 'C': 3}","[0.67, 0.58, 1.0]",4.0
95,"[1, 2, 4]","[3, 3, 4]","[0.58, 0.46, 0.88]","[['A', 'B', 'D', 'C'], ['B', 'D', 'A', 'C'], ['C', 'A', 'D', 'B']]","{'A': 5, 'D': 4, 'B': 3, 'C': 3}","[0.67, 0.58, 1.0]",4.0
95,"[1, 2, 4]","[3, 3, 4]","[0.58, 0.46, 0.88]","[['A', 'B', 'D', 'C'], ['B', 'D', 'A', 'C'], ['C', 'D', 'A', 'B']]","{'A': 5, 'D': 4, 'B': 3, 'C': 3}","[0.67, 0.58, 1.0]",4.0
95,"[1, 2, 4]","[3, 3, 4]","[0.58, 0.46, 0.88]","[['A', 'B', 'D', 'C'], ['B', 'D', 'A', 'C'], ['D', 'A', 'C', 'B']]","{'A': 5, 'D': 4, 'B': 3, 'C': 3}","[0.67, 0.58, 1.0]",4.0
95,"[1, 2, 4]","[3, 3, 4]","[0.58, 0.46, 0.88]","[['A', 'B', 'D', 'C'], ['B', 'D', 'A', 'C'], ['D', 'C', 'A', 'B']]","{'A': 5, 'D': 4, 'B': 3, 'C': 3}","[0.67, 0.58, 1.0]",4.0
95,"[1, 2, 4]","[3, 3, 4]","[0.58, 0.46, 0.88]","[['A', 'B', 'D', 'C'], ['C', 'A', 'D', 'B'], ['A', 'B', 'D', 'C']]","{'A': 5, 'D': 4, 'B': 3, 'C': 3}","[0.67, 0.58, 1.0]",4.0
95,"[1, 2, 4]","[3, 3, 4]","[0.58, 0.46, 0.88]","[['A', 'B', 'D', 'C'], ['C', 'A', 'D', 'B'], ['A', 'D', 'B', 'C']]","{'A': 5, 'D': 4, 'B': 3, 'C': 3}","[0.67, 0.58, 1.0]",4.0
95,"[1, 2, 4]","[3, 3, 4]","[0.58, 0.46, 0.88]","[['A', 'B', 'D', 'C'], ['C', 'A', 'D', 'B'], ['B', 'A', 'D', 'C']]","{'A': 5, 'D': 4, 'B': 3, 'C': 3}","[0.67, 0.58, 1.0]",4.0
95,"[1, 2, 4]","[3, 3, 4]","[0.58, 0.46, 0.88]","[['A', 'B', 'D', 'C'], ['C', 'A', 'D', 'B'], ['B', 'D', 'A', 'C']]","{'A': 5, 'D': 4, 'B': 3, 'C': 3}","[0.67, 0.58, 1.0]",4.0
95,"[1, 2, 4]","[3, 3, 4]","[0.58, 0.46, 0.88]","[['A', 'B', 'D', 'C'], ['C', 'A', 'D', 'B'], ['D', 'A', 'B', 'C']]","{'A': 5, 'D': 4, 'B': 3, 'C': 3}","[0.67, 0.58, 1.0]",4.0
95,"[1, 2, 4]","[3, 3, 4]","[0.58, 0.46, 0.88]","[['A', 'B', 'D', 'C'], ['C', 'A', 'D', 'B'], ['D', 'B', 'A', 'C']]","{'A': 5, 'D': 4, 'B': 3, 'C': 3}","[0.67, 0.58, 1.0]",4.0
95,"[1, 2, 4]","[3, 3, 4]","[0.58, 0.46, 0.88]","[['A', 'B', 'D', 'C'], ['C', 'D', 'A', 'B'], ['A', 'B', 'D', 'C']]","{'A': 5, 'D': 4, 'B': 3, 'C': 3}","[0.67, 0.58, 1.0]",4.0
95,"[1, 2, 4]","[3, 3, 4]","[0.58, 0.46, 0.88]","[['A', 'B', 'D', 'C'], ['C', 'D', 'A', 'B'], ['A', 'D', 'B', 'C']]","{'A': 5, 'D': 4, 'B': 3, 'C': 3}","[0.67, 0.58, 1.0]",4.0
95,"[1, 2, 4]","[3, 3, 4]","[0.58, 0.46, 0.88]","[['A', 'B', 'D', 'C'], ['C', 'D', 'A', 'B'], ['B', 'A', 'D', 'C']]","{'A': 5, 'D': 4, 'B': 3, 'C': 3}","[0.67, 0.58, 1.0]",4.0
95,"[1, 2, 4]","[3, 3, 4]","[0.58, 0.46, 0.88]","[['A', 'B', 'D', 'C'], ['C', 'D', 'A', 'B'], ['B', 'D', 'A', 'C']]","{'A': 5, 'D': 4, 'B': 3, 'C': 3}","[0.67, 0.58, 1.0]",4.0
95,"[1, 2, 4]","[3, 3, 4]","[0.58, 0.46, 0.88]","[['A', 'B', 'D', 'C'], ['C', 'D', 'A', 'B'], ['D', 'A', 'B', 'C']]","{'A': 5, 'D': 4, 'B': 3, 'C': 3}","[0.67, 0.58, 1.0]",4.0
95,"[1, 2, 4]","[3, 3, 4]","[0.58, 0.46, 0.88]","[['A', 'B', 'D', 'C'], ['C', 'D', 'A', 'B'], ['D', 'B', 'A', 'C']]","{'A': 5, 'D': 4, 'B': 3, 'C': 3}","[0.67, 0.58, 1.0]",4.0
95,"[1, 2, 4]","[3, 3, 4]","[0.58, 0.46, 0.88]","[['A', 'B', 'D', 'C'], ['D', 'A', 'B', 'C'], ['A', 'C', 'D', 'B']]","{'A': 5, 'D': 4, 'B': 3, 'C': 3}","[0.67, 0.58, 1.0]",4.0
95,"[1, 2, 4]","[3, 3, 4]","[0.58, 0.46, 0.88]","[['A', 'B', 'D', 'C'], ['D', 'A', 'B', 'C'], ['A', 'D', 'C', 'B']]","{'A': 5, 'D': 4, 'B': 3, 'C': 3}","[0.67, 0.58, 1.0]",4.0
95,"[1, 2, 4]","[3, 3, 4]","[0.58, 0.46, 0.88]","[['A', 'B', 'D', 'C'], ['D', 'A', 'B', 'C'], ['C', 'A', 'D', 'B']]","{'A': 5, 'D': 4, 'B': 3, 'C': 3}","[0.67, 0.58, 1.0]",4.0
95,"[1, 2, 4]","[3, 3, 4]","[0.58, 0.46, 0.88]","[['A', 'B', 'D', 'C'], ['D', 'A', 'B', 'C'], ['C', 'D', 'A', 'B']]","{'A': 5, 'D': 4, 'B': 3, 'C': 3}","[0.67, 0.58, 1.0]",4.0
95,"[1, 2, 4]","[3, 3, 4]","[0.58, 0.46, 0.88]","[['A', 'B', 'D', 'C'], ['D', 'A', 'B', 'C'], ['D', 'A', 'C', 'B']]","{'A': 5, 'D': 4, 'B': 3, 'C': 3}","[0.67, 0.58, 1.0]",4.0
95,"[1, 2, 4]","[3, 3, 4]","[0.58, 0.46, 0.88]","[['A', 'B', 'D', 'C'], ['D', 'A', 'B', 'C'], ['D', 'C', 'A', 'B']]","{'A': 5, 'D': 4, 'B': 3, 'C': 3}","[0.67, 0.58, 1.0]",4.0
95,"[1, 2, 4]","[3, 3, 4]","[0.58, 0.46, 0.88]","[['A', 'B', 'D', 'C'], ['D', 'A', 'C', 'B'], ['A', 'B', 'D', 'C']]","{'A': 5, 'D': 4, 'B': 3, 'C': 3}","[0.67, 0.58, 1.0]",4.0
95,"[1, 2, 4]","[3, 3, 4]","[0.58, 0.46, 0.88]","[['A', 'B', 'D', 'C'], ['D', 'A', 'C', 'B'], ['A', 'D', 'B', 'C']]","{'A': 5, 'D': 4, 'B': 3, 'C': 3}","[0.67, 0.58, 1.0]",4.0
95,"[1, 2, 4]","[3, 3, 4]","[0.58, 0.46, 0.88]","[['A', 'B', 'D', 'C'], ['D', 'A', 'C', 'B'], ['B', 'A', 'D', 'C']]","{'A': 5, 'D': 4, 'B': 3, 'C': 3}","[0.67, 0.58, 1.0]",4.0
95,"[1, 2, 4]","[3, 3, 4]","[0.58, 0.46, 0.88]","[['A', 'B', 'D', 'C'], ['D', 'A', 'C', 'B'], ['B', 'D', 'A', 'C']]","{'A': 5, 'D': 4, 'B': 3, 'C': 3}","[0.67, 0.58, 1.0]",4.0
95,"[1, 2, 4]","[3, 3, 4]","[0.58, 0.46, 0.88]","[['A', 'B', 'D', 'C'], ['D', 'A', 'C', 'B'], ['D', 'A', 'B', 'C']]","{'A': 5, 'D': 4, 'B': 3, 'C': 3}","[0.67, 0.58, 1.0]",4.0
95,"[1, 2, 4]","[3, 3, 4]","[0.58, 0.46, 0.88]","[['A', 'B', 'D', 'C'], ['D', 'A', 'C', 'B'], ['D', 'B', 'A', 'C']]","{'A': 5, 'D': 4, 'B': 3, 'C': 3}","[0.67, 0.58, 1.0]",4.0
95,"[1, 2, 4]","[3, 3, 4]","[0.58, 0.46, 0.88]","[['A', 'B', 'D', 'C'], ['D', 'B', 'A', 'C'], ['A', 'C', 'D', 'B']]","{'A': 5, 'D': 4, 'B': 3, 'C': 3}","[0.67, 0.58, 1.0]",4.0
95,"[1, 2, 4]","[3, 3, 4]","[0.58, 0.46, 0.88]","[['A', 'B', 'D', 'C'], ['D', 'B', 'A', 'C'], ['A', 'D', 'C', 'B']]","{'A': 5, 'D': 4, 'B': 3, 'C': 3}","[0.67, 0.58, 1.0]",4.0
95,"[1, 2, 4]","[3, 3, 4]","[0.58, 0.46, 0.88]","[['A', 'B', 'D', 'C'], ['D', 'B', 'A', 'C'], ['C', 'A', 'D', 'B']]","{'A': 5, 'D': 4, 'B': 3, 'C': 3}","[0.67, 0.58, 1.0]",4.0
95,"[1, 2, 4]","[3, 3, 4]","[0.58, 0.46, 0.88]","[['A', 'B', 'D', 'C'], ['D', 'B', 'A', 'C'], ['C', 'D', 'A', 'B']]","{'A': 5, 'D': 4, 'B': 3, 'C': 3}","[0.67, 0.58, 1.0]",4.0
95,"[1, 2, 4]","[3, 3, 4]","[0.58, 0.46, 0.88]","[['A', 'B', 'D', 'C'], ['D', 'B', 'A', 'C'], ['D', 'A', 'C', 'B']]","{'A': 5, 'D': 4, 'B': 3, 'C': 3}","[0.67, 0.58, 1.0]",4.0
95,"[1, 2, 4]","[3, 3, 4]","[0.58, 0.46, 0.88]","[['A', 'B', 'D', 'C'], ['D', 'B', 'A', 'C'], ['D', 'C', 'A', 'B']]","{'A': 5, 'D': 4, 'B': 3, 'C': 3}","[0.67, 0.58, 1.0]",4.0
95,"[1, 2, 4]","[3, 3, 4]","[0.58, 0.46, 0.88]","[['A', 'B', 'D', 'C'], ['D', 'C', 'A', 'B'], ['A', 'B', 'D', 'C']]","{'A': 5, 'D': 4, 'B': 3, 'C': 3}","[0.67, 0.58, 1.0]",4.0
95,"[1, 2, 4]","[3, 3, 4]","[0.58, 0.46, 0.88]","[['A', 'B', 'D', 'C'], ['D', 'C', 'A', 'B'], ['A', 'D', 'B', 'C']]","{'A': 5, 'D': 4, 'B': 3, 'C': 3}","[0.67, 0.58, 1.0]",4.0
95,"[1, 2, 4]","[3, 3, 4]","[0.58, 0.46, 0.88]","[['A', 'B', 'D', 'C'], ['D', 'C', 'A', 'B'], ['B', 'A', 'D', 'C']]","{'A': 5, 'D': 4, 'B': 3, 'C': 3}","[0.67, 0.58, 1.0]",4.0
95,"[1, 2, 4]","[3, 3, 4]","[0.58, 0.46, 0.88]","[['A', 'B', 'D', 'C'], ['D', 'C', 'A', 'B'], ['B', 'D', 'A', 'C']]","{'A': 5, 'D': 4, 'B': 3, 'C': 3}","[0.67, 0.58, 1.0]",4.0
95,"[1, 2, 4]","[3, 3, 4]","[0.58, 0.46, 0.88]","[['A', 'B', 'D', 'C'], ['D', 'C', 'A', 'B'], ['D', 'A', 'B', 'C']]","{'A': 5, 'D': 4, 'B': 3, 'C': 3}","[0.67, 0.58, 1.0]",4.0
95,"[1, 2, 4]","[3, 3, 4]","[0.58, 0.46, 0.88]","[['A', 'B', 'D', 'C'], ['D', 'C', 'A', 'B'], ['D', 'B', 'A', 'C']]","{'A': 5, 'D': 4, 'B': 3, 'C': 3}","[0.67, 0.58, 1.0]",4.0
95,"[1, 2, 4]","[3, 3, 4]","[0.58, 0.46, 0.88]","[['A', 'C', 'D', 'B'], ['A', 'B', 'D', 'C'], ['A', 'B', 'D', 'C']]","{'A': 5, 'D': 4, 'B': 3, 'C': 3}","[0.67, 0.58, 1.0]",4.0
95,"[1, 2, 4]","[3, 3, 4]","[0.58, 0.46, 0.88]","[['A', 'C', 'D', 'B'], ['A', 'B', 'D', 'C'], ['A', 'D', 'B', 'C']]","{'A': 5, 'D': 4, 'B': 3, 'C': 3}","[0.67, 0.58, 1.0]",4.0
95,"[1, 2, 4]","[3, 3, 4]","[0.58, 0.46, 0.88]","[['A', 'C', 'D', 'B'], ['A', 'B', 'D', 'C'], ['B', 'A', 'D', 'C']]","{'A': 5, 'D': 4, 'B': 3, 'C': 3}","[0.67, 0.58, 1.0]",4.0
95,"[1, 2, 4]","[3, 3, 4]","[0.58, 0.46, 0.88]","[['A', 'C', 'D', 'B'], ['A', 'B', 'D', 'C'], ['B', 'D', 'A', 'C']]","{'A': 5, 'D': 4, 'B': 3, 'C': 3}","[0.67, 0.58, 1.0]",4.0
95,"[1, 2, 4]","[3, 3, 4]","[0.58, 0.46, 0.88]","[['A', 'C', 'D', 'B'], ['A', 'B', 'D', 'C'], ['D', 'A', 'B', 'C']]","{'A': 5, 'D': 4, 'B': 3, 'C': 3}","[0.67, 0.58, 1.0]",4.0
95,"[1, 2, 4]","[3, 3, 4]","[0.58, 0.46, 0.88]","[['A', 'C', 'D', 'B'], ['A', 'B', 'D', 'C'], ['D', 'B', 'A', 'C']]","{'A': 5, 'D': 4, 'B': 3, 'C': 3}","[0.67, 0.58, 1.0]",4.0
95,"[1, 2, 4]","[3, 3, 4]","[0.58, 0.46, 0.88]","[['A', 'C', 'D', 'B'], ['A', 'D', 'B', 'C'], ['A', 'B', 'D', 'C']]","{'A': 5, 'D': 4, 'B': 3, 'C': 3}","[0.67, 0.58, 1.0]",4.0
95,"[1, 2, 4]","[3, 3, 4]","[0.58, 0.46, 0.88]","[['A', 'C', 'D', 'B'], ['A', 'D', 'B', 'C'], ['A', 'D', 'B', 'C']]","{'A': 5, 'D': 4, 'B': 3, 'C': 3}","[0.67, 0.58, 1.0]",4.0
95,"[1, 2, 4]","[3, 3, 4]","[0.58, 0.46, 0.88]","[['A', 'C', 'D', 'B'], ['A', 'D', 'B', 'C'], ['B', 'A', 'D', 'C']]","{'A': 5, 'D': 4, 'B': 3, 'C': 3}","[0.67, 0.58, 1.0]",4.0
95,"[1, 2, 4]","[3, 3, 4]","[0.58, 0.46, 0.88]","[['A', 'C', 'D', 'B'], ['A', 'D', 'B', 'C'], ['B', 'D', 'A', 'C']]","{'A': 5, 'D': 4, 'B': 3, 'C': 3}","[0.67, 0.58, 1.0]",4.0
95,"[1, 2, 4]","[3, 3, 4]","[0.58, 0.46, 0.88]","[['A', 'C', 'D', 'B'], ['A', 'D', 'B', 'C'], ['D', 'A', 'B', 'C']]","{'A': 5, 'D': 4, 'B': 3, 'C': 3}","[0.67, 0.58, 1.0]",4.0
95,"[1, 2, 4]","[3, 3, 4]","[0.58, 0.46, 0.88]","[['A', 'C', 'D', 'B'], ['A', 'D', 'B', 'C'], ['D', 'B', 'A', 'C']]","{'A': 5, 'D': 4, 'B': 3, 'C': 3}","[0.67, 0.58, 1.0]",4.0
95,"[1, 2, 4]","[3, 3, 4]","[0.58, 0.46, 0.88]","[['A', 'C', 'D', 'B'], ['B', 'A', 'D', 'C'], ['A', 'B', 'D', 'C']]","{'A': 5, 'D': 4, 'B': 3, 'C': 3}","[0.67, 0.58, 1.0]",4.0
95,"[1, 2, 4]","[3, 3, 4]","[0.58, 0.46, 0.88]","[['A', 'C', 'D', 'B'], ['B', 'A', 'D', 'C'], ['A', 'D', 'B', 'C']]","{'A': 5, 'D': 4, 'B': 3, 'C': 3}","[0.67, 0.58, 1.0]",4.0
95,"[1, 2, 4]","[3, 3, 4]","[0.58, 0.46, 0.88]","[['A', 'C', 'D', 'B'], ['B', 'A', 'D', 'C'], ['B', 'A', 'D', 'C']]","{'A': 5, 'D': 4, 'B': 3, 'C': 3}","[0.67, 0.58, 1.0]",4.0
95,"[1, 2, 4]","[3, 3, 4]","[0.58, 0.46, 0.88]","[['A', 'C', 'D', 'B'], ['B', 'A', 'D', 'C'], ['B', 'D', 'A', 'C']]","{'A': 5, 'D': 4, 'B': 3, 'C': 3}","[0.67, 0.58, 1.0]",4.0
95,"[1, 2, 4]","[3, 3, 4]","[0.58, 0.46, 0.88]","[['A', 'C', 'D', 'B'], ['B', 'A', 'D', 'C'], ['D', 'A', 'B', 'C']]","{'A': 5, 'D': 4, 'B': 3, 'C': 3}","[0.67, 0.58, 1.0]",4.0
95,"[1, 2, 4]","[3, 3, 4]","[0.58, 0.46, 0.88]","[['A', 'C', 'D', 'B'], ['B', 'A', 'D', 'C'], ['D', 'B', 'A', 'C']]","{'A': 5, 'D': 4, 'B': 3, 'C': 3}","[0.67, 0.58, 1.0]",4.0
95,"[1, 2, 4]","[3, 3, 4]","[0.58, 0.46, 0.88]","[['A', 'C', 'D', 'B'], ['B', 'D', 'A', 'C'], ['A', 'B', 'D', 'C']]","{'A': 5, 'D': 4, 'B': 3, 'C': 3}","[0.67, 0.58, 1.0]",4.0
95,"[1, 2, 4]","[3, 3, 4]","[0.58, 0.46, 0.88]","[['A', 'C', 'D', 'B'], ['B', 'D', 'A', 'C'], ['A', 'D', 'B', 'C']]","{'A': 5, 'D': 4, 'B': 3, 'C': 3}","[0.67, 0.58, 1.0]",4.0
95,"[1, 2, 4]","[3, 3, 4]","[0.58, 0.46, 0.88]","[['A', 'C', 'D', 'B'], ['B', 'D', 'A', 'C'], ['B', 'A', 'D', 'C']]","{'A': 5, 'D': 4, 'B': 3, 'C': 3}","[0.67, 0.58, 1.0]",4.0
95,"[1, 2, 4]","[3, 3, 4]","[0.58, 0.46, 0.88]","[['A', 'C', 'D', 'B'], ['B', 'D', 'A', 'C'], ['B', 'D', 'A', 'C']]","{'A': 5, 'D': 4, 'B': 3, 'C': 3}","[0.67, 0.58, 1.0]",4.0
95,"[1, 2, 4]","[3, 3, 4]","[0.58, 0.46, 0.88]","[['A', 'C', 'D', 'B'], ['B', 'D', 'A', 'C'], ['D', 'A', 'B', 'C']]","{'A': 5, 'D': 4, 'B': 3, 'C': 3}","[0.67, 0.58, 1.0]",4.0
95,"[1, 2, 4]","[3, 3, 4]","[0.58, 0.46, 0.88]","[['A', 'C', 'D', 'B'], ['B', 'D', 'A', 'C'], ['D', 'B', 'A', 'C']]","{'A': 5, 'D': 4, 'B': 3, 'C': 3}","[0.67, 0.58, 1.0]",4.0
95,"[1, 2, 4]","[3, 3, 4]","[0.58, 0.46, 0.88]","[['A', 'C', 'D', 'B'], ['D', 'A', 'B', 'C'], ['A', 'B', 'D', 'C']]","{'A': 5, 'D': 4, 'B': 3, 'C': 3}","[0.67, 0.58, 1.0]",4.0
95,"[1, 2, 4]","[3, 3, 4]","[0.58, 0.46, 0.88]","[['A', 'C', 'D', 'B'], ['D', 'A', 'B', 'C'], ['A', 'D', 'B', 'C']]","{'A': 5, 'D': 4, 'B': 3, 'C': 3}","[0.67, 0.58, 1.0]",4.0
95,"[1, 2, 4]","[3, 3, 4]","[0.58, 0.46, 0.88]","[['A', 'C', 'D', 'B'], ['D', 'A', 'B', 'C'], ['B', 'A', 'D', 'C']]","{'A': 5, 'D': 4, 'B': 3, 'C': 3}","[0.67, 0.58, 1.0]",4.0
95,"[1, 2, 4]","[3, 3, 4]","[0.58, 0.46, 0.88]","[['A', 'C', 'D', 'B'], ['D', 'A', 'B', 'C'], ['B', 'D', 'A', 'C']]","{'A': 5, 'D': 4, 'B': 3, 'C': 3}","[0.67, 0.58, 1.0]",4.0
95,"[1, 2, 4]","[3, 3, 4]","[0.58, 0.46, 0.88]","[['A', 'C', 'D', 'B'], ['D', 'A', 'B', 'C'], ['D', 'A', 'B', 'C']]","{'A': 5, 'D': 4, 'B': 3, 'C': 3}","[0.67, 0.58, 1.0]",4.0
95,"[1, 2, 4]","[3, 3, 4]","[0.58, 0.46, 0.88]","[['A', 'C', 'D', 'B'], ['D', 'A', 'B', 'C'], ['D', 'B', 'A', 'C']]","{'A': 5, 'D': 4, 'B': 3, 'C': 3}","[0.67, 0.58, 1.0]",4.0
95,"[1, 2, 4]","[3, 3, 4]","[0.58, 0.46, 0.88]","[['A', 'C', 'D', 'B'], ['D', 'B', 'A', 'C'], ['A', 'B', 'D', 'C']]","{'A': 5, 'D': 4, 'B': 3, 'C': 3}","[0.67, 0.58, 1.0]",4.0
95,"[1, 2, 4]","[3, 3, 4]","[0.58, 0.46, 0.88]","[['A', 'C', 'D', 'B'], ['D', 'B', 'A', 'C'], ['A', 'D', 'B', 'C']]","{'A': 5, 'D': 4, 'B': 3, 'C': 3}","[0.67, 0.58, 1.0]",4.0
95,"[1, 2, 4]","[3, 3, 4]","[0.58, 0.46, 0.88]","[['A', 'C', 'D', 'B'], ['D', 'B', 'A', 'C'], ['B', 'A', 'D', 'C']]","{'A': 5, 'D': 4, 'B': 3, 'C': 3}","[0.67, 0.58, 1.0]",4.0
95,"[1, 2, 4]","[3, 3, 4]","[0.58, 0.46, 0.88]","[['A', 'C', 'D', 'B'], ['D', 'B', 'A', 'C'], ['B', 'D', 'A', 'C']]","{'A': 5, 'D': 4, 'B': 3, 'C': 3}","[0.67, 0.58, 1.0]",4.0
95,"[1, 2, 4]","[3, 3, 4]","[0.58, 0.46, 0.88]","[['A', 'C', 'D', 'B'], ['D', 'B', 'A', 'C'], ['D', 'A', 'B', 'C']]","{'A': 5, 'D': 4, 'B': 3, 'C': 3}","[0.67, 0.58, 1.0]",4.0
95,"[1, 2, 4]","[3, 3, 4]","[0.58, 0.46, 0.88]","[['A', 'C', 'D', 'B'], ['D', 'B', 'A', 'C'], ['D', 'B', 'A', 'C']]","{'A': 5, 'D': 4, 'B': 3, 'C': 3}","[0.67, 0.58, 1.0]",4.0
95,"[1, 2, 4]","[3, 3, 4]","[0.58, 0.46, 0.88]","[['A', 'D', 'B', 'C'], ['A', 'B', 'D', 'C'], ['A', 'C', 'D', 'B']]","{'A': 5, 'D': 4, 'B': 3, 'C': 3}","[0.67, 0.58, 1.0]",4.0
95,"[1, 2, 4]","[3, 3, 4]","[0.58, 0.46, 0.88]","[['A', 'D', 'B', 'C'], ['A', 'B', 'D', 'C'], ['A', 'D', 'C', 'B']]","{'A': 5, 'D': 4, 'B': 3, 'C': 3}","[0.67, 0.58, 1.0]",4.0
95,"[1, 2, 4]","[3, 3, 4]","[0.58, 0.46, 0.88]","[['A', 'D', 'B', 'C'], ['A', 'B', 'D', 'C'], ['C', 'A', 'D', 'B']]","{'A': 5, 'D': 4, 'B': 3, 'C': 3}","[0.67, 0.58, 1.0]",4.0
95,"[1, 2, 4]","[3, 3, 4]","[0.58, 0.46, 0.88]","[['A', 'D', 'B', 'C'], ['A', 'B', 'D', 'C'], ['C', 'D', 'A', 'B']]","{'A': 5, 'D': 4, 'B': 3, 'C': 3}","[0.67, 0.58, 1.0]",4.0
95,"[1, 2, 4]","[3, 3, 4]","[0.58, 0.46, 0.88]","[['A', 'D', 'B', 'C'], ['A', 'B', 'D', 'C'], ['D', 'A', 'C', 'B']]","{'A': 5, 'D': 4, 'B': 3, 'C': 3}","[0.67, 0.58, 1.0]",4.0
95,"[1, 2, 4]","[3, 3, 4]","[0.58, 0.46, 0.88]","[['A', 'D', 'B', 'C'], ['A', 'B', 'D', 'C'], ['D', 'C', 'A', 'B']]","{'A': 5, 'D': 4, 'B': 3, 'C': 3}","[0.67, 0.58, 1.0]",4.0
95,"[1, 2, 4]","[3, 3, 4]","[0.58, 0.46, 0.88]","[['A', 'D', 'B', 'C'], ['A', 'C', 'D', 'B'], ['A', 'B', 'D', 'C']]","{'A': 5, 'D': 4, 'B': 3, 'C': 3}","[0.67, 0.58, 1.0]",4.0
95,"[1, 2, 4]","[3, 3, 4]","[0.58, 0.46, 0.88]","[['A', 'D', 'B', 'C'], ['A', 'C', 'D', 'B'], ['A', 'D', 'B', 'C']]","{'A': 5, 'D': 4, 'B': 3, 'C': 3}","[0.67, 0.58, 1.0]",4.0
95,"[1, 2, 4]","[3, 3, 4]","[0.58, 0.46, 0.88]","[['A', 'D', 'B', 'C'], ['A', 'C', 'D', 'B'], ['B', 'A', 'D', 'C']]","{'A': 5, 'D': 4, 'B': 3, 'C': 3}","[0.67, 0.58, 1.0]",4.0
95,"[1, 2, 4]","[3, 3, 4]","[0.58, 0.46, 0.88]","[['A', 'D', 'B', 'C'], ['A', 'C', 'D', 'B'], ['B', 'D', 'A', 'C']]","{'A': 5, 'D': 4, 'B': 3, 'C': 3}","[0.67, 0.58, 1.0]",4.0
95,"[1, 2, 4]","[3, 3, 4]","[0.58, 0.46, 0.88]","[['A', 'D', 'B', 'C'], ['A', 'C', 'D', 'B'], ['D', 'A', 'B', 'C']]","{'A': 5, 'D': 4, 'B': 3, 'C': 3}","[0.67, 0.58, 1.0]",4.0
95,"[1, 2, 4]","[3, 3, 4]","[0.58, 0.46, 0.88]","[['A', 'D', 'B', 'C'], ['A', 'C', 'D', 'B'], ['D', 'B', 'A', 'C']]","{'A': 5, 'D': 4, 'B': 3, 'C': 3}","[0.67, 0.58, 1.0]",4.0
95,"[1, 2, 4]","[3, 3, 4]","[0.58, 0.46, 0.88]","[['A', 'D', 'B', 'C'], ['A', 'D', 'B', 'C'], ['A', 'C', 'D', 'B']]","{'A': 5, 'D': 4, 'B': 3, 'C': 3}","[0.67, 0.58, 1.0]",4.0
95,"[1, 2, 4]","[3, 3, 4]","[0.58, 0.46, 0.88]","[['A', 'D', 'B', 'C'], ['A', 'D', 'B', 'C'], ['A', 'D', 'C', 'B']]","{'A': 5, 'D': 4, 'B': 3, 'C': 3}","[0.67, 0.58, 1.0]",4.0
95,"[1, 2, 4]","[3, 3, 4]","[0.58, 0.46, 0.88]","[['A', 'D', 'B', 'C'], ['A', 'D', 'B', 'C'], ['C', 'A', 'D', 'B']]","{'A': 5, 'D': 4, 'B': 3, 'C': 3}","[0.67, 0.58, 1.0]",4.0
95,"[1, 2, 4]","[3, 3, 4]","[0.58, 0.46, 0.88]","[['A', 'D', 'B', 'C'], ['A', 'D', 'B', 'C'], ['C', 'D', 'A', 'B']]","{'A': 5, 'D': 4, 'B': 3, 'C': 3}","[0.67, 0.58, 1.0]",4.0
95,"[1, 2, 4]","[3, 3, 4]","[0.58, 0.46, 0.88]","[['A', 'D', 'B', 'C'], ['A', 'D', 'B', 'C'], ['D', 'A', 'C', 'B']]","{'A': 5, 'D': 4, 'B': 3, 'C': 3}","[0.67, 0.58, 1.0]",4.0
95,"[1, 2, 4]","[3, 3, 4]","[0.58, 0.46, 0.88]","[['A', 'D', 'B', 'C'], ['A', 'D', 'B', 'C'], ['D', 'C', 'A', 'B']]","{'A': 5, 'D': 4, 'B': 3, 'C': 3}","[0.67, 0.58, 1.0]",4.0
95,"[1, 2, 4]","[3, 3, 4]","[0.58, 0.46, 0.88]","[['A', 'D', 'B', 'C'], ['A', 'D', 'C', 'B'], ['A', 'B', 'D', 'C']]","{'A': 5, 'D': 4, 'B': 3, 'C': 3}","[0.67, 0.58, 1.0]",4.0
95,"[1, 2, 4]","[3, 3, 4]","[0.58, 0.46, 0.88]","[['A', 'D', 'B', 'C'], ['A', 'D', 'C', 'B'], ['A', 'D', 'B', 'C']]","{'A': 5, 'D': 4, 'B': 3, 'C': 3}","[0.67, 0.58, 1.0]",4.0
95,"[1, 2, 4]","[3, 3, 4]","[0.58, 0.46, 0.88]","[['A', 'D', 'B', 'C'], ['A', 'D', 'C', 'B'], ['B', 'A', 'D', 'C']]","{'A': 5, 'D': 4, 'B': 3, 'C': 3}","[0.67, 0.58, 1.0]",4.0
95,"[1, 2, 4]","[3, 3, 4]","[0.58, 0.46, 0.88]","[['A', 'D', 'B', 'C'], ['A', 'D', 'C', 'B'], ['B', 'D', 'A', 'C']]","{'A': 5, 'D': 4, 'B': 3, 'C': 3}","[0.67, 0.58, 1.0]",4.0
95,"[1, 2, 4]","[3, 3, 4]","[0.58, 0.46, 0.88]","[['A', 'D', 'B', 'C'], ['A', 'D', 'C', 'B'], ['D', 'A', 'B', 'C']]","{'A': 5, 'D': 4, 'B': 3, 'C': 3}","[0.67, 0.58, 1.0]",4.0
95,"[1, 2, 4]","[3, 3, 4]","[0.58, 0.46, 0.88]","[['A', 'D', 'B', 'C'], ['A', 'D', 'C', 'B'], ['D', 'B', 'A', 'C']]","{'A': 5, 'D': 4, 'B': 3, 'C': 3}","[0.67, 0.58, 1.0]",4.0
95,"[1, 2, 4]","[3, 3, 4]","[0.58, 0.46, 0.88]","[['A', 'D', 'B', 'C'], ['B', 'A', 'D', 'C'], ['A', 'C', 'D', 'B']]","{'A': 5, 'D': 4, 'B': 3, 'C': 3}","[0.67, 0.58, 1.0]",4.0
95,"[1, 2, 4]","[3, 3, 4]","[0.58, 0.46, 0.88]","[['A', 'D', 'B', 'C'], ['B', 'A', 'D', 'C'], ['A', 'D', 'C', 'B']]","{'A': 5, 'D': 4, 'B': 3, 'C': 3}","[0.67, 0.58, 1.0]",4.0
95,"[1, 2, 4]","[3, 3, 4]","[0.58, 0.46, 0.88]","[['A', 'D', 'B', 'C'], ['B', 'A', 'D', 'C'], ['C', 'A', 'D', 'B']]","{'A': 5, 'D': 4, 'B': 3, 'C': 3}","[0.67, 0.58, 1.0]",4.0
95,"[1, 2, 4]","[3, 3, 4]","[0.58, 0.46, 0.88]","[['A', 'D', 'B', 'C'], ['B', 'A', 'D', 'C'], ['C', 'D', 'A', 'B']]","{'A': 5, 'D': 4, 'B': 3, 'C': 3}","[0.67, 0.58, 1.0]",4.0
95,"[1, 2, 4]","[3, 3, 4]","[0.58, 0.46, 0.88]","[['A', 'D', 'B', 'C'], ['B', 'A', 'D', 'C'], ['D', 'A', 'C', 'B']]","{'A': 5, 'D': 4, 'B': 3, 'C': 3}","[0.67, 0.58, 1.0]",4.0
95,"[1, 2, 4]","[3, 3, 4]","[0.58, 0.46, 0.88]","[['A', 'D', 'B', 'C'], ['B', 'A', 'D', 'C'], ['D', 'C', 'A', 'B']]","{'A': 5, 'D': 4, 'B': 3, 'C': 3}","[0.67, 0.58, 1.0]",4.0
95,"[1, 2, 4]","[3, 3, 4]","[0.58, 0.46, 0.88]","[['A', 'D', 'B', 'C'], ['B', 'D', 'A', 'C'], ['A', 'C', 'D', 'B']]","{'A': 5, 'D': 4, 'B': 3, 'C': 3}","[0.67, 0.58, 1.0]",4.0
95,"[1, 2, 4]","[3, 3, 4]","[0.58, 0.46, 0.88]","[['A', 'D', 'B', 'C'], ['B', 'D', 'A', 'C'], ['A', 'D', 'C', 'B']]","{'A': 5, 'D': 4, 'B': 3, 'C': 3}","[0.67, 0.58, 1.0]",4.0
95,"[1, 2, 4]","[3, 3, 4]","[0.58, 0.46, 0.88]","[['A', 'D', 'B', 'C'], ['B', 'D', 'A', 'C'], ['C', 'A', 'D', 'B']]","{'A': 5, 'D': 4, 'B': 3, 'C': 3}","[0.67, 0.58, 1.0]",4.0
95,"[1, 2, 4]","[3, 3, 4]","[0.58, 0.46, 0.88]","[['A', 'D', 'B', 'C'], ['B', 'D', 'A', 'C'], ['C', 'D', 'A', 'B']]","{'A': 5, 'D': 4, 'B': 3, 'C': 3}","[0.67, 0.58, 1.0]",4.0
95,"[1, 2, 4]","[3, 3, 4]","[0.58, 0.46, 0.88]","[['A', 'D', 'B', 'C'], ['B', 'D', 'A', 'C'], ['D', 'A', 'C', 'B']]","{'A': 5, 'D': 4, 'B': 3, 'C': 3}","[0.67, 0.58, 1.0]",4.0
95,"[1, 2, 4]","[3, 3, 4]","[0.58, 0.46, 0.88]","[['A', 'D', 'B', 'C'], ['B', 'D', 'A', 'C'], ['D', 'C', 'A', 'B']]","{'A': 5, 'D': 4, 'B': 3, 'C': 3}","[0.67, 0.58, 1.0]",4.0
95,"[1, 2, 4]","[3, 3, 4]","[0.58, 0.46, 0.88]","[['A', 'D', 'B', 'C'], ['C', 'A', 'D', 'B'], ['A', 'B', 'D', 'C']]","{'A': 5, 'D': 4, 'B': 3, 'C': 3}","[0.67, 0.58, 1.0]",4.0
95,"[1, 2, 4]","[3, 3, 4]","[0.58, 0.46, 0.88]","[['A', 'D', 'B', 'C'], ['C', 'A', 'D', 'B'], ['A', 'D', 'B', 'C']]","{'A': 5, 'D': 4, 'B': 3, 'C': 3}","[0.67, 0.58, 1.0]",4.0
95,"[1, 2, 4]","[3, 3, 4]","[0.58, 0.46, 0.88]","[['A', 'D', 'B', 'C'], ['C', 'A', 'D', 'B'], ['B', 'A', 'D', 'C']]","{'A': 5, 'D': 4, 'B': 3, 'C': 3}","[0.67, 0.58, 1.0]",4.0
95,"[1, 2, 4]","[3, 3, 4]","[0.58, 0.46, 0.88]","[['A', 'D', 'B', 'C'], ['C', 'A', 'D', 'B'], ['B', 'D', 'A', 'C']]","{'A': 5, 'D': 4, 'B': 3, 'C': 3}","[0.67, 0.58, 1.0]",4.0
95,"[1, 2, 4]","[3, 3, 4]","[0.58, 0.46, 0.88]","[['A', 'D', 'B', 'C'], ['C', 'A', 'D', 'B'], ['D', 'A', 'B', 'C']]","{'A': 5, 'D': 4, 'B': 3, 'C': 3}","[0.67, 0.58, 1.0]",4.0
95,"[1, 2, 4]","[3, 3, 4]","[0.58, 0.46, 0.88]","[['A', 'D', 'B', 'C'], ['C', 'A', 'D', 'B'], ['D', 'B', 'A', 'C']]","{'A': 5, 'D': 4, 'B': 3, 'C': 3}","[0.67, 0.58, 1.0]",4.0
95,"[1, 2, 4]","[3, 3, 4]","[0.58, 0.46, 0.88]","[['A', 'D', 'B', 'C'], ['C', 'D', 'A', 'B'], ['A', 'B', 'D', 'C']]","{'A': 5, 'D': 4, 'B': 3, 'C': 3}","[0.67, 0.58, 1.0]",4.0
95,"[1, 2, 4]","[3, 3, 4]","[0.58, 0.46, 0.88]","[['A', 'D', 'B', 'C'], ['C', 'D', 'A', 'B'], ['A', 'D', 'B', 'C']]","{'A': 5, 'D': 4, 'B': 3, 'C': 3}","[0.67, 0.58, 1.0]",4.0
95,"[1, 2, 4]","[3, 3, 4]","[0.58, 0.46, 0.88]","[['A', 'D', 'B', 'C'], ['C', 'D', 'A', 'B'], ['B', 'A', 'D', 'C']]","{'A': 5, 'D': 4, 'B': 3, 'C': 3}","[0.67, 0.58, 1.0]",4.0
95,"[1, 2, 4]","[3, 3, 4]","[0.58, 0.46, 0.88]","[['A', 'D', 'B', 'C'], ['C', 'D', 'A', 'B'], ['B', 'D', 'A', 'C']]","{'A': 5, 'D': 4, 'B': 3, 'C': 3}","[0.67, 0.58, 1.0]",4.0
95,"[1, 2, 4]","[3, 3, 4]","[0.58, 0.46, 0.88]","[['A', 'D', 'B', 'C'], ['C', 'D', 'A', 'B'], ['D', 'A', 'B', 'C']]","{'A': 5, 'D': 4, 'B': 3, 'C': 3}","[0.67, 0.58, 1.0]",4.0
95,"[1, 2, 4]","[3, 3, 4]","[0.58, 0.46, 0.88]","[['A', 'D', 'B', 'C'], ['C', 'D', 'A', 'B'], ['D', 'B', 'A', 'C']]","{'A': 5, 'D': 4, 'B': 3, 'C': 3}","[0.67, 0.58, 1.0]",4.0
95,"[1, 2, 4]","[3, 3, 4]","[0.58, 0.46, 0.88]","[['A', 'D', 'B', 'C'], ['D', 'A', 'B', 'C'], ['A', 'C', 'D', 'B']]","{'A': 5, 'D': 4, 'B': 3, 'C': 3}","[0.67, 0.58, 1.0]",4.0
95,"[1, 2, 4]","[3, 3, 4]","[0.58, 0.46, 0.88]","[['A', 'D', 'B', 'C'], ['D', 'A', 'B', 'C'], ['A', 'D', 'C', 'B']]","{'A': 5, 'D': 4, 'B': 3, 'C': 3}","[0.67, 0.58, 1.0]",4.0
95,"[1, 2, 4]","[3, 3, 4]","[0.58, 0.46, 0.88]","[['A', 'D', 'B', 'C'], ['D', 'A', 'B', 'C'], ['C', 'A', 'D', 'B']]","{'A': 5, 'D': 4, 'B': 3, 'C': 3}","[0.67, 0.58, 1.0]",4.0
95,"[1, 2, 4]","[3, 3, 4]","[0.58, 0.46, 0.88]","[['A', 'D', 'B', 'C'], ['D', 'A', 'B', 'C'], ['C', 'D', 'A', 'B']]","{'A': 5, 'D': 4, 'B': 3, 'C': 3}","[0.67, 0.58, 1.0]",4.0
95,"[1, 2, 4]","[3, 3, 4]","[0.58, 0.46, 0.88]","[['A', 'D', 'B', 'C'], ['D', 'A', 'B', 'C'], ['D', 'A', 'C', 'B']]","{'A': 5, 'D': 4, 'B': 3, 'C': 3}","[0.67, 0.58, 1.0]",4.0
95,"[1, 2, 4]","[3, 3, 4]","[0.58, 0.46, 0.88]","[['A', 'D', 'B', 'C'], ['D', 'A', 'B', 'C'], ['D', 'C', 'A', 'B']]","{'A': 5, 'D': 4, 'B': 3, 'C': 3}","[0.67, 0.58, 1.0]",4.0
95,"[1, 2, 4]","[3, 3, 4]","[0.58, 0.46, 0.88]","[['A', 'D', 'B', 'C'], ['D', 'A', 'C', 'B'], ['A', 'B', 'D', 'C']]","{'A': 5, 'D': 4, 'B': 3, 'C': 3}","[0.67, 0.58, 1.0]",4.0
95,"[1, 2, 4]","[3, 3, 4]","[0.58, 0.46, 0.88]","[['A', 'D', 'B', 'C'], ['D', 'A', 'C', 'B'], ['A', 'D', 'B', 'C']]","{'A': 5, 'D': 4, 'B': 3, 'C': 3}","[0.67, 0.58, 1.0]",4.0
95,"[1, 2, 4]","[3, 3, 4]","[0.58, 0.46, 0.88]","[['A', 'D', 'B', 'C'], ['D', 'A', 'C', 'B'], ['B', 'A', 'D', 'C']]","{'A': 5, 'D': 4, 'B': 3, 'C': 3}","[0.67, 0.58, 1.0]",4.0
95,"[1, 2, 4]","[3, 3, 4]","[0.58, 0.46, 0.88]","[['A', 'D', 'B', 'C'], ['D', 'A', 'C', 'B'], ['B', 'D', 'A', 'C']]","{'A': 5, 'D': 4, 'B': 3, 'C': 3}","[0.67, 0.58, 1.0]",4.0
95,"[1, 2, 4]","[3, 3, 4]","[0.58, 0.46, 0.88]","[['A', 'D', 'B', 'C'], ['D', 'A', 'C', 'B'], ['D', 'A', 'B', 'C']]","{'A': 5, 'D': 4, 'B': 3, 'C': 3}","[0.67, 0.58, 1.0]",4.0
95,"[1, 2, 4]","[3, 3, 4]","[0.58, 0.46, 0.88]","[['A', 'D', 'B', 'C'], ['D', 'A', 'C', 'B'], ['D', 'B', 'A', 'C']]","{'A': 5, 'D': 4, 'B': 3, 'C': 3}","[0.67, 0.58, 1.0]",4.0
95,"[1, 2, 4]","[3, 3, 4]","[0.58, 0.46, 0.88]","[['A', 'D', 'B', 'C'], ['D', 'B', 'A', 'C'], ['A', 'C', 'D', 'B']]","{'A': 5, 'D': 4, 'B': 3, 'C': 3}","[0.67, 0.58, 1.0]",4.0
95,"[1, 2, 4]","[3, 3, 4]","[0.58, 0.46, 0.88]","[['A', 'D', 'B', 'C'], ['D', 'B', 'A', 'C'], ['A', 'D', 'C', 'B']]","{'A': 5, 'D': 4, 'B': 3, 'C': 3}","[0.67, 0.58, 1.0]",4.0
95,"[1, 2, 4]","[3, 3, 4]","[0.58, 0.46, 0.88]","[['A', 'D', 'B', 'C'], ['D', 'B', 'A', 'C'], ['C', 'A', 'D', 'B']]","{'A': 5, 'D': 4, 'B': 3, 'C': 3}","[0.67, 0.58, 1.0]",4.0
95,"[1, 2, 4]","[3, 3, 4]","[0.58, 0.46, 0.88]","[['A', 'D', 'B', 'C'], ['D', 'B', 'A', 'C'], ['C', 'D', 'A', 'B']]","{'A': 5, 'D': 4, 'B': 3, 'C': 3}","[0.67, 0.58, 1.0]",4.0
95,"[1, 2, 4]","[3, 3, 4]","[0.58, 0.46, 0.88]","[['A', 'D', 'B', 'C'], ['D', 'B', 'A', 'C'], ['D', 'A', 'C', 'B']]","{'A': 5, 'D': 4, 'B': 3, 'C': 3}","[0.67, 0.58, 1.0]",4.0
95,"[1, 2, 4]","[3, 3, 4]","[0.58, 0.46, 0.88]","[['A', 'D', 'B', 'C'], ['D', 'B', 'A', 'C'], ['D', 'C', 'A', 'B']]","{'A': 5, 'D': 4, 'B': 3, 'C': 3}","[0.67, 0.58, 1.0]",4.0
95,"[1, 2, 4]","[3, 3, 4]","[0.58, 0.46, 0.88]","[['A', 'D', 'B', 'C'], ['D', 'C', 'A', 'B'], ['A', 'B', 'D', 'C']]","{'A': 5, 'D': 4, 'B': 3, 'C': 3}","[0.67, 0.58, 1.0]",4.0
95,"[1, 2, 4]","[3, 3, 4]","[0.58, 0.46, 0.88]","[['A', 'D', 'B', 'C'], ['D', 'C', 'A', 'B'], ['A', 'D', 'B', 'C']]","{'A': 5, 'D': 4, 'B': 3, 'C': 3}","[0.67, 0.58, 1.0]",4.0
95,"[1, 2, 4]","[3, 3, 4]","[0.58, 0.46, 0.88]","[['A', 'D', 'B', 'C'], ['D', 'C', 'A', 'B'], ['B', 'A', 'D', 'C']]","{'A': 5, 'D': 4, 'B': 3, 'C': 3}","[0.67, 0.58, 1.0]",4.0
95,"[1, 2, 4]","[3, 3, 4]","[0.58, 0.46, 0.88]","[['A', 'D', 'B', 'C'], ['D', 'C', 'A', 'B'], ['B', 'D', 'A', 'C']]","{'A': 5, 'D': 4, 'B': 3, 'C': 3}","[0.67, 0.58, 1.0]",4.0
95,"[1, 2, 4]","[3, 3, 4]","[0.58, 0.46, 0.88]","[['A', 'D', 'B', 'C'], ['D', 'C', 'A', 'B'], ['D', 'A', 'B', 'C']]","{'A': 5, 'D': 4, 'B': 3, 'C': 3}","[0.67, 0.58, 1.0]",4.0
95,"[1, 2, 4]","[3, 3, 4]","[0.58, 0.46, 0.88]","[['A', 'D', 'B', 'C'], ['D', 'C', 'A', 'B'], ['D', 'B', 'A', 'C']]","{'A': 5, 'D': 4, 'B': 3, 'C': 3}","[0.67, 0.58, 1.0]",4.0
95,"[1, 2, 4]","[3, 3, 4]","[0.58, 0.46, 0.88]","[['A', 'D', 'C', 'B'], ['A', 'B', 'D', 'C'], ['A', 'B', 'D', 'C']]","{'A': 5, 'D': 4, 'B': 3, 'C': 3}","[0.67, 0.58, 1.0]",4.0
95,"[1, 2, 4]","[3, 3, 4]","[0.58, 0.46, 0.88]","[['A', 'D', 'C', 'B'], ['A', 'B', 'D', 'C'], ['A', 'D', 'B', 'C']]","{'A': 5, 'D': 4, 'B': 3, 'C': 3}","[0.67, 0.58, 1.0]",4.0
95,"[1, 2, 4]","[3, 3, 4]","[0.58, 0.46, 0.88]","[['A', 'D', 'C', 'B'], ['A', 'B', 'D', 'C'], ['B', 'A', 'D', 'C']]","{'A': 5, 'D': 4, 'B': 3, 'C': 3}","[0.67, 0.58, 1.0]",4.0
95,"[1, 2, 4]","[3, 3, 4]","[0.58, 0.46, 0.88]","[['A', 'D', 'C', 'B'], ['A', 'B', 'D', 'C'], ['B', 'D', 'A', 'C']]","{'A': 5, 'D': 4, 'B': 3, 'C': 3}","[0.67, 0.58, 1.0]",4.0
95,"[1, 2, 4]","[3, 3, 4]","[0.58, 0.46, 0.88]","[['A', 'D', 'C', 'B'], ['A', 'B', 'D', 'C'], ['D', 'A', 'B', 'C']]","{'A': 5, 'D': 4, 'B': 3, 'C': 3}","[0.67, 0.58, 1.0]",4.0
95,"[1, 2, 4]","[3, 3, 4]","[0.58, 0.46, 0.88]","[['A', 'D', 'C', 'B'], ['A', 'B', 'D', 'C'], ['D', 'B', 'A', 'C']]","{'A': 5, 'D': 4, 'B': 3, 'C': 3}","[0.67, 0.58, 1.0]",4.0
95,"[1, 2, 4]","[3, 3, 4]","[0.58, 0.46, 0.88]","[['A', 'D', 'C', 'B'], ['A', 'D', 'B', 'C'], ['A', 'B', 'D', 'C']]","{'A': 5, 'D': 4, 'B': 3, 'C': 3}","[0.67, 0.58, 1.0]",4.0
95,"[1, 2, 4]","[3, 3, 4]","[0.58, 0.46, 0.88]","[['A', 'D', 'C', 'B'], ['A', 'D', 'B', 'C'], ['A', 'D', 'B', 'C']]","{'A': 5, 'D': 4, 'B': 3, 'C': 3}","[0.67, 0.58, 1.0]",4.0
95,"[1, 2, 4]","[3, 3, 4]","[0.58, 0.46, 0.88]","[['A', 'D', 'C', 'B'], ['A', 'D', 'B', 'C'], ['B', 'A', 'D', 'C']]","{'A': 5, 'D': 4, 'B': 3, 'C': 3}","[0.67, 0.58, 1.0]",4.0
95,"[1, 2, 4]","[3, 3, 4]","[0.58, 0.46, 0.88]","[['A', 'D', 'C', 'B'], ['A', 'D', 'B', 'C'], ['B', 'D', 'A', 'C']]","{'A': 5, 'D': 4, 'B': 3, 'C': 3}","[0.67, 0.58, 1.0]",4.0
95,"[1, 2, 4]","[3, 3, 4]","[0.58, 0.46, 0.88]","[['A', 'D', 'C', 'B'], ['A', 'D', 'B', 'C'], ['D', 'A', 'B', 'C']]","{'A': 5, 'D': 4, 'B': 3, 'C': 3}","[0.67, 0.58, 1.0]",4.0
95,"[1, 2, 4]","[3, 3, 4]","[0.58, 0.46, 0.88]","[['A', 'D', 'C', 'B'], ['A', 'D', 'B', 'C'], ['D', 'B', 'A', 'C']]","{'A': 5, 'D': 4, 'B': 3, 'C': 3}","[0.67, 0.58, 1.0]",4.0
95,"[1, 2, 4]","[3, 3, 4]","[0.58, 0.46, 0.88]","[['A', 'D', 'C', 'B'], ['B', 'A', 'D', 'C'], ['A', 'B', 'D', 'C']]","{'A': 5, 'D': 4, 'B': 3, 'C': 3}","[0.67, 0.58, 1.0]",4.0
95,"[1, 2, 4]","[3, 3, 4]","[0.58, 0.46, 0.88]","[['A', 'D', 'C', 'B'], ['B', 'A', 'D', 'C'], ['A', 'D', 'B', 'C']]","{'A': 5, 'D': 4, 'B': 3, 'C': 3}","[0.67, 0.58, 1.0]",4.0
95,"[1, 2, 4]","[3, 3, 4]","[0.58, 0.46, 0.88]","[['A', 'D', 'C', 'B'], ['B', 'A', 'D', 'C'], ['B', 'A', 'D', 'C']]","{'A': 5, 'D': 4, 'B': 3, 'C': 3}","[0.67, 0.58, 1.0]",4.0
95,"[1, 2, 4]","[3, 3, 4]","[0.58, 0.46, 0.88]","[['A', 'D', 'C', 'B'], ['B', 'A', 'D', 'C'], ['B', 'D', 'A', 'C']]","{'A': 5, 'D': 4, 'B': 3, 'C': 3}","[0.67, 0.58, 1.0]",4.0
95,"[1, 2, 4]","[3, 3, 4]","[0.58, 0.46, 0.88]","[['A', 'D', 'C', 'B'], ['B', 'A', 'D', 'C'], ['D', 'A', 'B', 'C']]","{'A': 5, 'D': 4, 'B': 3, 'C': 3}","[0.67, 0.58, 1.0]",4.0
95,"[1, 2, 4]","[3, 3, 4]","[0.58, 0.46, 0.88]","[['A', 'D', 'C', 'B'], ['B', 'A', 'D', 'C'], ['D', 'B', 'A', 'C']]","{'A': 5, 'D': 4, 'B': 3, 'C': 3}","[0.67, 0.58, 1.0]",4.0
95,"[1, 2, 4]","[3, 3, 4]","[0.58, 0.46, 0.88]","[['A', 'D', 'C', 'B'], ['B', 'D', 'A', 'C'], ['A', 'B', 'D', 'C']]","{'A': 5, 'D': 4, 'B': 3, 'C': 3}","[0.67, 0.58, 1.0]",4.0
95,"[1, 2, 4]","[3, 3, 4]","[0.58, 0.46, 0.88]","[['A', 'D', 'C', 'B'], ['B', 'D', 'A', 'C'], ['A', 'D', 'B', 'C']]","{'A': 5, 'D': 4, 'B': 3, 'C': 3}","[0.67, 0.58, 1.0]",4.0
95,"[1, 2, 4]","[3, 3, 4]","[0.58, 0.46, 0.88]","[['A', 'D', 'C', 'B'], ['B', 'D', 'A', 'C'], ['B', 'A', 'D', 'C']]","{'A': 5, 'D': 4, 'B': 3, 'C': 3}","[0.67, 0.58, 1.0]",4.0
95,"[1, 2, 4]","[3, 3, 4]","[0.58, 0.46, 0.88]","[['A', 'D', 'C', 'B'], ['B', 'D', 'A', 'C'], ['B', 'D', 'A', 'C']]","{'A': 5, 'D': 4, 'B': 3, 'C': 3}","[0.67, 0.58, 1.0]",4.0
95,"[1, 2, 4]","[3, 3, 4]","[0.58, 0.46, 0.88]","[['A', 'D', 'C', 'B'], ['B', 'D', 'A', 'C'], ['D', 'A', 'B', 'C']]","{'A': 5, 'D': 4, 'B': 3, 'C': 3}","[0.67, 0.58, 1.0]",4.0
95,"[1, 2, 4]","[3, 3, 4]","[0.58, 0.46, 0.88]","[['A', 'D', 'C', 'B'], ['B', 'D', 'A', 'C'], ['D', 'B', 'A', 'C']]","{'A': 5, 'D': 4, 'B': 3, 'C': 3}","[0.67, 0.58, 1.0]",4.0
95,"[1, 2, 4]","[3, 3, 4]","[0.58, 0.46, 0.88]","[['A', 'D', 'C', 'B'], ['D', 'A', 'B', 'C'], ['A', 'B', 'D', 'C']]","{'A': 5, 'D': 4, 'B': 3, 'C': 3}","[0.67, 0.58, 1.0]",4.0
95,"[1, 2, 4]","[3, 3, 4]","[0.58, 0.46, 0.88]","[['A', 'D', 'C', 'B'], ['D', 'A', 'B', 'C'], ['A', 'D', 'B', 'C']]","{'A': 5, 'D': 4, 'B': 3, 'C': 3}","[0.67, 0.58, 1.0]",4.0
95,"[1, 2, 4]","[3, 3, 4]","[0.58, 0.46, 0.88]","[['A', 'D', 'C', 'B'], ['D', 'A', 'B', 'C'], ['B', 'A', 'D', 'C']]","{'A': 5, 'D': 4, 'B': 3, 'C': 3}","[0.67, 0.58, 1.0]",4.0
95,"[1, 2, 4]","[3, 3, 4]","[0.58, 0.46, 0.88]","[['A', 'D', 'C', 'B'], ['D', 'A', 'B', 'C'], ['B', 'D', 'A', 'C']]","{'A': 5, 'D': 4, 'B': 3, 'C': 3}","[0.67, 0.58, 1.0]",4.0
95,"[1, 2, 4]","[3, 3, 4]","[0.58, 0.46, 0.88]","[['A', 'D', 'C', 'B'], ['D', 'A', 'B', 'C'], ['D', 'A', 'B', 'C']]","{'A': 5, 'D': 4, 'B': 3, 'C': 3}","[0.67, 0.58, 1.0]",4.0
95,"[1, 2, 4]","[3, 3, 4]","[0.58, 0.46, 0.88]","[['A', 'D', 'C', 'B'], ['D', 'A', 'B', 'C'], ['D', 'B', 'A', 'C']]","{'A': 5, 'D': 4, 'B': 3, 'C': 3}","[0.67, 0.58, 1.0]",4.0
95,"[1, 2, 4]","[3, 3, 4]","[0.58, 0.46, 0.88]","[['A', 'D', 'C', 'B'], ['D', 'B', 'A', 'C'], ['A', 'B', 'D', 'C']]","{'A': 5, 'D': 4, 'B': 3, 'C': 3}","[0.67, 0.58, 1.0]",4.0
95,"[1, 2, 4]","[3, 3, 4]","[0.58, 0.46, 0.88]","[['A', 'D', 'C', 'B'], ['D', 'B', 'A', 'C'], ['A', 'D', 'B', 'C']]","{'A': 5, 'D': 4, 'B': 3, 'C': 3}","[0.67, 0.58, 1.0]",4.0
95,"[1, 2, 4]","[3, 3, 4]","[0.58, 0.46, 0.88]","[['A', 'D', 'C', 'B'], ['D', 'B', 'A', 'C'], ['B', 'A', 'D', 'C']]","{'A': 5, 'D': 4, 'B': 3, 'C': 3}","[0.67, 0.58, 1.0]",4.0
95,"[1, 2, 4]","[3, 3, 4]","[0.58, 0.46, 0.88]","[['A', 'D', 'C', 'B'], ['D', 'B', 'A', 'C'], ['B', 'D', 'A', 'C']]","{'A': 5, 'D': 4, 'B': 3, 'C': 3}","[0.67, 0.58, 1.0]",4.0
95,"[1, 2, 4]","[3, 3, 4]","[0.58, 0.46, 0.88]","[['A', 'D', 'C', 'B'], ['D', 'B', 'A', 'C'], ['D', 'A', 'B', 'C']]","{'A': 5, 'D': 4, 'B': 3, 'C': 3}","[0.67, 0.58, 1.0]",4.0
95,"[1, 2, 4]","[3, 3, 4]","[0.58, 0.46, 0.88]","[['A', 'D', 'C', 'B'], ['D', 'B', 'A', 'C'], ['D', 'B', 'A', 'C']]","{'A': 5, 'D': 4, 'B': 3, 'C': 3}","[0.67, 0.58, 1.0]",4.0
95,"[1, 2, 4]","[3, 3, 4]","[0.58, 0.46, 0.88]","[['B', 'A', 'D', 'C'], ['A', 'B', 'D', 'C'], ['A', 'C', 'D', 'B']]","{'A': 5, 'D': 4, 'B': 3, 'C': 3}","[0.67, 0.58, 1.0]",4.0
95,"[1, 2, 4]","[3, 3, 4]","[0.58, 0.46, 0.88]","[['B', 'A', 'D', 'C'], ['A', 'B', 'D', 'C'], ['A', 'D', 'C', 'B']]","{'A': 5, 'D': 4, 'B': 3, 'C': 3}","[0.67, 0.58, 1.0]",4.0
95,"[1, 2, 4]","[3, 3, 4]","[0.58, 0.46, 0.88]","[['B', 'A', 'D', 'C'], ['A', 'B', 'D', 'C'], ['C', 'A', 'D', 'B']]","{'A': 5, 'D': 4, 'B': 3, 'C': 3}","[0.67, 0.58, 1.0]",4.0
95,"[1, 2, 4]","[3, 3, 4]","[0.58, 0.46, 0.88]","[['B', 'A', 'D', 'C'], ['A', 'B', 'D', 'C'], ['C', 'D', 'A', 'B']]","{'A': 5, 'D': 4, 'B': 3, 'C': 3}","[0.67, 0.58, 1.0]",4.0
95,"[1, 2, 4]","[3, 3, 4]","[0.58, 0.46, 0.88]","[['B', 'A', 'D', 'C'], ['A', 'B', 'D', 'C'], ['D', 'A', 'C', 'B']]","{'A': 5, 'D': 4, 'B': 3, 'C': 3}","[0.67, 0.58, 1.0]",4.0
95,"[1, 2, 4]","[3, 3, 4]","[0.58, 0.46, 0.88]","[['B', 'A', 'D', 'C'], ['A', 'B', 'D', 'C'], ['D', 'C', 'A', 'B']]","{'A': 5, 'D': 4, 'B': 3, 'C': 3}","[0.67, 0.58, 1.0]",4.0
95,"[1, 2, 4]","[3, 3, 4]","[0.58, 0.46, 0.88]","[['B', 'A', 'D', 'C'], ['A', 'C', 'D', 'B'], ['A', 'B', 'D', 'C']]","{'A': 5, 'D': 4, 'B': 3, 'C': 3}","[0.67, 0.58, 1.0]",4.0
95,"[1, 2, 4]","[3, 3, 4]","[0.58, 0.46, 0.88]","[['B', 'A', 'D', 'C'], ['A', 'C', 'D', 'B'], ['A', 'D', 'B', 'C']]","{'A': 5, 'D': 4, 'B': 3, 'C': 3}","[0.67, 0.58, 1.0]",4.0
95,"[1, 2, 4]","[3, 3, 4]","[0.58, 0.46, 0.88]","[['B', 'A', 'D', 'C'], ['A', 'C', 'D', 'B'], ['B', 'A', 'D', 'C']]","{'A': 5, 'D': 4, 'B': 3, 'C': 3}","[0.67, 0.58, 1.0]",4.0
95,"[1, 2, 4]","[3, 3, 4]","[0.58, 0.46, 0.88]","[['B', 'A', 'D', 'C'], ['A', 'C', 'D', 'B'], ['B', 'D', 'A', 'C']]","{'A': 5, 'D': 4, 'B': 3, 'C': 3}","[0.67, 0.58, 1.0]",4.0
95,"[1, 2, 4]","[3, 3, 4]","[0.58, 0.46, 0.88]","[['B', 'A', 'D', 'C'], ['A', 'C', 'D', 'B'], ['D', 'A', 'B', 'C']]","{'A': 5, 'D': 4, 'B': 3, 'C': 3}","[0.67, 0.58, 1.0]",4.0
95,"[1, 2, 4]","[3, 3, 4]","[0.58, 0.46, 0.88]","[['B', 'A', 'D', 'C'], ['A', 'C', 'D', 'B'], ['D', 'B', 'A', 'C']]","{'A': 5, 'D': 4, 'B': 3, 'C': 3}","[0.67, 0.58, 1.0]",4.0
95,"[1, 2, 4]","[3, 3, 4]","[0.58, 0.46, 0.88]","[['B', 'A', 'D', 'C'], ['A', 'D', 'B', 'C'], ['A', 'C', 'D', 'B']]","{'A': 5, 'D': 4, 'B': 3, 'C': 3}","[0.67, 0.58, 1.0]",4.0
95,"[1, 2, 4]","[3, 3, 4]","[0.58, 0.46, 0.88]","[['B', 'A', 'D', 'C'], ['A', 'D', 'B', 'C'], ['A', 'D', 'C', 'B']]","{'A': 5, 'D': 4, 'B': 3, 'C': 3}","[0.67, 0.58, 1.0]",4.0
95,"[1, 2, 4]","[3, 3, 4]","[0.58, 0.46, 0.88]","[['B', 'A', 'D', 'C'], ['A', 'D', 'B', 'C'], ['C', 'A', 'D', 'B']]","{'A': 5, 'D': 4, 'B': 3, 'C': 3}","[0.67, 0.58, 1.0]",4.0
95,"[1, 2, 4]","[3, 3, 4]","[0.58, 0.46, 0.88]","[['B', 'A', 'D', 'C'], ['A', 'D', 'B', 'C'], ['C', 'D', 'A', 'B']]","{'A': 5, 'D': 4, 'B': 3, 'C': 3}","[0.67, 0.58, 1.0]",4.0
95,"[1, 2, 4]","[3, 3, 4]","[0.58, 0.46, 0.88]","[['B', 'A', 'D', 'C'], ['A', 'D', 'B', 'C'], ['D', 'A', 'C', 'B']]","{'A': 5, 'D': 4, 'B': 3, 'C': 3}","[0.67, 0.58, 1.0]",4.0
95,"[1, 2, 4]","[3, 3, 4]","[0.58, 0.46, 0.88]","[['B', 'A', 'D', 'C'], ['A', 'D', 'B', 'C'], ['D', 'C', 'A', 'B']]","{'A': 5, 'D': 4, 'B': 3, 'C': 3}","[0.67, 0.58, 1.0]",4.0
95,"[1, 2, 4]","[3, 3, 4]","[0.58, 0.46, 0.88]","[['B', 'A', 'D', 'C'], ['A', 'D', 'C', 'B'], ['A', 'B', 'D', 'C']]","{'A': 5, 'D': 4, 'B': 3, 'C': 3}","[0.67, 0.58, 1.0]",4.0
95,"[1, 2, 4]","[3, 3, 4]","[0.58, 0.46, 0.88]","[['B', 'A', 'D', 'C'], ['A', 'D', 'C', 'B'], ['A', 'D', 'B', 'C']]","{'A': 5, 'D': 4, 'B': 3, 'C': 3}","[0.67, 0.58, 1.0]",4.0
95,"[1, 2, 4]","[3, 3, 4]","[0.58, 0.46, 0.88]","[['B', 'A', 'D', 'C'], ['A', 'D', 'C', 'B'], ['B', 'A', 'D', 'C']]","{'A': 5, 'D': 4, 'B': 3, 'C': 3}","[0.67, 0.58, 1.0]",4.0
95,"[1, 2, 4]","[3, 3, 4]","[0.58, 0.46, 0.88]","[['B', 'A', 'D', 'C'], ['A', 'D', 'C', 'B'], ['B', 'D', 'A', 'C']]","{'A': 5, 'D': 4, 'B': 3, 'C': 3}","[0.67, 0.58, 1.0]",4.0
95,"[1, 2, 4]","[3, 3, 4]","[0.58, 0.46, 0.88]","[['B', 'A', 'D', 'C'], ['A', 'D', 'C', 'B'], ['D', 'A', 'B', 'C']]","{'A': 5, 'D': 4, 'B': 3, 'C': 3}","[0.67, 0.58, 1.0]",4.0
95,"[1, 2, 4]","[3, 3, 4]","[0.58, 0.46, 0.88]","[['B', 'A', 'D', 'C'], ['A', 'D', 'C', 'B'], ['D', 'B', 'A', 'C']]","{'A': 5, 'D': 4, 'B': 3, 'C': 3}","[0.67, 0.58, 1.0]",4.0
95,"[1, 2, 4]","[3, 3, 4]","[0.58, 0.46, 0.88]","[['B', 'A', 'D', 'C'], ['B', 'A', 'D', 'C'], ['A', 'C', 'D', 'B']]","{'A': 5, 'D': 4, 'B': 3, 'C': 3}","[0.67, 0.58, 1.0]",4.0
95,"[1, 2, 4]","[3, 3, 4]","[0.58, 0.46, 0.88]","[['B', 'A', 'D', 'C'], ['B', 'A', 'D', 'C'], ['A', 'D', 'C', 'B']]","{'A': 5, 'D': 4, 'B': 3, 'C': 3}","[0.67, 0.58, 1.0]",4.0
95,"[1, 2, 4]","[3, 3, 4]","[0.58, 0.46, 0.88]","[['B', 'A', 'D', 'C'], ['B', 'A', 'D', 'C'], ['C', 'A', 'D', 'B']]","{'A': 5, 'D': 4, 'B': 3, 'C': 3}","[0.67, 0.58, 1.0]",4.0
95,"[1, 2, 4]","[3, 3, 4]","[0.58, 0.46, 0.88]","[['B', 'A', 'D', 'C'], ['B', 'A', 'D', 'C'], ['C', 'D', 'A', 'B']]","{'A': 5, 'D': 4, 'B': 3, 'C': 3}","[0.67, 0.58, 1.0]",4.0
95,"[1, 2, 4]","[3, 3, 4]","[0.58, 0.46, 0.88]","[['B', 'A', 'D', 'C'], ['B', 'A', 'D', 'C'], ['D', 'A', 'C', 'B']]","{'A': 5, 'D': 4, 'B': 3, 'C': 3}","[0.67, 0.58, 1.0]",4.0
95,"[1, 2, 4]","[3, 3, 4]","[0.58, 0.46, 0.88]","[['B', 'A', 'D', 'C'], ['B', 'A', 'D', 'C'], ['D', 'C', 'A', 'B']]","{'A': 5, 'D': 4, 'B': 3, 'C': 3}","[0.67, 0.58, 1.0]",4.0
95,"[1, 2, 4]","[3, 3, 4]","[0.58, 0.46, 0.88]","[['B', 'A', 'D', 'C'], ['B', 'D', 'A', 'C'], ['A', 'C', 'D', 'B']]","{'A': 5, 'D': 4, 'B': 3, 'C': 3}","[0.67, 0.58, 1.0]",4.0
95,"[1, 2, 4]","[3, 3, 4]","[0.58, 0.46, 0.88]","[['B', 'A', 'D', 'C'], ['B', 'D', 'A', 'C'], ['A', 'D', 'C', 'B']]","{'A': 5, 'D': 4, 'B': 3, 'C': 3}","[0.67, 0.58, 1.0]",4.0
95,"[1, 2, 4]","[3, 3, 4]","[0.58, 0.46, 0.88]","[['B', 'A', 'D', 'C'], ['B', 'D', 'A', 'C'], ['C', 'A', 'D', 'B']]","{'A': 5, 'D': 4, 'B': 3, 'C': 3}","[0.67, 0.58, 1.0]",4.0
95,"[1, 2, 4]","[3, 3, 4]","[0.58, 0.46, 0.88]","[['B', 'A', 'D', 'C'], ['B', 'D', 'A', 'C'], ['C', 'D', 'A', 'B']]","{'A': 5, 'D': 4, 'B': 3, 'C': 3}","[0.67, 0.58, 1.0]",4.0
95,"[1, 2, 4]","[3, 3, 4]","[0.58, 0.46, 0.88]","[['B', 'A', 'D', 'C'], ['B', 'D', 'A', 'C'], ['D', 'A', 'C', 'B']]","{'A': 5, 'D': 4, 'B': 3, 'C': 3}","[0.67, 0.58, 1.0]",4.0
95,"[1, 2, 4]","[3, 3, 4]","[0.58, 0.46, 0.88]","[['B', 'A', 'D', 'C'], ['B', 'D', 'A', 'C'], ['D', 'C', 'A', 'B']]","{'A': 5, 'D': 4, 'B': 3, 'C': 3}","[0.67, 0.58, 1.0]",4.0
95,"[1, 2, 4]","[3, 3, 4]","[0.58, 0.46, 0.88]","[['B', 'A', 'D', 'C'], ['C', 'A', 'D', 'B'], ['A', 'B', 'D', 'C']]","{'A': 5, 'D': 4, 'B': 3, 'C': 3}","[0.67, 0.58, 1.0]",4.0
95,"[1, 2, 4]","[3, 3, 4]","[0.58, 0.46, 0.88]","[['B', 'A', 'D', 'C'], ['C', 'A', 'D', 'B'], ['A', 'D', 'B', 'C']]","{'A': 5, 'D': 4, 'B': 3, 'C': 3}","[0.67, 0.58, 1.0]",4.0
95,"[1, 2, 4]","[3, 3, 4]","[0.58, 0.46, 0.88]","[['B', 'A', 'D', 'C'], ['C', 'A', 'D', 'B'], ['B', 'A', 'D', 'C']]","{'A': 5, 'D': 4, 'B': 3, 'C': 3}","[0.67, 0.58, 1.0]",4.0
95,"[1, 2, 4]","[3, 3, 4]","[0.58, 0.46, 0.88]","[['B', 'A', 'D', 'C'], ['C', 'A', 'D', 'B'], ['B', 'D', 'A', 'C']]","{'A': 5, 'D': 4, 'B': 3, 'C': 3}","[0.67, 0.58, 1.0]",4.0
95,"[1, 2, 4]","[3, 3, 4]","[0.58, 0.46, 0.88]","[['B', 'A', 'D', 'C'], ['C', 'A', 'D', 'B'], ['D', 'A', 'B', 'C']]","{'A': 5, 'D': 4, 'B': 3, 'C': 3}","[0.67, 0.58, 1.0]",4.0
95,"[1, 2, 4]","[3, 3, 4]","[0.58, 0.46, 0.88]","[['B', 'A', 'D', 'C'], ['C', 'A', 'D', 'B'], ['D', 'B', 'A', 'C']]","{'A': 5, 'D': 4, 'B': 3, 'C': 3}","[0.67, 0.58, 1.0]",4.0
95,"[1, 2, 4]","[3, 3, 4]","[0.58, 0.46, 0.88]","[['B', 'A', 'D', 'C'], ['C', 'D', 'A', 'B'], ['A', 'B', 'D', 'C']]","{'A': 5, 'D': 4, 'B': 3, 'C': 3}","[0.67, 0.58, 1.0]",4.0
95,"[1, 2, 4]","[3, 3, 4]","[0.58, 0.46, 0.88]","[['B', 'A', 'D', 'C'], ['C', 'D', 'A', 'B'], ['A', 'D', 'B', 'C']]","{'A': 5, 'D': 4, 'B': 3, 'C': 3}","[0.67, 0.58, 1.0]",4.0
95,"[1, 2, 4]","[3, 3, 4]","[0.58, 0.46, 0.88]","[['B', 'A', 'D', 'C'], ['C', 'D', 'A', 'B'], ['B', 'A', 'D', 'C']]","{'A': 5, 'D': 4, 'B': 3, 'C': 3}","[0.67, 0.58, 1.0]",4.0
95,"[1, 2, 4]","[3, 3, 4]","[0.58, 0.46, 0.88]","[['B', 'A', 'D', 'C'], ['C', 'D', 'A', 'B'], ['B', 'D', 'A', 'C']]","{'A': 5, 'D': 4, 'B': 3, 'C': 3}","[0.67, 0.58, 1.0]",4.0
95,"[1, 2, 4]","[3, 3, 4]","[0.58, 0.46, 0.88]","[['B', 'A', 'D', 'C'], ['C', 'D', 'A', 'B'], ['D', 'A', 'B', 'C']]","{'A': 5, 'D': 4, 'B': 3, 'C': 3}","[0.67, 0.58, 1.0]",4.0
95,"[1, 2, 4]","[3, 3, 4]","[0.58, 0.46, 0.88]","[['B', 'A', 'D', 'C'], ['C', 'D', 'A', 'B'], ['D', 'B', 'A', 'C']]","{'A': 5, 'D': 4, 'B': 3, 'C': 3}","[0.67, 0.58, 1.0]",4.0
95,"[1, 2, 4]","[3, 3, 4]","[0.58, 0.46, 0.88]","[['B', 'A', 'D', 'C'], ['D', 'A', 'B', 'C'], ['A', 'C', 'D', 'B']]","{'A': 5, 'D': 4, 'B': 3, 'C': 3}","[0.67, 0.58, 1.0]",4.0
95,"[1, 2, 4]","[3, 3, 4]","[0.58, 0.46, 0.88]","[['B', 'A', 'D', 'C'], ['D', 'A', 'B', 'C'], ['A', 'D', 'C', 'B']]","{'A': 5, 'D': 4, 'B': 3, 'C': 3}","[0.67, 0.58, 1.0]",4.0
95,"[1, 2, 4]","[3, 3, 4]","[0.58, 0.46, 0.88]","[['B', 'A', 'D', 'C'], ['D', 'A', 'B', 'C'], ['C', 'A', 'D', 'B']]","{'A': 5, 'D': 4, 'B': 3, 'C': 3}","[0.67, 0.58, 1.0]",4.0
95,"[1, 2, 4]","[3, 3, 4]","[0.58, 0.46, 0.88]","[['B', 'A', 'D', 'C'], ['D', 'A', 'B', 'C'], ['C', 'D', 'A', 'B']]","{'A': 5, 'D': 4, 'B': 3, 'C': 3}","[0.67, 0.58, 1.0]",4.0
95,"[1, 2, 4]","[3, 3, 4]","[0.58, 0.46, 0.88]","[['B', 'A', 'D', 'C'], ['D', 'A', 'B', 'C'], ['D', 'A', 'C', 'B']]","{'A': 5, 'D': 4, 'B': 3, 'C': 3}","[0.67, 0.58, 1.0]",4.0
95,"[1, 2, 4]","[3, 3, 4]","[0.58, 0.46, 0.88]","[['B', 'A', 'D', 'C'], ['D', 'A', 'B', 'C'], ['D', 'C', 'A', 'B']]","{'A': 5, 'D': 4, 'B': 3, 'C': 3}","[0.67, 0.58, 1.0]",4.0
95,"[1, 2, 4]","[3, 3, 4]","[0.58, 0.46, 0.88]","[['B', 'A', 'D', 'C'], ['D', 'A', 'C', 'B'], ['A', 'B', 'D', 'C']]","{'A': 5, 'D': 4, 'B': 3, 'C': 3}","[0.67, 0.58, 1.0]",4.0
95,"[1, 2, 4]","[3, 3, 4]","[0.58, 0.46, 0.88]","[['B', 'A', 'D', 'C'], ['D', 'A', 'C', 'B'], ['A', 'D', 'B', 'C']]","{'A': 5, 'D': 4, 'B': 3, 'C': 3}","[0.67, 0.58, 1.0]",4.0
95,"[1, 2, 4]","[3, 3, 4]","[0.58, 0.46, 0.88]","[['B', 'A', 'D', 'C'], ['D', 'A', 'C', 'B'], ['B', 'A', 'D', 'C']]","{'A': 5, 'D': 4, 'B': 3, 'C': 3}","[0.67, 0.58, 1.0]",4.0
95,"[1, 2, 4]","[3, 3, 4]","[0.58, 0.46, 0.88]","[['B', 'A', 'D', 'C'], ['D', 'A', 'C', 'B'], ['B', 'D', 'A', 'C']]","{'A': 5, 'D': 4, 'B': 3, 'C': 3}","[0.67, 0.58, 1.0]",4.0
95,"[1, 2, 4]","[3, 3, 4]","[0.58, 0.46, 0.88]","[['B', 'A', 'D', 'C'], ['D', 'A', 'C', 'B'], ['D', 'A', 'B', 'C']]","{'A': 5, 'D': 4, 'B': 3, 'C': 3}","[0.67, 0.58, 1.0]",4.0
95,"[1, 2, 4]","[3, 3, 4]","[0.58, 0.46, 0.88]","[['B', 'A', 'D', 'C'], ['D', 'A', 'C', 'B'], ['D', 'B', 'A', 'C']]","{'A': 5, 'D': 4, 'B': 3, 'C': 3}","[0.67, 0.58, 1.0]",4.0
95,"[1, 2, 4]","[3, 3, 4]","[0.58, 0.46, 0.88]","[['B', 'A', 'D', 'C'], ['D', 'B', 'A', 'C'], ['A', 'C', 'D', 'B']]","{'A': 5, 'D': 4, 'B': 3, 'C': 3}","[0.67, 0.58, 1.0]",4.0
95,"[1, 2, 4]","[3, 3, 4]","[0.58, 0.46, 0.88]","[['B', 'A', 'D', 'C'], ['D', 'B', 'A', 'C'], ['A', 'D', 'C', 'B']]","{'A': 5, 'D': 4, 'B': 3, 'C': 3}","[0.67, 0.58, 1.0]",4.0
95,"[1, 2, 4]","[3, 3, 4]","[0.58, 0.46, 0.88]","[['B', 'A', 'D', 'C'], ['D', 'B', 'A', 'C'], ['C', 'A', 'D', 'B']]","{'A': 5, 'D': 4, 'B': 3, 'C': 3}","[0.67, 0.58, 1.0]",4.0
95,"[1, 2, 4]","[3, 3, 4]","[0.58, 0.46, 0.88]","[['B', 'A', 'D', 'C'], ['D', 'B', 'A', 'C'], ['C', 'D', 'A', 'B']]","{'A': 5, 'D': 4, 'B': 3, 'C': 3}","[0.67, 0.58, 1.0]",4.0
95,"[1, 2, 4]","[3, 3, 4]","[0.58, 0.46, 0.88]","[['B', 'A', 'D', 'C'], ['D', 'B', 'A', 'C'], ['D', 'A', 'C', 'B']]","{'A': 5, 'D': 4, 'B': 3, 'C': 3}","[0.67, 0.58, 1.0]",4.0
95,"[1, 2, 4]","[3, 3, 4]","[0.58, 0.46, 0.88]","[['B', 'A', 'D', 'C'], ['D', 'B', 'A', 'C'], ['D', 'C', 'A', 'B']]","{'A': 5, 'D': 4, 'B': 3, 'C': 3}","[0.67, 0.58, 1.0]",4.0
95,"[1, 2, 4]","[3, 3, 4]","[0.58, 0.46, 0.88]","[['B', 'A', 'D', 'C'], ['D', 'C', 'A', 'B'], ['A', 'B', 'D', 'C']]","{'A': 5, 'D': 4, 'B': 3, 'C': 3}","[0.67, 0.58, 1.0]",4.0
95,"[1, 2, 4]","[3, 3, 4]","[0.58, 0.46, 0.88]","[['B', 'A', 'D', 'C'], ['D', 'C', 'A', 'B'], ['A', 'D', 'B', 'C']]","{'A': 5, 'D': 4, 'B': 3, 'C': 3}","[0.67, 0.58, 1.0]",4.0
95,"[1, 2, 4]","[3, 3, 4]","[0.58, 0.46, 0.88]","[['B', 'A', 'D', 'C'], ['D', 'C', 'A', 'B'], ['B', 'A', 'D', 'C']]","{'A': 5, 'D': 4, 'B': 3, 'C': 3}","[0.67, 0.58, 1.0]",4.0
95,"[1, 2, 4]","[3, 3, 4]","[0.58, 0.46, 0.88]","[['B', 'A', 'D', 'C'], ['D', 'C', 'A', 'B'], ['B', 'D', 'A', 'C']]","{'A': 5, 'D': 4, 'B': 3, 'C': 3}","[0.67, 0.58, 1.0]",4.0
95,"[1, 2, 4]","[3, 3, 4]","[0.58, 0.46, 0.88]","[['B', 'A', 'D', 'C'], ['D', 'C', 'A', 'B'], ['D', 'A', 'B', 'C']]","{'A': 5, 'D': 4, 'B': 3, 'C': 3}","[0.67, 0.58, 1.0]",4.0
95,"[1, 2, 4]","[3, 3, 4]","[0.58, 0.46, 0.88]","[['B', 'A', 'D', 'C'], ['D', 'C', 'A', 'B'], ['D', 'B', 'A', 'C']]","{'A': 5, 'D': 4, 'B': 3, 'C': 3}","[0.67, 0.58, 1.0]",4.0
95,"[1, 2, 4]","[3, 3, 4]","[0.58, 0.46, 0.88]","[['B', 'D', 'A', 'C'], ['A', 'B', 'D', 'C'], ['A', 'C', 'D', 'B']]","{'A': 5, 'D': 4, 'B': 3, 'C': 3}","[0.67, 0.58, 1.0]",4.0
95,"[1, 2, 4]","[3, 3, 4]","[0.58, 0.46, 0.88]","[['B', 'D', 'A', 'C'], ['A', 'B', 'D', 'C'], ['A', 'D', 'C', 'B']]","{'A': 5, 'D': 4, 'B': 3, 'C': 3}","[0.67, 0.58, 1.0]",4.0
95,"[1, 2, 4]","[3, 3, 4]","[0.58, 0.46, 0.88]","[['B', 'D', 'A', 'C'], ['A', 'B', 'D', 'C'], ['C', 'A', 'D', 'B']]","{'A': 5, 'D': 4, 'B': 3, 'C': 3}","[0.67, 0.58, 1.0]",4.0
95,"[1, 2, 4]","[3, 3, 4]","[0.58, 0.46, 0.88]","[['B', 'D', 'A', 'C'], ['A', 'B', 'D', 'C'], ['C', 'D', 'A', 'B']]","{'A': 5, 'D': 4, 'B': 3, 'C': 3}","[0.67, 0.58, 1.0]",4.0
95,"[1, 2, 4]","[3, 3, 4]","[0.58, 0.46, 0.88]","[['B', 'D', 'A', 'C'], ['A', 'B', 'D', 'C'], ['D', 'A', 'C', 'B']]","{'A': 5, 'D': 4, 'B': 3, 'C': 3}","[0.67, 0.58, 1.0]",4.0
95,"[1, 2, 4]","[3, 3, 4]","[0.58, 0.46, 0.88]","[['B', 'D', 'A', 'C'], ['A', 'B', 'D', 'C'], ['D', 'C', 'A', 'B']]","{'A': 5, 'D': 4, 'B': 3, 'C': 3}","[0.67, 0.58, 1.0]",4.0
95,"[1, 2, 4]","[3, 3, 4]","[0.58, 0.46, 0.88]","[['B', 'D', 'A', 'C'], ['A', 'C', 'D', 'B'], ['A', 'B', 'D', 'C']]","{'A': 5, 'D': 4, 'B': 3, 'C': 3}","[0.67, 0.58, 1.0]",4.0
95,"[1, 2, 4]","[3, 3, 4]","[0.58, 0.46, 0.88]","[['B', 'D', 'A', 'C'], ['A', 'C', 'D', 'B'], ['A', 'D', 'B', 'C']]","{'A': 5, 'D': 4, 'B': 3, 'C': 3}","[0.67, 0.58, 1.0]",4.0
95,"[1, 2, 4]","[3, 3, 4]","[0.58, 0.46, 0.88]","[['B', 'D', 'A', 'C'], ['A', 'C', 'D', 'B'], ['B', 'A', 'D', 'C']]","{'A': 5, 'D': 4, 'B': 3, 'C': 3}","[0.67, 0.58, 1.0]",4.0
95,"[1, 2, 4]","[3, 3, 4]","[0.58, 0.46, 0.88]","[['B', 'D', 'A', 'C'], ['A', 'C', 'D', 'B'], ['B', 'D', 'A', 'C']]","{'A': 5, 'D': 4, 'B': 3, 'C': 3}","[0.67, 0.58, 1.0]",4.0
95,"[1, 2, 4]","[3, 3, 4]","[0.58, 0.46, 0.88]","[['B', 'D', 'A', 'C'], ['A', 'C', 'D', 'B'], ['D', 'A', 'B', 'C']]","{'A': 5, 'D': 4, 'B': 3, 'C': 3}","[0.67, 0.58, 1.0]",4.0
95,"[1, 2, 4]","[3, 3, 4]","[0.58, 0.46, 0.88]","[['B', 'D', 'A', 'C'], ['A', 'C', 'D', 'B'], ['D', 'B', 'A', 'C']]","{'A': 5, 'D': 4, 'B': 3, 'C': 3}","[0.67, 0.58, 1.0]",4.0
95,"[1, 2, 4]","[3, 3, 4]","[0.58, 0.46, 0.88]","[['B', 'D', 'A', 'C'], ['A', 'D', 'B', 'C'], ['A', 'C', 'D', 'B']]","{'A': 5, 'D': 4, 'B': 3, 'C': 3}","[0.67, 0.58, 1.0]",4.0
95,"[1, 2, 4]","[3, 3, 4]","[0.58, 0.46, 0.88]","[['B', 'D', 'A', 'C'], ['A', 'D', 'B', 'C'], ['A', 'D', 'C', 'B']]","{'A': 5, 'D': 4, 'B': 3, 'C': 3}","[0.67, 0.58, 1.0]",4.0
95,"[1, 2, 4]","[3, 3, 4]","[0.58, 0.46, 0.88]","[['B', 'D', 'A', 'C'], ['A', 'D', 'B', 'C'], ['C', 'A', 'D', 'B']]","{'A': 5, 'D': 4, 'B': 3, 'C': 3}","[0.67, 0.58, 1.0]",4.0
95,"[1, 2, 4]","[3, 3, 4]","[0.58, 0.46, 0.88]","[['B', 'D', 'A', 'C'], ['A', 'D', 'B', 'C'], ['C', 'D', 'A', 'B']]","{'A': 5, 'D': 4, 'B': 3, 'C': 3}","[0.67, 0.58, 1.0]",4.0
95,"[1, 2, 4]","[3, 3, 4]","[0.58, 0.46, 0.88]","[['B', 'D', 'A', 'C'], ['A', 'D', 'B', 'C'], ['D', 'A', 'C', 'B']]","{'A': 5, 'D': 4, 'B': 3, 'C': 3}","[0.67, 0.58, 1.0]",4.0
95,"[1, 2, 4]","[3, 3, 4]","[0.58, 0.46, 0.88]","[['B', 'D', 'A', 'C'], ['A', 'D', 'B', 'C'], ['D', 'C', 'A', 'B']]","{'A': 5, 'D': 4, 'B': 3, 'C': 3}","[0.67, 0.58, 1.0]",4.0
95,"[1, 2, 4]","[3, 3, 4]","[0.58, 0.46, 0.88]","[['B', 'D', 'A', 'C'], ['A', 'D', 'C', 'B'], ['A', 'B', 'D', 'C']]","{'A': 5, 'D': 4, 'B': 3, 'C': 3}","[0.67, 0.58, 1.0]",4.0
95,"[1, 2, 4]","[3, 3, 4]","[0.58, 0.46, 0.88]","[['B', 'D', 'A', 'C'], ['A', 'D', 'C', 'B'], ['A', 'D', 'B', 'C']]","{'A': 5, 'D': 4, 'B': 3, 'C': 3}","[0.67, 0.58, 1.0]",4.0
95,"[1, 2, 4]","[3, 3, 4]","[0.58, 0.46, 0.88]","[['B', 'D', 'A', 'C'], ['A', 'D', 'C', 'B'], ['B', 'A', 'D', 'C']]","{'A': 5, 'D': 4, 'B': 3, 'C': 3}","[0.67, 0.58, 1.0]",4.0
95,"[1, 2, 4]","[3, 3, 4]","[0.58, 0.46, 0.88]","[['B', 'D', 'A', 'C'], ['A', 'D', 'C', 'B'], ['B', 'D', 'A', 'C']]","{'A': 5, 'D': 4, 'B': 3, 'C': 3}","[0.67, 0.58, 1.0]",4.0
95,"[1, 2, 4]","[3, 3, 4]","[0.58, 0.46, 0.88]","[['B', 'D', 'A', 'C'], ['A', 'D', 'C', 'B'], ['D', 'A', 'B', 'C']]","{'A': 5, 'D': 4, 'B': 3, 'C': 3}","[0.67, 0.58, 1.0]",4.0
95,"[1, 2, 4]","[3, 3, 4]","[0.58, 0.46, 0.88]","[['B', 'D', 'A', 'C'], ['A', 'D', 'C', 'B'], ['D', 'B', 'A', 'C']]","{'A': 5, 'D': 4, 'B': 3, 'C': 3}","[0.67, 0.58, 1.0]",4.0
95,"[1, 2, 4]","[3, 3, 4]","[0.58, 0.46, 0.88]","[['B', 'D', 'A', 'C'], ['B', 'A', 'D', 'C'], ['A', 'C', 'D', 'B']]","{'A': 5, 'D': 4, 'B': 3, 'C': 3}","[0.67, 0.58, 1.0]",4.0
95,"[1, 2, 4]","[3, 3, 4]","[0.58, 0.46, 0.88]","[['B', 'D', 'A', 'C'], ['B', 'A', 'D', 'C'], ['A', 'D', 'C', 'B']]","{'A': 5, 'D': 4, 'B': 3, 'C': 3}","[0.67, 0.58, 1.0]",4.0
95,"[1, 2, 4]","[3, 3, 4]","[0.58, 0.46, 0.88]","[['B', 'D', 'A', 'C'], ['B', 'A', 'D', 'C'], ['C', 'A', 'D', 'B']]","{'A': 5, 'D': 4, 'B': 3, 'C': 3}","[0.67, 0.58, 1.0]",4.0
95,"[1, 2, 4]","[3, 3, 4]","[0.58, 0.46, 0.88]","[['B', 'D', 'A', 'C'], ['B', 'A', 'D', 'C'], ['C', 'D', 'A', 'B']]","{'A': 5, 'D': 4, 'B': 3, 'C': 3}","[0.67, 0.58, 1.0]",4.0
95,"[1, 2, 4]","[3, 3, 4]","[0.58, 0.46, 0.88]","[['B', 'D', 'A', 'C'], ['B', 'A', 'D', 'C'], ['D', 'A', 'C', 'B']]","{'A': 5, 'D': 4, 'B': 3, 'C': 3}","[0.67, 0.58, 1.0]",4.0
95,"[1, 2, 4]","[3, 3, 4]","[0.58, 0.46, 0.88]","[['B', 'D', 'A', 'C'], ['B', 'A', 'D', 'C'], ['D', 'C', 'A', 'B']]","{'A': 5, 'D': 4, 'B': 3, 'C': 3}","[0.67, 0.58, 1.0]",4.0
95,"[1, 2, 4]","[3, 3, 4]","[0.58, 0.46, 0.88]","[['B', 'D', 'A', 'C'], ['B', 'D', 'A', 'C'], ['A', 'C', 'D', 'B']]","{'A': 5, 'D': 4, 'B': 3, 'C': 3}","[0.67, 0.58, 1.0]",4.0
95,"[1, 2, 4]","[3, 3, 4]","[0.58, 0.46, 0.88]","[['B', 'D', 'A', 'C'], ['B', 'D', 'A', 'C'], ['A', 'D', 'C', 'B']]","{'A': 5, 'D': 4, 'B': 3, 'C': 3}","[0.67, 0.58, 1.0]",4.0
95,"[1, 2, 4]","[3, 3, 4]","[0.58, 0.46, 0.88]","[['B', 'D', 'A', 'C'], ['B', 'D', 'A', 'C'], ['C', 'A', 'D', 'B']]","{'A': 5, 'D': 4, 'B': 3, 'C': 3}","[0.67, 0.58, 1.0]",4.0
95,"[1, 2, 4]","[3, 3, 4]","[0.58, 0.46, 0.88]","[['B', 'D', 'A', 'C'], ['B', 'D', 'A', 'C'], ['C', 'D', 'A', 'B']]","{'A': 5, 'D': 4, 'B': 3, 'C': 3}","[0.67, 0.58, 1.0]",4.0
95,"[1, 2, 4]","[3, 3, 4]","[0.58, 0.46, 0.88]","[['B', 'D', 'A', 'C'], ['B', 'D', 'A', 'C'], ['D', 'A', 'C', 'B']]","{'A': 5, 'D': 4, 'B': 3, 'C': 3}","[0.67, 0.58, 1.0]",4.0
95,"[1, 2, 4]","[3, 3, 4]","[0.58, 0.46, 0.88]","[['B', 'D', 'A', 'C'], ['B', 'D', 'A', 'C'], ['D', 'C', 'A', 'B']]","{'A': 5, 'D': 4, 'B': 3, 'C': 3}","[0.67, 0.58, 1.0]",4.0
95,"[1, 2, 4]","[3, 3, 4]","[0.58, 0.46, 0.88]","[['B', 'D', 'A', 'C'], ['C', 'A', 'D', 'B'], ['A', 'B', 'D', 'C']]","{'A': 5, 'D': 4, 'B': 3, 'C': 3}","[0.67, 0.58, 1.0]",4.0
95,"[1, 2, 4]","[3, 3, 4]","[0.58, 0.46, 0.88]","[['B', 'D', 'A', 'C'], ['C', 'A', 'D', 'B'], ['A', 'D', 'B', 'C']]","{'A': 5, 'D': 4, 'B': 3, 'C': 3}","[0.67, 0.58, 1.0]",4.0
95,"[1, 2, 4]","[3, 3, 4]","[0.58, 0.46, 0.88]","[['B', 'D', 'A', 'C'], ['C', 'A', 'D', 'B'], ['B', 'A', 'D', 'C']]","{'A': 5, 'D': 4, 'B': 3, 'C': 3}","[0.67, 0.58, 1.0]",4.0
95,"[1, 2, 4]","[3, 3, 4]","[0.58, 0.46, 0.88]","[['B', 'D', 'A', 'C'], ['C', 'A', 'D', 'B'], ['B', 'D', 'A', 'C']]","{'A': 5, 'D': 4, 'B': 3, 'C': 3}","[0.67, 0.58, 1.0]",4.0
95,"[1, 2, 4]","[3, 3, 4]","[0.58, 0.46, 0.88]","[['B', 'D', 'A', 'C'], ['C', 'A', 'D', 'B'], ['D', 'A', 'B', 'C']]","{'A': 5, 'D': 4, 'B': 3, 'C': 3}","[0.67, 0.58, 1.0]",4.0
95,"[1, 2, 4]","[3, 3, 4]","[0.58, 0.46, 0.88]","[['B', 'D', 'A', 'C'], ['C', 'A', 'D', 'B'], ['D', 'B', 'A', 'C']]","{'A': 5, 'D': 4, 'B': 3, 'C': 3}","[0.67, 0.58, 1.0]",4.0
95,"[1, 2, 4]","[3, 3, 4]","[0.58, 0.46, 0.88]","[['B', 'D', 'A', 'C'], ['C', 'D', 'A', 'B'], ['A', 'B', 'D', 'C']]","{'A': 5, 'D': 4, 'B': 3, 'C': 3}","[0.67, 0.58, 1.0]",4.0
95,"[1, 2, 4]","[3, 3, 4]","[0.58, 0.46, 0.88]","[['B', 'D', 'A', 'C'], ['C', 'D', 'A', 'B'], ['A', 'D', 'B', 'C']]","{'A': 5, 'D': 4, 'B': 3, 'C': 3}","[0.67, 0.58, 1.0]",4.0
95,"[1, 2, 4]","[3, 3, 4]","[0.58, 0.46, 0.88]","[['B', 'D', 'A', 'C'], ['C', 'D', 'A', 'B'], ['B', 'A', 'D', 'C']]","{'A': 5, 'D': 4, 'B': 3, 'C': 3}","[0.67, 0.58, 1.0]",4.0
95,"[1, 2, 4]","[3, 3, 4]","[0.58, 0.46, 0.88]","[['B', 'D', 'A', 'C'], ['C', 'D', 'A', 'B'], ['B', 'D', 'A', 'C']]","{'A': 5, 'D': 4, 'B': 3, 'C': 3}","[0.67, 0.58, 1.0]",4.0
95,"[1, 2, 4]","[3, 3, 4]","[0.58, 0.46, 0.88]","[['B', 'D', 'A', 'C'], ['C', 'D', 'A', 'B'], ['D', 'A', 'B', 'C']]","{'A': 5, 'D': 4, 'B': 3, 'C': 3}","[0.67, 0.58, 1.0]",4.0
95,"[1, 2, 4]","[3, 3, 4]","[0.58, 0.46, 0.88]","[['B', 'D', 'A', 'C'], ['C', 'D', 'A', 'B'], ['D', 'B', 'A', 'C']]","{'A': 5, 'D': 4, 'B': 3, 'C': 3}","[0.67, 0.58, 1.0]",4.0
95,"[1, 2, 4]","[3, 3, 4]","[0.58, 0.46, 0.88]","[['B', 'D', 'A', 'C'], ['D', 'A', 'B', 'C'], ['A', 'C', 'D', 'B']]","{'A': 5, 'D': 4, 'B': 3, 'C': 3}","[0.67, 0.58, 1.0]",4.0
95,"[1, 2, 4]","[3, 3, 4]","[0.58, 0.46, 0.88]","[['B', 'D', 'A', 'C'], ['D', 'A', 'B', 'C'], ['A', 'D', 'C', 'B']]","{'A': 5, 'D': 4, 'B': 3, 'C': 3}","[0.67, 0.58, 1.0]",4.0
95,"[1, 2, 4]","[3, 3, 4]","[0.58, 0.46, 0.88]","[['B', 'D', 'A', 'C'], ['D', 'A', 'B', 'C'], ['C', 'A', 'D', 'B']]","{'A': 5, 'D': 4, 'B': 3, 'C': 3}","[0.67, 0.58, 1.0]",4.0
95,"[1, 2, 4]","[3, 3, 4]","[0.58, 0.46, 0.88]","[['B', 'D', 'A', 'C'], ['D', 'A', 'B', 'C'], ['C', 'D', 'A', 'B']]","{'A': 5, 'D': 4, 'B': 3, 'C': 3}","[0.67, 0.58, 1.0]",4.0
95,"[1, 2, 4]","[3, 3, 4]","[0.58, 0.46, 0.88]","[['B', 'D', 'A', 'C'], ['D', 'A', 'B', 'C'], ['D', 'A', 'C', 'B']]","{'A': 5, 'D': 4, 'B': 3, 'C': 3}","[0.67, 0.58, 1.0]",4.0
95,"[1, 2, 4]","[3, 3, 4]","[0.58, 0.46, 0.88]","[['B', 'D', 'A', 'C'], ['D', 'A', 'B', 'C'], ['D', 'C', 'A', 'B']]","{'A': 5, 'D': 4, 'B': 3, 'C': 3}","[0.67, 0.58, 1.0]",4.0
95,"[1, 2, 4]","[3, 3, 4]","[0.58, 0.46, 0.88]","[['B', 'D', 'A', 'C'], ['D', 'A', 'C', 'B'], ['A', 'B', 'D', 'C']]","{'A': 5, 'D': 4, 'B': 3, 'C': 3}","[0.67, 0.58, 1.0]",4.0
95,"[1, 2, 4]","[3, 3, 4]","[0.58, 0.46, 0.88]","[['B', 'D', 'A', 'C'], ['D', 'A', 'C', 'B'], ['A', 'D', 'B', 'C']]","{'A': 5, 'D': 4, 'B': 3, 'C': 3}","[0.67, 0.58, 1.0]",4.0
95,"[1, 2, 4]","[3, 3, 4]","[0.58, 0.46, 0.88]","[['B', 'D', 'A', 'C'], ['D', 'A', 'C', 'B'], ['B', 'A', 'D', 'C']]","{'A': 5, 'D': 4, 'B': 3, 'C': 3}","[0.67, 0.58, 1.0]",4.0
95,"[1, 2, 4]","[3, 3, 4]","[0.58, 0.46, 0.88]","[['B', 'D', 'A', 'C'], ['D', 'A', 'C', 'B'], ['B', 'D', 'A', 'C']]","{'A': 5, 'D': 4, 'B': 3, 'C': 3}","[0.67, 0.58, 1.0]",4.0
95,"[1, 2, 4]","[3, 3, 4]","[0.58, 0.46, 0.88]","[['B', 'D', 'A', 'C'], ['D', 'A', 'C', 'B'], ['D', 'A', 'B', 'C']]","{'A': 5, 'D': 4, 'B': 3, 'C': 3}","[0.67, 0.58, 1.0]",4.0
95,"[1, 2, 4]","[3, 3, 4]","[0.58, 0.46, 0.88]","[['B', 'D', 'A', 'C'], ['D', 'A', 'C', 'B'], ['D', 'B', 'A', 'C']]","{'A': 5, 'D': 4, 'B': 3, 'C': 3}","[0.67, 0.58, 1.0]",4.0
95,"[1, 2, 4]","[3, 3, 4]","[0.58, 0.46, 0.88]","[['B', 'D', 'A', 'C'], ['D', 'B', 'A', 'C'], ['A', 'C', 'D', 'B']]","{'A': 5, 'D': 4, 'B': 3, 'C': 3}","[0.67, 0.58, 1.0]",4.0
95,"[1, 2, 4]","[3, 3, 4]","[0.58, 0.46, 0.88]","[['B', 'D', 'A', 'C'], ['D', 'B', 'A', 'C'], ['A', 'D', 'C', 'B']]","{'A': 5, 'D': 4, 'B': 3, 'C': 3}","[0.67, 0.58, 1.0]",4.0
95,"[1, 2, 4]","[3, 3, 4]","[0.58, 0.46, 0.88]","[['B', 'D', 'A', 'C'], ['D', 'B', 'A', 'C'], ['C', 'A', 'D', 'B']]","{'A': 5, 'D': 4, 'B': 3, 'C': 3}","[0.67, 0.58, 1.0]",4.0
95,"[1, 2, 4]","[3, 3, 4]","[0.58, 0.46, 0.88]","[['B', 'D', 'A', 'C'], ['D', 'B', 'A', 'C'], ['C', 'D', 'A', 'B']]","{'A': 5, 'D': 4, 'B': 3, 'C': 3}","[0.67, 0.58, 1.0]",4.0
95,"[1, 2, 4]","[3, 3, 4]","[0.58, 0.46, 0.88]","[['B', 'D', 'A', 'C'], ['D', 'B', 'A', 'C'], ['D', 'A', 'C', 'B']]","{'A': 5, 'D': 4, 'B': 3, 'C': 3}","[0.67, 0.58, 1.0]",4.0
95,"[1, 2, 4]","[3, 3, 4]","[0.58, 0.46, 0.88]","[['B', 'D', 'A', 'C'], ['D', 'B', 'A', 'C'], ['D', 'C', 'A', 'B']]","{'A': 5, 'D': 4, 'B': 3, 'C': 3}","[0.67, 0.58, 1.0]",4.0
95,"[1, 2, 4]","[3, 3, 4]","[0.58, 0.46, 0.88]","[['B', 'D', 'A', 'C'], ['D', 'C', 'A', 'B'], ['A', 'B', 'D', 'C']]","{'A': 5, 'D': 4, 'B': 3, 'C': 3}","[0.67, 0.58, 1.0]",4.0
95,"[1, 2, 4]","[3, 3, 4]","[0.58, 0.46, 0.88]","[['B', 'D', 'A', 'C'], ['D', 'C', 'A', 'B'], ['A', 'D', 'B', 'C']]","{'A': 5, 'D': 4, 'B': 3, 'C': 3}","[0.67, 0.58, 1.0]",4.0
95,"[1, 2, 4]","[3, 3, 4]","[0.58, 0.46, 0.88]","[['B', 'D', 'A', 'C'], ['D', 'C', 'A', 'B'], ['B', 'A', 'D', 'C']]","{'A': 5, 'D': 4, 'B': 3, 'C': 3}","[0.67, 0.58, 1.0]",4.0
95,"[1, 2, 4]","[3, 3, 4]","[0.58, 0.46, 0.88]","[['B', 'D', 'A', 'C'], ['D', 'C', 'A', 'B'], ['B', 'D', 'A', 'C']]","{'A': 5, 'D': 4, 'B': 3, 'C': 3}","[0.67, 0.58, 1.0]",4.0
95,"[1, 2, 4]","[3, 3, 4]","[0.58, 0.46, 0.88]","[['B', 'D', 'A', 'C'], ['D', 'C', 'A', 'B'], ['D', 'A', 'B', 'C']]","{'A': 5, 'D': 4, 'B': 3, 'C': 3}","[0.67, 0.58, 1.0]",4.0
95,"[1, 2, 4]","[3, 3, 4]","[0.58, 0.46, 0.88]","[['B', 'D', 'A', 'C'], ['D', 'C', 'A', 'B'], ['D', 'B', 'A', 'C']]","{'A': 5, 'D': 4, 'B': 3, 'C': 3}","[0.67, 0.58, 1.0]",4.0
95,"[1, 2, 4]","[3, 3, 4]","[0.58, 0.46, 0.88]","[['C', 'A', 'D', 'B'], ['A', 'B', 'D', 'C'], ['A', 'B', 'D', 'C']]","{'A': 5, 'D': 4, 'B': 3, 'C': 3}","[0.67, 0.58, 1.0]",4.0
95,"[1, 2, 4]","[3, 3, 4]","[0.58, 0.46, 0.88]","[['C', 'A', 'D', 'B'], ['A', 'B', 'D', 'C'], ['A', 'D', 'B', 'C']]","{'A': 5, 'D': 4, 'B': 3, 'C': 3}","[0.67, 0.58, 1.0]",4.0
95,"[1, 2, 4]","[3, 3, 4]","[0.58, 0.46, 0.88]","[['C', 'A', 'D', 'B'], ['A', 'B', 'D', 'C'], ['B', 'A', 'D', 'C']]","{'A': 5, 'D': 4, 'B': 3, 'C': 3}","[0.67, 0.58, 1.0]",4.0
95,"[1, 2, 4]","[3, 3, 4]","[0.58, 0.46, 0.88]","[['C', 'A', 'D', 'B'], ['A', 'B', 'D', 'C'], ['B', 'D', 'A', 'C']]","{'A': 5, 'D': 4, 'B': 3, 'C': 3}","[0.67, 0.58, 1.0]",4.0
95,"[1, 2, 4]","[3, 3, 4]","[0.58, 0.46, 0.88]","[['C', 'A', 'D', 'B'], ['A', 'B', 'D', 'C'], ['D', 'A', 'B', 'C']]","{'A': 5, 'D': 4, 'B': 3, 'C': 3}","[0.67, 0.58, 1.0]",4.0
95,"[1, 2, 4]","[3, 3, 4]","[0.58, 0.46, 0.88]","[['C', 'A', 'D', 'B'], ['A', 'B', 'D', 'C'], ['D', 'B', 'A', 'C']]","{'A': 5, 'D': 4, 'B': 3, 'C': 3}","[0.67, 0.58, 1.0]",4.0
95,"[1, 2, 4]","[3, 3, 4]","[0.58, 0.46, 0.88]","[['C', 'A', 'D', 'B'], ['A', 'D', 'B', 'C'], ['A', 'B', 'D', 'C']]","{'A': 5, 'D': 4, 'B': 3, 'C': 3}","[0.67, 0.58, 1.0]",4.0
95,"[1, 2, 4]","[3, 3, 4]","[0.58, 0.46, 0.88]","[['C', 'A', 'D', 'B'], ['A', 'D', 'B', 'C'], ['A', 'D', 'B', 'C']]","{'A': 5, 'D': 4, 'B': 3, 'C': 3}","[0.67, 0.58, 1.0]",4.0
95,"[1, 2, 4]","[3, 3, 4]","[0.58, 0.46, 0.88]","[['C', 'A', 'D', 'B'], ['A', 'D', 'B', 'C'], ['B', 'A', 'D', 'C']]","{'A': 5, 'D': 4, 'B': 3, 'C': 3}","[0.67, 0.58, 1.0]",4.0
95,"[1, 2, 4]","[3, 3, 4]","[0.58, 0.46, 0.88]","[['C', 'A', 'D', 'B'], ['A', 'D', 'B', 'C'], ['B', 'D', 'A', 'C']]","{'A': 5, 'D': 4, 'B': 3, 'C': 3}","[0.67, 0.58, 1.0]",4.0
95,"[1, 2, 4]","[3, 3, 4]","[0.58, 0.46, 0.88]","[['C', 'A', 'D', 'B'], ['A', 'D', 'B', 'C'], ['D', 'A', 'B', 'C']]","{'A': 5, 'D': 4, 'B': 3, 'C': 3}","[0.67, 0.58, 1.0]",4.0
95,"[1, 2, 4]","[3, 3, 4]","[0.58, 0.46, 0.88]","[['C', 'A', 'D', 'B'], ['A', 'D', 'B', 'C'], ['D', 'B', 'A', 'C']]","{'A': 5, 'D': 4, 'B': 3, 'C': 3}","[0.67, 0.58, 1.0]",4.0
95,"[1, 2, 4]","[3, 3, 4]","[0.58, 0.46, 0.88]","[['C', 'A', 'D', 'B'], ['B', 'A', 'D', 'C'], ['A', 'B', 'D', 'C']]","{'A': 5, 'D': 4, 'B': 3, 'C': 3}","[0.67, 0.58, 1.0]",4.0
95,"[1, 2, 4]","[3, 3, 4]","[0.58, 0.46, 0.88]","[['C', 'A', 'D', 'B'], ['B', 'A', 'D', 'C'], ['A', 'D', 'B', 'C']]","{'A': 5, 'D': 4, 'B': 3, 'C': 3}","[0.67, 0.58, 1.0]",4.0
95,"[1, 2, 4]","[3, 3, 4]","[0.58, 0.46, 0.88]","[['C', 'A', 'D', 'B'], ['B', 'A', 'D', 'C'], ['B', 'A', 'D', 'C']]","{'A': 5, 'D': 4, 'B': 3, 'C': 3}","[0.67, 0.58, 1.0]",4.0
95,"[1, 2, 4]","[3, 3, 4]","[0.58, 0.46, 0.88]","[['C', 'A', 'D', 'B'], ['B', 'A', 'D', 'C'], ['B', 'D', 'A', 'C']]","{'A': 5, 'D': 4, 'B': 3, 'C': 3}","[0.67, 0.58, 1.0]",4.0
95,"[1, 2, 4]","[3, 3, 4]","[0.58, 0.46, 0.88]","[['C', 'A', 'D', 'B'], ['B', 'A', 'D', 'C'], ['D', 'A', 'B', 'C']]","{'A': 5, 'D': 4, 'B': 3, 'C': 3}","[0.67, 0.58, 1.0]",4.0
95,"[1, 2, 4]","[3, 3, 4]","[0.58, 0.46, 0.88]","[['C', 'A', 'D', 'B'], ['B', 'A', 'D', 'C'], ['D', 'B', 'A', 'C']]","{'A': 5, 'D': 4, 'B': 3, 'C': 3}","[0.67, 0.58, 1.0]",4.0
95,"[1, 2, 4]","[3, 3, 4]","[0.58, 0.46, 0.88]","[['C', 'A', 'D', 'B'], ['B', 'D', 'A', 'C'], ['A', 'B', 'D', 'C']]","{'A': 5, 'D': 4, 'B': 3, 'C': 3}","[0.67, 0.58, 1.0]",4.0
95,"[1, 2, 4]","[3, 3, 4]","[0.58, 0.46, 0.88]","[['C', 'A', 'D', 'B'], ['B', 'D', 'A', 'C'], ['A', 'D', 'B', 'C']]","{'A': 5, 'D': 4, 'B': 3, 'C': 3}","[0.67, 0.58, 1.0]",4.0
95,"[1, 2, 4]","[3, 3, 4]","[0.58, 0.46, 0.88]","[['C', 'A', 'D', 'B'], ['B', 'D', 'A', 'C'], ['B', 'A', 'D', 'C']]","{'A': 5, 'D': 4, 'B': 3, 'C': 3}","[0.67, 0.58, 1.0]",4.0
95,"[1, 2, 4]","[3, 3, 4]","[0.58, 0.46, 0.88]","[['C', 'A', 'D', 'B'], ['B', 'D', 'A', 'C'], ['B', 'D', 'A', 'C']]","{'A': 5, 'D': 4, 'B': 3, 'C': 3}","[0.67, 0.58, 1.0]",4.0
95,"[1, 2, 4]","[3, 3, 4]","[0.58, 0.46, 0.88]","[['C', 'A', 'D', 'B'], ['B', 'D', 'A', 'C'], ['D', 'A', 'B', 'C']]","{'A': 5, 'D': 4, 'B': 3, 'C': 3}","[0.67, 0.58, 1.0]",4.0
95,"[1, 2, 4]","[3, 3, 4]","[0.58, 0.46, 0.88]","[['C', 'A', 'D', 'B'], ['B', 'D', 'A', 'C'], ['D', 'B', 'A', 'C']]","{'A': 5, 'D': 4, 'B': 3, 'C': 3}","[0.67, 0.58, 1.0]",4.0
95,"[1, 2, 4]","[3, 3, 4]","[0.58, 0.46, 0.88]","[['C', 'A', 'D', 'B'], ['D', 'A', 'B', 'C'], ['A', 'B', 'D', 'C']]","{'A': 5, 'D': 4, 'B': 3, 'C': 3}","[0.67, 0.58, 1.0]",4.0
95,"[1, 2, 4]","[3, 3, 4]","[0.58, 0.46, 0.88]","[['C', 'A', 'D', 'B'], ['D', 'A', 'B', 'C'], ['A', 'D', 'B', 'C']]","{'A': 5, 'D': 4, 'B': 3, 'C': 3}","[0.67, 0.58, 1.0]",4.0
95,"[1, 2, 4]","[3, 3, 4]","[0.58, 0.46, 0.88]","[['C', 'A', 'D', 'B'], ['D', 'A', 'B', 'C'], ['B', 'A', 'D', 'C']]","{'A': 5, 'D': 4, 'B': 3, 'C': 3}","[0.67, 0.58, 1.0]",4.0
95,"[1, 2, 4]","[3, 3, 4]","[0.58, 0.46, 0.88]","[['C', 'A', 'D', 'B'], ['D', 'A', 'B', 'C'], ['B', 'D', 'A', 'C']]","{'A': 5, 'D': 4, 'B': 3, 'C': 3}","[0.67, 0.58, 1.0]",4.0
95,"[1, 2, 4]","[3, 3, 4]","[0.58, 0.46, 0.88]","[['C', 'A', 'D', 'B'], ['D', 'A', 'B', 'C'], ['D', 'A', 'B', 'C']]","{'A': 5, 'D': 4, 'B': 3, 'C': 3}","[0.67, 0.58, 1.0]",4.0
95,"[1, 2, 4]","[3, 3, 4]","[0.58, 0.46, 0.88]","[['C', 'A', 'D', 'B'], ['D', 'A', 'B', 'C'], ['D', 'B', 'A', 'C']]","{'A': 5, 'D': 4, 'B': 3, 'C': 3}","[0.67, 0.58, 1.0]",4.0
95,"[1, 2, 4]","[3, 3, 4]","[0.58, 0.46, 0.88]","[['C', 'A', 'D', 'B'], ['D', 'B', 'A', 'C'], ['A', 'B', 'D', 'C']]","{'A': 5, 'D': 4, 'B': 3, 'C': 3}","[0.67, 0.58, 1.0]",4.0
95,"[1, 2, 4]","[3, 3, 4]","[0.58, 0.46, 0.88]","[['C', 'A', 'D', 'B'], ['D', 'B', 'A', 'C'], ['A', 'D', 'B', 'C']]","{'A': 5, 'D': 4, 'B': 3, 'C': 3}","[0.67, 0.58, 1.0]",4.0
95,"[1, 2, 4]","[3, 3, 4]","[0.58, 0.46, 0.88]","[['C', 'A', 'D', 'B'], ['D', 'B', 'A', 'C'], ['B', 'A', 'D', 'C']]","{'A': 5, 'D': 4, 'B': 3, 'C': 3}","[0.67, 0.58, 1.0]",4.0
95,"[1, 2, 4]","[3, 3, 4]","[0.58, 0.46, 0.88]","[['C', 'A', 'D', 'B'], ['D', 'B', 'A', 'C'], ['B', 'D', 'A', 'C']]","{'A': 5, 'D': 4, 'B': 3, 'C': 3}","[0.67, 0.58, 1.0]",4.0
95,"[1, 2, 4]","[3, 3, 4]","[0.58, 0.46, 0.88]","[['C', 'A', 'D', 'B'], ['D', 'B', 'A', 'C'], ['D', 'A', 'B', 'C']]","{'A': 5, 'D': 4, 'B': 3, 'C': 3}","[0.67, 0.58, 1.0]",4.0
95,"[1, 2, 4]","[3, 3, 4]","[0.58, 0.46, 0.88]","[['C', 'A', 'D', 'B'], ['D', 'B', 'A', 'C'], ['D', 'B', 'A', 'C']]","{'A': 5, 'D': 4, 'B': 3, 'C': 3}","[0.67, 0.58, 1.0]",4.0
95,"[1, 2, 4]","[3, 3, 4]","[0.58, 0.46, 0.88]","[['C', 'D', 'A', 'B'], ['A', 'B', 'D', 'C'], ['A', 'B', 'D', 'C']]","{'A': 5, 'D': 4, 'B': 3, 'C': 3}","[0.67, 0.58, 1.0]",4.0
95,"[1, 2, 4]","[3, 3, 4]","[0.58, 0.46, 0.88]","[['C', 'D', 'A', 'B'], ['A', 'B', 'D', 'C'], ['A', 'D', 'B', 'C']]","{'A': 5, 'D': 4, 'B': 3, 'C': 3}","[0.67, 0.58, 1.0]",4.0
95,"[1, 2, 4]","[3, 3, 4]","[0.58, 0.46, 0.88]","[['C', 'D', 'A', 'B'], ['A', 'B', 'D', 'C'], ['B', 'A', 'D', 'C']]","{'A': 5, 'D': 4, 'B': 3, 'C': 3}","[0.67, 0.58, 1.0]",4.0
95,"[1, 2, 4]","[3, 3, 4]","[0.58, 0.46, 0.88]","[['C', 'D', 'A', 'B'], ['A', 'B', 'D', 'C'], ['B', 'D', 'A', 'C']]","{'A': 5, 'D': 4, 'B': 3, 'C': 3}","[0.67, 0.58, 1.0]",4.0
95,"[1, 2, 4]","[3, 3, 4]","[0.58, 0.46, 0.88]","[['C', 'D', 'A', 'B'], ['A', 'B', 'D', 'C'], ['D', 'A', 'B', 'C']]","{'A': 5, 'D': 4, 'B': 3, 'C': 3}","[0.67, 0.58, 1.0]",4.0
95,"[1, 2, 4]","[3, 3, 4]","[0.58, 0.46, 0.88]","[['C', 'D', 'A', 'B'], ['A', 'B', 'D', 'C'], ['D', 'B', 'A', 'C']]","{'A': 5, 'D': 4, 'B': 3, 'C': 3}","[0.67, 0.58, 1.0]",4.0
95,"[1, 2, 4]","[3, 3, 4]","[0.58, 0.46, 0.88]","[['C', 'D', 'A', 'B'], ['A', 'D', 'B', 'C'], ['A', 'B', 'D', 'C']]","{'A': 5, 'D': 4, 'B': 3, 'C': 3}","[0.67, 0.58, 1.0]",4.0
95,"[1, 2, 4]","[3, 3, 4]","[0.58, 0.46, 0.88]","[['C', 'D', 'A', 'B'], ['A', 'D', 'B', 'C'], ['A', 'D', 'B', 'C']]","{'A': 5, 'D': 4, 'B': 3, 'C': 3}","[0.67, 0.58, 1.0]",4.0
95,"[1, 2, 4]","[3, 3, 4]","[0.58, 0.46, 0.88]","[['C', 'D', 'A', 'B'], ['A', 'D', 'B', 'C'], ['B', 'A', 'D', 'C']]","{'A': 5, 'D': 4, 'B': 3, 'C': 3}","[0.67, 0.58, 1.0]",4.0
95,"[1, 2, 4]","[3, 3, 4]","[0.58, 0.46, 0.88]","[['C', 'D', 'A', 'B'], ['A', 'D', 'B', 'C'], ['B', 'D', 'A', 'C']]","{'A': 5, 'D': 4, 'B': 3, 'C': 3}","[0.67, 0.58, 1.0]",4.0
95,"[1, 2, 4]","[3, 3, 4]","[0.58, 0.46, 0.88]","[['C', 'D', 'A', 'B'], ['A', 'D', 'B', 'C'], ['D', 'A', 'B', 'C']]","{'A': 5, 'D': 4, 'B': 3, 'C': 3}","[0.67, 0.58, 1.0]",4.0
95,"[1, 2, 4]","[3, 3, 4]","[0.58, 0.46, 0.88]","[['C', 'D', 'A', 'B'], ['A', 'D', 'B', 'C'], ['D', 'B', 'A', 'C']]","{'A': 5, 'D': 4, 'B': 3, 'C': 3}","[0.67, 0.58, 1.0]",4.0
95,"[1, 2, 4]","[3, 3, 4]","[0.58, 0.46, 0.88]","[['C', 'D', 'A', 'B'], ['B', 'A', 'D', 'C'], ['A', 'B', 'D', 'C']]","{'A': 5, 'D': 4, 'B': 3, 'C': 3}","[0.67, 0.58, 1.0]",4.0
95,"[1, 2, 4]","[3, 3, 4]","[0.58, 0.46, 0.88]","[['C', 'D', 'A', 'B'], ['B', 'A', 'D', 'C'], ['A', 'D', 'B', 'C']]","{'A': 5, 'D': 4, 'B': 3, 'C': 3}","[0.67, 0.58, 1.0]",4.0
95,"[1, 2, 4]","[3, 3, 4]","[0.58, 0.46, 0.88]","[['C', 'D', 'A', 'B'], ['B', 'A', 'D', 'C'], ['B', 'A', 'D', 'C']]","{'A': 5, 'D': 4, 'B': 3, 'C': 3}","[0.67, 0.58, 1.0]",4.0
95,"[1, 2, 4]","[3, 3, 4]","[0.58, 0.46, 0.88]","[['C', 'D', 'A', 'B'], ['B', 'A', 'D', 'C'], ['B', 'D', 'A', 'C']]","{'A': 5, 'D': 4, 'B': 3, 'C': 3}","[0.67, 0.58, 1.0]",4.0
95,"[1, 2, 4]","[3, 3, 4]","[0.58, 0.46, 0.88]","[['C', 'D', 'A', 'B'], ['B', 'A', 'D', 'C'], ['D', 'A', 'B', 'C']]","{'A': 5, 'D': 4, 'B': 3, 'C': 3}","[0.67, 0.58, 1.0]",4.0
95,"[1, 2, 4]","[3, 3, 4]","[0.58, 0.46, 0.88]","[['C', 'D', 'A', 'B'], ['B', 'A', 'D', 'C'], ['D', 'B', 'A', 'C']]","{'A': 5, 'D': 4, 'B': 3, 'C': 3}","[0.67, 0.58, 1.0]",4.0
95,"[1, 2, 4]","[3, 3, 4]","[0.58, 0.46, 0.88]","[['C', 'D', 'A', 'B'], ['B', 'D', 'A', 'C'], ['A', 'B', 'D', 'C']]","{'A': 5, 'D': 4, 'B': 3, 'C': 3}","[0.67, 0.58, 1.0]",4.0
95,"[1, 2, 4]","[3, 3, 4]","[0.58, 0.46, 0.88]","[['C', 'D', 'A', 'B'], ['B', 'D', 'A', 'C'], ['A', 'D', 'B', 'C']]","{'A': 5, 'D': 4, 'B': 3, 'C': 3}","[0.67, 0.58, 1.0]",4.0
95,"[1, 2, 4]","[3, 3, 4]","[0.58, 0.46, 0.88]","[['C', 'D', 'A', 'B'], ['B', 'D', 'A', 'C'], ['B', 'A', 'D', 'C']]","{'A': 5, 'D': 4, 'B': 3, 'C': 3}","[0.67, 0.58, 1.0]",4.0
95,"[1, 2, 4]","[3, 3, 4]","[0.58, 0.46, 0.88]","[['C', 'D', 'A', 'B'], ['B', 'D', 'A', 'C'], ['B', 'D', 'A', 'C']]","{'A': 5, 'D': 4, 'B': 3, 'C': 3}","[0.67, 0.58, 1.0]",4.0
95,"[1, 2, 4]","[3, 3, 4]","[0.58, 0.46, 0.88]","[['C', 'D', 'A', 'B'], ['B', 'D', 'A', 'C'], ['D', 'A', 'B', 'C']]","{'A': 5, 'D': 4, 'B': 3, 'C': 3}","[0.67, 0.58, 1.0]",4.0
95,"[1, 2, 4]","[3, 3, 4]","[0.58, 0.46, 0.88]","[['C', 'D', 'A', 'B'], ['B', 'D', 'A', 'C'], ['D', 'B', 'A', 'C']]","{'A': 5, 'D': 4, 'B': 3, 'C': 3}","[0.67, 0.58, 1.0]",4.0
95,"[1, 2, 4]","[3, 3, 4]","[0.58, 0.46, 0.88]","[['C', 'D', 'A', 'B'], ['D', 'A', 'B', 'C'], ['A', 'B', 'D', 'C']]","{'A': 5, 'D': 4, 'B': 3, 'C': 3}","[0.67, 0.58, 1.0]",4.0
95,"[1, 2, 4]","[3, 3, 4]","[0.58, 0.46, 0.88]","[['C', 'D', 'A', 'B'], ['D', 'A', 'B', 'C'], ['A', 'D', 'B', 'C']]","{'A': 5, 'D': 4, 'B': 3, 'C': 3}","[0.67, 0.58, 1.0]",4.0
95,"[1, 2, 4]","[3, 3, 4]","[0.58, 0.46, 0.88]","[['C', 'D', 'A', 'B'], ['D', 'A', 'B', 'C'], ['B', 'A', 'D', 'C']]","{'A': 5, 'D': 4, 'B': 3, 'C': 3}","[0.67, 0.58, 1.0]",4.0
95,"[1, 2, 4]","[3, 3, 4]","[0.58, 0.46, 0.88]","[['C', 'D', 'A', 'B'], ['D', 'A', 'B', 'C'], ['B', 'D', 'A', 'C']]","{'A': 5, 'D': 4, 'B': 3, 'C': 3}","[0.67, 0.58, 1.0]",4.0
95,"[1, 2, 4]","[3, 3, 4]","[0.58, 0.46, 0.88]","[['C', 'D', 'A', 'B'], ['D', 'A', 'B', 'C'], ['D', 'A', 'B', 'C']]","{'A': 5, 'D': 4, 'B': 3, 'C': 3}","[0.67, 0.58, 1.0]",4.0
95,"[1, 2, 4]","[3, 3, 4]","[0.58, 0.46, 0.88]","[['C', 'D', 'A', 'B'], ['D', 'A', 'B', 'C'], ['D', 'B', 'A', 'C']]","{'A': 5, 'D': 4, 'B': 3, 'C': 3}","[0.67, 0.58, 1.0]",4.0
95,"[1, 2, 4]","[3, 3, 4]","[0.58, 0.46, 0.88]","[['C', 'D', 'A', 'B'], ['D', 'B', 'A', 'C'], ['A', 'B', 'D', 'C']]","{'A': 5, 'D': 4, 'B': 3, 'C': 3}","[0.67, 0.58, 1.0]",4.0
95,"[1, 2, 4]","[3, 3, 4]","[0.58, 0.46, 0.88]","[['C', 'D', 'A', 'B'], ['D', 'B', 'A', 'C'], ['A', 'D', 'B', 'C']]","{'A': 5, 'D': 4, 'B': 3, 'C': 3}","[0.67, 0.58, 1.0]",4.0
95,"[1, 2, 4]","[3, 3, 4]","[0.58, 0.46, 0.88]","[['C', 'D', 'A', 'B'], ['D', 'B', 'A', 'C'], ['B', 'A', 'D', 'C']]","{'A': 5, 'D': 4, 'B': 3, 'C': 3}","[0.67, 0.58, 1.0]",4.0
95,"[1, 2, 4]","[3, 3, 4]","[0.58, 0.46, 0.88]","[['C', 'D', 'A', 'B'], ['D', 'B', 'A', 'C'], ['B', 'D', 'A', 'C']]","{'A': 5, 'D': 4, 'B': 3, 'C': 3}","[0.67, 0.58, 1.0]",4.0
95,"[1, 2, 4]","[3, 3, 4]","[0.58, 0.46, 0.88]","[['C', 'D', 'A', 'B'], ['D', 'B', 'A', 'C'], ['D', 'A', 'B', 'C']]","{'A': 5, 'D': 4, 'B': 3, 'C': 3}","[0.67, 0.58, 1.0]",4.0
95,"[1, 2, 4]","[3, 3, 4]","[0.58, 0.46, 0.88]","[['C', 'D', 'A', 'B'], ['D', 'B', 'A', 'C'], ['D', 'B', 'A', 'C']]","{'A': 5, 'D': 4, 'B': 3, 'C': 3}","[0.67, 0.58, 1.0]",4.0
95,"[1, 2, 4]","[3, 3, 4]","[0.58, 0.46, 0.88]","[['D', 'A', 'B', 'C'], ['A', 'B', 'D', 'C'], ['A', 'C', 'D', 'B']]","{'A': 5, 'D': 4, 'B': 3, 'C': 3}","[0.67, 0.58, 1.0]",4.0
95,"[1, 2, 4]","[3, 3, 4]","[0.58, 0.46, 0.88]","[['D', 'A', 'B', 'C'], ['A', 'B', 'D', 'C'], ['A', 'D', 'C', 'B']]","{'A': 5, 'D': 4, 'B': 3, 'C': 3}","[0.67, 0.58, 1.0]",4.0
95,"[1, 2, 4]","[3, 3, 4]","[0.58, 0.46, 0.88]","[['D', 'A', 'B', 'C'], ['A', 'B', 'D', 'C'], ['C', 'A', 'D', 'B']]","{'A': 5, 'D': 4, 'B': 3, 'C': 3}","[0.67, 0.58, 1.0]",4.0
95,"[1, 2, 4]","[3, 3, 4]","[0.58, 0.46, 0.88]","[['D', 'A', 'B', 'C'], ['A', 'B', 'D', 'C'], ['C', 'D', 'A', 'B']]","{'A': 5, 'D': 4, 'B': 3, 'C': 3}","[0.67, 0.58, 1.0]",4.0
95,"[1, 2, 4]","[3, 3, 4]","[0.58, 0.46, 0.88]","[['D', 'A', 'B', 'C'], ['A', 'B', 'D', 'C'], ['D', 'A', 'C', 'B']]","{'A': 5, 'D': 4, 'B': 3, 'C': 3}","[0.67, 0.58, 1.0]",4.0
95,"[1, 2, 4]","[3, 3, 4]","[0.58, 0.46, 0.88]","[['D', 'A', 'B', 'C'], ['A', 'B', 'D', 'C'], ['D', 'C', 'A', 'B']]","{'A': 5, 'D': 4, 'B': 3, 'C': 3}","[0.67, 0.58, 1.0]",4.0
95,"[1, 2, 4]","[3, 3, 4]","[0.58, 0.46, 0.88]","[['D', 'A', 'B', 'C'], ['A', 'C', 'D', 'B'], ['A', 'B', 'D', 'C']]","{'A': 5, 'D': 4, 'B': 3, 'C': 3}","[0.67, 0.58, 1.0]",4.0
95,"[1, 2, 4]","[3, 3, 4]","[0.58, 0.46, 0.88]","[['D', 'A', 'B', 'C'], ['A', 'C', 'D', 'B'], ['A', 'D', 'B', 'C']]","{'A': 5, 'D': 4, 'B': 3, 'C': 3}","[0.67, 0.58, 1.0]",4.0
95,"[1, 2, 4]","[3, 3, 4]","[0.58, 0.46, 0.88]","[['D', 'A', 'B', 'C'], ['A', 'C', 'D', 'B'], ['B', 'A', 'D', 'C']]","{'A': 5, 'D': 4, 'B': 3, 'C': 3}","[0.67, 0.58, 1.0]",4.0
95,"[1, 2, 4]","[3, 3, 4]","[0.58, 0.46, 0.88]","[['D', 'A', 'B', 'C'], ['A', 'C', 'D', 'B'], ['B', 'D', 'A', 'C']]","{'A': 5, 'D': 4, 'B': 3, 'C': 3}","[0.67, 0.58, 1.0]",4.0
95,"[1, 2, 4]","[3, 3, 4]","[0.58, 0.46, 0.88]","[['D', 'A', 'B', 'C'], ['A', 'C', 'D', 'B'], ['D', 'A', 'B', 'C']]","{'A': 5, 'D': 4, 'B': 3, 'C': 3}","[0.67, 0.58, 1.0]",4.0
95,"[1, 2, 4]","[3, 3, 4]","[0.58, 0.46, 0.88]","[['D', 'A', 'B', 'C'], ['A', 'C', 'D', 'B'], ['D', 'B', 'A', 'C']]","{'A': 5, 'D': 4, 'B': 3, 'C': 3}","[0.67, 0.58, 1.0]",4.0
95,"[1, 2, 4]","[3, 3, 4]","[0.58, 0.46, 0.88]","[['D', 'A', 'B', 'C'], ['A', 'D', 'B', 'C'], ['A', 'C', 'D', 'B']]","{'A': 5, 'D': 4, 'B': 3, 'C': 3}","[0.67, 0.58, 1.0]",4.0
95,"[1, 2, 4]","[3, 3, 4]","[0.58, 0.46, 0.88]","[['D', 'A', 'B', 'C'], ['A', 'D', 'B', 'C'], ['A', 'D', 'C', 'B']]","{'A': 5, 'D': 4, 'B': 3, 'C': 3}","[0.67, 0.58, 1.0]",4.0
95,"[1, 2, 4]","[3, 3, 4]","[0.58, 0.46, 0.88]","[['D', 'A', 'B', 'C'], ['A', 'D', 'B', 'C'], ['C', 'A', 'D', 'B']]","{'A': 5, 'D': 4, 'B': 3, 'C': 3}","[0.67, 0.58, 1.0]",4.0
95,"[1, 2, 4]","[3, 3, 4]","[0.58, 0.46, 0.88]","[['D', 'A', 'B', 'C'], ['A', 'D', 'B', 'C'], ['C', 'D', 'A', 'B']]","{'A': 5, 'D': 4, 'B': 3, 'C': 3}","[0.67, 0.58, 1.0]",4.0
95,"[1, 2, 4]","[3, 3, 4]","[0.58, 0.46, 0.88]","[['D', 'A', 'B', 'C'], ['A', 'D', 'B', 'C'], ['D', 'A', 'C', 'B']]","{'A': 5, 'D': 4, 'B': 3, 'C': 3}","[0.67, 0.58, 1.0]",4.0
95,"[1, 2, 4]","[3, 3, 4]","[0.58, 0.46, 0.88]","[['D', 'A', 'B', 'C'], ['A', 'D', 'B', 'C'], ['D', 'C', 'A', 'B']]","{'A': 5, 'D': 4, 'B': 3, 'C': 3}","[0.67, 0.58, 1.0]",4.0
95,"[1, 2, 4]","[3, 3, 4]","[0.58, 0.46, 0.88]","[['D', 'A', 'B', 'C'], ['A', 'D', 'C', 'B'], ['A', 'B', 'D', 'C']]","{'A': 5, 'D': 4, 'B': 3, 'C': 3}","[0.67, 0.58, 1.0]",4.0
95,"[1, 2, 4]","[3, 3, 4]","[0.58, 0.46, 0.88]","[['D', 'A', 'B', 'C'], ['A', 'D', 'C', 'B'], ['A', 'D', 'B', 'C']]","{'A': 5, 'D': 4, 'B': 3, 'C': 3}","[0.67, 0.58, 1.0]",4.0
95,"[1, 2, 4]","[3, 3, 4]","[0.58, 0.46, 0.88]","[['D', 'A', 'B', 'C'], ['A', 'D', 'C', 'B'], ['B', 'A', 'D', 'C']]","{'A': 5, 'D': 4, 'B': 3, 'C': 3}","[0.67, 0.58, 1.0]",4.0
95,"[1, 2, 4]","[3, 3, 4]","[0.58, 0.46, 0.88]","[['D', 'A', 'B', 'C'], ['A', 'D', 'C', 'B'], ['B', 'D', 'A', 'C']]","{'A': 5, 'D': 4, 'B': 3, 'C': 3}","[0.67, 0.58, 1.0]",4.0
95,"[1, 2, 4]","[3, 3, 4]","[0.58, 0.46, 0.88]","[['D', 'A', 'B', 'C'], ['A', 'D', 'C', 'B'], ['D', 'A', 'B', 'C']]","{'A': 5, 'D': 4, 'B': 3, 'C': 3}","[0.67, 0.58, 1.0]",4.0
95,"[1, 2, 4]","[3, 3, 4]","[0.58, 0.46, 0.88]","[['D', 'A', 'B', 'C'], ['A', 'D', 'C', 'B'], ['D', 'B', 'A', 'C']]","{'A': 5, 'D': 4, 'B': 3, 'C': 3}","[0.67, 0.58, 1.0]",4.0
95,"[1, 2, 4]","[3, 3, 4]","[0.58, 0.46, 0.88]","[['D', 'A', 'B', 'C'], ['B', 'A', 'D', 'C'], ['A', 'C', 'D', 'B']]","{'A': 5, 'D': 4, 'B': 3, 'C': 3}","[0.67, 0.58, 1.0]",4.0
95,"[1, 2, 4]","[3, 3, 4]","[0.58, 0.46, 0.88]","[['D', 'A', 'B', 'C'], ['B', 'A', 'D', 'C'], ['A', 'D', 'C', 'B']]","{'A': 5, 'D': 4, 'B': 3, 'C': 3}","[0.67, 0.58, 1.0]",4.0
95,"[1, 2, 4]","[3, 3, 4]","[0.58, 0.46, 0.88]","[['D', 'A', 'B', 'C'], ['B', 'A', 'D', 'C'], ['C', 'A', 'D', 'B']]","{'A': 5, 'D': 4, 'B': 3, 'C': 3}","[0.67, 0.58, 1.0]",4.0
95,"[1, 2, 4]","[3, 3, 4]","[0.58, 0.46, 0.88]","[['D', 'A', 'B', 'C'], ['B', 'A', 'D', 'C'], ['C', 'D', 'A', 'B']]","{'A': 5, 'D': 4, 'B': 3, 'C': 3}","[0.67, 0.58, 1.0]",4.0
95,"[1, 2, 4]","[3, 3, 4]","[0.58, 0.46, 0.88]","[['D', 'A', 'B', 'C'], ['B', 'A', 'D', 'C'], ['D', 'A', 'C', 'B']]","{'A': 5, 'D': 4, 'B': 3, 'C': 3}","[0.67, 0.58, 1.0]",4.0
95,"[1, 2, 4]","[3, 3, 4]","[0.58, 0.46, 0.88]","[['D', 'A', 'B', 'C'], ['B', 'A', 'D', 'C'], ['D', 'C', 'A', 'B']]","{'A': 5, 'D': 4, 'B': 3, 'C': 3}","[0.67, 0.58, 1.0]",4.0
95,"[1, 2, 4]","[3, 3, 4]","[0.58, 0.46, 0.88]","[['D', 'A', 'B', 'C'], ['B', 'D', 'A', 'C'], ['A', 'C', 'D', 'B']]","{'A': 5, 'D': 4, 'B': 3, 'C': 3}","[0.67, 0.58, 1.0]",4.0
95,"[1, 2, 4]","[3, 3, 4]","[0.58, 0.46, 0.88]","[['D', 'A', 'B', 'C'], ['B', 'D', 'A', 'C'], ['A', 'D', 'C', 'B']]","{'A': 5, 'D': 4, 'B': 3, 'C': 3}","[0.67, 0.58, 1.0]",4.0
95,"[1, 2, 4]","[3, 3, 4]","[0.58, 0.46, 0.88]","[['D', 'A', 'B', 'C'], ['B', 'D', 'A', 'C'], ['C', 'A', 'D', 'B']]","{'A': 5, 'D': 4, 'B': 3, 'C': 3}","[0.67, 0.58, 1.0]",4.0
95,"[1, 2, 4]","[3, 3, 4]","[0.58, 0.46, 0.88]","[['D', 'A', 'B', 'C'], ['B', 'D', 'A', 'C'], ['C', 'D', 'A', 'B']]","{'A': 5, 'D': 4, 'B': 3, 'C': 3}","[0.67, 0.58, 1.0]",4.0
95,"[1, 2, 4]","[3, 3, 4]","[0.58, 0.46, 0.88]","[['D', 'A', 'B', 'C'], ['B', 'D', 'A', 'C'], ['D', 'A', 'C', 'B']]","{'A': 5, 'D': 4, 'B': 3, 'C': 3}","[0.67, 0.58, 1.0]",4.0
95,"[1, 2, 4]","[3, 3, 4]","[0.58, 0.46, 0.88]","[['D', 'A', 'B', 'C'], ['B', 'D', 'A', 'C'], ['D', 'C', 'A', 'B']]","{'A': 5, 'D': 4, 'B': 3, 'C': 3}","[0.67, 0.58, 1.0]",4.0
95,"[1, 2, 4]","[3, 3, 4]","[0.58, 0.46, 0.88]","[['D', 'A', 'B', 'C'], ['C', 'A', 'D', 'B'], ['A', 'B', 'D', 'C']]","{'A': 5, 'D': 4, 'B': 3, 'C': 3}","[0.67, 0.58, 1.0]",4.0
95,"[1, 2, 4]","[3, 3, 4]","[0.58, 0.46, 0.88]","[['D', 'A', 'B', 'C'], ['C', 'A', 'D', 'B'], ['A', 'D', 'B', 'C']]","{'A': 5, 'D': 4, 'B': 3, 'C': 3}","[0.67, 0.58, 1.0]",4.0
95,"[1, 2, 4]","[3, 3, 4]","[0.58, 0.46, 0.88]","[['D', 'A', 'B', 'C'], ['C', 'A', 'D', 'B'], ['B', 'A', 'D', 'C']]","{'A': 5, 'D': 4, 'B': 3, 'C': 3}","[0.67, 0.58, 1.0]",4.0
95,"[1, 2, 4]","[3, 3, 4]","[0.58, 0.46, 0.88]","[['D', 'A', 'B', 'C'], ['C', 'A', 'D', 'B'], ['B', 'D', 'A', 'C']]","{'A': 5, 'D': 4, 'B': 3, 'C': 3}","[0.67, 0.58, 1.0]",4.0
95,"[1, 2, 4]","[3, 3, 4]","[0.58, 0.46, 0.88]","[['D', 'A', 'B', 'C'], ['C', 'A', 'D', 'B'], ['D', 'A', 'B', 'C']]","{'A': 5, 'D': 4, 'B': 3, 'C': 3}","[0.67, 0.58, 1.0]",4.0
95,"[1, 2, 4]","[3, 3, 4]","[0.58, 0.46, 0.88]","[['D', 'A', 'B', 'C'], ['C', 'A', 'D', 'B'], ['D', 'B', 'A', 'C']]","{'A': 5, 'D': 4, 'B': 3, 'C': 3}","[0.67, 0.58, 1.0]",4.0
95,"[1, 2, 4]","[3, 3, 4]","[0.58, 0.46, 0.88]","[['D', 'A', 'B', 'C'], ['C', 'D', 'A', 'B'], ['A', 'B', 'D', 'C']]","{'A': 5, 'D': 4, 'B': 3, 'C': 3}","[0.67, 0.58, 1.0]",4.0
95,"[1, 2, 4]","[3, 3, 4]","[0.58, 0.46, 0.88]","[['D', 'A', 'B', 'C'], ['C', 'D', 'A', 'B'], ['A', 'D', 'B', 'C']]","{'A': 5, 'D': 4, 'B': 3, 'C': 3}","[0.67, 0.58, 1.0]",4.0
95,"[1, 2, 4]","[3, 3, 4]","[0.58, 0.46, 0.88]","[['D', 'A', 'B', 'C'], ['C', 'D', 'A', 'B'], ['B', 'A', 'D', 'C']]","{'A': 5, 'D': 4, 'B': 3, 'C': 3}","[0.67, 0.58, 1.0]",4.0
95,"[1, 2, 4]","[3, 3, 4]","[0.58, 0.46, 0.88]","[['D', 'A', 'B', 'C'], ['C', 'D', 'A', 'B'], ['B', 'D', 'A', 'C']]","{'A': 5, 'D': 4, 'B': 3, 'C': 3}","[0.67, 0.58, 1.0]",4.0
95,"[1, 2, 4]","[3, 3, 4]","[0.58, 0.46, 0.88]","[['D', 'A', 'B', 'C'], ['C', 'D', 'A', 'B'], ['D', 'A', 'B', 'C']]","{'A': 5, 'D': 4, 'B': 3, 'C': 3}","[0.67, 0.58, 1.0]",4.0
95,"[1, 2, 4]","[3, 3, 4]","[0.58, 0.46, 0.88]","[['D', 'A', 'B', 'C'], ['C', 'D', 'A', 'B'], ['D', 'B', 'A', 'C']]","{'A': 5, 'D': 4, 'B': 3, 'C': 3}","[0.67, 0.58, 1.0]",4.0
95,"[1, 2, 4]","[3, 3, 4]","[0.58, 0.46, 0.88]","[['D', 'A', 'B', 'C'], ['D', 'A', 'B', 'C'], ['A', 'C', 'D', 'B']]","{'A': 5, 'D': 4, 'B': 3, 'C': 3}","[0.67, 0.58, 1.0]",4.0
95,"[1, 2, 4]","[3, 3, 4]","[0.58, 0.46, 0.88]","[['D', 'A', 'B', 'C'], ['D', 'A', 'B', 'C'], ['A', 'D', 'C', 'B']]","{'A': 5, 'D': 4, 'B': 3, 'C': 3}","[0.67, 0.58, 1.0]",4.0
95,"[1, 2, 4]","[3, 3, 4]","[0.58, 0.46, 0.88]","[['D', 'A', 'B', 'C'], ['D', 'A', 'B', 'C'], ['C', 'A', 'D', 'B']]","{'A': 5, 'D': 4, 'B': 3, 'C': 3}","[0.67, 0.58, 1.0]",4.0
95,"[1, 2, 4]","[3, 3, 4]","[0.58, 0.46, 0.88]","[['D', 'A', 'B', 'C'], ['D', 'A', 'B', 'C'], ['C', 'D', 'A', 'B']]","{'A': 5, 'D': 4, 'B': 3, 'C': 3}","[0.67, 0.58, 1.0]",4.0
95,"[1, 2, 4]","[3, 3, 4]","[0.58, 0.46, 0.88]","[['D', 'A', 'B', 'C'], ['D', 'A', 'B', 'C'], ['D', 'A', 'C', 'B']]","{'A': 5, 'D': 4, 'B': 3, 'C': 3}","[0.67, 0.58, 1.0]",4.0
95,"[1, 2, 4]","[3, 3, 4]","[0.58, 0.46, 0.88]","[['D', 'A', 'B', 'C'], ['D', 'A', 'B', 'C'], ['D', 'C', 'A', 'B']]","{'A': 5, 'D': 4, 'B': 3, 'C': 3}","[0.67, 0.58, 1.0]",4.0
95,"[1, 2, 4]","[3, 3, 4]","[0.58, 0.46, 0.88]","[['D', 'A', 'B', 'C'], ['D', 'A', 'C', 'B'], ['A', 'B', 'D', 'C']]","{'A': 5, 'D': 4, 'B': 3, 'C': 3}","[0.67, 0.58, 1.0]",4.0
95,"[1, 2, 4]","[3, 3, 4]","[0.58, 0.46, 0.88]","[['D', 'A', 'B', 'C'], ['D', 'A', 'C', 'B'], ['A', 'D', 'B', 'C']]","{'A': 5, 'D': 4, 'B': 3, 'C': 3}","[0.67, 0.58, 1.0]",4.0
95,"[1, 2, 4]","[3, 3, 4]","[0.58, 0.46, 0.88]","[['D', 'A', 'B', 'C'], ['D', 'A', 'C', 'B'], ['B', 'A', 'D', 'C']]","{'A': 5, 'D': 4, 'B': 3, 'C': 3}","[0.67, 0.58, 1.0]",4.0
95,"[1, 2, 4]","[3, 3, 4]","[0.58, 0.46, 0.88]","[['D', 'A', 'B', 'C'], ['D', 'A', 'C', 'B'], ['B', 'D', 'A', 'C']]","{'A': 5, 'D': 4, 'B': 3, 'C': 3}","[0.67, 0.58, 1.0]",4.0
95,"[1, 2, 4]","[3, 3, 4]","[0.58, 0.46, 0.88]","[['D', 'A', 'B', 'C'], ['D', 'A', 'C', 'B'], ['D', 'A', 'B', 'C']]","{'A': 5, 'D': 4, 'B': 3, 'C': 3}","[0.67, 0.58, 1.0]",4.0
95,"[1, 2, 4]","[3, 3, 4]","[0.58, 0.46, 0.88]","[['D', 'A', 'B', 'C'], ['D', 'A', 'C', 'B'], ['D', 'B', 'A', 'C']]","{'A': 5, 'D': 4, 'B': 3, 'C': 3}","[0.67, 0.58, 1.0]",4.0
95,"[1, 2, 4]","[3, 3, 4]","[0.58, 0.46, 0.88]","[['D', 'A', 'B', 'C'], ['D', 'B', 'A', 'C'], ['A', 'C', 'D', 'B']]","{'A': 5, 'D': 4, 'B': 3, 'C': 3}","[0.67, 0.58, 1.0]",4.0
95,"[1, 2, 4]","[3, 3, 4]","[0.58, 0.46, 0.88]","[['D', 'A', 'B', 'C'], ['D', 'B', 'A', 'C'], ['A', 'D', 'C', 'B']]","{'A': 5, 'D': 4, 'B': 3, 'C': 3}","[0.67, 0.58, 1.0]",4.0
95,"[1, 2, 4]","[3, 3, 4]","[0.58, 0.46, 0.88]","[['D', 'A', 'B', 'C'], ['D', 'B', 'A', 'C'], ['C', 'A', 'D', 'B']]","{'A': 5, 'D': 4, 'B': 3, 'C': 3}","[0.67, 0.58, 1.0]",4.0
95,"[1, 2, 4]","[3, 3, 4]","[0.58, 0.46, 0.88]","[['D', 'A', 'B', 'C'], ['D', 'B', 'A', 'C'], ['C', 'D', 'A', 'B']]","{'A': 5, 'D': 4, 'B': 3, 'C': 3}","[0.67, 0.58, 1.0]",4.0
95,"[1, 2, 4]","[3, 3, 4]","[0.58, 0.46, 0.88]","[['D', 'A', 'B', 'C'], ['D', 'B', 'A', 'C'], ['D', 'A', 'C', 'B']]","{'A': 5, 'D': 4, 'B': 3, 'C': 3}","[0.67, 0.58, 1.0]",4.0
95,"[1, 2, 4]","[3, 3, 4]","[0.58, 0.46, 0.88]","[['D', 'A', 'B', 'C'], ['D', 'B', 'A', 'C'], ['D', 'C', 'A', 'B']]","{'A': 5, 'D': 4, 'B': 3, 'C': 3}","[0.67, 0.58, 1.0]",4.0
95,"[1, 2, 4]","[3, 3, 4]","[0.58, 0.46, 0.88]","[['D', 'A', 'B', 'C'], ['D', 'C', 'A', 'B'], ['A', 'B', 'D', 'C']]","{'A': 5, 'D': 4, 'B': 3, 'C': 3}","[0.67, 0.58, 1.0]",4.0
95,"[1, 2, 4]","[3, 3, 4]","[0.58, 0.46, 0.88]","[['D', 'A', 'B', 'C'], ['D', 'C', 'A', 'B'], ['A', 'D', 'B', 'C']]","{'A': 5, 'D': 4, 'B': 3, 'C': 3}","[0.67, 0.58, 1.0]",4.0
95,"[1, 2, 4]","[3, 3, 4]","[0.58, 0.46, 0.88]","[['D', 'A', 'B', 'C'], ['D', 'C', 'A', 'B'], ['B', 'A', 'D', 'C']]","{'A': 5, 'D': 4, 'B': 3, 'C': 3}","[0.67, 0.58, 1.0]",4.0
95,"[1, 2, 4]","[3, 3, 4]","[0.58, 0.46, 0.88]","[['D', 'A', 'B', 'C'], ['D', 'C', 'A', 'B'], ['B', 'D', 'A', 'C']]","{'A': 5, 'D': 4, 'B': 3, 'C': 3}","[0.67, 0.58, 1.0]",4.0
95,"[1, 2, 4]","[3, 3, 4]","[0.58, 0.46, 0.88]","[['D', 'A', 'B', 'C'], ['D', 'C', 'A', 'B'], ['D', 'A', 'B', 'C']]","{'A': 5, 'D': 4, 'B': 3, 'C': 3}","[0.67, 0.58, 1.0]",4.0
95,"[1, 2, 4]","[3, 3, 4]","[0.58, 0.46, 0.88]","[['D', 'A', 'B', 'C'], ['D', 'C', 'A', 'B'], ['D', 'B', 'A', 'C']]","{'A': 5, 'D': 4, 'B': 3, 'C': 3}","[0.67, 0.58, 1.0]",4.0
95,"[1, 2, 4]","[3, 3, 4]","[0.58, 0.46, 0.88]","[['D', 'A', 'C', 'B'], ['A', 'B', 'D', 'C'], ['A', 'B', 'D', 'C']]","{'A': 5, 'D': 4, 'B': 3, 'C': 3}","[0.67, 0.58, 1.0]",4.0
95,"[1, 2, 4]","[3, 3, 4]","[0.58, 0.46, 0.88]","[['D', 'A', 'C', 'B'], ['A', 'B', 'D', 'C'], ['A', 'D', 'B', 'C']]","{'A': 5, 'D': 4, 'B': 3, 'C': 3}","[0.67, 0.58, 1.0]",4.0
95,"[1, 2, 4]","[3, 3, 4]","[0.58, 0.46, 0.88]","[['D', 'A', 'C', 'B'], ['A', 'B', 'D', 'C'], ['B', 'A', 'D', 'C']]","{'A': 5, 'D': 4, 'B': 3, 'C': 3}","[0.67, 0.58, 1.0]",4.0
95,"[1, 2, 4]","[3, 3, 4]","[0.58, 0.46, 0.88]","[['D', 'A', 'C', 'B'], ['A', 'B', 'D', 'C'], ['B', 'D', 'A', 'C']]","{'A': 5, 'D': 4, 'B': 3, 'C': 3}","[0.67, 0.58, 1.0]",4.0
95,"[1, 2, 4]","[3, 3, 4]","[0.58, 0.46, 0.88]","[['D', 'A', 'C', 'B'], ['A', 'B', 'D', 'C'], ['D', 'A', 'B', 'C']]","{'A': 5, 'D': 4, 'B': 3, 'C': 3}","[0.67, 0.58, 1.0]",4.0
95,"[1, 2, 4]","[3, 3, 4]","[0.58, 0.46, 0.88]","[['D', 'A', 'C', 'B'], ['A', 'B', 'D', 'C'], ['D', 'B', 'A', 'C']]","{'A': 5, 'D': 4, 'B': 3, 'C': 3}","[0.67, 0.58, 1.0]",4.0
95,"[1, 2, 4]","[3, 3, 4]","[0.58, 0.46, 0.88]","[['D', 'A', 'C', 'B'], ['A', 'D', 'B', 'C'], ['A', 'B', 'D', 'C']]","{'A': 5, 'D': 4, 'B': 3, 'C': 3}","[0.67, 0.58, 1.0]",4.0
95,"[1, 2, 4]","[3, 3, 4]","[0.58, 0.46, 0.88]","[['D', 'A', 'C', 'B'], ['A', 'D', 'B', 'C'], ['A', 'D', 'B', 'C']]","{'A': 5, 'D': 4, 'B': 3, 'C': 3}","[0.67, 0.58, 1.0]",4.0
95,"[1, 2, 4]","[3, 3, 4]","[0.58, 0.46, 0.88]","[['D', 'A', 'C', 'B'], ['A', 'D', 'B', 'C'], ['B', 'A', 'D', 'C']]","{'A': 5, 'D': 4, 'B': 3, 'C': 3}","[0.67, 0.58, 1.0]",4.0
95,"[1, 2, 4]","[3, 3, 4]","[0.58, 0.46, 0.88]","[['D', 'A', 'C', 'B'], ['A', 'D', 'B', 'C'], ['B', 'D', 'A', 'C']]","{'A': 5, 'D': 4, 'B': 3, 'C': 3}","[0.67, 0.58, 1.0]",4.0
95,"[1, 2, 4]","[3, 3, 4]","[0.58, 0.46, 0.88]","[['D', 'A', 'C', 'B'], ['A', 'D', 'B', 'C'], ['D', 'A', 'B', 'C']]","{'A': 5, 'D': 4, 'B': 3, 'C': 3}","[0.67, 0.58, 1.0]",4.0
95,"[1, 2, 4]","[3, 3, 4]","[0.58, 0.46, 0.88]","[['D', 'A', 'C', 'B'], ['A', 'D', 'B', 'C'], ['D', 'B', 'A', 'C']]","{'A': 5, 'D': 4, 'B': 3, 'C': 3}","[0.67, 0.58, 1.0]",4.0
95,"[1, 2, 4]","[3, 3, 4]","[0.58, 0.46, 0.88]","[['D', 'A', 'C', 'B'], ['B', 'A', 'D', 'C'], ['A', 'B', 'D', 'C']]","{'A': 5, 'D': 4, 'B': 3, 'C': 3}","[0.67, 0.58, 1.0]",4.0
95,"[1, 2, 4]","[3, 3, 4]","[0.58, 0.46, 0.88]","[['D', 'A', 'C', 'B'], ['B', 'A', 'D', 'C'], ['A', 'D', 'B', 'C']]","{'A': 5, 'D': 4, 'B': 3, 'C': 3}","[0.67, 0.58, 1.0]",4.0
95,"[1, 2, 4]","[3, 3, 4]","[0.58, 0.46, 0.88]","[['D', 'A', 'C', 'B'], ['B', 'A', 'D', 'C'], ['B', 'A', 'D', 'C']]","{'A': 5, 'D': 4, 'B': 3, 'C': 3}","[0.67, 0.58, 1.0]",4.0
95,"[1, 2, 4]","[3, 3, 4]","[0.58, 0.46, 0.88]","[['D', 'A', 'C', 'B'], ['B', 'A', 'D', 'C'], ['B', 'D', 'A', 'C']]","{'A': 5, 'D': 4, 'B': 3, 'C': 3}","[0.67, 0.58, 1.0]",4.0
95,"[1, 2, 4]","[3, 3, 4]","[0.58, 0.46, 0.88]","[['D', 'A', 'C', 'B'], ['B', 'A', 'D', 'C'], ['D', 'A', 'B', 'C']]","{'A': 5, 'D': 4, 'B': 3, 'C': 3}","[0.67, 0.58, 1.0]",4.0
95,"[1, 2, 4]","[3, 3, 4]","[0.58, 0.46, 0.88]","[['D', 'A', 'C', 'B'], ['B', 'A', 'D', 'C'], ['D', 'B', 'A', 'C']]","{'A': 5, 'D': 4, 'B': 3, 'C': 3}","[0.67, 0.58, 1.0]",4.0
95,"[1, 2, 4]","[3, 3, 4]","[0.58, 0.46, 0.88]","[['D', 'A', 'C', 'B'], ['B', 'D', 'A', 'C'], ['A', 'B', 'D', 'C']]","{'A': 5, 'D': 4, 'B': 3, 'C': 3}","[0.67, 0.58, 1.0]",4.0
95,"[1, 2, 4]","[3, 3, 4]","[0.58, 0.46, 0.88]","[['D', 'A', 'C', 'B'], ['B', 'D', 'A', 'C'], ['A', 'D', 'B', 'C']]","{'A': 5, 'D': 4, 'B': 3, 'C': 3}","[0.67, 0.58, 1.0]",4.0
95,"[1, 2, 4]","[3, 3, 4]","[0.58, 0.46, 0.88]","[['D', 'A', 'C', 'B'], ['B', 'D', 'A', 'C'], ['B', 'A', 'D', 'C']]","{'A': 5, 'D': 4, 'B': 3, 'C': 3}","[0.67, 0.58, 1.0]",4.0
95,"[1, 2, 4]","[3, 3, 4]","[0.58, 0.46, 0.88]","[['D', 'A', 'C', 'B'], ['B', 'D', 'A', 'C'], ['B', 'D', 'A', 'C']]","{'A': 5, 'D': 4, 'B': 3, 'C': 3}","[0.67, 0.58, 1.0]",4.0
95,"[1, 2, 4]","[3, 3, 4]","[0.58, 0.46, 0.88]","[['D', 'A', 'C', 'B'], ['B', 'D', 'A', 'C'], ['D', 'A', 'B', 'C']]","{'A': 5, 'D': 4, 'B': 3, 'C': 3}","[0.67, 0.58, 1.0]",4.0
95,"[1, 2, 4]","[3, 3, 4]","[0.58, 0.46, 0.88]","[['D', 'A', 'C', 'B'], ['B', 'D', 'A', 'C'], ['D', 'B', 'A', 'C']]","{'A': 5, 'D': 4, 'B': 3, 'C': 3}","[0.67, 0.58, 1.0]",4.0
95,"[1, 2, 4]","[3, 3, 4]","[0.58, 0.46, 0.88]","[['D', 'A', 'C', 'B'], ['D', 'A', 'B', 'C'], ['A', 'B', 'D', 'C']]","{'A': 5, 'D': 4, 'B': 3, 'C': 3}","[0.67, 0.58, 1.0]",4.0
95,"[1, 2, 4]","[3, 3, 4]","[0.58, 0.46, 0.88]","[['D', 'A', 'C', 'B'], ['D', 'A', 'B', 'C'], ['A', 'D', 'B', 'C']]","{'A': 5, 'D': 4, 'B': 3, 'C': 3}","[0.67, 0.58, 1.0]",4.0
95,"[1, 2, 4]","[3, 3, 4]","[0.58, 0.46, 0.88]","[['D', 'A', 'C', 'B'], ['D', 'A', 'B', 'C'], ['B', 'A', 'D', 'C']]","{'A': 5, 'D': 4, 'B': 3, 'C': 3}","[0.67, 0.58, 1.0]",4.0
95,"[1, 2, 4]","[3, 3, 4]","[0.58, 0.46, 0.88]","[['D', 'A', 'C', 'B'], ['D', 'A', 'B', 'C'], ['B', 'D', 'A', 'C']]","{'A': 5, 'D': 4, 'B': 3, 'C': 3}","[0.67, 0.58, 1.0]",4.0
95,"[1, 2, 4]","[3, 3, 4]","[0.58, 0.46, 0.88]","[['D', 'A', 'C', 'B'], ['D', 'A', 'B', 'C'], ['D', 'A', 'B', 'C']]","{'A': 5, 'D': 4, 'B': 3, 'C': 3}","[0.67, 0.58, 1.0]",4.0
95,"[1, 2, 4]","[3, 3, 4]","[0.58, 0.46, 0.88]","[['D', 'A', 'C', 'B'], ['D', 'A', 'B', 'C'], ['D', 'B', 'A', 'C']]","{'A': 5, 'D': 4, 'B': 3, 'C': 3}","[0.67, 0.58, 1.0]",4.0
95,"[1, 2, 4]","[3, 3, 4]","[0.58, 0.46, 0.88]","[['D', 'A', 'C', 'B'], ['D', 'B', 'A', 'C'], ['A', 'B', 'D', 'C']]","{'A': 5, 'D': 4, 'B': 3, 'C': 3}","[0.67, 0.58, 1.0]",4.0
95,"[1, 2, 4]","[3, 3, 4]","[0.58, 0.46, 0.88]","[['D', 'A', 'C', 'B'], ['D', 'B', 'A', 'C'], ['A', 'D', 'B', 'C']]","{'A': 5, 'D': 4, 'B': 3, 'C': 3}","[0.67, 0.58, 1.0]",4.0
95,"[1, 2, 4]","[3, 3, 4]","[0.58, 0.46, 0.88]","[['D', 'A', 'C', 'B'], ['D', 'B', 'A', 'C'], ['B', 'A', 'D', 'C']]","{'A': 5, 'D': 4, 'B': 3, 'C': 3}","[0.67, 0.58, 1.0]",4.0
95,"[1, 2, 4]","[3, 3, 4]","[0.58, 0.46, 0.88]","[['D', 'A', 'C', 'B'], ['D', 'B', 'A', 'C'], ['B', 'D', 'A', 'C']]","{'A': 5, 'D': 4, 'B': 3, 'C': 3}","[0.67, 0.58, 1.0]",4.0
95,"[1, 2, 4]","[3, 3, 4]","[0.58, 0.46, 0.88]","[['D', 'A', 'C', 'B'], ['D', 'B', 'A', 'C'], ['D', 'A', 'B', 'C']]","{'A': 5, 'D': 4, 'B': 3, 'C': 3}","[0.67, 0.58, 1.0]",4.0
95,"[1, 2, 4]","[3, 3, 4]","[0.58, 0.46, 0.88]","[['D', 'A', 'C', 'B'], ['D', 'B', 'A', 'C'], ['D', 'B', 'A', 'C']]","{'A': 5, 'D': 4, 'B': 3, 'C': 3}","[0.67, 0.58, 1.0]",4.0
95,"[1, 2, 4]","[3, 3, 4]","[0.58, 0.46, 0.88]","[['D', 'B', 'A', 'C'], ['A', 'B', 'D', 'C'], ['A', 'C', 'D', 'B']]","{'A': 5, 'D': 4, 'B': 3, 'C': 3}","[0.67, 0.58, 1.0]",4.0
95,"[1, 2, 4]","[3, 3, 4]","[0.58, 0.46, 0.88]","[['D', 'B', 'A', 'C'], ['A', 'B', 'D', 'C'], ['A', 'D', 'C', 'B']]","{'A': 5, 'D': 4, 'B': 3, 'C': 3}","[0.67, 0.58, 1.0]",4.0
95,"[1, 2, 4]","[3, 3, 4]","[0.58, 0.46, 0.88]","[['D', 'B', 'A', 'C'], ['A', 'B', 'D', 'C'], ['C', 'A', 'D', 'B']]","{'A': 5, 'D': 4, 'B': 3, 'C': 3}","[0.67, 0.58, 1.0]",4.0
95,"[1, 2, 4]","[3, 3, 4]","[0.58, 0.46, 0.88]","[['D', 'B', 'A', 'C'], ['A', 'B', 'D', 'C'], ['C', 'D', 'A', 'B']]","{'A': 5, 'D': 4, 'B': 3, 'C': 3}","[0.67, 0.58, 1.0]",4.0
95,"[1, 2, 4]","[3, 3, 4]","[0.58, 0.46, 0.88]","[['D', 'B', 'A', 'C'], ['A', 'B', 'D', 'C'], ['D', 'A', 'C', 'B']]","{'A': 5, 'D': 4, 'B': 3, 'C': 3}","[0.67, 0.58, 1.0]",4.0
95,"[1, 2, 4]","[3, 3, 4]","[0.58, 0.46, 0.88]","[['D', 'B', 'A', 'C'], ['A', 'B', 'D', 'C'], ['D', 'C', 'A', 'B']]","{'A': 5, 'D': 4, 'B': 3, 'C': 3}","[0.67, 0.58, 1.0]",4.0
95,"[1, 2, 4]","[3, 3, 4]","[0.58, 0.46, 0.88]","[['D', 'B', 'A', 'C'], ['A', 'C', 'D', 'B'], ['A', 'B', 'D', 'C']]","{'A': 5, 'D': 4, 'B': 3, 'C': 3}","[0.67, 0.58, 1.0]",4.0
95,"[1, 2, 4]","[3, 3, 4]","[0.58, 0.46, 0.88]","[['D', 'B', 'A', 'C'], ['A', 'C', 'D', 'B'], ['A', 'D', 'B', 'C']]","{'A': 5, 'D': 4, 'B': 3, 'C': 3}","[0.67, 0.58, 1.0]",4.0
95,"[1, 2, 4]","[3, 3, 4]","[0.58, 0.46, 0.88]","[['D', 'B', 'A', 'C'], ['A', 'C', 'D', 'B'], ['B', 'A', 'D', 'C']]","{'A': 5, 'D': 4, 'B': 3, 'C': 3}","[0.67, 0.58, 1.0]",4.0
95,"[1, 2, 4]","[3, 3, 4]","[0.58, 0.46, 0.88]","[['D', 'B', 'A', 'C'], ['A', 'C', 'D', 'B'], ['B', 'D', 'A', 'C']]","{'A': 5, 'D': 4, 'B': 3, 'C': 3}","[0.67, 0.58, 1.0]",4.0
95,"[1, 2, 4]","[3, 3, 4]","[0.58, 0.46, 0.88]","[['D', 'B', 'A', 'C'], ['A', 'C', 'D', 'B'], ['D', 'A', 'B', 'C']]","{'A': 5, 'D': 4, 'B': 3, 'C': 3}","[0.67, 0.58, 1.0]",4.0
95,"[1, 2, 4]","[3, 3, 4]","[0.58, 0.46, 0.88]","[['D', 'B', 'A', 'C'], ['A', 'C', 'D', 'B'], ['D', 'B', 'A', 'C']]","{'A': 5, 'D': 4, 'B': 3, 'C': 3}","[0.67, 0.58, 1.0]",4.0
95,"[1, 2, 4]","[3, 3, 4]","[0.58, 0.46, 0.88]","[['D', 'B', 'A', 'C'], ['A', 'D', 'B', 'C'], ['A', 'C', 'D', 'B']]","{'A': 5, 'D': 4, 'B': 3, 'C': 3}","[0.67, 0.58, 1.0]",4.0
95,"[1, 2, 4]","[3, 3, 4]","[0.58, 0.46, 0.88]","[['D', 'B', 'A', 'C'], ['A', 'D', 'B', 'C'], ['A', 'D', 'C', 'B']]","{'A': 5, 'D': 4, 'B': 3, 'C': 3}","[0.67, 0.58, 1.0]",4.0
95,"[1, 2, 4]","[3, 3, 4]","[0.58, 0.46, 0.88]","[['D', 'B', 'A', 'C'], ['A', 'D', 'B', 'C'], ['C', 'A', 'D', 'B']]","{'A': 5, 'D': 4, 'B': 3, 'C': 3}","[0.67, 0.58, 1.0]",4.0
95,"[1, 2, 4]","[3, 3, 4]","[0.58, 0.46, 0.88]","[['D', 'B', 'A', 'C'], ['A', 'D', 'B', 'C'], ['C', 'D', 'A', 'B']]","{'A': 5, 'D': 4, 'B': 3, 'C': 3}","[0.67, 0.58, 1.0]",4.0
95,"[1, 2, 4]","[3, 3, 4]","[0.58, 0.46, 0.88]","[['D', 'B', 'A', 'C'], ['A', 'D', 'B', 'C'], ['D', 'A', 'C', 'B']]","{'A': 5, 'D': 4, 'B': 3, 'C': 3}","[0.67, 0.58, 1.0]",4.0
95,"[1, 2, 4]","[3, 3, 4]","[0.58, 0.46, 0.88]","[['D', 'B', 'A', 'C'], ['A', 'D', 'B', 'C'], ['D', 'C', 'A', 'B']]","{'A': 5, 'D': 4, 'B': 3, 'C': 3}","[0.67, 0.58, 1.0]",4.0
95,"[1, 2, 4]","[3, 3, 4]","[0.58, 0.46, 0.88]","[['D', 'B', 'A', 'C'], ['A', 'D', 'C', 'B'], ['A', 'B', 'D', 'C']]","{'A': 5, 'D': 4, 'B': 3, 'C': 3}","[0.67, 0.58, 1.0]",4.0
95,"[1, 2, 4]","[3, 3, 4]","[0.58, 0.46, 0.88]","[['D', 'B', 'A', 'C'], ['A', 'D', 'C', 'B'], ['A', 'D', 'B', 'C']]","{'A': 5, 'D': 4, 'B': 3, 'C': 3}","[0.67, 0.58, 1.0]",4.0
95,"[1, 2, 4]","[3, 3, 4]","[0.58, 0.46, 0.88]","[['D', 'B', 'A', 'C'], ['A', 'D', 'C', 'B'], ['B', 'A', 'D', 'C']]","{'A': 5, 'D': 4, 'B': 3, 'C': 3}","[0.67, 0.58, 1.0]",4.0
95,"[1, 2, 4]","[3, 3, 4]","[0.58, 0.46, 0.88]","[['D', 'B', 'A', 'C'], ['A', 'D', 'C', 'B'], ['B', 'D', 'A', 'C']]","{'A': 5, 'D': 4, 'B': 3, 'C': 3}","[0.67, 0.58, 1.0]",4.0
95,"[1, 2, 4]","[3, 3, 4]","[0.58, 0.46, 0.88]","[['D', 'B', 'A', 'C'], ['A', 'D', 'C', 'B'], ['D', 'A', 'B', 'C']]","{'A': 5, 'D': 4, 'B': 3, 'C': 3}","[0.67, 0.58, 1.0]",4.0
95,"[1, 2, 4]","[3, 3, 4]","[0.58, 0.46, 0.88]","[['D', 'B', 'A', 'C'], ['A', 'D', 'C', 'B'], ['D', 'B', 'A', 'C']]","{'A': 5, 'D': 4, 'B': 3, 'C': 3}","[0.67, 0.58, 1.0]",4.0
95,"[1, 2, 4]","[3, 3, 4]","[0.58, 0.46, 0.88]","[['D', 'B', 'A', 'C'], ['B', 'A', 'D', 'C'], ['A', 'C', 'D', 'B']]","{'A': 5, 'D': 4, 'B': 3, 'C': 3}","[0.67, 0.58, 1.0]",4.0
95,"[1, 2, 4]","[3, 3, 4]","[0.58, 0.46, 0.88]","[['D', 'B', 'A', 'C'], ['B', 'A', 'D', 'C'], ['A', 'D', 'C', 'B']]","{'A': 5, 'D': 4, 'B': 3, 'C': 3}","[0.67, 0.58, 1.0]",4.0
95,"[1, 2, 4]","[3, 3, 4]","[0.58, 0.46, 0.88]","[['D', 'B', 'A', 'C'], ['B', 'A', 'D', 'C'], ['C', 'A', 'D', 'B']]","{'A': 5, 'D': 4, 'B': 3, 'C': 3}","[0.67, 0.58, 1.0]",4.0
95,"[1, 2, 4]","[3, 3, 4]","[0.58, 0.46, 0.88]","[['D', 'B', 'A', 'C'], ['B', 'A', 'D', 'C'], ['C', 'D', 'A', 'B']]","{'A': 5, 'D': 4, 'B': 3, 'C': 3}","[0.67, 0.58, 1.0]",4.0
95,"[1, 2, 4]","[3, 3, 4]","[0.58, 0.46, 0.88]","[['D', 'B', 'A', 'C'], ['B', 'A', 'D', 'C'], ['D', 'A', 'C', 'B']]","{'A': 5, 'D': 4, 'B': 3, 'C': 3}","[0.67, 0.58, 1.0]",4.0
95,"[1, 2, 4]","[3, 3, 4]","[0.58, 0.46, 0.88]","[['D', 'B', 'A', 'C'], ['B', 'A', 'D', 'C'], ['D', 'C', 'A', 'B']]","{'A': 5, 'D': 4, 'B': 3, 'C': 3}","[0.67, 0.58, 1.0]",4.0
95,"[1, 2, 4]","[3, 3, 4]","[0.58, 0.46, 0.88]","[['D', 'B', 'A', 'C'], ['B', 'D', 'A', 'C'], ['A', 'C', 'D', 'B']]","{'A': 5, 'D': 4, 'B': 3, 'C': 3}","[0.67, 0.58, 1.0]",4.0
95,"[1, 2, 4]","[3, 3, 4]","[0.58, 0.46, 0.88]","[['D', 'B', 'A', 'C'], ['B', 'D', 'A', 'C'], ['A', 'D', 'C', 'B']]","{'A': 5, 'D': 4, 'B': 3, 'C': 3}","[0.67, 0.58, 1.0]",4.0
95,"[1, 2, 4]","[3, 3, 4]","[0.58, 0.46, 0.88]","[['D', 'B', 'A', 'C'], ['B', 'D', 'A', 'C'], ['C', 'A', 'D', 'B']]","{'A': 5, 'D': 4, 'B': 3, 'C': 3}","[0.67, 0.58, 1.0]",4.0
95,"[1, 2, 4]","[3, 3, 4]","[0.58, 0.46, 0.88]","[['D', 'B', 'A', 'C'], ['B', 'D', 'A', 'C'], ['C', 'D', 'A', 'B']]","{'A': 5, 'D': 4, 'B': 3, 'C': 3}","[0.67, 0.58, 1.0]",4.0
95,"[1, 2, 4]","[3, 3, 4]","[0.58, 0.46, 0.88]","[['D', 'B', 'A', 'C'], ['B', 'D', 'A', 'C'], ['D', 'A', 'C', 'B']]","{'A': 5, 'D': 4, 'B': 3, 'C': 3}","[0.67, 0.58, 1.0]",4.0
95,"[1, 2, 4]","[3, 3, 4]","[0.58, 0.46, 0.88]","[['D', 'B', 'A', 'C'], ['B', 'D', 'A', 'C'], ['D', 'C', 'A', 'B']]","{'A': 5, 'D': 4, 'B': 3, 'C': 3}","[0.67, 0.58, 1.0]",4.0
95,"[1, 2, 4]","[3, 3, 4]","[0.58, 0.46, 0.88]","[['D', 'B', 'A', 'C'], ['C', 'A', 'D', 'B'], ['A', 'B', 'D', 'C']]","{'A': 5, 'D': 4, 'B': 3, 'C': 3}","[0.67, 0.58, 1.0]",4.0
95,"[1, 2, 4]","[3, 3, 4]","[0.58, 0.46, 0.88]","[['D', 'B', 'A', 'C'], ['C', 'A', 'D', 'B'], ['A', 'D', 'B', 'C']]","{'A': 5, 'D': 4, 'B': 3, 'C': 3}","[0.67, 0.58, 1.0]",4.0
95,"[1, 2, 4]","[3, 3, 4]","[0.58, 0.46, 0.88]","[['D', 'B', 'A', 'C'], ['C', 'A', 'D', 'B'], ['B', 'A', 'D', 'C']]","{'A': 5, 'D': 4, 'B': 3, 'C': 3}","[0.67, 0.58, 1.0]",4.0
95,"[1, 2, 4]","[3, 3, 4]","[0.58, 0.46, 0.88]","[['D', 'B', 'A', 'C'], ['C', 'A', 'D', 'B'], ['B', 'D', 'A', 'C']]","{'A': 5, 'D': 4, 'B': 3, 'C': 3}","[0.67, 0.58, 1.0]",4.0
95,"[1, 2, 4]","[3, 3, 4]","[0.58, 0.46, 0.88]","[['D', 'B', 'A', 'C'], ['C', 'A', 'D', 'B'], ['D', 'A', 'B', 'C']]","{'A': 5, 'D': 4, 'B': 3, 'C': 3}","[0.67, 0.58, 1.0]",4.0
95,"[1, 2, 4]","[3, 3, 4]","[0.58, 0.46, 0.88]","[['D', 'B', 'A', 'C'], ['C', 'A', 'D', 'B'], ['D', 'B', 'A', 'C']]","{'A': 5, 'D': 4, 'B': 3, 'C': 3}","[0.67, 0.58, 1.0]",4.0
95,"[1, 2, 4]","[3, 3, 4]","[0.58, 0.46, 0.88]","[['D', 'B', 'A', 'C'], ['C', 'D', 'A', 'B'], ['A', 'B', 'D', 'C']]","{'A': 5, 'D': 4, 'B': 3, 'C': 3}","[0.67, 0.58, 1.0]",4.0
95,"[1, 2, 4]","[3, 3, 4]","[0.58, 0.46, 0.88]","[['D', 'B', 'A', 'C'], ['C', 'D', 'A', 'B'], ['A', 'D', 'B', 'C']]","{'A': 5, 'D': 4, 'B': 3, 'C': 3}","[0.67, 0.58, 1.0]",4.0
95,"[1, 2, 4]","[3, 3, 4]","[0.58, 0.46, 0.88]","[['D', 'B', 'A', 'C'], ['C', 'D', 'A', 'B'], ['B', 'A', 'D', 'C']]","{'A': 5, 'D': 4, 'B': 3, 'C': 3}","[0.67, 0.58, 1.0]",4.0
95,"[1, 2, 4]","[3, 3, 4]","[0.58, 0.46, 0.88]","[['D', 'B', 'A', 'C'], ['C', 'D', 'A', 'B'], ['B', 'D', 'A', 'C']]","{'A': 5, 'D': 4, 'B': 3, 'C': 3}","[0.67, 0.58, 1.0]",4.0
95,"[1, 2, 4]","[3, 3, 4]","[0.58, 0.46, 0.88]","[['D', 'B', 'A', 'C'], ['C', 'D', 'A', 'B'], ['D', 'A', 'B', 'C']]","{'A': 5, 'D': 4, 'B': 3, 'C': 3}","[0.67, 0.58, 1.0]",4.0
95,"[1, 2, 4]","[3, 3, 4]","[0.58, 0.46, 0.88]","[['D', 'B', 'A', 'C'], ['C', 'D', 'A', 'B'], ['D', 'B', 'A', 'C']]","{'A': 5, 'D': 4, 'B': 3, 'C': 3}","[0.67, 0.58, 1.0]",4.0
95,"[1, 2, 4]","[3, 3, 4]","[0.58, 0.46, 0.88]","[['D', 'B', 'A', 'C'], ['D', 'A', 'B', 'C'], ['A', 'C', 'D', 'B']]","{'A': 5, 'D': 4, 'B': 3, 'C': 3}","[0.67, 0.58, 1.0]",4.0
95,"[1, 2, 4]","[3, 3, 4]","[0.58, 0.46, 0.88]","[['D', 'B', 'A', 'C'], ['D', 'A', 'B', 'C'], ['A', 'D', 'C', 'B']]","{'A': 5, 'D': 4, 'B': 3, 'C': 3}","[0.67, 0.58, 1.0]",4.0
95,"[1, 2, 4]","[3, 3, 4]","[0.58, 0.46, 0.88]","[['D', 'B', 'A', 'C'], ['D', 'A', 'B', 'C'], ['C', 'A', 'D', 'B']]","{'A': 5, 'D': 4, 'B': 3, 'C': 3}","[0.67, 0.58, 1.0]",4.0
95,"[1, 2, 4]","[3, 3, 4]","[0.58, 0.46, 0.88]","[['D', 'B', 'A', 'C'], ['D', 'A', 'B', 'C'], ['C', 'D', 'A', 'B']]","{'A': 5, 'D': 4, 'B': 3, 'C': 3}","[0.67, 0.58, 1.0]",4.0
95,"[1, 2, 4]","[3, 3, 4]","[0.58, 0.46, 0.88]","[['D', 'B', 'A', 'C'], ['D', 'A', 'B', 'C'], ['D', 'A', 'C', 'B']]","{'A': 5, 'D': 4, 'B': 3, 'C': 3}","[0.67, 0.58, 1.0]",4.0
95,"[1, 2, 4]","[3, 3, 4]","[0.58, 0.46, 0.88]","[['D', 'B', 'A', 'C'], ['D', 'A', 'B', 'C'], ['D', 'C', 'A', 'B']]","{'A': 5, 'D': 4, 'B': 3, 'C': 3}","[0.67, 0.58, 1.0]",4.0
95,"[1, 2, 4]","[3, 3, 4]","[0.58, 0.46, 0.88]","[['D', 'B', 'A', 'C'], ['D', 'A', 'C', 'B'], ['A', 'B', 'D', 'C']]","{'A': 5, 'D': 4, 'B': 3, 'C': 3}","[0.67, 0.58, 1.0]",4.0
95,"[1, 2, 4]","[3, 3, 4]","[0.58, 0.46, 0.88]","[['D', 'B', 'A', 'C'], ['D', 'A', 'C', 'B'], ['A', 'D', 'B', 'C']]","{'A': 5, 'D': 4, 'B': 3, 'C': 3}","[0.67, 0.58, 1.0]",4.0
95,"[1, 2, 4]","[3, 3, 4]","[0.58, 0.46, 0.88]","[['D', 'B', 'A', 'C'], ['D', 'A', 'C', 'B'], ['B', 'A', 'D', 'C']]","{'A': 5, 'D': 4, 'B': 3, 'C': 3}","[0.67, 0.58, 1.0]",4.0
95,"[1, 2, 4]","[3, 3, 4]","[0.58, 0.46, 0.88]","[['D', 'B', 'A', 'C'], ['D', 'A', 'C', 'B'], ['B', 'D', 'A', 'C']]","{'A': 5, 'D': 4, 'B': 3, 'C': 3}","[0.67, 0.58, 1.0]",4.0
95,"[1, 2, 4]","[3, 3, 4]","[0.58, 0.46, 0.88]","[['D', 'B', 'A', 'C'], ['D', 'A', 'C', 'B'], ['D', 'A', 'B', 'C']]","{'A': 5, 'D': 4, 'B': 3, 'C': 3}","[0.67, 0.58, 1.0]",4.0
95,"[1, 2, 4]","[3, 3, 4]","[0.58, 0.46, 0.88]","[['D', 'B', 'A', 'C'], ['D', 'A', 'C', 'B'], ['D', 'B', 'A', 'C']]","{'A': 5, 'D': 4, 'B': 3, 'C': 3}","[0.67, 0.58, 1.0]",4.0
95,"[1, 2, 4]","[3, 3, 4]","[0.58, 0.46, 0.88]","[['D', 'B', 'A', 'C'], ['D', 'B', 'A', 'C'], ['A', 'C', 'D', 'B']]","{'A': 5, 'D': 4, 'B': 3, 'C': 3}","[0.67, 0.58, 1.0]",4.0
95,"[1, 2, 4]","[3, 3, 4]","[0.58, 0.46, 0.88]","[['D', 'B', 'A', 'C'], ['D', 'B', 'A', 'C'], ['A', 'D', 'C', 'B']]","{'A': 5, 'D': 4, 'B': 3, 'C': 3}","[0.67, 0.58, 1.0]",4.0
95,"[1, 2, 4]","[3, 3, 4]","[0.58, 0.46, 0.88]","[['D', 'B', 'A', 'C'], ['D', 'B', 'A', 'C'], ['C', 'A', 'D', 'B']]","{'A': 5, 'D': 4, 'B': 3, 'C': 3}","[0.67, 0.58, 1.0]",4.0
95,"[1, 2, 4]","[3, 3, 4]","[0.58, 0.46, 0.88]","[['D', 'B', 'A', 'C'], ['D', 'B', 'A', 'C'], ['C', 'D', 'A', 'B']]","{'A': 5, 'D': 4, 'B': 3, 'C': 3}","[0.67, 0.58, 1.0]",4.0
95,"[1, 2, 4]","[3, 3, 4]","[0.58, 0.46, 0.88]","[['D', 'B', 'A', 'C'], ['D', 'B', 'A', 'C'], ['D', 'A', 'C', 'B']]","{'A': 5, 'D': 4, 'B': 3, 'C': 3}","[0.67, 0.58, 1.0]",4.0
95,"[1, 2, 4]","[3, 3, 4]","[0.58, 0.46, 0.88]","[['D', 'B', 'A', 'C'], ['D', 'B', 'A', 'C'], ['D', 'C', 'A', 'B']]","{'A': 5, 'D': 4, 'B': 3, 'C': 3}","[0.67, 0.58, 1.0]",4.0
95,"[1, 2, 4]","[3, 3, 4]","[0.58, 0.46, 0.88]","[['D', 'B', 'A', 'C'], ['D', 'C', 'A', 'B'], ['A', 'B', 'D', 'C']]","{'A': 5, 'D': 4, 'B': 3, 'C': 3}","[0.67, 0.58, 1.0]",4.0
95,"[1, 2, 4]","[3, 3, 4]","[0.58, 0.46, 0.88]","[['D', 'B', 'A', 'C'], ['D', 'C', 'A', 'B'], ['A', 'D', 'B', 'C']]","{'A': 5, 'D': 4, 'B': 3, 'C': 3}","[0.67, 0.58, 1.0]",4.0
95,"[1, 2, 4]","[3, 3, 4]","[0.58, 0.46, 0.88]","[['D', 'B', 'A', 'C'], ['D', 'C', 'A', 'B'], ['B', 'A', 'D', 'C']]","{'A': 5, 'D': 4, 'B': 3, 'C': 3}","[0.67, 0.58, 1.0]",4.0
95,"[1, 2, 4]","[3, 3, 4]","[0.58, 0.46, 0.88]","[['D', 'B', 'A', 'C'], ['D', 'C', 'A', 'B'], ['B', 'D', 'A', 'C']]","{'A': 5, 'D': 4, 'B': 3, 'C': 3}","[0.67, 0.58, 1.0]",4.0
95,"[1, 2, 4]","[3, 3, 4]","[0.58, 0.46, 0.88]","[['D', 'B', 'A', 'C'], ['D', 'C', 'A', 'B'], ['D', 'A', 'B', 'C']]","{'A': 5, 'D': 4, 'B': 3, 'C': 3}","[0.67, 0.58, 1.0]",4.0
95,"[1, 2, 4]","[3, 3, 4]","[0.58, 0.46, 0.88]","[['D', 'B', 'A', 'C'], ['D', 'C', 'A', 'B'], ['D', 'B', 'A', 'C']]","{'A': 5, 'D': 4, 'B': 3, 'C': 3}","[0.67, 0.58, 1.0]",4.0
95,"[1, 2, 4]","[3, 3, 4]","[0.58, 0.46, 0.88]","[['D', 'C', 'A', 'B'], ['A', 'B', 'D', 'C'], ['A', 'B', 'D', 'C']]","{'A': 5, 'D': 4, 'B': 3, 'C': 3}","[0.67, 0.58, 1.0]",4.0
95,"[1, 2, 4]","[3, 3, 4]","[0.58, 0.46, 0.88]","[['D', 'C', 'A', 'B'], ['A', 'B', 'D', 'C'], ['A', 'D', 'B', 'C']]","{'A': 5, 'D': 4, 'B': 3, 'C': 3}","[0.67, 0.58, 1.0]",4.0
95,"[1, 2, 4]","[3, 3, 4]","[0.58, 0.46, 0.88]","[['D', 'C', 'A', 'B'], ['A', 'B', 'D', 'C'], ['B', 'A', 'D', 'C']]","{'A': 5, 'D': 4, 'B': 3, 'C': 3}","[0.67, 0.58, 1.0]",4.0
95,"[1, 2, 4]","[3, 3, 4]","[0.58, 0.46, 0.88]","[['D', 'C', 'A', 'B'], ['A', 'B', 'D', 'C'], ['B', 'D', 'A', 'C']]","{'A': 5, 'D': 4, 'B': 3, 'C': 3}","[0.67, 0.58, 1.0]",4.0
95,"[1, 2, 4]","[3, 3, 4]","[0.58, 0.46, 0.88]","[['D', 'C', 'A', 'B'], ['A', 'B', 'D', 'C'], ['D', 'A', 'B', 'C']]","{'A': 5, 'D': 4, 'B': 3, 'C': 3}","[0.67, 0.58, 1.0]",4.0
95,"[1, 2, 4]","[3, 3, 4]","[0.58, 0.46, 0.88]","[['D', 'C', 'A', 'B'], ['A', 'B', 'D', 'C'], ['D', 'B', 'A', 'C']]","{'A': 5, 'D': 4, 'B': 3, 'C': 3}","[0.67, 0.58, 1.0]",4.0
95,"[1, 2, 4]","[3, 3, 4]","[0.58, 0.46, 0.88]","[['D', 'C', 'A', 'B'], ['A', 'D', 'B', 'C'], ['A', 'B', 'D', 'C']]","{'A': 5, 'D': 4, 'B': 3, 'C': 3}","[0.67, 0.58, 1.0]",4.0
95,"[1, 2, 4]","[3, 3, 4]","[0.58, 0.46, 0.88]","[['D', 'C', 'A', 'B'], ['A', 'D', 'B', 'C'], ['A', 'D', 'B', 'C']]","{'A': 5, 'D': 4, 'B': 3, 'C': 3}","[0.67, 0.58, 1.0]",4.0
95,"[1, 2, 4]","[3, 3, 4]","[0.58, 0.46, 0.88]","[['D', 'C', 'A', 'B'], ['A', 'D', 'B', 'C'], ['B', 'A', 'D', 'C']]","{'A': 5, 'D': 4, 'B': 3, 'C': 3}","[0.67, 0.58, 1.0]",4.0
95,"[1, 2, 4]","[3, 3, 4]","[0.58, 0.46, 0.88]","[['D', 'C', 'A', 'B'], ['A', 'D', 'B', 'C'], ['B', 'D', 'A', 'C']]","{'A': 5, 'D': 4, 'B': 3, 'C': 3}","[0.67, 0.58, 1.0]",4.0
95,"[1, 2, 4]","[3, 3, 4]","[0.58, 0.46, 0.88]","[['D', 'C', 'A', 'B'], ['A', 'D', 'B', 'C'], ['D', 'A', 'B', 'C']]","{'A': 5, 'D': 4, 'B': 3, 'C': 3}","[0.67, 0.58, 1.0]",4.0
95,"[1, 2, 4]","[3, 3, 4]","[0.58, 0.46, 0.88]","[['D', 'C', 'A', 'B'], ['A', 'D', 'B', 'C'], ['D', 'B', 'A', 'C']]","{'A': 5, 'D': 4, 'B': 3, 'C': 3}","[0.67, 0.58, 1.0]",4.0
95,"[1, 2, 4]","[3, 3, 4]","[0.58, 0.46, 0.88]","[['D', 'C', 'A', 'B'], ['B', 'A', 'D', 'C'], ['A', 'B', 'D', 'C']]","{'A': 5, 'D': 4, 'B': 3, 'C': 3}","[0.67, 0.58, 1.0]",4.0
95,"[1, 2, 4]","[3, 3, 4]","[0.58, 0.46, 0.88]","[['D', 'C', 'A', 'B'], ['B', 'A', 'D', 'C'], ['A', 'D', 'B', 'C']]","{'A': 5, 'D': 4, 'B': 3, 'C': 3}","[0.67, 0.58, 1.0]",4.0
95,"[1, 2, 4]","[3, 3, 4]","[0.58, 0.46, 0.88]","[['D', 'C', 'A', 'B'], ['B', 'A', 'D', 'C'], ['B', 'A', 'D', 'C']]","{'A': 5, 'D': 4, 'B': 3, 'C': 3}","[0.67, 0.58, 1.0]",4.0
95,"[1, 2, 4]","[3, 3, 4]","[0.58, 0.46, 0.88]","[['D', 'C', 'A', 'B'], ['B', 'A', 'D', 'C'], ['B', 'D', 'A', 'C']]","{'A': 5, 'D': 4, 'B': 3, 'C': 3}","[0.67, 0.58, 1.0]",4.0
95,"[1, 2, 4]","[3, 3, 4]","[0.58, 0.46, 0.88]","[['D', 'C', 'A', 'B'], ['B', 'A', 'D', 'C'], ['D', 'A', 'B', 'C']]","{'A': 5, 'D': 4, 'B': 3, 'C': 3}","[0.67, 0.58, 1.0]",4.0
95,"[1, 2, 4]","[3, 3, 4]","[0.58, 0.46, 0.88]","[['D', 'C', 'A', 'B'], ['B', 'A', 'D', 'C'], ['D', 'B', 'A', 'C']]","{'A': 5, 'D': 4, 'B': 3, 'C': 3}","[0.67, 0.58, 1.0]",4.0
95,"[1, 2, 4]","[3, 3, 4]","[0.58, 0.46, 0.88]","[['D', 'C', 'A', 'B'], ['B', 'D', 'A', 'C'], ['A', 'B', 'D', 'C']]","{'A': 5, 'D': 4, 'B': 3, 'C': 3}","[0.67, 0.58, 1.0]",4.0
95,"[1, 2, 4]","[3, 3, 4]","[0.58, 0.46, 0.88]","[['D', 'C', 'A', 'B'], ['B', 'D', 'A', 'C'], ['A', 'D', 'B', 'C']]","{'A': 5, 'D': 4, 'B': 3, 'C': 3}","[0.67, 0.58, 1.0]",4.0
95,"[1, 2, 4]","[3, 3, 4]","[0.58, 0.46, 0.88]","[['D', 'C', 'A', 'B'], ['B', 'D', 'A', 'C'], ['B', 'A', 'D', 'C']]","{'A': 5, 'D': 4, 'B': 3, 'C': 3}","[0.67, 0.58, 1.0]",4.0
95,"[1, 2, 4]","[3, 3, 4]","[0.58, 0.46, 0.88]","[['D', 'C', 'A', 'B'], ['B', 'D', 'A', 'C'], ['B', 'D', 'A', 'C']]","{'A': 5, 'D': 4, 'B': 3, 'C': 3}","[0.67, 0.58, 1.0]",4.0
95,"[1, 2, 4]","[3, 3, 4]","[0.58, 0.46, 0.88]","[['D', 'C', 'A', 'B'], ['B', 'D', 'A', 'C'], ['D', 'A', 'B', 'C']]","{'A': 5, 'D': 4, 'B': 3, 'C': 3}","[0.67, 0.58, 1.0]",4.0
95,"[1, 2, 4]","[3, 3, 4]","[0.58, 0.46, 0.88]","[['D', 'C', 'A', 'B'], ['B', 'D', 'A', 'C'], ['D', 'B', 'A', 'C']]","{'A': 5, 'D': 4, 'B': 3, 'C': 3}","[0.67, 0.58, 1.0]",4.0
95,"[1, 2, 4]","[3, 3, 4]","[0.58, 0.46, 0.88]","[['D', 'C', 'A', 'B'], ['D', 'A', 'B', 'C'], ['A', 'B', 'D', 'C']]","{'A': 5, 'D': 4, 'B': 3, 'C': 3}","[0.67, 0.58, 1.0]",4.0
95,"[1, 2, 4]","[3, 3, 4]","[0.58, 0.46, 0.88]","[['D', 'C', 'A', 'B'], ['D', 'A', 'B', 'C'], ['A', 'D', 'B', 'C']]","{'A': 5, 'D': 4, 'B': 3, 'C': 3}","[0.67, 0.58, 1.0]",4.0
95,"[1, 2, 4]","[3, 3, 4]","[0.58, 0.46, 0.88]","[['D', 'C', 'A', 'B'], ['D', 'A', 'B', 'C'], ['B', 'A', 'D', 'C']]","{'A': 5, 'D': 4, 'B': 3, 'C': 3}","[0.67, 0.58, 1.0]",4.0
95,"[1, 2, 4]","[3, 3, 4]","[0.58, 0.46, 0.88]","[['D', 'C', 'A', 'B'], ['D', 'A', 'B', 'C'], ['B', 'D', 'A', 'C']]","{'A': 5, 'D': 4, 'B': 3, 'C': 3}","[0.67, 0.58, 1.0]",4.0
95,"[1, 2, 4]","[3, 3, 4]","[0.58, 0.46, 0.88]","[['D', 'C', 'A', 'B'], ['D', 'A', 'B', 'C'], ['D', 'A', 'B', 'C']]","{'A': 5, 'D': 4, 'B': 3, 'C': 3}","[0.67, 0.58, 1.0]",4.0
95,"[1, 2, 4]","[3, 3, 4]","[0.58, 0.46, 0.88]","[['D', 'C', 'A', 'B'], ['D', 'A', 'B', 'C'], ['D', 'B', 'A', 'C']]","{'A': 5, 'D': 4, 'B': 3, 'C': 3}","[0.67, 0.58, 1.0]",4.0
95,"[1, 2, 4]","[3, 3, 4]","[0.58, 0.46, 0.88]","[['D', 'C', 'A', 'B'], ['D', 'B', 'A', 'C'], ['A', 'B', 'D', 'C']]","{'A': 5, 'D': 4, 'B': 3, 'C': 3}","[0.67, 0.58, 1.0]",4.0
95,"[1, 2, 4]","[3, 3, 4]","[0.58, 0.46, 0.88]","[['D', 'C', 'A', 'B'], ['D', 'B', 'A', 'C'], ['A', 'D', 'B', 'C']]","{'A': 5, 'D': 4, 'B': 3, 'C': 3}","[0.67, 0.58, 1.0]",4.0
95,"[1, 2, 4]","[3, 3, 4]","[0.58, 0.46, 0.88]","[['D', 'C', 'A', 'B'], ['D', 'B', 'A', 'C'], ['B', 'A', 'D', 'C']]","{'A': 5, 'D': 4, 'B': 3, 'C': 3}","[0.67, 0.58, 1.0]",4.0
95,"[1, 2, 4]","[3, 3, 4]","[0.58, 0.46, 0.88]","[['D', 'C', 'A', 'B'], ['D', 'B', 'A', 'C'], ['B', 'D', 'A', 'C']]","{'A': 5, 'D': 4, 'B': 3, 'C': 3}","[0.67, 0.58, 1.0]",4.0
95,"[1, 2, 4]","[3, 3, 4]","[0.58, 0.46, 0.88]","[['D', 'C', 'A', 'B'], ['D', 'B', 'A', 'C'], ['D', 'A', 'B', 'C']]","{'A': 5, 'D': 4, 'B': 3, 'C': 3}","[0.67, 0.58, 1.0]",4.0
95,"[1, 2, 4]","[3, 3, 4]","[0.58, 0.46, 0.88]","[['D', 'C', 'A', 'B'], ['D', 'B', 'A', 'C'], ['D', 'B', 'A', 'C']]","{'A': 5, 'D': 4, 'B': 3, 'C': 3}","[0.67, 0.58, 1.0]",4.0
95,"[1, 3, 4]","[3, 4, 4]","[0.58, 0.79, 0.88]","[['A', 'B', 'C', 'D'], ['A', 'B', 'D', 'C'], ['A', 'C', 'D', 'B']]","{'A': 4, 'C': 4, 'D': 4, 'B': 3}","[0.75, 1.0, 1.0]",3.96
95,"[1, 3, 4]","[3, 4, 4]","[0.58, 0.79, 0.88]","[['A', 'B', 'C', 'D'], ['A', 'B', 'D', 'C'], ['A', 'D', 'C', 'B']]","{'A': 4, 'C': 4, 'D': 4, 'B': 3}","[0.75, 1.0, 1.0]",3.96
95,"[1, 3, 4]","[3, 4, 4]","[0.58, 0.79, 0.88]","[['A', 'B', 'C', 'D'], ['A', 'B', 'D', 'C'], ['C', 'A', 'D', 'B']]","{'A': 4, 'C': 4, 'D': 4, 'B': 3}","[0.75, 1.0, 1.0]",3.96
95,"[1, 3, 4]","[3, 4, 4]","[0.58, 0.79, 0.88]","[['A', 'B', 'C', 'D'], ['A', 'B', 'D', 'C'], ['C', 'D', 'A', 'B']]","{'A': 4, 'C': 4, 'D': 4, 'B': 3}","[0.75, 1.0, 1.0]",3.96
95,"[1, 3, 4]","[3, 4, 4]","[0.58, 0.79, 0.88]","[['A', 'B', 'C', 'D'], ['A', 'B', 'D', 'C'], ['D', 'A', 'C', 'B']]","{'A': 4, 'C': 4, 'D': 4, 'B': 3}","[0.75, 1.0, 1.0]",3.96
95,"[1, 3, 4]","[3, 4, 4]","[0.58, 0.79, 0.88]","[['A', 'B', 'C', 'D'], ['A', 'B', 'D', 'C'], ['D', 'C', 'A', 'B']]","{'A': 4, 'C': 4, 'D': 4, 'B': 3}","[0.75, 1.0, 1.0]",3.96
95,"[1, 3, 4]","[3, 4, 4]","[0.58, 0.79, 0.88]","[['A', 'B', 'C', 'D'], ['A', 'C', 'D', 'B'], ['A', 'B', 'D', 'C']]","{'A': 4, 'C': 4, 'D': 4, 'B': 3}","[0.75, 1.0, 1.0]",3.96
95,"[1, 3, 4]","[3, 4, 4]","[0.58, 0.79, 0.88]","[['A', 'B', 'C', 'D'], ['A', 'C', 'D', 'B'], ['A', 'D', 'B', 'C']]","{'A': 4, 'C': 4, 'D': 4, 'B': 3}","[0.75, 1.0, 1.0]",3.96
95,"[1, 3, 4]","[3, 4, 4]","[0.58, 0.79, 0.88]","[['A', 'B', 'C', 'D'], ['A', 'C', 'D', 'B'], ['B', 'A', 'D', 'C']]","{'A': 4, 'C': 4, 'D': 4, 'B': 3}","[0.75, 1.0, 1.0]",3.96
95,"[1, 3, 4]","[3, 4, 4]","[0.58, 0.79, 0.88]","[['A', 'B', 'C', 'D'], ['A', 'C', 'D', 'B'], ['B', 'D', 'A', 'C']]","{'A': 4, 'C': 4, 'D': 4, 'B': 3}","[0.75, 1.0, 1.0]",3.96
95,"[1, 3, 4]","[3, 4, 4]","[0.58, 0.79, 0.88]","[['A', 'B', 'C', 'D'], ['A', 'C', 'D', 'B'], ['D', 'A', 'B', 'C']]","{'A': 4, 'C': 4, 'D': 4, 'B': 3}","[0.75, 1.0, 1.0]",3.96
95,"[1, 3, 4]","[3, 4, 4]","[0.58, 0.79, 0.88]","[['A', 'B', 'C', 'D'], ['A', 'C', 'D', 'B'], ['D', 'B', 'A', 'C']]","{'A': 4, 'C': 4, 'D': 4, 'B': 3}","[0.75, 1.0, 1.0]",3.96
95,"[1, 3, 4]","[3, 4, 4]","[0.58, 0.79, 0.88]","[['A', 'B', 'C', 'D'], ['A', 'D', 'B', 'C'], ['A', 'C', 'D', 'B']]","{'A': 4, 'C': 4, 'D': 4, 'B': 3}","[0.75, 1.0, 1.0]",3.96
95,"[1, 3, 4]","[3, 4, 4]","[0.58, 0.79, 0.88]","[['A', 'B', 'C', 'D'], ['A', 'D', 'B', 'C'], ['A', 'D', 'C', 'B']]","{'A': 4, 'C': 4, 'D': 4, 'B': 3}","[0.75, 1.0, 1.0]",3.96
95,"[1, 3, 4]","[3, 4, 4]","[0.58, 0.79, 0.88]","[['A', 'B', 'C', 'D'], ['A', 'D', 'B', 'C'], ['C', 'A', 'D', 'B']]","{'A': 4, 'C': 4, 'D': 4, 'B': 3}","[0.75, 1.0, 1.0]",3.96
95,"[1, 3, 4]","[3, 4, 4]","[0.58, 0.79, 0.88]","[['A', 'B', 'C', 'D'], ['A', 'D', 'B', 'C'], ['C', 'D', 'A', 'B']]","{'A': 4, 'C': 4, 'D': 4, 'B': 3}","[0.75, 1.0, 1.0]",3.96
95,"[1, 3, 4]","[3, 4, 4]","[0.58, 0.79, 0.88]","[['A', 'B', 'C', 'D'], ['A', 'D', 'B', 'C'], ['D', 'A', 'C', 'B']]","{'A': 4, 'C': 4, 'D': 4, 'B': 3}","[0.75, 1.0, 1.0]",3.96
95,"[1, 3, 4]","[3, 4, 4]","[0.58, 0.79, 0.88]","[['A', 'B', 'C', 'D'], ['A', 'D', 'B', 'C'], ['D', 'C', 'A', 'B']]","{'A': 4, 'C': 4, 'D': 4, 'B': 3}","[0.75, 1.0, 1.0]",3.96
95,"[1, 3, 4]","[3, 4, 4]","[0.58, 0.79, 0.88]","[['A', 'B', 'C', 'D'], ['A', 'D', 'C', 'B'], ['A', 'B', 'D', 'C']]","{'A': 4, 'C': 4, 'D': 4, 'B': 3}","[0.75, 1.0, 1.0]",3.96
95,"[1, 3, 4]","[3, 4, 4]","[0.58, 0.79, 0.88]","[['A', 'B', 'C', 'D'], ['A', 'D', 'C', 'B'], ['A', 'D', 'B', 'C']]","{'A': 4, 'C': 4, 'D': 4, 'B': 3}","[0.75, 1.0, 1.0]",3.96
95,"[1, 3, 4]","[3, 4, 4]","[0.58, 0.79, 0.88]","[['A', 'B', 'C', 'D'], ['A', 'D', 'C', 'B'], ['B', 'A', 'D', 'C']]","{'A': 4, 'C': 4, 'D': 4, 'B': 3}","[0.75, 1.0, 1.0]",3.96
95,"[1, 3, 4]","[3, 4, 4]","[0.58, 0.79, 0.88]","[['A', 'B', 'C', 'D'], ['A', 'D', 'C', 'B'], ['B', 'D', 'A', 'C']]","{'A': 4, 'C': 4, 'D': 4, 'B': 3}","[0.75, 1.0, 1.0]",3.96
95,"[1, 3, 4]","[3, 4, 4]","[0.58, 0.79, 0.88]","[['A', 'B', 'C', 'D'], ['A', 'D', 'C', 'B'], ['D', 'A', 'B', 'C']]","{'A': 4, 'C': 4, 'D': 4, 'B': 3}","[0.75, 1.0, 1.0]",3.96
95,"[1, 3, 4]","[3, 4, 4]","[0.58, 0.79, 0.88]","[['A', 'B', 'C', 'D'], ['A', 'D', 'C', 'B'], ['D', 'B', 'A', 'C']]","{'A': 4, 'C': 4, 'D': 4, 'B': 3}","[0.75, 1.0, 1.0]",3.96
95,"[1, 3, 4]","[3, 4, 4]","[0.58, 0.79, 0.88]","[['A', 'B', 'C', 'D'], ['B', 'A', 'D', 'C'], ['A', 'C', 'D', 'B']]","{'A': 4, 'C': 4, 'D': 4, 'B': 3}","[0.75, 1.0, 1.0]",3.96
95,"[1, 3, 4]","[3, 4, 4]","[0.58, 0.79, 0.88]","[['A', 'B', 'C', 'D'], ['B', 'A', 'D', 'C'], ['A', 'D', 'C', 'B']]","{'A': 4, 'C': 4, 'D': 4, 'B': 3}","[0.75, 1.0, 1.0]",3.96
95,"[1, 3, 4]","[3, 4, 4]","[0.58, 0.79, 0.88]","[['A', 'B', 'C', 'D'], ['B', 'A', 'D', 'C'], ['C', 'A', 'D', 'B']]","{'A': 4, 'C': 4, 'D': 4, 'B': 3}","[0.75, 1.0, 1.0]",3.96
95,"[1, 3, 4]","[3, 4, 4]","[0.58, 0.79, 0.88]","[['A', 'B', 'C', 'D'], ['B', 'A', 'D', 'C'], ['C', 'D', 'A', 'B']]","{'A': 4, 'C': 4, 'D': 4, 'B': 3}","[0.75, 1.0, 1.0]",3.96
95,"[1, 3, 4]","[3, 4, 4]","[0.58, 0.79, 0.88]","[['A', 'B', 'C', 'D'], ['B', 'A', 'D', 'C'], ['D', 'A', 'C', 'B']]","{'A': 4, 'C': 4, 'D': 4, 'B': 3}","[0.75, 1.0, 1.0]",3.96
95,"[1, 3, 4]","[3, 4, 4]","[0.58, 0.79, 0.88]","[['A', 'B', 'C', 'D'], ['B', 'A', 'D', 'C'], ['D', 'C', 'A', 'B']]","{'A': 4, 'C': 4, 'D': 4, 'B': 3}","[0.75, 1.0, 1.0]",3.96
95,"[1, 3, 4]","[3, 4, 4]","[0.58, 0.79, 0.88]","[['A', 'B', 'C', 'D'], ['B', 'D', 'A', 'C'], ['A', 'C', 'D', 'B']]","{'A': 4, 'C': 4, 'D': 4, 'B': 3}","[0.75, 1.0, 1.0]",3.96
95,"[1, 3, 4]","[3, 4, 4]","[0.58, 0.79, 0.88]","[['A', 'B', 'C', 'D'], ['B', 'D', 'A', 'C'], ['A', 'D', 'C', 'B']]","{'A': 4, 'C': 4, 'D': 4, 'B': 3}","[0.75, 1.0, 1.0]",3.96
95,"[1, 3, 4]","[3, 4, 4]","[0.58, 0.79, 0.88]","[['A', 'B', 'C', 'D'], ['B', 'D', 'A', 'C'], ['C', 'A', 'D', 'B']]","{'A': 4, 'C': 4, 'D': 4, 'B': 3}","[0.75, 1.0, 1.0]",3.96
95,"[1, 3, 4]","[3, 4, 4]","[0.58, 0.79, 0.88]","[['A', 'B', 'C', 'D'], ['B', 'D', 'A', 'C'], ['C', 'D', 'A', 'B']]","{'A': 4, 'C': 4, 'D': 4, 'B': 3}","[0.75, 1.0, 1.0]",3.96
95,"[1, 3, 4]","[3, 4, 4]","[0.58, 0.79, 0.88]","[['A', 'B', 'C', 'D'], ['B', 'D', 'A', 'C'], ['D', 'A', 'C', 'B']]","{'A': 4, 'C': 4, 'D': 4, 'B': 3}","[0.75, 1.0, 1.0]",3.96
95,"[1, 3, 4]","[3, 4, 4]","[0.58, 0.79, 0.88]","[['A', 'B', 'C', 'D'], ['B', 'D', 'A', 'C'], ['D', 'C', 'A', 'B']]","{'A': 4, 'C': 4, 'D': 4, 'B': 3}","[0.75, 1.0, 1.0]",3.96
95,"[1, 3, 4]","[3, 4, 4]","[0.58, 0.79, 0.88]","[['A', 'B', 'C', 'D'], ['C', 'A', 'D', 'B'], ['A', 'B', 'D', 'C']]","{'A': 4, 'C': 4, 'D': 4, 'B': 3}","[0.75, 1.0, 1.0]",3.96
95,"[1, 3, 4]","[3, 4, 4]","[0.58, 0.79, 0.88]","[['A', 'B', 'C', 'D'], ['C', 'A', 'D', 'B'], ['A', 'D', 'B', 'C']]","{'A': 4, 'C': 4, 'D': 4, 'B': 3}","[0.75, 1.0, 1.0]",3.96
95,"[1, 3, 4]","[3, 4, 4]","[0.58, 0.79, 0.88]","[['A', 'B', 'C', 'D'], ['C', 'A', 'D', 'B'], ['B', 'A', 'D', 'C']]","{'A': 4, 'C': 4, 'D': 4, 'B': 3}","[0.75, 1.0, 1.0]",3.96
95,"[1, 3, 4]","[3, 4, 4]","[0.58, 0.79, 0.88]","[['A', 'B', 'C', 'D'], ['C', 'A', 'D', 'B'], ['B', 'D', 'A', 'C']]","{'A': 4, 'C': 4, 'D': 4, 'B': 3}","[0.75, 1.0, 1.0]",3.96
95,"[1, 3, 4]","[3, 4, 4]","[0.58, 0.79, 0.88]","[['A', 'B', 'C', 'D'], ['C', 'A', 'D', 'B'], ['D', 'A', 'B', 'C']]","{'A': 4, 'C': 4, 'D': 4, 'B': 3}","[0.75, 1.0, 1.0]",3.96
95,"[1, 3, 4]","[3, 4, 4]","[0.58, 0.79, 0.88]","[['A', 'B', 'C', 'D'], ['C', 'A', 'D', 'B'], ['D', 'B', 'A', 'C']]","{'A': 4, 'C': 4, 'D': 4, 'B': 3}","[0.75, 1.0, 1.0]",3.96
95,"[1, 3, 4]","[3, 4, 4]","[0.58, 0.79, 0.88]","[['A', 'B', 'C', 'D'], ['C', 'D', 'A', 'B'], ['A', 'B', 'D', 'C']]","{'A': 4, 'C': 4, 'D': 4, 'B': 3}","[0.75, 1.0, 1.0]",3.96
95,"[1, 3, 4]","[3, 4, 4]","[0.58, 0.79, 0.88]","[['A', 'B', 'C', 'D'], ['C', 'D', 'A', 'B'], ['A', 'D', 'B', 'C']]","{'A': 4, 'C': 4, 'D': 4, 'B': 3}","[0.75, 1.0, 1.0]",3.96
95,"[1, 3, 4]","[3, 4, 4]","[0.58, 0.79, 0.88]","[['A', 'B', 'C', 'D'], ['C', 'D', 'A', 'B'], ['B', 'A', 'D', 'C']]","{'A': 4, 'C': 4, 'D': 4, 'B': 3}","[0.75, 1.0, 1.0]",3.96
95,"[1, 3, 4]","[3, 4, 4]","[0.58, 0.79, 0.88]","[['A', 'B', 'C', 'D'], ['C', 'D', 'A', 'B'], ['B', 'D', 'A', 'C']]","{'A': 4, 'C': 4, 'D': 4, 'B': 3}","[0.75, 1.0, 1.0]",3.96
95,"[1, 3, 4]","[3, 4, 4]","[0.58, 0.79, 0.88]","[['A', 'B', 'C', 'D'], ['C', 'D', 'A', 'B'], ['D', 'A', 'B', 'C']]","{'A': 4, 'C': 4, 'D': 4, 'B': 3}","[0.75, 1.0, 1.0]",3.96
95,"[1, 3, 4]","[3, 4, 4]","[0.58, 0.79, 0.88]","[['A', 'B', 'C', 'D'], ['C', 'D', 'A', 'B'], ['D', 'B', 'A', 'C']]","{'A': 4, 'C': 4, 'D': 4, 'B': 3}","[0.75, 1.0, 1.0]",3.96
95,"[1, 3, 4]","[3, 4, 4]","[0.58, 0.79, 0.88]","[['A', 'B', 'C', 'D'], ['D', 'A', 'B', 'C'], ['A', 'C', 'D', 'B']]","{'A': 4, 'C': 4, 'D': 4, 'B': 3}","[0.75, 1.0, 1.0]",3.96
95,"[1, 3, 4]","[3, 4, 4]","[0.58, 0.79, 0.88]","[['A', 'B', 'C', 'D'], ['D', 'A', 'B', 'C'], ['A', 'D', 'C', 'B']]","{'A': 4, 'C': 4, 'D': 4, 'B': 3}","[0.75, 1.0, 1.0]",3.96
95,"[1, 3, 4]","[3, 4, 4]","[0.58, 0.79, 0.88]","[['A', 'B', 'C', 'D'], ['D', 'A', 'B', 'C'], ['C', 'A', 'D', 'B']]","{'A': 4, 'C': 4, 'D': 4, 'B': 3}","[0.75, 1.0, 1.0]",3.96
95,"[1, 3, 4]","[3, 4, 4]","[0.58, 0.79, 0.88]","[['A', 'B', 'C', 'D'], ['D', 'A', 'B', 'C'], ['C', 'D', 'A', 'B']]","{'A': 4, 'C': 4, 'D': 4, 'B': 3}","[0.75, 1.0, 1.0]",3.96
95,"[1, 3, 4]","[3, 4, 4]","[0.58, 0.79, 0.88]","[['A', 'B', 'C', 'D'], ['D', 'A', 'B', 'C'], ['D', 'A', 'C', 'B']]","{'A': 4, 'C': 4, 'D': 4, 'B': 3}","[0.75, 1.0, 1.0]",3.96
95,"[1, 3, 4]","[3, 4, 4]","[0.58, 0.79, 0.88]","[['A', 'B', 'C', 'D'], ['D', 'A', 'B', 'C'], ['D', 'C', 'A', 'B']]","{'A': 4, 'C': 4, 'D': 4, 'B': 3}","[0.75, 1.0, 1.0]",3.96
95,"[1, 3, 4]","[3, 4, 4]","[0.58, 0.79, 0.88]","[['A', 'B', 'C', 'D'], ['D', 'A', 'C', 'B'], ['A', 'B', 'D', 'C']]","{'A': 4, 'C': 4, 'D': 4, 'B': 3}","[0.75, 1.0, 1.0]",3.96
95,"[1, 3, 4]","[3, 4, 4]","[0.58, 0.79, 0.88]","[['A', 'B', 'C', 'D'], ['D', 'A', 'C', 'B'], ['A', 'D', 'B', 'C']]","{'A': 4, 'C': 4, 'D': 4, 'B': 3}","[0.75, 1.0, 1.0]",3.96
95,"[1, 3, 4]","[3, 4, 4]","[0.58, 0.79, 0.88]","[['A', 'B', 'C', 'D'], ['D', 'A', 'C', 'B'], ['B', 'A', 'D', 'C']]","{'A': 4, 'C': 4, 'D': 4, 'B': 3}","[0.75, 1.0, 1.0]",3.96
95,"[1, 3, 4]","[3, 4, 4]","[0.58, 0.79, 0.88]","[['A', 'B', 'C', 'D'], ['D', 'A', 'C', 'B'], ['B', 'D', 'A', 'C']]","{'A': 4, 'C': 4, 'D': 4, 'B': 3}","[0.75, 1.0, 1.0]",3.96
95,"[1, 3, 4]","[3, 4, 4]","[0.58, 0.79, 0.88]","[['A', 'B', 'C', 'D'], ['D', 'A', 'C', 'B'], ['D', 'A', 'B', 'C']]","{'A': 4, 'C': 4, 'D': 4, 'B': 3}","[0.75, 1.0, 1.0]",3.96
95,"[1, 3, 4]","[3, 4, 4]","[0.58, 0.79, 0.88]","[['A', 'B', 'C', 'D'], ['D', 'A', 'C', 'B'], ['D', 'B', 'A', 'C']]","{'A': 4, 'C': 4, 'D': 4, 'B': 3}","[0.75, 1.0, 1.0]",3.96
95,"[1, 3, 4]","[3, 4, 4]","[0.58, 0.79, 0.88]","[['A', 'B', 'C', 'D'], ['D', 'B', 'A', 'C'], ['A', 'C', 'D', 'B']]","{'A': 4, 'C': 4, 'D': 4, 'B': 3}","[0.75, 1.0, 1.0]",3.96
95,"[1, 3, 4]","[3, 4, 4]","[0.58, 0.79, 0.88]","[['A', 'B', 'C', 'D'], ['D', 'B', 'A', 'C'], ['A', 'D', 'C', 'B']]","{'A': 4, 'C': 4, 'D': 4, 'B': 3}","[0.75, 1.0, 1.0]",3.96
95,"[1, 3, 4]","[3, 4, 4]","[0.58, 0.79, 0.88]","[['A', 'B', 'C', 'D'], ['D', 'B', 'A', 'C'], ['C', 'A', 'D', 'B']]","{'A': 4, 'C': 4, 'D': 4, 'B': 3}","[0.75, 1.0, 1.0]",3.96
95,"[1, 3, 4]","[3, 4, 4]","[0.58, 0.79, 0.88]","[['A', 'B', 'C', 'D'], ['D', 'B', 'A', 'C'], ['C', 'D', 'A', 'B']]","{'A': 4, 'C': 4, 'D': 4, 'B': 3}","[0.75, 1.0, 1.0]",3.96
95,"[1, 3, 4]","[3, 4, 4]","[0.58, 0.79, 0.88]","[['A', 'B', 'C', 'D'], ['D', 'B', 'A', 'C'], ['D', 'A', 'C', 'B']]","{'A': 4, 'C': 4, 'D': 4, 'B': 3}","[0.75, 1.0, 1.0]",3.96
95,"[1, 3, 4]","[3, 4, 4]","[0.58, 0.79, 0.88]","[['A', 'B', 'C', 'D'], ['D', 'B', 'A', 'C'], ['D', 'C', 'A', 'B']]","{'A': 4, 'C': 4, 'D': 4, 'B': 3}","[0.75, 1.0, 1.0]",3.96
95,"[1, 3, 4]","[3, 4, 4]","[0.58, 0.79, 0.88]","[['A', 'B', 'C', 'D'], ['D', 'C', 'A', 'B'], ['A', 'B', 'D', 'C']]","{'A': 4, 'C': 4, 'D': 4, 'B': 3}","[0.75, 1.0, 1.0]",3.96
95,"[1, 3, 4]","[3, 4, 4]","[0.58, 0.79, 0.88]","[['A', 'B', 'C', 'D'], ['D', 'C', 'A', 'B'], ['A', 'D', 'B', 'C']]","{'A': 4, 'C': 4, 'D': 4, 'B': 3}","[0.75, 1.0, 1.0]",3.96
95,"[1, 3, 4]","[3, 4, 4]","[0.58, 0.79, 0.88]","[['A', 'B', 'C', 'D'], ['D', 'C', 'A', 'B'], ['B', 'A', 'D', 'C']]","{'A': 4, 'C': 4, 'D': 4, 'B': 3}","[0.75, 1.0, 1.0]",3.96
95,"[1, 3, 4]","[3, 4, 4]","[0.58, 0.79, 0.88]","[['A', 'B', 'C', 'D'], ['D', 'C', 'A', 'B'], ['B', 'D', 'A', 'C']]","{'A': 4, 'C': 4, 'D': 4, 'B': 3}","[0.75, 1.0, 1.0]",3.96
95,"[1, 3, 4]","[3, 4, 4]","[0.58, 0.79, 0.88]","[['A', 'B', 'C', 'D'], ['D', 'C', 'A', 'B'], ['D', 'A', 'B', 'C']]","{'A': 4, 'C': 4, 'D': 4, 'B': 3}","[0.75, 1.0, 1.0]",3.96
95,"[1, 3, 4]","[3, 4, 4]","[0.58, 0.79, 0.88]","[['A', 'B', 'C', 'D'], ['D', 'C', 'A', 'B'], ['D', 'B', 'A', 'C']]","{'A': 4, 'C': 4, 'D': 4, 'B': 3}","[0.75, 1.0, 1.0]",3.96
95,"[1, 3, 4]","[3, 4, 4]","[0.58, 0.79, 0.88]","[['A', 'B', 'D', 'C'], ['A', 'B', 'C', 'D'], ['A', 'C', 'D', 'B']]","{'A': 4, 'C': 4, 'D': 4, 'B': 3}","[0.75, 1.0, 1.0]",3.96
95,"[1, 3, 4]","[3, 4, 4]","[0.58, 0.79, 0.88]","[['A', 'B', 'D', 'C'], ['A', 'B', 'C', 'D'], ['A', 'D', 'C', 'B']]","{'A': 4, 'C': 4, 'D': 4, 'B': 3}","[0.75, 1.0, 1.0]",3.96
95,"[1, 3, 4]","[3, 4, 4]","[0.58, 0.79, 0.88]","[['A', 'B', 'D', 'C'], ['A', 'B', 'C', 'D'], ['C', 'A', 'D', 'B']]","{'A': 4, 'C': 4, 'D': 4, 'B': 3}","[0.75, 1.0, 1.0]",3.96
95,"[1, 3, 4]","[3, 4, 4]","[0.58, 0.79, 0.88]","[['A', 'B', 'D', 'C'], ['A', 'B', 'C', 'D'], ['C', 'D', 'A', 'B']]","{'A': 4, 'C': 4, 'D': 4, 'B': 3}","[0.75, 1.0, 1.0]",3.96
95,"[1, 3, 4]","[3, 4, 4]","[0.58, 0.79, 0.88]","[['A', 'B', 'D', 'C'], ['A', 'B', 'C', 'D'], ['D', 'A', 'C', 'B']]","{'A': 4, 'C': 4, 'D': 4, 'B': 3}","[0.75, 1.0, 1.0]",3.96
95,"[1, 3, 4]","[3, 4, 4]","[0.58, 0.79, 0.88]","[['A', 'B', 'D', 'C'], ['A', 'B', 'C', 'D'], ['D', 'C', 'A', 'B']]","{'A': 4, 'C': 4, 'D': 4, 'B': 3}","[0.75, 1.0, 1.0]",3.96
95,"[1, 3, 4]","[3, 4, 4]","[0.58, 0.79, 0.88]","[['A', 'B', 'D', 'C'], ['A', 'C', 'B', 'D'], ['A', 'C', 'D', 'B']]","{'A': 4, 'C': 4, 'D': 4, 'B': 3}","[0.75, 1.0, 1.0]",3.96
95,"[1, 3, 4]","[3, 4, 4]","[0.58, 0.79, 0.88]","[['A', 'B', 'D', 'C'], ['A', 'C', 'B', 'D'], ['A', 'D', 'C', 'B']]","{'A': 4, 'C': 4, 'D': 4, 'B': 3}","[0.75, 1.0, 1.0]",3.96
95,"[1, 3, 4]","[3, 4, 4]","[0.58, 0.79, 0.88]","[['A', 'B', 'D', 'C'], ['A', 'C', 'B', 'D'], ['C', 'A', 'D', 'B']]","{'A': 4, 'C': 4, 'D': 4, 'B': 3}","[0.75, 1.0, 1.0]",3.96
95,"[1, 3, 4]","[3, 4, 4]","[0.58, 0.79, 0.88]","[['A', 'B', 'D', 'C'], ['A', 'C', 'B', 'D'], ['C', 'D', 'A', 'B']]","{'A': 4, 'C': 4, 'D': 4, 'B': 3}","[0.75, 1.0, 1.0]",3.96
95,"[1, 3, 4]","[3, 4, 4]","[0.58, 0.79, 0.88]","[['A', 'B', 'D', 'C'], ['A', 'C', 'B', 'D'], ['D', 'A', 'C', 'B']]","{'A': 4, 'C': 4, 'D': 4, 'B': 3}","[0.75, 1.0, 1.0]",3.96
95,"[1, 3, 4]","[3, 4, 4]","[0.58, 0.79, 0.88]","[['A', 'B', 'D', 'C'], ['A', 'C', 'B', 'D'], ['D', 'C', 'A', 'B']]","{'A': 4, 'C': 4, 'D': 4, 'B': 3}","[0.75, 1.0, 1.0]",3.96
95,"[1, 3, 4]","[3, 4, 4]","[0.58, 0.79, 0.88]","[['A', 'B', 'D', 'C'], ['A', 'C', 'D', 'B'], ['A', 'B', 'C', 'D']]","{'A': 4, 'C': 4, 'D': 4, 'B': 3}","[0.75, 1.0, 1.0]",3.96
95,"[1, 3, 4]","[3, 4, 4]","[0.58, 0.79, 0.88]","[['A', 'B', 'D', 'C'], ['A', 'C', 'D', 'B'], ['A', 'C', 'B', 'D']]","{'A': 4, 'C': 4, 'D': 4, 'B': 3}","[0.75, 1.0, 1.0]",3.96
95,"[1, 3, 4]","[3, 4, 4]","[0.58, 0.79, 0.88]","[['A', 'B', 'D', 'C'], ['A', 'C', 'D', 'B'], ['B', 'A', 'C', 'D']]","{'A': 4, 'C': 4, 'D': 4, 'B': 3}","[0.75, 1.0, 1.0]",3.96
95,"[1, 3, 4]","[3, 4, 4]","[0.58, 0.79, 0.88]","[['A', 'B', 'D', 'C'], ['A', 'C', 'D', 'B'], ['B', 'C', 'A', 'D']]","{'A': 4, 'C': 4, 'D': 4, 'B': 3}","[0.75, 1.0, 1.0]",3.96
95,"[1, 3, 4]","[3, 4, 4]","[0.58, 0.79, 0.88]","[['A', 'B', 'D', 'C'], ['A', 'C', 'D', 'B'], ['C', 'A', 'B', 'D']]","{'A': 4, 'C': 4, 'D': 4, 'B': 3}","[0.75, 1.0, 1.0]",3.96
95,"[1, 3, 4]","[3, 4, 4]","[0.58, 0.79, 0.88]","[['A', 'B', 'D', 'C'], ['A', 'C', 'D', 'B'], ['C', 'B', 'A', 'D']]","{'A': 4, 'C': 4, 'D': 4, 'B': 3}","[0.75, 1.0, 1.0]",3.96
95,"[1, 3, 4]","[3, 4, 4]","[0.58, 0.79, 0.88]","[['A', 'B', 'D', 'C'], ['A', 'D', 'C', 'B'], ['A', 'B', 'C', 'D']]","{'A': 4, 'C': 4, 'D': 4, 'B': 3}","[0.75, 1.0, 1.0]",3.96
95,"[1, 3, 4]","[3, 4, 4]","[0.58, 0.79, 0.88]","[['A', 'B', 'D', 'C'], ['A', 'D', 'C', 'B'], ['A', 'C', 'B', 'D']]","{'A': 4, 'C': 4, 'D': 4, 'B': 3}","[0.75, 1.0, 1.0]",3.96
95,"[1, 3, 4]","[3, 4, 4]","[0.58, 0.79, 0.88]","[['A', 'B', 'D', 'C'], ['A', 'D', 'C', 'B'], ['B', 'A', 'C', 'D']]","{'A': 4, 'C': 4, 'D': 4, 'B': 3}","[0.75, 1.0, 1.0]",3.96
95,"[1, 3, 4]","[3, 4, 4]","[0.58, 0.79, 0.88]","[['A', 'B', 'D', 'C'], ['A', 'D', 'C', 'B'], ['B', 'C', 'A', 'D']]","{'A': 4, 'C': 4, 'D': 4, 'B': 3}","[0.75, 1.0, 1.0]",3.96
95,"[1, 3, 4]","[3, 4, 4]","[0.58, 0.79, 0.88]","[['A', 'B', 'D', 'C'], ['A', 'D', 'C', 'B'], ['C', 'A', 'B', 'D']]","{'A': 4, 'C': 4, 'D': 4, 'B': 3}","[0.75, 1.0, 1.0]",3.96
95,"[1, 3, 4]","[3, 4, 4]","[0.58, 0.79, 0.88]","[['A', 'B', 'D', 'C'], ['A', 'D', 'C', 'B'], ['C', 'B', 'A', 'D']]","{'A': 4, 'C': 4, 'D': 4, 'B': 3}","[0.75, 1.0, 1.0]",3.96
95,"[1, 3, 4]","[3, 4, 4]","[0.58, 0.79, 0.88]","[['A', 'B', 'D', 'C'], ['B', 'A', 'C', 'D'], ['A', 'C', 'D', 'B']]","{'A': 4, 'C': 4, 'D': 4, 'B': 3}","[0.75, 1.0, 1.0]",3.96
95,"[1, 3, 4]","[3, 4, 4]","[0.58, 0.79, 0.88]","[['A', 'B', 'D', 'C'], ['B', 'A', 'C', 'D'], ['A', 'D', 'C', 'B']]","{'A': 4, 'C': 4, 'D': 4, 'B': 3}","[0.75, 1.0, 1.0]",3.96
95,"[1, 3, 4]","[3, 4, 4]","[0.58, 0.79, 0.88]","[['A', 'B', 'D', 'C'], ['B', 'A', 'C', 'D'], ['C', 'A', 'D', 'B']]","{'A': 4, 'C': 4, 'D': 4, 'B': 3}","[0.75, 1.0, 1.0]",3.96
95,"[1, 3, 4]","[3, 4, 4]","[0.58, 0.79, 0.88]","[['A', 'B', 'D', 'C'], ['B', 'A', 'C', 'D'], ['C', 'D', 'A', 'B']]","{'A': 4, 'C': 4, 'D': 4, 'B': 3}","[0.75, 1.0, 1.0]",3.96
95,"[1, 3, 4]","[3, 4, 4]","[0.58, 0.79, 0.88]","[['A', 'B', 'D', 'C'], ['B', 'A', 'C', 'D'], ['D', 'A', 'C', 'B']]","{'A': 4, 'C': 4, 'D': 4, 'B': 3}","[0.75, 1.0, 1.0]",3.96
95,"[1, 3, 4]","[3, 4, 4]","[0.58, 0.79, 0.88]","[['A', 'B', 'D', 'C'], ['B', 'A', 'C', 'D'], ['D', 'C', 'A', 'B']]","{'A': 4, 'C': 4, 'D': 4, 'B': 3}","[0.75, 1.0, 1.0]",3.96
95,"[1, 3, 4]","[3, 4, 4]","[0.58, 0.79, 0.88]","[['A', 'B', 'D', 'C'], ['B', 'C', 'A', 'D'], ['A', 'C', 'D', 'B']]","{'A': 4, 'C': 4, 'D': 4, 'B': 3}","[0.75, 1.0, 1.0]",3.96
95,"[1, 3, 4]","[3, 4, 4]","[0.58, 0.79, 0.88]","[['A', 'B', 'D', 'C'], ['B', 'C', 'A', 'D'], ['A', 'D', 'C', 'B']]","{'A': 4, 'C': 4, 'D': 4, 'B': 3}","[0.75, 1.0, 1.0]",3.96
95,"[1, 3, 4]","[3, 4, 4]","[0.58, 0.79, 0.88]","[['A', 'B', 'D', 'C'], ['B', 'C', 'A', 'D'], ['C', 'A', 'D', 'B']]","{'A': 4, 'C': 4, 'D': 4, 'B': 3}","[0.75, 1.0, 1.0]",3.96
95,"[1, 3, 4]","[3, 4, 4]","[0.58, 0.79, 0.88]","[['A', 'B', 'D', 'C'], ['B', 'C', 'A', 'D'], ['C', 'D', 'A', 'B']]","{'A': 4, 'C': 4, 'D': 4, 'B': 3}","[0.75, 1.0, 1.0]",3.96
95,"[1, 3, 4]","[3, 4, 4]","[0.58, 0.79, 0.88]","[['A', 'B', 'D', 'C'], ['B', 'C', 'A', 'D'], ['D', 'A', 'C', 'B']]","{'A': 4, 'C': 4, 'D': 4, 'B': 3}","[0.75, 1.0, 1.0]",3.96
95,"[1, 3, 4]","[3, 4, 4]","[0.58, 0.79, 0.88]","[['A', 'B', 'D', 'C'], ['B', 'C', 'A', 'D'], ['D', 'C', 'A', 'B']]","{'A': 4, 'C': 4, 'D': 4, 'B': 3}","[0.75, 1.0, 1.0]",3.96
95,"[1, 3, 4]","[3, 4, 4]","[0.58, 0.79, 0.88]","[['A', 'B', 'D', 'C'], ['C', 'A', 'B', 'D'], ['A', 'C', 'D', 'B']]","{'A': 4, 'C': 4, 'D': 4, 'B': 3}","[0.75, 1.0, 1.0]",3.96
95,"[1, 3, 4]","[3, 4, 4]","[0.58, 0.79, 0.88]","[['A', 'B', 'D', 'C'], ['C', 'A', 'B', 'D'], ['A', 'D', 'C', 'B']]","{'A': 4, 'C': 4, 'D': 4, 'B': 3}","[0.75, 1.0, 1.0]",3.96
95,"[1, 3, 4]","[3, 4, 4]","[0.58, 0.79, 0.88]","[['A', 'B', 'D', 'C'], ['C', 'A', 'B', 'D'], ['C', 'A', 'D', 'B']]","{'A': 4, 'C': 4, 'D': 4, 'B': 3}","[0.75, 1.0, 1.0]",3.96
95,"[1, 3, 4]","[3, 4, 4]","[0.58, 0.79, 0.88]","[['A', 'B', 'D', 'C'], ['C', 'A', 'B', 'D'], ['C', 'D', 'A', 'B']]","{'A': 4, 'C': 4, 'D': 4, 'B': 3}","[0.75, 1.0, 1.0]",3.96
95,"[1, 3, 4]","[3, 4, 4]","[0.58, 0.79, 0.88]","[['A', 'B', 'D', 'C'], ['C', 'A', 'B', 'D'], ['D', 'A', 'C', 'B']]","{'A': 4, 'C': 4, 'D': 4, 'B': 3}","[0.75, 1.0, 1.0]",3.96
95,"[1, 3, 4]","[3, 4, 4]","[0.58, 0.79, 0.88]","[['A', 'B', 'D', 'C'], ['C', 'A', 'B', 'D'], ['D', 'C', 'A', 'B']]","{'A': 4, 'C': 4, 'D': 4, 'B': 3}","[0.75, 1.0, 1.0]",3.96
95,"[1, 3, 4]","[3, 4, 4]","[0.58, 0.79, 0.88]","[['A', 'B', 'D', 'C'], ['C', 'A', 'D', 'B'], ['A', 'B', 'C', 'D']]","{'A': 4, 'C': 4, 'D': 4, 'B': 3}","[0.75, 1.0, 1.0]",3.96
95,"[1, 3, 4]","[3, 4, 4]","[0.58, 0.79, 0.88]","[['A', 'B', 'D', 'C'], ['C', 'A', 'D', 'B'], ['A', 'C', 'B', 'D']]","{'A': 4, 'C': 4, 'D': 4, 'B': 3}","[0.75, 1.0, 1.0]",3.96
95,"[1, 3, 4]","[3, 4, 4]","[0.58, 0.79, 0.88]","[['A', 'B', 'D', 'C'], ['C', 'A', 'D', 'B'], ['B', 'A', 'C', 'D']]","{'A': 4, 'C': 4, 'D': 4, 'B': 3}","[0.75, 1.0, 1.0]",3.96
95,"[1, 3, 4]","[3, 4, 4]","[0.58, 0.79, 0.88]","[['A', 'B', 'D', 'C'], ['C', 'A', 'D', 'B'], ['B', 'C', 'A', 'D']]","{'A': 4, 'C': 4, 'D': 4, 'B': 3}","[0.75, 1.0, 1.0]",3.96
95,"[1, 3, 4]","[3, 4, 4]","[0.58, 0.79, 0.88]","[['A', 'B', 'D', 'C'], ['C', 'A', 'D', 'B'], ['C', 'A', 'B', 'D']]","{'A': 4, 'C': 4, 'D': 4, 'B': 3}","[0.75, 1.0, 1.0]",3.96
95,"[1, 3, 4]","[3, 4, 4]","[0.58, 0.79, 0.88]","[['A', 'B', 'D', 'C'], ['C', 'A', 'D', 'B'], ['C', 'B', 'A', 'D']]","{'A': 4, 'C': 4, 'D': 4, 'B': 3}","[0.75, 1.0, 1.0]",3.96
95,"[1, 3, 4]","[3, 4, 4]","[0.58, 0.79, 0.88]","[['A', 'B', 'D', 'C'], ['C', 'B', 'A', 'D'], ['A', 'C', 'D', 'B']]","{'A': 4, 'C': 4, 'D': 4, 'B': 3}","[0.75, 1.0, 1.0]",3.96
95,"[1, 3, 4]","[3, 4, 4]","[0.58, 0.79, 0.88]","[['A', 'B', 'D', 'C'], ['C', 'B', 'A', 'D'], ['A', 'D', 'C', 'B']]","{'A': 4, 'C': 4, 'D': 4, 'B': 3}","[0.75, 1.0, 1.0]",3.96
95,"[1, 3, 4]","[3, 4, 4]","[0.58, 0.79, 0.88]","[['A', 'B', 'D', 'C'], ['C', 'B', 'A', 'D'], ['C', 'A', 'D', 'B']]","{'A': 4, 'C': 4, 'D': 4, 'B': 3}","[0.75, 1.0, 1.0]",3.96
95,"[1, 3, 4]","[3, 4, 4]","[0.58, 0.79, 0.88]","[['A', 'B', 'D', 'C'], ['C', 'B', 'A', 'D'], ['C', 'D', 'A', 'B']]","{'A': 4, 'C': 4, 'D': 4, 'B': 3}","[0.75, 1.0, 1.0]",3.96
95,"[1, 3, 4]","[3, 4, 4]","[0.58, 0.79, 0.88]","[['A', 'B', 'D', 'C'], ['C', 'B', 'A', 'D'], ['D', 'A', 'C', 'B']]","{'A': 4, 'C': 4, 'D': 4, 'B': 3}","[0.75, 1.0, 1.0]",3.96
95,"[1, 3, 4]","[3, 4, 4]","[0.58, 0.79, 0.88]","[['A', 'B', 'D', 'C'], ['C', 'B', 'A', 'D'], ['D', 'C', 'A', 'B']]","{'A': 4, 'C': 4, 'D': 4, 'B': 3}","[0.75, 1.0, 1.0]",3.96
95,"[1, 3, 4]","[3, 4, 4]","[0.58, 0.79, 0.88]","[['A', 'B', 'D', 'C'], ['C', 'D', 'A', 'B'], ['A', 'B', 'C', 'D']]","{'A': 4, 'C': 4, 'D': 4, 'B': 3}","[0.75, 1.0, 1.0]",3.96
95,"[1, 3, 4]","[3, 4, 4]","[0.58, 0.79, 0.88]","[['A', 'B', 'D', 'C'], ['C', 'D', 'A', 'B'], ['A', 'C', 'B', 'D']]","{'A': 4, 'C': 4, 'D': 4, 'B': 3}","[0.75, 1.0, 1.0]",3.96
95,"[1, 3, 4]","[3, 4, 4]","[0.58, 0.79, 0.88]","[['A', 'B', 'D', 'C'], ['C', 'D', 'A', 'B'], ['B', 'A', 'C', 'D']]","{'A': 4, 'C': 4, 'D': 4, 'B': 3}","[0.75, 1.0, 1.0]",3.96
95,"[1, 3, 4]","[3, 4, 4]","[0.58, 0.79, 0.88]","[['A', 'B', 'D', 'C'], ['C', 'D', 'A', 'B'], ['B', 'C', 'A', 'D']]","{'A': 4, 'C': 4, 'D': 4, 'B': 3}","[0.75, 1.0, 1.0]",3.96
95,"[1, 3, 4]","[3, 4, 4]","[0.58, 0.79, 0.88]","[['A', 'B', 'D', 'C'], ['C', 'D', 'A', 'B'], ['C', 'A', 'B', 'D']]","{'A': 4, 'C': 4, 'D': 4, 'B': 3}","[0.75, 1.0, 1.0]",3.96
95,"[1, 3, 4]","[3, 4, 4]","[0.58, 0.79, 0.88]","[['A', 'B', 'D', 'C'], ['C', 'D', 'A', 'B'], ['C', 'B', 'A', 'D']]","{'A': 4, 'C': 4, 'D': 4, 'B': 3}","[0.75, 1.0, 1.0]",3.96
95,"[1, 3, 4]","[3, 4, 4]","[0.58, 0.79, 0.88]","[['A', 'B', 'D', 'C'], ['D', 'A', 'C', 'B'], ['A', 'B', 'C', 'D']]","{'A': 4, 'C': 4, 'D': 4, 'B': 3}","[0.75, 1.0, 1.0]",3.96
95,"[1, 3, 4]","[3, 4, 4]","[0.58, 0.79, 0.88]","[['A', 'B', 'D', 'C'], ['D', 'A', 'C', 'B'], ['A', 'C', 'B', 'D']]","{'A': 4, 'C': 4, 'D': 4, 'B': 3}","[0.75, 1.0, 1.0]",3.96
95,"[1, 3, 4]","[3, 4, 4]","[0.58, 0.79, 0.88]","[['A', 'B', 'D', 'C'], ['D', 'A', 'C', 'B'], ['B', 'A', 'C', 'D']]","{'A': 4, 'C': 4, 'D': 4, 'B': 3}","[0.75, 1.0, 1.0]",3.96
95,"[1, 3, 4]","[3, 4, 4]","[0.58, 0.79, 0.88]","[['A', 'B', 'D', 'C'], ['D', 'A', 'C', 'B'], ['B', 'C', 'A', 'D']]","{'A': 4, 'C': 4, 'D': 4, 'B': 3}","[0.75, 1.0, 1.0]",3.96
95,"[1, 3, 4]","[3, 4, 4]","[0.58, 0.79, 0.88]","[['A', 'B', 'D', 'C'], ['D', 'A', 'C', 'B'], ['C', 'A', 'B', 'D']]","{'A': 4, 'C': 4, 'D': 4, 'B': 3}","[0.75, 1.0, 1.0]",3.96
95,"[1, 3, 4]","[3, 4, 4]","[0.58, 0.79, 0.88]","[['A', 'B', 'D', 'C'], ['D', 'A', 'C', 'B'], ['C', 'B', 'A', 'D']]","{'A': 4, 'C': 4, 'D': 4, 'B': 3}","[0.75, 1.0, 1.0]",3.96
95,"[1, 3, 4]","[3, 4, 4]","[0.58, 0.79, 0.88]","[['A', 'B', 'D', 'C'], ['D', 'C', 'A', 'B'], ['A', 'B', 'C', 'D']]","{'A': 4, 'C': 4, 'D': 4, 'B': 3}","[0.75, 1.0, 1.0]",3.96
95,"[1, 3, 4]","[3, 4, 4]","[0.58, 0.79, 0.88]","[['A', 'B', 'D', 'C'], ['D', 'C', 'A', 'B'], ['A', 'C', 'B', 'D']]","{'A': 4, 'C': 4, 'D': 4, 'B': 3}","[0.75, 1.0, 1.0]",3.96
95,"[1, 3, 4]","[3, 4, 4]","[0.58, 0.79, 0.88]","[['A', 'B', 'D', 'C'], ['D', 'C', 'A', 'B'], ['B', 'A', 'C', 'D']]","{'A': 4, 'C': 4, 'D': 4, 'B': 3}","[0.75, 1.0, 1.0]",3.96
95,"[1, 3, 4]","[3, 4, 4]","[0.58, 0.79, 0.88]","[['A', 'B', 'D', 'C'], ['D', 'C', 'A', 'B'], ['B', 'C', 'A', 'D']]","{'A': 4, 'C': 4, 'D': 4, 'B': 3}","[0.75, 1.0, 1.0]",3.96
95,"[1, 3, 4]","[3, 4, 4]","[0.58, 0.79, 0.88]","[['A', 'B', 'D', 'C'], ['D', 'C', 'A', 'B'], ['C', 'A', 'B', 'D']]","{'A': 4, 'C': 4, 'D': 4, 'B': 3}","[0.75, 1.0, 1.0]",3.96
95,"[1, 3, 4]","[3, 4, 4]","[0.58, 0.79, 0.88]","[['A', 'B', 'D', 'C'], ['D', 'C', 'A', 'B'], ['C', 'B', 'A', 'D']]","{'A': 4, 'C': 4, 'D': 4, 'B': 3}","[0.75, 1.0, 1.0]",3.96
95,"[1, 3, 4]","[3, 4, 4]","[0.58, 0.79, 0.88]","[['A', 'C', 'B', 'D'], ['A', 'B', 'D', 'C'], ['A', 'C', 'D', 'B']]","{'A': 4, 'C': 4, 'D': 4, 'B': 3}","[0.75, 1.0, 1.0]",3.96
95,"[1, 3, 4]","[3, 4, 4]","[0.58, 0.79, 0.88]","[['A', 'C', 'B', 'D'], ['A', 'B', 'D', 'C'], ['A', 'D', 'C', 'B']]","{'A': 4, 'C': 4, 'D': 4, 'B': 3}","[0.75, 1.0, 1.0]",3.96
95,"[1, 3, 4]","[3, 4, 4]","[0.58, 0.79, 0.88]","[['A', 'C', 'B', 'D'], ['A', 'B', 'D', 'C'], ['C', 'A', 'D', 'B']]","{'A': 4, 'C': 4, 'D': 4, 'B': 3}","[0.75, 1.0, 1.0]",3.96
95,"[1, 3, 4]","[3, 4, 4]","[0.58, 0.79, 0.88]","[['A', 'C', 'B', 'D'], ['A', 'B', 'D', 'C'], ['C', 'D', 'A', 'B']]","{'A': 4, 'C': 4, 'D': 4, 'B': 3}","[0.75, 1.0, 1.0]",3.96
95,"[1, 3, 4]","[3, 4, 4]","[0.58, 0.79, 0.88]","[['A', 'C', 'B', 'D'], ['A', 'B', 'D', 'C'], ['D', 'A', 'C', 'B']]","{'A': 4, 'C': 4, 'D': 4, 'B': 3}","[0.75, 1.0, 1.0]",3.96
95,"[1, 3, 4]","[3, 4, 4]","[0.58, 0.79, 0.88]","[['A', 'C', 'B', 'D'], ['A', 'B', 'D', 'C'], ['D', 'C', 'A', 'B']]","{'A': 4, 'C': 4, 'D': 4, 'B': 3}","[0.75, 1.0, 1.0]",3.96
95,"[1, 3, 4]","[3, 4, 4]","[0.58, 0.79, 0.88]","[['A', 'C', 'B', 'D'], ['A', 'C', 'D', 'B'], ['A', 'B', 'D', 'C']]","{'A': 4, 'C': 4, 'D': 4, 'B': 3}","[0.75, 1.0, 1.0]",3.96
95,"[1, 3, 4]","[3, 4, 4]","[0.58, 0.79, 0.88]","[['A', 'C', 'B', 'D'], ['A', 'C', 'D', 'B'], ['A', 'D', 'B', 'C']]","{'A': 4, 'C': 4, 'D': 4, 'B': 3}","[0.75, 1.0, 1.0]",3.96
95,"[1, 3, 4]","[3, 4, 4]","[0.58, 0.79, 0.88]","[['A', 'C', 'B', 'D'], ['A', 'C', 'D', 'B'], ['B', 'A', 'D', 'C']]","{'A': 4, 'C': 4, 'D': 4, 'B': 3}","[0.75, 1.0, 1.0]",3.96
95,"[1, 3, 4]","[3, 4, 4]","[0.58, 0.79, 0.88]","[['A', 'C', 'B', 'D'], ['A', 'C', 'D', 'B'], ['B', 'D', 'A', 'C']]","{'A': 4, 'C': 4, 'D': 4, 'B': 3}","[0.75, 1.0, 1.0]",3.96
95,"[1, 3, 4]","[3, 4, 4]","[0.58, 0.79, 0.88]","[['A', 'C', 'B', 'D'], ['A', 'C', 'D', 'B'], ['D', 'A', 'B', 'C']]","{'A': 4, 'C': 4, 'D': 4, 'B': 3}","[0.75, 1.0, 1.0]",3.96
95,"[1, 3, 4]","[3, 4, 4]","[0.58, 0.79, 0.88]","[['A', 'C', 'B', 'D'], ['A', 'C', 'D', 'B'], ['D', 'B', 'A', 'C']]","{'A': 4, 'C': 4, 'D': 4, 'B': 3}","[0.75, 1.0, 1.0]",3.96
95,"[1, 3, 4]","[3, 4, 4]","[0.58, 0.79, 0.88]","[['A', 'C', 'B', 'D'], ['A', 'D', 'B', 'C'], ['A', 'C', 'D', 'B']]","{'A': 4, 'C': 4, 'D': 4, 'B': 3}","[0.75, 1.0, 1.0]",3.96
95,"[1, 3, 4]","[3, 4, 4]","[0.58, 0.79, 0.88]","[['A', 'C', 'B', 'D'], ['A', 'D', 'B', 'C'], ['A', 'D', 'C', 'B']]","{'A': 4, 'C': 4, 'D': 4, 'B': 3}","[0.75, 1.0, 1.0]",3.96
95,"[1, 3, 4]","[3, 4, 4]","[0.58, 0.79, 0.88]","[['A', 'C', 'B', 'D'], ['A', 'D', 'B', 'C'], ['C', 'A', 'D', 'B']]","{'A': 4, 'C': 4, 'D': 4, 'B': 3}","[0.75, 1.0, 1.0]",3.96
95,"[1, 3, 4]","[3, 4, 4]","[0.58, 0.79, 0.88]","[['A', 'C', 'B', 'D'], ['A', 'D', 'B', 'C'], ['C', 'D', 'A', 'B']]","{'A': 4, 'C': 4, 'D': 4, 'B': 3}","[0.75, 1.0, 1.0]",3.96
95,"[1, 3, 4]","[3, 4, 4]","[0.58, 0.79, 0.88]","[['A', 'C', 'B', 'D'], ['A', 'D', 'B', 'C'], ['D', 'A', 'C', 'B']]","{'A': 4, 'C': 4, 'D': 4, 'B': 3}","[0.75, 1.0, 1.0]",3.96
95,"[1, 3, 4]","[3, 4, 4]","[0.58, 0.79, 0.88]","[['A', 'C', 'B', 'D'], ['A', 'D', 'B', 'C'], ['D', 'C', 'A', 'B']]","{'A': 4, 'C': 4, 'D': 4, 'B': 3}","[0.75, 1.0, 1.0]",3.96
95,"[1, 3, 4]","[3, 4, 4]","[0.58, 0.79, 0.88]","[['A', 'C', 'B', 'D'], ['A', 'D', 'C', 'B'], ['A', 'B', 'D', 'C']]","{'A': 4, 'C': 4, 'D': 4, 'B': 3}","[0.75, 1.0, 1.0]",3.96
95,"[1, 3, 4]","[3, 4, 4]","[0.58, 0.79, 0.88]","[['A', 'C', 'B', 'D'], ['A', 'D', 'C', 'B'], ['A', 'D', 'B', 'C']]","{'A': 4, 'C': 4, 'D': 4, 'B': 3}","[0.75, 1.0, 1.0]",3.96
95,"[1, 3, 4]","[3, 4, 4]","[0.58, 0.79, 0.88]","[['A', 'C', 'B', 'D'], ['A', 'D', 'C', 'B'], ['B', 'A', 'D', 'C']]","{'A': 4, 'C': 4, 'D': 4, 'B': 3}","[0.75, 1.0, 1.0]",3.96
95,"[1, 3, 4]","[3, 4, 4]","[0.58, 0.79, 0.88]","[['A', 'C', 'B', 'D'], ['A', 'D', 'C', 'B'], ['B', 'D', 'A', 'C']]","{'A': 4, 'C': 4, 'D': 4, 'B': 3}","[0.75, 1.0, 1.0]",3.96
95,"[1, 3, 4]","[3, 4, 4]","[0.58, 0.79, 0.88]","[['A', 'C', 'B', 'D'], ['A', 'D', 'C', 'B'], ['D', 'A', 'B', 'C']]","{'A': 4, 'C': 4, 'D': 4, 'B': 3}","[0.75, 1.0, 1.0]",3.96
95,"[1, 3, 4]","[3, 4, 4]","[0.58, 0.79, 0.88]","[['A', 'C', 'B', 'D'], ['A', 'D', 'C', 'B'], ['D', 'B', 'A', 'C']]","{'A': 4, 'C': 4, 'D': 4, 'B': 3}","[0.75, 1.0, 1.0]",3.96
95,"[1, 3, 4]","[3, 4, 4]","[0.58, 0.79, 0.88]","[['A', 'C', 'B', 'D'], ['B', 'A', 'D', 'C'], ['A', 'C', 'D', 'B']]","{'A': 4, 'C': 4, 'D': 4, 'B': 3}","[0.75, 1.0, 1.0]",3.96
95,"[1, 3, 4]","[3, 4, 4]","[0.58, 0.79, 0.88]","[['A', 'C', 'B', 'D'], ['B', 'A', 'D', 'C'], ['A', 'D', 'C', 'B']]","{'A': 4, 'C': 4, 'D': 4, 'B': 3}","[0.75, 1.0, 1.0]",3.96
95,"[1, 3, 4]","[3, 4, 4]","[0.58, 0.79, 0.88]","[['A', 'C', 'B', 'D'], ['B', 'A', 'D', 'C'], ['C', 'A', 'D', 'B']]","{'A': 4, 'C': 4, 'D': 4, 'B': 3}","[0.75, 1.0, 1.0]",3.96
95,"[1, 3, 4]","[3, 4, 4]","[0.58, 0.79, 0.88]","[['A', 'C', 'B', 'D'], ['B', 'A', 'D', 'C'], ['C', 'D', 'A', 'B']]","{'A': 4, 'C': 4, 'D': 4, 'B': 3}","[0.75, 1.0, 1.0]",3.96
95,"[1, 3, 4]","[3, 4, 4]","[0.58, 0.79, 0.88]","[['A', 'C', 'B', 'D'], ['B', 'A', 'D', 'C'], ['D', 'A', 'C', 'B']]","{'A': 4, 'C': 4, 'D': 4, 'B': 3}","[0.75, 1.0, 1.0]",3.96
95,"[1, 3, 4]","[3, 4, 4]","[0.58, 0.79, 0.88]","[['A', 'C', 'B', 'D'], ['B', 'A', 'D', 'C'], ['D', 'C', 'A', 'B']]","{'A': 4, 'C': 4, 'D': 4, 'B': 3}","[0.75, 1.0, 1.0]",3.96
95,"[1, 3, 4]","[3, 4, 4]","[0.58, 0.79, 0.88]","[['A', 'C', 'B', 'D'], ['B', 'D', 'A', 'C'], ['A', 'C', 'D', 'B']]","{'A': 4, 'C': 4, 'D': 4, 'B': 3}","[0.75, 1.0, 1.0]",3.96
95,"[1, 3, 4]","[3, 4, 4]","[0.58, 0.79, 0.88]","[['A', 'C', 'B', 'D'], ['B', 'D', 'A', 'C'], ['A', 'D', 'C', 'B']]","{'A': 4, 'C': 4, 'D': 4, 'B': 3}","[0.75, 1.0, 1.0]",3.96
95,"[1, 3, 4]","[3, 4, 4]","[0.58, 0.79, 0.88]","[['A', 'C', 'B', 'D'], ['B', 'D', 'A', 'C'], ['C', 'A', 'D', 'B']]","{'A': 4, 'C': 4, 'D': 4, 'B': 3}","[0.75, 1.0, 1.0]",3.96
95,"[1, 3, 4]","[3, 4, 4]","[0.58, 0.79, 0.88]","[['A', 'C', 'B', 'D'], ['B', 'D', 'A', 'C'], ['C', 'D', 'A', 'B']]","{'A': 4, 'C': 4, 'D': 4, 'B': 3}","[0.75, 1.0, 1.0]",3.96
95,"[1, 3, 4]","[3, 4, 4]","[0.58, 0.79, 0.88]","[['A', 'C', 'B', 'D'], ['B', 'D', 'A', 'C'], ['D', 'A', 'C', 'B']]","{'A': 4, 'C': 4, 'D': 4, 'B': 3}","[0.75, 1.0, 1.0]",3.96
95,"[1, 3, 4]","[3, 4, 4]","[0.58, 0.79, 0.88]","[['A', 'C', 'B', 'D'], ['B', 'D', 'A', 'C'], ['D', 'C', 'A', 'B']]","{'A': 4, 'C': 4, 'D': 4, 'B': 3}","[0.75, 1.0, 1.0]",3.96
95,"[1, 3, 4]","[3, 4, 4]","[0.58, 0.79, 0.88]","[['A', 'C', 'B', 'D'], ['C', 'A', 'D', 'B'], ['A', 'B', 'D', 'C']]","{'A': 4, 'C': 4, 'D': 4, 'B': 3}","[0.75, 1.0, 1.0]",3.96
95,"[1, 3, 4]","[3, 4, 4]","[0.58, 0.79, 0.88]","[['A', 'C', 'B', 'D'], ['C', 'A', 'D', 'B'], ['A', 'D', 'B', 'C']]","{'A': 4, 'C': 4, 'D': 4, 'B': 3}","[0.75, 1.0, 1.0]",3.96
95,"[1, 3, 4]","[3, 4, 4]","[0.58, 0.79, 0.88]","[['A', 'C', 'B', 'D'], ['C', 'A', 'D', 'B'], ['B', 'A', 'D', 'C']]","{'A': 4, 'C': 4, 'D': 4, 'B': 3}","[0.75, 1.0, 1.0]",3.96
95,"[1, 3, 4]","[3, 4, 4]","[0.58, 0.79, 0.88]","[['A', 'C', 'B', 'D'], ['C', 'A', 'D', 'B'], ['B', 'D', 'A', 'C']]","{'A': 4, 'C': 4, 'D': 4, 'B': 3}","[0.75, 1.0, 1.0]",3.96
95,"[1, 3, 4]","[3, 4, 4]","[0.58, 0.79, 0.88]","[['A', 'C', 'B', 'D'], ['C', 'A', 'D', 'B'], ['D', 'A', 'B', 'C']]","{'A': 4, 'C': 4, 'D': 4, 'B': 3}","[0.75, 1.0, 1.0]",3.96
95,"[1, 3, 4]","[3, 4, 4]","[0.58, 0.79, 0.88]","[['A', 'C', 'B', 'D'], ['C', 'A', 'D', 'B'], ['D', 'B', 'A', 'C']]","{'A': 4, 'C': 4, 'D': 4, 'B': 3}","[0.75, 1.0, 1.0]",3.96
95,"[1, 3, 4]","[3, 4, 4]","[0.58, 0.79, 0.88]","[['A', 'C', 'B', 'D'], ['C', 'D', 'A', 'B'], ['A', 'B', 'D', 'C']]","{'A': 4, 'C': 4, 'D': 4, 'B': 3}","[0.75, 1.0, 1.0]",3.96
95,"[1, 3, 4]","[3, 4, 4]","[0.58, 0.79, 0.88]","[['A', 'C', 'B', 'D'], ['C', 'D', 'A', 'B'], ['A', 'D', 'B', 'C']]","{'A': 4, 'C': 4, 'D': 4, 'B': 3}","[0.75, 1.0, 1.0]",3.96
95,"[1, 3, 4]","[3, 4, 4]","[0.58, 0.79, 0.88]","[['A', 'C', 'B', 'D'], ['C', 'D', 'A', 'B'], ['B', 'A', 'D', 'C']]","{'A': 4, 'C': 4, 'D': 4, 'B': 3}","[0.75, 1.0, 1.0]",3.96
95,"[1, 3, 4]","[3, 4, 4]","[0.58, 0.79, 0.88]","[['A', 'C', 'B', 'D'], ['C', 'D', 'A', 'B'], ['B', 'D', 'A', 'C']]","{'A': 4, 'C': 4, 'D': 4, 'B': 3}","[0.75, 1.0, 1.0]",3.96
95,"[1, 3, 4]","[3, 4, 4]","[0.58, 0.79, 0.88]","[['A', 'C', 'B', 'D'], ['C', 'D', 'A', 'B'], ['D', 'A', 'B', 'C']]","{'A': 4, 'C': 4, 'D': 4, 'B': 3}","[0.75, 1.0, 1.0]",3.96
95,"[1, 3, 4]","[3, 4, 4]","[0.58, 0.79, 0.88]","[['A', 'C', 'B', 'D'], ['C', 'D', 'A', 'B'], ['D', 'B', 'A', 'C']]","{'A': 4, 'C': 4, 'D': 4, 'B': 3}","[0.75, 1.0, 1.0]",3.96
95,"[1, 3, 4]","[3, 4, 4]","[0.58, 0.79, 0.88]","[['A', 'C', 'B', 'D'], ['D', 'A', 'B', 'C'], ['A', 'C', 'D', 'B']]","{'A': 4, 'C': 4, 'D': 4, 'B': 3}","[0.75, 1.0, 1.0]",3.96
95,"[1, 3, 4]","[3, 4, 4]","[0.58, 0.79, 0.88]","[['A', 'C', 'B', 'D'], ['D', 'A', 'B', 'C'], ['A', 'D', 'C', 'B']]","{'A': 4, 'C': 4, 'D': 4, 'B': 3}","[0.75, 1.0, 1.0]",3.96
95,"[1, 3, 4]","[3, 4, 4]","[0.58, 0.79, 0.88]","[['A', 'C', 'B', 'D'], ['D', 'A', 'B', 'C'], ['C', 'A', 'D', 'B']]","{'A': 4, 'C': 4, 'D': 4, 'B': 3}","[0.75, 1.0, 1.0]",3.96
95,"[1, 3, 4]","[3, 4, 4]","[0.58, 0.79, 0.88]","[['A', 'C', 'B', 'D'], ['D', 'A', 'B', 'C'], ['C', 'D', 'A', 'B']]","{'A': 4, 'C': 4, 'D': 4, 'B': 3}","[0.75, 1.0, 1.0]",3.96
95,"[1, 3, 4]","[3, 4, 4]","[0.58, 0.79, 0.88]","[['A', 'C', 'B', 'D'], ['D', 'A', 'B', 'C'], ['D', 'A', 'C', 'B']]","{'A': 4, 'C': 4, 'D': 4, 'B': 3}","[0.75, 1.0, 1.0]",3.96
95,"[1, 3, 4]","[3, 4, 4]","[0.58, 0.79, 0.88]","[['A', 'C', 'B', 'D'], ['D', 'A', 'B', 'C'], ['D', 'C', 'A', 'B']]","{'A': 4, 'C': 4, 'D': 4, 'B': 3}","[0.75, 1.0, 1.0]",3.96
95,"[1, 3, 4]","[3, 4, 4]","[0.58, 0.79, 0.88]","[['A', 'C', 'B', 'D'], ['D', 'A', 'C', 'B'], ['A', 'B', 'D', 'C']]","{'A': 4, 'C': 4, 'D': 4, 'B': 3}","[0.75, 1.0, 1.0]",3.96
95,"[1, 3, 4]","[3, 4, 4]","[0.58, 0.79, 0.88]","[['A', 'C', 'B', 'D'], ['D', 'A', 'C', 'B'], ['A', 'D', 'B', 'C']]","{'A': 4, 'C': 4, 'D': 4, 'B': 3}","[0.75, 1.0, 1.0]",3.96
95,"[1, 3, 4]","[3, 4, 4]","[0.58, 0.79, 0.88]","[['A', 'C', 'B', 'D'], ['D', 'A', 'C', 'B'], ['B', 'A', 'D', 'C']]","{'A': 4, 'C': 4, 'D': 4, 'B': 3}","[0.75, 1.0, 1.0]",3.96
95,"[1, 3, 4]","[3, 4, 4]","[0.58, 0.79, 0.88]","[['A', 'C', 'B', 'D'], ['D', 'A', 'C', 'B'], ['B', 'D', 'A', 'C']]","{'A': 4, 'C': 4, 'D': 4, 'B': 3}","[0.75, 1.0, 1.0]",3.96
95,"[1, 3, 4]","[3, 4, 4]","[0.58, 0.79, 0.88]","[['A', 'C', 'B', 'D'], ['D', 'A', 'C', 'B'], ['D', 'A', 'B', 'C']]","{'A': 4, 'C': 4, 'D': 4, 'B': 3}","[0.75, 1.0, 1.0]",3.96
95,"[1, 3, 4]","[3, 4, 4]","[0.58, 0.79, 0.88]","[['A', 'C', 'B', 'D'], ['D', 'A', 'C', 'B'], ['D', 'B', 'A', 'C']]","{'A': 4, 'C': 4, 'D': 4, 'B': 3}","[0.75, 1.0, 1.0]",3.96
95,"[1, 3, 4]","[3, 4, 4]","[0.58, 0.79, 0.88]","[['A', 'C', 'B', 'D'], ['D', 'B', 'A', 'C'], ['A', 'C', 'D', 'B']]","{'A': 4, 'C': 4, 'D': 4, 'B': 3}","[0.75, 1.0, 1.0]",3.96
95,"[1, 3, 4]","[3, 4, 4]","[0.58, 0.79, 0.88]","[['A', 'C', 'B', 'D'], ['D', 'B', 'A', 'C'], ['A', 'D', 'C', 'B']]","{'A': 4, 'C': 4, 'D': 4, 'B': 3}","[0.75, 1.0, 1.0]",3.96
95,"[1, 3, 4]","[3, 4, 4]","[0.58, 0.79, 0.88]","[['A', 'C', 'B', 'D'], ['D', 'B', 'A', 'C'], ['C', 'A', 'D', 'B']]","{'A': 4, 'C': 4, 'D': 4, 'B': 3}","[0.75, 1.0, 1.0]",3.96
95,"[1, 3, 4]","[3, 4, 4]","[0.58, 0.79, 0.88]","[['A', 'C', 'B', 'D'], ['D', 'B', 'A', 'C'], ['C', 'D', 'A', 'B']]","{'A': 4, 'C': 4, 'D': 4, 'B': 3}","[0.75, 1.0, 1.0]",3.96
95,"[1, 3, 4]","[3, 4, 4]","[0.58, 0.79, 0.88]","[['A', 'C', 'B', 'D'], ['D', 'B', 'A', 'C'], ['D', 'A', 'C', 'B']]","{'A': 4, 'C': 4, 'D': 4, 'B': 3}","[0.75, 1.0, 1.0]",3.96
95,"[1, 3, 4]","[3, 4, 4]","[0.58, 0.79, 0.88]","[['A', 'C', 'B', 'D'], ['D', 'B', 'A', 'C'], ['D', 'C', 'A', 'B']]","{'A': 4, 'C': 4, 'D': 4, 'B': 3}","[0.75, 1.0, 1.0]",3.96
95,"[1, 3, 4]","[3, 4, 4]","[0.58, 0.79, 0.88]","[['A', 'C', 'B', 'D'], ['D', 'C', 'A', 'B'], ['A', 'B', 'D', 'C']]","{'A': 4, 'C': 4, 'D': 4, 'B': 3}","[0.75, 1.0, 1.0]",3.96
95,"[1, 3, 4]","[3, 4, 4]","[0.58, 0.79, 0.88]","[['A', 'C', 'B', 'D'], ['D', 'C', 'A', 'B'], ['A', 'D', 'B', 'C']]","{'A': 4, 'C': 4, 'D': 4, 'B': 3}","[0.75, 1.0, 1.0]",3.96
95,"[1, 3, 4]","[3, 4, 4]","[0.58, 0.79, 0.88]","[['A', 'C', 'B', 'D'], ['D', 'C', 'A', 'B'], ['B', 'A', 'D', 'C']]","{'A': 4, 'C': 4, 'D': 4, 'B': 3}","[0.75, 1.0, 1.0]",3.96
95,"[1, 3, 4]","[3, 4, 4]","[0.58, 0.79, 0.88]","[['A', 'C', 'B', 'D'], ['D', 'C', 'A', 'B'], ['B', 'D', 'A', 'C']]","{'A': 4, 'C': 4, 'D': 4, 'B': 3}","[0.75, 1.0, 1.0]",3.96
95,"[1, 3, 4]","[3, 4, 4]","[0.58, 0.79, 0.88]","[['A', 'C', 'B', 'D'], ['D', 'C', 'A', 'B'], ['D', 'A', 'B', 'C']]","{'A': 4, 'C': 4, 'D': 4, 'B': 3}","[0.75, 1.0, 1.0]",3.96
95,"[1, 3, 4]","[3, 4, 4]","[0.58, 0.79, 0.88]","[['A', 'C', 'B', 'D'], ['D', 'C', 'A', 'B'], ['D', 'B', 'A', 'C']]","{'A': 4, 'C': 4, 'D': 4, 'B': 3}","[0.75, 1.0, 1.0]",3.96
95,"[1, 3, 4]","[3, 4, 4]","[0.58, 0.79, 0.88]","[['A', 'C', 'D', 'B'], ['A', 'B', 'C', 'D'], ['A', 'B', 'D', 'C']]","{'A': 4, 'C': 4, 'D': 4, 'B': 3}","[0.75, 1.0, 1.0]",3.96
95,"[1, 3, 4]","[3, 4, 4]","[0.58, 0.79, 0.88]","[['A', 'C', 'D', 'B'], ['A', 'B', 'C', 'D'], ['A', 'D', 'B', 'C']]","{'A': 4, 'C': 4, 'D': 4, 'B': 3}","[0.75, 1.0, 1.0]",3.96
95,"[1, 3, 4]","[3, 4, 4]","[0.58, 0.79, 0.88]","[['A', 'C', 'D', 'B'], ['A', 'B', 'C', 'D'], ['B', 'A', 'D', 'C']]","{'A': 4, 'C': 4, 'D': 4, 'B': 3}","[0.75, 1.0, 1.0]",3.96
95,"[1, 3, 4]","[3, 4, 4]","[0.58, 0.79, 0.88]","[['A', 'C', 'D', 'B'], ['A', 'B', 'C', 'D'], ['B', 'D', 'A', 'C']]","{'A': 4, 'C': 4, 'D': 4, 'B': 3}","[0.75, 1.0, 1.0]",3.96
95,"[1, 3, 4]","[3, 4, 4]","[0.58, 0.79, 0.88]","[['A', 'C', 'D', 'B'], ['A', 'B', 'C', 'D'], ['D', 'A', 'B', 'C']]","{'A': 4, 'C': 4, 'D': 4, 'B': 3}","[0.75, 1.0, 1.0]",3.96
95,"[1, 3, 4]","[3, 4, 4]","[0.58, 0.79, 0.88]","[['A', 'C', 'D', 'B'], ['A', 'B', 'C', 'D'], ['D', 'B', 'A', 'C']]","{'A': 4, 'C': 4, 'D': 4, 'B': 3}","[0.75, 1.0, 1.0]",3.96
95,"[1, 3, 4]","[3, 4, 4]","[0.58, 0.79, 0.88]","[['A', 'C', 'D', 'B'], ['A', 'B', 'D', 'C'], ['A', 'B', 'C', 'D']]","{'A': 4, 'C': 4, 'D': 4, 'B': 3}","[0.75, 1.0, 1.0]",3.96
95,"[1, 3, 4]","[3, 4, 4]","[0.58, 0.79, 0.88]","[['A', 'C', 'D', 'B'], ['A', 'B', 'D', 'C'], ['A', 'C', 'B', 'D']]","{'A': 4, 'C': 4, 'D': 4, 'B': 3}","[0.75, 1.0, 1.0]",3.96
95,"[1, 3, 4]","[3, 4, 4]","[0.58, 0.79, 0.88]","[['A', 'C', 'D', 'B'], ['A', 'B', 'D', 'C'], ['B', 'A', 'C', 'D']]","{'A': 4, 'C': 4, 'D': 4, 'B': 3}","[0.75, 1.0, 1.0]",3.96
95,"[1, 3, 4]","[3, 4, 4]","[0.58, 0.79, 0.88]","[['A', 'C', 'D', 'B'], ['A', 'B', 'D', 'C'], ['B', 'C', 'A', 'D']]","{'A': 4, 'C': 4, 'D': 4, 'B': 3}","[0.75, 1.0, 1.0]",3.96
95,"[1, 3, 4]","[3, 4, 4]","[0.58, 0.79, 0.88]","[['A', 'C', 'D', 'B'], ['A', 'B', 'D', 'C'], ['C', 'A', 'B', 'D']]","{'A': 4, 'C': 4, 'D': 4, 'B': 3}","[0.75, 1.0, 1.0]",3.96
95,"[1, 3, 4]","[3, 4, 4]","[0.58, 0.79, 0.88]","[['A', 'C', 'D', 'B'], ['A', 'B', 'D', 'C'], ['C', 'B', 'A', 'D']]","{'A': 4, 'C': 4, 'D': 4, 'B': 3}","[0.75, 1.0, 1.0]",3.96
95,"[1, 3, 4]","[3, 4, 4]","[0.58, 0.79, 0.88]","[['A', 'C', 'D', 'B'], ['A', 'C', 'B', 'D'], ['A', 'B', 'D', 'C']]","{'A': 4, 'C': 4, 'D': 4, 'B': 3}","[0.75, 1.0, 1.0]",3.96
95,"[1, 3, 4]","[3, 4, 4]","[0.58, 0.79, 0.88]","[['A', 'C', 'D', 'B'], ['A', 'C', 'B', 'D'], ['A', 'D', 'B', 'C']]","{'A': 4, 'C': 4, 'D': 4, 'B': 3}","[0.75, 1.0, 1.0]",3.96
95,"[1, 3, 4]","[3, 4, 4]","[0.58, 0.79, 0.88]","[['A', 'C', 'D', 'B'], ['A', 'C', 'B', 'D'], ['B', 'A', 'D', 'C']]","{'A': 4, 'C': 4, 'D': 4, 'B': 3}","[0.75, 1.0, 1.0]",3.96
95,"[1, 3, 4]","[3, 4, 4]","[0.58, 0.79, 0.88]","[['A', 'C', 'D', 'B'], ['A', 'C', 'B', 'D'], ['B', 'D', 'A', 'C']]","{'A': 4, 'C': 4, 'D': 4, 'B': 3}","[0.75, 1.0, 1.0]",3.96
95,"[1, 3, 4]","[3, 4, 4]","[0.58, 0.79, 0.88]","[['A', 'C', 'D', 'B'], ['A', 'C', 'B', 'D'], ['D', 'A', 'B', 'C']]","{'A': 4, 'C': 4, 'D': 4, 'B': 3}","[0.75, 1.0, 1.0]",3.96
95,"[1, 3, 4]","[3, 4, 4]","[0.58, 0.79, 0.88]","[['A', 'C', 'D', 'B'], ['A', 'C', 'B', 'D'], ['D', 'B', 'A', 'C']]","{'A': 4, 'C': 4, 'D': 4, 'B': 3}","[0.75, 1.0, 1.0]",3.96
95,"[1, 3, 4]","[3, 4, 4]","[0.58, 0.79, 0.88]","[['A', 'C', 'D', 'B'], ['A', 'D', 'B', 'C'], ['A', 'B', 'C', 'D']]","{'A': 4, 'C': 4, 'D': 4, 'B': 3}","[0.75, 1.0, 1.0]",3.96
95,"[1, 3, 4]","[3, 4, 4]","[0.58, 0.79, 0.88]","[['A', 'C', 'D', 'B'], ['A', 'D', 'B', 'C'], ['A', 'C', 'B', 'D']]","{'A': 4, 'C': 4, 'D': 4, 'B': 3}","[0.75, 1.0, 1.0]",3.96
95,"[1, 3, 4]","[3, 4, 4]","[0.58, 0.79, 0.88]","[['A', 'C', 'D', 'B'], ['A', 'D', 'B', 'C'], ['B', 'A', 'C', 'D']]","{'A': 4, 'C': 4, 'D': 4, 'B': 3}","[0.75, 1.0, 1.0]",3.96
95,"[1, 3, 4]","[3, 4, 4]","[0.58, 0.79, 0.88]","[['A', 'C', 'D', 'B'], ['A', 'D', 'B', 'C'], ['B', 'C', 'A', 'D']]","{'A': 4, 'C': 4, 'D': 4, 'B': 3}","[0.75, 1.0, 1.0]",3.96
95,"[1, 3, 4]","[3, 4, 4]","[0.58, 0.79, 0.88]","[['A', 'C', 'D', 'B'], ['A', 'D', 'B', 'C'], ['C', 'A', 'B', 'D']]","{'A': 4, 'C': 4, 'D': 4, 'B': 3}","[0.75, 1.0, 1.0]",3.96
95,"[1, 3, 4]","[3, 4, 4]","[0.58, 0.79, 0.88]","[['A', 'C', 'D', 'B'], ['A', 'D', 'B', 'C'], ['C', 'B', 'A', 'D']]","{'A': 4, 'C': 4, 'D': 4, 'B': 3}","[0.75, 1.0, 1.0]",3.96
95,"[1, 3, 4]","[3, 4, 4]","[0.58, 0.79, 0.88]","[['A', 'C', 'D', 'B'], ['B', 'A', 'C', 'D'], ['A', 'B', 'D', 'C']]","{'A': 4, 'C': 4, 'D': 4, 'B': 3}","[0.75, 1.0, 1.0]",3.96
95,"[1, 3, 4]","[3, 4, 4]","[0.58, 0.79, 0.88]","[['A', 'C', 'D', 'B'], ['B', 'A', 'C', 'D'], ['A', 'D', 'B', 'C']]","{'A': 4, 'C': 4, 'D': 4, 'B': 3}","[0.75, 1.0, 1.0]",3.96
95,"[1, 3, 4]","[3, 4, 4]","[0.58, 0.79, 0.88]","[['A', 'C', 'D', 'B'], ['B', 'A', 'C', 'D'], ['B', 'A', 'D', 'C']]","{'A': 4, 'C': 4, 'D': 4, 'B': 3}","[0.75, 1.0, 1.0]",3.96
95,"[1, 3, 4]","[3, 4, 4]","[0.58, 0.79, 0.88]","[['A', 'C', 'D', 'B'], ['B', 'A', 'C', 'D'], ['B', 'D', 'A', 'C']]","{'A': 4, 'C': 4, 'D': 4, 'B': 3}","[0.75, 1.0, 1.0]",3.96
95,"[1, 3, 4]","[3, 4, 4]","[0.58, 0.79, 0.88]","[['A', 'C', 'D', 'B'], ['B', 'A', 'C', 'D'], ['D', 'A', 'B', 'C']]","{'A': 4, 'C': 4, 'D': 4, 'B': 3}","[0.75, 1.0, 1.0]",3.96
95,"[1, 3, 4]","[3, 4, 4]","[0.58, 0.79, 0.88]","[['A', 'C', 'D', 'B'], ['B', 'A', 'C', 'D'], ['D', 'B', 'A', 'C']]","{'A': 4, 'C': 4, 'D': 4, 'B': 3}","[0.75, 1.0, 1.0]",3.96
95,"[1, 3, 4]","[3, 4, 4]","[0.58, 0.79, 0.88]","[['A', 'C', 'D', 'B'], ['B', 'A', 'D', 'C'], ['A', 'B', 'C', 'D']]","{'A': 4, 'C': 4, 'D': 4, 'B': 3}","[0.75, 1.0, 1.0]",3.96
95,"[1, 3, 4]","[3, 4, 4]","[0.58, 0.79, 0.88]","[['A', 'C', 'D', 'B'], ['B', 'A', 'D', 'C'], ['A', 'C', 'B', 'D']]","{'A': 4, 'C': 4, 'D': 4, 'B': 3}","[0.75, 1.0, 1.0]",3.96
95,"[1, 3, 4]","[3, 4, 4]","[0.58, 0.79, 0.88]","[['A', 'C', 'D', 'B'], ['B', 'A', 'D', 'C'], ['B', 'A', 'C', 'D']]","{'A': 4, 'C': 4, 'D': 4, 'B': 3}","[0.75, 1.0, 1.0]",3.96
95,"[1, 3, 4]","[3, 4, 4]","[0.58, 0.79, 0.88]","[['A', 'C', 'D', 'B'], ['B', 'A', 'D', 'C'], ['B', 'C', 'A', 'D']]","{'A': 4, 'C': 4, 'D': 4, 'B': 3}","[0.75, 1.0, 1.0]",3.96
95,"[1, 3, 4]","[3, 4, 4]","[0.58, 0.79, 0.88]","[['A', 'C', 'D', 'B'], ['B', 'A', 'D', 'C'], ['C', 'A', 'B', 'D']]","{'A': 4, 'C': 4, 'D': 4, 'B': 3}","[0.75, 1.0, 1.0]",3.96
95,"[1, 3, 4]","[3, 4, 4]","[0.58, 0.79, 0.88]","[['A', 'C', 'D', 'B'], ['B', 'A', 'D', 'C'], ['C', 'B', 'A', 'D']]","{'A': 4, 'C': 4, 'D': 4, 'B': 3}","[0.75, 1.0, 1.0]",3.96
95,"[1, 3, 4]","[3, 4, 4]","[0.58, 0.79, 0.88]","[['A', 'C', 'D', 'B'], ['B', 'C', 'A', 'D'], ['A', 'B', 'D', 'C']]","{'A': 4, 'C': 4, 'D': 4, 'B': 3}","[0.75, 1.0, 1.0]",3.96
95,"[1, 3, 4]","[3, 4, 4]","[0.58, 0.79, 0.88]","[['A', 'C', 'D', 'B'], ['B', 'C', 'A', 'D'], ['A', 'D', 'B', 'C']]","{'A': 4, 'C': 4, 'D': 4, 'B': 3}","[0.75, 1.0, 1.0]",3.96
95,"[1, 3, 4]","[3, 4, 4]","[0.58, 0.79, 0.88]","[['A', 'C', 'D', 'B'], ['B', 'C', 'A', 'D'], ['B', 'A', 'D', 'C']]","{'A': 4, 'C': 4, 'D': 4, 'B': 3}","[0.75, 1.0, 1.0]",3.96
95,"[1, 3, 4]","[3, 4, 4]","[0.58, 0.79, 0.88]","[['A', 'C', 'D', 'B'], ['B', 'C', 'A', 'D'], ['B', 'D', 'A', 'C']]","{'A': 4, 'C': 4, 'D': 4, 'B': 3}","[0.75, 1.0, 1.0]",3.96
95,"[1, 3, 4]","[3, 4, 4]","[0.58, 0.79, 0.88]","[['A', 'C', 'D', 'B'], ['B', 'C', 'A', 'D'], ['D', 'A', 'B', 'C']]","{'A': 4, 'C': 4, 'D': 4, 'B': 3}","[0.75, 1.0, 1.0]",3.96
95,"[1, 3, 4]","[3, 4, 4]","[0.58, 0.79, 0.88]","[['A', 'C', 'D', 'B'], ['B', 'C', 'A', 'D'], ['D', 'B', 'A', 'C']]","{'A': 4, 'C': 4, 'D': 4, 'B': 3}","[0.75, 1.0, 1.0]",3.96
95,"[1, 3, 4]","[3, 4, 4]","[0.58, 0.79, 0.88]","[['A', 'C', 'D', 'B'], ['B', 'D', 'A', 'C'], ['A', 'B', 'C', 'D']]","{'A': 4, 'C': 4, 'D': 4, 'B': 3}","[0.75, 1.0, 1.0]",3.96
95,"[1, 3, 4]","[3, 4, 4]","[0.58, 0.79, 0.88]","[['A', 'C', 'D', 'B'], ['B', 'D', 'A', 'C'], ['A', 'C', 'B', 'D']]","{'A': 4, 'C': 4, 'D': 4, 'B': 3}","[0.75, 1.0, 1.0]",3.96
95,"[1, 3, 4]","[3, 4, 4]","[0.58, 0.79, 0.88]","[['A', 'C', 'D', 'B'], ['B', 'D', 'A', 'C'], ['B', 'A', 'C', 'D']]","{'A': 4, 'C': 4, 'D': 4, 'B': 3}","[0.75, 1.0, 1.0]",3.96
95,"[1, 3, 4]","[3, 4, 4]","[0.58, 0.79, 0.88]","[['A', 'C', 'D', 'B'], ['B', 'D', 'A', 'C'], ['B', 'C', 'A', 'D']]","{'A': 4, 'C': 4, 'D': 4, 'B': 3}","[0.75, 1.0, 1.0]",3.96
95,"[1, 3, 4]","[3, 4, 4]","[0.58, 0.79, 0.88]","[['A', 'C', 'D', 'B'], ['B', 'D', 'A', 'C'], ['C', 'A', 'B', 'D']]","{'A': 4, 'C': 4, 'D': 4, 'B': 3}","[0.75, 1.0, 1.0]",3.96
95,"[1, 3, 4]","[3, 4, 4]","[0.58, 0.79, 0.88]","[['A', 'C', 'D', 'B'], ['B', 'D', 'A', 'C'], ['C', 'B', 'A', 'D']]","{'A': 4, 'C': 4, 'D': 4, 'B': 3}","[0.75, 1.0, 1.0]",3.96
95,"[1, 3, 4]","[3, 4, 4]","[0.58, 0.79, 0.88]","[['A', 'C', 'D', 'B'], ['C', 'A', 'B', 'D'], ['A', 'B', 'D', 'C']]","{'A': 4, 'C': 4, 'D': 4, 'B': 3}","[0.75, 1.0, 1.0]",3.96
95,"[1, 3, 4]","[3, 4, 4]","[0.58, 0.79, 0.88]","[['A', 'C', 'D', 'B'], ['C', 'A', 'B', 'D'], ['A', 'D', 'B', 'C']]","{'A': 4, 'C': 4, 'D': 4, 'B': 3}","[0.75, 1.0, 1.0]",3.96
95,"[1, 3, 4]","[3, 4, 4]","[0.58, 0.79, 0.88]","[['A', 'C', 'D', 'B'], ['C', 'A', 'B', 'D'], ['B', 'A', 'D', 'C']]","{'A': 4, 'C': 4, 'D': 4, 'B': 3}","[0.75, 1.0, 1.0]",3.96
95,"[1, 3, 4]","[3, 4, 4]","[0.58, 0.79, 0.88]","[['A', 'C', 'D', 'B'], ['C', 'A', 'B', 'D'], ['B', 'D', 'A', 'C']]","{'A': 4, 'C': 4, 'D': 4, 'B': 3}","[0.75, 1.0, 1.0]",3.96
95,"[1, 3, 4]","[3, 4, 4]","[0.58, 0.79, 0.88]","[['A', 'C', 'D', 'B'], ['C', 'A', 'B', 'D'], ['D', 'A', 'B', 'C']]","{'A': 4, 'C': 4, 'D': 4, 'B': 3}","[0.75, 1.0, 1.0]",3.96
95,"[1, 3, 4]","[3, 4, 4]","[0.58, 0.79, 0.88]","[['A', 'C', 'D', 'B'], ['C', 'A', 'B', 'D'], ['D', 'B', 'A', 'C']]","{'A': 4, 'C': 4, 'D': 4, 'B': 3}","[0.75, 1.0, 1.0]",3.96
95,"[1, 3, 4]","[3, 4, 4]","[0.58, 0.79, 0.88]","[['A', 'C', 'D', 'B'], ['C', 'B', 'A', 'D'], ['A', 'B', 'D', 'C']]","{'A': 4, 'C': 4, 'D': 4, 'B': 3}","[0.75, 1.0, 1.0]",3.96
95,"[1, 3, 4]","[3, 4, 4]","[0.58, 0.79, 0.88]","[['A', 'C', 'D', 'B'], ['C', 'B', 'A', 'D'], ['A', 'D', 'B', 'C']]","{'A': 4, 'C': 4, 'D': 4, 'B': 3}","[0.75, 1.0, 1.0]",3.96
95,"[1, 3, 4]","[3, 4, 4]","[0.58, 0.79, 0.88]","[['A', 'C', 'D', 'B'], ['C', 'B', 'A', 'D'], ['B', 'A', 'D', 'C']]","{'A': 4, 'C': 4, 'D': 4, 'B': 3}","[0.75, 1.0, 1.0]",3.96
95,"[1, 3, 4]","[3, 4, 4]","[0.58, 0.79, 0.88]","[['A', 'C', 'D', 'B'], ['C', 'B', 'A', 'D'], ['B', 'D', 'A', 'C']]","{'A': 4, 'C': 4, 'D': 4, 'B': 3}","[0.75, 1.0, 1.0]",3.96
95,"[1, 3, 4]","[3, 4, 4]","[0.58, 0.79, 0.88]","[['A', 'C', 'D', 'B'], ['C', 'B', 'A', 'D'], ['D', 'A', 'B', 'C']]","{'A': 4, 'C': 4, 'D': 4, 'B': 3}","[0.75, 1.0, 1.0]",3.96
95,"[1, 3, 4]","[3, 4, 4]","[0.58, 0.79, 0.88]","[['A', 'C', 'D', 'B'], ['C', 'B', 'A', 'D'], ['D', 'B', 'A', 'C']]","{'A': 4, 'C': 4, 'D': 4, 'B': 3}","[0.75, 1.0, 1.0]",3.96
95,"[1, 3, 4]","[3, 4, 4]","[0.58, 0.79, 0.88]","[['A', 'C', 'D', 'B'], ['D', 'A', 'B', 'C'], ['A', 'B', 'C', 'D']]","{'A': 4, 'C': 4, 'D': 4, 'B': 3}","[0.75, 1.0, 1.0]",3.96
95,"[1, 3, 4]","[3, 4, 4]","[0.58, 0.79, 0.88]","[['A', 'C', 'D', 'B'], ['D', 'A', 'B', 'C'], ['A', 'C', 'B', 'D']]","{'A': 4, 'C': 4, 'D': 4, 'B': 3}","[0.75, 1.0, 1.0]",3.96
95,"[1, 3, 4]","[3, 4, 4]","[0.58, 0.79, 0.88]","[['A', 'C', 'D', 'B'], ['D', 'A', 'B', 'C'], ['B', 'A', 'C', 'D']]","{'A': 4, 'C': 4, 'D': 4, 'B': 3}","[0.75, 1.0, 1.0]",3.96
95,"[1, 3, 4]","[3, 4, 4]","[0.58, 0.79, 0.88]","[['A', 'C', 'D', 'B'], ['D', 'A', 'B', 'C'], ['B', 'C', 'A', 'D']]","{'A': 4, 'C': 4, 'D': 4, 'B': 3}","[0.75, 1.0, 1.0]",3.96
95,"[1, 3, 4]","[3, 4, 4]","[0.58, 0.79, 0.88]","[['A', 'C', 'D', 'B'], ['D', 'A', 'B', 'C'], ['C', 'A', 'B', 'D']]","{'A': 4, 'C': 4, 'D': 4, 'B': 3}","[0.75, 1.0, 1.0]",3.96
95,"[1, 3, 4]","[3, 4, 4]","[0.58, 0.79, 0.88]","[['A', 'C', 'D', 'B'], ['D', 'A', 'B', 'C'], ['C', 'B', 'A', 'D']]","{'A': 4, 'C': 4, 'D': 4, 'B': 3}","[0.75, 1.0, 1.0]",3.96
95,"[1, 3, 4]","[3, 4, 4]","[0.58, 0.79, 0.88]","[['A', 'C', 'D', 'B'], ['D', 'B', 'A', 'C'], ['A', 'B', 'C', 'D']]","{'A': 4, 'C': 4, 'D': 4, 'B': 3}","[0.75, 1.0, 1.0]",3.96
95,"[1, 3, 4]","[3, 4, 4]","[0.58, 0.79, 0.88]","[['A', 'C', 'D', 'B'], ['D', 'B', 'A', 'C'], ['A', 'C', 'B', 'D']]","{'A': 4, 'C': 4, 'D': 4, 'B': 3}","[0.75, 1.0, 1.0]",3.96
95,"[1, 3, 4]","[3, 4, 4]","[0.58, 0.79, 0.88]","[['A', 'C', 'D', 'B'], ['D', 'B', 'A', 'C'], ['B', 'A', 'C', 'D']]","{'A': 4, 'C': 4, 'D': 4, 'B': 3}","[0.75, 1.0, 1.0]",3.96
95,"[1, 3, 4]","[3, 4, 4]","[0.58, 0.79, 0.88]","[['A', 'C', 'D', 'B'], ['D', 'B', 'A', 'C'], ['B', 'C', 'A', 'D']]","{'A': 4, 'C': 4, 'D': 4, 'B': 3}","[0.75, 1.0, 1.0]",3.96
95,"[1, 3, 4]","[3, 4, 4]","[0.58, 0.79, 0.88]","[['A', 'C', 'D', 'B'], ['D', 'B', 'A', 'C'], ['C', 'A', 'B', 'D']]","{'A': 4, 'C': 4, 'D': 4, 'B': 3}","[0.75, 1.0, 1.0]",3.96
95,"[1, 3, 4]","[3, 4, 4]","[0.58, 0.79, 0.88]","[['A', 'C', 'D', 'B'], ['D', 'B', 'A', 'C'], ['C', 'B', 'A', 'D']]","{'A': 4, 'C': 4, 'D': 4, 'B': 3}","[0.75, 1.0, 1.0]",3.96
95,"[1, 3, 4]","[3, 4, 4]","[0.58, 0.79, 0.88]","[['A', 'D', 'B', 'C'], ['A', 'B', 'C', 'D'], ['A', 'C', 'D', 'B']]","{'A': 4, 'C': 4, 'D': 4, 'B': 3}","[0.75, 1.0, 1.0]",3.96
95,"[1, 3, 4]","[3, 4, 4]","[0.58, 0.79, 0.88]","[['A', 'D', 'B', 'C'], ['A', 'B', 'C', 'D'], ['A', 'D', 'C', 'B']]","{'A': 4, 'C': 4, 'D': 4, 'B': 3}","[0.75, 1.0, 1.0]",3.96
95,"[1, 3, 4]","[3, 4, 4]","[0.58, 0.79, 0.88]","[['A', 'D', 'B', 'C'], ['A', 'B', 'C', 'D'], ['C', 'A', 'D', 'B']]","{'A': 4, 'C': 4, 'D': 4, 'B': 3}","[0.75, 1.0, 1.0]",3.96
95,"[1, 3, 4]","[3, 4, 4]","[0.58, 0.79, 0.88]","[['A', 'D', 'B', 'C'], ['A', 'B', 'C', 'D'], ['C', 'D', 'A', 'B']]","{'A': 4, 'C': 4, 'D': 4, 'B': 3}","[0.75, 1.0, 1.0]",3.96
95,"[1, 3, 4]","[3, 4, 4]","[0.58, 0.79, 0.88]","[['A', 'D', 'B', 'C'], ['A', 'B', 'C', 'D'], ['D', 'A', 'C', 'B']]","{'A': 4, 'C': 4, 'D': 4, 'B': 3}","[0.75, 1.0, 1.0]",3.96
95,"[1, 3, 4]","[3, 4, 4]","[0.58, 0.79, 0.88]","[['A', 'D', 'B', 'C'], ['A', 'B', 'C', 'D'], ['D', 'C', 'A', 'B']]","{'A': 4, 'C': 4, 'D': 4, 'B': 3}","[0.75, 1.0, 1.0]",3.96
95,"[1, 3, 4]","[3, 4, 4]","[0.58, 0.79, 0.88]","[['A', 'D', 'B', 'C'], ['A', 'C', 'B', 'D'], ['A', 'C', 'D', 'B']]","{'A': 4, 'C': 4, 'D': 4, 'B': 3}","[0.75, 1.0, 1.0]",3.96
95,"[1, 3, 4]","[3, 4, 4]","[0.58, 0.79, 0.88]","[['A', 'D', 'B', 'C'], ['A', 'C', 'B', 'D'], ['A', 'D', 'C', 'B']]","{'A': 4, 'C': 4, 'D': 4, 'B': 3}","[0.75, 1.0, 1.0]",3.96
95,"[1, 3, 4]","[3, 4, 4]","[0.58, 0.79, 0.88]","[['A', 'D', 'B', 'C'], ['A', 'C', 'B', 'D'], ['C', 'A', 'D', 'B']]","{'A': 4, 'C': 4, 'D': 4, 'B': 3}","[0.75, 1.0, 1.0]",3.96
95,"[1, 3, 4]","[3, 4, 4]","[0.58, 0.79, 0.88]","[['A', 'D', 'B', 'C'], ['A', 'C', 'B', 'D'], ['C', 'D', 'A', 'B']]","{'A': 4, 'C': 4, 'D': 4, 'B': 3}","[0.75, 1.0, 1.0]",3.96
95,"[1, 3, 4]","[3, 4, 4]","[0.58, 0.79, 0.88]","[['A', 'D', 'B', 'C'], ['A', 'C', 'B', 'D'], ['D', 'A', 'C', 'B']]","{'A': 4, 'C': 4, 'D': 4, 'B': 3}","[0.75, 1.0, 1.0]",3.96
95,"[1, 3, 4]","[3, 4, 4]","[0.58, 0.79, 0.88]","[['A', 'D', 'B', 'C'], ['A', 'C', 'B', 'D'], ['D', 'C', 'A', 'B']]","{'A': 4, 'C': 4, 'D': 4, 'B': 3}","[0.75, 1.0, 1.0]",3.96
95,"[1, 3, 4]","[3, 4, 4]","[0.58, 0.79, 0.88]","[['A', 'D', 'B', 'C'], ['A', 'C', 'D', 'B'], ['A', 'B', 'C', 'D']]","{'A': 4, 'C': 4, 'D': 4, 'B': 3}","[0.75, 1.0, 1.0]",3.96
95,"[1, 3, 4]","[3, 4, 4]","[0.58, 0.79, 0.88]","[['A', 'D', 'B', 'C'], ['A', 'C', 'D', 'B'], ['A', 'C', 'B', 'D']]","{'A': 4, 'C': 4, 'D': 4, 'B': 3}","[0.75, 1.0, 1.0]",3.96
95,"[1, 3, 4]","[3, 4, 4]","[0.58, 0.79, 0.88]","[['A', 'D', 'B', 'C'], ['A', 'C', 'D', 'B'], ['B', 'A', 'C', 'D']]","{'A': 4, 'C': 4, 'D': 4, 'B': 3}","[0.75, 1.0, 1.0]",3.96
95,"[1, 3, 4]","[3, 4, 4]","[0.58, 0.79, 0.88]","[['A', 'D', 'B', 'C'], ['A', 'C', 'D', 'B'], ['B', 'C', 'A', 'D']]","{'A': 4, 'C': 4, 'D': 4, 'B': 3}","[0.75, 1.0, 1.0]",3.96
95,"[1, 3, 4]","[3, 4, 4]","[0.58, 0.79, 0.88]","[['A', 'D', 'B', 'C'], ['A', 'C', 'D', 'B'], ['C', 'A', 'B', 'D']]","{'A': 4, 'C': 4, 'D': 4, 'B': 3}","[0.75, 1.0, 1.0]",3.96
95,"[1, 3, 4]","[3, 4, 4]","[0.58, 0.79, 0.88]","[['A', 'D', 'B', 'C'], ['A', 'C', 'D', 'B'], ['C', 'B', 'A', 'D']]","{'A': 4, 'C': 4, 'D': 4, 'B': 3}","[0.75, 1.0, 1.0]",3.96
95,"[1, 3, 4]","[3, 4, 4]","[0.58, 0.79, 0.88]","[['A', 'D', 'B', 'C'], ['A', 'D', 'C', 'B'], ['A', 'B', 'C', 'D']]","{'A': 4, 'C': 4, 'D': 4, 'B': 3}","[0.75, 1.0, 1.0]",3.96
95,"[1, 3, 4]","[3, 4, 4]","[0.58, 0.79, 0.88]","[['A', 'D', 'B', 'C'], ['A', 'D', 'C', 'B'], ['A', 'C', 'B', 'D']]","{'A': 4, 'C': 4, 'D': 4, 'B': 3}","[0.75, 1.0, 1.0]",3.96
95,"[1, 3, 4]","[3, 4, 4]","[0.58, 0.79, 0.88]","[['A', 'D', 'B', 'C'], ['A', 'D', 'C', 'B'], ['B', 'A', 'C', 'D']]","{'A': 4, 'C': 4, 'D': 4, 'B': 3}","[0.75, 1.0, 1.0]",3.96
95,"[1, 3, 4]","[3, 4, 4]","[0.58, 0.79, 0.88]","[['A', 'D', 'B', 'C'], ['A', 'D', 'C', 'B'], ['B', 'C', 'A', 'D']]","{'A': 4, 'C': 4, 'D': 4, 'B': 3}","[0.75, 1.0, 1.0]",3.96
95,"[1, 3, 4]","[3, 4, 4]","[0.58, 0.79, 0.88]","[['A', 'D', 'B', 'C'], ['A', 'D', 'C', 'B'], ['C', 'A', 'B', 'D']]","{'A': 4, 'C': 4, 'D': 4, 'B': 3}","[0.75, 1.0, 1.0]",3.96
95,"[1, 3, 4]","[3, 4, 4]","[0.58, 0.79, 0.88]","[['A', 'D', 'B', 'C'], ['A', 'D', 'C', 'B'], ['C', 'B', 'A', 'D']]","{'A': 4, 'C': 4, 'D': 4, 'B': 3}","[0.75, 1.0, 1.0]",3.96
95,"[1, 3, 4]","[3, 4, 4]","[0.58, 0.79, 0.88]","[['A', 'D', 'B', 'C'], ['B', 'A', 'C', 'D'], ['A', 'C', 'D', 'B']]","{'A': 4, 'C': 4, 'D': 4, 'B': 3}","[0.75, 1.0, 1.0]",3.96
95,"[1, 3, 4]","[3, 4, 4]","[0.58, 0.79, 0.88]","[['A', 'D', 'B', 'C'], ['B', 'A', 'C', 'D'], ['A', 'D', 'C', 'B']]","{'A': 4, 'C': 4, 'D': 4, 'B': 3}","[0.75, 1.0, 1.0]",3.96
95,"[1, 3, 4]","[3, 4, 4]","[0.58, 0.79, 0.88]","[['A', 'D', 'B', 'C'], ['B', 'A', 'C', 'D'], ['C', 'A', 'D', 'B']]","{'A': 4, 'C': 4, 'D': 4, 'B': 3}","[0.75, 1.0, 1.0]",3.96
95,"[1, 3, 4]","[3, 4, 4]","[0.58, 0.79, 0.88]","[['A', 'D', 'B', 'C'], ['B', 'A', 'C', 'D'], ['C', 'D', 'A', 'B']]","{'A': 4, 'C': 4, 'D': 4, 'B': 3}","[0.75, 1.0, 1.0]",3.96
95,"[1, 3, 4]","[3, 4, 4]","[0.58, 0.79, 0.88]","[['A', 'D', 'B', 'C'], ['B', 'A', 'C', 'D'], ['D', 'A', 'C', 'B']]","{'A': 4, 'C': 4, 'D': 4, 'B': 3}","[0.75, 1.0, 1.0]",3.96
95,"[1, 3, 4]","[3, 4, 4]","[0.58, 0.79, 0.88]","[['A', 'D', 'B', 'C'], ['B', 'A', 'C', 'D'], ['D', 'C', 'A', 'B']]","{'A': 4, 'C': 4, 'D': 4, 'B': 3}","[0.75, 1.0, 1.0]",3.96
95,"[1, 3, 4]","[3, 4, 4]","[0.58, 0.79, 0.88]","[['A', 'D', 'B', 'C'], ['B', 'C', 'A', 'D'], ['A', 'C', 'D', 'B']]","{'A': 4, 'C': 4, 'D': 4, 'B': 3}","[0.75, 1.0, 1.0]",3.96
95,"[1, 3, 4]","[3, 4, 4]","[0.58, 0.79, 0.88]","[['A', 'D', 'B', 'C'], ['B', 'C', 'A', 'D'], ['A', 'D', 'C', 'B']]","{'A': 4, 'C': 4, 'D': 4, 'B': 3}","[0.75, 1.0, 1.0]",3.96
95,"[1, 3, 4]","[3, 4, 4]","[0.58, 0.79, 0.88]","[['A', 'D', 'B', 'C'], ['B', 'C', 'A', 'D'], ['C', 'A', 'D', 'B']]","{'A': 4, 'C': 4, 'D': 4, 'B': 3}","[0.75, 1.0, 1.0]",3.96
95,"[1, 3, 4]","[3, 4, 4]","[0.58, 0.79, 0.88]","[['A', 'D', 'B', 'C'], ['B', 'C', 'A', 'D'], ['C', 'D', 'A', 'B']]","{'A': 4, 'C': 4, 'D': 4, 'B': 3}","[0.75, 1.0, 1.0]",3.96
95,"[1, 3, 4]","[3, 4, 4]","[0.58, 0.79, 0.88]","[['A', 'D', 'B', 'C'], ['B', 'C', 'A', 'D'], ['D', 'A', 'C', 'B']]","{'A': 4, 'C': 4, 'D': 4, 'B': 3}","[0.75, 1.0, 1.0]",3.96
95,"[1, 3, 4]","[3, 4, 4]","[0.58, 0.79, 0.88]","[['A', 'D', 'B', 'C'], ['B', 'C', 'A', 'D'], ['D', 'C', 'A', 'B']]","{'A': 4, 'C': 4, 'D': 4, 'B': 3}","[0.75, 1.0, 1.0]",3.96
95,"[1, 3, 4]","[3, 4, 4]","[0.58, 0.79, 0.88]","[['A', 'D', 'B', 'C'], ['C', 'A', 'B', 'D'], ['A', 'C', 'D', 'B']]","{'A': 4, 'C': 4, 'D': 4, 'B': 3}","[0.75, 1.0, 1.0]",3.96
95,"[1, 3, 4]","[3, 4, 4]","[0.58, 0.79, 0.88]","[['A', 'D', 'B', 'C'], ['C', 'A', 'B', 'D'], ['A', 'D', 'C', 'B']]","{'A': 4, 'C': 4, 'D': 4, 'B': 3}","[0.75, 1.0, 1.0]",3.96
95,"[1, 3, 4]","[3, 4, 4]","[0.58, 0.79, 0.88]","[['A', 'D', 'B', 'C'], ['C', 'A', 'B', 'D'], ['C', 'A', 'D', 'B']]","{'A': 4, 'C': 4, 'D': 4, 'B': 3}","[0.75, 1.0, 1.0]",3.96
95,"[1, 3, 4]","[3, 4, 4]","[0.58, 0.79, 0.88]","[['A', 'D', 'B', 'C'], ['C', 'A', 'B', 'D'], ['C', 'D', 'A', 'B']]","{'A': 4, 'C': 4, 'D': 4, 'B': 3}","[0.75, 1.0, 1.0]",3.96
95,"[1, 3, 4]","[3, 4, 4]","[0.58, 0.79, 0.88]","[['A', 'D', 'B', 'C'], ['C', 'A', 'B', 'D'], ['D', 'A', 'C', 'B']]","{'A': 4, 'C': 4, 'D': 4, 'B': 3}","[0.75, 1.0, 1.0]",3.96
95,"[1, 3, 4]","[3, 4, 4]","[0.58, 0.79, 0.88]","[['A', 'D', 'B', 'C'], ['C', 'A', 'B', 'D'], ['D', 'C', 'A', 'B']]","{'A': 4, 'C': 4, 'D': 4, 'B': 3}","[0.75, 1.0, 1.0]",3.96
95,"[1, 3, 4]","[3, 4, 4]","[0.58, 0.79, 0.88]","[['A', 'D', 'B', 'C'], ['C', 'A', 'D', 'B'], ['A', 'B', 'C', 'D']]","{'A': 4, 'C': 4, 'D': 4, 'B': 3}","[0.75, 1.0, 1.0]",3.96
95,"[1, 3, 4]","[3, 4, 4]","[0.58, 0.79, 0.88]","[['A', 'D', 'B', 'C'], ['C', 'A', 'D', 'B'], ['A', 'C', 'B', 'D']]","{'A': 4, 'C': 4, 'D': 4, 'B': 3}","[0.75, 1.0, 1.0]",3.96
95,"[1, 3, 4]","[3, 4, 4]","[0.58, 0.79, 0.88]","[['A', 'D', 'B', 'C'], ['C', 'A', 'D', 'B'], ['B', 'A', 'C', 'D']]","{'A': 4, 'C': 4, 'D': 4, 'B': 3}","[0.75, 1.0, 1.0]",3.96
95,"[1, 3, 4]","[3, 4, 4]","[0.58, 0.79, 0.88]","[['A', 'D', 'B', 'C'], ['C', 'A', 'D', 'B'], ['B', 'C', 'A', 'D']]","{'A': 4, 'C': 4, 'D': 4, 'B': 3}","[0.75, 1.0, 1.0]",3.96
95,"[1, 3, 4]","[3, 4, 4]","[0.58, 0.79, 0.88]","[['A', 'D', 'B', 'C'], ['C', 'A', 'D', 'B'], ['C', 'A', 'B', 'D']]","{'A': 4, 'C': 4, 'D': 4, 'B': 3}","[0.75, 1.0, 1.0]",3.96
95,"[1, 3, 4]","[3, 4, 4]","[0.58, 0.79, 0.88]","[['A', 'D', 'B', 'C'], ['C', 'A', 'D', 'B'], ['C', 'B', 'A', 'D']]","{'A': 4, 'C': 4, 'D': 4, 'B': 3}","[0.75, 1.0, 1.0]",3.96
95,"[1, 3, 4]","[3, 4, 4]","[0.58, 0.79, 0.88]","[['A', 'D', 'B', 'C'], ['C', 'B', 'A', 'D'], ['A', 'C', 'D', 'B']]","{'A': 4, 'C': 4, 'D': 4, 'B': 3}","[0.75, 1.0, 1.0]",3.96
95,"[1, 3, 4]","[3, 4, 4]","[0.58, 0.79, 0.88]","[['A', 'D', 'B', 'C'], ['C', 'B', 'A', 'D'], ['A', 'D', 'C', 'B']]","{'A': 4, 'C': 4, 'D': 4, 'B': 3}","[0.75, 1.0, 1.0]",3.96
95,"[1, 3, 4]","[3, 4, 4]","[0.58, 0.79, 0.88]","[['A', 'D', 'B', 'C'], ['C', 'B', 'A', 'D'], ['C', 'A', 'D', 'B']]","{'A': 4, 'C': 4, 'D': 4, 'B': 3}","[0.75, 1.0, 1.0]",3.96
95,"[1, 3, 4]","[3, 4, 4]","[0.58, 0.79, 0.88]","[['A', 'D', 'B', 'C'], ['C', 'B', 'A', 'D'], ['C', 'D', 'A', 'B']]","{'A': 4, 'C': 4, 'D': 4, 'B': 3}","[0.75, 1.0, 1.0]",3.96
95,"[1, 3, 4]","[3, 4, 4]","[0.58, 0.79, 0.88]","[['A', 'D', 'B', 'C'], ['C', 'B', 'A', 'D'], ['D', 'A', 'C', 'B']]","{'A': 4, 'C': 4, 'D': 4, 'B': 3}","[0.75, 1.0, 1.0]",3.96
95,"[1, 3, 4]","[3, 4, 4]","[0.58, 0.79, 0.88]","[['A', 'D', 'B', 'C'], ['C', 'B', 'A', 'D'], ['D', 'C', 'A', 'B']]","{'A': 4, 'C': 4, 'D': 4, 'B': 3}","[0.75, 1.0, 1.0]",3.96
95,"[1, 3, 4]","[3, 4, 4]","[0.58, 0.79, 0.88]","[['A', 'D', 'B', 'C'], ['C', 'D', 'A', 'B'], ['A', 'B', 'C', 'D']]","{'A': 4, 'C': 4, 'D': 4, 'B': 3}","[0.75, 1.0, 1.0]",3.96
95,"[1, 3, 4]","[3, 4, 4]","[0.58, 0.79, 0.88]","[['A', 'D', 'B', 'C'], ['C', 'D', 'A', 'B'], ['A', 'C', 'B', 'D']]","{'A': 4, 'C': 4, 'D': 4, 'B': 3}","[0.75, 1.0, 1.0]",3.96
95,"[1, 3, 4]","[3, 4, 4]","[0.58, 0.79, 0.88]","[['A', 'D', 'B', 'C'], ['C', 'D', 'A', 'B'], ['B', 'A', 'C', 'D']]","{'A': 4, 'C': 4, 'D': 4, 'B': 3}","[0.75, 1.0, 1.0]",3.96
95,"[1, 3, 4]","[3, 4, 4]","[0.58, 0.79, 0.88]","[['A', 'D', 'B', 'C'], ['C', 'D', 'A', 'B'], ['B', 'C', 'A', 'D']]","{'A': 4, 'C': 4, 'D': 4, 'B': 3}","[0.75, 1.0, 1.0]",3.96
95,"[1, 3, 4]","[3, 4, 4]","[0.58, 0.79, 0.88]","[['A', 'D', 'B', 'C'], ['C', 'D', 'A', 'B'], ['C', 'A', 'B', 'D']]","{'A': 4, 'C': 4, 'D': 4, 'B': 3}","[0.75, 1.0, 1.0]",3.96
95,"[1, 3, 4]","[3, 4, 4]","[0.58, 0.79, 0.88]","[['A', 'D', 'B', 'C'], ['C', 'D', 'A', 'B'], ['C', 'B', 'A', 'D']]","{'A': 4, 'C': 4, 'D': 4, 'B': 3}","[0.75, 1.0, 1.0]",3.96
95,"[1, 3, 4]","[3, 4, 4]","[0.58, 0.79, 0.88]","[['A', 'D', 'B', 'C'], ['D', 'A', 'C', 'B'], ['A', 'B', 'C', 'D']]","{'A': 4, 'C': 4, 'D': 4, 'B': 3}","[0.75, 1.0, 1.0]",3.96
95,"[1, 3, 4]","[3, 4, 4]","[0.58, 0.79, 0.88]","[['A', 'D', 'B', 'C'], ['D', 'A', 'C', 'B'], ['A', 'C', 'B', 'D']]","{'A': 4, 'C': 4, 'D': 4, 'B': 3}","[0.75, 1.0, 1.0]",3.96
95,"[1, 3, 4]","[3, 4, 4]","[0.58, 0.79, 0.88]","[['A', 'D', 'B', 'C'], ['D', 'A', 'C', 'B'], ['B', 'A', 'C', 'D']]","{'A': 4, 'C': 4, 'D': 4, 'B': 3}","[0.75, 1.0, 1.0]",3.96
95,"[1, 3, 4]","[3, 4, 4]","[0.58, 0.79, 0.88]","[['A', 'D', 'B', 'C'], ['D', 'A', 'C', 'B'], ['B', 'C', 'A', 'D']]","{'A': 4, 'C': 4, 'D': 4, 'B': 3}","[0.75, 1.0, 1.0]",3.96
95,"[1, 3, 4]","[3, 4, 4]","[0.58, 0.79, 0.88]","[['A', 'D', 'B', 'C'], ['D', 'A', 'C', 'B'], ['C', 'A', 'B', 'D']]","{'A': 4, 'C': 4, 'D': 4, 'B': 3}","[0.75, 1.0, 1.0]",3.96
95,"[1, 3, 4]","[3, 4, 4]","[0.58, 0.79, 0.88]","[['A', 'D', 'B', 'C'], ['D', 'A', 'C', 'B'], ['C', 'B', 'A', 'D']]","{'A': 4, 'C': 4, 'D': 4, 'B': 3}","[0.75, 1.0, 1.0]",3.96
95,"[1, 3, 4]","[3, 4, 4]","[0.58, 0.79, 0.88]","[['A', 'D', 'B', 'C'], ['D', 'C', 'A', 'B'], ['A', 'B', 'C', 'D']]","{'A': 4, 'C': 4, 'D': 4, 'B': 3}","[0.75, 1.0, 1.0]",3.96
95,"[1, 3, 4]","[3, 4, 4]","[0.58, 0.79, 0.88]","[['A', 'D', 'B', 'C'], ['D', 'C', 'A', 'B'], ['A', 'C', 'B', 'D']]","{'A': 4, 'C': 4, 'D': 4, 'B': 3}","[0.75, 1.0, 1.0]",3.96
95,"[1, 3, 4]","[3, 4, 4]","[0.58, 0.79, 0.88]","[['A', 'D', 'B', 'C'], ['D', 'C', 'A', 'B'], ['B', 'A', 'C', 'D']]","{'A': 4, 'C': 4, 'D': 4, 'B': 3}","[0.75, 1.0, 1.0]",3.96
95,"[1, 3, 4]","[3, 4, 4]","[0.58, 0.79, 0.88]","[['A', 'D', 'B', 'C'], ['D', 'C', 'A', 'B'], ['B', 'C', 'A', 'D']]","{'A': 4, 'C': 4, 'D': 4, 'B': 3}","[0.75, 1.0, 1.0]",3.96
95,"[1, 3, 4]","[3, 4, 4]","[0.58, 0.79, 0.88]","[['A', 'D', 'B', 'C'], ['D', 'C', 'A', 'B'], ['C', 'A', 'B', 'D']]","{'A': 4, 'C': 4, 'D': 4, 'B': 3}","[0.75, 1.0, 1.0]",3.96
95,"[1, 3, 4]","[3, 4, 4]","[0.58, 0.79, 0.88]","[['A', 'D', 'B', 'C'], ['D', 'C', 'A', 'B'], ['C', 'B', 'A', 'D']]","{'A': 4, 'C': 4, 'D': 4, 'B': 3}","[0.75, 1.0, 1.0]",3.96
95,"[1, 3, 4]","[3, 4, 4]","[0.58, 0.79, 0.88]","[['A', 'D', 'C', 'B'], ['A', 'B', 'C', 'D'], ['A', 'B', 'D', 'C']]","{'A': 4, 'C': 4, 'D': 4, 'B': 3}","[0.75, 1.0, 1.0]",3.96
95,"[1, 3, 4]","[3, 4, 4]","[0.58, 0.79, 0.88]","[['A', 'D', 'C', 'B'], ['A', 'B', 'C', 'D'], ['A', 'D', 'B', 'C']]","{'A': 4, 'C': 4, 'D': 4, 'B': 3}","[0.75, 1.0, 1.0]",3.96
95,"[1, 3, 4]","[3, 4, 4]","[0.58, 0.79, 0.88]","[['A', 'D', 'C', 'B'], ['A', 'B', 'C', 'D'], ['B', 'A', 'D', 'C']]","{'A': 4, 'C': 4, 'D': 4, 'B': 3}","[0.75, 1.0, 1.0]",3.96
95,"[1, 3, 4]","[3, 4, 4]","[0.58, 0.79, 0.88]","[['A', 'D', 'C', 'B'], ['A', 'B', 'C', 'D'], ['B', 'D', 'A', 'C']]","{'A': 4, 'C': 4, 'D': 4, 'B': 3}","[0.75, 1.0, 1.0]",3.96
95,"[1, 3, 4]","[3, 4, 4]","[0.58, 0.79, 0.88]","[['A', 'D', 'C', 'B'], ['A', 'B', 'C', 'D'], ['D', 'A', 'B', 'C']]","{'A': 4, 'C': 4, 'D': 4, 'B': 3}","[0.75, 1.0, 1.0]",3.96
95,"[1, 3, 4]","[3, 4, 4]","[0.58, 0.79, 0.88]","[['A', 'D', 'C', 'B'], ['A', 'B', 'C', 'D'], ['D', 'B', 'A', 'C']]","{'A': 4, 'C': 4, 'D': 4, 'B': 3}","[0.75, 1.0, 1.0]",3.96
95,"[1, 3, 4]","[3, 4, 4]","[0.58, 0.79, 0.88]","[['A', 'D', 'C', 'B'], ['A', 'B', 'D', 'C'], ['A', 'B', 'C', 'D']]","{'A': 4, 'C': 4, 'D': 4, 'B': 3}","[0.75, 1.0, 1.0]",3.96
95,"[1, 3, 4]","[3, 4, 4]","[0.58, 0.79, 0.88]","[['A', 'D', 'C', 'B'], ['A', 'B', 'D', 'C'], ['A', 'C', 'B', 'D']]","{'A': 4, 'C': 4, 'D': 4, 'B': 3}","[0.75, 1.0, 1.0]",3.96
95,"[1, 3, 4]","[3, 4, 4]","[0.58, 0.79, 0.88]","[['A', 'D', 'C', 'B'], ['A', 'B', 'D', 'C'], ['B', 'A', 'C', 'D']]","{'A': 4, 'C': 4, 'D': 4, 'B': 3}","[0.75, 1.0, 1.0]",3.96
95,"[1, 3, 4]","[3, 4, 4]","[0.58, 0.79, 0.88]","[['A', 'D', 'C', 'B'], ['A', 'B', 'D', 'C'], ['B', 'C', 'A', 'D']]","{'A': 4, 'C': 4, 'D': 4, 'B': 3}","[0.75, 1.0, 1.0]",3.96
95,"[1, 3, 4]","[3, 4, 4]","[0.58, 0.79, 0.88]","[['A', 'D', 'C', 'B'], ['A', 'B', 'D', 'C'], ['C', 'A', 'B', 'D']]","{'A': 4, 'C': 4, 'D': 4, 'B': 3}","[0.75, 1.0, 1.0]",3.96
95,"[1, 3, 4]","[3, 4, 4]","[0.58, 0.79, 0.88]","[['A', 'D', 'C', 'B'], ['A', 'B', 'D', 'C'], ['C', 'B', 'A', 'D']]","{'A': 4, 'C': 4, 'D': 4, 'B': 3}","[0.75, 1.0, 1.0]",3.96
95,"[1, 3, 4]","[3, 4, 4]","[0.58, 0.79, 0.88]","[['A', 'D', 'C', 'B'], ['A', 'C', 'B', 'D'], ['A', 'B', 'D', 'C']]","{'A': 4, 'C': 4, 'D': 4, 'B': 3}","[0.75, 1.0, 1.0]",3.96
95,"[1, 3, 4]","[3, 4, 4]","[0.58, 0.79, 0.88]","[['A', 'D', 'C', 'B'], ['A', 'C', 'B', 'D'], ['A', 'D', 'B', 'C']]","{'A': 4, 'C': 4, 'D': 4, 'B': 3}","[0.75, 1.0, 1.0]",3.96
95,"[1, 3, 4]","[3, 4, 4]","[0.58, 0.79, 0.88]","[['A', 'D', 'C', 'B'], ['A', 'C', 'B', 'D'], ['B', 'A', 'D', 'C']]","{'A': 4, 'C': 4, 'D': 4, 'B': 3}","[0.75, 1.0, 1.0]",3.96
95,"[1, 3, 4]","[3, 4, 4]","[0.58, 0.79, 0.88]","[['A', 'D', 'C', 'B'], ['A', 'C', 'B', 'D'], ['B', 'D', 'A', 'C']]","{'A': 4, 'C': 4, 'D': 4, 'B': 3}","[0.75, 1.0, 1.0]",3.96
95,"[1, 3, 4]","[3, 4, 4]","[0.58, 0.79, 0.88]","[['A', 'D', 'C', 'B'], ['A', 'C', 'B', 'D'], ['D', 'A', 'B', 'C']]","{'A': 4, 'C': 4, 'D': 4, 'B': 3}","[0.75, 1.0, 1.0]",3.96
95,"[1, 3, 4]","[3, 4, 4]","[0.58, 0.79, 0.88]","[['A', 'D', 'C', 'B'], ['A', 'C', 'B', 'D'], ['D', 'B', 'A', 'C']]","{'A': 4, 'C': 4, 'D': 4, 'B': 3}","[0.75, 1.0, 1.0]",3.96
95,"[1, 3, 4]","[3, 4, 4]","[0.58, 0.79, 0.88]","[['A', 'D', 'C', 'B'], ['A', 'D', 'B', 'C'], ['A', 'B', 'C', 'D']]","{'A': 4, 'C': 4, 'D': 4, 'B': 3}","[0.75, 1.0, 1.0]",3.96
95,"[1, 3, 4]","[3, 4, 4]","[0.58, 0.79, 0.88]","[['A', 'D', 'C', 'B'], ['A', 'D', 'B', 'C'], ['A', 'C', 'B', 'D']]","{'A': 4, 'C': 4, 'D': 4, 'B': 3}","[0.75, 1.0, 1.0]",3.96
95,"[1, 3, 4]","[3, 4, 4]","[0.58, 0.79, 0.88]","[['A', 'D', 'C', 'B'], ['A', 'D', 'B', 'C'], ['B', 'A', 'C', 'D']]","{'A': 4, 'C': 4, 'D': 4, 'B': 3}","[0.75, 1.0, 1.0]",3.96
95,"[1, 3, 4]","[3, 4, 4]","[0.58, 0.79, 0.88]","[['A', 'D', 'C', 'B'], ['A', 'D', 'B', 'C'], ['B', 'C', 'A', 'D']]","{'A': 4, 'C': 4, 'D': 4, 'B': 3}","[0.75, 1.0, 1.0]",3.96
95,"[1, 3, 4]","[3, 4, 4]","[0.58, 0.79, 0.88]","[['A', 'D', 'C', 'B'], ['A', 'D', 'B', 'C'], ['C', 'A', 'B', 'D']]","{'A': 4, 'C': 4, 'D': 4, 'B': 3}","[0.75, 1.0, 1.0]",3.96
95,"[1, 3, 4]","[3, 4, 4]","[0.58, 0.79, 0.88]","[['A', 'D', 'C', 'B'], ['A', 'D', 'B', 'C'], ['C', 'B', 'A', 'D']]","{'A': 4, 'C': 4, 'D': 4, 'B': 3}","[0.75, 1.0, 1.0]",3.96
95,"[1, 3, 4]","[3, 4, 4]","[0.58, 0.79, 0.88]","[['A', 'D', 'C', 'B'], ['B', 'A', 'C', 'D'], ['A', 'B', 'D', 'C']]","{'A': 4, 'C': 4, 'D': 4, 'B': 3}","[0.75, 1.0, 1.0]",3.96
95,"[1, 3, 4]","[3, 4, 4]","[0.58, 0.79, 0.88]","[['A', 'D', 'C', 'B'], ['B', 'A', 'C', 'D'], ['A', 'D', 'B', 'C']]","{'A': 4, 'C': 4, 'D': 4, 'B': 3}","[0.75, 1.0, 1.0]",3.96
95,"[1, 3, 4]","[3, 4, 4]","[0.58, 0.79, 0.88]","[['A', 'D', 'C', 'B'], ['B', 'A', 'C', 'D'], ['B', 'A', 'D', 'C']]","{'A': 4, 'C': 4, 'D': 4, 'B': 3}","[0.75, 1.0, 1.0]",3.96
95,"[1, 3, 4]","[3, 4, 4]","[0.58, 0.79, 0.88]","[['A', 'D', 'C', 'B'], ['B', 'A', 'C', 'D'], ['B', 'D', 'A', 'C']]","{'A': 4, 'C': 4, 'D': 4, 'B': 3}","[0.75, 1.0, 1.0]",3.96
95,"[1, 3, 4]","[3, 4, 4]","[0.58, 0.79, 0.88]","[['A', 'D', 'C', 'B'], ['B', 'A', 'C', 'D'], ['D', 'A', 'B', 'C']]","{'A': 4, 'C': 4, 'D': 4, 'B': 3}","[0.75, 1.0, 1.0]",3.96
95,"[1, 3, 4]","[3, 4, 4]","[0.58, 0.79, 0.88]","[['A', 'D', 'C', 'B'], ['B', 'A', 'C', 'D'], ['D', 'B', 'A', 'C']]","{'A': 4, 'C': 4, 'D': 4, 'B': 3}","[0.75, 1.0, 1.0]",3.96
95,"[1, 3, 4]","[3, 4, 4]","[0.58, 0.79, 0.88]","[['A', 'D', 'C', 'B'], ['B', 'A', 'D', 'C'], ['A', 'B', 'C', 'D']]","{'A': 4, 'C': 4, 'D': 4, 'B': 3}","[0.75, 1.0, 1.0]",3.96
95,"[1, 3, 4]","[3, 4, 4]","[0.58, 0.79, 0.88]","[['A', 'D', 'C', 'B'], ['B', 'A', 'D', 'C'], ['A', 'C', 'B', 'D']]","{'A': 4, 'C': 4, 'D': 4, 'B': 3}","[0.75, 1.0, 1.0]",3.96
95,"[1, 3, 4]","[3, 4, 4]","[0.58, 0.79, 0.88]","[['A', 'D', 'C', 'B'], ['B', 'A', 'D', 'C'], ['B', 'A', 'C', 'D']]","{'A': 4, 'C': 4, 'D': 4, 'B': 3}","[0.75, 1.0, 1.0]",3.96
95,"[1, 3, 4]","[3, 4, 4]","[0.58, 0.79, 0.88]","[['A', 'D', 'C', 'B'], ['B', 'A', 'D', 'C'], ['B', 'C', 'A', 'D']]","{'A': 4, 'C': 4, 'D': 4, 'B': 3}","[0.75, 1.0, 1.0]",3.96
95,"[1, 3, 4]","[3, 4, 4]","[0.58, 0.79, 0.88]","[['A', 'D', 'C', 'B'], ['B', 'A', 'D', 'C'], ['C', 'A', 'B', 'D']]","{'A': 4, 'C': 4, 'D': 4, 'B': 3}","[0.75, 1.0, 1.0]",3.96
95,"[1, 3, 4]","[3, 4, 4]","[0.58, 0.79, 0.88]","[['A', 'D', 'C', 'B'], ['B', 'A', 'D', 'C'], ['C', 'B', 'A', 'D']]","{'A': 4, 'C': 4, 'D': 4, 'B': 3}","[0.75, 1.0, 1.0]",3.96
95,"[1, 3, 4]","[3, 4, 4]","[0.58, 0.79, 0.88]","[['A', 'D', 'C', 'B'], ['B', 'C', 'A', 'D'], ['A', 'B', 'D', 'C']]","{'A': 4, 'C': 4, 'D': 4, 'B': 3}","[0.75, 1.0, 1.0]",3.96
95,"[1, 3, 4]","[3, 4, 4]","[0.58, 0.79, 0.88]","[['A', 'D', 'C', 'B'], ['B', 'C', 'A', 'D'], ['A', 'D', 'B', 'C']]","{'A': 4, 'C': 4, 'D': 4, 'B': 3}","[0.75, 1.0, 1.0]",3.96
95,"[1, 3, 4]","[3, 4, 4]","[0.58, 0.79, 0.88]","[['A', 'D', 'C', 'B'], ['B', 'C', 'A', 'D'], ['B', 'A', 'D', 'C']]","{'A': 4, 'C': 4, 'D': 4, 'B': 3}","[0.75, 1.0, 1.0]",3.96
95,"[1, 3, 4]","[3, 4, 4]","[0.58, 0.79, 0.88]","[['A', 'D', 'C', 'B'], ['B', 'C', 'A', 'D'], ['B', 'D', 'A', 'C']]","{'A': 4, 'C': 4, 'D': 4, 'B': 3}","[0.75, 1.0, 1.0]",3.96
95,"[1, 3, 4]","[3, 4, 4]","[0.58, 0.79, 0.88]","[['A', 'D', 'C', 'B'], ['B', 'C', 'A', 'D'], ['D', 'A', 'B', 'C']]","{'A': 4, 'C': 4, 'D': 4, 'B': 3}","[0.75, 1.0, 1.0]",3.96
95,"[1, 3, 4]","[3, 4, 4]","[0.58, 0.79, 0.88]","[['A', 'D', 'C', 'B'], ['B', 'C', 'A', 'D'], ['D', 'B', 'A', 'C']]","{'A': 4, 'C': 4, 'D': 4, 'B': 3}","[0.75, 1.0, 1.0]",3.96
95,"[1, 3, 4]","[3, 4, 4]","[0.58, 0.79, 0.88]","[['A', 'D', 'C', 'B'], ['B', 'D', 'A', 'C'], ['A', 'B', 'C', 'D']]","{'A': 4, 'C': 4, 'D': 4, 'B': 3}","[0.75, 1.0, 1.0]",3.96
95,"[1, 3, 4]","[3, 4, 4]","[0.58, 0.79, 0.88]","[['A', 'D', 'C', 'B'], ['B', 'D', 'A', 'C'], ['A', 'C', 'B', 'D']]","{'A': 4, 'C': 4, 'D': 4, 'B': 3}","[0.75, 1.0, 1.0]",3.96
95,"[1, 3, 4]","[3, 4, 4]","[0.58, 0.79, 0.88]","[['A', 'D', 'C', 'B'], ['B', 'D', 'A', 'C'], ['B', 'A', 'C', 'D']]","{'A': 4, 'C': 4, 'D': 4, 'B': 3}","[0.75, 1.0, 1.0]",3.96
95,"[1, 3, 4]","[3, 4, 4]","[0.58, 0.79, 0.88]","[['A', 'D', 'C', 'B'], ['B', 'D', 'A', 'C'], ['B', 'C', 'A', 'D']]","{'A': 4, 'C': 4, 'D': 4, 'B': 3}","[0.75, 1.0, 1.0]",3.96
95,"[1, 3, 4]","[3, 4, 4]","[0.58, 0.79, 0.88]","[['A', 'D', 'C', 'B'], ['B', 'D', 'A', 'C'], ['C', 'A', 'B', 'D']]","{'A': 4, 'C': 4, 'D': 4, 'B': 3}","[0.75, 1.0, 1.0]",3.96
95,"[1, 3, 4]","[3, 4, 4]","[0.58, 0.79, 0.88]","[['A', 'D', 'C', 'B'], ['B', 'D', 'A', 'C'], ['C', 'B', 'A', 'D']]","{'A': 4, 'C': 4, 'D': 4, 'B': 3}","[0.75, 1.0, 1.0]",3.96
95,"[1, 3, 4]","[3, 4, 4]","[0.58, 0.79, 0.88]","[['A', 'D', 'C', 'B'], ['C', 'A', 'B', 'D'], ['A', 'B', 'D', 'C']]","{'A': 4, 'C': 4, 'D': 4, 'B': 3}","[0.75, 1.0, 1.0]",3.96
95,"[1, 3, 4]","[3, 4, 4]","[0.58, 0.79, 0.88]","[['A', 'D', 'C', 'B'], ['C', 'A', 'B', 'D'], ['A', 'D', 'B', 'C']]","{'A': 4, 'C': 4, 'D': 4, 'B': 3}","[0.75, 1.0, 1.0]",3.96
95,"[1, 3, 4]","[3, 4, 4]","[0.58, 0.79, 0.88]","[['A', 'D', 'C', 'B'], ['C', 'A', 'B', 'D'], ['B', 'A', 'D', 'C']]","{'A': 4, 'C': 4, 'D': 4, 'B': 3}","[0.75, 1.0, 1.0]",3.96
95,"[1, 3, 4]","[3, 4, 4]","[0.58, 0.79, 0.88]","[['A', 'D', 'C', 'B'], ['C', 'A', 'B', 'D'], ['B', 'D', 'A', 'C']]","{'A': 4, 'C': 4, 'D': 4, 'B': 3}","[0.75, 1.0, 1.0]",3.96
95,"[1, 3, 4]","[3, 4, 4]","[0.58, 0.79, 0.88]","[['A', 'D', 'C', 'B'], ['C', 'A', 'B', 'D'], ['D', 'A', 'B', 'C']]","{'A': 4, 'C': 4, 'D': 4, 'B': 3}","[0.75, 1.0, 1.0]",3.96
95,"[1, 3, 4]","[3, 4, 4]","[0.58, 0.79, 0.88]","[['A', 'D', 'C', 'B'], ['C', 'A', 'B', 'D'], ['D', 'B', 'A', 'C']]","{'A': 4, 'C': 4, 'D': 4, 'B': 3}","[0.75, 1.0, 1.0]",3.96
95,"[1, 3, 4]","[3, 4, 4]","[0.58, 0.79, 0.88]","[['A', 'D', 'C', 'B'], ['C', 'B', 'A', 'D'], ['A', 'B', 'D', 'C']]","{'A': 4, 'C': 4, 'D': 4, 'B': 3}","[0.75, 1.0, 1.0]",3.96
95,"[1, 3, 4]","[3, 4, 4]","[0.58, 0.79, 0.88]","[['A', 'D', 'C', 'B'], ['C', 'B', 'A', 'D'], ['A', 'D', 'B', 'C']]","{'A': 4, 'C': 4, 'D': 4, 'B': 3}","[0.75, 1.0, 1.0]",3.96
95,"[1, 3, 4]","[3, 4, 4]","[0.58, 0.79, 0.88]","[['A', 'D', 'C', 'B'], ['C', 'B', 'A', 'D'], ['B', 'A', 'D', 'C']]","{'A': 4, 'C': 4, 'D': 4, 'B': 3}","[0.75, 1.0, 1.0]",3.96
95,"[1, 3, 4]","[3, 4, 4]","[0.58, 0.79, 0.88]","[['A', 'D', 'C', 'B'], ['C', 'B', 'A', 'D'], ['B', 'D', 'A', 'C']]","{'A': 4, 'C': 4, 'D': 4, 'B': 3}","[0.75, 1.0, 1.0]",3.96
95,"[1, 3, 4]","[3, 4, 4]","[0.58, 0.79, 0.88]","[['A', 'D', 'C', 'B'], ['C', 'B', 'A', 'D'], ['D', 'A', 'B', 'C']]","{'A': 4, 'C': 4, 'D': 4, 'B': 3}","[0.75, 1.0, 1.0]",3.96
95,"[1, 3, 4]","[3, 4, 4]","[0.58, 0.79, 0.88]","[['A', 'D', 'C', 'B'], ['C', 'B', 'A', 'D'], ['D', 'B', 'A', 'C']]","{'A': 4, 'C': 4, 'D': 4, 'B': 3}","[0.75, 1.0, 1.0]",3.96
95,"[1, 3, 4]","[3, 4, 4]","[0.58, 0.79, 0.88]","[['A', 'D', 'C', 'B'], ['D', 'A', 'B', 'C'], ['A', 'B', 'C', 'D']]","{'A': 4, 'C': 4, 'D': 4, 'B': 3}","[0.75, 1.0, 1.0]",3.96
95,"[1, 3, 4]","[3, 4, 4]","[0.58, 0.79, 0.88]","[['A', 'D', 'C', 'B'], ['D', 'A', 'B', 'C'], ['A', 'C', 'B', 'D']]","{'A': 4, 'C': 4, 'D': 4, 'B': 3}","[0.75, 1.0, 1.0]",3.96
95,"[1, 3, 4]","[3, 4, 4]","[0.58, 0.79, 0.88]","[['A', 'D', 'C', 'B'], ['D', 'A', 'B', 'C'], ['B', 'A', 'C', 'D']]","{'A': 4, 'C': 4, 'D': 4, 'B': 3}","[0.75, 1.0, 1.0]",3.96
95,"[1, 3, 4]","[3, 4, 4]","[0.58, 0.79, 0.88]","[['A', 'D', 'C', 'B'], ['D', 'A', 'B', 'C'], ['B', 'C', 'A', 'D']]","{'A': 4, 'C': 4, 'D': 4, 'B': 3}","[0.75, 1.0, 1.0]",3.96
95,"[1, 3, 4]","[3, 4, 4]","[0.58, 0.79, 0.88]","[['A', 'D', 'C', 'B'], ['D', 'A', 'B', 'C'], ['C', 'A', 'B', 'D']]","{'A': 4, 'C': 4, 'D': 4, 'B': 3}","[0.75, 1.0, 1.0]",3.96
95,"[1, 3, 4]","[3, 4, 4]","[0.58, 0.79, 0.88]","[['A', 'D', 'C', 'B'], ['D', 'A', 'B', 'C'], ['C', 'B', 'A', 'D']]","{'A': 4, 'C': 4, 'D': 4, 'B': 3}","[0.75, 1.0, 1.0]",3.96
95,"[1, 3, 4]","[3, 4, 4]","[0.58, 0.79, 0.88]","[['A', 'D', 'C', 'B'], ['D', 'B', 'A', 'C'], ['A', 'B', 'C', 'D']]","{'A': 4, 'C': 4, 'D': 4, 'B': 3}","[0.75, 1.0, 1.0]",3.96
95,"[1, 3, 4]","[3, 4, 4]","[0.58, 0.79, 0.88]","[['A', 'D', 'C', 'B'], ['D', 'B', 'A', 'C'], ['A', 'C', 'B', 'D']]","{'A': 4, 'C': 4, 'D': 4, 'B': 3}","[0.75, 1.0, 1.0]",3.96
95,"[1, 3, 4]","[3, 4, 4]","[0.58, 0.79, 0.88]","[['A', 'D', 'C', 'B'], ['D', 'B', 'A', 'C'], ['B', 'A', 'C', 'D']]","{'A': 4, 'C': 4, 'D': 4, 'B': 3}","[0.75, 1.0, 1.0]",3.96
95,"[1, 3, 4]","[3, 4, 4]","[0.58, 0.79, 0.88]","[['A', 'D', 'C', 'B'], ['D', 'B', 'A', 'C'], ['B', 'C', 'A', 'D']]","{'A': 4, 'C': 4, 'D': 4, 'B': 3}","[0.75, 1.0, 1.0]",3.96
95,"[1, 3, 4]","[3, 4, 4]","[0.58, 0.79, 0.88]","[['A', 'D', 'C', 'B'], ['D', 'B', 'A', 'C'], ['C', 'A', 'B', 'D']]","{'A': 4, 'C': 4, 'D': 4, 'B': 3}","[0.75, 1.0, 1.0]",3.96
95,"[1, 3, 4]","[3, 4, 4]","[0.58, 0.79, 0.88]","[['A', 'D', 'C', 'B'], ['D', 'B', 'A', 'C'], ['C', 'B', 'A', 'D']]","{'A': 4, 'C': 4, 'D': 4, 'B': 3}","[0.75, 1.0, 1.0]",3.96
95,"[1, 3, 4]","[3, 4, 4]","[0.58, 0.79, 0.88]","[['B', 'A', 'C', 'D'], ['A', 'B', 'D', 'C'], ['A', 'C', 'D', 'B']]","{'A': 4, 'C': 4, 'D': 4, 'B': 3}","[0.75, 1.0, 1.0]",3.96
95,"[1, 3, 4]","[3, 4, 4]","[0.58, 0.79, 0.88]","[['B', 'A', 'C', 'D'], ['A', 'B', 'D', 'C'], ['A', 'D', 'C', 'B']]","{'A': 4, 'C': 4, 'D': 4, 'B': 3}","[0.75, 1.0, 1.0]",3.96
95,"[1, 3, 4]","[3, 4, 4]","[0.58, 0.79, 0.88]","[['B', 'A', 'C', 'D'], ['A', 'B', 'D', 'C'], ['C', 'A', 'D', 'B']]","{'A': 4, 'C': 4, 'D': 4, 'B': 3}","[0.75, 1.0, 1.0]",3.96
95,"[1, 3, 4]","[3, 4, 4]","[0.58, 0.79, 0.88]","[['B', 'A', 'C', 'D'], ['A', 'B', 'D', 'C'], ['C', 'D', 'A', 'B']]","{'A': 4, 'C': 4, 'D': 4, 'B': 3}","[0.75, 1.0, 1.0]",3.96
95,"[1, 3, 4]","[3, 4, 4]","[0.58, 0.79, 0.88]","[['B', 'A', 'C', 'D'], ['A', 'B', 'D', 'C'], ['D', 'A', 'C', 'B']]","{'A': 4, 'C': 4, 'D': 4, 'B': 3}","[0.75, 1.0, 1.0]",3.96
95,"[1, 3, 4]","[3, 4, 4]","[0.58, 0.79, 0.88]","[['B', 'A', 'C', 'D'], ['A', 'B', 'D', 'C'], ['D', 'C', 'A', 'B']]","{'A': 4, 'C': 4, 'D': 4, 'B': 3}","[0.75, 1.0, 1.0]",3.96
95,"[1, 3, 4]","[3, 4, 4]","[0.58, 0.79, 0.88]","[['B', 'A', 'C', 'D'], ['A', 'C', 'D', 'B'], ['A', 'B', 'D', 'C']]","{'A': 4, 'C': 4, 'D': 4, 'B': 3}","[0.75, 1.0, 1.0]",3.96
95,"[1, 3, 4]","[3, 4, 4]","[0.58, 0.79, 0.88]","[['B', 'A', 'C', 'D'], ['A', 'C', 'D', 'B'], ['A', 'D', 'B', 'C']]","{'A': 4, 'C': 4, 'D': 4, 'B': 3}","[0.75, 1.0, 1.0]",3.96
95,"[1, 3, 4]","[3, 4, 4]","[0.58, 0.79, 0.88]","[['B', 'A', 'C', 'D'], ['A', 'C', 'D', 'B'], ['B', 'A', 'D', 'C']]","{'A': 4, 'C': 4, 'D': 4, 'B': 3}","[0.75, 1.0, 1.0]",3.96
95,"[1, 3, 4]","[3, 4, 4]","[0.58, 0.79, 0.88]","[['B', 'A', 'C', 'D'], ['A', 'C', 'D', 'B'], ['B', 'D', 'A', 'C']]","{'A': 4, 'C': 4, 'D': 4, 'B': 3}","[0.75, 1.0, 1.0]",3.96
95,"[1, 3, 4]","[3, 4, 4]","[0.58, 0.79, 0.88]","[['B', 'A', 'C', 'D'], ['A', 'C', 'D', 'B'], ['D', 'A', 'B', 'C']]","{'A': 4, 'C': 4, 'D': 4, 'B': 3}","[0.75, 1.0, 1.0]",3.96
95,"[1, 3, 4]","[3, 4, 4]","[0.58, 0.79, 0.88]","[['B', 'A', 'C', 'D'], ['A', 'C', 'D', 'B'], ['D', 'B', 'A', 'C']]","{'A': 4, 'C': 4, 'D': 4, 'B': 3}","[0.75, 1.0, 1.0]",3.96
95,"[1, 3, 4]","[3, 4, 4]","[0.58, 0.79, 0.88]","[['B', 'A', 'C', 'D'], ['A', 'D', 'B', 'C'], ['A', 'C', 'D', 'B']]","{'A': 4, 'C': 4, 'D': 4, 'B': 3}","[0.75, 1.0, 1.0]",3.96
95,"[1, 3, 4]","[3, 4, 4]","[0.58, 0.79, 0.88]","[['B', 'A', 'C', 'D'], ['A', 'D', 'B', 'C'], ['A', 'D', 'C', 'B']]","{'A': 4, 'C': 4, 'D': 4, 'B': 3}","[0.75, 1.0, 1.0]",3.96
95,"[1, 3, 4]","[3, 4, 4]","[0.58, 0.79, 0.88]","[['B', 'A', 'C', 'D'], ['A', 'D', 'B', 'C'], ['C', 'A', 'D', 'B']]","{'A': 4, 'C': 4, 'D': 4, 'B': 3}","[0.75, 1.0, 1.0]",3.96
95,"[1, 3, 4]","[3, 4, 4]","[0.58, 0.79, 0.88]","[['B', 'A', 'C', 'D'], ['A', 'D', 'B', 'C'], ['C', 'D', 'A', 'B']]","{'A': 4, 'C': 4, 'D': 4, 'B': 3}","[0.75, 1.0, 1.0]",3.96
95,"[1, 3, 4]","[3, 4, 4]","[0.58, 0.79, 0.88]","[['B', 'A', 'C', 'D'], ['A', 'D', 'B', 'C'], ['D', 'A', 'C', 'B']]","{'A': 4, 'C': 4, 'D': 4, 'B': 3}","[0.75, 1.0, 1.0]",3.96
95,"[1, 3, 4]","[3, 4, 4]","[0.58, 0.79, 0.88]","[['B', 'A', 'C', 'D'], ['A', 'D', 'B', 'C'], ['D', 'C', 'A', 'B']]","{'A': 4, 'C': 4, 'D': 4, 'B': 3}","[0.75, 1.0, 1.0]",3.96
95,"[1, 3, 4]","[3, 4, 4]","[0.58, 0.79, 0.88]","[['B', 'A', 'C', 'D'], ['A', 'D', 'C', 'B'], ['A', 'B', 'D', 'C']]","{'A': 4, 'C': 4, 'D': 4, 'B': 3}","[0.75, 1.0, 1.0]",3.96
95,"[1, 3, 4]","[3, 4, 4]","[0.58, 0.79, 0.88]","[['B', 'A', 'C', 'D'], ['A', 'D', 'C', 'B'], ['A', 'D', 'B', 'C']]","{'A': 4, 'C': 4, 'D': 4, 'B': 3}","[0.75, 1.0, 1.0]",3.96
95,"[1, 3, 4]","[3, 4, 4]","[0.58, 0.79, 0.88]","[['B', 'A', 'C', 'D'], ['A', 'D', 'C', 'B'], ['B', 'A', 'D', 'C']]","{'A': 4, 'C': 4, 'D': 4, 'B': 3}","[0.75, 1.0, 1.0]",3.96
95,"[1, 3, 4]","[3, 4, 4]","[0.58, 0.79, 0.88]","[['B', 'A', 'C', 'D'], ['A', 'D', 'C', 'B'], ['B', 'D', 'A', 'C']]","{'A': 4, 'C': 4, 'D': 4, 'B': 3}","[0.75, 1.0, 1.0]",3.96
95,"[1, 3, 4]","[3, 4, 4]","[0.58, 0.79, 0.88]","[['B', 'A', 'C', 'D'], ['A', 'D', 'C', 'B'], ['D', 'A', 'B', 'C']]","{'A': 4, 'C': 4, 'D': 4, 'B': 3}","[0.75, 1.0, 1.0]",3.96
95,"[1, 3, 4]","[3, 4, 4]","[0.58, 0.79, 0.88]","[['B', 'A', 'C', 'D'], ['A', 'D', 'C', 'B'], ['D', 'B', 'A', 'C']]","{'A': 4, 'C': 4, 'D': 4, 'B': 3}","[0.75, 1.0, 1.0]",3.96
95,"[1, 3, 4]","[3, 4, 4]","[0.58, 0.79, 0.88]","[['B', 'A', 'C', 'D'], ['B', 'A', 'D', 'C'], ['A', 'C', 'D', 'B']]","{'A': 4, 'C': 4, 'D': 4, 'B': 3}","[0.75, 1.0, 1.0]",3.96
95,"[1, 3, 4]","[3, 4, 4]","[0.58, 0.79, 0.88]","[['B', 'A', 'C', 'D'], ['B', 'A', 'D', 'C'], ['A', 'D', 'C', 'B']]","{'A': 4, 'C': 4, 'D': 4, 'B': 3}","[0.75, 1.0, 1.0]",3.96
95,"[1, 3, 4]","[3, 4, 4]","[0.58, 0.79, 0.88]","[['B', 'A', 'C', 'D'], ['B', 'A', 'D', 'C'], ['C', 'A', 'D', 'B']]","{'A': 4, 'C': 4, 'D': 4, 'B': 3}","[0.75, 1.0, 1.0]",3.96
95,"[1, 3, 4]","[3, 4, 4]","[0.58, 0.79, 0.88]","[['B', 'A', 'C', 'D'], ['B', 'A', 'D', 'C'], ['C', 'D', 'A', 'B']]","{'A': 4, 'C': 4, 'D': 4, 'B': 3}","[0.75, 1.0, 1.0]",3.96
95,"[1, 3, 4]","[3, 4, 4]","[0.58, 0.79, 0.88]","[['B', 'A', 'C', 'D'], ['B', 'A', 'D', 'C'], ['D', 'A', 'C', 'B']]","{'A': 4, 'C': 4, 'D': 4, 'B': 3}","[0.75, 1.0, 1.0]",3.96
95,"[1, 3, 4]","[3, 4, 4]","[0.58, 0.79, 0.88]","[['B', 'A', 'C', 'D'], ['B', 'A', 'D', 'C'], ['D', 'C', 'A', 'B']]","{'A': 4, 'C': 4, 'D': 4, 'B': 3}","[0.75, 1.0, 1.0]",3.96
95,"[1, 3, 4]","[3, 4, 4]","[0.58, 0.79, 0.88]","[['B', 'A', 'C', 'D'], ['B', 'D', 'A', 'C'], ['A', 'C', 'D', 'B']]","{'A': 4, 'C': 4, 'D': 4, 'B': 3}","[0.75, 1.0, 1.0]",3.96
95,"[1, 3, 4]","[3, 4, 4]","[0.58, 0.79, 0.88]","[['B', 'A', 'C', 'D'], ['B', 'D', 'A', 'C'], ['A', 'D', 'C', 'B']]","{'A': 4, 'C': 4, 'D': 4, 'B': 3}","[0.75, 1.0, 1.0]",3.96
95,"[1, 3, 4]","[3, 4, 4]","[0.58, 0.79, 0.88]","[['B', 'A', 'C', 'D'], ['B', 'D', 'A', 'C'], ['C', 'A', 'D', 'B']]","{'A': 4, 'C': 4, 'D': 4, 'B': 3}","[0.75, 1.0, 1.0]",3.96
95,"[1, 3, 4]","[3, 4, 4]","[0.58, 0.79, 0.88]","[['B', 'A', 'C', 'D'], ['B', 'D', 'A', 'C'], ['C', 'D', 'A', 'B']]","{'A': 4, 'C': 4, 'D': 4, 'B': 3}","[0.75, 1.0, 1.0]",3.96
95,"[1, 3, 4]","[3, 4, 4]","[0.58, 0.79, 0.88]","[['B', 'A', 'C', 'D'], ['B', 'D', 'A', 'C'], ['D', 'A', 'C', 'B']]","{'A': 4, 'C': 4, 'D': 4, 'B': 3}","[0.75, 1.0, 1.0]",3.96
95,"[1, 3, 4]","[3, 4, 4]","[0.58, 0.79, 0.88]","[['B', 'A', 'C', 'D'], ['B', 'D', 'A', 'C'], ['D', 'C', 'A', 'B']]","{'A': 4, 'C': 4, 'D': 4, 'B': 3}","[0.75, 1.0, 1.0]",3.96
95,"[1, 3, 4]","[3, 4, 4]","[0.58, 0.79, 0.88]","[['B', 'A', 'C', 'D'], ['C', 'A', 'D', 'B'], ['A', 'B', 'D', 'C']]","{'A': 4, 'C': 4, 'D': 4, 'B': 3}","[0.75, 1.0, 1.0]",3.96
95,"[1, 3, 4]","[3, 4, 4]","[0.58, 0.79, 0.88]","[['B', 'A', 'C', 'D'], ['C', 'A', 'D', 'B'], ['A', 'D', 'B', 'C']]","{'A': 4, 'C': 4, 'D': 4, 'B': 3}","[0.75, 1.0, 1.0]",3.96
95,"[1, 3, 4]","[3, 4, 4]","[0.58, 0.79, 0.88]","[['B', 'A', 'C', 'D'], ['C', 'A', 'D', 'B'], ['B', 'A', 'D', 'C']]","{'A': 4, 'C': 4, 'D': 4, 'B': 3}","[0.75, 1.0, 1.0]",3.96
95,"[1, 3, 4]","[3, 4, 4]","[0.58, 0.79, 0.88]","[['B', 'A', 'C', 'D'], ['C', 'A', 'D', 'B'], ['B', 'D', 'A', 'C']]","{'A': 4, 'C': 4, 'D': 4, 'B': 3}","[0.75, 1.0, 1.0]",3.96
95,"[1, 3, 4]","[3, 4, 4]","[0.58, 0.79, 0.88]","[['B', 'A', 'C', 'D'], ['C', 'A', 'D', 'B'], ['D', 'A', 'B', 'C']]","{'A': 4, 'C': 4, 'D': 4, 'B': 3}","[0.75, 1.0, 1.0]",3.96
95,"[1, 3, 4]","[3, 4, 4]","[0.58, 0.79, 0.88]","[['B', 'A', 'C', 'D'], ['C', 'A', 'D', 'B'], ['D', 'B', 'A', 'C']]","{'A': 4, 'C': 4, 'D': 4, 'B': 3}","[0.75, 1.0, 1.0]",3.96
95,"[1, 3, 4]","[3, 4, 4]","[0.58, 0.79, 0.88]","[['B', 'A', 'C', 'D'], ['C', 'D', 'A', 'B'], ['A', 'B', 'D', 'C']]","{'A': 4, 'C': 4, 'D': 4, 'B': 3}","[0.75, 1.0, 1.0]",3.96
95,"[1, 3, 4]","[3, 4, 4]","[0.58, 0.79, 0.88]","[['B', 'A', 'C', 'D'], ['C', 'D', 'A', 'B'], ['A', 'D', 'B', 'C']]","{'A': 4, 'C': 4, 'D': 4, 'B': 3}","[0.75, 1.0, 1.0]",3.96
95,"[1, 3, 4]","[3, 4, 4]","[0.58, 0.79, 0.88]","[['B', 'A', 'C', 'D'], ['C', 'D', 'A', 'B'], ['B', 'A', 'D', 'C']]","{'A': 4, 'C': 4, 'D': 4, 'B': 3}","[0.75, 1.0, 1.0]",3.96
95,"[1, 3, 4]","[3, 4, 4]","[0.58, 0.79, 0.88]","[['B', 'A', 'C', 'D'], ['C', 'D', 'A', 'B'], ['B', 'D', 'A', 'C']]","{'A': 4, 'C': 4, 'D': 4, 'B': 3}","[0.75, 1.0, 1.0]",3.96
95,"[1, 3, 4]","[3, 4, 4]","[0.58, 0.79, 0.88]","[['B', 'A', 'C', 'D'], ['C', 'D', 'A', 'B'], ['D', 'A', 'B', 'C']]","{'A': 4, 'C': 4, 'D': 4, 'B': 3}","[0.75, 1.0, 1.0]",3.96
95,"[1, 3, 4]","[3, 4, 4]","[0.58, 0.79, 0.88]","[['B', 'A', 'C', 'D'], ['C', 'D', 'A', 'B'], ['D', 'B', 'A', 'C']]","{'A': 4, 'C': 4, 'D': 4, 'B': 3}","[0.75, 1.0, 1.0]",3.96
95,"[1, 3, 4]","[3, 4, 4]","[0.58, 0.79, 0.88]","[['B', 'A', 'C', 'D'], ['D', 'A', 'B', 'C'], ['A', 'C', 'D', 'B']]","{'A': 4, 'C': 4, 'D': 4, 'B': 3}","[0.75, 1.0, 1.0]",3.96
95,"[1, 3, 4]","[3, 4, 4]","[0.58, 0.79, 0.88]","[['B', 'A', 'C', 'D'], ['D', 'A', 'B', 'C'], ['A', 'D', 'C', 'B']]","{'A': 4, 'C': 4, 'D': 4, 'B': 3}","[0.75, 1.0, 1.0]",3.96
95,"[1, 3, 4]","[3, 4, 4]","[0.58, 0.79, 0.88]","[['B', 'A', 'C', 'D'], ['D', 'A', 'B', 'C'], ['C', 'A', 'D', 'B']]","{'A': 4, 'C': 4, 'D': 4, 'B': 3}","[0.75, 1.0, 1.0]",3.96
95,"[1, 3, 4]","[3, 4, 4]","[0.58, 0.79, 0.88]","[['B', 'A', 'C', 'D'], ['D', 'A', 'B', 'C'], ['C', 'D', 'A', 'B']]","{'A': 4, 'C': 4, 'D': 4, 'B': 3}","[0.75, 1.0, 1.0]",3.96
95,"[1, 3, 4]","[3, 4, 4]","[0.58, 0.79, 0.88]","[['B', 'A', 'C', 'D'], ['D', 'A', 'B', 'C'], ['D', 'A', 'C', 'B']]","{'A': 4, 'C': 4, 'D': 4, 'B': 3}","[0.75, 1.0, 1.0]",3.96
95,"[1, 3, 4]","[3, 4, 4]","[0.58, 0.79, 0.88]","[['B', 'A', 'C', 'D'], ['D', 'A', 'B', 'C'], ['D', 'C', 'A', 'B']]","{'A': 4, 'C': 4, 'D': 4, 'B': 3}","[0.75, 1.0, 1.0]",3.96
95,"[1, 3, 4]","[3, 4, 4]","[0.58, 0.79, 0.88]","[['B', 'A', 'C', 'D'], ['D', 'A', 'C', 'B'], ['A', 'B', 'D', 'C']]","{'A': 4, 'C': 4, 'D': 4, 'B': 3}","[0.75, 1.0, 1.0]",3.96
95,"[1, 3, 4]","[3, 4, 4]","[0.58, 0.79, 0.88]","[['B', 'A', 'C', 'D'], ['D', 'A', 'C', 'B'], ['A', 'D', 'B', 'C']]","{'A': 4, 'C': 4, 'D': 4, 'B': 3}","[0.75, 1.0, 1.0]",3.96
95,"[1, 3, 4]","[3, 4, 4]","[0.58, 0.79, 0.88]","[['B', 'A', 'C', 'D'], ['D', 'A', 'C', 'B'], ['B', 'A', 'D', 'C']]","{'A': 4, 'C': 4, 'D': 4, 'B': 3}","[0.75, 1.0, 1.0]",3.96
95,"[1, 3, 4]","[3, 4, 4]","[0.58, 0.79, 0.88]","[['B', 'A', 'C', 'D'], ['D', 'A', 'C', 'B'], ['B', 'D', 'A', 'C']]","{'A': 4, 'C': 4, 'D': 4, 'B': 3}","[0.75, 1.0, 1.0]",3.96
95,"[1, 3, 4]","[3, 4, 4]","[0.58, 0.79, 0.88]","[['B', 'A', 'C', 'D'], ['D', 'A', 'C', 'B'], ['D', 'A', 'B', 'C']]","{'A': 4, 'C': 4, 'D': 4, 'B': 3}","[0.75, 1.0, 1.0]",3.96
95,"[1, 3, 4]","[3, 4, 4]","[0.58, 0.79, 0.88]","[['B', 'A', 'C', 'D'], ['D', 'A', 'C', 'B'], ['D', 'B', 'A', 'C']]","{'A': 4, 'C': 4, 'D': 4, 'B': 3}","[0.75, 1.0, 1.0]",3.96
95,"[1, 3, 4]","[3, 4, 4]","[0.58, 0.79, 0.88]","[['B', 'A', 'C', 'D'], ['D', 'B', 'A', 'C'], ['A', 'C', 'D', 'B']]","{'A': 4, 'C': 4, 'D': 4, 'B': 3}","[0.75, 1.0, 1.0]",3.96
95,"[1, 3, 4]","[3, 4, 4]","[0.58, 0.79, 0.88]","[['B', 'A', 'C', 'D'], ['D', 'B', 'A', 'C'], ['A', 'D', 'C', 'B']]","{'A': 4, 'C': 4, 'D': 4, 'B': 3}","[0.75, 1.0, 1.0]",3.96
95,"[1, 3, 4]","[3, 4, 4]","[0.58, 0.79, 0.88]","[['B', 'A', 'C', 'D'], ['D', 'B', 'A', 'C'], ['C', 'A', 'D', 'B']]","{'A': 4, 'C': 4, 'D': 4, 'B': 3}","[0.75, 1.0, 1.0]",3.96
95,"[1, 3, 4]","[3, 4, 4]","[0.58, 0.79, 0.88]","[['B', 'A', 'C', 'D'], ['D', 'B', 'A', 'C'], ['C', 'D', 'A', 'B']]","{'A': 4, 'C': 4, 'D': 4, 'B': 3}","[0.75, 1.0, 1.0]",3.96
95,"[1, 3, 4]","[3, 4, 4]","[0.58, 0.79, 0.88]","[['B', 'A', 'C', 'D'], ['D', 'B', 'A', 'C'], ['D', 'A', 'C', 'B']]","{'A': 4, 'C': 4, 'D': 4, 'B': 3}","[0.75, 1.0, 1.0]",3.96
95,"[1, 3, 4]","[3, 4, 4]","[0.58, 0.79, 0.88]","[['B', 'A', 'C', 'D'], ['D', 'B', 'A', 'C'], ['D', 'C', 'A', 'B']]","{'A': 4, 'C': 4, 'D': 4, 'B': 3}","[0.75, 1.0, 1.0]",3.96
95,"[1, 3, 4]","[3, 4, 4]","[0.58, 0.79, 0.88]","[['B', 'A', 'C', 'D'], ['D', 'C', 'A', 'B'], ['A', 'B', 'D', 'C']]","{'A': 4, 'C': 4, 'D': 4, 'B': 3}","[0.75, 1.0, 1.0]",3.96
95,"[1, 3, 4]","[3, 4, 4]","[0.58, 0.79, 0.88]","[['B', 'A', 'C', 'D'], ['D', 'C', 'A', 'B'], ['A', 'D', 'B', 'C']]","{'A': 4, 'C': 4, 'D': 4, 'B': 3}","[0.75, 1.0, 1.0]",3.96
95,"[1, 3, 4]","[3, 4, 4]","[0.58, 0.79, 0.88]","[['B', 'A', 'C', 'D'], ['D', 'C', 'A', 'B'], ['B', 'A', 'D', 'C']]","{'A': 4, 'C': 4, 'D': 4, 'B': 3}","[0.75, 1.0, 1.0]",3.96
95,"[1, 3, 4]","[3, 4, 4]","[0.58, 0.79, 0.88]","[['B', 'A', 'C', 'D'], ['D', 'C', 'A', 'B'], ['B', 'D', 'A', 'C']]","{'A': 4, 'C': 4, 'D': 4, 'B': 3}","[0.75, 1.0, 1.0]",3.96
95,"[1, 3, 4]","[3, 4, 4]","[0.58, 0.79, 0.88]","[['B', 'A', 'C', 'D'], ['D', 'C', 'A', 'B'], ['D', 'A', 'B', 'C']]","{'A': 4, 'C': 4, 'D': 4, 'B': 3}","[0.75, 1.0, 1.0]",3.96
95,"[1, 3, 4]","[3, 4, 4]","[0.58, 0.79, 0.88]","[['B', 'A', 'C', 'D'], ['D', 'C', 'A', 'B'], ['D', 'B', 'A', 'C']]","{'A': 4, 'C': 4, 'D': 4, 'B': 3}","[0.75, 1.0, 1.0]",3.96
95,"[1, 3, 4]","[3, 4, 4]","[0.58, 0.79, 0.88]","[['B', 'A', 'D', 'C'], ['A', 'B', 'C', 'D'], ['A', 'C', 'D', 'B']]","{'A': 4, 'C': 4, 'D': 4, 'B': 3}","[0.75, 1.0, 1.0]",3.96
95,"[1, 3, 4]","[3, 4, 4]","[0.58, 0.79, 0.88]","[['B', 'A', 'D', 'C'], ['A', 'B', 'C', 'D'], ['A', 'D', 'C', 'B']]","{'A': 4, 'C': 4, 'D': 4, 'B': 3}","[0.75, 1.0, 1.0]",3.96
95,"[1, 3, 4]","[3, 4, 4]","[0.58, 0.79, 0.88]","[['B', 'A', 'D', 'C'], ['A', 'B', 'C', 'D'], ['C', 'A', 'D', 'B']]","{'A': 4, 'C': 4, 'D': 4, 'B': 3}","[0.75, 1.0, 1.0]",3.96
95,"[1, 3, 4]","[3, 4, 4]","[0.58, 0.79, 0.88]","[['B', 'A', 'D', 'C'], ['A', 'B', 'C', 'D'], ['C', 'D', 'A', 'B']]","{'A': 4, 'C': 4, 'D': 4, 'B': 3}","[0.75, 1.0, 1.0]",3.96
95,"[1, 3, 4]","[3, 4, 4]","[0.58, 0.79, 0.88]","[['B', 'A', 'D', 'C'], ['A', 'B', 'C', 'D'], ['D', 'A', 'C', 'B']]","{'A': 4, 'C': 4, 'D': 4, 'B': 3}","[0.75, 1.0, 1.0]",3.96
95,"[1, 3, 4]","[3, 4, 4]","[0.58, 0.79, 0.88]","[['B', 'A', 'D', 'C'], ['A', 'B', 'C', 'D'], ['D', 'C', 'A', 'B']]","{'A': 4, 'C': 4, 'D': 4, 'B': 3}","[0.75, 1.0, 1.0]",3.96
95,"[1, 3, 4]","[3, 4, 4]","[0.58, 0.79, 0.88]","[['B', 'A', 'D', 'C'], ['A', 'C', 'B', 'D'], ['A', 'C', 'D', 'B']]","{'A': 4, 'C': 4, 'D': 4, 'B': 3}","[0.75, 1.0, 1.0]",3.96
95,"[1, 3, 4]","[3, 4, 4]","[0.58, 0.79, 0.88]","[['B', 'A', 'D', 'C'], ['A', 'C', 'B', 'D'], ['A', 'D', 'C', 'B']]","{'A': 4, 'C': 4, 'D': 4, 'B': 3}","[0.75, 1.0, 1.0]",3.96
95,"[1, 3, 4]","[3, 4, 4]","[0.58, 0.79, 0.88]","[['B', 'A', 'D', 'C'], ['A', 'C', 'B', 'D'], ['C', 'A', 'D', 'B']]","{'A': 4, 'C': 4, 'D': 4, 'B': 3}","[0.75, 1.0, 1.0]",3.96
95,"[1, 3, 4]","[3, 4, 4]","[0.58, 0.79, 0.88]","[['B', 'A', 'D', 'C'], ['A', 'C', 'B', 'D'], ['C', 'D', 'A', 'B']]","{'A': 4, 'C': 4, 'D': 4, 'B': 3}","[0.75, 1.0, 1.0]",3.96
95,"[1, 3, 4]","[3, 4, 4]","[0.58, 0.79, 0.88]","[['B', 'A', 'D', 'C'], ['A', 'C', 'B', 'D'], ['D', 'A', 'C', 'B']]","{'A': 4, 'C': 4, 'D': 4, 'B': 3}","[0.75, 1.0, 1.0]",3.96
95,"[1, 3, 4]","[3, 4, 4]","[0.58, 0.79, 0.88]","[['B', 'A', 'D', 'C'], ['A', 'C', 'B', 'D'], ['D', 'C', 'A', 'B']]","{'A': 4, 'C': 4, 'D': 4, 'B': 3}","[0.75, 1.0, 1.0]",3.96
95,"[1, 3, 4]","[3, 4, 4]","[0.58, 0.79, 0.88]","[['B', 'A', 'D', 'C'], ['A', 'C', 'D', 'B'], ['A', 'B', 'C', 'D']]","{'A': 4, 'C': 4, 'D': 4, 'B': 3}","[0.75, 1.0, 1.0]",3.96
95,"[1, 3, 4]","[3, 4, 4]","[0.58, 0.79, 0.88]","[['B', 'A', 'D', 'C'], ['A', 'C', 'D', 'B'], ['A', 'C', 'B', 'D']]","{'A': 4, 'C': 4, 'D': 4, 'B': 3}","[0.75, 1.0, 1.0]",3.96
95,"[1, 3, 4]","[3, 4, 4]","[0.58, 0.79, 0.88]","[['B', 'A', 'D', 'C'], ['A', 'C', 'D', 'B'], ['B', 'A', 'C', 'D']]","{'A': 4, 'C': 4, 'D': 4, 'B': 3}","[0.75, 1.0, 1.0]",3.96
95,"[1, 3, 4]","[3, 4, 4]","[0.58, 0.79, 0.88]","[['B', 'A', 'D', 'C'], ['A', 'C', 'D', 'B'], ['B', 'C', 'A', 'D']]","{'A': 4, 'C': 4, 'D': 4, 'B': 3}","[0.75, 1.0, 1.0]",3.96
95,"[1, 3, 4]","[3, 4, 4]","[0.58, 0.79, 0.88]","[['B', 'A', 'D', 'C'], ['A', 'C', 'D', 'B'], ['C', 'A', 'B', 'D']]","{'A': 4, 'C': 4, 'D': 4, 'B': 3}","[0.75, 1.0, 1.0]",3.96
95,"[1, 3, 4]","[3, 4, 4]","[0.58, 0.79, 0.88]","[['B', 'A', 'D', 'C'], ['A', 'C', 'D', 'B'], ['C', 'B', 'A', 'D']]","{'A': 4, 'C': 4, 'D': 4, 'B': 3}","[0.75, 1.0, 1.0]",3.96
95,"[1, 3, 4]","[3, 4, 4]","[0.58, 0.79, 0.88]","[['B', 'A', 'D', 'C'], ['A', 'D', 'C', 'B'], ['A', 'B', 'C', 'D']]","{'A': 4, 'C': 4, 'D': 4, 'B': 3}","[0.75, 1.0, 1.0]",3.96
95,"[1, 3, 4]","[3, 4, 4]","[0.58, 0.79, 0.88]","[['B', 'A', 'D', 'C'], ['A', 'D', 'C', 'B'], ['A', 'C', 'B', 'D']]","{'A': 4, 'C': 4, 'D': 4, 'B': 3}","[0.75, 1.0, 1.0]",3.96
95,"[1, 3, 4]","[3, 4, 4]","[0.58, 0.79, 0.88]","[['B', 'A', 'D', 'C'], ['A', 'D', 'C', 'B'], ['B', 'A', 'C', 'D']]","{'A': 4, 'C': 4, 'D': 4, 'B': 3}","[0.75, 1.0, 1.0]",3.96
95,"[1, 3, 4]","[3, 4, 4]","[0.58, 0.79, 0.88]","[['B', 'A', 'D', 'C'], ['A', 'D', 'C', 'B'], ['B', 'C', 'A', 'D']]","{'A': 4, 'C': 4, 'D': 4, 'B': 3}","[0.75, 1.0, 1.0]",3.96
95,"[1, 3, 4]","[3, 4, 4]","[0.58, 0.79, 0.88]","[['B', 'A', 'D', 'C'], ['A', 'D', 'C', 'B'], ['C', 'A', 'B', 'D']]","{'A': 4, 'C': 4, 'D': 4, 'B': 3}","[0.75, 1.0, 1.0]",3.96
95,"[1, 3, 4]","[3, 4, 4]","[0.58, 0.79, 0.88]","[['B', 'A', 'D', 'C'], ['A', 'D', 'C', 'B'], ['C', 'B', 'A', 'D']]","{'A': 4, 'C': 4, 'D': 4, 'B': 3}","[0.75, 1.0, 1.0]",3.96
95,"[1, 3, 4]","[3, 4, 4]","[0.58, 0.79, 0.88]","[['B', 'A', 'D', 'C'], ['B', 'A', 'C', 'D'], ['A', 'C', 'D', 'B']]","{'A': 4, 'C': 4, 'D': 4, 'B': 3}","[0.75, 1.0, 1.0]",3.96
95,"[1, 3, 4]","[3, 4, 4]","[0.58, 0.79, 0.88]","[['B', 'A', 'D', 'C'], ['B', 'A', 'C', 'D'], ['A', 'D', 'C', 'B']]","{'A': 4, 'C': 4, 'D': 4, 'B': 3}","[0.75, 1.0, 1.0]",3.96
95,"[1, 3, 4]","[3, 4, 4]","[0.58, 0.79, 0.88]","[['B', 'A', 'D', 'C'], ['B', 'A', 'C', 'D'], ['C', 'A', 'D', 'B']]","{'A': 4, 'C': 4, 'D': 4, 'B': 3}","[0.75, 1.0, 1.0]",3.96
95,"[1, 3, 4]","[3, 4, 4]","[0.58, 0.79, 0.88]","[['B', 'A', 'D', 'C'], ['B', 'A', 'C', 'D'], ['C', 'D', 'A', 'B']]","{'A': 4, 'C': 4, 'D': 4, 'B': 3}","[0.75, 1.0, 1.0]",3.96
95,"[1, 3, 4]","[3, 4, 4]","[0.58, 0.79, 0.88]","[['B', 'A', 'D', 'C'], ['B', 'A', 'C', 'D'], ['D', 'A', 'C', 'B']]","{'A': 4, 'C': 4, 'D': 4, 'B': 3}","[0.75, 1.0, 1.0]",3.96
95,"[1, 3, 4]","[3, 4, 4]","[0.58, 0.79, 0.88]","[['B', 'A', 'D', 'C'], ['B', 'A', 'C', 'D'], ['D', 'C', 'A', 'B']]","{'A': 4, 'C': 4, 'D': 4, 'B': 3}","[0.75, 1.0, 1.0]",3.96
95,"[1, 3, 4]","[3, 4, 4]","[0.58, 0.79, 0.88]","[['B', 'A', 'D', 'C'], ['B', 'C', 'A', 'D'], ['A', 'C', 'D', 'B']]","{'A': 4, 'C': 4, 'D': 4, 'B': 3}","[0.75, 1.0, 1.0]",3.96
95,"[1, 3, 4]","[3, 4, 4]","[0.58, 0.79, 0.88]","[['B', 'A', 'D', 'C'], ['B', 'C', 'A', 'D'], ['A', 'D', 'C', 'B']]","{'A': 4, 'C': 4, 'D': 4, 'B': 3}","[0.75, 1.0, 1.0]",3.96
95,"[1, 3, 4]","[3, 4, 4]","[0.58, 0.79, 0.88]","[['B', 'A', 'D', 'C'], ['B', 'C', 'A', 'D'], ['C', 'A', 'D', 'B']]","{'A': 4, 'C': 4, 'D': 4, 'B': 3}","[0.75, 1.0, 1.0]",3.96
95,"[1, 3, 4]","[3, 4, 4]","[0.58, 0.79, 0.88]","[['B', 'A', 'D', 'C'], ['B', 'C', 'A', 'D'], ['C', 'D', 'A', 'B']]","{'A': 4, 'C': 4, 'D': 4, 'B': 3}","[0.75, 1.0, 1.0]",3.96
95,"[1, 3, 4]","[3, 4, 4]","[0.58, 0.79, 0.88]","[['B', 'A', 'D', 'C'], ['B', 'C', 'A', 'D'], ['D', 'A', 'C', 'B']]","{'A': 4, 'C': 4, 'D': 4, 'B': 3}","[0.75, 1.0, 1.0]",3.96
95,"[1, 3, 4]","[3, 4, 4]","[0.58, 0.79, 0.88]","[['B', 'A', 'D', 'C'], ['B', 'C', 'A', 'D'], ['D', 'C', 'A', 'B']]","{'A': 4, 'C': 4, 'D': 4, 'B': 3}","[0.75, 1.0, 1.0]",3.96
95,"[1, 3, 4]","[3, 4, 4]","[0.58, 0.79, 0.88]","[['B', 'A', 'D', 'C'], ['C', 'A', 'B', 'D'], ['A', 'C', 'D', 'B']]","{'A': 4, 'C': 4, 'D': 4, 'B': 3}","[0.75, 1.0, 1.0]",3.96
95,"[1, 3, 4]","[3, 4, 4]","[0.58, 0.79, 0.88]","[['B', 'A', 'D', 'C'], ['C', 'A', 'B', 'D'], ['A', 'D', 'C', 'B']]","{'A': 4, 'C': 4, 'D': 4, 'B': 3}","[0.75, 1.0, 1.0]",3.96
95,"[1, 3, 4]","[3, 4, 4]","[0.58, 0.79, 0.88]","[['B', 'A', 'D', 'C'], ['C', 'A', 'B', 'D'], ['C', 'A', 'D', 'B']]","{'A': 4, 'C': 4, 'D': 4, 'B': 3}","[0.75, 1.0, 1.0]",3.96
95,"[1, 3, 4]","[3, 4, 4]","[0.58, 0.79, 0.88]","[['B', 'A', 'D', 'C'], ['C', 'A', 'B', 'D'], ['C', 'D', 'A', 'B']]","{'A': 4, 'C': 4, 'D': 4, 'B': 3}","[0.75, 1.0, 1.0]",3.96
95,"[1, 3, 4]","[3, 4, 4]","[0.58, 0.79, 0.88]","[['B', 'A', 'D', 'C'], ['C', 'A', 'B', 'D'], ['D', 'A', 'C', 'B']]","{'A': 4, 'C': 4, 'D': 4, 'B': 3}","[0.75, 1.0, 1.0]",3.96
95,"[1, 3, 4]","[3, 4, 4]","[0.58, 0.79, 0.88]","[['B', 'A', 'D', 'C'], ['C', 'A', 'B', 'D'], ['D', 'C', 'A', 'B']]","{'A': 4, 'C': 4, 'D': 4, 'B': 3}","[0.75, 1.0, 1.0]",3.96
95,"[1, 3, 4]","[3, 4, 4]","[0.58, 0.79, 0.88]","[['B', 'A', 'D', 'C'], ['C', 'A', 'D', 'B'], ['A', 'B', 'C', 'D']]","{'A': 4, 'C': 4, 'D': 4, 'B': 3}","[0.75, 1.0, 1.0]",3.96
95,"[1, 3, 4]","[3, 4, 4]","[0.58, 0.79, 0.88]","[['B', 'A', 'D', 'C'], ['C', 'A', 'D', 'B'], ['A', 'C', 'B', 'D']]","{'A': 4, 'C': 4, 'D': 4, 'B': 3}","[0.75, 1.0, 1.0]",3.96
95,"[1, 3, 4]","[3, 4, 4]","[0.58, 0.79, 0.88]","[['B', 'A', 'D', 'C'], ['C', 'A', 'D', 'B'], ['B', 'A', 'C', 'D']]","{'A': 4, 'C': 4, 'D': 4, 'B': 3}","[0.75, 1.0, 1.0]",3.96
95,"[1, 3, 4]","[3, 4, 4]","[0.58, 0.79, 0.88]","[['B', 'A', 'D', 'C'], ['C', 'A', 'D', 'B'], ['B', 'C', 'A', 'D']]","{'A': 4, 'C': 4, 'D': 4, 'B': 3}","[0.75, 1.0, 1.0]",3.96
95,"[1, 3, 4]","[3, 4, 4]","[0.58, 0.79, 0.88]","[['B', 'A', 'D', 'C'], ['C', 'A', 'D', 'B'], ['C', 'A', 'B', 'D']]","{'A': 4, 'C': 4, 'D': 4, 'B': 3}","[0.75, 1.0, 1.0]",3.96
95,"[1, 3, 4]","[3, 4, 4]","[0.58, 0.79, 0.88]","[['B', 'A', 'D', 'C'], ['C', 'A', 'D', 'B'], ['C', 'B', 'A', 'D']]","{'A': 4, 'C': 4, 'D': 4, 'B': 3}","[0.75, 1.0, 1.0]",3.96
95,"[1, 3, 4]","[3, 4, 4]","[0.58, 0.79, 0.88]","[['B', 'A', 'D', 'C'], ['C', 'B', 'A', 'D'], ['A', 'C', 'D', 'B']]","{'A': 4, 'C': 4, 'D': 4, 'B': 3}","[0.75, 1.0, 1.0]",3.96
95,"[1, 3, 4]","[3, 4, 4]","[0.58, 0.79, 0.88]","[['B', 'A', 'D', 'C'], ['C', 'B', 'A', 'D'], ['A', 'D', 'C', 'B']]","{'A': 4, 'C': 4, 'D': 4, 'B': 3}","[0.75, 1.0, 1.0]",3.96
95,"[1, 3, 4]","[3, 4, 4]","[0.58, 0.79, 0.88]","[['B', 'A', 'D', 'C'], ['C', 'B', 'A', 'D'], ['C', 'A', 'D', 'B']]","{'A': 4, 'C': 4, 'D': 4, 'B': 3}","[0.75, 1.0, 1.0]",3.96
95,"[1, 3, 4]","[3, 4, 4]","[0.58, 0.79, 0.88]","[['B', 'A', 'D', 'C'], ['C', 'B', 'A', 'D'], ['C', 'D', 'A', 'B']]","{'A': 4, 'C': 4, 'D': 4, 'B': 3}","[0.75, 1.0, 1.0]",3.96
95,"[1, 3, 4]","[3, 4, 4]","[0.58, 0.79, 0.88]","[['B', 'A', 'D', 'C'], ['C', 'B', 'A', 'D'], ['D', 'A', 'C', 'B']]","{'A': 4, 'C': 4, 'D': 4, 'B': 3}","[0.75, 1.0, 1.0]",3.96
95,"[1, 3, 4]","[3, 4, 4]","[0.58, 0.79, 0.88]","[['B', 'A', 'D', 'C'], ['C', 'B', 'A', 'D'], ['D', 'C', 'A', 'B']]","{'A': 4, 'C': 4, 'D': 4, 'B': 3}","[0.75, 1.0, 1.0]",3.96
95,"[1, 3, 4]","[3, 4, 4]","[0.58, 0.79, 0.88]","[['B', 'A', 'D', 'C'], ['C', 'D', 'A', 'B'], ['A', 'B', 'C', 'D']]","{'A': 4, 'C': 4, 'D': 4, 'B': 3}","[0.75, 1.0, 1.0]",3.96
95,"[1, 3, 4]","[3, 4, 4]","[0.58, 0.79, 0.88]","[['B', 'A', 'D', 'C'], ['C', 'D', 'A', 'B'], ['A', 'C', 'B', 'D']]","{'A': 4, 'C': 4, 'D': 4, 'B': 3}","[0.75, 1.0, 1.0]",3.96
95,"[1, 3, 4]","[3, 4, 4]","[0.58, 0.79, 0.88]","[['B', 'A', 'D', 'C'], ['C', 'D', 'A', 'B'], ['B', 'A', 'C', 'D']]","{'A': 4, 'C': 4, 'D': 4, 'B': 3}","[0.75, 1.0, 1.0]",3.96
95,"[1, 3, 4]","[3, 4, 4]","[0.58, 0.79, 0.88]","[['B', 'A', 'D', 'C'], ['C', 'D', 'A', 'B'], ['B', 'C', 'A', 'D']]","{'A': 4, 'C': 4, 'D': 4, 'B': 3}","[0.75, 1.0, 1.0]",3.96
95,"[1, 3, 4]","[3, 4, 4]","[0.58, 0.79, 0.88]","[['B', 'A', 'D', 'C'], ['C', 'D', 'A', 'B'], ['C', 'A', 'B', 'D']]","{'A': 4, 'C': 4, 'D': 4, 'B': 3}","[0.75, 1.0, 1.0]",3.96
95,"[1, 3, 4]","[3, 4, 4]","[0.58, 0.79, 0.88]","[['B', 'A', 'D', 'C'], ['C', 'D', 'A', 'B'], ['C', 'B', 'A', 'D']]","{'A': 4, 'C': 4, 'D': 4, 'B': 3}","[0.75, 1.0, 1.0]",3.96
95,"[1, 3, 4]","[3, 4, 4]","[0.58, 0.79, 0.88]","[['B', 'A', 'D', 'C'], ['D', 'A', 'C', 'B'], ['A', 'B', 'C', 'D']]","{'A': 4, 'C': 4, 'D': 4, 'B': 3}","[0.75, 1.0, 1.0]",3.96
95,"[1, 3, 4]","[3, 4, 4]","[0.58, 0.79, 0.88]","[['B', 'A', 'D', 'C'], ['D', 'A', 'C', 'B'], ['A', 'C', 'B', 'D']]","{'A': 4, 'C': 4, 'D': 4, 'B': 3}","[0.75, 1.0, 1.0]",3.96
95,"[1, 3, 4]","[3, 4, 4]","[0.58, 0.79, 0.88]","[['B', 'A', 'D', 'C'], ['D', 'A', 'C', 'B'], ['B', 'A', 'C', 'D']]","{'A': 4, 'C': 4, 'D': 4, 'B': 3}","[0.75, 1.0, 1.0]",3.96
95,"[1, 3, 4]","[3, 4, 4]","[0.58, 0.79, 0.88]","[['B', 'A', 'D', 'C'], ['D', 'A', 'C', 'B'], ['B', 'C', 'A', 'D']]","{'A': 4, 'C': 4, 'D': 4, 'B': 3}","[0.75, 1.0, 1.0]",3.96
95,"[1, 3, 4]","[3, 4, 4]","[0.58, 0.79, 0.88]","[['B', 'A', 'D', 'C'], ['D', 'A', 'C', 'B'], ['C', 'A', 'B', 'D']]","{'A': 4, 'C': 4, 'D': 4, 'B': 3}","[0.75, 1.0, 1.0]",3.96
95,"[1, 3, 4]","[3, 4, 4]","[0.58, 0.79, 0.88]","[['B', 'A', 'D', 'C'], ['D', 'A', 'C', 'B'], ['C', 'B', 'A', 'D']]","{'A': 4, 'C': 4, 'D': 4, 'B': 3}","[0.75, 1.0, 1.0]",3.96
95,"[1, 3, 4]","[3, 4, 4]","[0.58, 0.79, 0.88]","[['B', 'A', 'D', 'C'], ['D', 'C', 'A', 'B'], ['A', 'B', 'C', 'D']]","{'A': 4, 'C': 4, 'D': 4, 'B': 3}","[0.75, 1.0, 1.0]",3.96
95,"[1, 3, 4]","[3, 4, 4]","[0.58, 0.79, 0.88]","[['B', 'A', 'D', 'C'], ['D', 'C', 'A', 'B'], ['A', 'C', 'B', 'D']]","{'A': 4, 'C': 4, 'D': 4, 'B': 3}","[0.75, 1.0, 1.0]",3.96
95,"[1, 3, 4]","[3, 4, 4]","[0.58, 0.79, 0.88]","[['B', 'A', 'D', 'C'], ['D', 'C', 'A', 'B'], ['B', 'A', 'C', 'D']]","{'A': 4, 'C': 4, 'D': 4, 'B': 3}","[0.75, 1.0, 1.0]",3.96
95,"[1, 3, 4]","[3, 4, 4]","[0.58, 0.79, 0.88]","[['B', 'A', 'D', 'C'], ['D', 'C', 'A', 'B'], ['B', 'C', 'A', 'D']]","{'A': 4, 'C': 4, 'D': 4, 'B': 3}","[0.75, 1.0, 1.0]",3.96
95,"[1, 3, 4]","[3, 4, 4]","[0.58, 0.79, 0.88]","[['B', 'A', 'D', 'C'], ['D', 'C', 'A', 'B'], ['C', 'A', 'B', 'D']]","{'A': 4, 'C': 4, 'D': 4, 'B': 3}","[0.75, 1.0, 1.0]",3.96
95,"[1, 3, 4]","[3, 4, 4]","[0.58, 0.79, 0.88]","[['B', 'A', 'D', 'C'], ['D', 'C', 'A', 'B'], ['C', 'B', 'A', 'D']]","{'A': 4, 'C': 4, 'D': 4, 'B': 3}","[0.75, 1.0, 1.0]",3.96
95,"[1, 3, 4]","[3, 4, 4]","[0.58, 0.79, 0.88]","[['B', 'C', 'A', 'D'], ['A', 'B', 'D', 'C'], ['A', 'C', 'D', 'B']]","{'A': 4, 'C': 4, 'D': 4, 'B': 3}","[0.75, 1.0, 1.0]",3.96
95,"[1, 3, 4]","[3, 4, 4]","[0.58, 0.79, 0.88]","[['B', 'C', 'A', 'D'], ['A', 'B', 'D', 'C'], ['A', 'D', 'C', 'B']]","{'A': 4, 'C': 4, 'D': 4, 'B': 3}","[0.75, 1.0, 1.0]",3.96
95,"[1, 3, 4]","[3, 4, 4]","[0.58, 0.79, 0.88]","[['B', 'C', 'A', 'D'], ['A', 'B', 'D', 'C'], ['C', 'A', 'D', 'B']]","{'A': 4, 'C': 4, 'D': 4, 'B': 3}","[0.75, 1.0, 1.0]",3.96
95,"[1, 3, 4]","[3, 4, 4]","[0.58, 0.79, 0.88]","[['B', 'C', 'A', 'D'], ['A', 'B', 'D', 'C'], ['C', 'D', 'A', 'B']]","{'A': 4, 'C': 4, 'D': 4, 'B': 3}","[0.75, 1.0, 1.0]",3.96
95,"[1, 3, 4]","[3, 4, 4]","[0.58, 0.79, 0.88]","[['B', 'C', 'A', 'D'], ['A', 'B', 'D', 'C'], ['D', 'A', 'C', 'B']]","{'A': 4, 'C': 4, 'D': 4, 'B': 3}","[0.75, 1.0, 1.0]",3.96
95,"[1, 3, 4]","[3, 4, 4]","[0.58, 0.79, 0.88]","[['B', 'C', 'A', 'D'], ['A', 'B', 'D', 'C'], ['D', 'C', 'A', 'B']]","{'A': 4, 'C': 4, 'D': 4, 'B': 3}","[0.75, 1.0, 1.0]",3.96
95,"[1, 3, 4]","[3, 4, 4]","[0.58, 0.79, 0.88]","[['B', 'C', 'A', 'D'], ['A', 'C', 'D', 'B'], ['A', 'B', 'D', 'C']]","{'A': 4, 'C': 4, 'D': 4, 'B': 3}","[0.75, 1.0, 1.0]",3.96
95,"[1, 3, 4]","[3, 4, 4]","[0.58, 0.79, 0.88]","[['B', 'C', 'A', 'D'], ['A', 'C', 'D', 'B'], ['A', 'D', 'B', 'C']]","{'A': 4, 'C': 4, 'D': 4, 'B': 3}","[0.75, 1.0, 1.0]",3.96
95,"[1, 3, 4]","[3, 4, 4]","[0.58, 0.79, 0.88]","[['B', 'C', 'A', 'D'], ['A', 'C', 'D', 'B'], ['B', 'A', 'D', 'C']]","{'A': 4, 'C': 4, 'D': 4, 'B': 3}","[0.75, 1.0, 1.0]",3.96
95,"[1, 3, 4]","[3, 4, 4]","[0.58, 0.79, 0.88]","[['B', 'C', 'A', 'D'], ['A', 'C', 'D', 'B'], ['B', 'D', 'A', 'C']]","{'A': 4, 'C': 4, 'D': 4, 'B': 3}","[0.75, 1.0, 1.0]",3.96
95,"[1, 3, 4]","[3, 4, 4]","[0.58, 0.79, 0.88]","[['B', 'C', 'A', 'D'], ['A', 'C', 'D', 'B'], ['D', 'A', 'B', 'C']]","{'A': 4, 'C': 4, 'D': 4, 'B': 3}","[0.75, 1.0, 1.0]",3.96
95,"[1, 3, 4]","[3, 4, 4]","[0.58, 0.79, 0.88]","[['B', 'C', 'A', 'D'], ['A', 'C', 'D', 'B'], ['D', 'B', 'A', 'C']]","{'A': 4, 'C': 4, 'D': 4, 'B': 3}","[0.75, 1.0, 1.0]",3.96
95,"[1, 3, 4]","[3, 4, 4]","[0.58, 0.79, 0.88]","[['B', 'C', 'A', 'D'], ['A', 'D', 'B', 'C'], ['A', 'C', 'D', 'B']]","{'A': 4, 'C': 4, 'D': 4, 'B': 3}","[0.75, 1.0, 1.0]",3.96
95,"[1, 3, 4]","[3, 4, 4]","[0.58, 0.79, 0.88]","[['B', 'C', 'A', 'D'], ['A', 'D', 'B', 'C'], ['A', 'D', 'C', 'B']]","{'A': 4, 'C': 4, 'D': 4, 'B': 3}","[0.75, 1.0, 1.0]",3.96
95,"[1, 3, 4]","[3, 4, 4]","[0.58, 0.79, 0.88]","[['B', 'C', 'A', 'D'], ['A', 'D', 'B', 'C'], ['C', 'A', 'D', 'B']]","{'A': 4, 'C': 4, 'D': 4, 'B': 3}","[0.75, 1.0, 1.0]",3.96
95,"[1, 3, 4]","[3, 4, 4]","[0.58, 0.79, 0.88]","[['B', 'C', 'A', 'D'], ['A', 'D', 'B', 'C'], ['C', 'D', 'A', 'B']]","{'A': 4, 'C': 4, 'D': 4, 'B': 3}","[0.75, 1.0, 1.0]",3.96
95,"[1, 3, 4]","[3, 4, 4]","[0.58, 0.79, 0.88]","[['B', 'C', 'A', 'D'], ['A', 'D', 'B', 'C'], ['D', 'A', 'C', 'B']]","{'A': 4, 'C': 4, 'D': 4, 'B': 3}","[0.75, 1.0, 1.0]",3.96
95,"[1, 3, 4]","[3, 4, 4]","[0.58, 0.79, 0.88]","[['B', 'C', 'A', 'D'], ['A', 'D', 'B', 'C'], ['D', 'C', 'A', 'B']]","{'A': 4, 'C': 4, 'D': 4, 'B': 3}","[0.75, 1.0, 1.0]",3.96
95,"[1, 3, 4]","[3, 4, 4]","[0.58, 0.79, 0.88]","[['B', 'C', 'A', 'D'], ['A', 'D', 'C', 'B'], ['A', 'B', 'D', 'C']]","{'A': 4, 'C': 4, 'D': 4, 'B': 3}","[0.75, 1.0, 1.0]",3.96
95,"[1, 3, 4]","[3, 4, 4]","[0.58, 0.79, 0.88]","[['B', 'C', 'A', 'D'], ['A', 'D', 'C', 'B'], ['A', 'D', 'B', 'C']]","{'A': 4, 'C': 4, 'D': 4, 'B': 3}","[0.75, 1.0, 1.0]",3.96
95,"[1, 3, 4]","[3, 4, 4]","[0.58, 0.79, 0.88]","[['B', 'C', 'A', 'D'], ['A', 'D', 'C', 'B'], ['B', 'A', 'D', 'C']]","{'A': 4, 'C': 4, 'D': 4, 'B': 3}","[0.75, 1.0, 1.0]",3.96
95,"[1, 3, 4]","[3, 4, 4]","[0.58, 0.79, 0.88]","[['B', 'C', 'A', 'D'], ['A', 'D', 'C', 'B'], ['B', 'D', 'A', 'C']]","{'A': 4, 'C': 4, 'D': 4, 'B': 3}","[0.75, 1.0, 1.0]",3.96
95,"[1, 3, 4]","[3, 4, 4]","[0.58, 0.79, 0.88]","[['B', 'C', 'A', 'D'], ['A', 'D', 'C', 'B'], ['D', 'A', 'B', 'C']]","{'A': 4, 'C': 4, 'D': 4, 'B': 3}","[0.75, 1.0, 1.0]",3.96
95,"[1, 3, 4]","[3, 4, 4]","[0.58, 0.79, 0.88]","[['B', 'C', 'A', 'D'], ['A', 'D', 'C', 'B'], ['D', 'B', 'A', 'C']]","{'A': 4, 'C': 4, 'D': 4, 'B': 3}","[0.75, 1.0, 1.0]",3.96
95,"[1, 3, 4]","[3, 4, 4]","[0.58, 0.79, 0.88]","[['B', 'C', 'A', 'D'], ['B', 'A', 'D', 'C'], ['A', 'C', 'D', 'B']]","{'A': 4, 'C': 4, 'D': 4, 'B': 3}","[0.75, 1.0, 1.0]",3.96
95,"[1, 3, 4]","[3, 4, 4]","[0.58, 0.79, 0.88]","[['B', 'C', 'A', 'D'], ['B', 'A', 'D', 'C'], ['A', 'D', 'C', 'B']]","{'A': 4, 'C': 4, 'D': 4, 'B': 3}","[0.75, 1.0, 1.0]",3.96
95,"[1, 3, 4]","[3, 4, 4]","[0.58, 0.79, 0.88]","[['B', 'C', 'A', 'D'], ['B', 'A', 'D', 'C'], ['C', 'A', 'D', 'B']]","{'A': 4, 'C': 4, 'D': 4, 'B': 3}","[0.75, 1.0, 1.0]",3.96
95,"[1, 3, 4]","[3, 4, 4]","[0.58, 0.79, 0.88]","[['B', 'C', 'A', 'D'], ['B', 'A', 'D', 'C'], ['C', 'D', 'A', 'B']]","{'A': 4, 'C': 4, 'D': 4, 'B': 3}","[0.75, 1.0, 1.0]",3.96
95,"[1, 3, 4]","[3, 4, 4]","[0.58, 0.79, 0.88]","[['B', 'C', 'A', 'D'], ['B', 'A', 'D', 'C'], ['D', 'A', 'C', 'B']]","{'A': 4, 'C': 4, 'D': 4, 'B': 3}","[0.75, 1.0, 1.0]",3.96
95,"[1, 3, 4]","[3, 4, 4]","[0.58, 0.79, 0.88]","[['B', 'C', 'A', 'D'], ['B', 'A', 'D', 'C'], ['D', 'C', 'A', 'B']]","{'A': 4, 'C': 4, 'D': 4, 'B': 3}","[0.75, 1.0, 1.0]",3.96
95,"[1, 3, 4]","[3, 4, 4]","[0.58, 0.79, 0.88]","[['B', 'C', 'A', 'D'], ['B', 'D', 'A', 'C'], ['A', 'C', 'D', 'B']]","{'A': 4, 'C': 4, 'D': 4, 'B': 3}","[0.75, 1.0, 1.0]",3.96
95,"[1, 3, 4]","[3, 4, 4]","[0.58, 0.79, 0.88]","[['B', 'C', 'A', 'D'], ['B', 'D', 'A', 'C'], ['A', 'D', 'C', 'B']]","{'A': 4, 'C': 4, 'D': 4, 'B': 3}","[0.75, 1.0, 1.0]",3.96
95,"[1, 3, 4]","[3, 4, 4]","[0.58, 0.79, 0.88]","[['B', 'C', 'A', 'D'], ['B', 'D', 'A', 'C'], ['C', 'A', 'D', 'B']]","{'A': 4, 'C': 4, 'D': 4, 'B': 3}","[0.75, 1.0, 1.0]",3.96
95,"[1, 3, 4]","[3, 4, 4]","[0.58, 0.79, 0.88]","[['B', 'C', 'A', 'D'], ['B', 'D', 'A', 'C'], ['C', 'D', 'A', 'B']]","{'A': 4, 'C': 4, 'D': 4, 'B': 3}","[0.75, 1.0, 1.0]",3.96
95,"[1, 3, 4]","[3, 4, 4]","[0.58, 0.79, 0.88]","[['B', 'C', 'A', 'D'], ['B', 'D', 'A', 'C'], ['D', 'A', 'C', 'B']]","{'A': 4, 'C': 4, 'D': 4, 'B': 3}","[0.75, 1.0, 1.0]",3.96
95,"[1, 3, 4]","[3, 4, 4]","[0.58, 0.79, 0.88]","[['B', 'C', 'A', 'D'], ['B', 'D', 'A', 'C'], ['D', 'C', 'A', 'B']]","{'A': 4, 'C': 4, 'D': 4, 'B': 3}","[0.75, 1.0, 1.0]",3.96
95,"[1, 3, 4]","[3, 4, 4]","[0.58, 0.79, 0.88]","[['B', 'C', 'A', 'D'], ['C', 'A', 'D', 'B'], ['A', 'B', 'D', 'C']]","{'A': 4, 'C': 4, 'D': 4, 'B': 3}","[0.75, 1.0, 1.0]",3.96
95,"[1, 3, 4]","[3, 4, 4]","[0.58, 0.79, 0.88]","[['B', 'C', 'A', 'D'], ['C', 'A', 'D', 'B'], ['A', 'D', 'B', 'C']]","{'A': 4, 'C': 4, 'D': 4, 'B': 3}","[0.75, 1.0, 1.0]",3.96
95,"[1, 3, 4]","[3, 4, 4]","[0.58, 0.79, 0.88]","[['B', 'C', 'A', 'D'], ['C', 'A', 'D', 'B'], ['B', 'A', 'D', 'C']]","{'A': 4, 'C': 4, 'D': 4, 'B': 3}","[0.75, 1.0, 1.0]",3.96
95,"[1, 3, 4]","[3, 4, 4]","[0.58, 0.79, 0.88]","[['B', 'C', 'A', 'D'], ['C', 'A', 'D', 'B'], ['B', 'D', 'A', 'C']]","{'A': 4, 'C': 4, 'D': 4, 'B': 3}","[0.75, 1.0, 1.0]",3.96
95,"[1, 3, 4]","[3, 4, 4]","[0.58, 0.79, 0.88]","[['B', 'C', 'A', 'D'], ['C', 'A', 'D', 'B'], ['D', 'A', 'B', 'C']]","{'A': 4, 'C': 4, 'D': 4, 'B': 3}","[0.75, 1.0, 1.0]",3.96
95,"[1, 3, 4]","[3, 4, 4]","[0.58, 0.79, 0.88]","[['B', 'C', 'A', 'D'], ['C', 'A', 'D', 'B'], ['D', 'B', 'A', 'C']]","{'A': 4, 'C': 4, 'D': 4, 'B': 3}","[0.75, 1.0, 1.0]",3.96
95,"[1, 3, 4]","[3, 4, 4]","[0.58, 0.79, 0.88]","[['B', 'C', 'A', 'D'], ['C', 'D', 'A', 'B'], ['A', 'B', 'D', 'C']]","{'A': 4, 'C': 4, 'D': 4, 'B': 3}","[0.75, 1.0, 1.0]",3.96
95,"[1, 3, 4]","[3, 4, 4]","[0.58, 0.79, 0.88]","[['B', 'C', 'A', 'D'], ['C', 'D', 'A', 'B'], ['A', 'D', 'B', 'C']]","{'A': 4, 'C': 4, 'D': 4, 'B': 3}","[0.75, 1.0, 1.0]",3.96
95,"[1, 3, 4]","[3, 4, 4]","[0.58, 0.79, 0.88]","[['B', 'C', 'A', 'D'], ['C', 'D', 'A', 'B'], ['B', 'A', 'D', 'C']]","{'A': 4, 'C': 4, 'D': 4, 'B': 3}","[0.75, 1.0, 1.0]",3.96
95,"[1, 3, 4]","[3, 4, 4]","[0.58, 0.79, 0.88]","[['B', 'C', 'A', 'D'], ['C', 'D', 'A', 'B'], ['B', 'D', 'A', 'C']]","{'A': 4, 'C': 4, 'D': 4, 'B': 3}","[0.75, 1.0, 1.0]",3.96
95,"[1, 3, 4]","[3, 4, 4]","[0.58, 0.79, 0.88]","[['B', 'C', 'A', 'D'], ['C', 'D', 'A', 'B'], ['D', 'A', 'B', 'C']]","{'A': 4, 'C': 4, 'D': 4, 'B': 3}","[0.75, 1.0, 1.0]",3.96
95,"[1, 3, 4]","[3, 4, 4]","[0.58, 0.79, 0.88]","[['B', 'C', 'A', 'D'], ['C', 'D', 'A', 'B'], ['D', 'B', 'A', 'C']]","{'A': 4, 'C': 4, 'D': 4, 'B': 3}","[0.75, 1.0, 1.0]",3.96
95,"[1, 3, 4]","[3, 4, 4]","[0.58, 0.79, 0.88]","[['B', 'C', 'A', 'D'], ['D', 'A', 'B', 'C'], ['A', 'C', 'D', 'B']]","{'A': 4, 'C': 4, 'D': 4, 'B': 3}","[0.75, 1.0, 1.0]",3.96
95,"[1, 3, 4]","[3, 4, 4]","[0.58, 0.79, 0.88]","[['B', 'C', 'A', 'D'], ['D', 'A', 'B', 'C'], ['A', 'D', 'C', 'B']]","{'A': 4, 'C': 4, 'D': 4, 'B': 3}","[0.75, 1.0, 1.0]",3.96
95,"[1, 3, 4]","[3, 4, 4]","[0.58, 0.79, 0.88]","[['B', 'C', 'A', 'D'], ['D', 'A', 'B', 'C'], ['C', 'A', 'D', 'B']]","{'A': 4, 'C': 4, 'D': 4, 'B': 3}","[0.75, 1.0, 1.0]",3.96
95,"[1, 3, 4]","[3, 4, 4]","[0.58, 0.79, 0.88]","[['B', 'C', 'A', 'D'], ['D', 'A', 'B', 'C'], ['C', 'D', 'A', 'B']]","{'A': 4, 'C': 4, 'D': 4, 'B': 3}","[0.75, 1.0, 1.0]",3.96
95,"[1, 3, 4]","[3, 4, 4]","[0.58, 0.79, 0.88]","[['B', 'C', 'A', 'D'], ['D', 'A', 'B', 'C'], ['D', 'A', 'C', 'B']]","{'A': 4, 'C': 4, 'D': 4, 'B': 3}","[0.75, 1.0, 1.0]",3.96
95,"[1, 3, 4]","[3, 4, 4]","[0.58, 0.79, 0.88]","[['B', 'C', 'A', 'D'], ['D', 'A', 'B', 'C'], ['D', 'C', 'A', 'B']]","{'A': 4, 'C': 4, 'D': 4, 'B': 3}","[0.75, 1.0, 1.0]",3.96
95,"[1, 3, 4]","[3, 4, 4]","[0.58, 0.79, 0.88]","[['B', 'C', 'A', 'D'], ['D', 'A', 'C', 'B'], ['A', 'B', 'D', 'C']]","{'A': 4, 'C': 4, 'D': 4, 'B': 3}","[0.75, 1.0, 1.0]",3.96
95,"[1, 3, 4]","[3, 4, 4]","[0.58, 0.79, 0.88]","[['B', 'C', 'A', 'D'], ['D', 'A', 'C', 'B'], ['A', 'D', 'B', 'C']]","{'A': 4, 'C': 4, 'D': 4, 'B': 3}","[0.75, 1.0, 1.0]",3.96
95,"[1, 3, 4]","[3, 4, 4]","[0.58, 0.79, 0.88]","[['B', 'C', 'A', 'D'], ['D', 'A', 'C', 'B'], ['B', 'A', 'D', 'C']]","{'A': 4, 'C': 4, 'D': 4, 'B': 3}","[0.75, 1.0, 1.0]",3.96
95,"[1, 3, 4]","[3, 4, 4]","[0.58, 0.79, 0.88]","[['B', 'C', 'A', 'D'], ['D', 'A', 'C', 'B'], ['B', 'D', 'A', 'C']]","{'A': 4, 'C': 4, 'D': 4, 'B': 3}","[0.75, 1.0, 1.0]",3.96
95,"[1, 3, 4]","[3, 4, 4]","[0.58, 0.79, 0.88]","[['B', 'C', 'A', 'D'], ['D', 'A', 'C', 'B'], ['D', 'A', 'B', 'C']]","{'A': 4, 'C': 4, 'D': 4, 'B': 3}","[0.75, 1.0, 1.0]",3.96
95,"[1, 3, 4]","[3, 4, 4]","[0.58, 0.79, 0.88]","[['B', 'C', 'A', 'D'], ['D', 'A', 'C', 'B'], ['D', 'B', 'A', 'C']]","{'A': 4, 'C': 4, 'D': 4, 'B': 3}","[0.75, 1.0, 1.0]",3.96
95,"[1, 3, 4]","[3, 4, 4]","[0.58, 0.79, 0.88]","[['B', 'C', 'A', 'D'], ['D', 'B', 'A', 'C'], ['A', 'C', 'D', 'B']]","{'A': 4, 'C': 4, 'D': 4, 'B': 3}","[0.75, 1.0, 1.0]",3.96
95,"[1, 3, 4]","[3, 4, 4]","[0.58, 0.79, 0.88]","[['B', 'C', 'A', 'D'], ['D', 'B', 'A', 'C'], ['A', 'D', 'C', 'B']]","{'A': 4, 'C': 4, 'D': 4, 'B': 3}","[0.75, 1.0, 1.0]",3.96
95,"[1, 3, 4]","[3, 4, 4]","[0.58, 0.79, 0.88]","[['B', 'C', 'A', 'D'], ['D', 'B', 'A', 'C'], ['C', 'A', 'D', 'B']]","{'A': 4, 'C': 4, 'D': 4, 'B': 3}","[0.75, 1.0, 1.0]",3.96
95,"[1, 3, 4]","[3, 4, 4]","[0.58, 0.79, 0.88]","[['B', 'C', 'A', 'D'], ['D', 'B', 'A', 'C'], ['C', 'D', 'A', 'B']]","{'A': 4, 'C': 4, 'D': 4, 'B': 3}","[0.75, 1.0, 1.0]",3.96
95,"[1, 3, 4]","[3, 4, 4]","[0.58, 0.79, 0.88]","[['B', 'C', 'A', 'D'], ['D', 'B', 'A', 'C'], ['D', 'A', 'C', 'B']]","{'A': 4, 'C': 4, 'D': 4, 'B': 3}","[0.75, 1.0, 1.0]",3.96
95,"[1, 3, 4]","[3, 4, 4]","[0.58, 0.79, 0.88]","[['B', 'C', 'A', 'D'], ['D', 'B', 'A', 'C'], ['D', 'C', 'A', 'B']]","{'A': 4, 'C': 4, 'D': 4, 'B': 3}","[0.75, 1.0, 1.0]",3.96
95,"[1, 3, 4]","[3, 4, 4]","[0.58, 0.79, 0.88]","[['B', 'C', 'A', 'D'], ['D', 'C', 'A', 'B'], ['A', 'B', 'D', 'C']]","{'A': 4, 'C': 4, 'D': 4, 'B': 3}","[0.75, 1.0, 1.0]",3.96
95,"[1, 3, 4]","[3, 4, 4]","[0.58, 0.79, 0.88]","[['B', 'C', 'A', 'D'], ['D', 'C', 'A', 'B'], ['A', 'D', 'B', 'C']]","{'A': 4, 'C': 4, 'D': 4, 'B': 3}","[0.75, 1.0, 1.0]",3.96
95,"[1, 3, 4]","[3, 4, 4]","[0.58, 0.79, 0.88]","[['B', 'C', 'A', 'D'], ['D', 'C', 'A', 'B'], ['B', 'A', 'D', 'C']]","{'A': 4, 'C': 4, 'D': 4, 'B': 3}","[0.75, 1.0, 1.0]",3.96
95,"[1, 3, 4]","[3, 4, 4]","[0.58, 0.79, 0.88]","[['B', 'C', 'A', 'D'], ['D', 'C', 'A', 'B'], ['B', 'D', 'A', 'C']]","{'A': 4, 'C': 4, 'D': 4, 'B': 3}","[0.75, 1.0, 1.0]",3.96
95,"[1, 3, 4]","[3, 4, 4]","[0.58, 0.79, 0.88]","[['B', 'C', 'A', 'D'], ['D', 'C', 'A', 'B'], ['D', 'A', 'B', 'C']]","{'A': 4, 'C': 4, 'D': 4, 'B': 3}","[0.75, 1.0, 1.0]",3.96
95,"[1, 3, 4]","[3, 4, 4]","[0.58, 0.79, 0.88]","[['B', 'C', 'A', 'D'], ['D', 'C', 'A', 'B'], ['D', 'B', 'A', 'C']]","{'A': 4, 'C': 4, 'D': 4, 'B': 3}","[0.75, 1.0, 1.0]",3.96
95,"[1, 3, 4]","[3, 4, 4]","[0.58, 0.79, 0.88]","[['B', 'D', 'A', 'C'], ['A', 'B', 'C', 'D'], ['A', 'C', 'D', 'B']]","{'A': 4, 'C': 4, 'D': 4, 'B': 3}","[0.75, 1.0, 1.0]",3.96
95,"[1, 3, 4]","[3, 4, 4]","[0.58, 0.79, 0.88]","[['B', 'D', 'A', 'C'], ['A', 'B', 'C', 'D'], ['A', 'D', 'C', 'B']]","{'A': 4, 'C': 4, 'D': 4, 'B': 3}","[0.75, 1.0, 1.0]",3.96
95,"[1, 3, 4]","[3, 4, 4]","[0.58, 0.79, 0.88]","[['B', 'D', 'A', 'C'], ['A', 'B', 'C', 'D'], ['C', 'A', 'D', 'B']]","{'A': 4, 'C': 4, 'D': 4, 'B': 3}","[0.75, 1.0, 1.0]",3.96
95,"[1, 3, 4]","[3, 4, 4]","[0.58, 0.79, 0.88]","[['B', 'D', 'A', 'C'], ['A', 'B', 'C', 'D'], ['C', 'D', 'A', 'B']]","{'A': 4, 'C': 4, 'D': 4, 'B': 3}","[0.75, 1.0, 1.0]",3.96
95,"[1, 3, 4]","[3, 4, 4]","[0.58, 0.79, 0.88]","[['B', 'D', 'A', 'C'], ['A', 'B', 'C', 'D'], ['D', 'A', 'C', 'B']]","{'A': 4, 'C': 4, 'D': 4, 'B': 3}","[0.75, 1.0, 1.0]",3.96
95,"[1, 3, 4]","[3, 4, 4]","[0.58, 0.79, 0.88]","[['B', 'D', 'A', 'C'], ['A', 'B', 'C', 'D'], ['D', 'C', 'A', 'B']]","{'A': 4, 'C': 4, 'D': 4, 'B': 3}","[0.75, 1.0, 1.0]",3.96
95,"[1, 3, 4]","[3, 4, 4]","[0.58, 0.79, 0.88]","[['B', 'D', 'A', 'C'], ['A', 'C', 'B', 'D'], ['A', 'C', 'D', 'B']]","{'A': 4, 'C': 4, 'D': 4, 'B': 3}","[0.75, 1.0, 1.0]",3.96
95,"[1, 3, 4]","[3, 4, 4]","[0.58, 0.79, 0.88]","[['B', 'D', 'A', 'C'], ['A', 'C', 'B', 'D'], ['A', 'D', 'C', 'B']]","{'A': 4, 'C': 4, 'D': 4, 'B': 3}","[0.75, 1.0, 1.0]",3.96
95,"[1, 3, 4]","[3, 4, 4]","[0.58, 0.79, 0.88]","[['B', 'D', 'A', 'C'], ['A', 'C', 'B', 'D'], ['C', 'A', 'D', 'B']]","{'A': 4, 'C': 4, 'D': 4, 'B': 3}","[0.75, 1.0, 1.0]",3.96
95,"[1, 3, 4]","[3, 4, 4]","[0.58, 0.79, 0.88]","[['B', 'D', 'A', 'C'], ['A', 'C', 'B', 'D'], ['C', 'D', 'A', 'B']]","{'A': 4, 'C': 4, 'D': 4, 'B': 3}","[0.75, 1.0, 1.0]",3.96
95,"[1, 3, 4]","[3, 4, 4]","[0.58, 0.79, 0.88]","[['B', 'D', 'A', 'C'], ['A', 'C', 'B', 'D'], ['D', 'A', 'C', 'B']]","{'A': 4, 'C': 4, 'D': 4, 'B': 3}","[0.75, 1.0, 1.0]",3.96
95,"[1, 3, 4]","[3, 4, 4]","[0.58, 0.79, 0.88]","[['B', 'D', 'A', 'C'], ['A', 'C', 'B', 'D'], ['D', 'C', 'A', 'B']]","{'A': 4, 'C': 4, 'D': 4, 'B': 3}","[0.75, 1.0, 1.0]",3.96
95,"[1, 3, 4]","[3, 4, 4]","[0.58, 0.79, 0.88]","[['B', 'D', 'A', 'C'], ['A', 'C', 'D', 'B'], ['A', 'B', 'C', 'D']]","{'A': 4, 'C': 4, 'D': 4, 'B': 3}","[0.75, 1.0, 1.0]",3.96
95,"[1, 3, 4]","[3, 4, 4]","[0.58, 0.79, 0.88]","[['B', 'D', 'A', 'C'], ['A', 'C', 'D', 'B'], ['A', 'C', 'B', 'D']]","{'A': 4, 'C': 4, 'D': 4, 'B': 3}","[0.75, 1.0, 1.0]",3.96
95,"[1, 3, 4]","[3, 4, 4]","[0.58, 0.79, 0.88]","[['B', 'D', 'A', 'C'], ['A', 'C', 'D', 'B'], ['B', 'A', 'C', 'D']]","{'A': 4, 'C': 4, 'D': 4, 'B': 3}","[0.75, 1.0, 1.0]",3.96
95,"[1, 3, 4]","[3, 4, 4]","[0.58, 0.79, 0.88]","[['B', 'D', 'A', 'C'], ['A', 'C', 'D', 'B'], ['B', 'C', 'A', 'D']]","{'A': 4, 'C': 4, 'D': 4, 'B': 3}","[0.75, 1.0, 1.0]",3.96
95,"[1, 3, 4]","[3, 4, 4]","[0.58, 0.79, 0.88]","[['B', 'D', 'A', 'C'], ['A', 'C', 'D', 'B'], ['C', 'A', 'B', 'D']]","{'A': 4, 'C': 4, 'D': 4, 'B': 3}","[0.75, 1.0, 1.0]",3.96
95,"[1, 3, 4]","[3, 4, 4]","[0.58, 0.79, 0.88]","[['B', 'D', 'A', 'C'], ['A', 'C', 'D', 'B'], ['C', 'B', 'A', 'D']]","{'A': 4, 'C': 4, 'D': 4, 'B': 3}","[0.75, 1.0, 1.0]",3.96
95,"[1, 3, 4]","[3, 4, 4]","[0.58, 0.79, 0.88]","[['B', 'D', 'A', 'C'], ['A', 'D', 'C', 'B'], ['A', 'B', 'C', 'D']]","{'A': 4, 'C': 4, 'D': 4, 'B': 3}","[0.75, 1.0, 1.0]",3.96
95,"[1, 3, 4]","[3, 4, 4]","[0.58, 0.79, 0.88]","[['B', 'D', 'A', 'C'], ['A', 'D', 'C', 'B'], ['A', 'C', 'B', 'D']]","{'A': 4, 'C': 4, 'D': 4, 'B': 3}","[0.75, 1.0, 1.0]",3.96
95,"[1, 3, 4]","[3, 4, 4]","[0.58, 0.79, 0.88]","[['B', 'D', 'A', 'C'], ['A', 'D', 'C', 'B'], ['B', 'A', 'C', 'D']]","{'A': 4, 'C': 4, 'D': 4, 'B': 3}","[0.75, 1.0, 1.0]",3.96
95,"[1, 3, 4]","[3, 4, 4]","[0.58, 0.79, 0.88]","[['B', 'D', 'A', 'C'], ['A', 'D', 'C', 'B'], ['B', 'C', 'A', 'D']]","{'A': 4, 'C': 4, 'D': 4, 'B': 3}","[0.75, 1.0, 1.0]",3.96
95,"[1, 3, 4]","[3, 4, 4]","[0.58, 0.79, 0.88]","[['B', 'D', 'A', 'C'], ['A', 'D', 'C', 'B'], ['C', 'A', 'B', 'D']]","{'A': 4, 'C': 4, 'D': 4, 'B': 3}","[0.75, 1.0, 1.0]",3.96
95,"[1, 3, 4]","[3, 4, 4]","[0.58, 0.79, 0.88]","[['B', 'D', 'A', 'C'], ['A', 'D', 'C', 'B'], ['C', 'B', 'A', 'D']]","{'A': 4, 'C': 4, 'D': 4, 'B': 3}","[0.75, 1.0, 1.0]",3.96
95,"[1, 3, 4]","[3, 4, 4]","[0.58, 0.79, 0.88]","[['B', 'D', 'A', 'C'], ['B', 'A', 'C', 'D'], ['A', 'C', 'D', 'B']]","{'A': 4, 'C': 4, 'D': 4, 'B': 3}","[0.75, 1.0, 1.0]",3.96
95,"[1, 3, 4]","[3, 4, 4]","[0.58, 0.79, 0.88]","[['B', 'D', 'A', 'C'], ['B', 'A', 'C', 'D'], ['A', 'D', 'C', 'B']]","{'A': 4, 'C': 4, 'D': 4, 'B': 3}","[0.75, 1.0, 1.0]",3.96
95,"[1, 3, 4]","[3, 4, 4]","[0.58, 0.79, 0.88]","[['B', 'D', 'A', 'C'], ['B', 'A', 'C', 'D'], ['C', 'A', 'D', 'B']]","{'A': 4, 'C': 4, 'D': 4, 'B': 3}","[0.75, 1.0, 1.0]",3.96
95,"[1, 3, 4]","[3, 4, 4]","[0.58, 0.79, 0.88]","[['B', 'D', 'A', 'C'], ['B', 'A', 'C', 'D'], ['C', 'D', 'A', 'B']]","{'A': 4, 'C': 4, 'D': 4, 'B': 3}","[0.75, 1.0, 1.0]",3.96
95,"[1, 3, 4]","[3, 4, 4]","[0.58, 0.79, 0.88]","[['B', 'D', 'A', 'C'], ['B', 'A', 'C', 'D'], ['D', 'A', 'C', 'B']]","{'A': 4, 'C': 4, 'D': 4, 'B': 3}","[0.75, 1.0, 1.0]",3.96
95,"[1, 3, 4]","[3, 4, 4]","[0.58, 0.79, 0.88]","[['B', 'D', 'A', 'C'], ['B', 'A', 'C', 'D'], ['D', 'C', 'A', 'B']]","{'A': 4, 'C': 4, 'D': 4, 'B': 3}","[0.75, 1.0, 1.0]",3.96
95,"[1, 3, 4]","[3, 4, 4]","[0.58, 0.79, 0.88]","[['B', 'D', 'A', 'C'], ['B', 'C', 'A', 'D'], ['A', 'C', 'D', 'B']]","{'A': 4, 'C': 4, 'D': 4, 'B': 3}","[0.75, 1.0, 1.0]",3.96
95,"[1, 3, 4]","[3, 4, 4]","[0.58, 0.79, 0.88]","[['B', 'D', 'A', 'C'], ['B', 'C', 'A', 'D'], ['A', 'D', 'C', 'B']]","{'A': 4, 'C': 4, 'D': 4, 'B': 3}","[0.75, 1.0, 1.0]",3.96
95,"[1, 3, 4]","[3, 4, 4]","[0.58, 0.79, 0.88]","[['B', 'D', 'A', 'C'], ['B', 'C', 'A', 'D'], ['C', 'A', 'D', 'B']]","{'A': 4, 'C': 4, 'D': 4, 'B': 3}","[0.75, 1.0, 1.0]",3.96
95,"[1, 3, 4]","[3, 4, 4]","[0.58, 0.79, 0.88]","[['B', 'D', 'A', 'C'], ['B', 'C', 'A', 'D'], ['C', 'D', 'A', 'B']]","{'A': 4, 'C': 4, 'D': 4, 'B': 3}","[0.75, 1.0, 1.0]",3.96
95,"[1, 3, 4]","[3, 4, 4]","[0.58, 0.79, 0.88]","[['B', 'D', 'A', 'C'], ['B', 'C', 'A', 'D'], ['D', 'A', 'C', 'B']]","{'A': 4, 'C': 4, 'D': 4, 'B': 3}","[0.75, 1.0, 1.0]",3.96
95,"[1, 3, 4]","[3, 4, 4]","[0.58, 0.79, 0.88]","[['B', 'D', 'A', 'C'], ['B', 'C', 'A', 'D'], ['D', 'C', 'A', 'B']]","{'A': 4, 'C': 4, 'D': 4, 'B': 3}","[0.75, 1.0, 1.0]",3.96
95,"[1, 3, 4]","[3, 4, 4]","[0.58, 0.79, 0.88]","[['B', 'D', 'A', 'C'], ['C', 'A', 'B', 'D'], ['A', 'C', 'D', 'B']]","{'A': 4, 'C': 4, 'D': 4, 'B': 3}","[0.75, 1.0, 1.0]",3.96
95,"[1, 3, 4]","[3, 4, 4]","[0.58, 0.79, 0.88]","[['B', 'D', 'A', 'C'], ['C', 'A', 'B', 'D'], ['A', 'D', 'C', 'B']]","{'A': 4, 'C': 4, 'D': 4, 'B': 3}","[0.75, 1.0, 1.0]",3.96
95,"[1, 3, 4]","[3, 4, 4]","[0.58, 0.79, 0.88]","[['B', 'D', 'A', 'C'], ['C', 'A', 'B', 'D'], ['C', 'A', 'D', 'B']]","{'A': 4, 'C': 4, 'D': 4, 'B': 3}","[0.75, 1.0, 1.0]",3.96
95,"[1, 3, 4]","[3, 4, 4]","[0.58, 0.79, 0.88]","[['B', 'D', 'A', 'C'], ['C', 'A', 'B', 'D'], ['C', 'D', 'A', 'B']]","{'A': 4, 'C': 4, 'D': 4, 'B': 3}","[0.75, 1.0, 1.0]",3.96
95,"[1, 3, 4]","[3, 4, 4]","[0.58, 0.79, 0.88]","[['B', 'D', 'A', 'C'], ['C', 'A', 'B', 'D'], ['D', 'A', 'C', 'B']]","{'A': 4, 'C': 4, 'D': 4, 'B': 3}","[0.75, 1.0, 1.0]",3.96
95,"[1, 3, 4]","[3, 4, 4]","[0.58, 0.79, 0.88]","[['B', 'D', 'A', 'C'], ['C', 'A', 'B', 'D'], ['D', 'C', 'A', 'B']]","{'A': 4, 'C': 4, 'D': 4, 'B': 3}","[0.75, 1.0, 1.0]",3.96
95,"[1, 3, 4]","[3, 4, 4]","[0.58, 0.79, 0.88]","[['B', 'D', 'A', 'C'], ['C', 'A', 'D', 'B'], ['A', 'B', 'C', 'D']]","{'A': 4, 'C': 4, 'D': 4, 'B': 3}","[0.75, 1.0, 1.0]",3.96
95,"[1, 3, 4]","[3, 4, 4]","[0.58, 0.79, 0.88]","[['B', 'D', 'A', 'C'], ['C', 'A', 'D', 'B'], ['A', 'C', 'B', 'D']]","{'A': 4, 'C': 4, 'D': 4, 'B': 3}","[0.75, 1.0, 1.0]",3.96
95,"[1, 3, 4]","[3, 4, 4]","[0.58, 0.79, 0.88]","[['B', 'D', 'A', 'C'], ['C', 'A', 'D', 'B'], ['B', 'A', 'C', 'D']]","{'A': 4, 'C': 4, 'D': 4, 'B': 3}","[0.75, 1.0, 1.0]",3.96
95,"[1, 3, 4]","[3, 4, 4]","[0.58, 0.79, 0.88]","[['B', 'D', 'A', 'C'], ['C', 'A', 'D', 'B'], ['B', 'C', 'A', 'D']]","{'A': 4, 'C': 4, 'D': 4, 'B': 3}","[0.75, 1.0, 1.0]",3.96
95,"[1, 3, 4]","[3, 4, 4]","[0.58, 0.79, 0.88]","[['B', 'D', 'A', 'C'], ['C', 'A', 'D', 'B'], ['C', 'A', 'B', 'D']]","{'A': 4, 'C': 4, 'D': 4, 'B': 3}","[0.75, 1.0, 1.0]",3.96
95,"[1, 3, 4]","[3, 4, 4]","[0.58, 0.79, 0.88]","[['B', 'D', 'A', 'C'], ['C', 'A', 'D', 'B'], ['C', 'B', 'A', 'D']]","{'A': 4, 'C': 4, 'D': 4, 'B': 3}","[0.75, 1.0, 1.0]",3.96
95,"[1, 3, 4]","[3, 4, 4]","[0.58, 0.79, 0.88]","[['B', 'D', 'A', 'C'], ['C', 'B', 'A', 'D'], ['A', 'C', 'D', 'B']]","{'A': 4, 'C': 4, 'D': 4, 'B': 3}","[0.75, 1.0, 1.0]",3.96
95,"[1, 3, 4]","[3, 4, 4]","[0.58, 0.79, 0.88]","[['B', 'D', 'A', 'C'], ['C', 'B', 'A', 'D'], ['A', 'D', 'C', 'B']]","{'A': 4, 'C': 4, 'D': 4, 'B': 3}","[0.75, 1.0, 1.0]",3.96
95,"[1, 3, 4]","[3, 4, 4]","[0.58, 0.79, 0.88]","[['B', 'D', 'A', 'C'], ['C', 'B', 'A', 'D'], ['C', 'A', 'D', 'B']]","{'A': 4, 'C': 4, 'D': 4, 'B': 3}","[0.75, 1.0, 1.0]",3.96
95,"[1, 3, 4]","[3, 4, 4]","[0.58, 0.79, 0.88]","[['B', 'D', 'A', 'C'], ['C', 'B', 'A', 'D'], ['C', 'D', 'A', 'B']]","{'A': 4, 'C': 4, 'D': 4, 'B': 3}","[0.75, 1.0, 1.0]",3.96
95,"[1, 3, 4]","[3, 4, 4]","[0.58, 0.79, 0.88]","[['B', 'D', 'A', 'C'], ['C', 'B', 'A', 'D'], ['D', 'A', 'C', 'B']]","{'A': 4, 'C': 4, 'D': 4, 'B': 3}","[0.75, 1.0, 1.0]",3.96
95,"[1, 3, 4]","[3, 4, 4]","[0.58, 0.79, 0.88]","[['B', 'D', 'A', 'C'], ['C', 'B', 'A', 'D'], ['D', 'C', 'A', 'B']]","{'A': 4, 'C': 4, 'D': 4, 'B': 3}","[0.75, 1.0, 1.0]",3.96
95,"[1, 3, 4]","[3, 4, 4]","[0.58, 0.79, 0.88]","[['B', 'D', 'A', 'C'], ['C', 'D', 'A', 'B'], ['A', 'B', 'C', 'D']]","{'A': 4, 'C': 4, 'D': 4, 'B': 3}","[0.75, 1.0, 1.0]",3.96
95,"[1, 3, 4]","[3, 4, 4]","[0.58, 0.79, 0.88]","[['B', 'D', 'A', 'C'], ['C', 'D', 'A', 'B'], ['A', 'C', 'B', 'D']]","{'A': 4, 'C': 4, 'D': 4, 'B': 3}","[0.75, 1.0, 1.0]",3.96
95,"[1, 3, 4]","[3, 4, 4]","[0.58, 0.79, 0.88]","[['B', 'D', 'A', 'C'], ['C', 'D', 'A', 'B'], ['B', 'A', 'C', 'D']]","{'A': 4, 'C': 4, 'D': 4, 'B': 3}","[0.75, 1.0, 1.0]",3.96
95,"[1, 3, 4]","[3, 4, 4]","[0.58, 0.79, 0.88]","[['B', 'D', 'A', 'C'], ['C', 'D', 'A', 'B'], ['B', 'C', 'A', 'D']]","{'A': 4, 'C': 4, 'D': 4, 'B': 3}","[0.75, 1.0, 1.0]",3.96
95,"[1, 3, 4]","[3, 4, 4]","[0.58, 0.79, 0.88]","[['B', 'D', 'A', 'C'], ['C', 'D', 'A', 'B'], ['C', 'A', 'B', 'D']]","{'A': 4, 'C': 4, 'D': 4, 'B': 3}","[0.75, 1.0, 1.0]",3.96
95,"[1, 3, 4]","[3, 4, 4]","[0.58, 0.79, 0.88]","[['B', 'D', 'A', 'C'], ['C', 'D', 'A', 'B'], ['C', 'B', 'A', 'D']]","{'A': 4, 'C': 4, 'D': 4, 'B': 3}","[0.75, 1.0, 1.0]",3.96
95,"[1, 3, 4]","[3, 4, 4]","[0.58, 0.79, 0.88]","[['B', 'D', 'A', 'C'], ['D', 'A', 'C', 'B'], ['A', 'B', 'C', 'D']]","{'A': 4, 'C': 4, 'D': 4, 'B': 3}","[0.75, 1.0, 1.0]",3.96
95,"[1, 3, 4]","[3, 4, 4]","[0.58, 0.79, 0.88]","[['B', 'D', 'A', 'C'], ['D', 'A', 'C', 'B'], ['A', 'C', 'B', 'D']]","{'A': 4, 'C': 4, 'D': 4, 'B': 3}","[0.75, 1.0, 1.0]",3.96
95,"[1, 3, 4]","[3, 4, 4]","[0.58, 0.79, 0.88]","[['B', 'D', 'A', 'C'], ['D', 'A', 'C', 'B'], ['B', 'A', 'C', 'D']]","{'A': 4, 'C': 4, 'D': 4, 'B': 3}","[0.75, 1.0, 1.0]",3.96
95,"[1, 3, 4]","[3, 4, 4]","[0.58, 0.79, 0.88]","[['B', 'D', 'A', 'C'], ['D', 'A', 'C', 'B'], ['B', 'C', 'A', 'D']]","{'A': 4, 'C': 4, 'D': 4, 'B': 3}","[0.75, 1.0, 1.0]",3.96
95,"[1, 3, 4]","[3, 4, 4]","[0.58, 0.79, 0.88]","[['B', 'D', 'A', 'C'], ['D', 'A', 'C', 'B'], ['C', 'A', 'B', 'D']]","{'A': 4, 'C': 4, 'D': 4, 'B': 3}","[0.75, 1.0, 1.0]",3.96
95,"[1, 3, 4]","[3, 4, 4]","[0.58, 0.79, 0.88]","[['B', 'D', 'A', 'C'], ['D', 'A', 'C', 'B'], ['C', 'B', 'A', 'D']]","{'A': 4, 'C': 4, 'D': 4, 'B': 3}","[0.75, 1.0, 1.0]",3.96
95,"[1, 3, 4]","[3, 4, 4]","[0.58, 0.79, 0.88]","[['B', 'D', 'A', 'C'], ['D', 'C', 'A', 'B'], ['A', 'B', 'C', 'D']]","{'A': 4, 'C': 4, 'D': 4, 'B': 3}","[0.75, 1.0, 1.0]",3.96
95,"[1, 3, 4]","[3, 4, 4]","[0.58, 0.79, 0.88]","[['B', 'D', 'A', 'C'], ['D', 'C', 'A', 'B'], ['A', 'C', 'B', 'D']]","{'A': 4, 'C': 4, 'D': 4, 'B': 3}","[0.75, 1.0, 1.0]",3.96
95,"[1, 3, 4]","[3, 4, 4]","[0.58, 0.79, 0.88]","[['B', 'D', 'A', 'C'], ['D', 'C', 'A', 'B'], ['B', 'A', 'C', 'D']]","{'A': 4, 'C': 4, 'D': 4, 'B': 3}","[0.75, 1.0, 1.0]",3.96
95,"[1, 3, 4]","[3, 4, 4]","[0.58, 0.79, 0.88]","[['B', 'D', 'A', 'C'], ['D', 'C', 'A', 'B'], ['B', 'C', 'A', 'D']]","{'A': 4, 'C': 4, 'D': 4, 'B': 3}","[0.75, 1.0, 1.0]",3.96
95,"[1, 3, 4]","[3, 4, 4]","[0.58, 0.79, 0.88]","[['B', 'D', 'A', 'C'], ['D', 'C', 'A', 'B'], ['C', 'A', 'B', 'D']]","{'A': 4, 'C': 4, 'D': 4, 'B': 3}","[0.75, 1.0, 1.0]",3.96
95,"[1, 3, 4]","[3, 4, 4]","[0.58, 0.79, 0.88]","[['B', 'D', 'A', 'C'], ['D', 'C', 'A', 'B'], ['C', 'B', 'A', 'D']]","{'A': 4, 'C': 4, 'D': 4, 'B': 3}","[0.75, 1.0, 1.0]",3.96
95,"[1, 3, 4]","[3, 4, 4]","[0.58, 0.79, 0.88]","[['C', 'A', 'B', 'D'], ['A', 'B', 'D', 'C'], ['A', 'C', 'D', 'B']]","{'A': 4, 'C': 4, 'D': 4, 'B': 3}","[0.75, 1.0, 1.0]",3.96
95,"[1, 3, 4]","[3, 4, 4]","[0.58, 0.79, 0.88]","[['C', 'A', 'B', 'D'], ['A', 'B', 'D', 'C'], ['A', 'D', 'C', 'B']]","{'A': 4, 'C': 4, 'D': 4, 'B': 3}","[0.75, 1.0, 1.0]",3.96
95,"[1, 3, 4]","[3, 4, 4]","[0.58, 0.79, 0.88]","[['C', 'A', 'B', 'D'], ['A', 'B', 'D', 'C'], ['C', 'A', 'D', 'B']]","{'A': 4, 'C': 4, 'D': 4, 'B': 3}","[0.75, 1.0, 1.0]",3.96
95,"[1, 3, 4]","[3, 4, 4]","[0.58, 0.79, 0.88]","[['C', 'A', 'B', 'D'], ['A', 'B', 'D', 'C'], ['C', 'D', 'A', 'B']]","{'A': 4, 'C': 4, 'D': 4, 'B': 3}","[0.75, 1.0, 1.0]",3.96
95,"[1, 3, 4]","[3, 4, 4]","[0.58, 0.79, 0.88]","[['C', 'A', 'B', 'D'], ['A', 'B', 'D', 'C'], ['D', 'A', 'C', 'B']]","{'A': 4, 'C': 4, 'D': 4, 'B': 3}","[0.75, 1.0, 1.0]",3.96
95,"[1, 3, 4]","[3, 4, 4]","[0.58, 0.79, 0.88]","[['C', 'A', 'B', 'D'], ['A', 'B', 'D', 'C'], ['D', 'C', 'A', 'B']]","{'A': 4, 'C': 4, 'D': 4, 'B': 3}","[0.75, 1.0, 1.0]",3.96
95,"[1, 3, 4]","[3, 4, 4]","[0.58, 0.79, 0.88]","[['C', 'A', 'B', 'D'], ['A', 'C', 'D', 'B'], ['A', 'B', 'D', 'C']]","{'A': 4, 'C': 4, 'D': 4, 'B': 3}","[0.75, 1.0, 1.0]",3.96
95,"[1, 3, 4]","[3, 4, 4]","[0.58, 0.79, 0.88]","[['C', 'A', 'B', 'D'], ['A', 'C', 'D', 'B'], ['A', 'D', 'B', 'C']]","{'A': 4, 'C': 4, 'D': 4, 'B': 3}","[0.75, 1.0, 1.0]",3.96
95,"[1, 3, 4]","[3, 4, 4]","[0.58, 0.79, 0.88]","[['C', 'A', 'B', 'D'], ['A', 'C', 'D', 'B'], ['B', 'A', 'D', 'C']]","{'A': 4, 'C': 4, 'D': 4, 'B': 3}","[0.75, 1.0, 1.0]",3.96
95,"[1, 3, 4]","[3, 4, 4]","[0.58, 0.79, 0.88]","[['C', 'A', 'B', 'D'], ['A', 'C', 'D', 'B'], ['B', 'D', 'A', 'C']]","{'A': 4, 'C': 4, 'D': 4, 'B': 3}","[0.75, 1.0, 1.0]",3.96
95,"[1, 3, 4]","[3, 4, 4]","[0.58, 0.79, 0.88]","[['C', 'A', 'B', 'D'], ['A', 'C', 'D', 'B'], ['D', 'A', 'B', 'C']]","{'A': 4, 'C': 4, 'D': 4, 'B': 3}","[0.75, 1.0, 1.0]",3.96
95,"[1, 3, 4]","[3, 4, 4]","[0.58, 0.79, 0.88]","[['C', 'A', 'B', 'D'], ['A', 'C', 'D', 'B'], ['D', 'B', 'A', 'C']]","{'A': 4, 'C': 4, 'D': 4, 'B': 3}","[0.75, 1.0, 1.0]",3.96
95,"[1, 3, 4]","[3, 4, 4]","[0.58, 0.79, 0.88]","[['C', 'A', 'B', 'D'], ['A', 'D', 'B', 'C'], ['A', 'C', 'D', 'B']]","{'A': 4, 'C': 4, 'D': 4, 'B': 3}","[0.75, 1.0, 1.0]",3.96
95,"[1, 3, 4]","[3, 4, 4]","[0.58, 0.79, 0.88]","[['C', 'A', 'B', 'D'], ['A', 'D', 'B', 'C'], ['A', 'D', 'C', 'B']]","{'A': 4, 'C': 4, 'D': 4, 'B': 3}","[0.75, 1.0, 1.0]",3.96
95,"[1, 3, 4]","[3, 4, 4]","[0.58, 0.79, 0.88]","[['C', 'A', 'B', 'D'], ['A', 'D', 'B', 'C'], ['C', 'A', 'D', 'B']]","{'A': 4, 'C': 4, 'D': 4, 'B': 3}","[0.75, 1.0, 1.0]",3.96
95,"[1, 3, 4]","[3, 4, 4]","[0.58, 0.79, 0.88]","[['C', 'A', 'B', 'D'], ['A', 'D', 'B', 'C'], ['C', 'D', 'A', 'B']]","{'A': 4, 'C': 4, 'D': 4, 'B': 3}","[0.75, 1.0, 1.0]",3.96
95,"[1, 3, 4]","[3, 4, 4]","[0.58, 0.79, 0.88]","[['C', 'A', 'B', 'D'], ['A', 'D', 'B', 'C'], ['D', 'A', 'C', 'B']]","{'A': 4, 'C': 4, 'D': 4, 'B': 3}","[0.75, 1.0, 1.0]",3.96
95,"[1, 3, 4]","[3, 4, 4]","[0.58, 0.79, 0.88]","[['C', 'A', 'B', 'D'], ['A', 'D', 'B', 'C'], ['D', 'C', 'A', 'B']]","{'A': 4, 'C': 4, 'D': 4, 'B': 3}","[0.75, 1.0, 1.0]",3.96
95,"[1, 3, 4]","[3, 4, 4]","[0.58, 0.79, 0.88]","[['C', 'A', 'B', 'D'], ['A', 'D', 'C', 'B'], ['A', 'B', 'D', 'C']]","{'A': 4, 'C': 4, 'D': 4, 'B': 3}","[0.75, 1.0, 1.0]",3.96
95,"[1, 3, 4]","[3, 4, 4]","[0.58, 0.79, 0.88]","[['C', 'A', 'B', 'D'], ['A', 'D', 'C', 'B'], ['A', 'D', 'B', 'C']]","{'A': 4, 'C': 4, 'D': 4, 'B': 3}","[0.75, 1.0, 1.0]",3.96
95,"[1, 3, 4]","[3, 4, 4]","[0.58, 0.79, 0.88]","[['C', 'A', 'B', 'D'], ['A', 'D', 'C', 'B'], ['B', 'A', 'D', 'C']]","{'A': 4, 'C': 4, 'D': 4, 'B': 3}","[0.75, 1.0, 1.0]",3.96
95,"[1, 3, 4]","[3, 4, 4]","[0.58, 0.79, 0.88]","[['C', 'A', 'B', 'D'], ['A', 'D', 'C', 'B'], ['B', 'D', 'A', 'C']]","{'A': 4, 'C': 4, 'D': 4, 'B': 3}","[0.75, 1.0, 1.0]",3.96
95,"[1, 3, 4]","[3, 4, 4]","[0.58, 0.79, 0.88]","[['C', 'A', 'B', 'D'], ['A', 'D', 'C', 'B'], ['D', 'A', 'B', 'C']]","{'A': 4, 'C': 4, 'D': 4, 'B': 3}","[0.75, 1.0, 1.0]",3.96
95,"[1, 3, 4]","[3, 4, 4]","[0.58, 0.79, 0.88]","[['C', 'A', 'B', 'D'], ['A', 'D', 'C', 'B'], ['D', 'B', 'A', 'C']]","{'A': 4, 'C': 4, 'D': 4, 'B': 3}","[0.75, 1.0, 1.0]",3.96
95,"[1, 3, 4]","[3, 4, 4]","[0.58, 0.79, 0.88]","[['C', 'A', 'B', 'D'], ['B', 'A', 'D', 'C'], ['A', 'C', 'D', 'B']]","{'A': 4, 'C': 4, 'D': 4, 'B': 3}","[0.75, 1.0, 1.0]",3.96
95,"[1, 3, 4]","[3, 4, 4]","[0.58, 0.79, 0.88]","[['C', 'A', 'B', 'D'], ['B', 'A', 'D', 'C'], ['A', 'D', 'C', 'B']]","{'A': 4, 'C': 4, 'D': 4, 'B': 3}","[0.75, 1.0, 1.0]",3.96
95,"[1, 3, 4]","[3, 4, 4]","[0.58, 0.79, 0.88]","[['C', 'A', 'B', 'D'], ['B', 'A', 'D', 'C'], ['C', 'A', 'D', 'B']]","{'A': 4, 'C': 4, 'D': 4, 'B': 3}","[0.75, 1.0, 1.0]",3.96
95,"[1, 3, 4]","[3, 4, 4]","[0.58, 0.79, 0.88]","[['C', 'A', 'B', 'D'], ['B', 'A', 'D', 'C'], ['C', 'D', 'A', 'B']]","{'A': 4, 'C': 4, 'D': 4, 'B': 3}","[0.75, 1.0, 1.0]",3.96
95,"[1, 3, 4]","[3, 4, 4]","[0.58, 0.79, 0.88]","[['C', 'A', 'B', 'D'], ['B', 'A', 'D', 'C'], ['D', 'A', 'C', 'B']]","{'A': 4, 'C': 4, 'D': 4, 'B': 3}","[0.75, 1.0, 1.0]",3.96
95,"[1, 3, 4]","[3, 4, 4]","[0.58, 0.79, 0.88]","[['C', 'A', 'B', 'D'], ['B', 'A', 'D', 'C'], ['D', 'C', 'A', 'B']]","{'A': 4, 'C': 4, 'D': 4, 'B': 3}","[0.75, 1.0, 1.0]",3.96
95,"[1, 3, 4]","[3, 4, 4]","[0.58, 0.79, 0.88]","[['C', 'A', 'B', 'D'], ['B', 'D', 'A', 'C'], ['A', 'C', 'D', 'B']]","{'A': 4, 'C': 4, 'D': 4, 'B': 3}","[0.75, 1.0, 1.0]",3.96
95,"[1, 3, 4]","[3, 4, 4]","[0.58, 0.79, 0.88]","[['C', 'A', 'B', 'D'], ['B', 'D', 'A', 'C'], ['A', 'D', 'C', 'B']]","{'A': 4, 'C': 4, 'D': 4, 'B': 3}","[0.75, 1.0, 1.0]",3.96
95,"[1, 3, 4]","[3, 4, 4]","[0.58, 0.79, 0.88]","[['C', 'A', 'B', 'D'], ['B', 'D', 'A', 'C'], ['C', 'A', 'D', 'B']]","{'A': 4, 'C': 4, 'D': 4, 'B': 3}","[0.75, 1.0, 1.0]",3.96
95,"[1, 3, 4]","[3, 4, 4]","[0.58, 0.79, 0.88]","[['C', 'A', 'B', 'D'], ['B', 'D', 'A', 'C'], ['C', 'D', 'A', 'B']]","{'A': 4, 'C': 4, 'D': 4, 'B': 3}","[0.75, 1.0, 1.0]",3.96
95,"[1, 3, 4]","[3, 4, 4]","[0.58, 0.79, 0.88]","[['C', 'A', 'B', 'D'], ['B', 'D', 'A', 'C'], ['D', 'A', 'C', 'B']]","{'A': 4, 'C': 4, 'D': 4, 'B': 3}","[0.75, 1.0, 1.0]",3.96
95,"[1, 3, 4]","[3, 4, 4]","[0.58, 0.79, 0.88]","[['C', 'A', 'B', 'D'], ['B', 'D', 'A', 'C'], ['D', 'C', 'A', 'B']]","{'A': 4, 'C': 4, 'D': 4, 'B': 3}","[0.75, 1.0, 1.0]",3.96
95,"[1, 3, 4]","[3, 4, 4]","[0.58, 0.79, 0.88]","[['C', 'A', 'B', 'D'], ['C', 'A', 'D', 'B'], ['A', 'B', 'D', 'C']]","{'A': 4, 'C': 4, 'D': 4, 'B': 3}","[0.75, 1.0, 1.0]",3.96
95,"[1, 3, 4]","[3, 4, 4]","[0.58, 0.79, 0.88]","[['C', 'A', 'B', 'D'], ['C', 'A', 'D', 'B'], ['A', 'D', 'B', 'C']]","{'A': 4, 'C': 4, 'D': 4, 'B': 3}","[0.75, 1.0, 1.0]",3.96
95,"[1, 3, 4]","[3, 4, 4]","[0.58, 0.79, 0.88]","[['C', 'A', 'B', 'D'], ['C', 'A', 'D', 'B'], ['B', 'A', 'D', 'C']]","{'A': 4, 'C': 4, 'D': 4, 'B': 3}","[0.75, 1.0, 1.0]",3.96
95,"[1, 3, 4]","[3, 4, 4]","[0.58, 0.79, 0.88]","[['C', 'A', 'B', 'D'], ['C', 'A', 'D', 'B'], ['B', 'D', 'A', 'C']]","{'A': 4, 'C': 4, 'D': 4, 'B': 3}","[0.75, 1.0, 1.0]",3.96
95,"[1, 3, 4]","[3, 4, 4]","[0.58, 0.79, 0.88]","[['C', 'A', 'B', 'D'], ['C', 'A', 'D', 'B'], ['D', 'A', 'B', 'C']]","{'A': 4, 'C': 4, 'D': 4, 'B': 3}","[0.75, 1.0, 1.0]",3.96
95,"[1, 3, 4]","[3, 4, 4]","[0.58, 0.79, 0.88]","[['C', 'A', 'B', 'D'], ['C', 'A', 'D', 'B'], ['D', 'B', 'A', 'C']]","{'A': 4, 'C': 4, 'D': 4, 'B': 3}","[0.75, 1.0, 1.0]",3.96
95,"[1, 3, 4]","[3, 4, 4]","[0.58, 0.79, 0.88]","[['C', 'A', 'B', 'D'], ['C', 'D', 'A', 'B'], ['A', 'B', 'D', 'C']]","{'A': 4, 'C': 4, 'D': 4, 'B': 3}","[0.75, 1.0, 1.0]",3.96
95,"[1, 3, 4]","[3, 4, 4]","[0.58, 0.79, 0.88]","[['C', 'A', 'B', 'D'], ['C', 'D', 'A', 'B'], ['A', 'D', 'B', 'C']]","{'A': 4, 'C': 4, 'D': 4, 'B': 3}","[0.75, 1.0, 1.0]",3.96
95,"[1, 3, 4]","[3, 4, 4]","[0.58, 0.79, 0.88]","[['C', 'A', 'B', 'D'], ['C', 'D', 'A', 'B'], ['B', 'A', 'D', 'C']]","{'A': 4, 'C': 4, 'D': 4, 'B': 3}","[0.75, 1.0, 1.0]",3.96
95,"[1, 3, 4]","[3, 4, 4]","[0.58, 0.79, 0.88]","[['C', 'A', 'B', 'D'], ['C', 'D', 'A', 'B'], ['B', 'D', 'A', 'C']]","{'A': 4, 'C': 4, 'D': 4, 'B': 3}","[0.75, 1.0, 1.0]",3.96
95,"[1, 3, 4]","[3, 4, 4]","[0.58, 0.79, 0.88]","[['C', 'A', 'B', 'D'], ['C', 'D', 'A', 'B'], ['D', 'A', 'B', 'C']]","{'A': 4, 'C': 4, 'D': 4, 'B': 3}","[0.75, 1.0, 1.0]",3.96
95,"[1, 3, 4]","[3, 4, 4]","[0.58, 0.79, 0.88]","[['C', 'A', 'B', 'D'], ['C', 'D', 'A', 'B'], ['D', 'B', 'A', 'C']]","{'A': 4, 'C': 4, 'D': 4, 'B': 3}","[0.75, 1.0, 1.0]",3.96
95,"[1, 3, 4]","[3, 4, 4]","[0.58, 0.79, 0.88]","[['C', 'A', 'B', 'D'], ['D', 'A', 'B', 'C'], ['A', 'C', 'D', 'B']]","{'A': 4, 'C': 4, 'D': 4, 'B': 3}","[0.75, 1.0, 1.0]",3.96
95,"[1, 3, 4]","[3, 4, 4]","[0.58, 0.79, 0.88]","[['C', 'A', 'B', 'D'], ['D', 'A', 'B', 'C'], ['A', 'D', 'C', 'B']]","{'A': 4, 'C': 4, 'D': 4, 'B': 3}","[0.75, 1.0, 1.0]",3.96
95,"[1, 3, 4]","[3, 4, 4]","[0.58, 0.79, 0.88]","[['C', 'A', 'B', 'D'], ['D', 'A', 'B', 'C'], ['C', 'A', 'D', 'B']]","{'A': 4, 'C': 4, 'D': 4, 'B': 3}","[0.75, 1.0, 1.0]",3.96
95,"[1, 3, 4]","[3, 4, 4]","[0.58, 0.79, 0.88]","[['C', 'A', 'B', 'D'], ['D', 'A', 'B', 'C'], ['C', 'D', 'A', 'B']]","{'A': 4, 'C': 4, 'D': 4, 'B': 3}","[0.75, 1.0, 1.0]",3.96
95,"[1, 3, 4]","[3, 4, 4]","[0.58, 0.79, 0.88]","[['C', 'A', 'B', 'D'], ['D', 'A', 'B', 'C'], ['D', 'A', 'C', 'B']]","{'A': 4, 'C': 4, 'D': 4, 'B': 3}","[0.75, 1.0, 1.0]",3.96
95,"[1, 3, 4]","[3, 4, 4]","[0.58, 0.79, 0.88]","[['C', 'A', 'B', 'D'], ['D', 'A', 'B', 'C'], ['D', 'C', 'A', 'B']]","{'A': 4, 'C': 4, 'D': 4, 'B': 3}","[0.75, 1.0, 1.0]",3.96
95,"[1, 3, 4]","[3, 4, 4]","[0.58, 0.79, 0.88]","[['C', 'A', 'B', 'D'], ['D', 'A', 'C', 'B'], ['A', 'B', 'D', 'C']]","{'A': 4, 'C': 4, 'D': 4, 'B': 3}","[0.75, 1.0, 1.0]",3.96
95,"[1, 3, 4]","[3, 4, 4]","[0.58, 0.79, 0.88]","[['C', 'A', 'B', 'D'], ['D', 'A', 'C', 'B'], ['A', 'D', 'B', 'C']]","{'A': 4, 'C': 4, 'D': 4, 'B': 3}","[0.75, 1.0, 1.0]",3.96
95,"[1, 3, 4]","[3, 4, 4]","[0.58, 0.79, 0.88]","[['C', 'A', 'B', 'D'], ['D', 'A', 'C', 'B'], ['B', 'A', 'D', 'C']]","{'A': 4, 'C': 4, 'D': 4, 'B': 3}","[0.75, 1.0, 1.0]",3.96
95,"[1, 3, 4]","[3, 4, 4]","[0.58, 0.79, 0.88]","[['C', 'A', 'B', 'D'], ['D', 'A', 'C', 'B'], ['B', 'D', 'A', 'C']]","{'A': 4, 'C': 4, 'D': 4, 'B': 3}","[0.75, 1.0, 1.0]",3.96
95,"[1, 3, 4]","[3, 4, 4]","[0.58, 0.79, 0.88]","[['C', 'A', 'B', 'D'], ['D', 'A', 'C', 'B'], ['D', 'A', 'B', 'C']]","{'A': 4, 'C': 4, 'D': 4, 'B': 3}","[0.75, 1.0, 1.0]",3.96
95,"[1, 3, 4]","[3, 4, 4]","[0.58, 0.79, 0.88]","[['C', 'A', 'B', 'D'], ['D', 'A', 'C', 'B'], ['D', 'B', 'A', 'C']]","{'A': 4, 'C': 4, 'D': 4, 'B': 3}","[0.75, 1.0, 1.0]",3.96
95,"[1, 3, 4]","[3, 4, 4]","[0.58, 0.79, 0.88]","[['C', 'A', 'B', 'D'], ['D', 'B', 'A', 'C'], ['A', 'C', 'D', 'B']]","{'A': 4, 'C': 4, 'D': 4, 'B': 3}","[0.75, 1.0, 1.0]",3.96
95,"[1, 3, 4]","[3, 4, 4]","[0.58, 0.79, 0.88]","[['C', 'A', 'B', 'D'], ['D', 'B', 'A', 'C'], ['A', 'D', 'C', 'B']]","{'A': 4, 'C': 4, 'D': 4, 'B': 3}","[0.75, 1.0, 1.0]",3.96
95,"[1, 3, 4]","[3, 4, 4]","[0.58, 0.79, 0.88]","[['C', 'A', 'B', 'D'], ['D', 'B', 'A', 'C'], ['C', 'A', 'D', 'B']]","{'A': 4, 'C': 4, 'D': 4, 'B': 3}","[0.75, 1.0, 1.0]",3.96
95,"[1, 3, 4]","[3, 4, 4]","[0.58, 0.79, 0.88]","[['C', 'A', 'B', 'D'], ['D', 'B', 'A', 'C'], ['C', 'D', 'A', 'B']]","{'A': 4, 'C': 4, 'D': 4, 'B': 3}","[0.75, 1.0, 1.0]",3.96
95,"[1, 3, 4]","[3, 4, 4]","[0.58, 0.79, 0.88]","[['C', 'A', 'B', 'D'], ['D', 'B', 'A', 'C'], ['D', 'A', 'C', 'B']]","{'A': 4, 'C': 4, 'D': 4, 'B': 3}","[0.75, 1.0, 1.0]",3.96
95,"[1, 3, 4]","[3, 4, 4]","[0.58, 0.79, 0.88]","[['C', 'A', 'B', 'D'], ['D', 'B', 'A', 'C'], ['D', 'C', 'A', 'B']]","{'A': 4, 'C': 4, 'D': 4, 'B': 3}","[0.75, 1.0, 1.0]",3.96
95,"[1, 3, 4]","[3, 4, 4]","[0.58, 0.79, 0.88]","[['C', 'A', 'B', 'D'], ['D', 'C', 'A', 'B'], ['A', 'B', 'D', 'C']]","{'A': 4, 'C': 4, 'D': 4, 'B': 3}","[0.75, 1.0, 1.0]",3.96
95,"[1, 3, 4]","[3, 4, 4]","[0.58, 0.79, 0.88]","[['C', 'A', 'B', 'D'], ['D', 'C', 'A', 'B'], ['A', 'D', 'B', 'C']]","{'A': 4, 'C': 4, 'D': 4, 'B': 3}","[0.75, 1.0, 1.0]",3.96
95,"[1, 3, 4]","[3, 4, 4]","[0.58, 0.79, 0.88]","[['C', 'A', 'B', 'D'], ['D', 'C', 'A', 'B'], ['B', 'A', 'D', 'C']]","{'A': 4, 'C': 4, 'D': 4, 'B': 3}","[0.75, 1.0, 1.0]",3.96
95,"[1, 3, 4]","[3, 4, 4]","[0.58, 0.79, 0.88]","[['C', 'A', 'B', 'D'], ['D', 'C', 'A', 'B'], ['B', 'D', 'A', 'C']]","{'A': 4, 'C': 4, 'D': 4, 'B': 3}","[0.75, 1.0, 1.0]",3.96
95,"[1, 3, 4]","[3, 4, 4]","[0.58, 0.79, 0.88]","[['C', 'A', 'B', 'D'], ['D', 'C', 'A', 'B'], ['D', 'A', 'B', 'C']]","{'A': 4, 'C': 4, 'D': 4, 'B': 3}","[0.75, 1.0, 1.0]",3.96
95,"[1, 3, 4]","[3, 4, 4]","[0.58, 0.79, 0.88]","[['C', 'A', 'B', 'D'], ['D', 'C', 'A', 'B'], ['D', 'B', 'A', 'C']]","{'A': 4, 'C': 4, 'D': 4, 'B': 3}","[0.75, 1.0, 1.0]",3.96
95,"[1, 3, 4]","[3, 4, 4]","[0.58, 0.79, 0.88]","[['C', 'A', 'D', 'B'], ['A', 'B', 'C', 'D'], ['A', 'B', 'D', 'C']]","{'A': 4, 'C': 4, 'D': 4, 'B': 3}","[0.75, 1.0, 1.0]",3.96
95,"[1, 3, 4]","[3, 4, 4]","[0.58, 0.79, 0.88]","[['C', 'A', 'D', 'B'], ['A', 'B', 'C', 'D'], ['A', 'D', 'B', 'C']]","{'A': 4, 'C': 4, 'D': 4, 'B': 3}","[0.75, 1.0, 1.0]",3.96
95,"[1, 3, 4]","[3, 4, 4]","[0.58, 0.79, 0.88]","[['C', 'A', 'D', 'B'], ['A', 'B', 'C', 'D'], ['B', 'A', 'D', 'C']]","{'A': 4, 'C': 4, 'D': 4, 'B': 3}","[0.75, 1.0, 1.0]",3.96
95,"[1, 3, 4]","[3, 4, 4]","[0.58, 0.79, 0.88]","[['C', 'A', 'D', 'B'], ['A', 'B', 'C', 'D'], ['B', 'D', 'A', 'C']]","{'A': 4, 'C': 4, 'D': 4, 'B': 3}","[0.75, 1.0, 1.0]",3.96
95,"[1, 3, 4]","[3, 4, 4]","[0.58, 0.79, 0.88]","[['C', 'A', 'D', 'B'], ['A', 'B', 'C', 'D'], ['D', 'A', 'B', 'C']]","{'A': 4, 'C': 4, 'D': 4, 'B': 3}","[0.75, 1.0, 1.0]",3.96
95,"[1, 3, 4]","[3, 4, 4]","[0.58, 0.79, 0.88]","[['C', 'A', 'D', 'B'], ['A', 'B', 'C', 'D'], ['D', 'B', 'A', 'C']]","{'A': 4, 'C': 4, 'D': 4, 'B': 3}","[0.75, 1.0, 1.0]",3.96
95,"[1, 3, 4]","[3, 4, 4]","[0.58, 0.79, 0.88]","[['C', 'A', 'D', 'B'], ['A', 'B', 'D', 'C'], ['A', 'B', 'C', 'D']]","{'A': 4, 'C': 4, 'D': 4, 'B': 3}","[0.75, 1.0, 1.0]",3.96
95,"[1, 3, 4]","[3, 4, 4]","[0.58, 0.79, 0.88]","[['C', 'A', 'D', 'B'], ['A', 'B', 'D', 'C'], ['A', 'C', 'B', 'D']]","{'A': 4, 'C': 4, 'D': 4, 'B': 3}","[0.75, 1.0, 1.0]",3.96
95,"[1, 3, 4]","[3, 4, 4]","[0.58, 0.79, 0.88]","[['C', 'A', 'D', 'B'], ['A', 'B', 'D', 'C'], ['B', 'A', 'C', 'D']]","{'A': 4, 'C': 4, 'D': 4, 'B': 3}","[0.75, 1.0, 1.0]",3.96
95,"[1, 3, 4]","[3, 4, 4]","[0.58, 0.79, 0.88]","[['C', 'A', 'D', 'B'], ['A', 'B', 'D', 'C'], ['B', 'C', 'A', 'D']]","{'A': 4, 'C': 4, 'D': 4, 'B': 3}","[0.75, 1.0, 1.0]",3.96
95,"[1, 3, 4]","[3, 4, 4]","[0.58, 0.79, 0.88]","[['C', 'A', 'D', 'B'], ['A', 'B', 'D', 'C'], ['C', 'A', 'B', 'D']]","{'A': 4, 'C': 4, 'D': 4, 'B': 3}","[0.75, 1.0, 1.0]",3.96
95,"[1, 3, 4]","[3, 4, 4]","[0.58, 0.79, 0.88]","[['C', 'A', 'D', 'B'], ['A', 'B', 'D', 'C'], ['C', 'B', 'A', 'D']]","{'A': 4, 'C': 4, 'D': 4, 'B': 3}","[0.75, 1.0, 1.0]",3.96
95,"[1, 3, 4]","[3, 4, 4]","[0.58, 0.79, 0.88]","[['C', 'A', 'D', 'B'], ['A', 'C', 'B', 'D'], ['A', 'B', 'D', 'C']]","{'A': 4, 'C': 4, 'D': 4, 'B': 3}","[0.75, 1.0, 1.0]",3.96
95,"[1, 3, 4]","[3, 4, 4]","[0.58, 0.79, 0.88]","[['C', 'A', 'D', 'B'], ['A', 'C', 'B', 'D'], ['A', 'D', 'B', 'C']]","{'A': 4, 'C': 4, 'D': 4, 'B': 3}","[0.75, 1.0, 1.0]",3.96
95,"[1, 3, 4]","[3, 4, 4]","[0.58, 0.79, 0.88]","[['C', 'A', 'D', 'B'], ['A', 'C', 'B', 'D'], ['B', 'A', 'D', 'C']]","{'A': 4, 'C': 4, 'D': 4, 'B': 3}","[0.75, 1.0, 1.0]",3.96
95,"[1, 3, 4]","[3, 4, 4]","[0.58, 0.79, 0.88]","[['C', 'A', 'D', 'B'], ['A', 'C', 'B', 'D'], ['B', 'D', 'A', 'C']]","{'A': 4, 'C': 4, 'D': 4, 'B': 3}","[0.75, 1.0, 1.0]",3.96
95,"[1, 3, 4]","[3, 4, 4]","[0.58, 0.79, 0.88]","[['C', 'A', 'D', 'B'], ['A', 'C', 'B', 'D'], ['D', 'A', 'B', 'C']]","{'A': 4, 'C': 4, 'D': 4, 'B': 3}","[0.75, 1.0, 1.0]",3.96
95,"[1, 3, 4]","[3, 4, 4]","[0.58, 0.79, 0.88]","[['C', 'A', 'D', 'B'], ['A', 'C', 'B', 'D'], ['D', 'B', 'A', 'C']]","{'A': 4, 'C': 4, 'D': 4, 'B': 3}","[0.75, 1.0, 1.0]",3.96
95,"[1, 3, 4]","[3, 4, 4]","[0.58, 0.79, 0.88]","[['C', 'A', 'D', 'B'], ['A', 'D', 'B', 'C'], ['A', 'B', 'C', 'D']]","{'A': 4, 'C': 4, 'D': 4, 'B': 3}","[0.75, 1.0, 1.0]",3.96
95,"[1, 3, 4]","[3, 4, 4]","[0.58, 0.79, 0.88]","[['C', 'A', 'D', 'B'], ['A', 'D', 'B', 'C'], ['A', 'C', 'B', 'D']]","{'A': 4, 'C': 4, 'D': 4, 'B': 3}","[0.75, 1.0, 1.0]",3.96
95,"[1, 3, 4]","[3, 4, 4]","[0.58, 0.79, 0.88]","[['C', 'A', 'D', 'B'], ['A', 'D', 'B', 'C'], ['B', 'A', 'C', 'D']]","{'A': 4, 'C': 4, 'D': 4, 'B': 3}","[0.75, 1.0, 1.0]",3.96
95,"[1, 3, 4]","[3, 4, 4]","[0.58, 0.79, 0.88]","[['C', 'A', 'D', 'B'], ['A', 'D', 'B', 'C'], ['B', 'C', 'A', 'D']]","{'A': 4, 'C': 4, 'D': 4, 'B': 3}","[0.75, 1.0, 1.0]",3.96
95,"[1, 3, 4]","[3, 4, 4]","[0.58, 0.79, 0.88]","[['C', 'A', 'D', 'B'], ['A', 'D', 'B', 'C'], ['C', 'A', 'B', 'D']]","{'A': 4, 'C': 4, 'D': 4, 'B': 3}","[0.75, 1.0, 1.0]",3.96
95,"[1, 3, 4]","[3, 4, 4]","[0.58, 0.79, 0.88]","[['C', 'A', 'D', 'B'], ['A', 'D', 'B', 'C'], ['C', 'B', 'A', 'D']]","{'A': 4, 'C': 4, 'D': 4, 'B': 3}","[0.75, 1.0, 1.0]",3.96
95,"[1, 3, 4]","[3, 4, 4]","[0.58, 0.79, 0.88]","[['C', 'A', 'D', 'B'], ['B', 'A', 'C', 'D'], ['A', 'B', 'D', 'C']]","{'A': 4, 'C': 4, 'D': 4, 'B': 3}","[0.75, 1.0, 1.0]",3.96
95,"[1, 3, 4]","[3, 4, 4]","[0.58, 0.79, 0.88]","[['C', 'A', 'D', 'B'], ['B', 'A', 'C', 'D'], ['A', 'D', 'B', 'C']]","{'A': 4, 'C': 4, 'D': 4, 'B': 3}","[0.75, 1.0, 1.0]",3.96
95,"[1, 3, 4]","[3, 4, 4]","[0.58, 0.79, 0.88]","[['C', 'A', 'D', 'B'], ['B', 'A', 'C', 'D'], ['B', 'A', 'D', 'C']]","{'A': 4, 'C': 4, 'D': 4, 'B': 3}","[0.75, 1.0, 1.0]",3.96
95,"[1, 3, 4]","[3, 4, 4]","[0.58, 0.79, 0.88]","[['C', 'A', 'D', 'B'], ['B', 'A', 'C', 'D'], ['B', 'D', 'A', 'C']]","{'A': 4, 'C': 4, 'D': 4, 'B': 3}","[0.75, 1.0, 1.0]",3.96
95,"[1, 3, 4]","[3, 4, 4]","[0.58, 0.79, 0.88]","[['C', 'A', 'D', 'B'], ['B', 'A', 'C', 'D'], ['D', 'A', 'B', 'C']]","{'A': 4, 'C': 4, 'D': 4, 'B': 3}","[0.75, 1.0, 1.0]",3.96
95,"[1, 3, 4]","[3, 4, 4]","[0.58, 0.79, 0.88]","[['C', 'A', 'D', 'B'], ['B', 'A', 'C', 'D'], ['D', 'B', 'A', 'C']]","{'A': 4, 'C': 4, 'D': 4, 'B': 3}","[0.75, 1.0, 1.0]",3.96
95,"[1, 3, 4]","[3, 4, 4]","[0.58, 0.79, 0.88]","[['C', 'A', 'D', 'B'], ['B', 'A', 'D', 'C'], ['A', 'B', 'C', 'D']]","{'A': 4, 'C': 4, 'D': 4, 'B': 3}","[0.75, 1.0, 1.0]",3.96
95,"[1, 3, 4]","[3, 4, 4]","[0.58, 0.79, 0.88]","[['C', 'A', 'D', 'B'], ['B', 'A', 'D', 'C'], ['A', 'C', 'B', 'D']]","{'A': 4, 'C': 4, 'D': 4, 'B': 3}","[0.75, 1.0, 1.0]",3.96
95,"[1, 3, 4]","[3, 4, 4]","[0.58, 0.79, 0.88]","[['C', 'A', 'D', 'B'], ['B', 'A', 'D', 'C'], ['B', 'A', 'C', 'D']]","{'A': 4, 'C': 4, 'D': 4, 'B': 3}","[0.75, 1.0, 1.0]",3.96
95,"[1, 3, 4]","[3, 4, 4]","[0.58, 0.79, 0.88]","[['C', 'A', 'D', 'B'], ['B', 'A', 'D', 'C'], ['B', 'C', 'A', 'D']]","{'A': 4, 'C': 4, 'D': 4, 'B': 3}","[0.75, 1.0, 1.0]",3.96
95,"[1, 3, 4]","[3, 4, 4]","[0.58, 0.79, 0.88]","[['C', 'A', 'D', 'B'], ['B', 'A', 'D', 'C'], ['C', 'A', 'B', 'D']]","{'A': 4, 'C': 4, 'D': 4, 'B': 3}","[0.75, 1.0, 1.0]",3.96
95,"[1, 3, 4]","[3, 4, 4]","[0.58, 0.79, 0.88]","[['C', 'A', 'D', 'B'], ['B', 'A', 'D', 'C'], ['C', 'B', 'A', 'D']]","{'A': 4, 'C': 4, 'D': 4, 'B': 3}","[0.75, 1.0, 1.0]",3.96
95,"[1, 3, 4]","[3, 4, 4]","[0.58, 0.79, 0.88]","[['C', 'A', 'D', 'B'], ['B', 'C', 'A', 'D'], ['A', 'B', 'D', 'C']]","{'A': 4, 'C': 4, 'D': 4, 'B': 3}","[0.75, 1.0, 1.0]",3.96
95,"[1, 3, 4]","[3, 4, 4]","[0.58, 0.79, 0.88]","[['C', 'A', 'D', 'B'], ['B', 'C', 'A', 'D'], ['A', 'D', 'B', 'C']]","{'A': 4, 'C': 4, 'D': 4, 'B': 3}","[0.75, 1.0, 1.0]",3.96
95,"[1, 3, 4]","[3, 4, 4]","[0.58, 0.79, 0.88]","[['C', 'A', 'D', 'B'], ['B', 'C', 'A', 'D'], ['B', 'A', 'D', 'C']]","{'A': 4, 'C': 4, 'D': 4, 'B': 3}","[0.75, 1.0, 1.0]",3.96
95,"[1, 3, 4]","[3, 4, 4]","[0.58, 0.79, 0.88]","[['C', 'A', 'D', 'B'], ['B', 'C', 'A', 'D'], ['B', 'D', 'A', 'C']]","{'A': 4, 'C': 4, 'D': 4, 'B': 3}","[0.75, 1.0, 1.0]",3.96
95,"[1, 3, 4]","[3, 4, 4]","[0.58, 0.79, 0.88]","[['C', 'A', 'D', 'B'], ['B', 'C', 'A', 'D'], ['D', 'A', 'B', 'C']]","{'A': 4, 'C': 4, 'D': 4, 'B': 3}","[0.75, 1.0, 1.0]",3.96
95,"[1, 3, 4]","[3, 4, 4]","[0.58, 0.79, 0.88]","[['C', 'A', 'D', 'B'], ['B', 'C', 'A', 'D'], ['D', 'B', 'A', 'C']]","{'A': 4, 'C': 4, 'D': 4, 'B': 3}","[0.75, 1.0, 1.0]",3.96
95,"[1, 3, 4]","[3, 4, 4]","[0.58, 0.79, 0.88]","[['C', 'A', 'D', 'B'], ['B', 'D', 'A', 'C'], ['A', 'B', 'C', 'D']]","{'A': 4, 'C': 4, 'D': 4, 'B': 3}","[0.75, 1.0, 1.0]",3.96
95,"[1, 3, 4]","[3, 4, 4]","[0.58, 0.79, 0.88]","[['C', 'A', 'D', 'B'], ['B', 'D', 'A', 'C'], ['A', 'C', 'B', 'D']]","{'A': 4, 'C': 4, 'D': 4, 'B': 3}","[0.75, 1.0, 1.0]",3.96
95,"[1, 3, 4]","[3, 4, 4]","[0.58, 0.79, 0.88]","[['C', 'A', 'D', 'B'], ['B', 'D', 'A', 'C'], ['B', 'A', 'C', 'D']]","{'A': 4, 'C': 4, 'D': 4, 'B': 3}","[0.75, 1.0, 1.0]",3.96
95,"[1, 3, 4]","[3, 4, 4]","[0.58, 0.79, 0.88]","[['C', 'A', 'D', 'B'], ['B', 'D', 'A', 'C'], ['B', 'C', 'A', 'D']]","{'A': 4, 'C': 4, 'D': 4, 'B': 3}","[0.75, 1.0, 1.0]",3.96
95,"[1, 3, 4]","[3, 4, 4]","[0.58, 0.79, 0.88]","[['C', 'A', 'D', 'B'], ['B', 'D', 'A', 'C'], ['C', 'A', 'B', 'D']]","{'A': 4, 'C': 4, 'D': 4, 'B': 3}","[0.75, 1.0, 1.0]",3.96
95,"[1, 3, 4]","[3, 4, 4]","[0.58, 0.79, 0.88]","[['C', 'A', 'D', 'B'], ['B', 'D', 'A', 'C'], ['C', 'B', 'A', 'D']]","{'A': 4, 'C': 4, 'D': 4, 'B': 3}","[0.75, 1.0, 1.0]",3.96
95,"[1, 3, 4]","[3, 4, 4]","[0.58, 0.79, 0.88]","[['C', 'A', 'D', 'B'], ['C', 'A', 'B', 'D'], ['A', 'B', 'D', 'C']]","{'A': 4, 'C': 4, 'D': 4, 'B': 3}","[0.75, 1.0, 1.0]",3.96
95,"[1, 3, 4]","[3, 4, 4]","[0.58, 0.79, 0.88]","[['C', 'A', 'D', 'B'], ['C', 'A', 'B', 'D'], ['A', 'D', 'B', 'C']]","{'A': 4, 'C': 4, 'D': 4, 'B': 3}","[0.75, 1.0, 1.0]",3.96
95,"[1, 3, 4]","[3, 4, 4]","[0.58, 0.79, 0.88]","[['C', 'A', 'D', 'B'], ['C', 'A', 'B', 'D'], ['B', 'A', 'D', 'C']]","{'A': 4, 'C': 4, 'D': 4, 'B': 3}","[0.75, 1.0, 1.0]",3.96
95,"[1, 3, 4]","[3, 4, 4]","[0.58, 0.79, 0.88]","[['C', 'A', 'D', 'B'], ['C', 'A', 'B', 'D'], ['B', 'D', 'A', 'C']]","{'A': 4, 'C': 4, 'D': 4, 'B': 3}","[0.75, 1.0, 1.0]",3.96
95,"[1, 3, 4]","[3, 4, 4]","[0.58, 0.79, 0.88]","[['C', 'A', 'D', 'B'], ['C', 'A', 'B', 'D'], ['D', 'A', 'B', 'C']]","{'A': 4, 'C': 4, 'D': 4, 'B': 3}","[0.75, 1.0, 1.0]",3.96
95,"[1, 3, 4]","[3, 4, 4]","[0.58, 0.79, 0.88]","[['C', 'A', 'D', 'B'], ['C', 'A', 'B', 'D'], ['D', 'B', 'A', 'C']]","{'A': 4, 'C': 4, 'D': 4, 'B': 3}","[0.75, 1.0, 1.0]",3.96
95,"[1, 3, 4]","[3, 4, 4]","[0.58, 0.79, 0.88]","[['C', 'A', 'D', 'B'], ['C', 'B', 'A', 'D'], ['A', 'B', 'D', 'C']]","{'A': 4, 'C': 4, 'D': 4, 'B': 3}","[0.75, 1.0, 1.0]",3.96
95,"[1, 3, 4]","[3, 4, 4]","[0.58, 0.79, 0.88]","[['C', 'A', 'D', 'B'], ['C', 'B', 'A', 'D'], ['A', 'D', 'B', 'C']]","{'A': 4, 'C': 4, 'D': 4, 'B': 3}","[0.75, 1.0, 1.0]",3.96
95,"[1, 3, 4]","[3, 4, 4]","[0.58, 0.79, 0.88]","[['C', 'A', 'D', 'B'], ['C', 'B', 'A', 'D'], ['B', 'A', 'D', 'C']]","{'A': 4, 'C': 4, 'D': 4, 'B': 3}","[0.75, 1.0, 1.0]",3.96
95,"[1, 3, 4]","[3, 4, 4]","[0.58, 0.79, 0.88]","[['C', 'A', 'D', 'B'], ['C', 'B', 'A', 'D'], ['B', 'D', 'A', 'C']]","{'A': 4, 'C': 4, 'D': 4, 'B': 3}","[0.75, 1.0, 1.0]",3.96
95,"[1, 3, 4]","[3, 4, 4]","[0.58, 0.79, 0.88]","[['C', 'A', 'D', 'B'], ['C', 'B', 'A', 'D'], ['D', 'A', 'B', 'C']]","{'A': 4, 'C': 4, 'D': 4, 'B': 3}","[0.75, 1.0, 1.0]",3.96
95,"[1, 3, 4]","[3, 4, 4]","[0.58, 0.79, 0.88]","[['C', 'A', 'D', 'B'], ['C', 'B', 'A', 'D'], ['D', 'B', 'A', 'C']]","{'A': 4, 'C': 4, 'D': 4, 'B': 3}","[0.75, 1.0, 1.0]",3.96
95,"[1, 3, 4]","[3, 4, 4]","[0.58, 0.79, 0.88]","[['C', 'A', 'D', 'B'], ['D', 'A', 'B', 'C'], ['A', 'B', 'C', 'D']]","{'A': 4, 'C': 4, 'D': 4, 'B': 3}","[0.75, 1.0, 1.0]",3.96
95,"[1, 3, 4]","[3, 4, 4]","[0.58, 0.79, 0.88]","[['C', 'A', 'D', 'B'], ['D', 'A', 'B', 'C'], ['A', 'C', 'B', 'D']]","{'A': 4, 'C': 4, 'D': 4, 'B': 3}","[0.75, 1.0, 1.0]",3.96
95,"[1, 3, 4]","[3, 4, 4]","[0.58, 0.79, 0.88]","[['C', 'A', 'D', 'B'], ['D', 'A', 'B', 'C'], ['B', 'A', 'C', 'D']]","{'A': 4, 'C': 4, 'D': 4, 'B': 3}","[0.75, 1.0, 1.0]",3.96
95,"[1, 3, 4]","[3, 4, 4]","[0.58, 0.79, 0.88]","[['C', 'A', 'D', 'B'], ['D', 'A', 'B', 'C'], ['B', 'C', 'A', 'D']]","{'A': 4, 'C': 4, 'D': 4, 'B': 3}","[0.75, 1.0, 1.0]",3.96
95,"[1, 3, 4]","[3, 4, 4]","[0.58, 0.79, 0.88]","[['C', 'A', 'D', 'B'], ['D', 'A', 'B', 'C'], ['C', 'A', 'B', 'D']]","{'A': 4, 'C': 4, 'D': 4, 'B': 3}","[0.75, 1.0, 1.0]",3.96
95,"[1, 3, 4]","[3, 4, 4]","[0.58, 0.79, 0.88]","[['C', 'A', 'D', 'B'], ['D', 'A', 'B', 'C'], ['C', 'B', 'A', 'D']]","{'A': 4, 'C': 4, 'D': 4, 'B': 3}","[0.75, 1.0, 1.0]",3.96
95,"[1, 3, 4]","[3, 4, 4]","[0.58, 0.79, 0.88]","[['C', 'A', 'D', 'B'], ['D', 'B', 'A', 'C'], ['A', 'B', 'C', 'D']]","{'A': 4, 'C': 4, 'D': 4, 'B': 3}","[0.75, 1.0, 1.0]",3.96
95,"[1, 3, 4]","[3, 4, 4]","[0.58, 0.79, 0.88]","[['C', 'A', 'D', 'B'], ['D', 'B', 'A', 'C'], ['A', 'C', 'B', 'D']]","{'A': 4, 'C': 4, 'D': 4, 'B': 3}","[0.75, 1.0, 1.0]",3.96
95,"[1, 3, 4]","[3, 4, 4]","[0.58, 0.79, 0.88]","[['C', 'A', 'D', 'B'], ['D', 'B', 'A', 'C'], ['B', 'A', 'C', 'D']]","{'A': 4, 'C': 4, 'D': 4, 'B': 3}","[0.75, 1.0, 1.0]",3.96
95,"[1, 3, 4]","[3, 4, 4]","[0.58, 0.79, 0.88]","[['C', 'A', 'D', 'B'], ['D', 'B', 'A', 'C'], ['B', 'C', 'A', 'D']]","{'A': 4, 'C': 4, 'D': 4, 'B': 3}","[0.75, 1.0, 1.0]",3.96
95,"[1, 3, 4]","[3, 4, 4]","[0.58, 0.79, 0.88]","[['C', 'A', 'D', 'B'], ['D', 'B', 'A', 'C'], ['C', 'A', 'B', 'D']]","{'A': 4, 'C': 4, 'D': 4, 'B': 3}","[0.75, 1.0, 1.0]",3.96
95,"[1, 3, 4]","[3, 4, 4]","[0.58, 0.79, 0.88]","[['C', 'A', 'D', 'B'], ['D', 'B', 'A', 'C'], ['C', 'B', 'A', 'D']]","{'A': 4, 'C': 4, 'D': 4, 'B': 3}","[0.75, 1.0, 1.0]",3.96
95,"[1, 3, 4]","[3, 4, 4]","[0.58, 0.79, 0.88]","[['C', 'B', 'A', 'D'], ['A', 'B', 'D', 'C'], ['A', 'C', 'D', 'B']]","{'A': 4, 'C': 4, 'D': 4, 'B': 3}","[0.75, 1.0, 1.0]",3.96
95,"[1, 3, 4]","[3, 4, 4]","[0.58, 0.79, 0.88]","[['C', 'B', 'A', 'D'], ['A', 'B', 'D', 'C'], ['A', 'D', 'C', 'B']]","{'A': 4, 'C': 4, 'D': 4, 'B': 3}","[0.75, 1.0, 1.0]",3.96
95,"[1, 3, 4]","[3, 4, 4]","[0.58, 0.79, 0.88]","[['C', 'B', 'A', 'D'], ['A', 'B', 'D', 'C'], ['C', 'A', 'D', 'B']]","{'A': 4, 'C': 4, 'D': 4, 'B': 3}","[0.75, 1.0, 1.0]",3.96
95,"[1, 3, 4]","[3, 4, 4]","[0.58, 0.79, 0.88]","[['C', 'B', 'A', 'D'], ['A', 'B', 'D', 'C'], ['C', 'D', 'A', 'B']]","{'A': 4, 'C': 4, 'D': 4, 'B': 3}","[0.75, 1.0, 1.0]",3.96
95,"[1, 3, 4]","[3, 4, 4]","[0.58, 0.79, 0.88]","[['C', 'B', 'A', 'D'], ['A', 'B', 'D', 'C'], ['D', 'A', 'C', 'B']]","{'A': 4, 'C': 4, 'D': 4, 'B': 3}","[0.75, 1.0, 1.0]",3.96
95,"[1, 3, 4]","[3, 4, 4]","[0.58, 0.79, 0.88]","[['C', 'B', 'A', 'D'], ['A', 'B', 'D', 'C'], ['D', 'C', 'A', 'B']]","{'A': 4, 'C': 4, 'D': 4, 'B': 3}","[0.75, 1.0, 1.0]",3.96
95,"[1, 3, 4]","[3, 4, 4]","[0.58, 0.79, 0.88]","[['C', 'B', 'A', 'D'], ['A', 'C', 'D', 'B'], ['A', 'B', 'D', 'C']]","{'A': 4, 'C': 4, 'D': 4, 'B': 3}","[0.75, 1.0, 1.0]",3.96
95,"[1, 3, 4]","[3, 4, 4]","[0.58, 0.79, 0.88]","[['C', 'B', 'A', 'D'], ['A', 'C', 'D', 'B'], ['A', 'D', 'B', 'C']]","{'A': 4, 'C': 4, 'D': 4, 'B': 3}","[0.75, 1.0, 1.0]",3.96
95,"[1, 3, 4]","[3, 4, 4]","[0.58, 0.79, 0.88]","[['C', 'B', 'A', 'D'], ['A', 'C', 'D', 'B'], ['B', 'A', 'D', 'C']]","{'A': 4, 'C': 4, 'D': 4, 'B': 3}","[0.75, 1.0, 1.0]",3.96
95,"[1, 3, 4]","[3, 4, 4]","[0.58, 0.79, 0.88]","[['C', 'B', 'A', 'D'], ['A', 'C', 'D', 'B'], ['B', 'D', 'A', 'C']]","{'A': 4, 'C': 4, 'D': 4, 'B': 3}","[0.75, 1.0, 1.0]",3.96
95,"[1, 3, 4]","[3, 4, 4]","[0.58, 0.79, 0.88]","[['C', 'B', 'A', 'D'], ['A', 'C', 'D', 'B'], ['D', 'A', 'B', 'C']]","{'A': 4, 'C': 4, 'D': 4, 'B': 3}","[0.75, 1.0, 1.0]",3.96
95,"[1, 3, 4]","[3, 4, 4]","[0.58, 0.79, 0.88]","[['C', 'B', 'A', 'D'], ['A', 'C', 'D', 'B'], ['D', 'B', 'A', 'C']]","{'A': 4, 'C': 4, 'D': 4, 'B': 3}","[0.75, 1.0, 1.0]",3.96
95,"[1, 3, 4]","[3, 4, 4]","[0.58, 0.79, 0.88]","[['C', 'B', 'A', 'D'], ['A', 'D', 'B', 'C'], ['A', 'C', 'D', 'B']]","{'A': 4, 'C': 4, 'D': 4, 'B': 3}","[0.75, 1.0, 1.0]",3.96
95,"[1, 3, 4]","[3, 4, 4]","[0.58, 0.79, 0.88]","[['C', 'B', 'A', 'D'], ['A', 'D', 'B', 'C'], ['A', 'D', 'C', 'B']]","{'A': 4, 'C': 4, 'D': 4, 'B': 3}","[0.75, 1.0, 1.0]",3.96
95,"[1, 3, 4]","[3, 4, 4]","[0.58, 0.79, 0.88]","[['C', 'B', 'A', 'D'], ['A', 'D', 'B', 'C'], ['C', 'A', 'D', 'B']]","{'A': 4, 'C': 4, 'D': 4, 'B': 3}","[0.75, 1.0, 1.0]",3.96
95,"[1, 3, 4]","[3, 4, 4]","[0.58, 0.79, 0.88]","[['C', 'B', 'A', 'D'], ['A', 'D', 'B', 'C'], ['C', 'D', 'A', 'B']]","{'A': 4, 'C': 4, 'D': 4, 'B': 3}","[0.75, 1.0, 1.0]",3.96
95,"[1, 3, 4]","[3, 4, 4]","[0.58, 0.79, 0.88]","[['C', 'B', 'A', 'D'], ['A', 'D', 'B', 'C'], ['D', 'A', 'C', 'B']]","{'A': 4, 'C': 4, 'D': 4, 'B': 3}","[0.75, 1.0, 1.0]",3.96
95,"[1, 3, 4]","[3, 4, 4]","[0.58, 0.79, 0.88]","[['C', 'B', 'A', 'D'], ['A', 'D', 'B', 'C'], ['D', 'C', 'A', 'B']]","{'A': 4, 'C': 4, 'D': 4, 'B': 3}","[0.75, 1.0, 1.0]",3.96
95,"[1, 3, 4]","[3, 4, 4]","[0.58, 0.79, 0.88]","[['C', 'B', 'A', 'D'], ['A', 'D', 'C', 'B'], ['A', 'B', 'D', 'C']]","{'A': 4, 'C': 4, 'D': 4, 'B': 3}","[0.75, 1.0, 1.0]",3.96
95,"[1, 3, 4]","[3, 4, 4]","[0.58, 0.79, 0.88]","[['C', 'B', 'A', 'D'], ['A', 'D', 'C', 'B'], ['A', 'D', 'B', 'C']]","{'A': 4, 'C': 4, 'D': 4, 'B': 3}","[0.75, 1.0, 1.0]",3.96
95,"[1, 3, 4]","[3, 4, 4]","[0.58, 0.79, 0.88]","[['C', 'B', 'A', 'D'], ['A', 'D', 'C', 'B'], ['B', 'A', 'D', 'C']]","{'A': 4, 'C': 4, 'D': 4, 'B': 3}","[0.75, 1.0, 1.0]",3.96
95,"[1, 3, 4]","[3, 4, 4]","[0.58, 0.79, 0.88]","[['C', 'B', 'A', 'D'], ['A', 'D', 'C', 'B'], ['B', 'D', 'A', 'C']]","{'A': 4, 'C': 4, 'D': 4, 'B': 3}","[0.75, 1.0, 1.0]",3.96
95,"[1, 3, 4]","[3, 4, 4]","[0.58, 0.79, 0.88]","[['C', 'B', 'A', 'D'], ['A', 'D', 'C', 'B'], ['D', 'A', 'B', 'C']]","{'A': 4, 'C': 4, 'D': 4, 'B': 3}","[0.75, 1.0, 1.0]",3.96
95,"[1, 3, 4]","[3, 4, 4]","[0.58, 0.79, 0.88]","[['C', 'B', 'A', 'D'], ['A', 'D', 'C', 'B'], ['D', 'B', 'A', 'C']]","{'A': 4, 'C': 4, 'D': 4, 'B': 3}","[0.75, 1.0, 1.0]",3.96
95,"[1, 3, 4]","[3, 4, 4]","[0.58, 0.79, 0.88]","[['C', 'B', 'A', 'D'], ['B', 'A', 'D', 'C'], ['A', 'C', 'D', 'B']]","{'A': 4, 'C': 4, 'D': 4, 'B': 3}","[0.75, 1.0, 1.0]",3.96
95,"[1, 3, 4]","[3, 4, 4]","[0.58, 0.79, 0.88]","[['C', 'B', 'A', 'D'], ['B', 'A', 'D', 'C'], ['A', 'D', 'C', 'B']]","{'A': 4, 'C': 4, 'D': 4, 'B': 3}","[0.75, 1.0, 1.0]",3.96
95,"[1, 3, 4]","[3, 4, 4]","[0.58, 0.79, 0.88]","[['C', 'B', 'A', 'D'], ['B', 'A', 'D', 'C'], ['C', 'A', 'D', 'B']]","{'A': 4, 'C': 4, 'D': 4, 'B': 3}","[0.75, 1.0, 1.0]",3.96
95,"[1, 3, 4]","[3, 4, 4]","[0.58, 0.79, 0.88]","[['C', 'B', 'A', 'D'], ['B', 'A', 'D', 'C'], ['C', 'D', 'A', 'B']]","{'A': 4, 'C': 4, 'D': 4, 'B': 3}","[0.75, 1.0, 1.0]",3.96
95,"[1, 3, 4]","[3, 4, 4]","[0.58, 0.79, 0.88]","[['C', 'B', 'A', 'D'], ['B', 'A', 'D', 'C'], ['D', 'A', 'C', 'B']]","{'A': 4, 'C': 4, 'D': 4, 'B': 3}","[0.75, 1.0, 1.0]",3.96
95,"[1, 3, 4]","[3, 4, 4]","[0.58, 0.79, 0.88]","[['C', 'B', 'A', 'D'], ['B', 'A', 'D', 'C'], ['D', 'C', 'A', 'B']]","{'A': 4, 'C': 4, 'D': 4, 'B': 3}","[0.75, 1.0, 1.0]",3.96
95,"[1, 3, 4]","[3, 4, 4]","[0.58, 0.79, 0.88]","[['C', 'B', 'A', 'D'], ['B', 'D', 'A', 'C'], ['A', 'C', 'D', 'B']]","{'A': 4, 'C': 4, 'D': 4, 'B': 3}","[0.75, 1.0, 1.0]",3.96
95,"[1, 3, 4]","[3, 4, 4]","[0.58, 0.79, 0.88]","[['C', 'B', 'A', 'D'], ['B', 'D', 'A', 'C'], ['A', 'D', 'C', 'B']]","{'A': 4, 'C': 4, 'D': 4, 'B': 3}","[0.75, 1.0, 1.0]",3.96
95,"[1, 3, 4]","[3, 4, 4]","[0.58, 0.79, 0.88]","[['C', 'B', 'A', 'D'], ['B', 'D', 'A', 'C'], ['C', 'A', 'D', 'B']]","{'A': 4, 'C': 4, 'D': 4, 'B': 3}","[0.75, 1.0, 1.0]",3.96
95,"[1, 3, 4]","[3, 4, 4]","[0.58, 0.79, 0.88]","[['C', 'B', 'A', 'D'], ['B', 'D', 'A', 'C'], ['C', 'D', 'A', 'B']]","{'A': 4, 'C': 4, 'D': 4, 'B': 3}","[0.75, 1.0, 1.0]",3.96
95,"[1, 3, 4]","[3, 4, 4]","[0.58, 0.79, 0.88]","[['C', 'B', 'A', 'D'], ['B', 'D', 'A', 'C'], ['D', 'A', 'C', 'B']]","{'A': 4, 'C': 4, 'D': 4, 'B': 3}","[0.75, 1.0, 1.0]",3.96
95,"[1, 3, 4]","[3, 4, 4]","[0.58, 0.79, 0.88]","[['C', 'B', 'A', 'D'], ['B', 'D', 'A', 'C'], ['D', 'C', 'A', 'B']]","{'A': 4, 'C': 4, 'D': 4, 'B': 3}","[0.75, 1.0, 1.0]",3.96
95,"[1, 3, 4]","[3, 4, 4]","[0.58, 0.79, 0.88]","[['C', 'B', 'A', 'D'], ['C', 'A', 'D', 'B'], ['A', 'B', 'D', 'C']]","{'A': 4, 'C': 4, 'D': 4, 'B': 3}","[0.75, 1.0, 1.0]",3.96
95,"[1, 3, 4]","[3, 4, 4]","[0.58, 0.79, 0.88]","[['C', 'B', 'A', 'D'], ['C', 'A', 'D', 'B'], ['A', 'D', 'B', 'C']]","{'A': 4, 'C': 4, 'D': 4, 'B': 3}","[0.75, 1.0, 1.0]",3.96
95,"[1, 3, 4]","[3, 4, 4]","[0.58, 0.79, 0.88]","[['C', 'B', 'A', 'D'], ['C', 'A', 'D', 'B'], ['B', 'A', 'D', 'C']]","{'A': 4, 'C': 4, 'D': 4, 'B': 3}","[0.75, 1.0, 1.0]",3.96
95,"[1, 3, 4]","[3, 4, 4]","[0.58, 0.79, 0.88]","[['C', 'B', 'A', 'D'], ['C', 'A', 'D', 'B'], ['B', 'D', 'A', 'C']]","{'A': 4, 'C': 4, 'D': 4, 'B': 3}","[0.75, 1.0, 1.0]",3.96
95,"[1, 3, 4]","[3, 4, 4]","[0.58, 0.79, 0.88]","[['C', 'B', 'A', 'D'], ['C', 'A', 'D', 'B'], ['D', 'A', 'B', 'C']]","{'A': 4, 'C': 4, 'D': 4, 'B': 3}","[0.75, 1.0, 1.0]",3.96
95,"[1, 3, 4]","[3, 4, 4]","[0.58, 0.79, 0.88]","[['C', 'B', 'A', 'D'], ['C', 'A', 'D', 'B'], ['D', 'B', 'A', 'C']]","{'A': 4, 'C': 4, 'D': 4, 'B': 3}","[0.75, 1.0, 1.0]",3.96
95,"[1, 3, 4]","[3, 4, 4]","[0.58, 0.79, 0.88]","[['C', 'B', 'A', 'D'], ['C', 'D', 'A', 'B'], ['A', 'B', 'D', 'C']]","{'A': 4, 'C': 4, 'D': 4, 'B': 3}","[0.75, 1.0, 1.0]",3.96
95,"[1, 3, 4]","[3, 4, 4]","[0.58, 0.79, 0.88]","[['C', 'B', 'A', 'D'], ['C', 'D', 'A', 'B'], ['A', 'D', 'B', 'C']]","{'A': 4, 'C': 4, 'D': 4, 'B': 3}","[0.75, 1.0, 1.0]",3.96
95,"[1, 3, 4]","[3, 4, 4]","[0.58, 0.79, 0.88]","[['C', 'B', 'A', 'D'], ['C', 'D', 'A', 'B'], ['B', 'A', 'D', 'C']]","{'A': 4, 'C': 4, 'D': 4, 'B': 3}","[0.75, 1.0, 1.0]",3.96
95,"[1, 3, 4]","[3, 4, 4]","[0.58, 0.79, 0.88]","[['C', 'B', 'A', 'D'], ['C', 'D', 'A', 'B'], ['B', 'D', 'A', 'C']]","{'A': 4, 'C': 4, 'D': 4, 'B': 3}","[0.75, 1.0, 1.0]",3.96
95,"[1, 3, 4]","[3, 4, 4]","[0.58, 0.79, 0.88]","[['C', 'B', 'A', 'D'], ['C', 'D', 'A', 'B'], ['D', 'A', 'B', 'C']]","{'A': 4, 'C': 4, 'D': 4, 'B': 3}","[0.75, 1.0, 1.0]",3.96
95,"[1, 3, 4]","[3, 4, 4]","[0.58, 0.79, 0.88]","[['C', 'B', 'A', 'D'], ['C', 'D', 'A', 'B'], ['D', 'B', 'A', 'C']]","{'A': 4, 'C': 4, 'D': 4, 'B': 3}","[0.75, 1.0, 1.0]",3.96
95,"[1, 3, 4]","[3, 4, 4]","[0.58, 0.79, 0.88]","[['C', 'B', 'A', 'D'], ['D', 'A', 'B', 'C'], ['A', 'C', 'D', 'B']]","{'A': 4, 'C': 4, 'D': 4, 'B': 3}","[0.75, 1.0, 1.0]",3.96
95,"[1, 3, 4]","[3, 4, 4]","[0.58, 0.79, 0.88]","[['C', 'B', 'A', 'D'], ['D', 'A', 'B', 'C'], ['A', 'D', 'C', 'B']]","{'A': 4, 'C': 4, 'D': 4, 'B': 3}","[0.75, 1.0, 1.0]",3.96
95,"[1, 3, 4]","[3, 4, 4]","[0.58, 0.79, 0.88]","[['C', 'B', 'A', 'D'], ['D', 'A', 'B', 'C'], ['C', 'A', 'D', 'B']]","{'A': 4, 'C': 4, 'D': 4, 'B': 3}","[0.75, 1.0, 1.0]",3.96
95,"[1, 3, 4]","[3, 4, 4]","[0.58, 0.79, 0.88]","[['C', 'B', 'A', 'D'], ['D', 'A', 'B', 'C'], ['C', 'D', 'A', 'B']]","{'A': 4, 'C': 4, 'D': 4, 'B': 3}","[0.75, 1.0, 1.0]",3.96
95,"[1, 3, 4]","[3, 4, 4]","[0.58, 0.79, 0.88]","[['C', 'B', 'A', 'D'], ['D', 'A', 'B', 'C'], ['D', 'A', 'C', 'B']]","{'A': 4, 'C': 4, 'D': 4, 'B': 3}","[0.75, 1.0, 1.0]",3.96
95,"[1, 3, 4]","[3, 4, 4]","[0.58, 0.79, 0.88]","[['C', 'B', 'A', 'D'], ['D', 'A', 'B', 'C'], ['D', 'C', 'A', 'B']]","{'A': 4, 'C': 4, 'D': 4, 'B': 3}","[0.75, 1.0, 1.0]",3.96
95,"[1, 3, 4]","[3, 4, 4]","[0.58, 0.79, 0.88]","[['C', 'B', 'A', 'D'], ['D', 'A', 'C', 'B'], ['A', 'B', 'D', 'C']]","{'A': 4, 'C': 4, 'D': 4, 'B': 3}","[0.75, 1.0, 1.0]",3.96
95,"[1, 3, 4]","[3, 4, 4]","[0.58, 0.79, 0.88]","[['C', 'B', 'A', 'D'], ['D', 'A', 'C', 'B'], ['A', 'D', 'B', 'C']]","{'A': 4, 'C': 4, 'D': 4, 'B': 3}","[0.75, 1.0, 1.0]",3.96
95,"[1, 3, 4]","[3, 4, 4]","[0.58, 0.79, 0.88]","[['C', 'B', 'A', 'D'], ['D', 'A', 'C', 'B'], ['B', 'A', 'D', 'C']]","{'A': 4, 'C': 4, 'D': 4, 'B': 3}","[0.75, 1.0, 1.0]",3.96
95,"[1, 3, 4]","[3, 4, 4]","[0.58, 0.79, 0.88]","[['C', 'B', 'A', 'D'], ['D', 'A', 'C', 'B'], ['B', 'D', 'A', 'C']]","{'A': 4, 'C': 4, 'D': 4, 'B': 3}","[0.75, 1.0, 1.0]",3.96
95,"[1, 3, 4]","[3, 4, 4]","[0.58, 0.79, 0.88]","[['C', 'B', 'A', 'D'], ['D', 'A', 'C', 'B'], ['D', 'A', 'B', 'C']]","{'A': 4, 'C': 4, 'D': 4, 'B': 3}","[0.75, 1.0, 1.0]",3.96
95,"[1, 3, 4]","[3, 4, 4]","[0.58, 0.79, 0.88]","[['C', 'B', 'A', 'D'], ['D', 'A', 'C', 'B'], ['D', 'B', 'A', 'C']]","{'A': 4, 'C': 4, 'D': 4, 'B': 3}","[0.75, 1.0, 1.0]",3.96
95,"[1, 3, 4]","[3, 4, 4]","[0.58, 0.79, 0.88]","[['C', 'B', 'A', 'D'], ['D', 'B', 'A', 'C'], ['A', 'C', 'D', 'B']]","{'A': 4, 'C': 4, 'D': 4, 'B': 3}","[0.75, 1.0, 1.0]",3.96
95,"[1, 3, 4]","[3, 4, 4]","[0.58, 0.79, 0.88]","[['C', 'B', 'A', 'D'], ['D', 'B', 'A', 'C'], ['A', 'D', 'C', 'B']]","{'A': 4, 'C': 4, 'D': 4, 'B': 3}","[0.75, 1.0, 1.0]",3.96
95,"[1, 3, 4]","[3, 4, 4]","[0.58, 0.79, 0.88]","[['C', 'B', 'A', 'D'], ['D', 'B', 'A', 'C'], ['C', 'A', 'D', 'B']]","{'A': 4, 'C': 4, 'D': 4, 'B': 3}","[0.75, 1.0, 1.0]",3.96
95,"[1, 3, 4]","[3, 4, 4]","[0.58, 0.79, 0.88]","[['C', 'B', 'A', 'D'], ['D', 'B', 'A', 'C'], ['C', 'D', 'A', 'B']]","{'A': 4, 'C': 4, 'D': 4, 'B': 3}","[0.75, 1.0, 1.0]",3.96
95,"[1, 3, 4]","[3, 4, 4]","[0.58, 0.79, 0.88]","[['C', 'B', 'A', 'D'], ['D', 'B', 'A', 'C'], ['D', 'A', 'C', 'B']]","{'A': 4, 'C': 4, 'D': 4, 'B': 3}","[0.75, 1.0, 1.0]",3.96
95,"[1, 3, 4]","[3, 4, 4]","[0.58, 0.79, 0.88]","[['C', 'B', 'A', 'D'], ['D', 'B', 'A', 'C'], ['D', 'C', 'A', 'B']]","{'A': 4, 'C': 4, 'D': 4, 'B': 3}","[0.75, 1.0, 1.0]",3.96
95,"[1, 3, 4]","[3, 4, 4]","[0.58, 0.79, 0.88]","[['C', 'B', 'A', 'D'], ['D', 'C', 'A', 'B'], ['A', 'B', 'D', 'C']]","{'A': 4, 'C': 4, 'D': 4, 'B': 3}","[0.75, 1.0, 1.0]",3.96
95,"[1, 3, 4]","[3, 4, 4]","[0.58, 0.79, 0.88]","[['C', 'B', 'A', 'D'], ['D', 'C', 'A', 'B'], ['A', 'D', 'B', 'C']]","{'A': 4, 'C': 4, 'D': 4, 'B': 3}","[0.75, 1.0, 1.0]",3.96
95,"[1, 3, 4]","[3, 4, 4]","[0.58, 0.79, 0.88]","[['C', 'B', 'A', 'D'], ['D', 'C', 'A', 'B'], ['B', 'A', 'D', 'C']]","{'A': 4, 'C': 4, 'D': 4, 'B': 3}","[0.75, 1.0, 1.0]",3.96
95,"[1, 3, 4]","[3, 4, 4]","[0.58, 0.79, 0.88]","[['C', 'B', 'A', 'D'], ['D', 'C', 'A', 'B'], ['B', 'D', 'A', 'C']]","{'A': 4, 'C': 4, 'D': 4, 'B': 3}","[0.75, 1.0, 1.0]",3.96
95,"[1, 3, 4]","[3, 4, 4]","[0.58, 0.79, 0.88]","[['C', 'B', 'A', 'D'], ['D', 'C', 'A', 'B'], ['D', 'A', 'B', 'C']]","{'A': 4, 'C': 4, 'D': 4, 'B': 3}","[0.75, 1.0, 1.0]",3.96
95,"[1, 3, 4]","[3, 4, 4]","[0.58, 0.79, 0.88]","[['C', 'B', 'A', 'D'], ['D', 'C', 'A', 'B'], ['D', 'B', 'A', 'C']]","{'A': 4, 'C': 4, 'D': 4, 'B': 3}","[0.75, 1.0, 1.0]",3.96
95,"[1, 3, 4]","[3, 4, 4]","[0.58, 0.79, 0.88]","[['C', 'D', 'A', 'B'], ['A', 'B', 'C', 'D'], ['A', 'B', 'D', 'C']]","{'A': 4, 'C': 4, 'D': 4, 'B': 3}","[0.75, 1.0, 1.0]",3.96
95,"[1, 3, 4]","[3, 4, 4]","[0.58, 0.79, 0.88]","[['C', 'D', 'A', 'B'], ['A', 'B', 'C', 'D'], ['A', 'D', 'B', 'C']]","{'A': 4, 'C': 4, 'D': 4, 'B': 3}","[0.75, 1.0, 1.0]",3.96
95,"[1, 3, 4]","[3, 4, 4]","[0.58, 0.79, 0.88]","[['C', 'D', 'A', 'B'], ['A', 'B', 'C', 'D'], ['B', 'A', 'D', 'C']]","{'A': 4, 'C': 4, 'D': 4, 'B': 3}","[0.75, 1.0, 1.0]",3.96
95,"[1, 3, 4]","[3, 4, 4]","[0.58, 0.79, 0.88]","[['C', 'D', 'A', 'B'], ['A', 'B', 'C', 'D'], ['B', 'D', 'A', 'C']]","{'A': 4, 'C': 4, 'D': 4, 'B': 3}","[0.75, 1.0, 1.0]",3.96
95,"[1, 3, 4]","[3, 4, 4]","[0.58, 0.79, 0.88]","[['C', 'D', 'A', 'B'], ['A', 'B', 'C', 'D'], ['D', 'A', 'B', 'C']]","{'A': 4, 'C': 4, 'D': 4, 'B': 3}","[0.75, 1.0, 1.0]",3.96
95,"[1, 3, 4]","[3, 4, 4]","[0.58, 0.79, 0.88]","[['C', 'D', 'A', 'B'], ['A', 'B', 'C', 'D'], ['D', 'B', 'A', 'C']]","{'A': 4, 'C': 4, 'D': 4, 'B': 3}","[0.75, 1.0, 1.0]",3.96
95,"[1, 3, 4]","[3, 4, 4]","[0.58, 0.79, 0.88]","[['C', 'D', 'A', 'B'], ['A', 'B', 'D', 'C'], ['A', 'B', 'C', 'D']]","{'A': 4, 'C': 4, 'D': 4, 'B': 3}","[0.75, 1.0, 1.0]",3.96
95,"[1, 3, 4]","[3, 4, 4]","[0.58, 0.79, 0.88]","[['C', 'D', 'A', 'B'], ['A', 'B', 'D', 'C'], ['A', 'C', 'B', 'D']]","{'A': 4, 'C': 4, 'D': 4, 'B': 3}","[0.75, 1.0, 1.0]",3.96
95,"[1, 3, 4]","[3, 4, 4]","[0.58, 0.79, 0.88]","[['C', 'D', 'A', 'B'], ['A', 'B', 'D', 'C'], ['B', 'A', 'C', 'D']]","{'A': 4, 'C': 4, 'D': 4, 'B': 3}","[0.75, 1.0, 1.0]",3.96
95,"[1, 3, 4]","[3, 4, 4]","[0.58, 0.79, 0.88]","[['C', 'D', 'A', 'B'], ['A', 'B', 'D', 'C'], ['B', 'C', 'A', 'D']]","{'A': 4, 'C': 4, 'D': 4, 'B': 3}","[0.75, 1.0, 1.0]",3.96
95,"[1, 3, 4]","[3, 4, 4]","[0.58, 0.79, 0.88]","[['C', 'D', 'A', 'B'], ['A', 'B', 'D', 'C'], ['C', 'A', 'B', 'D']]","{'A': 4, 'C': 4, 'D': 4, 'B': 3}","[0.75, 1.0, 1.0]",3.96
95,"[1, 3, 4]","[3, 4, 4]","[0.58, 0.79, 0.88]","[['C', 'D', 'A', 'B'], ['A', 'B', 'D', 'C'], ['C', 'B', 'A', 'D']]","{'A': 4, 'C': 4, 'D': 4, 'B': 3}","[0.75, 1.0, 1.0]",3.96
95,"[1, 3, 4]","[3, 4, 4]","[0.58, 0.79, 0.88]","[['C', 'D', 'A', 'B'], ['A', 'C', 'B', 'D'], ['A', 'B', 'D', 'C']]","{'A': 4, 'C': 4, 'D': 4, 'B': 3}","[0.75, 1.0, 1.0]",3.96
95,"[1, 3, 4]","[3, 4, 4]","[0.58, 0.79, 0.88]","[['C', 'D', 'A', 'B'], ['A', 'C', 'B', 'D'], ['A', 'D', 'B', 'C']]","{'A': 4, 'C': 4, 'D': 4, 'B': 3}","[0.75, 1.0, 1.0]",3.96
95,"[1, 3, 4]","[3, 4, 4]","[0.58, 0.79, 0.88]","[['C', 'D', 'A', 'B'], ['A', 'C', 'B', 'D'], ['B', 'A', 'D', 'C']]","{'A': 4, 'C': 4, 'D': 4, 'B': 3}","[0.75, 1.0, 1.0]",3.96
95,"[1, 3, 4]","[3, 4, 4]","[0.58, 0.79, 0.88]","[['C', 'D', 'A', 'B'], ['A', 'C', 'B', 'D'], ['B', 'D', 'A', 'C']]","{'A': 4, 'C': 4, 'D': 4, 'B': 3}","[0.75, 1.0, 1.0]",3.96
95,"[1, 3, 4]","[3, 4, 4]","[0.58, 0.79, 0.88]","[['C', 'D', 'A', 'B'], ['A', 'C', 'B', 'D'], ['D', 'A', 'B', 'C']]","{'A': 4, 'C': 4, 'D': 4, 'B': 3}","[0.75, 1.0, 1.0]",3.96
95,"[1, 3, 4]","[3, 4, 4]","[0.58, 0.79, 0.88]","[['C', 'D', 'A', 'B'], ['A', 'C', 'B', 'D'], ['D', 'B', 'A', 'C']]","{'A': 4, 'C': 4, 'D': 4, 'B': 3}","[0.75, 1.0, 1.0]",3.96
95,"[1, 3, 4]","[3, 4, 4]","[0.58, 0.79, 0.88]","[['C', 'D', 'A', 'B'], ['A', 'D', 'B', 'C'], ['A', 'B', 'C', 'D']]","{'A': 4, 'C': 4, 'D': 4, 'B': 3}","[0.75, 1.0, 1.0]",3.96
95,"[1, 3, 4]","[3, 4, 4]","[0.58, 0.79, 0.88]","[['C', 'D', 'A', 'B'], ['A', 'D', 'B', 'C'], ['A', 'C', 'B', 'D']]","{'A': 4, 'C': 4, 'D': 4, 'B': 3}","[0.75, 1.0, 1.0]",3.96
95,"[1, 3, 4]","[3, 4, 4]","[0.58, 0.79, 0.88]","[['C', 'D', 'A', 'B'], ['A', 'D', 'B', 'C'], ['B', 'A', 'C', 'D']]","{'A': 4, 'C': 4, 'D': 4, 'B': 3}","[0.75, 1.0, 1.0]",3.96
95,"[1, 3, 4]","[3, 4, 4]","[0.58, 0.79, 0.88]","[['C', 'D', 'A', 'B'], ['A', 'D', 'B', 'C'], ['B', 'C', 'A', 'D']]","{'A': 4, 'C': 4, 'D': 4, 'B': 3}","[0.75, 1.0, 1.0]",3.96
95,"[1, 3, 4]","[3, 4, 4]","[0.58, 0.79, 0.88]","[['C', 'D', 'A', 'B'], ['A', 'D', 'B', 'C'], ['C', 'A', 'B', 'D']]","{'A': 4, 'C': 4, 'D': 4, 'B': 3}","[0.75, 1.0, 1.0]",3.96
95,"[1, 3, 4]","[3, 4, 4]","[0.58, 0.79, 0.88]","[['C', 'D', 'A', 'B'], ['A', 'D', 'B', 'C'], ['C', 'B', 'A', 'D']]","{'A': 4, 'C': 4, 'D': 4, 'B': 3}","[0.75, 1.0, 1.0]",3.96
95,"[1, 3, 4]","[3, 4, 4]","[0.58, 0.79, 0.88]","[['C', 'D', 'A', 'B'], ['B', 'A', 'C', 'D'], ['A', 'B', 'D', 'C']]","{'A': 4, 'C': 4, 'D': 4, 'B': 3}","[0.75, 1.0, 1.0]",3.96
95,"[1, 3, 4]","[3, 4, 4]","[0.58, 0.79, 0.88]","[['C', 'D', 'A', 'B'], ['B', 'A', 'C', 'D'], ['A', 'D', 'B', 'C']]","{'A': 4, 'C': 4, 'D': 4, 'B': 3}","[0.75, 1.0, 1.0]",3.96
95,"[1, 3, 4]","[3, 4, 4]","[0.58, 0.79, 0.88]","[['C', 'D', 'A', 'B'], ['B', 'A', 'C', 'D'], ['B', 'A', 'D', 'C']]","{'A': 4, 'C': 4, 'D': 4, 'B': 3}","[0.75, 1.0, 1.0]",3.96
95,"[1, 3, 4]","[3, 4, 4]","[0.58, 0.79, 0.88]","[['C', 'D', 'A', 'B'], ['B', 'A', 'C', 'D'], ['B', 'D', 'A', 'C']]","{'A': 4, 'C': 4, 'D': 4, 'B': 3}","[0.75, 1.0, 1.0]",3.96
95,"[1, 3, 4]","[3, 4, 4]","[0.58, 0.79, 0.88]","[['C', 'D', 'A', 'B'], ['B', 'A', 'C', 'D'], ['D', 'A', 'B', 'C']]","{'A': 4, 'C': 4, 'D': 4, 'B': 3}","[0.75, 1.0, 1.0]",3.96
95,"[1, 3, 4]","[3, 4, 4]","[0.58, 0.79, 0.88]","[['C', 'D', 'A', 'B'], ['B', 'A', 'C', 'D'], ['D', 'B', 'A', 'C']]","{'A': 4, 'C': 4, 'D': 4, 'B': 3}","[0.75, 1.0, 1.0]",3.96
95,"[1, 3, 4]","[3, 4, 4]","[0.58, 0.79, 0.88]","[['C', 'D', 'A', 'B'], ['B', 'A', 'D', 'C'], ['A', 'B', 'C', 'D']]","{'A': 4, 'C': 4, 'D': 4, 'B': 3}","[0.75, 1.0, 1.0]",3.96
95,"[1, 3, 4]","[3, 4, 4]","[0.58, 0.79, 0.88]","[['C', 'D', 'A', 'B'], ['B', 'A', 'D', 'C'], ['A', 'C', 'B', 'D']]","{'A': 4, 'C': 4, 'D': 4, 'B': 3}","[0.75, 1.0, 1.0]",3.96
95,"[1, 3, 4]","[3, 4, 4]","[0.58, 0.79, 0.88]","[['C', 'D', 'A', 'B'], ['B', 'A', 'D', 'C'], ['B', 'A', 'C', 'D']]","{'A': 4, 'C': 4, 'D': 4, 'B': 3}","[0.75, 1.0, 1.0]",3.96
95,"[1, 3, 4]","[3, 4, 4]","[0.58, 0.79, 0.88]","[['C', 'D', 'A', 'B'], ['B', 'A', 'D', 'C'], ['B', 'C', 'A', 'D']]","{'A': 4, 'C': 4, 'D': 4, 'B': 3}","[0.75, 1.0, 1.0]",3.96
95,"[1, 3, 4]","[3, 4, 4]","[0.58, 0.79, 0.88]","[['C', 'D', 'A', 'B'], ['B', 'A', 'D', 'C'], ['C', 'A', 'B', 'D']]","{'A': 4, 'C': 4, 'D': 4, 'B': 3}","[0.75, 1.0, 1.0]",3.96
95,"[1, 3, 4]","[3, 4, 4]","[0.58, 0.79, 0.88]","[['C', 'D', 'A', 'B'], ['B', 'A', 'D', 'C'], ['C', 'B', 'A', 'D']]","{'A': 4, 'C': 4, 'D': 4, 'B': 3}","[0.75, 1.0, 1.0]",3.96
95,"[1, 3, 4]","[3, 4, 4]","[0.58, 0.79, 0.88]","[['C', 'D', 'A', 'B'], ['B', 'C', 'A', 'D'], ['A', 'B', 'D', 'C']]","{'A': 4, 'C': 4, 'D': 4, 'B': 3}","[0.75, 1.0, 1.0]",3.96
95,"[1, 3, 4]","[3, 4, 4]","[0.58, 0.79, 0.88]","[['C', 'D', 'A', 'B'], ['B', 'C', 'A', 'D'], ['A', 'D', 'B', 'C']]","{'A': 4, 'C': 4, 'D': 4, 'B': 3}","[0.75, 1.0, 1.0]",3.96
95,"[1, 3, 4]","[3, 4, 4]","[0.58, 0.79, 0.88]","[['C', 'D', 'A', 'B'], ['B', 'C', 'A', 'D'], ['B', 'A', 'D', 'C']]","{'A': 4, 'C': 4, 'D': 4, 'B': 3}","[0.75, 1.0, 1.0]",3.96
95,"[1, 3, 4]","[3, 4, 4]","[0.58, 0.79, 0.88]","[['C', 'D', 'A', 'B'], ['B', 'C', 'A', 'D'], ['B', 'D', 'A', 'C']]","{'A': 4, 'C': 4, 'D': 4, 'B': 3}","[0.75, 1.0, 1.0]",3.96
95,"[1, 3, 4]","[3, 4, 4]","[0.58, 0.79, 0.88]","[['C', 'D', 'A', 'B'], ['B', 'C', 'A', 'D'], ['D', 'A', 'B', 'C']]","{'A': 4, 'C': 4, 'D': 4, 'B': 3}","[0.75, 1.0, 1.0]",3.96
95,"[1, 3, 4]","[3, 4, 4]","[0.58, 0.79, 0.88]","[['C', 'D', 'A', 'B'], ['B', 'C', 'A', 'D'], ['D', 'B', 'A', 'C']]","{'A': 4, 'C': 4, 'D': 4, 'B': 3}","[0.75, 1.0, 1.0]",3.96
95,"[1, 3, 4]","[3, 4, 4]","[0.58, 0.79, 0.88]","[['C', 'D', 'A', 'B'], ['B', 'D', 'A', 'C'], ['A', 'B', 'C', 'D']]","{'A': 4, 'C': 4, 'D': 4, 'B': 3}","[0.75, 1.0, 1.0]",3.96
95,"[1, 3, 4]","[3, 4, 4]","[0.58, 0.79, 0.88]","[['C', 'D', 'A', 'B'], ['B', 'D', 'A', 'C'], ['A', 'C', 'B', 'D']]","{'A': 4, 'C': 4, 'D': 4, 'B': 3}","[0.75, 1.0, 1.0]",3.96
95,"[1, 3, 4]","[3, 4, 4]","[0.58, 0.79, 0.88]","[['C', 'D', 'A', 'B'], ['B', 'D', 'A', 'C'], ['B', 'A', 'C', 'D']]","{'A': 4, 'C': 4, 'D': 4, 'B': 3}","[0.75, 1.0, 1.0]",3.96
95,"[1, 3, 4]","[3, 4, 4]","[0.58, 0.79, 0.88]","[['C', 'D', 'A', 'B'], ['B', 'D', 'A', 'C'], ['B', 'C', 'A', 'D']]","{'A': 4, 'C': 4, 'D': 4, 'B': 3}","[0.75, 1.0, 1.0]",3.96
95,"[1, 3, 4]","[3, 4, 4]","[0.58, 0.79, 0.88]","[['C', 'D', 'A', 'B'], ['B', 'D', 'A', 'C'], ['C', 'A', 'B', 'D']]","{'A': 4, 'C': 4, 'D': 4, 'B': 3}","[0.75, 1.0, 1.0]",3.96
95,"[1, 3, 4]","[3, 4, 4]","[0.58, 0.79, 0.88]","[['C', 'D', 'A', 'B'], ['B', 'D', 'A', 'C'], ['C', 'B', 'A', 'D']]","{'A': 4, 'C': 4, 'D': 4, 'B': 3}","[0.75, 1.0, 1.0]",3.96
95,"[1, 3, 4]","[3, 4, 4]","[0.58, 0.79, 0.88]","[['C', 'D', 'A', 'B'], ['C', 'A', 'B', 'D'], ['A', 'B', 'D', 'C']]","{'A': 4, 'C': 4, 'D': 4, 'B': 3}","[0.75, 1.0, 1.0]",3.96
95,"[1, 3, 4]","[3, 4, 4]","[0.58, 0.79, 0.88]","[['C', 'D', 'A', 'B'], ['C', 'A', 'B', 'D'], ['A', 'D', 'B', 'C']]","{'A': 4, 'C': 4, 'D': 4, 'B': 3}","[0.75, 1.0, 1.0]",3.96
95,"[1, 3, 4]","[3, 4, 4]","[0.58, 0.79, 0.88]","[['C', 'D', 'A', 'B'], ['C', 'A', 'B', 'D'], ['B', 'A', 'D', 'C']]","{'A': 4, 'C': 4, 'D': 4, 'B': 3}","[0.75, 1.0, 1.0]",3.96
95,"[1, 3, 4]","[3, 4, 4]","[0.58, 0.79, 0.88]","[['C', 'D', 'A', 'B'], ['C', 'A', 'B', 'D'], ['B', 'D', 'A', 'C']]","{'A': 4, 'C': 4, 'D': 4, 'B': 3}","[0.75, 1.0, 1.0]",3.96
95,"[1, 3, 4]","[3, 4, 4]","[0.58, 0.79, 0.88]","[['C', 'D', 'A', 'B'], ['C', 'A', 'B', 'D'], ['D', 'A', 'B', 'C']]","{'A': 4, 'C': 4, 'D': 4, 'B': 3}","[0.75, 1.0, 1.0]",3.96
95,"[1, 3, 4]","[3, 4, 4]","[0.58, 0.79, 0.88]","[['C', 'D', 'A', 'B'], ['C', 'A', 'B', 'D'], ['D', 'B', 'A', 'C']]","{'A': 4, 'C': 4, 'D': 4, 'B': 3}","[0.75, 1.0, 1.0]",3.96
95,"[1, 3, 4]","[3, 4, 4]","[0.58, 0.79, 0.88]","[['C', 'D', 'A', 'B'], ['C', 'B', 'A', 'D'], ['A', 'B', 'D', 'C']]","{'A': 4, 'C': 4, 'D': 4, 'B': 3}","[0.75, 1.0, 1.0]",3.96
95,"[1, 3, 4]","[3, 4, 4]","[0.58, 0.79, 0.88]","[['C', 'D', 'A', 'B'], ['C', 'B', 'A', 'D'], ['A', 'D', 'B', 'C']]","{'A': 4, 'C': 4, 'D': 4, 'B': 3}","[0.75, 1.0, 1.0]",3.96
95,"[1, 3, 4]","[3, 4, 4]","[0.58, 0.79, 0.88]","[['C', 'D', 'A', 'B'], ['C', 'B', 'A', 'D'], ['B', 'A', 'D', 'C']]","{'A': 4, 'C': 4, 'D': 4, 'B': 3}","[0.75, 1.0, 1.0]",3.96
95,"[1, 3, 4]","[3, 4, 4]","[0.58, 0.79, 0.88]","[['C', 'D', 'A', 'B'], ['C', 'B', 'A', 'D'], ['B', 'D', 'A', 'C']]","{'A': 4, 'C': 4, 'D': 4, 'B': 3}","[0.75, 1.0, 1.0]",3.96
95,"[1, 3, 4]","[3, 4, 4]","[0.58, 0.79, 0.88]","[['C', 'D', 'A', 'B'], ['C', 'B', 'A', 'D'], ['D', 'A', 'B', 'C']]","{'A': 4, 'C': 4, 'D': 4, 'B': 3}","[0.75, 1.0, 1.0]",3.96
95,"[1, 3, 4]","[3, 4, 4]","[0.58, 0.79, 0.88]","[['C', 'D', 'A', 'B'], ['C', 'B', 'A', 'D'], ['D', 'B', 'A', 'C']]","{'A': 4, 'C': 4, 'D': 4, 'B': 3}","[0.75, 1.0, 1.0]",3.96
95,"[1, 3, 4]","[3, 4, 4]","[0.58, 0.79, 0.88]","[['C', 'D', 'A', 'B'], ['D', 'A', 'B', 'C'], ['A', 'B', 'C', 'D']]","{'A': 4, 'C': 4, 'D': 4, 'B': 3}","[0.75, 1.0, 1.0]",3.96
95,"[1, 3, 4]","[3, 4, 4]","[0.58, 0.79, 0.88]","[['C', 'D', 'A', 'B'], ['D', 'A', 'B', 'C'], ['A', 'C', 'B', 'D']]","{'A': 4, 'C': 4, 'D': 4, 'B': 3}","[0.75, 1.0, 1.0]",3.96
95,"[1, 3, 4]","[3, 4, 4]","[0.58, 0.79, 0.88]","[['C', 'D', 'A', 'B'], ['D', 'A', 'B', 'C'], ['B', 'A', 'C', 'D']]","{'A': 4, 'C': 4, 'D': 4, 'B': 3}","[0.75, 1.0, 1.0]",3.96
95,"[1, 3, 4]","[3, 4, 4]","[0.58, 0.79, 0.88]","[['C', 'D', 'A', 'B'], ['D', 'A', 'B', 'C'], ['B', 'C', 'A', 'D']]","{'A': 4, 'C': 4, 'D': 4, 'B': 3}","[0.75, 1.0, 1.0]",3.96
95,"[1, 3, 4]","[3, 4, 4]","[0.58, 0.79, 0.88]","[['C', 'D', 'A', 'B'], ['D', 'A', 'B', 'C'], ['C', 'A', 'B', 'D']]","{'A': 4, 'C': 4, 'D': 4, 'B': 3}","[0.75, 1.0, 1.0]",3.96
95,"[1, 3, 4]","[3, 4, 4]","[0.58, 0.79, 0.88]","[['C', 'D', 'A', 'B'], ['D', 'A', 'B', 'C'], ['C', 'B', 'A', 'D']]","{'A': 4, 'C': 4, 'D': 4, 'B': 3}","[0.75, 1.0, 1.0]",3.96
95,"[1, 3, 4]","[3, 4, 4]","[0.58, 0.79, 0.88]","[['C', 'D', 'A', 'B'], ['D', 'B', 'A', 'C'], ['A', 'B', 'C', 'D']]","{'A': 4, 'C': 4, 'D': 4, 'B': 3}","[0.75, 1.0, 1.0]",3.96
95,"[1, 3, 4]","[3, 4, 4]","[0.58, 0.79, 0.88]","[['C', 'D', 'A', 'B'], ['D', 'B', 'A', 'C'], ['A', 'C', 'B', 'D']]","{'A': 4, 'C': 4, 'D': 4, 'B': 3}","[0.75, 1.0, 1.0]",3.96
95,"[1, 3, 4]","[3, 4, 4]","[0.58, 0.79, 0.88]","[['C', 'D', 'A', 'B'], ['D', 'B', 'A', 'C'], ['B', 'A', 'C', 'D']]","{'A': 4, 'C': 4, 'D': 4, 'B': 3}","[0.75, 1.0, 1.0]",3.96
95,"[1, 3, 4]","[3, 4, 4]","[0.58, 0.79, 0.88]","[['C', 'D', 'A', 'B'], ['D', 'B', 'A', 'C'], ['B', 'C', 'A', 'D']]","{'A': 4, 'C': 4, 'D': 4, 'B': 3}","[0.75, 1.0, 1.0]",3.96
95,"[1, 3, 4]","[3, 4, 4]","[0.58, 0.79, 0.88]","[['C', 'D', 'A', 'B'], ['D', 'B', 'A', 'C'], ['C', 'A', 'B', 'D']]","{'A': 4, 'C': 4, 'D': 4, 'B': 3}","[0.75, 1.0, 1.0]",3.96
95,"[1, 3, 4]","[3, 4, 4]","[0.58, 0.79, 0.88]","[['C', 'D', 'A', 'B'], ['D', 'B', 'A', 'C'], ['C', 'B', 'A', 'D']]","{'A': 4, 'C': 4, 'D': 4, 'B': 3}","[0.75, 1.0, 1.0]",3.96
95,"[1, 3, 4]","[3, 4, 4]","[0.58, 0.79, 0.88]","[['D', 'A', 'B', 'C'], ['A', 'B', 'C', 'D'], ['A', 'C', 'D', 'B']]","{'A': 4, 'C': 4, 'D': 4, 'B': 3}","[0.75, 1.0, 1.0]",3.96
95,"[1, 3, 4]","[3, 4, 4]","[0.58, 0.79, 0.88]","[['D', 'A', 'B', 'C'], ['A', 'B', 'C', 'D'], ['A', 'D', 'C', 'B']]","{'A': 4, 'C': 4, 'D': 4, 'B': 3}","[0.75, 1.0, 1.0]",3.96
95,"[1, 3, 4]","[3, 4, 4]","[0.58, 0.79, 0.88]","[['D', 'A', 'B', 'C'], ['A', 'B', 'C', 'D'], ['C', 'A', 'D', 'B']]","{'A': 4, 'C': 4, 'D': 4, 'B': 3}","[0.75, 1.0, 1.0]",3.96
95,"[1, 3, 4]","[3, 4, 4]","[0.58, 0.79, 0.88]","[['D', 'A', 'B', 'C'], ['A', 'B', 'C', 'D'], ['C', 'D', 'A', 'B']]","{'A': 4, 'C': 4, 'D': 4, 'B': 3}","[0.75, 1.0, 1.0]",3.96
95,"[1, 3, 4]","[3, 4, 4]","[0.58, 0.79, 0.88]","[['D', 'A', 'B', 'C'], ['A', 'B', 'C', 'D'], ['D', 'A', 'C', 'B']]","{'A': 4, 'C': 4, 'D': 4, 'B': 3}","[0.75, 1.0, 1.0]",3.96
95,"[1, 3, 4]","[3, 4, 4]","[0.58, 0.79, 0.88]","[['D', 'A', 'B', 'C'], ['A', 'B', 'C', 'D'], ['D', 'C', 'A', 'B']]","{'A': 4, 'C': 4, 'D': 4, 'B': 3}","[0.75, 1.0, 1.0]",3.96
95,"[1, 3, 4]","[3, 4, 4]","[0.58, 0.79, 0.88]","[['D', 'A', 'B', 'C'], ['A', 'C', 'B', 'D'], ['A', 'C', 'D', 'B']]","{'A': 4, 'C': 4, 'D': 4, 'B': 3}","[0.75, 1.0, 1.0]",3.96
95,"[1, 3, 4]","[3, 4, 4]","[0.58, 0.79, 0.88]","[['D', 'A', 'B', 'C'], ['A', 'C', 'B', 'D'], ['A', 'D', 'C', 'B']]","{'A': 4, 'C': 4, 'D': 4, 'B': 3}","[0.75, 1.0, 1.0]",3.96
95,"[1, 3, 4]","[3, 4, 4]","[0.58, 0.79, 0.88]","[['D', 'A', 'B', 'C'], ['A', 'C', 'B', 'D'], ['C', 'A', 'D', 'B']]","{'A': 4, 'C': 4, 'D': 4, 'B': 3}","[0.75, 1.0, 1.0]",3.96
95,"[1, 3, 4]","[3, 4, 4]","[0.58, 0.79, 0.88]","[['D', 'A', 'B', 'C'], ['A', 'C', 'B', 'D'], ['C', 'D', 'A', 'B']]","{'A': 4, 'C': 4, 'D': 4, 'B': 3}","[0.75, 1.0, 1.0]",3.96
95,"[1, 3, 4]","[3, 4, 4]","[0.58, 0.79, 0.88]","[['D', 'A', 'B', 'C'], ['A', 'C', 'B', 'D'], ['D', 'A', 'C', 'B']]","{'A': 4, 'C': 4, 'D': 4, 'B': 3}","[0.75, 1.0, 1.0]",3.96
95,"[1, 3, 4]","[3, 4, 4]","[0.58, 0.79, 0.88]","[['D', 'A', 'B', 'C'], ['A', 'C', 'B', 'D'], ['D', 'C', 'A', 'B']]","{'A': 4, 'C': 4, 'D': 4, 'B': 3}","[0.75, 1.0, 1.0]",3.96
95,"[1, 3, 4]","[3, 4, 4]","[0.58, 0.79, 0.88]","[['D', 'A', 'B', 'C'], ['A', 'C', 'D', 'B'], ['A', 'B', 'C', 'D']]","{'A': 4, 'C': 4, 'D': 4, 'B': 3}","[0.75, 1.0, 1.0]",3.96
95,"[1, 3, 4]","[3, 4, 4]","[0.58, 0.79, 0.88]","[['D', 'A', 'B', 'C'], ['A', 'C', 'D', 'B'], ['A', 'C', 'B', 'D']]","{'A': 4, 'C': 4, 'D': 4, 'B': 3}","[0.75, 1.0, 1.0]",3.96
95,"[1, 3, 4]","[3, 4, 4]","[0.58, 0.79, 0.88]","[['D', 'A', 'B', 'C'], ['A', 'C', 'D', 'B'], ['B', 'A', 'C', 'D']]","{'A': 4, 'C': 4, 'D': 4, 'B': 3}","[0.75, 1.0, 1.0]",3.96
95,"[1, 3, 4]","[3, 4, 4]","[0.58, 0.79, 0.88]","[['D', 'A', 'B', 'C'], ['A', 'C', 'D', 'B'], ['B', 'C', 'A', 'D']]","{'A': 4, 'C': 4, 'D': 4, 'B': 3}","[0.75, 1.0, 1.0]",3.96
95,"[1, 3, 4]","[3, 4, 4]","[0.58, 0.79, 0.88]","[['D', 'A', 'B', 'C'], ['A', 'C', 'D', 'B'], ['C', 'A', 'B', 'D']]","{'A': 4, 'C': 4, 'D': 4, 'B': 3}","[0.75, 1.0, 1.0]",3.96
95,"[1, 3, 4]","[3, 4, 4]","[0.58, 0.79, 0.88]","[['D', 'A', 'B', 'C'], ['A', 'C', 'D', 'B'], ['C', 'B', 'A', 'D']]","{'A': 4, 'C': 4, 'D': 4, 'B': 3}","[0.75, 1.0, 1.0]",3.96
95,"[1, 3, 4]","[3, 4, 4]","[0.58, 0.79, 0.88]","[['D', 'A', 'B', 'C'], ['A', 'D', 'C', 'B'], ['A', 'B', 'C', 'D']]","{'A': 4, 'C': 4, 'D': 4, 'B': 3}","[0.75, 1.0, 1.0]",3.96
95,"[1, 3, 4]","[3, 4, 4]","[0.58, 0.79, 0.88]","[['D', 'A', 'B', 'C'], ['A', 'D', 'C', 'B'], ['A', 'C', 'B', 'D']]","{'A': 4, 'C': 4, 'D': 4, 'B': 3}","[0.75, 1.0, 1.0]",3.96
95,"[1, 3, 4]","[3, 4, 4]","[0.58, 0.79, 0.88]","[['D', 'A', 'B', 'C'], ['A', 'D', 'C', 'B'], ['B', 'A', 'C', 'D']]","{'A': 4, 'C': 4, 'D': 4, 'B': 3}","[0.75, 1.0, 1.0]",3.96
95,"[1, 3, 4]","[3, 4, 4]","[0.58, 0.79, 0.88]","[['D', 'A', 'B', 'C'], ['A', 'D', 'C', 'B'], ['B', 'C', 'A', 'D']]","{'A': 4, 'C': 4, 'D': 4, 'B': 3}","[0.75, 1.0, 1.0]",3.96
95,"[1, 3, 4]","[3, 4, 4]","[0.58, 0.79, 0.88]","[['D', 'A', 'B', 'C'], ['A', 'D', 'C', 'B'], ['C', 'A', 'B', 'D']]","{'A': 4, 'C': 4, 'D': 4, 'B': 3}","[0.75, 1.0, 1.0]",3.96
95,"[1, 3, 4]","[3, 4, 4]","[0.58, 0.79, 0.88]","[['D', 'A', 'B', 'C'], ['A', 'D', 'C', 'B'], ['C', 'B', 'A', 'D']]","{'A': 4, 'C': 4, 'D': 4, 'B': 3}","[0.75, 1.0, 1.0]",3.96
95,"[1, 3, 4]","[3, 4, 4]","[0.58, 0.79, 0.88]","[['D', 'A', 'B', 'C'], ['B', 'A', 'C', 'D'], ['A', 'C', 'D', 'B']]","{'A': 4, 'C': 4, 'D': 4, 'B': 3}","[0.75, 1.0, 1.0]",3.96
95,"[1, 3, 4]","[3, 4, 4]","[0.58, 0.79, 0.88]","[['D', 'A', 'B', 'C'], ['B', 'A', 'C', 'D'], ['A', 'D', 'C', 'B']]","{'A': 4, 'C': 4, 'D': 4, 'B': 3}","[0.75, 1.0, 1.0]",3.96
95,"[1, 3, 4]","[3, 4, 4]","[0.58, 0.79, 0.88]","[['D', 'A', 'B', 'C'], ['B', 'A', 'C', 'D'], ['C', 'A', 'D', 'B']]","{'A': 4, 'C': 4, 'D': 4, 'B': 3}","[0.75, 1.0, 1.0]",3.96
95,"[1, 3, 4]","[3, 4, 4]","[0.58, 0.79, 0.88]","[['D', 'A', 'B', 'C'], ['B', 'A', 'C', 'D'], ['C', 'D', 'A', 'B']]","{'A': 4, 'C': 4, 'D': 4, 'B': 3}","[0.75, 1.0, 1.0]",3.96
95,"[1, 3, 4]","[3, 4, 4]","[0.58, 0.79, 0.88]","[['D', 'A', 'B', 'C'], ['B', 'A', 'C', 'D'], ['D', 'A', 'C', 'B']]","{'A': 4, 'C': 4, 'D': 4, 'B': 3}","[0.75, 1.0, 1.0]",3.96
95,"[1, 3, 4]","[3, 4, 4]","[0.58, 0.79, 0.88]","[['D', 'A', 'B', 'C'], ['B', 'A', 'C', 'D'], ['D', 'C', 'A', 'B']]","{'A': 4, 'C': 4, 'D': 4, 'B': 3}","[0.75, 1.0, 1.0]",3.96
95,"[1, 3, 4]","[3, 4, 4]","[0.58, 0.79, 0.88]","[['D', 'A', 'B', 'C'], ['B', 'C', 'A', 'D'], ['A', 'C', 'D', 'B']]","{'A': 4, 'C': 4, 'D': 4, 'B': 3}","[0.75, 1.0, 1.0]",3.96
95,"[1, 3, 4]","[3, 4, 4]","[0.58, 0.79, 0.88]","[['D', 'A', 'B', 'C'], ['B', 'C', 'A', 'D'], ['A', 'D', 'C', 'B']]","{'A': 4, 'C': 4, 'D': 4, 'B': 3}","[0.75, 1.0, 1.0]",3.96
95,"[1, 3, 4]","[3, 4, 4]","[0.58, 0.79, 0.88]","[['D', 'A', 'B', 'C'], ['B', 'C', 'A', 'D'], ['C', 'A', 'D', 'B']]","{'A': 4, 'C': 4, 'D': 4, 'B': 3}","[0.75, 1.0, 1.0]",3.96
95,"[1, 3, 4]","[3, 4, 4]","[0.58, 0.79, 0.88]","[['D', 'A', 'B', 'C'], ['B', 'C', 'A', 'D'], ['C', 'D', 'A', 'B']]","{'A': 4, 'C': 4, 'D': 4, 'B': 3}","[0.75, 1.0, 1.0]",3.96
95,"[1, 3, 4]","[3, 4, 4]","[0.58, 0.79, 0.88]","[['D', 'A', 'B', 'C'], ['B', 'C', 'A', 'D'], ['D', 'A', 'C', 'B']]","{'A': 4, 'C': 4, 'D': 4, 'B': 3}","[0.75, 1.0, 1.0]",3.96
95,"[1, 3, 4]","[3, 4, 4]","[0.58, 0.79, 0.88]","[['D', 'A', 'B', 'C'], ['B', 'C', 'A', 'D'], ['D', 'C', 'A', 'B']]","{'A': 4, 'C': 4, 'D': 4, 'B': 3}","[0.75, 1.0, 1.0]",3.96
95,"[1, 3, 4]","[3, 4, 4]","[0.58, 0.79, 0.88]","[['D', 'A', 'B', 'C'], ['C', 'A', 'B', 'D'], ['A', 'C', 'D', 'B']]","{'A': 4, 'C': 4, 'D': 4, 'B': 3}","[0.75, 1.0, 1.0]",3.96
95,"[1, 3, 4]","[3, 4, 4]","[0.58, 0.79, 0.88]","[['D', 'A', 'B', 'C'], ['C', 'A', 'B', 'D'], ['A', 'D', 'C', 'B']]","{'A': 4, 'C': 4, 'D': 4, 'B': 3}","[0.75, 1.0, 1.0]",3.96
95,"[1, 3, 4]","[3, 4, 4]","[0.58, 0.79, 0.88]","[['D', 'A', 'B', 'C'], ['C', 'A', 'B', 'D'], ['C', 'A', 'D', 'B']]","{'A': 4, 'C': 4, 'D': 4, 'B': 3}","[0.75, 1.0, 1.0]",3.96
95,"[1, 3, 4]","[3, 4, 4]","[0.58, 0.79, 0.88]","[['D', 'A', 'B', 'C'], ['C', 'A', 'B', 'D'], ['C', 'D', 'A', 'B']]","{'A': 4, 'C': 4, 'D': 4, 'B': 3}","[0.75, 1.0, 1.0]",3.96
95,"[1, 3, 4]","[3, 4, 4]","[0.58, 0.79, 0.88]","[['D', 'A', 'B', 'C'], ['C', 'A', 'B', 'D'], ['D', 'A', 'C', 'B']]","{'A': 4, 'C': 4, 'D': 4, 'B': 3}","[0.75, 1.0, 1.0]",3.96
95,"[1, 3, 4]","[3, 4, 4]","[0.58, 0.79, 0.88]","[['D', 'A', 'B', 'C'], ['C', 'A', 'B', 'D'], ['D', 'C', 'A', 'B']]","{'A': 4, 'C': 4, 'D': 4, 'B': 3}","[0.75, 1.0, 1.0]",3.96
95,"[1, 3, 4]","[3, 4, 4]","[0.58, 0.79, 0.88]","[['D', 'A', 'B', 'C'], ['C', 'A', 'D', 'B'], ['A', 'B', 'C', 'D']]","{'A': 4, 'C': 4, 'D': 4, 'B': 3}","[0.75, 1.0, 1.0]",3.96
95,"[1, 3, 4]","[3, 4, 4]","[0.58, 0.79, 0.88]","[['D', 'A', 'B', 'C'], ['C', 'A', 'D', 'B'], ['A', 'C', 'B', 'D']]","{'A': 4, 'C': 4, 'D': 4, 'B': 3}","[0.75, 1.0, 1.0]",3.96
95,"[1, 3, 4]","[3, 4, 4]","[0.58, 0.79, 0.88]","[['D', 'A', 'B', 'C'], ['C', 'A', 'D', 'B'], ['B', 'A', 'C', 'D']]","{'A': 4, 'C': 4, 'D': 4, 'B': 3}","[0.75, 1.0, 1.0]",3.96
95,"[1, 3, 4]","[3, 4, 4]","[0.58, 0.79, 0.88]","[['D', 'A', 'B', 'C'], ['C', 'A', 'D', 'B'], ['B', 'C', 'A', 'D']]","{'A': 4, 'C': 4, 'D': 4, 'B': 3}","[0.75, 1.0, 1.0]",3.96
95,"[1, 3, 4]","[3, 4, 4]","[0.58, 0.79, 0.88]","[['D', 'A', 'B', 'C'], ['C', 'A', 'D', 'B'], ['C', 'A', 'B', 'D']]","{'A': 4, 'C': 4, 'D': 4, 'B': 3}","[0.75, 1.0, 1.0]",3.96
95,"[1, 3, 4]","[3, 4, 4]","[0.58, 0.79, 0.88]","[['D', 'A', 'B', 'C'], ['C', 'A', 'D', 'B'], ['C', 'B', 'A', 'D']]","{'A': 4, 'C': 4, 'D': 4, 'B': 3}","[0.75, 1.0, 1.0]",3.96
95,"[1, 3, 4]","[3, 4, 4]","[0.58, 0.79, 0.88]","[['D', 'A', 'B', 'C'], ['C', 'B', 'A', 'D'], ['A', 'C', 'D', 'B']]","{'A': 4, 'C': 4, 'D': 4, 'B': 3}","[0.75, 1.0, 1.0]",3.96
95,"[1, 3, 4]","[3, 4, 4]","[0.58, 0.79, 0.88]","[['D', 'A', 'B', 'C'], ['C', 'B', 'A', 'D'], ['A', 'D', 'C', 'B']]","{'A': 4, 'C': 4, 'D': 4, 'B': 3}","[0.75, 1.0, 1.0]",3.96
95,"[1, 3, 4]","[3, 4, 4]","[0.58, 0.79, 0.88]","[['D', 'A', 'B', 'C'], ['C', 'B', 'A', 'D'], ['C', 'A', 'D', 'B']]","{'A': 4, 'C': 4, 'D': 4, 'B': 3}","[0.75, 1.0, 1.0]",3.96
95,"[1, 3, 4]","[3, 4, 4]","[0.58, 0.79, 0.88]","[['D', 'A', 'B', 'C'], ['C', 'B', 'A', 'D'], ['C', 'D', 'A', 'B']]","{'A': 4, 'C': 4, 'D': 4, 'B': 3}","[0.75, 1.0, 1.0]",3.96
95,"[1, 3, 4]","[3, 4, 4]","[0.58, 0.79, 0.88]","[['D', 'A', 'B', 'C'], ['C', 'B', 'A', 'D'], ['D', 'A', 'C', 'B']]","{'A': 4, 'C': 4, 'D': 4, 'B': 3}","[0.75, 1.0, 1.0]",3.96
95,"[1, 3, 4]","[3, 4, 4]","[0.58, 0.79, 0.88]","[['D', 'A', 'B', 'C'], ['C', 'B', 'A', 'D'], ['D', 'C', 'A', 'B']]","{'A': 4, 'C': 4, 'D': 4, 'B': 3}","[0.75, 1.0, 1.0]",3.96
95,"[1, 3, 4]","[3, 4, 4]","[0.58, 0.79, 0.88]","[['D', 'A', 'B', 'C'], ['C', 'D', 'A', 'B'], ['A', 'B', 'C', 'D']]","{'A': 4, 'C': 4, 'D': 4, 'B': 3}","[0.75, 1.0, 1.0]",3.96
95,"[1, 3, 4]","[3, 4, 4]","[0.58, 0.79, 0.88]","[['D', 'A', 'B', 'C'], ['C', 'D', 'A', 'B'], ['A', 'C', 'B', 'D']]","{'A': 4, 'C': 4, 'D': 4, 'B': 3}","[0.75, 1.0, 1.0]",3.96
95,"[1, 3, 4]","[3, 4, 4]","[0.58, 0.79, 0.88]","[['D', 'A', 'B', 'C'], ['C', 'D', 'A', 'B'], ['B', 'A', 'C', 'D']]","{'A': 4, 'C': 4, 'D': 4, 'B': 3}","[0.75, 1.0, 1.0]",3.96
95,"[1, 3, 4]","[3, 4, 4]","[0.58, 0.79, 0.88]","[['D', 'A', 'B', 'C'], ['C', 'D', 'A', 'B'], ['B', 'C', 'A', 'D']]","{'A': 4, 'C': 4, 'D': 4, 'B': 3}","[0.75, 1.0, 1.0]",3.96
95,"[1, 3, 4]","[3, 4, 4]","[0.58, 0.79, 0.88]","[['D', 'A', 'B', 'C'], ['C', 'D', 'A', 'B'], ['C', 'A', 'B', 'D']]","{'A': 4, 'C': 4, 'D': 4, 'B': 3}","[0.75, 1.0, 1.0]",3.96
95,"[1, 3, 4]","[3, 4, 4]","[0.58, 0.79, 0.88]","[['D', 'A', 'B', 'C'], ['C', 'D', 'A', 'B'], ['C', 'B', 'A', 'D']]","{'A': 4, 'C': 4, 'D': 4, 'B': 3}","[0.75, 1.0, 1.0]",3.96
95,"[1, 3, 4]","[3, 4, 4]","[0.58, 0.79, 0.88]","[['D', 'A', 'B', 'C'], ['D', 'A', 'C', 'B'], ['A', 'B', 'C', 'D']]","{'A': 4, 'C': 4, 'D': 4, 'B': 3}","[0.75, 1.0, 1.0]",3.96
95,"[1, 3, 4]","[3, 4, 4]","[0.58, 0.79, 0.88]","[['D', 'A', 'B', 'C'], ['D', 'A', 'C', 'B'], ['A', 'C', 'B', 'D']]","{'A': 4, 'C': 4, 'D': 4, 'B': 3}","[0.75, 1.0, 1.0]",3.96
95,"[1, 3, 4]","[3, 4, 4]","[0.58, 0.79, 0.88]","[['D', 'A', 'B', 'C'], ['D', 'A', 'C', 'B'], ['B', 'A', 'C', 'D']]","{'A': 4, 'C': 4, 'D': 4, 'B': 3}","[0.75, 1.0, 1.0]",3.96
95,"[1, 3, 4]","[3, 4, 4]","[0.58, 0.79, 0.88]","[['D', 'A', 'B', 'C'], ['D', 'A', 'C', 'B'], ['B', 'C', 'A', 'D']]","{'A': 4, 'C': 4, 'D': 4, 'B': 3}","[0.75, 1.0, 1.0]",3.96
95,"[1, 3, 4]","[3, 4, 4]","[0.58, 0.79, 0.88]","[['D', 'A', 'B', 'C'], ['D', 'A', 'C', 'B'], ['C', 'A', 'B', 'D']]","{'A': 4, 'C': 4, 'D': 4, 'B': 3}","[0.75, 1.0, 1.0]",3.96
95,"[1, 3, 4]","[3, 4, 4]","[0.58, 0.79, 0.88]","[['D', 'A', 'B', 'C'], ['D', 'A', 'C', 'B'], ['C', 'B', 'A', 'D']]","{'A': 4, 'C': 4, 'D': 4, 'B': 3}","[0.75, 1.0, 1.0]",3.96
95,"[1, 3, 4]","[3, 4, 4]","[0.58, 0.79, 0.88]","[['D', 'A', 'B', 'C'], ['D', 'C', 'A', 'B'], ['A', 'B', 'C', 'D']]","{'A': 4, 'C': 4, 'D': 4, 'B': 3}","[0.75, 1.0, 1.0]",3.96
95,"[1, 3, 4]","[3, 4, 4]","[0.58, 0.79, 0.88]","[['D', 'A', 'B', 'C'], ['D', 'C', 'A', 'B'], ['A', 'C', 'B', 'D']]","{'A': 4, 'C': 4, 'D': 4, 'B': 3}","[0.75, 1.0, 1.0]",3.96
95,"[1, 3, 4]","[3, 4, 4]","[0.58, 0.79, 0.88]","[['D', 'A', 'B', 'C'], ['D', 'C', 'A', 'B'], ['B', 'A', 'C', 'D']]","{'A': 4, 'C': 4, 'D': 4, 'B': 3}","[0.75, 1.0, 1.0]",3.96
95,"[1, 3, 4]","[3, 4, 4]","[0.58, 0.79, 0.88]","[['D', 'A', 'B', 'C'], ['D', 'C', 'A', 'B'], ['B', 'C', 'A', 'D']]","{'A': 4, 'C': 4, 'D': 4, 'B': 3}","[0.75, 1.0, 1.0]",3.96
95,"[1, 3, 4]","[3, 4, 4]","[0.58, 0.79, 0.88]","[['D', 'A', 'B', 'C'], ['D', 'C', 'A', 'B'], ['C', 'A', 'B', 'D']]","{'A': 4, 'C': 4, 'D': 4, 'B': 3}","[0.75, 1.0, 1.0]",3.96
95,"[1, 3, 4]","[3, 4, 4]","[0.58, 0.79, 0.88]","[['D', 'A', 'B', 'C'], ['D', 'C', 'A', 'B'], ['C', 'B', 'A', 'D']]","{'A': 4, 'C': 4, 'D': 4, 'B': 3}","[0.75, 1.0, 1.0]",3.96
95,"[1, 3, 4]","[3, 4, 4]","[0.58, 0.79, 0.88]","[['D', 'A', 'C', 'B'], ['A', 'B', 'C', 'D'], ['A', 'B', 'D', 'C']]","{'A': 4, 'C': 4, 'D': 4, 'B': 3}","[0.75, 1.0, 1.0]",3.96
95,"[1, 3, 4]","[3, 4, 4]","[0.58, 0.79, 0.88]","[['D', 'A', 'C', 'B'], ['A', 'B', 'C', 'D'], ['A', 'D', 'B', 'C']]","{'A': 4, 'C': 4, 'D': 4, 'B': 3}","[0.75, 1.0, 1.0]",3.96
95,"[1, 3, 4]","[3, 4, 4]","[0.58, 0.79, 0.88]","[['D', 'A', 'C', 'B'], ['A', 'B', 'C', 'D'], ['B', 'A', 'D', 'C']]","{'A': 4, 'C': 4, 'D': 4, 'B': 3}","[0.75, 1.0, 1.0]",3.96
95,"[1, 3, 4]","[3, 4, 4]","[0.58, 0.79, 0.88]","[['D', 'A', 'C', 'B'], ['A', 'B', 'C', 'D'], ['B', 'D', 'A', 'C']]","{'A': 4, 'C': 4, 'D': 4, 'B': 3}","[0.75, 1.0, 1.0]",3.96
95,"[1, 3, 4]","[3, 4, 4]","[0.58, 0.79, 0.88]","[['D', 'A', 'C', 'B'], ['A', 'B', 'C', 'D'], ['D', 'A', 'B', 'C']]","{'A': 4, 'C': 4, 'D': 4, 'B': 3}","[0.75, 1.0, 1.0]",3.96
95,"[1, 3, 4]","[3, 4, 4]","[0.58, 0.79, 0.88]","[['D', 'A', 'C', 'B'], ['A', 'B', 'C', 'D'], ['D', 'B', 'A', 'C']]","{'A': 4, 'C': 4, 'D': 4, 'B': 3}","[0.75, 1.0, 1.0]",3.96
95,"[1, 3, 4]","[3, 4, 4]","[0.58, 0.79, 0.88]","[['D', 'A', 'C', 'B'], ['A', 'B', 'D', 'C'], ['A', 'B', 'C', 'D']]","{'A': 4, 'C': 4, 'D': 4, 'B': 3}","[0.75, 1.0, 1.0]",3.96
95,"[1, 3, 4]","[3, 4, 4]","[0.58, 0.79, 0.88]","[['D', 'A', 'C', 'B'], ['A', 'B', 'D', 'C'], ['A', 'C', 'B', 'D']]","{'A': 4, 'C': 4, 'D': 4, 'B': 3}","[0.75, 1.0, 1.0]",3.96
95,"[1, 3, 4]","[3, 4, 4]","[0.58, 0.79, 0.88]","[['D', 'A', 'C', 'B'], ['A', 'B', 'D', 'C'], ['B', 'A', 'C', 'D']]","{'A': 4, 'C': 4, 'D': 4, 'B': 3}","[0.75, 1.0, 1.0]",3.96
95,"[1, 3, 4]","[3, 4, 4]","[0.58, 0.79, 0.88]","[['D', 'A', 'C', 'B'], ['A', 'B', 'D', 'C'], ['B', 'C', 'A', 'D']]","{'A': 4, 'C': 4, 'D': 4, 'B': 3}","[0.75, 1.0, 1.0]",3.96
95,"[1, 3, 4]","[3, 4, 4]","[0.58, 0.79, 0.88]","[['D', 'A', 'C', 'B'], ['A', 'B', 'D', 'C'], ['C', 'A', 'B', 'D']]","{'A': 4, 'C': 4, 'D': 4, 'B': 3}","[0.75, 1.0, 1.0]",3.96
95,"[1, 3, 4]","[3, 4, 4]","[0.58, 0.79, 0.88]","[['D', 'A', 'C', 'B'], ['A', 'B', 'D', 'C'], ['C', 'B', 'A', 'D']]","{'A': 4, 'C': 4, 'D': 4, 'B': 3}","[0.75, 1.0, 1.0]",3.96
95,"[1, 3, 4]","[3, 4, 4]","[0.58, 0.79, 0.88]","[['D', 'A', 'C', 'B'], ['A', 'C', 'B', 'D'], ['A', 'B', 'D', 'C']]","{'A': 4, 'C': 4, 'D': 4, 'B': 3}","[0.75, 1.0, 1.0]",3.96
95,"[1, 3, 4]","[3, 4, 4]","[0.58, 0.79, 0.88]","[['D', 'A', 'C', 'B'], ['A', 'C', 'B', 'D'], ['A', 'D', 'B', 'C']]","{'A': 4, 'C': 4, 'D': 4, 'B': 3}","[0.75, 1.0, 1.0]",3.96
95,"[1, 3, 4]","[3, 4, 4]","[0.58, 0.79, 0.88]","[['D', 'A', 'C', 'B'], ['A', 'C', 'B', 'D'], ['B', 'A', 'D', 'C']]","{'A': 4, 'C': 4, 'D': 4, 'B': 3}","[0.75, 1.0, 1.0]",3.96
95,"[1, 3, 4]","[3, 4, 4]","[0.58, 0.79, 0.88]","[['D', 'A', 'C', 'B'], ['A', 'C', 'B', 'D'], ['B', 'D', 'A', 'C']]","{'A': 4, 'C': 4, 'D': 4, 'B': 3}","[0.75, 1.0, 1.0]",3.96
95,"[1, 3, 4]","[3, 4, 4]","[0.58, 0.79, 0.88]","[['D', 'A', 'C', 'B'], ['A', 'C', 'B', 'D'], ['D', 'A', 'B', 'C']]","{'A': 4, 'C': 4, 'D': 4, 'B': 3}","[0.75, 1.0, 1.0]",3.96
95,"[1, 3, 4]","[3, 4, 4]","[0.58, 0.79, 0.88]","[['D', 'A', 'C', 'B'], ['A', 'C', 'B', 'D'], ['D', 'B', 'A', 'C']]","{'A': 4, 'C': 4, 'D': 4, 'B': 3}","[0.75, 1.0, 1.0]",3.96
95,"[1, 3, 4]","[3, 4, 4]","[0.58, 0.79, 0.88]","[['D', 'A', 'C', 'B'], ['A', 'D', 'B', 'C'], ['A', 'B', 'C', 'D']]","{'A': 4, 'C': 4, 'D': 4, 'B': 3}","[0.75, 1.0, 1.0]",3.96
95,"[1, 3, 4]","[3, 4, 4]","[0.58, 0.79, 0.88]","[['D', 'A', 'C', 'B'], ['A', 'D', 'B', 'C'], ['A', 'C', 'B', 'D']]","{'A': 4, 'C': 4, 'D': 4, 'B': 3}","[0.75, 1.0, 1.0]",3.96
95,"[1, 3, 4]","[3, 4, 4]","[0.58, 0.79, 0.88]","[['D', 'A', 'C', 'B'], ['A', 'D', 'B', 'C'], ['B', 'A', 'C', 'D']]","{'A': 4, 'C': 4, 'D': 4, 'B': 3}","[0.75, 1.0, 1.0]",3.96
95,"[1, 3, 4]","[3, 4, 4]","[0.58, 0.79, 0.88]","[['D', 'A', 'C', 'B'], ['A', 'D', 'B', 'C'], ['B', 'C', 'A', 'D']]","{'A': 4, 'C': 4, 'D': 4, 'B': 3}","[0.75, 1.0, 1.0]",3.96
95,"[1, 3, 4]","[3, 4, 4]","[0.58, 0.79, 0.88]","[['D', 'A', 'C', 'B'], ['A', 'D', 'B', 'C'], ['C', 'A', 'B', 'D']]","{'A': 4, 'C': 4, 'D': 4, 'B': 3}","[0.75, 1.0, 1.0]",3.96
95,"[1, 3, 4]","[3, 4, 4]","[0.58, 0.79, 0.88]","[['D', 'A', 'C', 'B'], ['A', 'D', 'B', 'C'], ['C', 'B', 'A', 'D']]","{'A': 4, 'C': 4, 'D': 4, 'B': 3}","[0.75, 1.0, 1.0]",3.96
95,"[1, 3, 4]","[3, 4, 4]","[0.58, 0.79, 0.88]","[['D', 'A', 'C', 'B'], ['B', 'A', 'C', 'D'], ['A', 'B', 'D', 'C']]","{'A': 4, 'C': 4, 'D': 4, 'B': 3}","[0.75, 1.0, 1.0]",3.96
95,"[1, 3, 4]","[3, 4, 4]","[0.58, 0.79, 0.88]","[['D', 'A', 'C', 'B'], ['B', 'A', 'C', 'D'], ['A', 'D', 'B', 'C']]","{'A': 4, 'C': 4, 'D': 4, 'B': 3}","[0.75, 1.0, 1.0]",3.96
95,"[1, 3, 4]","[3, 4, 4]","[0.58, 0.79, 0.88]","[['D', 'A', 'C', 'B'], ['B', 'A', 'C', 'D'], ['B', 'A', 'D', 'C']]","{'A': 4, 'C': 4, 'D': 4, 'B': 3}","[0.75, 1.0, 1.0]",3.96
95,"[1, 3, 4]","[3, 4, 4]","[0.58, 0.79, 0.88]","[['D', 'A', 'C', 'B'], ['B', 'A', 'C', 'D'], ['B', 'D', 'A', 'C']]","{'A': 4, 'C': 4, 'D': 4, 'B': 3}","[0.75, 1.0, 1.0]",3.96
95,"[1, 3, 4]","[3, 4, 4]","[0.58, 0.79, 0.88]","[['D', 'A', 'C', 'B'], ['B', 'A', 'C', 'D'], ['D', 'A', 'B', 'C']]","{'A': 4, 'C': 4, 'D': 4, 'B': 3}","[0.75, 1.0, 1.0]",3.96
95,"[1, 3, 4]","[3, 4, 4]","[0.58, 0.79, 0.88]","[['D', 'A', 'C', 'B'], ['B', 'A', 'C', 'D'], ['D', 'B', 'A', 'C']]","{'A': 4, 'C': 4, 'D': 4, 'B': 3}","[0.75, 1.0, 1.0]",3.96
95,"[1, 3, 4]","[3, 4, 4]","[0.58, 0.79, 0.88]","[['D', 'A', 'C', 'B'], ['B', 'A', 'D', 'C'], ['A', 'B', 'C', 'D']]","{'A': 4, 'C': 4, 'D': 4, 'B': 3}","[0.75, 1.0, 1.0]",3.96
95,"[1, 3, 4]","[3, 4, 4]","[0.58, 0.79, 0.88]","[['D', 'A', 'C', 'B'], ['B', 'A', 'D', 'C'], ['A', 'C', 'B', 'D']]","{'A': 4, 'C': 4, 'D': 4, 'B': 3}","[0.75, 1.0, 1.0]",3.96
95,"[1, 3, 4]","[3, 4, 4]","[0.58, 0.79, 0.88]","[['D', 'A', 'C', 'B'], ['B', 'A', 'D', 'C'], ['B', 'A', 'C', 'D']]","{'A': 4, 'C': 4, 'D': 4, 'B': 3}","[0.75, 1.0, 1.0]",3.96
95,"[1, 3, 4]","[3, 4, 4]","[0.58, 0.79, 0.88]","[['D', 'A', 'C', 'B'], ['B', 'A', 'D', 'C'], ['B', 'C', 'A', 'D']]","{'A': 4, 'C': 4, 'D': 4, 'B': 3}","[0.75, 1.0, 1.0]",3.96
95,"[1, 3, 4]","[3, 4, 4]","[0.58, 0.79, 0.88]","[['D', 'A', 'C', 'B'], ['B', 'A', 'D', 'C'], ['C', 'A', 'B', 'D']]","{'A': 4, 'C': 4, 'D': 4, 'B': 3}","[0.75, 1.0, 1.0]",3.96
95,"[1, 3, 4]","[3, 4, 4]","[0.58, 0.79, 0.88]","[['D', 'A', 'C', 'B'], ['B', 'A', 'D', 'C'], ['C', 'B', 'A', 'D']]","{'A': 4, 'C': 4, 'D': 4, 'B': 3}","[0.75, 1.0, 1.0]",3.96
95,"[1, 3, 4]","[3, 4, 4]","[0.58, 0.79, 0.88]","[['D', 'A', 'C', 'B'], ['B', 'C', 'A', 'D'], ['A', 'B', 'D', 'C']]","{'A': 4, 'C': 4, 'D': 4, 'B': 3}","[0.75, 1.0, 1.0]",3.96
95,"[1, 3, 4]","[3, 4, 4]","[0.58, 0.79, 0.88]","[['D', 'A', 'C', 'B'], ['B', 'C', 'A', 'D'], ['A', 'D', 'B', 'C']]","{'A': 4, 'C': 4, 'D': 4, 'B': 3}","[0.75, 1.0, 1.0]",3.96
95,"[1, 3, 4]","[3, 4, 4]","[0.58, 0.79, 0.88]","[['D', 'A', 'C', 'B'], ['B', 'C', 'A', 'D'], ['B', 'A', 'D', 'C']]","{'A': 4, 'C': 4, 'D': 4, 'B': 3}","[0.75, 1.0, 1.0]",3.96
95,"[1, 3, 4]","[3, 4, 4]","[0.58, 0.79, 0.88]","[['D', 'A', 'C', 'B'], ['B', 'C', 'A', 'D'], ['B', 'D', 'A', 'C']]","{'A': 4, 'C': 4, 'D': 4, 'B': 3}","[0.75, 1.0, 1.0]",3.96
95,"[1, 3, 4]","[3, 4, 4]","[0.58, 0.79, 0.88]","[['D', 'A', 'C', 'B'], ['B', 'C', 'A', 'D'], ['D', 'A', 'B', 'C']]","{'A': 4, 'C': 4, 'D': 4, 'B': 3}","[0.75, 1.0, 1.0]",3.96
95,"[1, 3, 4]","[3, 4, 4]","[0.58, 0.79, 0.88]","[['D', 'A', 'C', 'B'], ['B', 'C', 'A', 'D'], ['D', 'B', 'A', 'C']]","{'A': 4, 'C': 4, 'D': 4, 'B': 3}","[0.75, 1.0, 1.0]",3.96
95,"[1, 3, 4]","[3, 4, 4]","[0.58, 0.79, 0.88]","[['D', 'A', 'C', 'B'], ['B', 'D', 'A', 'C'], ['A', 'B', 'C', 'D']]","{'A': 4, 'C': 4, 'D': 4, 'B': 3}","[0.75, 1.0, 1.0]",3.96
95,"[1, 3, 4]","[3, 4, 4]","[0.58, 0.79, 0.88]","[['D', 'A', 'C', 'B'], ['B', 'D', 'A', 'C'], ['A', 'C', 'B', 'D']]","{'A': 4, 'C': 4, 'D': 4, 'B': 3}","[0.75, 1.0, 1.0]",3.96
95,"[1, 3, 4]","[3, 4, 4]","[0.58, 0.79, 0.88]","[['D', 'A', 'C', 'B'], ['B', 'D', 'A', 'C'], ['B', 'A', 'C', 'D']]","{'A': 4, 'C': 4, 'D': 4, 'B': 3}","[0.75, 1.0, 1.0]",3.96
95,"[1, 3, 4]","[3, 4, 4]","[0.58, 0.79, 0.88]","[['D', 'A', 'C', 'B'], ['B', 'D', 'A', 'C'], ['B', 'C', 'A', 'D']]","{'A': 4, 'C': 4, 'D': 4, 'B': 3}","[0.75, 1.0, 1.0]",3.96
95,"[1, 3, 4]","[3, 4, 4]","[0.58, 0.79, 0.88]","[['D', 'A', 'C', 'B'], ['B', 'D', 'A', 'C'], ['C', 'A', 'B', 'D']]","{'A': 4, 'C': 4, 'D': 4, 'B': 3}","[0.75, 1.0, 1.0]",3.96
95,"[1, 3, 4]","[3, 4, 4]","[0.58, 0.79, 0.88]","[['D', 'A', 'C', 'B'], ['B', 'D', 'A', 'C'], ['C', 'B', 'A', 'D']]","{'A': 4, 'C': 4, 'D': 4, 'B': 3}","[0.75, 1.0, 1.0]",3.96
95,"[1, 3, 4]","[3, 4, 4]","[0.58, 0.79, 0.88]","[['D', 'A', 'C', 'B'], ['C', 'A', 'B', 'D'], ['A', 'B', 'D', 'C']]","{'A': 4, 'C': 4, 'D': 4, 'B': 3}","[0.75, 1.0, 1.0]",3.96
95,"[1, 3, 4]","[3, 4, 4]","[0.58, 0.79, 0.88]","[['D', 'A', 'C', 'B'], ['C', 'A', 'B', 'D'], ['A', 'D', 'B', 'C']]","{'A': 4, 'C': 4, 'D': 4, 'B': 3}","[0.75, 1.0, 1.0]",3.96
95,"[1, 3, 4]","[3, 4, 4]","[0.58, 0.79, 0.88]","[['D', 'A', 'C', 'B'], ['C', 'A', 'B', 'D'], ['B', 'A', 'D', 'C']]","{'A': 4, 'C': 4, 'D': 4, 'B': 3}","[0.75, 1.0, 1.0]",3.96
95,"[1, 3, 4]","[3, 4, 4]","[0.58, 0.79, 0.88]","[['D', 'A', 'C', 'B'], ['C', 'A', 'B', 'D'], ['B', 'D', 'A', 'C']]","{'A': 4, 'C': 4, 'D': 4, 'B': 3}","[0.75, 1.0, 1.0]",3.96
95,"[1, 3, 4]","[3, 4, 4]","[0.58, 0.79, 0.88]","[['D', 'A', 'C', 'B'], ['C', 'A', 'B', 'D'], ['D', 'A', 'B', 'C']]","{'A': 4, 'C': 4, 'D': 4, 'B': 3}","[0.75, 1.0, 1.0]",3.96
95,"[1, 3, 4]","[3, 4, 4]","[0.58, 0.79, 0.88]","[['D', 'A', 'C', 'B'], ['C', 'A', 'B', 'D'], ['D', 'B', 'A', 'C']]","{'A': 4, 'C': 4, 'D': 4, 'B': 3}","[0.75, 1.0, 1.0]",3.96
95,"[1, 3, 4]","[3, 4, 4]","[0.58, 0.79, 0.88]","[['D', 'A', 'C', 'B'], ['C', 'B', 'A', 'D'], ['A', 'B', 'D', 'C']]","{'A': 4, 'C': 4, 'D': 4, 'B': 3}","[0.75, 1.0, 1.0]",3.96
95,"[1, 3, 4]","[3, 4, 4]","[0.58, 0.79, 0.88]","[['D', 'A', 'C', 'B'], ['C', 'B', 'A', 'D'], ['A', 'D', 'B', 'C']]","{'A': 4, 'C': 4, 'D': 4, 'B': 3}","[0.75, 1.0, 1.0]",3.96
95,"[1, 3, 4]","[3, 4, 4]","[0.58, 0.79, 0.88]","[['D', 'A', 'C', 'B'], ['C', 'B', 'A', 'D'], ['B', 'A', 'D', 'C']]","{'A': 4, 'C': 4, 'D': 4, 'B': 3}","[0.75, 1.0, 1.0]",3.96
95,"[1, 3, 4]","[3, 4, 4]","[0.58, 0.79, 0.88]","[['D', 'A', 'C', 'B'], ['C', 'B', 'A', 'D'], ['B', 'D', 'A', 'C']]","{'A': 4, 'C': 4, 'D': 4, 'B': 3}","[0.75, 1.0, 1.0]",3.96
95,"[1, 3, 4]","[3, 4, 4]","[0.58, 0.79, 0.88]","[['D', 'A', 'C', 'B'], ['C', 'B', 'A', 'D'], ['D', 'A', 'B', 'C']]","{'A': 4, 'C': 4, 'D': 4, 'B': 3}","[0.75, 1.0, 1.0]",3.96
95,"[1, 3, 4]","[3, 4, 4]","[0.58, 0.79, 0.88]","[['D', 'A', 'C', 'B'], ['C', 'B', 'A', 'D'], ['D', 'B', 'A', 'C']]","{'A': 4, 'C': 4, 'D': 4, 'B': 3}","[0.75, 1.0, 1.0]",3.96
95,"[1, 3, 4]","[3, 4, 4]","[0.58, 0.79, 0.88]","[['D', 'A', 'C', 'B'], ['D', 'A', 'B', 'C'], ['A', 'B', 'C', 'D']]","{'A': 4, 'C': 4, 'D': 4, 'B': 3}","[0.75, 1.0, 1.0]",3.96
95,"[1, 3, 4]","[3, 4, 4]","[0.58, 0.79, 0.88]","[['D', 'A', 'C', 'B'], ['D', 'A', 'B', 'C'], ['A', 'C', 'B', 'D']]","{'A': 4, 'C': 4, 'D': 4, 'B': 3}","[0.75, 1.0, 1.0]",3.96
95,"[1, 3, 4]","[3, 4, 4]","[0.58, 0.79, 0.88]","[['D', 'A', 'C', 'B'], ['D', 'A', 'B', 'C'], ['B', 'A', 'C', 'D']]","{'A': 4, 'C': 4, 'D': 4, 'B': 3}","[0.75, 1.0, 1.0]",3.96
95,"[1, 3, 4]","[3, 4, 4]","[0.58, 0.79, 0.88]","[['D', 'A', 'C', 'B'], ['D', 'A', 'B', 'C'], ['B', 'C', 'A', 'D']]","{'A': 4, 'C': 4, 'D': 4, 'B': 3}","[0.75, 1.0, 1.0]",3.96
95,"[1, 3, 4]","[3, 4, 4]","[0.58, 0.79, 0.88]","[['D', 'A', 'C', 'B'], ['D', 'A', 'B', 'C'], ['C', 'A', 'B', 'D']]","{'A': 4, 'C': 4, 'D': 4, 'B': 3}","[0.75, 1.0, 1.0]",3.96
95,"[1, 3, 4]","[3, 4, 4]","[0.58, 0.79, 0.88]","[['D', 'A', 'C', 'B'], ['D', 'A', 'B', 'C'], ['C', 'B', 'A', 'D']]","{'A': 4, 'C': 4, 'D': 4, 'B': 3}","[0.75, 1.0, 1.0]",3.96
95,"[1, 3, 4]","[3, 4, 4]","[0.58, 0.79, 0.88]","[['D', 'A', 'C', 'B'], ['D', 'B', 'A', 'C'], ['A', 'B', 'C', 'D']]","{'A': 4, 'C': 4, 'D': 4, 'B': 3}","[0.75, 1.0, 1.0]",3.96
95,"[1, 3, 4]","[3, 4, 4]","[0.58, 0.79, 0.88]","[['D', 'A', 'C', 'B'], ['D', 'B', 'A', 'C'], ['A', 'C', 'B', 'D']]","{'A': 4, 'C': 4, 'D': 4, 'B': 3}","[0.75, 1.0, 1.0]",3.96
95,"[1, 3, 4]","[3, 4, 4]","[0.58, 0.79, 0.88]","[['D', 'A', 'C', 'B'], ['D', 'B', 'A', 'C'], ['B', 'A', 'C', 'D']]","{'A': 4, 'C': 4, 'D': 4, 'B': 3}","[0.75, 1.0, 1.0]",3.96
95,"[1, 3, 4]","[3, 4, 4]","[0.58, 0.79, 0.88]","[['D', 'A', 'C', 'B'], ['D', 'B', 'A', 'C'], ['B', 'C', 'A', 'D']]","{'A': 4, 'C': 4, 'D': 4, 'B': 3}","[0.75, 1.0, 1.0]",3.96
95,"[1, 3, 4]","[3, 4, 4]","[0.58, 0.79, 0.88]","[['D', 'A', 'C', 'B'], ['D', 'B', 'A', 'C'], ['C', 'A', 'B', 'D']]","{'A': 4, 'C': 4, 'D': 4, 'B': 3}","[0.75, 1.0, 1.0]",3.96
95,"[1, 3, 4]","[3, 4, 4]","[0.58, 0.79, 0.88]","[['D', 'A', 'C', 'B'], ['D', 'B', 'A', 'C'], ['C', 'B', 'A', 'D']]","{'A': 4, 'C': 4, 'D': 4, 'B': 3}","[0.75, 1.0, 1.0]",3.96
95,"[1, 3, 4]","[3, 4, 4]","[0.58, 0.79, 0.88]","[['D', 'B', 'A', 'C'], ['A', 'B', 'C', 'D'], ['A', 'C', 'D', 'B']]","{'A': 4, 'C': 4, 'D': 4, 'B': 3}","[0.75, 1.0, 1.0]",3.96
95,"[1, 3, 4]","[3, 4, 4]","[0.58, 0.79, 0.88]","[['D', 'B', 'A', 'C'], ['A', 'B', 'C', 'D'], ['A', 'D', 'C', 'B']]","{'A': 4, 'C': 4, 'D': 4, 'B': 3}","[0.75, 1.0, 1.0]",3.96
95,"[1, 3, 4]","[3, 4, 4]","[0.58, 0.79, 0.88]","[['D', 'B', 'A', 'C'], ['A', 'B', 'C', 'D'], ['C', 'A', 'D', 'B']]","{'A': 4, 'C': 4, 'D': 4, 'B': 3}","[0.75, 1.0, 1.0]",3.96
95,"[1, 3, 4]","[3, 4, 4]","[0.58, 0.79, 0.88]","[['D', 'B', 'A', 'C'], ['A', 'B', 'C', 'D'], ['C', 'D', 'A', 'B']]","{'A': 4, 'C': 4, 'D': 4, 'B': 3}","[0.75, 1.0, 1.0]",3.96
95,"[1, 3, 4]","[3, 4, 4]","[0.58, 0.79, 0.88]","[['D', 'B', 'A', 'C'], ['A', 'B', 'C', 'D'], ['D', 'A', 'C', 'B']]","{'A': 4, 'C': 4, 'D': 4, 'B': 3}","[0.75, 1.0, 1.0]",3.96
95,"[1, 3, 4]","[3, 4, 4]","[0.58, 0.79, 0.88]","[['D', 'B', 'A', 'C'], ['A', 'B', 'C', 'D'], ['D', 'C', 'A', 'B']]","{'A': 4, 'C': 4, 'D': 4, 'B': 3}","[0.75, 1.0, 1.0]",3.96
95,"[1, 3, 4]","[3, 4, 4]","[0.58, 0.79, 0.88]","[['D', 'B', 'A', 'C'], ['A', 'C', 'B', 'D'], ['A', 'C', 'D', 'B']]","{'A': 4, 'C': 4, 'D': 4, 'B': 3}","[0.75, 1.0, 1.0]",3.96
95,"[1, 3, 4]","[3, 4, 4]","[0.58, 0.79, 0.88]","[['D', 'B', 'A', 'C'], ['A', 'C', 'B', 'D'], ['A', 'D', 'C', 'B']]","{'A': 4, 'C': 4, 'D': 4, 'B': 3}","[0.75, 1.0, 1.0]",3.96
95,"[1, 3, 4]","[3, 4, 4]","[0.58, 0.79, 0.88]","[['D', 'B', 'A', 'C'], ['A', 'C', 'B', 'D'], ['C', 'A', 'D', 'B']]","{'A': 4, 'C': 4, 'D': 4, 'B': 3}","[0.75, 1.0, 1.0]",3.96
95,"[1, 3, 4]","[3, 4, 4]","[0.58, 0.79, 0.88]","[['D', 'B', 'A', 'C'], ['A', 'C', 'B', 'D'], ['C', 'D', 'A', 'B']]","{'A': 4, 'C': 4, 'D': 4, 'B': 3}","[0.75, 1.0, 1.0]",3.96
95,"[1, 3, 4]","[3, 4, 4]","[0.58, 0.79, 0.88]","[['D', 'B', 'A', 'C'], ['A', 'C', 'B', 'D'], ['D', 'A', 'C', 'B']]","{'A': 4, 'C': 4, 'D': 4, 'B': 3}","[0.75, 1.0, 1.0]",3.96
95,"[1, 3, 4]","[3, 4, 4]","[0.58, 0.79, 0.88]","[['D', 'B', 'A', 'C'], ['A', 'C', 'B', 'D'], ['D', 'C', 'A', 'B']]","{'A': 4, 'C': 4, 'D': 4, 'B': 3}","[0.75, 1.0, 1.0]",3.96
95,"[1, 3, 4]","[3, 4, 4]","[0.58, 0.79, 0.88]","[['D', 'B', 'A', 'C'], ['A', 'C', 'D', 'B'], ['A', 'B', 'C', 'D']]","{'A': 4, 'C': 4, 'D': 4, 'B': 3}","[0.75, 1.0, 1.0]",3.96
95,"[1, 3, 4]","[3, 4, 4]","[0.58, 0.79, 0.88]","[['D', 'B', 'A', 'C'], ['A', 'C', 'D', 'B'], ['A', 'C', 'B', 'D']]","{'A': 4, 'C': 4, 'D': 4, 'B': 3}","[0.75, 1.0, 1.0]",3.96
95,"[1, 3, 4]","[3, 4, 4]","[0.58, 0.79, 0.88]","[['D', 'B', 'A', 'C'], ['A', 'C', 'D', 'B'], ['B', 'A', 'C', 'D']]","{'A': 4, 'C': 4, 'D': 4, 'B': 3}","[0.75, 1.0, 1.0]",3.96
95,"[1, 3, 4]","[3, 4, 4]","[0.58, 0.79, 0.88]","[['D', 'B', 'A', 'C'], ['A', 'C', 'D', 'B'], ['B', 'C', 'A', 'D']]","{'A': 4, 'C': 4, 'D': 4, 'B': 3}","[0.75, 1.0, 1.0]",3.96
95,"[1, 3, 4]","[3, 4, 4]","[0.58, 0.79, 0.88]","[['D', 'B', 'A', 'C'], ['A', 'C', 'D', 'B'], ['C', 'A', 'B', 'D']]","{'A': 4, 'C': 4, 'D': 4, 'B': 3}","[0.75, 1.0, 1.0]",3.96
95,"[1, 3, 4]","[3, 4, 4]","[0.58, 0.79, 0.88]","[['D', 'B', 'A', 'C'], ['A', 'C', 'D', 'B'], ['C', 'B', 'A', 'D']]","{'A': 4, 'C': 4, 'D': 4, 'B': 3}","[0.75, 1.0, 1.0]",3.96
95,"[1, 3, 4]","[3, 4, 4]","[0.58, 0.79, 0.88]","[['D', 'B', 'A', 'C'], ['A', 'D', 'C', 'B'], ['A', 'B', 'C', 'D']]","{'A': 4, 'C': 4, 'D': 4, 'B': 3}","[0.75, 1.0, 1.0]",3.96
95,"[1, 3, 4]","[3, 4, 4]","[0.58, 0.79, 0.88]","[['D', 'B', 'A', 'C'], ['A', 'D', 'C', 'B'], ['A', 'C', 'B', 'D']]","{'A': 4, 'C': 4, 'D': 4, 'B': 3}","[0.75, 1.0, 1.0]",3.96
95,"[1, 3, 4]","[3, 4, 4]","[0.58, 0.79, 0.88]","[['D', 'B', 'A', 'C'], ['A', 'D', 'C', 'B'], ['B', 'A', 'C', 'D']]","{'A': 4, 'C': 4, 'D': 4, 'B': 3}","[0.75, 1.0, 1.0]",3.96
95,"[1, 3, 4]","[3, 4, 4]","[0.58, 0.79, 0.88]","[['D', 'B', 'A', 'C'], ['A', 'D', 'C', 'B'], ['B', 'C', 'A', 'D']]","{'A': 4, 'C': 4, 'D': 4, 'B': 3}","[0.75, 1.0, 1.0]",3.96
95,"[1, 3, 4]","[3, 4, 4]","[0.58, 0.79, 0.88]","[['D', 'B', 'A', 'C'], ['A', 'D', 'C', 'B'], ['C', 'A', 'B', 'D']]","{'A': 4, 'C': 4, 'D': 4, 'B': 3}","[0.75, 1.0, 1.0]",3.96
95,"[1, 3, 4]","[3, 4, 4]","[0.58, 0.79, 0.88]","[['D', 'B', 'A', 'C'], ['A', 'D', 'C', 'B'], ['C', 'B', 'A', 'D']]","{'A': 4, 'C': 4, 'D': 4, 'B': 3}","[0.75, 1.0, 1.0]",3.96
95,"[1, 3, 4]","[3, 4, 4]","[0.58, 0.79, 0.88]","[['D', 'B', 'A', 'C'], ['B', 'A', 'C', 'D'], ['A', 'C', 'D', 'B']]","{'A': 4, 'C': 4, 'D': 4, 'B': 3}","[0.75, 1.0, 1.0]",3.96
95,"[1, 3, 4]","[3, 4, 4]","[0.58, 0.79, 0.88]","[['D', 'B', 'A', 'C'], ['B', 'A', 'C', 'D'], ['A', 'D', 'C', 'B']]","{'A': 4, 'C': 4, 'D': 4, 'B': 3}","[0.75, 1.0, 1.0]",3.96
95,"[1, 3, 4]","[3, 4, 4]","[0.58, 0.79, 0.88]","[['D', 'B', 'A', 'C'], ['B', 'A', 'C', 'D'], ['C', 'A', 'D', 'B']]","{'A': 4, 'C': 4, 'D': 4, 'B': 3}","[0.75, 1.0, 1.0]",3.96
95,"[1, 3, 4]","[3, 4, 4]","[0.58, 0.79, 0.88]","[['D', 'B', 'A', 'C'], ['B', 'A', 'C', 'D'], ['C', 'D', 'A', 'B']]","{'A': 4, 'C': 4, 'D': 4, 'B': 3}","[0.75, 1.0, 1.0]",3.96
95,"[1, 3, 4]","[3, 4, 4]","[0.58, 0.79, 0.88]","[['D', 'B', 'A', 'C'], ['B', 'A', 'C', 'D'], ['D', 'A', 'C', 'B']]","{'A': 4, 'C': 4, 'D': 4, 'B': 3}","[0.75, 1.0, 1.0]",3.96
95,"[1, 3, 4]","[3, 4, 4]","[0.58, 0.79, 0.88]","[['D', 'B', 'A', 'C'], ['B', 'A', 'C', 'D'], ['D', 'C', 'A', 'B']]","{'A': 4, 'C': 4, 'D': 4, 'B': 3}","[0.75, 1.0, 1.0]",3.96
95,"[1, 3, 4]","[3, 4, 4]","[0.58, 0.79, 0.88]","[['D', 'B', 'A', 'C'], ['B', 'C', 'A', 'D'], ['A', 'C', 'D', 'B']]","{'A': 4, 'C': 4, 'D': 4, 'B': 3}","[0.75, 1.0, 1.0]",3.96
95,"[1, 3, 4]","[3, 4, 4]","[0.58, 0.79, 0.88]","[['D', 'B', 'A', 'C'], ['B', 'C', 'A', 'D'], ['A', 'D', 'C', 'B']]","{'A': 4, 'C': 4, 'D': 4, 'B': 3}","[0.75, 1.0, 1.0]",3.96
95,"[1, 3, 4]","[3, 4, 4]","[0.58, 0.79, 0.88]","[['D', 'B', 'A', 'C'], ['B', 'C', 'A', 'D'], ['C', 'A', 'D', 'B']]","{'A': 4, 'C': 4, 'D': 4, 'B': 3}","[0.75, 1.0, 1.0]",3.96
95,"[1, 3, 4]","[3, 4, 4]","[0.58, 0.79, 0.88]","[['D', 'B', 'A', 'C'], ['B', 'C', 'A', 'D'], ['C', 'D', 'A', 'B']]","{'A': 4, 'C': 4, 'D': 4, 'B': 3}","[0.75, 1.0, 1.0]",3.96
95,"[1, 3, 4]","[3, 4, 4]","[0.58, 0.79, 0.88]","[['D', 'B', 'A', 'C'], ['B', 'C', 'A', 'D'], ['D', 'A', 'C', 'B']]","{'A': 4, 'C': 4, 'D': 4, 'B': 3}","[0.75, 1.0, 1.0]",3.96
95,"[1, 3, 4]","[3, 4, 4]","[0.58, 0.79, 0.88]","[['D', 'B', 'A', 'C'], ['B', 'C', 'A', 'D'], ['D', 'C', 'A', 'B']]","{'A': 4, 'C': 4, 'D': 4, 'B': 3}","[0.75, 1.0, 1.0]",3.96
95,"[1, 3, 4]","[3, 4, 4]","[0.58, 0.79, 0.88]","[['D', 'B', 'A', 'C'], ['C', 'A', 'B', 'D'], ['A', 'C', 'D', 'B']]","{'A': 4, 'C': 4, 'D': 4, 'B': 3}","[0.75, 1.0, 1.0]",3.96
95,"[1, 3, 4]","[3, 4, 4]","[0.58, 0.79, 0.88]","[['D', 'B', 'A', 'C'], ['C', 'A', 'B', 'D'], ['A', 'D', 'C', 'B']]","{'A': 4, 'C': 4, 'D': 4, 'B': 3}","[0.75, 1.0, 1.0]",3.96
95,"[1, 3, 4]","[3, 4, 4]","[0.58, 0.79, 0.88]","[['D', 'B', 'A', 'C'], ['C', 'A', 'B', 'D'], ['C', 'A', 'D', 'B']]","{'A': 4, 'C': 4, 'D': 4, 'B': 3}","[0.75, 1.0, 1.0]",3.96
95,"[1, 3, 4]","[3, 4, 4]","[0.58, 0.79, 0.88]","[['D', 'B', 'A', 'C'], ['C', 'A', 'B', 'D'], ['C', 'D', 'A', 'B']]","{'A': 4, 'C': 4, 'D': 4, 'B': 3}","[0.75, 1.0, 1.0]",3.96
95,"[1, 3, 4]","[3, 4, 4]","[0.58, 0.79, 0.88]","[['D', 'B', 'A', 'C'], ['C', 'A', 'B', 'D'], ['D', 'A', 'C', 'B']]","{'A': 4, 'C': 4, 'D': 4, 'B': 3}","[0.75, 1.0, 1.0]",3.96
95,"[1, 3, 4]","[3, 4, 4]","[0.58, 0.79, 0.88]","[['D', 'B', 'A', 'C'], ['C', 'A', 'B', 'D'], ['D', 'C', 'A', 'B']]","{'A': 4, 'C': 4, 'D': 4, 'B': 3}","[0.75, 1.0, 1.0]",3.96
95,"[1, 3, 4]","[3, 4, 4]","[0.58, 0.79, 0.88]","[['D', 'B', 'A', 'C'], ['C', 'A', 'D', 'B'], ['A', 'B', 'C', 'D']]","{'A': 4, 'C': 4, 'D': 4, 'B': 3}","[0.75, 1.0, 1.0]",3.96
95,"[1, 3, 4]","[3, 4, 4]","[0.58, 0.79, 0.88]","[['D', 'B', 'A', 'C'], ['C', 'A', 'D', 'B'], ['A', 'C', 'B', 'D']]","{'A': 4, 'C': 4, 'D': 4, 'B': 3}","[0.75, 1.0, 1.0]",3.96
95,"[1, 3, 4]","[3, 4, 4]","[0.58, 0.79, 0.88]","[['D', 'B', 'A', 'C'], ['C', 'A', 'D', 'B'], ['B', 'A', 'C', 'D']]","{'A': 4, 'C': 4, 'D': 4, 'B': 3}","[0.75, 1.0, 1.0]",3.96
95,"[1, 3, 4]","[3, 4, 4]","[0.58, 0.79, 0.88]","[['D', 'B', 'A', 'C'], ['C', 'A', 'D', 'B'], ['B', 'C', 'A', 'D']]","{'A': 4, 'C': 4, 'D': 4, 'B': 3}","[0.75, 1.0, 1.0]",3.96
95,"[1, 3, 4]","[3, 4, 4]","[0.58, 0.79, 0.88]","[['D', 'B', 'A', 'C'], ['C', 'A', 'D', 'B'], ['C', 'A', 'B', 'D']]","{'A': 4, 'C': 4, 'D': 4, 'B': 3}","[0.75, 1.0, 1.0]",3.96
95,"[1, 3, 4]","[3, 4, 4]","[0.58, 0.79, 0.88]","[['D', 'B', 'A', 'C'], ['C', 'A', 'D', 'B'], ['C', 'B', 'A', 'D']]","{'A': 4, 'C': 4, 'D': 4, 'B': 3}","[0.75, 1.0, 1.0]",3.96
95,"[1, 3, 4]","[3, 4, 4]","[0.58, 0.79, 0.88]","[['D', 'B', 'A', 'C'], ['C', 'B', 'A', 'D'], ['A', 'C', 'D', 'B']]","{'A': 4, 'C': 4, 'D': 4, 'B': 3}","[0.75, 1.0, 1.0]",3.96
95,"[1, 3, 4]","[3, 4, 4]","[0.58, 0.79, 0.88]","[['D', 'B', 'A', 'C'], ['C', 'B', 'A', 'D'], ['A', 'D', 'C', 'B']]","{'A': 4, 'C': 4, 'D': 4, 'B': 3}","[0.75, 1.0, 1.0]",3.96
95,"[1, 3, 4]","[3, 4, 4]","[0.58, 0.79, 0.88]","[['D', 'B', 'A', 'C'], ['C', 'B', 'A', 'D'], ['C', 'A', 'D', 'B']]","{'A': 4, 'C': 4, 'D': 4, 'B': 3}","[0.75, 1.0, 1.0]",3.96
95,"[1, 3, 4]","[3, 4, 4]","[0.58, 0.79, 0.88]","[['D', 'B', 'A', 'C'], ['C', 'B', 'A', 'D'], ['C', 'D', 'A', 'B']]","{'A': 4, 'C': 4, 'D': 4, 'B': 3}","[0.75, 1.0, 1.0]",3.96
95,"[1, 3, 4]","[3, 4, 4]","[0.58, 0.79, 0.88]","[['D', 'B', 'A', 'C'], ['C', 'B', 'A', 'D'], ['D', 'A', 'C', 'B']]","{'A': 4, 'C': 4, 'D': 4, 'B': 3}","[0.75, 1.0, 1.0]",3.96
95,"[1, 3, 4]","[3, 4, 4]","[0.58, 0.79, 0.88]","[['D', 'B', 'A', 'C'], ['C', 'B', 'A', 'D'], ['D', 'C', 'A', 'B']]","{'A': 4, 'C': 4, 'D': 4, 'B': 3}","[0.75, 1.0, 1.0]",3.96
95,"[1, 3, 4]","[3, 4, 4]","[0.58, 0.79, 0.88]","[['D', 'B', 'A', 'C'], ['C', 'D', 'A', 'B'], ['A', 'B', 'C', 'D']]","{'A': 4, 'C': 4, 'D': 4, 'B': 3}","[0.75, 1.0, 1.0]",3.96
95,"[1, 3, 4]","[3, 4, 4]","[0.58, 0.79, 0.88]","[['D', 'B', 'A', 'C'], ['C', 'D', 'A', 'B'], ['A', 'C', 'B', 'D']]","{'A': 4, 'C': 4, 'D': 4, 'B': 3}","[0.75, 1.0, 1.0]",3.96
95,"[1, 3, 4]","[3, 4, 4]","[0.58, 0.79, 0.88]","[['D', 'B', 'A', 'C'], ['C', 'D', 'A', 'B'], ['B', 'A', 'C', 'D']]","{'A': 4, 'C': 4, 'D': 4, 'B': 3}","[0.75, 1.0, 1.0]",3.96
95,"[1, 3, 4]","[3, 4, 4]","[0.58, 0.79, 0.88]","[['D', 'B', 'A', 'C'], ['C', 'D', 'A', 'B'], ['B', 'C', 'A', 'D']]","{'A': 4, 'C': 4, 'D': 4, 'B': 3}","[0.75, 1.0, 1.0]",3.96
95,"[1, 3, 4]","[3, 4, 4]","[0.58, 0.79, 0.88]","[['D', 'B', 'A', 'C'], ['C', 'D', 'A', 'B'], ['C', 'A', 'B', 'D']]","{'A': 4, 'C': 4, 'D': 4, 'B': 3}","[0.75, 1.0, 1.0]",3.96
95,"[1, 3, 4]","[3, 4, 4]","[0.58, 0.79, 0.88]","[['D', 'B', 'A', 'C'], ['C', 'D', 'A', 'B'], ['C', 'B', 'A', 'D']]","{'A': 4, 'C': 4, 'D': 4, 'B': 3}","[0.75, 1.0, 1.0]",3.96
95,"[1, 3, 4]","[3, 4, 4]","[0.58, 0.79, 0.88]","[['D', 'B', 'A', 'C'], ['D', 'A', 'C', 'B'], ['A', 'B', 'C', 'D']]","{'A': 4, 'C': 4, 'D': 4, 'B': 3}","[0.75, 1.0, 1.0]",3.96
95,"[1, 3, 4]","[3, 4, 4]","[0.58, 0.79, 0.88]","[['D', 'B', 'A', 'C'], ['D', 'A', 'C', 'B'], ['A', 'C', 'B', 'D']]","{'A': 4, 'C': 4, 'D': 4, 'B': 3}","[0.75, 1.0, 1.0]",3.96
95,"[1, 3, 4]","[3, 4, 4]","[0.58, 0.79, 0.88]","[['D', 'B', 'A', 'C'], ['D', 'A', 'C', 'B'], ['B', 'A', 'C', 'D']]","{'A': 4, 'C': 4, 'D': 4, 'B': 3}","[0.75, 1.0, 1.0]",3.96
95,"[1, 3, 4]","[3, 4, 4]","[0.58, 0.79, 0.88]","[['D', 'B', 'A', 'C'], ['D', 'A', 'C', 'B'], ['B', 'C', 'A', 'D']]","{'A': 4, 'C': 4, 'D': 4, 'B': 3}","[0.75, 1.0, 1.0]",3.96
95,"[1, 3, 4]","[3, 4, 4]","[0.58, 0.79, 0.88]","[['D', 'B', 'A', 'C'], ['D', 'A', 'C', 'B'], ['C', 'A', 'B', 'D']]","{'A': 4, 'C': 4, 'D': 4, 'B': 3}","[0.75, 1.0, 1.0]",3.96
95,"[1, 3, 4]","[3, 4, 4]","[0.58, 0.79, 0.88]","[['D', 'B', 'A', 'C'], ['D', 'A', 'C', 'B'], ['C', 'B', 'A', 'D']]","{'A': 4, 'C': 4, 'D': 4, 'B': 3}","[0.75, 1.0, 1.0]",3.96
95,"[1, 3, 4]","[3, 4, 4]","[0.58, 0.79, 0.88]","[['D', 'B', 'A', 'C'], ['D', 'C', 'A', 'B'], ['A', 'B', 'C', 'D']]","{'A': 4, 'C': 4, 'D': 4, 'B': 3}","[0.75, 1.0, 1.0]",3.96
95,"[1, 3, 4]","[3, 4, 4]","[0.58, 0.79, 0.88]","[['D', 'B', 'A', 'C'], ['D', 'C', 'A', 'B'], ['A', 'C', 'B', 'D']]","{'A': 4, 'C': 4, 'D': 4, 'B': 3}","[0.75, 1.0, 1.0]",3.96
95,"[1, 3, 4]","[3, 4, 4]","[0.58, 0.79, 0.88]","[['D', 'B', 'A', 'C'], ['D', 'C', 'A', 'B'], ['B', 'A', 'C', 'D']]","{'A': 4, 'C': 4, 'D': 4, 'B': 3}","[0.75, 1.0, 1.0]",3.96
95,"[1, 3, 4]","[3, 4, 4]","[0.58, 0.79, 0.88]","[['D', 'B', 'A', 'C'], ['D', 'C', 'A', 'B'], ['B', 'C', 'A', 'D']]","{'A': 4, 'C': 4, 'D': 4, 'B': 3}","[0.75, 1.0, 1.0]",3.96
95,"[1, 3, 4]","[3, 4, 4]","[0.58, 0.79, 0.88]","[['D', 'B', 'A', 'C'], ['D', 'C', 'A', 'B'], ['C', 'A', 'B', 'D']]","{'A': 4, 'C': 4, 'D': 4, 'B': 3}","[0.75, 1.0, 1.0]",3.96
95,"[1, 3, 4]","[3, 4, 4]","[0.58, 0.79, 0.88]","[['D', 'B', 'A', 'C'], ['D', 'C', 'A', 'B'], ['C', 'B', 'A', 'D']]","{'A': 4, 'C': 4, 'D': 4, 'B': 3}","[0.75, 1.0, 1.0]",3.96
95,"[1, 3, 4]","[3, 4, 4]","[0.58, 0.79, 0.88]","[['D', 'C', 'A', 'B'], ['A', 'B', 'C', 'D'], ['A', 'B', 'D', 'C']]","{'A': 4, 'C': 4, 'D': 4, 'B': 3}","[0.75, 1.0, 1.0]",3.96
95,"[1, 3, 4]","[3, 4, 4]","[0.58, 0.79, 0.88]","[['D', 'C', 'A', 'B'], ['A', 'B', 'C', 'D'], ['A', 'D', 'B', 'C']]","{'A': 4, 'C': 4, 'D': 4, 'B': 3}","[0.75, 1.0, 1.0]",3.96
95,"[1, 3, 4]","[3, 4, 4]","[0.58, 0.79, 0.88]","[['D', 'C', 'A', 'B'], ['A', 'B', 'C', 'D'], ['B', 'A', 'D', 'C']]","{'A': 4, 'C': 4, 'D': 4, 'B': 3}","[0.75, 1.0, 1.0]",3.96
95,"[1, 3, 4]","[3, 4, 4]","[0.58, 0.79, 0.88]","[['D', 'C', 'A', 'B'], ['A', 'B', 'C', 'D'], ['B', 'D', 'A', 'C']]","{'A': 4, 'C': 4, 'D': 4, 'B': 3}","[0.75, 1.0, 1.0]",3.96
95,"[1, 3, 4]","[3, 4, 4]","[0.58, 0.79, 0.88]","[['D', 'C', 'A', 'B'], ['A', 'B', 'C', 'D'], ['D', 'A', 'B', 'C']]","{'A': 4, 'C': 4, 'D': 4, 'B': 3}","[0.75, 1.0, 1.0]",3.96
95,"[1, 3, 4]","[3, 4, 4]","[0.58, 0.79, 0.88]","[['D', 'C', 'A', 'B'], ['A', 'B', 'C', 'D'], ['D', 'B', 'A', 'C']]","{'A': 4, 'C': 4, 'D': 4, 'B': 3}","[0.75, 1.0, 1.0]",3.96
95,"[1, 3, 4]","[3, 4, 4]","[0.58, 0.79, 0.88]","[['D', 'C', 'A', 'B'], ['A', 'B', 'D', 'C'], ['A', 'B', 'C', 'D']]","{'A': 4, 'C': 4, 'D': 4, 'B': 3}","[0.75, 1.0, 1.0]",3.96
95,"[1, 3, 4]","[3, 4, 4]","[0.58, 0.79, 0.88]","[['D', 'C', 'A', 'B'], ['A', 'B', 'D', 'C'], ['A', 'C', 'B', 'D']]","{'A': 4, 'C': 4, 'D': 4, 'B': 3}","[0.75, 1.0, 1.0]",3.96
95,"[1, 3, 4]","[3, 4, 4]","[0.58, 0.79, 0.88]","[['D', 'C', 'A', 'B'], ['A', 'B', 'D', 'C'], ['B', 'A', 'C', 'D']]","{'A': 4, 'C': 4, 'D': 4, 'B': 3}","[0.75, 1.0, 1.0]",3.96
95,"[1, 3, 4]","[3, 4, 4]","[0.58, 0.79, 0.88]","[['D', 'C', 'A', 'B'], ['A', 'B', 'D', 'C'], ['B', 'C', 'A', 'D']]","{'A': 4, 'C': 4, 'D': 4, 'B': 3}","[0.75, 1.0, 1.0]",3.96
95,"[1, 3, 4]","[3, 4, 4]","[0.58, 0.79, 0.88]","[['D', 'C', 'A', 'B'], ['A', 'B', 'D', 'C'], ['C', 'A', 'B', 'D']]","{'A': 4, 'C': 4, 'D': 4, 'B': 3}","[0.75, 1.0, 1.0]",3.96
95,"[1, 3, 4]","[3, 4, 4]","[0.58, 0.79, 0.88]","[['D', 'C', 'A', 'B'], ['A', 'B', 'D', 'C'], ['C', 'B', 'A', 'D']]","{'A': 4, 'C': 4, 'D': 4, 'B': 3}","[0.75, 1.0, 1.0]",3.96
95,"[1, 3, 4]","[3, 4, 4]","[0.58, 0.79, 0.88]","[['D', 'C', 'A', 'B'], ['A', 'C', 'B', 'D'], ['A', 'B', 'D', 'C']]","{'A': 4, 'C': 4, 'D': 4, 'B': 3}","[0.75, 1.0, 1.0]",3.96
95,"[1, 3, 4]","[3, 4, 4]","[0.58, 0.79, 0.88]","[['D', 'C', 'A', 'B'], ['A', 'C', 'B', 'D'], ['A', 'D', 'B', 'C']]","{'A': 4, 'C': 4, 'D': 4, 'B': 3}","[0.75, 1.0, 1.0]",3.96
95,"[1, 3, 4]","[3, 4, 4]","[0.58, 0.79, 0.88]","[['D', 'C', 'A', 'B'], ['A', 'C', 'B', 'D'], ['B', 'A', 'D', 'C']]","{'A': 4, 'C': 4, 'D': 4, 'B': 3}","[0.75, 1.0, 1.0]",3.96
95,"[1, 3, 4]","[3, 4, 4]","[0.58, 0.79, 0.88]","[['D', 'C', 'A', 'B'], ['A', 'C', 'B', 'D'], ['B', 'D', 'A', 'C']]","{'A': 4, 'C': 4, 'D': 4, 'B': 3}","[0.75, 1.0, 1.0]",3.96
95,"[1, 3, 4]","[3, 4, 4]","[0.58, 0.79, 0.88]","[['D', 'C', 'A', 'B'], ['A', 'C', 'B', 'D'], ['D', 'A', 'B', 'C']]","{'A': 4, 'C': 4, 'D': 4, 'B': 3}","[0.75, 1.0, 1.0]",3.96
95,"[1, 3, 4]","[3, 4, 4]","[0.58, 0.79, 0.88]","[['D', 'C', 'A', 'B'], ['A', 'C', 'B', 'D'], ['D', 'B', 'A', 'C']]","{'A': 4, 'C': 4, 'D': 4, 'B': 3}","[0.75, 1.0, 1.0]",3.96
95,"[1, 3, 4]","[3, 4, 4]","[0.58, 0.79, 0.88]","[['D', 'C', 'A', 'B'], ['A', 'D', 'B', 'C'], ['A', 'B', 'C', 'D']]","{'A': 4, 'C': 4, 'D': 4, 'B': 3}","[0.75, 1.0, 1.0]",3.96
95,"[1, 3, 4]","[3, 4, 4]","[0.58, 0.79, 0.88]","[['D', 'C', 'A', 'B'], ['A', 'D', 'B', 'C'], ['A', 'C', 'B', 'D']]","{'A': 4, 'C': 4, 'D': 4, 'B': 3}","[0.75, 1.0, 1.0]",3.96
95,"[1, 3, 4]","[3, 4, 4]","[0.58, 0.79, 0.88]","[['D', 'C', 'A', 'B'], ['A', 'D', 'B', 'C'], ['B', 'A', 'C', 'D']]","{'A': 4, 'C': 4, 'D': 4, 'B': 3}","[0.75, 1.0, 1.0]",3.96
95,"[1, 3, 4]","[3, 4, 4]","[0.58, 0.79, 0.88]","[['D', 'C', 'A', 'B'], ['A', 'D', 'B', 'C'], ['B', 'C', 'A', 'D']]","{'A': 4, 'C': 4, 'D': 4, 'B': 3}","[0.75, 1.0, 1.0]",3.96
95,"[1, 3, 4]","[3, 4, 4]","[0.58, 0.79, 0.88]","[['D', 'C', 'A', 'B'], ['A', 'D', 'B', 'C'], ['C', 'A', 'B', 'D']]","{'A': 4, 'C': 4, 'D': 4, 'B': 3}","[0.75, 1.0, 1.0]",3.96
95,"[1, 3, 4]","[3, 4, 4]","[0.58, 0.79, 0.88]","[['D', 'C', 'A', 'B'], ['A', 'D', 'B', 'C'], ['C', 'B', 'A', 'D']]","{'A': 4, 'C': 4, 'D': 4, 'B': 3}","[0.75, 1.0, 1.0]",3.96
95,"[1, 3, 4]","[3, 4, 4]","[0.58, 0.79, 0.88]","[['D', 'C', 'A', 'B'], ['B', 'A', 'C', 'D'], ['A', 'B', 'D', 'C']]","{'A': 4, 'C': 4, 'D': 4, 'B': 3}","[0.75, 1.0, 1.0]",3.96
95,"[1, 3, 4]","[3, 4, 4]","[0.58, 0.79, 0.88]","[['D', 'C', 'A', 'B'], ['B', 'A', 'C', 'D'], ['A', 'D', 'B', 'C']]","{'A': 4, 'C': 4, 'D': 4, 'B': 3}","[0.75, 1.0, 1.0]",3.96
95,"[1, 3, 4]","[3, 4, 4]","[0.58, 0.79, 0.88]","[['D', 'C', 'A', 'B'], ['B', 'A', 'C', 'D'], ['B', 'A', 'D', 'C']]","{'A': 4, 'C': 4, 'D': 4, 'B': 3}","[0.75, 1.0, 1.0]",3.96
95,"[1, 3, 4]","[3, 4, 4]","[0.58, 0.79, 0.88]","[['D', 'C', 'A', 'B'], ['B', 'A', 'C', 'D'], ['B', 'D', 'A', 'C']]","{'A': 4, 'C': 4, 'D': 4, 'B': 3}","[0.75, 1.0, 1.0]",3.96
95,"[1, 3, 4]","[3, 4, 4]","[0.58, 0.79, 0.88]","[['D', 'C', 'A', 'B'], ['B', 'A', 'C', 'D'], ['D', 'A', 'B', 'C']]","{'A': 4, 'C': 4, 'D': 4, 'B': 3}","[0.75, 1.0, 1.0]",3.96
95,"[1, 3, 4]","[3, 4, 4]","[0.58, 0.79, 0.88]","[['D', 'C', 'A', 'B'], ['B', 'A', 'C', 'D'], ['D', 'B', 'A', 'C']]","{'A': 4, 'C': 4, 'D': 4, 'B': 3}","[0.75, 1.0, 1.0]",3.96
95,"[1, 3, 4]","[3, 4, 4]","[0.58, 0.79, 0.88]","[['D', 'C', 'A', 'B'], ['B', 'A', 'D', 'C'], ['A', 'B', 'C', 'D']]","{'A': 4, 'C': 4, 'D': 4, 'B': 3}","[0.75, 1.0, 1.0]",3.96
95,"[1, 3, 4]","[3, 4, 4]","[0.58, 0.79, 0.88]","[['D', 'C', 'A', 'B'], ['B', 'A', 'D', 'C'], ['A', 'C', 'B', 'D']]","{'A': 4, 'C': 4, 'D': 4, 'B': 3}","[0.75, 1.0, 1.0]",3.96
95,"[1, 3, 4]","[3, 4, 4]","[0.58, 0.79, 0.88]","[['D', 'C', 'A', 'B'], ['B', 'A', 'D', 'C'], ['B', 'A', 'C', 'D']]","{'A': 4, 'C': 4, 'D': 4, 'B': 3}","[0.75, 1.0, 1.0]",3.96
95,"[1, 3, 4]","[3, 4, 4]","[0.58, 0.79, 0.88]","[['D', 'C', 'A', 'B'], ['B', 'A', 'D', 'C'], ['B', 'C', 'A', 'D']]","{'A': 4, 'C': 4, 'D': 4, 'B': 3}","[0.75, 1.0, 1.0]",3.96
95,"[1, 3, 4]","[3, 4, 4]","[0.58, 0.79, 0.88]","[['D', 'C', 'A', 'B'], ['B', 'A', 'D', 'C'], ['C', 'A', 'B', 'D']]","{'A': 4, 'C': 4, 'D': 4, 'B': 3}","[0.75, 1.0, 1.0]",3.96
95,"[1, 3, 4]","[3, 4, 4]","[0.58, 0.79, 0.88]","[['D', 'C', 'A', 'B'], ['B', 'A', 'D', 'C'], ['C', 'B', 'A', 'D']]","{'A': 4, 'C': 4, 'D': 4, 'B': 3}","[0.75, 1.0, 1.0]",3.96
95,"[1, 3, 4]","[3, 4, 4]","[0.58, 0.79, 0.88]","[['D', 'C', 'A', 'B'], ['B', 'C', 'A', 'D'], ['A', 'B', 'D', 'C']]","{'A': 4, 'C': 4, 'D': 4, 'B': 3}","[0.75, 1.0, 1.0]",3.96
95,"[1, 3, 4]","[3, 4, 4]","[0.58, 0.79, 0.88]","[['D', 'C', 'A', 'B'], ['B', 'C', 'A', 'D'], ['A', 'D', 'B', 'C']]","{'A': 4, 'C': 4, 'D': 4, 'B': 3}","[0.75, 1.0, 1.0]",3.96
95,"[1, 3, 4]","[3, 4, 4]","[0.58, 0.79, 0.88]","[['D', 'C', 'A', 'B'], ['B', 'C', 'A', 'D'], ['B', 'A', 'D', 'C']]","{'A': 4, 'C': 4, 'D': 4, 'B': 3}","[0.75, 1.0, 1.0]",3.96
95,"[1, 3, 4]","[3, 4, 4]","[0.58, 0.79, 0.88]","[['D', 'C', 'A', 'B'], ['B', 'C', 'A', 'D'], ['B', 'D', 'A', 'C']]","{'A': 4, 'C': 4, 'D': 4, 'B': 3}","[0.75, 1.0, 1.0]",3.96
95,"[1, 3, 4]","[3, 4, 4]","[0.58, 0.79, 0.88]","[['D', 'C', 'A', 'B'], ['B', 'C', 'A', 'D'], ['D', 'A', 'B', 'C']]","{'A': 4, 'C': 4, 'D': 4, 'B': 3}","[0.75, 1.0, 1.0]",3.96
95,"[1, 3, 4]","[3, 4, 4]","[0.58, 0.79, 0.88]","[['D', 'C', 'A', 'B'], ['B', 'C', 'A', 'D'], ['D', 'B', 'A', 'C']]","{'A': 4, 'C': 4, 'D': 4, 'B': 3}","[0.75, 1.0, 1.0]",3.96
95,"[1, 3, 4]","[3, 4, 4]","[0.58, 0.79, 0.88]","[['D', 'C', 'A', 'B'], ['B', 'D', 'A', 'C'], ['A', 'B', 'C', 'D']]","{'A': 4, 'C': 4, 'D': 4, 'B': 3}","[0.75, 1.0, 1.0]",3.96
95,"[1, 3, 4]","[3, 4, 4]","[0.58, 0.79, 0.88]","[['D', 'C', 'A', 'B'], ['B', 'D', 'A', 'C'], ['A', 'C', 'B', 'D']]","{'A': 4, 'C': 4, 'D': 4, 'B': 3}","[0.75, 1.0, 1.0]",3.96
95,"[1, 3, 4]","[3, 4, 4]","[0.58, 0.79, 0.88]","[['D', 'C', 'A', 'B'], ['B', 'D', 'A', 'C'], ['B', 'A', 'C', 'D']]","{'A': 4, 'C': 4, 'D': 4, 'B': 3}","[0.75, 1.0, 1.0]",3.96
95,"[1, 3, 4]","[3, 4, 4]","[0.58, 0.79, 0.88]","[['D', 'C', 'A', 'B'], ['B', 'D', 'A', 'C'], ['B', 'C', 'A', 'D']]","{'A': 4, 'C': 4, 'D': 4, 'B': 3}","[0.75, 1.0, 1.0]",3.96
95,"[1, 3, 4]","[3, 4, 4]","[0.58, 0.79, 0.88]","[['D', 'C', 'A', 'B'], ['B', 'D', 'A', 'C'], ['C', 'A', 'B', 'D']]","{'A': 4, 'C': 4, 'D': 4, 'B': 3}","[0.75, 1.0, 1.0]",3.96
95,"[1, 3, 4]","[3, 4, 4]","[0.58, 0.79, 0.88]","[['D', 'C', 'A', 'B'], ['B', 'D', 'A', 'C'], ['C', 'B', 'A', 'D']]","{'A': 4, 'C': 4, 'D': 4, 'B': 3}","[0.75, 1.0, 1.0]",3.96
95,"[1, 3, 4]","[3, 4, 4]","[0.58, 0.79, 0.88]","[['D', 'C', 'A', 'B'], ['C', 'A', 'B', 'D'], ['A', 'B', 'D', 'C']]","{'A': 4, 'C': 4, 'D': 4, 'B': 3}","[0.75, 1.0, 1.0]",3.96
95,"[1, 3, 4]","[3, 4, 4]","[0.58, 0.79, 0.88]","[['D', 'C', 'A', 'B'], ['C', 'A', 'B', 'D'], ['A', 'D', 'B', 'C']]","{'A': 4, 'C': 4, 'D': 4, 'B': 3}","[0.75, 1.0, 1.0]",3.96
95,"[1, 3, 4]","[3, 4, 4]","[0.58, 0.79, 0.88]","[['D', 'C', 'A', 'B'], ['C', 'A', 'B', 'D'], ['B', 'A', 'D', 'C']]","{'A': 4, 'C': 4, 'D': 4, 'B': 3}","[0.75, 1.0, 1.0]",3.96
95,"[1, 3, 4]","[3, 4, 4]","[0.58, 0.79, 0.88]","[['D', 'C', 'A', 'B'], ['C', 'A', 'B', 'D'], ['B', 'D', 'A', 'C']]","{'A': 4, 'C': 4, 'D': 4, 'B': 3}","[0.75, 1.0, 1.0]",3.96
95,"[1, 3, 4]","[3, 4, 4]","[0.58, 0.79, 0.88]","[['D', 'C', 'A', 'B'], ['C', 'A', 'B', 'D'], ['D', 'A', 'B', 'C']]","{'A': 4, 'C': 4, 'D': 4, 'B': 3}","[0.75, 1.0, 1.0]",3.96
95,"[1, 3, 4]","[3, 4, 4]","[0.58, 0.79, 0.88]","[['D', 'C', 'A', 'B'], ['C', 'A', 'B', 'D'], ['D', 'B', 'A', 'C']]","{'A': 4, 'C': 4, 'D': 4, 'B': 3}","[0.75, 1.0, 1.0]",3.96
95,"[1, 3, 4]","[3, 4, 4]","[0.58, 0.79, 0.88]","[['D', 'C', 'A', 'B'], ['C', 'B', 'A', 'D'], ['A', 'B', 'D', 'C']]","{'A': 4, 'C': 4, 'D': 4, 'B': 3}","[0.75, 1.0, 1.0]",3.96
95,"[1, 3, 4]","[3, 4, 4]","[0.58, 0.79, 0.88]","[['D', 'C', 'A', 'B'], ['C', 'B', 'A', 'D'], ['A', 'D', 'B', 'C']]","{'A': 4, 'C': 4, 'D': 4, 'B': 3}","[0.75, 1.0, 1.0]",3.96
95,"[1, 3, 4]","[3, 4, 4]","[0.58, 0.79, 0.88]","[['D', 'C', 'A', 'B'], ['C', 'B', 'A', 'D'], ['B', 'A', 'D', 'C']]","{'A': 4, 'C': 4, 'D': 4, 'B': 3}","[0.75, 1.0, 1.0]",3.96
95,"[1, 3, 4]","[3, 4, 4]","[0.58, 0.79, 0.88]","[['D', 'C', 'A', 'B'], ['C', 'B', 'A', 'D'], ['B', 'D', 'A', 'C']]","{'A': 4, 'C': 4, 'D': 4, 'B': 3}","[0.75, 1.0, 1.0]",3.96
95,"[1, 3, 4]","[3, 4, 4]","[0.58, 0.79, 0.88]","[['D', 'C', 'A', 'B'], ['C', 'B', 'A', 'D'], ['D', 'A', 'B', 'C']]","{'A': 4, 'C': 4, 'D': 4, 'B': 3}","[0.75, 1.0, 1.0]",3.96
95,"[1, 3, 4]","[3, 4, 4]","[0.58, 0.79, 0.88]","[['D', 'C', 'A', 'B'], ['C', 'B', 'A', 'D'], ['D', 'B', 'A', 'C']]","{'A': 4, 'C': 4, 'D': 4, 'B': 3}","[0.75, 1.0, 1.0]",3.96
95,"[1, 3, 4]","[3, 4, 4]","[0.58, 0.79, 0.88]","[['D', 'C', 'A', 'B'], ['D', 'A', 'B', 'C'], ['A', 'B', 'C', 'D']]","{'A': 4, 'C': 4, 'D': 4, 'B': 3}","[0.75, 1.0, 1.0]",3.96
95,"[1, 3, 4]","[3, 4, 4]","[0.58, 0.79, 0.88]","[['D', 'C', 'A', 'B'], ['D', 'A', 'B', 'C'], ['A', 'C', 'B', 'D']]","{'A': 4, 'C': 4, 'D': 4, 'B': 3}","[0.75, 1.0, 1.0]",3.96
95,"[1, 3, 4]","[3, 4, 4]","[0.58, 0.79, 0.88]","[['D', 'C', 'A', 'B'], ['D', 'A', 'B', 'C'], ['B', 'A', 'C', 'D']]","{'A': 4, 'C': 4, 'D': 4, 'B': 3}","[0.75, 1.0, 1.0]",3.96
95,"[1, 3, 4]","[3, 4, 4]","[0.58, 0.79, 0.88]","[['D', 'C', 'A', 'B'], ['D', 'A', 'B', 'C'], ['B', 'C', 'A', 'D']]","{'A': 4, 'C': 4, 'D': 4, 'B': 3}","[0.75, 1.0, 1.0]",3.96
95,"[1, 3, 4]","[3, 4, 4]","[0.58, 0.79, 0.88]","[['D', 'C', 'A', 'B'], ['D', 'A', 'B', 'C'], ['C', 'A', 'B', 'D']]","{'A': 4, 'C': 4, 'D': 4, 'B': 3}","[0.75, 1.0, 1.0]",3.96
95,"[1, 3, 4]","[3, 4, 4]","[0.58, 0.79, 0.88]","[['D', 'C', 'A', 'B'], ['D', 'A', 'B', 'C'], ['C', 'B', 'A', 'D']]","{'A': 4, 'C': 4, 'D': 4, 'B': 3}","[0.75, 1.0, 1.0]",3.96
95,"[1, 3, 4]","[3, 4, 4]","[0.58, 0.79, 0.88]","[['D', 'C', 'A', 'B'], ['D', 'B', 'A', 'C'], ['A', 'B', 'C', 'D']]","{'A': 4, 'C': 4, 'D': 4, 'B': 3}","[0.75, 1.0, 1.0]",3.96
95,"[1, 3, 4]","[3, 4, 4]","[0.58, 0.79, 0.88]","[['D', 'C', 'A', 'B'], ['D', 'B', 'A', 'C'], ['A', 'C', 'B', 'D']]","{'A': 4, 'C': 4, 'D': 4, 'B': 3}","[0.75, 1.0, 1.0]",3.96
95,"[1, 3, 4]","[3, 4, 4]","[0.58, 0.79, 0.88]","[['D', 'C', 'A', 'B'], ['D', 'B', 'A', 'C'], ['B', 'A', 'C', 'D']]","{'A': 4, 'C': 4, 'D': 4, 'B': 3}","[0.75, 1.0, 1.0]",3.96
95,"[1, 3, 4]","[3, 4, 4]","[0.58, 0.79, 0.88]","[['D', 'C', 'A', 'B'], ['D', 'B', 'A', 'C'], ['B', 'C', 'A', 'D']]","{'A': 4, 'C': 4, 'D': 4, 'B': 3}","[0.75, 1.0, 1.0]",3.96
95,"[1, 3, 4]","[3, 4, 4]","[0.58, 0.79, 0.88]","[['D', 'C', 'A', 'B'], ['D', 'B', 'A', 'C'], ['C', 'A', 'B', 'D']]","{'A': 4, 'C': 4, 'D': 4, 'B': 3}","[0.75, 1.0, 1.0]",3.96
95,"[1, 3, 4]","[3, 4, 4]","[0.58, 0.79, 0.88]","[['D', 'C', 'A', 'B'], ['D', 'B', 'A', 'C'], ['C', 'B', 'A', 'D']]","{'A': 4, 'C': 4, 'D': 4, 'B': 3}","[0.75, 1.0, 1.0]",3.96
95,"[1, 3, 5]","[3, 4, 3]","[0.58, 0.79, 0.58]","[['A', 'B', 'D', 'C'], ['A', 'C', 'D', 'B'], ['A', 'C', 'D', 'B']]","{'A': 4, 'C': 4, 'D': 4, 'B': 3}","[0.75, 1.0, 0.75]",3.96
95,"[1, 3, 5]","[3, 4, 3]","[0.58, 0.79, 0.58]","[['A', 'B', 'D', 'C'], ['A', 'C', 'D', 'B'], ['A', 'D', 'C', 'B']]","{'A': 4, 'C': 4, 'D': 4, 'B': 3}","[0.75, 1.0, 0.75]",3.96
95,"[1, 3, 5]","[3, 4, 3]","[0.58, 0.79, 0.58]","[['A', 'B', 'D', 'C'], ['A', 'C', 'D', 'B'], ['C', 'A', 'D', 'B']]","{'A': 4, 'C': 4, 'D': 4, 'B': 3}","[0.75, 1.0, 0.75]",3.96
95,"[1, 3, 5]","[3, 4, 3]","[0.58, 0.79, 0.58]","[['A', 'B', 'D', 'C'], ['A', 'C', 'D', 'B'], ['C', 'D', 'A', 'B']]","{'A': 4, 'C': 4, 'D': 4, 'B': 3}","[0.75, 1.0, 0.75]",3.96
95,"[1, 3, 5]","[3, 4, 3]","[0.58, 0.79, 0.58]","[['A', 'B', 'D', 'C'], ['A', 'C', 'D', 'B'], ['D', 'A', 'C', 'B']]","{'A': 4, 'C': 4, 'D': 4, 'B': 3}","[0.75, 1.0, 0.75]",3.96
95,"[1, 3, 5]","[3, 4, 3]","[0.58, 0.79, 0.58]","[['A', 'B', 'D', 'C'], ['A', 'C', 'D', 'B'], ['D', 'C', 'A', 'B']]","{'A': 4, 'C': 4, 'D': 4, 'B': 3}","[0.75, 1.0, 0.75]",3.96
95,"[1, 3, 5]","[3, 4, 3]","[0.58, 0.79, 0.58]","[['A', 'B', 'D', 'C'], ['A', 'D', 'C', 'B'], ['A', 'C', 'D', 'B']]","{'A': 4, 'C': 4, 'D': 4, 'B': 3}","[0.75, 1.0, 0.75]",3.96
95,"[1, 3, 5]","[3, 4, 3]","[0.58, 0.79, 0.58]","[['A', 'B', 'D', 'C'], ['A', 'D', 'C', 'B'], ['A', 'D', 'C', 'B']]","{'A': 4, 'C': 4, 'D': 4, 'B': 3}","[0.75, 1.0, 0.75]",3.96
95,"[1, 3, 5]","[3, 4, 3]","[0.58, 0.79, 0.58]","[['A', 'B', 'D', 'C'], ['A', 'D', 'C', 'B'], ['C', 'A', 'D', 'B']]","{'A': 4, 'C': 4, 'D': 4, 'B': 3}","[0.75, 1.0, 0.75]",3.96
95,"[1, 3, 5]","[3, 4, 3]","[0.58, 0.79, 0.58]","[['A', 'B', 'D', 'C'], ['A', 'D', 'C', 'B'], ['C', 'D', 'A', 'B']]","{'A': 4, 'C': 4, 'D': 4, 'B': 3}","[0.75, 1.0, 0.75]",3.96
95,"[1, 3, 5]","[3, 4, 3]","[0.58, 0.79, 0.58]","[['A', 'B', 'D', 'C'], ['A', 'D', 'C', 'B'], ['D', 'A', 'C', 'B']]","{'A': 4, 'C': 4, 'D': 4, 'B': 3}","[0.75, 1.0, 0.75]",3.96
95,"[1, 3, 5]","[3, 4, 3]","[0.58, 0.79, 0.58]","[['A', 'B', 'D', 'C'], ['A', 'D', 'C', 'B'], ['D', 'C', 'A', 'B']]","{'A': 4, 'C': 4, 'D': 4, 'B': 3}","[0.75, 1.0, 0.75]",3.96
95,"[1, 3, 5]","[3, 4, 3]","[0.58, 0.79, 0.58]","[['A', 'B', 'D', 'C'], ['C', 'A', 'D', 'B'], ['A', 'C', 'D', 'B']]","{'A': 4, 'C': 4, 'D': 4, 'B': 3}","[0.75, 1.0, 0.75]",3.96
95,"[1, 3, 5]","[3, 4, 3]","[0.58, 0.79, 0.58]","[['A', 'B', 'D', 'C'], ['C', 'A', 'D', 'B'], ['A', 'D', 'C', 'B']]","{'A': 4, 'C': 4, 'D': 4, 'B': 3}","[0.75, 1.0, 0.75]",3.96
95,"[1, 3, 5]","[3, 4, 3]","[0.58, 0.79, 0.58]","[['A', 'B', 'D', 'C'], ['C', 'A', 'D', 'B'], ['C', 'A', 'D', 'B']]","{'A': 4, 'C': 4, 'D': 4, 'B': 3}","[0.75, 1.0, 0.75]",3.96
95,"[1, 3, 5]","[3, 4, 3]","[0.58, 0.79, 0.58]","[['A', 'B', 'D', 'C'], ['C', 'A', 'D', 'B'], ['C', 'D', 'A', 'B']]","{'A': 4, 'C': 4, 'D': 4, 'B': 3}","[0.75, 1.0, 0.75]",3.96
95,"[1, 3, 5]","[3, 4, 3]","[0.58, 0.79, 0.58]","[['A', 'B', 'D', 'C'], ['C', 'A', 'D', 'B'], ['D', 'A', 'C', 'B']]","{'A': 4, 'C': 4, 'D': 4, 'B': 3}","[0.75, 1.0, 0.75]",3.96
95,"[1, 3, 5]","[3, 4, 3]","[0.58, 0.79, 0.58]","[['A', 'B', 'D', 'C'], ['C', 'A', 'D', 'B'], ['D', 'C', 'A', 'B']]","{'A': 4, 'C': 4, 'D': 4, 'B': 3}","[0.75, 1.0, 0.75]",3.96
95,"[1, 3, 5]","[3, 4, 3]","[0.58, 0.79, 0.58]","[['A', 'B', 'D', 'C'], ['C', 'D', 'A', 'B'], ['A', 'C', 'D', 'B']]","{'A': 4, 'C': 4, 'D': 4, 'B': 3}","[0.75, 1.0, 0.75]",3.96
95,"[1, 3, 5]","[3, 4, 3]","[0.58, 0.79, 0.58]","[['A', 'B', 'D', 'C'], ['C', 'D', 'A', 'B'], ['A', 'D', 'C', 'B']]","{'A': 4, 'C': 4, 'D': 4, 'B': 3}","[0.75, 1.0, 0.75]",3.96
95,"[1, 3, 5]","[3, 4, 3]","[0.58, 0.79, 0.58]","[['A', 'B', 'D', 'C'], ['C', 'D', 'A', 'B'], ['C', 'A', 'D', 'B']]","{'A': 4, 'C': 4, 'D': 4, 'B': 3}","[0.75, 1.0, 0.75]",3.96
95,"[1, 3, 5]","[3, 4, 3]","[0.58, 0.79, 0.58]","[['A', 'B', 'D', 'C'], ['C', 'D', 'A', 'B'], ['C', 'D', 'A', 'B']]","{'A': 4, 'C': 4, 'D': 4, 'B': 3}","[0.75, 1.0, 0.75]",3.96
95,"[1, 3, 5]","[3, 4, 3]","[0.58, 0.79, 0.58]","[['A', 'B', 'D', 'C'], ['C', 'D', 'A', 'B'], ['D', 'A', 'C', 'B']]","{'A': 4, 'C': 4, 'D': 4, 'B': 3}","[0.75, 1.0, 0.75]",3.96
95,"[1, 3, 5]","[3, 4, 3]","[0.58, 0.79, 0.58]","[['A', 'B', 'D', 'C'], ['C', 'D', 'A', 'B'], ['D', 'C', 'A', 'B']]","{'A': 4, 'C': 4, 'D': 4, 'B': 3}","[0.75, 1.0, 0.75]",3.96
95,"[1, 3, 5]","[3, 4, 3]","[0.58, 0.79, 0.58]","[['A', 'B', 'D', 'C'], ['D', 'A', 'C', 'B'], ['A', 'C', 'D', 'B']]","{'A': 4, 'C': 4, 'D': 4, 'B': 3}","[0.75, 1.0, 0.75]",3.96
95,"[1, 3, 5]","[3, 4, 3]","[0.58, 0.79, 0.58]","[['A', 'B', 'D', 'C'], ['D', 'A', 'C', 'B'], ['A', 'D', 'C', 'B']]","{'A': 4, 'C': 4, 'D': 4, 'B': 3}","[0.75, 1.0, 0.75]",3.96
95,"[1, 3, 5]","[3, 4, 3]","[0.58, 0.79, 0.58]","[['A', 'B', 'D', 'C'], ['D', 'A', 'C', 'B'], ['C', 'A', 'D', 'B']]","{'A': 4, 'C': 4, 'D': 4, 'B': 3}","[0.75, 1.0, 0.75]",3.96
95,"[1, 3, 5]","[3, 4, 3]","[0.58, 0.79, 0.58]","[['A', 'B', 'D', 'C'], ['D', 'A', 'C', 'B'], ['C', 'D', 'A', 'B']]","{'A': 4, 'C': 4, 'D': 4, 'B': 3}","[0.75, 1.0, 0.75]",3.96
95,"[1, 3, 5]","[3, 4, 3]","[0.58, 0.79, 0.58]","[['A', 'B', 'D', 'C'], ['D', 'A', 'C', 'B'], ['D', 'A', 'C', 'B']]","{'A': 4, 'C': 4, 'D': 4, 'B': 3}","[0.75, 1.0, 0.75]",3.96
95,"[1, 3, 5]","[3, 4, 3]","[0.58, 0.79, 0.58]","[['A', 'B', 'D', 'C'], ['D', 'A', 'C', 'B'], ['D', 'C', 'A', 'B']]","{'A': 4, 'C': 4, 'D': 4, 'B': 3}","[0.75, 1.0, 0.75]",3.96
95,"[1, 3, 5]","[3, 4, 3]","[0.58, 0.79, 0.58]","[['A', 'B', 'D', 'C'], ['D', 'C', 'A', 'B'], ['A', 'C', 'D', 'B']]","{'A': 4, 'C': 4, 'D': 4, 'B': 3}","[0.75, 1.0, 0.75]",3.96
95,"[1, 3, 5]","[3, 4, 3]","[0.58, 0.79, 0.58]","[['A', 'B', 'D', 'C'], ['D', 'C', 'A', 'B'], ['A', 'D', 'C', 'B']]","{'A': 4, 'C': 4, 'D': 4, 'B': 3}","[0.75, 1.0, 0.75]",3.96
95,"[1, 3, 5]","[3, 4, 3]","[0.58, 0.79, 0.58]","[['A', 'B', 'D', 'C'], ['D', 'C', 'A', 'B'], ['C', 'A', 'D', 'B']]","{'A': 4, 'C': 4, 'D': 4, 'B': 3}","[0.75, 1.0, 0.75]",3.96
95,"[1, 3, 5]","[3, 4, 3]","[0.58, 0.79, 0.58]","[['A', 'B', 'D', 'C'], ['D', 'C', 'A', 'B'], ['C', 'D', 'A', 'B']]","{'A': 4, 'C': 4, 'D': 4, 'B': 3}","[0.75, 1.0, 0.75]",3.96
95,"[1, 3, 5]","[3, 4, 3]","[0.58, 0.79, 0.58]","[['A', 'B', 'D', 'C'], ['D', 'C', 'A', 'B'], ['D', 'A', 'C', 'B']]","{'A': 4, 'C': 4, 'D': 4, 'B': 3}","[0.75, 1.0, 0.75]",3.96
95,"[1, 3, 5]","[3, 4, 3]","[0.58, 0.79, 0.58]","[['A', 'B', 'D', 'C'], ['D', 'C', 'A', 'B'], ['D', 'C', 'A', 'B']]","{'A': 4, 'C': 4, 'D': 4, 'B': 3}","[0.75, 1.0, 0.75]",3.96
95,"[1, 3, 5]","[3, 4, 3]","[0.58, 0.79, 0.58]","[['A', 'C', 'D', 'B'], ['A', 'B', 'D', 'C'], ['A', 'C', 'D', 'B']]","{'A': 4, 'C': 4, 'D': 4, 'B': 3}","[0.75, 1.0, 0.75]",3.96
95,"[1, 3, 5]","[3, 4, 3]","[0.58, 0.79, 0.58]","[['A', 'C', 'D', 'B'], ['A', 'B', 'D', 'C'], ['A', 'D', 'C', 'B']]","{'A': 4, 'C': 4, 'D': 4, 'B': 3}","[0.75, 1.0, 0.75]",3.96
95,"[1, 3, 5]","[3, 4, 3]","[0.58, 0.79, 0.58]","[['A', 'C', 'D', 'B'], ['A', 'B', 'D', 'C'], ['C', 'A', 'D', 'B']]","{'A': 4, 'C': 4, 'D': 4, 'B': 3}","[0.75, 1.0, 0.75]",3.96
95,"[1, 3, 5]","[3, 4, 3]","[0.58, 0.79, 0.58]","[['A', 'C', 'D', 'B'], ['A', 'B', 'D', 'C'], ['C', 'D', 'A', 'B']]","{'A': 4, 'C': 4, 'D': 4, 'B': 3}","[0.75, 1.0, 0.75]",3.96
95,"[1, 3, 5]","[3, 4, 3]","[0.58, 0.79, 0.58]","[['A', 'C', 'D', 'B'], ['A', 'B', 'D', 'C'], ['D', 'A', 'C', 'B']]","{'A': 4, 'C': 4, 'D': 4, 'B': 3}","[0.75, 1.0, 0.75]",3.96
95,"[1, 3, 5]","[3, 4, 3]","[0.58, 0.79, 0.58]","[['A', 'C', 'D', 'B'], ['A', 'B', 'D', 'C'], ['D', 'C', 'A', 'B']]","{'A': 4, 'C': 4, 'D': 4, 'B': 3}","[0.75, 1.0, 0.75]",3.96
95,"[1, 3, 5]","[3, 4, 3]","[0.58, 0.79, 0.58]","[['A', 'C', 'D', 'B'], ['A', 'C', 'D', 'B'], ['A', 'B', 'D', 'C']]","{'A': 4, 'C': 4, 'D': 4, 'B': 3}","[0.75, 1.0, 0.75]",3.96
95,"[1, 3, 5]","[3, 4, 3]","[0.58, 0.79, 0.58]","[['A', 'C', 'D', 'B'], ['A', 'C', 'D', 'B'], ['A', 'D', 'B', 'C']]","{'A': 4, 'C': 4, 'D': 4, 'B': 3}","[0.75, 1.0, 0.75]",3.96
95,"[1, 3, 5]","[3, 4, 3]","[0.58, 0.79, 0.58]","[['A', 'C', 'D', 'B'], ['A', 'C', 'D', 'B'], ['B', 'A', 'D', 'C']]","{'A': 4, 'C': 4, 'D': 4, 'B': 3}","[0.75, 1.0, 0.75]",3.96
95,"[1, 3, 5]","[3, 4, 3]","[0.58, 0.79, 0.58]","[['A', 'C', 'D', 'B'], ['A', 'C', 'D', 'B'], ['B', 'D', 'A', 'C']]","{'A': 4, 'C': 4, 'D': 4, 'B': 3}","[0.75, 1.0, 0.75]",3.96
95,"[1, 3, 5]","[3, 4, 3]","[0.58, 0.79, 0.58]","[['A', 'C', 'D', 'B'], ['A', 'C', 'D', 'B'], ['D', 'A', 'B', 'C']]","{'A': 4, 'C': 4, 'D': 4, 'B': 3}","[0.75, 1.0, 0.75]",3.96
95,"[1, 3, 5]","[3, 4, 3]","[0.58, 0.79, 0.58]","[['A', 'C', 'D', 'B'], ['A', 'C', 'D', 'B'], ['D', 'B', 'A', 'C']]","{'A': 4, 'C': 4, 'D': 4, 'B': 3}","[0.75, 1.0, 0.75]",3.96
95,"[1, 3, 5]","[3, 4, 3]","[0.58, 0.79, 0.58]","[['A', 'C', 'D', 'B'], ['A', 'D', 'B', 'C'], ['A', 'C', 'D', 'B']]","{'A': 4, 'C': 4, 'D': 4, 'B': 3}","[0.75, 1.0, 0.75]",3.96
95,"[1, 3, 5]","[3, 4, 3]","[0.58, 0.79, 0.58]","[['A', 'C', 'D', 'B'], ['A', 'D', 'B', 'C'], ['A', 'D', 'C', 'B']]","{'A': 4, 'C': 4, 'D': 4, 'B': 3}","[0.75, 1.0, 0.75]",3.96
95,"[1, 3, 5]","[3, 4, 3]","[0.58, 0.79, 0.58]","[['A', 'C', 'D', 'B'], ['A', 'D', 'B', 'C'], ['C', 'A', 'D', 'B']]","{'A': 4, 'C': 4, 'D': 4, 'B': 3}","[0.75, 1.0, 0.75]",3.96
95,"[1, 3, 5]","[3, 4, 3]","[0.58, 0.79, 0.58]","[['A', 'C', 'D', 'B'], ['A', 'D', 'B', 'C'], ['C', 'D', 'A', 'B']]","{'A': 4, 'C': 4, 'D': 4, 'B': 3}","[0.75, 1.0, 0.75]",3.96
95,"[1, 3, 5]","[3, 4, 3]","[0.58, 0.79, 0.58]","[['A', 'C', 'D', 'B'], ['A', 'D', 'B', 'C'], ['D', 'A', 'C', 'B']]","{'A': 4, 'C': 4, 'D': 4, 'B': 3}","[0.75, 1.0, 0.75]",3.96
95,"[1, 3, 5]","[3, 4, 3]","[0.58, 0.79, 0.58]","[['A', 'C', 'D', 'B'], ['A', 'D', 'B', 'C'], ['D', 'C', 'A', 'B']]","{'A': 4, 'C': 4, 'D': 4, 'B': 3}","[0.75, 1.0, 0.75]",3.96
95,"[1, 3, 5]","[3, 4, 3]","[0.58, 0.79, 0.58]","[['A', 'C', 'D', 'B'], ['A', 'D', 'C', 'B'], ['A', 'B', 'D', 'C']]","{'A': 4, 'C': 4, 'D': 4, 'B': 3}","[0.75, 1.0, 0.75]",3.96
95,"[1, 3, 5]","[3, 4, 3]","[0.58, 0.79, 0.58]","[['A', 'C', 'D', 'B'], ['A', 'D', 'C', 'B'], ['A', 'D', 'B', 'C']]","{'A': 4, 'C': 4, 'D': 4, 'B': 3}","[0.75, 1.0, 0.75]",3.96
95,"[1, 3, 5]","[3, 4, 3]","[0.58, 0.79, 0.58]","[['A', 'C', 'D', 'B'], ['A', 'D', 'C', 'B'], ['B', 'A', 'D', 'C']]","{'A': 4, 'C': 4, 'D': 4, 'B': 3}","[0.75, 1.0, 0.75]",3.96
95,"[1, 3, 5]","[3, 4, 3]","[0.58, 0.79, 0.58]","[['A', 'C', 'D', 'B'], ['A', 'D', 'C', 'B'], ['B', 'D', 'A', 'C']]","{'A': 4, 'C': 4, 'D': 4, 'B': 3}","[0.75, 1.0, 0.75]",3.96
95,"[1, 3, 5]","[3, 4, 3]","[0.58, 0.79, 0.58]","[['A', 'C', 'D', 'B'], ['A', 'D', 'C', 'B'], ['D', 'A', 'B', 'C']]","{'A': 4, 'C': 4, 'D': 4, 'B': 3}","[0.75, 1.0, 0.75]",3.96
95,"[1, 3, 5]","[3, 4, 3]","[0.58, 0.79, 0.58]","[['A', 'C', 'D', 'B'], ['A', 'D', 'C', 'B'], ['D', 'B', 'A', 'C']]","{'A': 4, 'C': 4, 'D': 4, 'B': 3}","[0.75, 1.0, 0.75]",3.96
95,"[1, 3, 5]","[3, 4, 3]","[0.58, 0.79, 0.58]","[['A', 'C', 'D', 'B'], ['B', 'A', 'D', 'C'], ['A', 'C', 'D', 'B']]","{'A': 4, 'C': 4, 'D': 4, 'B': 3}","[0.75, 1.0, 0.75]",3.96
95,"[1, 3, 5]","[3, 4, 3]","[0.58, 0.79, 0.58]","[['A', 'C', 'D', 'B'], ['B', 'A', 'D', 'C'], ['A', 'D', 'C', 'B']]","{'A': 4, 'C': 4, 'D': 4, 'B': 3}","[0.75, 1.0, 0.75]",3.96
95,"[1, 3, 5]","[3, 4, 3]","[0.58, 0.79, 0.58]","[['A', 'C', 'D', 'B'], ['B', 'A', 'D', 'C'], ['C', 'A', 'D', 'B']]","{'A': 4, 'C': 4, 'D': 4, 'B': 3}","[0.75, 1.0, 0.75]",3.96
95,"[1, 3, 5]","[3, 4, 3]","[0.58, 0.79, 0.58]","[['A', 'C', 'D', 'B'], ['B', 'A', 'D', 'C'], ['C', 'D', 'A', 'B']]","{'A': 4, 'C': 4, 'D': 4, 'B': 3}","[0.75, 1.0, 0.75]",3.96
95,"[1, 3, 5]","[3, 4, 3]","[0.58, 0.79, 0.58]","[['A', 'C', 'D', 'B'], ['B', 'A', 'D', 'C'], ['D', 'A', 'C', 'B']]","{'A': 4, 'C': 4, 'D': 4, 'B': 3}","[0.75, 1.0, 0.75]",3.96
95,"[1, 3, 5]","[3, 4, 3]","[0.58, 0.79, 0.58]","[['A', 'C', 'D', 'B'], ['B', 'A', 'D', 'C'], ['D', 'C', 'A', 'B']]","{'A': 4, 'C': 4, 'D': 4, 'B': 3}","[0.75, 1.0, 0.75]",3.96
95,"[1, 3, 5]","[3, 4, 3]","[0.58, 0.79, 0.58]","[['A', 'C', 'D', 'B'], ['B', 'D', 'A', 'C'], ['A', 'C', 'D', 'B']]","{'A': 4, 'C': 4, 'D': 4, 'B': 3}","[0.75, 1.0, 0.75]",3.96
95,"[1, 3, 5]","[3, 4, 3]","[0.58, 0.79, 0.58]","[['A', 'C', 'D', 'B'], ['B', 'D', 'A', 'C'], ['A', 'D', 'C', 'B']]","{'A': 4, 'C': 4, 'D': 4, 'B': 3}","[0.75, 1.0, 0.75]",3.96
95,"[1, 3, 5]","[3, 4, 3]","[0.58, 0.79, 0.58]","[['A', 'C', 'D', 'B'], ['B', 'D', 'A', 'C'], ['C', 'A', 'D', 'B']]","{'A': 4, 'C': 4, 'D': 4, 'B': 3}","[0.75, 1.0, 0.75]",3.96
95,"[1, 3, 5]","[3, 4, 3]","[0.58, 0.79, 0.58]","[['A', 'C', 'D', 'B'], ['B', 'D', 'A', 'C'], ['C', 'D', 'A', 'B']]","{'A': 4, 'C': 4, 'D': 4, 'B': 3}","[0.75, 1.0, 0.75]",3.96
95,"[1, 3, 5]","[3, 4, 3]","[0.58, 0.79, 0.58]","[['A', 'C', 'D', 'B'], ['B', 'D', 'A', 'C'], ['D', 'A', 'C', 'B']]","{'A': 4, 'C': 4, 'D': 4, 'B': 3}","[0.75, 1.0, 0.75]",3.96
95,"[1, 3, 5]","[3, 4, 3]","[0.58, 0.79, 0.58]","[['A', 'C', 'D', 'B'], ['B', 'D', 'A', 'C'], ['D', 'C', 'A', 'B']]","{'A': 4, 'C': 4, 'D': 4, 'B': 3}","[0.75, 1.0, 0.75]",3.96
95,"[1, 3, 5]","[3, 4, 3]","[0.58, 0.79, 0.58]","[['A', 'C', 'D', 'B'], ['C', 'A', 'D', 'B'], ['A', 'B', 'D', 'C']]","{'A': 4, 'C': 4, 'D': 4, 'B': 3}","[0.75, 1.0, 0.75]",3.96
95,"[1, 3, 5]","[3, 4, 3]","[0.58, 0.79, 0.58]","[['A', 'C', 'D', 'B'], ['C', 'A', 'D', 'B'], ['A', 'D', 'B', 'C']]","{'A': 4, 'C': 4, 'D': 4, 'B': 3}","[0.75, 1.0, 0.75]",3.96
95,"[1, 3, 5]","[3, 4, 3]","[0.58, 0.79, 0.58]","[['A', 'C', 'D', 'B'], ['C', 'A', 'D', 'B'], ['B', 'A', 'D', 'C']]","{'A': 4, 'C': 4, 'D': 4, 'B': 3}","[0.75, 1.0, 0.75]",3.96
95,"[1, 3, 5]","[3, 4, 3]","[0.58, 0.79, 0.58]","[['A', 'C', 'D', 'B'], ['C', 'A', 'D', 'B'], ['B', 'D', 'A', 'C']]","{'A': 4, 'C': 4, 'D': 4, 'B': 3}","[0.75, 1.0, 0.75]",3.96
95,"[1, 3, 5]","[3, 4, 3]","[0.58, 0.79, 0.58]","[['A', 'C', 'D', 'B'], ['C', 'A', 'D', 'B'], ['D', 'A', 'B', 'C']]","{'A': 4, 'C': 4, 'D': 4, 'B': 3}","[0.75, 1.0, 0.75]",3.96
95,"[1, 3, 5]","[3, 4, 3]","[0.58, 0.79, 0.58]","[['A', 'C', 'D', 'B'], ['C', 'A', 'D', 'B'], ['D', 'B', 'A', 'C']]","{'A': 4, 'C': 4, 'D': 4, 'B': 3}","[0.75, 1.0, 0.75]",3.96
95,"[1, 3, 5]","[3, 4, 3]","[0.58, 0.79, 0.58]","[['A', 'C', 'D', 'B'], ['C', 'D', 'A', 'B'], ['A', 'B', 'D', 'C']]","{'A': 4, 'C': 4, 'D': 4, 'B': 3}","[0.75, 1.0, 0.75]",3.96
95,"[1, 3, 5]","[3, 4, 3]","[0.58, 0.79, 0.58]","[['A', 'C', 'D', 'B'], ['C', 'D', 'A', 'B'], ['A', 'D', 'B', 'C']]","{'A': 4, 'C': 4, 'D': 4, 'B': 3}","[0.75, 1.0, 0.75]",3.96
95,"[1, 3, 5]","[3, 4, 3]","[0.58, 0.79, 0.58]","[['A', 'C', 'D', 'B'], ['C', 'D', 'A', 'B'], ['B', 'A', 'D', 'C']]","{'A': 4, 'C': 4, 'D': 4, 'B': 3}","[0.75, 1.0, 0.75]",3.96
95,"[1, 3, 5]","[3, 4, 3]","[0.58, 0.79, 0.58]","[['A', 'C', 'D', 'B'], ['C', 'D', 'A', 'B'], ['B', 'D', 'A', 'C']]","{'A': 4, 'C': 4, 'D': 4, 'B': 3}","[0.75, 1.0, 0.75]",3.96
95,"[1, 3, 5]","[3, 4, 3]","[0.58, 0.79, 0.58]","[['A', 'C', 'D', 'B'], ['C', 'D', 'A', 'B'], ['D', 'A', 'B', 'C']]","{'A': 4, 'C': 4, 'D': 4, 'B': 3}","[0.75, 1.0, 0.75]",3.96
95,"[1, 3, 5]","[3, 4, 3]","[0.58, 0.79, 0.58]","[['A', 'C', 'D', 'B'], ['C', 'D', 'A', 'B'], ['D', 'B', 'A', 'C']]","{'A': 4, 'C': 4, 'D': 4, 'B': 3}","[0.75, 1.0, 0.75]",3.96
95,"[1, 3, 5]","[3, 4, 3]","[0.58, 0.79, 0.58]","[['A', 'C', 'D', 'B'], ['D', 'A', 'B', 'C'], ['A', 'C', 'D', 'B']]","{'A': 4, 'C': 4, 'D': 4, 'B': 3}","[0.75, 1.0, 0.75]",3.96
95,"[1, 3, 5]","[3, 4, 3]","[0.58, 0.79, 0.58]","[['A', 'C', 'D', 'B'], ['D', 'A', 'B', 'C'], ['A', 'D', 'C', 'B']]","{'A': 4, 'C': 4, 'D': 4, 'B': 3}","[0.75, 1.0, 0.75]",3.96
95,"[1, 3, 5]","[3, 4, 3]","[0.58, 0.79, 0.58]","[['A', 'C', 'D', 'B'], ['D', 'A', 'B', 'C'], ['C', 'A', 'D', 'B']]","{'A': 4, 'C': 4, 'D': 4, 'B': 3}","[0.75, 1.0, 0.75]",3.96
95,"[1, 3, 5]","[3, 4, 3]","[0.58, 0.79, 0.58]","[['A', 'C', 'D', 'B'], ['D', 'A', 'B', 'C'], ['C', 'D', 'A', 'B']]","{'A': 4, 'C': 4, 'D': 4, 'B': 3}","[0.75, 1.0, 0.75]",3.96
95,"[1, 3, 5]","[3, 4, 3]","[0.58, 0.79, 0.58]","[['A', 'C', 'D', 'B'], ['D', 'A', 'B', 'C'], ['D', 'A', 'C', 'B']]","{'A': 4, 'C': 4, 'D': 4, 'B': 3}","[0.75, 1.0, 0.75]",3.96
95,"[1, 3, 5]","[3, 4, 3]","[0.58, 0.79, 0.58]","[['A', 'C', 'D', 'B'], ['D', 'A', 'B', 'C'], ['D', 'C', 'A', 'B']]","{'A': 4, 'C': 4, 'D': 4, 'B': 3}","[0.75, 1.0, 0.75]",3.96
95,"[1, 3, 5]","[3, 4, 3]","[0.58, 0.79, 0.58]","[['A', 'C', 'D', 'B'], ['D', 'A', 'C', 'B'], ['A', 'B', 'D', 'C']]","{'A': 4, 'C': 4, 'D': 4, 'B': 3}","[0.75, 1.0, 0.75]",3.96
95,"[1, 3, 5]","[3, 4, 3]","[0.58, 0.79, 0.58]","[['A', 'C', 'D', 'B'], ['D', 'A', 'C', 'B'], ['A', 'D', 'B', 'C']]","{'A': 4, 'C': 4, 'D': 4, 'B': 3}","[0.75, 1.0, 0.75]",3.96
95,"[1, 3, 5]","[3, 4, 3]","[0.58, 0.79, 0.58]","[['A', 'C', 'D', 'B'], ['D', 'A', 'C', 'B'], ['B', 'A', 'D', 'C']]","{'A': 4, 'C': 4, 'D': 4, 'B': 3}","[0.75, 1.0, 0.75]",3.96
95,"[1, 3, 5]","[3, 4, 3]","[0.58, 0.79, 0.58]","[['A', 'C', 'D', 'B'], ['D', 'A', 'C', 'B'], ['B', 'D', 'A', 'C']]","{'A': 4, 'C': 4, 'D': 4, 'B': 3}","[0.75, 1.0, 0.75]",3.96
95,"[1, 3, 5]","[3, 4, 3]","[0.58, 0.79, 0.58]","[['A', 'C', 'D', 'B'], ['D', 'A', 'C', 'B'], ['D', 'A', 'B', 'C']]","{'A': 4, 'C': 4, 'D': 4, 'B': 3}","[0.75, 1.0, 0.75]",3.96
95,"[1, 3, 5]","[3, 4, 3]","[0.58, 0.79, 0.58]","[['A', 'C', 'D', 'B'], ['D', 'A', 'C', 'B'], ['D', 'B', 'A', 'C']]","{'A': 4, 'C': 4, 'D': 4, 'B': 3}","[0.75, 1.0, 0.75]",3.96
95,"[1, 3, 5]","[3, 4, 3]","[0.58, 0.79, 0.58]","[['A', 'C', 'D', 'B'], ['D', 'B', 'A', 'C'], ['A', 'C', 'D', 'B']]","{'A': 4, 'C': 4, 'D': 4, 'B': 3}","[0.75, 1.0, 0.75]",3.96
95,"[1, 3, 5]","[3, 4, 3]","[0.58, 0.79, 0.58]","[['A', 'C', 'D', 'B'], ['D', 'B', 'A', 'C'], ['A', 'D', 'C', 'B']]","{'A': 4, 'C': 4, 'D': 4, 'B': 3}","[0.75, 1.0, 0.75]",3.96
95,"[1, 3, 5]","[3, 4, 3]","[0.58, 0.79, 0.58]","[['A', 'C', 'D', 'B'], ['D', 'B', 'A', 'C'], ['C', 'A', 'D', 'B']]","{'A': 4, 'C': 4, 'D': 4, 'B': 3}","[0.75, 1.0, 0.75]",3.96
95,"[1, 3, 5]","[3, 4, 3]","[0.58, 0.79, 0.58]","[['A', 'C', 'D', 'B'], ['D', 'B', 'A', 'C'], ['C', 'D', 'A', 'B']]","{'A': 4, 'C': 4, 'D': 4, 'B': 3}","[0.75, 1.0, 0.75]",3.96
95,"[1, 3, 5]","[3, 4, 3]","[0.58, 0.79, 0.58]","[['A', 'C', 'D', 'B'], ['D', 'B', 'A', 'C'], ['D', 'A', 'C', 'B']]","{'A': 4, 'C': 4, 'D': 4, 'B': 3}","[0.75, 1.0, 0.75]",3.96
95,"[1, 3, 5]","[3, 4, 3]","[0.58, 0.79, 0.58]","[['A', 'C', 'D', 'B'], ['D', 'B', 'A', 'C'], ['D', 'C', 'A', 'B']]","{'A': 4, 'C': 4, 'D': 4, 'B': 3}","[0.75, 1.0, 0.75]",3.96
95,"[1, 3, 5]","[3, 4, 3]","[0.58, 0.79, 0.58]","[['A', 'C', 'D', 'B'], ['D', 'C', 'A', 'B'], ['A', 'B', 'D', 'C']]","{'A': 4, 'C': 4, 'D': 4, 'B': 3}","[0.75, 1.0, 0.75]",3.96
95,"[1, 3, 5]","[3, 4, 3]","[0.58, 0.79, 0.58]","[['A', 'C', 'D', 'B'], ['D', 'C', 'A', 'B'], ['A', 'D', 'B', 'C']]","{'A': 4, 'C': 4, 'D': 4, 'B': 3}","[0.75, 1.0, 0.75]",3.96
95,"[1, 3, 5]","[3, 4, 3]","[0.58, 0.79, 0.58]","[['A', 'C', 'D', 'B'], ['D', 'C', 'A', 'B'], ['B', 'A', 'D', 'C']]","{'A': 4, 'C': 4, 'D': 4, 'B': 3}","[0.75, 1.0, 0.75]",3.96
95,"[1, 3, 5]","[3, 4, 3]","[0.58, 0.79, 0.58]","[['A', 'C', 'D', 'B'], ['D', 'C', 'A', 'B'], ['B', 'D', 'A', 'C']]","{'A': 4, 'C': 4, 'D': 4, 'B': 3}","[0.75, 1.0, 0.75]",3.96
95,"[1, 3, 5]","[3, 4, 3]","[0.58, 0.79, 0.58]","[['A', 'C', 'D', 'B'], ['D', 'C', 'A', 'B'], ['D', 'A', 'B', 'C']]","{'A': 4, 'C': 4, 'D': 4, 'B': 3}","[0.75, 1.0, 0.75]",3.96
95,"[1, 3, 5]","[3, 4, 3]","[0.58, 0.79, 0.58]","[['A', 'C', 'D', 'B'], ['D', 'C', 'A', 'B'], ['D', 'B', 'A', 'C']]","{'A': 4, 'C': 4, 'D': 4, 'B': 3}","[0.75, 1.0, 0.75]",3.96
95,"[1, 3, 5]","[3, 4, 3]","[0.58, 0.79, 0.58]","[['A', 'D', 'B', 'C'], ['A', 'C', 'D', 'B'], ['A', 'C', 'D', 'B']]","{'A': 4, 'C': 4, 'D': 4, 'B': 3}","[0.75, 1.0, 0.75]",3.96
95,"[1, 3, 5]","[3, 4, 3]","[0.58, 0.79, 0.58]","[['A', 'D', 'B', 'C'], ['A', 'C', 'D', 'B'], ['A', 'D', 'C', 'B']]","{'A': 4, 'C': 4, 'D': 4, 'B': 3}","[0.75, 1.0, 0.75]",3.96
95,"[1, 3, 5]","[3, 4, 3]","[0.58, 0.79, 0.58]","[['A', 'D', 'B', 'C'], ['A', 'C', 'D', 'B'], ['C', 'A', 'D', 'B']]","{'A': 4, 'C': 4, 'D': 4, 'B': 3}","[0.75, 1.0, 0.75]",3.96
95,"[1, 3, 5]","[3, 4, 3]","[0.58, 0.79, 0.58]","[['A', 'D', 'B', 'C'], ['A', 'C', 'D', 'B'], ['C', 'D', 'A', 'B']]","{'A': 4, 'C': 4, 'D': 4, 'B': 3}","[0.75, 1.0, 0.75]",3.96
95,"[1, 3, 5]","[3, 4, 3]","[0.58, 0.79, 0.58]","[['A', 'D', 'B', 'C'], ['A', 'C', 'D', 'B'], ['D', 'A', 'C', 'B']]","{'A': 4, 'C': 4, 'D': 4, 'B': 3}","[0.75, 1.0, 0.75]",3.96
95,"[1, 3, 5]","[3, 4, 3]","[0.58, 0.79, 0.58]","[['A', 'D', 'B', 'C'], ['A', 'C', 'D', 'B'], ['D', 'C', 'A', 'B']]","{'A': 4, 'C': 4, 'D': 4, 'B': 3}","[0.75, 1.0, 0.75]",3.96
95,"[1, 3, 5]","[3, 4, 3]","[0.58, 0.79, 0.58]","[['A', 'D', 'B', 'C'], ['A', 'D', 'C', 'B'], ['A', 'C', 'D', 'B']]","{'A': 4, 'C': 4, 'D': 4, 'B': 3}","[0.75, 1.0, 0.75]",3.96
95,"[1, 3, 5]","[3, 4, 3]","[0.58, 0.79, 0.58]","[['A', 'D', 'B', 'C'], ['A', 'D', 'C', 'B'], ['A', 'D', 'C', 'B']]","{'A': 4, 'C': 4, 'D': 4, 'B': 3}","[0.75, 1.0, 0.75]",3.96
95,"[1, 3, 5]","[3, 4, 3]","[0.58, 0.79, 0.58]","[['A', 'D', 'B', 'C'], ['A', 'D', 'C', 'B'], ['C', 'A', 'D', 'B']]","{'A': 4, 'C': 4, 'D': 4, 'B': 3}","[0.75, 1.0, 0.75]",3.96
95,"[1, 3, 5]","[3, 4, 3]","[0.58, 0.79, 0.58]","[['A', 'D', 'B', 'C'], ['A', 'D', 'C', 'B'], ['C', 'D', 'A', 'B']]","{'A': 4, 'C': 4, 'D': 4, 'B': 3}","[0.75, 1.0, 0.75]",3.96
95,"[1, 3, 5]","[3, 4, 3]","[0.58, 0.79, 0.58]","[['A', 'D', 'B', 'C'], ['A', 'D', 'C', 'B'], ['D', 'A', 'C', 'B']]","{'A': 4, 'C': 4, 'D': 4, 'B': 3}","[0.75, 1.0, 0.75]",3.96
95,"[1, 3, 5]","[3, 4, 3]","[0.58, 0.79, 0.58]","[['A', 'D', 'B', 'C'], ['A', 'D', 'C', 'B'], ['D', 'C', 'A', 'B']]","{'A': 4, 'C': 4, 'D': 4, 'B': 3}","[0.75, 1.0, 0.75]",3.96
95,"[1, 3, 5]","[3, 4, 3]","[0.58, 0.79, 0.58]","[['A', 'D', 'B', 'C'], ['C', 'A', 'D', 'B'], ['A', 'C', 'D', 'B']]","{'A': 4, 'C': 4, 'D': 4, 'B': 3}","[0.75, 1.0, 0.75]",3.96
95,"[1, 3, 5]","[3, 4, 3]","[0.58, 0.79, 0.58]","[['A', 'D', 'B', 'C'], ['C', 'A', 'D', 'B'], ['A', 'D', 'C', 'B']]","{'A': 4, 'C': 4, 'D': 4, 'B': 3}","[0.75, 1.0, 0.75]",3.96
95,"[1, 3, 5]","[3, 4, 3]","[0.58, 0.79, 0.58]","[['A', 'D', 'B', 'C'], ['C', 'A', 'D', 'B'], ['C', 'A', 'D', 'B']]","{'A': 4, 'C': 4, 'D': 4, 'B': 3}","[0.75, 1.0, 0.75]",3.96
95,"[1, 3, 5]","[3, 4, 3]","[0.58, 0.79, 0.58]","[['A', 'D', 'B', 'C'], ['C', 'A', 'D', 'B'], ['C', 'D', 'A', 'B']]","{'A': 4, 'C': 4, 'D': 4, 'B': 3}","[0.75, 1.0, 0.75]",3.96
95,"[1, 3, 5]","[3, 4, 3]","[0.58, 0.79, 0.58]","[['A', 'D', 'B', 'C'], ['C', 'A', 'D', 'B'], ['D', 'A', 'C', 'B']]","{'A': 4, 'C': 4, 'D': 4, 'B': 3}","[0.75, 1.0, 0.75]",3.96
95,"[1, 3, 5]","[3, 4, 3]","[0.58, 0.79, 0.58]","[['A', 'D', 'B', 'C'], ['C', 'A', 'D', 'B'], ['D', 'C', 'A', 'B']]","{'A': 4, 'C': 4, 'D': 4, 'B': 3}","[0.75, 1.0, 0.75]",3.96
95,"[1, 3, 5]","[3, 4, 3]","[0.58, 0.79, 0.58]","[['A', 'D', 'B', 'C'], ['C', 'D', 'A', 'B'], ['A', 'C', 'D', 'B']]","{'A': 4, 'C': 4, 'D': 4, 'B': 3}","[0.75, 1.0, 0.75]",3.96
95,"[1, 3, 5]","[3, 4, 3]","[0.58, 0.79, 0.58]","[['A', 'D', 'B', 'C'], ['C', 'D', 'A', 'B'], ['A', 'D', 'C', 'B']]","{'A': 4, 'C': 4, 'D': 4, 'B': 3}","[0.75, 1.0, 0.75]",3.96
95,"[1, 3, 5]","[3, 4, 3]","[0.58, 0.79, 0.58]","[['A', 'D', 'B', 'C'], ['C', 'D', 'A', 'B'], ['C', 'A', 'D', 'B']]","{'A': 4, 'C': 4, 'D': 4, 'B': 3}","[0.75, 1.0, 0.75]",3.96
95,"[1, 3, 5]","[3, 4, 3]","[0.58, 0.79, 0.58]","[['A', 'D', 'B', 'C'], ['C', 'D', 'A', 'B'], ['C', 'D', 'A', 'B']]","{'A': 4, 'C': 4, 'D': 4, 'B': 3}","[0.75, 1.0, 0.75]",3.96
95,"[1, 3, 5]","[3, 4, 3]","[0.58, 0.79, 0.58]","[['A', 'D', 'B', 'C'], ['C', 'D', 'A', 'B'], ['D', 'A', 'C', 'B']]","{'A': 4, 'C': 4, 'D': 4, 'B': 3}","[0.75, 1.0, 0.75]",3.96
95,"[1, 3, 5]","[3, 4, 3]","[0.58, 0.79, 0.58]","[['A', 'D', 'B', 'C'], ['C', 'D', 'A', 'B'], ['D', 'C', 'A', 'B']]","{'A': 4, 'C': 4, 'D': 4, 'B': 3}","[0.75, 1.0, 0.75]",3.96
95,"[1, 3, 5]","[3, 4, 3]","[0.58, 0.79, 0.58]","[['A', 'D', 'B', 'C'], ['D', 'A', 'C', 'B'], ['A', 'C', 'D', 'B']]","{'A': 4, 'C': 4, 'D': 4, 'B': 3}","[0.75, 1.0, 0.75]",3.96
95,"[1, 3, 5]","[3, 4, 3]","[0.58, 0.79, 0.58]","[['A', 'D', 'B', 'C'], ['D', 'A', 'C', 'B'], ['A', 'D', 'C', 'B']]","{'A': 4, 'C': 4, 'D': 4, 'B': 3}","[0.75, 1.0, 0.75]",3.96
95,"[1, 3, 5]","[3, 4, 3]","[0.58, 0.79, 0.58]","[['A', 'D', 'B', 'C'], ['D', 'A', 'C', 'B'], ['C', 'A', 'D', 'B']]","{'A': 4, 'C': 4, 'D': 4, 'B': 3}","[0.75, 1.0, 0.75]",3.96
95,"[1, 3, 5]","[3, 4, 3]","[0.58, 0.79, 0.58]","[['A', 'D', 'B', 'C'], ['D', 'A', 'C', 'B'], ['C', 'D', 'A', 'B']]","{'A': 4, 'C': 4, 'D': 4, 'B': 3}","[0.75, 1.0, 0.75]",3.96
95,"[1, 3, 5]","[3, 4, 3]","[0.58, 0.79, 0.58]","[['A', 'D', 'B', 'C'], ['D', 'A', 'C', 'B'], ['D', 'A', 'C', 'B']]","{'A': 4, 'C': 4, 'D': 4, 'B': 3}","[0.75, 1.0, 0.75]",3.96
95,"[1, 3, 5]","[3, 4, 3]","[0.58, 0.79, 0.58]","[['A', 'D', 'B', 'C'], ['D', 'A', 'C', 'B'], ['D', 'C', 'A', 'B']]","{'A': 4, 'C': 4, 'D': 4, 'B': 3}","[0.75, 1.0, 0.75]",3.96
95,"[1, 3, 5]","[3, 4, 3]","[0.58, 0.79, 0.58]","[['A', 'D', 'B', 'C'], ['D', 'C', 'A', 'B'], ['A', 'C', 'D', 'B']]","{'A': 4, 'C': 4, 'D': 4, 'B': 3}","[0.75, 1.0, 0.75]",3.96
95,"[1, 3, 5]","[3, 4, 3]","[0.58, 0.79, 0.58]","[['A', 'D', 'B', 'C'], ['D', 'C', 'A', 'B'], ['A', 'D', 'C', 'B']]","{'A': 4, 'C': 4, 'D': 4, 'B': 3}","[0.75, 1.0, 0.75]",3.96
95,"[1, 3, 5]","[3, 4, 3]","[0.58, 0.79, 0.58]","[['A', 'D', 'B', 'C'], ['D', 'C', 'A', 'B'], ['C', 'A', 'D', 'B']]","{'A': 4, 'C': 4, 'D': 4, 'B': 3}","[0.75, 1.0, 0.75]",3.96
95,"[1, 3, 5]","[3, 4, 3]","[0.58, 0.79, 0.58]","[['A', 'D', 'B', 'C'], ['D', 'C', 'A', 'B'], ['C', 'D', 'A', 'B']]","{'A': 4, 'C': 4, 'D': 4, 'B': 3}","[0.75, 1.0, 0.75]",3.96
95,"[1, 3, 5]","[3, 4, 3]","[0.58, 0.79, 0.58]","[['A', 'D', 'B', 'C'], ['D', 'C', 'A', 'B'], ['D', 'A', 'C', 'B']]","{'A': 4, 'C': 4, 'D': 4, 'B': 3}","[0.75, 1.0, 0.75]",3.96
95,"[1, 3, 5]","[3, 4, 3]","[0.58, 0.79, 0.58]","[['A', 'D', 'B', 'C'], ['D', 'C', 'A', 'B'], ['D', 'C', 'A', 'B']]","{'A': 4, 'C': 4, 'D': 4, 'B': 3}","[0.75, 1.0, 0.75]",3.96
95,"[1, 3, 5]","[3, 4, 3]","[0.58, 0.79, 0.58]","[['A', 'D', 'C', 'B'], ['A', 'B', 'D', 'C'], ['A', 'C', 'D', 'B']]","{'A': 4, 'C': 4, 'D': 4, 'B': 3}","[0.75, 1.0, 0.75]",3.96
95,"[1, 3, 5]","[3, 4, 3]","[0.58, 0.79, 0.58]","[['A', 'D', 'C', 'B'], ['A', 'B', 'D', 'C'], ['A', 'D', 'C', 'B']]","{'A': 4, 'C': 4, 'D': 4, 'B': 3}","[0.75, 1.0, 0.75]",3.96
95,"[1, 3, 5]","[3, 4, 3]","[0.58, 0.79, 0.58]","[['A', 'D', 'C', 'B'], ['A', 'B', 'D', 'C'], ['C', 'A', 'D', 'B']]","{'A': 4, 'C': 4, 'D': 4, 'B': 3}","[0.75, 1.0, 0.75]",3.96
95,"[1, 3, 5]","[3, 4, 3]","[0.58, 0.79, 0.58]","[['A', 'D', 'C', 'B'], ['A', 'B', 'D', 'C'], ['C', 'D', 'A', 'B']]","{'A': 4, 'C': 4, 'D': 4, 'B': 3}","[0.75, 1.0, 0.75]",3.96
95,"[1, 3, 5]","[3, 4, 3]","[0.58, 0.79, 0.58]","[['A', 'D', 'C', 'B'], ['A', 'B', 'D', 'C'], ['D', 'A', 'C', 'B']]","{'A': 4, 'C': 4, 'D': 4, 'B': 3}","[0.75, 1.0, 0.75]",3.96
95,"[1, 3, 5]","[3, 4, 3]","[0.58, 0.79, 0.58]","[['A', 'D', 'C', 'B'], ['A', 'B', 'D', 'C'], ['D', 'C', 'A', 'B']]","{'A': 4, 'C': 4, 'D': 4, 'B': 3}","[0.75, 1.0, 0.75]",3.96
95,"[1, 3, 5]","[3, 4, 3]","[0.58, 0.79, 0.58]","[['A', 'D', 'C', 'B'], ['A', 'C', 'D', 'B'], ['A', 'B', 'D', 'C']]","{'A': 4, 'C': 4, 'D': 4, 'B': 3}","[0.75, 1.0, 0.75]",3.96
95,"[1, 3, 5]","[3, 4, 3]","[0.58, 0.79, 0.58]","[['A', 'D', 'C', 'B'], ['A', 'C', 'D', 'B'], ['A', 'D', 'B', 'C']]","{'A': 4, 'C': 4, 'D': 4, 'B': 3}","[0.75, 1.0, 0.75]",3.96
95,"[1, 3, 5]","[3, 4, 3]","[0.58, 0.79, 0.58]","[['A', 'D', 'C', 'B'], ['A', 'C', 'D', 'B'], ['B', 'A', 'D', 'C']]","{'A': 4, 'C': 4, 'D': 4, 'B': 3}","[0.75, 1.0, 0.75]",3.96
95,"[1, 3, 5]","[3, 4, 3]","[0.58, 0.79, 0.58]","[['A', 'D', 'C', 'B'], ['A', 'C', 'D', 'B'], ['B', 'D', 'A', 'C']]","{'A': 4, 'C': 4, 'D': 4, 'B': 3}","[0.75, 1.0, 0.75]",3.96
95,"[1, 3, 5]","[3, 4, 3]","[0.58, 0.79, 0.58]","[['A', 'D', 'C', 'B'], ['A', 'C', 'D', 'B'], ['D', 'A', 'B', 'C']]","{'A': 4, 'C': 4, 'D': 4, 'B': 3}","[0.75, 1.0, 0.75]",3.96
95,"[1, 3, 5]","[3, 4, 3]","[0.58, 0.79, 0.58]","[['A', 'D', 'C', 'B'], ['A', 'C', 'D', 'B'], ['D', 'B', 'A', 'C']]","{'A': 4, 'C': 4, 'D': 4, 'B': 3}","[0.75, 1.0, 0.75]",3.96
95,"[1, 3, 5]","[3, 4, 3]","[0.58, 0.79, 0.58]","[['A', 'D', 'C', 'B'], ['A', 'D', 'B', 'C'], ['A', 'C', 'D', 'B']]","{'A': 4, 'C': 4, 'D': 4, 'B': 3}","[0.75, 1.0, 0.75]",3.96
95,"[1, 3, 5]","[3, 4, 3]","[0.58, 0.79, 0.58]","[['A', 'D', 'C', 'B'], ['A', 'D', 'B', 'C'], ['A', 'D', 'C', 'B']]","{'A': 4, 'C': 4, 'D': 4, 'B': 3}","[0.75, 1.0, 0.75]",3.96
95,"[1, 3, 5]","[3, 4, 3]","[0.58, 0.79, 0.58]","[['A', 'D', 'C', 'B'], ['A', 'D', 'B', 'C'], ['C', 'A', 'D', 'B']]","{'A': 4, 'C': 4, 'D': 4, 'B': 3}","[0.75, 1.0, 0.75]",3.96
95,"[1, 3, 5]","[3, 4, 3]","[0.58, 0.79, 0.58]","[['A', 'D', 'C', 'B'], ['A', 'D', 'B', 'C'], ['C', 'D', 'A', 'B']]","{'A': 4, 'C': 4, 'D': 4, 'B': 3}","[0.75, 1.0, 0.75]",3.96
95,"[1, 3, 5]","[3, 4, 3]","[0.58, 0.79, 0.58]","[['A', 'D', 'C', 'B'], ['A', 'D', 'B', 'C'], ['D', 'A', 'C', 'B']]","{'A': 4, 'C': 4, 'D': 4, 'B': 3}","[0.75, 1.0, 0.75]",3.96
95,"[1, 3, 5]","[3, 4, 3]","[0.58, 0.79, 0.58]","[['A', 'D', 'C', 'B'], ['A', 'D', 'B', 'C'], ['D', 'C', 'A', 'B']]","{'A': 4, 'C': 4, 'D': 4, 'B': 3}","[0.75, 1.0, 0.75]",3.96
95,"[1, 3, 5]","[3, 4, 3]","[0.58, 0.79, 0.58]","[['A', 'D', 'C', 'B'], ['A', 'D', 'C', 'B'], ['A', 'B', 'D', 'C']]","{'A': 4, 'C': 4, 'D': 4, 'B': 3}","[0.75, 1.0, 0.75]",3.96
95,"[1, 3, 5]","[3, 4, 3]","[0.58, 0.79, 0.58]","[['A', 'D', 'C', 'B'], ['A', 'D', 'C', 'B'], ['A', 'D', 'B', 'C']]","{'A': 4, 'C': 4, 'D': 4, 'B': 3}","[0.75, 1.0, 0.75]",3.96
95,"[1, 3, 5]","[3, 4, 3]","[0.58, 0.79, 0.58]","[['A', 'D', 'C', 'B'], ['A', 'D', 'C', 'B'], ['B', 'A', 'D', 'C']]","{'A': 4, 'C': 4, 'D': 4, 'B': 3}","[0.75, 1.0, 0.75]",3.96
95,"[1, 3, 5]","[3, 4, 3]","[0.58, 0.79, 0.58]","[['A', 'D', 'C', 'B'], ['A', 'D', 'C', 'B'], ['B', 'D', 'A', 'C']]","{'A': 4, 'C': 4, 'D': 4, 'B': 3}","[0.75, 1.0, 0.75]",3.96
95,"[1, 3, 5]","[3, 4, 3]","[0.58, 0.79, 0.58]","[['A', 'D', 'C', 'B'], ['A', 'D', 'C', 'B'], ['D', 'A', 'B', 'C']]","{'A': 4, 'C': 4, 'D': 4, 'B': 3}","[0.75, 1.0, 0.75]",3.96
95,"[1, 3, 5]","[3, 4, 3]","[0.58, 0.79, 0.58]","[['A', 'D', 'C', 'B'], ['A', 'D', 'C', 'B'], ['D', 'B', 'A', 'C']]","{'A': 4, 'C': 4, 'D': 4, 'B': 3}","[0.75, 1.0, 0.75]",3.96
95,"[1, 3, 5]","[3, 4, 3]","[0.58, 0.79, 0.58]","[['A', 'D', 'C', 'B'], ['B', 'A', 'D', 'C'], ['A', 'C', 'D', 'B']]","{'A': 4, 'C': 4, 'D': 4, 'B': 3}","[0.75, 1.0, 0.75]",3.96
95,"[1, 3, 5]","[3, 4, 3]","[0.58, 0.79, 0.58]","[['A', 'D', 'C', 'B'], ['B', 'A', 'D', 'C'], ['A', 'D', 'C', 'B']]","{'A': 4, 'C': 4, 'D': 4, 'B': 3}","[0.75, 1.0, 0.75]",3.96
95,"[1, 3, 5]","[3, 4, 3]","[0.58, 0.79, 0.58]","[['A', 'D', 'C', 'B'], ['B', 'A', 'D', 'C'], ['C', 'A', 'D', 'B']]","{'A': 4, 'C': 4, 'D': 4, 'B': 3}","[0.75, 1.0, 0.75]",3.96
95,"[1, 3, 5]","[3, 4, 3]","[0.58, 0.79, 0.58]","[['A', 'D', 'C', 'B'], ['B', 'A', 'D', 'C'], ['C', 'D', 'A', 'B']]","{'A': 4, 'C': 4, 'D': 4, 'B': 3}","[0.75, 1.0, 0.75]",3.96
95,"[1, 3, 5]","[3, 4, 3]","[0.58, 0.79, 0.58]","[['A', 'D', 'C', 'B'], ['B', 'A', 'D', 'C'], ['D', 'A', 'C', 'B']]","{'A': 4, 'C': 4, 'D': 4, 'B': 3}","[0.75, 1.0, 0.75]",3.96
95,"[1, 3, 5]","[3, 4, 3]","[0.58, 0.79, 0.58]","[['A', 'D', 'C', 'B'], ['B', 'A', 'D', 'C'], ['D', 'C', 'A', 'B']]","{'A': 4, 'C': 4, 'D': 4, 'B': 3}","[0.75, 1.0, 0.75]",3.96
95,"[1, 3, 5]","[3, 4, 3]","[0.58, 0.79, 0.58]","[['A', 'D', 'C', 'B'], ['B', 'D', 'A', 'C'], ['A', 'C', 'D', 'B']]","{'A': 4, 'C': 4, 'D': 4, 'B': 3}","[0.75, 1.0, 0.75]",3.96
95,"[1, 3, 5]","[3, 4, 3]","[0.58, 0.79, 0.58]","[['A', 'D', 'C', 'B'], ['B', 'D', 'A', 'C'], ['A', 'D', 'C', 'B']]","{'A': 4, 'C': 4, 'D': 4, 'B': 3}","[0.75, 1.0, 0.75]",3.96
95,"[1, 3, 5]","[3, 4, 3]","[0.58, 0.79, 0.58]","[['A', 'D', 'C', 'B'], ['B', 'D', 'A', 'C'], ['C', 'A', 'D', 'B']]","{'A': 4, 'C': 4, 'D': 4, 'B': 3}","[0.75, 1.0, 0.75]",3.96
95,"[1, 3, 5]","[3, 4, 3]","[0.58, 0.79, 0.58]","[['A', 'D', 'C', 'B'], ['B', 'D', 'A', 'C'], ['C', 'D', 'A', 'B']]","{'A': 4, 'C': 4, 'D': 4, 'B': 3}","[0.75, 1.0, 0.75]",3.96
95,"[1, 3, 5]","[3, 4, 3]","[0.58, 0.79, 0.58]","[['A', 'D', 'C', 'B'], ['B', 'D', 'A', 'C'], ['D', 'A', 'C', 'B']]","{'A': 4, 'C': 4, 'D': 4, 'B': 3}","[0.75, 1.0, 0.75]",3.96
95,"[1, 3, 5]","[3, 4, 3]","[0.58, 0.79, 0.58]","[['A', 'D', 'C', 'B'], ['B', 'D', 'A', 'C'], ['D', 'C', 'A', 'B']]","{'A': 4, 'C': 4, 'D': 4, 'B': 3}","[0.75, 1.0, 0.75]",3.96
95,"[1, 3, 5]","[3, 4, 3]","[0.58, 0.79, 0.58]","[['A', 'D', 'C', 'B'], ['C', 'A', 'D', 'B'], ['A', 'B', 'D', 'C']]","{'A': 4, 'C': 4, 'D': 4, 'B': 3}","[0.75, 1.0, 0.75]",3.96
95,"[1, 3, 5]","[3, 4, 3]","[0.58, 0.79, 0.58]","[['A', 'D', 'C', 'B'], ['C', 'A', 'D', 'B'], ['A', 'D', 'B', 'C']]","{'A': 4, 'C': 4, 'D': 4, 'B': 3}","[0.75, 1.0, 0.75]",3.96
95,"[1, 3, 5]","[3, 4, 3]","[0.58, 0.79, 0.58]","[['A', 'D', 'C', 'B'], ['C', 'A', 'D', 'B'], ['B', 'A', 'D', 'C']]","{'A': 4, 'C': 4, 'D': 4, 'B': 3}","[0.75, 1.0, 0.75]",3.96
95,"[1, 3, 5]","[3, 4, 3]","[0.58, 0.79, 0.58]","[['A', 'D', 'C', 'B'], ['C', 'A', 'D', 'B'], ['B', 'D', 'A', 'C']]","{'A': 4, 'C': 4, 'D': 4, 'B': 3}","[0.75, 1.0, 0.75]",3.96
95,"[1, 3, 5]","[3, 4, 3]","[0.58, 0.79, 0.58]","[['A', 'D', 'C', 'B'], ['C', 'A', 'D', 'B'], ['D', 'A', 'B', 'C']]","{'A': 4, 'C': 4, 'D': 4, 'B': 3}","[0.75, 1.0, 0.75]",3.96
95,"[1, 3, 5]","[3, 4, 3]","[0.58, 0.79, 0.58]","[['A', 'D', 'C', 'B'], ['C', 'A', 'D', 'B'], ['D', 'B', 'A', 'C']]","{'A': 4, 'C': 4, 'D': 4, 'B': 3}","[0.75, 1.0, 0.75]",3.96
95,"[1, 3, 5]","[3, 4, 3]","[0.58, 0.79, 0.58]","[['A', 'D', 'C', 'B'], ['C', 'D', 'A', 'B'], ['A', 'B', 'D', 'C']]","{'A': 4, 'C': 4, 'D': 4, 'B': 3}","[0.75, 1.0, 0.75]",3.96
95,"[1, 3, 5]","[3, 4, 3]","[0.58, 0.79, 0.58]","[['A', 'D', 'C', 'B'], ['C', 'D', 'A', 'B'], ['A', 'D', 'B', 'C']]","{'A': 4, 'C': 4, 'D': 4, 'B': 3}","[0.75, 1.0, 0.75]",3.96
95,"[1, 3, 5]","[3, 4, 3]","[0.58, 0.79, 0.58]","[['A', 'D', 'C', 'B'], ['C', 'D', 'A', 'B'], ['B', 'A', 'D', 'C']]","{'A': 4, 'C': 4, 'D': 4, 'B': 3}","[0.75, 1.0, 0.75]",3.96
95,"[1, 3, 5]","[3, 4, 3]","[0.58, 0.79, 0.58]","[['A', 'D', 'C', 'B'], ['C', 'D', 'A', 'B'], ['B', 'D', 'A', 'C']]","{'A': 4, 'C': 4, 'D': 4, 'B': 3}","[0.75, 1.0, 0.75]",3.96
95,"[1, 3, 5]","[3, 4, 3]","[0.58, 0.79, 0.58]","[['A', 'D', 'C', 'B'], ['C', 'D', 'A', 'B'], ['D', 'A', 'B', 'C']]","{'A': 4, 'C': 4, 'D': 4, 'B': 3}","[0.75, 1.0, 0.75]",3.96
95,"[1, 3, 5]","[3, 4, 3]","[0.58, 0.79, 0.58]","[['A', 'D', 'C', 'B'], ['C', 'D', 'A', 'B'], ['D', 'B', 'A', 'C']]","{'A': 4, 'C': 4, 'D': 4, 'B': 3}","[0.75, 1.0, 0.75]",3.96
95,"[1, 3, 5]","[3, 4, 3]","[0.58, 0.79, 0.58]","[['A', 'D', 'C', 'B'], ['D', 'A', 'B', 'C'], ['A', 'C', 'D', 'B']]","{'A': 4, 'C': 4, 'D': 4, 'B': 3}","[0.75, 1.0, 0.75]",3.96
95,"[1, 3, 5]","[3, 4, 3]","[0.58, 0.79, 0.58]","[['A', 'D', 'C', 'B'], ['D', 'A', 'B', 'C'], ['A', 'D', 'C', 'B']]","{'A': 4, 'C': 4, 'D': 4, 'B': 3}","[0.75, 1.0, 0.75]",3.96
95,"[1, 3, 5]","[3, 4, 3]","[0.58, 0.79, 0.58]","[['A', 'D', 'C', 'B'], ['D', 'A', 'B', 'C'], ['C', 'A', 'D', 'B']]","{'A': 4, 'C': 4, 'D': 4, 'B': 3}","[0.75, 1.0, 0.75]",3.96
95,"[1, 3, 5]","[3, 4, 3]","[0.58, 0.79, 0.58]","[['A', 'D', 'C', 'B'], ['D', 'A', 'B', 'C'], ['C', 'D', 'A', 'B']]","{'A': 4, 'C': 4, 'D': 4, 'B': 3}","[0.75, 1.0, 0.75]",3.96
95,"[1, 3, 5]","[3, 4, 3]","[0.58, 0.79, 0.58]","[['A', 'D', 'C', 'B'], ['D', 'A', 'B', 'C'], ['D', 'A', 'C', 'B']]","{'A': 4, 'C': 4, 'D': 4, 'B': 3}","[0.75, 1.0, 0.75]",3.96
95,"[1, 3, 5]","[3, 4, 3]","[0.58, 0.79, 0.58]","[['A', 'D', 'C', 'B'], ['D', 'A', 'B', 'C'], ['D', 'C', 'A', 'B']]","{'A': 4, 'C': 4, 'D': 4, 'B': 3}","[0.75, 1.0, 0.75]",3.96
95,"[1, 3, 5]","[3, 4, 3]","[0.58, 0.79, 0.58]","[['A', 'D', 'C', 'B'], ['D', 'A', 'C', 'B'], ['A', 'B', 'D', 'C']]","{'A': 4, 'C': 4, 'D': 4, 'B': 3}","[0.75, 1.0, 0.75]",3.96
95,"[1, 3, 5]","[3, 4, 3]","[0.58, 0.79, 0.58]","[['A', 'D', 'C', 'B'], ['D', 'A', 'C', 'B'], ['A', 'D', 'B', 'C']]","{'A': 4, 'C': 4, 'D': 4, 'B': 3}","[0.75, 1.0, 0.75]",3.96
95,"[1, 3, 5]","[3, 4, 3]","[0.58, 0.79, 0.58]","[['A', 'D', 'C', 'B'], ['D', 'A', 'C', 'B'], ['B', 'A', 'D', 'C']]","{'A': 4, 'C': 4, 'D': 4, 'B': 3}","[0.75, 1.0, 0.75]",3.96
95,"[1, 3, 5]","[3, 4, 3]","[0.58, 0.79, 0.58]","[['A', 'D', 'C', 'B'], ['D', 'A', 'C', 'B'], ['B', 'D', 'A', 'C']]","{'A': 4, 'C': 4, 'D': 4, 'B': 3}","[0.75, 1.0, 0.75]",3.96
95,"[1, 3, 5]","[3, 4, 3]","[0.58, 0.79, 0.58]","[['A', 'D', 'C', 'B'], ['D', 'A', 'C', 'B'], ['D', 'A', 'B', 'C']]","{'A': 4, 'C': 4, 'D': 4, 'B': 3}","[0.75, 1.0, 0.75]",3.96
95,"[1, 3, 5]","[3, 4, 3]","[0.58, 0.79, 0.58]","[['A', 'D', 'C', 'B'], ['D', 'A', 'C', 'B'], ['D', 'B', 'A', 'C']]","{'A': 4, 'C': 4, 'D': 4, 'B': 3}","[0.75, 1.0, 0.75]",3.96
95,"[1, 3, 5]","[3, 4, 3]","[0.58, 0.79, 0.58]","[['A', 'D', 'C', 'B'], ['D', 'B', 'A', 'C'], ['A', 'C', 'D', 'B']]","{'A': 4, 'C': 4, 'D': 4, 'B': 3}","[0.75, 1.0, 0.75]",3.96
95,"[1, 3, 5]","[3, 4, 3]","[0.58, 0.79, 0.58]","[['A', 'D', 'C', 'B'], ['D', 'B', 'A', 'C'], ['A', 'D', 'C', 'B']]","{'A': 4, 'C': 4, 'D': 4, 'B': 3}","[0.75, 1.0, 0.75]",3.96
95,"[1, 3, 5]","[3, 4, 3]","[0.58, 0.79, 0.58]","[['A', 'D', 'C', 'B'], ['D', 'B', 'A', 'C'], ['C', 'A', 'D', 'B']]","{'A': 4, 'C': 4, 'D': 4, 'B': 3}","[0.75, 1.0, 0.75]",3.96
95,"[1, 3, 5]","[3, 4, 3]","[0.58, 0.79, 0.58]","[['A', 'D', 'C', 'B'], ['D', 'B', 'A', 'C'], ['C', 'D', 'A', 'B']]","{'A': 4, 'C': 4, 'D': 4, 'B': 3}","[0.75, 1.0, 0.75]",3.96
95,"[1, 3, 5]","[3, 4, 3]","[0.58, 0.79, 0.58]","[['A', 'D', 'C', 'B'], ['D', 'B', 'A', 'C'], ['D', 'A', 'C', 'B']]","{'A': 4, 'C': 4, 'D': 4, 'B': 3}","[0.75, 1.0, 0.75]",3.96
95,"[1, 3, 5]","[3, 4, 3]","[0.58, 0.79, 0.58]","[['A', 'D', 'C', 'B'], ['D', 'B', 'A', 'C'], ['D', 'C', 'A', 'B']]","{'A': 4, 'C': 4, 'D': 4, 'B': 3}","[0.75, 1.0, 0.75]",3.96
95,"[1, 3, 5]","[3, 4, 3]","[0.58, 0.79, 0.58]","[['A', 'D', 'C', 'B'], ['D', 'C', 'A', 'B'], ['A', 'B', 'D', 'C']]","{'A': 4, 'C': 4, 'D': 4, 'B': 3}","[0.75, 1.0, 0.75]",3.96
95,"[1, 3, 5]","[3, 4, 3]","[0.58, 0.79, 0.58]","[['A', 'D', 'C', 'B'], ['D', 'C', 'A', 'B'], ['A', 'D', 'B', 'C']]","{'A': 4, 'C': 4, 'D': 4, 'B': 3}","[0.75, 1.0, 0.75]",3.96
95,"[1, 3, 5]","[3, 4, 3]","[0.58, 0.79, 0.58]","[['A', 'D', 'C', 'B'], ['D', 'C', 'A', 'B'], ['B', 'A', 'D', 'C']]","{'A': 4, 'C': 4, 'D': 4, 'B': 3}","[0.75, 1.0, 0.75]",3.96
95,"[1, 3, 5]","[3, 4, 3]","[0.58, 0.79, 0.58]","[['A', 'D', 'C', 'B'], ['D', 'C', 'A', 'B'], ['B', 'D', 'A', 'C']]","{'A': 4, 'C': 4, 'D': 4, 'B': 3}","[0.75, 1.0, 0.75]",3.96
95,"[1, 3, 5]","[3, 4, 3]","[0.58, 0.79, 0.58]","[['A', 'D', 'C', 'B'], ['D', 'C', 'A', 'B'], ['D', 'A', 'B', 'C']]","{'A': 4, 'C': 4, 'D': 4, 'B': 3}","[0.75, 1.0, 0.75]",3.96
95,"[1, 3, 5]","[3, 4, 3]","[0.58, 0.79, 0.58]","[['A', 'D', 'C', 'B'], ['D', 'C', 'A', 'B'], ['D', 'B', 'A', 'C']]","{'A': 4, 'C': 4, 'D': 4, 'B': 3}","[0.75, 1.0, 0.75]",3.96
95,"[1, 3, 5]","[3, 4, 3]","[0.58, 0.79, 0.58]","[['B', 'A', 'D', 'C'], ['A', 'C', 'D', 'B'], ['A', 'C', 'D', 'B']]","{'A': 4, 'C': 4, 'D': 4, 'B': 3}","[0.75, 1.0, 0.75]",3.96
95,"[1, 3, 5]","[3, 4, 3]","[0.58, 0.79, 0.58]","[['B', 'A', 'D', 'C'], ['A', 'C', 'D', 'B'], ['A', 'D', 'C', 'B']]","{'A': 4, 'C': 4, 'D': 4, 'B': 3}","[0.75, 1.0, 0.75]",3.96
95,"[1, 3, 5]","[3, 4, 3]","[0.58, 0.79, 0.58]","[['B', 'A', 'D', 'C'], ['A', 'C', 'D', 'B'], ['C', 'A', 'D', 'B']]","{'A': 4, 'C': 4, 'D': 4, 'B': 3}","[0.75, 1.0, 0.75]",3.96
95,"[1, 3, 5]","[3, 4, 3]","[0.58, 0.79, 0.58]","[['B', 'A', 'D', 'C'], ['A', 'C', 'D', 'B'], ['C', 'D', 'A', 'B']]","{'A': 4, 'C': 4, 'D': 4, 'B': 3}","[0.75, 1.0, 0.75]",3.96
95,"[1, 3, 5]","[3, 4, 3]","[0.58, 0.79, 0.58]","[['B', 'A', 'D', 'C'], ['A', 'C', 'D', 'B'], ['D', 'A', 'C', 'B']]","{'A': 4, 'C': 4, 'D': 4, 'B': 3}","[0.75, 1.0, 0.75]",3.96
95,"[1, 3, 5]","[3, 4, 3]","[0.58, 0.79, 0.58]","[['B', 'A', 'D', 'C'], ['A', 'C', 'D', 'B'], ['D', 'C', 'A', 'B']]","{'A': 4, 'C': 4, 'D': 4, 'B': 3}","[0.75, 1.0, 0.75]",3.96
95,"[1, 3, 5]","[3, 4, 3]","[0.58, 0.79, 0.58]","[['B', 'A', 'D', 'C'], ['A', 'D', 'C', 'B'], ['A', 'C', 'D', 'B']]","{'A': 4, 'C': 4, 'D': 4, 'B': 3}","[0.75, 1.0, 0.75]",3.96
95,"[1, 3, 5]","[3, 4, 3]","[0.58, 0.79, 0.58]","[['B', 'A', 'D', 'C'], ['A', 'D', 'C', 'B'], ['A', 'D', 'C', 'B']]","{'A': 4, 'C': 4, 'D': 4, 'B': 3}","[0.75, 1.0, 0.75]",3.96
95,"[1, 3, 5]","[3, 4, 3]","[0.58, 0.79, 0.58]","[['B', 'A', 'D', 'C'], ['A', 'D', 'C', 'B'], ['C', 'A', 'D', 'B']]","{'A': 4, 'C': 4, 'D': 4, 'B': 3}","[0.75, 1.0, 0.75]",3.96
95,"[1, 3, 5]","[3, 4, 3]","[0.58, 0.79, 0.58]","[['B', 'A', 'D', 'C'], ['A', 'D', 'C', 'B'], ['C', 'D', 'A', 'B']]","{'A': 4, 'C': 4, 'D': 4, 'B': 3}","[0.75, 1.0, 0.75]",3.96
95,"[1, 3, 5]","[3, 4, 3]","[0.58, 0.79, 0.58]","[['B', 'A', 'D', 'C'], ['A', 'D', 'C', 'B'], ['D', 'A', 'C', 'B']]","{'A': 4, 'C': 4, 'D': 4, 'B': 3}","[0.75, 1.0, 0.75]",3.96
95,"[1, 3, 5]","[3, 4, 3]","[0.58, 0.79, 0.58]","[['B', 'A', 'D', 'C'], ['A', 'D', 'C', 'B'], ['D', 'C', 'A', 'B']]","{'A': 4, 'C': 4, 'D': 4, 'B': 3}","[0.75, 1.0, 0.75]",3.96
95,"[1, 3, 5]","[3, 4, 3]","[0.58, 0.79, 0.58]","[['B', 'A', 'D', 'C'], ['C', 'A', 'D', 'B'], ['A', 'C', 'D', 'B']]","{'A': 4, 'C': 4, 'D': 4, 'B': 3}","[0.75, 1.0, 0.75]",3.96
95,"[1, 3, 5]","[3, 4, 3]","[0.58, 0.79, 0.58]","[['B', 'A', 'D', 'C'], ['C', 'A', 'D', 'B'], ['A', 'D', 'C', 'B']]","{'A': 4, 'C': 4, 'D': 4, 'B': 3}","[0.75, 1.0, 0.75]",3.96
95,"[1, 3, 5]","[3, 4, 3]","[0.58, 0.79, 0.58]","[['B', 'A', 'D', 'C'], ['C', 'A', 'D', 'B'], ['C', 'A', 'D', 'B']]","{'A': 4, 'C': 4, 'D': 4, 'B': 3}","[0.75, 1.0, 0.75]",3.96
95,"[1, 3, 5]","[3, 4, 3]","[0.58, 0.79, 0.58]","[['B', 'A', 'D', 'C'], ['C', 'A', 'D', 'B'], ['C', 'D', 'A', 'B']]","{'A': 4, 'C': 4, 'D': 4, 'B': 3}","[0.75, 1.0, 0.75]",3.96
95,"[1, 3, 5]","[3, 4, 3]","[0.58, 0.79, 0.58]","[['B', 'A', 'D', 'C'], ['C', 'A', 'D', 'B'], ['D', 'A', 'C', 'B']]","{'A': 4, 'C': 4, 'D': 4, 'B': 3}","[0.75, 1.0, 0.75]",3.96
95,"[1, 3, 5]","[3, 4, 3]","[0.58, 0.79, 0.58]","[['B', 'A', 'D', 'C'], ['C', 'A', 'D', 'B'], ['D', 'C', 'A', 'B']]","{'A': 4, 'C': 4, 'D': 4, 'B': 3}","[0.75, 1.0, 0.75]",3.96
95,"[1, 3, 5]","[3, 4, 3]","[0.58, 0.79, 0.58]","[['B', 'A', 'D', 'C'], ['C', 'D', 'A', 'B'], ['A', 'C', 'D', 'B']]","{'A': 4, 'C': 4, 'D': 4, 'B': 3}","[0.75, 1.0, 0.75]",3.96
95,"[1, 3, 5]","[3, 4, 3]","[0.58, 0.79, 0.58]","[['B', 'A', 'D', 'C'], ['C', 'D', 'A', 'B'], ['A', 'D', 'C', 'B']]","{'A': 4, 'C': 4, 'D': 4, 'B': 3}","[0.75, 1.0, 0.75]",3.96
95,"[1, 3, 5]","[3, 4, 3]","[0.58, 0.79, 0.58]","[['B', 'A', 'D', 'C'], ['C', 'D', 'A', 'B'], ['C', 'A', 'D', 'B']]","{'A': 4, 'C': 4, 'D': 4, 'B': 3}","[0.75, 1.0, 0.75]",3.96
95,"[1, 3, 5]","[3, 4, 3]","[0.58, 0.79, 0.58]","[['B', 'A', 'D', 'C'], ['C', 'D', 'A', 'B'], ['C', 'D', 'A', 'B']]","{'A': 4, 'C': 4, 'D': 4, 'B': 3}","[0.75, 1.0, 0.75]",3.96
95,"[1, 3, 5]","[3, 4, 3]","[0.58, 0.79, 0.58]","[['B', 'A', 'D', 'C'], ['C', 'D', 'A', 'B'], ['D', 'A', 'C', 'B']]","{'A': 4, 'C': 4, 'D': 4, 'B': 3}","[0.75, 1.0, 0.75]",3.96
95,"[1, 3, 5]","[3, 4, 3]","[0.58, 0.79, 0.58]","[['B', 'A', 'D', 'C'], ['C', 'D', 'A', 'B'], ['D', 'C', 'A', 'B']]","{'A': 4, 'C': 4, 'D': 4, 'B': 3}","[0.75, 1.0, 0.75]",3.96
95,"[1, 3, 5]","[3, 4, 3]","[0.58, 0.79, 0.58]","[['B', 'A', 'D', 'C'], ['D', 'A', 'C', 'B'], ['A', 'C', 'D', 'B']]","{'A': 4, 'C': 4, 'D': 4, 'B': 3}","[0.75, 1.0, 0.75]",3.96
95,"[1, 3, 5]","[3, 4, 3]","[0.58, 0.79, 0.58]","[['B', 'A', 'D', 'C'], ['D', 'A', 'C', 'B'], ['A', 'D', 'C', 'B']]","{'A': 4, 'C': 4, 'D': 4, 'B': 3}","[0.75, 1.0, 0.75]",3.96
95,"[1, 3, 5]","[3, 4, 3]","[0.58, 0.79, 0.58]","[['B', 'A', 'D', 'C'], ['D', 'A', 'C', 'B'], ['C', 'A', 'D', 'B']]","{'A': 4, 'C': 4, 'D': 4, 'B': 3}","[0.75, 1.0, 0.75]",3.96
95,"[1, 3, 5]","[3, 4, 3]","[0.58, 0.79, 0.58]","[['B', 'A', 'D', 'C'], ['D', 'A', 'C', 'B'], ['C', 'D', 'A', 'B']]","{'A': 4, 'C': 4, 'D': 4, 'B': 3}","[0.75, 1.0, 0.75]",3.96
95,"[1, 3, 5]","[3, 4, 3]","[0.58, 0.79, 0.58]","[['B', 'A', 'D', 'C'], ['D', 'A', 'C', 'B'], ['D', 'A', 'C', 'B']]","{'A': 4, 'C': 4, 'D': 4, 'B': 3}","[0.75, 1.0, 0.75]",3.96
95,"[1, 3, 5]","[3, 4, 3]","[0.58, 0.79, 0.58]","[['B', 'A', 'D', 'C'], ['D', 'A', 'C', 'B'], ['D', 'C', 'A', 'B']]","{'A': 4, 'C': 4, 'D': 4, 'B': 3}","[0.75, 1.0, 0.75]",3.96
95,"[1, 3, 5]","[3, 4, 3]","[0.58, 0.79, 0.58]","[['B', 'A', 'D', 'C'], ['D', 'C', 'A', 'B'], ['A', 'C', 'D', 'B']]","{'A': 4, 'C': 4, 'D': 4, 'B': 3}","[0.75, 1.0, 0.75]",3.96
95,"[1, 3, 5]","[3, 4, 3]","[0.58, 0.79, 0.58]","[['B', 'A', 'D', 'C'], ['D', 'C', 'A', 'B'], ['A', 'D', 'C', 'B']]","{'A': 4, 'C': 4, 'D': 4, 'B': 3}","[0.75, 1.0, 0.75]",3.96
95,"[1, 3, 5]","[3, 4, 3]","[0.58, 0.79, 0.58]","[['B', 'A', 'D', 'C'], ['D', 'C', 'A', 'B'], ['C', 'A', 'D', 'B']]","{'A': 4, 'C': 4, 'D': 4, 'B': 3}","[0.75, 1.0, 0.75]",3.96
95,"[1, 3, 5]","[3, 4, 3]","[0.58, 0.79, 0.58]","[['B', 'A', 'D', 'C'], ['D', 'C', 'A', 'B'], ['C', 'D', 'A', 'B']]","{'A': 4, 'C': 4, 'D': 4, 'B': 3}","[0.75, 1.0, 0.75]",3.96
95,"[1, 3, 5]","[3, 4, 3]","[0.58, 0.79, 0.58]","[['B', 'A', 'D', 'C'], ['D', 'C', 'A', 'B'], ['D', 'A', 'C', 'B']]","{'A': 4, 'C': 4, 'D': 4, 'B': 3}","[0.75, 1.0, 0.75]",3.96
95,"[1, 3, 5]","[3, 4, 3]","[0.58, 0.79, 0.58]","[['B', 'A', 'D', 'C'], ['D', 'C', 'A', 'B'], ['D', 'C', 'A', 'B']]","{'A': 4, 'C': 4, 'D': 4, 'B': 3}","[0.75, 1.0, 0.75]",3.96
95,"[1, 3, 5]","[3, 4, 3]","[0.58, 0.79, 0.58]","[['B', 'D', 'A', 'C'], ['A', 'C', 'D', 'B'], ['A', 'C', 'D', 'B']]","{'A': 4, 'C': 4, 'D': 4, 'B': 3}","[0.75, 1.0, 0.75]",3.96
95,"[1, 3, 5]","[3, 4, 3]","[0.58, 0.79, 0.58]","[['B', 'D', 'A', 'C'], ['A', 'C', 'D', 'B'], ['A', 'D', 'C', 'B']]","{'A': 4, 'C': 4, 'D': 4, 'B': 3}","[0.75, 1.0, 0.75]",3.96
95,"[1, 3, 5]","[3, 4, 3]","[0.58, 0.79, 0.58]","[['B', 'D', 'A', 'C'], ['A', 'C', 'D', 'B'], ['C', 'A', 'D', 'B']]","{'A': 4, 'C': 4, 'D': 4, 'B': 3}","[0.75, 1.0, 0.75]",3.96
95,"[1, 3, 5]","[3, 4, 3]","[0.58, 0.79, 0.58]","[['B', 'D', 'A', 'C'], ['A', 'C', 'D', 'B'], ['C', 'D', 'A', 'B']]","{'A': 4, 'C': 4, 'D': 4, 'B': 3}","[0.75, 1.0, 0.75]",3.96
95,"[1, 3, 5]","[3, 4, 3]","[0.58, 0.79, 0.58]","[['B', 'D', 'A', 'C'], ['A', 'C', 'D', 'B'], ['D', 'A', 'C', 'B']]","{'A': 4, 'C': 4, 'D': 4, 'B': 3}","[0.75, 1.0, 0.75]",3.96
95,"[1, 3, 5]","[3, 4, 3]","[0.58, 0.79, 0.58]","[['B', 'D', 'A', 'C'], ['A', 'C', 'D', 'B'], ['D', 'C', 'A', 'B']]","{'A': 4, 'C': 4, 'D': 4, 'B': 3}","[0.75, 1.0, 0.75]",3.96
95,"[1, 3, 5]","[3, 4, 3]","[0.58, 0.79, 0.58]","[['B', 'D', 'A', 'C'], ['A', 'D', 'C', 'B'], ['A', 'C', 'D', 'B']]","{'A': 4, 'C': 4, 'D': 4, 'B': 3}","[0.75, 1.0, 0.75]",3.96
95,"[1, 3, 5]","[3, 4, 3]","[0.58, 0.79, 0.58]","[['B', 'D', 'A', 'C'], ['A', 'D', 'C', 'B'], ['A', 'D', 'C', 'B']]","{'A': 4, 'C': 4, 'D': 4, 'B': 3}","[0.75, 1.0, 0.75]",3.96
95,"[1, 3, 5]","[3, 4, 3]","[0.58, 0.79, 0.58]","[['B', 'D', 'A', 'C'], ['A', 'D', 'C', 'B'], ['C', 'A', 'D', 'B']]","{'A': 4, 'C': 4, 'D': 4, 'B': 3}","[0.75, 1.0, 0.75]",3.96
95,"[1, 3, 5]","[3, 4, 3]","[0.58, 0.79, 0.58]","[['B', 'D', 'A', 'C'], ['A', 'D', 'C', 'B'], ['C', 'D', 'A', 'B']]","{'A': 4, 'C': 4, 'D': 4, 'B': 3}","[0.75, 1.0, 0.75]",3.96
95,"[1, 3, 5]","[3, 4, 3]","[0.58, 0.79, 0.58]","[['B', 'D', 'A', 'C'], ['A', 'D', 'C', 'B'], ['D', 'A', 'C', 'B']]","{'A': 4, 'C': 4, 'D': 4, 'B': 3}","[0.75, 1.0, 0.75]",3.96
95,"[1, 3, 5]","[3, 4, 3]","[0.58, 0.79, 0.58]","[['B', 'D', 'A', 'C'], ['A', 'D', 'C', 'B'], ['D', 'C', 'A', 'B']]","{'A': 4, 'C': 4, 'D': 4, 'B': 3}","[0.75, 1.0, 0.75]",3.96
95,"[1, 3, 5]","[3, 4, 3]","[0.58, 0.79, 0.58]","[['B', 'D', 'A', 'C'], ['C', 'A', 'D', 'B'], ['A', 'C', 'D', 'B']]","{'A': 4, 'C': 4, 'D': 4, 'B': 3}","[0.75, 1.0, 0.75]",3.96
95,"[1, 3, 5]","[3, 4, 3]","[0.58, 0.79, 0.58]","[['B', 'D', 'A', 'C'], ['C', 'A', 'D', 'B'], ['A', 'D', 'C', 'B']]","{'A': 4, 'C': 4, 'D': 4, 'B': 3}","[0.75, 1.0, 0.75]",3.96
95,"[1, 3, 5]","[3, 4, 3]","[0.58, 0.79, 0.58]","[['B', 'D', 'A', 'C'], ['C', 'A', 'D', 'B'], ['C', 'A', 'D', 'B']]","{'A': 4, 'C': 4, 'D': 4, 'B': 3}","[0.75, 1.0, 0.75]",3.96
95,"[1, 3, 5]","[3, 4, 3]","[0.58, 0.79, 0.58]","[['B', 'D', 'A', 'C'], ['C', 'A', 'D', 'B'], ['C', 'D', 'A', 'B']]","{'A': 4, 'C': 4, 'D': 4, 'B': 3}","[0.75, 1.0, 0.75]",3.96
95,"[1, 3, 5]","[3, 4, 3]","[0.58, 0.79, 0.58]","[['B', 'D', 'A', 'C'], ['C', 'A', 'D', 'B'], ['D', 'A', 'C', 'B']]","{'A': 4, 'C': 4, 'D': 4, 'B': 3}","[0.75, 1.0, 0.75]",3.96
95,"[1, 3, 5]","[3, 4, 3]","[0.58, 0.79, 0.58]","[['B', 'D', 'A', 'C'], ['C', 'A', 'D', 'B'], ['D', 'C', 'A', 'B']]","{'A': 4, 'C': 4, 'D': 4, 'B': 3}","[0.75, 1.0, 0.75]",3.96
95,"[1, 3, 5]","[3, 4, 3]","[0.58, 0.79, 0.58]","[['B', 'D', 'A', 'C'], ['C', 'D', 'A', 'B'], ['A', 'C', 'D', 'B']]","{'A': 4, 'C': 4, 'D': 4, 'B': 3}","[0.75, 1.0, 0.75]",3.96
95,"[1, 3, 5]","[3, 4, 3]","[0.58, 0.79, 0.58]","[['B', 'D', 'A', 'C'], ['C', 'D', 'A', 'B'], ['A', 'D', 'C', 'B']]","{'A': 4, 'C': 4, 'D': 4, 'B': 3}","[0.75, 1.0, 0.75]",3.96
95,"[1, 3, 5]","[3, 4, 3]","[0.58, 0.79, 0.58]","[['B', 'D', 'A', 'C'], ['C', 'D', 'A', 'B'], ['C', 'A', 'D', 'B']]","{'A': 4, 'C': 4, 'D': 4, 'B': 3}","[0.75, 1.0, 0.75]",3.96
95,"[1, 3, 5]","[3, 4, 3]","[0.58, 0.79, 0.58]","[['B', 'D', 'A', 'C'], ['C', 'D', 'A', 'B'], ['C', 'D', 'A', 'B']]","{'A': 4, 'C': 4, 'D': 4, 'B': 3}","[0.75, 1.0, 0.75]",3.96
95,"[1, 3, 5]","[3, 4, 3]","[0.58, 0.79, 0.58]","[['B', 'D', 'A', 'C'], ['C', 'D', 'A', 'B'], ['D', 'A', 'C', 'B']]","{'A': 4, 'C': 4, 'D': 4, 'B': 3}","[0.75, 1.0, 0.75]",3.96
95,"[1, 3, 5]","[3, 4, 3]","[0.58, 0.79, 0.58]","[['B', 'D', 'A', 'C'], ['C', 'D', 'A', 'B'], ['D', 'C', 'A', 'B']]","{'A': 4, 'C': 4, 'D': 4, 'B': 3}","[0.75, 1.0, 0.75]",3.96
95,"[1, 3, 5]","[3, 4, 3]","[0.58, 0.79, 0.58]","[['B', 'D', 'A', 'C'], ['D', 'A', 'C', 'B'], ['A', 'C', 'D', 'B']]","{'A': 4, 'C': 4, 'D': 4, 'B': 3}","[0.75, 1.0, 0.75]",3.96
95,"[1, 3, 5]","[3, 4, 3]","[0.58, 0.79, 0.58]","[['B', 'D', 'A', 'C'], ['D', 'A', 'C', 'B'], ['A', 'D', 'C', 'B']]","{'A': 4, 'C': 4, 'D': 4, 'B': 3}","[0.75, 1.0, 0.75]",3.96
95,"[1, 3, 5]","[3, 4, 3]","[0.58, 0.79, 0.58]","[['B', 'D', 'A', 'C'], ['D', 'A', 'C', 'B'], ['C', 'A', 'D', 'B']]","{'A': 4, 'C': 4, 'D': 4, 'B': 3}","[0.75, 1.0, 0.75]",3.96
95,"[1, 3, 5]","[3, 4, 3]","[0.58, 0.79, 0.58]","[['B', 'D', 'A', 'C'], ['D', 'A', 'C', 'B'], ['C', 'D', 'A', 'B']]","{'A': 4, 'C': 4, 'D': 4, 'B': 3}","[0.75, 1.0, 0.75]",3.96
95,"[1, 3, 5]","[3, 4, 3]","[0.58, 0.79, 0.58]","[['B', 'D', 'A', 'C'], ['D', 'A', 'C', 'B'], ['D', 'A', 'C', 'B']]","{'A': 4, 'C': 4, 'D': 4, 'B': 3}","[0.75, 1.0, 0.75]",3.96
95,"[1, 3, 5]","[3, 4, 3]","[0.58, 0.79, 0.58]","[['B', 'D', 'A', 'C'], ['D', 'A', 'C', 'B'], ['D', 'C', 'A', 'B']]","{'A': 4, 'C': 4, 'D': 4, 'B': 3}","[0.75, 1.0, 0.75]",3.96
95,"[1, 3, 5]","[3, 4, 3]","[0.58, 0.79, 0.58]","[['B', 'D', 'A', 'C'], ['D', 'C', 'A', 'B'], ['A', 'C', 'D', 'B']]","{'A': 4, 'C': 4, 'D': 4, 'B': 3}","[0.75, 1.0, 0.75]",3.96
95,"[1, 3, 5]","[3, 4, 3]","[0.58, 0.79, 0.58]","[['B', 'D', 'A', 'C'], ['D', 'C', 'A', 'B'], ['A', 'D', 'C', 'B']]","{'A': 4, 'C': 4, 'D': 4, 'B': 3}","[0.75, 1.0, 0.75]",3.96
95,"[1, 3, 5]","[3, 4, 3]","[0.58, 0.79, 0.58]","[['B', 'D', 'A', 'C'], ['D', 'C', 'A', 'B'], ['C', 'A', 'D', 'B']]","{'A': 4, 'C': 4, 'D': 4, 'B': 3}","[0.75, 1.0, 0.75]",3.96
95,"[1, 3, 5]","[3, 4, 3]","[0.58, 0.79, 0.58]","[['B', 'D', 'A', 'C'], ['D', 'C', 'A', 'B'], ['C', 'D', 'A', 'B']]","{'A': 4, 'C': 4, 'D': 4, 'B': 3}","[0.75, 1.0, 0.75]",3.96
95,"[1, 3, 5]","[3, 4, 3]","[0.58, 0.79, 0.58]","[['B', 'D', 'A', 'C'], ['D', 'C', 'A', 'B'], ['D', 'A', 'C', 'B']]","{'A': 4, 'C': 4, 'D': 4, 'B': 3}","[0.75, 1.0, 0.75]",3.96
95,"[1, 3, 5]","[3, 4, 3]","[0.58, 0.79, 0.58]","[['B', 'D', 'A', 'C'], ['D', 'C', 'A', 'B'], ['D', 'C', 'A', 'B']]","{'A': 4, 'C': 4, 'D': 4, 'B': 3}","[0.75, 1.0, 0.75]",3.96
95,"[1, 3, 5]","[3, 4, 3]","[0.58, 0.79, 0.58]","[['C', 'A', 'D', 'B'], ['A', 'B', 'D', 'C'], ['A', 'C', 'D', 'B']]","{'A': 4, 'C': 4, 'D': 4, 'B': 3}","[0.75, 1.0, 0.75]",3.96
95,"[1, 3, 5]","[3, 4, 3]","[0.58, 0.79, 0.58]","[['C', 'A', 'D', 'B'], ['A', 'B', 'D', 'C'], ['A', 'D', 'C', 'B']]","{'A': 4, 'C': 4, 'D': 4, 'B': 3}","[0.75, 1.0, 0.75]",3.96
95,"[1, 3, 5]","[3, 4, 3]","[0.58, 0.79, 0.58]","[['C', 'A', 'D', 'B'], ['A', 'B', 'D', 'C'], ['C', 'A', 'D', 'B']]","{'A': 4, 'C': 4, 'D': 4, 'B': 3}","[0.75, 1.0, 0.75]",3.96
95,"[1, 3, 5]","[3, 4, 3]","[0.58, 0.79, 0.58]","[['C', 'A', 'D', 'B'], ['A', 'B', 'D', 'C'], ['C', 'D', 'A', 'B']]","{'A': 4, 'C': 4, 'D': 4, 'B': 3}","[0.75, 1.0, 0.75]",3.96
95,"[1, 3, 5]","[3, 4, 3]","[0.58, 0.79, 0.58]","[['C', 'A', 'D', 'B'], ['A', 'B', 'D', 'C'], ['D', 'A', 'C', 'B']]","{'A': 4, 'C': 4, 'D': 4, 'B': 3}","[0.75, 1.0, 0.75]",3.96
95,"[1, 3, 5]","[3, 4, 3]","[0.58, 0.79, 0.58]","[['C', 'A', 'D', 'B'], ['A', 'B', 'D', 'C'], ['D', 'C', 'A', 'B']]","{'A': 4, 'C': 4, 'D': 4, 'B': 3}","[0.75, 1.0, 0.75]",3.96
95,"[1, 3, 5]","[3, 4, 3]","[0.58, 0.79, 0.58]","[['C', 'A', 'D', 'B'], ['A', 'C', 'D', 'B'], ['A', 'B', 'D', 'C']]","{'A': 4, 'C': 4, 'D': 4, 'B': 3}","[0.75, 1.0, 0.75]",3.96
95,"[1, 3, 5]","[3, 4, 3]","[0.58, 0.79, 0.58]","[['C', 'A', 'D', 'B'], ['A', 'C', 'D', 'B'], ['A', 'D', 'B', 'C']]","{'A': 4, 'C': 4, 'D': 4, 'B': 3}","[0.75, 1.0, 0.75]",3.96
95,"[1, 3, 5]","[3, 4, 3]","[0.58, 0.79, 0.58]","[['C', 'A', 'D', 'B'], ['A', 'C', 'D', 'B'], ['B', 'A', 'D', 'C']]","{'A': 4, 'C': 4, 'D': 4, 'B': 3}","[0.75, 1.0, 0.75]",3.96
95,"[1, 3, 5]","[3, 4, 3]","[0.58, 0.79, 0.58]","[['C', 'A', 'D', 'B'], ['A', 'C', 'D', 'B'], ['B', 'D', 'A', 'C']]","{'A': 4, 'C': 4, 'D': 4, 'B': 3}","[0.75, 1.0, 0.75]",3.96
95,"[1, 3, 5]","[3, 4, 3]","[0.58, 0.79, 0.58]","[['C', 'A', 'D', 'B'], ['A', 'C', 'D', 'B'], ['D', 'A', 'B', 'C']]","{'A': 4, 'C': 4, 'D': 4, 'B': 3}","[0.75, 1.0, 0.75]",3.96
95,"[1, 3, 5]","[3, 4, 3]","[0.58, 0.79, 0.58]","[['C', 'A', 'D', 'B'], ['A', 'C', 'D', 'B'], ['D', 'B', 'A', 'C']]","{'A': 4, 'C': 4, 'D': 4, 'B': 3}","[0.75, 1.0, 0.75]",3.96
95,"[1, 3, 5]","[3, 4, 3]","[0.58, 0.79, 0.58]","[['C', 'A', 'D', 'B'], ['A', 'D', 'B', 'C'], ['A', 'C', 'D', 'B']]","{'A': 4, 'C': 4, 'D': 4, 'B': 3}","[0.75, 1.0, 0.75]",3.96
95,"[1, 3, 5]","[3, 4, 3]","[0.58, 0.79, 0.58]","[['C', 'A', 'D', 'B'], ['A', 'D', 'B', 'C'], ['A', 'D', 'C', 'B']]","{'A': 4, 'C': 4, 'D': 4, 'B': 3}","[0.75, 1.0, 0.75]",3.96
95,"[1, 3, 5]","[3, 4, 3]","[0.58, 0.79, 0.58]","[['C', 'A', 'D', 'B'], ['A', 'D', 'B', 'C'], ['C', 'A', 'D', 'B']]","{'A': 4, 'C': 4, 'D': 4, 'B': 3}","[0.75, 1.0, 0.75]",3.96
95,"[1, 3, 5]","[3, 4, 3]","[0.58, 0.79, 0.58]","[['C', 'A', 'D', 'B'], ['A', 'D', 'B', 'C'], ['C', 'D', 'A', 'B']]","{'A': 4, 'C': 4, 'D': 4, 'B': 3}","[0.75, 1.0, 0.75]",3.96
95,"[1, 3, 5]","[3, 4, 3]","[0.58, 0.79, 0.58]","[['C', 'A', 'D', 'B'], ['A', 'D', 'B', 'C'], ['D', 'A', 'C', 'B']]","{'A': 4, 'C': 4, 'D': 4, 'B': 3}","[0.75, 1.0, 0.75]",3.96
95,"[1, 3, 5]","[3, 4, 3]","[0.58, 0.79, 0.58]","[['C', 'A', 'D', 'B'], ['A', 'D', 'B', 'C'], ['D', 'C', 'A', 'B']]","{'A': 4, 'C': 4, 'D': 4, 'B': 3}","[0.75, 1.0, 0.75]",3.96
95,"[1, 3, 5]","[3, 4, 3]","[0.58, 0.79, 0.58]","[['C', 'A', 'D', 'B'], ['A', 'D', 'C', 'B'], ['A', 'B', 'D', 'C']]","{'A': 4, 'C': 4, 'D': 4, 'B': 3}","[0.75, 1.0, 0.75]",3.96
95,"[1, 3, 5]","[3, 4, 3]","[0.58, 0.79, 0.58]","[['C', 'A', 'D', 'B'], ['A', 'D', 'C', 'B'], ['A', 'D', 'B', 'C']]","{'A': 4, 'C': 4, 'D': 4, 'B': 3}","[0.75, 1.0, 0.75]",3.96
95,"[1, 3, 5]","[3, 4, 3]","[0.58, 0.79, 0.58]","[['C', 'A', 'D', 'B'], ['A', 'D', 'C', 'B'], ['B', 'A', 'D', 'C']]","{'A': 4, 'C': 4, 'D': 4, 'B': 3}","[0.75, 1.0, 0.75]",3.96
95,"[1, 3, 5]","[3, 4, 3]","[0.58, 0.79, 0.58]","[['C', 'A', 'D', 'B'], ['A', 'D', 'C', 'B'], ['B', 'D', 'A', 'C']]","{'A': 4, 'C': 4, 'D': 4, 'B': 3}","[0.75, 1.0, 0.75]",3.96
95,"[1, 3, 5]","[3, 4, 3]","[0.58, 0.79, 0.58]","[['C', 'A', 'D', 'B'], ['A', 'D', 'C', 'B'], ['D', 'A', 'B', 'C']]","{'A': 4, 'C': 4, 'D': 4, 'B': 3}","[0.75, 1.0, 0.75]",3.96
95,"[1, 3, 5]","[3, 4, 3]","[0.58, 0.79, 0.58]","[['C', 'A', 'D', 'B'], ['A', 'D', 'C', 'B'], ['D', 'B', 'A', 'C']]","{'A': 4, 'C': 4, 'D': 4, 'B': 3}","[0.75, 1.0, 0.75]",3.96
95,"[1, 3, 5]","[3, 4, 3]","[0.58, 0.79, 0.58]","[['C', 'A', 'D', 'B'], ['B', 'A', 'D', 'C'], ['A', 'C', 'D', 'B']]","{'A': 4, 'C': 4, 'D': 4, 'B': 3}","[0.75, 1.0, 0.75]",3.96
95,"[1, 3, 5]","[3, 4, 3]","[0.58, 0.79, 0.58]","[['C', 'A', 'D', 'B'], ['B', 'A', 'D', 'C'], ['A', 'D', 'C', 'B']]","{'A': 4, 'C': 4, 'D': 4, 'B': 3}","[0.75, 1.0, 0.75]",3.96
95,"[1, 3, 5]","[3, 4, 3]","[0.58, 0.79, 0.58]","[['C', 'A', 'D', 'B'], ['B', 'A', 'D', 'C'], ['C', 'A', 'D', 'B']]","{'A': 4, 'C': 4, 'D': 4, 'B': 3}","[0.75, 1.0, 0.75]",3.96
95,"[1, 3, 5]","[3, 4, 3]","[0.58, 0.79, 0.58]","[['C', 'A', 'D', 'B'], ['B', 'A', 'D', 'C'], ['C', 'D', 'A', 'B']]","{'A': 4, 'C': 4, 'D': 4, 'B': 3}","[0.75, 1.0, 0.75]",3.96
95,"[1, 3, 5]","[3, 4, 3]","[0.58, 0.79, 0.58]","[['C', 'A', 'D', 'B'], ['B', 'A', 'D', 'C'], ['D', 'A', 'C', 'B']]","{'A': 4, 'C': 4, 'D': 4, 'B': 3}","[0.75, 1.0, 0.75]",3.96
95,"[1, 3, 5]","[3, 4, 3]","[0.58, 0.79, 0.58]","[['C', 'A', 'D', 'B'], ['B', 'A', 'D', 'C'], ['D', 'C', 'A', 'B']]","{'A': 4, 'C': 4, 'D': 4, 'B': 3}","[0.75, 1.0, 0.75]",3.96
95,"[1, 3, 5]","[3, 4, 3]","[0.58, 0.79, 0.58]","[['C', 'A', 'D', 'B'], ['B', 'D', 'A', 'C'], ['A', 'C', 'D', 'B']]","{'A': 4, 'C': 4, 'D': 4, 'B': 3}","[0.75, 1.0, 0.75]",3.96
95,"[1, 3, 5]","[3, 4, 3]","[0.58, 0.79, 0.58]","[['C', 'A', 'D', 'B'], ['B', 'D', 'A', 'C'], ['A', 'D', 'C', 'B']]","{'A': 4, 'C': 4, 'D': 4, 'B': 3}","[0.75, 1.0, 0.75]",3.96
95,"[1, 3, 5]","[3, 4, 3]","[0.58, 0.79, 0.58]","[['C', 'A', 'D', 'B'], ['B', 'D', 'A', 'C'], ['C', 'A', 'D', 'B']]","{'A': 4, 'C': 4, 'D': 4, 'B': 3}","[0.75, 1.0, 0.75]",3.96
95,"[1, 3, 5]","[3, 4, 3]","[0.58, 0.79, 0.58]","[['C', 'A', 'D', 'B'], ['B', 'D', 'A', 'C'], ['C', 'D', 'A', 'B']]","{'A': 4, 'C': 4, 'D': 4, 'B': 3}","[0.75, 1.0, 0.75]",3.96
95,"[1, 3, 5]","[3, 4, 3]","[0.58, 0.79, 0.58]","[['C', 'A', 'D', 'B'], ['B', 'D', 'A', 'C'], ['D', 'A', 'C', 'B']]","{'A': 4, 'C': 4, 'D': 4, 'B': 3}","[0.75, 1.0, 0.75]",3.96
95,"[1, 3, 5]","[3, 4, 3]","[0.58, 0.79, 0.58]","[['C', 'A', 'D', 'B'], ['B', 'D', 'A', 'C'], ['D', 'C', 'A', 'B']]","{'A': 4, 'C': 4, 'D': 4, 'B': 3}","[0.75, 1.0, 0.75]",3.96
95,"[1, 3, 5]","[3, 4, 3]","[0.58, 0.79, 0.58]","[['C', 'A', 'D', 'B'], ['C', 'A', 'D', 'B'], ['A', 'B', 'D', 'C']]","{'A': 4, 'C': 4, 'D': 4, 'B': 3}","[0.75, 1.0, 0.75]",3.96
95,"[1, 3, 5]","[3, 4, 3]","[0.58, 0.79, 0.58]","[['C', 'A', 'D', 'B'], ['C', 'A', 'D', 'B'], ['A', 'D', 'B', 'C']]","{'A': 4, 'C': 4, 'D': 4, 'B': 3}","[0.75, 1.0, 0.75]",3.96
95,"[1, 3, 5]","[3, 4, 3]","[0.58, 0.79, 0.58]","[['C', 'A', 'D', 'B'], ['C', 'A', 'D', 'B'], ['B', 'A', 'D', 'C']]","{'A': 4, 'C': 4, 'D': 4, 'B': 3}","[0.75, 1.0, 0.75]",3.96
95,"[1, 3, 5]","[3, 4, 3]","[0.58, 0.79, 0.58]","[['C', 'A', 'D', 'B'], ['C', 'A', 'D', 'B'], ['B', 'D', 'A', 'C']]","{'A': 4, 'C': 4, 'D': 4, 'B': 3}","[0.75, 1.0, 0.75]",3.96
95,"[1, 3, 5]","[3, 4, 3]","[0.58, 0.79, 0.58]","[['C', 'A', 'D', 'B'], ['C', 'A', 'D', 'B'], ['D', 'A', 'B', 'C']]","{'A': 4, 'C': 4, 'D': 4, 'B': 3}","[0.75, 1.0, 0.75]",3.96
95,"[1, 3, 5]","[3, 4, 3]","[0.58, 0.79, 0.58]","[['C', 'A', 'D', 'B'], ['C', 'A', 'D', 'B'], ['D', 'B', 'A', 'C']]","{'A': 4, 'C': 4, 'D': 4, 'B': 3}","[0.75, 1.0, 0.75]",3.96
95,"[1, 3, 5]","[3, 4, 3]","[0.58, 0.79, 0.58]","[['C', 'A', 'D', 'B'], ['C', 'D', 'A', 'B'], ['A', 'B', 'D', 'C']]","{'A': 4, 'C': 4, 'D': 4, 'B': 3}","[0.75, 1.0, 0.75]",3.96
95,"[1, 3, 5]","[3, 4, 3]","[0.58, 0.79, 0.58]","[['C', 'A', 'D', 'B'], ['C', 'D', 'A', 'B'], ['A', 'D', 'B', 'C']]","{'A': 4, 'C': 4, 'D': 4, 'B': 3}","[0.75, 1.0, 0.75]",3.96
95,"[1, 3, 5]","[3, 4, 3]","[0.58, 0.79, 0.58]","[['C', 'A', 'D', 'B'], ['C', 'D', 'A', 'B'], ['B', 'A', 'D', 'C']]","{'A': 4, 'C': 4, 'D': 4, 'B': 3}","[0.75, 1.0, 0.75]",3.96
95,"[1, 3, 5]","[3, 4, 3]","[0.58, 0.79, 0.58]","[['C', 'A', 'D', 'B'], ['C', 'D', 'A', 'B'], ['B', 'D', 'A', 'C']]","{'A': 4, 'C': 4, 'D': 4, 'B': 3}","[0.75, 1.0, 0.75]",3.96
95,"[1, 3, 5]","[3, 4, 3]","[0.58, 0.79, 0.58]","[['C', 'A', 'D', 'B'], ['C', 'D', 'A', 'B'], ['D', 'A', 'B', 'C']]","{'A': 4, 'C': 4, 'D': 4, 'B': 3}","[0.75, 1.0, 0.75]",3.96
95,"[1, 3, 5]","[3, 4, 3]","[0.58, 0.79, 0.58]","[['C', 'A', 'D', 'B'], ['C', 'D', 'A', 'B'], ['D', 'B', 'A', 'C']]","{'A': 4, 'C': 4, 'D': 4, 'B': 3}","[0.75, 1.0, 0.75]",3.96
95,"[1, 3, 5]","[3, 4, 3]","[0.58, 0.79, 0.58]","[['C', 'A', 'D', 'B'], ['D', 'A', 'B', 'C'], ['A', 'C', 'D', 'B']]","{'A': 4, 'C': 4, 'D': 4, 'B': 3}","[0.75, 1.0, 0.75]",3.96
95,"[1, 3, 5]","[3, 4, 3]","[0.58, 0.79, 0.58]","[['C', 'A', 'D', 'B'], ['D', 'A', 'B', 'C'], ['A', 'D', 'C', 'B']]","{'A': 4, 'C': 4, 'D': 4, 'B': 3}","[0.75, 1.0, 0.75]",3.96
95,"[1, 3, 5]","[3, 4, 3]","[0.58, 0.79, 0.58]","[['C', 'A', 'D', 'B'], ['D', 'A', 'B', 'C'], ['C', 'A', 'D', 'B']]","{'A': 4, 'C': 4, 'D': 4, 'B': 3}","[0.75, 1.0, 0.75]",3.96
95,"[1, 3, 5]","[3, 4, 3]","[0.58, 0.79, 0.58]","[['C', 'A', 'D', 'B'], ['D', 'A', 'B', 'C'], ['C', 'D', 'A', 'B']]","{'A': 4, 'C': 4, 'D': 4, 'B': 3}","[0.75, 1.0, 0.75]",3.96
95,"[1, 3, 5]","[3, 4, 3]","[0.58, 0.79, 0.58]","[['C', 'A', 'D', 'B'], ['D', 'A', 'B', 'C'], ['D', 'A', 'C', 'B']]","{'A': 4, 'C': 4, 'D': 4, 'B': 3}","[0.75, 1.0, 0.75]",3.96
95,"[1, 3, 5]","[3, 4, 3]","[0.58, 0.79, 0.58]","[['C', 'A', 'D', 'B'], ['D', 'A', 'B', 'C'], ['D', 'C', 'A', 'B']]","{'A': 4, 'C': 4, 'D': 4, 'B': 3}","[0.75, 1.0, 0.75]",3.96
95,"[1, 3, 5]","[3, 4, 3]","[0.58, 0.79, 0.58]","[['C', 'A', 'D', 'B'], ['D', 'A', 'C', 'B'], ['A', 'B', 'D', 'C']]","{'A': 4, 'C': 4, 'D': 4, 'B': 3}","[0.75, 1.0, 0.75]",3.96
95,"[1, 3, 5]","[3, 4, 3]","[0.58, 0.79, 0.58]","[['C', 'A', 'D', 'B'], ['D', 'A', 'C', 'B'], ['A', 'D', 'B', 'C']]","{'A': 4, 'C': 4, 'D': 4, 'B': 3}","[0.75, 1.0, 0.75]",3.96
95,"[1, 3, 5]","[3, 4, 3]","[0.58, 0.79, 0.58]","[['C', 'A', 'D', 'B'], ['D', 'A', 'C', 'B'], ['B', 'A', 'D', 'C']]","{'A': 4, 'C': 4, 'D': 4, 'B': 3}","[0.75, 1.0, 0.75]",3.96
95,"[1, 3, 5]","[3, 4, 3]","[0.58, 0.79, 0.58]","[['C', 'A', 'D', 'B'], ['D', 'A', 'C', 'B'], ['B', 'D', 'A', 'C']]","{'A': 4, 'C': 4, 'D': 4, 'B': 3}","[0.75, 1.0, 0.75]",3.96
95,"[1, 3, 5]","[3, 4, 3]","[0.58, 0.79, 0.58]","[['C', 'A', 'D', 'B'], ['D', 'A', 'C', 'B'], ['D', 'A', 'B', 'C']]","{'A': 4, 'C': 4, 'D': 4, 'B': 3}","[0.75, 1.0, 0.75]",3.96
95,"[1, 3, 5]","[3, 4, 3]","[0.58, 0.79, 0.58]","[['C', 'A', 'D', 'B'], ['D', 'A', 'C', 'B'], ['D', 'B', 'A', 'C']]","{'A': 4, 'C': 4, 'D': 4, 'B': 3}","[0.75, 1.0, 0.75]",3.96
95,"[1, 3, 5]","[3, 4, 3]","[0.58, 0.79, 0.58]","[['C', 'A', 'D', 'B'], ['D', 'B', 'A', 'C'], ['A', 'C', 'D', 'B']]","{'A': 4, 'C': 4, 'D': 4, 'B': 3}","[0.75, 1.0, 0.75]",3.96
95,"[1, 3, 5]","[3, 4, 3]","[0.58, 0.79, 0.58]","[['C', 'A', 'D', 'B'], ['D', 'B', 'A', 'C'], ['A', 'D', 'C', 'B']]","{'A': 4, 'C': 4, 'D': 4, 'B': 3}","[0.75, 1.0, 0.75]",3.96
95,"[1, 3, 5]","[3, 4, 3]","[0.58, 0.79, 0.58]","[['C', 'A', 'D', 'B'], ['D', 'B', 'A', 'C'], ['C', 'A', 'D', 'B']]","{'A': 4, 'C': 4, 'D': 4, 'B': 3}","[0.75, 1.0, 0.75]",3.96
95,"[1, 3, 5]","[3, 4, 3]","[0.58, 0.79, 0.58]","[['C', 'A', 'D', 'B'], ['D', 'B', 'A', 'C'], ['C', 'D', 'A', 'B']]","{'A': 4, 'C': 4, 'D': 4, 'B': 3}","[0.75, 1.0, 0.75]",3.96
95,"[1, 3, 5]","[3, 4, 3]","[0.58, 0.79, 0.58]","[['C', 'A', 'D', 'B'], ['D', 'B', 'A', 'C'], ['D', 'A', 'C', 'B']]","{'A': 4, 'C': 4, 'D': 4, 'B': 3}","[0.75, 1.0, 0.75]",3.96
95,"[1, 3, 5]","[3, 4, 3]","[0.58, 0.79, 0.58]","[['C', 'A', 'D', 'B'], ['D', 'B', 'A', 'C'], ['D', 'C', 'A', 'B']]","{'A': 4, 'C': 4, 'D': 4, 'B': 3}","[0.75, 1.0, 0.75]",3.96
95,"[1, 3, 5]","[3, 4, 3]","[0.58, 0.79, 0.58]","[['C', 'A', 'D', 'B'], ['D', 'C', 'A', 'B'], ['A', 'B', 'D', 'C']]","{'A': 4, 'C': 4, 'D': 4, 'B': 3}","[0.75, 1.0, 0.75]",3.96
95,"[1, 3, 5]","[3, 4, 3]","[0.58, 0.79, 0.58]","[['C', 'A', 'D', 'B'], ['D', 'C', 'A', 'B'], ['A', 'D', 'B', 'C']]","{'A': 4, 'C': 4, 'D': 4, 'B': 3}","[0.75, 1.0, 0.75]",3.96
95,"[1, 3, 5]","[3, 4, 3]","[0.58, 0.79, 0.58]","[['C', 'A', 'D', 'B'], ['D', 'C', 'A', 'B'], ['B', 'A', 'D', 'C']]","{'A': 4, 'C': 4, 'D': 4, 'B': 3}","[0.75, 1.0, 0.75]",3.96
95,"[1, 3, 5]","[3, 4, 3]","[0.58, 0.79, 0.58]","[['C', 'A', 'D', 'B'], ['D', 'C', 'A', 'B'], ['B', 'D', 'A', 'C']]","{'A': 4, 'C': 4, 'D': 4, 'B': 3}","[0.75, 1.0, 0.75]",3.96
95,"[1, 3, 5]","[3, 4, 3]","[0.58, 0.79, 0.58]","[['C', 'A', 'D', 'B'], ['D', 'C', 'A', 'B'], ['D', 'A', 'B', 'C']]","{'A': 4, 'C': 4, 'D': 4, 'B': 3}","[0.75, 1.0, 0.75]",3.96
95,"[1, 3, 5]","[3, 4, 3]","[0.58, 0.79, 0.58]","[['C', 'A', 'D', 'B'], ['D', 'C', 'A', 'B'], ['D', 'B', 'A', 'C']]","{'A': 4, 'C': 4, 'D': 4, 'B': 3}","[0.75, 1.0, 0.75]",3.96
95,"[1, 3, 5]","[3, 4, 3]","[0.58, 0.79, 0.58]","[['C', 'D', 'A', 'B'], ['A', 'B', 'D', 'C'], ['A', 'C', 'D', 'B']]","{'A': 4, 'C': 4, 'D': 4, 'B': 3}","[0.75, 1.0, 0.75]",3.96
95,"[1, 3, 5]","[3, 4, 3]","[0.58, 0.79, 0.58]","[['C', 'D', 'A', 'B'], ['A', 'B', 'D', 'C'], ['A', 'D', 'C', 'B']]","{'A': 4, 'C': 4, 'D': 4, 'B': 3}","[0.75, 1.0, 0.75]",3.96
95,"[1, 3, 5]","[3, 4, 3]","[0.58, 0.79, 0.58]","[['C', 'D', 'A', 'B'], ['A', 'B', 'D', 'C'], ['C', 'A', 'D', 'B']]","{'A': 4, 'C': 4, 'D': 4, 'B': 3}","[0.75, 1.0, 0.75]",3.96
95,"[1, 3, 5]","[3, 4, 3]","[0.58, 0.79, 0.58]","[['C', 'D', 'A', 'B'], ['A', 'B', 'D', 'C'], ['C', 'D', 'A', 'B']]","{'A': 4, 'C': 4, 'D': 4, 'B': 3}","[0.75, 1.0, 0.75]",3.96
95,"[1, 3, 5]","[3, 4, 3]","[0.58, 0.79, 0.58]","[['C', 'D', 'A', 'B'], ['A', 'B', 'D', 'C'], ['D', 'A', 'C', 'B']]","{'A': 4, 'C': 4, 'D': 4, 'B': 3}","[0.75, 1.0, 0.75]",3.96
95,"[1, 3, 5]","[3, 4, 3]","[0.58, 0.79, 0.58]","[['C', 'D', 'A', 'B'], ['A', 'B', 'D', 'C'], ['D', 'C', 'A', 'B']]","{'A': 4, 'C': 4, 'D': 4, 'B': 3}","[0.75, 1.0, 0.75]",3.96
95,"[1, 3, 5]","[3, 4, 3]","[0.58, 0.79, 0.58]","[['C', 'D', 'A', 'B'], ['A', 'C', 'D', 'B'], ['A', 'B', 'D', 'C']]","{'A': 4, 'C': 4, 'D': 4, 'B': 3}","[0.75, 1.0, 0.75]",3.96
95,"[1, 3, 5]","[3, 4, 3]","[0.58, 0.79, 0.58]","[['C', 'D', 'A', 'B'], ['A', 'C', 'D', 'B'], ['A', 'D', 'B', 'C']]","{'A': 4, 'C': 4, 'D': 4, 'B': 3}","[0.75, 1.0, 0.75]",3.96
95,"[1, 3, 5]","[3, 4, 3]","[0.58, 0.79, 0.58]","[['C', 'D', 'A', 'B'], ['A', 'C', 'D', 'B'], ['B', 'A', 'D', 'C']]","{'A': 4, 'C': 4, 'D': 4, 'B': 3}","[0.75, 1.0, 0.75]",3.96
95,"[1, 3, 5]","[3, 4, 3]","[0.58, 0.79, 0.58]","[['C', 'D', 'A', 'B'], ['A', 'C', 'D', 'B'], ['B', 'D', 'A', 'C']]","{'A': 4, 'C': 4, 'D': 4, 'B': 3}","[0.75, 1.0, 0.75]",3.96
95,"[1, 3, 5]","[3, 4, 3]","[0.58, 0.79, 0.58]","[['C', 'D', 'A', 'B'], ['A', 'C', 'D', 'B'], ['D', 'A', 'B', 'C']]","{'A': 4, 'C': 4, 'D': 4, 'B': 3}","[0.75, 1.0, 0.75]",3.96
95,"[1, 3, 5]","[3, 4, 3]","[0.58, 0.79, 0.58]","[['C', 'D', 'A', 'B'], ['A', 'C', 'D', 'B'], ['D', 'B', 'A', 'C']]","{'A': 4, 'C': 4, 'D': 4, 'B': 3}","[0.75, 1.0, 0.75]",3.96
95,"[1, 3, 5]","[3, 4, 3]","[0.58, 0.79, 0.58]","[['C', 'D', 'A', 'B'], ['A', 'D', 'B', 'C'], ['A', 'C', 'D', 'B']]","{'A': 4, 'C': 4, 'D': 4, 'B': 3}","[0.75, 1.0, 0.75]",3.96
95,"[1, 3, 5]","[3, 4, 3]","[0.58, 0.79, 0.58]","[['C', 'D', 'A', 'B'], ['A', 'D', 'B', 'C'], ['A', 'D', 'C', 'B']]","{'A': 4, 'C': 4, 'D': 4, 'B': 3}","[0.75, 1.0, 0.75]",3.96
95,"[1, 3, 5]","[3, 4, 3]","[0.58, 0.79, 0.58]","[['C', 'D', 'A', 'B'], ['A', 'D', 'B', 'C'], ['C', 'A', 'D', 'B']]","{'A': 4, 'C': 4, 'D': 4, 'B': 3}","[0.75, 1.0, 0.75]",3.96
95,"[1, 3, 5]","[3, 4, 3]","[0.58, 0.79, 0.58]","[['C', 'D', 'A', 'B'], ['A', 'D', 'B', 'C'], ['C', 'D', 'A', 'B']]","{'A': 4, 'C': 4, 'D': 4, 'B': 3}","[0.75, 1.0, 0.75]",3.96
95,"[1, 3, 5]","[3, 4, 3]","[0.58, 0.79, 0.58]","[['C', 'D', 'A', 'B'], ['A', 'D', 'B', 'C'], ['D', 'A', 'C', 'B']]","{'A': 4, 'C': 4, 'D': 4, 'B': 3}","[0.75, 1.0, 0.75]",3.96
95,"[1, 3, 5]","[3, 4, 3]","[0.58, 0.79, 0.58]","[['C', 'D', 'A', 'B'], ['A', 'D', 'B', 'C'], ['D', 'C', 'A', 'B']]","{'A': 4, 'C': 4, 'D': 4, 'B': 3}","[0.75, 1.0, 0.75]",3.96
95,"[1, 3, 5]","[3, 4, 3]","[0.58, 0.79, 0.58]","[['C', 'D', 'A', 'B'], ['A', 'D', 'C', 'B'], ['A', 'B', 'D', 'C']]","{'A': 4, 'C': 4, 'D': 4, 'B': 3}","[0.75, 1.0, 0.75]",3.96
95,"[1, 3, 5]","[3, 4, 3]","[0.58, 0.79, 0.58]","[['C', 'D', 'A', 'B'], ['A', 'D', 'C', 'B'], ['A', 'D', 'B', 'C']]","{'A': 4, 'C': 4, 'D': 4, 'B': 3}","[0.75, 1.0, 0.75]",3.96
95,"[1, 3, 5]","[3, 4, 3]","[0.58, 0.79, 0.58]","[['C', 'D', 'A', 'B'], ['A', 'D', 'C', 'B'], ['B', 'A', 'D', 'C']]","{'A': 4, 'C': 4, 'D': 4, 'B': 3}","[0.75, 1.0, 0.75]",3.96
95,"[1, 3, 5]","[3, 4, 3]","[0.58, 0.79, 0.58]","[['C', 'D', 'A', 'B'], ['A', 'D', 'C', 'B'], ['B', 'D', 'A', 'C']]","{'A': 4, 'C': 4, 'D': 4, 'B': 3}","[0.75, 1.0, 0.75]",3.96
95,"[1, 3, 5]","[3, 4, 3]","[0.58, 0.79, 0.58]","[['C', 'D', 'A', 'B'], ['A', 'D', 'C', 'B'], ['D', 'A', 'B', 'C']]","{'A': 4, 'C': 4, 'D': 4, 'B': 3}","[0.75, 1.0, 0.75]",3.96
95,"[1, 3, 5]","[3, 4, 3]","[0.58, 0.79, 0.58]","[['C', 'D', 'A', 'B'], ['A', 'D', 'C', 'B'], ['D', 'B', 'A', 'C']]","{'A': 4, 'C': 4, 'D': 4, 'B': 3}","[0.75, 1.0, 0.75]",3.96
95,"[1, 3, 5]","[3, 4, 3]","[0.58, 0.79, 0.58]","[['C', 'D', 'A', 'B'], ['B', 'A', 'D', 'C'], ['A', 'C', 'D', 'B']]","{'A': 4, 'C': 4, 'D': 4, 'B': 3}","[0.75, 1.0, 0.75]",3.96
95,"[1, 3, 5]","[3, 4, 3]","[0.58, 0.79, 0.58]","[['C', 'D', 'A', 'B'], ['B', 'A', 'D', 'C'], ['A', 'D', 'C', 'B']]","{'A': 4, 'C': 4, 'D': 4, 'B': 3}","[0.75, 1.0, 0.75]",3.96
95,"[1, 3, 5]","[3, 4, 3]","[0.58, 0.79, 0.58]","[['C', 'D', 'A', 'B'], ['B', 'A', 'D', 'C'], ['C', 'A', 'D', 'B']]","{'A': 4, 'C': 4, 'D': 4, 'B': 3}","[0.75, 1.0, 0.75]",3.96
95,"[1, 3, 5]","[3, 4, 3]","[0.58, 0.79, 0.58]","[['C', 'D', 'A', 'B'], ['B', 'A', 'D', 'C'], ['C', 'D', 'A', 'B']]","{'A': 4, 'C': 4, 'D': 4, 'B': 3}","[0.75, 1.0, 0.75]",3.96
95,"[1, 3, 5]","[3, 4, 3]","[0.58, 0.79, 0.58]","[['C', 'D', 'A', 'B'], ['B', 'A', 'D', 'C'], ['D', 'A', 'C', 'B']]","{'A': 4, 'C': 4, 'D': 4, 'B': 3}","[0.75, 1.0, 0.75]",3.96
95,"[1, 3, 5]","[3, 4, 3]","[0.58, 0.79, 0.58]","[['C', 'D', 'A', 'B'], ['B', 'A', 'D', 'C'], ['D', 'C', 'A', 'B']]","{'A': 4, 'C': 4, 'D': 4, 'B': 3}","[0.75, 1.0, 0.75]",3.96
95,"[1, 3, 5]","[3, 4, 3]","[0.58, 0.79, 0.58]","[['C', 'D', 'A', 'B'], ['B', 'D', 'A', 'C'], ['A', 'C', 'D', 'B']]","{'A': 4, 'C': 4, 'D': 4, 'B': 3}","[0.75, 1.0, 0.75]",3.96
95,"[1, 3, 5]","[3, 4, 3]","[0.58, 0.79, 0.58]","[['C', 'D', 'A', 'B'], ['B', 'D', 'A', 'C'], ['A', 'D', 'C', 'B']]","{'A': 4, 'C': 4, 'D': 4, 'B': 3}","[0.75, 1.0, 0.75]",3.96
95,"[1, 3, 5]","[3, 4, 3]","[0.58, 0.79, 0.58]","[['C', 'D', 'A', 'B'], ['B', 'D', 'A', 'C'], ['C', 'A', 'D', 'B']]","{'A': 4, 'C': 4, 'D': 4, 'B': 3}","[0.75, 1.0, 0.75]",3.96
95,"[1, 3, 5]","[3, 4, 3]","[0.58, 0.79, 0.58]","[['C', 'D', 'A', 'B'], ['B', 'D', 'A', 'C'], ['C', 'D', 'A', 'B']]","{'A': 4, 'C': 4, 'D': 4, 'B': 3}","[0.75, 1.0, 0.75]",3.96
95,"[1, 3, 5]","[3, 4, 3]","[0.58, 0.79, 0.58]","[['C', 'D', 'A', 'B'], ['B', 'D', 'A', 'C'], ['D', 'A', 'C', 'B']]","{'A': 4, 'C': 4, 'D': 4, 'B': 3}","[0.75, 1.0, 0.75]",3.96
95,"[1, 3, 5]","[3, 4, 3]","[0.58, 0.79, 0.58]","[['C', 'D', 'A', 'B'], ['B', 'D', 'A', 'C'], ['D', 'C', 'A', 'B']]","{'A': 4, 'C': 4, 'D': 4, 'B': 3}","[0.75, 1.0, 0.75]",3.96
95,"[1, 3, 5]","[3, 4, 3]","[0.58, 0.79, 0.58]","[['C', 'D', 'A', 'B'], ['C', 'A', 'D', 'B'], ['A', 'B', 'D', 'C']]","{'A': 4, 'C': 4, 'D': 4, 'B': 3}","[0.75, 1.0, 0.75]",3.96
95,"[1, 3, 5]","[3, 4, 3]","[0.58, 0.79, 0.58]","[['C', 'D', 'A', 'B'], ['C', 'A', 'D', 'B'], ['A', 'D', 'B', 'C']]","{'A': 4, 'C': 4, 'D': 4, 'B': 3}","[0.75, 1.0, 0.75]",3.96
95,"[1, 3, 5]","[3, 4, 3]","[0.58, 0.79, 0.58]","[['C', 'D', 'A', 'B'], ['C', 'A', 'D', 'B'], ['B', 'A', 'D', 'C']]","{'A': 4, 'C': 4, 'D': 4, 'B': 3}","[0.75, 1.0, 0.75]",3.96
95,"[1, 3, 5]","[3, 4, 3]","[0.58, 0.79, 0.58]","[['C', 'D', 'A', 'B'], ['C', 'A', 'D', 'B'], ['B', 'D', 'A', 'C']]","{'A': 4, 'C': 4, 'D': 4, 'B': 3}","[0.75, 1.0, 0.75]",3.96
95,"[1, 3, 5]","[3, 4, 3]","[0.58, 0.79, 0.58]","[['C', 'D', 'A', 'B'], ['C', 'A', 'D', 'B'], ['D', 'A', 'B', 'C']]","{'A': 4, 'C': 4, 'D': 4, 'B': 3}","[0.75, 1.0, 0.75]",3.96
95,"[1, 3, 5]","[3, 4, 3]","[0.58, 0.79, 0.58]","[['C', 'D', 'A', 'B'], ['C', 'A', 'D', 'B'], ['D', 'B', 'A', 'C']]","{'A': 4, 'C': 4, 'D': 4, 'B': 3}","[0.75, 1.0, 0.75]",3.96
95,"[1, 3, 5]","[3, 4, 3]","[0.58, 0.79, 0.58]","[['C', 'D', 'A', 'B'], ['C', 'D', 'A', 'B'], ['A', 'B', 'D', 'C']]","{'A': 4, 'C': 4, 'D': 4, 'B': 3}","[0.75, 1.0, 0.75]",3.96
95,"[1, 3, 5]","[3, 4, 3]","[0.58, 0.79, 0.58]","[['C', 'D', 'A', 'B'], ['C', 'D', 'A', 'B'], ['A', 'D', 'B', 'C']]","{'A': 4, 'C': 4, 'D': 4, 'B': 3}","[0.75, 1.0, 0.75]",3.96
95,"[1, 3, 5]","[3, 4, 3]","[0.58, 0.79, 0.58]","[['C', 'D', 'A', 'B'], ['C', 'D', 'A', 'B'], ['B', 'A', 'D', 'C']]","{'A': 4, 'C': 4, 'D': 4, 'B': 3}","[0.75, 1.0, 0.75]",3.96
95,"[1, 3, 5]","[3, 4, 3]","[0.58, 0.79, 0.58]","[['C', 'D', 'A', 'B'], ['C', 'D', 'A', 'B'], ['B', 'D', 'A', 'C']]","{'A': 4, 'C': 4, 'D': 4, 'B': 3}","[0.75, 1.0, 0.75]",3.96
95,"[1, 3, 5]","[3, 4, 3]","[0.58, 0.79, 0.58]","[['C', 'D', 'A', 'B'], ['C', 'D', 'A', 'B'], ['D', 'A', 'B', 'C']]","{'A': 4, 'C': 4, 'D': 4, 'B': 3}","[0.75, 1.0, 0.75]",3.96
95,"[1, 3, 5]","[3, 4, 3]","[0.58, 0.79, 0.58]","[['C', 'D', 'A', 'B'], ['C', 'D', 'A', 'B'], ['D', 'B', 'A', 'C']]","{'A': 4, 'C': 4, 'D': 4, 'B': 3}","[0.75, 1.0, 0.75]",3.96
95,"[1, 3, 5]","[3, 4, 3]","[0.58, 0.79, 0.58]","[['C', 'D', 'A', 'B'], ['D', 'A', 'B', 'C'], ['A', 'C', 'D', 'B']]","{'A': 4, 'C': 4, 'D': 4, 'B': 3}","[0.75, 1.0, 0.75]",3.96
95,"[1, 3, 5]","[3, 4, 3]","[0.58, 0.79, 0.58]","[['C', 'D', 'A', 'B'], ['D', 'A', 'B', 'C'], ['A', 'D', 'C', 'B']]","{'A': 4, 'C': 4, 'D': 4, 'B': 3}","[0.75, 1.0, 0.75]",3.96
95,"[1, 3, 5]","[3, 4, 3]","[0.58, 0.79, 0.58]","[['C', 'D', 'A', 'B'], ['D', 'A', 'B', 'C'], ['C', 'A', 'D', 'B']]","{'A': 4, 'C': 4, 'D': 4, 'B': 3}","[0.75, 1.0, 0.75]",3.96
95,"[1, 3, 5]","[3, 4, 3]","[0.58, 0.79, 0.58]","[['C', 'D', 'A', 'B'], ['D', 'A', 'B', 'C'], ['C', 'D', 'A', 'B']]","{'A': 4, 'C': 4, 'D': 4, 'B': 3}","[0.75, 1.0, 0.75]",3.96
95,"[1, 3, 5]","[3, 4, 3]","[0.58, 0.79, 0.58]","[['C', 'D', 'A', 'B'], ['D', 'A', 'B', 'C'], ['D', 'A', 'C', 'B']]","{'A': 4, 'C': 4, 'D': 4, 'B': 3}","[0.75, 1.0, 0.75]",3.96
95,"[1, 3, 5]","[3, 4, 3]","[0.58, 0.79, 0.58]","[['C', 'D', 'A', 'B'], ['D', 'A', 'B', 'C'], ['D', 'C', 'A', 'B']]","{'A': 4, 'C': 4, 'D': 4, 'B': 3}","[0.75, 1.0, 0.75]",3.96
95,"[1, 3, 5]","[3, 4, 3]","[0.58, 0.79, 0.58]","[['C', 'D', 'A', 'B'], ['D', 'A', 'C', 'B'], ['A', 'B', 'D', 'C']]","{'A': 4, 'C': 4, 'D': 4, 'B': 3}","[0.75, 1.0, 0.75]",3.96
95,"[1, 3, 5]","[3, 4, 3]","[0.58, 0.79, 0.58]","[['C', 'D', 'A', 'B'], ['D', 'A', 'C', 'B'], ['A', 'D', 'B', 'C']]","{'A': 4, 'C': 4, 'D': 4, 'B': 3}","[0.75, 1.0, 0.75]",3.96
95,"[1, 3, 5]","[3, 4, 3]","[0.58, 0.79, 0.58]","[['C', 'D', 'A', 'B'], ['D', 'A', 'C', 'B'], ['B', 'A', 'D', 'C']]","{'A': 4, 'C': 4, 'D': 4, 'B': 3}","[0.75, 1.0, 0.75]",3.96
95,"[1, 3, 5]","[3, 4, 3]","[0.58, 0.79, 0.58]","[['C', 'D', 'A', 'B'], ['D', 'A', 'C', 'B'], ['B', 'D', 'A', 'C']]","{'A': 4, 'C': 4, 'D': 4, 'B': 3}","[0.75, 1.0, 0.75]",3.96
95,"[1, 3, 5]","[3, 4, 3]","[0.58, 0.79, 0.58]","[['C', 'D', 'A', 'B'], ['D', 'A', 'C', 'B'], ['D', 'A', 'B', 'C']]","{'A': 4, 'C': 4, 'D': 4, 'B': 3}","[0.75, 1.0, 0.75]",3.96
95,"[1, 3, 5]","[3, 4, 3]","[0.58, 0.79, 0.58]","[['C', 'D', 'A', 'B'], ['D', 'A', 'C', 'B'], ['D', 'B', 'A', 'C']]","{'A': 4, 'C': 4, 'D': 4, 'B': 3}","[0.75, 1.0, 0.75]",3.96
95,"[1, 3, 5]","[3, 4, 3]","[0.58, 0.79, 0.58]","[['C', 'D', 'A', 'B'], ['D', 'B', 'A', 'C'], ['A', 'C', 'D', 'B']]","{'A': 4, 'C': 4, 'D': 4, 'B': 3}","[0.75, 1.0, 0.75]",3.96
95,"[1, 3, 5]","[3, 4, 3]","[0.58, 0.79, 0.58]","[['C', 'D', 'A', 'B'], ['D', 'B', 'A', 'C'], ['A', 'D', 'C', 'B']]","{'A': 4, 'C': 4, 'D': 4, 'B': 3}","[0.75, 1.0, 0.75]",3.96
95,"[1, 3, 5]","[3, 4, 3]","[0.58, 0.79, 0.58]","[['C', 'D', 'A', 'B'], ['D', 'B', 'A', 'C'], ['C', 'A', 'D', 'B']]","{'A': 4, 'C': 4, 'D': 4, 'B': 3}","[0.75, 1.0, 0.75]",3.96
95,"[1, 3, 5]","[3, 4, 3]","[0.58, 0.79, 0.58]","[['C', 'D', 'A', 'B'], ['D', 'B', 'A', 'C'], ['C', 'D', 'A', 'B']]","{'A': 4, 'C': 4, 'D': 4, 'B': 3}","[0.75, 1.0, 0.75]",3.96
95,"[1, 3, 5]","[3, 4, 3]","[0.58, 0.79, 0.58]","[['C', 'D', 'A', 'B'], ['D', 'B', 'A', 'C'], ['D', 'A', 'C', 'B']]","{'A': 4, 'C': 4, 'D': 4, 'B': 3}","[0.75, 1.0, 0.75]",3.96
95,"[1, 3, 5]","[3, 4, 3]","[0.58, 0.79, 0.58]","[['C', 'D', 'A', 'B'], ['D', 'B', 'A', 'C'], ['D', 'C', 'A', 'B']]","{'A': 4, 'C': 4, 'D': 4, 'B': 3}","[0.75, 1.0, 0.75]",3.96
95,"[1, 3, 5]","[3, 4, 3]","[0.58, 0.79, 0.58]","[['C', 'D', 'A', 'B'], ['D', 'C', 'A', 'B'], ['A', 'B', 'D', 'C']]","{'A': 4, 'C': 4, 'D': 4, 'B': 3}","[0.75, 1.0, 0.75]",3.96
95,"[1, 3, 5]","[3, 4, 3]","[0.58, 0.79, 0.58]","[['C', 'D', 'A', 'B'], ['D', 'C', 'A', 'B'], ['A', 'D', 'B', 'C']]","{'A': 4, 'C': 4, 'D': 4, 'B': 3}","[0.75, 1.0, 0.75]",3.96
95,"[1, 3, 5]","[3, 4, 3]","[0.58, 0.79, 0.58]","[['C', 'D', 'A', 'B'], ['D', 'C', 'A', 'B'], ['B', 'A', 'D', 'C']]","{'A': 4, 'C': 4, 'D': 4, 'B': 3}","[0.75, 1.0, 0.75]",3.96
95,"[1, 3, 5]","[3, 4, 3]","[0.58, 0.79, 0.58]","[['C', 'D', 'A', 'B'], ['D', 'C', 'A', 'B'], ['B', 'D', 'A', 'C']]","{'A': 4, 'C': 4, 'D': 4, 'B': 3}","[0.75, 1.0, 0.75]",3.96
95,"[1, 3, 5]","[3, 4, 3]","[0.58, 0.79, 0.58]","[['C', 'D', 'A', 'B'], ['D', 'C', 'A', 'B'], ['D', 'A', 'B', 'C']]","{'A': 4, 'C': 4, 'D': 4, 'B': 3}","[0.75, 1.0, 0.75]",3.96
95,"[1, 3, 5]","[3, 4, 3]","[0.58, 0.79, 0.58]","[['C', 'D', 'A', 'B'], ['D', 'C', 'A', 'B'], ['D', 'B', 'A', 'C']]","{'A': 4, 'C': 4, 'D': 4, 'B': 3}","[0.75, 1.0, 0.75]",3.96
95,"[1, 3, 5]","[3, 4, 3]","[0.58, 0.79, 0.58]","[['D', 'A', 'B', 'C'], ['A', 'C', 'D', 'B'], ['A', 'C', 'D', 'B']]","{'A': 4, 'C': 4, 'D': 4, 'B': 3}","[0.75, 1.0, 0.75]",3.96
95,"[1, 3, 5]","[3, 4, 3]","[0.58, 0.79, 0.58]","[['D', 'A', 'B', 'C'], ['A', 'C', 'D', 'B'], ['A', 'D', 'C', 'B']]","{'A': 4, 'C': 4, 'D': 4, 'B': 3}","[0.75, 1.0, 0.75]",3.96
95,"[1, 3, 5]","[3, 4, 3]","[0.58, 0.79, 0.58]","[['D', 'A', 'B', 'C'], ['A', 'C', 'D', 'B'], ['C', 'A', 'D', 'B']]","{'A': 4, 'C': 4, 'D': 4, 'B': 3}","[0.75, 1.0, 0.75]",3.96
95,"[1, 3, 5]","[3, 4, 3]","[0.58, 0.79, 0.58]","[['D', 'A', 'B', 'C'], ['A', 'C', 'D', 'B'], ['C', 'D', 'A', 'B']]","{'A': 4, 'C': 4, 'D': 4, 'B': 3}","[0.75, 1.0, 0.75]",3.96
95,"[1, 3, 5]","[3, 4, 3]","[0.58, 0.79, 0.58]","[['D', 'A', 'B', 'C'], ['A', 'C', 'D', 'B'], ['D', 'A', 'C', 'B']]","{'A': 4, 'C': 4, 'D': 4, 'B': 3}","[0.75, 1.0, 0.75]",3.96
95,"[1, 3, 5]","[3, 4, 3]","[0.58, 0.79, 0.58]","[['D', 'A', 'B', 'C'], ['A', 'C', 'D', 'B'], ['D', 'C', 'A', 'B']]","{'A': 4, 'C': 4, 'D': 4, 'B': 3}","[0.75, 1.0, 0.75]",3.96
95,"[1, 3, 5]","[3, 4, 3]","[0.58, 0.79, 0.58]","[['D', 'A', 'B', 'C'], ['A', 'D', 'C', 'B'], ['A', 'C', 'D', 'B']]","{'A': 4, 'C': 4, 'D': 4, 'B': 3}","[0.75, 1.0, 0.75]",3.96
95,"[1, 3, 5]","[3, 4, 3]","[0.58, 0.79, 0.58]","[['D', 'A', 'B', 'C'], ['A', 'D', 'C', 'B'], ['A', 'D', 'C', 'B']]","{'A': 4, 'C': 4, 'D': 4, 'B': 3}","[0.75, 1.0, 0.75]",3.96
95,"[1, 3, 5]","[3, 4, 3]","[0.58, 0.79, 0.58]","[['D', 'A', 'B', 'C'], ['A', 'D', 'C', 'B'], ['C', 'A', 'D', 'B']]","{'A': 4, 'C': 4, 'D': 4, 'B': 3}","[0.75, 1.0, 0.75]",3.96
95,"[1, 3, 5]","[3, 4, 3]","[0.58, 0.79, 0.58]","[['D', 'A', 'B', 'C'], ['A', 'D', 'C', 'B'], ['C', 'D', 'A', 'B']]","{'A': 4, 'C': 4, 'D': 4, 'B': 3}","[0.75, 1.0, 0.75]",3.96
95,"[1, 3, 5]","[3, 4, 3]","[0.58, 0.79, 0.58]","[['D', 'A', 'B', 'C'], ['A', 'D', 'C', 'B'], ['D', 'A', 'C', 'B']]","{'A': 4, 'C': 4, 'D': 4, 'B': 3}","[0.75, 1.0, 0.75]",3.96
95,"[1, 3, 5]","[3, 4, 3]","[0.58, 0.79, 0.58]","[['D', 'A', 'B', 'C'], ['A', 'D', 'C', 'B'], ['D', 'C', 'A', 'B']]","{'A': 4, 'C': 4, 'D': 4, 'B': 3}","[0.75, 1.0, 0.75]",3.96
95,"[1, 3, 5]","[3, 4, 3]","[0.58, 0.79, 0.58]","[['D', 'A', 'B', 'C'], ['C', 'A', 'D', 'B'], ['A', 'C', 'D', 'B']]","{'A': 4, 'C': 4, 'D': 4, 'B': 3}","[0.75, 1.0, 0.75]",3.96
95,"[1, 3, 5]","[3, 4, 3]","[0.58, 0.79, 0.58]","[['D', 'A', 'B', 'C'], ['C', 'A', 'D', 'B'], ['A', 'D', 'C', 'B']]","{'A': 4, 'C': 4, 'D': 4, 'B': 3}","[0.75, 1.0, 0.75]",3.96
95,"[1, 3, 5]","[3, 4, 3]","[0.58, 0.79, 0.58]","[['D', 'A', 'B', 'C'], ['C', 'A', 'D', 'B'], ['C', 'A', 'D', 'B']]","{'A': 4, 'C': 4, 'D': 4, 'B': 3}","[0.75, 1.0, 0.75]",3.96
95,"[1, 3, 5]","[3, 4, 3]","[0.58, 0.79, 0.58]","[['D', 'A', 'B', 'C'], ['C', 'A', 'D', 'B'], ['C', 'D', 'A', 'B']]","{'A': 4, 'C': 4, 'D': 4, 'B': 3}","[0.75, 1.0, 0.75]",3.96
95,"[1, 3, 5]","[3, 4, 3]","[0.58, 0.79, 0.58]","[['D', 'A', 'B', 'C'], ['C', 'A', 'D', 'B'], ['D', 'A', 'C', 'B']]","{'A': 4, 'C': 4, 'D': 4, 'B': 3}","[0.75, 1.0, 0.75]",3.96
95,"[1, 3, 5]","[3, 4, 3]","[0.58, 0.79, 0.58]","[['D', 'A', 'B', 'C'], ['C', 'A', 'D', 'B'], ['D', 'C', 'A', 'B']]","{'A': 4, 'C': 4, 'D': 4, 'B': 3}","[0.75, 1.0, 0.75]",3.96
95,"[1, 3, 5]","[3, 4, 3]","[0.58, 0.79, 0.58]","[['D', 'A', 'B', 'C'], ['C', 'D', 'A', 'B'], ['A', 'C', 'D', 'B']]","{'A': 4, 'C': 4, 'D': 4, 'B': 3}","[0.75, 1.0, 0.75]",3.96
95,"[1, 3, 5]","[3, 4, 3]","[0.58, 0.79, 0.58]","[['D', 'A', 'B', 'C'], ['C', 'D', 'A', 'B'], ['A', 'D', 'C', 'B']]","{'A': 4, 'C': 4, 'D': 4, 'B': 3}","[0.75, 1.0, 0.75]",3.96
95,"[1, 3, 5]","[3, 4, 3]","[0.58, 0.79, 0.58]","[['D', 'A', 'B', 'C'], ['C', 'D', 'A', 'B'], ['C', 'A', 'D', 'B']]","{'A': 4, 'C': 4, 'D': 4, 'B': 3}","[0.75, 1.0, 0.75]",3.96
95,"[1, 3, 5]","[3, 4, 3]","[0.58, 0.79, 0.58]","[['D', 'A', 'B', 'C'], ['C', 'D', 'A', 'B'], ['C', 'D', 'A', 'B']]","{'A': 4, 'C': 4, 'D': 4, 'B': 3}","[0.75, 1.0, 0.75]",3.96
95,"[1, 3, 5]","[3, 4, 3]","[0.58, 0.79, 0.58]","[['D', 'A', 'B', 'C'], ['C', 'D', 'A', 'B'], ['D', 'A', 'C', 'B']]","{'A': 4, 'C': 4, 'D': 4, 'B': 3}","[0.75, 1.0, 0.75]",3.96
95,"[1, 3, 5]","[3, 4, 3]","[0.58, 0.79, 0.58]","[['D', 'A', 'B', 'C'], ['C', 'D', 'A', 'B'], ['D', 'C', 'A', 'B']]","{'A': 4, 'C': 4, 'D': 4, 'B': 3}","[0.75, 1.0, 0.75]",3.96
95,"[1, 3, 5]","[3, 4, 3]","[0.58, 0.79, 0.58]","[['D', 'A', 'B', 'C'], ['D', 'A', 'C', 'B'], ['A', 'C', 'D', 'B']]","{'A': 4, 'C': 4, 'D': 4, 'B': 3}","[0.75, 1.0, 0.75]",3.96
95,"[1, 3, 5]","[3, 4, 3]","[0.58, 0.79, 0.58]","[['D', 'A', 'B', 'C'], ['D', 'A', 'C', 'B'], ['A', 'D', 'C', 'B']]","{'A': 4, 'C': 4, 'D': 4, 'B': 3}","[0.75, 1.0, 0.75]",3.96
95,"[1, 3, 5]","[3, 4, 3]","[0.58, 0.79, 0.58]","[['D', 'A', 'B', 'C'], ['D', 'A', 'C', 'B'], ['C', 'A', 'D', 'B']]","{'A': 4, 'C': 4, 'D': 4, 'B': 3}","[0.75, 1.0, 0.75]",3.96
95,"[1, 3, 5]","[3, 4, 3]","[0.58, 0.79, 0.58]","[['D', 'A', 'B', 'C'], ['D', 'A', 'C', 'B'], ['C', 'D', 'A', 'B']]","{'A': 4, 'C': 4, 'D': 4, 'B': 3}","[0.75, 1.0, 0.75]",3.96
95,"[1, 3, 5]","[3, 4, 3]","[0.58, 0.79, 0.58]","[['D', 'A', 'B', 'C'], ['D', 'A', 'C', 'B'], ['D', 'A', 'C', 'B']]","{'A': 4, 'C': 4, 'D': 4, 'B': 3}","[0.75, 1.0, 0.75]",3.96
95,"[1, 3, 5]","[3, 4, 3]","[0.58, 0.79, 0.58]","[['D', 'A', 'B', 'C'], ['D', 'A', 'C', 'B'], ['D', 'C', 'A', 'B']]","{'A': 4, 'C': 4, 'D': 4, 'B': 3}","[0.75, 1.0, 0.75]",3.96
95,"[1, 3, 5]","[3, 4, 3]","[0.58, 0.79, 0.58]","[['D', 'A', 'B', 'C'], ['D', 'C', 'A', 'B'], ['A', 'C', 'D', 'B']]","{'A': 4, 'C': 4, 'D': 4, 'B': 3}","[0.75, 1.0, 0.75]",3.96
95,"[1, 3, 5]","[3, 4, 3]","[0.58, 0.79, 0.58]","[['D', 'A', 'B', 'C'], ['D', 'C', 'A', 'B'], ['A', 'D', 'C', 'B']]","{'A': 4, 'C': 4, 'D': 4, 'B': 3}","[0.75, 1.0, 0.75]",3.96
95,"[1, 3, 5]","[3, 4, 3]","[0.58, 0.79, 0.58]","[['D', 'A', 'B', 'C'], ['D', 'C', 'A', 'B'], ['C', 'A', 'D', 'B']]","{'A': 4, 'C': 4, 'D': 4, 'B': 3}","[0.75, 1.0, 0.75]",3.96
95,"[1, 3, 5]","[3, 4, 3]","[0.58, 0.79, 0.58]","[['D', 'A', 'B', 'C'], ['D', 'C', 'A', 'B'], ['C', 'D', 'A', 'B']]","{'A': 4, 'C': 4, 'D': 4, 'B': 3}","[0.75, 1.0, 0.75]",3.96
95,"[1, 3, 5]","[3, 4, 3]","[0.58, 0.79, 0.58]","[['D', 'A', 'B', 'C'], ['D', 'C', 'A', 'B'], ['D', 'A', 'C', 'B']]","{'A': 4, 'C': 4, 'D': 4, 'B': 3}","[0.75, 1.0, 0.75]",3.96
95,"[1, 3, 5]","[3, 4, 3]","[0.58, 0.79, 0.58]","[['D', 'A', 'B', 'C'], ['D', 'C', 'A', 'B'], ['D', 'C', 'A', 'B']]","{'A': 4, 'C': 4, 'D': 4, 'B': 3}","[0.75, 1.0, 0.75]",3.96
95,"[1, 3, 5]","[3, 4, 3]","[0.58, 0.79, 0.58]","[['D', 'A', 'C', 'B'], ['A', 'B', 'D', 'C'], ['A', 'C', 'D', 'B']]","{'A': 4, 'C': 4, 'D': 4, 'B': 3}","[0.75, 1.0, 0.75]",3.96
95,"[1, 3, 5]","[3, 4, 3]","[0.58, 0.79, 0.58]","[['D', 'A', 'C', 'B'], ['A', 'B', 'D', 'C'], ['A', 'D', 'C', 'B']]","{'A': 4, 'C': 4, 'D': 4, 'B': 3}","[0.75, 1.0, 0.75]",3.96
95,"[1, 3, 5]","[3, 4, 3]","[0.58, 0.79, 0.58]","[['D', 'A', 'C', 'B'], ['A', 'B', 'D', 'C'], ['C', 'A', 'D', 'B']]","{'A': 4, 'C': 4, 'D': 4, 'B': 3}","[0.75, 1.0, 0.75]",3.96
95,"[1, 3, 5]","[3, 4, 3]","[0.58, 0.79, 0.58]","[['D', 'A', 'C', 'B'], ['A', 'B', 'D', 'C'], ['C', 'D', 'A', 'B']]","{'A': 4, 'C': 4, 'D': 4, 'B': 3}","[0.75, 1.0, 0.75]",3.96
95,"[1, 3, 5]","[3, 4, 3]","[0.58, 0.79, 0.58]","[['D', 'A', 'C', 'B'], ['A', 'B', 'D', 'C'], ['D', 'A', 'C', 'B']]","{'A': 4, 'C': 4, 'D': 4, 'B': 3}","[0.75, 1.0, 0.75]",3.96
95,"[1, 3, 5]","[3, 4, 3]","[0.58, 0.79, 0.58]","[['D', 'A', 'C', 'B'], ['A', 'B', 'D', 'C'], ['D', 'C', 'A', 'B']]","{'A': 4, 'C': 4, 'D': 4, 'B': 3}","[0.75, 1.0, 0.75]",3.96
95,"[1, 3, 5]","[3, 4, 3]","[0.58, 0.79, 0.58]","[['D', 'A', 'C', 'B'], ['A', 'C', 'D', 'B'], ['A', 'B', 'D', 'C']]","{'A': 4, 'C': 4, 'D': 4, 'B': 3}","[0.75, 1.0, 0.75]",3.96
95,"[1, 3, 5]","[3, 4, 3]","[0.58, 0.79, 0.58]","[['D', 'A', 'C', 'B'], ['A', 'C', 'D', 'B'], ['A', 'D', 'B', 'C']]","{'A': 4, 'C': 4, 'D': 4, 'B': 3}","[0.75, 1.0, 0.75]",3.96
95,"[1, 3, 5]","[3, 4, 3]","[0.58, 0.79, 0.58]","[['D', 'A', 'C', 'B'], ['A', 'C', 'D', 'B'], ['B', 'A', 'D', 'C']]","{'A': 4, 'C': 4, 'D': 4, 'B': 3}","[0.75, 1.0, 0.75]",3.96
95,"[1, 3, 5]","[3, 4, 3]","[0.58, 0.79, 0.58]","[['D', 'A', 'C', 'B'], ['A', 'C', 'D', 'B'], ['B', 'D', 'A', 'C']]","{'A': 4, 'C': 4, 'D': 4, 'B': 3}","[0.75, 1.0, 0.75]",3.96
95,"[1, 3, 5]","[3, 4, 3]","[0.58, 0.79, 0.58]","[['D', 'A', 'C', 'B'], ['A', 'C', 'D', 'B'], ['D', 'A', 'B', 'C']]","{'A': 4, 'C': 4, 'D': 4, 'B': 3}","[0.75, 1.0, 0.75]",3.96
95,"[1, 3, 5]","[3, 4, 3]","[0.58, 0.79, 0.58]","[['D', 'A', 'C', 'B'], ['A', 'C', 'D', 'B'], ['D', 'B', 'A', 'C']]","{'A': 4, 'C': 4, 'D': 4, 'B': 3}","[0.75, 1.0, 0.75]",3.96
95,"[1, 3, 5]","[3, 4, 3]","[0.58, 0.79, 0.58]","[['D', 'A', 'C', 'B'], ['A', 'D', 'B', 'C'], ['A', 'C', 'D', 'B']]","{'A': 4, 'C': 4, 'D': 4, 'B': 3}","[0.75, 1.0, 0.75]",3.96
95,"[1, 3, 5]","[3, 4, 3]","[0.58, 0.79, 0.58]","[['D', 'A', 'C', 'B'], ['A', 'D', 'B', 'C'], ['A', 'D', 'C', 'B']]","{'A': 4, 'C': 4, 'D': 4, 'B': 3}","[0.75, 1.0, 0.75]",3.96
95,"[1, 3, 5]","[3, 4, 3]","[0.58, 0.79, 0.58]","[['D', 'A', 'C', 'B'], ['A', 'D', 'B', 'C'], ['C', 'A', 'D', 'B']]","{'A': 4, 'C': 4, 'D': 4, 'B': 3}","[0.75, 1.0, 0.75]",3.96
95,"[1, 3, 5]","[3, 4, 3]","[0.58, 0.79, 0.58]","[['D', 'A', 'C', 'B'], ['A', 'D', 'B', 'C'], ['C', 'D', 'A', 'B']]","{'A': 4, 'C': 4, 'D': 4, 'B': 3}","[0.75, 1.0, 0.75]",3.96
95,"[1, 3, 5]","[3, 4, 3]","[0.58, 0.79, 0.58]","[['D', 'A', 'C', 'B'], ['A', 'D', 'B', 'C'], ['D', 'A', 'C', 'B']]","{'A': 4, 'C': 4, 'D': 4, 'B': 3}","[0.75, 1.0, 0.75]",3.96
95,"[1, 3, 5]","[3, 4, 3]","[0.58, 0.79, 0.58]","[['D', 'A', 'C', 'B'], ['A', 'D', 'B', 'C'], ['D', 'C', 'A', 'B']]","{'A': 4, 'C': 4, 'D': 4, 'B': 3}","[0.75, 1.0, 0.75]",3.96
95,"[1, 3, 5]","[3, 4, 3]","[0.58, 0.79, 0.58]","[['D', 'A', 'C', 'B'], ['A', 'D', 'C', 'B'], ['A', 'B', 'D', 'C']]","{'A': 4, 'C': 4, 'D': 4, 'B': 3}","[0.75, 1.0, 0.75]",3.96
95,"[1, 3, 5]","[3, 4, 3]","[0.58, 0.79, 0.58]","[['D', 'A', 'C', 'B'], ['A', 'D', 'C', 'B'], ['A', 'D', 'B', 'C']]","{'A': 4, 'C': 4, 'D': 4, 'B': 3}","[0.75, 1.0, 0.75]",3.96
95,"[1, 3, 5]","[3, 4, 3]","[0.58, 0.79, 0.58]","[['D', 'A', 'C', 'B'], ['A', 'D', 'C', 'B'], ['B', 'A', 'D', 'C']]","{'A': 4, 'C': 4, 'D': 4, 'B': 3}","[0.75, 1.0, 0.75]",3.96
95,"[1, 3, 5]","[3, 4, 3]","[0.58, 0.79, 0.58]","[['D', 'A', 'C', 'B'], ['A', 'D', 'C', 'B'], ['B', 'D', 'A', 'C']]","{'A': 4, 'C': 4, 'D': 4, 'B': 3}","[0.75, 1.0, 0.75]",3.96
95,"[1, 3, 5]","[3, 4, 3]","[0.58, 0.79, 0.58]","[['D', 'A', 'C', 'B'], ['A', 'D', 'C', 'B'], ['D', 'A', 'B', 'C']]","{'A': 4, 'C': 4, 'D': 4, 'B': 3}","[0.75, 1.0, 0.75]",3.96
95,"[1, 3, 5]","[3, 4, 3]","[0.58, 0.79, 0.58]","[['D', 'A', 'C', 'B'], ['A', 'D', 'C', 'B'], ['D', 'B', 'A', 'C']]","{'A': 4, 'C': 4, 'D': 4, 'B': 3}","[0.75, 1.0, 0.75]",3.96
95,"[1, 3, 5]","[3, 4, 3]","[0.58, 0.79, 0.58]","[['D', 'A', 'C', 'B'], ['B', 'A', 'D', 'C'], ['A', 'C', 'D', 'B']]","{'A': 4, 'C': 4, 'D': 4, 'B': 3}","[0.75, 1.0, 0.75]",3.96
95,"[1, 3, 5]","[3, 4, 3]","[0.58, 0.79, 0.58]","[['D', 'A', 'C', 'B'], ['B', 'A', 'D', 'C'], ['A', 'D', 'C', 'B']]","{'A': 4, 'C': 4, 'D': 4, 'B': 3}","[0.75, 1.0, 0.75]",3.96
95,"[1, 3, 5]","[3, 4, 3]","[0.58, 0.79, 0.58]","[['D', 'A', 'C', 'B'], ['B', 'A', 'D', 'C'], ['C', 'A', 'D', 'B']]","{'A': 4, 'C': 4, 'D': 4, 'B': 3}","[0.75, 1.0, 0.75]",3.96
95,"[1, 3, 5]","[3, 4, 3]","[0.58, 0.79, 0.58]","[['D', 'A', 'C', 'B'], ['B', 'A', 'D', 'C'], ['C', 'D', 'A', 'B']]","{'A': 4, 'C': 4, 'D': 4, 'B': 3}","[0.75, 1.0, 0.75]",3.96
95,"[1, 3, 5]","[3, 4, 3]","[0.58, 0.79, 0.58]","[['D', 'A', 'C', 'B'], ['B', 'A', 'D', 'C'], ['D', 'A', 'C', 'B']]","{'A': 4, 'C': 4, 'D': 4, 'B': 3}","[0.75, 1.0, 0.75]",3.96
95,"[1, 3, 5]","[3, 4, 3]","[0.58, 0.79, 0.58]","[['D', 'A', 'C', 'B'], ['B', 'A', 'D', 'C'], ['D', 'C', 'A', 'B']]","{'A': 4, 'C': 4, 'D': 4, 'B': 3}","[0.75, 1.0, 0.75]",3.96
95,"[1, 3, 5]","[3, 4, 3]","[0.58, 0.79, 0.58]","[['D', 'A', 'C', 'B'], ['B', 'D', 'A', 'C'], ['A', 'C', 'D', 'B']]","{'A': 4, 'C': 4, 'D': 4, 'B': 3}","[0.75, 1.0, 0.75]",3.96
95,"[1, 3, 5]","[3, 4, 3]","[0.58, 0.79, 0.58]","[['D', 'A', 'C', 'B'], ['B', 'D', 'A', 'C'], ['A', 'D', 'C', 'B']]","{'A': 4, 'C': 4, 'D': 4, 'B': 3}","[0.75, 1.0, 0.75]",3.96
95,"[1, 3, 5]","[3, 4, 3]","[0.58, 0.79, 0.58]","[['D', 'A', 'C', 'B'], ['B', 'D', 'A', 'C'], ['C', 'A', 'D', 'B']]","{'A': 4, 'C': 4, 'D': 4, 'B': 3}","[0.75, 1.0, 0.75]",3.96
95,"[1, 3, 5]","[3, 4, 3]","[0.58, 0.79, 0.58]","[['D', 'A', 'C', 'B'], ['B', 'D', 'A', 'C'], ['C', 'D', 'A', 'B']]","{'A': 4, 'C': 4, 'D': 4, 'B': 3}","[0.75, 1.0, 0.75]",3.96
95,"[1, 3, 5]","[3, 4, 3]","[0.58, 0.79, 0.58]","[['D', 'A', 'C', 'B'], ['B', 'D', 'A', 'C'], ['D', 'A', 'C', 'B']]","{'A': 4, 'C': 4, 'D': 4, 'B': 3}","[0.75, 1.0, 0.75]",3.96
95,"[1, 3, 5]","[3, 4, 3]","[0.58, 0.79, 0.58]","[['D', 'A', 'C', 'B'], ['B', 'D', 'A', 'C'], ['D', 'C', 'A', 'B']]","{'A': 4, 'C': 4, 'D': 4, 'B': 3}","[0.75, 1.0, 0.75]",3.96
95,"[1, 3, 5]","[3, 4, 3]","[0.58, 0.79, 0.58]","[['D', 'A', 'C', 'B'], ['C', 'A', 'D', 'B'], ['A', 'B', 'D', 'C']]","{'A': 4, 'C': 4, 'D': 4, 'B': 3}","[0.75, 1.0, 0.75]",3.96
95,"[1, 3, 5]","[3, 4, 3]","[0.58, 0.79, 0.58]","[['D', 'A', 'C', 'B'], ['C', 'A', 'D', 'B'], ['A', 'D', 'B', 'C']]","{'A': 4, 'C': 4, 'D': 4, 'B': 3}","[0.75, 1.0, 0.75]",3.96
95,"[1, 3, 5]","[3, 4, 3]","[0.58, 0.79, 0.58]","[['D', 'A', 'C', 'B'], ['C', 'A', 'D', 'B'], ['B', 'A', 'D', 'C']]","{'A': 4, 'C': 4, 'D': 4, 'B': 3}","[0.75, 1.0, 0.75]",3.96
95,"[1, 3, 5]","[3, 4, 3]","[0.58, 0.79, 0.58]","[['D', 'A', 'C', 'B'], ['C', 'A', 'D', 'B'], ['B', 'D', 'A', 'C']]","{'A': 4, 'C': 4, 'D': 4, 'B': 3}","[0.75, 1.0, 0.75]",3.96
95,"[1, 3, 5]","[3, 4, 3]","[0.58, 0.79, 0.58]","[['D', 'A', 'C', 'B'], ['C', 'A', 'D', 'B'], ['D', 'A', 'B', 'C']]","{'A': 4, 'C': 4, 'D': 4, 'B': 3}","[0.75, 1.0, 0.75]",3.96
95,"[1, 3, 5]","[3, 4, 3]","[0.58, 0.79, 0.58]","[['D', 'A', 'C', 'B'], ['C', 'A', 'D', 'B'], ['D', 'B', 'A', 'C']]","{'A': 4, 'C': 4, 'D': 4, 'B': 3}","[0.75, 1.0, 0.75]",3.96
95,"[1, 3, 5]","[3, 4, 3]","[0.58, 0.79, 0.58]","[['D', 'A', 'C', 'B'], ['C', 'D', 'A', 'B'], ['A', 'B', 'D', 'C']]","{'A': 4, 'C': 4, 'D': 4, 'B': 3}","[0.75, 1.0, 0.75]",3.96
95,"[1, 3, 5]","[3, 4, 3]","[0.58, 0.79, 0.58]","[['D', 'A', 'C', 'B'], ['C', 'D', 'A', 'B'], ['A', 'D', 'B', 'C']]","{'A': 4, 'C': 4, 'D': 4, 'B': 3}","[0.75, 1.0, 0.75]",3.96
95,"[1, 3, 5]","[3, 4, 3]","[0.58, 0.79, 0.58]","[['D', 'A', 'C', 'B'], ['C', 'D', 'A', 'B'], ['B', 'A', 'D', 'C']]","{'A': 4, 'C': 4, 'D': 4, 'B': 3}","[0.75, 1.0, 0.75]",3.96
95,"[1, 3, 5]","[3, 4, 3]","[0.58, 0.79, 0.58]","[['D', 'A', 'C', 'B'], ['C', 'D', 'A', 'B'], ['B', 'D', 'A', 'C']]","{'A': 4, 'C': 4, 'D': 4, 'B': 3}","[0.75, 1.0, 0.75]",3.96
95,"[1, 3, 5]","[3, 4, 3]","[0.58, 0.79, 0.58]","[['D', 'A', 'C', 'B'], ['C', 'D', 'A', 'B'], ['D', 'A', 'B', 'C']]","{'A': 4, 'C': 4, 'D': 4, 'B': 3}","[0.75, 1.0, 0.75]",3.96
95,"[1, 3, 5]","[3, 4, 3]","[0.58, 0.79, 0.58]","[['D', 'A', 'C', 'B'], ['C', 'D', 'A', 'B'], ['D', 'B', 'A', 'C']]","{'A': 4, 'C': 4, 'D': 4, 'B': 3}","[0.75, 1.0, 0.75]",3.96
95,"[1, 3, 5]","[3, 4, 3]","[0.58, 0.79, 0.58]","[['D', 'A', 'C', 'B'], ['D', 'A', 'B', 'C'], ['A', 'C', 'D', 'B']]","{'A': 4, 'C': 4, 'D': 4, 'B': 3}","[0.75, 1.0, 0.75]",3.96
95,"[1, 3, 5]","[3, 4, 3]","[0.58, 0.79, 0.58]","[['D', 'A', 'C', 'B'], ['D', 'A', 'B', 'C'], ['A', 'D', 'C', 'B']]","{'A': 4, 'C': 4, 'D': 4, 'B': 3}","[0.75, 1.0, 0.75]",3.96
95,"[1, 3, 5]","[3, 4, 3]","[0.58, 0.79, 0.58]","[['D', 'A', 'C', 'B'], ['D', 'A', 'B', 'C'], ['C', 'A', 'D', 'B']]","{'A': 4, 'C': 4, 'D': 4, 'B': 3}","[0.75, 1.0, 0.75]",3.96
95,"[1, 3, 5]","[3, 4, 3]","[0.58, 0.79, 0.58]","[['D', 'A', 'C', 'B'], ['D', 'A', 'B', 'C'], ['C', 'D', 'A', 'B']]","{'A': 4, 'C': 4, 'D': 4, 'B': 3}","[0.75, 1.0, 0.75]",3.96
95,"[1, 3, 5]","[3, 4, 3]","[0.58, 0.79, 0.58]","[['D', 'A', 'C', 'B'], ['D', 'A', 'B', 'C'], ['D', 'A', 'C', 'B']]","{'A': 4, 'C': 4, 'D': 4, 'B': 3}","[0.75, 1.0, 0.75]",3.96
95,"[1, 3, 5]","[3, 4, 3]","[0.58, 0.79, 0.58]","[['D', 'A', 'C', 'B'], ['D', 'A', 'B', 'C'], ['D', 'C', 'A', 'B']]","{'A': 4, 'C': 4, 'D': 4, 'B': 3}","[0.75, 1.0, 0.75]",3.96
95,"[1, 3, 5]","[3, 4, 3]","[0.58, 0.79, 0.58]","[['D', 'A', 'C', 'B'], ['D', 'A', 'C', 'B'], ['A', 'B', 'D', 'C']]","{'A': 4, 'C': 4, 'D': 4, 'B': 3}","[0.75, 1.0, 0.75]",3.96
95,"[1, 3, 5]","[3, 4, 3]","[0.58, 0.79, 0.58]","[['D', 'A', 'C', 'B'], ['D', 'A', 'C', 'B'], ['A', 'D', 'B', 'C']]","{'A': 4, 'C': 4, 'D': 4, 'B': 3}","[0.75, 1.0, 0.75]",3.96
95,"[1, 3, 5]","[3, 4, 3]","[0.58, 0.79, 0.58]","[['D', 'A', 'C', 'B'], ['D', 'A', 'C', 'B'], ['B', 'A', 'D', 'C']]","{'A': 4, 'C': 4, 'D': 4, 'B': 3}","[0.75, 1.0, 0.75]",3.96
95,"[1, 3, 5]","[3, 4, 3]","[0.58, 0.79, 0.58]","[['D', 'A', 'C', 'B'], ['D', 'A', 'C', 'B'], ['B', 'D', 'A', 'C']]","{'A': 4, 'C': 4, 'D': 4, 'B': 3}","[0.75, 1.0, 0.75]",3.96
95,"[1, 3, 5]","[3, 4, 3]","[0.58, 0.79, 0.58]","[['D', 'A', 'C', 'B'], ['D', 'A', 'C', 'B'], ['D', 'A', 'B', 'C']]","{'A': 4, 'C': 4, 'D': 4, 'B': 3}","[0.75, 1.0, 0.75]",3.96
95,"[1, 3, 5]","[3, 4, 3]","[0.58, 0.79, 0.58]","[['D', 'A', 'C', 'B'], ['D', 'A', 'C', 'B'], ['D', 'B', 'A', 'C']]","{'A': 4, 'C': 4, 'D': 4, 'B': 3}","[0.75, 1.0, 0.75]",3.96
95,"[1, 3, 5]","[3, 4, 3]","[0.58, 0.79, 0.58]","[['D', 'A', 'C', 'B'], ['D', 'B', 'A', 'C'], ['A', 'C', 'D', 'B']]","{'A': 4, 'C': 4, 'D': 4, 'B': 3}","[0.75, 1.0, 0.75]",3.96
95,"[1, 3, 5]","[3, 4, 3]","[0.58, 0.79, 0.58]","[['D', 'A', 'C', 'B'], ['D', 'B', 'A', 'C'], ['A', 'D', 'C', 'B']]","{'A': 4, 'C': 4, 'D': 4, 'B': 3}","[0.75, 1.0, 0.75]",3.96
95,"[1, 3, 5]","[3, 4, 3]","[0.58, 0.79, 0.58]","[['D', 'A', 'C', 'B'], ['D', 'B', 'A', 'C'], ['C', 'A', 'D', 'B']]","{'A': 4, 'C': 4, 'D': 4, 'B': 3}","[0.75, 1.0, 0.75]",3.96
95,"[1, 3, 5]","[3, 4, 3]","[0.58, 0.79, 0.58]","[['D', 'A', 'C', 'B'], ['D', 'B', 'A', 'C'], ['C', 'D', 'A', 'B']]","{'A': 4, 'C': 4, 'D': 4, 'B': 3}","[0.75, 1.0, 0.75]",3.96
95,"[1, 3, 5]","[3, 4, 3]","[0.58, 0.79, 0.58]","[['D', 'A', 'C', 'B'], ['D', 'B', 'A', 'C'], ['D', 'A', 'C', 'B']]","{'A': 4, 'C': 4, 'D': 4, 'B': 3}","[0.75, 1.0, 0.75]",3.96
95,"[1, 3, 5]","[3, 4, 3]","[0.58, 0.79, 0.58]","[['D', 'A', 'C', 'B'], ['D', 'B', 'A', 'C'], ['D', 'C', 'A', 'B']]","{'A': 4, 'C': 4, 'D': 4, 'B': 3}","[0.75, 1.0, 0.75]",3.96
95,"[1, 3, 5]","[3, 4, 3]","[0.58, 0.79, 0.58]","[['D', 'A', 'C', 'B'], ['D', 'C', 'A', 'B'], ['A', 'B', 'D', 'C']]","{'A': 4, 'C': 4, 'D': 4, 'B': 3}","[0.75, 1.0, 0.75]",3.96
95,"[1, 3, 5]","[3, 4, 3]","[0.58, 0.79, 0.58]","[['D', 'A', 'C', 'B'], ['D', 'C', 'A', 'B'], ['A', 'D', 'B', 'C']]","{'A': 4, 'C': 4, 'D': 4, 'B': 3}","[0.75, 1.0, 0.75]",3.96
95,"[1, 3, 5]","[3, 4, 3]","[0.58, 0.79, 0.58]","[['D', 'A', 'C', 'B'], ['D', 'C', 'A', 'B'], ['B', 'A', 'D', 'C']]","{'A': 4, 'C': 4, 'D': 4, 'B': 3}","[0.75, 1.0, 0.75]",3.96
95,"[1, 3, 5]","[3, 4, 3]","[0.58, 0.79, 0.58]","[['D', 'A', 'C', 'B'], ['D', 'C', 'A', 'B'], ['B', 'D', 'A', 'C']]","{'A': 4, 'C': 4, 'D': 4, 'B': 3}","[0.75, 1.0, 0.75]",3.96
95,"[1, 3, 5]","[3, 4, 3]","[0.58, 0.79, 0.58]","[['D', 'A', 'C', 'B'], ['D', 'C', 'A', 'B'], ['D', 'A', 'B', 'C']]","{'A': 4, 'C': 4, 'D': 4, 'B': 3}","[0.75, 1.0, 0.75]",3.96
95,"[1, 3, 5]","[3, 4, 3]","[0.58, 0.79, 0.58]","[['D', 'A', 'C', 'B'], ['D', 'C', 'A', 'B'], ['D', 'B', 'A', 'C']]","{'A': 4, 'C': 4, 'D': 4, 'B': 3}","[0.75, 1.0, 0.75]",3.96
95,"[1, 3, 5]","[3, 4, 3]","[0.58, 0.79, 0.58]","[['D', 'B', 'A', 'C'], ['A', 'C', 'D', 'B'], ['A', 'C', 'D', 'B']]","{'A': 4, 'C': 4, 'D': 4, 'B': 3}","[0.75, 1.0, 0.75]",3.96
95,"[1, 3, 5]","[3, 4, 3]","[0.58, 0.79, 0.58]","[['D', 'B', 'A', 'C'], ['A', 'C', 'D', 'B'], ['A', 'D', 'C', 'B']]","{'A': 4, 'C': 4, 'D': 4, 'B': 3}","[0.75, 1.0, 0.75]",3.96
95,"[1, 3, 5]","[3, 4, 3]","[0.58, 0.79, 0.58]","[['D', 'B', 'A', 'C'], ['A', 'C', 'D', 'B'], ['C', 'A', 'D', 'B']]","{'A': 4, 'C': 4, 'D': 4, 'B': 3}","[0.75, 1.0, 0.75]",3.96
95,"[1, 3, 5]","[3, 4, 3]","[0.58, 0.79, 0.58]","[['D', 'B', 'A', 'C'], ['A', 'C', 'D', 'B'], ['C', 'D', 'A', 'B']]","{'A': 4, 'C': 4, 'D': 4, 'B': 3}","[0.75, 1.0, 0.75]",3.96
95,"[1, 3, 5]","[3, 4, 3]","[0.58, 0.79, 0.58]","[['D', 'B', 'A', 'C'], ['A', 'C', 'D', 'B'], ['D', 'A', 'C', 'B']]","{'A': 4, 'C': 4, 'D': 4, 'B': 3}","[0.75, 1.0, 0.75]",3.96
95,"[1, 3, 5]","[3, 4, 3]","[0.58, 0.79, 0.58]","[['D', 'B', 'A', 'C'], ['A', 'C', 'D', 'B'], ['D', 'C', 'A', 'B']]","{'A': 4, 'C': 4, 'D': 4, 'B': 3}","[0.75, 1.0, 0.75]",3.96
95,"[1, 3, 5]","[3, 4, 3]","[0.58, 0.79, 0.58]","[['D', 'B', 'A', 'C'], ['A', 'D', 'C', 'B'], ['A', 'C', 'D', 'B']]","{'A': 4, 'C': 4, 'D': 4, 'B': 3}","[0.75, 1.0, 0.75]",3.96
95,"[1, 3, 5]","[3, 4, 3]","[0.58, 0.79, 0.58]","[['D', 'B', 'A', 'C'], ['A', 'D', 'C', 'B'], ['A', 'D', 'C', 'B']]","{'A': 4, 'C': 4, 'D': 4, 'B': 3}","[0.75, 1.0, 0.75]",3.96
95,"[1, 3, 5]","[3, 4, 3]","[0.58, 0.79, 0.58]","[['D', 'B', 'A', 'C'], ['A', 'D', 'C', 'B'], ['C', 'A', 'D', 'B']]","{'A': 4, 'C': 4, 'D': 4, 'B': 3}","[0.75, 1.0, 0.75]",3.96
95,"[1, 3, 5]","[3, 4, 3]","[0.58, 0.79, 0.58]","[['D', 'B', 'A', 'C'], ['A', 'D', 'C', 'B'], ['C', 'D', 'A', 'B']]","{'A': 4, 'C': 4, 'D': 4, 'B': 3}","[0.75, 1.0, 0.75]",3.96
95,"[1, 3, 5]","[3, 4, 3]","[0.58, 0.79, 0.58]","[['D', 'B', 'A', 'C'], ['A', 'D', 'C', 'B'], ['D', 'A', 'C', 'B']]","{'A': 4, 'C': 4, 'D': 4, 'B': 3}","[0.75, 1.0, 0.75]",3.96
95,"[1, 3, 5]","[3, 4, 3]","[0.58, 0.79, 0.58]","[['D', 'B', 'A', 'C'], ['A', 'D', 'C', 'B'], ['D', 'C', 'A', 'B']]","{'A': 4, 'C': 4, 'D': 4, 'B': 3}","[0.75, 1.0, 0.75]",3.96
95,"[1, 3, 5]","[3, 4, 3]","[0.58, 0.79, 0.58]","[['D', 'B', 'A', 'C'], ['C', 'A', 'D', 'B'], ['A', 'C', 'D', 'B']]","{'A': 4, 'C': 4, 'D': 4, 'B': 3}","[0.75, 1.0, 0.75]",3.96
95,"[1, 3, 5]","[3, 4, 3]","[0.58, 0.79, 0.58]","[['D', 'B', 'A', 'C'], ['C', 'A', 'D', 'B'], ['A', 'D', 'C', 'B']]","{'A': 4, 'C': 4, 'D': 4, 'B': 3}","[0.75, 1.0, 0.75]",3.96
95,"[1, 3, 5]","[3, 4, 3]","[0.58, 0.79, 0.58]","[['D', 'B', 'A', 'C'], ['C', 'A', 'D', 'B'], ['C', 'A', 'D', 'B']]","{'A': 4, 'C': 4, 'D': 4, 'B': 3}","[0.75, 1.0, 0.75]",3.96
95,"[1, 3, 5]","[3, 4, 3]","[0.58, 0.79, 0.58]","[['D', 'B', 'A', 'C'], ['C', 'A', 'D', 'B'], ['C', 'D', 'A', 'B']]","{'A': 4, 'C': 4, 'D': 4, 'B': 3}","[0.75, 1.0, 0.75]",3.96
95,"[1, 3, 5]","[3, 4, 3]","[0.58, 0.79, 0.58]","[['D', 'B', 'A', 'C'], ['C', 'A', 'D', 'B'], ['D', 'A', 'C', 'B']]","{'A': 4, 'C': 4, 'D': 4, 'B': 3}","[0.75, 1.0, 0.75]",3.96
95,"[1, 3, 5]","[3, 4, 3]","[0.58, 0.79, 0.58]","[['D', 'B', 'A', 'C'], ['C', 'A', 'D', 'B'], ['D', 'C', 'A', 'B']]","{'A': 4, 'C': 4, 'D': 4, 'B': 3}","[0.75, 1.0, 0.75]",3.96
95,"[1, 3, 5]","[3, 4, 3]","[0.58, 0.79, 0.58]","[['D', 'B', 'A', 'C'], ['C', 'D', 'A', 'B'], ['A', 'C', 'D', 'B']]","{'A': 4, 'C': 4, 'D': 4, 'B': 3}","[0.75, 1.0, 0.75]",3.96
95,"[1, 3, 5]","[3, 4, 3]","[0.58, 0.79, 0.58]","[['D', 'B', 'A', 'C'], ['C', 'D', 'A', 'B'], ['A', 'D', 'C', 'B']]","{'A': 4, 'C': 4, 'D': 4, 'B': 3}","[0.75, 1.0, 0.75]",3.96
95,"[1, 3, 5]","[3, 4, 3]","[0.58, 0.79, 0.58]","[['D', 'B', 'A', 'C'], ['C', 'D', 'A', 'B'], ['C', 'A', 'D', 'B']]","{'A': 4, 'C': 4, 'D': 4, 'B': 3}","[0.75, 1.0, 0.75]",3.96
95,"[1, 3, 5]","[3, 4, 3]","[0.58, 0.79, 0.58]","[['D', 'B', 'A', 'C'], ['C', 'D', 'A', 'B'], ['C', 'D', 'A', 'B']]","{'A': 4, 'C': 4, 'D': 4, 'B': 3}","[0.75, 1.0, 0.75]",3.96
95,"[1, 3, 5]","[3, 4, 3]","[0.58, 0.79, 0.58]","[['D', 'B', 'A', 'C'], ['C', 'D', 'A', 'B'], ['D', 'A', 'C', 'B']]","{'A': 4, 'C': 4, 'D': 4, 'B': 3}","[0.75, 1.0, 0.75]",3.96
95,"[1, 3, 5]","[3, 4, 3]","[0.58, 0.79, 0.58]","[['D', 'B', 'A', 'C'], ['C', 'D', 'A', 'B'], ['D', 'C', 'A', 'B']]","{'A': 4, 'C': 4, 'D': 4, 'B': 3}","[0.75, 1.0, 0.75]",3.96
95,"[1, 3, 5]","[3, 4, 3]","[0.58, 0.79, 0.58]","[['D', 'B', 'A', 'C'], ['D', 'A', 'C', 'B'], ['A', 'C', 'D', 'B']]","{'A': 4, 'C': 4, 'D': 4, 'B': 3}","[0.75, 1.0, 0.75]",3.96
95,"[1, 3, 5]","[3, 4, 3]","[0.58, 0.79, 0.58]","[['D', 'B', 'A', 'C'], ['D', 'A', 'C', 'B'], ['A', 'D', 'C', 'B']]","{'A': 4, 'C': 4, 'D': 4, 'B': 3}","[0.75, 1.0, 0.75]",3.96
95,"[1, 3, 5]","[3, 4, 3]","[0.58, 0.79, 0.58]","[['D', 'B', 'A', 'C'], ['D', 'A', 'C', 'B'], ['C', 'A', 'D', 'B']]","{'A': 4, 'C': 4, 'D': 4, 'B': 3}","[0.75, 1.0, 0.75]",3.96
95,"[1, 3, 5]","[3, 4, 3]","[0.58, 0.79, 0.58]","[['D', 'B', 'A', 'C'], ['D', 'A', 'C', 'B'], ['C', 'D', 'A', 'B']]","{'A': 4, 'C': 4, 'D': 4, 'B': 3}","[0.75, 1.0, 0.75]",3.96
95,"[1, 3, 5]","[3, 4, 3]","[0.58, 0.79, 0.58]","[['D', 'B', 'A', 'C'], ['D', 'A', 'C', 'B'], ['D', 'A', 'C', 'B']]","{'A': 4, 'C': 4, 'D': 4, 'B': 3}","[0.75, 1.0, 0.75]",3.96
95,"[1, 3, 5]","[3, 4, 3]","[0.58, 0.79, 0.58]","[['D', 'B', 'A', 'C'], ['D', 'A', 'C', 'B'], ['D', 'C', 'A', 'B']]","{'A': 4, 'C': 4, 'D': 4, 'B': 3}","[0.75, 1.0, 0.75]",3.96
95,"[1, 3, 5]","[3, 4, 3]","[0.58, 0.79, 0.58]","[['D', 'B', 'A', 'C'], ['D', 'C', 'A', 'B'], ['A', 'C', 'D', 'B']]","{'A': 4, 'C': 4, 'D': 4, 'B': 3}","[0.75, 1.0, 0.75]",3.96
95,"[1, 3, 5]","[3, 4, 3]","[0.58, 0.79, 0.58]","[['D', 'B', 'A', 'C'], ['D', 'C', 'A', 'B'], ['A', 'D', 'C', 'B']]","{'A': 4, 'C': 4, 'D': 4, 'B': 3}","[0.75, 1.0, 0.75]",3.96
95,"[1, 3, 5]","[3, 4, 3]","[0.58, 0.79, 0.58]","[['D', 'B', 'A', 'C'], ['D', 'C', 'A', 'B'], ['C', 'A', 'D', 'B']]","{'A': 4, 'C': 4, 'D': 4, 'B': 3}","[0.75, 1.0, 0.75]",3.96
95,"[1, 3, 5]","[3, 4, 3]","[0.58, 0.79, 0.58]","[['D', 'B', 'A', 'C'], ['D', 'C', 'A', 'B'], ['C', 'D', 'A', 'B']]","{'A': 4, 'C': 4, 'D': 4, 'B': 3}","[0.75, 1.0, 0.75]",3.96
95,"[1, 3, 5]","[3, 4, 3]","[0.58, 0.79, 0.58]","[['D', 'B', 'A', 'C'], ['D', 'C', 'A', 'B'], ['D', 'A', 'C', 'B']]","{'A': 4, 'C': 4, 'D': 4, 'B': 3}","[0.75, 1.0, 0.75]",3.96
95,"[1, 3, 5]","[3, 4, 3]","[0.58, 0.79, 0.58]","[['D', 'B', 'A', 'C'], ['D', 'C', 'A', 'B'], ['D', 'C', 'A', 'B']]","{'A': 4, 'C': 4, 'D': 4, 'B': 3}","[0.75, 1.0, 0.75]",3.96
95,"[1, 3, 5]","[3, 4, 3]","[0.58, 0.79, 0.58]","[['D', 'C', 'A', 'B'], ['A', 'B', 'D', 'C'], ['A', 'C', 'D', 'B']]","{'A': 4, 'C': 4, 'D': 4, 'B': 3}","[0.75, 1.0, 0.75]",3.96
95,"[1, 3, 5]","[3, 4, 3]","[0.58, 0.79, 0.58]","[['D', 'C', 'A', 'B'], ['A', 'B', 'D', 'C'], ['A', 'D', 'C', 'B']]","{'A': 4, 'C': 4, 'D': 4, 'B': 3}","[0.75, 1.0, 0.75]",3.96
95,"[1, 3, 5]","[3, 4, 3]","[0.58, 0.79, 0.58]","[['D', 'C', 'A', 'B'], ['A', 'B', 'D', 'C'], ['C', 'A', 'D', 'B']]","{'A': 4, 'C': 4, 'D': 4, 'B': 3}","[0.75, 1.0, 0.75]",3.96
95,"[1, 3, 5]","[3, 4, 3]","[0.58, 0.79, 0.58]","[['D', 'C', 'A', 'B'], ['A', 'B', 'D', 'C'], ['C', 'D', 'A', 'B']]","{'A': 4, 'C': 4, 'D': 4, 'B': 3}","[0.75, 1.0, 0.75]",3.96
95,"[1, 3, 5]","[3, 4, 3]","[0.58, 0.79, 0.58]","[['D', 'C', 'A', 'B'], ['A', 'B', 'D', 'C'], ['D', 'A', 'C', 'B']]","{'A': 4, 'C': 4, 'D': 4, 'B': 3}","[0.75, 1.0, 0.75]",3.96
95,"[1, 3, 5]","[3, 4, 3]","[0.58, 0.79, 0.58]","[['D', 'C', 'A', 'B'], ['A', 'B', 'D', 'C'], ['D', 'C', 'A', 'B']]","{'A': 4, 'C': 4, 'D': 4, 'B': 3}","[0.75, 1.0, 0.75]",3.96
95,"[1, 3, 5]","[3, 4, 3]","[0.58, 0.79, 0.58]","[['D', 'C', 'A', 'B'], ['A', 'C', 'D', 'B'], ['A', 'B', 'D', 'C']]","{'A': 4, 'C': 4, 'D': 4, 'B': 3}","[0.75, 1.0, 0.75]",3.96
95,"[1, 3, 5]","[3, 4, 3]","[0.58, 0.79, 0.58]","[['D', 'C', 'A', 'B'], ['A', 'C', 'D', 'B'], ['A', 'D', 'B', 'C']]","{'A': 4, 'C': 4, 'D': 4, 'B': 3}","[0.75, 1.0, 0.75]",3.96
95,"[1, 3, 5]","[3, 4, 3]","[0.58, 0.79, 0.58]","[['D', 'C', 'A', 'B'], ['A', 'C', 'D', 'B'], ['B', 'A', 'D', 'C']]","{'A': 4, 'C': 4, 'D': 4, 'B': 3}","[0.75, 1.0, 0.75]",3.96
95,"[1, 3, 5]","[3, 4, 3]","[0.58, 0.79, 0.58]","[['D', 'C', 'A', 'B'], ['A', 'C', 'D', 'B'], ['B', 'D', 'A', 'C']]","{'A': 4, 'C': 4, 'D': 4, 'B': 3}","[0.75, 1.0, 0.75]",3.96
95,"[1, 3, 5]","[3, 4, 3]","[0.58, 0.79, 0.58]","[['D', 'C', 'A', 'B'], ['A', 'C', 'D', 'B'], ['D', 'A', 'B', 'C']]","{'A': 4, 'C': 4, 'D': 4, 'B': 3}","[0.75, 1.0, 0.75]",3.96
95,"[1, 3, 5]","[3, 4, 3]","[0.58, 0.79, 0.58]","[['D', 'C', 'A', 'B'], ['A', 'C', 'D', 'B'], ['D', 'B', 'A', 'C']]","{'A': 4, 'C': 4, 'D': 4, 'B': 3}","[0.75, 1.0, 0.75]",3.96
95,"[1, 3, 5]","[3, 4, 3]","[0.58, 0.79, 0.58]","[['D', 'C', 'A', 'B'], ['A', 'D', 'B', 'C'], ['A', 'C', 'D', 'B']]","{'A': 4, 'C': 4, 'D': 4, 'B': 3}","[0.75, 1.0, 0.75]",3.96
95,"[1, 3, 5]","[3, 4, 3]","[0.58, 0.79, 0.58]","[['D', 'C', 'A', 'B'], ['A', 'D', 'B', 'C'], ['A', 'D', 'C', 'B']]","{'A': 4, 'C': 4, 'D': 4, 'B': 3}","[0.75, 1.0, 0.75]",3.96
95,"[1, 3, 5]","[3, 4, 3]","[0.58, 0.79, 0.58]","[['D', 'C', 'A', 'B'], ['A', 'D', 'B', 'C'], ['C', 'A', 'D', 'B']]","{'A': 4, 'C': 4, 'D': 4, 'B': 3}","[0.75, 1.0, 0.75]",3.96
95,"[1, 3, 5]","[3, 4, 3]","[0.58, 0.79, 0.58]","[['D', 'C', 'A', 'B'], ['A', 'D', 'B', 'C'], ['C', 'D', 'A', 'B']]","{'A': 4, 'C': 4, 'D': 4, 'B': 3}","[0.75, 1.0, 0.75]",3.96
95,"[1, 3, 5]","[3, 4, 3]","[0.58, 0.79, 0.58]","[['D', 'C', 'A', 'B'], ['A', 'D', 'B', 'C'], ['D', 'A', 'C', 'B']]","{'A': 4, 'C': 4, 'D': 4, 'B': 3}","[0.75, 1.0, 0.75]",3.96
95,"[1, 3, 5]","[3, 4, 3]","[0.58, 0.79, 0.58]","[['D', 'C', 'A', 'B'], ['A', 'D', 'B', 'C'], ['D', 'C', 'A', 'B']]","{'A': 4, 'C': 4, 'D': 4, 'B': 3}","[0.75, 1.0, 0.75]",3.96
95,"[1, 3, 5]","[3, 4, 3]","[0.58, 0.79, 0.58]","[['D', 'C', 'A', 'B'], ['A', 'D', 'C', 'B'], ['A', 'B', 'D', 'C']]","{'A': 4, 'C': 4, 'D': 4, 'B': 3}","[0.75, 1.0, 0.75]",3.96
95,"[1, 3, 5]","[3, 4, 3]","[0.58, 0.79, 0.58]","[['D', 'C', 'A', 'B'], ['A', 'D', 'C', 'B'], ['A', 'D', 'B', 'C']]","{'A': 4, 'C': 4, 'D': 4, 'B': 3}","[0.75, 1.0, 0.75]",3.96
95,"[1, 3, 5]","[3, 4, 3]","[0.58, 0.79, 0.58]","[['D', 'C', 'A', 'B'], ['A', 'D', 'C', 'B'], ['B', 'A', 'D', 'C']]","{'A': 4, 'C': 4, 'D': 4, 'B': 3}","[0.75, 1.0, 0.75]",3.96
95,"[1, 3, 5]","[3, 4, 3]","[0.58, 0.79, 0.58]","[['D', 'C', 'A', 'B'], ['A', 'D', 'C', 'B'], ['B', 'D', 'A', 'C']]","{'A': 4, 'C': 4, 'D': 4, 'B': 3}","[0.75, 1.0, 0.75]",3.96
95,"[1, 3, 5]","[3, 4, 3]","[0.58, 0.79, 0.58]","[['D', 'C', 'A', 'B'], ['A', 'D', 'C', 'B'], ['D', 'A', 'B', 'C']]","{'A': 4, 'C': 4, 'D': 4, 'B': 3}","[0.75, 1.0, 0.75]",3.96
95,"[1, 3, 5]","[3, 4, 3]","[0.58, 0.79, 0.58]","[['D', 'C', 'A', 'B'], ['A', 'D', 'C', 'B'], ['D', 'B', 'A', 'C']]","{'A': 4, 'C': 4, 'D': 4, 'B': 3}","[0.75, 1.0, 0.75]",3.96
95,"[1, 3, 5]","[3, 4, 3]","[0.58, 0.79, 0.58]","[['D', 'C', 'A', 'B'], ['B', 'A', 'D', 'C'], ['A', 'C', 'D', 'B']]","{'A': 4, 'C': 4, 'D': 4, 'B': 3}","[0.75, 1.0, 0.75]",3.96
95,"[1, 3, 5]","[3, 4, 3]","[0.58, 0.79, 0.58]","[['D', 'C', 'A', 'B'], ['B', 'A', 'D', 'C'], ['A', 'D', 'C', 'B']]","{'A': 4, 'C': 4, 'D': 4, 'B': 3}","[0.75, 1.0, 0.75]",3.96
95,"[1, 3, 5]","[3, 4, 3]","[0.58, 0.79, 0.58]","[['D', 'C', 'A', 'B'], ['B', 'A', 'D', 'C'], ['C', 'A', 'D', 'B']]","{'A': 4, 'C': 4, 'D': 4, 'B': 3}","[0.75, 1.0, 0.75]",3.96
95,"[1, 3, 5]","[3, 4, 3]","[0.58, 0.79, 0.58]","[['D', 'C', 'A', 'B'], ['B', 'A', 'D', 'C'], ['C', 'D', 'A', 'B']]","{'A': 4, 'C': 4, 'D': 4, 'B': 3}","[0.75, 1.0, 0.75]",3.96
95,"[1, 3, 5]","[3, 4, 3]","[0.58, 0.79, 0.58]","[['D', 'C', 'A', 'B'], ['B', 'A', 'D', 'C'], ['D', 'A', 'C', 'B']]","{'A': 4, 'C': 4, 'D': 4, 'B': 3}","[0.75, 1.0, 0.75]",3.96
95,"[1, 3, 5]","[3, 4, 3]","[0.58, 0.79, 0.58]","[['D', 'C', 'A', 'B'], ['B', 'A', 'D', 'C'], ['D', 'C', 'A', 'B']]","{'A': 4, 'C': 4, 'D': 4, 'B': 3}","[0.75, 1.0, 0.75]",3.96
95,"[1, 3, 5]","[3, 4, 3]","[0.58, 0.79, 0.58]","[['D', 'C', 'A', 'B'], ['B', 'D', 'A', 'C'], ['A', 'C', 'D', 'B']]","{'A': 4, 'C': 4, 'D': 4, 'B': 3}","[0.75, 1.0, 0.75]",3.96
95,"[1, 3, 5]","[3, 4, 3]","[0.58, 0.79, 0.58]","[['D', 'C', 'A', 'B'], ['B', 'D', 'A', 'C'], ['A', 'D', 'C', 'B']]","{'A': 4, 'C': 4, 'D': 4, 'B': 3}","[0.75, 1.0, 0.75]",3.96
95,"[1, 3, 5]","[3, 4, 3]","[0.58, 0.79, 0.58]","[['D', 'C', 'A', 'B'], ['B', 'D', 'A', 'C'], ['C', 'A', 'D', 'B']]","{'A': 4, 'C': 4, 'D': 4, 'B': 3}","[0.75, 1.0, 0.75]",3.96
95,"[1, 3, 5]","[3, 4, 3]","[0.58, 0.79, 0.58]","[['D', 'C', 'A', 'B'], ['B', 'D', 'A', 'C'], ['C', 'D', 'A', 'B']]","{'A': 4, 'C': 4, 'D': 4, 'B': 3}","[0.75, 1.0, 0.75]",3.96
95,"[1, 3, 5]","[3, 4, 3]","[0.58, 0.79, 0.58]","[['D', 'C', 'A', 'B'], ['B', 'D', 'A', 'C'], ['D', 'A', 'C', 'B']]","{'A': 4, 'C': 4, 'D': 4, 'B': 3}","[0.75, 1.0, 0.75]",3.96
95,"[1, 3, 5]","[3, 4, 3]","[0.58, 0.79, 0.58]","[['D', 'C', 'A', 'B'], ['B', 'D', 'A', 'C'], ['D', 'C', 'A', 'B']]","{'A': 4, 'C': 4, 'D': 4, 'B': 3}","[0.75, 1.0, 0.75]",3.96
95,"[1, 3, 5]","[3, 4, 3]","[0.58, 0.79, 0.58]","[['D', 'C', 'A', 'B'], ['C', 'A', 'D', 'B'], ['A', 'B', 'D', 'C']]","{'A': 4, 'C': 4, 'D': 4, 'B': 3}","[0.75, 1.0, 0.75]",3.96
95,"[1, 3, 5]","[3, 4, 3]","[0.58, 0.79, 0.58]","[['D', 'C', 'A', 'B'], ['C', 'A', 'D', 'B'], ['A', 'D', 'B', 'C']]","{'A': 4, 'C': 4, 'D': 4, 'B': 3}","[0.75, 1.0, 0.75]",3.96
95,"[1, 3, 5]","[3, 4, 3]","[0.58, 0.79, 0.58]","[['D', 'C', 'A', 'B'], ['C', 'A', 'D', 'B'], ['B', 'A', 'D', 'C']]","{'A': 4, 'C': 4, 'D': 4, 'B': 3}","[0.75, 1.0, 0.75]",3.96
95,"[1, 3, 5]","[3, 4, 3]","[0.58, 0.79, 0.58]","[['D', 'C', 'A', 'B'], ['C', 'A', 'D', 'B'], ['B', 'D', 'A', 'C']]","{'A': 4, 'C': 4, 'D': 4, 'B': 3}","[0.75, 1.0, 0.75]",3.96
95,"[1, 3, 5]","[3, 4, 3]","[0.58, 0.79, 0.58]","[['D', 'C', 'A', 'B'], ['C', 'A', 'D', 'B'], ['D', 'A', 'B', 'C']]","{'A': 4, 'C': 4, 'D': 4, 'B': 3}","[0.75, 1.0, 0.75]",3.96
95,"[1, 3, 5]","[3, 4, 3]","[0.58, 0.79, 0.58]","[['D', 'C', 'A', 'B'], ['C', 'A', 'D', 'B'], ['D', 'B', 'A', 'C']]","{'A': 4, 'C': 4, 'D': 4, 'B': 3}","[0.75, 1.0, 0.75]",3.96
95,"[1, 3, 5]","[3, 4, 3]","[0.58, 0.79, 0.58]","[['D', 'C', 'A', 'B'], ['C', 'D', 'A', 'B'], ['A', 'B', 'D', 'C']]","{'A': 4, 'C': 4, 'D': 4, 'B': 3}","[0.75, 1.0, 0.75]",3.96
95,"[1, 3, 5]","[3, 4, 3]","[0.58, 0.79, 0.58]","[['D', 'C', 'A', 'B'], ['C', 'D', 'A', 'B'], ['A', 'D', 'B', 'C']]","{'A': 4, 'C': 4, 'D': 4, 'B': 3}","[0.75, 1.0, 0.75]",3.96
95,"[1, 3, 5]","[3, 4, 3]","[0.58, 0.79, 0.58]","[['D', 'C', 'A', 'B'], ['C', 'D', 'A', 'B'], ['B', 'A', 'D', 'C']]","{'A': 4, 'C': 4, 'D': 4, 'B': 3}","[0.75, 1.0, 0.75]",3.96
95,"[1, 3, 5]","[3, 4, 3]","[0.58, 0.79, 0.58]","[['D', 'C', 'A', 'B'], ['C', 'D', 'A', 'B'], ['B', 'D', 'A', 'C']]","{'A': 4, 'C': 4, 'D': 4, 'B': 3}","[0.75, 1.0, 0.75]",3.96
95,"[1, 3, 5]","[3, 4, 3]","[0.58, 0.79, 0.58]","[['D', 'C', 'A', 'B'], ['C', 'D', 'A', 'B'], ['D', 'A', 'B', 'C']]","{'A': 4, 'C': 4, 'D': 4, 'B': 3}","[0.75, 1.0, 0.75]",3.96
95,"[1, 3, 5]","[3, 4, 3]","[0.58, 0.79, 0.58]","[['D', 'C', 'A', 'B'], ['C', 'D', 'A', 'B'], ['D', 'B', 'A', 'C']]","{'A': 4, 'C': 4, 'D': 4, 'B': 3}","[0.75, 1.0, 0.75]",3.96
95,"[1, 3, 5]","[3, 4, 3]","[0.58, 0.79, 0.58]","[['D', 'C', 'A', 'B'], ['D', 'A', 'B', 'C'], ['A', 'C', 'D', 'B']]","{'A': 4, 'C': 4, 'D': 4, 'B': 3}","[0.75, 1.0, 0.75]",3.96
95,"[1, 3, 5]","[3, 4, 3]","[0.58, 0.79, 0.58]","[['D', 'C', 'A', 'B'], ['D', 'A', 'B', 'C'], ['A', 'D', 'C', 'B']]","{'A': 4, 'C': 4, 'D': 4, 'B': 3}","[0.75, 1.0, 0.75]",3.96
95,"[1, 3, 5]","[3, 4, 3]","[0.58, 0.79, 0.58]","[['D', 'C', 'A', 'B'], ['D', 'A', 'B', 'C'], ['C', 'A', 'D', 'B']]","{'A': 4, 'C': 4, 'D': 4, 'B': 3}","[0.75, 1.0, 0.75]",3.96
95,"[1, 3, 5]","[3, 4, 3]","[0.58, 0.79, 0.58]","[['D', 'C', 'A', 'B'], ['D', 'A', 'B', 'C'], ['C', 'D', 'A', 'B']]","{'A': 4, 'C': 4, 'D': 4, 'B': 3}","[0.75, 1.0, 0.75]",3.96
95,"[1, 3, 5]","[3, 4, 3]","[0.58, 0.79, 0.58]","[['D', 'C', 'A', 'B'], ['D', 'A', 'B', 'C'], ['D', 'A', 'C', 'B']]","{'A': 4, 'C': 4, 'D': 4, 'B': 3}","[0.75, 1.0, 0.75]",3.96
95,"[1, 3, 5]","[3, 4, 3]","[0.58, 0.79, 0.58]","[['D', 'C', 'A', 'B'], ['D', 'A', 'B', 'C'], ['D', 'C', 'A', 'B']]","{'A': 4, 'C': 4, 'D': 4, 'B': 3}","[0.75, 1.0, 0.75]",3.96
95,"[1, 3, 5]","[3, 4, 3]","[0.58, 0.79, 0.58]","[['D', 'C', 'A', 'B'], ['D', 'A', 'C', 'B'], ['A', 'B', 'D', 'C']]","{'A': 4, 'C': 4, 'D': 4, 'B': 3}","[0.75, 1.0, 0.75]",3.96
95,"[1, 3, 5]","[3, 4, 3]","[0.58, 0.79, 0.58]","[['D', 'C', 'A', 'B'], ['D', 'A', 'C', 'B'], ['A', 'D', 'B', 'C']]","{'A': 4, 'C': 4, 'D': 4, 'B': 3}","[0.75, 1.0, 0.75]",3.96
95,"[1, 3, 5]","[3, 4, 3]","[0.58, 0.79, 0.58]","[['D', 'C', 'A', 'B'], ['D', 'A', 'C', 'B'], ['B', 'A', 'D', 'C']]","{'A': 4, 'C': 4, 'D': 4, 'B': 3}","[0.75, 1.0, 0.75]",3.96
95,"[1, 3, 5]","[3, 4, 3]","[0.58, 0.79, 0.58]","[['D', 'C', 'A', 'B'], ['D', 'A', 'C', 'B'], ['B', 'D', 'A', 'C']]","{'A': 4, 'C': 4, 'D': 4, 'B': 3}","[0.75, 1.0, 0.75]",3.96
95,"[1, 3, 5]","[3, 4, 3]","[0.58, 0.79, 0.58]","[['D', 'C', 'A', 'B'], ['D', 'A', 'C', 'B'], ['D', 'A', 'B', 'C']]","{'A': 4, 'C': 4, 'D': 4, 'B': 3}","[0.75, 1.0, 0.75]",3.96
95,"[1, 3, 5]","[3, 4, 3]","[0.58, 0.79, 0.58]","[['D', 'C', 'A', 'B'], ['D', 'A', 'C', 'B'], ['D', 'B', 'A', 'C']]","{'A': 4, 'C': 4, 'D': 4, 'B': 3}","[0.75, 1.0, 0.75]",3.96
95,"[1, 3, 5]","[3, 4, 3]","[0.58, 0.79, 0.58]","[['D', 'C', 'A', 'B'], ['D', 'B', 'A', 'C'], ['A', 'C', 'D', 'B']]","{'A': 4, 'C': 4, 'D': 4, 'B': 3}","[0.75, 1.0, 0.75]",3.96
95,"[1, 3, 5]","[3, 4, 3]","[0.58, 0.79, 0.58]","[['D', 'C', 'A', 'B'], ['D', 'B', 'A', 'C'], ['A', 'D', 'C', 'B']]","{'A': 4, 'C': 4, 'D': 4, 'B': 3}","[0.75, 1.0, 0.75]",3.96
95,"[1, 3, 5]","[3, 4, 3]","[0.58, 0.79, 0.58]","[['D', 'C', 'A', 'B'], ['D', 'B', 'A', 'C'], ['C', 'A', 'D', 'B']]","{'A': 4, 'C': 4, 'D': 4, 'B': 3}","[0.75, 1.0, 0.75]",3.96
95,"[1, 3, 5]","[3, 4, 3]","[0.58, 0.79, 0.58]","[['D', 'C', 'A', 'B'], ['D', 'B', 'A', 'C'], ['C', 'D', 'A', 'B']]","{'A': 4, 'C': 4, 'D': 4, 'B': 3}","[0.75, 1.0, 0.75]",3.96
95,"[1, 3, 5]","[3, 4, 3]","[0.58, 0.79, 0.58]","[['D', 'C', 'A', 'B'], ['D', 'B', 'A', 'C'], ['D', 'A', 'C', 'B']]","{'A': 4, 'C': 4, 'D': 4, 'B': 3}","[0.75, 1.0, 0.75]",3.96
95,"[1, 3, 5]","[3, 4, 3]","[0.58, 0.79, 0.58]","[['D', 'C', 'A', 'B'], ['D', 'B', 'A', 'C'], ['D', 'C', 'A', 'B']]","{'A': 4, 'C': 4, 'D': 4, 'B': 3}","[0.75, 1.0, 0.75]",3.96
95,"[1, 3, 5]","[3, 4, 3]","[0.58, 0.79, 0.58]","[['D', 'C', 'A', 'B'], ['D', 'C', 'A', 'B'], ['A', 'B', 'D', 'C']]","{'A': 4, 'C': 4, 'D': 4, 'B': 3}","[0.75, 1.0, 0.75]",3.96
95,"[1, 3, 5]","[3, 4, 3]","[0.58, 0.79, 0.58]","[['D', 'C', 'A', 'B'], ['D', 'C', 'A', 'B'], ['A', 'D', 'B', 'C']]","{'A': 4, 'C': 4, 'D': 4, 'B': 3}","[0.75, 1.0, 0.75]",3.96
95,"[1, 3, 5]","[3, 4, 3]","[0.58, 0.79, 0.58]","[['D', 'C', 'A', 'B'], ['D', 'C', 'A', 'B'], ['B', 'A', 'D', 'C']]","{'A': 4, 'C': 4, 'D': 4, 'B': 3}","[0.75, 1.0, 0.75]",3.96
95,"[1, 3, 5]","[3, 4, 3]","[0.58, 0.79, 0.58]","[['D', 'C', 'A', 'B'], ['D', 'C', 'A', 'B'], ['B', 'D', 'A', 'C']]","{'A': 4, 'C': 4, 'D': 4, 'B': 3}","[0.75, 1.0, 0.75]",3.96
95,"[1, 3, 5]","[3, 4, 3]","[0.58, 0.79, 0.58]","[['D', 'C', 'A', 'B'], ['D', 'C', 'A', 'B'], ['D', 'A', 'B', 'C']]","{'A': 4, 'C': 4, 'D': 4, 'B': 3}","[0.75, 1.0, 0.75]",3.96
95,"[1, 3, 5]","[3, 4, 3]","[0.58, 0.79, 0.58]","[['D', 'C', 'A', 'B'], ['D', 'C', 'A', 'B'], ['D', 'B', 'A', 'C']]","{'A': 4, 'C': 4, 'D': 4, 'B': 3}","[0.75, 1.0, 0.75]",3.96
95,"[1, 4, 5]","[3, 4, 3]","[0.58, 0.88, 0.58]","[['A', 'B', 'D', 'C'], ['A', 'C', 'D', 'B'], ['A', 'C', 'D', 'B']]","{'A': 4, 'C': 4, 'D': 4, 'B': 3}","[0.75, 1.0, 0.75]",3.96
95,"[1, 4, 5]","[3, 4, 3]","[0.58, 0.88, 0.58]","[['A', 'B', 'D', 'C'], ['A', 'C', 'D', 'B'], ['A', 'D', 'C', 'B']]","{'A': 4, 'C': 4, 'D': 4, 'B': 3}","[0.75, 1.0, 0.75]",3.96
95,"[1, 4, 5]","[3, 4, 3]","[0.58, 0.88, 0.58]","[['A', 'B', 'D', 'C'], ['A', 'C', 'D', 'B'], ['C', 'A', 'D', 'B']]","{'A': 4, 'C': 4, 'D': 4, 'B': 3}","[0.75, 1.0, 0.75]",3.96
95,"[1, 4, 5]","[3, 4, 3]","[0.58, 0.88, 0.58]","[['A', 'B', 'D', 'C'], ['A', 'C', 'D', 'B'], ['C', 'D', 'A', 'B']]","{'A': 4, 'C': 4, 'D': 4, 'B': 3}","[0.75, 1.0, 0.75]",3.96
95,"[1, 4, 5]","[3, 4, 3]","[0.58, 0.88, 0.58]","[['A', 'B', 'D', 'C'], ['A', 'C', 'D', 'B'], ['D', 'A', 'C', 'B']]","{'A': 4, 'C': 4, 'D': 4, 'B': 3}","[0.75, 1.0, 0.75]",3.96
95,"[1, 4, 5]","[3, 4, 3]","[0.58, 0.88, 0.58]","[['A', 'B', 'D', 'C'], ['A', 'C', 'D', 'B'], ['D', 'C', 'A', 'B']]","{'A': 4, 'C': 4, 'D': 4, 'B': 3}","[0.75, 1.0, 0.75]",3.96
95,"[1, 4, 5]","[3, 4, 3]","[0.58, 0.88, 0.58]","[['A', 'B', 'D', 'C'], ['A', 'D', 'C', 'B'], ['A', 'C', 'D', 'B']]","{'A': 4, 'C': 4, 'D': 4, 'B': 3}","[0.75, 1.0, 0.75]",3.96
95,"[1, 4, 5]","[3, 4, 3]","[0.58, 0.88, 0.58]","[['A', 'B', 'D', 'C'], ['A', 'D', 'C', 'B'], ['A', 'D', 'C', 'B']]","{'A': 4, 'C': 4, 'D': 4, 'B': 3}","[0.75, 1.0, 0.75]",3.96
95,"[1, 4, 5]","[3, 4, 3]","[0.58, 0.88, 0.58]","[['A', 'B', 'D', 'C'], ['A', 'D', 'C', 'B'], ['C', 'A', 'D', 'B']]","{'A': 4, 'C': 4, 'D': 4, 'B': 3}","[0.75, 1.0, 0.75]",3.96
95,"[1, 4, 5]","[3, 4, 3]","[0.58, 0.88, 0.58]","[['A', 'B', 'D', 'C'], ['A', 'D', 'C', 'B'], ['C', 'D', 'A', 'B']]","{'A': 4, 'C': 4, 'D': 4, 'B': 3}","[0.75, 1.0, 0.75]",3.96
95,"[1, 4, 5]","[3, 4, 3]","[0.58, 0.88, 0.58]","[['A', 'B', 'D', 'C'], ['A', 'D', 'C', 'B'], ['D', 'A', 'C', 'B']]","{'A': 4, 'C': 4, 'D': 4, 'B': 3}","[0.75, 1.0, 0.75]",3.96
95,"[1, 4, 5]","[3, 4, 3]","[0.58, 0.88, 0.58]","[['A', 'B', 'D', 'C'], ['A', 'D', 'C', 'B'], ['D', 'C', 'A', 'B']]","{'A': 4, 'C': 4, 'D': 4, 'B': 3}","[0.75, 1.0, 0.75]",3.96
95,"[1, 4, 5]","[3, 4, 3]","[0.58, 0.88, 0.58]","[['A', 'B', 'D', 'C'], ['C', 'A', 'D', 'B'], ['A', 'C', 'D', 'B']]","{'A': 4, 'C': 4, 'D': 4, 'B': 3}","[0.75, 1.0, 0.75]",3.96
95,"[1, 4, 5]","[3, 4, 3]","[0.58, 0.88, 0.58]","[['A', 'B', 'D', 'C'], ['C', 'A', 'D', 'B'], ['A', 'D', 'C', 'B']]","{'A': 4, 'C': 4, 'D': 4, 'B': 3}","[0.75, 1.0, 0.75]",3.96
95,"[1, 4, 5]","[3, 4, 3]","[0.58, 0.88, 0.58]","[['A', 'B', 'D', 'C'], ['C', 'A', 'D', 'B'], ['C', 'A', 'D', 'B']]","{'A': 4, 'C': 4, 'D': 4, 'B': 3}","[0.75, 1.0, 0.75]",3.96
95,"[1, 4, 5]","[3, 4, 3]","[0.58, 0.88, 0.58]","[['A', 'B', 'D', 'C'], ['C', 'A', 'D', 'B'], ['C', 'D', 'A', 'B']]","{'A': 4, 'C': 4, 'D': 4, 'B': 3}","[0.75, 1.0, 0.75]",3.96
95,"[1, 4, 5]","[3, 4, 3]","[0.58, 0.88, 0.58]","[['A', 'B', 'D', 'C'], ['C', 'A', 'D', 'B'], ['D', 'A', 'C', 'B']]","{'A': 4, 'C': 4, 'D': 4, 'B': 3}","[0.75, 1.0, 0.75]",3.96
95,"[1, 4, 5]","[3, 4, 3]","[0.58, 0.88, 0.58]","[['A', 'B', 'D', 'C'], ['C', 'A', 'D', 'B'], ['D', 'C', 'A', 'B']]","{'A': 4, 'C': 4, 'D': 4, 'B': 3}","[0.75, 1.0, 0.75]",3.96
95,"[1, 4, 5]","[3, 4, 3]","[0.58, 0.88, 0.58]","[['A', 'B', 'D', 'C'], ['C', 'D', 'A', 'B'], ['A', 'C', 'D', 'B']]","{'A': 4, 'C': 4, 'D': 4, 'B': 3}","[0.75, 1.0, 0.75]",3.96
95,"[1, 4, 5]","[3, 4, 3]","[0.58, 0.88, 0.58]","[['A', 'B', 'D', 'C'], ['C', 'D', 'A', 'B'], ['A', 'D', 'C', 'B']]","{'A': 4, 'C': 4, 'D': 4, 'B': 3}","[0.75, 1.0, 0.75]",3.96
95,"[1, 4, 5]","[3, 4, 3]","[0.58, 0.88, 0.58]","[['A', 'B', 'D', 'C'], ['C', 'D', 'A', 'B'], ['C', 'A', 'D', 'B']]","{'A': 4, 'C': 4, 'D': 4, 'B': 3}","[0.75, 1.0, 0.75]",3.96
95,"[1, 4, 5]","[3, 4, 3]","[0.58, 0.88, 0.58]","[['A', 'B', 'D', 'C'], ['C', 'D', 'A', 'B'], ['C', 'D', 'A', 'B']]","{'A': 4, 'C': 4, 'D': 4, 'B': 3}","[0.75, 1.0, 0.75]",3.96
95,"[1, 4, 5]","[3, 4, 3]","[0.58, 0.88, 0.58]","[['A', 'B', 'D', 'C'], ['C', 'D', 'A', 'B'], ['D', 'A', 'C', 'B']]","{'A': 4, 'C': 4, 'D': 4, 'B': 3}","[0.75, 1.0, 0.75]",3.96
95,"[1, 4, 5]","[3, 4, 3]","[0.58, 0.88, 0.58]","[['A', 'B', 'D', 'C'], ['C', 'D', 'A', 'B'], ['D', 'C', 'A', 'B']]","{'A': 4, 'C': 4, 'D': 4, 'B': 3}","[0.75, 1.0, 0.75]",3.96
95,"[1, 4, 5]","[3, 4, 3]","[0.58, 0.88, 0.58]","[['A', 'B', 'D', 'C'], ['D', 'A', 'C', 'B'], ['A', 'C', 'D', 'B']]","{'A': 4, 'C': 4, 'D': 4, 'B': 3}","[0.75, 1.0, 0.75]",3.96
95,"[1, 4, 5]","[3, 4, 3]","[0.58, 0.88, 0.58]","[['A', 'B', 'D', 'C'], ['D', 'A', 'C', 'B'], ['A', 'D', 'C', 'B']]","{'A': 4, 'C': 4, 'D': 4, 'B': 3}","[0.75, 1.0, 0.75]",3.96
95,"[1, 4, 5]","[3, 4, 3]","[0.58, 0.88, 0.58]","[['A', 'B', 'D', 'C'], ['D', 'A', 'C', 'B'], ['C', 'A', 'D', 'B']]","{'A': 4, 'C': 4, 'D': 4, 'B': 3}","[0.75, 1.0, 0.75]",3.96
95,"[1, 4, 5]","[3, 4, 3]","[0.58, 0.88, 0.58]","[['A', 'B', 'D', 'C'], ['D', 'A', 'C', 'B'], ['C', 'D', 'A', 'B']]","{'A': 4, 'C': 4, 'D': 4, 'B': 3}","[0.75, 1.0, 0.75]",3.96
95,"[1, 4, 5]","[3, 4, 3]","[0.58, 0.88, 0.58]","[['A', 'B', 'D', 'C'], ['D', 'A', 'C', 'B'], ['D', 'A', 'C', 'B']]","{'A': 4, 'C': 4, 'D': 4, 'B': 3}","[0.75, 1.0, 0.75]",3.96
95,"[1, 4, 5]","[3, 4, 3]","[0.58, 0.88, 0.58]","[['A', 'B', 'D', 'C'], ['D', 'A', 'C', 'B'], ['D', 'C', 'A', 'B']]","{'A': 4, 'C': 4, 'D': 4, 'B': 3}","[0.75, 1.0, 0.75]",3.96
95,"[1, 4, 5]","[3, 4, 3]","[0.58, 0.88, 0.58]","[['A', 'B', 'D', 'C'], ['D', 'C', 'A', 'B'], ['A', 'C', 'D', 'B']]","{'A': 4, 'C': 4, 'D': 4, 'B': 3}","[0.75, 1.0, 0.75]",3.96
95,"[1, 4, 5]","[3, 4, 3]","[0.58, 0.88, 0.58]","[['A', 'B', 'D', 'C'], ['D', 'C', 'A', 'B'], ['A', 'D', 'C', 'B']]","{'A': 4, 'C': 4, 'D': 4, 'B': 3}","[0.75, 1.0, 0.75]",3.96
95,"[1, 4, 5]","[3, 4, 3]","[0.58, 0.88, 0.58]","[['A', 'B', 'D', 'C'], ['D', 'C', 'A', 'B'], ['C', 'A', 'D', 'B']]","{'A': 4, 'C': 4, 'D': 4, 'B': 3}","[0.75, 1.0, 0.75]",3.96
95,"[1, 4, 5]","[3, 4, 3]","[0.58, 0.88, 0.58]","[['A', 'B', 'D', 'C'], ['D', 'C', 'A', 'B'], ['C', 'D', 'A', 'B']]","{'A': 4, 'C': 4, 'D': 4, 'B': 3}","[0.75, 1.0, 0.75]",3.96
95,"[1, 4, 5]","[3, 4, 3]","[0.58, 0.88, 0.58]","[['A', 'B', 'D', 'C'], ['D', 'C', 'A', 'B'], ['D', 'A', 'C', 'B']]","{'A': 4, 'C': 4, 'D': 4, 'B': 3}","[0.75, 1.0, 0.75]",3.96
95,"[1, 4, 5]","[3, 4, 3]","[0.58, 0.88, 0.58]","[['A', 'B', 'D', 'C'], ['D', 'C', 'A', 'B'], ['D', 'C', 'A', 'B']]","{'A': 4, 'C': 4, 'D': 4, 'B': 3}","[0.75, 1.0, 0.75]",3.96
95,"[1, 4, 5]","[3, 4, 3]","[0.58, 0.88, 0.58]","[['A', 'C', 'D', 'B'], ['A', 'B', 'D', 'C'], ['A', 'C', 'D', 'B']]","{'A': 4, 'C': 4, 'D': 4, 'B': 3}","[0.75, 1.0, 0.75]",3.96
95,"[1, 4, 5]","[3, 4, 3]","[0.58, 0.88, 0.58]","[['A', 'C', 'D', 'B'], ['A', 'B', 'D', 'C'], ['A', 'D', 'C', 'B']]","{'A': 4, 'C': 4, 'D': 4, 'B': 3}","[0.75, 1.0, 0.75]",3.96
95,"[1, 4, 5]","[3, 4, 3]","[0.58, 0.88, 0.58]","[['A', 'C', 'D', 'B'], ['A', 'B', 'D', 'C'], ['C', 'A', 'D', 'B']]","{'A': 4, 'C': 4, 'D': 4, 'B': 3}","[0.75, 1.0, 0.75]",3.96
95,"[1, 4, 5]","[3, 4, 3]","[0.58, 0.88, 0.58]","[['A', 'C', 'D', 'B'], ['A', 'B', 'D', 'C'], ['C', 'D', 'A', 'B']]","{'A': 4, 'C': 4, 'D': 4, 'B': 3}","[0.75, 1.0, 0.75]",3.96
95,"[1, 4, 5]","[3, 4, 3]","[0.58, 0.88, 0.58]","[['A', 'C', 'D', 'B'], ['A', 'B', 'D', 'C'], ['D', 'A', 'C', 'B']]","{'A': 4, 'C': 4, 'D': 4, 'B': 3}","[0.75, 1.0, 0.75]",3.96
95,"[1, 4, 5]","[3, 4, 3]","[0.58, 0.88, 0.58]","[['A', 'C', 'D', 'B'], ['A', 'B', 'D', 'C'], ['D', 'C', 'A', 'B']]","{'A': 4, 'C': 4, 'D': 4, 'B': 3}","[0.75, 1.0, 0.75]",3.96
95,"[1, 4, 5]","[3, 4, 3]","[0.58, 0.88, 0.58]","[['A', 'C', 'D', 'B'], ['A', 'C', 'D', 'B'], ['A', 'B', 'D', 'C']]","{'A': 4, 'C': 4, 'D': 4, 'B': 3}","[0.75, 1.0, 0.75]",3.96
95,"[1, 4, 5]","[3, 4, 3]","[0.58, 0.88, 0.58]","[['A', 'C', 'D', 'B'], ['A', 'C', 'D', 'B'], ['A', 'D', 'B', 'C']]","{'A': 4, 'C': 4, 'D': 4, 'B': 3}","[0.75, 1.0, 0.75]",3.96
95,"[1, 4, 5]","[3, 4, 3]","[0.58, 0.88, 0.58]","[['A', 'C', 'D', 'B'], ['A', 'C', 'D', 'B'], ['B', 'A', 'D', 'C']]","{'A': 4, 'C': 4, 'D': 4, 'B': 3}","[0.75, 1.0, 0.75]",3.96
95,"[1, 4, 5]","[3, 4, 3]","[0.58, 0.88, 0.58]","[['A', 'C', 'D', 'B'], ['A', 'C', 'D', 'B'], ['B', 'D', 'A', 'C']]","{'A': 4, 'C': 4, 'D': 4, 'B': 3}","[0.75, 1.0, 0.75]",3.96
95,"[1, 4, 5]","[3, 4, 3]","[0.58, 0.88, 0.58]","[['A', 'C', 'D', 'B'], ['A', 'C', 'D', 'B'], ['D', 'A', 'B', 'C']]","{'A': 4, 'C': 4, 'D': 4, 'B': 3}","[0.75, 1.0, 0.75]",3.96
95,"[1, 4, 5]","[3, 4, 3]","[0.58, 0.88, 0.58]","[['A', 'C', 'D', 'B'], ['A', 'C', 'D', 'B'], ['D', 'B', 'A', 'C']]","{'A': 4, 'C': 4, 'D': 4, 'B': 3}","[0.75, 1.0, 0.75]",3.96
95,"[1, 4, 5]","[3, 4, 3]","[0.58, 0.88, 0.58]","[['A', 'C', 'D', 'B'], ['A', 'D', 'B', 'C'], ['A', 'C', 'D', 'B']]","{'A': 4, 'C': 4, 'D': 4, 'B': 3}","[0.75, 1.0, 0.75]",3.96
95,"[1, 4, 5]","[3, 4, 3]","[0.58, 0.88, 0.58]","[['A', 'C', 'D', 'B'], ['A', 'D', 'B', 'C'], ['A', 'D', 'C', 'B']]","{'A': 4, 'C': 4, 'D': 4, 'B': 3}","[0.75, 1.0, 0.75]",3.96
95,"[1, 4, 5]","[3, 4, 3]","[0.58, 0.88, 0.58]","[['A', 'C', 'D', 'B'], ['A', 'D', 'B', 'C'], ['C', 'A', 'D', 'B']]","{'A': 4, 'C': 4, 'D': 4, 'B': 3}","[0.75, 1.0, 0.75]",3.96
95,"[1, 4, 5]","[3, 4, 3]","[0.58, 0.88, 0.58]","[['A', 'C', 'D', 'B'], ['A', 'D', 'B', 'C'], ['C', 'D', 'A', 'B']]","{'A': 4, 'C': 4, 'D': 4, 'B': 3}","[0.75, 1.0, 0.75]",3.96
95,"[1, 4, 5]","[3, 4, 3]","[0.58, 0.88, 0.58]","[['A', 'C', 'D', 'B'], ['A', 'D', 'B', 'C'], ['D', 'A', 'C', 'B']]","{'A': 4, 'C': 4, 'D': 4, 'B': 3}","[0.75, 1.0, 0.75]",3.96
95,"[1, 4, 5]","[3, 4, 3]","[0.58, 0.88, 0.58]","[['A', 'C', 'D', 'B'], ['A', 'D', 'B', 'C'], ['D', 'C', 'A', 'B']]","{'A': 4, 'C': 4, 'D': 4, 'B': 3}","[0.75, 1.0, 0.75]",3.96
95,"[1, 4, 5]","[3, 4, 3]","[0.58, 0.88, 0.58]","[['A', 'C', 'D', 'B'], ['A', 'D', 'C', 'B'], ['A', 'B', 'D', 'C']]","{'A': 4, 'C': 4, 'D': 4, 'B': 3}","[0.75, 1.0, 0.75]",3.96
95,"[1, 4, 5]","[3, 4, 3]","[0.58, 0.88, 0.58]","[['A', 'C', 'D', 'B'], ['A', 'D', 'C', 'B'], ['A', 'D', 'B', 'C']]","{'A': 4, 'C': 4, 'D': 4, 'B': 3}","[0.75, 1.0, 0.75]",3.96
95,"[1, 4, 5]","[3, 4, 3]","[0.58, 0.88, 0.58]","[['A', 'C', 'D', 'B'], ['A', 'D', 'C', 'B'], ['B', 'A', 'D', 'C']]","{'A': 4, 'C': 4, 'D': 4, 'B': 3}","[0.75, 1.0, 0.75]",3.96
95,"[1, 4, 5]","[3, 4, 3]","[0.58, 0.88, 0.58]","[['A', 'C', 'D', 'B'], ['A', 'D', 'C', 'B'], ['B', 'D', 'A', 'C']]","{'A': 4, 'C': 4, 'D': 4, 'B': 3}","[0.75, 1.0, 0.75]",3.96
95,"[1, 4, 5]","[3, 4, 3]","[0.58, 0.88, 0.58]","[['A', 'C', 'D', 'B'], ['A', 'D', 'C', 'B'], ['D', 'A', 'B', 'C']]","{'A': 4, 'C': 4, 'D': 4, 'B': 3}","[0.75, 1.0, 0.75]",3.96
95,"[1, 4, 5]","[3, 4, 3]","[0.58, 0.88, 0.58]","[['A', 'C', 'D', 'B'], ['A', 'D', 'C', 'B'], ['D', 'B', 'A', 'C']]","{'A': 4, 'C': 4, 'D': 4, 'B': 3}","[0.75, 1.0, 0.75]",3.96
95,"[1, 4, 5]","[3, 4, 3]","[0.58, 0.88, 0.58]","[['A', 'C', 'D', 'B'], ['B', 'A', 'D', 'C'], ['A', 'C', 'D', 'B']]","{'A': 4, 'C': 4, 'D': 4, 'B': 3}","[0.75, 1.0, 0.75]",3.96
95,"[1, 4, 5]","[3, 4, 3]","[0.58, 0.88, 0.58]","[['A', 'C', 'D', 'B'], ['B', 'A', 'D', 'C'], ['A', 'D', 'C', 'B']]","{'A': 4, 'C': 4, 'D': 4, 'B': 3}","[0.75, 1.0, 0.75]",3.96
95,"[1, 4, 5]","[3, 4, 3]","[0.58, 0.88, 0.58]","[['A', 'C', 'D', 'B'], ['B', 'A', 'D', 'C'], ['C', 'A', 'D', 'B']]","{'A': 4, 'C': 4, 'D': 4, 'B': 3}","[0.75, 1.0, 0.75]",3.96
95,"[1, 4, 5]","[3, 4, 3]","[0.58, 0.88, 0.58]","[['A', 'C', 'D', 'B'], ['B', 'A', 'D', 'C'], ['C', 'D', 'A', 'B']]","{'A': 4, 'C': 4, 'D': 4, 'B': 3}","[0.75, 1.0, 0.75]",3.96
95,"[1, 4, 5]","[3, 4, 3]","[0.58, 0.88, 0.58]","[['A', 'C', 'D', 'B'], ['B', 'A', 'D', 'C'], ['D', 'A', 'C', 'B']]","{'A': 4, 'C': 4, 'D': 4, 'B': 3}","[0.75, 1.0, 0.75]",3.96
95,"[1, 4, 5]","[3, 4, 3]","[0.58, 0.88, 0.58]","[['A', 'C', 'D', 'B'], ['B', 'A', 'D', 'C'], ['D', 'C', 'A', 'B']]","{'A': 4, 'C': 4, 'D': 4, 'B': 3}","[0.75, 1.0, 0.75]",3.96
95,"[1, 4, 5]","[3, 4, 3]","[0.58, 0.88, 0.58]","[['A', 'C', 'D', 'B'], ['B', 'D', 'A', 'C'], ['A', 'C', 'D', 'B']]","{'A': 4, 'C': 4, 'D': 4, 'B': 3}","[0.75, 1.0, 0.75]",3.96
95,"[1, 4, 5]","[3, 4, 3]","[0.58, 0.88, 0.58]","[['A', 'C', 'D', 'B'], ['B', 'D', 'A', 'C'], ['A', 'D', 'C', 'B']]","{'A': 4, 'C': 4, 'D': 4, 'B': 3}","[0.75, 1.0, 0.75]",3.96
95,"[1, 4, 5]","[3, 4, 3]","[0.58, 0.88, 0.58]","[['A', 'C', 'D', 'B'], ['B', 'D', 'A', 'C'], ['C', 'A', 'D', 'B']]","{'A': 4, 'C': 4, 'D': 4, 'B': 3}","[0.75, 1.0, 0.75]",3.96
95,"[1, 4, 5]","[3, 4, 3]","[0.58, 0.88, 0.58]","[['A', 'C', 'D', 'B'], ['B', 'D', 'A', 'C'], ['C', 'D', 'A', 'B']]","{'A': 4, 'C': 4, 'D': 4, 'B': 3}","[0.75, 1.0, 0.75]",3.96
95,"[1, 4, 5]","[3, 4, 3]","[0.58, 0.88, 0.58]","[['A', 'C', 'D', 'B'], ['B', 'D', 'A', 'C'], ['D', 'A', 'C', 'B']]","{'A': 4, 'C': 4, 'D': 4, 'B': 3}","[0.75, 1.0, 0.75]",3.96
95,"[1, 4, 5]","[3, 4, 3]","[0.58, 0.88, 0.58]","[['A', 'C', 'D', 'B'], ['B', 'D', 'A', 'C'], ['D', 'C', 'A', 'B']]","{'A': 4, 'C': 4, 'D': 4, 'B': 3}","[0.75, 1.0, 0.75]",3.96
95,"[1, 4, 5]","[3, 4, 3]","[0.58, 0.88, 0.58]","[['A', 'C', 'D', 'B'], ['C', 'A', 'D', 'B'], ['A', 'B', 'D', 'C']]","{'A': 4, 'C': 4, 'D': 4, 'B': 3}","[0.75, 1.0, 0.75]",3.96
95,"[1, 4, 5]","[3, 4, 3]","[0.58, 0.88, 0.58]","[['A', 'C', 'D', 'B'], ['C', 'A', 'D', 'B'], ['A', 'D', 'B', 'C']]","{'A': 4, 'C': 4, 'D': 4, 'B': 3}","[0.75, 1.0, 0.75]",3.96
95,"[1, 4, 5]","[3, 4, 3]","[0.58, 0.88, 0.58]","[['A', 'C', 'D', 'B'], ['C', 'A', 'D', 'B'], ['B', 'A', 'D', 'C']]","{'A': 4, 'C': 4, 'D': 4, 'B': 3}","[0.75, 1.0, 0.75]",3.96
95,"[1, 4, 5]","[3, 4, 3]","[0.58, 0.88, 0.58]","[['A', 'C', 'D', 'B'], ['C', 'A', 'D', 'B'], ['B', 'D', 'A', 'C']]","{'A': 4, 'C': 4, 'D': 4, 'B': 3}","[0.75, 1.0, 0.75]",3.96
95,"[1, 4, 5]","[3, 4, 3]","[0.58, 0.88, 0.58]","[['A', 'C', 'D', 'B'], ['C', 'A', 'D', 'B'], ['D', 'A', 'B', 'C']]","{'A': 4, 'C': 4, 'D': 4, 'B': 3}","[0.75, 1.0, 0.75]",3.96
95,"[1, 4, 5]","[3, 4, 3]","[0.58, 0.88, 0.58]","[['A', 'C', 'D', 'B'], ['C', 'A', 'D', 'B'], ['D', 'B', 'A', 'C']]","{'A': 4, 'C': 4, 'D': 4, 'B': 3}","[0.75, 1.0, 0.75]",3.96
95,"[1, 4, 5]","[3, 4, 3]","[0.58, 0.88, 0.58]","[['A', 'C', 'D', 'B'], ['C', 'D', 'A', 'B'], ['A', 'B', 'D', 'C']]","{'A': 4, 'C': 4, 'D': 4, 'B': 3}","[0.75, 1.0, 0.75]",3.96
95,"[1, 4, 5]","[3, 4, 3]","[0.58, 0.88, 0.58]","[['A', 'C', 'D', 'B'], ['C', 'D', 'A', 'B'], ['A', 'D', 'B', 'C']]","{'A': 4, 'C': 4, 'D': 4, 'B': 3}","[0.75, 1.0, 0.75]",3.96
95,"[1, 4, 5]","[3, 4, 3]","[0.58, 0.88, 0.58]","[['A', 'C', 'D', 'B'], ['C', 'D', 'A', 'B'], ['B', 'A', 'D', 'C']]","{'A': 4, 'C': 4, 'D': 4, 'B': 3}","[0.75, 1.0, 0.75]",3.96
95,"[1, 4, 5]","[3, 4, 3]","[0.58, 0.88, 0.58]","[['A', 'C', 'D', 'B'], ['C', 'D', 'A', 'B'], ['B', 'D', 'A', 'C']]","{'A': 4, 'C': 4, 'D': 4, 'B': 3}","[0.75, 1.0, 0.75]",3.96
95,"[1, 4, 5]","[3, 4, 3]","[0.58, 0.88, 0.58]","[['A', 'C', 'D', 'B'], ['C', 'D', 'A', 'B'], ['D', 'A', 'B', 'C']]","{'A': 4, 'C': 4, 'D': 4, 'B': 3}","[0.75, 1.0, 0.75]",3.96
95,"[1, 4, 5]","[3, 4, 3]","[0.58, 0.88, 0.58]","[['A', 'C', 'D', 'B'], ['C', 'D', 'A', 'B'], ['D', 'B', 'A', 'C']]","{'A': 4, 'C': 4, 'D': 4, 'B': 3}","[0.75, 1.0, 0.75]",3.96
95,"[1, 4, 5]","[3, 4, 3]","[0.58, 0.88, 0.58]","[['A', 'C', 'D', 'B'], ['D', 'A', 'B', 'C'], ['A', 'C', 'D', 'B']]","{'A': 4, 'C': 4, 'D': 4, 'B': 3}","[0.75, 1.0, 0.75]",3.96
95,"[1, 4, 5]","[3, 4, 3]","[0.58, 0.88, 0.58]","[['A', 'C', 'D', 'B'], ['D', 'A', 'B', 'C'], ['A', 'D', 'C', 'B']]","{'A': 4, 'C': 4, 'D': 4, 'B': 3}","[0.75, 1.0, 0.75]",3.96
95,"[1, 4, 5]","[3, 4, 3]","[0.58, 0.88, 0.58]","[['A', 'C', 'D', 'B'], ['D', 'A', 'B', 'C'], ['C', 'A', 'D', 'B']]","{'A': 4, 'C': 4, 'D': 4, 'B': 3}","[0.75, 1.0, 0.75]",3.96
95,"[1, 4, 5]","[3, 4, 3]","[0.58, 0.88, 0.58]","[['A', 'C', 'D', 'B'], ['D', 'A', 'B', 'C'], ['C', 'D', 'A', 'B']]","{'A': 4, 'C': 4, 'D': 4, 'B': 3}","[0.75, 1.0, 0.75]",3.96
95,"[1, 4, 5]","[3, 4, 3]","[0.58, 0.88, 0.58]","[['A', 'C', 'D', 'B'], ['D', 'A', 'B', 'C'], ['D', 'A', 'C', 'B']]","{'A': 4, 'C': 4, 'D': 4, 'B': 3}","[0.75, 1.0, 0.75]",3.96
95,"[1, 4, 5]","[3, 4, 3]","[0.58, 0.88, 0.58]","[['A', 'C', 'D', 'B'], ['D', 'A', 'B', 'C'], ['D', 'C', 'A', 'B']]","{'A': 4, 'C': 4, 'D': 4, 'B': 3}","[0.75, 1.0, 0.75]",3.96
95,"[1, 4, 5]","[3, 4, 3]","[0.58, 0.88, 0.58]","[['A', 'C', 'D', 'B'], ['D', 'A', 'C', 'B'], ['A', 'B', 'D', 'C']]","{'A': 4, 'C': 4, 'D': 4, 'B': 3}","[0.75, 1.0, 0.75]",3.96
95,"[1, 4, 5]","[3, 4, 3]","[0.58, 0.88, 0.58]","[['A', 'C', 'D', 'B'], ['D', 'A', 'C', 'B'], ['A', 'D', 'B', 'C']]","{'A': 4, 'C': 4, 'D': 4, 'B': 3}","[0.75, 1.0, 0.75]",3.96
95,"[1, 4, 5]","[3, 4, 3]","[0.58, 0.88, 0.58]","[['A', 'C', 'D', 'B'], ['D', 'A', 'C', 'B'], ['B', 'A', 'D', 'C']]","{'A': 4, 'C': 4, 'D': 4, 'B': 3}","[0.75, 1.0, 0.75]",3.96
95,"[1, 4, 5]","[3, 4, 3]","[0.58, 0.88, 0.58]","[['A', 'C', 'D', 'B'], ['D', 'A', 'C', 'B'], ['B', 'D', 'A', 'C']]","{'A': 4, 'C': 4, 'D': 4, 'B': 3}","[0.75, 1.0, 0.75]",3.96
95,"[1, 4, 5]","[3, 4, 3]","[0.58, 0.88, 0.58]","[['A', 'C', 'D', 'B'], ['D', 'A', 'C', 'B'], ['D', 'A', 'B', 'C']]","{'A': 4, 'C': 4, 'D': 4, 'B': 3}","[0.75, 1.0, 0.75]",3.96
95,"[1, 4, 5]","[3, 4, 3]","[0.58, 0.88, 0.58]","[['A', 'C', 'D', 'B'], ['D', 'A', 'C', 'B'], ['D', 'B', 'A', 'C']]","{'A': 4, 'C': 4, 'D': 4, 'B': 3}","[0.75, 1.0, 0.75]",3.96
95,"[1, 4, 5]","[3, 4, 3]","[0.58, 0.88, 0.58]","[['A', 'C', 'D', 'B'], ['D', 'B', 'A', 'C'], ['A', 'C', 'D', 'B']]","{'A': 4, 'C': 4, 'D': 4, 'B': 3}","[0.75, 1.0, 0.75]",3.96
95,"[1, 4, 5]","[3, 4, 3]","[0.58, 0.88, 0.58]","[['A', 'C', 'D', 'B'], ['D', 'B', 'A', 'C'], ['A', 'D', 'C', 'B']]","{'A': 4, 'C': 4, 'D': 4, 'B': 3}","[0.75, 1.0, 0.75]",3.96
95,"[1, 4, 5]","[3, 4, 3]","[0.58, 0.88, 0.58]","[['A', 'C', 'D', 'B'], ['D', 'B', 'A', 'C'], ['C', 'A', 'D', 'B']]","{'A': 4, 'C': 4, 'D': 4, 'B': 3}","[0.75, 1.0, 0.75]",3.96
95,"[1, 4, 5]","[3, 4, 3]","[0.58, 0.88, 0.58]","[['A', 'C', 'D', 'B'], ['D', 'B', 'A', 'C'], ['C', 'D', 'A', 'B']]","{'A': 4, 'C': 4, 'D': 4, 'B': 3}","[0.75, 1.0, 0.75]",3.96
95,"[1, 4, 5]","[3, 4, 3]","[0.58, 0.88, 0.58]","[['A', 'C', 'D', 'B'], ['D', 'B', 'A', 'C'], ['D', 'A', 'C', 'B']]","{'A': 4, 'C': 4, 'D': 4, 'B': 3}","[0.75, 1.0, 0.75]",3.96
95,"[1, 4, 5]","[3, 4, 3]","[0.58, 0.88, 0.58]","[['A', 'C', 'D', 'B'], ['D', 'B', 'A', 'C'], ['D', 'C', 'A', 'B']]","{'A': 4, 'C': 4, 'D': 4, 'B': 3}","[0.75, 1.0, 0.75]",3.96
95,"[1, 4, 5]","[3, 4, 3]","[0.58, 0.88, 0.58]","[['A', 'C', 'D', 'B'], ['D', 'C', 'A', 'B'], ['A', 'B', 'D', 'C']]","{'A': 4, 'C': 4, 'D': 4, 'B': 3}","[0.75, 1.0, 0.75]",3.96
95,"[1, 4, 5]","[3, 4, 3]","[0.58, 0.88, 0.58]","[['A', 'C', 'D', 'B'], ['D', 'C', 'A', 'B'], ['A', 'D', 'B', 'C']]","{'A': 4, 'C': 4, 'D': 4, 'B': 3}","[0.75, 1.0, 0.75]",3.96
95,"[1, 4, 5]","[3, 4, 3]","[0.58, 0.88, 0.58]","[['A', 'C', 'D', 'B'], ['D', 'C', 'A', 'B'], ['B', 'A', 'D', 'C']]","{'A': 4, 'C': 4, 'D': 4, 'B': 3}","[0.75, 1.0, 0.75]",3.96
95,"[1, 4, 5]","[3, 4, 3]","[0.58, 0.88, 0.58]","[['A', 'C', 'D', 'B'], ['D', 'C', 'A', 'B'], ['B', 'D', 'A', 'C']]","{'A': 4, 'C': 4, 'D': 4, 'B': 3}","[0.75, 1.0, 0.75]",3.96
95,"[1, 4, 5]","[3, 4, 3]","[0.58, 0.88, 0.58]","[['A', 'C', 'D', 'B'], ['D', 'C', 'A', 'B'], ['D', 'A', 'B', 'C']]","{'A': 4, 'C': 4, 'D': 4, 'B': 3}","[0.75, 1.0, 0.75]",3.96
95,"[1, 4, 5]","[3, 4, 3]","[0.58, 0.88, 0.58]","[['A', 'C', 'D', 'B'], ['D', 'C', 'A', 'B'], ['D', 'B', 'A', 'C']]","{'A': 4, 'C': 4, 'D': 4, 'B': 3}","[0.75, 1.0, 0.75]",3.96
95,"[1, 4, 5]","[3, 4, 3]","[0.58, 0.88, 0.58]","[['A', 'D', 'B', 'C'], ['A', 'C', 'D', 'B'], ['A', 'C', 'D', 'B']]","{'A': 4, 'C': 4, 'D': 4, 'B': 3}","[0.75, 1.0, 0.75]",3.96
95,"[1, 4, 5]","[3, 4, 3]","[0.58, 0.88, 0.58]","[['A', 'D', 'B', 'C'], ['A', 'C', 'D', 'B'], ['A', 'D', 'C', 'B']]","{'A': 4, 'C': 4, 'D': 4, 'B': 3}","[0.75, 1.0, 0.75]",3.96
95,"[1, 4, 5]","[3, 4, 3]","[0.58, 0.88, 0.58]","[['A', 'D', 'B', 'C'], ['A', 'C', 'D', 'B'], ['C', 'A', 'D', 'B']]","{'A': 4, 'C': 4, 'D': 4, 'B': 3}","[0.75, 1.0, 0.75]",3.96
95,"[1, 4, 5]","[3, 4, 3]","[0.58, 0.88, 0.58]","[['A', 'D', 'B', 'C'], ['A', 'C', 'D', 'B'], ['C', 'D', 'A', 'B']]","{'A': 4, 'C': 4, 'D': 4, 'B': 3}","[0.75, 1.0, 0.75]",3.96
95,"[1, 4, 5]","[3, 4, 3]","[0.58, 0.88, 0.58]","[['A', 'D', 'B', 'C'], ['A', 'C', 'D', 'B'], ['D', 'A', 'C', 'B']]","{'A': 4, 'C': 4, 'D': 4, 'B': 3}","[0.75, 1.0, 0.75]",3.96
95,"[1, 4, 5]","[3, 4, 3]","[0.58, 0.88, 0.58]","[['A', 'D', 'B', 'C'], ['A', 'C', 'D', 'B'], ['D', 'C', 'A', 'B']]","{'A': 4, 'C': 4, 'D': 4, 'B': 3}","[0.75, 1.0, 0.75]",3.96
95,"[1, 4, 5]","[3, 4, 3]","[0.58, 0.88, 0.58]","[['A', 'D', 'B', 'C'], ['A', 'D', 'C', 'B'], ['A', 'C', 'D', 'B']]","{'A': 4, 'C': 4, 'D': 4, 'B': 3}","[0.75, 1.0, 0.75]",3.96
95,"[1, 4, 5]","[3, 4, 3]","[0.58, 0.88, 0.58]","[['A', 'D', 'B', 'C'], ['A', 'D', 'C', 'B'], ['A', 'D', 'C', 'B']]","{'A': 4, 'C': 4, 'D': 4, 'B': 3}","[0.75, 1.0, 0.75]",3.96
95,"[1, 4, 5]","[3, 4, 3]","[0.58, 0.88, 0.58]","[['A', 'D', 'B', 'C'], ['A', 'D', 'C', 'B'], ['C', 'A', 'D', 'B']]","{'A': 4, 'C': 4, 'D': 4, 'B': 3}","[0.75, 1.0, 0.75]",3.96
95,"[1, 4, 5]","[3, 4, 3]","[0.58, 0.88, 0.58]","[['A', 'D', 'B', 'C'], ['A', 'D', 'C', 'B'], ['C', 'D', 'A', 'B']]","{'A': 4, 'C': 4, 'D': 4, 'B': 3}","[0.75, 1.0, 0.75]",3.96
95,"[1, 4, 5]","[3, 4, 3]","[0.58, 0.88, 0.58]","[['A', 'D', 'B', 'C'], ['A', 'D', 'C', 'B'], ['D', 'A', 'C', 'B']]","{'A': 4, 'C': 4, 'D': 4, 'B': 3}","[0.75, 1.0, 0.75]",3.96
95,"[1, 4, 5]","[3, 4, 3]","[0.58, 0.88, 0.58]","[['A', 'D', 'B', 'C'], ['A', 'D', 'C', 'B'], ['D', 'C', 'A', 'B']]","{'A': 4, 'C': 4, 'D': 4, 'B': 3}","[0.75, 1.0, 0.75]",3.96
95,"[1, 4, 5]","[3, 4, 3]","[0.58, 0.88, 0.58]","[['A', 'D', 'B', 'C'], ['C', 'A', 'D', 'B'], ['A', 'C', 'D', 'B']]","{'A': 4, 'C': 4, 'D': 4, 'B': 3}","[0.75, 1.0, 0.75]",3.96
95,"[1, 4, 5]","[3, 4, 3]","[0.58, 0.88, 0.58]","[['A', 'D', 'B', 'C'], ['C', 'A', 'D', 'B'], ['A', 'D', 'C', 'B']]","{'A': 4, 'C': 4, 'D': 4, 'B': 3}","[0.75, 1.0, 0.75]",3.96
95,"[1, 4, 5]","[3, 4, 3]","[0.58, 0.88, 0.58]","[['A', 'D', 'B', 'C'], ['C', 'A', 'D', 'B'], ['C', 'A', 'D', 'B']]","{'A': 4, 'C': 4, 'D': 4, 'B': 3}","[0.75, 1.0, 0.75]",3.96
95,"[1, 4, 5]","[3, 4, 3]","[0.58, 0.88, 0.58]","[['A', 'D', 'B', 'C'], ['C', 'A', 'D', 'B'], ['C', 'D', 'A', 'B']]","{'A': 4, 'C': 4, 'D': 4, 'B': 3}","[0.75, 1.0, 0.75]",3.96
95,"[1, 4, 5]","[3, 4, 3]","[0.58, 0.88, 0.58]","[['A', 'D', 'B', 'C'], ['C', 'A', 'D', 'B'], ['D', 'A', 'C', 'B']]","{'A': 4, 'C': 4, 'D': 4, 'B': 3}","[0.75, 1.0, 0.75]",3.96
95,"[1, 4, 5]","[3, 4, 3]","[0.58, 0.88, 0.58]","[['A', 'D', 'B', 'C'], ['C', 'A', 'D', 'B'], ['D', 'C', 'A', 'B']]","{'A': 4, 'C': 4, 'D': 4, 'B': 3}","[0.75, 1.0, 0.75]",3.96
95,"[1, 4, 5]","[3, 4, 3]","[0.58, 0.88, 0.58]","[['A', 'D', 'B', 'C'], ['C', 'D', 'A', 'B'], ['A', 'C', 'D', 'B']]","{'A': 4, 'C': 4, 'D': 4, 'B': 3}","[0.75, 1.0, 0.75]",3.96
95,"[1, 4, 5]","[3, 4, 3]","[0.58, 0.88, 0.58]","[['A', 'D', 'B', 'C'], ['C', 'D', 'A', 'B'], ['A', 'D', 'C', 'B']]","{'A': 4, 'C': 4, 'D': 4, 'B': 3}","[0.75, 1.0, 0.75]",3.96
95,"[1, 4, 5]","[3, 4, 3]","[0.58, 0.88, 0.58]","[['A', 'D', 'B', 'C'], ['C', 'D', 'A', 'B'], ['C', 'A', 'D', 'B']]","{'A': 4, 'C': 4, 'D': 4, 'B': 3}","[0.75, 1.0, 0.75]",3.96
95,"[1, 4, 5]","[3, 4, 3]","[0.58, 0.88, 0.58]","[['A', 'D', 'B', 'C'], ['C', 'D', 'A', 'B'], ['C', 'D', 'A', 'B']]","{'A': 4, 'C': 4, 'D': 4, 'B': 3}","[0.75, 1.0, 0.75]",3.96
95,"[1, 4, 5]","[3, 4, 3]","[0.58, 0.88, 0.58]","[['A', 'D', 'B', 'C'], ['C', 'D', 'A', 'B'], ['D', 'A', 'C', 'B']]","{'A': 4, 'C': 4, 'D': 4, 'B': 3}","[0.75, 1.0, 0.75]",3.96
95,"[1, 4, 5]","[3, 4, 3]","[0.58, 0.88, 0.58]","[['A', 'D', 'B', 'C'], ['C', 'D', 'A', 'B'], ['D', 'C', 'A', 'B']]","{'A': 4, 'C': 4, 'D': 4, 'B': 3}","[0.75, 1.0, 0.75]",3.96
95,"[1, 4, 5]","[3, 4, 3]","[0.58, 0.88, 0.58]","[['A', 'D', 'B', 'C'], ['D', 'A', 'C', 'B'], ['A', 'C', 'D', 'B']]","{'A': 4, 'C': 4, 'D': 4, 'B': 3}","[0.75, 1.0, 0.75]",3.96
95,"[1, 4, 5]","[3, 4, 3]","[0.58, 0.88, 0.58]","[['A', 'D', 'B', 'C'], ['D', 'A', 'C', 'B'], ['A', 'D', 'C', 'B']]","{'A': 4, 'C': 4, 'D': 4, 'B': 3}","[0.75, 1.0, 0.75]",3.96
95,"[1, 4, 5]","[3, 4, 3]","[0.58, 0.88, 0.58]","[['A', 'D', 'B', 'C'], ['D', 'A', 'C', 'B'], ['C', 'A', 'D', 'B']]","{'A': 4, 'C': 4, 'D': 4, 'B': 3}","[0.75, 1.0, 0.75]",3.96
95,"[1, 4, 5]","[3, 4, 3]","[0.58, 0.88, 0.58]","[['A', 'D', 'B', 'C'], ['D', 'A', 'C', 'B'], ['C', 'D', 'A', 'B']]","{'A': 4, 'C': 4, 'D': 4, 'B': 3}","[0.75, 1.0, 0.75]",3.96
95,"[1, 4, 5]","[3, 4, 3]","[0.58, 0.88, 0.58]","[['A', 'D', 'B', 'C'], ['D', 'A', 'C', 'B'], ['D', 'A', 'C', 'B']]","{'A': 4, 'C': 4, 'D': 4, 'B': 3}","[0.75, 1.0, 0.75]",3.96
95,"[1, 4, 5]","[3, 4, 3]","[0.58, 0.88, 0.58]","[['A', 'D', 'B', 'C'], ['D', 'A', 'C', 'B'], ['D', 'C', 'A', 'B']]","{'A': 4, 'C': 4, 'D': 4, 'B': 3}","[0.75, 1.0, 0.75]",3.96
95,"[1, 4, 5]","[3, 4, 3]","[0.58, 0.88, 0.58]","[['A', 'D', 'B', 'C'], ['D', 'C', 'A', 'B'], ['A', 'C', 'D', 'B']]","{'A': 4, 'C': 4, 'D': 4, 'B': 3}","[0.75, 1.0, 0.75]",3.96
95,"[1, 4, 5]","[3, 4, 3]","[0.58, 0.88, 0.58]","[['A', 'D', 'B', 'C'], ['D', 'C', 'A', 'B'], ['A', 'D', 'C', 'B']]","{'A': 4, 'C': 4, 'D': 4, 'B': 3}","[0.75, 1.0, 0.75]",3.96
95,"[1, 4, 5]","[3, 4, 3]","[0.58, 0.88, 0.58]","[['A', 'D', 'B', 'C'], ['D', 'C', 'A', 'B'], ['C', 'A', 'D', 'B']]","{'A': 4, 'C': 4, 'D': 4, 'B': 3}","[0.75, 1.0, 0.75]",3.96
95,"[1, 4, 5]","[3, 4, 3]","[0.58, 0.88, 0.58]","[['A', 'D', 'B', 'C'], ['D', 'C', 'A', 'B'], ['C', 'D', 'A', 'B']]","{'A': 4, 'C': 4, 'D': 4, 'B': 3}","[0.75, 1.0, 0.75]",3.96
95,"[1, 4, 5]","[3, 4, 3]","[0.58, 0.88, 0.58]","[['A', 'D', 'B', 'C'], ['D', 'C', 'A', 'B'], ['D', 'A', 'C', 'B']]","{'A': 4, 'C': 4, 'D': 4, 'B': 3}","[0.75, 1.0, 0.75]",3.96
95,"[1, 4, 5]","[3, 4, 3]","[0.58, 0.88, 0.58]","[['A', 'D', 'B', 'C'], ['D', 'C', 'A', 'B'], ['D', 'C', 'A', 'B']]","{'A': 4, 'C': 4, 'D': 4, 'B': 3}","[0.75, 1.0, 0.75]",3.96
95,"[1, 4, 5]","[3, 4, 3]","[0.58, 0.88, 0.58]","[['A', 'D', 'C', 'B'], ['A', 'B', 'D', 'C'], ['A', 'C', 'D', 'B']]","{'A': 4, 'C': 4, 'D': 4, 'B': 3}","[0.75, 1.0, 0.75]",3.96
95,"[1, 4, 5]","[3, 4, 3]","[0.58, 0.88, 0.58]","[['A', 'D', 'C', 'B'], ['A', 'B', 'D', 'C'], ['A', 'D', 'C', 'B']]","{'A': 4, 'C': 4, 'D': 4, 'B': 3}","[0.75, 1.0, 0.75]",3.96
95,"[1, 4, 5]","[3, 4, 3]","[0.58, 0.88, 0.58]","[['A', 'D', 'C', 'B'], ['A', 'B', 'D', 'C'], ['C', 'A', 'D', 'B']]","{'A': 4, 'C': 4, 'D': 4, 'B': 3}","[0.75, 1.0, 0.75]",3.96
95,"[1, 4, 5]","[3, 4, 3]","[0.58, 0.88, 0.58]","[['A', 'D', 'C', 'B'], ['A', 'B', 'D', 'C'], ['C', 'D', 'A', 'B']]","{'A': 4, 'C': 4, 'D': 4, 'B': 3}","[0.75, 1.0, 0.75]",3.96
95,"[1, 4, 5]","[3, 4, 3]","[0.58, 0.88, 0.58]","[['A', 'D', 'C', 'B'], ['A', 'B', 'D', 'C'], ['D', 'A', 'C', 'B']]","{'A': 4, 'C': 4, 'D': 4, 'B': 3}","[0.75, 1.0, 0.75]",3.96
95,"[1, 4, 5]","[3, 4, 3]","[0.58, 0.88, 0.58]","[['A', 'D', 'C', 'B'], ['A', 'B', 'D', 'C'], ['D', 'C', 'A', 'B']]","{'A': 4, 'C': 4, 'D': 4, 'B': 3}","[0.75, 1.0, 0.75]",3.96
95,"[1, 4, 5]","[3, 4, 3]","[0.58, 0.88, 0.58]","[['A', 'D', 'C', 'B'], ['A', 'C', 'D', 'B'], ['A', 'B', 'D', 'C']]","{'A': 4, 'C': 4, 'D': 4, 'B': 3}","[0.75, 1.0, 0.75]",3.96
95,"[1, 4, 5]","[3, 4, 3]","[0.58, 0.88, 0.58]","[['A', 'D', 'C', 'B'], ['A', 'C', 'D', 'B'], ['A', 'D', 'B', 'C']]","{'A': 4, 'C': 4, 'D': 4, 'B': 3}","[0.75, 1.0, 0.75]",3.96
95,"[1, 4, 5]","[3, 4, 3]","[0.58, 0.88, 0.58]","[['A', 'D', 'C', 'B'], ['A', 'C', 'D', 'B'], ['B', 'A', 'D', 'C']]","{'A': 4, 'C': 4, 'D': 4, 'B': 3}","[0.75, 1.0, 0.75]",3.96
95,"[1, 4, 5]","[3, 4, 3]","[0.58, 0.88, 0.58]","[['A', 'D', 'C', 'B'], ['A', 'C', 'D', 'B'], ['B', 'D', 'A', 'C']]","{'A': 4, 'C': 4, 'D': 4, 'B': 3}","[0.75, 1.0, 0.75]",3.96
95,"[1, 4, 5]","[3, 4, 3]","[0.58, 0.88, 0.58]","[['A', 'D', 'C', 'B'], ['A', 'C', 'D', 'B'], ['D', 'A', 'B', 'C']]","{'A': 4, 'C': 4, 'D': 4, 'B': 3}","[0.75, 1.0, 0.75]",3.96
95,"[1, 4, 5]","[3, 4, 3]","[0.58, 0.88, 0.58]","[['A', 'D', 'C', 'B'], ['A', 'C', 'D', 'B'], ['D', 'B', 'A', 'C']]","{'A': 4, 'C': 4, 'D': 4, 'B': 3}","[0.75, 1.0, 0.75]",3.96
95,"[1, 4, 5]","[3, 4, 3]","[0.58, 0.88, 0.58]","[['A', 'D', 'C', 'B'], ['A', 'D', 'B', 'C'], ['A', 'C', 'D', 'B']]","{'A': 4, 'C': 4, 'D': 4, 'B': 3}","[0.75, 1.0, 0.75]",3.96
95,"[1, 4, 5]","[3, 4, 3]","[0.58, 0.88, 0.58]","[['A', 'D', 'C', 'B'], ['A', 'D', 'B', 'C'], ['A', 'D', 'C', 'B']]","{'A': 4, 'C': 4, 'D': 4, 'B': 3}","[0.75, 1.0, 0.75]",3.96
95,"[1, 4, 5]","[3, 4, 3]","[0.58, 0.88, 0.58]","[['A', 'D', 'C', 'B'], ['A', 'D', 'B', 'C'], ['C', 'A', 'D', 'B']]","{'A': 4, 'C': 4, 'D': 4, 'B': 3}","[0.75, 1.0, 0.75]",3.96
95,"[1, 4, 5]","[3, 4, 3]","[0.58, 0.88, 0.58]","[['A', 'D', 'C', 'B'], ['A', 'D', 'B', 'C'], ['C', 'D', 'A', 'B']]","{'A': 4, 'C': 4, 'D': 4, 'B': 3}","[0.75, 1.0, 0.75]",3.96
95,"[1, 4, 5]","[3, 4, 3]","[0.58, 0.88, 0.58]","[['A', 'D', 'C', 'B'], ['A', 'D', 'B', 'C'], ['D', 'A', 'C', 'B']]","{'A': 4, 'C': 4, 'D': 4, 'B': 3}","[0.75, 1.0, 0.75]",3.96
95,"[1, 4, 5]","[3, 4, 3]","[0.58, 0.88, 0.58]","[['A', 'D', 'C', 'B'], ['A', 'D', 'B', 'C'], ['D', 'C', 'A', 'B']]","{'A': 4, 'C': 4, 'D': 4, 'B': 3}","[0.75, 1.0, 0.75]",3.96
95,"[1, 4, 5]","[3, 4, 3]","[0.58, 0.88, 0.58]","[['A', 'D', 'C', 'B'], ['A', 'D', 'C', 'B'], ['A', 'B', 'D', 'C']]","{'A': 4, 'C': 4, 'D': 4, 'B': 3}","[0.75, 1.0, 0.75]",3.96
95,"[1, 4, 5]","[3, 4, 3]","[0.58, 0.88, 0.58]","[['A', 'D', 'C', 'B'], ['A', 'D', 'C', 'B'], ['A', 'D', 'B', 'C']]","{'A': 4, 'C': 4, 'D': 4, 'B': 3}","[0.75, 1.0, 0.75]",3.96
95,"[1, 4, 5]","[3, 4, 3]","[0.58, 0.88, 0.58]","[['A', 'D', 'C', 'B'], ['A', 'D', 'C', 'B'], ['B', 'A', 'D', 'C']]","{'A': 4, 'C': 4, 'D': 4, 'B': 3}","[0.75, 1.0, 0.75]",3.96
95,"[1, 4, 5]","[3, 4, 3]","[0.58, 0.88, 0.58]","[['A', 'D', 'C', 'B'], ['A', 'D', 'C', 'B'], ['B', 'D', 'A', 'C']]","{'A': 4, 'C': 4, 'D': 4, 'B': 3}","[0.75, 1.0, 0.75]",3.96
95,"[1, 4, 5]","[3, 4, 3]","[0.58, 0.88, 0.58]","[['A', 'D', 'C', 'B'], ['A', 'D', 'C', 'B'], ['D', 'A', 'B', 'C']]","{'A': 4, 'C': 4, 'D': 4, 'B': 3}","[0.75, 1.0, 0.75]",3.96
95,"[1, 4, 5]","[3, 4, 3]","[0.58, 0.88, 0.58]","[['A', 'D', 'C', 'B'], ['A', 'D', 'C', 'B'], ['D', 'B', 'A', 'C']]","{'A': 4, 'C': 4, 'D': 4, 'B': 3}","[0.75, 1.0, 0.75]",3.96
95,"[1, 4, 5]","[3, 4, 3]","[0.58, 0.88, 0.58]","[['A', 'D', 'C', 'B'], ['B', 'A', 'D', 'C'], ['A', 'C', 'D', 'B']]","{'A': 4, 'C': 4, 'D': 4, 'B': 3}","[0.75, 1.0, 0.75]",3.96
95,"[1, 4, 5]","[3, 4, 3]","[0.58, 0.88, 0.58]","[['A', 'D', 'C', 'B'], ['B', 'A', 'D', 'C'], ['A', 'D', 'C', 'B']]","{'A': 4, 'C': 4, 'D': 4, 'B': 3}","[0.75, 1.0, 0.75]",3.96
95,"[1, 4, 5]","[3, 4, 3]","[0.58, 0.88, 0.58]","[['A', 'D', 'C', 'B'], ['B', 'A', 'D', 'C'], ['C', 'A', 'D', 'B']]","{'A': 4, 'C': 4, 'D': 4, 'B': 3}","[0.75, 1.0, 0.75]",3.96
95,"[1, 4, 5]","[3, 4, 3]","[0.58, 0.88, 0.58]","[['A', 'D', 'C', 'B'], ['B', 'A', 'D', 'C'], ['C', 'D', 'A', 'B']]","{'A': 4, 'C': 4, 'D': 4, 'B': 3}","[0.75, 1.0, 0.75]",3.96
95,"[1, 4, 5]","[3, 4, 3]","[0.58, 0.88, 0.58]","[['A', 'D', 'C', 'B'], ['B', 'A', 'D', 'C'], ['D', 'A', 'C', 'B']]","{'A': 4, 'C': 4, 'D': 4, 'B': 3}","[0.75, 1.0, 0.75]",3.96
95,"[1, 4, 5]","[3, 4, 3]","[0.58, 0.88, 0.58]","[['A', 'D', 'C', 'B'], ['B', 'A', 'D', 'C'], ['D', 'C', 'A', 'B']]","{'A': 4, 'C': 4, 'D': 4, 'B': 3}","[0.75, 1.0, 0.75]",3.96
95,"[1, 4, 5]","[3, 4, 3]","[0.58, 0.88, 0.58]","[['A', 'D', 'C', 'B'], ['B', 'D', 'A', 'C'], ['A', 'C', 'D', 'B']]","{'A': 4, 'C': 4, 'D': 4, 'B': 3}","[0.75, 1.0, 0.75]",3.96
95,"[1, 4, 5]","[3, 4, 3]","[0.58, 0.88, 0.58]","[['A', 'D', 'C', 'B'], ['B', 'D', 'A', 'C'], ['A', 'D', 'C', 'B']]","{'A': 4, 'C': 4, 'D': 4, 'B': 3}","[0.75, 1.0, 0.75]",3.96
95,"[1, 4, 5]","[3, 4, 3]","[0.58, 0.88, 0.58]","[['A', 'D', 'C', 'B'], ['B', 'D', 'A', 'C'], ['C', 'A', 'D', 'B']]","{'A': 4, 'C': 4, 'D': 4, 'B': 3}","[0.75, 1.0, 0.75]",3.96
95,"[1, 4, 5]","[3, 4, 3]","[0.58, 0.88, 0.58]","[['A', 'D', 'C', 'B'], ['B', 'D', 'A', 'C'], ['C', 'D', 'A', 'B']]","{'A': 4, 'C': 4, 'D': 4, 'B': 3}","[0.75, 1.0, 0.75]",3.96
95,"[1, 4, 5]","[3, 4, 3]","[0.58, 0.88, 0.58]","[['A', 'D', 'C', 'B'], ['B', 'D', 'A', 'C'], ['D', 'A', 'C', 'B']]","{'A': 4, 'C': 4, 'D': 4, 'B': 3}","[0.75, 1.0, 0.75]",3.96
95,"[1, 4, 5]","[3, 4, 3]","[0.58, 0.88, 0.58]","[['A', 'D', 'C', 'B'], ['B', 'D', 'A', 'C'], ['D', 'C', 'A', 'B']]","{'A': 4, 'C': 4, 'D': 4, 'B': 3}","[0.75, 1.0, 0.75]",3.96
95,"[1, 4, 5]","[3, 4, 3]","[0.58, 0.88, 0.58]","[['A', 'D', 'C', 'B'], ['C', 'A', 'D', 'B'], ['A', 'B', 'D', 'C']]","{'A': 4, 'C': 4, 'D': 4, 'B': 3}","[0.75, 1.0, 0.75]",3.96
95,"[1, 4, 5]","[3, 4, 3]","[0.58, 0.88, 0.58]","[['A', 'D', 'C', 'B'], ['C', 'A', 'D', 'B'], ['A', 'D', 'B', 'C']]","{'A': 4, 'C': 4, 'D': 4, 'B': 3}","[0.75, 1.0, 0.75]",3.96
95,"[1, 4, 5]","[3, 4, 3]","[0.58, 0.88, 0.58]","[['A', 'D', 'C', 'B'], ['C', 'A', 'D', 'B'], ['B', 'A', 'D', 'C']]","{'A': 4, 'C': 4, 'D': 4, 'B': 3}","[0.75, 1.0, 0.75]",3.96
95,"[1, 4, 5]","[3, 4, 3]","[0.58, 0.88, 0.58]","[['A', 'D', 'C', 'B'], ['C', 'A', 'D', 'B'], ['B', 'D', 'A', 'C']]","{'A': 4, 'C': 4, 'D': 4, 'B': 3}","[0.75, 1.0, 0.75]",3.96
95,"[1, 4, 5]","[3, 4, 3]","[0.58, 0.88, 0.58]","[['A', 'D', 'C', 'B'], ['C', 'A', 'D', 'B'], ['D', 'A', 'B', 'C']]","{'A': 4, 'C': 4, 'D': 4, 'B': 3}","[0.75, 1.0, 0.75]",3.96
95,"[1, 4, 5]","[3, 4, 3]","[0.58, 0.88, 0.58]","[['A', 'D', 'C', 'B'], ['C', 'A', 'D', 'B'], ['D', 'B', 'A', 'C']]","{'A': 4, 'C': 4, 'D': 4, 'B': 3}","[0.75, 1.0, 0.75]",3.96
95,"[1, 4, 5]","[3, 4, 3]","[0.58, 0.88, 0.58]","[['A', 'D', 'C', 'B'], ['C', 'D', 'A', 'B'], ['A', 'B', 'D', 'C']]","{'A': 4, 'C': 4, 'D': 4, 'B': 3}","[0.75, 1.0, 0.75]",3.96
95,"[1, 4, 5]","[3, 4, 3]","[0.58, 0.88, 0.58]","[['A', 'D', 'C', 'B'], ['C', 'D', 'A', 'B'], ['A', 'D', 'B', 'C']]","{'A': 4, 'C': 4, 'D': 4, 'B': 3}","[0.75, 1.0, 0.75]",3.96
95,"[1, 4, 5]","[3, 4, 3]","[0.58, 0.88, 0.58]","[['A', 'D', 'C', 'B'], ['C', 'D', 'A', 'B'], ['B', 'A', 'D', 'C']]","{'A': 4, 'C': 4, 'D': 4, 'B': 3}","[0.75, 1.0, 0.75]",3.96
95,"[1, 4, 5]","[3, 4, 3]","[0.58, 0.88, 0.58]","[['A', 'D', 'C', 'B'], ['C', 'D', 'A', 'B'], ['B', 'D', 'A', 'C']]","{'A': 4, 'C': 4, 'D': 4, 'B': 3}","[0.75, 1.0, 0.75]",3.96
95,"[1, 4, 5]","[3, 4, 3]","[0.58, 0.88, 0.58]","[['A', 'D', 'C', 'B'], ['C', 'D', 'A', 'B'], ['D', 'A', 'B', 'C']]","{'A': 4, 'C': 4, 'D': 4, 'B': 3}","[0.75, 1.0, 0.75]",3.96
95,"[1, 4, 5]","[3, 4, 3]","[0.58, 0.88, 0.58]","[['A', 'D', 'C', 'B'], ['C', 'D', 'A', 'B'], ['D', 'B', 'A', 'C']]","{'A': 4, 'C': 4, 'D': 4, 'B': 3}","[0.75, 1.0, 0.75]",3.96
95,"[1, 4, 5]","[3, 4, 3]","[0.58, 0.88, 0.58]","[['A', 'D', 'C', 'B'], ['D', 'A', 'B', 'C'], ['A', 'C', 'D', 'B']]","{'A': 4, 'C': 4, 'D': 4, 'B': 3}","[0.75, 1.0, 0.75]",3.96
95,"[1, 4, 5]","[3, 4, 3]","[0.58, 0.88, 0.58]","[['A', 'D', 'C', 'B'], ['D', 'A', 'B', 'C'], ['A', 'D', 'C', 'B']]","{'A': 4, 'C': 4, 'D': 4, 'B': 3}","[0.75, 1.0, 0.75]",3.96
95,"[1, 4, 5]","[3, 4, 3]","[0.58, 0.88, 0.58]","[['A', 'D', 'C', 'B'], ['D', 'A', 'B', 'C'], ['C', 'A', 'D', 'B']]","{'A': 4, 'C': 4, 'D': 4, 'B': 3}","[0.75, 1.0, 0.75]",3.96
95,"[1, 4, 5]","[3, 4, 3]","[0.58, 0.88, 0.58]","[['A', 'D', 'C', 'B'], ['D', 'A', 'B', 'C'], ['C', 'D', 'A', 'B']]","{'A': 4, 'C': 4, 'D': 4, 'B': 3}","[0.75, 1.0, 0.75]",3.96
95,"[1, 4, 5]","[3, 4, 3]","[0.58, 0.88, 0.58]","[['A', 'D', 'C', 'B'], ['D', 'A', 'B', 'C'], ['D', 'A', 'C', 'B']]","{'A': 4, 'C': 4, 'D': 4, 'B': 3}","[0.75, 1.0, 0.75]",3.96
95,"[1, 4, 5]","[3, 4, 3]","[0.58, 0.88, 0.58]","[['A', 'D', 'C', 'B'], ['D', 'A', 'B', 'C'], ['D', 'C', 'A', 'B']]","{'A': 4, 'C': 4, 'D': 4, 'B': 3}","[0.75, 1.0, 0.75]",3.96
95,"[1, 4, 5]","[3, 4, 3]","[0.58, 0.88, 0.58]","[['A', 'D', 'C', 'B'], ['D', 'A', 'C', 'B'], ['A', 'B', 'D', 'C']]","{'A': 4, 'C': 4, 'D': 4, 'B': 3}","[0.75, 1.0, 0.75]",3.96
95,"[1, 4, 5]","[3, 4, 3]","[0.58, 0.88, 0.58]","[['A', 'D', 'C', 'B'], ['D', 'A', 'C', 'B'], ['A', 'D', 'B', 'C']]","{'A': 4, 'C': 4, 'D': 4, 'B': 3}","[0.75, 1.0, 0.75]",3.96
95,"[1, 4, 5]","[3, 4, 3]","[0.58, 0.88, 0.58]","[['A', 'D', 'C', 'B'], ['D', 'A', 'C', 'B'], ['B', 'A', 'D', 'C']]","{'A': 4, 'C': 4, 'D': 4, 'B': 3}","[0.75, 1.0, 0.75]",3.96
95,"[1, 4, 5]","[3, 4, 3]","[0.58, 0.88, 0.58]","[['A', 'D', 'C', 'B'], ['D', 'A', 'C', 'B'], ['B', 'D', 'A', 'C']]","{'A': 4, 'C': 4, 'D': 4, 'B': 3}","[0.75, 1.0, 0.75]",3.96
95,"[1, 4, 5]","[3, 4, 3]","[0.58, 0.88, 0.58]","[['A', 'D', 'C', 'B'], ['D', 'A', 'C', 'B'], ['D', 'A', 'B', 'C']]","{'A': 4, 'C': 4, 'D': 4, 'B': 3}","[0.75, 1.0, 0.75]",3.96
95,"[1, 4, 5]","[3, 4, 3]","[0.58, 0.88, 0.58]","[['A', 'D', 'C', 'B'], ['D', 'A', 'C', 'B'], ['D', 'B', 'A', 'C']]","{'A': 4, 'C': 4, 'D': 4, 'B': 3}","[0.75, 1.0, 0.75]",3.96
95,"[1, 4, 5]","[3, 4, 3]","[0.58, 0.88, 0.58]","[['A', 'D', 'C', 'B'], ['D', 'B', 'A', 'C'], ['A', 'C', 'D', 'B']]","{'A': 4, 'C': 4, 'D': 4, 'B': 3}","[0.75, 1.0, 0.75]",3.96
95,"[1, 4, 5]","[3, 4, 3]","[0.58, 0.88, 0.58]","[['A', 'D', 'C', 'B'], ['D', 'B', 'A', 'C'], ['A', 'D', 'C', 'B']]","{'A': 4, 'C': 4, 'D': 4, 'B': 3}","[0.75, 1.0, 0.75]",3.96
95,"[1, 4, 5]","[3, 4, 3]","[0.58, 0.88, 0.58]","[['A', 'D', 'C', 'B'], ['D', 'B', 'A', 'C'], ['C', 'A', 'D', 'B']]","{'A': 4, 'C': 4, 'D': 4, 'B': 3}","[0.75, 1.0, 0.75]",3.96
95,"[1, 4, 5]","[3, 4, 3]","[0.58, 0.88, 0.58]","[['A', 'D', 'C', 'B'], ['D', 'B', 'A', 'C'], ['C', 'D', 'A', 'B']]","{'A': 4, 'C': 4, 'D': 4, 'B': 3}","[0.75, 1.0, 0.75]",3.96
95,"[1, 4, 5]","[3, 4, 3]","[0.58, 0.88, 0.58]","[['A', 'D', 'C', 'B'], ['D', 'B', 'A', 'C'], ['D', 'A', 'C', 'B']]","{'A': 4, 'C': 4, 'D': 4, 'B': 3}","[0.75, 1.0, 0.75]",3.96
95,"[1, 4, 5]","[3, 4, 3]","[0.58, 0.88, 0.58]","[['A', 'D', 'C', 'B'], ['D', 'B', 'A', 'C'], ['D', 'C', 'A', 'B']]","{'A': 4, 'C': 4, 'D': 4, 'B': 3}","[0.75, 1.0, 0.75]",3.96
95,"[1, 4, 5]","[3, 4, 3]","[0.58, 0.88, 0.58]","[['A', 'D', 'C', 'B'], ['D', 'C', 'A', 'B'], ['A', 'B', 'D', 'C']]","{'A': 4, 'C': 4, 'D': 4, 'B': 3}","[0.75, 1.0, 0.75]",3.96
95,"[1, 4, 5]","[3, 4, 3]","[0.58, 0.88, 0.58]","[['A', 'D', 'C', 'B'], ['D', 'C', 'A', 'B'], ['A', 'D', 'B', 'C']]","{'A': 4, 'C': 4, 'D': 4, 'B': 3}","[0.75, 1.0, 0.75]",3.96
95,"[1, 4, 5]","[3, 4, 3]","[0.58, 0.88, 0.58]","[['A', 'D', 'C', 'B'], ['D', 'C', 'A', 'B'], ['B', 'A', 'D', 'C']]","{'A': 4, 'C': 4, 'D': 4, 'B': 3}","[0.75, 1.0, 0.75]",3.96
95,"[1, 4, 5]","[3, 4, 3]","[0.58, 0.88, 0.58]","[['A', 'D', 'C', 'B'], ['D', 'C', 'A', 'B'], ['B', 'D', 'A', 'C']]","{'A': 4, 'C': 4, 'D': 4, 'B': 3}","[0.75, 1.0, 0.75]",3.96
95,"[1, 4, 5]","[3, 4, 3]","[0.58, 0.88, 0.58]","[['A', 'D', 'C', 'B'], ['D', 'C', 'A', 'B'], ['D', 'A', 'B', 'C']]","{'A': 4, 'C': 4, 'D': 4, 'B': 3}","[0.75, 1.0, 0.75]",3.96
95,"[1, 4, 5]","[3, 4, 3]","[0.58, 0.88, 0.58]","[['A', 'D', 'C', 'B'], ['D', 'C', 'A', 'B'], ['D', 'B', 'A', 'C']]","{'A': 4, 'C': 4, 'D': 4, 'B': 3}","[0.75, 1.0, 0.75]",3.96
95,"[1, 4, 5]","[3, 4, 3]","[0.58, 0.88, 0.58]","[['B', 'A', 'D', 'C'], ['A', 'C', 'D', 'B'], ['A', 'C', 'D', 'B']]","{'A': 4, 'C': 4, 'D': 4, 'B': 3}","[0.75, 1.0, 0.75]",3.96
95,"[1, 4, 5]","[3, 4, 3]","[0.58, 0.88, 0.58]","[['B', 'A', 'D', 'C'], ['A', 'C', 'D', 'B'], ['A', 'D', 'C', 'B']]","{'A': 4, 'C': 4, 'D': 4, 'B': 3}","[0.75, 1.0, 0.75]",3.96
95,"[1, 4, 5]","[3, 4, 3]","[0.58, 0.88, 0.58]","[['B', 'A', 'D', 'C'], ['A', 'C', 'D', 'B'], ['C', 'A', 'D', 'B']]","{'A': 4, 'C': 4, 'D': 4, 'B': 3}","[0.75, 1.0, 0.75]",3.96
95,"[1, 4, 5]","[3, 4, 3]","[0.58, 0.88, 0.58]","[['B', 'A', 'D', 'C'], ['A', 'C', 'D', 'B'], ['C', 'D', 'A', 'B']]","{'A': 4, 'C': 4, 'D': 4, 'B': 3}","[0.75, 1.0, 0.75]",3.96
95,"[1, 4, 5]","[3, 4, 3]","[0.58, 0.88, 0.58]","[['B', 'A', 'D', 'C'], ['A', 'C', 'D', 'B'], ['D', 'A', 'C', 'B']]","{'A': 4, 'C': 4, 'D': 4, 'B': 3}","[0.75, 1.0, 0.75]",3.96
95,"[1, 4, 5]","[3, 4, 3]","[0.58, 0.88, 0.58]","[['B', 'A', 'D', 'C'], ['A', 'C', 'D', 'B'], ['D', 'C', 'A', 'B']]","{'A': 4, 'C': 4, 'D': 4, 'B': 3}","[0.75, 1.0, 0.75]",3.96
95,"[1, 4, 5]","[3, 4, 3]","[0.58, 0.88, 0.58]","[['B', 'A', 'D', 'C'], ['A', 'D', 'C', 'B'], ['A', 'C', 'D', 'B']]","{'A': 4, 'C': 4, 'D': 4, 'B': 3}","[0.75, 1.0, 0.75]",3.96
95,"[1, 4, 5]","[3, 4, 3]","[0.58, 0.88, 0.58]","[['B', 'A', 'D', 'C'], ['A', 'D', 'C', 'B'], ['A', 'D', 'C', 'B']]","{'A': 4, 'C': 4, 'D': 4, 'B': 3}","[0.75, 1.0, 0.75]",3.96
95,"[1, 4, 5]","[3, 4, 3]","[0.58, 0.88, 0.58]","[['B', 'A', 'D', 'C'], ['A', 'D', 'C', 'B'], ['C', 'A', 'D', 'B']]","{'A': 4, 'C': 4, 'D': 4, 'B': 3}","[0.75, 1.0, 0.75]",3.96
95,"[1, 4, 5]","[3, 4, 3]","[0.58, 0.88, 0.58]","[['B', 'A', 'D', 'C'], ['A', 'D', 'C', 'B'], ['C', 'D', 'A', 'B']]","{'A': 4, 'C': 4, 'D': 4, 'B': 3}","[0.75, 1.0, 0.75]",3.96
95,"[1, 4, 5]","[3, 4, 3]","[0.58, 0.88, 0.58]","[['B', 'A', 'D', 'C'], ['A', 'D', 'C', 'B'], ['D', 'A', 'C', 'B']]","{'A': 4, 'C': 4, 'D': 4, 'B': 3}","[0.75, 1.0, 0.75]",3.96
95,"[1, 4, 5]","[3, 4, 3]","[0.58, 0.88, 0.58]","[['B', 'A', 'D', 'C'], ['A', 'D', 'C', 'B'], ['D', 'C', 'A', 'B']]","{'A': 4, 'C': 4, 'D': 4, 'B': 3}","[0.75, 1.0, 0.75]",3.96
95,"[1, 4, 5]","[3, 4, 3]","[0.58, 0.88, 0.58]","[['B', 'A', 'D', 'C'], ['C', 'A', 'D', 'B'], ['A', 'C', 'D', 'B']]","{'A': 4, 'C': 4, 'D': 4, 'B': 3}","[0.75, 1.0, 0.75]",3.96
95,"[1, 4, 5]","[3, 4, 3]","[0.58, 0.88, 0.58]","[['B', 'A', 'D', 'C'], ['C', 'A', 'D', 'B'], ['A', 'D', 'C', 'B']]","{'A': 4, 'C': 4, 'D': 4, 'B': 3}","[0.75, 1.0, 0.75]",3.96
95,"[1, 4, 5]","[3, 4, 3]","[0.58, 0.88, 0.58]","[['B', 'A', 'D', 'C'], ['C', 'A', 'D', 'B'], ['C', 'A', 'D', 'B']]","{'A': 4, 'C': 4, 'D': 4, 'B': 3}","[0.75, 1.0, 0.75]",3.96
95,"[1, 4, 5]","[3, 4, 3]","[0.58, 0.88, 0.58]","[['B', 'A', 'D', 'C'], ['C', 'A', 'D', 'B'], ['C', 'D', 'A', 'B']]","{'A': 4, 'C': 4, 'D': 4, 'B': 3}","[0.75, 1.0, 0.75]",3.96
95,"[1, 4, 5]","[3, 4, 3]","[0.58, 0.88, 0.58]","[['B', 'A', 'D', 'C'], ['C', 'A', 'D', 'B'], ['D', 'A', 'C', 'B']]","{'A': 4, 'C': 4, 'D': 4, 'B': 3}","[0.75, 1.0, 0.75]",3.96
95,"[1, 4, 5]","[3, 4, 3]","[0.58, 0.88, 0.58]","[['B', 'A', 'D', 'C'], ['C', 'A', 'D', 'B'], ['D', 'C', 'A', 'B']]","{'A': 4, 'C': 4, 'D': 4, 'B': 3}","[0.75, 1.0, 0.75]",3.96
95,"[1, 4, 5]","[3, 4, 3]","[0.58, 0.88, 0.58]","[['B', 'A', 'D', 'C'], ['C', 'D', 'A', 'B'], ['A', 'C', 'D', 'B']]","{'A': 4, 'C': 4, 'D': 4, 'B': 3}","[0.75, 1.0, 0.75]",3.96
95,"[1, 4, 5]","[3, 4, 3]","[0.58, 0.88, 0.58]","[['B', 'A', 'D', 'C'], ['C', 'D', 'A', 'B'], ['A', 'D', 'C', 'B']]","{'A': 4, 'C': 4, 'D': 4, 'B': 3}","[0.75, 1.0, 0.75]",3.96
95,"[1, 4, 5]","[3, 4, 3]","[0.58, 0.88, 0.58]","[['B', 'A', 'D', 'C'], ['C', 'D', 'A', 'B'], ['C', 'A', 'D', 'B']]","{'A': 4, 'C': 4, 'D': 4, 'B': 3}","[0.75, 1.0, 0.75]",3.96
95,"[1, 4, 5]","[3, 4, 3]","[0.58, 0.88, 0.58]","[['B', 'A', 'D', 'C'], ['C', 'D', 'A', 'B'], ['C', 'D', 'A', 'B']]","{'A': 4, 'C': 4, 'D': 4, 'B': 3}","[0.75, 1.0, 0.75]",3.96
95,"[1, 4, 5]","[3, 4, 3]","[0.58, 0.88, 0.58]","[['B', 'A', 'D', 'C'], ['C', 'D', 'A', 'B'], ['D', 'A', 'C', 'B']]","{'A': 4, 'C': 4, 'D': 4, 'B': 3}","[0.75, 1.0, 0.75]",3.96
95,"[1, 4, 5]","[3, 4, 3]","[0.58, 0.88, 0.58]","[['B', 'A', 'D', 'C'], ['C', 'D', 'A', 'B'], ['D', 'C', 'A', 'B']]","{'A': 4, 'C': 4, 'D': 4, 'B': 3}","[0.75, 1.0, 0.75]",3.96
95,"[1, 4, 5]","[3, 4, 3]","[0.58, 0.88, 0.58]","[['B', 'A', 'D', 'C'], ['D', 'A', 'C', 'B'], ['A', 'C', 'D', 'B']]","{'A': 4, 'C': 4, 'D': 4, 'B': 3}","[0.75, 1.0, 0.75]",3.96
95,"[1, 4, 5]","[3, 4, 3]","[0.58, 0.88, 0.58]","[['B', 'A', 'D', 'C'], ['D', 'A', 'C', 'B'], ['A', 'D', 'C', 'B']]","{'A': 4, 'C': 4, 'D': 4, 'B': 3}","[0.75, 1.0, 0.75]",3.96
95,"[1, 4, 5]","[3, 4, 3]","[0.58, 0.88, 0.58]","[['B', 'A', 'D', 'C'], ['D', 'A', 'C', 'B'], ['C', 'A', 'D', 'B']]","{'A': 4, 'C': 4, 'D': 4, 'B': 3}","[0.75, 1.0, 0.75]",3.96
95,"[1, 4, 5]","[3, 4, 3]","[0.58, 0.88, 0.58]","[['B', 'A', 'D', 'C'], ['D', 'A', 'C', 'B'], ['C', 'D', 'A', 'B']]","{'A': 4, 'C': 4, 'D': 4, 'B': 3}","[0.75, 1.0, 0.75]",3.96
95,"[1, 4, 5]","[3, 4, 3]","[0.58, 0.88, 0.58]","[['B', 'A', 'D', 'C'], ['D', 'A', 'C', 'B'], ['D', 'A', 'C', 'B']]","{'A': 4, 'C': 4, 'D': 4, 'B': 3}","[0.75, 1.0, 0.75]",3.96
95,"[1, 4, 5]","[3, 4, 3]","[0.58, 0.88, 0.58]","[['B', 'A', 'D', 'C'], ['D', 'A', 'C', 'B'], ['D', 'C', 'A', 'B']]","{'A': 4, 'C': 4, 'D': 4, 'B': 3}","[0.75, 1.0, 0.75]",3.96
95,"[1, 4, 5]","[3, 4, 3]","[0.58, 0.88, 0.58]","[['B', 'A', 'D', 'C'], ['D', 'C', 'A', 'B'], ['A', 'C', 'D', 'B']]","{'A': 4, 'C': 4, 'D': 4, 'B': 3}","[0.75, 1.0, 0.75]",3.96
95,"[1, 4, 5]","[3, 4, 3]","[0.58, 0.88, 0.58]","[['B', 'A', 'D', 'C'], ['D', 'C', 'A', 'B'], ['A', 'D', 'C', 'B']]","{'A': 4, 'C': 4, 'D': 4, 'B': 3}","[0.75, 1.0, 0.75]",3.96
95,"[1, 4, 5]","[3, 4, 3]","[0.58, 0.88, 0.58]","[['B', 'A', 'D', 'C'], ['D', 'C', 'A', 'B'], ['C', 'A', 'D', 'B']]","{'A': 4, 'C': 4, 'D': 4, 'B': 3}","[0.75, 1.0, 0.75]",3.96
95,"[1, 4, 5]","[3, 4, 3]","[0.58, 0.88, 0.58]","[['B', 'A', 'D', 'C'], ['D', 'C', 'A', 'B'], ['C', 'D', 'A', 'B']]","{'A': 4, 'C': 4, 'D': 4, 'B': 3}","[0.75, 1.0, 0.75]",3.96
95,"[1, 4, 5]","[3, 4, 3]","[0.58, 0.88, 0.58]","[['B', 'A', 'D', 'C'], ['D', 'C', 'A', 'B'], ['D', 'A', 'C', 'B']]","{'A': 4, 'C': 4, 'D': 4, 'B': 3}","[0.75, 1.0, 0.75]",3.96
95,"[1, 4, 5]","[3, 4, 3]","[0.58, 0.88, 0.58]","[['B', 'A', 'D', 'C'], ['D', 'C', 'A', 'B'], ['D', 'C', 'A', 'B']]","{'A': 4, 'C': 4, 'D': 4, 'B': 3}","[0.75, 1.0, 0.75]",3.96
95,"[1, 4, 5]","[3, 4, 3]","[0.58, 0.88, 0.58]","[['B', 'D', 'A', 'C'], ['A', 'C', 'D', 'B'], ['A', 'C', 'D', 'B']]","{'A': 4, 'C': 4, 'D': 4, 'B': 3}","[0.75, 1.0, 0.75]",3.96
95,"[1, 4, 5]","[3, 4, 3]","[0.58, 0.88, 0.58]","[['B', 'D', 'A', 'C'], ['A', 'C', 'D', 'B'], ['A', 'D', 'C', 'B']]","{'A': 4, 'C': 4, 'D': 4, 'B': 3}","[0.75, 1.0, 0.75]",3.96
95,"[1, 4, 5]","[3, 4, 3]","[0.58, 0.88, 0.58]","[['B', 'D', 'A', 'C'], ['A', 'C', 'D', 'B'], ['C', 'A', 'D', 'B']]","{'A': 4, 'C': 4, 'D': 4, 'B': 3}","[0.75, 1.0, 0.75]",3.96
95,"[1, 4, 5]","[3, 4, 3]","[0.58, 0.88, 0.58]","[['B', 'D', 'A', 'C'], ['A', 'C', 'D', 'B'], ['C', 'D', 'A', 'B']]","{'A': 4, 'C': 4, 'D': 4, 'B': 3}","[0.75, 1.0, 0.75]",3.96
95,"[1, 4, 5]","[3, 4, 3]","[0.58, 0.88, 0.58]","[['B', 'D', 'A', 'C'], ['A', 'C', 'D', 'B'], ['D', 'A', 'C', 'B']]","{'A': 4, 'C': 4, 'D': 4, 'B': 3}","[0.75, 1.0, 0.75]",3.96
95,"[1, 4, 5]","[3, 4, 3]","[0.58, 0.88, 0.58]","[['B', 'D', 'A', 'C'], ['A', 'C', 'D', 'B'], ['D', 'C', 'A', 'B']]","{'A': 4, 'C': 4, 'D': 4, 'B': 3}","[0.75, 1.0, 0.75]",3.96
95,"[1, 4, 5]","[3, 4, 3]","[0.58, 0.88, 0.58]","[['B', 'D', 'A', 'C'], ['A', 'D', 'C', 'B'], ['A', 'C', 'D', 'B']]","{'A': 4, 'C': 4, 'D': 4, 'B': 3}","[0.75, 1.0, 0.75]",3.96
95,"[1, 4, 5]","[3, 4, 3]","[0.58, 0.88, 0.58]","[['B', 'D', 'A', 'C'], ['A', 'D', 'C', 'B'], ['A', 'D', 'C', 'B']]","{'A': 4, 'C': 4, 'D': 4, 'B': 3}","[0.75, 1.0, 0.75]",3.96
95,"[1, 4, 5]","[3, 4, 3]","[0.58, 0.88, 0.58]","[['B', 'D', 'A', 'C'], ['A', 'D', 'C', 'B'], ['C', 'A', 'D', 'B']]","{'A': 4, 'C': 4, 'D': 4, 'B': 3}","[0.75, 1.0, 0.75]",3.96
95,"[1, 4, 5]","[3, 4, 3]","[0.58, 0.88, 0.58]","[['B', 'D', 'A', 'C'], ['A', 'D', 'C', 'B'], ['C', 'D', 'A', 'B']]","{'A': 4, 'C': 4, 'D': 4, 'B': 3}","[0.75, 1.0, 0.75]",3.96
95,"[1, 4, 5]","[3, 4, 3]","[0.58, 0.88, 0.58]","[['B', 'D', 'A', 'C'], ['A', 'D', 'C', 'B'], ['D', 'A', 'C', 'B']]","{'A': 4, 'C': 4, 'D': 4, 'B': 3}","[0.75, 1.0, 0.75]",3.96
95,"[1, 4, 5]","[3, 4, 3]","[0.58, 0.88, 0.58]","[['B', 'D', 'A', 'C'], ['A', 'D', 'C', 'B'], ['D', 'C', 'A', 'B']]","{'A': 4, 'C': 4, 'D': 4, 'B': 3}","[0.75, 1.0, 0.75]",3.96
95,"[1, 4, 5]","[3, 4, 3]","[0.58, 0.88, 0.58]","[['B', 'D', 'A', 'C'], ['C', 'A', 'D', 'B'], ['A', 'C', 'D', 'B']]","{'A': 4, 'C': 4, 'D': 4, 'B': 3}","[0.75, 1.0, 0.75]",3.96
95,"[1, 4, 5]","[3, 4, 3]","[0.58, 0.88, 0.58]","[['B', 'D', 'A', 'C'], ['C', 'A', 'D', 'B'], ['A', 'D', 'C', 'B']]","{'A': 4, 'C': 4, 'D': 4, 'B': 3}","[0.75, 1.0, 0.75]",3.96
95,"[1, 4, 5]","[3, 4, 3]","[0.58, 0.88, 0.58]","[['B', 'D', 'A', 'C'], ['C', 'A', 'D', 'B'], ['C', 'A', 'D', 'B']]","{'A': 4, 'C': 4, 'D': 4, 'B': 3}","[0.75, 1.0, 0.75]",3.96
95,"[1, 4, 5]","[3, 4, 3]","[0.58, 0.88, 0.58]","[['B', 'D', 'A', 'C'], ['C', 'A', 'D', 'B'], ['C', 'D', 'A', 'B']]","{'A': 4, 'C': 4, 'D': 4, 'B': 3}","[0.75, 1.0, 0.75]",3.96
95,"[1, 4, 5]","[3, 4, 3]","[0.58, 0.88, 0.58]","[['B', 'D', 'A', 'C'], ['C', 'A', 'D', 'B'], ['D', 'A', 'C', 'B']]","{'A': 4, 'C': 4, 'D': 4, 'B': 3}","[0.75, 1.0, 0.75]",3.96
95,"[1, 4, 5]","[3, 4, 3]","[0.58, 0.88, 0.58]","[['B', 'D', 'A', 'C'], ['C', 'A', 'D', 'B'], ['D', 'C', 'A', 'B']]","{'A': 4, 'C': 4, 'D': 4, 'B': 3}","[0.75, 1.0, 0.75]",3.96
95,"[1, 4, 5]","[3, 4, 3]","[0.58, 0.88, 0.58]","[['B', 'D', 'A', 'C'], ['C', 'D', 'A', 'B'], ['A', 'C', 'D', 'B']]","{'A': 4, 'C': 4, 'D': 4, 'B': 3}","[0.75, 1.0, 0.75]",3.96
95,"[1, 4, 5]","[3, 4, 3]","[0.58, 0.88, 0.58]","[['B', 'D', 'A', 'C'], ['C', 'D', 'A', 'B'], ['A', 'D', 'C', 'B']]","{'A': 4, 'C': 4, 'D': 4, 'B': 3}","[0.75, 1.0, 0.75]",3.96
95,"[1, 4, 5]","[3, 4, 3]","[0.58, 0.88, 0.58]","[['B', 'D', 'A', 'C'], ['C', 'D', 'A', 'B'], ['C', 'A', 'D', 'B']]","{'A': 4, 'C': 4, 'D': 4, 'B': 3}","[0.75, 1.0, 0.75]",3.96
95,"[1, 4, 5]","[3, 4, 3]","[0.58, 0.88, 0.58]","[['B', 'D', 'A', 'C'], ['C', 'D', 'A', 'B'], ['C', 'D', 'A', 'B']]","{'A': 4, 'C': 4, 'D': 4, 'B': 3}","[0.75, 1.0, 0.75]",3.96
95,"[1, 4, 5]","[3, 4, 3]","[0.58, 0.88, 0.58]","[['B', 'D', 'A', 'C'], ['C', 'D', 'A', 'B'], ['D', 'A', 'C', 'B']]","{'A': 4, 'C': 4, 'D': 4, 'B': 3}","[0.75, 1.0, 0.75]",3.96
95,"[1, 4, 5]","[3, 4, 3]","[0.58, 0.88, 0.58]","[['B', 'D', 'A', 'C'], ['C', 'D', 'A', 'B'], ['D', 'C', 'A', 'B']]","{'A': 4, 'C': 4, 'D': 4, 'B': 3}","[0.75, 1.0, 0.75]",3.96
95,"[1, 4, 5]","[3, 4, 3]","[0.58, 0.88, 0.58]","[['B', 'D', 'A', 'C'], ['D', 'A', 'C', 'B'], ['A', 'C', 'D', 'B']]","{'A': 4, 'C': 4, 'D': 4, 'B': 3}","[0.75, 1.0, 0.75]",3.96
95,"[1, 4, 5]","[3, 4, 3]","[0.58, 0.88, 0.58]","[['B', 'D', 'A', 'C'], ['D', 'A', 'C', 'B'], ['A', 'D', 'C', 'B']]","{'A': 4, 'C': 4, 'D': 4, 'B': 3}","[0.75, 1.0, 0.75]",3.96
95,"[1, 4, 5]","[3, 4, 3]","[0.58, 0.88, 0.58]","[['B', 'D', 'A', 'C'], ['D', 'A', 'C', 'B'], ['C', 'A', 'D', 'B']]","{'A': 4, 'C': 4, 'D': 4, 'B': 3}","[0.75, 1.0, 0.75]",3.96
95,"[1, 4, 5]","[3, 4, 3]","[0.58, 0.88, 0.58]","[['B', 'D', 'A', 'C'], ['D', 'A', 'C', 'B'], ['C', 'D', 'A', 'B']]","{'A': 4, 'C': 4, 'D': 4, 'B': 3}","[0.75, 1.0, 0.75]",3.96
95,"[1, 4, 5]","[3, 4, 3]","[0.58, 0.88, 0.58]","[['B', 'D', 'A', 'C'], ['D', 'A', 'C', 'B'], ['D', 'A', 'C', 'B']]","{'A': 4, 'C': 4, 'D': 4, 'B': 3}","[0.75, 1.0, 0.75]",3.96
95,"[1, 4, 5]","[3, 4, 3]","[0.58, 0.88, 0.58]","[['B', 'D', 'A', 'C'], ['D', 'A', 'C', 'B'], ['D', 'C', 'A', 'B']]","{'A': 4, 'C': 4, 'D': 4, 'B': 3}","[0.75, 1.0, 0.75]",3.96
95,"[1, 4, 5]","[3, 4, 3]","[0.58, 0.88, 0.58]","[['B', 'D', 'A', 'C'], ['D', 'C', 'A', 'B'], ['A', 'C', 'D', 'B']]","{'A': 4, 'C': 4, 'D': 4, 'B': 3}","[0.75, 1.0, 0.75]",3.96
95,"[1, 4, 5]","[3, 4, 3]","[0.58, 0.88, 0.58]","[['B', 'D', 'A', 'C'], ['D', 'C', 'A', 'B'], ['A', 'D', 'C', 'B']]","{'A': 4, 'C': 4, 'D': 4, 'B': 3}","[0.75, 1.0, 0.75]",3.96
95,"[1, 4, 5]","[3, 4, 3]","[0.58, 0.88, 0.58]","[['B', 'D', 'A', 'C'], ['D', 'C', 'A', 'B'], ['C', 'A', 'D', 'B']]","{'A': 4, 'C': 4, 'D': 4, 'B': 3}","[0.75, 1.0, 0.75]",3.96
95,"[1, 4, 5]","[3, 4, 3]","[0.58, 0.88, 0.58]","[['B', 'D', 'A', 'C'], ['D', 'C', 'A', 'B'], ['C', 'D', 'A', 'B']]","{'A': 4, 'C': 4, 'D': 4, 'B': 3}","[0.75, 1.0, 0.75]",3.96
95,"[1, 4, 5]","[3, 4, 3]","[0.58, 0.88, 0.58]","[['B', 'D', 'A', 'C'], ['D', 'C', 'A', 'B'], ['D', 'A', 'C', 'B']]","{'A': 4, 'C': 4, 'D': 4, 'B': 3}","[0.75, 1.0, 0.75]",3.96
95,"[1, 4, 5]","[3, 4, 3]","[0.58, 0.88, 0.58]","[['B', 'D', 'A', 'C'], ['D', 'C', 'A', 'B'], ['D', 'C', 'A', 'B']]","{'A': 4, 'C': 4, 'D': 4, 'B': 3}","[0.75, 1.0, 0.75]",3.96
95,"[1, 4, 5]","[3, 4, 3]","[0.58, 0.88, 0.58]","[['C', 'A', 'D', 'B'], ['A', 'B', 'D', 'C'], ['A', 'C', 'D', 'B']]","{'A': 4, 'C': 4, 'D': 4, 'B': 3}","[0.75, 1.0, 0.75]",3.96
95,"[1, 4, 5]","[3, 4, 3]","[0.58, 0.88, 0.58]","[['C', 'A', 'D', 'B'], ['A', 'B', 'D', 'C'], ['A', 'D', 'C', 'B']]","{'A': 4, 'C': 4, 'D': 4, 'B': 3}","[0.75, 1.0, 0.75]",3.96
95,"[1, 4, 5]","[3, 4, 3]","[0.58, 0.88, 0.58]","[['C', 'A', 'D', 'B'], ['A', 'B', 'D', 'C'], ['C', 'A', 'D', 'B']]","{'A': 4, 'C': 4, 'D': 4, 'B': 3}","[0.75, 1.0, 0.75]",3.96
95,"[1, 4, 5]","[3, 4, 3]","[0.58, 0.88, 0.58]","[['C', 'A', 'D', 'B'], ['A', 'B', 'D', 'C'], ['C', 'D', 'A', 'B']]","{'A': 4, 'C': 4, 'D': 4, 'B': 3}","[0.75, 1.0, 0.75]",3.96
95,"[1, 4, 5]","[3, 4, 3]","[0.58, 0.88, 0.58]","[['C', 'A', 'D', 'B'], ['A', 'B', 'D', 'C'], ['D', 'A', 'C', 'B']]","{'A': 4, 'C': 4, 'D': 4, 'B': 3}","[0.75, 1.0, 0.75]",3.96
95,"[1, 4, 5]","[3, 4, 3]","[0.58, 0.88, 0.58]","[['C', 'A', 'D', 'B'], ['A', 'B', 'D', 'C'], ['D', 'C', 'A', 'B']]","{'A': 4, 'C': 4, 'D': 4, 'B': 3}","[0.75, 1.0, 0.75]",3.96
95,"[1, 4, 5]","[3, 4, 3]","[0.58, 0.88, 0.58]","[['C', 'A', 'D', 'B'], ['A', 'C', 'D', 'B'], ['A', 'B', 'D', 'C']]","{'A': 4, 'C': 4, 'D': 4, 'B': 3}","[0.75, 1.0, 0.75]",3.96
95,"[1, 4, 5]","[3, 4, 3]","[0.58, 0.88, 0.58]","[['C', 'A', 'D', 'B'], ['A', 'C', 'D', 'B'], ['A', 'D', 'B', 'C']]","{'A': 4, 'C': 4, 'D': 4, 'B': 3}","[0.75, 1.0, 0.75]",3.96
95,"[1, 4, 5]","[3, 4, 3]","[0.58, 0.88, 0.58]","[['C', 'A', 'D', 'B'], ['A', 'C', 'D', 'B'], ['B', 'A', 'D', 'C']]","{'A': 4, 'C': 4, 'D': 4, 'B': 3}","[0.75, 1.0, 0.75]",3.96
95,"[1, 4, 5]","[3, 4, 3]","[0.58, 0.88, 0.58]","[['C', 'A', 'D', 'B'], ['A', 'C', 'D', 'B'], ['B', 'D', 'A', 'C']]","{'A': 4, 'C': 4, 'D': 4, 'B': 3}","[0.75, 1.0, 0.75]",3.96
95,"[1, 4, 5]","[3, 4, 3]","[0.58, 0.88, 0.58]","[['C', 'A', 'D', 'B'], ['A', 'C', 'D', 'B'], ['D', 'A', 'B', 'C']]","{'A': 4, 'C': 4, 'D': 4, 'B': 3}","[0.75, 1.0, 0.75]",3.96
95,"[1, 4, 5]","[3, 4, 3]","[0.58, 0.88, 0.58]","[['C', 'A', 'D', 'B'], ['A', 'C', 'D', 'B'], ['D', 'B', 'A', 'C']]","{'A': 4, 'C': 4, 'D': 4, 'B': 3}","[0.75, 1.0, 0.75]",3.96
95,"[1, 4, 5]","[3, 4, 3]","[0.58, 0.88, 0.58]","[['C', 'A', 'D', 'B'], ['A', 'D', 'B', 'C'], ['A', 'C', 'D', 'B']]","{'A': 4, 'C': 4, 'D': 4, 'B': 3}","[0.75, 1.0, 0.75]",3.96
95,"[1, 4, 5]","[3, 4, 3]","[0.58, 0.88, 0.58]","[['C', 'A', 'D', 'B'], ['A', 'D', 'B', 'C'], ['A', 'D', 'C', 'B']]","{'A': 4, 'C': 4, 'D': 4, 'B': 3}","[0.75, 1.0, 0.75]",3.96
95,"[1, 4, 5]","[3, 4, 3]","[0.58, 0.88, 0.58]","[['C', 'A', 'D', 'B'], ['A', 'D', 'B', 'C'], ['C', 'A', 'D', 'B']]","{'A': 4, 'C': 4, 'D': 4, 'B': 3}","[0.75, 1.0, 0.75]",3.96
95,"[1, 4, 5]","[3, 4, 3]","[0.58, 0.88, 0.58]","[['C', 'A', 'D', 'B'], ['A', 'D', 'B', 'C'], ['C', 'D', 'A', 'B']]","{'A': 4, 'C': 4, 'D': 4, 'B': 3}","[0.75, 1.0, 0.75]",3.96
95,"[1, 4, 5]","[3, 4, 3]","[0.58, 0.88, 0.58]","[['C', 'A', 'D', 'B'], ['A', 'D', 'B', 'C'], ['D', 'A', 'C', 'B']]","{'A': 4, 'C': 4, 'D': 4, 'B': 3}","[0.75, 1.0, 0.75]",3.96
95,"[1, 4, 5]","[3, 4, 3]","[0.58, 0.88, 0.58]","[['C', 'A', 'D', 'B'], ['A', 'D', 'B', 'C'], ['D', 'C', 'A', 'B']]","{'A': 4, 'C': 4, 'D': 4, 'B': 3}","[0.75, 1.0, 0.75]",3.96
95,"[1, 4, 5]","[3, 4, 3]","[0.58, 0.88, 0.58]","[['C', 'A', 'D', 'B'], ['A', 'D', 'C', 'B'], ['A', 'B', 'D', 'C']]","{'A': 4, 'C': 4, 'D': 4, 'B': 3}","[0.75, 1.0, 0.75]",3.96
95,"[1, 4, 5]","[3, 4, 3]","[0.58, 0.88, 0.58]","[['C', 'A', 'D', 'B'], ['A', 'D', 'C', 'B'], ['A', 'D', 'B', 'C']]","{'A': 4, 'C': 4, 'D': 4, 'B': 3}","[0.75, 1.0, 0.75]",3.96
95,"[1, 4, 5]","[3, 4, 3]","[0.58, 0.88, 0.58]","[['C', 'A', 'D', 'B'], ['A', 'D', 'C', 'B'], ['B', 'A', 'D', 'C']]","{'A': 4, 'C': 4, 'D': 4, 'B': 3}","[0.75, 1.0, 0.75]",3.96
95,"[1, 4, 5]","[3, 4, 3]","[0.58, 0.88, 0.58]","[['C', 'A', 'D', 'B'], ['A', 'D', 'C', 'B'], ['B', 'D', 'A', 'C']]","{'A': 4, 'C': 4, 'D': 4, 'B': 3}","[0.75, 1.0, 0.75]",3.96
95,"[1, 4, 5]","[3, 4, 3]","[0.58, 0.88, 0.58]","[['C', 'A', 'D', 'B'], ['A', 'D', 'C', 'B'], ['D', 'A', 'B', 'C']]","{'A': 4, 'C': 4, 'D': 4, 'B': 3}","[0.75, 1.0, 0.75]",3.96
95,"[1, 4, 5]","[3, 4, 3]","[0.58, 0.88, 0.58]","[['C', 'A', 'D', 'B'], ['A', 'D', 'C', 'B'], ['D', 'B', 'A', 'C']]","{'A': 4, 'C': 4, 'D': 4, 'B': 3}","[0.75, 1.0, 0.75]",3.96
95,"[1, 4, 5]","[3, 4, 3]","[0.58, 0.88, 0.58]","[['C', 'A', 'D', 'B'], ['B', 'A', 'D', 'C'], ['A', 'C', 'D', 'B']]","{'A': 4, 'C': 4, 'D': 4, 'B': 3}","[0.75, 1.0, 0.75]",3.96
95,"[1, 4, 5]","[3, 4, 3]","[0.58, 0.88, 0.58]","[['C', 'A', 'D', 'B'], ['B', 'A', 'D', 'C'], ['A', 'D', 'C', 'B']]","{'A': 4, 'C': 4, 'D': 4, 'B': 3}","[0.75, 1.0, 0.75]",3.96
95,"[1, 4, 5]","[3, 4, 3]","[0.58, 0.88, 0.58]","[['C', 'A', 'D', 'B'], ['B', 'A', 'D', 'C'], ['C', 'A', 'D', 'B']]","{'A': 4, 'C': 4, 'D': 4, 'B': 3}","[0.75, 1.0, 0.75]",3.96
95,"[1, 4, 5]","[3, 4, 3]","[0.58, 0.88, 0.58]","[['C', 'A', 'D', 'B'], ['B', 'A', 'D', 'C'], ['C', 'D', 'A', 'B']]","{'A': 4, 'C': 4, 'D': 4, 'B': 3}","[0.75, 1.0, 0.75]",3.96
95,"[1, 4, 5]","[3, 4, 3]","[0.58, 0.88, 0.58]","[['C', 'A', 'D', 'B'], ['B', 'A', 'D', 'C'], ['D', 'A', 'C', 'B']]","{'A': 4, 'C': 4, 'D': 4, 'B': 3}","[0.75, 1.0, 0.75]",3.96
95,"[1, 4, 5]","[3, 4, 3]","[0.58, 0.88, 0.58]","[['C', 'A', 'D', 'B'], ['B', 'A', 'D', 'C'], ['D', 'C', 'A', 'B']]","{'A': 4, 'C': 4, 'D': 4, 'B': 3}","[0.75, 1.0, 0.75]",3.96
95,"[1, 4, 5]","[3, 4, 3]","[0.58, 0.88, 0.58]","[['C', 'A', 'D', 'B'], ['B', 'D', 'A', 'C'], ['A', 'C', 'D', 'B']]","{'A': 4, 'C': 4, 'D': 4, 'B': 3}","[0.75, 1.0, 0.75]",3.96
95,"[1, 4, 5]","[3, 4, 3]","[0.58, 0.88, 0.58]","[['C', 'A', 'D', 'B'], ['B', 'D', 'A', 'C'], ['A', 'D', 'C', 'B']]","{'A': 4, 'C': 4, 'D': 4, 'B': 3}","[0.75, 1.0, 0.75]",3.96
95,"[1, 4, 5]","[3, 4, 3]","[0.58, 0.88, 0.58]","[['C', 'A', 'D', 'B'], ['B', 'D', 'A', 'C'], ['C', 'A', 'D', 'B']]","{'A': 4, 'C': 4, 'D': 4, 'B': 3}","[0.75, 1.0, 0.75]",3.96
95,"[1, 4, 5]","[3, 4, 3]","[0.58, 0.88, 0.58]","[['C', 'A', 'D', 'B'], ['B', 'D', 'A', 'C'], ['C', 'D', 'A', 'B']]","{'A': 4, 'C': 4, 'D': 4, 'B': 3}","[0.75, 1.0, 0.75]",3.96
95,"[1, 4, 5]","[3, 4, 3]","[0.58, 0.88, 0.58]","[['C', 'A', 'D', 'B'], ['B', 'D', 'A', 'C'], ['D', 'A', 'C', 'B']]","{'A': 4, 'C': 4, 'D': 4, 'B': 3}","[0.75, 1.0, 0.75]",3.96
95,"[1, 4, 5]","[3, 4, 3]","[0.58, 0.88, 0.58]","[['C', 'A', 'D', 'B'], ['B', 'D', 'A', 'C'], ['D', 'C', 'A', 'B']]","{'A': 4, 'C': 4, 'D': 4, 'B': 3}","[0.75, 1.0, 0.75]",3.96
95,"[1, 4, 5]","[3, 4, 3]","[0.58, 0.88, 0.58]","[['C', 'A', 'D', 'B'], ['C', 'A', 'D', 'B'], ['A', 'B', 'D', 'C']]","{'A': 4, 'C': 4, 'D': 4, 'B': 3}","[0.75, 1.0, 0.75]",3.96
95,"[1, 4, 5]","[3, 4, 3]","[0.58, 0.88, 0.58]","[['C', 'A', 'D', 'B'], ['C', 'A', 'D', 'B'], ['A', 'D', 'B', 'C']]","{'A': 4, 'C': 4, 'D': 4, 'B': 3}","[0.75, 1.0, 0.75]",3.96
95,"[1, 4, 5]","[3, 4, 3]","[0.58, 0.88, 0.58]","[['C', 'A', 'D', 'B'], ['C', 'A', 'D', 'B'], ['B', 'A', 'D', 'C']]","{'A': 4, 'C': 4, 'D': 4, 'B': 3}","[0.75, 1.0, 0.75]",3.96
95,"[1, 4, 5]","[3, 4, 3]","[0.58, 0.88, 0.58]","[['C', 'A', 'D', 'B'], ['C', 'A', 'D', 'B'], ['B', 'D', 'A', 'C']]","{'A': 4, 'C': 4, 'D': 4, 'B': 3}","[0.75, 1.0, 0.75]",3.96
95,"[1, 4, 5]","[3, 4, 3]","[0.58, 0.88, 0.58]","[['C', 'A', 'D', 'B'], ['C', 'A', 'D', 'B'], ['D', 'A', 'B', 'C']]","{'A': 4, 'C': 4, 'D': 4, 'B': 3}","[0.75, 1.0, 0.75]",3.96
95,"[1, 4, 5]","[3, 4, 3]","[0.58, 0.88, 0.58]","[['C', 'A', 'D', 'B'], ['C', 'A', 'D', 'B'], ['D', 'B', 'A', 'C']]","{'A': 4, 'C': 4, 'D': 4, 'B': 3}","[0.75, 1.0, 0.75]",3.96
95,"[1, 4, 5]","[3, 4, 3]","[0.58, 0.88, 0.58]","[['C', 'A', 'D', 'B'], ['C', 'D', 'A', 'B'], ['A', 'B', 'D', 'C']]","{'A': 4, 'C': 4, 'D': 4, 'B': 3}","[0.75, 1.0, 0.75]",3.96
95,"[1, 4, 5]","[3, 4, 3]","[0.58, 0.88, 0.58]","[['C', 'A', 'D', 'B'], ['C', 'D', 'A', 'B'], ['A', 'D', 'B', 'C']]","{'A': 4, 'C': 4, 'D': 4, 'B': 3}","[0.75, 1.0, 0.75]",3.96
95,"[1, 4, 5]","[3, 4, 3]","[0.58, 0.88, 0.58]","[['C', 'A', 'D', 'B'], ['C', 'D', 'A', 'B'], ['B', 'A', 'D', 'C']]","{'A': 4, 'C': 4, 'D': 4, 'B': 3}","[0.75, 1.0, 0.75]",3.96
95,"[1, 4, 5]","[3, 4, 3]","[0.58, 0.88, 0.58]","[['C', 'A', 'D', 'B'], ['C', 'D', 'A', 'B'], ['B', 'D', 'A', 'C']]","{'A': 4, 'C': 4, 'D': 4, 'B': 3}","[0.75, 1.0, 0.75]",3.96
95,"[1, 4, 5]","[3, 4, 3]","[0.58, 0.88, 0.58]","[['C', 'A', 'D', 'B'], ['C', 'D', 'A', 'B'], ['D', 'A', 'B', 'C']]","{'A': 4, 'C': 4, 'D': 4, 'B': 3}","[0.75, 1.0, 0.75]",3.96
95,"[1, 4, 5]","[3, 4, 3]","[0.58, 0.88, 0.58]","[['C', 'A', 'D', 'B'], ['C', 'D', 'A', 'B'], ['D', 'B', 'A', 'C']]","{'A': 4, 'C': 4, 'D': 4, 'B': 3}","[0.75, 1.0, 0.75]",3.96
95,"[1, 4, 5]","[3, 4, 3]","[0.58, 0.88, 0.58]","[['C', 'A', 'D', 'B'], ['D', 'A', 'B', 'C'], ['A', 'C', 'D', 'B']]","{'A': 4, 'C': 4, 'D': 4, 'B': 3}","[0.75, 1.0, 0.75]",3.96
95,"[1, 4, 5]","[3, 4, 3]","[0.58, 0.88, 0.58]","[['C', 'A', 'D', 'B'], ['D', 'A', 'B', 'C'], ['A', 'D', 'C', 'B']]","{'A': 4, 'C': 4, 'D': 4, 'B': 3}","[0.75, 1.0, 0.75]",3.96
95,"[1, 4, 5]","[3, 4, 3]","[0.58, 0.88, 0.58]","[['C', 'A', 'D', 'B'], ['D', 'A', 'B', 'C'], ['C', 'A', 'D', 'B']]","{'A': 4, 'C': 4, 'D': 4, 'B': 3}","[0.75, 1.0, 0.75]",3.96
95,"[1, 4, 5]","[3, 4, 3]","[0.58, 0.88, 0.58]","[['C', 'A', 'D', 'B'], ['D', 'A', 'B', 'C'], ['C', 'D', 'A', 'B']]","{'A': 4, 'C': 4, 'D': 4, 'B': 3}","[0.75, 1.0, 0.75]",3.96
95,"[1, 4, 5]","[3, 4, 3]","[0.58, 0.88, 0.58]","[['C', 'A', 'D', 'B'], ['D', 'A', 'B', 'C'], ['D', 'A', 'C', 'B']]","{'A': 4, 'C': 4, 'D': 4, 'B': 3}","[0.75, 1.0, 0.75]",3.96
95,"[1, 4, 5]","[3, 4, 3]","[0.58, 0.88, 0.58]","[['C', 'A', 'D', 'B'], ['D', 'A', 'B', 'C'], ['D', 'C', 'A', 'B']]","{'A': 4, 'C': 4, 'D': 4, 'B': 3}","[0.75, 1.0, 0.75]",3.96
95,"[1, 4, 5]","[3, 4, 3]","[0.58, 0.88, 0.58]","[['C', 'A', 'D', 'B'], ['D', 'A', 'C', 'B'], ['A', 'B', 'D', 'C']]","{'A': 4, 'C': 4, 'D': 4, 'B': 3}","[0.75, 1.0, 0.75]",3.96
95,"[1, 4, 5]","[3, 4, 3]","[0.58, 0.88, 0.58]","[['C', 'A', 'D', 'B'], ['D', 'A', 'C', 'B'], ['A', 'D', 'B', 'C']]","{'A': 4, 'C': 4, 'D': 4, 'B': 3}","[0.75, 1.0, 0.75]",3.96
95,"[1, 4, 5]","[3, 4, 3]","[0.58, 0.88, 0.58]","[['C', 'A', 'D', 'B'], ['D', 'A', 'C', 'B'], ['B', 'A', 'D', 'C']]","{'A': 4, 'C': 4, 'D': 4, 'B': 3}","[0.75, 1.0, 0.75]",3.96
95,"[1, 4, 5]","[3, 4, 3]","[0.58, 0.88, 0.58]","[['C', 'A', 'D', 'B'], ['D', 'A', 'C', 'B'], ['B', 'D', 'A', 'C']]","{'A': 4, 'C': 4, 'D': 4, 'B': 3}","[0.75, 1.0, 0.75]",3.96
95,"[1, 4, 5]","[3, 4, 3]","[0.58, 0.88, 0.58]","[['C', 'A', 'D', 'B'], ['D', 'A', 'C', 'B'], ['D', 'A', 'B', 'C']]","{'A': 4, 'C': 4, 'D': 4, 'B': 3}","[0.75, 1.0, 0.75]",3.96
95,"[1, 4, 5]","[3, 4, 3]","[0.58, 0.88, 0.58]","[['C', 'A', 'D', 'B'], ['D', 'A', 'C', 'B'], ['D', 'B', 'A', 'C']]","{'A': 4, 'C': 4, 'D': 4, 'B': 3}","[0.75, 1.0, 0.75]",3.96
95,"[1, 4, 5]","[3, 4, 3]","[0.58, 0.88, 0.58]","[['C', 'A', 'D', 'B'], ['D', 'B', 'A', 'C'], ['A', 'C', 'D', 'B']]","{'A': 4, 'C': 4, 'D': 4, 'B': 3}","[0.75, 1.0, 0.75]",3.96
95,"[1, 4, 5]","[3, 4, 3]","[0.58, 0.88, 0.58]","[['C', 'A', 'D', 'B'], ['D', 'B', 'A', 'C'], ['A', 'D', 'C', 'B']]","{'A': 4, 'C': 4, 'D': 4, 'B': 3}","[0.75, 1.0, 0.75]",3.96
95,"[1, 4, 5]","[3, 4, 3]","[0.58, 0.88, 0.58]","[['C', 'A', 'D', 'B'], ['D', 'B', 'A', 'C'], ['C', 'A', 'D', 'B']]","{'A': 4, 'C': 4, 'D': 4, 'B': 3}","[0.75, 1.0, 0.75]",3.96
95,"[1, 4, 5]","[3, 4, 3]","[0.58, 0.88, 0.58]","[['C', 'A', 'D', 'B'], ['D', 'B', 'A', 'C'], ['C', 'D', 'A', 'B']]","{'A': 4, 'C': 4, 'D': 4, 'B': 3}","[0.75, 1.0, 0.75]",3.96
95,"[1, 4, 5]","[3, 4, 3]","[0.58, 0.88, 0.58]","[['C', 'A', 'D', 'B'], ['D', 'B', 'A', 'C'], ['D', 'A', 'C', 'B']]","{'A': 4, 'C': 4, 'D': 4, 'B': 3}","[0.75, 1.0, 0.75]",3.96
95,"[1, 4, 5]","[3, 4, 3]","[0.58, 0.88, 0.58]","[['C', 'A', 'D', 'B'], ['D', 'B', 'A', 'C'], ['D', 'C', 'A', 'B']]","{'A': 4, 'C': 4, 'D': 4, 'B': 3}","[0.75, 1.0, 0.75]",3.96
95,"[1, 4, 5]","[3, 4, 3]","[0.58, 0.88, 0.58]","[['C', 'A', 'D', 'B'], ['D', 'C', 'A', 'B'], ['A', 'B', 'D', 'C']]","{'A': 4, 'C': 4, 'D': 4, 'B': 3}","[0.75, 1.0, 0.75]",3.96
95,"[1, 4, 5]","[3, 4, 3]","[0.58, 0.88, 0.58]","[['C', 'A', 'D', 'B'], ['D', 'C', 'A', 'B'], ['A', 'D', 'B', 'C']]","{'A': 4, 'C': 4, 'D': 4, 'B': 3}","[0.75, 1.0, 0.75]",3.96
95,"[1, 4, 5]","[3, 4, 3]","[0.58, 0.88, 0.58]","[['C', 'A', 'D', 'B'], ['D', 'C', 'A', 'B'], ['B', 'A', 'D', 'C']]","{'A': 4, 'C': 4, 'D': 4, 'B': 3}","[0.75, 1.0, 0.75]",3.96
95,"[1, 4, 5]","[3, 4, 3]","[0.58, 0.88, 0.58]","[['C', 'A', 'D', 'B'], ['D', 'C', 'A', 'B'], ['B', 'D', 'A', 'C']]","{'A': 4, 'C': 4, 'D': 4, 'B': 3}","[0.75, 1.0, 0.75]",3.96
95,"[1, 4, 5]","[3, 4, 3]","[0.58, 0.88, 0.58]","[['C', 'A', 'D', 'B'], ['D', 'C', 'A', 'B'], ['D', 'A', 'B', 'C']]","{'A': 4, 'C': 4, 'D': 4, 'B': 3}","[0.75, 1.0, 0.75]",3.96
95,"[1, 4, 5]","[3, 4, 3]","[0.58, 0.88, 0.58]","[['C', 'A', 'D', 'B'], ['D', 'C', 'A', 'B'], ['D', 'B', 'A', 'C']]","{'A': 4, 'C': 4, 'D': 4, 'B': 3}","[0.75, 1.0, 0.75]",3.96
95,"[1, 4, 5]","[3, 4, 3]","[0.58, 0.88, 0.58]","[['C', 'D', 'A', 'B'], ['A', 'B', 'D', 'C'], ['A', 'C', 'D', 'B']]","{'A': 4, 'C': 4, 'D': 4, 'B': 3}","[0.75, 1.0, 0.75]",3.96
95,"[1, 4, 5]","[3, 4, 3]","[0.58, 0.88, 0.58]","[['C', 'D', 'A', 'B'], ['A', 'B', 'D', 'C'], ['A', 'D', 'C', 'B']]","{'A': 4, 'C': 4, 'D': 4, 'B': 3}","[0.75, 1.0, 0.75]",3.96
95,"[1, 4, 5]","[3, 4, 3]","[0.58, 0.88, 0.58]","[['C', 'D', 'A', 'B'], ['A', 'B', 'D', 'C'], ['C', 'A', 'D', 'B']]","{'A': 4, 'C': 4, 'D': 4, 'B': 3}","[0.75, 1.0, 0.75]",3.96
95,"[1, 4, 5]","[3, 4, 3]","[0.58, 0.88, 0.58]","[['C', 'D', 'A', 'B'], ['A', 'B', 'D', 'C'], ['C', 'D', 'A', 'B']]","{'A': 4, 'C': 4, 'D': 4, 'B': 3}","[0.75, 1.0, 0.75]",3.96
95,"[1, 4, 5]","[3, 4, 3]","[0.58, 0.88, 0.58]","[['C', 'D', 'A', 'B'], ['A', 'B', 'D', 'C'], ['D', 'A', 'C', 'B']]","{'A': 4, 'C': 4, 'D': 4, 'B': 3}","[0.75, 1.0, 0.75]",3.96
95,"[1, 4, 5]","[3, 4, 3]","[0.58, 0.88, 0.58]","[['C', 'D', 'A', 'B'], ['A', 'B', 'D', 'C'], ['D', 'C', 'A', 'B']]","{'A': 4, 'C': 4, 'D': 4, 'B': 3}","[0.75, 1.0, 0.75]",3.96
95,"[1, 4, 5]","[3, 4, 3]","[0.58, 0.88, 0.58]","[['C', 'D', 'A', 'B'], ['A', 'C', 'D', 'B'], ['A', 'B', 'D', 'C']]","{'A': 4, 'C': 4, 'D': 4, 'B': 3}","[0.75, 1.0, 0.75]",3.96
95,"[1, 4, 5]","[3, 4, 3]","[0.58, 0.88, 0.58]","[['C', 'D', 'A', 'B'], ['A', 'C', 'D', 'B'], ['A', 'D', 'B', 'C']]","{'A': 4, 'C': 4, 'D': 4, 'B': 3}","[0.75, 1.0, 0.75]",3.96
95,"[1, 4, 5]","[3, 4, 3]","[0.58, 0.88, 0.58]","[['C', 'D', 'A', 'B'], ['A', 'C', 'D', 'B'], ['B', 'A', 'D', 'C']]","{'A': 4, 'C': 4, 'D': 4, 'B': 3}","[0.75, 1.0, 0.75]",3.96
95,"[1, 4, 5]","[3, 4, 3]","[0.58, 0.88, 0.58]","[['C', 'D', 'A', 'B'], ['A', 'C', 'D', 'B'], ['B', 'D', 'A', 'C']]","{'A': 4, 'C': 4, 'D': 4, 'B': 3}","[0.75, 1.0, 0.75]",3.96
95,"[1, 4, 5]","[3, 4, 3]","[0.58, 0.88, 0.58]","[['C', 'D', 'A', 'B'], ['A', 'C', 'D', 'B'], ['D', 'A', 'B', 'C']]","{'A': 4, 'C': 4, 'D': 4, 'B': 3}","[0.75, 1.0, 0.75]",3.96
95,"[1, 4, 5]","[3, 4, 3]","[0.58, 0.88, 0.58]","[['C', 'D', 'A', 'B'], ['A', 'C', 'D', 'B'], ['D', 'B', 'A', 'C']]","{'A': 4, 'C': 4, 'D': 4, 'B': 3}","[0.75, 1.0, 0.75]",3.96
95,"[1, 4, 5]","[3, 4, 3]","[0.58, 0.88, 0.58]","[['C', 'D', 'A', 'B'], ['A', 'D', 'B', 'C'], ['A', 'C', 'D', 'B']]","{'A': 4, 'C': 4, 'D': 4, 'B': 3}","[0.75, 1.0, 0.75]",3.96
95,"[1, 4, 5]","[3, 4, 3]","[0.58, 0.88, 0.58]","[['C', 'D', 'A', 'B'], ['A', 'D', 'B', 'C'], ['A', 'D', 'C', 'B']]","{'A': 4, 'C': 4, 'D': 4, 'B': 3}","[0.75, 1.0, 0.75]",3.96
95,"[1, 4, 5]","[3, 4, 3]","[0.58, 0.88, 0.58]","[['C', 'D', 'A', 'B'], ['A', 'D', 'B', 'C'], ['C', 'A', 'D', 'B']]","{'A': 4, 'C': 4, 'D': 4, 'B': 3}","[0.75, 1.0, 0.75]",3.96
95,"[1, 4, 5]","[3, 4, 3]","[0.58, 0.88, 0.58]","[['C', 'D', 'A', 'B'], ['A', 'D', 'B', 'C'], ['C', 'D', 'A', 'B']]","{'A': 4, 'C': 4, 'D': 4, 'B': 3}","[0.75, 1.0, 0.75]",3.96
95,"[1, 4, 5]","[3, 4, 3]","[0.58, 0.88, 0.58]","[['C', 'D', 'A', 'B'], ['A', 'D', 'B', 'C'], ['D', 'A', 'C', 'B']]","{'A': 4, 'C': 4, 'D': 4, 'B': 3}","[0.75, 1.0, 0.75]",3.96
95,"[1, 4, 5]","[3, 4, 3]","[0.58, 0.88, 0.58]","[['C', 'D', 'A', 'B'], ['A', 'D', 'B', 'C'], ['D', 'C', 'A', 'B']]","{'A': 4, 'C': 4, 'D': 4, 'B': 3}","[0.75, 1.0, 0.75]",3.96
95,"[1, 4, 5]","[3, 4, 3]","[0.58, 0.88, 0.58]","[['C', 'D', 'A', 'B'], ['A', 'D', 'C', 'B'], ['A', 'B', 'D', 'C']]","{'A': 4, 'C': 4, 'D': 4, 'B': 3}","[0.75, 1.0, 0.75]",3.96
95,"[1, 4, 5]","[3, 4, 3]","[0.58, 0.88, 0.58]","[['C', 'D', 'A', 'B'], ['A', 'D', 'C', 'B'], ['A', 'D', 'B', 'C']]","{'A': 4, 'C': 4, 'D': 4, 'B': 3}","[0.75, 1.0, 0.75]",3.96
95,"[1, 4, 5]","[3, 4, 3]","[0.58, 0.88, 0.58]","[['C', 'D', 'A', 'B'], ['A', 'D', 'C', 'B'], ['B', 'A', 'D', 'C']]","{'A': 4, 'C': 4, 'D': 4, 'B': 3}","[0.75, 1.0, 0.75]",3.96
95,"[1, 4, 5]","[3, 4, 3]","[0.58, 0.88, 0.58]","[['C', 'D', 'A', 'B'], ['A', 'D', 'C', 'B'], ['B', 'D', 'A', 'C']]","{'A': 4, 'C': 4, 'D': 4, 'B': 3}","[0.75, 1.0, 0.75]",3.96
95,"[1, 4, 5]","[3, 4, 3]","[0.58, 0.88, 0.58]","[['C', 'D', 'A', 'B'], ['A', 'D', 'C', 'B'], ['D', 'A', 'B', 'C']]","{'A': 4, 'C': 4, 'D': 4, 'B': 3}","[0.75, 1.0, 0.75]",3.96
95,"[1, 4, 5]","[3, 4, 3]","[0.58, 0.88, 0.58]","[['C', 'D', 'A', 'B'], ['A', 'D', 'C', 'B'], ['D', 'B', 'A', 'C']]","{'A': 4, 'C': 4, 'D': 4, 'B': 3}","[0.75, 1.0, 0.75]",3.96
95,"[1, 4, 5]","[3, 4, 3]","[0.58, 0.88, 0.58]","[['C', 'D', 'A', 'B'], ['B', 'A', 'D', 'C'], ['A', 'C', 'D', 'B']]","{'A': 4, 'C': 4, 'D': 4, 'B': 3}","[0.75, 1.0, 0.75]",3.96
95,"[1, 4, 5]","[3, 4, 3]","[0.58, 0.88, 0.58]","[['C', 'D', 'A', 'B'], ['B', 'A', 'D', 'C'], ['A', 'D', 'C', 'B']]","{'A': 4, 'C': 4, 'D': 4, 'B': 3}","[0.75, 1.0, 0.75]",3.96
95,"[1, 4, 5]","[3, 4, 3]","[0.58, 0.88, 0.58]","[['C', 'D', 'A', 'B'], ['B', 'A', 'D', 'C'], ['C', 'A', 'D', 'B']]","{'A': 4, 'C': 4, 'D': 4, 'B': 3}","[0.75, 1.0, 0.75]",3.96
95,"[1, 4, 5]","[3, 4, 3]","[0.58, 0.88, 0.58]","[['C', 'D', 'A', 'B'], ['B', 'A', 'D', 'C'], ['C', 'D', 'A', 'B']]","{'A': 4, 'C': 4, 'D': 4, 'B': 3}","[0.75, 1.0, 0.75]",3.96
95,"[1, 4, 5]","[3, 4, 3]","[0.58, 0.88, 0.58]","[['C', 'D', 'A', 'B'], ['B', 'A', 'D', 'C'], ['D', 'A', 'C', 'B']]","{'A': 4, 'C': 4, 'D': 4, 'B': 3}","[0.75, 1.0, 0.75]",3.96
95,"[1, 4, 5]","[3, 4, 3]","[0.58, 0.88, 0.58]","[['C', 'D', 'A', 'B'], ['B', 'A', 'D', 'C'], ['D', 'C', 'A', 'B']]","{'A': 4, 'C': 4, 'D': 4, 'B': 3}","[0.75, 1.0, 0.75]",3.96
95,"[1, 4, 5]","[3, 4, 3]","[0.58, 0.88, 0.58]","[['C', 'D', 'A', 'B'], ['B', 'D', 'A', 'C'], ['A', 'C', 'D', 'B']]","{'A': 4, 'C': 4, 'D': 4, 'B': 3}","[0.75, 1.0, 0.75]",3.96
95,"[1, 4, 5]","[3, 4, 3]","[0.58, 0.88, 0.58]","[['C', 'D', 'A', 'B'], ['B', 'D', 'A', 'C'], ['A', 'D', 'C', 'B']]","{'A': 4, 'C': 4, 'D': 4, 'B': 3}","[0.75, 1.0, 0.75]",3.96
95,"[1, 4, 5]","[3, 4, 3]","[0.58, 0.88, 0.58]","[['C', 'D', 'A', 'B'], ['B', 'D', 'A', 'C'], ['C', 'A', 'D', 'B']]","{'A': 4, 'C': 4, 'D': 4, 'B': 3}","[0.75, 1.0, 0.75]",3.96
95,"[1, 4, 5]","[3, 4, 3]","[0.58, 0.88, 0.58]","[['C', 'D', 'A', 'B'], ['B', 'D', 'A', 'C'], ['C', 'D', 'A', 'B']]","{'A': 4, 'C': 4, 'D': 4, 'B': 3}","[0.75, 1.0, 0.75]",3.96
95,"[1, 4, 5]","[3, 4, 3]","[0.58, 0.88, 0.58]","[['C', 'D', 'A', 'B'], ['B', 'D', 'A', 'C'], ['D', 'A', 'C', 'B']]","{'A': 4, 'C': 4, 'D': 4, 'B': 3}","[0.75, 1.0, 0.75]",3.96
95,"[1, 4, 5]","[3, 4, 3]","[0.58, 0.88, 0.58]","[['C', 'D', 'A', 'B'], ['B', 'D', 'A', 'C'], ['D', 'C', 'A', 'B']]","{'A': 4, 'C': 4, 'D': 4, 'B': 3}","[0.75, 1.0, 0.75]",3.96
95,"[1, 4, 5]","[3, 4, 3]","[0.58, 0.88, 0.58]","[['C', 'D', 'A', 'B'], ['C', 'A', 'D', 'B'], ['A', 'B', 'D', 'C']]","{'A': 4, 'C': 4, 'D': 4, 'B': 3}","[0.75, 1.0, 0.75]",3.96
95,"[1, 4, 5]","[3, 4, 3]","[0.58, 0.88, 0.58]","[['C', 'D', 'A', 'B'], ['C', 'A', 'D', 'B'], ['A', 'D', 'B', 'C']]","{'A': 4, 'C': 4, 'D': 4, 'B': 3}","[0.75, 1.0, 0.75]",3.96
95,"[1, 4, 5]","[3, 4, 3]","[0.58, 0.88, 0.58]","[['C', 'D', 'A', 'B'], ['C', 'A', 'D', 'B'], ['B', 'A', 'D', 'C']]","{'A': 4, 'C': 4, 'D': 4, 'B': 3}","[0.75, 1.0, 0.75]",3.96
95,"[1, 4, 5]","[3, 4, 3]","[0.58, 0.88, 0.58]","[['C', 'D', 'A', 'B'], ['C', 'A', 'D', 'B'], ['B', 'D', 'A', 'C']]","{'A': 4, 'C': 4, 'D': 4, 'B': 3}","[0.75, 1.0, 0.75]",3.96
95,"[1, 4, 5]","[3, 4, 3]","[0.58, 0.88, 0.58]","[['C', 'D', 'A', 'B'], ['C', 'A', 'D', 'B'], ['D', 'A', 'B', 'C']]","{'A': 4, 'C': 4, 'D': 4, 'B': 3}","[0.75, 1.0, 0.75]",3.96
95,"[1, 4, 5]","[3, 4, 3]","[0.58, 0.88, 0.58]","[['C', 'D', 'A', 'B'], ['C', 'A', 'D', 'B'], ['D', 'B', 'A', 'C']]","{'A': 4, 'C': 4, 'D': 4, 'B': 3}","[0.75, 1.0, 0.75]",3.96
95,"[1, 4, 5]","[3, 4, 3]","[0.58, 0.88, 0.58]","[['C', 'D', 'A', 'B'], ['C', 'D', 'A', 'B'], ['A', 'B', 'D', 'C']]","{'A': 4, 'C': 4, 'D': 4, 'B': 3}","[0.75, 1.0, 0.75]",3.96
95,"[1, 4, 5]","[3, 4, 3]","[0.58, 0.88, 0.58]","[['C', 'D', 'A', 'B'], ['C', 'D', 'A', 'B'], ['A', 'D', 'B', 'C']]","{'A': 4, 'C': 4, 'D': 4, 'B': 3}","[0.75, 1.0, 0.75]",3.96
95,"[1, 4, 5]","[3, 4, 3]","[0.58, 0.88, 0.58]","[['C', 'D', 'A', 'B'], ['C', 'D', 'A', 'B'], ['B', 'A', 'D', 'C']]","{'A': 4, 'C': 4, 'D': 4, 'B': 3}","[0.75, 1.0, 0.75]",3.96
95,"[1, 4, 5]","[3, 4, 3]","[0.58, 0.88, 0.58]","[['C', 'D', 'A', 'B'], ['C', 'D', 'A', 'B'], ['B', 'D', 'A', 'C']]","{'A': 4, 'C': 4, 'D': 4, 'B': 3}","[0.75, 1.0, 0.75]",3.96
95,"[1, 4, 5]","[3, 4, 3]","[0.58, 0.88, 0.58]","[['C', 'D', 'A', 'B'], ['C', 'D', 'A', 'B'], ['D', 'A', 'B', 'C']]","{'A': 4, 'C': 4, 'D': 4, 'B': 3}","[0.75, 1.0, 0.75]",3.96
95,"[1, 4, 5]","[3, 4, 3]","[0.58, 0.88, 0.58]","[['C', 'D', 'A', 'B'], ['C', 'D', 'A', 'B'], ['D', 'B', 'A', 'C']]","{'A': 4, 'C': 4, 'D': 4, 'B': 3}","[0.75, 1.0, 0.75]",3.96
95,"[1, 4, 5]","[3, 4, 3]","[0.58, 0.88, 0.58]","[['C', 'D', 'A', 'B'], ['D', 'A', 'B', 'C'], ['A', 'C', 'D', 'B']]","{'A': 4, 'C': 4, 'D': 4, 'B': 3}","[0.75, 1.0, 0.75]",3.96
95,"[1, 4, 5]","[3, 4, 3]","[0.58, 0.88, 0.58]","[['C', 'D', 'A', 'B'], ['D', 'A', 'B', 'C'], ['A', 'D', 'C', 'B']]","{'A': 4, 'C': 4, 'D': 4, 'B': 3}","[0.75, 1.0, 0.75]",3.96
95,"[1, 4, 5]","[3, 4, 3]","[0.58, 0.88, 0.58]","[['C', 'D', 'A', 'B'], ['D', 'A', 'B', 'C'], ['C', 'A', 'D', 'B']]","{'A': 4, 'C': 4, 'D': 4, 'B': 3}","[0.75, 1.0, 0.75]",3.96
95,"[1, 4, 5]","[3, 4, 3]","[0.58, 0.88, 0.58]","[['C', 'D', 'A', 'B'], ['D', 'A', 'B', 'C'], ['C', 'D', 'A', 'B']]","{'A': 4, 'C': 4, 'D': 4, 'B': 3}","[0.75, 1.0, 0.75]",3.96
95,"[1, 4, 5]","[3, 4, 3]","[0.58, 0.88, 0.58]","[['C', 'D', 'A', 'B'], ['D', 'A', 'B', 'C'], ['D', 'A', 'C', 'B']]","{'A': 4, 'C': 4, 'D': 4, 'B': 3}","[0.75, 1.0, 0.75]",3.96
95,"[1, 4, 5]","[3, 4, 3]","[0.58, 0.88, 0.58]","[['C', 'D', 'A', 'B'], ['D', 'A', 'B', 'C'], ['D', 'C', 'A', 'B']]","{'A': 4, 'C': 4, 'D': 4, 'B': 3}","[0.75, 1.0, 0.75]",3.96
95,"[1, 4, 5]","[3, 4, 3]","[0.58, 0.88, 0.58]","[['C', 'D', 'A', 'B'], ['D', 'A', 'C', 'B'], ['A', 'B', 'D', 'C']]","{'A': 4, 'C': 4, 'D': 4, 'B': 3}","[0.75, 1.0, 0.75]",3.96
95,"[1, 4, 5]","[3, 4, 3]","[0.58, 0.88, 0.58]","[['C', 'D', 'A', 'B'], ['D', 'A', 'C', 'B'], ['A', 'D', 'B', 'C']]","{'A': 4, 'C': 4, 'D': 4, 'B': 3}","[0.75, 1.0, 0.75]",3.96
95,"[1, 4, 5]","[3, 4, 3]","[0.58, 0.88, 0.58]","[['C', 'D', 'A', 'B'], ['D', 'A', 'C', 'B'], ['B', 'A', 'D', 'C']]","{'A': 4, 'C': 4, 'D': 4, 'B': 3}","[0.75, 1.0, 0.75]",3.96
95,"[1, 4, 5]","[3, 4, 3]","[0.58, 0.88, 0.58]","[['C', 'D', 'A', 'B'], ['D', 'A', 'C', 'B'], ['B', 'D', 'A', 'C']]","{'A': 4, 'C': 4, 'D': 4, 'B': 3}","[0.75, 1.0, 0.75]",3.96
95,"[1, 4, 5]","[3, 4, 3]","[0.58, 0.88, 0.58]","[['C', 'D', 'A', 'B'], ['D', 'A', 'C', 'B'], ['D', 'A', 'B', 'C']]","{'A': 4, 'C': 4, 'D': 4, 'B': 3}","[0.75, 1.0, 0.75]",3.96
95,"[1, 4, 5]","[3, 4, 3]","[0.58, 0.88, 0.58]","[['C', 'D', 'A', 'B'], ['D', 'A', 'C', 'B'], ['D', 'B', 'A', 'C']]","{'A': 4, 'C': 4, 'D': 4, 'B': 3}","[0.75, 1.0, 0.75]",3.96
95,"[1, 4, 5]","[3, 4, 3]","[0.58, 0.88, 0.58]","[['C', 'D', 'A', 'B'], ['D', 'B', 'A', 'C'], ['A', 'C', 'D', 'B']]","{'A': 4, 'C': 4, 'D': 4, 'B': 3}","[0.75, 1.0, 0.75]",3.96
95,"[1, 4, 5]","[3, 4, 3]","[0.58, 0.88, 0.58]","[['C', 'D', 'A', 'B'], ['D', 'B', 'A', 'C'], ['A', 'D', 'C', 'B']]","{'A': 4, 'C': 4, 'D': 4, 'B': 3}","[0.75, 1.0, 0.75]",3.96
95,"[1, 4, 5]","[3, 4, 3]","[0.58, 0.88, 0.58]","[['C', 'D', 'A', 'B'], ['D', 'B', 'A', 'C'], ['C', 'A', 'D', 'B']]","{'A': 4, 'C': 4, 'D': 4, 'B': 3}","[0.75, 1.0, 0.75]",3.96
95,"[1, 4, 5]","[3, 4, 3]","[0.58, 0.88, 0.58]","[['C', 'D', 'A', 'B'], ['D', 'B', 'A', 'C'], ['C', 'D', 'A', 'B']]","{'A': 4, 'C': 4, 'D': 4, 'B': 3}","[0.75, 1.0, 0.75]",3.96
95,"[1, 4, 5]","[3, 4, 3]","[0.58, 0.88, 0.58]","[['C', 'D', 'A', 'B'], ['D', 'B', 'A', 'C'], ['D', 'A', 'C', 'B']]","{'A': 4, 'C': 4, 'D': 4, 'B': 3}","[0.75, 1.0, 0.75]",3.96
95,"[1, 4, 5]","[3, 4, 3]","[0.58, 0.88, 0.58]","[['C', 'D', 'A', 'B'], ['D', 'B', 'A', 'C'], ['D', 'C', 'A', 'B']]","{'A': 4, 'C': 4, 'D': 4, 'B': 3}","[0.75, 1.0, 0.75]",3.96
95,"[1, 4, 5]","[3, 4, 3]","[0.58, 0.88, 0.58]","[['C', 'D', 'A', 'B'], ['D', 'C', 'A', 'B'], ['A', 'B', 'D', 'C']]","{'A': 4, 'C': 4, 'D': 4, 'B': 3}","[0.75, 1.0, 0.75]",3.96
95,"[1, 4, 5]","[3, 4, 3]","[0.58, 0.88, 0.58]","[['C', 'D', 'A', 'B'], ['D', 'C', 'A', 'B'], ['A', 'D', 'B', 'C']]","{'A': 4, 'C': 4, 'D': 4, 'B': 3}","[0.75, 1.0, 0.75]",3.96
95,"[1, 4, 5]","[3, 4, 3]","[0.58, 0.88, 0.58]","[['C', 'D', 'A', 'B'], ['D', 'C', 'A', 'B'], ['B', 'A', 'D', 'C']]","{'A': 4, 'C': 4, 'D': 4, 'B': 3}","[0.75, 1.0, 0.75]",3.96
95,"[1, 4, 5]","[3, 4, 3]","[0.58, 0.88, 0.58]","[['C', 'D', 'A', 'B'], ['D', 'C', 'A', 'B'], ['B', 'D', 'A', 'C']]","{'A': 4, 'C': 4, 'D': 4, 'B': 3}","[0.75, 1.0, 0.75]",3.96
95,"[1, 4, 5]","[3, 4, 3]","[0.58, 0.88, 0.58]","[['C', 'D', 'A', 'B'], ['D', 'C', 'A', 'B'], ['D', 'A', 'B', 'C']]","{'A': 4, 'C': 4, 'D': 4, 'B': 3}","[0.75, 1.0, 0.75]",3.96
95,"[1, 4, 5]","[3, 4, 3]","[0.58, 0.88, 0.58]","[['C', 'D', 'A', 'B'], ['D', 'C', 'A', 'B'], ['D', 'B', 'A', 'C']]","{'A': 4, 'C': 4, 'D': 4, 'B': 3}","[0.75, 1.0, 0.75]",3.96
95,"[1, 4, 5]","[3, 4, 3]","[0.58, 0.88, 0.58]","[['D', 'A', 'B', 'C'], ['A', 'C', 'D', 'B'], ['A', 'C', 'D', 'B']]","{'A': 4, 'C': 4, 'D': 4, 'B': 3}","[0.75, 1.0, 0.75]",3.96
95,"[1, 4, 5]","[3, 4, 3]","[0.58, 0.88, 0.58]","[['D', 'A', 'B', 'C'], ['A', 'C', 'D', 'B'], ['A', 'D', 'C', 'B']]","{'A': 4, 'C': 4, 'D': 4, 'B': 3}","[0.75, 1.0, 0.75]",3.96
95,"[1, 4, 5]","[3, 4, 3]","[0.58, 0.88, 0.58]","[['D', 'A', 'B', 'C'], ['A', 'C', 'D', 'B'], ['C', 'A', 'D', 'B']]","{'A': 4, 'C': 4, 'D': 4, 'B': 3}","[0.75, 1.0, 0.75]",3.96
95,"[1, 4, 5]","[3, 4, 3]","[0.58, 0.88, 0.58]","[['D', 'A', 'B', 'C'], ['A', 'C', 'D', 'B'], ['C', 'D', 'A', 'B']]","{'A': 4, 'C': 4, 'D': 4, 'B': 3}","[0.75, 1.0, 0.75]",3.96
95,"[1, 4, 5]","[3, 4, 3]","[0.58, 0.88, 0.58]","[['D', 'A', 'B', 'C'], ['A', 'C', 'D', 'B'], ['D', 'A', 'C', 'B']]","{'A': 4, 'C': 4, 'D': 4, 'B': 3}","[0.75, 1.0, 0.75]",3.96
95,"[1, 4, 5]","[3, 4, 3]","[0.58, 0.88, 0.58]","[['D', 'A', 'B', 'C'], ['A', 'C', 'D', 'B'], ['D', 'C', 'A', 'B']]","{'A': 4, 'C': 4, 'D': 4, 'B': 3}","[0.75, 1.0, 0.75]",3.96
95,"[1, 4, 5]","[3, 4, 3]","[0.58, 0.88, 0.58]","[['D', 'A', 'B', 'C'], ['A', 'D', 'C', 'B'], ['A', 'C', 'D', 'B']]","{'A': 4, 'C': 4, 'D': 4, 'B': 3}","[0.75, 1.0, 0.75]",3.96
95,"[1, 4, 5]","[3, 4, 3]","[0.58, 0.88, 0.58]","[['D', 'A', 'B', 'C'], ['A', 'D', 'C', 'B'], ['A', 'D', 'C', 'B']]","{'A': 4, 'C': 4, 'D': 4, 'B': 3}","[0.75, 1.0, 0.75]",3.96
95,"[1, 4, 5]","[3, 4, 3]","[0.58, 0.88, 0.58]","[['D', 'A', 'B', 'C'], ['A', 'D', 'C', 'B'], ['C', 'A', 'D', 'B']]","{'A': 4, 'C': 4, 'D': 4, 'B': 3}","[0.75, 1.0, 0.75]",3.96
95,"[1, 4, 5]","[3, 4, 3]","[0.58, 0.88, 0.58]","[['D', 'A', 'B', 'C'], ['A', 'D', 'C', 'B'], ['C', 'D', 'A', 'B']]","{'A': 4, 'C': 4, 'D': 4, 'B': 3}","[0.75, 1.0, 0.75]",3.96
95,"[1, 4, 5]","[3, 4, 3]","[0.58, 0.88, 0.58]","[['D', 'A', 'B', 'C'], ['A', 'D', 'C', 'B'], ['D', 'A', 'C', 'B']]","{'A': 4, 'C': 4, 'D': 4, 'B': 3}","[0.75, 1.0, 0.75]",3.96
95,"[1, 4, 5]","[3, 4, 3]","[0.58, 0.88, 0.58]","[['D', 'A', 'B', 'C'], ['A', 'D', 'C', 'B'], ['D', 'C', 'A', 'B']]","{'A': 4, 'C': 4, 'D': 4, 'B': 3}","[0.75, 1.0, 0.75]",3.96
95,"[1, 4, 5]","[3, 4, 3]","[0.58, 0.88, 0.58]","[['D', 'A', 'B', 'C'], ['C', 'A', 'D', 'B'], ['A', 'C', 'D', 'B']]","{'A': 4, 'C': 4, 'D': 4, 'B': 3}","[0.75, 1.0, 0.75]",3.96
95,"[1, 4, 5]","[3, 4, 3]","[0.58, 0.88, 0.58]","[['D', 'A', 'B', 'C'], ['C', 'A', 'D', 'B'], ['A', 'D', 'C', 'B']]","{'A': 4, 'C': 4, 'D': 4, 'B': 3}","[0.75, 1.0, 0.75]",3.96
95,"[1, 4, 5]","[3, 4, 3]","[0.58, 0.88, 0.58]","[['D', 'A', 'B', 'C'], ['C', 'A', 'D', 'B'], ['C', 'A', 'D', 'B']]","{'A': 4, 'C': 4, 'D': 4, 'B': 3}","[0.75, 1.0, 0.75]",3.96
95,"[1, 4, 5]","[3, 4, 3]","[0.58, 0.88, 0.58]","[['D', 'A', 'B', 'C'], ['C', 'A', 'D', 'B'], ['C', 'D', 'A', 'B']]","{'A': 4, 'C': 4, 'D': 4, 'B': 3}","[0.75, 1.0, 0.75]",3.96
95,"[1, 4, 5]","[3, 4, 3]","[0.58, 0.88, 0.58]","[['D', 'A', 'B', 'C'], ['C', 'A', 'D', 'B'], ['D', 'A', 'C', 'B']]","{'A': 4, 'C': 4, 'D': 4, 'B': 3}","[0.75, 1.0, 0.75]",3.96
95,"[1, 4, 5]","[3, 4, 3]","[0.58, 0.88, 0.58]","[['D', 'A', 'B', 'C'], ['C', 'A', 'D', 'B'], ['D', 'C', 'A', 'B']]","{'A': 4, 'C': 4, 'D': 4, 'B': 3}","[0.75, 1.0, 0.75]",3.96
95,"[1, 4, 5]","[3, 4, 3]","[0.58, 0.88, 0.58]","[['D', 'A', 'B', 'C'], ['C', 'D', 'A', 'B'], ['A', 'C', 'D', 'B']]","{'A': 4, 'C': 4, 'D': 4, 'B': 3}","[0.75, 1.0, 0.75]",3.96
95,"[1, 4, 5]","[3, 4, 3]","[0.58, 0.88, 0.58]","[['D', 'A', 'B', 'C'], ['C', 'D', 'A', 'B'], ['A', 'D', 'C', 'B']]","{'A': 4, 'C': 4, 'D': 4, 'B': 3}","[0.75, 1.0, 0.75]",3.96
95,"[1, 4, 5]","[3, 4, 3]","[0.58, 0.88, 0.58]","[['D', 'A', 'B', 'C'], ['C', 'D', 'A', 'B'], ['C', 'A', 'D', 'B']]","{'A': 4, 'C': 4, 'D': 4, 'B': 3}","[0.75, 1.0, 0.75]",3.96
95,"[1, 4, 5]","[3, 4, 3]","[0.58, 0.88, 0.58]","[['D', 'A', 'B', 'C'], ['C', 'D', 'A', 'B'], ['C', 'D', 'A', 'B']]","{'A': 4, 'C': 4, 'D': 4, 'B': 3}","[0.75, 1.0, 0.75]",3.96
95,"[1, 4, 5]","[3, 4, 3]","[0.58, 0.88, 0.58]","[['D', 'A', 'B', 'C'], ['C', 'D', 'A', 'B'], ['D', 'A', 'C', 'B']]","{'A': 4, 'C': 4, 'D': 4, 'B': 3}","[0.75, 1.0, 0.75]",3.96
95,"[1, 4, 5]","[3, 4, 3]","[0.58, 0.88, 0.58]","[['D', 'A', 'B', 'C'], ['C', 'D', 'A', 'B'], ['D', 'C', 'A', 'B']]","{'A': 4, 'C': 4, 'D': 4, 'B': 3}","[0.75, 1.0, 0.75]",3.96
95,"[1, 4, 5]","[3, 4, 3]","[0.58, 0.88, 0.58]","[['D', 'A', 'B', 'C'], ['D', 'A', 'C', 'B'], ['A', 'C', 'D', 'B']]","{'A': 4, 'C': 4, 'D': 4, 'B': 3}","[0.75, 1.0, 0.75]",3.96
95,"[1, 4, 5]","[3, 4, 3]","[0.58, 0.88, 0.58]","[['D', 'A', 'B', 'C'], ['D', 'A', 'C', 'B'], ['A', 'D', 'C', 'B']]","{'A': 4, 'C': 4, 'D': 4, 'B': 3}","[0.75, 1.0, 0.75]",3.96
95,"[1, 4, 5]","[3, 4, 3]","[0.58, 0.88, 0.58]","[['D', 'A', 'B', 'C'], ['D', 'A', 'C', 'B'], ['C', 'A', 'D', 'B']]","{'A': 4, 'C': 4, 'D': 4, 'B': 3}","[0.75, 1.0, 0.75]",3.96
95,"[1, 4, 5]","[3, 4, 3]","[0.58, 0.88, 0.58]","[['D', 'A', 'B', 'C'], ['D', 'A', 'C', 'B'], ['C', 'D', 'A', 'B']]","{'A': 4, 'C': 4, 'D': 4, 'B': 3}","[0.75, 1.0, 0.75]",3.96
95,"[1, 4, 5]","[3, 4, 3]","[0.58, 0.88, 0.58]","[['D', 'A', 'B', 'C'], ['D', 'A', 'C', 'B'], ['D', 'A', 'C', 'B']]","{'A': 4, 'C': 4, 'D': 4, 'B': 3}","[0.75, 1.0, 0.75]",3.96
95,"[1, 4, 5]","[3, 4, 3]","[0.58, 0.88, 0.58]","[['D', 'A', 'B', 'C'], ['D', 'A', 'C', 'B'], ['D', 'C', 'A', 'B']]","{'A': 4, 'C': 4, 'D': 4, 'B': 3}","[0.75, 1.0, 0.75]",3.96
95,"[1, 4, 5]","[3, 4, 3]","[0.58, 0.88, 0.58]","[['D', 'A', 'B', 'C'], ['D', 'C', 'A', 'B'], ['A', 'C', 'D', 'B']]","{'A': 4, 'C': 4, 'D': 4, 'B': 3}","[0.75, 1.0, 0.75]",3.96
95,"[1, 4, 5]","[3, 4, 3]","[0.58, 0.88, 0.58]","[['D', 'A', 'B', 'C'], ['D', 'C', 'A', 'B'], ['A', 'D', 'C', 'B']]","{'A': 4, 'C': 4, 'D': 4, 'B': 3}","[0.75, 1.0, 0.75]",3.96
95,"[1, 4, 5]","[3, 4, 3]","[0.58, 0.88, 0.58]","[['D', 'A', 'B', 'C'], ['D', 'C', 'A', 'B'], ['C', 'A', 'D', 'B']]","{'A': 4, 'C': 4, 'D': 4, 'B': 3}","[0.75, 1.0, 0.75]",3.96
95,"[1, 4, 5]","[3, 4, 3]","[0.58, 0.88, 0.58]","[['D', 'A', 'B', 'C'], ['D', 'C', 'A', 'B'], ['C', 'D', 'A', 'B']]","{'A': 4, 'C': 4, 'D': 4, 'B': 3}","[0.75, 1.0, 0.75]",3.96
95,"[1, 4, 5]","[3, 4, 3]","[0.58, 0.88, 0.58]","[['D', 'A', 'B', 'C'], ['D', 'C', 'A', 'B'], ['D', 'A', 'C', 'B']]","{'A': 4, 'C': 4, 'D': 4, 'B': 3}","[0.75, 1.0, 0.75]",3.96
95,"[1, 4, 5]","[3, 4, 3]","[0.58, 0.88, 0.58]","[['D', 'A', 'B', 'C'], ['D', 'C', 'A', 'B'], ['D', 'C', 'A', 'B']]","{'A': 4, 'C': 4, 'D': 4, 'B': 3}","[0.75, 1.0, 0.75]",3.96
95,"[1, 4, 5]","[3, 4, 3]","[0.58, 0.88, 0.58]","[['D', 'A', 'C', 'B'], ['A', 'B', 'D', 'C'], ['A', 'C', 'D', 'B']]","{'A': 4, 'C': 4, 'D': 4, 'B': 3}","[0.75, 1.0, 0.75]",3.96
95,"[1, 4, 5]","[3, 4, 3]","[0.58, 0.88, 0.58]","[['D', 'A', 'C', 'B'], ['A', 'B', 'D', 'C'], ['A', 'D', 'C', 'B']]","{'A': 4, 'C': 4, 'D': 4, 'B': 3}","[0.75, 1.0, 0.75]",3.96
95,"[1, 4, 5]","[3, 4, 3]","[0.58, 0.88, 0.58]","[['D', 'A', 'C', 'B'], ['A', 'B', 'D', 'C'], ['C', 'A', 'D', 'B']]","{'A': 4, 'C': 4, 'D': 4, 'B': 3}","[0.75, 1.0, 0.75]",3.96
95,"[1, 4, 5]","[3, 4, 3]","[0.58, 0.88, 0.58]","[['D', 'A', 'C', 'B'], ['A', 'B', 'D', 'C'], ['C', 'D', 'A', 'B']]","{'A': 4, 'C': 4, 'D': 4, 'B': 3}","[0.75, 1.0, 0.75]",3.96
95,"[1, 4, 5]","[3, 4, 3]","[0.58, 0.88, 0.58]","[['D', 'A', 'C', 'B'], ['A', 'B', 'D', 'C'], ['D', 'A', 'C', 'B']]","{'A': 4, 'C': 4, 'D': 4, 'B': 3}","[0.75, 1.0, 0.75]",3.96
95,"[1, 4, 5]","[3, 4, 3]","[0.58, 0.88, 0.58]","[['D', 'A', 'C', 'B'], ['A', 'B', 'D', 'C'], ['D', 'C', 'A', 'B']]","{'A': 4, 'C': 4, 'D': 4, 'B': 3}","[0.75, 1.0, 0.75]",3.96
95,"[1, 4, 5]","[3, 4, 3]","[0.58, 0.88, 0.58]","[['D', 'A', 'C', 'B'], ['A', 'C', 'D', 'B'], ['A', 'B', 'D', 'C']]","{'A': 4, 'C': 4, 'D': 4, 'B': 3}","[0.75, 1.0, 0.75]",3.96
95,"[1, 4, 5]","[3, 4, 3]","[0.58, 0.88, 0.58]","[['D', 'A', 'C', 'B'], ['A', 'C', 'D', 'B'], ['A', 'D', 'B', 'C']]","{'A': 4, 'C': 4, 'D': 4, 'B': 3}","[0.75, 1.0, 0.75]",3.96
95,"[1, 4, 5]","[3, 4, 3]","[0.58, 0.88, 0.58]","[['D', 'A', 'C', 'B'], ['A', 'C', 'D', 'B'], ['B', 'A', 'D', 'C']]","{'A': 4, 'C': 4, 'D': 4, 'B': 3}","[0.75, 1.0, 0.75]",3.96
95,"[1, 4, 5]","[3, 4, 3]","[0.58, 0.88, 0.58]","[['D', 'A', 'C', 'B'], ['A', 'C', 'D', 'B'], ['B', 'D', 'A', 'C']]","{'A': 4, 'C': 4, 'D': 4, 'B': 3}","[0.75, 1.0, 0.75]",3.96
95,"[1, 4, 5]","[3, 4, 3]","[0.58, 0.88, 0.58]","[['D', 'A', 'C', 'B'], ['A', 'C', 'D', 'B'], ['D', 'A', 'B', 'C']]","{'A': 4, 'C': 4, 'D': 4, 'B': 3}","[0.75, 1.0, 0.75]",3.96
95,"[1, 4, 5]","[3, 4, 3]","[0.58, 0.88, 0.58]","[['D', 'A', 'C', 'B'], ['A', 'C', 'D', 'B'], ['D', 'B', 'A', 'C']]","{'A': 4, 'C': 4, 'D': 4, 'B': 3}","[0.75, 1.0, 0.75]",3.96
95,"[1, 4, 5]","[3, 4, 3]","[0.58, 0.88, 0.58]","[['D', 'A', 'C', 'B'], ['A', 'D', 'B', 'C'], ['A', 'C', 'D', 'B']]","{'A': 4, 'C': 4, 'D': 4, 'B': 3}","[0.75, 1.0, 0.75]",3.96
95,"[1, 4, 5]","[3, 4, 3]","[0.58, 0.88, 0.58]","[['D', 'A', 'C', 'B'], ['A', 'D', 'B', 'C'], ['A', 'D', 'C', 'B']]","{'A': 4, 'C': 4, 'D': 4, 'B': 3}","[0.75, 1.0, 0.75]",3.96
95,"[1, 4, 5]","[3, 4, 3]","[0.58, 0.88, 0.58]","[['D', 'A', 'C', 'B'], ['A', 'D', 'B', 'C'], ['C', 'A', 'D', 'B']]","{'A': 4, 'C': 4, 'D': 4, 'B': 3}","[0.75, 1.0, 0.75]",3.96
95,"[1, 4, 5]","[3, 4, 3]","[0.58, 0.88, 0.58]","[['D', 'A', 'C', 'B'], ['A', 'D', 'B', 'C'], ['C', 'D', 'A', 'B']]","{'A': 4, 'C': 4, 'D': 4, 'B': 3}","[0.75, 1.0, 0.75]",3.96
95,"[1, 4, 5]","[3, 4, 3]","[0.58, 0.88, 0.58]","[['D', 'A', 'C', 'B'], ['A', 'D', 'B', 'C'], ['D', 'A', 'C', 'B']]","{'A': 4, 'C': 4, 'D': 4, 'B': 3}","[0.75, 1.0, 0.75]",3.96
95,"[1, 4, 5]","[3, 4, 3]","[0.58, 0.88, 0.58]","[['D', 'A', 'C', 'B'], ['A', 'D', 'B', 'C'], ['D', 'C', 'A', 'B']]","{'A': 4, 'C': 4, 'D': 4, 'B': 3}","[0.75, 1.0, 0.75]",3.96
95,"[1, 4, 5]","[3, 4, 3]","[0.58, 0.88, 0.58]","[['D', 'A', 'C', 'B'], ['A', 'D', 'C', 'B'], ['A', 'B', 'D', 'C']]","{'A': 4, 'C': 4, 'D': 4, 'B': 3}","[0.75, 1.0, 0.75]",3.96
95,"[1, 4, 5]","[3, 4, 3]","[0.58, 0.88, 0.58]","[['D', 'A', 'C', 'B'], ['A', 'D', 'C', 'B'], ['A', 'D', 'B', 'C']]","{'A': 4, 'C': 4, 'D': 4, 'B': 3}","[0.75, 1.0, 0.75]",3.96
95,"[1, 4, 5]","[3, 4, 3]","[0.58, 0.88, 0.58]","[['D', 'A', 'C', 'B'], ['A', 'D', 'C', 'B'], ['B', 'A', 'D', 'C']]","{'A': 4, 'C': 4, 'D': 4, 'B': 3}","[0.75, 1.0, 0.75]",3.96
95,"[1, 4, 5]","[3, 4, 3]","[0.58, 0.88, 0.58]","[['D', 'A', 'C', 'B'], ['A', 'D', 'C', 'B'], ['B', 'D', 'A', 'C']]","{'A': 4, 'C': 4, 'D': 4, 'B': 3}","[0.75, 1.0, 0.75]",3.96
95,"[1, 4, 5]","[3, 4, 3]","[0.58, 0.88, 0.58]","[['D', 'A', 'C', 'B'], ['A', 'D', 'C', 'B'], ['D', 'A', 'B', 'C']]","{'A': 4, 'C': 4, 'D': 4, 'B': 3}","[0.75, 1.0, 0.75]",3.96
95,"[1, 4, 5]","[3, 4, 3]","[0.58, 0.88, 0.58]","[['D', 'A', 'C', 'B'], ['A', 'D', 'C', 'B'], ['D', 'B', 'A', 'C']]","{'A': 4, 'C': 4, 'D': 4, 'B': 3}","[0.75, 1.0, 0.75]",3.96
95,"[1, 4, 5]","[3, 4, 3]","[0.58, 0.88, 0.58]","[['D', 'A', 'C', 'B'], ['B', 'A', 'D', 'C'], ['A', 'C', 'D', 'B']]","{'A': 4, 'C': 4, 'D': 4, 'B': 3}","[0.75, 1.0, 0.75]",3.96
95,"[1, 4, 5]","[3, 4, 3]","[0.58, 0.88, 0.58]","[['D', 'A', 'C', 'B'], ['B', 'A', 'D', 'C'], ['A', 'D', 'C', 'B']]","{'A': 4, 'C': 4, 'D': 4, 'B': 3}","[0.75, 1.0, 0.75]",3.96
95,"[1, 4, 5]","[3, 4, 3]","[0.58, 0.88, 0.58]","[['D', 'A', 'C', 'B'], ['B', 'A', 'D', 'C'], ['C', 'A', 'D', 'B']]","{'A': 4, 'C': 4, 'D': 4, 'B': 3}","[0.75, 1.0, 0.75]",3.96
95,"[1, 4, 5]","[3, 4, 3]","[0.58, 0.88, 0.58]","[['D', 'A', 'C', 'B'], ['B', 'A', 'D', 'C'], ['C', 'D', 'A', 'B']]","{'A': 4, 'C': 4, 'D': 4, 'B': 3}","[0.75, 1.0, 0.75]",3.96
95,"[1, 4, 5]","[3, 4, 3]","[0.58, 0.88, 0.58]","[['D', 'A', 'C', 'B'], ['B', 'A', 'D', 'C'], ['D', 'A', 'C', 'B']]","{'A': 4, 'C': 4, 'D': 4, 'B': 3}","[0.75, 1.0, 0.75]",3.96
95,"[1, 4, 5]","[3, 4, 3]","[0.58, 0.88, 0.58]","[['D', 'A', 'C', 'B'], ['B', 'A', 'D', 'C'], ['D', 'C', 'A', 'B']]","{'A': 4, 'C': 4, 'D': 4, 'B': 3}","[0.75, 1.0, 0.75]",3.96
95,"[1, 4, 5]","[3, 4, 3]","[0.58, 0.88, 0.58]","[['D', 'A', 'C', 'B'], ['B', 'D', 'A', 'C'], ['A', 'C', 'D', 'B']]","{'A': 4, 'C': 4, 'D': 4, 'B': 3}","[0.75, 1.0, 0.75]",3.96
95,"[1, 4, 5]","[3, 4, 3]","[0.58, 0.88, 0.58]","[['D', 'A', 'C', 'B'], ['B', 'D', 'A', 'C'], ['A', 'D', 'C', 'B']]","{'A': 4, 'C': 4, 'D': 4, 'B': 3}","[0.75, 1.0, 0.75]",3.96
95,"[1, 4, 5]","[3, 4, 3]","[0.58, 0.88, 0.58]","[['D', 'A', 'C', 'B'], ['B', 'D', 'A', 'C'], ['C', 'A', 'D', 'B']]","{'A': 4, 'C': 4, 'D': 4, 'B': 3}","[0.75, 1.0, 0.75]",3.96
95,"[1, 4, 5]","[3, 4, 3]","[0.58, 0.88, 0.58]","[['D', 'A', 'C', 'B'], ['B', 'D', 'A', 'C'], ['C', 'D', 'A', 'B']]","{'A': 4, 'C': 4, 'D': 4, 'B': 3}","[0.75, 1.0, 0.75]",3.96
95,"[1, 4, 5]","[3, 4, 3]","[0.58, 0.88, 0.58]","[['D', 'A', 'C', 'B'], ['B', 'D', 'A', 'C'], ['D', 'A', 'C', 'B']]","{'A': 4, 'C': 4, 'D': 4, 'B': 3}","[0.75, 1.0, 0.75]",3.96
95,"[1, 4, 5]","[3, 4, 3]","[0.58, 0.88, 0.58]","[['D', 'A', 'C', 'B'], ['B', 'D', 'A', 'C'], ['D', 'C', 'A', 'B']]","{'A': 4, 'C': 4, 'D': 4, 'B': 3}","[0.75, 1.0, 0.75]",3.96
95,"[1, 4, 5]","[3, 4, 3]","[0.58, 0.88, 0.58]","[['D', 'A', 'C', 'B'], ['C', 'A', 'D', 'B'], ['A', 'B', 'D', 'C']]","{'A': 4, 'C': 4, 'D': 4, 'B': 3}","[0.75, 1.0, 0.75]",3.96
95,"[1, 4, 5]","[3, 4, 3]","[0.58, 0.88, 0.58]","[['D', 'A', 'C', 'B'], ['C', 'A', 'D', 'B'], ['A', 'D', 'B', 'C']]","{'A': 4, 'C': 4, 'D': 4, 'B': 3}","[0.75, 1.0, 0.75]",3.96
95,"[1, 4, 5]","[3, 4, 3]","[0.58, 0.88, 0.58]","[['D', 'A', 'C', 'B'], ['C', 'A', 'D', 'B'], ['B', 'A', 'D', 'C']]","{'A': 4, 'C': 4, 'D': 4, 'B': 3}","[0.75, 1.0, 0.75]",3.96
95,"[1, 4, 5]","[3, 4, 3]","[0.58, 0.88, 0.58]","[['D', 'A', 'C', 'B'], ['C', 'A', 'D', 'B'], ['B', 'D', 'A', 'C']]","{'A': 4, 'C': 4, 'D': 4, 'B': 3}","[0.75, 1.0, 0.75]",3.96
95,"[1, 4, 5]","[3, 4, 3]","[0.58, 0.88, 0.58]","[['D', 'A', 'C', 'B'], ['C', 'A', 'D', 'B'], ['D', 'A', 'B', 'C']]","{'A': 4, 'C': 4, 'D': 4, 'B': 3}","[0.75, 1.0, 0.75]",3.96
95,"[1, 4, 5]","[3, 4, 3]","[0.58, 0.88, 0.58]","[['D', 'A', 'C', 'B'], ['C', 'A', 'D', 'B'], ['D', 'B', 'A', 'C']]","{'A': 4, 'C': 4, 'D': 4, 'B': 3}","[0.75, 1.0, 0.75]",3.96
95,"[1, 4, 5]","[3, 4, 3]","[0.58, 0.88, 0.58]","[['D', 'A', 'C', 'B'], ['C', 'D', 'A', 'B'], ['A', 'B', 'D', 'C']]","{'A': 4, 'C': 4, 'D': 4, 'B': 3}","[0.75, 1.0, 0.75]",3.96
95,"[1, 4, 5]","[3, 4, 3]","[0.58, 0.88, 0.58]","[['D', 'A', 'C', 'B'], ['C', 'D', 'A', 'B'], ['A', 'D', 'B', 'C']]","{'A': 4, 'C': 4, 'D': 4, 'B': 3}","[0.75, 1.0, 0.75]",3.96
95,"[1, 4, 5]","[3, 4, 3]","[0.58, 0.88, 0.58]","[['D', 'A', 'C', 'B'], ['C', 'D', 'A', 'B'], ['B', 'A', 'D', 'C']]","{'A': 4, 'C': 4, 'D': 4, 'B': 3}","[0.75, 1.0, 0.75]",3.96
95,"[1, 4, 5]","[3, 4, 3]","[0.58, 0.88, 0.58]","[['D', 'A', 'C', 'B'], ['C', 'D', 'A', 'B'], ['B', 'D', 'A', 'C']]","{'A': 4, 'C': 4, 'D': 4, 'B': 3}","[0.75, 1.0, 0.75]",3.96
95,"[1, 4, 5]","[3, 4, 3]","[0.58, 0.88, 0.58]","[['D', 'A', 'C', 'B'], ['C', 'D', 'A', 'B'], ['D', 'A', 'B', 'C']]","{'A': 4, 'C': 4, 'D': 4, 'B': 3}","[0.75, 1.0, 0.75]",3.96
95,"[1, 4, 5]","[3, 4, 3]","[0.58, 0.88, 0.58]","[['D', 'A', 'C', 'B'], ['C', 'D', 'A', 'B'], ['D', 'B', 'A', 'C']]","{'A': 4, 'C': 4, 'D': 4, 'B': 3}","[0.75, 1.0, 0.75]",3.96
95,"[1, 4, 5]","[3, 4, 3]","[0.58, 0.88, 0.58]","[['D', 'A', 'C', 'B'], ['D', 'A', 'B', 'C'], ['A', 'C', 'D', 'B']]","{'A': 4, 'C': 4, 'D': 4, 'B': 3}","[0.75, 1.0, 0.75]",3.96
95,"[1, 4, 5]","[3, 4, 3]","[0.58, 0.88, 0.58]","[['D', 'A', 'C', 'B'], ['D', 'A', 'B', 'C'], ['A', 'D', 'C', 'B']]","{'A': 4, 'C': 4, 'D': 4, 'B': 3}","[0.75, 1.0, 0.75]",3.96
95,"[1, 4, 5]","[3, 4, 3]","[0.58, 0.88, 0.58]","[['D', 'A', 'C', 'B'], ['D', 'A', 'B', 'C'], ['C', 'A', 'D', 'B']]","{'A': 4, 'C': 4, 'D': 4, 'B': 3}","[0.75, 1.0, 0.75]",3.96
95,"[1, 4, 5]","[3, 4, 3]","[0.58, 0.88, 0.58]","[['D', 'A', 'C', 'B'], ['D', 'A', 'B', 'C'], ['C', 'D', 'A', 'B']]","{'A': 4, 'C': 4, 'D': 4, 'B': 3}","[0.75, 1.0, 0.75]",3.96
95,"[1, 4, 5]","[3, 4, 3]","[0.58, 0.88, 0.58]","[['D', 'A', 'C', 'B'], ['D', 'A', 'B', 'C'], ['D', 'A', 'C', 'B']]","{'A': 4, 'C': 4, 'D': 4, 'B': 3}","[0.75, 1.0, 0.75]",3.96
95,"[1, 4, 5]","[3, 4, 3]","[0.58, 0.88, 0.58]","[['D', 'A', 'C', 'B'], ['D', 'A', 'B', 'C'], ['D', 'C', 'A', 'B']]","{'A': 4, 'C': 4, 'D': 4, 'B': 3}","[0.75, 1.0, 0.75]",3.96
95,"[1, 4, 5]","[3, 4, 3]","[0.58, 0.88, 0.58]","[['D', 'A', 'C', 'B'], ['D', 'A', 'C', 'B'], ['A', 'B', 'D', 'C']]","{'A': 4, 'C': 4, 'D': 4, 'B': 3}","[0.75, 1.0, 0.75]",3.96
95,"[1, 4, 5]","[3, 4, 3]","[0.58, 0.88, 0.58]","[['D', 'A', 'C', 'B'], ['D', 'A', 'C', 'B'], ['A', 'D', 'B', 'C']]","{'A': 4, 'C': 4, 'D': 4, 'B': 3}","[0.75, 1.0, 0.75]",3.96
95,"[1, 4, 5]","[3, 4, 3]","[0.58, 0.88, 0.58]","[['D', 'A', 'C', 'B'], ['D', 'A', 'C', 'B'], ['B', 'A', 'D', 'C']]","{'A': 4, 'C': 4, 'D': 4, 'B': 3}","[0.75, 1.0, 0.75]",3.96
95,"[1, 4, 5]","[3, 4, 3]","[0.58, 0.88, 0.58]","[['D', 'A', 'C', 'B'], ['D', 'A', 'C', 'B'], ['B', 'D', 'A', 'C']]","{'A': 4, 'C': 4, 'D': 4, 'B': 3}","[0.75, 1.0, 0.75]",3.96
95,"[1, 4, 5]","[3, 4, 3]","[0.58, 0.88, 0.58]","[['D', 'A', 'C', 'B'], ['D', 'A', 'C', 'B'], ['D', 'A', 'B', 'C']]","{'A': 4, 'C': 4, 'D': 4, 'B': 3}","[0.75, 1.0, 0.75]",3.96
95,"[1, 4, 5]","[3, 4, 3]","[0.58, 0.88, 0.58]","[['D', 'A', 'C', 'B'], ['D', 'A', 'C', 'B'], ['D', 'B', 'A', 'C']]","{'A': 4, 'C': 4, 'D': 4, 'B': 3}","[0.75, 1.0, 0.75]",3.96
95,"[1, 4, 5]","[3, 4, 3]","[0.58, 0.88, 0.58]","[['D', 'A', 'C', 'B'], ['D', 'B', 'A', 'C'], ['A', 'C', 'D', 'B']]","{'A': 4, 'C': 4, 'D': 4, 'B': 3}","[0.75, 1.0, 0.75]",3.96
95,"[1, 4, 5]","[3, 4, 3]","[0.58, 0.88, 0.58]","[['D', 'A', 'C', 'B'], ['D', 'B', 'A', 'C'], ['A', 'D', 'C', 'B']]","{'A': 4, 'C': 4, 'D': 4, 'B': 3}","[0.75, 1.0, 0.75]",3.96
95,"[1, 4, 5]","[3, 4, 3]","[0.58, 0.88, 0.58]","[['D', 'A', 'C', 'B'], ['D', 'B', 'A', 'C'], ['C', 'A', 'D', 'B']]","{'A': 4, 'C': 4, 'D': 4, 'B': 3}","[0.75, 1.0, 0.75]",3.96
95,"[1, 4, 5]","[3, 4, 3]","[0.58, 0.88, 0.58]","[['D', 'A', 'C', 'B'], ['D', 'B', 'A', 'C'], ['C', 'D', 'A', 'B']]","{'A': 4, 'C': 4, 'D': 4, 'B': 3}","[0.75, 1.0, 0.75]",3.96
95,"[1, 4, 5]","[3, 4, 3]","[0.58, 0.88, 0.58]","[['D', 'A', 'C', 'B'], ['D', 'B', 'A', 'C'], ['D', 'A', 'C', 'B']]","{'A': 4, 'C': 4, 'D': 4, 'B': 3}","[0.75, 1.0, 0.75]",3.96
95,"[1, 4, 5]","[3, 4, 3]","[0.58, 0.88, 0.58]","[['D', 'A', 'C', 'B'], ['D', 'B', 'A', 'C'], ['D', 'C', 'A', 'B']]","{'A': 4, 'C': 4, 'D': 4, 'B': 3}","[0.75, 1.0, 0.75]",3.96
95,"[1, 4, 5]","[3, 4, 3]","[0.58, 0.88, 0.58]","[['D', 'A', 'C', 'B'], ['D', 'C', 'A', 'B'], ['A', 'B', 'D', 'C']]","{'A': 4, 'C': 4, 'D': 4, 'B': 3}","[0.75, 1.0, 0.75]",3.96
95,"[1, 4, 5]","[3, 4, 3]","[0.58, 0.88, 0.58]","[['D', 'A', 'C', 'B'], ['D', 'C', 'A', 'B'], ['A', 'D', 'B', 'C']]","{'A': 4, 'C': 4, 'D': 4, 'B': 3}","[0.75, 1.0, 0.75]",3.96
95,"[1, 4, 5]","[3, 4, 3]","[0.58, 0.88, 0.58]","[['D', 'A', 'C', 'B'], ['D', 'C', 'A', 'B'], ['B', 'A', 'D', 'C']]","{'A': 4, 'C': 4, 'D': 4, 'B': 3}","[0.75, 1.0, 0.75]",3.96
95,"[1, 4, 5]","[3, 4, 3]","[0.58, 0.88, 0.58]","[['D', 'A', 'C', 'B'], ['D', 'C', 'A', 'B'], ['B', 'D', 'A', 'C']]","{'A': 4, 'C': 4, 'D': 4, 'B': 3}","[0.75, 1.0, 0.75]",3.96
95,"[1, 4, 5]","[3, 4, 3]","[0.58, 0.88, 0.58]","[['D', 'A', 'C', 'B'], ['D', 'C', 'A', 'B'], ['D', 'A', 'B', 'C']]","{'A': 4, 'C': 4, 'D': 4, 'B': 3}","[0.75, 1.0, 0.75]",3.96
95,"[1, 4, 5]","[3, 4, 3]","[0.58, 0.88, 0.58]","[['D', 'A', 'C', 'B'], ['D', 'C', 'A', 'B'], ['D', 'B', 'A', 'C']]","{'A': 4, 'C': 4, 'D': 4, 'B': 3}","[0.75, 1.0, 0.75]",3.96
95,"[1, 4, 5]","[3, 4, 3]","[0.58, 0.88, 0.58]","[['D', 'B', 'A', 'C'], ['A', 'C', 'D', 'B'], ['A', 'C', 'D', 'B']]","{'A': 4, 'C': 4, 'D': 4, 'B': 3}","[0.75, 1.0, 0.75]",3.96
95,"[1, 4, 5]","[3, 4, 3]","[0.58, 0.88, 0.58]","[['D', 'B', 'A', 'C'], ['A', 'C', 'D', 'B'], ['A', 'D', 'C', 'B']]","{'A': 4, 'C': 4, 'D': 4, 'B': 3}","[0.75, 1.0, 0.75]",3.96
95,"[1, 4, 5]","[3, 4, 3]","[0.58, 0.88, 0.58]","[['D', 'B', 'A', 'C'], ['A', 'C', 'D', 'B'], ['C', 'A', 'D', 'B']]","{'A': 4, 'C': 4, 'D': 4, 'B': 3}","[0.75, 1.0, 0.75]",3.96
95,"[1, 4, 5]","[3, 4, 3]","[0.58, 0.88, 0.58]","[['D', 'B', 'A', 'C'], ['A', 'C', 'D', 'B'], ['C', 'D', 'A', 'B']]","{'A': 4, 'C': 4, 'D': 4, 'B': 3}","[0.75, 1.0, 0.75]",3.96
95,"[1, 4, 5]","[3, 4, 3]","[0.58, 0.88, 0.58]","[['D', 'B', 'A', 'C'], ['A', 'C', 'D', 'B'], ['D', 'A', 'C', 'B']]","{'A': 4, 'C': 4, 'D': 4, 'B': 3}","[0.75, 1.0, 0.75]",3.96
95,"[1, 4, 5]","[3, 4, 3]","[0.58, 0.88, 0.58]","[['D', 'B', 'A', 'C'], ['A', 'C', 'D', 'B'], ['D', 'C', 'A', 'B']]","{'A': 4, 'C': 4, 'D': 4, 'B': 3}","[0.75, 1.0, 0.75]",3.96
95,"[1, 4, 5]","[3, 4, 3]","[0.58, 0.88, 0.58]","[['D', 'B', 'A', 'C'], ['A', 'D', 'C', 'B'], ['A', 'C', 'D', 'B']]","{'A': 4, 'C': 4, 'D': 4, 'B': 3}","[0.75, 1.0, 0.75]",3.96
95,"[1, 4, 5]","[3, 4, 3]","[0.58, 0.88, 0.58]","[['D', 'B', 'A', 'C'], ['A', 'D', 'C', 'B'], ['A', 'D', 'C', 'B']]","{'A': 4, 'C': 4, 'D': 4, 'B': 3}","[0.75, 1.0, 0.75]",3.96
95,"[1, 4, 5]","[3, 4, 3]","[0.58, 0.88, 0.58]","[['D', 'B', 'A', 'C'], ['A', 'D', 'C', 'B'], ['C', 'A', 'D', 'B']]","{'A': 4, 'C': 4, 'D': 4, 'B': 3}","[0.75, 1.0, 0.75]",3.96
95,"[1, 4, 5]","[3, 4, 3]","[0.58, 0.88, 0.58]","[['D', 'B', 'A', 'C'], ['A', 'D', 'C', 'B'], ['C', 'D', 'A', 'B']]","{'A': 4, 'C': 4, 'D': 4, 'B': 3}","[0.75, 1.0, 0.75]",3.96
95,"[1, 4, 5]","[3, 4, 3]","[0.58, 0.88, 0.58]","[['D', 'B', 'A', 'C'], ['A', 'D', 'C', 'B'], ['D', 'A', 'C', 'B']]","{'A': 4, 'C': 4, 'D': 4, 'B': 3}","[0.75, 1.0, 0.75]",3.96
95,"[1, 4, 5]","[3, 4, 3]","[0.58, 0.88, 0.58]","[['D', 'B', 'A', 'C'], ['A', 'D', 'C', 'B'], ['D', 'C', 'A', 'B']]","{'A': 4, 'C': 4, 'D': 4, 'B': 3}","[0.75, 1.0, 0.75]",3.96
95,"[1, 4, 5]","[3, 4, 3]","[0.58, 0.88, 0.58]","[['D', 'B', 'A', 'C'], ['C', 'A', 'D', 'B'], ['A', 'C', 'D', 'B']]","{'A': 4, 'C': 4, 'D': 4, 'B': 3}","[0.75, 1.0, 0.75]",3.96
95,"[1, 4, 5]","[3, 4, 3]","[0.58, 0.88, 0.58]","[['D', 'B', 'A', 'C'], ['C', 'A', 'D', 'B'], ['A', 'D', 'C', 'B']]","{'A': 4, 'C': 4, 'D': 4, 'B': 3}","[0.75, 1.0, 0.75]",3.96
95,"[1, 4, 5]","[3, 4, 3]","[0.58, 0.88, 0.58]","[['D', 'B', 'A', 'C'], ['C', 'A', 'D', 'B'], ['C', 'A', 'D', 'B']]","{'A': 4, 'C': 4, 'D': 4, 'B': 3}","[0.75, 1.0, 0.75]",3.96
95,"[1, 4, 5]","[3, 4, 3]","[0.58, 0.88, 0.58]","[['D', 'B', 'A', 'C'], ['C', 'A', 'D', 'B'], ['C', 'D', 'A', 'B']]","{'A': 4, 'C': 4, 'D': 4, 'B': 3}","[0.75, 1.0, 0.75]",3.96
95,"[1, 4, 5]","[3, 4, 3]","[0.58, 0.88, 0.58]","[['D', 'B', 'A', 'C'], ['C', 'A', 'D', 'B'], ['D', 'A', 'C', 'B']]","{'A': 4, 'C': 4, 'D': 4, 'B': 3}","[0.75, 1.0, 0.75]",3.96
95,"[1, 4, 5]","[3, 4, 3]","[0.58, 0.88, 0.58]","[['D', 'B', 'A', 'C'], ['C', 'A', 'D', 'B'], ['D', 'C', 'A', 'B']]","{'A': 4, 'C': 4, 'D': 4, 'B': 3}","[0.75, 1.0, 0.75]",3.96
95,"[1, 4, 5]","[3, 4, 3]","[0.58, 0.88, 0.58]","[['D', 'B', 'A', 'C'], ['C', 'D', 'A', 'B'], ['A', 'C', 'D', 'B']]","{'A': 4, 'C': 4, 'D': 4, 'B': 3}","[0.75, 1.0, 0.75]",3.96
95,"[1, 4, 5]","[3, 4, 3]","[0.58, 0.88, 0.58]","[['D', 'B', 'A', 'C'], ['C', 'D', 'A', 'B'], ['A', 'D', 'C', 'B']]","{'A': 4, 'C': 4, 'D': 4, 'B': 3}","[0.75, 1.0, 0.75]",3.96
95,"[1, 4, 5]","[3, 4, 3]","[0.58, 0.88, 0.58]","[['D', 'B', 'A', 'C'], ['C', 'D', 'A', 'B'], ['C', 'A', 'D', 'B']]","{'A': 4, 'C': 4, 'D': 4, 'B': 3}","[0.75, 1.0, 0.75]",3.96
95,"[1, 4, 5]","[3, 4, 3]","[0.58, 0.88, 0.58]","[['D', 'B', 'A', 'C'], ['C', 'D', 'A', 'B'], ['C', 'D', 'A', 'B']]","{'A': 4, 'C': 4, 'D': 4, 'B': 3}","[0.75, 1.0, 0.75]",3.96
95,"[1, 4, 5]","[3, 4, 3]","[0.58, 0.88, 0.58]","[['D', 'B', 'A', 'C'], ['C', 'D', 'A', 'B'], ['D', 'A', 'C', 'B']]","{'A': 4, 'C': 4, 'D': 4, 'B': 3}","[0.75, 1.0, 0.75]",3.96
95,"[1, 4, 5]","[3, 4, 3]","[0.58, 0.88, 0.58]","[['D', 'B', 'A', 'C'], ['C', 'D', 'A', 'B'], ['D', 'C', 'A', 'B']]","{'A': 4, 'C': 4, 'D': 4, 'B': 3}","[0.75, 1.0, 0.75]",3.96
95,"[1, 4, 5]","[3, 4, 3]","[0.58, 0.88, 0.58]","[['D', 'B', 'A', 'C'], ['D', 'A', 'C', 'B'], ['A', 'C', 'D', 'B']]","{'A': 4, 'C': 4, 'D': 4, 'B': 3}","[0.75, 1.0, 0.75]",3.96
95,"[1, 4, 5]","[3, 4, 3]","[0.58, 0.88, 0.58]","[['D', 'B', 'A', 'C'], ['D', 'A', 'C', 'B'], ['A', 'D', 'C', 'B']]","{'A': 4, 'C': 4, 'D': 4, 'B': 3}","[0.75, 1.0, 0.75]",3.96
95,"[1, 4, 5]","[3, 4, 3]","[0.58, 0.88, 0.58]","[['D', 'B', 'A', 'C'], ['D', 'A', 'C', 'B'], ['C', 'A', 'D', 'B']]","{'A': 4, 'C': 4, 'D': 4, 'B': 3}","[0.75, 1.0, 0.75]",3.96
95,"[1, 4, 5]","[3, 4, 3]","[0.58, 0.88, 0.58]","[['D', 'B', 'A', 'C'], ['D', 'A', 'C', 'B'], ['C', 'D', 'A', 'B']]","{'A': 4, 'C': 4, 'D': 4, 'B': 3}","[0.75, 1.0, 0.75]",3.96
95,"[1, 4, 5]","[3, 4, 3]","[0.58, 0.88, 0.58]","[['D', 'B', 'A', 'C'], ['D', 'A', 'C', 'B'], ['D', 'A', 'C', 'B']]","{'A': 4, 'C': 4, 'D': 4, 'B': 3}","[0.75, 1.0, 0.75]",3.96
95,"[1, 4, 5]","[3, 4, 3]","[0.58, 0.88, 0.58]","[['D', 'B', 'A', 'C'], ['D', 'A', 'C', 'B'], ['D', 'C', 'A', 'B']]","{'A': 4, 'C': 4, 'D': 4, 'B': 3}","[0.75, 1.0, 0.75]",3.96
95,"[1, 4, 5]","[3, 4, 3]","[0.58, 0.88, 0.58]","[['D', 'B', 'A', 'C'], ['D', 'C', 'A', 'B'], ['A', 'C', 'D', 'B']]","{'A': 4, 'C': 4, 'D': 4, 'B': 3}","[0.75, 1.0, 0.75]",3.96
95,"[1, 4, 5]","[3, 4, 3]","[0.58, 0.88, 0.58]","[['D', 'B', 'A', 'C'], ['D', 'C', 'A', 'B'], ['A', 'D', 'C', 'B']]","{'A': 4, 'C': 4, 'D': 4, 'B': 3}","[0.75, 1.0, 0.75]",3.96
95,"[1, 4, 5]","[3, 4, 3]","[0.58, 0.88, 0.58]","[['D', 'B', 'A', 'C'], ['D', 'C', 'A', 'B'], ['C', 'A', 'D', 'B']]","{'A': 4, 'C': 4, 'D': 4, 'B': 3}","[0.75, 1.0, 0.75]",3.96
95,"[1, 4, 5]","[3, 4, 3]","[0.58, 0.88, 0.58]","[['D', 'B', 'A', 'C'], ['D', 'C', 'A', 'B'], ['C', 'D', 'A', 'B']]","{'A': 4, 'C': 4, 'D': 4, 'B': 3}","[0.75, 1.0, 0.75]",3.96
95,"[1, 4, 5]","[3, 4, 3]","[0.58, 0.88, 0.58]","[['D', 'B', 'A', 'C'], ['D', 'C', 'A', 'B'], ['D', 'A', 'C', 'B']]","{'A': 4, 'C': 4, 'D': 4, 'B': 3}","[0.75, 1.0, 0.75]",3.96
95,"[1, 4, 5]","[3, 4, 3]","[0.58, 0.88, 0.58]","[['D', 'B', 'A', 'C'], ['D', 'C', 'A', 'B'], ['D', 'C', 'A', 'B']]","{'A': 4, 'C': 4, 'D': 4, 'B': 3}","[0.75, 1.0, 0.75]",3.96
95,"[1, 4, 5]","[3, 4, 3]","[0.58, 0.88, 0.58]","[['D', 'C', 'A', 'B'], ['A', 'B', 'D', 'C'], ['A', 'C', 'D', 'B']]","{'A': 4, 'C': 4, 'D': 4, 'B': 3}","[0.75, 1.0, 0.75]",3.96
95,"[1, 4, 5]","[3, 4, 3]","[0.58, 0.88, 0.58]","[['D', 'C', 'A', 'B'], ['A', 'B', 'D', 'C'], ['A', 'D', 'C', 'B']]","{'A': 4, 'C': 4, 'D': 4, 'B': 3}","[0.75, 1.0, 0.75]",3.96
95,"[1, 4, 5]","[3, 4, 3]","[0.58, 0.88, 0.58]","[['D', 'C', 'A', 'B'], ['A', 'B', 'D', 'C'], ['C', 'A', 'D', 'B']]","{'A': 4, 'C': 4, 'D': 4, 'B': 3}","[0.75, 1.0, 0.75]",3.96
95,"[1, 4, 5]","[3, 4, 3]","[0.58, 0.88, 0.58]","[['D', 'C', 'A', 'B'], ['A', 'B', 'D', 'C'], ['C', 'D', 'A', 'B']]","{'A': 4, 'C': 4, 'D': 4, 'B': 3}","[0.75, 1.0, 0.75]",3.96
95,"[1, 4, 5]","[3, 4, 3]","[0.58, 0.88, 0.58]","[['D', 'C', 'A', 'B'], ['A', 'B', 'D', 'C'], ['D', 'A', 'C', 'B']]","{'A': 4, 'C': 4, 'D': 4, 'B': 3}","[0.75, 1.0, 0.75]",3.96
95,"[1, 4, 5]","[3, 4, 3]","[0.58, 0.88, 0.58]","[['D', 'C', 'A', 'B'], ['A', 'B', 'D', 'C'], ['D', 'C', 'A', 'B']]","{'A': 4, 'C': 4, 'D': 4, 'B': 3}","[0.75, 1.0, 0.75]",3.96
95,"[1, 4, 5]","[3, 4, 3]","[0.58, 0.88, 0.58]","[['D', 'C', 'A', 'B'], ['A', 'C', 'D', 'B'], ['A', 'B', 'D', 'C']]","{'A': 4, 'C': 4, 'D': 4, 'B': 3}","[0.75, 1.0, 0.75]",3.96
95,"[1, 4, 5]","[3, 4, 3]","[0.58, 0.88, 0.58]","[['D', 'C', 'A', 'B'], ['A', 'C', 'D', 'B'], ['A', 'D', 'B', 'C']]","{'A': 4, 'C': 4, 'D': 4, 'B': 3}","[0.75, 1.0, 0.75]",3.96
95,"[1, 4, 5]","[3, 4, 3]","[0.58, 0.88, 0.58]","[['D', 'C', 'A', 'B'], ['A', 'C', 'D', 'B'], ['B', 'A', 'D', 'C']]","{'A': 4, 'C': 4, 'D': 4, 'B': 3}","[0.75, 1.0, 0.75]",3.96
95,"[1, 4, 5]","[3, 4, 3]","[0.58, 0.88, 0.58]","[['D', 'C', 'A', 'B'], ['A', 'C', 'D', 'B'], ['B', 'D', 'A', 'C']]","{'A': 4, 'C': 4, 'D': 4, 'B': 3}","[0.75, 1.0, 0.75]",3.96
95,"[1, 4, 5]","[3, 4, 3]","[0.58, 0.88, 0.58]","[['D', 'C', 'A', 'B'], ['A', 'C', 'D', 'B'], ['D', 'A', 'B', 'C']]","{'A': 4, 'C': 4, 'D': 4, 'B': 3}","[0.75, 1.0, 0.75]",3.96
95,"[1, 4, 5]","[3, 4, 3]","[0.58, 0.88, 0.58]","[['D', 'C', 'A', 'B'], ['A', 'C', 'D', 'B'], ['D', 'B', 'A', 'C']]","{'A': 4, 'C': 4, 'D': 4, 'B': 3}","[0.75, 1.0, 0.75]",3.96
95,"[1, 4, 5]","[3, 4, 3]","[0.58, 0.88, 0.58]","[['D', 'C', 'A', 'B'], ['A', 'D', 'B', 'C'], ['A', 'C', 'D', 'B']]","{'A': 4, 'C': 4, 'D': 4, 'B': 3}","[0.75, 1.0, 0.75]",3.96
95,"[1, 4, 5]","[3, 4, 3]","[0.58, 0.88, 0.58]","[['D', 'C', 'A', 'B'], ['A', 'D', 'B', 'C'], ['A', 'D', 'C', 'B']]","{'A': 4, 'C': 4, 'D': 4, 'B': 3}","[0.75, 1.0, 0.75]",3.96
95,"[1, 4, 5]","[3, 4, 3]","[0.58, 0.88, 0.58]","[['D', 'C', 'A', 'B'], ['A', 'D', 'B', 'C'], ['C', 'A', 'D', 'B']]","{'A': 4, 'C': 4, 'D': 4, 'B': 3}","[0.75, 1.0, 0.75]",3.96
95,"[1, 4, 5]","[3, 4, 3]","[0.58, 0.88, 0.58]","[['D', 'C', 'A', 'B'], ['A', 'D', 'B', 'C'], ['C', 'D', 'A', 'B']]","{'A': 4, 'C': 4, 'D': 4, 'B': 3}","[0.75, 1.0, 0.75]",3.96
95,"[1, 4, 5]","[3, 4, 3]","[0.58, 0.88, 0.58]","[['D', 'C', 'A', 'B'], ['A', 'D', 'B', 'C'], ['D', 'A', 'C', 'B']]","{'A': 4, 'C': 4, 'D': 4, 'B': 3}","[0.75, 1.0, 0.75]",3.96
95,"[1, 4, 5]","[3, 4, 3]","[0.58, 0.88, 0.58]","[['D', 'C', 'A', 'B'], ['A', 'D', 'B', 'C'], ['D', 'C', 'A', 'B']]","{'A': 4, 'C': 4, 'D': 4, 'B': 3}","[0.75, 1.0, 0.75]",3.96
95,"[1, 4, 5]","[3, 4, 3]","[0.58, 0.88, 0.58]","[['D', 'C', 'A', 'B'], ['A', 'D', 'C', 'B'], ['A', 'B', 'D', 'C']]","{'A': 4, 'C': 4, 'D': 4, 'B': 3}","[0.75, 1.0, 0.75]",3.96
95,"[1, 4, 5]","[3, 4, 3]","[0.58, 0.88, 0.58]","[['D', 'C', 'A', 'B'], ['A', 'D', 'C', 'B'], ['A', 'D', 'B', 'C']]","{'A': 4, 'C': 4, 'D': 4, 'B': 3}","[0.75, 1.0, 0.75]",3.96
95,"[1, 4, 5]","[3, 4, 3]","[0.58, 0.88, 0.58]","[['D', 'C', 'A', 'B'], ['A', 'D', 'C', 'B'], ['B', 'A', 'D', 'C']]","{'A': 4, 'C': 4, 'D': 4, 'B': 3}","[0.75, 1.0, 0.75]",3.96
95,"[1, 4, 5]","[3, 4, 3]","[0.58, 0.88, 0.58]","[['D', 'C', 'A', 'B'], ['A', 'D', 'C', 'B'], ['B', 'D', 'A', 'C']]","{'A': 4, 'C': 4, 'D': 4, 'B': 3}","[0.75, 1.0, 0.75]",3.96
95,"[1, 4, 5]","[3, 4, 3]","[0.58, 0.88, 0.58]","[['D', 'C', 'A', 'B'], ['A', 'D', 'C', 'B'], ['D', 'A', 'B', 'C']]","{'A': 4, 'C': 4, 'D': 4, 'B': 3}","[0.75, 1.0, 0.75]",3.96
95,"[1, 4, 5]","[3, 4, 3]","[0.58, 0.88, 0.58]","[['D', 'C', 'A', 'B'], ['A', 'D', 'C', 'B'], ['D', 'B', 'A', 'C']]","{'A': 4, 'C': 4, 'D': 4, 'B': 3}","[0.75, 1.0, 0.75]",3.96
95,"[1, 4, 5]","[3, 4, 3]","[0.58, 0.88, 0.58]","[['D', 'C', 'A', 'B'], ['B', 'A', 'D', 'C'], ['A', 'C', 'D', 'B']]","{'A': 4, 'C': 4, 'D': 4, 'B': 3}","[0.75, 1.0, 0.75]",3.96
95,"[1, 4, 5]","[3, 4, 3]","[0.58, 0.88, 0.58]","[['D', 'C', 'A', 'B'], ['B', 'A', 'D', 'C'], ['A', 'D', 'C', 'B']]","{'A': 4, 'C': 4, 'D': 4, 'B': 3}","[0.75, 1.0, 0.75]",3.96
95,"[1, 4, 5]","[3, 4, 3]","[0.58, 0.88, 0.58]","[['D', 'C', 'A', 'B'], ['B', 'A', 'D', 'C'], ['C', 'A', 'D', 'B']]","{'A': 4, 'C': 4, 'D': 4, 'B': 3}","[0.75, 1.0, 0.75]",3.96
95,"[1, 4, 5]","[3, 4, 3]","[0.58, 0.88, 0.58]","[['D', 'C', 'A', 'B'], ['B', 'A', 'D', 'C'], ['C', 'D', 'A', 'B']]","{'A': 4, 'C': 4, 'D': 4, 'B': 3}","[0.75, 1.0, 0.75]",3.96
95,"[1, 4, 5]","[3, 4, 3]","[0.58, 0.88, 0.58]","[['D', 'C', 'A', 'B'], ['B', 'A', 'D', 'C'], ['D', 'A', 'C', 'B']]","{'A': 4, 'C': 4, 'D': 4, 'B': 3}","[0.75, 1.0, 0.75]",3.96
95,"[1, 4, 5]","[3, 4, 3]","[0.58, 0.88, 0.58]","[['D', 'C', 'A', 'B'], ['B', 'A', 'D', 'C'], ['D', 'C', 'A', 'B']]","{'A': 4, 'C': 4, 'D': 4, 'B': 3}","[0.75, 1.0, 0.75]",3.96
95,"[1, 4, 5]","[3, 4, 3]","[0.58, 0.88, 0.58]","[['D', 'C', 'A', 'B'], ['B', 'D', 'A', 'C'], ['A', 'C', 'D', 'B']]","{'A': 4, 'C': 4, 'D': 4, 'B': 3}","[0.75, 1.0, 0.75]",3.96
95,"[1, 4, 5]","[3, 4, 3]","[0.58, 0.88, 0.58]","[['D', 'C', 'A', 'B'], ['B', 'D', 'A', 'C'], ['A', 'D', 'C', 'B']]","{'A': 4, 'C': 4, 'D': 4, 'B': 3}","[0.75, 1.0, 0.75]",3.96
95,"[1, 4, 5]","[3, 4, 3]","[0.58, 0.88, 0.58]","[['D', 'C', 'A', 'B'], ['B', 'D', 'A', 'C'], ['C', 'A', 'D', 'B']]","{'A': 4, 'C': 4, 'D': 4, 'B': 3}","[0.75, 1.0, 0.75]",3.96
95,"[1, 4, 5]","[3, 4, 3]","[0.58, 0.88, 0.58]","[['D', 'C', 'A', 'B'], ['B', 'D', 'A', 'C'], ['C', 'D', 'A', 'B']]","{'A': 4, 'C': 4, 'D': 4, 'B': 3}","[0.75, 1.0, 0.75]",3.96
95,"[1, 4, 5]","[3, 4, 3]","[0.58, 0.88, 0.58]","[['D', 'C', 'A', 'B'], ['B', 'D', 'A', 'C'], ['D', 'A', 'C', 'B']]","{'A': 4, 'C': 4, 'D': 4, 'B': 3}","[0.75, 1.0, 0.75]",3.96
95,"[1, 4, 5]","[3, 4, 3]","[0.58, 0.88, 0.58]","[['D', 'C', 'A', 'B'], ['B', 'D', 'A', 'C'], ['D', 'C', 'A', 'B']]","{'A': 4, 'C': 4, 'D': 4, 'B': 3}","[0.75, 1.0, 0.75]",3.96
95,"[1, 4, 5]","[3, 4, 3]","[0.58, 0.88, 0.58]","[['D', 'C', 'A', 'B'], ['C', 'A', 'D', 'B'], ['A', 'B', 'D', 'C']]","{'A': 4, 'C': 4, 'D': 4, 'B': 3}","[0.75, 1.0, 0.75]",3.96
95,"[1, 4, 5]","[3, 4, 3]","[0.58, 0.88, 0.58]","[['D', 'C', 'A', 'B'], ['C', 'A', 'D', 'B'], ['A', 'D', 'B', 'C']]","{'A': 4, 'C': 4, 'D': 4, 'B': 3}","[0.75, 1.0, 0.75]",3.96
95,"[1, 4, 5]","[3, 4, 3]","[0.58, 0.88, 0.58]","[['D', 'C', 'A', 'B'], ['C', 'A', 'D', 'B'], ['B', 'A', 'D', 'C']]","{'A': 4, 'C': 4, 'D': 4, 'B': 3}","[0.75, 1.0, 0.75]",3.96
95,"[1, 4, 5]","[3, 4, 3]","[0.58, 0.88, 0.58]","[['D', 'C', 'A', 'B'], ['C', 'A', 'D', 'B'], ['B', 'D', 'A', 'C']]","{'A': 4, 'C': 4, 'D': 4, 'B': 3}","[0.75, 1.0, 0.75]",3.96
95,"[1, 4, 5]","[3, 4, 3]","[0.58, 0.88, 0.58]","[['D', 'C', 'A', 'B'], ['C', 'A', 'D', 'B'], ['D', 'A', 'B', 'C']]","{'A': 4, 'C': 4, 'D': 4, 'B': 3}","[0.75, 1.0, 0.75]",3.96
95,"[1, 4, 5]","[3, 4, 3]","[0.58, 0.88, 0.58]","[['D', 'C', 'A', 'B'], ['C', 'A', 'D', 'B'], ['D', 'B', 'A', 'C']]","{'A': 4, 'C': 4, 'D': 4, 'B': 3}","[0.75, 1.0, 0.75]",3.96
95,"[1, 4, 5]","[3, 4, 3]","[0.58, 0.88, 0.58]","[['D', 'C', 'A', 'B'], ['C', 'D', 'A', 'B'], ['A', 'B', 'D', 'C']]","{'A': 4, 'C': 4, 'D': 4, 'B': 3}","[0.75, 1.0, 0.75]",3.96
95,"[1, 4, 5]","[3, 4, 3]","[0.58, 0.88, 0.58]","[['D', 'C', 'A', 'B'], ['C', 'D', 'A', 'B'], ['A', 'D', 'B', 'C']]","{'A': 4, 'C': 4, 'D': 4, 'B': 3}","[0.75, 1.0, 0.75]",3.96
95,"[1, 4, 5]","[3, 4, 3]","[0.58, 0.88, 0.58]","[['D', 'C', 'A', 'B'], ['C', 'D', 'A', 'B'], ['B', 'A', 'D', 'C']]","{'A': 4, 'C': 4, 'D': 4, 'B': 3}","[0.75, 1.0, 0.75]",3.96
95,"[1, 4, 5]","[3, 4, 3]","[0.58, 0.88, 0.58]","[['D', 'C', 'A', 'B'], ['C', 'D', 'A', 'B'], ['B', 'D', 'A', 'C']]","{'A': 4, 'C': 4, 'D': 4, 'B': 3}","[0.75, 1.0, 0.75]",3.96
95,"[1, 4, 5]","[3, 4, 3]","[0.58, 0.88, 0.58]","[['D', 'C', 'A', 'B'], ['C', 'D', 'A', 'B'], ['D', 'A', 'B', 'C']]","{'A': 4, 'C': 4, 'D': 4, 'B': 3}","[0.75, 1.0, 0.75]",3.96
95,"[1, 4, 5]","[3, 4, 3]","[0.58, 0.88, 0.58]","[['D', 'C', 'A', 'B'], ['C', 'D', 'A', 'B'], ['D', 'B', 'A', 'C']]","{'A': 4, 'C': 4, 'D': 4, 'B': 3}","[0.75, 1.0, 0.75]",3.96
95,"[1, 4, 5]","[3, 4, 3]","[0.58, 0.88, 0.58]","[['D', 'C', 'A', 'B'], ['D', 'A', 'B', 'C'], ['A', 'C', 'D', 'B']]","{'A': 4, 'C': 4, 'D': 4, 'B': 3}","[0.75, 1.0, 0.75]",3.96
95,"[1, 4, 5]","[3, 4, 3]","[0.58, 0.88, 0.58]","[['D', 'C', 'A', 'B'], ['D', 'A', 'B', 'C'], ['A', 'D', 'C', 'B']]","{'A': 4, 'C': 4, 'D': 4, 'B': 3}","[0.75, 1.0, 0.75]",3.96
95,"[1, 4, 5]","[3, 4, 3]","[0.58, 0.88, 0.58]","[['D', 'C', 'A', 'B'], ['D', 'A', 'B', 'C'], ['C', 'A', 'D', 'B']]","{'A': 4, 'C': 4, 'D': 4, 'B': 3}","[0.75, 1.0, 0.75]",3.96
95,"[1, 4, 5]","[3, 4, 3]","[0.58, 0.88, 0.58]","[['D', 'C', 'A', 'B'], ['D', 'A', 'B', 'C'], ['C', 'D', 'A', 'B']]","{'A': 4, 'C': 4, 'D': 4, 'B': 3}","[0.75, 1.0, 0.75]",3.96
95,"[1, 4, 5]","[3, 4, 3]","[0.58, 0.88, 0.58]","[['D', 'C', 'A', 'B'], ['D', 'A', 'B', 'C'], ['D', 'A', 'C', 'B']]","{'A': 4, 'C': 4, 'D': 4, 'B': 3}","[0.75, 1.0, 0.75]",3.96
95,"[1, 4, 5]","[3, 4, 3]","[0.58, 0.88, 0.58]","[['D', 'C', 'A', 'B'], ['D', 'A', 'B', 'C'], ['D', 'C', 'A', 'B']]","{'A': 4, 'C': 4, 'D': 4, 'B': 3}","[0.75, 1.0, 0.75]",3.96
95,"[1, 4, 5]","[3, 4, 3]","[0.58, 0.88, 0.58]","[['D', 'C', 'A', 'B'], ['D', 'A', 'C', 'B'], ['A', 'B', 'D', 'C']]","{'A': 4, 'C': 4, 'D': 4, 'B': 3}","[0.75, 1.0, 0.75]",3.96
95,"[1, 4, 5]","[3, 4, 3]","[0.58, 0.88, 0.58]","[['D', 'C', 'A', 'B'], ['D', 'A', 'C', 'B'], ['A', 'D', 'B', 'C']]","{'A': 4, 'C': 4, 'D': 4, 'B': 3}","[0.75, 1.0, 0.75]",3.96
95,"[1, 4, 5]","[3, 4, 3]","[0.58, 0.88, 0.58]","[['D', 'C', 'A', 'B'], ['D', 'A', 'C', 'B'], ['B', 'A', 'D', 'C']]","{'A': 4, 'C': 4, 'D': 4, 'B': 3}","[0.75, 1.0, 0.75]",3.96
95,"[1, 4, 5]","[3, 4, 3]","[0.58, 0.88, 0.58]","[['D', 'C', 'A', 'B'], ['D', 'A', 'C', 'B'], ['B', 'D', 'A', 'C']]","{'A': 4, 'C': 4, 'D': 4, 'B': 3}","[0.75, 1.0, 0.75]",3.96
95,"[1, 4, 5]","[3, 4, 3]","[0.58, 0.88, 0.58]","[['D', 'C', 'A', 'B'], ['D', 'A', 'C', 'B'], ['D', 'A', 'B', 'C']]","{'A': 4, 'C': 4, 'D': 4, 'B': 3}","[0.75, 1.0, 0.75]",3.96
95,"[1, 4, 5]","[3, 4, 3]","[0.58, 0.88, 0.58]","[['D', 'C', 'A', 'B'], ['D', 'A', 'C', 'B'], ['D', 'B', 'A', 'C']]","{'A': 4, 'C': 4, 'D': 4, 'B': 3}","[0.75, 1.0, 0.75]",3.96
95,"[1, 4, 5]","[3, 4, 3]","[0.58, 0.88, 0.58]","[['D', 'C', 'A', 'B'], ['D', 'B', 'A', 'C'], ['A', 'C', 'D', 'B']]","{'A': 4, 'C': 4, 'D': 4, 'B': 3}","[0.75, 1.0, 0.75]",3.96
95,"[1, 4, 5]","[3, 4, 3]","[0.58, 0.88, 0.58]","[['D', 'C', 'A', 'B'], ['D', 'B', 'A', 'C'], ['A', 'D', 'C', 'B']]","{'A': 4, 'C': 4, 'D': 4, 'B': 3}","[0.75, 1.0, 0.75]",3.96
95,"[1, 4, 5]","[3, 4, 3]","[0.58, 0.88, 0.58]","[['D', 'C', 'A', 'B'], ['D', 'B', 'A', 'C'], ['C', 'A', 'D', 'B']]","{'A': 4, 'C': 4, 'D': 4, 'B': 3}","[0.75, 1.0, 0.75]",3.96
95,"[1, 4, 5]","[3, 4, 3]","[0.58, 0.88, 0.58]","[['D', 'C', 'A', 'B'], ['D', 'B', 'A', 'C'], ['C', 'D', 'A', 'B']]","{'A': 4, 'C': 4, 'D': 4, 'B': 3}","[0.75, 1.0, 0.75]",3.96
95,"[1, 4, 5]","[3, 4, 3]","[0.58, 0.88, 0.58]","[['D', 'C', 'A', 'B'], ['D', 'B', 'A', 'C'], ['D', 'A', 'C', 'B']]","{'A': 4, 'C': 4, 'D': 4, 'B': 3}","[0.75, 1.0, 0.75]",3.96
95,"[1, 4, 5]","[3, 4, 3]","[0.58, 0.88, 0.58]","[['D', 'C', 'A', 'B'], ['D', 'B', 'A', 'C'], ['D', 'C', 'A', 'B']]","{'A': 4, 'C': 4, 'D': 4, 'B': 3}","[0.75, 1.0, 0.75]",3.96
95,"[1, 4, 5]","[3, 4, 3]","[0.58, 0.88, 0.58]","[['D', 'C', 'A', 'B'], ['D', 'C', 'A', 'B'], ['A', 'B', 'D', 'C']]","{'A': 4, 'C': 4, 'D': 4, 'B': 3}","[0.75, 1.0, 0.75]",3.96
95,"[1, 4, 5]","[3, 4, 3]","[0.58, 0.88, 0.58]","[['D', 'C', 'A', 'B'], ['D', 'C', 'A', 'B'], ['A', 'D', 'B', 'C']]","{'A': 4, 'C': 4, 'D': 4, 'B': 3}","[0.75, 1.0, 0.75]",3.96
95,"[1, 4, 5]","[3, 4, 3]","[0.58, 0.88, 0.58]","[['D', 'C', 'A', 'B'], ['D', 'C', 'A', 'B'], ['B', 'A', 'D', 'C']]","{'A': 4, 'C': 4, 'D': 4, 'B': 3}","[0.75, 1.0, 0.75]",3.96
95,"[1, 4, 5]","[3, 4, 3]","[0.58, 0.88, 0.58]","[['D', 'C', 'A', 'B'], ['D', 'C', 'A', 'B'], ['B', 'D', 'A', 'C']]","{'A': 4, 'C': 4, 'D': 4, 'B': 3}","[0.75, 1.0, 0.75]",3.96
95,"[1, 4, 5]","[3, 4, 3]","[0.58, 0.88, 0.58]","[['D', 'C', 'A', 'B'], ['D', 'C', 'A', 'B'], ['D', 'A', 'B', 'C']]","{'A': 4, 'C': 4, 'D': 4, 'B': 3}","[0.75, 1.0, 0.75]",3.96
95,"[1, 4, 5]","[3, 4, 3]","[0.58, 0.88, 0.58]","[['D', 'C', 'A', 'B'], ['D', 'C', 'A', 'B'], ['D', 'B', 'A', 'C']]","{'A': 4, 'C': 4, 'D': 4, 'B': 3}","[0.75, 1.0, 0.75]",3.96
95,"[2, 3, 4]","[3, 4, 4]","[0.46, 0.79, 0.88]","[['A', 'B', 'C', 'D'], ['A', 'B', 'D', 'C'], ['A', 'B', 'D', 'C']]","{'A': 5, 'D': 4, 'B': 3, 'C': 3}","[0.58, 1.0, 1.0]",4.0
95,"[2, 3, 4]","[3, 4, 4]","[0.46, 0.79, 0.88]","[['A', 'B', 'C', 'D'], ['A', 'B', 'D', 'C'], ['A', 'D', 'B', 'C']]","{'A': 5, 'D': 4, 'B': 3, 'C': 3}","[0.58, 1.0, 1.0]",4.0
95,"[2, 3, 4]","[3, 4, 4]","[0.46, 0.79, 0.88]","[['A', 'B', 'C', 'D'], ['A', 'B', 'D', 'C'], ['B', 'A', 'D', 'C']]","{'A': 5, 'D': 4, 'B': 3, 'C': 3}","[0.58, 1.0, 1.0]",4.0
95,"[2, 3, 4]","[3, 4, 4]","[0.46, 0.79, 0.88]","[['A', 'B', 'C', 'D'], ['A', 'B', 'D', 'C'], ['B', 'D', 'A', 'C']]","{'A': 5, 'D': 4, 'B': 3, 'C': 3}","[0.58, 1.0, 1.0]",4.0
95,"[2, 3, 4]","[3, 4, 4]","[0.46, 0.79, 0.88]","[['A', 'B', 'C', 'D'], ['A', 'B', 'D', 'C'], ['D', 'A', 'B', 'C']]","{'A': 5, 'D': 4, 'B': 3, 'C': 3}","[0.58, 1.0, 1.0]",4.0
95,"[2, 3, 4]","[3, 4, 4]","[0.46, 0.79, 0.88]","[['A', 'B', 'C', 'D'], ['A', 'B', 'D', 'C'], ['D', 'B', 'A', 'C']]","{'A': 5, 'D': 4, 'B': 3, 'C': 3}","[0.58, 1.0, 1.0]",4.0
95,"[2, 3, 4]","[3, 4, 4]","[0.46, 0.79, 0.88]","[['A', 'B', 'C', 'D'], ['A', 'D', 'B', 'C'], ['A', 'B', 'D', 'C']]","{'A': 5, 'D': 4, 'B': 3, 'C': 3}","[0.58, 1.0, 1.0]",4.0
95,"[2, 3, 4]","[3, 4, 4]","[0.46, 0.79, 0.88]","[['A', 'B', 'C', 'D'], ['A', 'D', 'B', 'C'], ['A', 'D', 'B', 'C']]","{'A': 5, 'D': 4, 'B': 3, 'C': 3}","[0.58, 1.0, 1.0]",4.0
95,"[2, 3, 4]","[3, 4, 4]","[0.46, 0.79, 0.88]","[['A', 'B', 'C', 'D'], ['A', 'D', 'B', 'C'], ['B', 'A', 'D', 'C']]","{'A': 5, 'D': 4, 'B': 3, 'C': 3}","[0.58, 1.0, 1.0]",4.0
95,"[2, 3, 4]","[3, 4, 4]","[0.46, 0.79, 0.88]","[['A', 'B', 'C', 'D'], ['A', 'D', 'B', 'C'], ['B', 'D', 'A', 'C']]","{'A': 5, 'D': 4, 'B': 3, 'C': 3}","[0.58, 1.0, 1.0]",4.0
95,"[2, 3, 4]","[3, 4, 4]","[0.46, 0.79, 0.88]","[['A', 'B', 'C', 'D'], ['A', 'D', 'B', 'C'], ['D', 'A', 'B', 'C']]","{'A': 5, 'D': 4, 'B': 3, 'C': 3}","[0.58, 1.0, 1.0]",4.0
95,"[2, 3, 4]","[3, 4, 4]","[0.46, 0.79, 0.88]","[['A', 'B', 'C', 'D'], ['A', 'D', 'B', 'C'], ['D', 'B', 'A', 'C']]","{'A': 5, 'D': 4, 'B': 3, 'C': 3}","[0.58, 1.0, 1.0]",4.0
95,"[2, 3, 4]","[3, 4, 4]","[0.46, 0.79, 0.88]","[['A', 'B', 'C', 'D'], ['B', 'A', 'D', 'C'], ['A', 'B', 'D', 'C']]","{'A': 5, 'D': 4, 'B': 3, 'C': 3}","[0.58, 1.0, 1.0]",4.0
95,"[2, 3, 4]","[3, 4, 4]","[0.46, 0.79, 0.88]","[['A', 'B', 'C', 'D'], ['B', 'A', 'D', 'C'], ['A', 'D', 'B', 'C']]","{'A': 5, 'D': 4, 'B': 3, 'C': 3}","[0.58, 1.0, 1.0]",4.0
95,"[2, 3, 4]","[3, 4, 4]","[0.46, 0.79, 0.88]","[['A', 'B', 'C', 'D'], ['B', 'A', 'D', 'C'], ['B', 'A', 'D', 'C']]","{'A': 5, 'D': 4, 'B': 3, 'C': 3}","[0.58, 1.0, 1.0]",4.0
95,"[2, 3, 4]","[3, 4, 4]","[0.46, 0.79, 0.88]","[['A', 'B', 'C', 'D'], ['B', 'A', 'D', 'C'], ['B', 'D', 'A', 'C']]","{'A': 5, 'D': 4, 'B': 3, 'C': 3}","[0.58, 1.0, 1.0]",4.0
95,"[2, 3, 4]","[3, 4, 4]","[0.46, 0.79, 0.88]","[['A', 'B', 'C', 'D'], ['B', 'A', 'D', 'C'], ['D', 'A', 'B', 'C']]","{'A': 5, 'D': 4, 'B': 3, 'C': 3}","[0.58, 1.0, 1.0]",4.0
95,"[2, 3, 4]","[3, 4, 4]","[0.46, 0.79, 0.88]","[['A', 'B', 'C', 'D'], ['B', 'A', 'D', 'C'], ['D', 'B', 'A', 'C']]","{'A': 5, 'D': 4, 'B': 3, 'C': 3}","[0.58, 1.0, 1.0]",4.0
95,"[2, 3, 4]","[3, 4, 4]","[0.46, 0.79, 0.88]","[['A', 'B', 'C', 'D'], ['B', 'D', 'A', 'C'], ['A', 'B', 'D', 'C']]","{'A': 5, 'D': 4, 'B': 3, 'C': 3}","[0.58, 1.0, 1.0]",4.0
95,"[2, 3, 4]","[3, 4, 4]","[0.46, 0.79, 0.88]","[['A', 'B', 'C', 'D'], ['B', 'D', 'A', 'C'], ['A', 'D', 'B', 'C']]","{'A': 5, 'D': 4, 'B': 3, 'C': 3}","[0.58, 1.0, 1.0]",4.0
95,"[2, 3, 4]","[3, 4, 4]","[0.46, 0.79, 0.88]","[['A', 'B', 'C', 'D'], ['B', 'D', 'A', 'C'], ['B', 'A', 'D', 'C']]","{'A': 5, 'D': 4, 'B': 3, 'C': 3}","[0.58, 1.0, 1.0]",4.0
95,"[2, 3, 4]","[3, 4, 4]","[0.46, 0.79, 0.88]","[['A', 'B', 'C', 'D'], ['B', 'D', 'A', 'C'], ['B', 'D', 'A', 'C']]","{'A': 5, 'D': 4, 'B': 3, 'C': 3}","[0.58, 1.0, 1.0]",4.0
95,"[2, 3, 4]","[3, 4, 4]","[0.46, 0.79, 0.88]","[['A', 'B', 'C', 'D'], ['B', 'D', 'A', 'C'], ['D', 'A', 'B', 'C']]","{'A': 5, 'D': 4, 'B': 3, 'C': 3}","[0.58, 1.0, 1.0]",4.0
95,"[2, 3, 4]","[3, 4, 4]","[0.46, 0.79, 0.88]","[['A', 'B', 'C', 'D'], ['B', 'D', 'A', 'C'], ['D', 'B', 'A', 'C']]","{'A': 5, 'D': 4, 'B': 3, 'C': 3}","[0.58, 1.0, 1.0]",4.0
95,"[2, 3, 4]","[3, 4, 4]","[0.46, 0.79, 0.88]","[['A', 'B', 'C', 'D'], ['D', 'A', 'B', 'C'], ['A', 'B', 'D', 'C']]","{'A': 5, 'D': 4, 'B': 3, 'C': 3}","[0.58, 1.0, 1.0]",4.0
95,"[2, 3, 4]","[3, 4, 4]","[0.46, 0.79, 0.88]","[['A', 'B', 'C', 'D'], ['D', 'A', 'B', 'C'], ['A', 'D', 'B', 'C']]","{'A': 5, 'D': 4, 'B': 3, 'C': 3}","[0.58, 1.0, 1.0]",4.0
95,"[2, 3, 4]","[3, 4, 4]","[0.46, 0.79, 0.88]","[['A', 'B', 'C', 'D'], ['D', 'A', 'B', 'C'], ['B', 'A', 'D', 'C']]","{'A': 5, 'D': 4, 'B': 3, 'C': 3}","[0.58, 1.0, 1.0]",4.0
95,"[2, 3, 4]","[3, 4, 4]","[0.46, 0.79, 0.88]","[['A', 'B', 'C', 'D'], ['D', 'A', 'B', 'C'], ['B', 'D', 'A', 'C']]","{'A': 5, 'D': 4, 'B': 3, 'C': 3}","[0.58, 1.0, 1.0]",4.0
95,"[2, 3, 4]","[3, 4, 4]","[0.46, 0.79, 0.88]","[['A', 'B', 'C', 'D'], ['D', 'A', 'B', 'C'], ['D', 'A', 'B', 'C']]","{'A': 5, 'D': 4, 'B': 3, 'C': 3}","[0.58, 1.0, 1.0]",4.0
95,"[2, 3, 4]","[3, 4, 4]","[0.46, 0.79, 0.88]","[['A', 'B', 'C', 'D'], ['D', 'A', 'B', 'C'], ['D', 'B', 'A', 'C']]","{'A': 5, 'D': 4, 'B': 3, 'C': 3}","[0.58, 1.0, 1.0]",4.0
95,"[2, 3, 4]","[3, 4, 4]","[0.46, 0.79, 0.88]","[['A', 'B', 'C', 'D'], ['D', 'B', 'A', 'C'], ['A', 'B', 'D', 'C']]","{'A': 5, 'D': 4, 'B': 3, 'C': 3}","[0.58, 1.0, 1.0]",4.0
95,"[2, 3, 4]","[3, 4, 4]","[0.46, 0.79, 0.88]","[['A', 'B', 'C', 'D'], ['D', 'B', 'A', 'C'], ['A', 'D', 'B', 'C']]","{'A': 5, 'D': 4, 'B': 3, 'C': 3}","[0.58, 1.0, 1.0]",4.0
95,"[2, 3, 4]","[3, 4, 4]","[0.46, 0.79, 0.88]","[['A', 'B', 'C', 'D'], ['D', 'B', 'A', 'C'], ['B', 'A', 'D', 'C']]","{'A': 5, 'D': 4, 'B': 3, 'C': 3}","[0.58, 1.0, 1.0]",4.0
95,"[2, 3, 4]","[3, 4, 4]","[0.46, 0.79, 0.88]","[['A', 'B', 'C', 'D'], ['D', 'B', 'A', 'C'], ['B', 'D', 'A', 'C']]","{'A': 5, 'D': 4, 'B': 3, 'C': 3}","[0.58, 1.0, 1.0]",4.0
95,"[2, 3, 4]","[3, 4, 4]","[0.46, 0.79, 0.88]","[['A', 'B', 'C', 'D'], ['D', 'B', 'A', 'C'], ['D', 'A', 'B', 'C']]","{'A': 5, 'D': 4, 'B': 3, 'C': 3}","[0.58, 1.0, 1.0]",4.0
95,"[2, 3, 4]","[3, 4, 4]","[0.46, 0.79, 0.88]","[['A', 'B', 'C', 'D'], ['D', 'B', 'A', 'C'], ['D', 'B', 'A', 'C']]","{'A': 5, 'D': 4, 'B': 3, 'C': 3}","[0.58, 1.0, 1.0]",4.0
95,"[2, 3, 4]","[3, 4, 4]","[0.46, 0.79, 0.88]","[['A', 'B', 'D', 'C'], ['A', 'B', 'C', 'D'], ['A', 'B', 'D', 'C']]","{'A': 5, 'D': 4, 'B': 3, 'C': 3}","[0.58, 1.0, 1.0]",4.0
95,"[2, 3, 4]","[3, 4, 4]","[0.46, 0.79, 0.88]","[['A', 'B', 'D', 'C'], ['A', 'B', 'C', 'D'], ['A', 'D', 'B', 'C']]","{'A': 5, 'D': 4, 'B': 3, 'C': 3}","[0.58, 1.0, 1.0]",4.0
95,"[2, 3, 4]","[3, 4, 4]","[0.46, 0.79, 0.88]","[['A', 'B', 'D', 'C'], ['A', 'B', 'C', 'D'], ['B', 'A', 'D', 'C']]","{'A': 5, 'D': 4, 'B': 3, 'C': 3}","[0.58, 1.0, 1.0]",4.0
95,"[2, 3, 4]","[3, 4, 4]","[0.46, 0.79, 0.88]","[['A', 'B', 'D', 'C'], ['A', 'B', 'C', 'D'], ['B', 'D', 'A', 'C']]","{'A': 5, 'D': 4, 'B': 3, 'C': 3}","[0.58, 1.0, 1.0]",4.0
95,"[2, 3, 4]","[3, 4, 4]","[0.46, 0.79, 0.88]","[['A', 'B', 'D', 'C'], ['A', 'B', 'C', 'D'], ['D', 'A', 'B', 'C']]","{'A': 5, 'D': 4, 'B': 3, 'C': 3}","[0.58, 1.0, 1.0]",4.0
95,"[2, 3, 4]","[3, 4, 4]","[0.46, 0.79, 0.88]","[['A', 'B', 'D', 'C'], ['A', 'B', 'C', 'D'], ['D', 'B', 'A', 'C']]","{'A': 5, 'D': 4, 'B': 3, 'C': 3}","[0.58, 1.0, 1.0]",4.0
95,"[2, 3, 4]","[3, 4, 4]","[0.46, 0.79, 0.88]","[['A', 'B', 'D', 'C'], ['A', 'B', 'D', 'C'], ['A', 'B', 'C', 'D']]","{'A': 5, 'D': 4, 'B': 3, 'C': 3}","[0.58, 1.0, 1.0]",4.0
95,"[2, 3, 4]","[3, 4, 4]","[0.46, 0.79, 0.88]","[['A', 'B', 'D', 'C'], ['A', 'B', 'D', 'C'], ['A', 'B', 'D', 'C']]","{'A': 5, 'D': 5, 'B': 3, 'C': 2}","[0.58, 1.0, 1.0]",4.0
95,"[2, 3, 4]","[3, 4, 4]","[0.46, 0.79, 0.88]","[['A', 'B', 'D', 'C'], ['A', 'B', 'D', 'C'], ['A', 'C', 'B', 'D']]","{'A': 5, 'D': 4, 'B': 3, 'C': 3}","[0.58, 1.0, 1.0]",4.0
95,"[2, 3, 4]","[3, 4, 4]","[0.46, 0.79, 0.88]","[['A', 'B', 'D', 'C'], ['A', 'B', 'D', 'C'], ['A', 'C', 'D', 'B']]","{'A': 5, 'D': 5, 'C': 3, 'B': 2}","[0.58, 1.0, 1.0]",4.25
95,"[2, 3, 4]","[3, 4, 4]","[0.46, 0.79, 0.88]","[['A', 'B', 'D', 'C'], ['A', 'B', 'D', 'C'], ['A', 'D', 'B', 'C']]","{'A': 5, 'D': 5, 'B': 3, 'C': 2}","[0.58, 1.0, 1.0]",4.0
95,"[2, 3, 4]","[3, 4, 4]","[0.46, 0.79, 0.88]","[['A', 'B', 'D', 'C'], ['A', 'B', 'D', 'C'], ['A', 'D', 'C', 'B']]","{'A': 5, 'D': 5, 'C': 3, 'B': 2}","[0.58, 1.0, 1.0]",4.25
95,"[2, 3, 4]","[3, 4, 4]","[0.46, 0.79, 0.88]","[['A', 'B', 'D', 'C'], ['A', 'B', 'D', 'C'], ['B', 'A', 'C', 'D']]","{'A': 5, 'D': 4, 'B': 3, 'C': 3}","[0.58, 1.0, 1.0]",4.0
95,"[2, 3, 4]","[3, 4, 4]","[0.46, 0.79, 0.88]","[['A', 'B', 'D', 'C'], ['A', 'B', 'D', 'C'], ['B', 'A', 'D', 'C']]","{'A': 5, 'D': 5, 'B': 3, 'C': 2}","[0.58, 1.0, 1.0]",4.0
95,"[2, 3, 4]","[3, 4, 4]","[0.46, 0.79, 0.88]","[['A', 'B', 'D', 'C'], ['A', 'B', 'D', 'C'], ['B', 'C', 'A', 'D']]","{'A': 5, 'D': 4, 'B': 3, 'C': 3}","[0.58, 1.0, 1.0]",4.0
95,"[2, 3, 4]","[3, 4, 4]","[0.46, 0.79, 0.88]","[['A', 'B', 'D', 'C'], ['A', 'B', 'D', 'C'], ['B', 'D', 'A', 'C']]","{'A': 5, 'D': 5, 'B': 3, 'C': 2}","[0.58, 1.0, 1.0]",4.0
95,"[2, 3, 4]","[3, 4, 4]","[0.46, 0.79, 0.88]","[['A', 'B', 'D', 'C'], ['A', 'B', 'D', 'C'], ['C', 'A', 'B', 'D']]","{'A': 5, 'D': 4, 'B': 3, 'C': 3}","[0.58, 1.0, 1.0]",4.0
95,"[2, 3, 4]","[3, 4, 4]","[0.46, 0.79, 0.88]","[['A', 'B', 'D', 'C'], ['A', 'B', 'D', 'C'], ['C', 'A', 'D', 'B']]","{'A': 5, 'D': 5, 'C': 3, 'B': 2}","[0.58, 1.0, 1.0]",4.25
95,"[2, 3, 4]","[3, 4, 4]","[0.46, 0.79, 0.88]","[['A', 'B', 'D', 'C'], ['A', 'B', 'D', 'C'], ['C', 'B', 'A', 'D']]","{'A': 5, 'D': 4, 'B': 3, 'C': 3}","[0.58, 1.0, 1.0]",4.0
95,"[2, 3, 4]","[3, 4, 4]","[0.46, 0.79, 0.88]","[['A', 'B', 'D', 'C'], ['A', 'B', 'D', 'C'], ['C', 'D', 'A', 'B']]","{'A': 5, 'D': 5, 'C': 3, 'B': 2}","[0.58, 1.0, 1.0]",4.25
95,"[2, 3, 4]","[3, 4, 4]","[0.46, 0.79, 0.88]","[['A', 'B', 'D', 'C'], ['A', 'B', 'D', 'C'], ['D', 'A', 'B', 'C']]","{'A': 5, 'D': 5, 'B': 3, 'C': 2}","[0.58, 1.0, 1.0]",4.0
95,"[2, 3, 4]","[3, 4, 4]","[0.46, 0.79, 0.88]","[['A', 'B', 'D', 'C'], ['A', 'B', 'D', 'C'], ['D', 'A', 'C', 'B']]","{'A': 5, 'D': 5, 'C': 3, 'B': 2}","[0.58, 1.0, 1.0]",4.25
95,"[2, 3, 4]","[3, 4, 4]","[0.46, 0.79, 0.88]","[['A', 'B', 'D', 'C'], ['A', 'B', 'D', 'C'], ['D', 'B', 'A', 'C']]","{'A': 5, 'D': 5, 'B': 3, 'C': 2}","[0.58, 1.0, 1.0]",4.0
95,"[2, 3, 4]","[3, 4, 4]","[0.46, 0.79, 0.88]","[['A', 'B', 'D', 'C'], ['A', 'B', 'D', 'C'], ['D', 'C', 'A', 'B']]","{'A': 5, 'D': 5, 'C': 3, 'B': 2}","[0.58, 1.0, 1.0]",4.25
95,"[2, 3, 4]","[3, 4, 4]","[0.46, 0.79, 0.88]","[['A', 'B', 'D', 'C'], ['A', 'C', 'B', 'D'], ['A', 'B', 'D', 'C']]","{'A': 5, 'D': 4, 'B': 3, 'C': 3}","[0.58, 1.0, 1.0]",4.0
95,"[2, 3, 4]","[3, 4, 4]","[0.46, 0.79, 0.88]","[['A', 'B', 'D', 'C'], ['A', 'C', 'B', 'D'], ['A', 'D', 'B', 'C']]","{'A': 5, 'D': 4, 'B': 3, 'C': 3}","[0.58, 1.0, 1.0]",4.0
95,"[2, 3, 4]","[3, 4, 4]","[0.46, 0.79, 0.88]","[['A', 'B', 'D', 'C'], ['A', 'C', 'B', 'D'], ['B', 'A', 'D', 'C']]","{'A': 5, 'D': 4, 'B': 3, 'C': 3}","[0.58, 1.0, 1.0]",4.0
95,"[2, 3, 4]","[3, 4, 4]","[0.46, 0.79, 0.88]","[['A', 'B', 'D', 'C'], ['A', 'C', 'B', 'D'], ['B', 'D', 'A', 'C']]","{'A': 5, 'D': 4, 'B': 3, 'C': 3}","[0.58, 1.0, 1.0]",4.0
95,"[2, 3, 4]","[3, 4, 4]","[0.46, 0.79, 0.88]","[['A', 'B', 'D', 'C'], ['A', 'C', 'B', 'D'], ['D', 'A', 'B', 'C']]","{'A': 5, 'D': 4, 'B': 3, 'C': 3}","[0.58, 1.0, 1.0]",4.0
95,"[2, 3, 4]","[3, 4, 4]","[0.46, 0.79, 0.88]","[['A', 'B', 'D', 'C'], ['A', 'C', 'B', 'D'], ['D', 'B', 'A', 'C']]","{'A': 5, 'D': 4, 'B': 3, 'C': 3}","[0.58, 1.0, 1.0]",4.0
95,"[2, 3, 4]","[3, 4, 4]","[0.46, 0.79, 0.88]","[['A', 'B', 'D', 'C'], ['A', 'C', 'D', 'B'], ['A', 'B', 'D', 'C']]","{'A': 5, 'D': 5, 'C': 3, 'B': 2}","[0.58, 1.0, 1.0]",4.25
95,"[2, 3, 4]","[3, 4, 4]","[0.46, 0.79, 0.88]","[['A', 'B', 'D', 'C'], ['A', 'C', 'D', 'B'], ['A', 'C', 'D', 'B']]","{'A': 5, 'D': 5, 'C': 4, 'B': 1}","[0.58, 1.0, 1.0]",4.25
95,"[2, 3, 4]","[3, 4, 4]","[0.46, 0.79, 0.88]","[['A', 'B', 'D', 'C'], ['A', 'C', 'D', 'B'], ['A', 'D', 'B', 'C']]","{'A': 5, 'D': 5, 'C': 3, 'B': 2}","[0.58, 1.0, 1.0]",4.25
95,"[2, 3, 4]","[3, 4, 4]","[0.46, 0.79, 0.88]","[['A', 'B', 'D', 'C'], ['A', 'C', 'D', 'B'], ['A', 'D', 'C', 'B']]","{'A': 5, 'D': 5, 'C': 4, 'B': 1}","[0.58, 1.0, 1.0]",4.25
95,"[2, 3, 4]","[3, 4, 4]","[0.46, 0.79, 0.88]","[['A', 'B', 'D', 'C'], ['A', 'C', 'D', 'B'], ['B', 'A', 'D', 'C']]","{'A': 5, 'D': 5, 'C': 3, 'B': 2}","[0.58, 1.0, 1.0]",4.25
95,"[2, 3, 4]","[3, 4, 4]","[0.46, 0.79, 0.88]","[['A', 'B', 'D', 'C'], ['A', 'C', 'D', 'B'], ['B', 'D', 'A', 'C']]","{'A': 5, 'D': 5, 'C': 3, 'B': 2}","[0.58, 1.0, 1.0]",4.25
95,"[2, 3, 4]","[3, 4, 4]","[0.46, 0.79, 0.88]","[['A', 'B', 'D', 'C'], ['A', 'C', 'D', 'B'], ['C', 'A', 'D', 'B']]","{'A': 5, 'D': 5, 'C': 4, 'B': 1}","[0.58, 1.0, 1.0]",4.25
95,"[2, 3, 4]","[3, 4, 4]","[0.46, 0.79, 0.88]","[['A', 'B', 'D', 'C'], ['A', 'C', 'D', 'B'], ['C', 'D', 'A', 'B']]","{'A': 5, 'D': 5, 'C': 4, 'B': 1}","[0.58, 1.0, 1.0]",4.25
95,"[2, 3, 4]","[3, 4, 4]","[0.46, 0.79, 0.88]","[['A', 'B', 'D', 'C'], ['A', 'C', 'D', 'B'], ['D', 'A', 'B', 'C']]","{'A': 5, 'D': 5, 'C': 3, 'B': 2}","[0.58, 1.0, 1.0]",4.25
95,"[2, 3, 4]","[3, 4, 4]","[0.46, 0.79, 0.88]","[['A', 'B', 'D', 'C'], ['A', 'C', 'D', 'B'], ['D', 'A', 'C', 'B']]","{'A': 5, 'D': 5, 'C': 4, 'B': 1}","[0.58, 1.0, 1.0]",4.25
95,"[2, 3, 4]","[3, 4, 4]","[0.46, 0.79, 0.88]","[['A', 'B', 'D', 'C'], ['A', 'C', 'D', 'B'], ['D', 'B', 'A', 'C']]","{'A': 5, 'D': 5, 'C': 3, 'B': 2}","[0.58, 1.0, 1.0]",4.25
95,"[2, 3, 4]","[3, 4, 4]","[0.46, 0.79, 0.88]","[['A', 'B', 'D', 'C'], ['A', 'C', 'D', 'B'], ['D', 'C', 'A', 'B']]","{'A': 5, 'D': 5, 'C': 4, 'B': 1}","[0.58, 1.0, 1.0]",4.25
95,"[2, 3, 4]","[3, 4, 4]","[0.46, 0.79, 0.88]","[['A', 'B', 'D', 'C'], ['A', 'D', 'B', 'C'], ['A', 'B', 'C', 'D']]","{'A': 5, 'D': 4, 'B': 3, 'C': 3}","[0.58, 1.0, 1.0]",4.0
95,"[2, 3, 4]","[3, 4, 4]","[0.46, 0.79, 0.88]","[['A', 'B', 'D', 'C'], ['A', 'D', 'B', 'C'], ['A', 'B', 'D', 'C']]","{'A': 5, 'D': 5, 'B': 3, 'C': 2}","[0.58, 1.0, 1.0]",4.0
95,"[2, 3, 4]","[3, 4, 4]","[0.46, 0.79, 0.88]","[['A', 'B', 'D', 'C'], ['A', 'D', 'B', 'C'], ['A', 'C', 'B', 'D']]","{'A': 5, 'D': 4, 'B': 3, 'C': 3}","[0.58, 1.0, 1.0]",4.0
95,"[2, 3, 4]","[3, 4, 4]","[0.46, 0.79, 0.88]","[['A', 'B', 'D', 'C'], ['A', 'D', 'B', 'C'], ['A', 'C', 'D', 'B']]","{'A': 5, 'D': 5, 'C': 3, 'B': 2}","[0.58, 1.0, 1.0]",4.25
95,"[2, 3, 4]","[3, 4, 4]","[0.46, 0.79, 0.88]","[['A', 'B', 'D', 'C'], ['A', 'D', 'B', 'C'], ['A', 'D', 'B', 'C']]","{'A': 5, 'D': 5, 'B': 3, 'C': 2}","[0.58, 1.0, 1.0]",4.0
95,"[2, 3, 4]","[3, 4, 4]","[0.46, 0.79, 0.88]","[['A', 'B', 'D', 'C'], ['A', 'D', 'B', 'C'], ['A', 'D', 'C', 'B']]","{'A': 5, 'D': 5, 'C': 3, 'B': 2}","[0.58, 1.0, 1.0]",4.25
95,"[2, 3, 4]","[3, 4, 4]","[0.46, 0.79, 0.88]","[['A', 'B', 'D', 'C'], ['A', 'D', 'B', 'C'], ['B', 'A', 'C', 'D']]","{'A': 5, 'D': 4, 'B': 3, 'C': 3}","[0.58, 1.0, 1.0]",4.0
95,"[2, 3, 4]","[3, 4, 4]","[0.46, 0.79, 0.88]","[['A', 'B', 'D', 'C'], ['A', 'D', 'B', 'C'], ['B', 'A', 'D', 'C']]","{'A': 5, 'D': 5, 'B': 3, 'C': 2}","[0.58, 1.0, 1.0]",4.0
95,"[2, 3, 4]","[3, 4, 4]","[0.46, 0.79, 0.88]","[['A', 'B', 'D', 'C'], ['A', 'D', 'B', 'C'], ['B', 'C', 'A', 'D']]","{'A': 5, 'D': 4, 'B': 3, 'C': 3}","[0.58, 1.0, 1.0]",4.0
95,"[2, 3, 4]","[3, 4, 4]","[0.46, 0.79, 0.88]","[['A', 'B', 'D', 'C'], ['A', 'D', 'B', 'C'], ['B', 'D', 'A', 'C']]","{'A': 5, 'D': 5, 'B': 3, 'C': 2}","[0.58, 1.0, 1.0]",4.0
95,"[2, 3, 4]","[3, 4, 4]","[0.46, 0.79, 0.88]","[['A', 'B', 'D', 'C'], ['A', 'D', 'B', 'C'], ['C', 'A', 'B', 'D']]","{'A': 5, 'D': 4, 'B': 3, 'C': 3}","[0.58, 1.0, 1.0]",4.0
95,"[2, 3, 4]","[3, 4, 4]","[0.46, 0.79, 0.88]","[['A', 'B', 'D', 'C'], ['A', 'D', 'B', 'C'], ['C', 'A', 'D', 'B']]","{'A': 5, 'D': 5, 'C': 3, 'B': 2}","[0.58, 1.0, 1.0]",4.25
95,"[2, 3, 4]","[3, 4, 4]","[0.46, 0.79, 0.88]","[['A', 'B', 'D', 'C'], ['A', 'D', 'B', 'C'], ['C', 'B', 'A', 'D']]","{'A': 5, 'D': 4, 'B': 3, 'C': 3}","[0.58, 1.0, 1.0]",4.0
95,"[2, 3, 4]","[3, 4, 4]","[0.46, 0.79, 0.88]","[['A', 'B', 'D', 'C'], ['A', 'D', 'B', 'C'], ['C', 'D', 'A', 'B']]","{'A': 5, 'D': 5, 'C': 3, 'B': 2}","[0.58, 1.0, 1.0]",4.25
95,"[2, 3, 4]","[3, 4, 4]","[0.46, 0.79, 0.88]","[['A', 'B', 'D', 'C'], ['A', 'D', 'B', 'C'], ['D', 'A', 'B', 'C']]","{'A': 5, 'D': 5, 'B': 3, 'C': 2}","[0.58, 1.0, 1.0]",4.0
95,"[2, 3, 4]","[3, 4, 4]","[0.46, 0.79, 0.88]","[['A', 'B', 'D', 'C'], ['A', 'D', 'B', 'C'], ['D', 'A', 'C', 'B']]","{'A': 5, 'D': 5, 'C': 3, 'B': 2}","[0.58, 1.0, 1.0]",4.25
95,"[2, 3, 4]","[3, 4, 4]","[0.46, 0.79, 0.88]","[['A', 'B', 'D', 'C'], ['A', 'D', 'B', 'C'], ['D', 'B', 'A', 'C']]","{'A': 5, 'D': 5, 'B': 3, 'C': 2}","[0.58, 1.0, 1.0]",4.0
95,"[2, 3, 4]","[3, 4, 4]","[0.46, 0.79, 0.88]","[['A', 'B', 'D', 'C'], ['A', 'D', 'B', 'C'], ['D', 'C', 'A', 'B']]","{'A': 5, 'D': 5, 'C': 3, 'B': 2}","[0.58, 1.0, 1.0]",4.25
95,"[2, 3, 4]","[3, 4, 4]","[0.46, 0.79, 0.88]","[['A', 'B', 'D', 'C'], ['A', 'D', 'C', 'B'], ['A', 'B', 'D', 'C']]","{'A': 5, 'D': 5, 'C': 3, 'B': 2}","[0.58, 1.0, 1.0]",4.25
95,"[2, 3, 4]","[3, 4, 4]","[0.46, 0.79, 0.88]","[['A', 'B', 'D', 'C'], ['A', 'D', 'C', 'B'], ['A', 'C', 'D', 'B']]","{'A': 5, 'D': 5, 'C': 4, 'B': 1}","[0.58, 1.0, 1.0]",4.25
95,"[2, 3, 4]","[3, 4, 4]","[0.46, 0.79, 0.88]","[['A', 'B', 'D', 'C'], ['A', 'D', 'C', 'B'], ['A', 'D', 'B', 'C']]","{'A': 5, 'D': 5, 'C': 3, 'B': 2}","[0.58, 1.0, 1.0]",4.25
95,"[2, 3, 4]","[3, 4, 4]","[0.46, 0.79, 0.88]","[['A', 'B', 'D', 'C'], ['A', 'D', 'C', 'B'], ['A', 'D', 'C', 'B']]","{'A': 5, 'D': 5, 'C': 4, 'B': 1}","[0.58, 1.0, 1.0]",4.25
95,"[2, 3, 4]","[3, 4, 4]","[0.46, 0.79, 0.88]","[['A', 'B', 'D', 'C'], ['A', 'D', 'C', 'B'], ['B', 'A', 'D', 'C']]","{'A': 5, 'D': 5, 'C': 3, 'B': 2}","[0.58, 1.0, 1.0]",4.25
95,"[2, 3, 4]","[3, 4, 4]","[0.46, 0.79, 0.88]","[['A', 'B', 'D', 'C'], ['A', 'D', 'C', 'B'], ['B', 'D', 'A', 'C']]","{'A': 5, 'D': 5, 'C': 3, 'B': 2}","[0.58, 1.0, 1.0]",4.25
95,"[2, 3, 4]","[3, 4, 4]","[0.46, 0.79, 0.88]","[['A', 'B', 'D', 'C'], ['A', 'D', 'C', 'B'], ['C', 'A', 'D', 'B']]","{'A': 5, 'D': 5, 'C': 4, 'B': 1}","[0.58, 1.0, 1.0]",4.25
95,"[2, 3, 4]","[3, 4, 4]","[0.46, 0.79, 0.88]","[['A', 'B', 'D', 'C'], ['A', 'D', 'C', 'B'], ['C', 'D', 'A', 'B']]","{'A': 5, 'D': 5, 'C': 4, 'B': 1}","[0.58, 1.0, 1.0]",4.25
95,"[2, 3, 4]","[3, 4, 4]","[0.46, 0.79, 0.88]","[['A', 'B', 'D', 'C'], ['A', 'D', 'C', 'B'], ['D', 'A', 'B', 'C']]","{'A': 5, 'D': 5, 'C': 3, 'B': 2}","[0.58, 1.0, 1.0]",4.25
95,"[2, 3, 4]","[3, 4, 4]","[0.46, 0.79, 0.88]","[['A', 'B', 'D', 'C'], ['A', 'D', 'C', 'B'], ['D', 'A', 'C', 'B']]","{'A': 5, 'D': 5, 'C': 4, 'B': 1}","[0.58, 1.0, 1.0]",4.25
95,"[2, 3, 4]","[3, 4, 4]","[0.46, 0.79, 0.88]","[['A', 'B', 'D', 'C'], ['A', 'D', 'C', 'B'], ['D', 'B', 'A', 'C']]","{'A': 5, 'D': 5, 'C': 3, 'B': 2}","[0.58, 1.0, 1.0]",4.25
95,"[2, 3, 4]","[3, 4, 4]","[0.46, 0.79, 0.88]","[['A', 'B', 'D', 'C'], ['A', 'D', 'C', 'B'], ['D', 'C', 'A', 'B']]","{'A': 5, 'D': 5, 'C': 4, 'B': 1}","[0.58, 1.0, 1.0]",4.25
95,"[2, 3, 4]","[3, 4, 4]","[0.46, 0.79, 0.88]","[['A', 'B', 'D', 'C'], ['B', 'A', 'C', 'D'], ['A', 'B', 'D', 'C']]","{'A': 5, 'D': 4, 'B': 3, 'C': 3}","[0.58, 1.0, 1.0]",4.0
95,"[2, 3, 4]","[3, 4, 4]","[0.46, 0.79, 0.88]","[['A', 'B', 'D', 'C'], ['B', 'A', 'C', 'D'], ['A', 'D', 'B', 'C']]","{'A': 5, 'D': 4, 'B': 3, 'C': 3}","[0.58, 1.0, 1.0]",4.0
95,"[2, 3, 4]","[3, 4, 4]","[0.46, 0.79, 0.88]","[['A', 'B', 'D', 'C'], ['B', 'A', 'C', 'D'], ['B', 'A', 'D', 'C']]","{'A': 5, 'D': 4, 'B': 3, 'C': 3}","[0.58, 1.0, 1.0]",4.0
95,"[2, 3, 4]","[3, 4, 4]","[0.46, 0.79, 0.88]","[['A', 'B', 'D', 'C'], ['B', 'A', 'C', 'D'], ['B', 'D', 'A', 'C']]","{'A': 5, 'D': 4, 'B': 3, 'C': 3}","[0.58, 1.0, 1.0]",4.0
95,"[2, 3, 4]","[3, 4, 4]","[0.46, 0.79, 0.88]","[['A', 'B', 'D', 'C'], ['B', 'A', 'C', 'D'], ['D', 'A', 'B', 'C']]","{'A': 5, 'D': 4, 'B': 3, 'C': 3}","[0.58, 1.0, 1.0]",4.0
95,"[2, 3, 4]","[3, 4, 4]","[0.46, 0.79, 0.88]","[['A', 'B', 'D', 'C'], ['B', 'A', 'C', 'D'], ['D', 'B', 'A', 'C']]","{'A': 5, 'D': 4, 'B': 3, 'C': 3}","[0.58, 1.0, 1.0]",4.0
95,"[2, 3, 4]","[3, 4, 4]","[0.46, 0.79, 0.88]","[['A', 'B', 'D', 'C'], ['B', 'A', 'D', 'C'], ['A', 'B', 'C', 'D']]","{'A': 5, 'D': 4, 'B': 3, 'C': 3}","[0.58, 1.0, 1.0]",4.0
95,"[2, 3, 4]","[3, 4, 4]","[0.46, 0.79, 0.88]","[['A', 'B', 'D', 'C'], ['B', 'A', 'D', 'C'], ['A', 'B', 'D', 'C']]","{'A': 5, 'D': 5, 'B': 3, 'C': 2}","[0.58, 1.0, 1.0]",4.0
95,"[2, 3, 4]","[3, 4, 4]","[0.46, 0.79, 0.88]","[['A', 'B', 'D', 'C'], ['B', 'A', 'D', 'C'], ['A', 'C', 'B', 'D']]","{'A': 5, 'D': 4, 'B': 3, 'C': 3}","[0.58, 1.0, 1.0]",4.0
95,"[2, 3, 4]","[3, 4, 4]","[0.46, 0.79, 0.88]","[['A', 'B', 'D', 'C'], ['B', 'A', 'D', 'C'], ['A', 'C', 'D', 'B']]","{'A': 5, 'D': 5, 'C': 3, 'B': 2}","[0.58, 1.0, 1.0]",4.25
95,"[2, 3, 4]","[3, 4, 4]","[0.46, 0.79, 0.88]","[['A', 'B', 'D', 'C'], ['B', 'A', 'D', 'C'], ['A', 'D', 'B', 'C']]","{'A': 5, 'D': 5, 'B': 3, 'C': 2}","[0.58, 1.0, 1.0]",4.0
95,"[2, 3, 4]","[3, 4, 4]","[0.46, 0.79, 0.88]","[['A', 'B', 'D', 'C'], ['B', 'A', 'D', 'C'], ['A', 'D', 'C', 'B']]","{'A': 5, 'D': 5, 'C': 3, 'B': 2}","[0.58, 1.0, 1.0]",4.25
95,"[2, 3, 4]","[3, 4, 4]","[0.46, 0.79, 0.88]","[['A', 'B', 'D', 'C'], ['B', 'A', 'D', 'C'], ['B', 'A', 'C', 'D']]","{'A': 5, 'D': 4, 'B': 3, 'C': 3}","[0.58, 1.0, 1.0]",4.0
95,"[2, 3, 4]","[3, 4, 4]","[0.46, 0.79, 0.88]","[['A', 'B', 'D', 'C'], ['B', 'A', 'D', 'C'], ['B', 'A', 'D', 'C']]","{'A': 5, 'D': 5, 'B': 3, 'C': 2}","[0.58, 1.0, 1.0]",4.0
95,"[2, 3, 4]","[3, 4, 4]","[0.46, 0.79, 0.88]","[['A', 'B', 'D', 'C'], ['B', 'A', 'D', 'C'], ['B', 'C', 'A', 'D']]","{'A': 5, 'D': 4, 'B': 3, 'C': 3}","[0.58, 1.0, 1.0]",4.0
95,"[2, 3, 4]","[3, 4, 4]","[0.46, 0.79, 0.88]","[['A', 'B', 'D', 'C'], ['B', 'A', 'D', 'C'], ['B', 'D', 'A', 'C']]","{'A': 5, 'D': 5, 'B': 3, 'C': 2}","[0.58, 1.0, 1.0]",4.0
95,"[2, 3, 4]","[3, 4, 4]","[0.46, 0.79, 0.88]","[['A', 'B', 'D', 'C'], ['B', 'A', 'D', 'C'], ['C', 'A', 'B', 'D']]","{'A': 5, 'D': 4, 'B': 3, 'C': 3}","[0.58, 1.0, 1.0]",4.0
95,"[2, 3, 4]","[3, 4, 4]","[0.46, 0.79, 0.88]","[['A', 'B', 'D', 'C'], ['B', 'A', 'D', 'C'], ['C', 'A', 'D', 'B']]","{'A': 5, 'D': 5, 'C': 3, 'B': 2}","[0.58, 1.0, 1.0]",4.25
95,"[2, 3, 4]","[3, 4, 4]","[0.46, 0.79, 0.88]","[['A', 'B', 'D', 'C'], ['B', 'A', 'D', 'C'], ['C', 'B', 'A', 'D']]","{'A': 5, 'D': 4, 'B': 3, 'C': 3}","[0.58, 1.0, 1.0]",4.0
95,"[2, 3, 4]","[3, 4, 4]","[0.46, 0.79, 0.88]","[['A', 'B', 'D', 'C'], ['B', 'A', 'D', 'C'], ['C', 'D', 'A', 'B']]","{'A': 5, 'D': 5, 'C': 3, 'B': 2}","[0.58, 1.0, 1.0]",4.25
95,"[2, 3, 4]","[3, 4, 4]","[0.46, 0.79, 0.88]","[['A', 'B', 'D', 'C'], ['B', 'A', 'D', 'C'], ['D', 'A', 'B', 'C']]","{'A': 5, 'D': 5, 'B': 3, 'C': 2}","[0.58, 1.0, 1.0]",4.0
95,"[2, 3, 4]","[3, 4, 4]","[0.46, 0.79, 0.88]","[['A', 'B', 'D', 'C'], ['B', 'A', 'D', 'C'], ['D', 'A', 'C', 'B']]","{'A': 5, 'D': 5, 'C': 3, 'B': 2}","[0.58, 1.0, 1.0]",4.25
95,"[2, 3, 4]","[3, 4, 4]","[0.46, 0.79, 0.88]","[['A', 'B', 'D', 'C'], ['B', 'A', 'D', 'C'], ['D', 'B', 'A', 'C']]","{'A': 5, 'D': 5, 'B': 3, 'C': 2}","[0.58, 1.0, 1.0]",4.0
95,"[2, 3, 4]","[3, 4, 4]","[0.46, 0.79, 0.88]","[['A', 'B', 'D', 'C'], ['B', 'A', 'D', 'C'], ['D', 'C', 'A', 'B']]","{'A': 5, 'D': 5, 'C': 3, 'B': 2}","[0.58, 1.0, 1.0]",4.25
95,"[2, 3, 4]","[3, 4, 4]","[0.46, 0.79, 0.88]","[['A', 'B', 'D', 'C'], ['B', 'C', 'A', 'D'], ['A', 'B', 'D', 'C']]","{'A': 5, 'D': 4, 'B': 3, 'C': 3}","[0.58, 1.0, 1.0]",4.0
95,"[2, 3, 4]","[3, 4, 4]","[0.46, 0.79, 0.88]","[['A', 'B', 'D', 'C'], ['B', 'C', 'A', 'D'], ['A', 'D', 'B', 'C']]","{'A': 5, 'D': 4, 'B': 3, 'C': 3}","[0.58, 1.0, 1.0]",4.0
95,"[2, 3, 4]","[3, 4, 4]","[0.46, 0.79, 0.88]","[['A', 'B', 'D', 'C'], ['B', 'C', 'A', 'D'], ['B', 'A', 'D', 'C']]","{'A': 5, 'D': 4, 'B': 3, 'C': 3}","[0.58, 1.0, 1.0]",4.0
95,"[2, 3, 4]","[3, 4, 4]","[0.46, 0.79, 0.88]","[['A', 'B', 'D', 'C'], ['B', 'C', 'A', 'D'], ['B', 'D', 'A', 'C']]","{'A': 5, 'D': 4, 'B': 3, 'C': 3}","[0.58, 1.0, 1.0]",4.0
95,"[2, 3, 4]","[3, 4, 4]","[0.46, 0.79, 0.88]","[['A', 'B', 'D', 'C'], ['B', 'C', 'A', 'D'], ['D', 'A', 'B', 'C']]","{'A': 5, 'D': 4, 'B': 3, 'C': 3}","[0.58, 1.0, 1.0]",4.0
95,"[2, 3, 4]","[3, 4, 4]","[0.46, 0.79, 0.88]","[['A', 'B', 'D', 'C'], ['B', 'C', 'A', 'D'], ['D', 'B', 'A', 'C']]","{'A': 5, 'D': 4, 'B': 3, 'C': 3}","[0.58, 1.0, 1.0]",4.0
95,"[2, 3, 4]","[3, 4, 4]","[0.46, 0.79, 0.88]","[['A', 'B', 'D', 'C'], ['B', 'D', 'A', 'C'], ['A', 'B', 'C', 'D']]","{'A': 5, 'D': 4, 'B': 3, 'C': 3}","[0.58, 1.0, 1.0]",4.0
95,"[2, 3, 4]","[3, 4, 4]","[0.46, 0.79, 0.88]","[['A', 'B', 'D', 'C'], ['B', 'D', 'A', 'C'], ['A', 'B', 'D', 'C']]","{'A': 5, 'D': 5, 'B': 3, 'C': 2}","[0.58, 1.0, 1.0]",4.0
95,"[2, 3, 4]","[3, 4, 4]","[0.46, 0.79, 0.88]","[['A', 'B', 'D', 'C'], ['B', 'D', 'A', 'C'], ['A', 'C', 'B', 'D']]","{'A': 5, 'D': 4, 'B': 3, 'C': 3}","[0.58, 1.0, 1.0]",4.0
95,"[2, 3, 4]","[3, 4, 4]","[0.46, 0.79, 0.88]","[['A', 'B', 'D', 'C'], ['B', 'D', 'A', 'C'], ['A', 'C', 'D', 'B']]","{'A': 5, 'D': 5, 'C': 3, 'B': 2}","[0.58, 1.0, 1.0]",4.25
95,"[2, 3, 4]","[3, 4, 4]","[0.46, 0.79, 0.88]","[['A', 'B', 'D', 'C'], ['B', 'D', 'A', 'C'], ['A', 'D', 'B', 'C']]","{'A': 5, 'D': 5, 'B': 3, 'C': 2}","[0.58, 1.0, 1.0]",4.0
95,"[2, 3, 4]","[3, 4, 4]","[0.46, 0.79, 0.88]","[['A', 'B', 'D', 'C'], ['B', 'D', 'A', 'C'], ['A', 'D', 'C', 'B']]","{'A': 5, 'D': 5, 'C': 3, 'B': 2}","[0.58, 1.0, 1.0]",4.25
95,"[2, 3, 4]","[3, 4, 4]","[0.46, 0.79, 0.88]","[['A', 'B', 'D', 'C'], ['B', 'D', 'A', 'C'], ['B', 'A', 'C', 'D']]","{'A': 5, 'D': 4, 'B': 3, 'C': 3}","[0.58, 1.0, 1.0]",4.0
95,"[2, 3, 4]","[3, 4, 4]","[0.46, 0.79, 0.88]","[['A', 'B', 'D', 'C'], ['B', 'D', 'A', 'C'], ['B', 'A', 'D', 'C']]","{'A': 5, 'D': 5, 'B': 3, 'C': 2}","[0.58, 1.0, 1.0]",4.0
95,"[2, 3, 4]","[3, 4, 4]","[0.46, 0.79, 0.88]","[['A', 'B', 'D', 'C'], ['B', 'D', 'A', 'C'], ['B', 'C', 'A', 'D']]","{'A': 5, 'D': 4, 'B': 3, 'C': 3}","[0.58, 1.0, 1.0]",4.0
95,"[2, 3, 4]","[3, 4, 4]","[0.46, 0.79, 0.88]","[['A', 'B', 'D', 'C'], ['B', 'D', 'A', 'C'], ['B', 'D', 'A', 'C']]","{'A': 5, 'D': 5, 'B': 3, 'C': 2}","[0.58, 1.0, 1.0]",4.0
95,"[2, 3, 4]","[3, 4, 4]","[0.46, 0.79, 0.88]","[['A', 'B', 'D', 'C'], ['B', 'D', 'A', 'C'], ['C', 'A', 'B', 'D']]","{'A': 5, 'D': 4, 'B': 3, 'C': 3}","[0.58, 1.0, 1.0]",4.0
95,"[2, 3, 4]","[3, 4, 4]","[0.46, 0.79, 0.88]","[['A', 'B', 'D', 'C'], ['B', 'D', 'A', 'C'], ['C', 'A', 'D', 'B']]","{'A': 5, 'D': 5, 'C': 3, 'B': 2}","[0.58, 1.0, 1.0]",4.25
95,"[2, 3, 4]","[3, 4, 4]","[0.46, 0.79, 0.88]","[['A', 'B', 'D', 'C'], ['B', 'D', 'A', 'C'], ['C', 'B', 'A', 'D']]","{'A': 5, 'D': 4, 'B': 3, 'C': 3}","[0.58, 1.0, 1.0]",4.0
95,"[2, 3, 4]","[3, 4, 4]","[0.46, 0.79, 0.88]","[['A', 'B', 'D', 'C'], ['B', 'D', 'A', 'C'], ['C', 'D', 'A', 'B']]","{'A': 5, 'D': 5, 'C': 3, 'B': 2}","[0.58, 1.0, 1.0]",4.25
95,"[2, 3, 4]","[3, 4, 4]","[0.46, 0.79, 0.88]","[['A', 'B', 'D', 'C'], ['B', 'D', 'A', 'C'], ['D', 'A', 'B', 'C']]","{'A': 5, 'D': 5, 'B': 3, 'C': 2}","[0.58, 1.0, 1.0]",4.0
95,"[2, 3, 4]","[3, 4, 4]","[0.46, 0.79, 0.88]","[['A', 'B', 'D', 'C'], ['B', 'D', 'A', 'C'], ['D', 'A', 'C', 'B']]","{'A': 5, 'D': 5, 'C': 3, 'B': 2}","[0.58, 1.0, 1.0]",4.25
95,"[2, 3, 4]","[3, 4, 4]","[0.46, 0.79, 0.88]","[['A', 'B', 'D', 'C'], ['B', 'D', 'A', 'C'], ['D', 'B', 'A', 'C']]","{'A': 5, 'D': 5, 'B': 3, 'C': 2}","[0.58, 1.0, 1.0]",4.0
95,"[2, 3, 4]","[3, 4, 4]","[0.46, 0.79, 0.88]","[['A', 'B', 'D', 'C'], ['B', 'D', 'A', 'C'], ['D', 'C', 'A', 'B']]","{'A': 5, 'D': 5, 'C': 3, 'B': 2}","[0.58, 1.0, 1.0]",4.25
95,"[2, 3, 4]","[3, 4, 4]","[0.46, 0.79, 0.88]","[['A', 'B', 'D', 'C'], ['C', 'A', 'B', 'D'], ['A', 'B', 'D', 'C']]","{'A': 5, 'D': 4, 'B': 3, 'C': 3}","[0.58, 1.0, 1.0]",4.0
95,"[2, 3, 4]","[3, 4, 4]","[0.46, 0.79, 0.88]","[['A', 'B', 'D', 'C'], ['C', 'A', 'B', 'D'], ['A', 'D', 'B', 'C']]","{'A': 5, 'D': 4, 'B': 3, 'C': 3}","[0.58, 1.0, 1.0]",4.0
95,"[2, 3, 4]","[3, 4, 4]","[0.46, 0.79, 0.88]","[['A', 'B', 'D', 'C'], ['C', 'A', 'B', 'D'], ['B', 'A', 'D', 'C']]","{'A': 5, 'D': 4, 'B': 3, 'C': 3}","[0.58, 1.0, 1.0]",4.0
95,"[2, 3, 4]","[3, 4, 4]","[0.46, 0.79, 0.88]","[['A', 'B', 'D', 'C'], ['C', 'A', 'B', 'D'], ['B', 'D', 'A', 'C']]","{'A': 5, 'D': 4, 'B': 3, 'C': 3}","[0.58, 1.0, 1.0]",4.0
95,"[2, 3, 4]","[3, 4, 4]","[0.46, 0.79, 0.88]","[['A', 'B', 'D', 'C'], ['C', 'A', 'B', 'D'], ['D', 'A', 'B', 'C']]","{'A': 5, 'D': 4, 'B': 3, 'C': 3}","[0.58, 1.0, 1.0]",4.0
95,"[2, 3, 4]","[3, 4, 4]","[0.46, 0.79, 0.88]","[['A', 'B', 'D', 'C'], ['C', 'A', 'B', 'D'], ['D', 'B', 'A', 'C']]","{'A': 5, 'D': 4, 'B': 3, 'C': 3}","[0.58, 1.0, 1.0]",4.0
95,"[2, 3, 4]","[3, 4, 4]","[0.46, 0.79, 0.88]","[['A', 'B', 'D', 'C'], ['C', 'A', 'D', 'B'], ['A', 'B', 'D', 'C']]","{'A': 5, 'D': 5, 'C': 3, 'B': 2}","[0.58, 1.0, 1.0]",4.25
95,"[2, 3, 4]","[3, 4, 4]","[0.46, 0.79, 0.88]","[['A', 'B', 'D', 'C'], ['C', 'A', 'D', 'B'], ['A', 'C', 'D', 'B']]","{'A': 5, 'D': 5, 'C': 4, 'B': 1}","[0.58, 1.0, 1.0]",4.25
95,"[2, 3, 4]","[3, 4, 4]","[0.46, 0.79, 0.88]","[['A', 'B', 'D', 'C'], ['C', 'A', 'D', 'B'], ['A', 'D', 'B', 'C']]","{'A': 5, 'D': 5, 'C': 3, 'B': 2}","[0.58, 1.0, 1.0]",4.25
95,"[2, 3, 4]","[3, 4, 4]","[0.46, 0.79, 0.88]","[['A', 'B', 'D', 'C'], ['C', 'A', 'D', 'B'], ['A', 'D', 'C', 'B']]","{'A': 5, 'D': 5, 'C': 4, 'B': 1}","[0.58, 1.0, 1.0]",4.25
95,"[2, 3, 4]","[3, 4, 4]","[0.46, 0.79, 0.88]","[['A', 'B', 'D', 'C'], ['C', 'A', 'D', 'B'], ['B', 'A', 'D', 'C']]","{'A': 5, 'D': 5, 'C': 3, 'B': 2}","[0.58, 1.0, 1.0]",4.25
95,"[2, 3, 4]","[3, 4, 4]","[0.46, 0.79, 0.88]","[['A', 'B', 'D', 'C'], ['C', 'A', 'D', 'B'], ['B', 'D', 'A', 'C']]","{'A': 5, 'D': 5, 'C': 3, 'B': 2}","[0.58, 1.0, 1.0]",4.25
95,"[2, 3, 4]","[3, 4, 4]","[0.46, 0.79, 0.88]","[['A', 'B', 'D', 'C'], ['C', 'A', 'D', 'B'], ['C', 'A', 'D', 'B']]","{'A': 5, 'D': 5, 'C': 4, 'B': 1}","[0.58, 1.0, 1.0]",4.25
95,"[2, 3, 4]","[3, 4, 4]","[0.46, 0.79, 0.88]","[['A', 'B', 'D', 'C'], ['C', 'A', 'D', 'B'], ['C', 'D', 'A', 'B']]","{'A': 5, 'D': 5, 'C': 4, 'B': 1}","[0.58, 1.0, 1.0]",4.25
95,"[2, 3, 4]","[3, 4, 4]","[0.46, 0.79, 0.88]","[['A', 'B', 'D', 'C'], ['C', 'A', 'D', 'B'], ['D', 'A', 'B', 'C']]","{'A': 5, 'D': 5, 'C': 3, 'B': 2}","[0.58, 1.0, 1.0]",4.25
95,"[2, 3, 4]","[3, 4, 4]","[0.46, 0.79, 0.88]","[['A', 'B', 'D', 'C'], ['C', 'A', 'D', 'B'], ['D', 'A', 'C', 'B']]","{'A': 5, 'D': 5, 'C': 4, 'B': 1}","[0.58, 1.0, 1.0]",4.25
95,"[2, 3, 4]","[3, 4, 4]","[0.46, 0.79, 0.88]","[['A', 'B', 'D', 'C'], ['C', 'A', 'D', 'B'], ['D', 'B', 'A', 'C']]","{'A': 5, 'D': 5, 'C': 3, 'B': 2}","[0.58, 1.0, 1.0]",4.25
95,"[2, 3, 4]","[3, 4, 4]","[0.46, 0.79, 0.88]","[['A', 'B', 'D', 'C'], ['C', 'A', 'D', 'B'], ['D', 'C', 'A', 'B']]","{'A': 5, 'D': 5, 'C': 4, 'B': 1}","[0.58, 1.0, 1.0]",4.25
95,"[2, 3, 4]","[3, 4, 4]","[0.46, 0.79, 0.88]","[['A', 'B', 'D', 'C'], ['C', 'B', 'A', 'D'], ['A', 'B', 'D', 'C']]","{'A': 5, 'D': 4, 'B': 3, 'C': 3}","[0.58, 1.0, 1.0]",4.0
95,"[2, 3, 4]","[3, 4, 4]","[0.46, 0.79, 0.88]","[['A', 'B', 'D', 'C'], ['C', 'B', 'A', 'D'], ['A', 'D', 'B', 'C']]","{'A': 5, 'D': 4, 'B': 3, 'C': 3}","[0.58, 1.0, 1.0]",4.0
95,"[2, 3, 4]","[3, 4, 4]","[0.46, 0.79, 0.88]","[['A', 'B', 'D', 'C'], ['C', 'B', 'A', 'D'], ['B', 'A', 'D', 'C']]","{'A': 5, 'D': 4, 'B': 3, 'C': 3}","[0.58, 1.0, 1.0]",4.0
95,"[2, 3, 4]","[3, 4, 4]","[0.46, 0.79, 0.88]","[['A', 'B', 'D', 'C'], ['C', 'B', 'A', 'D'], ['B', 'D', 'A', 'C']]","{'A': 5, 'D': 4, 'B': 3, 'C': 3}","[0.58, 1.0, 1.0]",4.0
95,"[2, 3, 4]","[3, 4, 4]","[0.46, 0.79, 0.88]","[['A', 'B', 'D', 'C'], ['C', 'B', 'A', 'D'], ['D', 'A', 'B', 'C']]","{'A': 5, 'D': 4, 'B': 3, 'C': 3}","[0.58, 1.0, 1.0]",4.0
95,"[2, 3, 4]","[3, 4, 4]","[0.46, 0.79, 0.88]","[['A', 'B', 'D', 'C'], ['C', 'B', 'A', 'D'], ['D', 'B', 'A', 'C']]","{'A': 5, 'D': 4, 'B': 3, 'C': 3}","[0.58, 1.0, 1.0]",4.0
95,"[2, 3, 4]","[3, 4, 4]","[0.46, 0.79, 0.88]","[['A', 'B', 'D', 'C'], ['C', 'D', 'A', 'B'], ['A', 'B', 'D', 'C']]","{'A': 5, 'D': 5, 'C': 3, 'B': 2}","[0.58, 1.0, 1.0]",4.25
95,"[2, 3, 4]","[3, 4, 4]","[0.46, 0.79, 0.88]","[['A', 'B', 'D', 'C'], ['C', 'D', 'A', 'B'], ['A', 'C', 'D', 'B']]","{'A': 5, 'D': 5, 'C': 4, 'B': 1}","[0.58, 1.0, 1.0]",4.25
95,"[2, 3, 4]","[3, 4, 4]","[0.46, 0.79, 0.88]","[['A', 'B', 'D', 'C'], ['C', 'D', 'A', 'B'], ['A', 'D', 'B', 'C']]","{'A': 5, 'D': 5, 'C': 3, 'B': 2}","[0.58, 1.0, 1.0]",4.25
95,"[2, 3, 4]","[3, 4, 4]","[0.46, 0.79, 0.88]","[['A', 'B', 'D', 'C'], ['C', 'D', 'A', 'B'], ['A', 'D', 'C', 'B']]","{'A': 5, 'D': 5, 'C': 4, 'B': 1}","[0.58, 1.0, 1.0]",4.25
95,"[2, 3, 4]","[3, 4, 4]","[0.46, 0.79, 0.88]","[['A', 'B', 'D', 'C'], ['C', 'D', 'A', 'B'], ['B', 'A', 'D', 'C']]","{'A': 5, 'D': 5, 'C': 3, 'B': 2}","[0.58, 1.0, 1.0]",4.25
95,"[2, 3, 4]","[3, 4, 4]","[0.46, 0.79, 0.88]","[['A', 'B', 'D', 'C'], ['C', 'D', 'A', 'B'], ['B', 'D', 'A', 'C']]","{'A': 5, 'D': 5, 'C': 3, 'B': 2}","[0.58, 1.0, 1.0]",4.25
95,"[2, 3, 4]","[3, 4, 4]","[0.46, 0.79, 0.88]","[['A', 'B', 'D', 'C'], ['C', 'D', 'A', 'B'], ['C', 'A', 'D', 'B']]","{'A': 5, 'D': 5, 'C': 4, 'B': 1}","[0.58, 1.0, 1.0]",4.25
95,"[2, 3, 4]","[3, 4, 4]","[0.46, 0.79, 0.88]","[['A', 'B', 'D', 'C'], ['C', 'D', 'A', 'B'], ['C', 'D', 'A', 'B']]","{'A': 5, 'D': 5, 'C': 4, 'B': 1}","[0.58, 1.0, 1.0]",4.25
95,"[2, 3, 4]","[3, 4, 4]","[0.46, 0.79, 0.88]","[['A', 'B', 'D', 'C'], ['C', 'D', 'A', 'B'], ['D', 'A', 'B', 'C']]","{'A': 5, 'D': 5, 'C': 3, 'B': 2}","[0.58, 1.0, 1.0]",4.25
95,"[2, 3, 4]","[3, 4, 4]","[0.46, 0.79, 0.88]","[['A', 'B', 'D', 'C'], ['C', 'D', 'A', 'B'], ['D', 'A', 'C', 'B']]","{'A': 5, 'D': 5, 'C': 4, 'B': 1}","[0.58, 1.0, 1.0]",4.25
95,"[2, 3, 4]","[3, 4, 4]","[0.46, 0.79, 0.88]","[['A', 'B', 'D', 'C'], ['C', 'D', 'A', 'B'], ['D', 'B', 'A', 'C']]","{'A': 5, 'D': 5, 'C': 3, 'B': 2}","[0.58, 1.0, 1.0]",4.25
95,"[2, 3, 4]","[3, 4, 4]","[0.46, 0.79, 0.88]","[['A', 'B', 'D', 'C'], ['C', 'D', 'A', 'B'], ['D', 'C', 'A', 'B']]","{'A': 5, 'D': 5, 'C': 4, 'B': 1}","[0.58, 1.0, 1.0]",4.25
95,"[2, 3, 4]","[3, 4, 4]","[0.46, 0.79, 0.88]","[['A', 'B', 'D', 'C'], ['D', 'A', 'B', 'C'], ['A', 'B', 'C', 'D']]","{'A': 5, 'D': 4, 'B': 3, 'C': 3}","[0.58, 1.0, 1.0]",4.0
95,"[2, 3, 4]","[3, 4, 4]","[0.46, 0.79, 0.88]","[['A', 'B', 'D', 'C'], ['D', 'A', 'B', 'C'], ['A', 'B', 'D', 'C']]","{'A': 5, 'D': 5, 'B': 3, 'C': 2}","[0.58, 1.0, 1.0]",4.0
95,"[2, 3, 4]","[3, 4, 4]","[0.46, 0.79, 0.88]","[['A', 'B', 'D', 'C'], ['D', 'A', 'B', 'C'], ['A', 'C', 'B', 'D']]","{'A': 5, 'D': 4, 'B': 3, 'C': 3}","[0.58, 1.0, 1.0]",4.0
95,"[2, 3, 4]","[3, 4, 4]","[0.46, 0.79, 0.88]","[['A', 'B', 'D', 'C'], ['D', 'A', 'B', 'C'], ['A', 'C', 'D', 'B']]","{'A': 5, 'D': 5, 'C': 3, 'B': 2}","[0.58, 1.0, 1.0]",4.25
95,"[2, 3, 4]","[3, 4, 4]","[0.46, 0.79, 0.88]","[['A', 'B', 'D', 'C'], ['D', 'A', 'B', 'C'], ['A', 'D', 'B', 'C']]","{'A': 5, 'D': 5, 'B': 3, 'C': 2}","[0.58, 1.0, 1.0]",4.0
95,"[2, 3, 4]","[3, 4, 4]","[0.46, 0.79, 0.88]","[['A', 'B', 'D', 'C'], ['D', 'A', 'B', 'C'], ['A', 'D', 'C', 'B']]","{'A': 5, 'D': 5, 'C': 3, 'B': 2}","[0.58, 1.0, 1.0]",4.25
95,"[2, 3, 4]","[3, 4, 4]","[0.46, 0.79, 0.88]","[['A', 'B', 'D', 'C'], ['D', 'A', 'B', 'C'], ['B', 'A', 'C', 'D']]","{'A': 5, 'D': 4, 'B': 3, 'C': 3}","[0.58, 1.0, 1.0]",4.0
95,"[2, 3, 4]","[3, 4, 4]","[0.46, 0.79, 0.88]","[['A', 'B', 'D', 'C'], ['D', 'A', 'B', 'C'], ['B', 'A', 'D', 'C']]","{'A': 5, 'D': 5, 'B': 3, 'C': 2}","[0.58, 1.0, 1.0]",4.0
95,"[2, 3, 4]","[3, 4, 4]","[0.46, 0.79, 0.88]","[['A', 'B', 'D', 'C'], ['D', 'A', 'B', 'C'], ['B', 'C', 'A', 'D']]","{'A': 5, 'D': 4, 'B': 3, 'C': 3}","[0.58, 1.0, 1.0]",4.0
95,"[2, 3, 4]","[3, 4, 4]","[0.46, 0.79, 0.88]","[['A', 'B', 'D', 'C'], ['D', 'A', 'B', 'C'], ['B', 'D', 'A', 'C']]","{'A': 5, 'D': 5, 'B': 3, 'C': 2}","[0.58, 1.0, 1.0]",4.0
95,"[2, 3, 4]","[3, 4, 4]","[0.46, 0.79, 0.88]","[['A', 'B', 'D', 'C'], ['D', 'A', 'B', 'C'], ['C', 'A', 'B', 'D']]","{'A': 5, 'D': 4, 'B': 3, 'C': 3}","[0.58, 1.0, 1.0]",4.0
95,"[2, 3, 4]","[3, 4, 4]","[0.46, 0.79, 0.88]","[['A', 'B', 'D', 'C'], ['D', 'A', 'B', 'C'], ['C', 'A', 'D', 'B']]","{'A': 5, 'D': 5, 'C': 3, 'B': 2}","[0.58, 1.0, 1.0]",4.25
95,"[2, 3, 4]","[3, 4, 4]","[0.46, 0.79, 0.88]","[['A', 'B', 'D', 'C'], ['D', 'A', 'B', 'C'], ['C', 'B', 'A', 'D']]","{'A': 5, 'D': 4, 'B': 3, 'C': 3}","[0.58, 1.0, 1.0]",4.0
95,"[2, 3, 4]","[3, 4, 4]","[0.46, 0.79, 0.88]","[['A', 'B', 'D', 'C'], ['D', 'A', 'B', 'C'], ['C', 'D', 'A', 'B']]","{'A': 5, 'D': 5, 'C': 3, 'B': 2}","[0.58, 1.0, 1.0]",4.25
95,"[2, 3, 4]","[3, 4, 4]","[0.46, 0.79, 0.88]","[['A', 'B', 'D', 'C'], ['D', 'A', 'B', 'C'], ['D', 'A', 'B', 'C']]","{'A': 5, 'D': 5, 'B': 3, 'C': 2}","[0.58, 1.0, 1.0]",4.0
95,"[2, 3, 4]","[3, 4, 4]","[0.46, 0.79, 0.88]","[['A', 'B', 'D', 'C'], ['D', 'A', 'B', 'C'], ['D', 'A', 'C', 'B']]","{'A': 5, 'D': 5, 'C': 3, 'B': 2}","[0.58, 1.0, 1.0]",4.25
95,"[2, 3, 4]","[3, 4, 4]","[0.46, 0.79, 0.88]","[['A', 'B', 'D', 'C'], ['D', 'A', 'B', 'C'], ['D', 'B', 'A', 'C']]","{'A': 5, 'D': 5, 'B': 3, 'C': 2}","[0.58, 1.0, 1.0]",4.0
95,"[2, 3, 4]","[3, 4, 4]","[0.46, 0.79, 0.88]","[['A', 'B', 'D', 'C'], ['D', 'A', 'B', 'C'], ['D', 'C', 'A', 'B']]","{'A': 5, 'D': 5, 'C': 3, 'B': 2}","[0.58, 1.0, 1.0]",4.25
95,"[2, 3, 4]","[3, 4, 4]","[0.46, 0.79, 0.88]","[['A', 'B', 'D', 'C'], ['D', 'A', 'C', 'B'], ['A', 'B', 'D', 'C']]","{'A': 5, 'D': 5, 'C': 3, 'B': 2}","[0.58, 1.0, 1.0]",4.25
95,"[2, 3, 4]","[3, 4, 4]","[0.46, 0.79, 0.88]","[['A', 'B', 'D', 'C'], ['D', 'A', 'C', 'B'], ['A', 'C', 'D', 'B']]","{'A': 5, 'D': 5, 'C': 4, 'B': 1}","[0.58, 1.0, 1.0]",4.25
95,"[2, 3, 4]","[3, 4, 4]","[0.46, 0.79, 0.88]","[['A', 'B', 'D', 'C'], ['D', 'A', 'C', 'B'], ['A', 'D', 'B', 'C']]","{'A': 5, 'D': 5, 'C': 3, 'B': 2}","[0.58, 1.0, 1.0]",4.25
95,"[2, 3, 4]","[3, 4, 4]","[0.46, 0.79, 0.88]","[['A', 'B', 'D', 'C'], ['D', 'A', 'C', 'B'], ['A', 'D', 'C', 'B']]","{'A': 5, 'D': 5, 'C': 4, 'B': 1}","[0.58, 1.0, 1.0]",4.25
95,"[2, 3, 4]","[3, 4, 4]","[0.46, 0.79, 0.88]","[['A', 'B', 'D', 'C'], ['D', 'A', 'C', 'B'], ['B', 'A', 'D', 'C']]","{'A': 5, 'D': 5, 'C': 3, 'B': 2}","[0.58, 1.0, 1.0]",4.25
95,"[2, 3, 4]","[3, 4, 4]","[0.46, 0.79, 0.88]","[['A', 'B', 'D', 'C'], ['D', 'A', 'C', 'B'], ['B', 'D', 'A', 'C']]","{'A': 5, 'D': 5, 'C': 3, 'B': 2}","[0.58, 1.0, 1.0]",4.25
95,"[2, 3, 4]","[3, 4, 4]","[0.46, 0.79, 0.88]","[['A', 'B', 'D', 'C'], ['D', 'A', 'C', 'B'], ['C', 'A', 'D', 'B']]","{'A': 5, 'D': 5, 'C': 4, 'B': 1}","[0.58, 1.0, 1.0]",4.25
95,"[2, 3, 4]","[3, 4, 4]","[0.46, 0.79, 0.88]","[['A', 'B', 'D', 'C'], ['D', 'A', 'C', 'B'], ['C', 'D', 'A', 'B']]","{'A': 5, 'D': 5, 'C': 4, 'B': 1}","[0.58, 1.0, 1.0]",4.25
95,"[2, 3, 4]","[3, 4, 4]","[0.46, 0.79, 0.88]","[['A', 'B', 'D', 'C'], ['D', 'A', 'C', 'B'], ['D', 'A', 'B', 'C']]","{'A': 5, 'D': 5, 'C': 3, 'B': 2}","[0.58, 1.0, 1.0]",4.25
95,"[2, 3, 4]","[3, 4, 4]","[0.46, 0.79, 0.88]","[['A', 'B', 'D', 'C'], ['D', 'A', 'C', 'B'], ['D', 'A', 'C', 'B']]","{'A': 5, 'D': 5, 'C': 4, 'B': 1}","[0.58, 1.0, 1.0]",4.25
95,"[2, 3, 4]","[3, 4, 4]","[0.46, 0.79, 0.88]","[['A', 'B', 'D', 'C'], ['D', 'A', 'C', 'B'], ['D', 'B', 'A', 'C']]","{'A': 5, 'D': 5, 'C': 3, 'B': 2}","[0.58, 1.0, 1.0]",4.25
95,"[2, 3, 4]","[3, 4, 4]","[0.46, 0.79, 0.88]","[['A', 'B', 'D', 'C'], ['D', 'A', 'C', 'B'], ['D', 'C', 'A', 'B']]","{'A': 5, 'D': 5, 'C': 4, 'B': 1}","[0.58, 1.0, 1.0]",4.25
95,"[2, 3, 4]","[3, 4, 4]","[0.46, 0.79, 0.88]","[['A', 'B', 'D', 'C'], ['D', 'B', 'A', 'C'], ['A', 'B', 'C', 'D']]","{'A': 5, 'D': 4, 'B': 3, 'C': 3}","[0.58, 1.0, 1.0]",4.0
95,"[2, 3, 4]","[3, 4, 4]","[0.46, 0.79, 0.88]","[['A', 'B', 'D', 'C'], ['D', 'B', 'A', 'C'], ['A', 'B', 'D', 'C']]","{'A': 5, 'D': 5, 'B': 3, 'C': 2}","[0.58, 1.0, 1.0]",4.0
95,"[2, 3, 4]","[3, 4, 4]","[0.46, 0.79, 0.88]","[['A', 'B', 'D', 'C'], ['D', 'B', 'A', 'C'], ['A', 'C', 'B', 'D']]","{'A': 5, 'D': 4, 'B': 3, 'C': 3}","[0.58, 1.0, 1.0]",4.0
95,"[2, 3, 4]","[3, 4, 4]","[0.46, 0.79, 0.88]","[['A', 'B', 'D', 'C'], ['D', 'B', 'A', 'C'], ['A', 'C', 'D', 'B']]","{'A': 5, 'D': 5, 'C': 3, 'B': 2}","[0.58, 1.0, 1.0]",4.25
95,"[2, 3, 4]","[3, 4, 4]","[0.46, 0.79, 0.88]","[['A', 'B', 'D', 'C'], ['D', 'B', 'A', 'C'], ['A', 'D', 'B', 'C']]","{'A': 5, 'D': 5, 'B': 3, 'C': 2}","[0.58, 1.0, 1.0]",4.0
95,"[2, 3, 4]","[3, 4, 4]","[0.46, 0.79, 0.88]","[['A', 'B', 'D', 'C'], ['D', 'B', 'A', 'C'], ['A', 'D', 'C', 'B']]","{'A': 5, 'D': 5, 'C': 3, 'B': 2}","[0.58, 1.0, 1.0]",4.25
95,"[2, 3, 4]","[3, 4, 4]","[0.46, 0.79, 0.88]","[['A', 'B', 'D', 'C'], ['D', 'B', 'A', 'C'], ['B', 'A', 'C', 'D']]","{'A': 5, 'D': 4, 'B': 3, 'C': 3}","[0.58, 1.0, 1.0]",4.0
95,"[2, 3, 4]","[3, 4, 4]","[0.46, 0.79, 0.88]","[['A', 'B', 'D', 'C'], ['D', 'B', 'A', 'C'], ['B', 'A', 'D', 'C']]","{'A': 5, 'D': 5, 'B': 3, 'C': 2}","[0.58, 1.0, 1.0]",4.0
95,"[2, 3, 4]","[3, 4, 4]","[0.46, 0.79, 0.88]","[['A', 'B', 'D', 'C'], ['D', 'B', 'A', 'C'], ['B', 'C', 'A', 'D']]","{'A': 5, 'D': 4, 'B': 3, 'C': 3}","[0.58, 1.0, 1.0]",4.0
95,"[2, 3, 4]","[3, 4, 4]","[0.46, 0.79, 0.88]","[['A', 'B', 'D', 'C'], ['D', 'B', 'A', 'C'], ['B', 'D', 'A', 'C']]","{'A': 5, 'D': 5, 'B': 3, 'C': 2}","[0.58, 1.0, 1.0]",4.0
95,"[2, 3, 4]","[3, 4, 4]","[0.46, 0.79, 0.88]","[['A', 'B', 'D', 'C'], ['D', 'B', 'A', 'C'], ['C', 'A', 'B', 'D']]","{'A': 5, 'D': 4, 'B': 3, 'C': 3}","[0.58, 1.0, 1.0]",4.0
95,"[2, 3, 4]","[3, 4, 4]","[0.46, 0.79, 0.88]","[['A', 'B', 'D', 'C'], ['D', 'B', 'A', 'C'], ['C', 'A', 'D', 'B']]","{'A': 5, 'D': 5, 'C': 3, 'B': 2}","[0.58, 1.0, 1.0]",4.25
95,"[2, 3, 4]","[3, 4, 4]","[0.46, 0.79, 0.88]","[['A', 'B', 'D', 'C'], ['D', 'B', 'A', 'C'], ['C', 'B', 'A', 'D']]","{'A': 5, 'D': 4, 'B': 3, 'C': 3}","[0.58, 1.0, 1.0]",4.0
95,"[2, 3, 4]","[3, 4, 4]","[0.46, 0.79, 0.88]","[['A', 'B', 'D', 'C'], ['D', 'B', 'A', 'C'], ['C', 'D', 'A', 'B']]","{'A': 5, 'D': 5, 'C': 3, 'B': 2}","[0.58, 1.0, 1.0]",4.25
95,"[2, 3, 4]","[3, 4, 4]","[0.46, 0.79, 0.88]","[['A', 'B', 'D', 'C'], ['D', 'B', 'A', 'C'], ['D', 'A', 'B', 'C']]","{'A': 5, 'D': 5, 'B': 3, 'C': 2}","[0.58, 1.0, 1.0]",4.0
95,"[2, 3, 4]","[3, 4, 4]","[0.46, 0.79, 0.88]","[['A', 'B', 'D', 'C'], ['D', 'B', 'A', 'C'], ['D', 'A', 'C', 'B']]","{'A': 5, 'D': 5, 'C': 3, 'B': 2}","[0.58, 1.0, 1.0]",4.25
95,"[2, 3, 4]","[3, 4, 4]","[0.46, 0.79, 0.88]","[['A', 'B', 'D', 'C'], ['D', 'B', 'A', 'C'], ['D', 'B', 'A', 'C']]","{'A': 5, 'D': 5, 'B': 3, 'C': 2}","[0.58, 1.0, 1.0]",4.0
95,"[2, 3, 4]","[3, 4, 4]","[0.46, 0.79, 0.88]","[['A', 'B', 'D', 'C'], ['D', 'B', 'A', 'C'], ['D', 'C', 'A', 'B']]","{'A': 5, 'D': 5, 'C': 3, 'B': 2}","[0.58, 1.0, 1.0]",4.25
95,"[2, 3, 4]","[3, 4, 4]","[0.46, 0.79, 0.88]","[['A', 'B', 'D', 'C'], ['D', 'C', 'A', 'B'], ['A', 'B', 'D', 'C']]","{'A': 5, 'D': 5, 'C': 3, 'B': 2}","[0.58, 1.0, 1.0]",4.25
95,"[2, 3, 4]","[3, 4, 4]","[0.46, 0.79, 0.88]","[['A', 'B', 'D', 'C'], ['D', 'C', 'A', 'B'], ['A', 'C', 'D', 'B']]","{'A': 5, 'D': 5, 'C': 4, 'B': 1}","[0.58, 1.0, 1.0]",4.25
95,"[2, 3, 4]","[3, 4, 4]","[0.46, 0.79, 0.88]","[['A', 'B', 'D', 'C'], ['D', 'C', 'A', 'B'], ['A', 'D', 'B', 'C']]","{'A': 5, 'D': 5, 'C': 3, 'B': 2}","[0.58, 1.0, 1.0]",4.25
95,"[2, 3, 4]","[3, 4, 4]","[0.46, 0.79, 0.88]","[['A', 'B', 'D', 'C'], ['D', 'C', 'A', 'B'], ['A', 'D', 'C', 'B']]","{'A': 5, 'D': 5, 'C': 4, 'B': 1}","[0.58, 1.0, 1.0]",4.25
95,"[2, 3, 4]","[3, 4, 4]","[0.46, 0.79, 0.88]","[['A', 'B', 'D', 'C'], ['D', 'C', 'A', 'B'], ['B', 'A', 'D', 'C']]","{'A': 5, 'D': 5, 'C': 3, 'B': 2}","[0.58, 1.0, 1.0]",4.25
95,"[2, 3, 4]","[3, 4, 4]","[0.46, 0.79, 0.88]","[['A', 'B', 'D', 'C'], ['D', 'C', 'A', 'B'], ['B', 'D', 'A', 'C']]","{'A': 5, 'D': 5, 'C': 3, 'B': 2}","[0.58, 1.0, 1.0]",4.25
95,"[2, 3, 4]","[3, 4, 4]","[0.46, 0.79, 0.88]","[['A', 'B', 'D', 'C'], ['D', 'C', 'A', 'B'], ['C', 'A', 'D', 'B']]","{'A': 5, 'D': 5, 'C': 4, 'B': 1}","[0.58, 1.0, 1.0]",4.25
95,"[2, 3, 4]","[3, 4, 4]","[0.46, 0.79, 0.88]","[['A', 'B', 'D', 'C'], ['D', 'C', 'A', 'B'], ['C', 'D', 'A', 'B']]","{'A': 5, 'D': 5, 'C': 4, 'B': 1}","[0.58, 1.0, 1.0]",4.25
95,"[2, 3, 4]","[3, 4, 4]","[0.46, 0.79, 0.88]","[['A', 'B', 'D', 'C'], ['D', 'C', 'A', 'B'], ['D', 'A', 'B', 'C']]","{'A': 5, 'D': 5, 'C': 3, 'B': 2}","[0.58, 1.0, 1.0]",4.25
95,"[2, 3, 4]","[3, 4, 4]","[0.46, 0.79, 0.88]","[['A', 'B', 'D', 'C'], ['D', 'C', 'A', 'B'], ['D', 'A', 'C', 'B']]","{'A': 5, 'D': 5, 'C': 4, 'B': 1}","[0.58, 1.0, 1.0]",4.25
95,"[2, 3, 4]","[3, 4, 4]","[0.46, 0.79, 0.88]","[['A', 'B', 'D', 'C'], ['D', 'C', 'A', 'B'], ['D', 'B', 'A', 'C']]","{'A': 5, 'D': 5, 'C': 3, 'B': 2}","[0.58, 1.0, 1.0]",4.25
95,"[2, 3, 4]","[3, 4, 4]","[0.46, 0.79, 0.88]","[['A', 'B', 'D', 'C'], ['D', 'C', 'A', 'B'], ['D', 'C', 'A', 'B']]","{'A': 5, 'D': 5, 'C': 4, 'B': 1}","[0.58, 1.0, 1.0]",4.25
95,"[2, 3, 4]","[3, 4, 4]","[0.46, 0.79, 0.88]","[['A', 'C', 'B', 'D'], ['A', 'B', 'D', 'C'], ['A', 'B', 'D', 'C']]","{'A': 5, 'D': 4, 'B': 3, 'C': 3}","[0.58, 1.0, 1.0]",4.0
95,"[2, 3, 4]","[3, 4, 4]","[0.46, 0.79, 0.88]","[['A', 'C', 'B', 'D'], ['A', 'B', 'D', 'C'], ['A', 'D', 'B', 'C']]","{'A': 5, 'D': 4, 'B': 3, 'C': 3}","[0.58, 1.0, 1.0]",4.0
95,"[2, 3, 4]","[3, 4, 4]","[0.46, 0.79, 0.88]","[['A', 'C', 'B', 'D'], ['A', 'B', 'D', 'C'], ['B', 'A', 'D', 'C']]","{'A': 5, 'D': 4, 'B': 3, 'C': 3}","[0.58, 1.0, 1.0]",4.0
95,"[2, 3, 4]","[3, 4, 4]","[0.46, 0.79, 0.88]","[['A', 'C', 'B', 'D'], ['A', 'B', 'D', 'C'], ['B', 'D', 'A', 'C']]","{'A': 5, 'D': 4, 'B': 3, 'C': 3}","[0.58, 1.0, 1.0]",4.0
95,"[2, 3, 4]","[3, 4, 4]","[0.46, 0.79, 0.88]","[['A', 'C', 'B', 'D'], ['A', 'B', 'D', 'C'], ['D', 'A', 'B', 'C']]","{'A': 5, 'D': 4, 'B': 3, 'C': 3}","[0.58, 1.0, 1.0]",4.0
95,"[2, 3, 4]","[3, 4, 4]","[0.46, 0.79, 0.88]","[['A', 'C', 'B', 'D'], ['A', 'B', 'D', 'C'], ['D', 'B', 'A', 'C']]","{'A': 5, 'D': 4, 'B': 3, 'C': 3}","[0.58, 1.0, 1.0]",4.0
95,"[2, 3, 4]","[3, 4, 4]","[0.46, 0.79, 0.88]","[['A', 'C', 'B', 'D'], ['A', 'D', 'B', 'C'], ['A', 'B', 'D', 'C']]","{'A': 5, 'D': 4, 'B': 3, 'C': 3}","[0.58, 1.0, 1.0]",4.0
95,"[2, 3, 4]","[3, 4, 4]","[0.46, 0.79, 0.88]","[['A', 'C', 'B', 'D'], ['A', 'D', 'B', 'C'], ['A', 'D', 'B', 'C']]","{'A': 5, 'D': 4, 'B': 3, 'C': 3}","[0.58, 1.0, 1.0]",4.0
95,"[2, 3, 4]","[3, 4, 4]","[0.46, 0.79, 0.88]","[['A', 'C', 'B', 'D'], ['A', 'D', 'B', 'C'], ['B', 'A', 'D', 'C']]","{'A': 5, 'D': 4, 'B': 3, 'C': 3}","[0.58, 1.0, 1.0]",4.0
95,"[2, 3, 4]","[3, 4, 4]","[0.46, 0.79, 0.88]","[['A', 'C', 'B', 'D'], ['A', 'D', 'B', 'C'], ['B', 'D', 'A', 'C']]","{'A': 5, 'D': 4, 'B': 3, 'C': 3}","[0.58, 1.0, 1.0]",4.0
95,"[2, 3, 4]","[3, 4, 4]","[0.46, 0.79, 0.88]","[['A', 'C', 'B', 'D'], ['A', 'D', 'B', 'C'], ['D', 'A', 'B', 'C']]","{'A': 5, 'D': 4, 'B': 3, 'C': 3}","[0.58, 1.0, 1.0]",4.0
95,"[2, 3, 4]","[3, 4, 4]","[0.46, 0.79, 0.88]","[['A', 'C', 'B', 'D'], ['A', 'D', 'B', 'C'], ['D', 'B', 'A', 'C']]","{'A': 5, 'D': 4, 'B': 3, 'C': 3}","[0.58, 1.0, 1.0]",4.0
95,"[2, 3, 4]","[3, 4, 4]","[0.46, 0.79, 0.88]","[['A', 'C', 'B', 'D'], ['B', 'A', 'D', 'C'], ['A', 'B', 'D', 'C']]","{'A': 5, 'D': 4, 'B': 3, 'C': 3}","[0.58, 1.0, 1.0]",4.0
95,"[2, 3, 4]","[3, 4, 4]","[0.46, 0.79, 0.88]","[['A', 'C', 'B', 'D'], ['B', 'A', 'D', 'C'], ['A', 'D', 'B', 'C']]","{'A': 5, 'D': 4, 'B': 3, 'C': 3}","[0.58, 1.0, 1.0]",4.0
95,"[2, 3, 4]","[3, 4, 4]","[0.46, 0.79, 0.88]","[['A', 'C', 'B', 'D'], ['B', 'A', 'D', 'C'], ['B', 'A', 'D', 'C']]","{'A': 5, 'D': 4, 'B': 3, 'C': 3}","[0.58, 1.0, 1.0]",4.0
95,"[2, 3, 4]","[3, 4, 4]","[0.46, 0.79, 0.88]","[['A', 'C', 'B', 'D'], ['B', 'A', 'D', 'C'], ['B', 'D', 'A', 'C']]","{'A': 5, 'D': 4, 'B': 3, 'C': 3}","[0.58, 1.0, 1.0]",4.0
95,"[2, 3, 4]","[3, 4, 4]","[0.46, 0.79, 0.88]","[['A', 'C', 'B', 'D'], ['B', 'A', 'D', 'C'], ['D', 'A', 'B', 'C']]","{'A': 5, 'D': 4, 'B': 3, 'C': 3}","[0.58, 1.0, 1.0]",4.0
95,"[2, 3, 4]","[3, 4, 4]","[0.46, 0.79, 0.88]","[['A', 'C', 'B', 'D'], ['B', 'A', 'D', 'C'], ['D', 'B', 'A', 'C']]","{'A': 5, 'D': 4, 'B': 3, 'C': 3}","[0.58, 1.0, 1.0]",4.0
95,"[2, 3, 4]","[3, 4, 4]","[0.46, 0.79, 0.88]","[['A', 'C', 'B', 'D'], ['B', 'D', 'A', 'C'], ['A', 'B', 'D', 'C']]","{'A': 5, 'D': 4, 'B': 3, 'C': 3}","[0.58, 1.0, 1.0]",4.0
95,"[2, 3, 4]","[3, 4, 4]","[0.46, 0.79, 0.88]","[['A', 'C', 'B', 'D'], ['B', 'D', 'A', 'C'], ['A', 'D', 'B', 'C']]","{'A': 5, 'D': 4, 'B': 3, 'C': 3}","[0.58, 1.0, 1.0]",4.0
95,"[2, 3, 4]","[3, 4, 4]","[0.46, 0.79, 0.88]","[['A', 'C', 'B', 'D'], ['B', 'D', 'A', 'C'], ['B', 'A', 'D', 'C']]","{'A': 5, 'D': 4, 'B': 3, 'C': 3}","[0.58, 1.0, 1.0]",4.0
95,"[2, 3, 4]","[3, 4, 4]","[0.46, 0.79, 0.88]","[['A', 'C', 'B', 'D'], ['B', 'D', 'A', 'C'], ['B', 'D', 'A', 'C']]","{'A': 5, 'D': 4, 'B': 3, 'C': 3}","[0.58, 1.0, 1.0]",4.0
95,"[2, 3, 4]","[3, 4, 4]","[0.46, 0.79, 0.88]","[['A', 'C', 'B', 'D'], ['B', 'D', 'A', 'C'], ['D', 'A', 'B', 'C']]","{'A': 5, 'D': 4, 'B': 3, 'C': 3}","[0.58, 1.0, 1.0]",4.0
95,"[2, 3, 4]","[3, 4, 4]","[0.46, 0.79, 0.88]","[['A', 'C', 'B', 'D'], ['B', 'D', 'A', 'C'], ['D', 'B', 'A', 'C']]","{'A': 5, 'D': 4, 'B': 3, 'C': 3}","[0.58, 1.0, 1.0]",4.0
95,"[2, 3, 4]","[3, 4, 4]","[0.46, 0.79, 0.88]","[['A', 'C', 'B', 'D'], ['D', 'A', 'B', 'C'], ['A', 'B', 'D', 'C']]","{'A': 5, 'D': 4, 'B': 3, 'C': 3}","[0.58, 1.0, 1.0]",4.0
95,"[2, 3, 4]","[3, 4, 4]","[0.46, 0.79, 0.88]","[['A', 'C', 'B', 'D'], ['D', 'A', 'B', 'C'], ['A', 'D', 'B', 'C']]","{'A': 5, 'D': 4, 'B': 3, 'C': 3}","[0.58, 1.0, 1.0]",4.0
95,"[2, 3, 4]","[3, 4, 4]","[0.46, 0.79, 0.88]","[['A', 'C', 'B', 'D'], ['D', 'A', 'B', 'C'], ['B', 'A', 'D', 'C']]","{'A': 5, 'D': 4, 'B': 3, 'C': 3}","[0.58, 1.0, 1.0]",4.0
95,"[2, 3, 4]","[3, 4, 4]","[0.46, 0.79, 0.88]","[['A', 'C', 'B', 'D'], ['D', 'A', 'B', 'C'], ['B', 'D', 'A', 'C']]","{'A': 5, 'D': 4, 'B': 3, 'C': 3}","[0.58, 1.0, 1.0]",4.0
95,"[2, 3, 4]","[3, 4, 4]","[0.46, 0.79, 0.88]","[['A', 'C', 'B', 'D'], ['D', 'A', 'B', 'C'], ['D', 'A', 'B', 'C']]","{'A': 5, 'D': 4, 'B': 3, 'C': 3}","[0.58, 1.0, 1.0]",4.0
95,"[2, 3, 4]","[3, 4, 4]","[0.46, 0.79, 0.88]","[['A', 'C', 'B', 'D'], ['D', 'A', 'B', 'C'], ['D', 'B', 'A', 'C']]","{'A': 5, 'D': 4, 'B': 3, 'C': 3}","[0.58, 1.0, 1.0]",4.0
95,"[2, 3, 4]","[3, 4, 4]","[0.46, 0.79, 0.88]","[['A', 'C', 'B', 'D'], ['D', 'B', 'A', 'C'], ['A', 'B', 'D', 'C']]","{'A': 5, 'D': 4, 'B': 3, 'C': 3}","[0.58, 1.0, 1.0]",4.0
95,"[2, 3, 4]","[3, 4, 4]","[0.46, 0.79, 0.88]","[['A', 'C', 'B', 'D'], ['D', 'B', 'A', 'C'], ['A', 'D', 'B', 'C']]","{'A': 5, 'D': 4, 'B': 3, 'C': 3}","[0.58, 1.0, 1.0]",4.0
95,"[2, 3, 4]","[3, 4, 4]","[0.46, 0.79, 0.88]","[['A', 'C', 'B', 'D'], ['D', 'B', 'A', 'C'], ['B', 'A', 'D', 'C']]","{'A': 5, 'D': 4, 'B': 3, 'C': 3}","[0.58, 1.0, 1.0]",4.0
95,"[2, 3, 4]","[3, 4, 4]","[0.46, 0.79, 0.88]","[['A', 'C', 'B', 'D'], ['D', 'B', 'A', 'C'], ['B', 'D', 'A', 'C']]","{'A': 5, 'D': 4, 'B': 3, 'C': 3}","[0.58, 1.0, 1.0]",4.0
95,"[2, 3, 4]","[3, 4, 4]","[0.46, 0.79, 0.88]","[['A', 'C', 'B', 'D'], ['D', 'B', 'A', 'C'], ['D', 'A', 'B', 'C']]","{'A': 5, 'D': 4, 'B': 3, 'C': 3}","[0.58, 1.0, 1.0]",4.0
95,"[2, 3, 4]","[3, 4, 4]","[0.46, 0.79, 0.88]","[['A', 'C', 'B', 'D'], ['D', 'B', 'A', 'C'], ['D', 'B', 'A', 'C']]","{'A': 5, 'D': 4, 'B': 3, 'C': 3}","[0.58, 1.0, 1.0]",4.0
95,"[2, 3, 4]","[3, 4, 4]","[0.46, 0.79, 0.88]","[['A', 'C', 'D', 'B'], ['A', 'B', 'D', 'C'], ['A', 'B', 'D', 'C']]","{'A': 5, 'D': 5, 'C': 3, 'B': 2}","[0.58, 1.0, 1.0]",4.25
95,"[2, 3, 4]","[3, 4, 4]","[0.46, 0.79, 0.88]","[['A', 'C', 'D', 'B'], ['A', 'B', 'D', 'C'], ['A', 'C', 'D', 'B']]","{'A': 5, 'D': 5, 'C': 4, 'B': 1}","[0.58, 1.0, 1.0]",4.25
95,"[2, 3, 4]","[3, 4, 4]","[0.46, 0.79, 0.88]","[['A', 'C', 'D', 'B'], ['A', 'B', 'D', 'C'], ['A', 'D', 'B', 'C']]","{'A': 5, 'D': 5, 'C': 3, 'B': 2}","[0.58, 1.0, 1.0]",4.25
95,"[2, 3, 4]","[3, 4, 4]","[0.46, 0.79, 0.88]","[['A', 'C', 'D', 'B'], ['A', 'B', 'D', 'C'], ['A', 'D', 'C', 'B']]","{'A': 5, 'D': 5, 'C': 4, 'B': 1}","[0.58, 1.0, 1.0]",4.25
95,"[2, 3, 4]","[3, 4, 4]","[0.46, 0.79, 0.88]","[['A', 'C', 'D', 'B'], ['A', 'B', 'D', 'C'], ['B', 'A', 'D', 'C']]","{'A': 5, 'D': 5, 'C': 3, 'B': 2}","[0.58, 1.0, 1.0]",4.25
95,"[2, 3, 4]","[3, 4, 4]","[0.46, 0.79, 0.88]","[['A', 'C', 'D', 'B'], ['A', 'B', 'D', 'C'], ['B', 'D', 'A', 'C']]","{'A': 5, 'D': 5, 'C': 3, 'B': 2}","[0.58, 1.0, 1.0]",4.25
95,"[2, 3, 4]","[3, 4, 4]","[0.46, 0.79, 0.88]","[['A', 'C', 'D', 'B'], ['A', 'B', 'D', 'C'], ['C', 'A', 'D', 'B']]","{'A': 5, 'D': 5, 'C': 4, 'B': 1}","[0.58, 1.0, 1.0]",4.25
95,"[2, 3, 4]","[3, 4, 4]","[0.46, 0.79, 0.88]","[['A', 'C', 'D', 'B'], ['A', 'B', 'D', 'C'], ['C', 'D', 'A', 'B']]","{'A': 5, 'D': 5, 'C': 4, 'B': 1}","[0.58, 1.0, 1.0]",4.25
95,"[2, 3, 4]","[3, 4, 4]","[0.46, 0.79, 0.88]","[['A', 'C', 'D', 'B'], ['A', 'B', 'D', 'C'], ['D', 'A', 'B', 'C']]","{'A': 5, 'D': 5, 'C': 3, 'B': 2}","[0.58, 1.0, 1.0]",4.25
95,"[2, 3, 4]","[3, 4, 4]","[0.46, 0.79, 0.88]","[['A', 'C', 'D', 'B'], ['A', 'B', 'D', 'C'], ['D', 'A', 'C', 'B']]","{'A': 5, 'D': 5, 'C': 4, 'B': 1}","[0.58, 1.0, 1.0]",4.25
95,"[2, 3, 4]","[3, 4, 4]","[0.46, 0.79, 0.88]","[['A', 'C', 'D', 'B'], ['A', 'B', 'D', 'C'], ['D', 'B', 'A', 'C']]","{'A': 5, 'D': 5, 'C': 3, 'B': 2}","[0.58, 1.0, 1.0]",4.25
95,"[2, 3, 4]","[3, 4, 4]","[0.46, 0.79, 0.88]","[['A', 'C', 'D', 'B'], ['A', 'B', 'D', 'C'], ['D', 'C', 'A', 'B']]","{'A': 5, 'D': 5, 'C': 4, 'B': 1}","[0.58, 1.0, 1.0]",4.25
95,"[2, 3, 4]","[3, 4, 4]","[0.46, 0.79, 0.88]","[['A', 'C', 'D', 'B'], ['A', 'C', 'D', 'B'], ['A', 'B', 'D', 'C']]","{'A': 5, 'D': 5, 'C': 4, 'B': 1}","[0.58, 1.0, 1.0]",4.25
95,"[2, 3, 4]","[3, 4, 4]","[0.46, 0.79, 0.88]","[['A', 'C', 'D', 'B'], ['A', 'C', 'D', 'B'], ['A', 'D', 'B', 'C']]","{'A': 5, 'D': 5, 'C': 4, 'B': 1}","[0.58, 1.0, 1.0]",4.25
95,"[2, 3, 4]","[3, 4, 4]","[0.46, 0.79, 0.88]","[['A', 'C', 'D', 'B'], ['A', 'C', 'D', 'B'], ['B', 'A', 'D', 'C']]","{'A': 5, 'D': 5, 'C': 4, 'B': 1}","[0.58, 1.0, 1.0]",4.25
95,"[2, 3, 4]","[3, 4, 4]","[0.46, 0.79, 0.88]","[['A', 'C', 'D', 'B'], ['A', 'C', 'D', 'B'], ['B', 'D', 'A', 'C']]","{'A': 5, 'D': 5, 'C': 4, 'B': 1}","[0.58, 1.0, 1.0]",4.25
95,"[2, 3, 4]","[3, 4, 4]","[0.46, 0.79, 0.88]","[['A', 'C', 'D', 'B'], ['A', 'C', 'D', 'B'], ['D', 'A', 'B', 'C']]","{'A': 5, 'D': 5, 'C': 4, 'B': 1}","[0.58, 1.0, 1.0]",4.25
95,"[2, 3, 4]","[3, 4, 4]","[0.46, 0.79, 0.88]","[['A', 'C', 'D', 'B'], ['A', 'C', 'D', 'B'], ['D', 'B', 'A', 'C']]","{'A': 5, 'D': 5, 'C': 4, 'B': 1}","[0.58, 1.0, 1.0]",4.25
95,"[2, 3, 4]","[3, 4, 4]","[0.46, 0.79, 0.88]","[['A', 'C', 'D', 'B'], ['A', 'D', 'B', 'C'], ['A', 'B', 'D', 'C']]","{'A': 5, 'D': 5, 'C': 3, 'B': 2}","[0.58, 1.0, 1.0]",4.25
95,"[2, 3, 4]","[3, 4, 4]","[0.46, 0.79, 0.88]","[['A', 'C', 'D', 'B'], ['A', 'D', 'B', 'C'], ['A', 'C', 'D', 'B']]","{'A': 5, 'D': 5, 'C': 4, 'B': 1}","[0.58, 1.0, 1.0]",4.25
95,"[2, 3, 4]","[3, 4, 4]","[0.46, 0.79, 0.88]","[['A', 'C', 'D', 'B'], ['A', 'D', 'B', 'C'], ['A', 'D', 'B', 'C']]","{'A': 5, 'D': 5, 'C': 3, 'B': 2}","[0.58, 1.0, 1.0]",4.25
95,"[2, 3, 4]","[3, 4, 4]","[0.46, 0.79, 0.88]","[['A', 'C', 'D', 'B'], ['A', 'D', 'B', 'C'], ['A', 'D', 'C', 'B']]","{'A': 5, 'D': 5, 'C': 4, 'B': 1}","[0.58, 1.0, 1.0]",4.25
95,"[2, 3, 4]","[3, 4, 4]","[0.46, 0.79, 0.88]","[['A', 'C', 'D', 'B'], ['A', 'D', 'B', 'C'], ['B', 'A', 'D', 'C']]","{'A': 5, 'D': 5, 'C': 3, 'B': 2}","[0.58, 1.0, 1.0]",4.25
95,"[2, 3, 4]","[3, 4, 4]","[0.46, 0.79, 0.88]","[['A', 'C', 'D', 'B'], ['A', 'D', 'B', 'C'], ['B', 'D', 'A', 'C']]","{'A': 5, 'D': 5, 'C': 3, 'B': 2}","[0.58, 1.0, 1.0]",4.25
95,"[2, 3, 4]","[3, 4, 4]","[0.46, 0.79, 0.88]","[['A', 'C', 'D', 'B'], ['A', 'D', 'B', 'C'], ['C', 'A', 'D', 'B']]","{'A': 5, 'D': 5, 'C': 4, 'B': 1}","[0.58, 1.0, 1.0]",4.25
95,"[2, 3, 4]","[3, 4, 4]","[0.46, 0.79, 0.88]","[['A', 'C', 'D', 'B'], ['A', 'D', 'B', 'C'], ['C', 'D', 'A', 'B']]","{'A': 5, 'D': 5, 'C': 4, 'B': 1}","[0.58, 1.0, 1.0]",4.25
95,"[2, 3, 4]","[3, 4, 4]","[0.46, 0.79, 0.88]","[['A', 'C', 'D', 'B'], ['A', 'D', 'B', 'C'], ['D', 'A', 'B', 'C']]","{'A': 5, 'D': 5, 'C': 3, 'B': 2}","[0.58, 1.0, 1.0]",4.25
95,"[2, 3, 4]","[3, 4, 4]","[0.46, 0.79, 0.88]","[['A', 'C', 'D', 'B'], ['A', 'D', 'B', 'C'], ['D', 'A', 'C', 'B']]","{'A': 5, 'D': 5, 'C': 4, 'B': 1}","[0.58, 1.0, 1.0]",4.25
95,"[2, 3, 4]","[3, 4, 4]","[0.46, 0.79, 0.88]","[['A', 'C', 'D', 'B'], ['A', 'D', 'B', 'C'], ['D', 'B', 'A', 'C']]","{'A': 5, 'D': 5, 'C': 3, 'B': 2}","[0.58, 1.0, 1.0]",4.25
95,"[2, 3, 4]","[3, 4, 4]","[0.46, 0.79, 0.88]","[['A', 'C', 'D', 'B'], ['A', 'D', 'B', 'C'], ['D', 'C', 'A', 'B']]","{'A': 5, 'D': 5, 'C': 4, 'B': 1}","[0.58, 1.0, 1.0]",4.25
95,"[2, 3, 4]","[3, 4, 4]","[0.46, 0.79, 0.88]","[['A', 'C', 'D', 'B'], ['A', 'D', 'C', 'B'], ['A', 'B', 'D', 'C']]","{'A': 5, 'D': 5, 'C': 4, 'B': 1}","[0.58, 1.0, 1.0]",4.25
95,"[2, 3, 4]","[3, 4, 4]","[0.46, 0.79, 0.88]","[['A', 'C', 'D', 'B'], ['A', 'D', 'C', 'B'], ['A', 'D', 'B', 'C']]","{'A': 5, 'D': 5, 'C': 4, 'B': 1}","[0.58, 1.0, 1.0]",4.25
95,"[2, 3, 4]","[3, 4, 4]","[0.46, 0.79, 0.88]","[['A', 'C', 'D', 'B'], ['A', 'D', 'C', 'B'], ['B', 'A', 'D', 'C']]","{'A': 5, 'D': 5, 'C': 4, 'B': 1}","[0.58, 1.0, 1.0]",4.25
95,"[2, 3, 4]","[3, 4, 4]","[0.46, 0.79, 0.88]","[['A', 'C', 'D', 'B'], ['A', 'D', 'C', 'B'], ['B', 'D', 'A', 'C']]","{'A': 5, 'D': 5, 'C': 4, 'B': 1}","[0.58, 1.0, 1.0]",4.25
95,"[2, 3, 4]","[3, 4, 4]","[0.46, 0.79, 0.88]","[['A', 'C', 'D', 'B'], ['A', 'D', 'C', 'B'], ['D', 'A', 'B', 'C']]","{'A': 5, 'D': 5, 'C': 4, 'B': 1}","[0.58, 1.0, 1.0]",4.25
95,"[2, 3, 4]","[3, 4, 4]","[0.46, 0.79, 0.88]","[['A', 'C', 'D', 'B'], ['A', 'D', 'C', 'B'], ['D', 'B', 'A', 'C']]","{'A': 5, 'D': 5, 'C': 4, 'B': 1}","[0.58, 1.0, 1.0]",4.25
95,"[2, 3, 4]","[3, 4, 4]","[0.46, 0.79, 0.88]","[['A', 'C', 'D', 'B'], ['B', 'A', 'D', 'C'], ['A', 'B', 'D', 'C']]","{'A': 5, 'D': 5, 'C': 3, 'B': 2}","[0.58, 1.0, 1.0]",4.25
95,"[2, 3, 4]","[3, 4, 4]","[0.46, 0.79, 0.88]","[['A', 'C', 'D', 'B'], ['B', 'A', 'D', 'C'], ['A', 'C', 'D', 'B']]","{'A': 5, 'D': 5, 'C': 4, 'B': 1}","[0.58, 1.0, 1.0]",4.25
95,"[2, 3, 4]","[3, 4, 4]","[0.46, 0.79, 0.88]","[['A', 'C', 'D', 'B'], ['B', 'A', 'D', 'C'], ['A', 'D', 'B', 'C']]","{'A': 5, 'D': 5, 'C': 3, 'B': 2}","[0.58, 1.0, 1.0]",4.25
95,"[2, 3, 4]","[3, 4, 4]","[0.46, 0.79, 0.88]","[['A', 'C', 'D', 'B'], ['B', 'A', 'D', 'C'], ['A', 'D', 'C', 'B']]","{'A': 5, 'D': 5, 'C': 4, 'B': 1}","[0.58, 1.0, 1.0]",4.25
95,"[2, 3, 4]","[3, 4, 4]","[0.46, 0.79, 0.88]","[['A', 'C', 'D', 'B'], ['B', 'A', 'D', 'C'], ['B', 'A', 'D', 'C']]","{'A': 5, 'D': 5, 'C': 3, 'B': 2}","[0.58, 1.0, 1.0]",4.25
95,"[2, 3, 4]","[3, 4, 4]","[0.46, 0.79, 0.88]","[['A', 'C', 'D', 'B'], ['B', 'A', 'D', 'C'], ['B', 'D', 'A', 'C']]","{'A': 5, 'D': 5, 'C': 3, 'B': 2}","[0.58, 1.0, 1.0]",4.25
95,"[2, 3, 4]","[3, 4, 4]","[0.46, 0.79, 0.88]","[['A', 'C', 'D', 'B'], ['B', 'A', 'D', 'C'], ['C', 'A', 'D', 'B']]","{'A': 5, 'D': 5, 'C': 4, 'B': 1}","[0.58, 1.0, 1.0]",4.25
95,"[2, 3, 4]","[3, 4, 4]","[0.46, 0.79, 0.88]","[['A', 'C', 'D', 'B'], ['B', 'A', 'D', 'C'], ['C', 'D', 'A', 'B']]","{'A': 5, 'D': 5, 'C': 4, 'B': 1}","[0.58, 1.0, 1.0]",4.25
95,"[2, 3, 4]","[3, 4, 4]","[0.46, 0.79, 0.88]","[['A', 'C', 'D', 'B'], ['B', 'A', 'D', 'C'], ['D', 'A', 'B', 'C']]","{'A': 5, 'D': 5, 'C': 3, 'B': 2}","[0.58, 1.0, 1.0]",4.25
95,"[2, 3, 4]","[3, 4, 4]","[0.46, 0.79, 0.88]","[['A', 'C', 'D', 'B'], ['B', 'A', 'D', 'C'], ['D', 'A', 'C', 'B']]","{'A': 5, 'D': 5, 'C': 4, 'B': 1}","[0.58, 1.0, 1.0]",4.25
95,"[2, 3, 4]","[3, 4, 4]","[0.46, 0.79, 0.88]","[['A', 'C', 'D', 'B'], ['B', 'A', 'D', 'C'], ['D', 'B', 'A', 'C']]","{'A': 5, 'D': 5, 'C': 3, 'B': 2}","[0.58, 1.0, 1.0]",4.25
95,"[2, 3, 4]","[3, 4, 4]","[0.46, 0.79, 0.88]","[['A', 'C', 'D', 'B'], ['B', 'A', 'D', 'C'], ['D', 'C', 'A', 'B']]","{'A': 5, 'D': 5, 'C': 4, 'B': 1}","[0.58, 1.0, 1.0]",4.25
95,"[2, 3, 4]","[3, 4, 4]","[0.46, 0.79, 0.88]","[['A', 'C', 'D', 'B'], ['B', 'D', 'A', 'C'], ['A', 'B', 'D', 'C']]","{'A': 5, 'D': 5, 'C': 3, 'B': 2}","[0.58, 1.0, 1.0]",4.25
95,"[2, 3, 4]","[3, 4, 4]","[0.46, 0.79, 0.88]","[['A', 'C', 'D', 'B'], ['B', 'D', 'A', 'C'], ['A', 'C', 'D', 'B']]","{'A': 5, 'D': 5, 'C': 4, 'B': 1}","[0.58, 1.0, 1.0]",4.25
95,"[2, 3, 4]","[3, 4, 4]","[0.46, 0.79, 0.88]","[['A', 'C', 'D', 'B'], ['B', 'D', 'A', 'C'], ['A', 'D', 'B', 'C']]","{'A': 5, 'D': 5, 'C': 3, 'B': 2}","[0.58, 1.0, 1.0]",4.25
95,"[2, 3, 4]","[3, 4, 4]","[0.46, 0.79, 0.88]","[['A', 'C', 'D', 'B'], ['B', 'D', 'A', 'C'], ['A', 'D', 'C', 'B']]","{'A': 5, 'D': 5, 'C': 4, 'B': 1}","[0.58, 1.0, 1.0]",4.25
95,"[2, 3, 4]","[3, 4, 4]","[0.46, 0.79, 0.88]","[['A', 'C', 'D', 'B'], ['B', 'D', 'A', 'C'], ['B', 'A', 'D', 'C']]","{'A': 5, 'D': 5, 'C': 3, 'B': 2}","[0.58, 1.0, 1.0]",4.25
95,"[2, 3, 4]","[3, 4, 4]","[0.46, 0.79, 0.88]","[['A', 'C', 'D', 'B'], ['B', 'D', 'A', 'C'], ['B', 'D', 'A', 'C']]","{'A': 5, 'D': 5, 'C': 3, 'B': 2}","[0.58, 1.0, 1.0]",4.25
95,"[2, 3, 4]","[3, 4, 4]","[0.46, 0.79, 0.88]","[['A', 'C', 'D', 'B'], ['B', 'D', 'A', 'C'], ['C', 'A', 'D', 'B']]","{'A': 5, 'D': 5, 'C': 4, 'B': 1}","[0.58, 1.0, 1.0]",4.25
95,"[2, 3, 4]","[3, 4, 4]","[0.46, 0.79, 0.88]","[['A', 'C', 'D', 'B'], ['B', 'D', 'A', 'C'], ['C', 'D', 'A', 'B']]","{'A': 5, 'D': 5, 'C': 4, 'B': 1}","[0.58, 1.0, 1.0]",4.25
95,"[2, 3, 4]","[3, 4, 4]","[0.46, 0.79, 0.88]","[['A', 'C', 'D', 'B'], ['B', 'D', 'A', 'C'], ['D', 'A', 'B', 'C']]","{'A': 5, 'D': 5, 'C': 3, 'B': 2}","[0.58, 1.0, 1.0]",4.25
95,"[2, 3, 4]","[3, 4, 4]","[0.46, 0.79, 0.88]","[['A', 'C', 'D', 'B'], ['B', 'D', 'A', 'C'], ['D', 'A', 'C', 'B']]","{'A': 5, 'D': 5, 'C': 4, 'B': 1}","[0.58, 1.0, 1.0]",4.25
95,"[2, 3, 4]","[3, 4, 4]","[0.46, 0.79, 0.88]","[['A', 'C', 'D', 'B'], ['B', 'D', 'A', 'C'], ['D', 'B', 'A', 'C']]","{'A': 5, 'D': 5, 'C': 3, 'B': 2}","[0.58, 1.0, 1.0]",4.25
95,"[2, 3, 4]","[3, 4, 4]","[0.46, 0.79, 0.88]","[['A', 'C', 'D', 'B'], ['B', 'D', 'A', 'C'], ['D', 'C', 'A', 'B']]","{'A': 5, 'D': 5, 'C': 4, 'B': 1}","[0.58, 1.0, 1.0]",4.25
95,"[2, 3, 4]","[3, 4, 4]","[0.46, 0.79, 0.88]","[['A', 'C', 'D', 'B'], ['C', 'A', 'D', 'B'], ['A', 'B', 'D', 'C']]","{'A': 5, 'D': 5, 'C': 4, 'B': 1}","[0.58, 1.0, 1.0]",4.25
95,"[2, 3, 4]","[3, 4, 4]","[0.46, 0.79, 0.88]","[['A', 'C', 'D', 'B'], ['C', 'A', 'D', 'B'], ['A', 'D', 'B', 'C']]","{'A': 5, 'D': 5, 'C': 4, 'B': 1}","[0.58, 1.0, 1.0]",4.25
95,"[2, 3, 4]","[3, 4, 4]","[0.46, 0.79, 0.88]","[['A', 'C', 'D', 'B'], ['C', 'A', 'D', 'B'], ['B', 'A', 'D', 'C']]","{'A': 5, 'D': 5, 'C': 4, 'B': 1}","[0.58, 1.0, 1.0]",4.25
95,"[2, 3, 4]","[3, 4, 4]","[0.46, 0.79, 0.88]","[['A', 'C', 'D', 'B'], ['C', 'A', 'D', 'B'], ['B', 'D', 'A', 'C']]","{'A': 5, 'D': 5, 'C': 4, 'B': 1}","[0.58, 1.0, 1.0]",4.25
95,"[2, 3, 4]","[3, 4, 4]","[0.46, 0.79, 0.88]","[['A', 'C', 'D', 'B'], ['C', 'A', 'D', 'B'], ['D', 'A', 'B', 'C']]","{'A': 5, 'D': 5, 'C': 4, 'B': 1}","[0.58, 1.0, 1.0]",4.25
95,"[2, 3, 4]","[3, 4, 4]","[0.46, 0.79, 0.88]","[['A', 'C', 'D', 'B'], ['C', 'A', 'D', 'B'], ['D', 'B', 'A', 'C']]","{'A': 5, 'D': 5, 'C': 4, 'B': 1}","[0.58, 1.0, 1.0]",4.25
95,"[2, 3, 4]","[3, 4, 4]","[0.46, 0.79, 0.88]","[['A', 'C', 'D', 'B'], ['C', 'D', 'A', 'B'], ['A', 'B', 'D', 'C']]","{'A': 5, 'D': 5, 'C': 4, 'B': 1}","[0.58, 1.0, 1.0]",4.25
95,"[2, 3, 4]","[3, 4, 4]","[0.46, 0.79, 0.88]","[['A', 'C', 'D', 'B'], ['C', 'D', 'A', 'B'], ['A', 'D', 'B', 'C']]","{'A': 5, 'D': 5, 'C': 4, 'B': 1}","[0.58, 1.0, 1.0]",4.25
95,"[2, 3, 4]","[3, 4, 4]","[0.46, 0.79, 0.88]","[['A', 'C', 'D', 'B'], ['C', 'D', 'A', 'B'], ['B', 'A', 'D', 'C']]","{'A': 5, 'D': 5, 'C': 4, 'B': 1}","[0.58, 1.0, 1.0]",4.25
95,"[2, 3, 4]","[3, 4, 4]","[0.46, 0.79, 0.88]","[['A', 'C', 'D', 'B'], ['C', 'D', 'A', 'B'], ['B', 'D', 'A', 'C']]","{'A': 5, 'D': 5, 'C': 4, 'B': 1}","[0.58, 1.0, 1.0]",4.25
95,"[2, 3, 4]","[3, 4, 4]","[0.46, 0.79, 0.88]","[['A', 'C', 'D', 'B'], ['C', 'D', 'A', 'B'], ['D', 'A', 'B', 'C']]","{'A': 5, 'D': 5, 'C': 4, 'B': 1}","[0.58, 1.0, 1.0]",4.25
95,"[2, 3, 4]","[3, 4, 4]","[0.46, 0.79, 0.88]","[['A', 'C', 'D', 'B'], ['C', 'D', 'A', 'B'], ['D', 'B', 'A', 'C']]","{'A': 5, 'D': 5, 'C': 4, 'B': 1}","[0.58, 1.0, 1.0]",4.25
95,"[2, 3, 4]","[3, 4, 4]","[0.46, 0.79, 0.88]","[['A', 'C', 'D', 'B'], ['D', 'A', 'B', 'C'], ['A', 'B', 'D', 'C']]","{'A': 5, 'D': 5, 'C': 3, 'B': 2}","[0.58, 1.0, 1.0]",4.25
95,"[2, 3, 4]","[3, 4, 4]","[0.46, 0.79, 0.88]","[['A', 'C', 'D', 'B'], ['D', 'A', 'B', 'C'], ['A', 'C', 'D', 'B']]","{'A': 5, 'D': 5, 'C': 4, 'B': 1}","[0.58, 1.0, 1.0]",4.25
95,"[2, 3, 4]","[3, 4, 4]","[0.46, 0.79, 0.88]","[['A', 'C', 'D', 'B'], ['D', 'A', 'B', 'C'], ['A', 'D', 'B', 'C']]","{'A': 5, 'D': 5, 'C': 3, 'B': 2}","[0.58, 1.0, 1.0]",4.25
95,"[2, 3, 4]","[3, 4, 4]","[0.46, 0.79, 0.88]","[['A', 'C', 'D', 'B'], ['D', 'A', 'B', 'C'], ['A', 'D', 'C', 'B']]","{'A': 5, 'D': 5, 'C': 4, 'B': 1}","[0.58, 1.0, 1.0]",4.25
95,"[2, 3, 4]","[3, 4, 4]","[0.46, 0.79, 0.88]","[['A', 'C', 'D', 'B'], ['D', 'A', 'B', 'C'], ['B', 'A', 'D', 'C']]","{'A': 5, 'D': 5, 'C': 3, 'B': 2}","[0.58, 1.0, 1.0]",4.25
95,"[2, 3, 4]","[3, 4, 4]","[0.46, 0.79, 0.88]","[['A', 'C', 'D', 'B'], ['D', 'A', 'B', 'C'], ['B', 'D', 'A', 'C']]","{'A': 5, 'D': 5, 'C': 3, 'B': 2}","[0.58, 1.0, 1.0]",4.25
95,"[2, 3, 4]","[3, 4, 4]","[0.46, 0.79, 0.88]","[['A', 'C', 'D', 'B'], ['D', 'A', 'B', 'C'], ['C', 'A', 'D', 'B']]","{'A': 5, 'D': 5, 'C': 4, 'B': 1}","[0.58, 1.0, 1.0]",4.25
95,"[2, 3, 4]","[3, 4, 4]","[0.46, 0.79, 0.88]","[['A', 'C', 'D', 'B'], ['D', 'A', 'B', 'C'], ['C', 'D', 'A', 'B']]","{'A': 5, 'D': 5, 'C': 4, 'B': 1}","[0.58, 1.0, 1.0]",4.25
95,"[2, 3, 4]","[3, 4, 4]","[0.46, 0.79, 0.88]","[['A', 'C', 'D', 'B'], ['D', 'A', 'B', 'C'], ['D', 'A', 'B', 'C']]","{'A': 5, 'D': 5, 'C': 3, 'B': 2}","[0.58, 1.0, 1.0]",4.25
95,"[2, 3, 4]","[3, 4, 4]","[0.46, 0.79, 0.88]","[['A', 'C', 'D', 'B'], ['D', 'A', 'B', 'C'], ['D', 'A', 'C', 'B']]","{'A': 5, 'D': 5, 'C': 4, 'B': 1}","[0.58, 1.0, 1.0]",4.25
95,"[2, 3, 4]","[3, 4, 4]","[0.46, 0.79, 0.88]","[['A', 'C', 'D', 'B'], ['D', 'A', 'B', 'C'], ['D', 'B', 'A', 'C']]","{'A': 5, 'D': 5, 'C': 3, 'B': 2}","[0.58, 1.0, 1.0]",4.25
95,"[2, 3, 4]","[3, 4, 4]","[0.46, 0.79, 0.88]","[['A', 'C', 'D', 'B'], ['D', 'A', 'B', 'C'], ['D', 'C', 'A', 'B']]","{'A': 5, 'D': 5, 'C': 4, 'B': 1}","[0.58, 1.0, 1.0]",4.25
95,"[2, 3, 4]","[3, 4, 4]","[0.46, 0.79, 0.88]","[['A', 'C', 'D', 'B'], ['D', 'A', 'C', 'B'], ['A', 'B', 'D', 'C']]","{'A': 5, 'D': 5, 'C': 4, 'B': 1}","[0.58, 1.0, 1.0]",4.25
95,"[2, 3, 4]","[3, 4, 4]","[0.46, 0.79, 0.88]","[['A', 'C', 'D', 'B'], ['D', 'A', 'C', 'B'], ['A', 'D', 'B', 'C']]","{'A': 5, 'D': 5, 'C': 4, 'B': 1}","[0.58, 1.0, 1.0]",4.25
95,"[2, 3, 4]","[3, 4, 4]","[0.46, 0.79, 0.88]","[['A', 'C', 'D', 'B'], ['D', 'A', 'C', 'B'], ['B', 'A', 'D', 'C']]","{'A': 5, 'D': 5, 'C': 4, 'B': 1}","[0.58, 1.0, 1.0]",4.25
95,"[2, 3, 4]","[3, 4, 4]","[0.46, 0.79, 0.88]","[['A', 'C', 'D', 'B'], ['D', 'A', 'C', 'B'], ['B', 'D', 'A', 'C']]","{'A': 5, 'D': 5, 'C': 4, 'B': 1}","[0.58, 1.0, 1.0]",4.25
95,"[2, 3, 4]","[3, 4, 4]","[0.46, 0.79, 0.88]","[['A', 'C', 'D', 'B'], ['D', 'A', 'C', 'B'], ['D', 'A', 'B', 'C']]","{'A': 5, 'D': 5, 'C': 4, 'B': 1}","[0.58, 1.0, 1.0]",4.25
95,"[2, 3, 4]","[3, 4, 4]","[0.46, 0.79, 0.88]","[['A', 'C', 'D', 'B'], ['D', 'A', 'C', 'B'], ['D', 'B', 'A', 'C']]","{'A': 5, 'D': 5, 'C': 4, 'B': 1}","[0.58, 1.0, 1.0]",4.25
95,"[2, 3, 4]","[3, 4, 4]","[0.46, 0.79, 0.88]","[['A', 'C', 'D', 'B'], ['D', 'B', 'A', 'C'], ['A', 'B', 'D', 'C']]","{'A': 5, 'D': 5, 'C': 3, 'B': 2}","[0.58, 1.0, 1.0]",4.25
95,"[2, 3, 4]","[3, 4, 4]","[0.46, 0.79, 0.88]","[['A', 'C', 'D', 'B'], ['D', 'B', 'A', 'C'], ['A', 'C', 'D', 'B']]","{'A': 5, 'D': 5, 'C': 4, 'B': 1}","[0.58, 1.0, 1.0]",4.25
95,"[2, 3, 4]","[3, 4, 4]","[0.46, 0.79, 0.88]","[['A', 'C', 'D', 'B'], ['D', 'B', 'A', 'C'], ['A', 'D', 'B', 'C']]","{'A': 5, 'D': 5, 'C': 3, 'B': 2}","[0.58, 1.0, 1.0]",4.25
95,"[2, 3, 4]","[3, 4, 4]","[0.46, 0.79, 0.88]","[['A', 'C', 'D', 'B'], ['D', 'B', 'A', 'C'], ['A', 'D', 'C', 'B']]","{'A': 5, 'D': 5, 'C': 4, 'B': 1}","[0.58, 1.0, 1.0]",4.25
95,"[2, 3, 4]","[3, 4, 4]","[0.46, 0.79, 0.88]","[['A', 'C', 'D', 'B'], ['D', 'B', 'A', 'C'], ['B', 'A', 'D', 'C']]","{'A': 5, 'D': 5, 'C': 3, 'B': 2}","[0.58, 1.0, 1.0]",4.25
95,"[2, 3, 4]","[3, 4, 4]","[0.46, 0.79, 0.88]","[['A', 'C', 'D', 'B'], ['D', 'B', 'A', 'C'], ['B', 'D', 'A', 'C']]","{'A': 5, 'D': 5, 'C': 3, 'B': 2}","[0.58, 1.0, 1.0]",4.25
95,"[2, 3, 4]","[3, 4, 4]","[0.46, 0.79, 0.88]","[['A', 'C', 'D', 'B'], ['D', 'B', 'A', 'C'], ['C', 'A', 'D', 'B']]","{'A': 5, 'D': 5, 'C': 4, 'B': 1}","[0.58, 1.0, 1.0]",4.25
95,"[2, 3, 4]","[3, 4, 4]","[0.46, 0.79, 0.88]","[['A', 'C', 'D', 'B'], ['D', 'B', 'A', 'C'], ['C', 'D', 'A', 'B']]","{'A': 5, 'D': 5, 'C': 4, 'B': 1}","[0.58, 1.0, 1.0]",4.25
95,"[2, 3, 4]","[3, 4, 4]","[0.46, 0.79, 0.88]","[['A', 'C', 'D', 'B'], ['D', 'B', 'A', 'C'], ['D', 'A', 'B', 'C']]","{'A': 5, 'D': 5, 'C': 3, 'B': 2}","[0.58, 1.0, 1.0]",4.25
95,"[2, 3, 4]","[3, 4, 4]","[0.46, 0.79, 0.88]","[['A', 'C', 'D', 'B'], ['D', 'B', 'A', 'C'], ['D', 'A', 'C', 'B']]","{'A': 5, 'D': 5, 'C': 4, 'B': 1}","[0.58, 1.0, 1.0]",4.25
95,"[2, 3, 4]","[3, 4, 4]","[0.46, 0.79, 0.88]","[['A', 'C', 'D', 'B'], ['D', 'B', 'A', 'C'], ['D', 'B', 'A', 'C']]","{'A': 5, 'D': 5, 'C': 3, 'B': 2}","[0.58, 1.0, 1.0]",4.25
95,"[2, 3, 4]","[3, 4, 4]","[0.46, 0.79, 0.88]","[['A', 'C', 'D', 'B'], ['D', 'B', 'A', 'C'], ['D', 'C', 'A', 'B']]","{'A': 5, 'D': 5, 'C': 4, 'B': 1}","[0.58, 1.0, 1.0]",4.25
95,"[2, 3, 4]","[3, 4, 4]","[0.46, 0.79, 0.88]","[['A', 'C', 'D', 'B'], ['D', 'C', 'A', 'B'], ['A', 'B', 'D', 'C']]","{'A': 5, 'D': 5, 'C': 4, 'B': 1}","[0.58, 1.0, 1.0]",4.25
95,"[2, 3, 4]","[3, 4, 4]","[0.46, 0.79, 0.88]","[['A', 'C', 'D', 'B'], ['D', 'C', 'A', 'B'], ['A', 'D', 'B', 'C']]","{'A': 5, 'D': 5, 'C': 4, 'B': 1}","[0.58, 1.0, 1.0]",4.25
95,"[2, 3, 4]","[3, 4, 4]","[0.46, 0.79, 0.88]","[['A', 'C', 'D', 'B'], ['D', 'C', 'A', 'B'], ['B', 'A', 'D', 'C']]","{'A': 5, 'D': 5, 'C': 4, 'B': 1}","[0.58, 1.0, 1.0]",4.25
95,"[2, 3, 4]","[3, 4, 4]","[0.46, 0.79, 0.88]","[['A', 'C', 'D', 'B'], ['D', 'C', 'A', 'B'], ['B', 'D', 'A', 'C']]","{'A': 5, 'D': 5, 'C': 4, 'B': 1}","[0.58, 1.0, 1.0]",4.25
95,"[2, 3, 4]","[3, 4, 4]","[0.46, 0.79, 0.88]","[['A', 'C', 'D', 'B'], ['D', 'C', 'A', 'B'], ['D', 'A', 'B', 'C']]","{'A': 5, 'D': 5, 'C': 4, 'B': 1}","[0.58, 1.0, 1.0]",4.25
95,"[2, 3, 4]","[3, 4, 4]","[0.46, 0.79, 0.88]","[['A', 'C', 'D', 'B'], ['D', 'C', 'A', 'B'], ['D', 'B', 'A', 'C']]","{'A': 5, 'D': 5, 'C': 4, 'B': 1}","[0.58, 1.0, 1.0]",4.25
95,"[2, 3, 4]","[3, 4, 4]","[0.46, 0.79, 0.88]","[['A', 'D', 'B', 'C'], ['A', 'B', 'C', 'D'], ['A', 'B', 'D', 'C']]","{'A': 5, 'D': 4, 'B': 3, 'C': 3}","[0.58, 1.0, 1.0]",4.0
95,"[2, 3, 4]","[3, 4, 4]","[0.46, 0.79, 0.88]","[['A', 'D', 'B', 'C'], ['A', 'B', 'C', 'D'], ['A', 'D', 'B', 'C']]","{'A': 5, 'D': 4, 'B': 3, 'C': 3}","[0.58, 1.0, 1.0]",4.0
95,"[2, 3, 4]","[3, 4, 4]","[0.46, 0.79, 0.88]","[['A', 'D', 'B', 'C'], ['A', 'B', 'C', 'D'], ['B', 'A', 'D', 'C']]","{'A': 5, 'D': 4, 'B': 3, 'C': 3}","[0.58, 1.0, 1.0]",4.0
95,"[2, 3, 4]","[3, 4, 4]","[0.46, 0.79, 0.88]","[['A', 'D', 'B', 'C'], ['A', 'B', 'C', 'D'], ['B', 'D', 'A', 'C']]","{'A': 5, 'D': 4, 'B': 3, 'C': 3}","[0.58, 1.0, 1.0]",4.0
95,"[2, 3, 4]","[3, 4, 4]","[0.46, 0.79, 0.88]","[['A', 'D', 'B', 'C'], ['A', 'B', 'C', 'D'], ['D', 'A', 'B', 'C']]","{'A': 5, 'D': 4, 'B': 3, 'C': 3}","[0.58, 1.0, 1.0]",4.0
95,"[2, 3, 4]","[3, 4, 4]","[0.46, 0.79, 0.88]","[['A', 'D', 'B', 'C'], ['A', 'B', 'C', 'D'], ['D', 'B', 'A', 'C']]","{'A': 5, 'D': 4, 'B': 3, 'C': 3}","[0.58, 1.0, 1.0]",4.0
95,"[2, 3, 4]","[3, 4, 4]","[0.46, 0.79, 0.88]","[['A', 'D', 'B', 'C'], ['A', 'B', 'D', 'C'], ['A', 'B', 'C', 'D']]","{'A': 5, 'D': 4, 'B': 3, 'C': 3}","[0.58, 1.0, 1.0]",4.0
95,"[2, 3, 4]","[3, 4, 4]","[0.46, 0.79, 0.88]","[['A', 'D', 'B', 'C'], ['A', 'B', 'D', 'C'], ['A', 'B', 'D', 'C']]","{'A': 5, 'D': 5, 'B': 3, 'C': 2}","[0.58, 1.0, 1.0]",4.0
95,"[2, 3, 4]","[3, 4, 4]","[0.46, 0.79, 0.88]","[['A', 'D', 'B', 'C'], ['A', 'B', 'D', 'C'], ['A', 'C', 'B', 'D']]","{'A': 5, 'D': 4, 'B': 3, 'C': 3}","[0.58, 1.0, 1.0]",4.0
95,"[2, 3, 4]","[3, 4, 4]","[0.46, 0.79, 0.88]","[['A', 'D', 'B', 'C'], ['A', 'B', 'D', 'C'], ['A', 'C', 'D', 'B']]","{'A': 5, 'D': 5, 'C': 3, 'B': 2}","[0.58, 1.0, 1.0]",4.25
95,"[2, 3, 4]","[3, 4, 4]","[0.46, 0.79, 0.88]","[['A', 'D', 'B', 'C'], ['A', 'B', 'D', 'C'], ['A', 'D', 'B', 'C']]","{'A': 5, 'D': 5, 'B': 3, 'C': 2}","[0.58, 1.0, 1.0]",4.0
95,"[2, 3, 4]","[3, 4, 4]","[0.46, 0.79, 0.88]","[['A', 'D', 'B', 'C'], ['A', 'B', 'D', 'C'], ['A', 'D', 'C', 'B']]","{'A': 5, 'D': 5, 'C': 3, 'B': 2}","[0.58, 1.0, 1.0]",4.25
95,"[2, 3, 4]","[3, 4, 4]","[0.46, 0.79, 0.88]","[['A', 'D', 'B', 'C'], ['A', 'B', 'D', 'C'], ['B', 'A', 'C', 'D']]","{'A': 5, 'D': 4, 'B': 3, 'C': 3}","[0.58, 1.0, 1.0]",4.0
95,"[2, 3, 4]","[3, 4, 4]","[0.46, 0.79, 0.88]","[['A', 'D', 'B', 'C'], ['A', 'B', 'D', 'C'], ['B', 'A', 'D', 'C']]","{'A': 5, 'D': 5, 'B': 3, 'C': 2}","[0.58, 1.0, 1.0]",4.0
95,"[2, 3, 4]","[3, 4, 4]","[0.46, 0.79, 0.88]","[['A', 'D', 'B', 'C'], ['A', 'B', 'D', 'C'], ['B', 'C', 'A', 'D']]","{'A': 5, 'D': 4, 'B': 3, 'C': 3}","[0.58, 1.0, 1.0]",4.0
95,"[2, 3, 4]","[3, 4, 4]","[0.46, 0.79, 0.88]","[['A', 'D', 'B', 'C'], ['A', 'B', 'D', 'C'], ['B', 'D', 'A', 'C']]","{'A': 5, 'D': 5, 'B': 3, 'C': 2}","[0.58, 1.0, 1.0]",4.0
95,"[2, 3, 4]","[3, 4, 4]","[0.46, 0.79, 0.88]","[['A', 'D', 'B', 'C'], ['A', 'B', 'D', 'C'], ['C', 'A', 'B', 'D']]","{'A': 5, 'D': 4, 'B': 3, 'C': 3}","[0.58, 1.0, 1.0]",4.0
95,"[2, 3, 4]","[3, 4, 4]","[0.46, 0.79, 0.88]","[['A', 'D', 'B', 'C'], ['A', 'B', 'D', 'C'], ['C', 'A', 'D', 'B']]","{'A': 5, 'D': 5, 'C': 3, 'B': 2}","[0.58, 1.0, 1.0]",4.25
95,"[2, 3, 4]","[3, 4, 4]","[0.46, 0.79, 0.88]","[['A', 'D', 'B', 'C'], ['A', 'B', 'D', 'C'], ['C', 'B', 'A', 'D']]","{'A': 5, 'D': 4, 'B': 3, 'C': 3}","[0.58, 1.0, 1.0]",4.0
95,"[2, 3, 4]","[3, 4, 4]","[0.46, 0.79, 0.88]","[['A', 'D', 'B', 'C'], ['A', 'B', 'D', 'C'], ['C', 'D', 'A', 'B']]","{'A': 5, 'D': 5, 'C': 3, 'B': 2}","[0.58, 1.0, 1.0]",4.25
95,"[2, 3, 4]","[3, 4, 4]","[0.46, 0.79, 0.88]","[['A', 'D', 'B', 'C'], ['A', 'B', 'D', 'C'], ['D', 'A', 'B', 'C']]","{'A': 5, 'D': 5, 'B': 3, 'C': 2}","[0.58, 1.0, 1.0]",4.0
95,"[2, 3, 4]","[3, 4, 4]","[0.46, 0.79, 0.88]","[['A', 'D', 'B', 'C'], ['A', 'B', 'D', 'C'], ['D', 'A', 'C', 'B']]","{'A': 5, 'D': 5, 'C': 3, 'B': 2}","[0.58, 1.0, 1.0]",4.25
95,"[2, 3, 4]","[3, 4, 4]","[0.46, 0.79, 0.88]","[['A', 'D', 'B', 'C'], ['A', 'B', 'D', 'C'], ['D', 'B', 'A', 'C']]","{'A': 5, 'D': 5, 'B': 3, 'C': 2}","[0.58, 1.0, 1.0]",4.0
95,"[2, 3, 4]","[3, 4, 4]","[0.46, 0.79, 0.88]","[['A', 'D', 'B', 'C'], ['A', 'B', 'D', 'C'], ['D', 'C', 'A', 'B']]","{'A': 5, 'D': 5, 'C': 3, 'B': 2}","[0.58, 1.0, 1.0]",4.25
95,"[2, 3, 4]","[3, 4, 4]","[0.46, 0.79, 0.88]","[['A', 'D', 'B', 'C'], ['A', 'C', 'B', 'D'], ['A', 'B', 'D', 'C']]","{'A': 5, 'D': 4, 'B': 3, 'C': 3}","[0.58, 1.0, 1.0]",4.0
95,"[2, 3, 4]","[3, 4, 4]","[0.46, 0.79, 0.88]","[['A', 'D', 'B', 'C'], ['A', 'C', 'B', 'D'], ['A', 'D', 'B', 'C']]","{'A': 5, 'D': 4, 'B': 3, 'C': 3}","[0.58, 1.0, 1.0]",4.0
95,"[2, 3, 4]","[3, 4, 4]","[0.46, 0.79, 0.88]","[['A', 'D', 'B', 'C'], ['A', 'C', 'B', 'D'], ['B', 'A', 'D', 'C']]","{'A': 5, 'D': 4, 'B': 3, 'C': 3}","[0.58, 1.0, 1.0]",4.0
95,"[2, 3, 4]","[3, 4, 4]","[0.46, 0.79, 0.88]","[['A', 'D', 'B', 'C'], ['A', 'C', 'B', 'D'], ['B', 'D', 'A', 'C']]","{'A': 5, 'D': 4, 'B': 3, 'C': 3}","[0.58, 1.0, 1.0]",4.0
95,"[2, 3, 4]","[3, 4, 4]","[0.46, 0.79, 0.88]","[['A', 'D', 'B', 'C'], ['A', 'C', 'B', 'D'], ['D', 'A', 'B', 'C']]","{'A': 5, 'D': 4, 'B': 3, 'C': 3}","[0.58, 1.0, 1.0]",4.0
95,"[2, 3, 4]","[3, 4, 4]","[0.46, 0.79, 0.88]","[['A', 'D', 'B', 'C'], ['A', 'C', 'B', 'D'], ['D', 'B', 'A', 'C']]","{'A': 5, 'D': 4, 'B': 3, 'C': 3}","[0.58, 1.0, 1.0]",4.0
95,"[2, 3, 4]","[3, 4, 4]","[0.46, 0.79, 0.88]","[['A', 'D', 'B', 'C'], ['A', 'C', 'D', 'B'], ['A', 'B', 'D', 'C']]","{'A': 5, 'D': 5, 'C': 3, 'B': 2}","[0.58, 1.0, 1.0]",4.25
95,"[2, 3, 4]","[3, 4, 4]","[0.46, 0.79, 0.88]","[['A', 'D', 'B', 'C'], ['A', 'C', 'D', 'B'], ['A', 'C', 'D', 'B']]","{'A': 5, 'D': 5, 'C': 4, 'B': 1}","[0.58, 1.0, 1.0]",4.25
95,"[2, 3, 4]","[3, 4, 4]","[0.46, 0.79, 0.88]","[['A', 'D', 'B', 'C'], ['A', 'C', 'D', 'B'], ['A', 'D', 'B', 'C']]","{'A': 5, 'D': 5, 'C': 3, 'B': 2}","[0.58, 1.0, 1.0]",4.25
95,"[2, 3, 4]","[3, 4, 4]","[0.46, 0.79, 0.88]","[['A', 'D', 'B', 'C'], ['A', 'C', 'D', 'B'], ['A', 'D', 'C', 'B']]","{'A': 5, 'D': 5, 'C': 4, 'B': 1}","[0.58, 1.0, 1.0]",4.25
95,"[2, 3, 4]","[3, 4, 4]","[0.46, 0.79, 0.88]","[['A', 'D', 'B', 'C'], ['A', 'C', 'D', 'B'], ['B', 'A', 'D', 'C']]","{'A': 5, 'D': 5, 'C': 3, 'B': 2}","[0.58, 1.0, 1.0]",4.25
95,"[2, 3, 4]","[3, 4, 4]","[0.46, 0.79, 0.88]","[['A', 'D', 'B', 'C'], ['A', 'C', 'D', 'B'], ['B', 'D', 'A', 'C']]","{'A': 5, 'D': 5, 'C': 3, 'B': 2}","[0.58, 1.0, 1.0]",4.25
95,"[2, 3, 4]","[3, 4, 4]","[0.46, 0.79, 0.88]","[['A', 'D', 'B', 'C'], ['A', 'C', 'D', 'B'], ['C', 'A', 'D', 'B']]","{'A': 5, 'D': 5, 'C': 4, 'B': 1}","[0.58, 1.0, 1.0]",4.25
95,"[2, 3, 4]","[3, 4, 4]","[0.46, 0.79, 0.88]","[['A', 'D', 'B', 'C'], ['A', 'C', 'D', 'B'], ['C', 'D', 'A', 'B']]","{'A': 5, 'D': 5, 'C': 4, 'B': 1}","[0.58, 1.0, 1.0]",4.25
95,"[2, 3, 4]","[3, 4, 4]","[0.46, 0.79, 0.88]","[['A', 'D', 'B', 'C'], ['A', 'C', 'D', 'B'], ['D', 'A', 'B', 'C']]","{'A': 5, 'D': 5, 'C': 3, 'B': 2}","[0.58, 1.0, 1.0]",4.25
95,"[2, 3, 4]","[3, 4, 4]","[0.46, 0.79, 0.88]","[['A', 'D', 'B', 'C'], ['A', 'C', 'D', 'B'], ['D', 'A', 'C', 'B']]","{'A': 5, 'D': 5, 'C': 4, 'B': 1}","[0.58, 1.0, 1.0]",4.25
95,"[2, 3, 4]","[3, 4, 4]","[0.46, 0.79, 0.88]","[['A', 'D', 'B', 'C'], ['A', 'C', 'D', 'B'], ['D', 'B', 'A', 'C']]","{'A': 5, 'D': 5, 'C': 3, 'B': 2}","[0.58, 1.0, 1.0]",4.25
95,"[2, 3, 4]","[3, 4, 4]","[0.46, 0.79, 0.88]","[['A', 'D', 'B', 'C'], ['A', 'C', 'D', 'B'], ['D', 'C', 'A', 'B']]","{'A': 5, 'D': 5, 'C': 4, 'B': 1}","[0.58, 1.0, 1.0]",4.25
95,"[2, 3, 4]","[3, 4, 4]","[0.46, 0.79, 0.88]","[['A', 'D', 'B', 'C'], ['A', 'D', 'B', 'C'], ['A', 'B', 'C', 'D']]","{'A': 5, 'D': 4, 'B': 3, 'C': 3}","[0.58, 1.0, 1.0]",4.0
95,"[2, 3, 4]","[3, 4, 4]","[0.46, 0.79, 0.88]","[['A', 'D', 'B', 'C'], ['A', 'D', 'B', 'C'], ['A', 'B', 'D', 'C']]","{'A': 5, 'D': 5, 'B': 3, 'C': 2}","[0.58, 1.0, 1.0]",4.0
95,"[2, 3, 4]","[3, 4, 4]","[0.46, 0.79, 0.88]","[['A', 'D', 'B', 'C'], ['A', 'D', 'B', 'C'], ['A', 'C', 'B', 'D']]","{'A': 5, 'D': 4, 'B': 3, 'C': 3}","[0.58, 1.0, 1.0]",4.0
95,"[2, 3, 4]","[3, 4, 4]","[0.46, 0.79, 0.88]","[['A', 'D', 'B', 'C'], ['A', 'D', 'B', 'C'], ['A', 'C', 'D', 'B']]","{'A': 5, 'D': 5, 'C': 3, 'B': 2}","[0.58, 1.0, 1.0]",4.25
95,"[2, 3, 4]","[3, 4, 4]","[0.46, 0.79, 0.88]","[['A', 'D', 'B', 'C'], ['A', 'D', 'B', 'C'], ['A', 'D', 'B', 'C']]","{'A': 5, 'D': 5, 'B': 3, 'C': 2}","[0.58, 1.0, 1.0]",4.0
95,"[2, 3, 4]","[3, 4, 4]","[0.46, 0.79, 0.88]","[['A', 'D', 'B', 'C'], ['A', 'D', 'B', 'C'], ['A', 'D', 'C', 'B']]","{'A': 5, 'D': 5, 'C': 3, 'B': 2}","[0.58, 1.0, 1.0]",4.25
95,"[2, 3, 4]","[3, 4, 4]","[0.46, 0.79, 0.88]","[['A', 'D', 'B', 'C'], ['A', 'D', 'B', 'C'], ['B', 'A', 'C', 'D']]","{'A': 5, 'D': 4, 'B': 3, 'C': 3}","[0.58, 1.0, 1.0]",4.0
95,"[2, 3, 4]","[3, 4, 4]","[0.46, 0.79, 0.88]","[['A', 'D', 'B', 'C'], ['A', 'D', 'B', 'C'], ['B', 'A', 'D', 'C']]","{'A': 5, 'D': 5, 'B': 3, 'C': 2}","[0.58, 1.0, 1.0]",4.0
95,"[2, 3, 4]","[3, 4, 4]","[0.46, 0.79, 0.88]","[['A', 'D', 'B', 'C'], ['A', 'D', 'B', 'C'], ['B', 'C', 'A', 'D']]","{'A': 5, 'D': 4, 'B': 3, 'C': 3}","[0.58, 1.0, 1.0]",4.0
95,"[2, 3, 4]","[3, 4, 4]","[0.46, 0.79, 0.88]","[['A', 'D', 'B', 'C'], ['A', 'D', 'B', 'C'], ['B', 'D', 'A', 'C']]","{'A': 5, 'D': 5, 'B': 3, 'C': 2}","[0.58, 1.0, 1.0]",4.0
95,"[2, 3, 4]","[3, 4, 4]","[0.46, 0.79, 0.88]","[['A', 'D', 'B', 'C'], ['A', 'D', 'B', 'C'], ['C', 'A', 'B', 'D']]","{'A': 5, 'D': 4, 'B': 3, 'C': 3}","[0.58, 1.0, 1.0]",4.0
95,"[2, 3, 4]","[3, 4, 4]","[0.46, 0.79, 0.88]","[['A', 'D', 'B', 'C'], ['A', 'D', 'B', 'C'], ['C', 'A', 'D', 'B']]","{'A': 5, 'D': 5, 'C': 3, 'B': 2}","[0.58, 1.0, 1.0]",4.25
95,"[2, 3, 4]","[3, 4, 4]","[0.46, 0.79, 0.88]","[['A', 'D', 'B', 'C'], ['A', 'D', 'B', 'C'], ['C', 'B', 'A', 'D']]","{'A': 5, 'D': 4, 'B': 3, 'C': 3}","[0.58, 1.0, 1.0]",4.0
95,"[2, 3, 4]","[3, 4, 4]","[0.46, 0.79, 0.88]","[['A', 'D', 'B', 'C'], ['A', 'D', 'B', 'C'], ['C', 'D', 'A', 'B']]","{'A': 5, 'D': 5, 'C': 3, 'B': 2}","[0.58, 1.0, 1.0]",4.25
95,"[2, 3, 4]","[3, 4, 4]","[0.46, 0.79, 0.88]","[['A', 'D', 'B', 'C'], ['A', 'D', 'B', 'C'], ['D', 'A', 'B', 'C']]","{'A': 5, 'D': 5, 'B': 3, 'C': 2}","[0.58, 1.0, 1.0]",4.0
95,"[2, 3, 4]","[3, 4, 4]","[0.46, 0.79, 0.88]","[['A', 'D', 'B', 'C'], ['A', 'D', 'B', 'C'], ['D', 'A', 'C', 'B']]","{'A': 5, 'D': 5, 'C': 3, 'B': 2}","[0.58, 1.0, 1.0]",4.25
95,"[2, 3, 4]","[3, 4, 4]","[0.46, 0.79, 0.88]","[['A', 'D', 'B', 'C'], ['A', 'D', 'B', 'C'], ['D', 'B', 'A', 'C']]","{'A': 5, 'D': 5, 'B': 3, 'C': 2}","[0.58, 1.0, 1.0]",4.0
95,"[2, 3, 4]","[3, 4, 4]","[0.46, 0.79, 0.88]","[['A', 'D', 'B', 'C'], ['A', 'D', 'B', 'C'], ['D', 'C', 'A', 'B']]","{'A': 5, 'D': 5, 'C': 3, 'B': 2}","[0.58, 1.0, 1.0]",4.25
95,"[2, 3, 4]","[3, 4, 4]","[0.46, 0.79, 0.88]","[['A', 'D', 'B', 'C'], ['A', 'D', 'C', 'B'], ['A', 'B', 'D', 'C']]","{'A': 5, 'D': 5, 'C': 3, 'B': 2}","[0.58, 1.0, 1.0]",4.25
95,"[2, 3, 4]","[3, 4, 4]","[0.46, 0.79, 0.88]","[['A', 'D', 'B', 'C'], ['A', 'D', 'C', 'B'], ['A', 'C', 'D', 'B']]","{'A': 5, 'D': 5, 'C': 4, 'B': 1}","[0.58, 1.0, 1.0]",4.25
95,"[2, 3, 4]","[3, 4, 4]","[0.46, 0.79, 0.88]","[['A', 'D', 'B', 'C'], ['A', 'D', 'C', 'B'], ['A', 'D', 'B', 'C']]","{'A': 5, 'D': 5, 'C': 3, 'B': 2}","[0.58, 1.0, 1.0]",4.25
95,"[2, 3, 4]","[3, 4, 4]","[0.46, 0.79, 0.88]","[['A', 'D', 'B', 'C'], ['A', 'D', 'C', 'B'], ['A', 'D', 'C', 'B']]","{'A': 5, 'D': 5, 'C': 4, 'B': 1}","[0.58, 1.0, 1.0]",4.25
95,"[2, 3, 4]","[3, 4, 4]","[0.46, 0.79, 0.88]","[['A', 'D', 'B', 'C'], ['A', 'D', 'C', 'B'], ['B', 'A', 'D', 'C']]","{'A': 5, 'D': 5, 'C': 3, 'B': 2}","[0.58, 1.0, 1.0]",4.25
95,"[2, 3, 4]","[3, 4, 4]","[0.46, 0.79, 0.88]","[['A', 'D', 'B', 'C'], ['A', 'D', 'C', 'B'], ['B', 'D', 'A', 'C']]","{'A': 5, 'D': 5, 'C': 3, 'B': 2}","[0.58, 1.0, 1.0]",4.25
95,"[2, 3, 4]","[3, 4, 4]","[0.46, 0.79, 0.88]","[['A', 'D', 'B', 'C'], ['A', 'D', 'C', 'B'], ['C', 'A', 'D', 'B']]","{'A': 5, 'D': 5, 'C': 4, 'B': 1}","[0.58, 1.0, 1.0]",4.25
95,"[2, 3, 4]","[3, 4, 4]","[0.46, 0.79, 0.88]","[['A', 'D', 'B', 'C'], ['A', 'D', 'C', 'B'], ['C', 'D', 'A', 'B']]","{'A': 5, 'D': 5, 'C': 4, 'B': 1}","[0.58, 1.0, 1.0]",4.25
95,"[2, 3, 4]","[3, 4, 4]","[0.46, 0.79, 0.88]","[['A', 'D', 'B', 'C'], ['A', 'D', 'C', 'B'], ['D', 'A', 'B', 'C']]","{'A': 5, 'D': 5, 'C': 3, 'B': 2}","[0.58, 1.0, 1.0]",4.25
95,"[2, 3, 4]","[3, 4, 4]","[0.46, 0.79, 0.88]","[['A', 'D', 'B', 'C'], ['A', 'D', 'C', 'B'], ['D', 'A', 'C', 'B']]","{'A': 5, 'D': 5, 'C': 4, 'B': 1}","[0.58, 1.0, 1.0]",4.25
95,"[2, 3, 4]","[3, 4, 4]","[0.46, 0.79, 0.88]","[['A', 'D', 'B', 'C'], ['A', 'D', 'C', 'B'], ['D', 'B', 'A', 'C']]","{'A': 5, 'D': 5, 'C': 3, 'B': 2}","[0.58, 1.0, 1.0]",4.25
95,"[2, 3, 4]","[3, 4, 4]","[0.46, 0.79, 0.88]","[['A', 'D', 'B', 'C'], ['A', 'D', 'C', 'B'], ['D', 'C', 'A', 'B']]","{'A': 5, 'D': 5, 'C': 4, 'B': 1}","[0.58, 1.0, 1.0]",4.25
95,"[2, 3, 4]","[3, 4, 4]","[0.46, 0.79, 0.88]","[['A', 'D', 'B', 'C'], ['B', 'A', 'C', 'D'], ['A', 'B', 'D', 'C']]","{'A': 5, 'D': 4, 'B': 3, 'C': 3}","[0.58, 1.0, 1.0]",4.0
95,"[2, 3, 4]","[3, 4, 4]","[0.46, 0.79, 0.88]","[['A', 'D', 'B', 'C'], ['B', 'A', 'C', 'D'], ['A', 'D', 'B', 'C']]","{'A': 5, 'D': 4, 'B': 3, 'C': 3}","[0.58, 1.0, 1.0]",4.0
95,"[2, 3, 4]","[3, 4, 4]","[0.46, 0.79, 0.88]","[['A', 'D', 'B', 'C'], ['B', 'A', 'C', 'D'], ['B', 'A', 'D', 'C']]","{'A': 5, 'D': 4, 'B': 3, 'C': 3}","[0.58, 1.0, 1.0]",4.0
95,"[2, 3, 4]","[3, 4, 4]","[0.46, 0.79, 0.88]","[['A', 'D', 'B', 'C'], ['B', 'A', 'C', 'D'], ['B', 'D', 'A', 'C']]","{'A': 5, 'D': 4, 'B': 3, 'C': 3}","[0.58, 1.0, 1.0]",4.0
95,"[2, 3, 4]","[3, 4, 4]","[0.46, 0.79, 0.88]","[['A', 'D', 'B', 'C'], ['B', 'A', 'C', 'D'], ['D', 'A', 'B', 'C']]","{'A': 5, 'D': 4, 'B': 3, 'C': 3}","[0.58, 1.0, 1.0]",4.0
95,"[2, 3, 4]","[3, 4, 4]","[0.46, 0.79, 0.88]","[['A', 'D', 'B', 'C'], ['B', 'A', 'C', 'D'], ['D', 'B', 'A', 'C']]","{'A': 5, 'D': 4, 'B': 3, 'C': 3}","[0.58, 1.0, 1.0]",4.0
95,"[2, 3, 4]","[3, 4, 4]","[0.46, 0.79, 0.88]","[['A', 'D', 'B', 'C'], ['B', 'A', 'D', 'C'], ['A', 'B', 'C', 'D']]","{'A': 5, 'D': 4, 'B': 3, 'C': 3}","[0.58, 1.0, 1.0]",4.0
95,"[2, 3, 4]","[3, 4, 4]","[0.46, 0.79, 0.88]","[['A', 'D', 'B', 'C'], ['B', 'A', 'D', 'C'], ['A', 'B', 'D', 'C']]","{'A': 5, 'D': 5, 'B': 3, 'C': 2}","[0.58, 1.0, 1.0]",4.0
95,"[2, 3, 4]","[3, 4, 4]","[0.46, 0.79, 0.88]","[['A', 'D', 'B', 'C'], ['B', 'A', 'D', 'C'], ['A', 'C', 'B', 'D']]","{'A': 5, 'D': 4, 'B': 3, 'C': 3}","[0.58, 1.0, 1.0]",4.0
95,"[2, 3, 4]","[3, 4, 4]","[0.46, 0.79, 0.88]","[['A', 'D', 'B', 'C'], ['B', 'A', 'D', 'C'], ['A', 'C', 'D', 'B']]","{'A': 5, 'D': 5, 'C': 3, 'B': 2}","[0.58, 1.0, 1.0]",4.25
95,"[2, 3, 4]","[3, 4, 4]","[0.46, 0.79, 0.88]","[['A', 'D', 'B', 'C'], ['B', 'A', 'D', 'C'], ['A', 'D', 'B', 'C']]","{'A': 5, 'D': 5, 'B': 3, 'C': 2}","[0.58, 1.0, 1.0]",4.0
95,"[2, 3, 4]","[3, 4, 4]","[0.46, 0.79, 0.88]","[['A', 'D', 'B', 'C'], ['B', 'A', 'D', 'C'], ['A', 'D', 'C', 'B']]","{'A': 5, 'D': 5, 'C': 3, 'B': 2}","[0.58, 1.0, 1.0]",4.25
95,"[2, 3, 4]","[3, 4, 4]","[0.46, 0.79, 0.88]","[['A', 'D', 'B', 'C'], ['B', 'A', 'D', 'C'], ['B', 'A', 'C', 'D']]","{'A': 5, 'D': 4, 'B': 3, 'C': 3}","[0.58, 1.0, 1.0]",4.0
95,"[2, 3, 4]","[3, 4, 4]","[0.46, 0.79, 0.88]","[['A', 'D', 'B', 'C'], ['B', 'A', 'D', 'C'], ['B', 'A', 'D', 'C']]","{'A': 5, 'D': 5, 'B': 3, 'C': 2}","[0.58, 1.0, 1.0]",4.0
95,"[2, 3, 4]","[3, 4, 4]","[0.46, 0.79, 0.88]","[['A', 'D', 'B', 'C'], ['B', 'A', 'D', 'C'], ['B', 'C', 'A', 'D']]","{'A': 5, 'D': 4, 'B': 3, 'C': 3}","[0.58, 1.0, 1.0]",4.0
95,"[2, 3, 4]","[3, 4, 4]","[0.46, 0.79, 0.88]","[['A', 'D', 'B', 'C'], ['B', 'A', 'D', 'C'], ['B', 'D', 'A', 'C']]","{'A': 5, 'D': 5, 'B': 3, 'C': 2}","[0.58, 1.0, 1.0]",4.0
95,"[2, 3, 4]","[3, 4, 4]","[0.46, 0.79, 0.88]","[['A', 'D', 'B', 'C'], ['B', 'A', 'D', 'C'], ['C', 'A', 'B', 'D']]","{'A': 5, 'D': 4, 'B': 3, 'C': 3}","[0.58, 1.0, 1.0]",4.0
95,"[2, 3, 4]","[3, 4, 4]","[0.46, 0.79, 0.88]","[['A', 'D', 'B', 'C'], ['B', 'A', 'D', 'C'], ['C', 'A', 'D', 'B']]","{'A': 5, 'D': 5, 'C': 3, 'B': 2}","[0.58, 1.0, 1.0]",4.25
95,"[2, 3, 4]","[3, 4, 4]","[0.46, 0.79, 0.88]","[['A', 'D', 'B', 'C'], ['B', 'A', 'D', 'C'], ['C', 'B', 'A', 'D']]","{'A': 5, 'D': 4, 'B': 3, 'C': 3}","[0.58, 1.0, 1.0]",4.0
95,"[2, 3, 4]","[3, 4, 4]","[0.46, 0.79, 0.88]","[['A', 'D', 'B', 'C'], ['B', 'A', 'D', 'C'], ['C', 'D', 'A', 'B']]","{'A': 5, 'D': 5, 'C': 3, 'B': 2}","[0.58, 1.0, 1.0]",4.25
95,"[2, 3, 4]","[3, 4, 4]","[0.46, 0.79, 0.88]","[['A', 'D', 'B', 'C'], ['B', 'A', 'D', 'C'], ['D', 'A', 'B', 'C']]","{'A': 5, 'D': 5, 'B': 3, 'C': 2}","[0.58, 1.0, 1.0]",4.0
95,"[2, 3, 4]","[3, 4, 4]","[0.46, 0.79, 0.88]","[['A', 'D', 'B', 'C'], ['B', 'A', 'D', 'C'], ['D', 'A', 'C', 'B']]","{'A': 5, 'D': 5, 'C': 3, 'B': 2}","[0.58, 1.0, 1.0]",4.25
95,"[2, 3, 4]","[3, 4, 4]","[0.46, 0.79, 0.88]","[['A', 'D', 'B', 'C'], ['B', 'A', 'D', 'C'], ['D', 'B', 'A', 'C']]","{'A': 5, 'D': 5, 'B': 3, 'C': 2}","[0.58, 1.0, 1.0]",4.0
95,"[2, 3, 4]","[3, 4, 4]","[0.46, 0.79, 0.88]","[['A', 'D', 'B', 'C'], ['B', 'A', 'D', 'C'], ['D', 'C', 'A', 'B']]","{'A': 5, 'D': 5, 'C': 3, 'B': 2}","[0.58, 1.0, 1.0]",4.25
95,"[2, 3, 4]","[3, 4, 4]","[0.46, 0.79, 0.88]","[['A', 'D', 'B', 'C'], ['B', 'C', 'A', 'D'], ['A', 'B', 'D', 'C']]","{'A': 5, 'D': 4, 'B': 3, 'C': 3}","[0.58, 1.0, 1.0]",4.0
95,"[2, 3, 4]","[3, 4, 4]","[0.46, 0.79, 0.88]","[['A', 'D', 'B', 'C'], ['B', 'C', 'A', 'D'], ['A', 'D', 'B', 'C']]","{'A': 5, 'D': 4, 'B': 3, 'C': 3}","[0.58, 1.0, 1.0]",4.0
95,"[2, 3, 4]","[3, 4, 4]","[0.46, 0.79, 0.88]","[['A', 'D', 'B', 'C'], ['B', 'C', 'A', 'D'], ['B', 'A', 'D', 'C']]","{'A': 5, 'D': 4, 'B': 3, 'C': 3}","[0.58, 1.0, 1.0]",4.0
95,"[2, 3, 4]","[3, 4, 4]","[0.46, 0.79, 0.88]","[['A', 'D', 'B', 'C'], ['B', 'C', 'A', 'D'], ['B', 'D', 'A', 'C']]","{'A': 5, 'D': 4, 'B': 3, 'C': 3}","[0.58, 1.0, 1.0]",4.0
95,"[2, 3, 4]","[3, 4, 4]","[0.46, 0.79, 0.88]","[['A', 'D', 'B', 'C'], ['B', 'C', 'A', 'D'], ['D', 'A', 'B', 'C']]","{'A': 5, 'D': 4, 'B': 3, 'C': 3}","[0.58, 1.0, 1.0]",4.0
95,"[2, 3, 4]","[3, 4, 4]","[0.46, 0.79, 0.88]","[['A', 'D', 'B', 'C'], ['B', 'C', 'A', 'D'], ['D', 'B', 'A', 'C']]","{'A': 5, 'D': 4, 'B': 3, 'C': 3}","[0.58, 1.0, 1.0]",4.0
95,"[2, 3, 4]","[3, 4, 4]","[0.46, 0.79, 0.88]","[['A', 'D', 'B', 'C'], ['B', 'D', 'A', 'C'], ['A', 'B', 'C', 'D']]","{'A': 5, 'D': 4, 'B': 3, 'C': 3}","[0.58, 1.0, 1.0]",4.0
95,"[2, 3, 4]","[3, 4, 4]","[0.46, 0.79, 0.88]","[['A', 'D', 'B', 'C'], ['B', 'D', 'A', 'C'], ['A', 'B', 'D', 'C']]","{'A': 5, 'D': 5, 'B': 3, 'C': 2}","[0.58, 1.0, 1.0]",4.0
95,"[2, 3, 4]","[3, 4, 4]","[0.46, 0.79, 0.88]","[['A', 'D', 'B', 'C'], ['B', 'D', 'A', 'C'], ['A', 'C', 'B', 'D']]","{'A': 5, 'D': 4, 'B': 3, 'C': 3}","[0.58, 1.0, 1.0]",4.0
95,"[2, 3, 4]","[3, 4, 4]","[0.46, 0.79, 0.88]","[['A', 'D', 'B', 'C'], ['B', 'D', 'A', 'C'], ['A', 'C', 'D', 'B']]","{'A': 5, 'D': 5, 'C': 3, 'B': 2}","[0.58, 1.0, 1.0]",4.25
95,"[2, 3, 4]","[3, 4, 4]","[0.46, 0.79, 0.88]","[['A', 'D', 'B', 'C'], ['B', 'D', 'A', 'C'], ['A', 'D', 'B', 'C']]","{'A': 5, 'D': 5, 'B': 3, 'C': 2}","[0.58, 1.0, 1.0]",4.0
95,"[2, 3, 4]","[3, 4, 4]","[0.46, 0.79, 0.88]","[['A', 'D', 'B', 'C'], ['B', 'D', 'A', 'C'], ['A', 'D', 'C', 'B']]","{'A': 5, 'D': 5, 'C': 3, 'B': 2}","[0.58, 1.0, 1.0]",4.25
95,"[2, 3, 4]","[3, 4, 4]","[0.46, 0.79, 0.88]","[['A', 'D', 'B', 'C'], ['B', 'D', 'A', 'C'], ['B', 'A', 'C', 'D']]","{'A': 5, 'D': 4, 'B': 3, 'C': 3}","[0.58, 1.0, 1.0]",4.0
95,"[2, 3, 4]","[3, 4, 4]","[0.46, 0.79, 0.88]","[['A', 'D', 'B', 'C'], ['B', 'D', 'A', 'C'], ['B', 'A', 'D', 'C']]","{'A': 5, 'D': 5, 'B': 3, 'C': 2}","[0.58, 1.0, 1.0]",4.0
95,"[2, 3, 4]","[3, 4, 4]","[0.46, 0.79, 0.88]","[['A', 'D', 'B', 'C'], ['B', 'D', 'A', 'C'], ['B', 'C', 'A', 'D']]","{'A': 5, 'D': 4, 'B': 3, 'C': 3}","[0.58, 1.0, 1.0]",4.0
95,"[2, 3, 4]","[3, 4, 4]","[0.46, 0.79, 0.88]","[['A', 'D', 'B', 'C'], ['B', 'D', 'A', 'C'], ['B', 'D', 'A', 'C']]","{'A': 5, 'D': 5, 'B': 3, 'C': 2}","[0.58, 1.0, 1.0]",4.0
95,"[2, 3, 4]","[3, 4, 4]","[0.46, 0.79, 0.88]","[['A', 'D', 'B', 'C'], ['B', 'D', 'A', 'C'], ['C', 'A', 'B', 'D']]","{'A': 5, 'D': 4, 'B': 3, 'C': 3}","[0.58, 1.0, 1.0]",4.0
95,"[2, 3, 4]","[3, 4, 4]","[0.46, 0.79, 0.88]","[['A', 'D', 'B', 'C'], ['B', 'D', 'A', 'C'], ['C', 'A', 'D', 'B']]","{'A': 5, 'D': 5, 'C': 3, 'B': 2}","[0.58, 1.0, 1.0]",4.25
95,"[2, 3, 4]","[3, 4, 4]","[0.46, 0.79, 0.88]","[['A', 'D', 'B', 'C'], ['B', 'D', 'A', 'C'], ['C', 'B', 'A', 'D']]","{'A': 5, 'D': 4, 'B': 3, 'C': 3}","[0.58, 1.0, 1.0]",4.0
95,"[2, 3, 4]","[3, 4, 4]","[0.46, 0.79, 0.88]","[['A', 'D', 'B', 'C'], ['B', 'D', 'A', 'C'], ['C', 'D', 'A', 'B']]","{'A': 5, 'D': 5, 'C': 3, 'B': 2}","[0.58, 1.0, 1.0]",4.25
95,"[2, 3, 4]","[3, 4, 4]","[0.46, 0.79, 0.88]","[['A', 'D', 'B', 'C'], ['B', 'D', 'A', 'C'], ['D', 'A', 'B', 'C']]","{'A': 5, 'D': 5, 'B': 3, 'C': 2}","[0.58, 1.0, 1.0]",4.0
95,"[2, 3, 4]","[3, 4, 4]","[0.46, 0.79, 0.88]","[['A', 'D', 'B', 'C'], ['B', 'D', 'A', 'C'], ['D', 'A', 'C', 'B']]","{'A': 5, 'D': 5, 'C': 3, 'B': 2}","[0.58, 1.0, 1.0]",4.25
95,"[2, 3, 4]","[3, 4, 4]","[0.46, 0.79, 0.88]","[['A', 'D', 'B', 'C'], ['B', 'D', 'A', 'C'], ['D', 'B', 'A', 'C']]","{'A': 5, 'D': 5, 'B': 3, 'C': 2}","[0.58, 1.0, 1.0]",4.0
95,"[2, 3, 4]","[3, 4, 4]","[0.46, 0.79, 0.88]","[['A', 'D', 'B', 'C'], ['B', 'D', 'A', 'C'], ['D', 'C', 'A', 'B']]","{'A': 5, 'D': 5, 'C': 3, 'B': 2}","[0.58, 1.0, 1.0]",4.25
95,"[2, 3, 4]","[3, 4, 4]","[0.46, 0.79, 0.88]","[['A', 'D', 'B', 'C'], ['C', 'A', 'B', 'D'], ['A', 'B', 'D', 'C']]","{'A': 5, 'D': 4, 'B': 3, 'C': 3}","[0.58, 1.0, 1.0]",4.0
95,"[2, 3, 4]","[3, 4, 4]","[0.46, 0.79, 0.88]","[['A', 'D', 'B', 'C'], ['C', 'A', 'B', 'D'], ['A', 'D', 'B', 'C']]","{'A': 5, 'D': 4, 'B': 3, 'C': 3}","[0.58, 1.0, 1.0]",4.0
95,"[2, 3, 4]","[3, 4, 4]","[0.46, 0.79, 0.88]","[['A', 'D', 'B', 'C'], ['C', 'A', 'B', 'D'], ['B', 'A', 'D', 'C']]","{'A': 5, 'D': 4, 'B': 3, 'C': 3}","[0.58, 1.0, 1.0]",4.0
95,"[2, 3, 4]","[3, 4, 4]","[0.46, 0.79, 0.88]","[['A', 'D', 'B', 'C'], ['C', 'A', 'B', 'D'], ['B', 'D', 'A', 'C']]","{'A': 5, 'D': 4, 'B': 3, 'C': 3}","[0.58, 1.0, 1.0]",4.0
95,"[2, 3, 4]","[3, 4, 4]","[0.46, 0.79, 0.88]","[['A', 'D', 'B', 'C'], ['C', 'A', 'B', 'D'], ['D', 'A', 'B', 'C']]","{'A': 5, 'D': 4, 'B': 3, 'C': 3}","[0.58, 1.0, 1.0]",4.0
95,"[2, 3, 4]","[3, 4, 4]","[0.46, 0.79, 0.88]","[['A', 'D', 'B', 'C'], ['C', 'A', 'B', 'D'], ['D', 'B', 'A', 'C']]","{'A': 5, 'D': 4, 'B': 3, 'C': 3}","[0.58, 1.0, 1.0]",4.0
95,"[2, 3, 4]","[3, 4, 4]","[0.46, 0.79, 0.88]","[['A', 'D', 'B', 'C'], ['C', 'A', 'D', 'B'], ['A', 'B', 'D', 'C']]","{'A': 5, 'D': 5, 'C': 3, 'B': 2}","[0.58, 1.0, 1.0]",4.25
95,"[2, 3, 4]","[3, 4, 4]","[0.46, 0.79, 0.88]","[['A', 'D', 'B', 'C'], ['C', 'A', 'D', 'B'], ['A', 'C', 'D', 'B']]","{'A': 5, 'D': 5, 'C': 4, 'B': 1}","[0.58, 1.0, 1.0]",4.25
95,"[2, 3, 4]","[3, 4, 4]","[0.46, 0.79, 0.88]","[['A', 'D', 'B', 'C'], ['C', 'A', 'D', 'B'], ['A', 'D', 'B', 'C']]","{'A': 5, 'D': 5, 'C': 3, 'B': 2}","[0.58, 1.0, 1.0]",4.25
95,"[2, 3, 4]","[3, 4, 4]","[0.46, 0.79, 0.88]","[['A', 'D', 'B', 'C'], ['C', 'A', 'D', 'B'], ['A', 'D', 'C', 'B']]","{'A': 5, 'D': 5, 'C': 4, 'B': 1}","[0.58, 1.0, 1.0]",4.25
95,"[2, 3, 4]","[3, 4, 4]","[0.46, 0.79, 0.88]","[['A', 'D', 'B', 'C'], ['C', 'A', 'D', 'B'], ['B', 'A', 'D', 'C']]","{'A': 5, 'D': 5, 'C': 3, 'B': 2}","[0.58, 1.0, 1.0]",4.25
95,"[2, 3, 4]","[3, 4, 4]","[0.46, 0.79, 0.88]","[['A', 'D', 'B', 'C'], ['C', 'A', 'D', 'B'], ['B', 'D', 'A', 'C']]","{'A': 5, 'D': 5, 'C': 3, 'B': 2}","[0.58, 1.0, 1.0]",4.25
95,"[2, 3, 4]","[3, 4, 4]","[0.46, 0.79, 0.88]","[['A', 'D', 'B', 'C'], ['C', 'A', 'D', 'B'], ['C', 'A', 'D', 'B']]","{'A': 5, 'D': 5, 'C': 4, 'B': 1}","[0.58, 1.0, 1.0]",4.25
95,"[2, 3, 4]","[3, 4, 4]","[0.46, 0.79, 0.88]","[['A', 'D', 'B', 'C'], ['C', 'A', 'D', 'B'], ['C', 'D', 'A', 'B']]","{'A': 5, 'D': 5, 'C': 4, 'B': 1}","[0.58, 1.0, 1.0]",4.25
95,"[2, 3, 4]","[3, 4, 4]","[0.46, 0.79, 0.88]","[['A', 'D', 'B', 'C'], ['C', 'A', 'D', 'B'], ['D', 'A', 'B', 'C']]","{'A': 5, 'D': 5, 'C': 3, 'B': 2}","[0.58, 1.0, 1.0]",4.25
95,"[2, 3, 4]","[3, 4, 4]","[0.46, 0.79, 0.88]","[['A', 'D', 'B', 'C'], ['C', 'A', 'D', 'B'], ['D', 'A', 'C', 'B']]","{'A': 5, 'D': 5, 'C': 4, 'B': 1}","[0.58, 1.0, 1.0]",4.25
95,"[2, 3, 4]","[3, 4, 4]","[0.46, 0.79, 0.88]","[['A', 'D', 'B', 'C'], ['C', 'A', 'D', 'B'], ['D', 'B', 'A', 'C']]","{'A': 5, 'D': 5, 'C': 3, 'B': 2}","[0.58, 1.0, 1.0]",4.25
95,"[2, 3, 4]","[3, 4, 4]","[0.46, 0.79, 0.88]","[['A', 'D', 'B', 'C'], ['C', 'A', 'D', 'B'], ['D', 'C', 'A', 'B']]","{'A': 5, 'D': 5, 'C': 4, 'B': 1}","[0.58, 1.0, 1.0]",4.25
95,"[2, 3, 4]","[3, 4, 4]","[0.46, 0.79, 0.88]","[['A', 'D', 'B', 'C'], ['C', 'B', 'A', 'D'], ['A', 'B', 'D', 'C']]","{'A': 5, 'D': 4, 'B': 3, 'C': 3}","[0.58, 1.0, 1.0]",4.0
95,"[2, 3, 4]","[3, 4, 4]","[0.46, 0.79, 0.88]","[['A', 'D', 'B', 'C'], ['C', 'B', 'A', 'D'], ['A', 'D', 'B', 'C']]","{'A': 5, 'D': 4, 'B': 3, 'C': 3}","[0.58, 1.0, 1.0]",4.0
95,"[2, 3, 4]","[3, 4, 4]","[0.46, 0.79, 0.88]","[['A', 'D', 'B', 'C'], ['C', 'B', 'A', 'D'], ['B', 'A', 'D', 'C']]","{'A': 5, 'D': 4, 'B': 3, 'C': 3}","[0.58, 1.0, 1.0]",4.0
95,"[2, 3, 4]","[3, 4, 4]","[0.46, 0.79, 0.88]","[['A', 'D', 'B', 'C'], ['C', 'B', 'A', 'D'], ['B', 'D', 'A', 'C']]","{'A': 5, 'D': 4, 'B': 3, 'C': 3}","[0.58, 1.0, 1.0]",4.0
95,"[2, 3, 4]","[3, 4, 4]","[0.46, 0.79, 0.88]","[['A', 'D', 'B', 'C'], ['C', 'B', 'A', 'D'], ['D', 'A', 'B', 'C']]","{'A': 5, 'D': 4, 'B': 3, 'C': 3}","[0.58, 1.0, 1.0]",4.0
95,"[2, 3, 4]","[3, 4, 4]","[0.46, 0.79, 0.88]","[['A', 'D', 'B', 'C'], ['C', 'B', 'A', 'D'], ['D', 'B', 'A', 'C']]","{'A': 5, 'D': 4, 'B': 3, 'C': 3}","[0.58, 1.0, 1.0]",4.0
95,"[2, 3, 4]","[3, 4, 4]","[0.46, 0.79, 0.88]","[['A', 'D', 'B', 'C'], ['C', 'D', 'A', 'B'], ['A', 'B', 'D', 'C']]","{'A': 5, 'D': 5, 'C': 3, 'B': 2}","[0.58, 1.0, 1.0]",4.25
95,"[2, 3, 4]","[3, 4, 4]","[0.46, 0.79, 0.88]","[['A', 'D', 'B', 'C'], ['C', 'D', 'A', 'B'], ['A', 'C', 'D', 'B']]","{'A': 5, 'D': 5, 'C': 4, 'B': 1}","[0.58, 1.0, 1.0]",4.25
95,"[2, 3, 4]","[3, 4, 4]","[0.46, 0.79, 0.88]","[['A', 'D', 'B', 'C'], ['C', 'D', 'A', 'B'], ['A', 'D', 'B', 'C']]","{'A': 5, 'D': 5, 'C': 3, 'B': 2}","[0.58, 1.0, 1.0]",4.25
95,"[2, 3, 4]","[3, 4, 4]","[0.46, 0.79, 0.88]","[['A', 'D', 'B', 'C'], ['C', 'D', 'A', 'B'], ['A', 'D', 'C', 'B']]","{'A': 5, 'D': 5, 'C': 4, 'B': 1}","[0.58, 1.0, 1.0]",4.25
95,"[2, 3, 4]","[3, 4, 4]","[0.46, 0.79, 0.88]","[['A', 'D', 'B', 'C'], ['C', 'D', 'A', 'B'], ['B', 'A', 'D', 'C']]","{'A': 5, 'D': 5, 'C': 3, 'B': 2}","[0.58, 1.0, 1.0]",4.25
95,"[2, 3, 4]","[3, 4, 4]","[0.46, 0.79, 0.88]","[['A', 'D', 'B', 'C'], ['C', 'D', 'A', 'B'], ['B', 'D', 'A', 'C']]","{'A': 5, 'D': 5, 'C': 3, 'B': 2}","[0.58, 1.0, 1.0]",4.25
95,"[2, 3, 4]","[3, 4, 4]","[0.46, 0.79, 0.88]","[['A', 'D', 'B', 'C'], ['C', 'D', 'A', 'B'], ['C', 'A', 'D', 'B']]","{'A': 5, 'D': 5, 'C': 4, 'B': 1}","[0.58, 1.0, 1.0]",4.25
95,"[2, 3, 4]","[3, 4, 4]","[0.46, 0.79, 0.88]","[['A', 'D', 'B', 'C'], ['C', 'D', 'A', 'B'], ['C', 'D', 'A', 'B']]","{'A': 5, 'D': 5, 'C': 4, 'B': 1}","[0.58, 1.0, 1.0]",4.25
95,"[2, 3, 4]","[3, 4, 4]","[0.46, 0.79, 0.88]","[['A', 'D', 'B', 'C'], ['C', 'D', 'A', 'B'], ['D', 'A', 'B', 'C']]","{'A': 5, 'D': 5, 'C': 3, 'B': 2}","[0.58, 1.0, 1.0]",4.25
95,"[2, 3, 4]","[3, 4, 4]","[0.46, 0.79, 0.88]","[['A', 'D', 'B', 'C'], ['C', 'D', 'A', 'B'], ['D', 'A', 'C', 'B']]","{'A': 5, 'D': 5, 'C': 4, 'B': 1}","[0.58, 1.0, 1.0]",4.25
95,"[2, 3, 4]","[3, 4, 4]","[0.46, 0.79, 0.88]","[['A', 'D', 'B', 'C'], ['C', 'D', 'A', 'B'], ['D', 'B', 'A', 'C']]","{'A': 5, 'D': 5, 'C': 3, 'B': 2}","[0.58, 1.0, 1.0]",4.25
95,"[2, 3, 4]","[3, 4, 4]","[0.46, 0.79, 0.88]","[['A', 'D', 'B', 'C'], ['C', 'D', 'A', 'B'], ['D', 'C', 'A', 'B']]","{'A': 5, 'D': 5, 'C': 4, 'B': 1}","[0.58, 1.0, 1.0]",4.25
95,"[2, 3, 4]","[3, 4, 4]","[0.46, 0.79, 0.88]","[['A', 'D', 'B', 'C'], ['D', 'A', 'B', 'C'], ['A', 'B', 'C', 'D']]","{'A': 5, 'D': 4, 'B': 3, 'C': 3}","[0.58, 1.0, 1.0]",4.0
95,"[2, 3, 4]","[3, 4, 4]","[0.46, 0.79, 0.88]","[['A', 'D', 'B', 'C'], ['D', 'A', 'B', 'C'], ['A', 'B', 'D', 'C']]","{'A': 5, 'D': 5, 'B': 3, 'C': 2}","[0.58, 1.0, 1.0]",4.0
95,"[2, 3, 4]","[3, 4, 4]","[0.46, 0.79, 0.88]","[['A', 'D', 'B', 'C'], ['D', 'A', 'B', 'C'], ['A', 'C', 'B', 'D']]","{'A': 5, 'D': 4, 'B': 3, 'C': 3}","[0.58, 1.0, 1.0]",4.0
95,"[2, 3, 4]","[3, 4, 4]","[0.46, 0.79, 0.88]","[['A', 'D', 'B', 'C'], ['D', 'A', 'B', 'C'], ['A', 'C', 'D', 'B']]","{'A': 5, 'D': 5, 'C': 3, 'B': 2}","[0.58, 1.0, 1.0]",4.25
95,"[2, 3, 4]","[3, 4, 4]","[0.46, 0.79, 0.88]","[['A', 'D', 'B', 'C'], ['D', 'A', 'B', 'C'], ['A', 'D', 'B', 'C']]","{'A': 5, 'D': 5, 'B': 3, 'C': 2}","[0.58, 1.0, 1.0]",4.0
95,"[2, 3, 4]","[3, 4, 4]","[0.46, 0.79, 0.88]","[['A', 'D', 'B', 'C'], ['D', 'A', 'B', 'C'], ['A', 'D', 'C', 'B']]","{'A': 5, 'D': 5, 'C': 3, 'B': 2}","[0.58, 1.0, 1.0]",4.25
95,"[2, 3, 4]","[3, 4, 4]","[0.46, 0.79, 0.88]","[['A', 'D', 'B', 'C'], ['D', 'A', 'B', 'C'], ['B', 'A', 'C', 'D']]","{'A': 5, 'D': 4, 'B': 3, 'C': 3}","[0.58, 1.0, 1.0]",4.0
95,"[2, 3, 4]","[3, 4, 4]","[0.46, 0.79, 0.88]","[['A', 'D', 'B', 'C'], ['D', 'A', 'B', 'C'], ['B', 'A', 'D', 'C']]","{'A': 5, 'D': 5, 'B': 3, 'C': 2}","[0.58, 1.0, 1.0]",4.0
95,"[2, 3, 4]","[3, 4, 4]","[0.46, 0.79, 0.88]","[['A', 'D', 'B', 'C'], ['D', 'A', 'B', 'C'], ['B', 'C', 'A', 'D']]","{'A': 5, 'D': 4, 'B': 3, 'C': 3}","[0.58, 1.0, 1.0]",4.0
95,"[2, 3, 4]","[3, 4, 4]","[0.46, 0.79, 0.88]","[['A', 'D', 'B', 'C'], ['D', 'A', 'B', 'C'], ['B', 'D', 'A', 'C']]","{'A': 5, 'D': 5, 'B': 3, 'C': 2}","[0.58, 1.0, 1.0]",4.0
95,"[2, 3, 4]","[3, 4, 4]","[0.46, 0.79, 0.88]","[['A', 'D', 'B', 'C'], ['D', 'A', 'B', 'C'], ['C', 'A', 'B', 'D']]","{'A': 5, 'D': 4, 'B': 3, 'C': 3}","[0.58, 1.0, 1.0]",4.0
95,"[2, 3, 4]","[3, 4, 4]","[0.46, 0.79, 0.88]","[['A', 'D', 'B', 'C'], ['D', 'A', 'B', 'C'], ['C', 'A', 'D', 'B']]","{'A': 5, 'D': 5, 'C': 3, 'B': 2}","[0.58, 1.0, 1.0]",4.25
95,"[2, 3, 4]","[3, 4, 4]","[0.46, 0.79, 0.88]","[['A', 'D', 'B', 'C'], ['D', 'A', 'B', 'C'], ['C', 'B', 'A', 'D']]","{'A': 5, 'D': 4, 'B': 3, 'C': 3}","[0.58, 1.0, 1.0]",4.0
95,"[2, 3, 4]","[3, 4, 4]","[0.46, 0.79, 0.88]","[['A', 'D', 'B', 'C'], ['D', 'A', 'B', 'C'], ['C', 'D', 'A', 'B']]","{'A': 5, 'D': 5, 'C': 3, 'B': 2}","[0.58, 1.0, 1.0]",4.25
95,"[2, 3, 4]","[3, 4, 4]","[0.46, 0.79, 0.88]","[['A', 'D', 'B', 'C'], ['D', 'A', 'B', 'C'], ['D', 'A', 'B', 'C']]","{'A': 5, 'D': 5, 'B': 3, 'C': 2}","[0.58, 1.0, 1.0]",4.0
95,"[2, 3, 4]","[3, 4, 4]","[0.46, 0.79, 0.88]","[['A', 'D', 'B', 'C'], ['D', 'A', 'B', 'C'], ['D', 'A', 'C', 'B']]","{'A': 5, 'D': 5, 'C': 3, 'B': 2}","[0.58, 1.0, 1.0]",4.25
95,"[2, 3, 4]","[3, 4, 4]","[0.46, 0.79, 0.88]","[['A', 'D', 'B', 'C'], ['D', 'A', 'B', 'C'], ['D', 'B', 'A', 'C']]","{'A': 5, 'D': 5, 'B': 3, 'C': 2}","[0.58, 1.0, 1.0]",4.0
95,"[2, 3, 4]","[3, 4, 4]","[0.46, 0.79, 0.88]","[['A', 'D', 'B', 'C'], ['D', 'A', 'B', 'C'], ['D', 'C', 'A', 'B']]","{'A': 5, 'D': 5, 'C': 3, 'B': 2}","[0.58, 1.0, 1.0]",4.25
95,"[2, 3, 4]","[3, 4, 4]","[0.46, 0.79, 0.88]","[['A', 'D', 'B', 'C'], ['D', 'A', 'C', 'B'], ['A', 'B', 'D', 'C']]","{'A': 5, 'D': 5, 'C': 3, 'B': 2}","[0.58, 1.0, 1.0]",4.25
95,"[2, 3, 4]","[3, 4, 4]","[0.46, 0.79, 0.88]","[['A', 'D', 'B', 'C'], ['D', 'A', 'C', 'B'], ['A', 'C', 'D', 'B']]","{'A': 5, 'D': 5, 'C': 4, 'B': 1}","[0.58, 1.0, 1.0]",4.25
95,"[2, 3, 4]","[3, 4, 4]","[0.46, 0.79, 0.88]","[['A', 'D', 'B', 'C'], ['D', 'A', 'C', 'B'], ['A', 'D', 'B', 'C']]","{'A': 5, 'D': 5, 'C': 3, 'B': 2}","[0.58, 1.0, 1.0]",4.25
95,"[2, 3, 4]","[3, 4, 4]","[0.46, 0.79, 0.88]","[['A', 'D', 'B', 'C'], ['D', 'A', 'C', 'B'], ['A', 'D', 'C', 'B']]","{'A': 5, 'D': 5, 'C': 4, 'B': 1}","[0.58, 1.0, 1.0]",4.25
95,"[2, 3, 4]","[3, 4, 4]","[0.46, 0.79, 0.88]","[['A', 'D', 'B', 'C'], ['D', 'A', 'C', 'B'], ['B', 'A', 'D', 'C']]","{'A': 5, 'D': 5, 'C': 3, 'B': 2}","[0.58, 1.0, 1.0]",4.25
95,"[2, 3, 4]","[3, 4, 4]","[0.46, 0.79, 0.88]","[['A', 'D', 'B', 'C'], ['D', 'A', 'C', 'B'], ['B', 'D', 'A', 'C']]","{'A': 5, 'D': 5, 'C': 3, 'B': 2}","[0.58, 1.0, 1.0]",4.25
95,"[2, 3, 4]","[3, 4, 4]","[0.46, 0.79, 0.88]","[['A', 'D', 'B', 'C'], ['D', 'A', 'C', 'B'], ['C', 'A', 'D', 'B']]","{'A': 5, 'D': 5, 'C': 4, 'B': 1}","[0.58, 1.0, 1.0]",4.25
95,"[2, 3, 4]","[3, 4, 4]","[0.46, 0.79, 0.88]","[['A', 'D', 'B', 'C'], ['D', 'A', 'C', 'B'], ['C', 'D', 'A', 'B']]","{'A': 5, 'D': 5, 'C': 4, 'B': 1}","[0.58, 1.0, 1.0]",4.25
95,"[2, 3, 4]","[3, 4, 4]","[0.46, 0.79, 0.88]","[['A', 'D', 'B', 'C'], ['D', 'A', 'C', 'B'], ['D', 'A', 'B', 'C']]","{'A': 5, 'D': 5, 'C': 3, 'B': 2}","[0.58, 1.0, 1.0]",4.25
95,"[2, 3, 4]","[3, 4, 4]","[0.46, 0.79, 0.88]","[['A', 'D', 'B', 'C'], ['D', 'A', 'C', 'B'], ['D', 'A', 'C', 'B']]","{'A': 5, 'D': 5, 'C': 4, 'B': 1}","[0.58, 1.0, 1.0]",4.25
95,"[2, 3, 4]","[3, 4, 4]","[0.46, 0.79, 0.88]","[['A', 'D', 'B', 'C'], ['D', 'A', 'C', 'B'], ['D', 'B', 'A', 'C']]","{'A': 5, 'D': 5, 'C': 3, 'B': 2}","[0.58, 1.0, 1.0]",4.25
95,"[2, 3, 4]","[3, 4, 4]","[0.46, 0.79, 0.88]","[['A', 'D', 'B', 'C'], ['D', 'A', 'C', 'B'], ['D', 'C', 'A', 'B']]","{'A': 5, 'D': 5, 'C': 4, 'B': 1}","[0.58, 1.0, 1.0]",4.25
95,"[2, 3, 4]","[3, 4, 4]","[0.46, 0.79, 0.88]","[['A', 'D', 'B', 'C'], ['D', 'B', 'A', 'C'], ['A', 'B', 'C', 'D']]","{'A': 5, 'D': 4, 'B': 3, 'C': 3}","[0.58, 1.0, 1.0]",4.0
95,"[2, 3, 4]","[3, 4, 4]","[0.46, 0.79, 0.88]","[['A', 'D', 'B', 'C'], ['D', 'B', 'A', 'C'], ['A', 'B', 'D', 'C']]","{'A': 5, 'D': 5, 'B': 3, 'C': 2}","[0.58, 1.0, 1.0]",4.0
95,"[2, 3, 4]","[3, 4, 4]","[0.46, 0.79, 0.88]","[['A', 'D', 'B', 'C'], ['D', 'B', 'A', 'C'], ['A', 'C', 'B', 'D']]","{'A': 5, 'D': 4, 'B': 3, 'C': 3}","[0.58, 1.0, 1.0]",4.0
95,"[2, 3, 4]","[3, 4, 4]","[0.46, 0.79, 0.88]","[['A', 'D', 'B', 'C'], ['D', 'B', 'A', 'C'], ['A', 'C', 'D', 'B']]","{'A': 5, 'D': 5, 'C': 3, 'B': 2}","[0.58, 1.0, 1.0]",4.25
95,"[2, 3, 4]","[3, 4, 4]","[0.46, 0.79, 0.88]","[['A', 'D', 'B', 'C'], ['D', 'B', 'A', 'C'], ['A', 'D', 'B', 'C']]","{'A': 5, 'D': 5, 'B': 3, 'C': 2}","[0.58, 1.0, 1.0]",4.0
95,"[2, 3, 4]","[3, 4, 4]","[0.46, 0.79, 0.88]","[['A', 'D', 'B', 'C'], ['D', 'B', 'A', 'C'], ['A', 'D', 'C', 'B']]","{'A': 5, 'D': 5, 'C': 3, 'B': 2}","[0.58, 1.0, 1.0]",4.25
95,"[2, 3, 4]","[3, 4, 4]","[0.46, 0.79, 0.88]","[['A', 'D', 'B', 'C'], ['D', 'B', 'A', 'C'], ['B', 'A', 'C', 'D']]","{'A': 5, 'D': 4, 'B': 3, 'C': 3}","[0.58, 1.0, 1.0]",4.0
95,"[2, 3, 4]","[3, 4, 4]","[0.46, 0.79, 0.88]","[['A', 'D', 'B', 'C'], ['D', 'B', 'A', 'C'], ['B', 'A', 'D', 'C']]","{'A': 5, 'D': 5, 'B': 3, 'C': 2}","[0.58, 1.0, 1.0]",4.0
95,"[2, 3, 4]","[3, 4, 4]","[0.46, 0.79, 0.88]","[['A', 'D', 'B', 'C'], ['D', 'B', 'A', 'C'], ['B', 'C', 'A', 'D']]","{'A': 5, 'D': 4, 'B': 3, 'C': 3}","[0.58, 1.0, 1.0]",4.0
95,"[2, 3, 4]","[3, 4, 4]","[0.46, 0.79, 0.88]","[['A', 'D', 'B', 'C'], ['D', 'B', 'A', 'C'], ['B', 'D', 'A', 'C']]","{'A': 5, 'D': 5, 'B': 3, 'C': 2}","[0.58, 1.0, 1.0]",4.0
95,"[2, 3, 4]","[3, 4, 4]","[0.46, 0.79, 0.88]","[['A', 'D', 'B', 'C'], ['D', 'B', 'A', 'C'], ['C', 'A', 'B', 'D']]","{'A': 5, 'D': 4, 'B': 3, 'C': 3}","[0.58, 1.0, 1.0]",4.0
95,"[2, 3, 4]","[3, 4, 4]","[0.46, 0.79, 0.88]","[['A', 'D', 'B', 'C'], ['D', 'B', 'A', 'C'], ['C', 'A', 'D', 'B']]","{'A': 5, 'D': 5, 'C': 3, 'B': 2}","[0.58, 1.0, 1.0]",4.25
95,"[2, 3, 4]","[3, 4, 4]","[0.46, 0.79, 0.88]","[['A', 'D', 'B', 'C'], ['D', 'B', 'A', 'C'], ['C', 'B', 'A', 'D']]","{'A': 5, 'D': 4, 'B': 3, 'C': 3}","[0.58, 1.0, 1.0]",4.0
95,"[2, 3, 4]","[3, 4, 4]","[0.46, 0.79, 0.88]","[['A', 'D', 'B', 'C'], ['D', 'B', 'A', 'C'], ['C', 'D', 'A', 'B']]","{'A': 5, 'D': 5, 'C': 3, 'B': 2}","[0.58, 1.0, 1.0]",4.25
95,"[2, 3, 4]","[3, 4, 4]","[0.46, 0.79, 0.88]","[['A', 'D', 'B', 'C'], ['D', 'B', 'A', 'C'], ['D', 'A', 'B', 'C']]","{'A': 5, 'D': 5, 'B': 3, 'C': 2}","[0.58, 1.0, 1.0]",4.0
95,"[2, 3, 4]","[3, 4, 4]","[0.46, 0.79, 0.88]","[['A', 'D', 'B', 'C'], ['D', 'B', 'A', 'C'], ['D', 'A', 'C', 'B']]","{'A': 5, 'D': 5, 'C': 3, 'B': 2}","[0.58, 1.0, 1.0]",4.25
95,"[2, 3, 4]","[3, 4, 4]","[0.46, 0.79, 0.88]","[['A', 'D', 'B', 'C'], ['D', 'B', 'A', 'C'], ['D', 'B', 'A', 'C']]","{'A': 5, 'D': 5, 'B': 3, 'C': 2}","[0.58, 1.0, 1.0]",4.0
95,"[2, 3, 4]","[3, 4, 4]","[0.46, 0.79, 0.88]","[['A', 'D', 'B', 'C'], ['D', 'B', 'A', 'C'], ['D', 'C', 'A', 'B']]","{'A': 5, 'D': 5, 'C': 3, 'B': 2}","[0.58, 1.0, 1.0]",4.25
95,"[2, 3, 4]","[3, 4, 4]","[0.46, 0.79, 0.88]","[['A', 'D', 'B', 'C'], ['D', 'C', 'A', 'B'], ['A', 'B', 'D', 'C']]","{'A': 5, 'D': 5, 'C': 3, 'B': 2}","[0.58, 1.0, 1.0]",4.25
95,"[2, 3, 4]","[3, 4, 4]","[0.46, 0.79, 0.88]","[['A', 'D', 'B', 'C'], ['D', 'C', 'A', 'B'], ['A', 'C', 'D', 'B']]","{'A': 5, 'D': 5, 'C': 4, 'B': 1}","[0.58, 1.0, 1.0]",4.25
95,"[2, 3, 4]","[3, 4, 4]","[0.46, 0.79, 0.88]","[['A', 'D', 'B', 'C'], ['D', 'C', 'A', 'B'], ['A', 'D', 'B', 'C']]","{'A': 5, 'D': 5, 'C': 3, 'B': 2}","[0.58, 1.0, 1.0]",4.25
95,"[2, 3, 4]","[3, 4, 4]","[0.46, 0.79, 0.88]","[['A', 'D', 'B', 'C'], ['D', 'C', 'A', 'B'], ['A', 'D', 'C', 'B']]","{'A': 5, 'D': 5, 'C': 4, 'B': 1}","[0.58, 1.0, 1.0]",4.25
95,"[2, 3, 4]","[3, 4, 4]","[0.46, 0.79, 0.88]","[['A', 'D', 'B', 'C'], ['D', 'C', 'A', 'B'], ['B', 'A', 'D', 'C']]","{'A': 5, 'D': 5, 'C': 3, 'B': 2}","[0.58, 1.0, 1.0]",4.25
95,"[2, 3, 4]","[3, 4, 4]","[0.46, 0.79, 0.88]","[['A', 'D', 'B', 'C'], ['D', 'C', 'A', 'B'], ['B', 'D', 'A', 'C']]","{'A': 5, 'D': 5, 'C': 3, 'B': 2}","[0.58, 1.0, 1.0]",4.25
95,"[2, 3, 4]","[3, 4, 4]","[0.46, 0.79, 0.88]","[['A', 'D', 'B', 'C'], ['D', 'C', 'A', 'B'], ['C', 'A', 'D', 'B']]","{'A': 5, 'D': 5, 'C': 4, 'B': 1}","[0.58, 1.0, 1.0]",4.25
95,"[2, 3, 4]","[3, 4, 4]","[0.46, 0.79, 0.88]","[['A', 'D', 'B', 'C'], ['D', 'C', 'A', 'B'], ['C', 'D', 'A', 'B']]","{'A': 5, 'D': 5, 'C': 4, 'B': 1}","[0.58, 1.0, 1.0]",4.25
95,"[2, 3, 4]","[3, 4, 4]","[0.46, 0.79, 0.88]","[['A', 'D', 'B', 'C'], ['D', 'C', 'A', 'B'], ['D', 'A', 'B', 'C']]","{'A': 5, 'D': 5, 'C': 3, 'B': 2}","[0.58, 1.0, 1.0]",4.25
95,"[2, 3, 4]","[3, 4, 4]","[0.46, 0.79, 0.88]","[['A', 'D', 'B', 'C'], ['D', 'C', 'A', 'B'], ['D', 'A', 'C', 'B']]","{'A': 5, 'D': 5, 'C': 4, 'B': 1}","[0.58, 1.0, 1.0]",4.25
95,"[2, 3, 4]","[3, 4, 4]","[0.46, 0.79, 0.88]","[['A', 'D', 'B', 'C'], ['D', 'C', 'A', 'B'], ['D', 'B', 'A', 'C']]","{'A': 5, 'D': 5, 'C': 3, 'B': 2}","[0.58, 1.0, 1.0]",4.25
95,"[2, 3, 4]","[3, 4, 4]","[0.46, 0.79, 0.88]","[['A', 'D', 'B', 'C'], ['D', 'C', 'A', 'B'], ['D', 'C', 'A', 'B']]","{'A': 5, 'D': 5, 'C': 4, 'B': 1}","[0.58, 1.0, 1.0]",4.25
95,"[2, 3, 4]","[3, 4, 4]","[0.46, 0.79, 0.88]","[['A', 'D', 'C', 'B'], ['A', 'B', 'D', 'C'], ['A', 'B', 'D', 'C']]","{'A': 5, 'D': 5, 'C': 3, 'B': 2}","[0.58, 1.0, 1.0]",4.25
95,"[2, 3, 4]","[3, 4, 4]","[0.46, 0.79, 0.88]","[['A', 'D', 'C', 'B'], ['A', 'B', 'D', 'C'], ['A', 'C', 'D', 'B']]","{'A': 5, 'D': 5, 'C': 4, 'B': 1}","[0.58, 1.0, 1.0]",4.25
95,"[2, 3, 4]","[3, 4, 4]","[0.46, 0.79, 0.88]","[['A', 'D', 'C', 'B'], ['A', 'B', 'D', 'C'], ['A', 'D', 'B', 'C']]","{'A': 5, 'D': 5, 'C': 3, 'B': 2}","[0.58, 1.0, 1.0]",4.25
95,"[2, 3, 4]","[3, 4, 4]","[0.46, 0.79, 0.88]","[['A', 'D', 'C', 'B'], ['A', 'B', 'D', 'C'], ['A', 'D', 'C', 'B']]","{'A': 5, 'D': 5, 'C': 4, 'B': 1}","[0.58, 1.0, 1.0]",4.25
95,"[2, 3, 4]","[3, 4, 4]","[0.46, 0.79, 0.88]","[['A', 'D', 'C', 'B'], ['A', 'B', 'D', 'C'], ['B', 'A', 'D', 'C']]","{'A': 5, 'D': 5, 'C': 3, 'B': 2}","[0.58, 1.0, 1.0]",4.25
95,"[2, 3, 4]","[3, 4, 4]","[0.46, 0.79, 0.88]","[['A', 'D', 'C', 'B'], ['A', 'B', 'D', 'C'], ['B', 'D', 'A', 'C']]","{'A': 5, 'D': 5, 'C': 3, 'B': 2}","[0.58, 1.0, 1.0]",4.25
95,"[2, 3, 4]","[3, 4, 4]","[0.46, 0.79, 0.88]","[['A', 'D', 'C', 'B'], ['A', 'B', 'D', 'C'], ['C', 'A', 'D', 'B']]","{'A': 5, 'D': 5, 'C': 4, 'B': 1}","[0.58, 1.0, 1.0]",4.25
95,"[2, 3, 4]","[3, 4, 4]","[0.46, 0.79, 0.88]","[['A', 'D', 'C', 'B'], ['A', 'B', 'D', 'C'], ['C', 'D', 'A', 'B']]","{'A': 5, 'D': 5, 'C': 4, 'B': 1}","[0.58, 1.0, 1.0]",4.25
95,"[2, 3, 4]","[3, 4, 4]","[0.46, 0.79, 0.88]","[['A', 'D', 'C', 'B'], ['A', 'B', 'D', 'C'], ['D', 'A', 'B', 'C']]","{'A': 5, 'D': 5, 'C': 3, 'B': 2}","[0.58, 1.0, 1.0]",4.25
95,"[2, 3, 4]","[3, 4, 4]","[0.46, 0.79, 0.88]","[['A', 'D', 'C', 'B'], ['A', 'B', 'D', 'C'], ['D', 'A', 'C', 'B']]","{'A': 5, 'D': 5, 'C': 4, 'B': 1}","[0.58, 1.0, 1.0]",4.25
95,"[2, 3, 4]","[3, 4, 4]","[0.46, 0.79, 0.88]","[['A', 'D', 'C', 'B'], ['A', 'B', 'D', 'C'], ['D', 'B', 'A', 'C']]","{'A': 5, 'D': 5, 'C': 3, 'B': 2}","[0.58, 1.0, 1.0]",4.25
95,"[2, 3, 4]","[3, 4, 4]","[0.46, 0.79, 0.88]","[['A', 'D', 'C', 'B'], ['A', 'B', 'D', 'C'], ['D', 'C', 'A', 'B']]","{'A': 5, 'D': 5, 'C': 4, 'B': 1}","[0.58, 1.0, 1.0]",4.25
95,"[2, 3, 4]","[3, 4, 4]","[0.46, 0.79, 0.88]","[['A', 'D', 'C', 'B'], ['A', 'C', 'D', 'B'], ['A', 'B', 'D', 'C']]","{'A': 5, 'D': 5, 'C': 4, 'B': 1}","[0.58, 1.0, 1.0]",4.25
95,"[2, 3, 4]","[3, 4, 4]","[0.46, 0.79, 0.88]","[['A', 'D', 'C', 'B'], ['A', 'C', 'D', 'B'], ['A', 'D', 'B', 'C']]","{'A': 5, 'D': 5, 'C': 4, 'B': 1}","[0.58, 1.0, 1.0]",4.25
95,"[2, 3, 4]","[3, 4, 4]","[0.46, 0.79, 0.88]","[['A', 'D', 'C', 'B'], ['A', 'C', 'D', 'B'], ['B', 'A', 'D', 'C']]","{'A': 5, 'D': 5, 'C': 4, 'B': 1}","[0.58, 1.0, 1.0]",4.25
95,"[2, 3, 4]","[3, 4, 4]","[0.46, 0.79, 0.88]","[['A', 'D', 'C', 'B'], ['A', 'C', 'D', 'B'], ['B', 'D', 'A', 'C']]","{'A': 5, 'D': 5, 'C': 4, 'B': 1}","[0.58, 1.0, 1.0]",4.25
95,"[2, 3, 4]","[3, 4, 4]","[0.46, 0.79, 0.88]","[['A', 'D', 'C', 'B'], ['A', 'C', 'D', 'B'], ['D', 'A', 'B', 'C']]","{'A': 5, 'D': 5, 'C': 4, 'B': 1}","[0.58, 1.0, 1.0]",4.25
95,"[2, 3, 4]","[3, 4, 4]","[0.46, 0.79, 0.88]","[['A', 'D', 'C', 'B'], ['A', 'C', 'D', 'B'], ['D', 'B', 'A', 'C']]","{'A': 5, 'D': 5, 'C': 4, 'B': 1}","[0.58, 1.0, 1.0]",4.25
95,"[2, 3, 4]","[3, 4, 4]","[0.46, 0.79, 0.88]","[['A', 'D', 'C', 'B'], ['A', 'D', 'B', 'C'], ['A', 'B', 'D', 'C']]","{'A': 5, 'D': 5, 'C': 3, 'B': 2}","[0.58, 1.0, 1.0]",4.25
95,"[2, 3, 4]","[3, 4, 4]","[0.46, 0.79, 0.88]","[['A', 'D', 'C', 'B'], ['A', 'D', 'B', 'C'], ['A', 'C', 'D', 'B']]","{'A': 5, 'D': 5, 'C': 4, 'B': 1}","[0.58, 1.0, 1.0]",4.25
95,"[2, 3, 4]","[3, 4, 4]","[0.46, 0.79, 0.88]","[['A', 'D', 'C', 'B'], ['A', 'D', 'B', 'C'], ['A', 'D', 'B', 'C']]","{'A': 5, 'D': 5, 'C': 3, 'B': 2}","[0.58, 1.0, 1.0]",4.25
95,"[2, 3, 4]","[3, 4, 4]","[0.46, 0.79, 0.88]","[['A', 'D', 'C', 'B'], ['A', 'D', 'B', 'C'], ['A', 'D', 'C', 'B']]","{'A': 5, 'D': 5, 'C': 4, 'B': 1}","[0.58, 1.0, 1.0]",4.25
95,"[2, 3, 4]","[3, 4, 4]","[0.46, 0.79, 0.88]","[['A', 'D', 'C', 'B'], ['A', 'D', 'B', 'C'], ['B', 'A', 'D', 'C']]","{'A': 5, 'D': 5, 'C': 3, 'B': 2}","[0.58, 1.0, 1.0]",4.25
95,"[2, 3, 4]","[3, 4, 4]","[0.46, 0.79, 0.88]","[['A', 'D', 'C', 'B'], ['A', 'D', 'B', 'C'], ['B', 'D', 'A', 'C']]","{'A': 5, 'D': 5, 'C': 3, 'B': 2}","[0.58, 1.0, 1.0]",4.25
95,"[2, 3, 4]","[3, 4, 4]","[0.46, 0.79, 0.88]","[['A', 'D', 'C', 'B'], ['A', 'D', 'B', 'C'], ['C', 'A', 'D', 'B']]","{'A': 5, 'D': 5, 'C': 4, 'B': 1}","[0.58, 1.0, 1.0]",4.25
95,"[2, 3, 4]","[3, 4, 4]","[0.46, 0.79, 0.88]","[['A', 'D', 'C', 'B'], ['A', 'D', 'B', 'C'], ['C', 'D', 'A', 'B']]","{'A': 5, 'D': 5, 'C': 4, 'B': 1}","[0.58, 1.0, 1.0]",4.25
95,"[2, 3, 4]","[3, 4, 4]","[0.46, 0.79, 0.88]","[['A', 'D', 'C', 'B'], ['A', 'D', 'B', 'C'], ['D', 'A', 'B', 'C']]","{'A': 5, 'D': 5, 'C': 3, 'B': 2}","[0.58, 1.0, 1.0]",4.25
95,"[2, 3, 4]","[3, 4, 4]","[0.46, 0.79, 0.88]","[['A', 'D', 'C', 'B'], ['A', 'D', 'B', 'C'], ['D', 'A', 'C', 'B']]","{'A': 5, 'D': 5, 'C': 4, 'B': 1}","[0.58, 1.0, 1.0]",4.25
95,"[2, 3, 4]","[3, 4, 4]","[0.46, 0.79, 0.88]","[['A', 'D', 'C', 'B'], ['A', 'D', 'B', 'C'], ['D', 'B', 'A', 'C']]","{'A': 5, 'D': 5, 'C': 3, 'B': 2}","[0.58, 1.0, 1.0]",4.25
95,"[2, 3, 4]","[3, 4, 4]","[0.46, 0.79, 0.88]","[['A', 'D', 'C', 'B'], ['A', 'D', 'B', 'C'], ['D', 'C', 'A', 'B']]","{'A': 5, 'D': 5, 'C': 4, 'B': 1}","[0.58, 1.0, 1.0]",4.25
95,"[2, 3, 4]","[3, 4, 4]","[0.46, 0.79, 0.88]","[['A', 'D', 'C', 'B'], ['A', 'D', 'C', 'B'], ['A', 'B', 'D', 'C']]","{'A': 5, 'D': 5, 'C': 4, 'B': 1}","[0.58, 1.0, 1.0]",4.25
95,"[2, 3, 4]","[3, 4, 4]","[0.46, 0.79, 0.88]","[['A', 'D', 'C', 'B'], ['A', 'D', 'C', 'B'], ['A', 'D', 'B', 'C']]","{'A': 5, 'D': 5, 'C': 4, 'B': 1}","[0.58, 1.0, 1.0]",4.25
95,"[2, 3, 4]","[3, 4, 4]","[0.46, 0.79, 0.88]","[['A', 'D', 'C', 'B'], ['A', 'D', 'C', 'B'], ['B', 'A', 'D', 'C']]","{'A': 5, 'D': 5, 'C': 4, 'B': 1}","[0.58, 1.0, 1.0]",4.25
95,"[2, 3, 4]","[3, 4, 4]","[0.46, 0.79, 0.88]","[['A', 'D', 'C', 'B'], ['A', 'D', 'C', 'B'], ['B', 'D', 'A', 'C']]","{'A': 5, 'D': 5, 'C': 4, 'B': 1}","[0.58, 1.0, 1.0]",4.25
95,"[2, 3, 4]","[3, 4, 4]","[0.46, 0.79, 0.88]","[['A', 'D', 'C', 'B'], ['A', 'D', 'C', 'B'], ['D', 'A', 'B', 'C']]","{'A': 5, 'D': 5, 'C': 4, 'B': 1}","[0.58, 1.0, 1.0]",4.25
95,"[2, 3, 4]","[3, 4, 4]","[0.46, 0.79, 0.88]","[['A', 'D', 'C', 'B'], ['A', 'D', 'C', 'B'], ['D', 'B', 'A', 'C']]","{'A': 5, 'D': 5, 'C': 4, 'B': 1}","[0.58, 1.0, 1.0]",4.25
95,"[2, 3, 4]","[3, 4, 4]","[0.46, 0.79, 0.88]","[['A', 'D', 'C', 'B'], ['B', 'A', 'D', 'C'], ['A', 'B', 'D', 'C']]","{'A': 5, 'D': 5, 'C': 3, 'B': 2}","[0.58, 1.0, 1.0]",4.25
95,"[2, 3, 4]","[3, 4, 4]","[0.46, 0.79, 0.88]","[['A', 'D', 'C', 'B'], ['B', 'A', 'D', 'C'], ['A', 'C', 'D', 'B']]","{'A': 5, 'D': 5, 'C': 4, 'B': 1}","[0.58, 1.0, 1.0]",4.25
95,"[2, 3, 4]","[3, 4, 4]","[0.46, 0.79, 0.88]","[['A', 'D', 'C', 'B'], ['B', 'A', 'D', 'C'], ['A', 'D', 'B', 'C']]","{'A': 5, 'D': 5, 'C': 3, 'B': 2}","[0.58, 1.0, 1.0]",4.25
95,"[2, 3, 4]","[3, 4, 4]","[0.46, 0.79, 0.88]","[['A', 'D', 'C', 'B'], ['B', 'A', 'D', 'C'], ['A', 'D', 'C', 'B']]","{'A': 5, 'D': 5, 'C': 4, 'B': 1}","[0.58, 1.0, 1.0]",4.25
95,"[2, 3, 4]","[3, 4, 4]","[0.46, 0.79, 0.88]","[['A', 'D', 'C', 'B'], ['B', 'A', 'D', 'C'], ['B', 'A', 'D', 'C']]","{'A': 5, 'D': 5, 'C': 3, 'B': 2}","[0.58, 1.0, 1.0]",4.25
95,"[2, 3, 4]","[3, 4, 4]","[0.46, 0.79, 0.88]","[['A', 'D', 'C', 'B'], ['B', 'A', 'D', 'C'], ['B', 'D', 'A', 'C']]","{'A': 5, 'D': 5, 'C': 3, 'B': 2}","[0.58, 1.0, 1.0]",4.25
95,"[2, 3, 4]","[3, 4, 4]","[0.46, 0.79, 0.88]","[['A', 'D', 'C', 'B'], ['B', 'A', 'D', 'C'], ['C', 'A', 'D', 'B']]","{'A': 5, 'D': 5, 'C': 4, 'B': 1}","[0.58, 1.0, 1.0]",4.25
95,"[2, 3, 4]","[3, 4, 4]","[0.46, 0.79, 0.88]","[['A', 'D', 'C', 'B'], ['B', 'A', 'D', 'C'], ['C', 'D', 'A', 'B']]","{'A': 5, 'D': 5, 'C': 4, 'B': 1}","[0.58, 1.0, 1.0]",4.25
95,"[2, 3, 4]","[3, 4, 4]","[0.46, 0.79, 0.88]","[['A', 'D', 'C', 'B'], ['B', 'A', 'D', 'C'], ['D', 'A', 'B', 'C']]","{'A': 5, 'D': 5, 'C': 3, 'B': 2}","[0.58, 1.0, 1.0]",4.25
95,"[2, 3, 4]","[3, 4, 4]","[0.46, 0.79, 0.88]","[['A', 'D', 'C', 'B'], ['B', 'A', 'D', 'C'], ['D', 'A', 'C', 'B']]","{'A': 5, 'D': 5, 'C': 4, 'B': 1}","[0.58, 1.0, 1.0]",4.25
95,"[2, 3, 4]","[3, 4, 4]","[0.46, 0.79, 0.88]","[['A', 'D', 'C', 'B'], ['B', 'A', 'D', 'C'], ['D', 'B', 'A', 'C']]","{'A': 5, 'D': 5, 'C': 3, 'B': 2}","[0.58, 1.0, 1.0]",4.25
95,"[2, 3, 4]","[3, 4, 4]","[0.46, 0.79, 0.88]","[['A', 'D', 'C', 'B'], ['B', 'A', 'D', 'C'], ['D', 'C', 'A', 'B']]","{'A': 5, 'D': 5, 'C': 4, 'B': 1}","[0.58, 1.0, 1.0]",4.25
95,"[2, 3, 4]","[3, 4, 4]","[0.46, 0.79, 0.88]","[['A', 'D', 'C', 'B'], ['B', 'D', 'A', 'C'], ['A', 'B', 'D', 'C']]","{'A': 5, 'D': 5, 'C': 3, 'B': 2}","[0.58, 1.0, 1.0]",4.25
95,"[2, 3, 4]","[3, 4, 4]","[0.46, 0.79, 0.88]","[['A', 'D', 'C', 'B'], ['B', 'D', 'A', 'C'], ['A', 'C', 'D', 'B']]","{'A': 5, 'D': 5, 'C': 4, 'B': 1}","[0.58, 1.0, 1.0]",4.25
95,"[2, 3, 4]","[3, 4, 4]","[0.46, 0.79, 0.88]","[['A', 'D', 'C', 'B'], ['B', 'D', 'A', 'C'], ['A', 'D', 'B', 'C']]","{'A': 5, 'D': 5, 'C': 3, 'B': 2}","[0.58, 1.0, 1.0]",4.25
95,"[2, 3, 4]","[3, 4, 4]","[0.46, 0.79, 0.88]","[['A', 'D', 'C', 'B'], ['B', 'D', 'A', 'C'], ['A', 'D', 'C', 'B']]","{'A': 5, 'D': 5, 'C': 4, 'B': 1}","[0.58, 1.0, 1.0]",4.25
95,"[2, 3, 4]","[3, 4, 4]","[0.46, 0.79, 0.88]","[['A', 'D', 'C', 'B'], ['B', 'D', 'A', 'C'], ['B', 'A', 'D', 'C']]","{'A': 5, 'D': 5, 'C': 3, 'B': 2}","[0.58, 1.0, 1.0]",4.25
95,"[2, 3, 4]","[3, 4, 4]","[0.46, 0.79, 0.88]","[['A', 'D', 'C', 'B'], ['B', 'D', 'A', 'C'], ['B', 'D', 'A', 'C']]","{'A': 5, 'D': 5, 'C': 3, 'B': 2}","[0.58, 1.0, 1.0]",4.25
95,"[2, 3, 4]","[3, 4, 4]","[0.46, 0.79, 0.88]","[['A', 'D', 'C', 'B'], ['B', 'D', 'A', 'C'], ['C', 'A', 'D', 'B']]","{'A': 5, 'D': 5, 'C': 4, 'B': 1}","[0.58, 1.0, 1.0]",4.25
95,"[2, 3, 4]","[3, 4, 4]","[0.46, 0.79, 0.88]","[['A', 'D', 'C', 'B'], ['B', 'D', 'A', 'C'], ['C', 'D', 'A', 'B']]","{'A': 5, 'D': 5, 'C': 4, 'B': 1}","[0.58, 1.0, 1.0]",4.25
95,"[2, 3, 4]","[3, 4, 4]","[0.46, 0.79, 0.88]","[['A', 'D', 'C', 'B'], ['B', 'D', 'A', 'C'], ['D', 'A', 'B', 'C']]","{'A': 5, 'D': 5, 'C': 3, 'B': 2}","[0.58, 1.0, 1.0]",4.25
95,"[2, 3, 4]","[3, 4, 4]","[0.46, 0.79, 0.88]","[['A', 'D', 'C', 'B'], ['B', 'D', 'A', 'C'], ['D', 'A', 'C', 'B']]","{'A': 5, 'D': 5, 'C': 4, 'B': 1}","[0.58, 1.0, 1.0]",4.25
95,"[2, 3, 4]","[3, 4, 4]","[0.46, 0.79, 0.88]","[['A', 'D', 'C', 'B'], ['B', 'D', 'A', 'C'], ['D', 'B', 'A', 'C']]","{'A': 5, 'D': 5, 'C': 3, 'B': 2}","[0.58, 1.0, 1.0]",4.25
95,"[2, 3, 4]","[3, 4, 4]","[0.46, 0.79, 0.88]","[['A', 'D', 'C', 'B'], ['B', 'D', 'A', 'C'], ['D', 'C', 'A', 'B']]","{'A': 5, 'D': 5, 'C': 4, 'B': 1}","[0.58, 1.0, 1.0]",4.25
95,"[2, 3, 4]","[3, 4, 4]","[0.46, 0.79, 0.88]","[['A', 'D', 'C', 'B'], ['C', 'A', 'D', 'B'], ['A', 'B', 'D', 'C']]","{'A': 5, 'D': 5, 'C': 4, 'B': 1}","[0.58, 1.0, 1.0]",4.25
95,"[2, 3, 4]","[3, 4, 4]","[0.46, 0.79, 0.88]","[['A', 'D', 'C', 'B'], ['C', 'A', 'D', 'B'], ['A', 'D', 'B', 'C']]","{'A': 5, 'D': 5, 'C': 4, 'B': 1}","[0.58, 1.0, 1.0]",4.25
95,"[2, 3, 4]","[3, 4, 4]","[0.46, 0.79, 0.88]","[['A', 'D', 'C', 'B'], ['C', 'A', 'D', 'B'], ['B', 'A', 'D', 'C']]","{'A': 5, 'D': 5, 'C': 4, 'B': 1}","[0.58, 1.0, 1.0]",4.25
95,"[2, 3, 4]","[3, 4, 4]","[0.46, 0.79, 0.88]","[['A', 'D', 'C', 'B'], ['C', 'A', 'D', 'B'], ['B', 'D', 'A', 'C']]","{'A': 5, 'D': 5, 'C': 4, 'B': 1}","[0.58, 1.0, 1.0]",4.25
95,"[2, 3, 4]","[3, 4, 4]","[0.46, 0.79, 0.88]","[['A', 'D', 'C', 'B'], ['C', 'A', 'D', 'B'], ['D', 'A', 'B', 'C']]","{'A': 5, 'D': 5, 'C': 4, 'B': 1}","[0.58, 1.0, 1.0]",4.25
95,"[2, 3, 4]","[3, 4, 4]","[0.46, 0.79, 0.88]","[['A', 'D', 'C', 'B'], ['C', 'A', 'D', 'B'], ['D', 'B', 'A', 'C']]","{'A': 5, 'D': 5, 'C': 4, 'B': 1}","[0.58, 1.0, 1.0]",4.25
95,"[2, 3, 4]","[3, 4, 4]","[0.46, 0.79, 0.88]","[['A', 'D', 'C', 'B'], ['C', 'D', 'A', 'B'], ['A', 'B', 'D', 'C']]","{'A': 5, 'D': 5, 'C': 4, 'B': 1}","[0.58, 1.0, 1.0]",4.25
95,"[2, 3, 4]","[3, 4, 4]","[0.46, 0.79, 0.88]","[['A', 'D', 'C', 'B'], ['C', 'D', 'A', 'B'], ['A', 'D', 'B', 'C']]","{'A': 5, 'D': 5, 'C': 4, 'B': 1}","[0.58, 1.0, 1.0]",4.25
95,"[2, 3, 4]","[3, 4, 4]","[0.46, 0.79, 0.88]","[['A', 'D', 'C', 'B'], ['C', 'D', 'A', 'B'], ['B', 'A', 'D', 'C']]","{'A': 5, 'D': 5, 'C': 4, 'B': 1}","[0.58, 1.0, 1.0]",4.25
95,"[2, 3, 4]","[3, 4, 4]","[0.46, 0.79, 0.88]","[['A', 'D', 'C', 'B'], ['C', 'D', 'A', 'B'], ['B', 'D', 'A', 'C']]","{'A': 5, 'D': 5, 'C': 4, 'B': 1}","[0.58, 1.0, 1.0]",4.25
95,"[2, 3, 4]","[3, 4, 4]","[0.46, 0.79, 0.88]","[['A', 'D', 'C', 'B'], ['C', 'D', 'A', 'B'], ['D', 'A', 'B', 'C']]","{'A': 5, 'D': 5, 'C': 4, 'B': 1}","[0.58, 1.0, 1.0]",4.25
95,"[2, 3, 4]","[3, 4, 4]","[0.46, 0.79, 0.88]","[['A', 'D', 'C', 'B'], ['C', 'D', 'A', 'B'], ['D', 'B', 'A', 'C']]","{'A': 5, 'D': 5, 'C': 4, 'B': 1}","[0.58, 1.0, 1.0]",4.25
95,"[2, 3, 4]","[3, 4, 4]","[0.46, 0.79, 0.88]","[['A', 'D', 'C', 'B'], ['D', 'A', 'B', 'C'], ['A', 'B', 'D', 'C']]","{'A': 5, 'D': 5, 'C': 3, 'B': 2}","[0.58, 1.0, 1.0]",4.25
95,"[2, 3, 4]","[3, 4, 4]","[0.46, 0.79, 0.88]","[['A', 'D', 'C', 'B'], ['D', 'A', 'B', 'C'], ['A', 'C', 'D', 'B']]","{'A': 5, 'D': 5, 'C': 4, 'B': 1}","[0.58, 1.0, 1.0]",4.25
95,"[2, 3, 4]","[3, 4, 4]","[0.46, 0.79, 0.88]","[['A', 'D', 'C', 'B'], ['D', 'A', 'B', 'C'], ['A', 'D', 'B', 'C']]","{'A': 5, 'D': 5, 'C': 3, 'B': 2}","[0.58, 1.0, 1.0]",4.25
95,"[2, 3, 4]","[3, 4, 4]","[0.46, 0.79, 0.88]","[['A', 'D', 'C', 'B'], ['D', 'A', 'B', 'C'], ['A', 'D', 'C', 'B']]","{'A': 5, 'D': 5, 'C': 4, 'B': 1}","[0.58, 1.0, 1.0]",4.25
95,"[2, 3, 4]","[3, 4, 4]","[0.46, 0.79, 0.88]","[['A', 'D', 'C', 'B'], ['D', 'A', 'B', 'C'], ['B', 'A', 'D', 'C']]","{'A': 5, 'D': 5, 'C': 3, 'B': 2}","[0.58, 1.0, 1.0]",4.25
95,"[2, 3, 4]","[3, 4, 4]","[0.46, 0.79, 0.88]","[['A', 'D', 'C', 'B'], ['D', 'A', 'B', 'C'], ['B', 'D', 'A', 'C']]","{'A': 5, 'D': 5, 'C': 3, 'B': 2}","[0.58, 1.0, 1.0]",4.25
95,"[2, 3, 4]","[3, 4, 4]","[0.46, 0.79, 0.88]","[['A', 'D', 'C', 'B'], ['D', 'A', 'B', 'C'], ['C', 'A', 'D', 'B']]","{'A': 5, 'D': 5, 'C': 4, 'B': 1}","[0.58, 1.0, 1.0]",4.25
95,"[2, 3, 4]","[3, 4, 4]","[0.46, 0.79, 0.88]","[['A', 'D', 'C', 'B'], ['D', 'A', 'B', 'C'], ['C', 'D', 'A', 'B']]","{'A': 5, 'D': 5, 'C': 4, 'B': 1}","[0.58, 1.0, 1.0]",4.25
95,"[2, 3, 4]","[3, 4, 4]","[0.46, 0.79, 0.88]","[['A', 'D', 'C', 'B'], ['D', 'A', 'B', 'C'], ['D', 'A', 'B', 'C']]","{'A': 5, 'D': 5, 'C': 3, 'B': 2}","[0.58, 1.0, 1.0]",4.25
95,"[2, 3, 4]","[3, 4, 4]","[0.46, 0.79, 0.88]","[['A', 'D', 'C', 'B'], ['D', 'A', 'B', 'C'], ['D', 'A', 'C', 'B']]","{'A': 5, 'D': 5, 'C': 4, 'B': 1}","[0.58, 1.0, 1.0]",4.25
95,"[2, 3, 4]","[3, 4, 4]","[0.46, 0.79, 0.88]","[['A', 'D', 'C', 'B'], ['D', 'A', 'B', 'C'], ['D', 'B', 'A', 'C']]","{'A': 5, 'D': 5, 'C': 3, 'B': 2}","[0.58, 1.0, 1.0]",4.25
95,"[2, 3, 4]","[3, 4, 4]","[0.46, 0.79, 0.88]","[['A', 'D', 'C', 'B'], ['D', 'A', 'B', 'C'], ['D', 'C', 'A', 'B']]","{'A': 5, 'D': 5, 'C': 4, 'B': 1}","[0.58, 1.0, 1.0]",4.25
95,"[2, 3, 4]","[3, 4, 4]","[0.46, 0.79, 0.88]","[['A', 'D', 'C', 'B'], ['D', 'A', 'C', 'B'], ['A', 'B', 'D', 'C']]","{'A': 5, 'D': 5, 'C': 4, 'B': 1}","[0.58, 1.0, 1.0]",4.25
95,"[2, 3, 4]","[3, 4, 4]","[0.46, 0.79, 0.88]","[['A', 'D', 'C', 'B'], ['D', 'A', 'C', 'B'], ['A', 'D', 'B', 'C']]","{'A': 5, 'D': 5, 'C': 4, 'B': 1}","[0.58, 1.0, 1.0]",4.25
95,"[2, 3, 4]","[3, 4, 4]","[0.46, 0.79, 0.88]","[['A', 'D', 'C', 'B'], ['D', 'A', 'C', 'B'], ['B', 'A', 'D', 'C']]","{'A': 5, 'D': 5, 'C': 4, 'B': 1}","[0.58, 1.0, 1.0]",4.25
95,"[2, 3, 4]","[3, 4, 4]","[0.46, 0.79, 0.88]","[['A', 'D', 'C', 'B'], ['D', 'A', 'C', 'B'], ['B', 'D', 'A', 'C']]","{'A': 5, 'D': 5, 'C': 4, 'B': 1}","[0.58, 1.0, 1.0]",4.25
95,"[2, 3, 4]","[3, 4, 4]","[0.46, 0.79, 0.88]","[['A', 'D', 'C', 'B'], ['D', 'A', 'C', 'B'], ['D', 'A', 'B', 'C']]","{'A': 5, 'D': 5, 'C': 4, 'B': 1}","[0.58, 1.0, 1.0]",4.25
95,"[2, 3, 4]","[3, 4, 4]","[0.46, 0.79, 0.88]","[['A', 'D', 'C', 'B'], ['D', 'A', 'C', 'B'], ['D', 'B', 'A', 'C']]","{'A': 5, 'D': 5, 'C': 4, 'B': 1}","[0.58, 1.0, 1.0]",4.25
95,"[2, 3, 4]","[3, 4, 4]","[0.46, 0.79, 0.88]","[['A', 'D', 'C', 'B'], ['D', 'B', 'A', 'C'], ['A', 'B', 'D', 'C']]","{'A': 5, 'D': 5, 'C': 3, 'B': 2}","[0.58, 1.0, 1.0]",4.25
95,"[2, 3, 4]","[3, 4, 4]","[0.46, 0.79, 0.88]","[['A', 'D', 'C', 'B'], ['D', 'B', 'A', 'C'], ['A', 'C', 'D', 'B']]","{'A': 5, 'D': 5, 'C': 4, 'B': 1}","[0.58, 1.0, 1.0]",4.25
95,"[2, 3, 4]","[3, 4, 4]","[0.46, 0.79, 0.88]","[['A', 'D', 'C', 'B'], ['D', 'B', 'A', 'C'], ['A', 'D', 'B', 'C']]","{'A': 5, 'D': 5, 'C': 3, 'B': 2}","[0.58, 1.0, 1.0]",4.25
95,"[2, 3, 4]","[3, 4, 4]","[0.46, 0.79, 0.88]","[['A', 'D', 'C', 'B'], ['D', 'B', 'A', 'C'], ['A', 'D', 'C', 'B']]","{'A': 5, 'D': 5, 'C': 4, 'B': 1}","[0.58, 1.0, 1.0]",4.25
95,"[2, 3, 4]","[3, 4, 4]","[0.46, 0.79, 0.88]","[['A', 'D', 'C', 'B'], ['D', 'B', 'A', 'C'], ['B', 'A', 'D', 'C']]","{'A': 5, 'D': 5, 'C': 3, 'B': 2}","[0.58, 1.0, 1.0]",4.25
95,"[2, 3, 4]","[3, 4, 4]","[0.46, 0.79, 0.88]","[['A', 'D', 'C', 'B'], ['D', 'B', 'A', 'C'], ['B', 'D', 'A', 'C']]","{'A': 5, 'D': 5, 'C': 3, 'B': 2}","[0.58, 1.0, 1.0]",4.25
95,"[2, 3, 4]","[3, 4, 4]","[0.46, 0.79, 0.88]","[['A', 'D', 'C', 'B'], ['D', 'B', 'A', 'C'], ['C', 'A', 'D', 'B']]","{'A': 5, 'D': 5, 'C': 4, 'B': 1}","[0.58, 1.0, 1.0]",4.25
95,"[2, 3, 4]","[3, 4, 4]","[0.46, 0.79, 0.88]","[['A', 'D', 'C', 'B'], ['D', 'B', 'A', 'C'], ['C', 'D', 'A', 'B']]","{'A': 5, 'D': 5, 'C': 4, 'B': 1}","[0.58, 1.0, 1.0]",4.25
95,"[2, 3, 4]","[3, 4, 4]","[0.46, 0.79, 0.88]","[['A', 'D', 'C', 'B'], ['D', 'B', 'A', 'C'], ['D', 'A', 'B', 'C']]","{'A': 5, 'D': 5, 'C': 3, 'B': 2}","[0.58, 1.0, 1.0]",4.25
95,"[2, 3, 4]","[3, 4, 4]","[0.46, 0.79, 0.88]","[['A', 'D', 'C', 'B'], ['D', 'B', 'A', 'C'], ['D', 'A', 'C', 'B']]","{'A': 5, 'D': 5, 'C': 4, 'B': 1}","[0.58, 1.0, 1.0]",4.25
95,"[2, 3, 4]","[3, 4, 4]","[0.46, 0.79, 0.88]","[['A', 'D', 'C', 'B'], ['D', 'B', 'A', 'C'], ['D', 'B', 'A', 'C']]","{'A': 5, 'D': 5, 'C': 3, 'B': 2}","[0.58, 1.0, 1.0]",4.25
95,"[2, 3, 4]","[3, 4, 4]","[0.46, 0.79, 0.88]","[['A', 'D', 'C', 'B'], ['D', 'B', 'A', 'C'], ['D', 'C', 'A', 'B']]","{'A': 5, 'D': 5, 'C': 4, 'B': 1}","[0.58, 1.0, 1.0]",4.25
95,"[2, 3, 4]","[3, 4, 4]","[0.46, 0.79, 0.88]","[['A', 'D', 'C', 'B'], ['D', 'C', 'A', 'B'], ['A', 'B', 'D', 'C']]","{'A': 5, 'D': 5, 'C': 4, 'B': 1}","[0.58, 1.0, 1.0]",4.25
95,"[2, 3, 4]","[3, 4, 4]","[0.46, 0.79, 0.88]","[['A', 'D', 'C', 'B'], ['D', 'C', 'A', 'B'], ['A', 'D', 'B', 'C']]","{'A': 5, 'D': 5, 'C': 4, 'B': 1}","[0.58, 1.0, 1.0]",4.25
95,"[2, 3, 4]","[3, 4, 4]","[0.46, 0.79, 0.88]","[['A', 'D', 'C', 'B'], ['D', 'C', 'A', 'B'], ['B', 'A', 'D', 'C']]","{'A': 5, 'D': 5, 'C': 4, 'B': 1}","[0.58, 1.0, 1.0]",4.25
95,"[2, 3, 4]","[3, 4, 4]","[0.46, 0.79, 0.88]","[['A', 'D', 'C', 'B'], ['D', 'C', 'A', 'B'], ['B', 'D', 'A', 'C']]","{'A': 5, 'D': 5, 'C': 4, 'B': 1}","[0.58, 1.0, 1.0]",4.25
95,"[2, 3, 4]","[3, 4, 4]","[0.46, 0.79, 0.88]","[['A', 'D', 'C', 'B'], ['D', 'C', 'A', 'B'], ['D', 'A', 'B', 'C']]","{'A': 5, 'D': 5, 'C': 4, 'B': 1}","[0.58, 1.0, 1.0]",4.25
95,"[2, 3, 4]","[3, 4, 4]","[0.46, 0.79, 0.88]","[['A', 'D', 'C', 'B'], ['D', 'C', 'A', 'B'], ['D', 'B', 'A', 'C']]","{'A': 5, 'D': 5, 'C': 4, 'B': 1}","[0.58, 1.0, 1.0]",4.25
95,"[2, 3, 4]","[3, 4, 4]","[0.46, 0.79, 0.88]","[['B', 'A', 'C', 'D'], ['A', 'B', 'D', 'C'], ['A', 'B', 'D', 'C']]","{'A': 5, 'D': 4, 'B': 3, 'C': 3}","[0.58, 1.0, 1.0]",4.0
95,"[2, 3, 4]","[3, 4, 4]","[0.46, 0.79, 0.88]","[['B', 'A', 'C', 'D'], ['A', 'B', 'D', 'C'], ['A', 'D', 'B', 'C']]","{'A': 5, 'D': 4, 'B': 3, 'C': 3}","[0.58, 1.0, 1.0]",4.0
95,"[2, 3, 4]","[3, 4, 4]","[0.46, 0.79, 0.88]","[['B', 'A', 'C', 'D'], ['A', 'B', 'D', 'C'], ['B', 'A', 'D', 'C']]","{'A': 5, 'D': 4, 'B': 3, 'C': 3}","[0.58, 1.0, 1.0]",4.0
95,"[2, 3, 4]","[3, 4, 4]","[0.46, 0.79, 0.88]","[['B', 'A', 'C', 'D'], ['A', 'B', 'D', 'C'], ['B', 'D', 'A', 'C']]","{'A': 5, 'D': 4, 'B': 3, 'C': 3}","[0.58, 1.0, 1.0]",4.0
95,"[2, 3, 4]","[3, 4, 4]","[0.46, 0.79, 0.88]","[['B', 'A', 'C', 'D'], ['A', 'B', 'D', 'C'], ['D', 'A', 'B', 'C']]","{'A': 5, 'D': 4, 'B': 3, 'C': 3}","[0.58, 1.0, 1.0]",4.0
95,"[2, 3, 4]","[3, 4, 4]","[0.46, 0.79, 0.88]","[['B', 'A', 'C', 'D'], ['A', 'B', 'D', 'C'], ['D', 'B', 'A', 'C']]","{'A': 5, 'D': 4, 'B': 3, 'C': 3}","[0.58, 1.0, 1.0]",4.0
95,"[2, 3, 4]","[3, 4, 4]","[0.46, 0.79, 0.88]","[['B', 'A', 'C', 'D'], ['A', 'D', 'B', 'C'], ['A', 'B', 'D', 'C']]","{'A': 5, 'D': 4, 'B': 3, 'C': 3}","[0.58, 1.0, 1.0]",4.0
95,"[2, 3, 4]","[3, 4, 4]","[0.46, 0.79, 0.88]","[['B', 'A', 'C', 'D'], ['A', 'D', 'B', 'C'], ['A', 'D', 'B', 'C']]","{'A': 5, 'D': 4, 'B': 3, 'C': 3}","[0.58, 1.0, 1.0]",4.0
95,"[2, 3, 4]","[3, 4, 4]","[0.46, 0.79, 0.88]","[['B', 'A', 'C', 'D'], ['A', 'D', 'B', 'C'], ['B', 'A', 'D', 'C']]","{'A': 5, 'D': 4, 'B': 3, 'C': 3}","[0.58, 1.0, 1.0]",4.0
95,"[2, 3, 4]","[3, 4, 4]","[0.46, 0.79, 0.88]","[['B', 'A', 'C', 'D'], ['A', 'D', 'B', 'C'], ['B', 'D', 'A', 'C']]","{'A': 5, 'D': 4, 'B': 3, 'C': 3}","[0.58, 1.0, 1.0]",4.0
95,"[2, 3, 4]","[3, 4, 4]","[0.46, 0.79, 0.88]","[['B', 'A', 'C', 'D'], ['A', 'D', 'B', 'C'], ['D', 'A', 'B', 'C']]","{'A': 5, 'D': 4, 'B': 3, 'C': 3}","[0.58, 1.0, 1.0]",4.0
95,"[2, 3, 4]","[3, 4, 4]","[0.46, 0.79, 0.88]","[['B', 'A', 'C', 'D'], ['A', 'D', 'B', 'C'], ['D', 'B', 'A', 'C']]","{'A': 5, 'D': 4, 'B': 3, 'C': 3}","[0.58, 1.0, 1.0]",4.0
95,"[2, 3, 4]","[3, 4, 4]","[0.46, 0.79, 0.88]","[['B', 'A', 'C', 'D'], ['B', 'A', 'D', 'C'], ['A', 'B', 'D', 'C']]","{'A': 5, 'D': 4, 'B': 3, 'C': 3}","[0.58, 1.0, 1.0]",4.0
95,"[2, 3, 4]","[3, 4, 4]","[0.46, 0.79, 0.88]","[['B', 'A', 'C', 'D'], ['B', 'A', 'D', 'C'], ['A', 'D', 'B', 'C']]","{'A': 5, 'D': 4, 'B': 3, 'C': 3}","[0.58, 1.0, 1.0]",4.0
95,"[2, 3, 4]","[3, 4, 4]","[0.46, 0.79, 0.88]","[['B', 'A', 'C', 'D'], ['B', 'A', 'D', 'C'], ['B', 'A', 'D', 'C']]","{'A': 5, 'D': 4, 'B': 3, 'C': 3}","[0.58, 1.0, 1.0]",4.0
95,"[2, 3, 4]","[3, 4, 4]","[0.46, 0.79, 0.88]","[['B', 'A', 'C', 'D'], ['B', 'A', 'D', 'C'], ['B', 'D', 'A', 'C']]","{'A': 5, 'D': 4, 'B': 3, 'C': 3}","[0.58, 1.0, 1.0]",4.0
95,"[2, 3, 4]","[3, 4, 4]","[0.46, 0.79, 0.88]","[['B', 'A', 'C', 'D'], ['B', 'A', 'D', 'C'], ['D', 'A', 'B', 'C']]","{'A': 5, 'D': 4, 'B': 3, 'C': 3}","[0.58, 1.0, 1.0]",4.0
95,"[2, 3, 4]","[3, 4, 4]","[0.46, 0.79, 0.88]","[['B', 'A', 'C', 'D'], ['B', 'A', 'D', 'C'], ['D', 'B', 'A', 'C']]","{'A': 5, 'D': 4, 'B': 3, 'C': 3}","[0.58, 1.0, 1.0]",4.0
95,"[2, 3, 4]","[3, 4, 4]","[0.46, 0.79, 0.88]","[['B', 'A', 'C', 'D'], ['B', 'D', 'A', 'C'], ['A', 'B', 'D', 'C']]","{'A': 5, 'D': 4, 'B': 3, 'C': 3}","[0.58, 1.0, 1.0]",4.0
95,"[2, 3, 4]","[3, 4, 4]","[0.46, 0.79, 0.88]","[['B', 'A', 'C', 'D'], ['B', 'D', 'A', 'C'], ['A', 'D', 'B', 'C']]","{'A': 5, 'D': 4, 'B': 3, 'C': 3}","[0.58, 1.0, 1.0]",4.0
95,"[2, 3, 4]","[3, 4, 4]","[0.46, 0.79, 0.88]","[['B', 'A', 'C', 'D'], ['B', 'D', 'A', 'C'], ['B', 'A', 'D', 'C']]","{'A': 5, 'D': 4, 'B': 3, 'C': 3}","[0.58, 1.0, 1.0]",4.0
95,"[2, 3, 4]","[3, 4, 4]","[0.46, 0.79, 0.88]","[['B', 'A', 'C', 'D'], ['B', 'D', 'A', 'C'], ['B', 'D', 'A', 'C']]","{'A': 5, 'D': 4, 'B': 3, 'C': 3}","[0.58, 1.0, 1.0]",4.0
95,"[2, 3, 4]","[3, 4, 4]","[0.46, 0.79, 0.88]","[['B', 'A', 'C', 'D'], ['B', 'D', 'A', 'C'], ['D', 'A', 'B', 'C']]","{'A': 5, 'D': 4, 'B': 3, 'C': 3}","[0.58, 1.0, 1.0]",4.0
95,"[2, 3, 4]","[3, 4, 4]","[0.46, 0.79, 0.88]","[['B', 'A', 'C', 'D'], ['B', 'D', 'A', 'C'], ['D', 'B', 'A', 'C']]","{'A': 5, 'D': 4, 'B': 3, 'C': 3}","[0.58, 1.0, 1.0]",4.0
95,"[2, 3, 4]","[3, 4, 4]","[0.46, 0.79, 0.88]","[['B', 'A', 'C', 'D'], ['D', 'A', 'B', 'C'], ['A', 'B', 'D', 'C']]","{'A': 5, 'D': 4, 'B': 3, 'C': 3}","[0.58, 1.0, 1.0]",4.0
95,"[2, 3, 4]","[3, 4, 4]","[0.46, 0.79, 0.88]","[['B', 'A', 'C', 'D'], ['D', 'A', 'B', 'C'], ['A', 'D', 'B', 'C']]","{'A': 5, 'D': 4, 'B': 3, 'C': 3}","[0.58, 1.0, 1.0]",4.0
95,"[2, 3, 4]","[3, 4, 4]","[0.46, 0.79, 0.88]","[['B', 'A', 'C', 'D'], ['D', 'A', 'B', 'C'], ['B', 'A', 'D', 'C']]","{'A': 5, 'D': 4, 'B': 3, 'C': 3}","[0.58, 1.0, 1.0]",4.0
95,"[2, 3, 4]","[3, 4, 4]","[0.46, 0.79, 0.88]","[['B', 'A', 'C', 'D'], ['D', 'A', 'B', 'C'], ['B', 'D', 'A', 'C']]","{'A': 5, 'D': 4, 'B': 3, 'C': 3}","[0.58, 1.0, 1.0]",4.0
95,"[2, 3, 4]","[3, 4, 4]","[0.46, 0.79, 0.88]","[['B', 'A', 'C', 'D'], ['D', 'A', 'B', 'C'], ['D', 'A', 'B', 'C']]","{'A': 5, 'D': 4, 'B': 3, 'C': 3}","[0.58, 1.0, 1.0]",4.0
95,"[2, 3, 4]","[3, 4, 4]","[0.46, 0.79, 0.88]","[['B', 'A', 'C', 'D'], ['D', 'A', 'B', 'C'], ['D', 'B', 'A', 'C']]","{'A': 5, 'D': 4, 'B': 3, 'C': 3}","[0.58, 1.0, 1.0]",4.0
95,"[2, 3, 4]","[3, 4, 4]","[0.46, 0.79, 0.88]","[['B', 'A', 'C', 'D'], ['D', 'B', 'A', 'C'], ['A', 'B', 'D', 'C']]","{'A': 5, 'D': 4, 'B': 3, 'C': 3}","[0.58, 1.0, 1.0]",4.0
95,"[2, 3, 4]","[3, 4, 4]","[0.46, 0.79, 0.88]","[['B', 'A', 'C', 'D'], ['D', 'B', 'A', 'C'], ['A', 'D', 'B', 'C']]","{'A': 5, 'D': 4, 'B': 3, 'C': 3}","[0.58, 1.0, 1.0]",4.0
95,"[2, 3, 4]","[3, 4, 4]","[0.46, 0.79, 0.88]","[['B', 'A', 'C', 'D'], ['D', 'B', 'A', 'C'], ['B', 'A', 'D', 'C']]","{'A': 5, 'D': 4, 'B': 3, 'C': 3}","[0.58, 1.0, 1.0]",4.0
95,"[2, 3, 4]","[3, 4, 4]","[0.46, 0.79, 0.88]","[['B', 'A', 'C', 'D'], ['D', 'B', 'A', 'C'], ['B', 'D', 'A', 'C']]","{'A': 5, 'D': 4, 'B': 3, 'C': 3}","[0.58, 1.0, 1.0]",4.0
95,"[2, 3, 4]","[3, 4, 4]","[0.46, 0.79, 0.88]","[['B', 'A', 'C', 'D'], ['D', 'B', 'A', 'C'], ['D', 'A', 'B', 'C']]","{'A': 5, 'D': 4, 'B': 3, 'C': 3}","[0.58, 1.0, 1.0]",4.0
95,"[2, 3, 4]","[3, 4, 4]","[0.46, 0.79, 0.88]","[['B', 'A', 'C', 'D'], ['D', 'B', 'A', 'C'], ['D', 'B', 'A', 'C']]","{'A': 5, 'D': 4, 'B': 3, 'C': 3}","[0.58, 1.0, 1.0]",4.0
95,"[2, 3, 4]","[3, 4, 4]","[0.46, 0.79, 0.88]","[['B', 'A', 'D', 'C'], ['A', 'B', 'C', 'D'], ['A', 'B', 'D', 'C']]","{'A': 5, 'D': 4, 'B': 3, 'C': 3}","[0.58, 1.0, 1.0]",4.0
95,"[2, 3, 4]","[3, 4, 4]","[0.46, 0.79, 0.88]","[['B', 'A', 'D', 'C'], ['A', 'B', 'C', 'D'], ['A', 'D', 'B', 'C']]","{'A': 5, 'D': 4, 'B': 3, 'C': 3}","[0.58, 1.0, 1.0]",4.0
95,"[2, 3, 4]","[3, 4, 4]","[0.46, 0.79, 0.88]","[['B', 'A', 'D', 'C'], ['A', 'B', 'C', 'D'], ['B', 'A', 'D', 'C']]","{'A': 5, 'D': 4, 'B': 3, 'C': 3}","[0.58, 1.0, 1.0]",4.0
95,"[2, 3, 4]","[3, 4, 4]","[0.46, 0.79, 0.88]","[['B', 'A', 'D', 'C'], ['A', 'B', 'C', 'D'], ['B', 'D', 'A', 'C']]","{'A': 5, 'D': 4, 'B': 3, 'C': 3}","[0.58, 1.0, 1.0]",4.0
95,"[2, 3, 4]","[3, 4, 4]","[0.46, 0.79, 0.88]","[['B', 'A', 'D', 'C'], ['A', 'B', 'C', 'D'], ['D', 'A', 'B', 'C']]","{'A': 5, 'D': 4, 'B': 3, 'C': 3}","[0.58, 1.0, 1.0]",4.0
95,"[2, 3, 4]","[3, 4, 4]","[0.46, 0.79, 0.88]","[['B', 'A', 'D', 'C'], ['A', 'B', 'C', 'D'], ['D', 'B', 'A', 'C']]","{'A': 5, 'D': 4, 'B': 3, 'C': 3}","[0.58, 1.0, 1.0]",4.0
95,"[2, 3, 4]","[3, 4, 4]","[0.46, 0.79, 0.88]","[['B', 'A', 'D', 'C'], ['A', 'B', 'D', 'C'], ['A', 'B', 'C', 'D']]","{'A': 5, 'D': 4, 'B': 3, 'C': 3}","[0.58, 1.0, 1.0]",4.0
95,"[2, 3, 4]","[3, 4, 4]","[0.46, 0.79, 0.88]","[['B', 'A', 'D', 'C'], ['A', 'B', 'D', 'C'], ['A', 'B', 'D', 'C']]","{'A': 5, 'D': 5, 'B': 3, 'C': 2}","[0.58, 1.0, 1.0]",4.0
95,"[2, 3, 4]","[3, 4, 4]","[0.46, 0.79, 0.88]","[['B', 'A', 'D', 'C'], ['A', 'B', 'D', 'C'], ['A', 'C', 'B', 'D']]","{'A': 5, 'D': 4, 'B': 3, 'C': 3}","[0.58, 1.0, 1.0]",4.0
95,"[2, 3, 4]","[3, 4, 4]","[0.46, 0.79, 0.88]","[['B', 'A', 'D', 'C'], ['A', 'B', 'D', 'C'], ['A', 'C', 'D', 'B']]","{'A': 5, 'D': 5, 'C': 3, 'B': 2}","[0.58, 1.0, 1.0]",4.25
95,"[2, 3, 4]","[3, 4, 4]","[0.46, 0.79, 0.88]","[['B', 'A', 'D', 'C'], ['A', 'B', 'D', 'C'], ['A', 'D', 'B', 'C']]","{'A': 5, 'D': 5, 'B': 3, 'C': 2}","[0.58, 1.0, 1.0]",4.0
95,"[2, 3, 4]","[3, 4, 4]","[0.46, 0.79, 0.88]","[['B', 'A', 'D', 'C'], ['A', 'B', 'D', 'C'], ['A', 'D', 'C', 'B']]","{'A': 5, 'D': 5, 'C': 3, 'B': 2}","[0.58, 1.0, 1.0]",4.25
95,"[2, 3, 4]","[3, 4, 4]","[0.46, 0.79, 0.88]","[['B', 'A', 'D', 'C'], ['A', 'B', 'D', 'C'], ['B', 'A', 'C', 'D']]","{'A': 5, 'D': 4, 'B': 3, 'C': 3}","[0.58, 1.0, 1.0]",4.0
95,"[2, 3, 4]","[3, 4, 4]","[0.46, 0.79, 0.88]","[['B', 'A', 'D', 'C'], ['A', 'B', 'D', 'C'], ['B', 'A', 'D', 'C']]","{'A': 5, 'D': 5, 'B': 3, 'C': 2}","[0.58, 1.0, 1.0]",4.0
95,"[2, 3, 4]","[3, 4, 4]","[0.46, 0.79, 0.88]","[['B', 'A', 'D', 'C'], ['A', 'B', 'D', 'C'], ['B', 'C', 'A', 'D']]","{'A': 5, 'D': 4, 'B': 3, 'C': 3}","[0.58, 1.0, 1.0]",4.0
95,"[2, 3, 4]","[3, 4, 4]","[0.46, 0.79, 0.88]","[['B', 'A', 'D', 'C'], ['A', 'B', 'D', 'C'], ['B', 'D', 'A', 'C']]","{'A': 5, 'D': 5, 'B': 3, 'C': 2}","[0.58, 1.0, 1.0]",4.0
95,"[2, 3, 4]","[3, 4, 4]","[0.46, 0.79, 0.88]","[['B', 'A', 'D', 'C'], ['A', 'B', 'D', 'C'], ['C', 'A', 'B', 'D']]","{'A': 5, 'D': 4, 'B': 3, 'C': 3}","[0.58, 1.0, 1.0]",4.0
95,"[2, 3, 4]","[3, 4, 4]","[0.46, 0.79, 0.88]","[['B', 'A', 'D', 'C'], ['A', 'B', 'D', 'C'], ['C', 'A', 'D', 'B']]","{'A': 5, 'D': 5, 'C': 3, 'B': 2}","[0.58, 1.0, 1.0]",4.25
95,"[2, 3, 4]","[3, 4, 4]","[0.46, 0.79, 0.88]","[['B', 'A', 'D', 'C'], ['A', 'B', 'D', 'C'], ['C', 'B', 'A', 'D']]","{'A': 5, 'D': 4, 'B': 3, 'C': 3}","[0.58, 1.0, 1.0]",4.0
95,"[2, 3, 4]","[3, 4, 4]","[0.46, 0.79, 0.88]","[['B', 'A', 'D', 'C'], ['A', 'B', 'D', 'C'], ['C', 'D', 'A', 'B']]","{'A': 5, 'D': 5, 'C': 3, 'B': 2}","[0.58, 1.0, 1.0]",4.25
95,"[2, 3, 4]","[3, 4, 4]","[0.46, 0.79, 0.88]","[['B', 'A', 'D', 'C'], ['A', 'B', 'D', 'C'], ['D', 'A', 'B', 'C']]","{'A': 5, 'D': 5, 'B': 3, 'C': 2}","[0.58, 1.0, 1.0]",4.0
95,"[2, 3, 4]","[3, 4, 4]","[0.46, 0.79, 0.88]","[['B', 'A', 'D', 'C'], ['A', 'B', 'D', 'C'], ['D', 'A', 'C', 'B']]","{'A': 5, 'D': 5, 'C': 3, 'B': 2}","[0.58, 1.0, 1.0]",4.25
95,"[2, 3, 4]","[3, 4, 4]","[0.46, 0.79, 0.88]","[['B', 'A', 'D', 'C'], ['A', 'B', 'D', 'C'], ['D', 'B', 'A', 'C']]","{'A': 5, 'D': 5, 'B': 3, 'C': 2}","[0.58, 1.0, 1.0]",4.0
95,"[2, 3, 4]","[3, 4, 4]","[0.46, 0.79, 0.88]","[['B', 'A', 'D', 'C'], ['A', 'B', 'D', 'C'], ['D', 'C', 'A', 'B']]","{'A': 5, 'D': 5, 'C': 3, 'B': 2}","[0.58, 1.0, 1.0]",4.25
95,"[2, 3, 4]","[3, 4, 4]","[0.46, 0.79, 0.88]","[['B', 'A', 'D', 'C'], ['A', 'C', 'B', 'D'], ['A', 'B', 'D', 'C']]","{'A': 5, 'D': 4, 'B': 3, 'C': 3}","[0.58, 1.0, 1.0]",4.0
95,"[2, 3, 4]","[3, 4, 4]","[0.46, 0.79, 0.88]","[['B', 'A', 'D', 'C'], ['A', 'C', 'B', 'D'], ['A', 'D', 'B', 'C']]","{'A': 5, 'D': 4, 'B': 3, 'C': 3}","[0.58, 1.0, 1.0]",4.0
95,"[2, 3, 4]","[3, 4, 4]","[0.46, 0.79, 0.88]","[['B', 'A', 'D', 'C'], ['A', 'C', 'B', 'D'], ['B', 'A', 'D', 'C']]","{'A': 5, 'D': 4, 'B': 3, 'C': 3}","[0.58, 1.0, 1.0]",4.0
95,"[2, 3, 4]","[3, 4, 4]","[0.46, 0.79, 0.88]","[['B', 'A', 'D', 'C'], ['A', 'C', 'B', 'D'], ['B', 'D', 'A', 'C']]","{'A': 5, 'D': 4, 'B': 3, 'C': 3}","[0.58, 1.0, 1.0]",4.0
95,"[2, 3, 4]","[3, 4, 4]","[0.46, 0.79, 0.88]","[['B', 'A', 'D', 'C'], ['A', 'C', 'B', 'D'], ['D', 'A', 'B', 'C']]","{'A': 5, 'D': 4, 'B': 3, 'C': 3}","[0.58, 1.0, 1.0]",4.0
95,"[2, 3, 4]","[3, 4, 4]","[0.46, 0.79, 0.88]","[['B', 'A', 'D', 'C'], ['A', 'C', 'B', 'D'], ['D', 'B', 'A', 'C']]","{'A': 5, 'D': 4, 'B': 3, 'C': 3}","[0.58, 1.0, 1.0]",4.0
95,"[2, 3, 4]","[3, 4, 4]","[0.46, 0.79, 0.88]","[['B', 'A', 'D', 'C'], ['A', 'C', 'D', 'B'], ['A', 'B', 'D', 'C']]","{'A': 5, 'D': 5, 'C': 3, 'B': 2}","[0.58, 1.0, 1.0]",4.25
95,"[2, 3, 4]","[3, 4, 4]","[0.46, 0.79, 0.88]","[['B', 'A', 'D', 'C'], ['A', 'C', 'D', 'B'], ['A', 'C', 'D', 'B']]","{'A': 5, 'D': 5, 'C': 4, 'B': 1}","[0.58, 1.0, 1.0]",4.25
95,"[2, 3, 4]","[3, 4, 4]","[0.46, 0.79, 0.88]","[['B', 'A', 'D', 'C'], ['A', 'C', 'D', 'B'], ['A', 'D', 'B', 'C']]","{'A': 5, 'D': 5, 'C': 3, 'B': 2}","[0.58, 1.0, 1.0]",4.25
95,"[2, 3, 4]","[3, 4, 4]","[0.46, 0.79, 0.88]","[['B', 'A', 'D', 'C'], ['A', 'C', 'D', 'B'], ['A', 'D', 'C', 'B']]","{'A': 5, 'D': 5, 'C': 4, 'B': 1}","[0.58, 1.0, 1.0]",4.25
95,"[2, 3, 4]","[3, 4, 4]","[0.46, 0.79, 0.88]","[['B', 'A', 'D', 'C'], ['A', 'C', 'D', 'B'], ['B', 'A', 'D', 'C']]","{'A': 5, 'D': 5, 'C': 3, 'B': 2}","[0.58, 1.0, 1.0]",4.25
95,"[2, 3, 4]","[3, 4, 4]","[0.46, 0.79, 0.88]","[['B', 'A', 'D', 'C'], ['A', 'C', 'D', 'B'], ['B', 'D', 'A', 'C']]","{'A': 5, 'D': 5, 'C': 3, 'B': 2}","[0.58, 1.0, 1.0]",4.25
95,"[2, 3, 4]","[3, 4, 4]","[0.46, 0.79, 0.88]","[['B', 'A', 'D', 'C'], ['A', 'C', 'D', 'B'], ['C', 'A', 'D', 'B']]","{'A': 5, 'D': 5, 'C': 4, 'B': 1}","[0.58, 1.0, 1.0]",4.25
95,"[2, 3, 4]","[3, 4, 4]","[0.46, 0.79, 0.88]","[['B', 'A', 'D', 'C'], ['A', 'C', 'D', 'B'], ['C', 'D', 'A', 'B']]","{'A': 5, 'D': 5, 'C': 4, 'B': 1}","[0.58, 1.0, 1.0]",4.25
95,"[2, 3, 4]","[3, 4, 4]","[0.46, 0.79, 0.88]","[['B', 'A', 'D', 'C'], ['A', 'C', 'D', 'B'], ['D', 'A', 'B', 'C']]","{'A': 5, 'D': 5, 'C': 3, 'B': 2}","[0.58, 1.0, 1.0]",4.25
95,"[2, 3, 4]","[3, 4, 4]","[0.46, 0.79, 0.88]","[['B', 'A', 'D', 'C'], ['A', 'C', 'D', 'B'], ['D', 'A', 'C', 'B']]","{'A': 5, 'D': 5, 'C': 4, 'B': 1}","[0.58, 1.0, 1.0]",4.25
95,"[2, 3, 4]","[3, 4, 4]","[0.46, 0.79, 0.88]","[['B', 'A', 'D', 'C'], ['A', 'C', 'D', 'B'], ['D', 'B', 'A', 'C']]","{'A': 5, 'D': 5, 'C': 3, 'B': 2}","[0.58, 1.0, 1.0]",4.25
95,"[2, 3, 4]","[3, 4, 4]","[0.46, 0.79, 0.88]","[['B', 'A', 'D', 'C'], ['A', 'C', 'D', 'B'], ['D', 'C', 'A', 'B']]","{'A': 5, 'D': 5, 'C': 4, 'B': 1}","[0.58, 1.0, 1.0]",4.25
95,"[2, 3, 4]","[3, 4, 4]","[0.46, 0.79, 0.88]","[['B', 'A', 'D', 'C'], ['A', 'D', 'B', 'C'], ['A', 'B', 'C', 'D']]","{'A': 5, 'D': 4, 'B': 3, 'C': 3}","[0.58, 1.0, 1.0]",4.0
95,"[2, 3, 4]","[3, 4, 4]","[0.46, 0.79, 0.88]","[['B', 'A', 'D', 'C'], ['A', 'D', 'B', 'C'], ['A', 'B', 'D', 'C']]","{'A': 5, 'D': 5, 'B': 3, 'C': 2}","[0.58, 1.0, 1.0]",4.0
95,"[2, 3, 4]","[3, 4, 4]","[0.46, 0.79, 0.88]","[['B', 'A', 'D', 'C'], ['A', 'D', 'B', 'C'], ['A', 'C', 'B', 'D']]","{'A': 5, 'D': 4, 'B': 3, 'C': 3}","[0.58, 1.0, 1.0]",4.0
95,"[2, 3, 4]","[3, 4, 4]","[0.46, 0.79, 0.88]","[['B', 'A', 'D', 'C'], ['A', 'D', 'B', 'C'], ['A', 'C', 'D', 'B']]","{'A': 5, 'D': 5, 'C': 3, 'B': 2}","[0.58, 1.0, 1.0]",4.25
95,"[2, 3, 4]","[3, 4, 4]","[0.46, 0.79, 0.88]","[['B', 'A', 'D', 'C'], ['A', 'D', 'B', 'C'], ['A', 'D', 'B', 'C']]","{'A': 5, 'D': 5, 'B': 3, 'C': 2}","[0.58, 1.0, 1.0]",4.0
95,"[2, 3, 4]","[3, 4, 4]","[0.46, 0.79, 0.88]","[['B', 'A', 'D', 'C'], ['A', 'D', 'B', 'C'], ['A', 'D', 'C', 'B']]","{'A': 5, 'D': 5, 'C': 3, 'B': 2}","[0.58, 1.0, 1.0]",4.25
95,"[2, 3, 4]","[3, 4, 4]","[0.46, 0.79, 0.88]","[['B', 'A', 'D', 'C'], ['A', 'D', 'B', 'C'], ['B', 'A', 'C', 'D']]","{'A': 5, 'D': 4, 'B': 3, 'C': 3}","[0.58, 1.0, 1.0]",4.0
95,"[2, 3, 4]","[3, 4, 4]","[0.46, 0.79, 0.88]","[['B', 'A', 'D', 'C'], ['A', 'D', 'B', 'C'], ['B', 'A', 'D', 'C']]","{'A': 5, 'D': 5, 'B': 3, 'C': 2}","[0.58, 1.0, 1.0]",4.0
95,"[2, 3, 4]","[3, 4, 4]","[0.46, 0.79, 0.88]","[['B', 'A', 'D', 'C'], ['A', 'D', 'B', 'C'], ['B', 'C', 'A', 'D']]","{'A': 5, 'D': 4, 'B': 3, 'C': 3}","[0.58, 1.0, 1.0]",4.0
95,"[2, 3, 4]","[3, 4, 4]","[0.46, 0.79, 0.88]","[['B', 'A', 'D', 'C'], ['A', 'D', 'B', 'C'], ['B', 'D', 'A', 'C']]","{'A': 5, 'D': 5, 'B': 3, 'C': 2}","[0.58, 1.0, 1.0]",4.0
95,"[2, 3, 4]","[3, 4, 4]","[0.46, 0.79, 0.88]","[['B', 'A', 'D', 'C'], ['A', 'D', 'B', 'C'], ['C', 'A', 'B', 'D']]","{'A': 5, 'D': 4, 'B': 3, 'C': 3}","[0.58, 1.0, 1.0]",4.0
95,"[2, 3, 4]","[3, 4, 4]","[0.46, 0.79, 0.88]","[['B', 'A', 'D', 'C'], ['A', 'D', 'B', 'C'], ['C', 'A', 'D', 'B']]","{'A': 5, 'D': 5, 'C': 3, 'B': 2}","[0.58, 1.0, 1.0]",4.25
95,"[2, 3, 4]","[3, 4, 4]","[0.46, 0.79, 0.88]","[['B', 'A', 'D', 'C'], ['A', 'D', 'B', 'C'], ['C', 'B', 'A', 'D']]","{'A': 5, 'D': 4, 'B': 3, 'C': 3}","[0.58, 1.0, 1.0]",4.0
95,"[2, 3, 4]","[3, 4, 4]","[0.46, 0.79, 0.88]","[['B', 'A', 'D', 'C'], ['A', 'D', 'B', 'C'], ['C', 'D', 'A', 'B']]","{'A': 5, 'D': 5, 'C': 3, 'B': 2}","[0.58, 1.0, 1.0]",4.25
95,"[2, 3, 4]","[3, 4, 4]","[0.46, 0.79, 0.88]","[['B', 'A', 'D', 'C'], ['A', 'D', 'B', 'C'], ['D', 'A', 'B', 'C']]","{'A': 5, 'D': 5, 'B': 3, 'C': 2}","[0.58, 1.0, 1.0]",4.0
95,"[2, 3, 4]","[3, 4, 4]","[0.46, 0.79, 0.88]","[['B', 'A', 'D', 'C'], ['A', 'D', 'B', 'C'], ['D', 'A', 'C', 'B']]","{'A': 5, 'D': 5, 'C': 3, 'B': 2}","[0.58, 1.0, 1.0]",4.25
95,"[2, 3, 4]","[3, 4, 4]","[0.46, 0.79, 0.88]","[['B', 'A', 'D', 'C'], ['A', 'D', 'B', 'C'], ['D', 'B', 'A', 'C']]","{'A': 5, 'D': 5, 'B': 3, 'C': 2}","[0.58, 1.0, 1.0]",4.0
95,"[2, 3, 4]","[3, 4, 4]","[0.46, 0.79, 0.88]","[['B', 'A', 'D', 'C'], ['A', 'D', 'B', 'C'], ['D', 'C', 'A', 'B']]","{'A': 5, 'D': 5, 'C': 3, 'B': 2}","[0.58, 1.0, 1.0]",4.25
95,"[2, 3, 4]","[3, 4, 4]","[0.46, 0.79, 0.88]","[['B', 'A', 'D', 'C'], ['A', 'D', 'C', 'B'], ['A', 'B', 'D', 'C']]","{'A': 5, 'D': 5, 'C': 3, 'B': 2}","[0.58, 1.0, 1.0]",4.25
95,"[2, 3, 4]","[3, 4, 4]","[0.46, 0.79, 0.88]","[['B', 'A', 'D', 'C'], ['A', 'D', 'C', 'B'], ['A', 'C', 'D', 'B']]","{'A': 5, 'D': 5, 'C': 4, 'B': 1}","[0.58, 1.0, 1.0]",4.25
95,"[2, 3, 4]","[3, 4, 4]","[0.46, 0.79, 0.88]","[['B', 'A', 'D', 'C'], ['A', 'D', 'C', 'B'], ['A', 'D', 'B', 'C']]","{'A': 5, 'D': 5, 'C': 3, 'B': 2}","[0.58, 1.0, 1.0]",4.25
95,"[2, 3, 4]","[3, 4, 4]","[0.46, 0.79, 0.88]","[['B', 'A', 'D', 'C'], ['A', 'D', 'C', 'B'], ['A', 'D', 'C', 'B']]","{'A': 5, 'D': 5, 'C': 4, 'B': 1}","[0.58, 1.0, 1.0]",4.25
95,"[2, 3, 4]","[3, 4, 4]","[0.46, 0.79, 0.88]","[['B', 'A', 'D', 'C'], ['A', 'D', 'C', 'B'], ['B', 'A', 'D', 'C']]","{'A': 5, 'D': 5, 'C': 3, 'B': 2}","[0.58, 1.0, 1.0]",4.25
95,"[2, 3, 4]","[3, 4, 4]","[0.46, 0.79, 0.88]","[['B', 'A', 'D', 'C'], ['A', 'D', 'C', 'B'], ['B', 'D', 'A', 'C']]","{'A': 5, 'D': 5, 'C': 3, 'B': 2}","[0.58, 1.0, 1.0]",4.25
95,"[2, 3, 4]","[3, 4, 4]","[0.46, 0.79, 0.88]","[['B', 'A', 'D', 'C'], ['A', 'D', 'C', 'B'], ['C', 'A', 'D', 'B']]","{'A': 5, 'D': 5, 'C': 4, 'B': 1}","[0.58, 1.0, 1.0]",4.25
95,"[2, 3, 4]","[3, 4, 4]","[0.46, 0.79, 0.88]","[['B', 'A', 'D', 'C'], ['A', 'D', 'C', 'B'], ['C', 'D', 'A', 'B']]","{'A': 5, 'D': 5, 'C': 4, 'B': 1}","[0.58, 1.0, 1.0]",4.25
95,"[2, 3, 4]","[3, 4, 4]","[0.46, 0.79, 0.88]","[['B', 'A', 'D', 'C'], ['A', 'D', 'C', 'B'], ['D', 'A', 'B', 'C']]","{'A': 5, 'D': 5, 'C': 3, 'B': 2}","[0.58, 1.0, 1.0]",4.25
95,"[2, 3, 4]","[3, 4, 4]","[0.46, 0.79, 0.88]","[['B', 'A', 'D', 'C'], ['A', 'D', 'C', 'B'], ['D', 'A', 'C', 'B']]","{'A': 5, 'D': 5, 'C': 4, 'B': 1}","[0.58, 1.0, 1.0]",4.25
95,"[2, 3, 4]","[3, 4, 4]","[0.46, 0.79, 0.88]","[['B', 'A', 'D', 'C'], ['A', 'D', 'C', 'B'], ['D', 'B', 'A', 'C']]","{'A': 5, 'D': 5, 'C': 3, 'B': 2}","[0.58, 1.0, 1.0]",4.25
95,"[2, 3, 4]","[3, 4, 4]","[0.46, 0.79, 0.88]","[['B', 'A', 'D', 'C'], ['A', 'D', 'C', 'B'], ['D', 'C', 'A', 'B']]","{'A': 5, 'D': 5, 'C': 4, 'B': 1}","[0.58, 1.0, 1.0]",4.25
95,"[2, 3, 4]","[3, 4, 4]","[0.46, 0.79, 0.88]","[['B', 'A', 'D', 'C'], ['B', 'A', 'C', 'D'], ['A', 'B', 'D', 'C']]","{'A': 5, 'D': 4, 'B': 3, 'C': 3}","[0.58, 1.0, 1.0]",4.0
95,"[2, 3, 4]","[3, 4, 4]","[0.46, 0.79, 0.88]","[['B', 'A', 'D', 'C'], ['B', 'A', 'C', 'D'], ['A', 'D', 'B', 'C']]","{'A': 5, 'D': 4, 'B': 3, 'C': 3}","[0.58, 1.0, 1.0]",4.0
95,"[2, 3, 4]","[3, 4, 4]","[0.46, 0.79, 0.88]","[['B', 'A', 'D', 'C'], ['B', 'A', 'C', 'D'], ['B', 'A', 'D', 'C']]","{'A': 5, 'D': 4, 'B': 3, 'C': 3}","[0.58, 1.0, 1.0]",4.0
95,"[2, 3, 4]","[3, 4, 4]","[0.46, 0.79, 0.88]","[['B', 'A', 'D', 'C'], ['B', 'A', 'C', 'D'], ['B', 'D', 'A', 'C']]","{'A': 5, 'D': 4, 'B': 3, 'C': 3}","[0.58, 1.0, 1.0]",4.0
95,"[2, 3, 4]","[3, 4, 4]","[0.46, 0.79, 0.88]","[['B', 'A', 'D', 'C'], ['B', 'A', 'C', 'D'], ['D', 'A', 'B', 'C']]","{'A': 5, 'D': 4, 'B': 3, 'C': 3}","[0.58, 1.0, 1.0]",4.0
95,"[2, 3, 4]","[3, 4, 4]","[0.46, 0.79, 0.88]","[['B', 'A', 'D', 'C'], ['B', 'A', 'C', 'D'], ['D', 'B', 'A', 'C']]","{'A': 5, 'D': 4, 'B': 3, 'C': 3}","[0.58, 1.0, 1.0]",4.0
95,"[2, 3, 4]","[3, 4, 4]","[0.46, 0.79, 0.88]","[['B', 'A', 'D', 'C'], ['B', 'A', 'D', 'C'], ['A', 'B', 'C', 'D']]","{'A': 5, 'D': 4, 'B': 3, 'C': 3}","[0.58, 1.0, 1.0]",4.0
95,"[2, 3, 4]","[3, 4, 4]","[0.46, 0.79, 0.88]","[['B', 'A', 'D', 'C'], ['B', 'A', 'D', 'C'], ['A', 'B', 'D', 'C']]","{'A': 5, 'D': 5, 'B': 3, 'C': 2}","[0.58, 1.0, 1.0]",4.0
95,"[2, 3, 4]","[3, 4, 4]","[0.46, 0.79, 0.88]","[['B', 'A', 'D', 'C'], ['B', 'A', 'D', 'C'], ['A', 'C', 'B', 'D']]","{'A': 5, 'D': 4, 'B': 3, 'C': 3}","[0.58, 1.0, 1.0]",4.0
95,"[2, 3, 4]","[3, 4, 4]","[0.46, 0.79, 0.88]","[['B', 'A', 'D', 'C'], ['B', 'A', 'D', 'C'], ['A', 'C', 'D', 'B']]","{'A': 5, 'D': 5, 'C': 3, 'B': 2}","[0.58, 1.0, 1.0]",4.25
95,"[2, 3, 4]","[3, 4, 4]","[0.46, 0.79, 0.88]","[['B', 'A', 'D', 'C'], ['B', 'A', 'D', 'C'], ['A', 'D', 'B', 'C']]","{'A': 5, 'D': 5, 'B': 3, 'C': 2}","[0.58, 1.0, 1.0]",4.0
95,"[2, 3, 4]","[3, 4, 4]","[0.46, 0.79, 0.88]","[['B', 'A', 'D', 'C'], ['B', 'A', 'D', 'C'], ['A', 'D', 'C', 'B']]","{'A': 5, 'D': 5, 'C': 3, 'B': 2}","[0.58, 1.0, 1.0]",4.25
95,"[2, 3, 4]","[3, 4, 4]","[0.46, 0.79, 0.88]","[['B', 'A', 'D', 'C'], ['B', 'A', 'D', 'C'], ['B', 'A', 'C', 'D']]","{'A': 5, 'D': 4, 'B': 3, 'C': 3}","[0.58, 1.0, 1.0]",4.0
95,"[2, 3, 4]","[3, 4, 4]","[0.46, 0.79, 0.88]","[['B', 'A', 'D', 'C'], ['B', 'A', 'D', 'C'], ['B', 'A', 'D', 'C']]","{'A': 5, 'D': 5, 'B': 3, 'C': 2}","[0.58, 1.0, 1.0]",4.0
95,"[2, 3, 4]","[3, 4, 4]","[0.46, 0.79, 0.88]","[['B', 'A', 'D', 'C'], ['B', 'A', 'D', 'C'], ['B', 'C', 'A', 'D']]","{'A': 5, 'D': 4, 'B': 3, 'C': 3}","[0.58, 1.0, 1.0]",4.0
95,"[2, 3, 4]","[3, 4, 4]","[0.46, 0.79, 0.88]","[['B', 'A', 'D', 'C'], ['B', 'A', 'D', 'C'], ['B', 'D', 'A', 'C']]","{'A': 5, 'D': 5, 'B': 3, 'C': 2}","[0.58, 1.0, 1.0]",4.0
95,"[2, 3, 4]","[3, 4, 4]","[0.46, 0.79, 0.88]","[['B', 'A', 'D', 'C'], ['B', 'A', 'D', 'C'], ['C', 'A', 'B', 'D']]","{'A': 5, 'D': 4, 'B': 3, 'C': 3}","[0.58, 1.0, 1.0]",4.0
95,"[2, 3, 4]","[3, 4, 4]","[0.46, 0.79, 0.88]","[['B', 'A', 'D', 'C'], ['B', 'A', 'D', 'C'], ['C', 'A', 'D', 'B']]","{'A': 5, 'D': 5, 'C': 3, 'B': 2}","[0.58, 1.0, 1.0]",4.25
95,"[2, 3, 4]","[3, 4, 4]","[0.46, 0.79, 0.88]","[['B', 'A', 'D', 'C'], ['B', 'A', 'D', 'C'], ['C', 'B', 'A', 'D']]","{'A': 5, 'D': 4, 'B': 3, 'C': 3}","[0.58, 1.0, 1.0]",4.0
95,"[2, 3, 4]","[3, 4, 4]","[0.46, 0.79, 0.88]","[['B', 'A', 'D', 'C'], ['B', 'A', 'D', 'C'], ['C', 'D', 'A', 'B']]","{'A': 5, 'D': 5, 'C': 3, 'B': 2}","[0.58, 1.0, 1.0]",4.25
95,"[2, 3, 4]","[3, 4, 4]","[0.46, 0.79, 0.88]","[['B', 'A', 'D', 'C'], ['B', 'A', 'D', 'C'], ['D', 'A', 'B', 'C']]","{'A': 5, 'D': 5, 'B': 3, 'C': 2}","[0.58, 1.0, 1.0]",4.0
95,"[2, 3, 4]","[3, 4, 4]","[0.46, 0.79, 0.88]","[['B', 'A', 'D', 'C'], ['B', 'A', 'D', 'C'], ['D', 'A', 'C', 'B']]","{'A': 5, 'D': 5, 'C': 3, 'B': 2}","[0.58, 1.0, 1.0]",4.25
95,"[2, 3, 4]","[3, 4, 4]","[0.46, 0.79, 0.88]","[['B', 'A', 'D', 'C'], ['B', 'A', 'D', 'C'], ['D', 'B', 'A', 'C']]","{'A': 5, 'D': 5, 'B': 3, 'C': 2}","[0.58, 1.0, 1.0]",4.0
95,"[2, 3, 4]","[3, 4, 4]","[0.46, 0.79, 0.88]","[['B', 'A', 'D', 'C'], ['B', 'A', 'D', 'C'], ['D', 'C', 'A', 'B']]","{'A': 5, 'D': 5, 'C': 3, 'B': 2}","[0.58, 1.0, 1.0]",4.25
95,"[2, 3, 4]","[3, 4, 4]","[0.46, 0.79, 0.88]","[['B', 'A', 'D', 'C'], ['B', 'C', 'A', 'D'], ['A', 'B', 'D', 'C']]","{'A': 5, 'D': 4, 'B': 3, 'C': 3}","[0.58, 1.0, 1.0]",4.0
95,"[2, 3, 4]","[3, 4, 4]","[0.46, 0.79, 0.88]","[['B', 'A', 'D', 'C'], ['B', 'C', 'A', 'D'], ['A', 'D', 'B', 'C']]","{'A': 5, 'D': 4, 'B': 3, 'C': 3}","[0.58, 1.0, 1.0]",4.0
95,"[2, 3, 4]","[3, 4, 4]","[0.46, 0.79, 0.88]","[['B', 'A', 'D', 'C'], ['B', 'C', 'A', 'D'], ['B', 'A', 'D', 'C']]","{'A': 5, 'D': 4, 'B': 3, 'C': 3}","[0.58, 1.0, 1.0]",4.0
95,"[2, 3, 4]","[3, 4, 4]","[0.46, 0.79, 0.88]","[['B', 'A', 'D', 'C'], ['B', 'C', 'A', 'D'], ['B', 'D', 'A', 'C']]","{'A': 5, 'D': 4, 'B': 3, 'C': 3}","[0.58, 1.0, 1.0]",4.0
95,"[2, 3, 4]","[3, 4, 4]","[0.46, 0.79, 0.88]","[['B', 'A', 'D', 'C'], ['B', 'C', 'A', 'D'], ['D', 'A', 'B', 'C']]","{'A': 5, 'D': 4, 'B': 3, 'C': 3}","[0.58, 1.0, 1.0]",4.0
95,"[2, 3, 4]","[3, 4, 4]","[0.46, 0.79, 0.88]","[['B', 'A', 'D', 'C'], ['B', 'C', 'A', 'D'], ['D', 'B', 'A', 'C']]","{'A': 5, 'D': 4, 'B': 3, 'C': 3}","[0.58, 1.0, 1.0]",4.0
95,"[2, 3, 4]","[3, 4, 4]","[0.46, 0.79, 0.88]","[['B', 'A', 'D', 'C'], ['B', 'D', 'A', 'C'], ['A', 'B', 'C', 'D']]","{'A': 5, 'D': 4, 'B': 3, 'C': 3}","[0.58, 1.0, 1.0]",4.0
95,"[2, 3, 4]","[3, 4, 4]","[0.46, 0.79, 0.88]","[['B', 'A', 'D', 'C'], ['B', 'D', 'A', 'C'], ['A', 'B', 'D', 'C']]","{'A': 5, 'D': 5, 'B': 3, 'C': 2}","[0.58, 1.0, 1.0]",4.0
95,"[2, 3, 4]","[3, 4, 4]","[0.46, 0.79, 0.88]","[['B', 'A', 'D', 'C'], ['B', 'D', 'A', 'C'], ['A', 'C', 'B', 'D']]","{'A': 5, 'D': 4, 'B': 3, 'C': 3}","[0.58, 1.0, 1.0]",4.0
95,"[2, 3, 4]","[3, 4, 4]","[0.46, 0.79, 0.88]","[['B', 'A', 'D', 'C'], ['B', 'D', 'A', 'C'], ['A', 'C', 'D', 'B']]","{'A': 5, 'D': 5, 'C': 3, 'B': 2}","[0.58, 1.0, 1.0]",4.25
95,"[2, 3, 4]","[3, 4, 4]","[0.46, 0.79, 0.88]","[['B', 'A', 'D', 'C'], ['B', 'D', 'A', 'C'], ['A', 'D', 'B', 'C']]","{'A': 5, 'D': 5, 'B': 3, 'C': 2}","[0.58, 1.0, 1.0]",4.0
95,"[2, 3, 4]","[3, 4, 4]","[0.46, 0.79, 0.88]","[['B', 'A', 'D', 'C'], ['B', 'D', 'A', 'C'], ['A', 'D', 'C', 'B']]","{'A': 5, 'D': 5, 'C': 3, 'B': 2}","[0.58, 1.0, 1.0]",4.25
95,"[2, 3, 4]","[3, 4, 4]","[0.46, 0.79, 0.88]","[['B', 'A', 'D', 'C'], ['B', 'D', 'A', 'C'], ['B', 'A', 'C', 'D']]","{'A': 5, 'D': 4, 'B': 3, 'C': 3}","[0.58, 1.0, 1.0]",4.0
95,"[2, 3, 4]","[3, 4, 4]","[0.46, 0.79, 0.88]","[['B', 'A', 'D', 'C'], ['B', 'D', 'A', 'C'], ['B', 'A', 'D', 'C']]","{'A': 5, 'D': 5, 'B': 3, 'C': 2}","[0.58, 1.0, 1.0]",4.0
95,"[2, 3, 4]","[3, 4, 4]","[0.46, 0.79, 0.88]","[['B', 'A', 'D', 'C'], ['B', 'D', 'A', 'C'], ['B', 'C', 'A', 'D']]","{'A': 5, 'D': 4, 'B': 3, 'C': 3}","[0.58, 1.0, 1.0]",4.0
95,"[2, 3, 4]","[3, 4, 4]","[0.46, 0.79, 0.88]","[['B', 'A', 'D', 'C'], ['B', 'D', 'A', 'C'], ['B', 'D', 'A', 'C']]","{'A': 5, 'D': 5, 'B': 3, 'C': 2}","[0.58, 1.0, 1.0]",4.0
95,"[2, 3, 4]","[3, 4, 4]","[0.46, 0.79, 0.88]","[['B', 'A', 'D', 'C'], ['B', 'D', 'A', 'C'], ['C', 'A', 'B', 'D']]","{'A': 5, 'D': 4, 'B': 3, 'C': 3}","[0.58, 1.0, 1.0]",4.0
95,"[2, 3, 4]","[3, 4, 4]","[0.46, 0.79, 0.88]","[['B', 'A', 'D', 'C'], ['B', 'D', 'A', 'C'], ['C', 'A', 'D', 'B']]","{'A': 5, 'D': 5, 'C': 3, 'B': 2}","[0.58, 1.0, 1.0]",4.25
95,"[2, 3, 4]","[3, 4, 4]","[0.46, 0.79, 0.88]","[['B', 'A', 'D', 'C'], ['B', 'D', 'A', 'C'], ['C', 'B', 'A', 'D']]","{'A': 5, 'D': 4, 'B': 3, 'C': 3}","[0.58, 1.0, 1.0]",4.0
95,"[2, 3, 4]","[3, 4, 4]","[0.46, 0.79, 0.88]","[['B', 'A', 'D', 'C'], ['B', 'D', 'A', 'C'], ['C', 'D', 'A', 'B']]","{'A': 5, 'D': 5, 'C': 3, 'B': 2}","[0.58, 1.0, 1.0]",4.25
95,"[2, 3, 4]","[3, 4, 4]","[0.46, 0.79, 0.88]","[['B', 'A', 'D', 'C'], ['B', 'D', 'A', 'C'], ['D', 'A', 'B', 'C']]","{'A': 5, 'D': 5, 'B': 3, 'C': 2}","[0.58, 1.0, 1.0]",4.0
95,"[2, 3, 4]","[3, 4, 4]","[0.46, 0.79, 0.88]","[['B', 'A', 'D', 'C'], ['B', 'D', 'A', 'C'], ['D', 'A', 'C', 'B']]","{'A': 5, 'D': 5, 'C': 3, 'B': 2}","[0.58, 1.0, 1.0]",4.25
95,"[2, 3, 4]","[3, 4, 4]","[0.46, 0.79, 0.88]","[['B', 'A', 'D', 'C'], ['B', 'D', 'A', 'C'], ['D', 'B', 'A', 'C']]","{'A': 5, 'D': 5, 'B': 3, 'C': 2}","[0.58, 1.0, 1.0]",4.0
95,"[2, 3, 4]","[3, 4, 4]","[0.46, 0.79, 0.88]","[['B', 'A', 'D', 'C'], ['B', 'D', 'A', 'C'], ['D', 'C', 'A', 'B']]","{'A': 5, 'D': 5, 'C': 3, 'B': 2}","[0.58, 1.0, 1.0]",4.25
95,"[2, 3, 4]","[3, 4, 4]","[0.46, 0.79, 0.88]","[['B', 'A', 'D', 'C'], ['C', 'A', 'B', 'D'], ['A', 'B', 'D', 'C']]","{'A': 5, 'D': 4, 'B': 3, 'C': 3}","[0.58, 1.0, 1.0]",4.0
95,"[2, 3, 4]","[3, 4, 4]","[0.46, 0.79, 0.88]","[['B', 'A', 'D', 'C'], ['C', 'A', 'B', 'D'], ['A', 'D', 'B', 'C']]","{'A': 5, 'D': 4, 'B': 3, 'C': 3}","[0.58, 1.0, 1.0]",4.0
95,"[2, 3, 4]","[3, 4, 4]","[0.46, 0.79, 0.88]","[['B', 'A', 'D', 'C'], ['C', 'A', 'B', 'D'], ['B', 'A', 'D', 'C']]","{'A': 5, 'D': 4, 'B': 3, 'C': 3}","[0.58, 1.0, 1.0]",4.0
95,"[2, 3, 4]","[3, 4, 4]","[0.46, 0.79, 0.88]","[['B', 'A', 'D', 'C'], ['C', 'A', 'B', 'D'], ['B', 'D', 'A', 'C']]","{'A': 5, 'D': 4, 'B': 3, 'C': 3}","[0.58, 1.0, 1.0]",4.0
95,"[2, 3, 4]","[3, 4, 4]","[0.46, 0.79, 0.88]","[['B', 'A', 'D', 'C'], ['C', 'A', 'B', 'D'], ['D', 'A', 'B', 'C']]","{'A': 5, 'D': 4, 'B': 3, 'C': 3}","[0.58, 1.0, 1.0]",4.0
95,"[2, 3, 4]","[3, 4, 4]","[0.46, 0.79, 0.88]","[['B', 'A', 'D', 'C'], ['C', 'A', 'B', 'D'], ['D', 'B', 'A', 'C']]","{'A': 5, 'D': 4, 'B': 3, 'C': 3}","[0.58, 1.0, 1.0]",4.0
95,"[2, 3, 4]","[3, 4, 4]","[0.46, 0.79, 0.88]","[['B', 'A', 'D', 'C'], ['C', 'A', 'D', 'B'], ['A', 'B', 'D', 'C']]","{'A': 5, 'D': 5, 'C': 3, 'B': 2}","[0.58, 1.0, 1.0]",4.25
95,"[2, 3, 4]","[3, 4, 4]","[0.46, 0.79, 0.88]","[['B', 'A', 'D', 'C'], ['C', 'A', 'D', 'B'], ['A', 'C', 'D', 'B']]","{'A': 5, 'D': 5, 'C': 4, 'B': 1}","[0.58, 1.0, 1.0]",4.25
95,"[2, 3, 4]","[3, 4, 4]","[0.46, 0.79, 0.88]","[['B', 'A', 'D', 'C'], ['C', 'A', 'D', 'B'], ['A', 'D', 'B', 'C']]","{'A': 5, 'D': 5, 'C': 3, 'B': 2}","[0.58, 1.0, 1.0]",4.25
95,"[2, 3, 4]","[3, 4, 4]","[0.46, 0.79, 0.88]","[['B', 'A', 'D', 'C'], ['C', 'A', 'D', 'B'], ['A', 'D', 'C', 'B']]","{'A': 5, 'D': 5, 'C': 4, 'B': 1}","[0.58, 1.0, 1.0]",4.25
95,"[2, 3, 4]","[3, 4, 4]","[0.46, 0.79, 0.88]","[['B', 'A', 'D', 'C'], ['C', 'A', 'D', 'B'], ['B', 'A', 'D', 'C']]","{'A': 5, 'D': 5, 'C': 3, 'B': 2}","[0.58, 1.0, 1.0]",4.25
95,"[2, 3, 4]","[3, 4, 4]","[0.46, 0.79, 0.88]","[['B', 'A', 'D', 'C'], ['C', 'A', 'D', 'B'], ['B', 'D', 'A', 'C']]","{'A': 5, 'D': 5, 'C': 3, 'B': 2}","[0.58, 1.0, 1.0]",4.25
95,"[2, 3, 4]","[3, 4, 4]","[0.46, 0.79, 0.88]","[['B', 'A', 'D', 'C'], ['C', 'A', 'D', 'B'], ['C', 'A', 'D', 'B']]","{'A': 5, 'D': 5, 'C': 4, 'B': 1}","[0.58, 1.0, 1.0]",4.25
95,"[2, 3, 4]","[3, 4, 4]","[0.46, 0.79, 0.88]","[['B', 'A', 'D', 'C'], ['C', 'A', 'D', 'B'], ['C', 'D', 'A', 'B']]","{'A': 5, 'D': 5, 'C': 4, 'B': 1}","[0.58, 1.0, 1.0]",4.25
95,"[2, 3, 4]","[3, 4, 4]","[0.46, 0.79, 0.88]","[['B', 'A', 'D', 'C'], ['C', 'A', 'D', 'B'], ['D', 'A', 'B', 'C']]","{'A': 5, 'D': 5, 'C': 3, 'B': 2}","[0.58, 1.0, 1.0]",4.25
95,"[2, 3, 4]","[3, 4, 4]","[0.46, 0.79, 0.88]","[['B', 'A', 'D', 'C'], ['C', 'A', 'D', 'B'], ['D', 'A', 'C', 'B']]","{'A': 5, 'D': 5, 'C': 4, 'B': 1}","[0.58, 1.0, 1.0]",4.25
95,"[2, 3, 4]","[3, 4, 4]","[0.46, 0.79, 0.88]","[['B', 'A', 'D', 'C'], ['C', 'A', 'D', 'B'], ['D', 'B', 'A', 'C']]","{'A': 5, 'D': 5, 'C': 3, 'B': 2}","[0.58, 1.0, 1.0]",4.25
95,"[2, 3, 4]","[3, 4, 4]","[0.46, 0.79, 0.88]","[['B', 'A', 'D', 'C'], ['C', 'A', 'D', 'B'], ['D', 'C', 'A', 'B']]","{'A': 5, 'D': 5, 'C': 4, 'B': 1}","[0.58, 1.0, 1.0]",4.25
95,"[2, 3, 4]","[3, 4, 4]","[0.46, 0.79, 0.88]","[['B', 'A', 'D', 'C'], ['C', 'B', 'A', 'D'], ['A', 'B', 'D', 'C']]","{'A': 5, 'D': 4, 'B': 3, 'C': 3}","[0.58, 1.0, 1.0]",4.0
95,"[2, 3, 4]","[3, 4, 4]","[0.46, 0.79, 0.88]","[['B', 'A', 'D', 'C'], ['C', 'B', 'A', 'D'], ['A', 'D', 'B', 'C']]","{'A': 5, 'D': 4, 'B': 3, 'C': 3}","[0.58, 1.0, 1.0]",4.0
95,"[2, 3, 4]","[3, 4, 4]","[0.46, 0.79, 0.88]","[['B', 'A', 'D', 'C'], ['C', 'B', 'A', 'D'], ['B', 'A', 'D', 'C']]","{'A': 5, 'D': 4, 'B': 3, 'C': 3}","[0.58, 1.0, 1.0]",4.0
95,"[2, 3, 4]","[3, 4, 4]","[0.46, 0.79, 0.88]","[['B', 'A', 'D', 'C'], ['C', 'B', 'A', 'D'], ['B', 'D', 'A', 'C']]","{'A': 5, 'D': 4, 'B': 3, 'C': 3}","[0.58, 1.0, 1.0]",4.0
95,"[2, 3, 4]","[3, 4, 4]","[0.46, 0.79, 0.88]","[['B', 'A', 'D', 'C'], ['C', 'B', 'A', 'D'], ['D', 'A', 'B', 'C']]","{'A': 5, 'D': 4, 'B': 3, 'C': 3}","[0.58, 1.0, 1.0]",4.0
95,"[2, 3, 4]","[3, 4, 4]","[0.46, 0.79, 0.88]","[['B', 'A', 'D', 'C'], ['C', 'B', 'A', 'D'], ['D', 'B', 'A', 'C']]","{'A': 5, 'D': 4, 'B': 3, 'C': 3}","[0.58, 1.0, 1.0]",4.0
95,"[2, 3, 4]","[3, 4, 4]","[0.46, 0.79, 0.88]","[['B', 'A', 'D', 'C'], ['C', 'D', 'A', 'B'], ['A', 'B', 'D', 'C']]","{'A': 5, 'D': 5, 'C': 3, 'B': 2}","[0.58, 1.0, 1.0]",4.25
95,"[2, 3, 4]","[3, 4, 4]","[0.46, 0.79, 0.88]","[['B', 'A', 'D', 'C'], ['C', 'D', 'A', 'B'], ['A', 'C', 'D', 'B']]","{'A': 5, 'D': 5, 'C': 4, 'B': 1}","[0.58, 1.0, 1.0]",4.25
95,"[2, 3, 4]","[3, 4, 4]","[0.46, 0.79, 0.88]","[['B', 'A', 'D', 'C'], ['C', 'D', 'A', 'B'], ['A', 'D', 'B', 'C']]","{'A': 5, 'D': 5, 'C': 3, 'B': 2}","[0.58, 1.0, 1.0]",4.25
95,"[2, 3, 4]","[3, 4, 4]","[0.46, 0.79, 0.88]","[['B', 'A', 'D', 'C'], ['C', 'D', 'A', 'B'], ['A', 'D', 'C', 'B']]","{'A': 5, 'D': 5, 'C': 4, 'B': 1}","[0.58, 1.0, 1.0]",4.25
95,"[2, 3, 4]","[3, 4, 4]","[0.46, 0.79, 0.88]","[['B', 'A', 'D', 'C'], ['C', 'D', 'A', 'B'], ['B', 'A', 'D', 'C']]","{'A': 5, 'D': 5, 'C': 3, 'B': 2}","[0.58, 1.0, 1.0]",4.25
95,"[2, 3, 4]","[3, 4, 4]","[0.46, 0.79, 0.88]","[['B', 'A', 'D', 'C'], ['C', 'D', 'A', 'B'], ['B', 'D', 'A', 'C']]","{'A': 5, 'D': 5, 'C': 3, 'B': 2}","[0.58, 1.0, 1.0]",4.25
95,"[2, 3, 4]","[3, 4, 4]","[0.46, 0.79, 0.88]","[['B', 'A', 'D', 'C'], ['C', 'D', 'A', 'B'], ['C', 'A', 'D', 'B']]","{'A': 5, 'D': 5, 'C': 4, 'B': 1}","[0.58, 1.0, 1.0]",4.25
95,"[2, 3, 4]","[3, 4, 4]","[0.46, 0.79, 0.88]","[['B', 'A', 'D', 'C'], ['C', 'D', 'A', 'B'], ['C', 'D', 'A', 'B']]","{'A': 5, 'D': 5, 'C': 4, 'B': 1}","[0.58, 1.0, 1.0]",4.25
95,"[2, 3, 4]","[3, 4, 4]","[0.46, 0.79, 0.88]","[['B', 'A', 'D', 'C'], ['C', 'D', 'A', 'B'], ['D', 'A', 'B', 'C']]","{'A': 5, 'D': 5, 'C': 3, 'B': 2}","[0.58, 1.0, 1.0]",4.25
95,"[2, 3, 4]","[3, 4, 4]","[0.46, 0.79, 0.88]","[['B', 'A', 'D', 'C'], ['C', 'D', 'A', 'B'], ['D', 'A', 'C', 'B']]","{'A': 5, 'D': 5, 'C': 4, 'B': 1}","[0.58, 1.0, 1.0]",4.25
95,"[2, 3, 4]","[3, 4, 4]","[0.46, 0.79, 0.88]","[['B', 'A', 'D', 'C'], ['C', 'D', 'A', 'B'], ['D', 'B', 'A', 'C']]","{'A': 5, 'D': 5, 'C': 3, 'B': 2}","[0.58, 1.0, 1.0]",4.25
95,"[2, 3, 4]","[3, 4, 4]","[0.46, 0.79, 0.88]","[['B', 'A', 'D', 'C'], ['C', 'D', 'A', 'B'], ['D', 'C', 'A', 'B']]","{'A': 5, 'D': 5, 'C': 4, 'B': 1}","[0.58, 1.0, 1.0]",4.25
95,"[2, 3, 4]","[3, 4, 4]","[0.46, 0.79, 0.88]","[['B', 'A', 'D', 'C'], ['D', 'A', 'B', 'C'], ['A', 'B', 'C', 'D']]","{'A': 5, 'D': 4, 'B': 3, 'C': 3}","[0.58, 1.0, 1.0]",4.0
95,"[2, 3, 4]","[3, 4, 4]","[0.46, 0.79, 0.88]","[['B', 'A', 'D', 'C'], ['D', 'A', 'B', 'C'], ['A', 'B', 'D', 'C']]","{'A': 5, 'D': 5, 'B': 3, 'C': 2}","[0.58, 1.0, 1.0]",4.0
95,"[2, 3, 4]","[3, 4, 4]","[0.46, 0.79, 0.88]","[['B', 'A', 'D', 'C'], ['D', 'A', 'B', 'C'], ['A', 'C', 'B', 'D']]","{'A': 5, 'D': 4, 'B': 3, 'C': 3}","[0.58, 1.0, 1.0]",4.0
95,"[2, 3, 4]","[3, 4, 4]","[0.46, 0.79, 0.88]","[['B', 'A', 'D', 'C'], ['D', 'A', 'B', 'C'], ['A', 'C', 'D', 'B']]","{'A': 5, 'D': 5, 'C': 3, 'B': 2}","[0.58, 1.0, 1.0]",4.25
95,"[2, 3, 4]","[3, 4, 4]","[0.46, 0.79, 0.88]","[['B', 'A', 'D', 'C'], ['D', 'A', 'B', 'C'], ['A', 'D', 'B', 'C']]","{'A': 5, 'D': 5, 'B': 3, 'C': 2}","[0.58, 1.0, 1.0]",4.0
95,"[2, 3, 4]","[3, 4, 4]","[0.46, 0.79, 0.88]","[['B', 'A', 'D', 'C'], ['D', 'A', 'B', 'C'], ['A', 'D', 'C', 'B']]","{'A': 5, 'D': 5, 'C': 3, 'B': 2}","[0.58, 1.0, 1.0]",4.25
95,"[2, 3, 4]","[3, 4, 4]","[0.46, 0.79, 0.88]","[['B', 'A', 'D', 'C'], ['D', 'A', 'B', 'C'], ['B', 'A', 'C', 'D']]","{'A': 5, 'D': 4, 'B': 3, 'C': 3}","[0.58, 1.0, 1.0]",4.0
95,"[2, 3, 4]","[3, 4, 4]","[0.46, 0.79, 0.88]","[['B', 'A', 'D', 'C'], ['D', 'A', 'B', 'C'], ['B', 'A', 'D', 'C']]","{'A': 5, 'D': 5, 'B': 3, 'C': 2}","[0.58, 1.0, 1.0]",4.0
95,"[2, 3, 4]","[3, 4, 4]","[0.46, 0.79, 0.88]","[['B', 'A', 'D', 'C'], ['D', 'A', 'B', 'C'], ['B', 'C', 'A', 'D']]","{'A': 5, 'D': 4, 'B': 3, 'C': 3}","[0.58, 1.0, 1.0]",4.0
95,"[2, 3, 4]","[3, 4, 4]","[0.46, 0.79, 0.88]","[['B', 'A', 'D', 'C'], ['D', 'A', 'B', 'C'], ['B', 'D', 'A', 'C']]","{'A': 5, 'D': 5, 'B': 3, 'C': 2}","[0.58, 1.0, 1.0]",4.0
95,"[2, 3, 4]","[3, 4, 4]","[0.46, 0.79, 0.88]","[['B', 'A', 'D', 'C'], ['D', 'A', 'B', 'C'], ['C', 'A', 'B', 'D']]","{'A': 5, 'D': 4, 'B': 3, 'C': 3}","[0.58, 1.0, 1.0]",4.0
95,"[2, 3, 4]","[3, 4, 4]","[0.46, 0.79, 0.88]","[['B', 'A', 'D', 'C'], ['D', 'A', 'B', 'C'], ['C', 'A', 'D', 'B']]","{'A': 5, 'D': 5, 'C': 3, 'B': 2}","[0.58, 1.0, 1.0]",4.25
95,"[2, 3, 4]","[3, 4, 4]","[0.46, 0.79, 0.88]","[['B', 'A', 'D', 'C'], ['D', 'A', 'B', 'C'], ['C', 'B', 'A', 'D']]","{'A': 5, 'D': 4, 'B': 3, 'C': 3}","[0.58, 1.0, 1.0]",4.0
95,"[2, 3, 4]","[3, 4, 4]","[0.46, 0.79, 0.88]","[['B', 'A', 'D', 'C'], ['D', 'A', 'B', 'C'], ['C', 'D', 'A', 'B']]","{'A': 5, 'D': 5, 'C': 3, 'B': 2}","[0.58, 1.0, 1.0]",4.25
95,"[2, 3, 4]","[3, 4, 4]","[0.46, 0.79, 0.88]","[['B', 'A', 'D', 'C'], ['D', 'A', 'B', 'C'], ['D', 'A', 'B', 'C']]","{'A': 5, 'D': 5, 'B': 3, 'C': 2}","[0.58, 1.0, 1.0]",4.0
95,"[2, 3, 4]","[3, 4, 4]","[0.46, 0.79, 0.88]","[['B', 'A', 'D', 'C'], ['D', 'A', 'B', 'C'], ['D', 'A', 'C', 'B']]","{'A': 5, 'D': 5, 'C': 3, 'B': 2}","[0.58, 1.0, 1.0]",4.25
95,"[2, 3, 4]","[3, 4, 4]","[0.46, 0.79, 0.88]","[['B', 'A', 'D', 'C'], ['D', 'A', 'B', 'C'], ['D', 'B', 'A', 'C']]","{'A': 5, 'D': 5, 'B': 3, 'C': 2}","[0.58, 1.0, 1.0]",4.0
95,"[2, 3, 4]","[3, 4, 4]","[0.46, 0.79, 0.88]","[['B', 'A', 'D', 'C'], ['D', 'A', 'B', 'C'], ['D', 'C', 'A', 'B']]","{'A': 5, 'D': 5, 'C': 3, 'B': 2}","[0.58, 1.0, 1.0]",4.25
95,"[2, 3, 4]","[3, 4, 4]","[0.46, 0.79, 0.88]","[['B', 'A', 'D', 'C'], ['D', 'A', 'C', 'B'], ['A', 'B', 'D', 'C']]","{'A': 5, 'D': 5, 'C': 3, 'B': 2}","[0.58, 1.0, 1.0]",4.25
95,"[2, 3, 4]","[3, 4, 4]","[0.46, 0.79, 0.88]","[['B', 'A', 'D', 'C'], ['D', 'A', 'C', 'B'], ['A', 'C', 'D', 'B']]","{'A': 5, 'D': 5, 'C': 4, 'B': 1}","[0.58, 1.0, 1.0]",4.25
95,"[2, 3, 4]","[3, 4, 4]","[0.46, 0.79, 0.88]","[['B', 'A', 'D', 'C'], ['D', 'A', 'C', 'B'], ['A', 'D', 'B', 'C']]","{'A': 5, 'D': 5, 'C': 3, 'B': 2}","[0.58, 1.0, 1.0]",4.25
95,"[2, 3, 4]","[3, 4, 4]","[0.46, 0.79, 0.88]","[['B', 'A', 'D', 'C'], ['D', 'A', 'C', 'B'], ['A', 'D', 'C', 'B']]","{'A': 5, 'D': 5, 'C': 4, 'B': 1}","[0.58, 1.0, 1.0]",4.25
95,"[2, 3, 4]","[3, 4, 4]","[0.46, 0.79, 0.88]","[['B', 'A', 'D', 'C'], ['D', 'A', 'C', 'B'], ['B', 'A', 'D', 'C']]","{'A': 5, 'D': 5, 'C': 3, 'B': 2}","[0.58, 1.0, 1.0]",4.25
95,"[2, 3, 4]","[3, 4, 4]","[0.46, 0.79, 0.88]","[['B', 'A', 'D', 'C'], ['D', 'A', 'C', 'B'], ['B', 'D', 'A', 'C']]","{'A': 5, 'D': 5, 'C': 3, 'B': 2}","[0.58, 1.0, 1.0]",4.25
95,"[2, 3, 4]","[3, 4, 4]","[0.46, 0.79, 0.88]","[['B', 'A', 'D', 'C'], ['D', 'A', 'C', 'B'], ['C', 'A', 'D', 'B']]","{'A': 5, 'D': 5, 'C': 4, 'B': 1}","[0.58, 1.0, 1.0]",4.25
95,"[2, 3, 4]","[3, 4, 4]","[0.46, 0.79, 0.88]","[['B', 'A', 'D', 'C'], ['D', 'A', 'C', 'B'], ['C', 'D', 'A', 'B']]","{'A': 5, 'D': 5, 'C': 4, 'B': 1}","[0.58, 1.0, 1.0]",4.25
95,"[2, 3, 4]","[3, 4, 4]","[0.46, 0.79, 0.88]","[['B', 'A', 'D', 'C'], ['D', 'A', 'C', 'B'], ['D', 'A', 'B', 'C']]","{'A': 5, 'D': 5, 'C': 3, 'B': 2}","[0.58, 1.0, 1.0]",4.25
95,"[2, 3, 4]","[3, 4, 4]","[0.46, 0.79, 0.88]","[['B', 'A', 'D', 'C'], ['D', 'A', 'C', 'B'], ['D', 'A', 'C', 'B']]","{'A': 5, 'D': 5, 'C': 4, 'B': 1}","[0.58, 1.0, 1.0]",4.25
95,"[2, 3, 4]","[3, 4, 4]","[0.46, 0.79, 0.88]","[['B', 'A', 'D', 'C'], ['D', 'A', 'C', 'B'], ['D', 'B', 'A', 'C']]","{'A': 5, 'D': 5, 'C': 3, 'B': 2}","[0.58, 1.0, 1.0]",4.25
95,"[2, 3, 4]","[3, 4, 4]","[0.46, 0.79, 0.88]","[['B', 'A', 'D', 'C'], ['D', 'A', 'C', 'B'], ['D', 'C', 'A', 'B']]","{'A': 5, 'D': 5, 'C': 4, 'B': 1}","[0.58, 1.0, 1.0]",4.25
95,"[2, 3, 4]","[3, 4, 4]","[0.46, 0.79, 0.88]","[['B', 'A', 'D', 'C'], ['D', 'B', 'A', 'C'], ['A', 'B', 'C', 'D']]","{'A': 5, 'D': 4, 'B': 3, 'C': 3}","[0.58, 1.0, 1.0]",4.0
95,"[2, 3, 4]","[3, 4, 4]","[0.46, 0.79, 0.88]","[['B', 'A', 'D', 'C'], ['D', 'B', 'A', 'C'], ['A', 'B', 'D', 'C']]","{'A': 5, 'D': 5, 'B': 3, 'C': 2}","[0.58, 1.0, 1.0]",4.0
95,"[2, 3, 4]","[3, 4, 4]","[0.46, 0.79, 0.88]","[['B', 'A', 'D', 'C'], ['D', 'B', 'A', 'C'], ['A', 'C', 'B', 'D']]","{'A': 5, 'D': 4, 'B': 3, 'C': 3}","[0.58, 1.0, 1.0]",4.0
95,"[2, 3, 4]","[3, 4, 4]","[0.46, 0.79, 0.88]","[['B', 'A', 'D', 'C'], ['D', 'B', 'A', 'C'], ['A', 'C', 'D', 'B']]","{'A': 5, 'D': 5, 'C': 3, 'B': 2}","[0.58, 1.0, 1.0]",4.25
95,"[2, 3, 4]","[3, 4, 4]","[0.46, 0.79, 0.88]","[['B', 'A', 'D', 'C'], ['D', 'B', 'A', 'C'], ['A', 'D', 'B', 'C']]","{'A': 5, 'D': 5, 'B': 3, 'C': 2}","[0.58, 1.0, 1.0]",4.0
95,"[2, 3, 4]","[3, 4, 4]","[0.46, 0.79, 0.88]","[['B', 'A', 'D', 'C'], ['D', 'B', 'A', 'C'], ['A', 'D', 'C', 'B']]","{'A': 5, 'D': 5, 'C': 3, 'B': 2}","[0.58, 1.0, 1.0]",4.25
95,"[2, 3, 4]","[3, 4, 4]","[0.46, 0.79, 0.88]","[['B', 'A', 'D', 'C'], ['D', 'B', 'A', 'C'], ['B', 'A', 'C', 'D']]","{'A': 5, 'D': 4, 'B': 3, 'C': 3}","[0.58, 1.0, 1.0]",4.0
95,"[2, 3, 4]","[3, 4, 4]","[0.46, 0.79, 0.88]","[['B', 'A', 'D', 'C'], ['D', 'B', 'A', 'C'], ['B', 'A', 'D', 'C']]","{'A': 5, 'D': 5, 'B': 3, 'C': 2}","[0.58, 1.0, 1.0]",4.0
95,"[2, 3, 4]","[3, 4, 4]","[0.46, 0.79, 0.88]","[['B', 'A', 'D', 'C'], ['D', 'B', 'A', 'C'], ['B', 'C', 'A', 'D']]","{'A': 5, 'D': 4, 'B': 3, 'C': 3}","[0.58, 1.0, 1.0]",4.0
95,"[2, 3, 4]","[3, 4, 4]","[0.46, 0.79, 0.88]","[['B', 'A', 'D', 'C'], ['D', 'B', 'A', 'C'], ['B', 'D', 'A', 'C']]","{'A': 5, 'D': 5, 'B': 3, 'C': 2}","[0.58, 1.0, 1.0]",4.0
95,"[2, 3, 4]","[3, 4, 4]","[0.46, 0.79, 0.88]","[['B', 'A', 'D', 'C'], ['D', 'B', 'A', 'C'], ['C', 'A', 'B', 'D']]","{'A': 5, 'D': 4, 'B': 3, 'C': 3}","[0.58, 1.0, 1.0]",4.0
95,"[2, 3, 4]","[3, 4, 4]","[0.46, 0.79, 0.88]","[['B', 'A', 'D', 'C'], ['D', 'B', 'A', 'C'], ['C', 'A', 'D', 'B']]","{'A': 5, 'D': 5, 'C': 3, 'B': 2}","[0.58, 1.0, 1.0]",4.25
95,"[2, 3, 4]","[3, 4, 4]","[0.46, 0.79, 0.88]","[['B', 'A', 'D', 'C'], ['D', 'B', 'A', 'C'], ['C', 'B', 'A', 'D']]","{'A': 5, 'D': 4, 'B': 3, 'C': 3}","[0.58, 1.0, 1.0]",4.0
95,"[2, 3, 4]","[3, 4, 4]","[0.46, 0.79, 0.88]","[['B', 'A', 'D', 'C'], ['D', 'B', 'A', 'C'], ['C', 'D', 'A', 'B']]","{'A': 5, 'D': 5, 'C': 3, 'B': 2}","[0.58, 1.0, 1.0]",4.25
95,"[2, 3, 4]","[3, 4, 4]","[0.46, 0.79, 0.88]","[['B', 'A', 'D', 'C'], ['D', 'B', 'A', 'C'], ['D', 'A', 'B', 'C']]","{'A': 5, 'D': 5, 'B': 3, 'C': 2}","[0.58, 1.0, 1.0]",4.0
95,"[2, 3, 4]","[3, 4, 4]","[0.46, 0.79, 0.88]","[['B', 'A', 'D', 'C'], ['D', 'B', 'A', 'C'], ['D', 'A', 'C', 'B']]","{'A': 5, 'D': 5, 'C': 3, 'B': 2}","[0.58, 1.0, 1.0]",4.25
95,"[2, 3, 4]","[3, 4, 4]","[0.46, 0.79, 0.88]","[['B', 'A', 'D', 'C'], ['D', 'B', 'A', 'C'], ['D', 'B', 'A', 'C']]","{'A': 5, 'D': 5, 'B': 3, 'C': 2}","[0.58, 1.0, 1.0]",4.0
95,"[2, 3, 4]","[3, 4, 4]","[0.46, 0.79, 0.88]","[['B', 'A', 'D', 'C'], ['D', 'B', 'A', 'C'], ['D', 'C', 'A', 'B']]","{'A': 5, 'D': 5, 'C': 3, 'B': 2}","[0.58, 1.0, 1.0]",4.25
95,"[2, 3, 4]","[3, 4, 4]","[0.46, 0.79, 0.88]","[['B', 'A', 'D', 'C'], ['D', 'C', 'A', 'B'], ['A', 'B', 'D', 'C']]","{'A': 5, 'D': 5, 'C': 3, 'B': 2}","[0.58, 1.0, 1.0]",4.25
95,"[2, 3, 4]","[3, 4, 4]","[0.46, 0.79, 0.88]","[['B', 'A', 'D', 'C'], ['D', 'C', 'A', 'B'], ['A', 'C', 'D', 'B']]","{'A': 5, 'D': 5, 'C': 4, 'B': 1}","[0.58, 1.0, 1.0]",4.25
95,"[2, 3, 4]","[3, 4, 4]","[0.46, 0.79, 0.88]","[['B', 'A', 'D', 'C'], ['D', 'C', 'A', 'B'], ['A', 'D', 'B', 'C']]","{'A': 5, 'D': 5, 'C': 3, 'B': 2}","[0.58, 1.0, 1.0]",4.25
95,"[2, 3, 4]","[3, 4, 4]","[0.46, 0.79, 0.88]","[['B', 'A', 'D', 'C'], ['D', 'C', 'A', 'B'], ['A', 'D', 'C', 'B']]","{'A': 5, 'D': 5, 'C': 4, 'B': 1}","[0.58, 1.0, 1.0]",4.25
95,"[2, 3, 4]","[3, 4, 4]","[0.46, 0.79, 0.88]","[['B', 'A', 'D', 'C'], ['D', 'C', 'A', 'B'], ['B', 'A', 'D', 'C']]","{'A': 5, 'D': 5, 'C': 3, 'B': 2}","[0.58, 1.0, 1.0]",4.25
95,"[2, 3, 4]","[3, 4, 4]","[0.46, 0.79, 0.88]","[['B', 'A', 'D', 'C'], ['D', 'C', 'A', 'B'], ['B', 'D', 'A', 'C']]","{'A': 5, 'D': 5, 'C': 3, 'B': 2}","[0.58, 1.0, 1.0]",4.25
95,"[2, 3, 4]","[3, 4, 4]","[0.46, 0.79, 0.88]","[['B', 'A', 'D', 'C'], ['D', 'C', 'A', 'B'], ['C', 'A', 'D', 'B']]","{'A': 5, 'D': 5, 'C': 4, 'B': 1}","[0.58, 1.0, 1.0]",4.25
95,"[2, 3, 4]","[3, 4, 4]","[0.46, 0.79, 0.88]","[['B', 'A', 'D', 'C'], ['D', 'C', 'A', 'B'], ['C', 'D', 'A', 'B']]","{'A': 5, 'D': 5, 'C': 4, 'B': 1}","[0.58, 1.0, 1.0]",4.25
95,"[2, 3, 4]","[3, 4, 4]","[0.46, 0.79, 0.88]","[['B', 'A', 'D', 'C'], ['D', 'C', 'A', 'B'], ['D', 'A', 'B', 'C']]","{'A': 5, 'D': 5, 'C': 3, 'B': 2}","[0.58, 1.0, 1.0]",4.25
95,"[2, 3, 4]","[3, 4, 4]","[0.46, 0.79, 0.88]","[['B', 'A', 'D', 'C'], ['D', 'C', 'A', 'B'], ['D', 'A', 'C', 'B']]","{'A': 5, 'D': 5, 'C': 4, 'B': 1}","[0.58, 1.0, 1.0]",4.25
95,"[2, 3, 4]","[3, 4, 4]","[0.46, 0.79, 0.88]","[['B', 'A', 'D', 'C'], ['D', 'C', 'A', 'B'], ['D', 'B', 'A', 'C']]","{'A': 5, 'D': 5, 'C': 3, 'B': 2}","[0.58, 1.0, 1.0]",4.25
95,"[2, 3, 4]","[3, 4, 4]","[0.46, 0.79, 0.88]","[['B', 'A', 'D', 'C'], ['D', 'C', 'A', 'B'], ['D', 'C', 'A', 'B']]","{'A': 5, 'D': 5, 'C': 4, 'B': 1}","[0.58, 1.0, 1.0]",4.25
95,"[2, 3, 4]","[3, 4, 4]","[0.46, 0.79, 0.88]","[['B', 'C', 'A', 'D'], ['A', 'B', 'D', 'C'], ['A', 'B', 'D', 'C']]","{'A': 5, 'D': 4, 'B': 3, 'C': 3}","[0.58, 1.0, 1.0]",4.0
95,"[2, 3, 4]","[3, 4, 4]","[0.46, 0.79, 0.88]","[['B', 'C', 'A', 'D'], ['A', 'B', 'D', 'C'], ['A', 'D', 'B', 'C']]","{'A': 5, 'D': 4, 'B': 3, 'C': 3}","[0.58, 1.0, 1.0]",4.0
95,"[2, 3, 4]","[3, 4, 4]","[0.46, 0.79, 0.88]","[['B', 'C', 'A', 'D'], ['A', 'B', 'D', 'C'], ['B', 'A', 'D', 'C']]","{'A': 5, 'D': 4, 'B': 3, 'C': 3}","[0.58, 1.0, 1.0]",4.0
95,"[2, 3, 4]","[3, 4, 4]","[0.46, 0.79, 0.88]","[['B', 'C', 'A', 'D'], ['A', 'B', 'D', 'C'], ['B', 'D', 'A', 'C']]","{'A': 5, 'D': 4, 'B': 3, 'C': 3}","[0.58, 1.0, 1.0]",4.0
95,"[2, 3, 4]","[3, 4, 4]","[0.46, 0.79, 0.88]","[['B', 'C', 'A', 'D'], ['A', 'B', 'D', 'C'], ['D', 'A', 'B', 'C']]","{'A': 5, 'D': 4, 'B': 3, 'C': 3}","[0.58, 1.0, 1.0]",4.0
95,"[2, 3, 4]","[3, 4, 4]","[0.46, 0.79, 0.88]","[['B', 'C', 'A', 'D'], ['A', 'B', 'D', 'C'], ['D', 'B', 'A', 'C']]","{'A': 5, 'D': 4, 'B': 3, 'C': 3}","[0.58, 1.0, 1.0]",4.0
95,"[2, 3, 4]","[3, 4, 4]","[0.46, 0.79, 0.88]","[['B', 'C', 'A', 'D'], ['A', 'D', 'B', 'C'], ['A', 'B', 'D', 'C']]","{'A': 5, 'D': 4, 'B': 3, 'C': 3}","[0.58, 1.0, 1.0]",4.0
95,"[2, 3, 4]","[3, 4, 4]","[0.46, 0.79, 0.88]","[['B', 'C', 'A', 'D'], ['A', 'D', 'B', 'C'], ['A', 'D', 'B', 'C']]","{'A': 5, 'D': 4, 'B': 3, 'C': 3}","[0.58, 1.0, 1.0]",4.0
95,"[2, 3, 4]","[3, 4, 4]","[0.46, 0.79, 0.88]","[['B', 'C', 'A', 'D'], ['A', 'D', 'B', 'C'], ['B', 'A', 'D', 'C']]","{'A': 5, 'D': 4, 'B': 3, 'C': 3}","[0.58, 1.0, 1.0]",4.0
95,"[2, 3, 4]","[3, 4, 4]","[0.46, 0.79, 0.88]","[['B', 'C', 'A', 'D'], ['A', 'D', 'B', 'C'], ['B', 'D', 'A', 'C']]","{'A': 5, 'D': 4, 'B': 3, 'C': 3}","[0.58, 1.0, 1.0]",4.0
95,"[2, 3, 4]","[3, 4, 4]","[0.46, 0.79, 0.88]","[['B', 'C', 'A', 'D'], ['A', 'D', 'B', 'C'], ['D', 'A', 'B', 'C']]","{'A': 5, 'D': 4, 'B': 3, 'C': 3}","[0.58, 1.0, 1.0]",4.0
95,"[2, 3, 4]","[3, 4, 4]","[0.46, 0.79, 0.88]","[['B', 'C', 'A', 'D'], ['A', 'D', 'B', 'C'], ['D', 'B', 'A', 'C']]","{'A': 5, 'D': 4, 'B': 3, 'C': 3}","[0.58, 1.0, 1.0]",4.0
95,"[2, 3, 4]","[3, 4, 4]","[0.46, 0.79, 0.88]","[['B', 'C', 'A', 'D'], ['B', 'A', 'D', 'C'], ['A', 'B', 'D', 'C']]","{'A': 5, 'D': 4, 'B': 3, 'C': 3}","[0.58, 1.0, 1.0]",4.0
95,"[2, 3, 4]","[3, 4, 4]","[0.46, 0.79, 0.88]","[['B', 'C', 'A', 'D'], ['B', 'A', 'D', 'C'], ['A', 'D', 'B', 'C']]","{'A': 5, 'D': 4, 'B': 3, 'C': 3}","[0.58, 1.0, 1.0]",4.0
95,"[2, 3, 4]","[3, 4, 4]","[0.46, 0.79, 0.88]","[['B', 'C', 'A', 'D'], ['B', 'A', 'D', 'C'], ['B', 'A', 'D', 'C']]","{'A': 5, 'D': 4, 'B': 3, 'C': 3}","[0.58, 1.0, 1.0]",4.0
95,"[2, 3, 4]","[3, 4, 4]","[0.46, 0.79, 0.88]","[['B', 'C', 'A', 'D'], ['B', 'A', 'D', 'C'], ['B', 'D', 'A', 'C']]","{'A': 5, 'D': 4, 'B': 3, 'C': 3}","[0.58, 1.0, 1.0]",4.0
95,"[2, 3, 4]","[3, 4, 4]","[0.46, 0.79, 0.88]","[['B', 'C', 'A', 'D'], ['B', 'A', 'D', 'C'], ['D', 'A', 'B', 'C']]","{'A': 5, 'D': 4, 'B': 3, 'C': 3}","[0.58, 1.0, 1.0]",4.0
95,"[2, 3, 4]","[3, 4, 4]","[0.46, 0.79, 0.88]","[['B', 'C', 'A', 'D'], ['B', 'A', 'D', 'C'], ['D', 'B', 'A', 'C']]","{'A': 5, 'D': 4, 'B': 3, 'C': 3}","[0.58, 1.0, 1.0]",4.0
95,"[2, 3, 4]","[3, 4, 4]","[0.46, 0.79, 0.88]","[['B', 'C', 'A', 'D'], ['B', 'D', 'A', 'C'], ['A', 'B', 'D', 'C']]","{'A': 5, 'D': 4, 'B': 3, 'C': 3}","[0.58, 1.0, 1.0]",4.0
95,"[2, 3, 4]","[3, 4, 4]","[0.46, 0.79, 0.88]","[['B', 'C', 'A', 'D'], ['B', 'D', 'A', 'C'], ['A', 'D', 'B', 'C']]","{'A': 5, 'D': 4, 'B': 3, 'C': 3}","[0.58, 1.0, 1.0]",4.0
95,"[2, 3, 4]","[3, 4, 4]","[0.46, 0.79, 0.88]","[['B', 'C', 'A', 'D'], ['B', 'D', 'A', 'C'], ['B', 'A', 'D', 'C']]","{'A': 5, 'D': 4, 'B': 3, 'C': 3}","[0.58, 1.0, 1.0]",4.0
95,"[2, 3, 4]","[3, 4, 4]","[0.46, 0.79, 0.88]","[['B', 'C', 'A', 'D'], ['B', 'D', 'A', 'C'], ['B', 'D', 'A', 'C']]","{'A': 5, 'D': 4, 'B': 3, 'C': 3}","[0.58, 1.0, 1.0]",4.0
95,"[2, 3, 4]","[3, 4, 4]","[0.46, 0.79, 0.88]","[['B', 'C', 'A', 'D'], ['B', 'D', 'A', 'C'], ['D', 'A', 'B', 'C']]","{'A': 5, 'D': 4, 'B': 3, 'C': 3}","[0.58, 1.0, 1.0]",4.0
95,"[2, 3, 4]","[3, 4, 4]","[0.46, 0.79, 0.88]","[['B', 'C', 'A', 'D'], ['B', 'D', 'A', 'C'], ['D', 'B', 'A', 'C']]","{'A': 5, 'D': 4, 'B': 3, 'C': 3}","[0.58, 1.0, 1.0]",4.0
95,"[2, 3, 4]","[3, 4, 4]","[0.46, 0.79, 0.88]","[['B', 'C', 'A', 'D'], ['D', 'A', 'B', 'C'], ['A', 'B', 'D', 'C']]","{'A': 5, 'D': 4, 'B': 3, 'C': 3}","[0.58, 1.0, 1.0]",4.0
95,"[2, 3, 4]","[3, 4, 4]","[0.46, 0.79, 0.88]","[['B', 'C', 'A', 'D'], ['D', 'A', 'B', 'C'], ['A', 'D', 'B', 'C']]","{'A': 5, 'D': 4, 'B': 3, 'C': 3}","[0.58, 1.0, 1.0]",4.0
95,"[2, 3, 4]","[3, 4, 4]","[0.46, 0.79, 0.88]","[['B', 'C', 'A', 'D'], ['D', 'A', 'B', 'C'], ['B', 'A', 'D', 'C']]","{'A': 5, 'D': 4, 'B': 3, 'C': 3}","[0.58, 1.0, 1.0]",4.0
95,"[2, 3, 4]","[3, 4, 4]","[0.46, 0.79, 0.88]","[['B', 'C', 'A', 'D'], ['D', 'A', 'B', 'C'], ['B', 'D', 'A', 'C']]","{'A': 5, 'D': 4, 'B': 3, 'C': 3}","[0.58, 1.0, 1.0]",4.0
95,"[2, 3, 4]","[3, 4, 4]","[0.46, 0.79, 0.88]","[['B', 'C', 'A', 'D'], ['D', 'A', 'B', 'C'], ['D', 'A', 'B', 'C']]","{'A': 5, 'D': 4, 'B': 3, 'C': 3}","[0.58, 1.0, 1.0]",4.0
95,"[2, 3, 4]","[3, 4, 4]","[0.46, 0.79, 0.88]","[['B', 'C', 'A', 'D'], ['D', 'A', 'B', 'C'], ['D', 'B', 'A', 'C']]","{'A': 5, 'D': 4, 'B': 3, 'C': 3}","[0.58, 1.0, 1.0]",4.0
95,"[2, 3, 4]","[3, 4, 4]","[0.46, 0.79, 0.88]","[['B', 'C', 'A', 'D'], ['D', 'B', 'A', 'C'], ['A', 'B', 'D', 'C']]","{'A': 5, 'D': 4, 'B': 3, 'C': 3}","[0.58, 1.0, 1.0]",4.0
95,"[2, 3, 4]","[3, 4, 4]","[0.46, 0.79, 0.88]","[['B', 'C', 'A', 'D'], ['D', 'B', 'A', 'C'], ['A', 'D', 'B', 'C']]","{'A': 5, 'D': 4, 'B': 3, 'C': 3}","[0.58, 1.0, 1.0]",4.0
95,"[2, 3, 4]","[3, 4, 4]","[0.46, 0.79, 0.88]","[['B', 'C', 'A', 'D'], ['D', 'B', 'A', 'C'], ['B', 'A', 'D', 'C']]","{'A': 5, 'D': 4, 'B': 3, 'C': 3}","[0.58, 1.0, 1.0]",4.0
95,"[2, 3, 4]","[3, 4, 4]","[0.46, 0.79, 0.88]","[['B', 'C', 'A', 'D'], ['D', 'B', 'A', 'C'], ['B', 'D', 'A', 'C']]","{'A': 5, 'D': 4, 'B': 3, 'C': 3}","[0.58, 1.0, 1.0]",4.0
95,"[2, 3, 4]","[3, 4, 4]","[0.46, 0.79, 0.88]","[['B', 'C', 'A', 'D'], ['D', 'B', 'A', 'C'], ['D', 'A', 'B', 'C']]","{'A': 5, 'D': 4, 'B': 3, 'C': 3}","[0.58, 1.0, 1.0]",4.0
95,"[2, 3, 4]","[3, 4, 4]","[0.46, 0.79, 0.88]","[['B', 'C', 'A', 'D'], ['D', 'B', 'A', 'C'], ['D', 'B', 'A', 'C']]","{'A': 5, 'D': 4, 'B': 3, 'C': 3}","[0.58, 1.0, 1.0]",4.0
95,"[2, 3, 4]","[3, 4, 4]","[0.46, 0.79, 0.88]","[['B', 'D', 'A', 'C'], ['A', 'B', 'C', 'D'], ['A', 'B', 'D', 'C']]","{'A': 5, 'D': 4, 'B': 3, 'C': 3}","[0.58, 1.0, 1.0]",4.0
95,"[2, 3, 4]","[3, 4, 4]","[0.46, 0.79, 0.88]","[['B', 'D', 'A', 'C'], ['A', 'B', 'C', 'D'], ['A', 'D', 'B', 'C']]","{'A': 5, 'D': 4, 'B': 3, 'C': 3}","[0.58, 1.0, 1.0]",4.0
95,"[2, 3, 4]","[3, 4, 4]","[0.46, 0.79, 0.88]","[['B', 'D', 'A', 'C'], ['A', 'B', 'C', 'D'], ['B', 'A', 'D', 'C']]","{'A': 5, 'D': 4, 'B': 3, 'C': 3}","[0.58, 1.0, 1.0]",4.0
95,"[2, 3, 4]","[3, 4, 4]","[0.46, 0.79, 0.88]","[['B', 'D', 'A', 'C'], ['A', 'B', 'C', 'D'], ['B', 'D', 'A', 'C']]","{'A': 5, 'D': 4, 'B': 3, 'C': 3}","[0.58, 1.0, 1.0]",4.0
95,"[2, 3, 4]","[3, 4, 4]","[0.46, 0.79, 0.88]","[['B', 'D', 'A', 'C'], ['A', 'B', 'C', 'D'], ['D', 'A', 'B', 'C']]","{'A': 5, 'D': 4, 'B': 3, 'C': 3}","[0.58, 1.0, 1.0]",4.0
95,"[2, 3, 4]","[3, 4, 4]","[0.46, 0.79, 0.88]","[['B', 'D', 'A', 'C'], ['A', 'B', 'C', 'D'], ['D', 'B', 'A', 'C']]","{'A': 5, 'D': 4, 'B': 3, 'C': 3}","[0.58, 1.0, 1.0]",4.0
95,"[2, 3, 4]","[3, 4, 4]","[0.46, 0.79, 0.88]","[['B', 'D', 'A', 'C'], ['A', 'B', 'D', 'C'], ['A', 'B', 'C', 'D']]","{'A': 5, 'D': 4, 'B': 3, 'C': 3}","[0.58, 1.0, 1.0]",4.0
95,"[2, 3, 4]","[3, 4, 4]","[0.46, 0.79, 0.88]","[['B', 'D', 'A', 'C'], ['A', 'B', 'D', 'C'], ['A', 'B', 'D', 'C']]","{'A': 5, 'D': 5, 'B': 3, 'C': 2}","[0.58, 1.0, 1.0]",4.0
95,"[2, 3, 4]","[3, 4, 4]","[0.46, 0.79, 0.88]","[['B', 'D', 'A', 'C'], ['A', 'B', 'D', 'C'], ['A', 'C', 'B', 'D']]","{'A': 5, 'D': 4, 'B': 3, 'C': 3}","[0.58, 1.0, 1.0]",4.0
95,"[2, 3, 4]","[3, 4, 4]","[0.46, 0.79, 0.88]","[['B', 'D', 'A', 'C'], ['A', 'B', 'D', 'C'], ['A', 'C', 'D', 'B']]","{'A': 5, 'D': 5, 'C': 3, 'B': 2}","[0.58, 1.0, 1.0]",4.25
95,"[2, 3, 4]","[3, 4, 4]","[0.46, 0.79, 0.88]","[['B', 'D', 'A', 'C'], ['A', 'B', 'D', 'C'], ['A', 'D', 'B', 'C']]","{'A': 5, 'D': 5, 'B': 3, 'C': 2}","[0.58, 1.0, 1.0]",4.0
95,"[2, 3, 4]","[3, 4, 4]","[0.46, 0.79, 0.88]","[['B', 'D', 'A', 'C'], ['A', 'B', 'D', 'C'], ['A', 'D', 'C', 'B']]","{'A': 5, 'D': 5, 'C': 3, 'B': 2}","[0.58, 1.0, 1.0]",4.25
95,"[2, 3, 4]","[3, 4, 4]","[0.46, 0.79, 0.88]","[['B', 'D', 'A', 'C'], ['A', 'B', 'D', 'C'], ['B', 'A', 'C', 'D']]","{'A': 5, 'D': 4, 'B': 3, 'C': 3}","[0.58, 1.0, 1.0]",4.0
95,"[2, 3, 4]","[3, 4, 4]","[0.46, 0.79, 0.88]","[['B', 'D', 'A', 'C'], ['A', 'B', 'D', 'C'], ['B', 'A', 'D', 'C']]","{'A': 5, 'D': 5, 'B': 3, 'C': 2}","[0.58, 1.0, 1.0]",4.0
95,"[2, 3, 4]","[3, 4, 4]","[0.46, 0.79, 0.88]","[['B', 'D', 'A', 'C'], ['A', 'B', 'D', 'C'], ['B', 'C', 'A', 'D']]","{'A': 5, 'D': 4, 'B': 3, 'C': 3}","[0.58, 1.0, 1.0]",4.0
95,"[2, 3, 4]","[3, 4, 4]","[0.46, 0.79, 0.88]","[['B', 'D', 'A', 'C'], ['A', 'B', 'D', 'C'], ['B', 'D', 'A', 'C']]","{'A': 5, 'D': 5, 'B': 3, 'C': 2}","[0.58, 1.0, 1.0]",4.0
95,"[2, 3, 4]","[3, 4, 4]","[0.46, 0.79, 0.88]","[['B', 'D', 'A', 'C'], ['A', 'B', 'D', 'C'], ['C', 'A', 'B', 'D']]","{'A': 5, 'D': 4, 'B': 3, 'C': 3}","[0.58, 1.0, 1.0]",4.0
95,"[2, 3, 4]","[3, 4, 4]","[0.46, 0.79, 0.88]","[['B', 'D', 'A', 'C'], ['A', 'B', 'D', 'C'], ['C', 'A', 'D', 'B']]","{'A': 5, 'D': 5, 'C': 3, 'B': 2}","[0.58, 1.0, 1.0]",4.25
95,"[2, 3, 4]","[3, 4, 4]","[0.46, 0.79, 0.88]","[['B', 'D', 'A', 'C'], ['A', 'B', 'D', 'C'], ['C', 'B', 'A', 'D']]","{'A': 5, 'D': 4, 'B': 3, 'C': 3}","[0.58, 1.0, 1.0]",4.0
95,"[2, 3, 4]","[3, 4, 4]","[0.46, 0.79, 0.88]","[['B', 'D', 'A', 'C'], ['A', 'B', 'D', 'C'], ['C', 'D', 'A', 'B']]","{'A': 5, 'D': 5, 'C': 3, 'B': 2}","[0.58, 1.0, 1.0]",4.25
95,"[2, 3, 4]","[3, 4, 4]","[0.46, 0.79, 0.88]","[['B', 'D', 'A', 'C'], ['A', 'B', 'D', 'C'], ['D', 'A', 'B', 'C']]","{'A': 5, 'D': 5, 'B': 3, 'C': 2}","[0.58, 1.0, 1.0]",4.0
95,"[2, 3, 4]","[3, 4, 4]","[0.46, 0.79, 0.88]","[['B', 'D', 'A', 'C'], ['A', 'B', 'D', 'C'], ['D', 'A', 'C', 'B']]","{'A': 5, 'D': 5, 'C': 3, 'B': 2}","[0.58, 1.0, 1.0]",4.25
95,"[2, 3, 4]","[3, 4, 4]","[0.46, 0.79, 0.88]","[['B', 'D', 'A', 'C'], ['A', 'B', 'D', 'C'], ['D', 'B', 'A', 'C']]","{'A': 5, 'D': 5, 'B': 3, 'C': 2}","[0.58, 1.0, 1.0]",4.0
95,"[2, 3, 4]","[3, 4, 4]","[0.46, 0.79, 0.88]","[['B', 'D', 'A', 'C'], ['A', 'B', 'D', 'C'], ['D', 'C', 'A', 'B']]","{'A': 5, 'D': 5, 'C': 3, 'B': 2}","[0.58, 1.0, 1.0]",4.25
95,"[2, 3, 4]","[3, 4, 4]","[0.46, 0.79, 0.88]","[['B', 'D', 'A', 'C'], ['A', 'C', 'B', 'D'], ['A', 'B', 'D', 'C']]","{'A': 5, 'D': 4, 'B': 3, 'C': 3}","[0.58, 1.0, 1.0]",4.0
95,"[2, 3, 4]","[3, 4, 4]","[0.46, 0.79, 0.88]","[['B', 'D', 'A', 'C'], ['A', 'C', 'B', 'D'], ['A', 'D', 'B', 'C']]","{'A': 5, 'D': 4, 'B': 3, 'C': 3}","[0.58, 1.0, 1.0]",4.0
95,"[2, 3, 4]","[3, 4, 4]","[0.46, 0.79, 0.88]","[['B', 'D', 'A', 'C'], ['A', 'C', 'B', 'D'], ['B', 'A', 'D', 'C']]","{'A': 5, 'D': 4, 'B': 3, 'C': 3}","[0.58, 1.0, 1.0]",4.0
95,"[2, 3, 4]","[3, 4, 4]","[0.46, 0.79, 0.88]","[['B', 'D', 'A', 'C'], ['A', 'C', 'B', 'D'], ['B', 'D', 'A', 'C']]","{'A': 5, 'D': 4, 'B': 3, 'C': 3}","[0.58, 1.0, 1.0]",4.0
95,"[2, 3, 4]","[3, 4, 4]","[0.46, 0.79, 0.88]","[['B', 'D', 'A', 'C'], ['A', 'C', 'B', 'D'], ['D', 'A', 'B', 'C']]","{'A': 5, 'D': 4, 'B': 3, 'C': 3}","[0.58, 1.0, 1.0]",4.0
95,"[2, 3, 4]","[3, 4, 4]","[0.46, 0.79, 0.88]","[['B', 'D', 'A', 'C'], ['A', 'C', 'B', 'D'], ['D', 'B', 'A', 'C']]","{'A': 5, 'D': 4, 'B': 3, 'C': 3}","[0.58, 1.0, 1.0]",4.0
95,"[2, 3, 4]","[3, 4, 4]","[0.46, 0.79, 0.88]","[['B', 'D', 'A', 'C'], ['A', 'C', 'D', 'B'], ['A', 'B', 'D', 'C']]","{'A': 5, 'D': 5, 'C': 3, 'B': 2}","[0.58, 1.0, 1.0]",4.25
95,"[2, 3, 4]","[3, 4, 4]","[0.46, 0.79, 0.88]","[['B', 'D', 'A', 'C'], ['A', 'C', 'D', 'B'], ['A', 'C', 'D', 'B']]","{'A': 5, 'D': 5, 'C': 4, 'B': 1}","[0.58, 1.0, 1.0]",4.25
95,"[2, 3, 4]","[3, 4, 4]","[0.46, 0.79, 0.88]","[['B', 'D', 'A', 'C'], ['A', 'C', 'D', 'B'], ['A', 'D', 'B', 'C']]","{'A': 5, 'D': 5, 'C': 3, 'B': 2}","[0.58, 1.0, 1.0]",4.25
95,"[2, 3, 4]","[3, 4, 4]","[0.46, 0.79, 0.88]","[['B', 'D', 'A', 'C'], ['A', 'C', 'D', 'B'], ['A', 'D', 'C', 'B']]","{'A': 5, 'D': 5, 'C': 4, 'B': 1}","[0.58, 1.0, 1.0]",4.25
95,"[2, 3, 4]","[3, 4, 4]","[0.46, 0.79, 0.88]","[['B', 'D', 'A', 'C'], ['A', 'C', 'D', 'B'], ['B', 'A', 'D', 'C']]","{'A': 5, 'D': 5, 'C': 3, 'B': 2}","[0.58, 1.0, 1.0]",4.25
95,"[2, 3, 4]","[3, 4, 4]","[0.46, 0.79, 0.88]","[['B', 'D', 'A', 'C'], ['A', 'C', 'D', 'B'], ['B', 'D', 'A', 'C']]","{'A': 5, 'D': 5, 'C': 3, 'B': 2}","[0.58, 1.0, 1.0]",4.25
95,"[2, 3, 4]","[3, 4, 4]","[0.46, 0.79, 0.88]","[['B', 'D', 'A', 'C'], ['A', 'C', 'D', 'B'], ['C', 'A', 'D', 'B']]","{'A': 5, 'D': 5, 'C': 4, 'B': 1}","[0.58, 1.0, 1.0]",4.25
95,"[2, 3, 4]","[3, 4, 4]","[0.46, 0.79, 0.88]","[['B', 'D', 'A', 'C'], ['A', 'C', 'D', 'B'], ['C', 'D', 'A', 'B']]","{'A': 5, 'D': 5, 'C': 4, 'B': 1}","[0.58, 1.0, 1.0]",4.25
95,"[2, 3, 4]","[3, 4, 4]","[0.46, 0.79, 0.88]","[['B', 'D', 'A', 'C'], ['A', 'C', 'D', 'B'], ['D', 'A', 'B', 'C']]","{'A': 5, 'D': 5, 'C': 3, 'B': 2}","[0.58, 1.0, 1.0]",4.25
95,"[2, 3, 4]","[3, 4, 4]","[0.46, 0.79, 0.88]","[['B', 'D', 'A', 'C'], ['A', 'C', 'D', 'B'], ['D', 'A', 'C', 'B']]","{'A': 5, 'D': 5, 'C': 4, 'B': 1}","[0.58, 1.0, 1.0]",4.25
95,"[2, 3, 4]","[3, 4, 4]","[0.46, 0.79, 0.88]","[['B', 'D', 'A', 'C'], ['A', 'C', 'D', 'B'], ['D', 'B', 'A', 'C']]","{'A': 5, 'D': 5, 'C': 3, 'B': 2}","[0.58, 1.0, 1.0]",4.25
95,"[2, 3, 4]","[3, 4, 4]","[0.46, 0.79, 0.88]","[['B', 'D', 'A', 'C'], ['A', 'C', 'D', 'B'], ['D', 'C', 'A', 'B']]","{'A': 5, 'D': 5, 'C': 4, 'B': 1}","[0.58, 1.0, 1.0]",4.25
95,"[2, 3, 4]","[3, 4, 4]","[0.46, 0.79, 0.88]","[['B', 'D', 'A', 'C'], ['A', 'D', 'B', 'C'], ['A', 'B', 'C', 'D']]","{'A': 5, 'D': 4, 'B': 3, 'C': 3}","[0.58, 1.0, 1.0]",4.0
95,"[2, 3, 4]","[3, 4, 4]","[0.46, 0.79, 0.88]","[['B', 'D', 'A', 'C'], ['A', 'D', 'B', 'C'], ['A', 'B', 'D', 'C']]","{'A': 5, 'D': 5, 'B': 3, 'C': 2}","[0.58, 1.0, 1.0]",4.0
95,"[2, 3, 4]","[3, 4, 4]","[0.46, 0.79, 0.88]","[['B', 'D', 'A', 'C'], ['A', 'D', 'B', 'C'], ['A', 'C', 'B', 'D']]","{'A': 5, 'D': 4, 'B': 3, 'C': 3}","[0.58, 1.0, 1.0]",4.0
95,"[2, 3, 4]","[3, 4, 4]","[0.46, 0.79, 0.88]","[['B', 'D', 'A', 'C'], ['A', 'D', 'B', 'C'], ['A', 'C', 'D', 'B']]","{'A': 5, 'D': 5, 'C': 3, 'B': 2}","[0.58, 1.0, 1.0]",4.25
95,"[2, 3, 4]","[3, 4, 4]","[0.46, 0.79, 0.88]","[['B', 'D', 'A', 'C'], ['A', 'D', 'B', 'C'], ['A', 'D', 'B', 'C']]","{'A': 5, 'D': 5, 'B': 3, 'C': 2}","[0.58, 1.0, 1.0]",4.0
95,"[2, 3, 4]","[3, 4, 4]","[0.46, 0.79, 0.88]","[['B', 'D', 'A', 'C'], ['A', 'D', 'B', 'C'], ['A', 'D', 'C', 'B']]","{'A': 5, 'D': 5, 'C': 3, 'B': 2}","[0.58, 1.0, 1.0]",4.25
95,"[2, 3, 4]","[3, 4, 4]","[0.46, 0.79, 0.88]","[['B', 'D', 'A', 'C'], ['A', 'D', 'B', 'C'], ['B', 'A', 'C', 'D']]","{'A': 5, 'D': 4, 'B': 3, 'C': 3}","[0.58, 1.0, 1.0]",4.0
95,"[2, 3, 4]","[3, 4, 4]","[0.46, 0.79, 0.88]","[['B', 'D', 'A', 'C'], ['A', 'D', 'B', 'C'], ['B', 'A', 'D', 'C']]","{'A': 5, 'D': 5, 'B': 3, 'C': 2}","[0.58, 1.0, 1.0]",4.0
95,"[2, 3, 4]","[3, 4, 4]","[0.46, 0.79, 0.88]","[['B', 'D', 'A', 'C'], ['A', 'D', 'B', 'C'], ['B', 'C', 'A', 'D']]","{'A': 5, 'D': 4, 'B': 3, 'C': 3}","[0.58, 1.0, 1.0]",4.0
95,"[2, 3, 4]","[3, 4, 4]","[0.46, 0.79, 0.88]","[['B', 'D', 'A', 'C'], ['A', 'D', 'B', 'C'], ['B', 'D', 'A', 'C']]","{'A': 5, 'D': 5, 'B': 3, 'C': 2}","[0.58, 1.0, 1.0]",4.0
95,"[2, 3, 4]","[3, 4, 4]","[0.46, 0.79, 0.88]","[['B', 'D', 'A', 'C'], ['A', 'D', 'B', 'C'], ['C', 'A', 'B', 'D']]","{'A': 5, 'D': 4, 'B': 3, 'C': 3}","[0.58, 1.0, 1.0]",4.0
95,"[2, 3, 4]","[3, 4, 4]","[0.46, 0.79, 0.88]","[['B', 'D', 'A', 'C'], ['A', 'D', 'B', 'C'], ['C', 'A', 'D', 'B']]","{'A': 5, 'D': 5, 'C': 3, 'B': 2}","[0.58, 1.0, 1.0]",4.25
95,"[2, 3, 4]","[3, 4, 4]","[0.46, 0.79, 0.88]","[['B', 'D', 'A', 'C'], ['A', 'D', 'B', 'C'], ['C', 'B', 'A', 'D']]","{'A': 5, 'D': 4, 'B': 3, 'C': 3}","[0.58, 1.0, 1.0]",4.0
95,"[2, 3, 4]","[3, 4, 4]","[0.46, 0.79, 0.88]","[['B', 'D', 'A', 'C'], ['A', 'D', 'B', 'C'], ['C', 'D', 'A', 'B']]","{'A': 5, 'D': 5, 'C': 3, 'B': 2}","[0.58, 1.0, 1.0]",4.25
95,"[2, 3, 4]","[3, 4, 4]","[0.46, 0.79, 0.88]","[['B', 'D', 'A', 'C'], ['A', 'D', 'B', 'C'], ['D', 'A', 'B', 'C']]","{'A': 5, 'D': 5, 'B': 3, 'C': 2}","[0.58, 1.0, 1.0]",4.0
95,"[2, 3, 4]","[3, 4, 4]","[0.46, 0.79, 0.88]","[['B', 'D', 'A', 'C'], ['A', 'D', 'B', 'C'], ['D', 'A', 'C', 'B']]","{'A': 5, 'D': 5, 'C': 3, 'B': 2}","[0.58, 1.0, 1.0]",4.25
95,"[2, 3, 4]","[3, 4, 4]","[0.46, 0.79, 0.88]","[['B', 'D', 'A', 'C'], ['A', 'D', 'B', 'C'], ['D', 'B', 'A', 'C']]","{'A': 5, 'D': 5, 'B': 3, 'C': 2}","[0.58, 1.0, 1.0]",4.0
95,"[2, 3, 4]","[3, 4, 4]","[0.46, 0.79, 0.88]","[['B', 'D', 'A', 'C'], ['A', 'D', 'B', 'C'], ['D', 'C', 'A', 'B']]","{'A': 5, 'D': 5, 'C': 3, 'B': 2}","[0.58, 1.0, 1.0]",4.25
95,"[2, 3, 4]","[3, 4, 4]","[0.46, 0.79, 0.88]","[['B', 'D', 'A', 'C'], ['A', 'D', 'C', 'B'], ['A', 'B', 'D', 'C']]","{'A': 5, 'D': 5, 'C': 3, 'B': 2}","[0.58, 1.0, 1.0]",4.25
95,"[2, 3, 4]","[3, 4, 4]","[0.46, 0.79, 0.88]","[['B', 'D', 'A', 'C'], ['A', 'D', 'C', 'B'], ['A', 'C', 'D', 'B']]","{'A': 5, 'D': 5, 'C': 4, 'B': 1}","[0.58, 1.0, 1.0]",4.25
95,"[2, 3, 4]","[3, 4, 4]","[0.46, 0.79, 0.88]","[['B', 'D', 'A', 'C'], ['A', 'D', 'C', 'B'], ['A', 'D', 'B', 'C']]","{'A': 5, 'D': 5, 'C': 3, 'B': 2}","[0.58, 1.0, 1.0]",4.25
95,"[2, 3, 4]","[3, 4, 4]","[0.46, 0.79, 0.88]","[['B', 'D', 'A', 'C'], ['A', 'D', 'C', 'B'], ['A', 'D', 'C', 'B']]","{'A': 5, 'D': 5, 'C': 4, 'B': 1}","[0.58, 1.0, 1.0]",4.25
95,"[2, 3, 4]","[3, 4, 4]","[0.46, 0.79, 0.88]","[['B', 'D', 'A', 'C'], ['A', 'D', 'C', 'B'], ['B', 'A', 'D', 'C']]","{'A': 5, 'D': 5, 'C': 3, 'B': 2}","[0.58, 1.0, 1.0]",4.25
95,"[2, 3, 4]","[3, 4, 4]","[0.46, 0.79, 0.88]","[['B', 'D', 'A', 'C'], ['A', 'D', 'C', 'B'], ['B', 'D', 'A', 'C']]","{'A': 5, 'D': 5, 'C': 3, 'B': 2}","[0.58, 1.0, 1.0]",4.25
95,"[2, 3, 4]","[3, 4, 4]","[0.46, 0.79, 0.88]","[['B', 'D', 'A', 'C'], ['A', 'D', 'C', 'B'], ['C', 'A', 'D', 'B']]","{'A': 5, 'D': 5, 'C': 4, 'B': 1}","[0.58, 1.0, 1.0]",4.25
95,"[2, 3, 4]","[3, 4, 4]","[0.46, 0.79, 0.88]","[['B', 'D', 'A', 'C'], ['A', 'D', 'C', 'B'], ['C', 'D', 'A', 'B']]","{'A': 5, 'D': 5, 'C': 4, 'B': 1}","[0.58, 1.0, 1.0]",4.25
95,"[2, 3, 4]","[3, 4, 4]","[0.46, 0.79, 0.88]","[['B', 'D', 'A', 'C'], ['A', 'D', 'C', 'B'], ['D', 'A', 'B', 'C']]","{'A': 5, 'D': 5, 'C': 3, 'B': 2}","[0.58, 1.0, 1.0]",4.25
95,"[2, 3, 4]","[3, 4, 4]","[0.46, 0.79, 0.88]","[['B', 'D', 'A', 'C'], ['A', 'D', 'C', 'B'], ['D', 'A', 'C', 'B']]","{'A': 5, 'D': 5, 'C': 4, 'B': 1}","[0.58, 1.0, 1.0]",4.25
95,"[2, 3, 4]","[3, 4, 4]","[0.46, 0.79, 0.88]","[['B', 'D', 'A', 'C'], ['A', 'D', 'C', 'B'], ['D', 'B', 'A', 'C']]","{'A': 5, 'D': 5, 'C': 3, 'B': 2}","[0.58, 1.0, 1.0]",4.25
95,"[2, 3, 4]","[3, 4, 4]","[0.46, 0.79, 0.88]","[['B', 'D', 'A', 'C'], ['A', 'D', 'C', 'B'], ['D', 'C', 'A', 'B']]","{'A': 5, 'D': 5, 'C': 4, 'B': 1}","[0.58, 1.0, 1.0]",4.25
95,"[2, 3, 4]","[3, 4, 4]","[0.46, 0.79, 0.88]","[['B', 'D', 'A', 'C'], ['B', 'A', 'C', 'D'], ['A', 'B', 'D', 'C']]","{'A': 5, 'D': 4, 'B': 3, 'C': 3}","[0.58, 1.0, 1.0]",4.0
95,"[2, 3, 4]","[3, 4, 4]","[0.46, 0.79, 0.88]","[['B', 'D', 'A', 'C'], ['B', 'A', 'C', 'D'], ['A', 'D', 'B', 'C']]","{'A': 5, 'D': 4, 'B': 3, 'C': 3}","[0.58, 1.0, 1.0]",4.0
95,"[2, 3, 4]","[3, 4, 4]","[0.46, 0.79, 0.88]","[['B', 'D', 'A', 'C'], ['B', 'A', 'C', 'D'], ['B', 'A', 'D', 'C']]","{'A': 5, 'D': 4, 'B': 3, 'C': 3}","[0.58, 1.0, 1.0]",4.0
95,"[2, 3, 4]","[3, 4, 4]","[0.46, 0.79, 0.88]","[['B', 'D', 'A', 'C'], ['B', 'A', 'C', 'D'], ['B', 'D', 'A', 'C']]","{'A': 5, 'D': 4, 'B': 3, 'C': 3}","[0.58, 1.0, 1.0]",4.0
95,"[2, 3, 4]","[3, 4, 4]","[0.46, 0.79, 0.88]","[['B', 'D', 'A', 'C'], ['B', 'A', 'C', 'D'], ['D', 'A', 'B', 'C']]","{'A': 5, 'D': 4, 'B': 3, 'C': 3}","[0.58, 1.0, 1.0]",4.0
95,"[2, 3, 4]","[3, 4, 4]","[0.46, 0.79, 0.88]","[['B', 'D', 'A', 'C'], ['B', 'A', 'C', 'D'], ['D', 'B', 'A', 'C']]","{'A': 5, 'D': 4, 'B': 3, 'C': 3}","[0.58, 1.0, 1.0]",4.0
95,"[2, 3, 4]","[3, 4, 4]","[0.46, 0.79, 0.88]","[['B', 'D', 'A', 'C'], ['B', 'A', 'D', 'C'], ['A', 'B', 'C', 'D']]","{'A': 5, 'D': 4, 'B': 3, 'C': 3}","[0.58, 1.0, 1.0]",4.0
95,"[2, 3, 4]","[3, 4, 4]","[0.46, 0.79, 0.88]","[['B', 'D', 'A', 'C'], ['B', 'A', 'D', 'C'], ['A', 'B', 'D', 'C']]","{'A': 5, 'D': 5, 'B': 3, 'C': 2}","[0.58, 1.0, 1.0]",4.0
95,"[2, 3, 4]","[3, 4, 4]","[0.46, 0.79, 0.88]","[['B', 'D', 'A', 'C'], ['B', 'A', 'D', 'C'], ['A', 'C', 'B', 'D']]","{'A': 5, 'D': 4, 'B': 3, 'C': 3}","[0.58, 1.0, 1.0]",4.0
95,"[2, 3, 4]","[3, 4, 4]","[0.46, 0.79, 0.88]","[['B', 'D', 'A', 'C'], ['B', 'A', 'D', 'C'], ['A', 'C', 'D', 'B']]","{'A': 5, 'D': 5, 'C': 3, 'B': 2}","[0.58, 1.0, 1.0]",4.25
95,"[2, 3, 4]","[3, 4, 4]","[0.46, 0.79, 0.88]","[['B', 'D', 'A', 'C'], ['B', 'A', 'D', 'C'], ['A', 'D', 'B', 'C']]","{'A': 5, 'D': 5, 'B': 3, 'C': 2}","[0.58, 1.0, 1.0]",4.0
95,"[2, 3, 4]","[3, 4, 4]","[0.46, 0.79, 0.88]","[['B', 'D', 'A', 'C'], ['B', 'A', 'D', 'C'], ['A', 'D', 'C', 'B']]","{'A': 5, 'D': 5, 'C': 3, 'B': 2}","[0.58, 1.0, 1.0]",4.25
95,"[2, 3, 4]","[3, 4, 4]","[0.46, 0.79, 0.88]","[['B', 'D', 'A', 'C'], ['B', 'A', 'D', 'C'], ['B', 'A', 'C', 'D']]","{'A': 5, 'D': 4, 'B': 3, 'C': 3}","[0.58, 1.0, 1.0]",4.0
95,"[2, 3, 4]","[3, 4, 4]","[0.46, 0.79, 0.88]","[['B', 'D', 'A', 'C'], ['B', 'A', 'D', 'C'], ['B', 'A', 'D', 'C']]","{'A': 5, 'D': 5, 'B': 3, 'C': 2}","[0.58, 1.0, 1.0]",4.0
95,"[2, 3, 4]","[3, 4, 4]","[0.46, 0.79, 0.88]","[['B', 'D', 'A', 'C'], ['B', 'A', 'D', 'C'], ['B', 'C', 'A', 'D']]","{'A': 5, 'D': 4, 'B': 3, 'C': 3}","[0.58, 1.0, 1.0]",4.0
95,"[2, 3, 4]","[3, 4, 4]","[0.46, 0.79, 0.88]","[['B', 'D', 'A', 'C'], ['B', 'A', 'D', 'C'], ['B', 'D', 'A', 'C']]","{'A': 5, 'D': 5, 'B': 3, 'C': 2}","[0.58, 1.0, 1.0]",4.0
95,"[2, 3, 4]","[3, 4, 4]","[0.46, 0.79, 0.88]","[['B', 'D', 'A', 'C'], ['B', 'A', 'D', 'C'], ['C', 'A', 'B', 'D']]","{'A': 5, 'D': 4, 'B': 3, 'C': 3}","[0.58, 1.0, 1.0]",4.0
95,"[2, 3, 4]","[3, 4, 4]","[0.46, 0.79, 0.88]","[['B', 'D', 'A', 'C'], ['B', 'A', 'D', 'C'], ['C', 'A', 'D', 'B']]","{'A': 5, 'D': 5, 'C': 3, 'B': 2}","[0.58, 1.0, 1.0]",4.25
95,"[2, 3, 4]","[3, 4, 4]","[0.46, 0.79, 0.88]","[['B', 'D', 'A', 'C'], ['B', 'A', 'D', 'C'], ['C', 'B', 'A', 'D']]","{'A': 5, 'D': 4, 'B': 3, 'C': 3}","[0.58, 1.0, 1.0]",4.0
95,"[2, 3, 4]","[3, 4, 4]","[0.46, 0.79, 0.88]","[['B', 'D', 'A', 'C'], ['B', 'A', 'D', 'C'], ['C', 'D', 'A', 'B']]","{'A': 5, 'D': 5, 'C': 3, 'B': 2}","[0.58, 1.0, 1.0]",4.25
95,"[2, 3, 4]","[3, 4, 4]","[0.46, 0.79, 0.88]","[['B', 'D', 'A', 'C'], ['B', 'A', 'D', 'C'], ['D', 'A', 'B', 'C']]","{'A': 5, 'D': 5, 'B': 3, 'C': 2}","[0.58, 1.0, 1.0]",4.0
95,"[2, 3, 4]","[3, 4, 4]","[0.46, 0.79, 0.88]","[['B', 'D', 'A', 'C'], ['B', 'A', 'D', 'C'], ['D', 'A', 'C', 'B']]","{'A': 5, 'D': 5, 'C': 3, 'B': 2}","[0.58, 1.0, 1.0]",4.25
95,"[2, 3, 4]","[3, 4, 4]","[0.46, 0.79, 0.88]","[['B', 'D', 'A', 'C'], ['B', 'A', 'D', 'C'], ['D', 'B', 'A', 'C']]","{'A': 5, 'D': 5, 'B': 3, 'C': 2}","[0.58, 1.0, 1.0]",4.0
95,"[2, 3, 4]","[3, 4, 4]","[0.46, 0.79, 0.88]","[['B', 'D', 'A', 'C'], ['B', 'A', 'D', 'C'], ['D', 'C', 'A', 'B']]","{'A': 5, 'D': 5, 'C': 3, 'B': 2}","[0.58, 1.0, 1.0]",4.25
95,"[2, 3, 4]","[3, 4, 4]","[0.46, 0.79, 0.88]","[['B', 'D', 'A', 'C'], ['B', 'C', 'A', 'D'], ['A', 'B', 'D', 'C']]","{'A': 5, 'D': 4, 'B': 3, 'C': 3}","[0.58, 1.0, 1.0]",4.0
95,"[2, 3, 4]","[3, 4, 4]","[0.46, 0.79, 0.88]","[['B', 'D', 'A', 'C'], ['B', 'C', 'A', 'D'], ['A', 'D', 'B', 'C']]","{'A': 5, 'D': 4, 'B': 3, 'C': 3}","[0.58, 1.0, 1.0]",4.0
95,"[2, 3, 4]","[3, 4, 4]","[0.46, 0.79, 0.88]","[['B', 'D', 'A', 'C'], ['B', 'C', 'A', 'D'], ['B', 'A', 'D', 'C']]","{'A': 5, 'D': 4, 'B': 3, 'C': 3}","[0.58, 1.0, 1.0]",4.0
95,"[2, 3, 4]","[3, 4, 4]","[0.46, 0.79, 0.88]","[['B', 'D', 'A', 'C'], ['B', 'C', 'A', 'D'], ['B', 'D', 'A', 'C']]","{'A': 5, 'D': 4, 'B': 3, 'C': 3}","[0.58, 1.0, 1.0]",4.0
95,"[2, 3, 4]","[3, 4, 4]","[0.46, 0.79, 0.88]","[['B', 'D', 'A', 'C'], ['B', 'C', 'A', 'D'], ['D', 'A', 'B', 'C']]","{'A': 5, 'D': 4, 'B': 3, 'C': 3}","[0.58, 1.0, 1.0]",4.0
95,"[2, 3, 4]","[3, 4, 4]","[0.46, 0.79, 0.88]","[['B', 'D', 'A', 'C'], ['B', 'C', 'A', 'D'], ['D', 'B', 'A', 'C']]","{'A': 5, 'D': 4, 'B': 3, 'C': 3}","[0.58, 1.0, 1.0]",4.0
95,"[2, 3, 4]","[3, 4, 4]","[0.46, 0.79, 0.88]","[['B', 'D', 'A', 'C'], ['B', 'D', 'A', 'C'], ['A', 'B', 'C', 'D']]","{'A': 5, 'D': 4, 'B': 3, 'C': 3}","[0.58, 1.0, 1.0]",4.0
95,"[2, 3, 4]","[3, 4, 4]","[0.46, 0.79, 0.88]","[['B', 'D', 'A', 'C'], ['B', 'D', 'A', 'C'], ['A', 'B', 'D', 'C']]","{'A': 5, 'D': 5, 'B': 3, 'C': 2}","[0.58, 1.0, 1.0]",4.0
95,"[2, 3, 4]","[3, 4, 4]","[0.46, 0.79, 0.88]","[['B', 'D', 'A', 'C'], ['B', 'D', 'A', 'C'], ['A', 'C', 'B', 'D']]","{'A': 5, 'D': 4, 'B': 3, 'C': 3}","[0.58, 1.0, 1.0]",4.0
95,"[2, 3, 4]","[3, 4, 4]","[0.46, 0.79, 0.88]","[['B', 'D', 'A', 'C'], ['B', 'D', 'A', 'C'], ['A', 'C', 'D', 'B']]","{'A': 5, 'D': 5, 'C': 3, 'B': 2}","[0.58, 1.0, 1.0]",4.25
95,"[2, 3, 4]","[3, 4, 4]","[0.46, 0.79, 0.88]","[['B', 'D', 'A', 'C'], ['B', 'D', 'A', 'C'], ['A', 'D', 'B', 'C']]","{'A': 5, 'D': 5, 'B': 3, 'C': 2}","[0.58, 1.0, 1.0]",4.0
95,"[2, 3, 4]","[3, 4, 4]","[0.46, 0.79, 0.88]","[['B', 'D', 'A', 'C'], ['B', 'D', 'A', 'C'], ['A', 'D', 'C', 'B']]","{'A': 5, 'D': 5, 'C': 3, 'B': 2}","[0.58, 1.0, 1.0]",4.25
95,"[2, 3, 4]","[3, 4, 4]","[0.46, 0.79, 0.88]","[['B', 'D', 'A', 'C'], ['B', 'D', 'A', 'C'], ['B', 'A', 'C', 'D']]","{'A': 5, 'D': 4, 'B': 3, 'C': 3}","[0.58, 1.0, 1.0]",4.0
95,"[2, 3, 4]","[3, 4, 4]","[0.46, 0.79, 0.88]","[['B', 'D', 'A', 'C'], ['B', 'D', 'A', 'C'], ['B', 'A', 'D', 'C']]","{'A': 5, 'D': 5, 'B': 3, 'C': 2}","[0.58, 1.0, 1.0]",4.0
95,"[2, 3, 4]","[3, 4, 4]","[0.46, 0.79, 0.88]","[['B', 'D', 'A', 'C'], ['B', 'D', 'A', 'C'], ['B', 'C', 'A', 'D']]","{'A': 5, 'D': 4, 'B': 3, 'C': 3}","[0.58, 1.0, 1.0]",4.0
95,"[2, 3, 4]","[3, 4, 4]","[0.46, 0.79, 0.88]","[['B', 'D', 'A', 'C'], ['B', 'D', 'A', 'C'], ['B', 'D', 'A', 'C']]","{'A': 5, 'D': 5, 'B': 3, 'C': 2}","[0.58, 1.0, 1.0]",4.0
95,"[2, 3, 4]","[3, 4, 4]","[0.46, 0.79, 0.88]","[['B', 'D', 'A', 'C'], ['B', 'D', 'A', 'C'], ['C', 'A', 'B', 'D']]","{'A': 5, 'D': 4, 'B': 3, 'C': 3}","[0.58, 1.0, 1.0]",4.0
95,"[2, 3, 4]","[3, 4, 4]","[0.46, 0.79, 0.88]","[['B', 'D', 'A', 'C'], ['B', 'D', 'A', 'C'], ['C', 'A', 'D', 'B']]","{'A': 5, 'D': 5, 'C': 3, 'B': 2}","[0.58, 1.0, 1.0]",4.25
95,"[2, 3, 4]","[3, 4, 4]","[0.46, 0.79, 0.88]","[['B', 'D', 'A', 'C'], ['B', 'D', 'A', 'C'], ['C', 'B', 'A', 'D']]","{'A': 5, 'D': 4, 'B': 3, 'C': 3}","[0.58, 1.0, 1.0]",4.0
95,"[2, 3, 4]","[3, 4, 4]","[0.46, 0.79, 0.88]","[['B', 'D', 'A', 'C'], ['B', 'D', 'A', 'C'], ['C', 'D', 'A', 'B']]","{'A': 5, 'D': 5, 'C': 3, 'B': 2}","[0.58, 1.0, 1.0]",4.25
95,"[2, 3, 4]","[3, 4, 4]","[0.46, 0.79, 0.88]","[['B', 'D', 'A', 'C'], ['B', 'D', 'A', 'C'], ['D', 'A', 'B', 'C']]","{'A': 5, 'D': 5, 'B': 3, 'C': 2}","[0.58, 1.0, 1.0]",4.0
95,"[2, 3, 4]","[3, 4, 4]","[0.46, 0.79, 0.88]","[['B', 'D', 'A', 'C'], ['B', 'D', 'A', 'C'], ['D', 'A', 'C', 'B']]","{'A': 5, 'D': 5, 'C': 3, 'B': 2}","[0.58, 1.0, 1.0]",4.25
95,"[2, 3, 4]","[3, 4, 4]","[0.46, 0.79, 0.88]","[['B', 'D', 'A', 'C'], ['B', 'D', 'A', 'C'], ['D', 'B', 'A', 'C']]","{'A': 5, 'D': 5, 'B': 3, 'C': 2}","[0.58, 1.0, 1.0]",4.0
95,"[2, 3, 4]","[3, 4, 4]","[0.46, 0.79, 0.88]","[['B', 'D', 'A', 'C'], ['B', 'D', 'A', 'C'], ['D', 'C', 'A', 'B']]","{'A': 5, 'D': 5, 'C': 3, 'B': 2}","[0.58, 1.0, 1.0]",4.25
95,"[2, 3, 4]","[3, 4, 4]","[0.46, 0.79, 0.88]","[['B', 'D', 'A', 'C'], ['C', 'A', 'B', 'D'], ['A', 'B', 'D', 'C']]","{'A': 5, 'D': 4, 'B': 3, 'C': 3}","[0.58, 1.0, 1.0]",4.0
95,"[2, 3, 4]","[3, 4, 4]","[0.46, 0.79, 0.88]","[['B', 'D', 'A', 'C'], ['C', 'A', 'B', 'D'], ['A', 'D', 'B', 'C']]","{'A': 5, 'D': 4, 'B': 3, 'C': 3}","[0.58, 1.0, 1.0]",4.0
95,"[2, 3, 4]","[3, 4, 4]","[0.46, 0.79, 0.88]","[['B', 'D', 'A', 'C'], ['C', 'A', 'B', 'D'], ['B', 'A', 'D', 'C']]","{'A': 5, 'D': 4, 'B': 3, 'C': 3}","[0.58, 1.0, 1.0]",4.0
95,"[2, 3, 4]","[3, 4, 4]","[0.46, 0.79, 0.88]","[['B', 'D', 'A', 'C'], ['C', 'A', 'B', 'D'], ['B', 'D', 'A', 'C']]","{'A': 5, 'D': 4, 'B': 3, 'C': 3}","[0.58, 1.0, 1.0]",4.0
95,"[2, 3, 4]","[3, 4, 4]","[0.46, 0.79, 0.88]","[['B', 'D', 'A', 'C'], ['C', 'A', 'B', 'D'], ['D', 'A', 'B', 'C']]","{'A': 5, 'D': 4, 'B': 3, 'C': 3}","[0.58, 1.0, 1.0]",4.0
95,"[2, 3, 4]","[3, 4, 4]","[0.46, 0.79, 0.88]","[['B', 'D', 'A', 'C'], ['C', 'A', 'B', 'D'], ['D', 'B', 'A', 'C']]","{'A': 5, 'D': 4, 'B': 3, 'C': 3}","[0.58, 1.0, 1.0]",4.0
95,"[2, 3, 4]","[3, 4, 4]","[0.46, 0.79, 0.88]","[['B', 'D', 'A', 'C'], ['C', 'A', 'D', 'B'], ['A', 'B', 'D', 'C']]","{'A': 5, 'D': 5, 'C': 3, 'B': 2}","[0.58, 1.0, 1.0]",4.25
95,"[2, 3, 4]","[3, 4, 4]","[0.46, 0.79, 0.88]","[['B', 'D', 'A', 'C'], ['C', 'A', 'D', 'B'], ['A', 'C', 'D', 'B']]","{'A': 5, 'D': 5, 'C': 4, 'B': 1}","[0.58, 1.0, 1.0]",4.25
95,"[2, 3, 4]","[3, 4, 4]","[0.46, 0.79, 0.88]","[['B', 'D', 'A', 'C'], ['C', 'A', 'D', 'B'], ['A', 'D', 'B', 'C']]","{'A': 5, 'D': 5, 'C': 3, 'B': 2}","[0.58, 1.0, 1.0]",4.25
95,"[2, 3, 4]","[3, 4, 4]","[0.46, 0.79, 0.88]","[['B', 'D', 'A', 'C'], ['C', 'A', 'D', 'B'], ['A', 'D', 'C', 'B']]","{'A': 5, 'D': 5, 'C': 4, 'B': 1}","[0.58, 1.0, 1.0]",4.25
95,"[2, 3, 4]","[3, 4, 4]","[0.46, 0.79, 0.88]","[['B', 'D', 'A', 'C'], ['C', 'A', 'D', 'B'], ['B', 'A', 'D', 'C']]","{'A': 5, 'D': 5, 'C': 3, 'B': 2}","[0.58, 1.0, 1.0]",4.25
95,"[2, 3, 4]","[3, 4, 4]","[0.46, 0.79, 0.88]","[['B', 'D', 'A', 'C'], ['C', 'A', 'D', 'B'], ['B', 'D', 'A', 'C']]","{'A': 5, 'D': 5, 'C': 3, 'B': 2}","[0.58, 1.0, 1.0]",4.25
95,"[2, 3, 4]","[3, 4, 4]","[0.46, 0.79, 0.88]","[['B', 'D', 'A', 'C'], ['C', 'A', 'D', 'B'], ['C', 'A', 'D', 'B']]","{'A': 5, 'D': 5, 'C': 4, 'B': 1}","[0.58, 1.0, 1.0]",4.25
95,"[2, 3, 4]","[3, 4, 4]","[0.46, 0.79, 0.88]","[['B', 'D', 'A', 'C'], ['C', 'A', 'D', 'B'], ['C', 'D', 'A', 'B']]","{'A': 5, 'D': 5, 'C': 4, 'B': 1}","[0.58, 1.0, 1.0]",4.25
95,"[2, 3, 4]","[3, 4, 4]","[0.46, 0.79, 0.88]","[['B', 'D', 'A', 'C'], ['C', 'A', 'D', 'B'], ['D', 'A', 'B', 'C']]","{'A': 5, 'D': 5, 'C': 3, 'B': 2}","[0.58, 1.0, 1.0]",4.25
95,"[2, 3, 4]","[3, 4, 4]","[0.46, 0.79, 0.88]","[['B', 'D', 'A', 'C'], ['C', 'A', 'D', 'B'], ['D', 'A', 'C', 'B']]","{'A': 5, 'D': 5, 'C': 4, 'B': 1}","[0.58, 1.0, 1.0]",4.25
95,"[2, 3, 4]","[3, 4, 4]","[0.46, 0.79, 0.88]","[['B', 'D', 'A', 'C'], ['C', 'A', 'D', 'B'], ['D', 'B', 'A', 'C']]","{'A': 5, 'D': 5, 'C': 3, 'B': 2}","[0.58, 1.0, 1.0]",4.25
95,"[2, 3, 4]","[3, 4, 4]","[0.46, 0.79, 0.88]","[['B', 'D', 'A', 'C'], ['C', 'A', 'D', 'B'], ['D', 'C', 'A', 'B']]","{'A': 5, 'D': 5, 'C': 4, 'B': 1}","[0.58, 1.0, 1.0]",4.25
95,"[2, 3, 4]","[3, 4, 4]","[0.46, 0.79, 0.88]","[['B', 'D', 'A', 'C'], ['C', 'B', 'A', 'D'], ['A', 'B', 'D', 'C']]","{'A': 5, 'D': 4, 'B': 3, 'C': 3}","[0.58, 1.0, 1.0]",4.0
95,"[2, 3, 4]","[3, 4, 4]","[0.46, 0.79, 0.88]","[['B', 'D', 'A', 'C'], ['C', 'B', 'A', 'D'], ['A', 'D', 'B', 'C']]","{'A': 5, 'D': 4, 'B': 3, 'C': 3}","[0.58, 1.0, 1.0]",4.0
95,"[2, 3, 4]","[3, 4, 4]","[0.46, 0.79, 0.88]","[['B', 'D', 'A', 'C'], ['C', 'B', 'A', 'D'], ['B', 'A', 'D', 'C']]","{'A': 5, 'D': 4, 'B': 3, 'C': 3}","[0.58, 1.0, 1.0]",4.0
95,"[2, 3, 4]","[3, 4, 4]","[0.46, 0.79, 0.88]","[['B', 'D', 'A', 'C'], ['C', 'B', 'A', 'D'], ['B', 'D', 'A', 'C']]","{'A': 5, 'D': 4, 'B': 3, 'C': 3}","[0.58, 1.0, 1.0]",4.0
95,"[2, 3, 4]","[3, 4, 4]","[0.46, 0.79, 0.88]","[['B', 'D', 'A', 'C'], ['C', 'B', 'A', 'D'], ['D', 'A', 'B', 'C']]","{'A': 5, 'D': 4, 'B': 3, 'C': 3}","[0.58, 1.0, 1.0]",4.0
95,"[2, 3, 4]","[3, 4, 4]","[0.46, 0.79, 0.88]","[['B', 'D', 'A', 'C'], ['C', 'B', 'A', 'D'], ['D', 'B', 'A', 'C']]","{'A': 5, 'D': 4, 'B': 3, 'C': 3}","[0.58, 1.0, 1.0]",4.0
95,"[2, 3, 4]","[3, 4, 4]","[0.46, 0.79, 0.88]","[['B', 'D', 'A', 'C'], ['C', 'D', 'A', 'B'], ['A', 'B', 'D', 'C']]","{'A': 5, 'D': 5, 'C': 3, 'B': 2}","[0.58, 1.0, 1.0]",4.25
95,"[2, 3, 4]","[3, 4, 4]","[0.46, 0.79, 0.88]","[['B', 'D', 'A', 'C'], ['C', 'D', 'A', 'B'], ['A', 'C', 'D', 'B']]","{'A': 5, 'D': 5, 'C': 4, 'B': 1}","[0.58, 1.0, 1.0]",4.25
95,"[2, 3, 4]","[3, 4, 4]","[0.46, 0.79, 0.88]","[['B', 'D', 'A', 'C'], ['C', 'D', 'A', 'B'], ['A', 'D', 'B', 'C']]","{'A': 5, 'D': 5, 'C': 3, 'B': 2}","[0.58, 1.0, 1.0]",4.25
95,"[2, 3, 4]","[3, 4, 4]","[0.46, 0.79, 0.88]","[['B', 'D', 'A', 'C'], ['C', 'D', 'A', 'B'], ['A', 'D', 'C', 'B']]","{'A': 5, 'D': 5, 'C': 4, 'B': 1}","[0.58, 1.0, 1.0]",4.25
95,"[2, 3, 4]","[3, 4, 4]","[0.46, 0.79, 0.88]","[['B', 'D', 'A', 'C'], ['C', 'D', 'A', 'B'], ['B', 'A', 'D', 'C']]","{'A': 5, 'D': 5, 'C': 3, 'B': 2}","[0.58, 1.0, 1.0]",4.25
95,"[2, 3, 4]","[3, 4, 4]","[0.46, 0.79, 0.88]","[['B', 'D', 'A', 'C'], ['C', 'D', 'A', 'B'], ['B', 'D', 'A', 'C']]","{'A': 5, 'D': 5, 'C': 3, 'B': 2}","[0.58, 1.0, 1.0]",4.25
95,"[2, 3, 4]","[3, 4, 4]","[0.46, 0.79, 0.88]","[['B', 'D', 'A', 'C'], ['C', 'D', 'A', 'B'], ['C', 'A', 'D', 'B']]","{'A': 5, 'D': 5, 'C': 4, 'B': 1}","[0.58, 1.0, 1.0]",4.25
95,"[2, 3, 4]","[3, 4, 4]","[0.46, 0.79, 0.88]","[['B', 'D', 'A', 'C'], ['C', 'D', 'A', 'B'], ['C', 'D', 'A', 'B']]","{'A': 5, 'D': 5, 'C': 4, 'B': 1}","[0.58, 1.0, 1.0]",4.25
95,"[2, 3, 4]","[3, 4, 4]","[0.46, 0.79, 0.88]","[['B', 'D', 'A', 'C'], ['C', 'D', 'A', 'B'], ['D', 'A', 'B', 'C']]","{'A': 5, 'D': 5, 'C': 3, 'B': 2}","[0.58, 1.0, 1.0]",4.25
95,"[2, 3, 4]","[3, 4, 4]","[0.46, 0.79, 0.88]","[['B', 'D', 'A', 'C'], ['C', 'D', 'A', 'B'], ['D', 'A', 'C', 'B']]","{'A': 5, 'D': 5, 'C': 4, 'B': 1}","[0.58, 1.0, 1.0]",4.25
95,"[2, 3, 4]","[3, 4, 4]","[0.46, 0.79, 0.88]","[['B', 'D', 'A', 'C'], ['C', 'D', 'A', 'B'], ['D', 'B', 'A', 'C']]","{'A': 5, 'D': 5, 'C': 3, 'B': 2}","[0.58, 1.0, 1.0]",4.25
95,"[2, 3, 4]","[3, 4, 4]","[0.46, 0.79, 0.88]","[['B', 'D', 'A', 'C'], ['C', 'D', 'A', 'B'], ['D', 'C', 'A', 'B']]","{'A': 5, 'D': 5, 'C': 4, 'B': 1}","[0.58, 1.0, 1.0]",4.25
95,"[2, 3, 4]","[3, 4, 4]","[0.46, 0.79, 0.88]","[['B', 'D', 'A', 'C'], ['D', 'A', 'B', 'C'], ['A', 'B', 'C', 'D']]","{'A': 5, 'D': 4, 'B': 3, 'C': 3}","[0.58, 1.0, 1.0]",4.0
95,"[2, 3, 4]","[3, 4, 4]","[0.46, 0.79, 0.88]","[['B', 'D', 'A', 'C'], ['D', 'A', 'B', 'C'], ['A', 'B', 'D', 'C']]","{'A': 5, 'D': 5, 'B': 3, 'C': 2}","[0.58, 1.0, 1.0]",4.0
95,"[2, 3, 4]","[3, 4, 4]","[0.46, 0.79, 0.88]","[['B', 'D', 'A', 'C'], ['D', 'A', 'B', 'C'], ['A', 'C', 'B', 'D']]","{'A': 5, 'D': 4, 'B': 3, 'C': 3}","[0.58, 1.0, 1.0]",4.0
95,"[2, 3, 4]","[3, 4, 4]","[0.46, 0.79, 0.88]","[['B', 'D', 'A', 'C'], ['D', 'A', 'B', 'C'], ['A', 'C', 'D', 'B']]","{'A': 5, 'D': 5, 'C': 3, 'B': 2}","[0.58, 1.0, 1.0]",4.25
95,"[2, 3, 4]","[3, 4, 4]","[0.46, 0.79, 0.88]","[['B', 'D', 'A', 'C'], ['D', 'A', 'B', 'C'], ['A', 'D', 'B', 'C']]","{'A': 5, 'D': 5, 'B': 3, 'C': 2}","[0.58, 1.0, 1.0]",4.0
95,"[2, 3, 4]","[3, 4, 4]","[0.46, 0.79, 0.88]","[['B', 'D', 'A', 'C'], ['D', 'A', 'B', 'C'], ['A', 'D', 'C', 'B']]","{'A': 5, 'D': 5, 'C': 3, 'B': 2}","[0.58, 1.0, 1.0]",4.25
95,"[2, 3, 4]","[3, 4, 4]","[0.46, 0.79, 0.88]","[['B', 'D', 'A', 'C'], ['D', 'A', 'B', 'C'], ['B', 'A', 'C', 'D']]","{'A': 5, 'D': 4, 'B': 3, 'C': 3}","[0.58, 1.0, 1.0]",4.0
95,"[2, 3, 4]","[3, 4, 4]","[0.46, 0.79, 0.88]","[['B', 'D', 'A', 'C'], ['D', 'A', 'B', 'C'], ['B', 'A', 'D', 'C']]","{'A': 5, 'D': 5, 'B': 3, 'C': 2}","[0.58, 1.0, 1.0]",4.0
95,"[2, 3, 4]","[3, 4, 4]","[0.46, 0.79, 0.88]","[['B', 'D', 'A', 'C'], ['D', 'A', 'B', 'C'], ['B', 'C', 'A', 'D']]","{'A': 5, 'D': 4, 'B': 3, 'C': 3}","[0.58, 1.0, 1.0]",4.0
95,"[2, 3, 4]","[3, 4, 4]","[0.46, 0.79, 0.88]","[['B', 'D', 'A', 'C'], ['D', 'A', 'B', 'C'], ['B', 'D', 'A', 'C']]","{'A': 5, 'D': 5, 'B': 3, 'C': 2}","[0.58, 1.0, 1.0]",4.0
95,"[2, 3, 4]","[3, 4, 4]","[0.46, 0.79, 0.88]","[['B', 'D', 'A', 'C'], ['D', 'A', 'B', 'C'], ['C', 'A', 'B', 'D']]","{'A': 5, 'D': 4, 'B': 3, 'C': 3}","[0.58, 1.0, 1.0]",4.0
95,"[2, 3, 4]","[3, 4, 4]","[0.46, 0.79, 0.88]","[['B', 'D', 'A', 'C'], ['D', 'A', 'B', 'C'], ['C', 'A', 'D', 'B']]","{'A': 5, 'D': 5, 'C': 3, 'B': 2}","[0.58, 1.0, 1.0]",4.25
95,"[2, 3, 4]","[3, 4, 4]","[0.46, 0.79, 0.88]","[['B', 'D', 'A', 'C'], ['D', 'A', 'B', 'C'], ['C', 'B', 'A', 'D']]","{'A': 5, 'D': 4, 'B': 3, 'C': 3}","[0.58, 1.0, 1.0]",4.0
95,"[2, 3, 4]","[3, 4, 4]","[0.46, 0.79, 0.88]","[['B', 'D', 'A', 'C'], ['D', 'A', 'B', 'C'], ['C', 'D', 'A', 'B']]","{'A': 5, 'D': 5, 'C': 3, 'B': 2}","[0.58, 1.0, 1.0]",4.25
95,"[2, 3, 4]","[3, 4, 4]","[0.46, 0.79, 0.88]","[['B', 'D', 'A', 'C'], ['D', 'A', 'B', 'C'], ['D', 'A', 'B', 'C']]","{'A': 5, 'D': 5, 'B': 3, 'C': 2}","[0.58, 1.0, 1.0]",4.0
95,"[2, 3, 4]","[3, 4, 4]","[0.46, 0.79, 0.88]","[['B', 'D', 'A', 'C'], ['D', 'A', 'B', 'C'], ['D', 'A', 'C', 'B']]","{'A': 5, 'D': 5, 'C': 3, 'B': 2}","[0.58, 1.0, 1.0]",4.25
95,"[2, 3, 4]","[3, 4, 4]","[0.46, 0.79, 0.88]","[['B', 'D', 'A', 'C'], ['D', 'A', 'B', 'C'], ['D', 'B', 'A', 'C']]","{'A': 5, 'D': 5, 'B': 3, 'C': 2}","[0.58, 1.0, 1.0]",4.0
95,"[2, 3, 4]","[3, 4, 4]","[0.46, 0.79, 0.88]","[['B', 'D', 'A', 'C'], ['D', 'A', 'B', 'C'], ['D', 'C', 'A', 'B']]","{'A': 5, 'D': 5, 'C': 3, 'B': 2}","[0.58, 1.0, 1.0]",4.25
95,"[2, 3, 4]","[3, 4, 4]","[0.46, 0.79, 0.88]","[['B', 'D', 'A', 'C'], ['D', 'A', 'C', 'B'], ['A', 'B', 'D', 'C']]","{'A': 5, 'D': 5, 'C': 3, 'B': 2}","[0.58, 1.0, 1.0]",4.25
95,"[2, 3, 4]","[3, 4, 4]","[0.46, 0.79, 0.88]","[['B', 'D', 'A', 'C'], ['D', 'A', 'C', 'B'], ['A', 'C', 'D', 'B']]","{'A': 5, 'D': 5, 'C': 4, 'B': 1}","[0.58, 1.0, 1.0]",4.25
95,"[2, 3, 4]","[3, 4, 4]","[0.46, 0.79, 0.88]","[['B', 'D', 'A', 'C'], ['D', 'A', 'C', 'B'], ['A', 'D', 'B', 'C']]","{'A': 5, 'D': 5, 'C': 3, 'B': 2}","[0.58, 1.0, 1.0]",4.25
95,"[2, 3, 4]","[3, 4, 4]","[0.46, 0.79, 0.88]","[['B', 'D', 'A', 'C'], ['D', 'A', 'C', 'B'], ['A', 'D', 'C', 'B']]","{'A': 5, 'D': 5, 'C': 4, 'B': 1}","[0.58, 1.0, 1.0]",4.25
95,"[2, 3, 4]","[3, 4, 4]","[0.46, 0.79, 0.88]","[['B', 'D', 'A', 'C'], ['D', 'A', 'C', 'B'], ['B', 'A', 'D', 'C']]","{'A': 5, 'D': 5, 'C': 3, 'B': 2}","[0.58, 1.0, 1.0]",4.25
95,"[2, 3, 4]","[3, 4, 4]","[0.46, 0.79, 0.88]","[['B', 'D', 'A', 'C'], ['D', 'A', 'C', 'B'], ['B', 'D', 'A', 'C']]","{'A': 5, 'D': 5, 'C': 3, 'B': 2}","[0.58, 1.0, 1.0]",4.25
95,"[2, 3, 4]","[3, 4, 4]","[0.46, 0.79, 0.88]","[['B', 'D', 'A', 'C'], ['D', 'A', 'C', 'B'], ['C', 'A', 'D', 'B']]","{'A': 5, 'D': 5, 'C': 4, 'B': 1}","[0.58, 1.0, 1.0]",4.25
95,"[2, 3, 4]","[3, 4, 4]","[0.46, 0.79, 0.88]","[['B', 'D', 'A', 'C'], ['D', 'A', 'C', 'B'], ['C', 'D', 'A', 'B']]","{'A': 5, 'D': 5, 'C': 4, 'B': 1}","[0.58, 1.0, 1.0]",4.25
95,"[2, 3, 4]","[3, 4, 4]","[0.46, 0.79, 0.88]","[['B', 'D', 'A', 'C'], ['D', 'A', 'C', 'B'], ['D', 'A', 'B', 'C']]","{'A': 5, 'D': 5, 'C': 3, 'B': 2}","[0.58, 1.0, 1.0]",4.25
95,"[2, 3, 4]","[3, 4, 4]","[0.46, 0.79, 0.88]","[['B', 'D', 'A', 'C'], ['D', 'A', 'C', 'B'], ['D', 'A', 'C', 'B']]","{'A': 5, 'D': 5, 'C': 4, 'B': 1}","[0.58, 1.0, 1.0]",4.25
95,"[2, 3, 4]","[3, 4, 4]","[0.46, 0.79, 0.88]","[['B', 'D', 'A', 'C'], ['D', 'A', 'C', 'B'], ['D', 'B', 'A', 'C']]","{'A': 5, 'D': 5, 'C': 3, 'B': 2}","[0.58, 1.0, 1.0]",4.25
95,"[2, 3, 4]","[3, 4, 4]","[0.46, 0.79, 0.88]","[['B', 'D', 'A', 'C'], ['D', 'A', 'C', 'B'], ['D', 'C', 'A', 'B']]","{'A': 5, 'D': 5, 'C': 4, 'B': 1}","[0.58, 1.0, 1.0]",4.25
95,"[2, 3, 4]","[3, 4, 4]","[0.46, 0.79, 0.88]","[['B', 'D', 'A', 'C'], ['D', 'B', 'A', 'C'], ['A', 'B', 'C', 'D']]","{'A': 5, 'D': 4, 'B': 3, 'C': 3}","[0.58, 1.0, 1.0]",4.0
95,"[2, 3, 4]","[3, 4, 4]","[0.46, 0.79, 0.88]","[['B', 'D', 'A', 'C'], ['D', 'B', 'A', 'C'], ['A', 'B', 'D', 'C']]","{'A': 5, 'D': 5, 'B': 3, 'C': 2}","[0.58, 1.0, 1.0]",4.0
95,"[2, 3, 4]","[3, 4, 4]","[0.46, 0.79, 0.88]","[['B', 'D', 'A', 'C'], ['D', 'B', 'A', 'C'], ['A', 'C', 'B', 'D']]","{'A': 5, 'D': 4, 'B': 3, 'C': 3}","[0.58, 1.0, 1.0]",4.0
95,"[2, 3, 4]","[3, 4, 4]","[0.46, 0.79, 0.88]","[['B', 'D', 'A', 'C'], ['D', 'B', 'A', 'C'], ['A', 'C', 'D', 'B']]","{'A': 5, 'D': 5, 'C': 3, 'B': 2}","[0.58, 1.0, 1.0]",4.25
95,"[2, 3, 4]","[3, 4, 4]","[0.46, 0.79, 0.88]","[['B', 'D', 'A', 'C'], ['D', 'B', 'A', 'C'], ['A', 'D', 'B', 'C']]","{'A': 5, 'D': 5, 'B': 3, 'C': 2}","[0.58, 1.0, 1.0]",4.0
95,"[2, 3, 4]","[3, 4, 4]","[0.46, 0.79, 0.88]","[['B', 'D', 'A', 'C'], ['D', 'B', 'A', 'C'], ['A', 'D', 'C', 'B']]","{'A': 5, 'D': 5, 'C': 3, 'B': 2}","[0.58, 1.0, 1.0]",4.25
95,"[2, 3, 4]","[3, 4, 4]","[0.46, 0.79, 0.88]","[['B', 'D', 'A', 'C'], ['D', 'B', 'A', 'C'], ['B', 'A', 'C', 'D']]","{'A': 5, 'D': 4, 'B': 3, 'C': 3}","[0.58, 1.0, 1.0]",4.0
95,"[2, 3, 4]","[3, 4, 4]","[0.46, 0.79, 0.88]","[['B', 'D', 'A', 'C'], ['D', 'B', 'A', 'C'], ['B', 'A', 'D', 'C']]","{'A': 5, 'D': 5, 'B': 3, 'C': 2}","[0.58, 1.0, 1.0]",4.0
95,"[2, 3, 4]","[3, 4, 4]","[0.46, 0.79, 0.88]","[['B', 'D', 'A', 'C'], ['D', 'B', 'A', 'C'], ['B', 'C', 'A', 'D']]","{'A': 5, 'D': 4, 'B': 3, 'C': 3}","[0.58, 1.0, 1.0]",4.0
95,"[2, 3, 4]","[3, 4, 4]","[0.46, 0.79, 0.88]","[['B', 'D', 'A', 'C'], ['D', 'B', 'A', 'C'], ['B', 'D', 'A', 'C']]","{'A': 5, 'D': 5, 'B': 3, 'C': 2}","[0.58, 1.0, 1.0]",4.0
95,"[2, 3, 4]","[3, 4, 4]","[0.46, 0.79, 0.88]","[['B', 'D', 'A', 'C'], ['D', 'B', 'A', 'C'], ['C', 'A', 'B', 'D']]","{'A': 5, 'D': 4, 'B': 3, 'C': 3}","[0.58, 1.0, 1.0]",4.0
95,"[2, 3, 4]","[3, 4, 4]","[0.46, 0.79, 0.88]","[['B', 'D', 'A', 'C'], ['D', 'B', 'A', 'C'], ['C', 'A', 'D', 'B']]","{'A': 5, 'D': 5, 'C': 3, 'B': 2}","[0.58, 1.0, 1.0]",4.25
95,"[2, 3, 4]","[3, 4, 4]","[0.46, 0.79, 0.88]","[['B', 'D', 'A', 'C'], ['D', 'B', 'A', 'C'], ['C', 'B', 'A', 'D']]","{'A': 5, 'D': 4, 'B': 3, 'C': 3}","[0.58, 1.0, 1.0]",4.0
95,"[2, 3, 4]","[3, 4, 4]","[0.46, 0.79, 0.88]","[['B', 'D', 'A', 'C'], ['D', 'B', 'A', 'C'], ['C', 'D', 'A', 'B']]","{'A': 5, 'D': 5, 'C': 3, 'B': 2}","[0.58, 1.0, 1.0]",4.25
95,"[2, 3, 4]","[3, 4, 4]","[0.46, 0.79, 0.88]","[['B', 'D', 'A', 'C'], ['D', 'B', 'A', 'C'], ['D', 'A', 'B', 'C']]","{'A': 5, 'D': 5, 'B': 3, 'C': 2}","[0.58, 1.0, 1.0]",4.0
95,"[2, 3, 4]","[3, 4, 4]","[0.46, 0.79, 0.88]","[['B', 'D', 'A', 'C'], ['D', 'B', 'A', 'C'], ['D', 'A', 'C', 'B']]","{'A': 5, 'D': 5, 'C': 3, 'B': 2}","[0.58, 1.0, 1.0]",4.25
95,"[2, 3, 4]","[3, 4, 4]","[0.46, 0.79, 0.88]","[['B', 'D', 'A', 'C'], ['D', 'B', 'A', 'C'], ['D', 'B', 'A', 'C']]","{'A': 5, 'D': 5, 'B': 3, 'C': 2}","[0.58, 1.0, 1.0]",4.0
95,"[2, 3, 4]","[3, 4, 4]","[0.46, 0.79, 0.88]","[['B', 'D', 'A', 'C'], ['D', 'B', 'A', 'C'], ['D', 'C', 'A', 'B']]","{'A': 5, 'D': 5, 'C': 3, 'B': 2}","[0.58, 1.0, 1.0]",4.25
95,"[2, 3, 4]","[3, 4, 4]","[0.46, 0.79, 0.88]","[['B', 'D', 'A', 'C'], ['D', 'C', 'A', 'B'], ['A', 'B', 'D', 'C']]","{'A': 5, 'D': 5, 'C': 3, 'B': 2}","[0.58, 1.0, 1.0]",4.25
95,"[2, 3, 4]","[3, 4, 4]","[0.46, 0.79, 0.88]","[['B', 'D', 'A', 'C'], ['D', 'C', 'A', 'B'], ['A', 'C', 'D', 'B']]","{'A': 5, 'D': 5, 'C': 4, 'B': 1}","[0.58, 1.0, 1.0]",4.25
95,"[2, 3, 4]","[3, 4, 4]","[0.46, 0.79, 0.88]","[['B', 'D', 'A', 'C'], ['D', 'C', 'A', 'B'], ['A', 'D', 'B', 'C']]","{'A': 5, 'D': 5, 'C': 3, 'B': 2}","[0.58, 1.0, 1.0]",4.25
95,"[2, 3, 4]","[3, 4, 4]","[0.46, 0.79, 0.88]","[['B', 'D', 'A', 'C'], ['D', 'C', 'A', 'B'], ['A', 'D', 'C', 'B']]","{'A': 5, 'D': 5, 'C': 4, 'B': 1}","[0.58, 1.0, 1.0]",4.25
95,"[2, 3, 4]","[3, 4, 4]","[0.46, 0.79, 0.88]","[['B', 'D', 'A', 'C'], ['D', 'C', 'A', 'B'], ['B', 'A', 'D', 'C']]","{'A': 5, 'D': 5, 'C': 3, 'B': 2}","[0.58, 1.0, 1.0]",4.25
95,"[2, 3, 4]","[3, 4, 4]","[0.46, 0.79, 0.88]","[['B', 'D', 'A', 'C'], ['D', 'C', 'A', 'B'], ['B', 'D', 'A', 'C']]","{'A': 5, 'D': 5, 'C': 3, 'B': 2}","[0.58, 1.0, 1.0]",4.25
95,"[2, 3, 4]","[3, 4, 4]","[0.46, 0.79, 0.88]","[['B', 'D', 'A', 'C'], ['D', 'C', 'A', 'B'], ['C', 'A', 'D', 'B']]","{'A': 5, 'D': 5, 'C': 4, 'B': 1}","[0.58, 1.0, 1.0]",4.25
95,"[2, 3, 4]","[3, 4, 4]","[0.46, 0.79, 0.88]","[['B', 'D', 'A', 'C'], ['D', 'C', 'A', 'B'], ['C', 'D', 'A', 'B']]","{'A': 5, 'D': 5, 'C': 4, 'B': 1}","[0.58, 1.0, 1.0]",4.25
95,"[2, 3, 4]","[3, 4, 4]","[0.46, 0.79, 0.88]","[['B', 'D', 'A', 'C'], ['D', 'C', 'A', 'B'], ['D', 'A', 'B', 'C']]","{'A': 5, 'D': 5, 'C': 3, 'B': 2}","[0.58, 1.0, 1.0]",4.25
95,"[2, 3, 4]","[3, 4, 4]","[0.46, 0.79, 0.88]","[['B', 'D', 'A', 'C'], ['D', 'C', 'A', 'B'], ['D', 'A', 'C', 'B']]","{'A': 5, 'D': 5, 'C': 4, 'B': 1}","[0.58, 1.0, 1.0]",4.25
95,"[2, 3, 4]","[3, 4, 4]","[0.46, 0.79, 0.88]","[['B', 'D', 'A', 'C'], ['D', 'C', 'A', 'B'], ['D', 'B', 'A', 'C']]","{'A': 5, 'D': 5, 'C': 3, 'B': 2}","[0.58, 1.0, 1.0]",4.25
95,"[2, 3, 4]","[3, 4, 4]","[0.46, 0.79, 0.88]","[['B', 'D', 'A', 'C'], ['D', 'C', 'A', 'B'], ['D', 'C', 'A', 'B']]","{'A': 5, 'D': 5, 'C': 4, 'B': 1}","[0.58, 1.0, 1.0]",4.25
95,"[2, 3, 4]","[3, 4, 4]","[0.46, 0.79, 0.88]","[['C', 'A', 'B', 'D'], ['A', 'B', 'D', 'C'], ['A', 'B', 'D', 'C']]","{'A': 5, 'D': 4, 'B': 3, 'C': 3}","[0.58, 1.0, 1.0]",4.0
95,"[2, 3, 4]","[3, 4, 4]","[0.46, 0.79, 0.88]","[['C', 'A', 'B', 'D'], ['A', 'B', 'D', 'C'], ['A', 'D', 'B', 'C']]","{'A': 5, 'D': 4, 'B': 3, 'C': 3}","[0.58, 1.0, 1.0]",4.0
95,"[2, 3, 4]","[3, 4, 4]","[0.46, 0.79, 0.88]","[['C', 'A', 'B', 'D'], ['A', 'B', 'D', 'C'], ['B', 'A', 'D', 'C']]","{'A': 5, 'D': 4, 'B': 3, 'C': 3}","[0.58, 1.0, 1.0]",4.0
95,"[2, 3, 4]","[3, 4, 4]","[0.46, 0.79, 0.88]","[['C', 'A', 'B', 'D'], ['A', 'B', 'D', 'C'], ['B', 'D', 'A', 'C']]","{'A': 5, 'D': 4, 'B': 3, 'C': 3}","[0.58, 1.0, 1.0]",4.0
95,"[2, 3, 4]","[3, 4, 4]","[0.46, 0.79, 0.88]","[['C', 'A', 'B', 'D'], ['A', 'B', 'D', 'C'], ['D', 'A', 'B', 'C']]","{'A': 5, 'D': 4, 'B': 3, 'C': 3}","[0.58, 1.0, 1.0]",4.0
95,"[2, 3, 4]","[3, 4, 4]","[0.46, 0.79, 0.88]","[['C', 'A', 'B', 'D'], ['A', 'B', 'D', 'C'], ['D', 'B', 'A', 'C']]","{'A': 5, 'D': 4, 'B': 3, 'C': 3}","[0.58, 1.0, 1.0]",4.0
95,"[2, 3, 4]","[3, 4, 4]","[0.46, 0.79, 0.88]","[['C', 'A', 'B', 'D'], ['A', 'D', 'B', 'C'], ['A', 'B', 'D', 'C']]","{'A': 5, 'D': 4, 'B': 3, 'C': 3}","[0.58, 1.0, 1.0]",4.0
95,"[2, 3, 4]","[3, 4, 4]","[0.46, 0.79, 0.88]","[['C', 'A', 'B', 'D'], ['A', 'D', 'B', 'C'], ['A', 'D', 'B', 'C']]","{'A': 5, 'D': 4, 'B': 3, 'C': 3}","[0.58, 1.0, 1.0]",4.0
95,"[2, 3, 4]","[3, 4, 4]","[0.46, 0.79, 0.88]","[['C', 'A', 'B', 'D'], ['A', 'D', 'B', 'C'], ['B', 'A', 'D', 'C']]","{'A': 5, 'D': 4, 'B': 3, 'C': 3}","[0.58, 1.0, 1.0]",4.0
95,"[2, 3, 4]","[3, 4, 4]","[0.46, 0.79, 0.88]","[['C', 'A', 'B', 'D'], ['A', 'D', 'B', 'C'], ['B', 'D', 'A', 'C']]","{'A': 5, 'D': 4, 'B': 3, 'C': 3}","[0.58, 1.0, 1.0]",4.0
95,"[2, 3, 4]","[3, 4, 4]","[0.46, 0.79, 0.88]","[['C', 'A', 'B', 'D'], ['A', 'D', 'B', 'C'], ['D', 'A', 'B', 'C']]","{'A': 5, 'D': 4, 'B': 3, 'C': 3}","[0.58, 1.0, 1.0]",4.0
95,"[2, 3, 4]","[3, 4, 4]","[0.46, 0.79, 0.88]","[['C', 'A', 'B', 'D'], ['A', 'D', 'B', 'C'], ['D', 'B', 'A', 'C']]","{'A': 5, 'D': 4, 'B': 3, 'C': 3}","[0.58, 1.0, 1.0]",4.0
95,"[2, 3, 4]","[3, 4, 4]","[0.46, 0.79, 0.88]","[['C', 'A', 'B', 'D'], ['B', 'A', 'D', 'C'], ['A', 'B', 'D', 'C']]","{'A': 5, 'D': 4, 'B': 3, 'C': 3}","[0.58, 1.0, 1.0]",4.0
95,"[2, 3, 4]","[3, 4, 4]","[0.46, 0.79, 0.88]","[['C', 'A', 'B', 'D'], ['B', 'A', 'D', 'C'], ['A', 'D', 'B', 'C']]","{'A': 5, 'D': 4, 'B': 3, 'C': 3}","[0.58, 1.0, 1.0]",4.0
95,"[2, 3, 4]","[3, 4, 4]","[0.46, 0.79, 0.88]","[['C', 'A', 'B', 'D'], ['B', 'A', 'D', 'C'], ['B', 'A', 'D', 'C']]","{'A': 5, 'D': 4, 'B': 3, 'C': 3}","[0.58, 1.0, 1.0]",4.0
95,"[2, 3, 4]","[3, 4, 4]","[0.46, 0.79, 0.88]","[['C', 'A', 'B', 'D'], ['B', 'A', 'D', 'C'], ['B', 'D', 'A', 'C']]","{'A': 5, 'D': 4, 'B': 3, 'C': 3}","[0.58, 1.0, 1.0]",4.0
95,"[2, 3, 4]","[3, 4, 4]","[0.46, 0.79, 0.88]","[['C', 'A', 'B', 'D'], ['B', 'A', 'D', 'C'], ['D', 'A', 'B', 'C']]","{'A': 5, 'D': 4, 'B': 3, 'C': 3}","[0.58, 1.0, 1.0]",4.0
95,"[2, 3, 4]","[3, 4, 4]","[0.46, 0.79, 0.88]","[['C', 'A', 'B', 'D'], ['B', 'A', 'D', 'C'], ['D', 'B', 'A', 'C']]","{'A': 5, 'D': 4, 'B': 3, 'C': 3}","[0.58, 1.0, 1.0]",4.0
95,"[2, 3, 4]","[3, 4, 4]","[0.46, 0.79, 0.88]","[['C', 'A', 'B', 'D'], ['B', 'D', 'A', 'C'], ['A', 'B', 'D', 'C']]","{'A': 5, 'D': 4, 'B': 3, 'C': 3}","[0.58, 1.0, 1.0]",4.0
95,"[2, 3, 4]","[3, 4, 4]","[0.46, 0.79, 0.88]","[['C', 'A', 'B', 'D'], ['B', 'D', 'A', 'C'], ['A', 'D', 'B', 'C']]","{'A': 5, 'D': 4, 'B': 3, 'C': 3}","[0.58, 1.0, 1.0]",4.0
95,"[2, 3, 4]","[3, 4, 4]","[0.46, 0.79, 0.88]","[['C', 'A', 'B', 'D'], ['B', 'D', 'A', 'C'], ['B', 'A', 'D', 'C']]","{'A': 5, 'D': 4, 'B': 3, 'C': 3}","[0.58, 1.0, 1.0]",4.0
95,"[2, 3, 4]","[3, 4, 4]","[0.46, 0.79, 0.88]","[['C', 'A', 'B', 'D'], ['B', 'D', 'A', 'C'], ['B', 'D', 'A', 'C']]","{'A': 5, 'D': 4, 'B': 3, 'C': 3}","[0.58, 1.0, 1.0]",4.0
95,"[2, 3, 4]","[3, 4, 4]","[0.46, 0.79, 0.88]","[['C', 'A', 'B', 'D'], ['B', 'D', 'A', 'C'], ['D', 'A', 'B', 'C']]","{'A': 5, 'D': 4, 'B': 3, 'C': 3}","[0.58, 1.0, 1.0]",4.0
95,"[2, 3, 4]","[3, 4, 4]","[0.46, 0.79, 0.88]","[['C', 'A', 'B', 'D'], ['B', 'D', 'A', 'C'], ['D', 'B', 'A', 'C']]","{'A': 5, 'D': 4, 'B': 3, 'C': 3}","[0.58, 1.0, 1.0]",4.0
95,"[2, 3, 4]","[3, 4, 4]","[0.46, 0.79, 0.88]","[['C', 'A', 'B', 'D'], ['D', 'A', 'B', 'C'], ['A', 'B', 'D', 'C']]","{'A': 5, 'D': 4, 'B': 3, 'C': 3}","[0.58, 1.0, 1.0]",4.0
95,"[2, 3, 4]","[3, 4, 4]","[0.46, 0.79, 0.88]","[['C', 'A', 'B', 'D'], ['D', 'A', 'B', 'C'], ['A', 'D', 'B', 'C']]","{'A': 5, 'D': 4, 'B': 3, 'C': 3}","[0.58, 1.0, 1.0]",4.0
95,"[2, 3, 4]","[3, 4, 4]","[0.46, 0.79, 0.88]","[['C', 'A', 'B', 'D'], ['D', 'A', 'B', 'C'], ['B', 'A', 'D', 'C']]","{'A': 5, 'D': 4, 'B': 3, 'C': 3}","[0.58, 1.0, 1.0]",4.0
95,"[2, 3, 4]","[3, 4, 4]","[0.46, 0.79, 0.88]","[['C', 'A', 'B', 'D'], ['D', 'A', 'B', 'C'], ['B', 'D', 'A', 'C']]","{'A': 5, 'D': 4, 'B': 3, 'C': 3}","[0.58, 1.0, 1.0]",4.0
95,"[2, 3, 4]","[3, 4, 4]","[0.46, 0.79, 0.88]","[['C', 'A', 'B', 'D'], ['D', 'A', 'B', 'C'], ['D', 'A', 'B', 'C']]","{'A': 5, 'D': 4, 'B': 3, 'C': 3}","[0.58, 1.0, 1.0]",4.0
95,"[2, 3, 4]","[3, 4, 4]","[0.46, 0.79, 0.88]","[['C', 'A', 'B', 'D'], ['D', 'A', 'B', 'C'], ['D', 'B', 'A', 'C']]","{'A': 5, 'D': 4, 'B': 3, 'C': 3}","[0.58, 1.0, 1.0]",4.0
95,"[2, 3, 4]","[3, 4, 4]","[0.46, 0.79, 0.88]","[['C', 'A', 'B', 'D'], ['D', 'B', 'A', 'C'], ['A', 'B', 'D', 'C']]","{'A': 5, 'D': 4, 'B': 3, 'C': 3}","[0.58, 1.0, 1.0]",4.0
95,"[2, 3, 4]","[3, 4, 4]","[0.46, 0.79, 0.88]","[['C', 'A', 'B', 'D'], ['D', 'B', 'A', 'C'], ['A', 'D', 'B', 'C']]","{'A': 5, 'D': 4, 'B': 3, 'C': 3}","[0.58, 1.0, 1.0]",4.0
95,"[2, 3, 4]","[3, 4, 4]","[0.46, 0.79, 0.88]","[['C', 'A', 'B', 'D'], ['D', 'B', 'A', 'C'], ['B', 'A', 'D', 'C']]","{'A': 5, 'D': 4, 'B': 3, 'C': 3}","[0.58, 1.0, 1.0]",4.0
95,"[2, 3, 4]","[3, 4, 4]","[0.46, 0.79, 0.88]","[['C', 'A', 'B', 'D'], ['D', 'B', 'A', 'C'], ['B', 'D', 'A', 'C']]","{'A': 5, 'D': 4, 'B': 3, 'C': 3}","[0.58, 1.0, 1.0]",4.0
95,"[2, 3, 4]","[3, 4, 4]","[0.46, 0.79, 0.88]","[['C', 'A', 'B', 'D'], ['D', 'B', 'A', 'C'], ['D', 'A', 'B', 'C']]","{'A': 5, 'D': 4, 'B': 3, 'C': 3}","[0.58, 1.0, 1.0]",4.0
95,"[2, 3, 4]","[3, 4, 4]","[0.46, 0.79, 0.88]","[['C', 'A', 'B', 'D'], ['D', 'B', 'A', 'C'], ['D', 'B', 'A', 'C']]","{'A': 5, 'D': 4, 'B': 3, 'C': 3}","[0.58, 1.0, 1.0]",4.0
95,"[2, 3, 4]","[3, 4, 4]","[0.46, 0.79, 0.88]","[['C', 'A', 'D', 'B'], ['A', 'B', 'D', 'C'], ['A', 'B', 'D', 'C']]","{'A': 5, 'D': 5, 'C': 3, 'B': 2}","[0.58, 1.0, 1.0]",4.25
95,"[2, 3, 4]","[3, 4, 4]","[0.46, 0.79, 0.88]","[['C', 'A', 'D', 'B'], ['A', 'B', 'D', 'C'], ['A', 'C', 'D', 'B']]","{'A': 5, 'D': 5, 'C': 4, 'B': 1}","[0.58, 1.0, 1.0]",4.25
95,"[2, 3, 4]","[3, 4, 4]","[0.46, 0.79, 0.88]","[['C', 'A', 'D', 'B'], ['A', 'B', 'D', 'C'], ['A', 'D', 'B', 'C']]","{'A': 5, 'D': 5, 'C': 3, 'B': 2}","[0.58, 1.0, 1.0]",4.25
95,"[2, 3, 4]","[3, 4, 4]","[0.46, 0.79, 0.88]","[['C', 'A', 'D', 'B'], ['A', 'B', 'D', 'C'], ['A', 'D', 'C', 'B']]","{'A': 5, 'D': 5, 'C': 4, 'B': 1}","[0.58, 1.0, 1.0]",4.25
95,"[2, 3, 4]","[3, 4, 4]","[0.46, 0.79, 0.88]","[['C', 'A', 'D', 'B'], ['A', 'B', 'D', 'C'], ['B', 'A', 'D', 'C']]","{'A': 5, 'D': 5, 'C': 3, 'B': 2}","[0.58, 1.0, 1.0]",4.25
95,"[2, 3, 4]","[3, 4, 4]","[0.46, 0.79, 0.88]","[['C', 'A', 'D', 'B'], ['A', 'B', 'D', 'C'], ['B', 'D', 'A', 'C']]","{'A': 5, 'D': 5, 'C': 3, 'B': 2}","[0.58, 1.0, 1.0]",4.25
95,"[2, 3, 4]","[3, 4, 4]","[0.46, 0.79, 0.88]","[['C', 'A', 'D', 'B'], ['A', 'B', 'D', 'C'], ['C', 'A', 'D', 'B']]","{'A': 5, 'D': 5, 'C': 4, 'B': 1}","[0.58, 1.0, 1.0]",4.25
95,"[2, 3, 4]","[3, 4, 4]","[0.46, 0.79, 0.88]","[['C', 'A', 'D', 'B'], ['A', 'B', 'D', 'C'], ['C', 'D', 'A', 'B']]","{'A': 5, 'D': 5, 'C': 4, 'B': 1}","[0.58, 1.0, 1.0]",4.25
95,"[2, 3, 4]","[3, 4, 4]","[0.46, 0.79, 0.88]","[['C', 'A', 'D', 'B'], ['A', 'B', 'D', 'C'], ['D', 'A', 'B', 'C']]","{'A': 5, 'D': 5, 'C': 3, 'B': 2}","[0.58, 1.0, 1.0]",4.25
95,"[2, 3, 4]","[3, 4, 4]","[0.46, 0.79, 0.88]","[['C', 'A', 'D', 'B'], ['A', 'B', 'D', 'C'], ['D', 'A', 'C', 'B']]","{'A': 5, 'D': 5, 'C': 4, 'B': 1}","[0.58, 1.0, 1.0]",4.25
95,"[2, 3, 4]","[3, 4, 4]","[0.46, 0.79, 0.88]","[['C', 'A', 'D', 'B'], ['A', 'B', 'D', 'C'], ['D', 'B', 'A', 'C']]","{'A': 5, 'D': 5, 'C': 3, 'B': 2}","[0.58, 1.0, 1.0]",4.25
95,"[2, 3, 4]","[3, 4, 4]","[0.46, 0.79, 0.88]","[['C', 'A', 'D', 'B'], ['A', 'B', 'D', 'C'], ['D', 'C', 'A', 'B']]","{'A': 5, 'D': 5, 'C': 4, 'B': 1}","[0.58, 1.0, 1.0]",4.25
95,"[2, 3, 4]","[3, 4, 4]","[0.46, 0.79, 0.88]","[['C', 'A', 'D', 'B'], ['A', 'C', 'D', 'B'], ['A', 'B', 'D', 'C']]","{'A': 5, 'D': 5, 'C': 4, 'B': 1}","[0.58, 1.0, 1.0]",4.25
95,"[2, 3, 4]","[3, 4, 4]","[0.46, 0.79, 0.88]","[['C', 'A', 'D', 'B'], ['A', 'C', 'D', 'B'], ['A', 'D', 'B', 'C']]","{'A': 5, 'D': 5, 'C': 4, 'B': 1}","[0.58, 1.0, 1.0]",4.25
95,"[2, 3, 4]","[3, 4, 4]","[0.46, 0.79, 0.88]","[['C', 'A', 'D', 'B'], ['A', 'C', 'D', 'B'], ['B', 'A', 'D', 'C']]","{'A': 5, 'D': 5, 'C': 4, 'B': 1}","[0.58, 1.0, 1.0]",4.25
95,"[2, 3, 4]","[3, 4, 4]","[0.46, 0.79, 0.88]","[['C', 'A', 'D', 'B'], ['A', 'C', 'D', 'B'], ['B', 'D', 'A', 'C']]","{'A': 5, 'D': 5, 'C': 4, 'B': 1}","[0.58, 1.0, 1.0]",4.25
95,"[2, 3, 4]","[3, 4, 4]","[0.46, 0.79, 0.88]","[['C', 'A', 'D', 'B'], ['A', 'C', 'D', 'B'], ['D', 'A', 'B', 'C']]","{'A': 5, 'D': 5, 'C': 4, 'B': 1}","[0.58, 1.0, 1.0]",4.25
95,"[2, 3, 4]","[3, 4, 4]","[0.46, 0.79, 0.88]","[['C', 'A', 'D', 'B'], ['A', 'C', 'D', 'B'], ['D', 'B', 'A', 'C']]","{'A': 5, 'D': 5, 'C': 4, 'B': 1}","[0.58, 1.0, 1.0]",4.25
95,"[2, 3, 4]","[3, 4, 4]","[0.46, 0.79, 0.88]","[['C', 'A', 'D', 'B'], ['A', 'D', 'B', 'C'], ['A', 'B', 'D', 'C']]","{'A': 5, 'D': 5, 'C': 3, 'B': 2}","[0.58, 1.0, 1.0]",4.25
95,"[2, 3, 4]","[3, 4, 4]","[0.46, 0.79, 0.88]","[['C', 'A', 'D', 'B'], ['A', 'D', 'B', 'C'], ['A', 'C', 'D', 'B']]","{'A': 5, 'D': 5, 'C': 4, 'B': 1}","[0.58, 1.0, 1.0]",4.25
95,"[2, 3, 4]","[3, 4, 4]","[0.46, 0.79, 0.88]","[['C', 'A', 'D', 'B'], ['A', 'D', 'B', 'C'], ['A', 'D', 'B', 'C']]","{'A': 5, 'D': 5, 'C': 3, 'B': 2}","[0.58, 1.0, 1.0]",4.25
95,"[2, 3, 4]","[3, 4, 4]","[0.46, 0.79, 0.88]","[['C', 'A', 'D', 'B'], ['A', 'D', 'B', 'C'], ['A', 'D', 'C', 'B']]","{'A': 5, 'D': 5, 'C': 4, 'B': 1}","[0.58, 1.0, 1.0]",4.25
95,"[2, 3, 4]","[3, 4, 4]","[0.46, 0.79, 0.88]","[['C', 'A', 'D', 'B'], ['A', 'D', 'B', 'C'], ['B', 'A', 'D', 'C']]","{'A': 5, 'D': 5, 'C': 3, 'B': 2}","[0.58, 1.0, 1.0]",4.25
95,"[2, 3, 4]","[3, 4, 4]","[0.46, 0.79, 0.88]","[['C', 'A', 'D', 'B'], ['A', 'D', 'B', 'C'], ['B', 'D', 'A', 'C']]","{'A': 5, 'D': 5, 'C': 3, 'B': 2}","[0.58, 1.0, 1.0]",4.25
95,"[2, 3, 4]","[3, 4, 4]","[0.46, 0.79, 0.88]","[['C', 'A', 'D', 'B'], ['A', 'D', 'B', 'C'], ['C', 'A', 'D', 'B']]","{'A': 5, 'D': 5, 'C': 4, 'B': 1}","[0.58, 1.0, 1.0]",4.25
95,"[2, 3, 4]","[3, 4, 4]","[0.46, 0.79, 0.88]","[['C', 'A', 'D', 'B'], ['A', 'D', 'B', 'C'], ['C', 'D', 'A', 'B']]","{'A': 5, 'D': 5, 'C': 4, 'B': 1}","[0.58, 1.0, 1.0]",4.25
95,"[2, 3, 4]","[3, 4, 4]","[0.46, 0.79, 0.88]","[['C', 'A', 'D', 'B'], ['A', 'D', 'B', 'C'], ['D', 'A', 'B', 'C']]","{'A': 5, 'D': 5, 'C': 3, 'B': 2}","[0.58, 1.0, 1.0]",4.25
95,"[2, 3, 4]","[3, 4, 4]","[0.46, 0.79, 0.88]","[['C', 'A', 'D', 'B'], ['A', 'D', 'B', 'C'], ['D', 'A', 'C', 'B']]","{'A': 5, 'D': 5, 'C': 4, 'B': 1}","[0.58, 1.0, 1.0]",4.25
95,"[2, 3, 4]","[3, 4, 4]","[0.46, 0.79, 0.88]","[['C', 'A', 'D', 'B'], ['A', 'D', 'B', 'C'], ['D', 'B', 'A', 'C']]","{'A': 5, 'D': 5, 'C': 3, 'B': 2}","[0.58, 1.0, 1.0]",4.25
95,"[2, 3, 4]","[3, 4, 4]","[0.46, 0.79, 0.88]","[['C', 'A', 'D', 'B'], ['A', 'D', 'B', 'C'], ['D', 'C', 'A', 'B']]","{'A': 5, 'D': 5, 'C': 4, 'B': 1}","[0.58, 1.0, 1.0]",4.25
95,"[2, 3, 4]","[3, 4, 4]","[0.46, 0.79, 0.88]","[['C', 'A', 'D', 'B'], ['A', 'D', 'C', 'B'], ['A', 'B', 'D', 'C']]","{'A': 5, 'D': 5, 'C': 4, 'B': 1}","[0.58, 1.0, 1.0]",4.25
95,"[2, 3, 4]","[3, 4, 4]","[0.46, 0.79, 0.88]","[['C', 'A', 'D', 'B'], ['A', 'D', 'C', 'B'], ['A', 'D', 'B', 'C']]","{'A': 5, 'D': 5, 'C': 4, 'B': 1}","[0.58, 1.0, 1.0]",4.25
95,"[2, 3, 4]","[3, 4, 4]","[0.46, 0.79, 0.88]","[['C', 'A', 'D', 'B'], ['A', 'D', 'C', 'B'], ['B', 'A', 'D', 'C']]","{'A': 5, 'D': 5, 'C': 4, 'B': 1}","[0.58, 1.0, 1.0]",4.25
95,"[2, 3, 4]","[3, 4, 4]","[0.46, 0.79, 0.88]","[['C', 'A', 'D', 'B'], ['A', 'D', 'C', 'B'], ['B', 'D', 'A', 'C']]","{'A': 5, 'D': 5, 'C': 4, 'B': 1}","[0.58, 1.0, 1.0]",4.25
95,"[2, 3, 4]","[3, 4, 4]","[0.46, 0.79, 0.88]","[['C', 'A', 'D', 'B'], ['A', 'D', 'C', 'B'], ['D', 'A', 'B', 'C']]","{'A': 5, 'D': 5, 'C': 4, 'B': 1}","[0.58, 1.0, 1.0]",4.25
95,"[2, 3, 4]","[3, 4, 4]","[0.46, 0.79, 0.88]","[['C', 'A', 'D', 'B'], ['A', 'D', 'C', 'B'], ['D', 'B', 'A', 'C']]","{'A': 5, 'D': 5, 'C': 4, 'B': 1}","[0.58, 1.0, 1.0]",4.25
95,"[2, 3, 4]","[3, 4, 4]","[0.46, 0.79, 0.88]","[['C', 'A', 'D', 'B'], ['B', 'A', 'D', 'C'], ['A', 'B', 'D', 'C']]","{'A': 5, 'D': 5, 'C': 3, 'B': 2}","[0.58, 1.0, 1.0]",4.25
95,"[2, 3, 4]","[3, 4, 4]","[0.46, 0.79, 0.88]","[['C', 'A', 'D', 'B'], ['B', 'A', 'D', 'C'], ['A', 'C', 'D', 'B']]","{'A': 5, 'D': 5, 'C': 4, 'B': 1}","[0.58, 1.0, 1.0]",4.25
95,"[2, 3, 4]","[3, 4, 4]","[0.46, 0.79, 0.88]","[['C', 'A', 'D', 'B'], ['B', 'A', 'D', 'C'], ['A', 'D', 'B', 'C']]","{'A': 5, 'D': 5, 'C': 3, 'B': 2}","[0.58, 1.0, 1.0]",4.25
95,"[2, 3, 4]","[3, 4, 4]","[0.46, 0.79, 0.88]","[['C', 'A', 'D', 'B'], ['B', 'A', 'D', 'C'], ['A', 'D', 'C', 'B']]","{'A': 5, 'D': 5, 'C': 4, 'B': 1}","[0.58, 1.0, 1.0]",4.25
95,"[2, 3, 4]","[3, 4, 4]","[0.46, 0.79, 0.88]","[['C', 'A', 'D', 'B'], ['B', 'A', 'D', 'C'], ['B', 'A', 'D', 'C']]","{'A': 5, 'D': 5, 'C': 3, 'B': 2}","[0.58, 1.0, 1.0]",4.25
95,"[2, 3, 4]","[3, 4, 4]","[0.46, 0.79, 0.88]","[['C', 'A', 'D', 'B'], ['B', 'A', 'D', 'C'], ['B', 'D', 'A', 'C']]","{'A': 5, 'D': 5, 'C': 3, 'B': 2}","[0.58, 1.0, 1.0]",4.25
95,"[2, 3, 4]","[3, 4, 4]","[0.46, 0.79, 0.88]","[['C', 'A', 'D', 'B'], ['B', 'A', 'D', 'C'], ['C', 'A', 'D', 'B']]","{'A': 5, 'D': 5, 'C': 4, 'B': 1}","[0.58, 1.0, 1.0]",4.25
95,"[2, 3, 4]","[3, 4, 4]","[0.46, 0.79, 0.88]","[['C', 'A', 'D', 'B'], ['B', 'A', 'D', 'C'], ['C', 'D', 'A', 'B']]","{'A': 5, 'D': 5, 'C': 4, 'B': 1}","[0.58, 1.0, 1.0]",4.25
95,"[2, 3, 4]","[3, 4, 4]","[0.46, 0.79, 0.88]","[['C', 'A', 'D', 'B'], ['B', 'A', 'D', 'C'], ['D', 'A', 'B', 'C']]","{'A': 5, 'D': 5, 'C': 3, 'B': 2}","[0.58, 1.0, 1.0]",4.25
95,"[2, 3, 4]","[3, 4, 4]","[0.46, 0.79, 0.88]","[['C', 'A', 'D', 'B'], ['B', 'A', 'D', 'C'], ['D', 'A', 'C', 'B']]","{'A': 5, 'D': 5, 'C': 4, 'B': 1}","[0.58, 1.0, 1.0]",4.25
95,"[2, 3, 4]","[3, 4, 4]","[0.46, 0.79, 0.88]","[['C', 'A', 'D', 'B'], ['B', 'A', 'D', 'C'], ['D', 'B', 'A', 'C']]","{'A': 5, 'D': 5, 'C': 3, 'B': 2}","[0.58, 1.0, 1.0]",4.25
95,"[2, 3, 4]","[3, 4, 4]","[0.46, 0.79, 0.88]","[['C', 'A', 'D', 'B'], ['B', 'A', 'D', 'C'], ['D', 'C', 'A', 'B']]","{'A': 5, 'D': 5, 'C': 4, 'B': 1}","[0.58, 1.0, 1.0]",4.25
95,"[2, 3, 4]","[3, 4, 4]","[0.46, 0.79, 0.88]","[['C', 'A', 'D', 'B'], ['B', 'D', 'A', 'C'], ['A', 'B', 'D', 'C']]","{'A': 5, 'D': 5, 'C': 3, 'B': 2}","[0.58, 1.0, 1.0]",4.25
95,"[2, 3, 4]","[3, 4, 4]","[0.46, 0.79, 0.88]","[['C', 'A', 'D', 'B'], ['B', 'D', 'A', 'C'], ['A', 'C', 'D', 'B']]","{'A': 5, 'D': 5, 'C': 4, 'B': 1}","[0.58, 1.0, 1.0]",4.25
95,"[2, 3, 4]","[3, 4, 4]","[0.46, 0.79, 0.88]","[['C', 'A', 'D', 'B'], ['B', 'D', 'A', 'C'], ['A', 'D', 'B', 'C']]","{'A': 5, 'D': 5, 'C': 3, 'B': 2}","[0.58, 1.0, 1.0]",4.25
95,"[2, 3, 4]","[3, 4, 4]","[0.46, 0.79, 0.88]","[['C', 'A', 'D', 'B'], ['B', 'D', 'A', 'C'], ['A', 'D', 'C', 'B']]","{'A': 5, 'D': 5, 'C': 4, 'B': 1}","[0.58, 1.0, 1.0]",4.25
95,"[2, 3, 4]","[3, 4, 4]","[0.46, 0.79, 0.88]","[['C', 'A', 'D', 'B'], ['B', 'D', 'A', 'C'], ['B', 'A', 'D', 'C']]","{'A': 5, 'D': 5, 'C': 3, 'B': 2}","[0.58, 1.0, 1.0]",4.25
95,"[2, 3, 4]","[3, 4, 4]","[0.46, 0.79, 0.88]","[['C', 'A', 'D', 'B'], ['B', 'D', 'A', 'C'], ['B', 'D', 'A', 'C']]","{'A': 5, 'D': 5, 'C': 3, 'B': 2}","[0.58, 1.0, 1.0]",4.25
95,"[2, 3, 4]","[3, 4, 4]","[0.46, 0.79, 0.88]","[['C', 'A', 'D', 'B'], ['B', 'D', 'A', 'C'], ['C', 'A', 'D', 'B']]","{'A': 5, 'D': 5, 'C': 4, 'B': 1}","[0.58, 1.0, 1.0]",4.25
95,"[2, 3, 4]","[3, 4, 4]","[0.46, 0.79, 0.88]","[['C', 'A', 'D', 'B'], ['B', 'D', 'A', 'C'], ['C', 'D', 'A', 'B']]","{'A': 5, 'D': 5, 'C': 4, 'B': 1}","[0.58, 1.0, 1.0]",4.25
95,"[2, 3, 4]","[3, 4, 4]","[0.46, 0.79, 0.88]","[['C', 'A', 'D', 'B'], ['B', 'D', 'A', 'C'], ['D', 'A', 'B', 'C']]","{'A': 5, 'D': 5, 'C': 3, 'B': 2}","[0.58, 1.0, 1.0]",4.25
95,"[2, 3, 4]","[3, 4, 4]","[0.46, 0.79, 0.88]","[['C', 'A', 'D', 'B'], ['B', 'D', 'A', 'C'], ['D', 'A', 'C', 'B']]","{'A': 5, 'D': 5, 'C': 4, 'B': 1}","[0.58, 1.0, 1.0]",4.25
95,"[2, 3, 4]","[3, 4, 4]","[0.46, 0.79, 0.88]","[['C', 'A', 'D', 'B'], ['B', 'D', 'A', 'C'], ['D', 'B', 'A', 'C']]","{'A': 5, 'D': 5, 'C': 3, 'B': 2}","[0.58, 1.0, 1.0]",4.25
95,"[2, 3, 4]","[3, 4, 4]","[0.46, 0.79, 0.88]","[['C', 'A', 'D', 'B'], ['B', 'D', 'A', 'C'], ['D', 'C', 'A', 'B']]","{'A': 5, 'D': 5, 'C': 4, 'B': 1}","[0.58, 1.0, 1.0]",4.25
95,"[2, 3, 4]","[3, 4, 4]","[0.46, 0.79, 0.88]","[['C', 'A', 'D', 'B'], ['C', 'A', 'D', 'B'], ['A', 'B', 'D', 'C']]","{'A': 5, 'D': 5, 'C': 4, 'B': 1}","[0.58, 1.0, 1.0]",4.25
95,"[2, 3, 4]","[3, 4, 4]","[0.46, 0.79, 0.88]","[['C', 'A', 'D', 'B'], ['C', 'A', 'D', 'B'], ['A', 'D', 'B', 'C']]","{'A': 5, 'D': 5, 'C': 4, 'B': 1}","[0.58, 1.0, 1.0]",4.25
95,"[2, 3, 4]","[3, 4, 4]","[0.46, 0.79, 0.88]","[['C', 'A', 'D', 'B'], ['C', 'A', 'D', 'B'], ['B', 'A', 'D', 'C']]","{'A': 5, 'D': 5, 'C': 4, 'B': 1}","[0.58, 1.0, 1.0]",4.25
95,"[2, 3, 4]","[3, 4, 4]","[0.46, 0.79, 0.88]","[['C', 'A', 'D', 'B'], ['C', 'A', 'D', 'B'], ['B', 'D', 'A', 'C']]","{'A': 5, 'D': 5, 'C': 4, 'B': 1}","[0.58, 1.0, 1.0]",4.25
95,"[2, 3, 4]","[3, 4, 4]","[0.46, 0.79, 0.88]","[['C', 'A', 'D', 'B'], ['C', 'A', 'D', 'B'], ['D', 'A', 'B', 'C']]","{'A': 5, 'D': 5, 'C': 4, 'B': 1}","[0.58, 1.0, 1.0]",4.25
95,"[2, 3, 4]","[3, 4, 4]","[0.46, 0.79, 0.88]","[['C', 'A', 'D', 'B'], ['C', 'A', 'D', 'B'], ['D', 'B', 'A', 'C']]","{'A': 5, 'D': 5, 'C': 4, 'B': 1}","[0.58, 1.0, 1.0]",4.25
95,"[2, 3, 4]","[3, 4, 4]","[0.46, 0.79, 0.88]","[['C', 'A', 'D', 'B'], ['C', 'D', 'A', 'B'], ['A', 'B', 'D', 'C']]","{'A': 5, 'D': 5, 'C': 4, 'B': 1}","[0.58, 1.0, 1.0]",4.25
95,"[2, 3, 4]","[3, 4, 4]","[0.46, 0.79, 0.88]","[['C', 'A', 'D', 'B'], ['C', 'D', 'A', 'B'], ['A', 'D', 'B', 'C']]","{'A': 5, 'D': 5, 'C': 4, 'B': 1}","[0.58, 1.0, 1.0]",4.25
95,"[2, 3, 4]","[3, 4, 4]","[0.46, 0.79, 0.88]","[['C', 'A', 'D', 'B'], ['C', 'D', 'A', 'B'], ['B', 'A', 'D', 'C']]","{'A': 5, 'D': 5, 'C': 4, 'B': 1}","[0.58, 1.0, 1.0]",4.25
95,"[2, 3, 4]","[3, 4, 4]","[0.46, 0.79, 0.88]","[['C', 'A', 'D', 'B'], ['C', 'D', 'A', 'B'], ['B', 'D', 'A', 'C']]","{'A': 5, 'D': 5, 'C': 4, 'B': 1}","[0.58, 1.0, 1.0]",4.25
95,"[2, 3, 4]","[3, 4, 4]","[0.46, 0.79, 0.88]","[['C', 'A', 'D', 'B'], ['C', 'D', 'A', 'B'], ['D', 'A', 'B', 'C']]","{'A': 5, 'D': 5, 'C': 4, 'B': 1}","[0.58, 1.0, 1.0]",4.25
95,"[2, 3, 4]","[3, 4, 4]","[0.46, 0.79, 0.88]","[['C', 'A', 'D', 'B'], ['C', 'D', 'A', 'B'], ['D', 'B', 'A', 'C']]","{'A': 5, 'D': 5, 'C': 4, 'B': 1}","[0.58, 1.0, 1.0]",4.25
95,"[2, 3, 4]","[3, 4, 4]","[0.46, 0.79, 0.88]","[['C', 'A', 'D', 'B'], ['D', 'A', 'B', 'C'], ['A', 'B', 'D', 'C']]","{'A': 5, 'D': 5, 'C': 3, 'B': 2}","[0.58, 1.0, 1.0]",4.25
95,"[2, 3, 4]","[3, 4, 4]","[0.46, 0.79, 0.88]","[['C', 'A', 'D', 'B'], ['D', 'A', 'B', 'C'], ['A', 'C', 'D', 'B']]","{'A': 5, 'D': 5, 'C': 4, 'B': 1}","[0.58, 1.0, 1.0]",4.25
95,"[2, 3, 4]","[3, 4, 4]","[0.46, 0.79, 0.88]","[['C', 'A', 'D', 'B'], ['D', 'A', 'B', 'C'], ['A', 'D', 'B', 'C']]","{'A': 5, 'D': 5, 'C': 3, 'B': 2}","[0.58, 1.0, 1.0]",4.25
95,"[2, 3, 4]","[3, 4, 4]","[0.46, 0.79, 0.88]","[['C', 'A', 'D', 'B'], ['D', 'A', 'B', 'C'], ['A', 'D', 'C', 'B']]","{'A': 5, 'D': 5, 'C': 4, 'B': 1}","[0.58, 1.0, 1.0]",4.25
95,"[2, 3, 4]","[3, 4, 4]","[0.46, 0.79, 0.88]","[['C', 'A', 'D', 'B'], ['D', 'A', 'B', 'C'], ['B', 'A', 'D', 'C']]","{'A': 5, 'D': 5, 'C': 3, 'B': 2}","[0.58, 1.0, 1.0]",4.25
95,"[2, 3, 4]","[3, 4, 4]","[0.46, 0.79, 0.88]","[['C', 'A', 'D', 'B'], ['D', 'A', 'B', 'C'], ['B', 'D', 'A', 'C']]","{'A': 5, 'D': 5, 'C': 3, 'B': 2}","[0.58, 1.0, 1.0]",4.25
95,"[2, 3, 4]","[3, 4, 4]","[0.46, 0.79, 0.88]","[['C', 'A', 'D', 'B'], ['D', 'A', 'B', 'C'], ['C', 'A', 'D', 'B']]","{'A': 5, 'D': 5, 'C': 4, 'B': 1}","[0.58, 1.0, 1.0]",4.25
95,"[2, 3, 4]","[3, 4, 4]","[0.46, 0.79, 0.88]","[['C', 'A', 'D', 'B'], ['D', 'A', 'B', 'C'], ['C', 'D', 'A', 'B']]","{'A': 5, 'D': 5, 'C': 4, 'B': 1}","[0.58, 1.0, 1.0]",4.25
95,"[2, 3, 4]","[3, 4, 4]","[0.46, 0.79, 0.88]","[['C', 'A', 'D', 'B'], ['D', 'A', 'B', 'C'], ['D', 'A', 'B', 'C']]","{'A': 5, 'D': 5, 'C': 3, 'B': 2}","[0.58, 1.0, 1.0]",4.25
95,"[2, 3, 4]","[3, 4, 4]","[0.46, 0.79, 0.88]","[['C', 'A', 'D', 'B'], ['D', 'A', 'B', 'C'], ['D', 'A', 'C', 'B']]","{'A': 5, 'D': 5, 'C': 4, 'B': 1}","[0.58, 1.0, 1.0]",4.25
95,"[2, 3, 4]","[3, 4, 4]","[0.46, 0.79, 0.88]","[['C', 'A', 'D', 'B'], ['D', 'A', 'B', 'C'], ['D', 'B', 'A', 'C']]","{'A': 5, 'D': 5, 'C': 3, 'B': 2}","[0.58, 1.0, 1.0]",4.25
95,"[2, 3, 4]","[3, 4, 4]","[0.46, 0.79, 0.88]","[['C', 'A', 'D', 'B'], ['D', 'A', 'B', 'C'], ['D', 'C', 'A', 'B']]","{'A': 5, 'D': 5, 'C': 4, 'B': 1}","[0.58, 1.0, 1.0]",4.25
95,"[2, 3, 4]","[3, 4, 4]","[0.46, 0.79, 0.88]","[['C', 'A', 'D', 'B'], ['D', 'A', 'C', 'B'], ['A', 'B', 'D', 'C']]","{'A': 5, 'D': 5, 'C': 4, 'B': 1}","[0.58, 1.0, 1.0]",4.25
95,"[2, 3, 4]","[3, 4, 4]","[0.46, 0.79, 0.88]","[['C', 'A', 'D', 'B'], ['D', 'A', 'C', 'B'], ['A', 'D', 'B', 'C']]","{'A': 5, 'D': 5, 'C': 4, 'B': 1}","[0.58, 1.0, 1.0]",4.25
95,"[2, 3, 4]","[3, 4, 4]","[0.46, 0.79, 0.88]","[['C', 'A', 'D', 'B'], ['D', 'A', 'C', 'B'], ['B', 'A', 'D', 'C']]","{'A': 5, 'D': 5, 'C': 4, 'B': 1}","[0.58, 1.0, 1.0]",4.25
95,"[2, 3, 4]","[3, 4, 4]","[0.46, 0.79, 0.88]","[['C', 'A', 'D', 'B'], ['D', 'A', 'C', 'B'], ['B', 'D', 'A', 'C']]","{'A': 5, 'D': 5, 'C': 4, 'B': 1}","[0.58, 1.0, 1.0]",4.25
95,"[2, 3, 4]","[3, 4, 4]","[0.46, 0.79, 0.88]","[['C', 'A', 'D', 'B'], ['D', 'A', 'C', 'B'], ['D', 'A', 'B', 'C']]","{'A': 5, 'D': 5, 'C': 4, 'B': 1}","[0.58, 1.0, 1.0]",4.25
95,"[2, 3, 4]","[3, 4, 4]","[0.46, 0.79, 0.88]","[['C', 'A', 'D', 'B'], ['D', 'A', 'C', 'B'], ['D', 'B', 'A', 'C']]","{'A': 5, 'D': 5, 'C': 4, 'B': 1}","[0.58, 1.0, 1.0]",4.25
95,"[2, 3, 4]","[3, 4, 4]","[0.46, 0.79, 0.88]","[['C', 'A', 'D', 'B'], ['D', 'B', 'A', 'C'], ['A', 'B', 'D', 'C']]","{'A': 5, 'D': 5, 'C': 3, 'B': 2}","[0.58, 1.0, 1.0]",4.25
95,"[2, 3, 4]","[3, 4, 4]","[0.46, 0.79, 0.88]","[['C', 'A', 'D', 'B'], ['D', 'B', 'A', 'C'], ['A', 'C', 'D', 'B']]","{'A': 5, 'D': 5, 'C': 4, 'B': 1}","[0.58, 1.0, 1.0]",4.25
95,"[2, 3, 4]","[3, 4, 4]","[0.46, 0.79, 0.88]","[['C', 'A', 'D', 'B'], ['D', 'B', 'A', 'C'], ['A', 'D', 'B', 'C']]","{'A': 5, 'D': 5, 'C': 3, 'B': 2}","[0.58, 1.0, 1.0]",4.25
95,"[2, 3, 4]","[3, 4, 4]","[0.46, 0.79, 0.88]","[['C', 'A', 'D', 'B'], ['D', 'B', 'A', 'C'], ['A', 'D', 'C', 'B']]","{'A': 5, 'D': 5, 'C': 4, 'B': 1}","[0.58, 1.0, 1.0]",4.25
95,"[2, 3, 4]","[3, 4, 4]","[0.46, 0.79, 0.88]","[['C', 'A', 'D', 'B'], ['D', 'B', 'A', 'C'], ['B', 'A', 'D', 'C']]","{'A': 5, 'D': 5, 'C': 3, 'B': 2}","[0.58, 1.0, 1.0]",4.25
95,"[2, 3, 4]","[3, 4, 4]","[0.46, 0.79, 0.88]","[['C', 'A', 'D', 'B'], ['D', 'B', 'A', 'C'], ['B', 'D', 'A', 'C']]","{'A': 5, 'D': 5, 'C': 3, 'B': 2}","[0.58, 1.0, 1.0]",4.25
95,"[2, 3, 4]","[3, 4, 4]","[0.46, 0.79, 0.88]","[['C', 'A', 'D', 'B'], ['D', 'B', 'A', 'C'], ['C', 'A', 'D', 'B']]","{'A': 5, 'D': 5, 'C': 4, 'B': 1}","[0.58, 1.0, 1.0]",4.25
95,"[2, 3, 4]","[3, 4, 4]","[0.46, 0.79, 0.88]","[['C', 'A', 'D', 'B'], ['D', 'B', 'A', 'C'], ['C', 'D', 'A', 'B']]","{'A': 5, 'D': 5, 'C': 4, 'B': 1}","[0.58, 1.0, 1.0]",4.25
95,"[2, 3, 4]","[3, 4, 4]","[0.46, 0.79, 0.88]","[['C', 'A', 'D', 'B'], ['D', 'B', 'A', 'C'], ['D', 'A', 'B', 'C']]","{'A': 5, 'D': 5, 'C': 3, 'B': 2}","[0.58, 1.0, 1.0]",4.25
95,"[2, 3, 4]","[3, 4, 4]","[0.46, 0.79, 0.88]","[['C', 'A', 'D', 'B'], ['D', 'B', 'A', 'C'], ['D', 'A', 'C', 'B']]","{'A': 5, 'D': 5, 'C': 4, 'B': 1}","[0.58, 1.0, 1.0]",4.25
95,"[2, 3, 4]","[3, 4, 4]","[0.46, 0.79, 0.88]","[['C', 'A', 'D', 'B'], ['D', 'B', 'A', 'C'], ['D', 'B', 'A', 'C']]","{'A': 5, 'D': 5, 'C': 3, 'B': 2}","[0.58, 1.0, 1.0]",4.25
95,"[2, 3, 4]","[3, 4, 4]","[0.46, 0.79, 0.88]","[['C', 'A', 'D', 'B'], ['D', 'B', 'A', 'C'], ['D', 'C', 'A', 'B']]","{'A': 5, 'D': 5, 'C': 4, 'B': 1}","[0.58, 1.0, 1.0]",4.25
95,"[2, 3, 4]","[3, 4, 4]","[0.46, 0.79, 0.88]","[['C', 'A', 'D', 'B'], ['D', 'C', 'A', 'B'], ['A', 'B', 'D', 'C']]","{'A': 5, 'D': 5, 'C': 4, 'B': 1}","[0.58, 1.0, 1.0]",4.25
95,"[2, 3, 4]","[3, 4, 4]","[0.46, 0.79, 0.88]","[['C', 'A', 'D', 'B'], ['D', 'C', 'A', 'B'], ['A', 'D', 'B', 'C']]","{'A': 5, 'D': 5, 'C': 4, 'B': 1}","[0.58, 1.0, 1.0]",4.25
95,"[2, 3, 4]","[3, 4, 4]","[0.46, 0.79, 0.88]","[['C', 'A', 'D', 'B'], ['D', 'C', 'A', 'B'], ['B', 'A', 'D', 'C']]","{'A': 5, 'D': 5, 'C': 4, 'B': 1}","[0.58, 1.0, 1.0]",4.25
95,"[2, 3, 4]","[3, 4, 4]","[0.46, 0.79, 0.88]","[['C', 'A', 'D', 'B'], ['D', 'C', 'A', 'B'], ['B', 'D', 'A', 'C']]","{'A': 5, 'D': 5, 'C': 4, 'B': 1}","[0.58, 1.0, 1.0]",4.25
95,"[2, 3, 4]","[3, 4, 4]","[0.46, 0.79, 0.88]","[['C', 'A', 'D', 'B'], ['D', 'C', 'A', 'B'], ['D', 'A', 'B', 'C']]","{'A': 5, 'D': 5, 'C': 4, 'B': 1}","[0.58, 1.0, 1.0]",4.25
95,"[2, 3, 4]","[3, 4, 4]","[0.46, 0.79, 0.88]","[['C', 'A', 'D', 'B'], ['D', 'C', 'A', 'B'], ['D', 'B', 'A', 'C']]","{'A': 5, 'D': 5, 'C': 4, 'B': 1}","[0.58, 1.0, 1.0]",4.25
95,"[2, 3, 4]","[3, 4, 4]","[0.46, 0.79, 0.88]","[['C', 'B', 'A', 'D'], ['A', 'B', 'D', 'C'], ['A', 'B', 'D', 'C']]","{'A': 5, 'D': 4, 'B': 3, 'C': 3}","[0.58, 1.0, 1.0]",4.0
95,"[2, 3, 4]","[3, 4, 4]","[0.46, 0.79, 0.88]","[['C', 'B', 'A', 'D'], ['A', 'B', 'D', 'C'], ['A', 'D', 'B', 'C']]","{'A': 5, 'D': 4, 'B': 3, 'C': 3}","[0.58, 1.0, 1.0]",4.0
95,"[2, 3, 4]","[3, 4, 4]","[0.46, 0.79, 0.88]","[['C', 'B', 'A', 'D'], ['A', 'B', 'D', 'C'], ['B', 'A', 'D', 'C']]","{'A': 5, 'D': 4, 'B': 3, 'C': 3}","[0.58, 1.0, 1.0]",4.0
95,"[2, 3, 4]","[3, 4, 4]","[0.46, 0.79, 0.88]","[['C', 'B', 'A', 'D'], ['A', 'B', 'D', 'C'], ['B', 'D', 'A', 'C']]","{'A': 5, 'D': 4, 'B': 3, 'C': 3}","[0.58, 1.0, 1.0]",4.0
95,"[2, 3, 4]","[3, 4, 4]","[0.46, 0.79, 0.88]","[['C', 'B', 'A', 'D'], ['A', 'B', 'D', 'C'], ['D', 'A', 'B', 'C']]","{'A': 5, 'D': 4, 'B': 3, 'C': 3}","[0.58, 1.0, 1.0]",4.0
95,"[2, 3, 4]","[3, 4, 4]","[0.46, 0.79, 0.88]","[['C', 'B', 'A', 'D'], ['A', 'B', 'D', 'C'], ['D', 'B', 'A', 'C']]","{'A': 5, 'D': 4, 'B': 3, 'C': 3}","[0.58, 1.0, 1.0]",4.0
95,"[2, 3, 4]","[3, 4, 4]","[0.46, 0.79, 0.88]","[['C', 'B', 'A', 'D'], ['A', 'D', 'B', 'C'], ['A', 'B', 'D', 'C']]","{'A': 5, 'D': 4, 'B': 3, 'C': 3}","[0.58, 1.0, 1.0]",4.0
95,"[2, 3, 4]","[3, 4, 4]","[0.46, 0.79, 0.88]","[['C', 'B', 'A', 'D'], ['A', 'D', 'B', 'C'], ['A', 'D', 'B', 'C']]","{'A': 5, 'D': 4, 'B': 3, 'C': 3}","[0.58, 1.0, 1.0]",4.0
95,"[2, 3, 4]","[3, 4, 4]","[0.46, 0.79, 0.88]","[['C', 'B', 'A', 'D'], ['A', 'D', 'B', 'C'], ['B', 'A', 'D', 'C']]","{'A': 5, 'D': 4, 'B': 3, 'C': 3}","[0.58, 1.0, 1.0]",4.0
95,"[2, 3, 4]","[3, 4, 4]","[0.46, 0.79, 0.88]","[['C', 'B', 'A', 'D'], ['A', 'D', 'B', 'C'], ['B', 'D', 'A', 'C']]","{'A': 5, 'D': 4, 'B': 3, 'C': 3}","[0.58, 1.0, 1.0]",4.0
95,"[2, 3, 4]","[3, 4, 4]","[0.46, 0.79, 0.88]","[['C', 'B', 'A', 'D'], ['A', 'D', 'B', 'C'], ['D', 'A', 'B', 'C']]","{'A': 5, 'D': 4, 'B': 3, 'C': 3}","[0.58, 1.0, 1.0]",4.0
95,"[2, 3, 4]","[3, 4, 4]","[0.46, 0.79, 0.88]","[['C', 'B', 'A', 'D'], ['A', 'D', 'B', 'C'], ['D', 'B', 'A', 'C']]","{'A': 5, 'D': 4, 'B': 3, 'C': 3}","[0.58, 1.0, 1.0]",4.0
95,"[2, 3, 4]","[3, 4, 4]","[0.46, 0.79, 0.88]","[['C', 'B', 'A', 'D'], ['B', 'A', 'D', 'C'], ['A', 'B', 'D', 'C']]","{'A': 5, 'D': 4, 'B': 3, 'C': 3}","[0.58, 1.0, 1.0]",4.0
95,"[2, 3, 4]","[3, 4, 4]","[0.46, 0.79, 0.88]","[['C', 'B', 'A', 'D'], ['B', 'A', 'D', 'C'], ['A', 'D', 'B', 'C']]","{'A': 5, 'D': 4, 'B': 3, 'C': 3}","[0.58, 1.0, 1.0]",4.0
95,"[2, 3, 4]","[3, 4, 4]","[0.46, 0.79, 0.88]","[['C', 'B', 'A', 'D'], ['B', 'A', 'D', 'C'], ['B', 'A', 'D', 'C']]","{'A': 5, 'D': 4, 'B': 3, 'C': 3}","[0.58, 1.0, 1.0]",4.0
95,"[2, 3, 4]","[3, 4, 4]","[0.46, 0.79, 0.88]","[['C', 'B', 'A', 'D'], ['B', 'A', 'D', 'C'], ['B', 'D', 'A', 'C']]","{'A': 5, 'D': 4, 'B': 3, 'C': 3}","[0.58, 1.0, 1.0]",4.0
95,"[2, 3, 4]","[3, 4, 4]","[0.46, 0.79, 0.88]","[['C', 'B', 'A', 'D'], ['B', 'A', 'D', 'C'], ['D', 'A', 'B', 'C']]","{'A': 5, 'D': 4, 'B': 3, 'C': 3}","[0.58, 1.0, 1.0]",4.0
95,"[2, 3, 4]","[3, 4, 4]","[0.46, 0.79, 0.88]","[['C', 'B', 'A', 'D'], ['B', 'A', 'D', 'C'], ['D', 'B', 'A', 'C']]","{'A': 5, 'D': 4, 'B': 3, 'C': 3}","[0.58, 1.0, 1.0]",4.0
95,"[2, 3, 4]","[3, 4, 4]","[0.46, 0.79, 0.88]","[['C', 'B', 'A', 'D'], ['B', 'D', 'A', 'C'], ['A', 'B', 'D', 'C']]","{'A': 5, 'D': 4, 'B': 3, 'C': 3}","[0.58, 1.0, 1.0]",4.0
95,"[2, 3, 4]","[3, 4, 4]","[0.46, 0.79, 0.88]","[['C', 'B', 'A', 'D'], ['B', 'D', 'A', 'C'], ['A', 'D', 'B', 'C']]","{'A': 5, 'D': 4, 'B': 3, 'C': 3}","[0.58, 1.0, 1.0]",4.0
95,"[2, 3, 4]","[3, 4, 4]","[0.46, 0.79, 0.88]","[['C', 'B', 'A', 'D'], ['B', 'D', 'A', 'C'], ['B', 'A', 'D', 'C']]","{'A': 5, 'D': 4, 'B': 3, 'C': 3}","[0.58, 1.0, 1.0]",4.0
95,"[2, 3, 4]","[3, 4, 4]","[0.46, 0.79, 0.88]","[['C', 'B', 'A', 'D'], ['B', 'D', 'A', 'C'], ['B', 'D', 'A', 'C']]","{'A': 5, 'D': 4, 'B': 3, 'C': 3}","[0.58, 1.0, 1.0]",4.0
95,"[2, 3, 4]","[3, 4, 4]","[0.46, 0.79, 0.88]","[['C', 'B', 'A', 'D'], ['B', 'D', 'A', 'C'], ['D', 'A', 'B', 'C']]","{'A': 5, 'D': 4, 'B': 3, 'C': 3}","[0.58, 1.0, 1.0]",4.0
95,"[2, 3, 4]","[3, 4, 4]","[0.46, 0.79, 0.88]","[['C', 'B', 'A', 'D'], ['B', 'D', 'A', 'C'], ['D', 'B', 'A', 'C']]","{'A': 5, 'D': 4, 'B': 3, 'C': 3}","[0.58, 1.0, 1.0]",4.0
95,"[2, 3, 4]","[3, 4, 4]","[0.46, 0.79, 0.88]","[['C', 'B', 'A', 'D'], ['D', 'A', 'B', 'C'], ['A', 'B', 'D', 'C']]","{'A': 5, 'D': 4, 'B': 3, 'C': 3}","[0.58, 1.0, 1.0]",4.0
95,"[2, 3, 4]","[3, 4, 4]","[0.46, 0.79, 0.88]","[['C', 'B', 'A', 'D'], ['D', 'A', 'B', 'C'], ['A', 'D', 'B', 'C']]","{'A': 5, 'D': 4, 'B': 3, 'C': 3}","[0.58, 1.0, 1.0]",4.0
95,"[2, 3, 4]","[3, 4, 4]","[0.46, 0.79, 0.88]","[['C', 'B', 'A', 'D'], ['D', 'A', 'B', 'C'], ['B', 'A', 'D', 'C']]","{'A': 5, 'D': 4, 'B': 3, 'C': 3}","[0.58, 1.0, 1.0]",4.0
95,"[2, 3, 4]","[3, 4, 4]","[0.46, 0.79, 0.88]","[['C', 'B', 'A', 'D'], ['D', 'A', 'B', 'C'], ['B', 'D', 'A', 'C']]","{'A': 5, 'D': 4, 'B': 3, 'C': 3}","[0.58, 1.0, 1.0]",4.0
95,"[2, 3, 4]","[3, 4, 4]","[0.46, 0.79, 0.88]","[['C', 'B', 'A', 'D'], ['D', 'A', 'B', 'C'], ['D', 'A', 'B', 'C']]","{'A': 5, 'D': 4, 'B': 3, 'C': 3}","[0.58, 1.0, 1.0]",4.0
95,"[2, 3, 4]","[3, 4, 4]","[0.46, 0.79, 0.88]","[['C', 'B', 'A', 'D'], ['D', 'A', 'B', 'C'], ['D', 'B', 'A', 'C']]","{'A': 5, 'D': 4, 'B': 3, 'C': 3}","[0.58, 1.0, 1.0]",4.0
95,"[2, 3, 4]","[3, 4, 4]","[0.46, 0.79, 0.88]","[['C', 'B', 'A', 'D'], ['D', 'B', 'A', 'C'], ['A', 'B', 'D', 'C']]","{'A': 5, 'D': 4, 'B': 3, 'C': 3}","[0.58, 1.0, 1.0]",4.0
95,"[2, 3, 4]","[3, 4, 4]","[0.46, 0.79, 0.88]","[['C', 'B', 'A', 'D'], ['D', 'B', 'A', 'C'], ['A', 'D', 'B', 'C']]","{'A': 5, 'D': 4, 'B': 3, 'C': 3}","[0.58, 1.0, 1.0]",4.0
95,"[2, 3, 4]","[3, 4, 4]","[0.46, 0.79, 0.88]","[['C', 'B', 'A', 'D'], ['D', 'B', 'A', 'C'], ['B', 'A', 'D', 'C']]","{'A': 5, 'D': 4, 'B': 3, 'C': 3}","[0.58, 1.0, 1.0]",4.0
95,"[2, 3, 4]","[3, 4, 4]","[0.46, 0.79, 0.88]","[['C', 'B', 'A', 'D'], ['D', 'B', 'A', 'C'], ['B', 'D', 'A', 'C']]","{'A': 5, 'D': 4, 'B': 3, 'C': 3}","[0.58, 1.0, 1.0]",4.0
95,"[2, 3, 4]","[3, 4, 4]","[0.46, 0.79, 0.88]","[['C', 'B', 'A', 'D'], ['D', 'B', 'A', 'C'], ['D', 'A', 'B', 'C']]","{'A': 5, 'D': 4, 'B': 3, 'C': 3}","[0.58, 1.0, 1.0]",4.0
95,"[2, 3, 4]","[3, 4, 4]","[0.46, 0.79, 0.88]","[['C', 'B', 'A', 'D'], ['D', 'B', 'A', 'C'], ['D', 'B', 'A', 'C']]","{'A': 5, 'D': 4, 'B': 3, 'C': 3}","[0.58, 1.0, 1.0]",4.0
95,"[2, 3, 4]","[3, 4, 4]","[0.46, 0.79, 0.88]","[['C', 'D', 'A', 'B'], ['A', 'B', 'D', 'C'], ['A', 'B', 'D', 'C']]","{'A': 5, 'D': 5, 'C': 3, 'B': 2}","[0.58, 1.0, 1.0]",4.25
95,"[2, 3, 4]","[3, 4, 4]","[0.46, 0.79, 0.88]","[['C', 'D', 'A', 'B'], ['A', 'B', 'D', 'C'], ['A', 'C', 'D', 'B']]","{'A': 5, 'D': 5, 'C': 4, 'B': 1}","[0.58, 1.0, 1.0]",4.25
95,"[2, 3, 4]","[3, 4, 4]","[0.46, 0.79, 0.88]","[['C', 'D', 'A', 'B'], ['A', 'B', 'D', 'C'], ['A', 'D', 'B', 'C']]","{'A': 5, 'D': 5, 'C': 3, 'B': 2}","[0.58, 1.0, 1.0]",4.25
95,"[2, 3, 4]","[3, 4, 4]","[0.46, 0.79, 0.88]","[['C', 'D', 'A', 'B'], ['A', 'B', 'D', 'C'], ['A', 'D', 'C', 'B']]","{'A': 5, 'D': 5, 'C': 4, 'B': 1}","[0.58, 1.0, 1.0]",4.25
95,"[2, 3, 4]","[3, 4, 4]","[0.46, 0.79, 0.88]","[['C', 'D', 'A', 'B'], ['A', 'B', 'D', 'C'], ['B', 'A', 'D', 'C']]","{'A': 5, 'D': 5, 'C': 3, 'B': 2}","[0.58, 1.0, 1.0]",4.25
95,"[2, 3, 4]","[3, 4, 4]","[0.46, 0.79, 0.88]","[['C', 'D', 'A', 'B'], ['A', 'B', 'D', 'C'], ['B', 'D', 'A', 'C']]","{'A': 5, 'D': 5, 'C': 3, 'B': 2}","[0.58, 1.0, 1.0]",4.25
95,"[2, 3, 4]","[3, 4, 4]","[0.46, 0.79, 0.88]","[['C', 'D', 'A', 'B'], ['A', 'B', 'D', 'C'], ['C', 'A', 'D', 'B']]","{'A': 5, 'D': 5, 'C': 4, 'B': 1}","[0.58, 1.0, 1.0]",4.25
95,"[2, 3, 4]","[3, 4, 4]","[0.46, 0.79, 0.88]","[['C', 'D', 'A', 'B'], ['A', 'B', 'D', 'C'], ['C', 'D', 'A', 'B']]","{'A': 5, 'D': 5, 'C': 4, 'B': 1}","[0.58, 1.0, 1.0]",4.25
95,"[2, 3, 4]","[3, 4, 4]","[0.46, 0.79, 0.88]","[['C', 'D', 'A', 'B'], ['A', 'B', 'D', 'C'], ['D', 'A', 'B', 'C']]","{'A': 5, 'D': 5, 'C': 3, 'B': 2}","[0.58, 1.0, 1.0]",4.25
95,"[2, 3, 4]","[3, 4, 4]","[0.46, 0.79, 0.88]","[['C', 'D', 'A', 'B'], ['A', 'B', 'D', 'C'], ['D', 'A', 'C', 'B']]","{'A': 5, 'D': 5, 'C': 4, 'B': 1}","[0.58, 1.0, 1.0]",4.25
95,"[2, 3, 4]","[3, 4, 4]","[0.46, 0.79, 0.88]","[['C', 'D', 'A', 'B'], ['A', 'B', 'D', 'C'], ['D', 'B', 'A', 'C']]","{'A': 5, 'D': 5, 'C': 3, 'B': 2}","[0.58, 1.0, 1.0]",4.25
95,"[2, 3, 4]","[3, 4, 4]","[0.46, 0.79, 0.88]","[['C', 'D', 'A', 'B'], ['A', 'B', 'D', 'C'], ['D', 'C', 'A', 'B']]","{'A': 5, 'D': 5, 'C': 4, 'B': 1}","[0.58, 1.0, 1.0]",4.25
95,"[2, 3, 4]","[3, 4, 4]","[0.46, 0.79, 0.88]","[['C', 'D', 'A', 'B'], ['A', 'C', 'D', 'B'], ['A', 'B', 'D', 'C']]","{'A': 5, 'D': 5, 'C': 4, 'B': 1}","[0.58, 1.0, 1.0]",4.25
95,"[2, 3, 4]","[3, 4, 4]","[0.46, 0.79, 0.88]","[['C', 'D', 'A', 'B'], ['A', 'C', 'D', 'B'], ['A', 'D', 'B', 'C']]","{'A': 5, 'D': 5, 'C': 4, 'B': 1}","[0.58, 1.0, 1.0]",4.25
95,"[2, 3, 4]","[3, 4, 4]","[0.46, 0.79, 0.88]","[['C', 'D', 'A', 'B'], ['A', 'C', 'D', 'B'], ['B', 'A', 'D', 'C']]","{'A': 5, 'D': 5, 'C': 4, 'B': 1}","[0.58, 1.0, 1.0]",4.25
95,"[2, 3, 4]","[3, 4, 4]","[0.46, 0.79, 0.88]","[['C', 'D', 'A', 'B'], ['A', 'C', 'D', 'B'], ['B', 'D', 'A', 'C']]","{'A': 5, 'D': 5, 'C': 4, 'B': 1}","[0.58, 1.0, 1.0]",4.25
95,"[2, 3, 4]","[3, 4, 4]","[0.46, 0.79, 0.88]","[['C', 'D', 'A', 'B'], ['A', 'C', 'D', 'B'], ['D', 'A', 'B', 'C']]","{'A': 5, 'D': 5, 'C': 4, 'B': 1}","[0.58, 1.0, 1.0]",4.25
95,"[2, 3, 4]","[3, 4, 4]","[0.46, 0.79, 0.88]","[['C', 'D', 'A', 'B'], ['A', 'C', 'D', 'B'], ['D', 'B', 'A', 'C']]","{'A': 5, 'D': 5, 'C': 4, 'B': 1}","[0.58, 1.0, 1.0]",4.25
95,"[2, 3, 4]","[3, 4, 4]","[0.46, 0.79, 0.88]","[['C', 'D', 'A', 'B'], ['A', 'D', 'B', 'C'], ['A', 'B', 'D', 'C']]","{'A': 5, 'D': 5, 'C': 3, 'B': 2}","[0.58, 1.0, 1.0]",4.25
95,"[2, 3, 4]","[3, 4, 4]","[0.46, 0.79, 0.88]","[['C', 'D', 'A', 'B'], ['A', 'D', 'B', 'C'], ['A', 'C', 'D', 'B']]","{'A': 5, 'D': 5, 'C': 4, 'B': 1}","[0.58, 1.0, 1.0]",4.25
95,"[2, 3, 4]","[3, 4, 4]","[0.46, 0.79, 0.88]","[['C', 'D', 'A', 'B'], ['A', 'D', 'B', 'C'], ['A', 'D', 'B', 'C']]","{'A': 5, 'D': 5, 'C': 3, 'B': 2}","[0.58, 1.0, 1.0]",4.25
95,"[2, 3, 4]","[3, 4, 4]","[0.46, 0.79, 0.88]","[['C', 'D', 'A', 'B'], ['A', 'D', 'B', 'C'], ['A', 'D', 'C', 'B']]","{'A': 5, 'D': 5, 'C': 4, 'B': 1}","[0.58, 1.0, 1.0]",4.25
95,"[2, 3, 4]","[3, 4, 4]","[0.46, 0.79, 0.88]","[['C', 'D', 'A', 'B'], ['A', 'D', 'B', 'C'], ['B', 'A', 'D', 'C']]","{'A': 5, 'D': 5, 'C': 3, 'B': 2}","[0.58, 1.0, 1.0]",4.25
95,"[2, 3, 4]","[3, 4, 4]","[0.46, 0.79, 0.88]","[['C', 'D', 'A', 'B'], ['A', 'D', 'B', 'C'], ['B', 'D', 'A', 'C']]","{'A': 5, 'D': 5, 'C': 3, 'B': 2}","[0.58, 1.0, 1.0]",4.25
95,"[2, 3, 4]","[3, 4, 4]","[0.46, 0.79, 0.88]","[['C', 'D', 'A', 'B'], ['A', 'D', 'B', 'C'], ['C', 'A', 'D', 'B']]","{'A': 5, 'D': 5, 'C': 4, 'B': 1}","[0.58, 1.0, 1.0]",4.25
95,"[2, 3, 4]","[3, 4, 4]","[0.46, 0.79, 0.88]","[['C', 'D', 'A', 'B'], ['A', 'D', 'B', 'C'], ['C', 'D', 'A', 'B']]","{'A': 5, 'D': 5, 'C': 4, 'B': 1}","[0.58, 1.0, 1.0]",4.25
95,"[2, 3, 4]","[3, 4, 4]","[0.46, 0.79, 0.88]","[['C', 'D', 'A', 'B'], ['A', 'D', 'B', 'C'], ['D', 'A', 'B', 'C']]","{'A': 5, 'D': 5, 'C': 3, 'B': 2}","[0.58, 1.0, 1.0]",4.25
95,"[2, 3, 4]","[3, 4, 4]","[0.46, 0.79, 0.88]","[['C', 'D', 'A', 'B'], ['A', 'D', 'B', 'C'], ['D', 'A', 'C', 'B']]","{'A': 5, 'D': 5, 'C': 4, 'B': 1}","[0.58, 1.0, 1.0]",4.25
95,"[2, 3, 4]","[3, 4, 4]","[0.46, 0.79, 0.88]","[['C', 'D', 'A', 'B'], ['A', 'D', 'B', 'C'], ['D', 'B', 'A', 'C']]","{'A': 5, 'D': 5, 'C': 3, 'B': 2}","[0.58, 1.0, 1.0]",4.25
95,"[2, 3, 4]","[3, 4, 4]","[0.46, 0.79, 0.88]","[['C', 'D', 'A', 'B'], ['A', 'D', 'B', 'C'], ['D', 'C', 'A', 'B']]","{'A': 5, 'D': 5, 'C': 4, 'B': 1}","[0.58, 1.0, 1.0]",4.25
95,"[2, 3, 4]","[3, 4, 4]","[0.46, 0.79, 0.88]","[['C', 'D', 'A', 'B'], ['A', 'D', 'C', 'B'], ['A', 'B', 'D', 'C']]","{'A': 5, 'D': 5, 'C': 4, 'B': 1}","[0.58, 1.0, 1.0]",4.25
95,"[2, 3, 4]","[3, 4, 4]","[0.46, 0.79, 0.88]","[['C', 'D', 'A', 'B'], ['A', 'D', 'C', 'B'], ['A', 'D', 'B', 'C']]","{'A': 5, 'D': 5, 'C': 4, 'B': 1}","[0.58, 1.0, 1.0]",4.25
95,"[2, 3, 4]","[3, 4, 4]","[0.46, 0.79, 0.88]","[['C', 'D', 'A', 'B'], ['A', 'D', 'C', 'B'], ['B', 'A', 'D', 'C']]","{'A': 5, 'D': 5, 'C': 4, 'B': 1}","[0.58, 1.0, 1.0]",4.25
95,"[2, 3, 4]","[3, 4, 4]","[0.46, 0.79, 0.88]","[['C', 'D', 'A', 'B'], ['A', 'D', 'C', 'B'], ['B', 'D', 'A', 'C']]","{'A': 5, 'D': 5, 'C': 4, 'B': 1}","[0.58, 1.0, 1.0]",4.25
95,"[2, 3, 4]","[3, 4, 4]","[0.46, 0.79, 0.88]","[['C', 'D', 'A', 'B'], ['A', 'D', 'C', 'B'], ['D', 'A', 'B', 'C']]","{'A': 5, 'D': 5, 'C': 4, 'B': 1}","[0.58, 1.0, 1.0]",4.25
95,"[2, 3, 4]","[3, 4, 4]","[0.46, 0.79, 0.88]","[['C', 'D', 'A', 'B'], ['A', 'D', 'C', 'B'], ['D', 'B', 'A', 'C']]","{'A': 5, 'D': 5, 'C': 4, 'B': 1}","[0.58, 1.0, 1.0]",4.25
95,"[2, 3, 4]","[3, 4, 4]","[0.46, 0.79, 0.88]","[['C', 'D', 'A', 'B'], ['B', 'A', 'D', 'C'], ['A', 'B', 'D', 'C']]","{'A': 5, 'D': 5, 'C': 3, 'B': 2}","[0.58, 1.0, 1.0]",4.25
95,"[2, 3, 4]","[3, 4, 4]","[0.46, 0.79, 0.88]","[['C', 'D', 'A', 'B'], ['B', 'A', 'D', 'C'], ['A', 'C', 'D', 'B']]","{'A': 5, 'D': 5, 'C': 4, 'B': 1}","[0.58, 1.0, 1.0]",4.25
95,"[2, 3, 4]","[3, 4, 4]","[0.46, 0.79, 0.88]","[['C', 'D', 'A', 'B'], ['B', 'A', 'D', 'C'], ['A', 'D', 'B', 'C']]","{'A': 5, 'D': 5, 'C': 3, 'B': 2}","[0.58, 1.0, 1.0]",4.25
95,"[2, 3, 4]","[3, 4, 4]","[0.46, 0.79, 0.88]","[['C', 'D', 'A', 'B'], ['B', 'A', 'D', 'C'], ['A', 'D', 'C', 'B']]","{'A': 5, 'D': 5, 'C': 4, 'B': 1}","[0.58, 1.0, 1.0]",4.25
95,"[2, 3, 4]","[3, 4, 4]","[0.46, 0.79, 0.88]","[['C', 'D', 'A', 'B'], ['B', 'A', 'D', 'C'], ['B', 'A', 'D', 'C']]","{'A': 5, 'D': 5, 'C': 3, 'B': 2}","[0.58, 1.0, 1.0]",4.25
95,"[2, 3, 4]","[3, 4, 4]","[0.46, 0.79, 0.88]","[['C', 'D', 'A', 'B'], ['B', 'A', 'D', 'C'], ['B', 'D', 'A', 'C']]","{'A': 5, 'D': 5, 'C': 3, 'B': 2}","[0.58, 1.0, 1.0]",4.25
95,"[2, 3, 4]","[3, 4, 4]","[0.46, 0.79, 0.88]","[['C', 'D', 'A', 'B'], ['B', 'A', 'D', 'C'], ['C', 'A', 'D', 'B']]","{'A': 5, 'D': 5, 'C': 4, 'B': 1}","[0.58, 1.0, 1.0]",4.25
95,"[2, 3, 4]","[3, 4, 4]","[0.46, 0.79, 0.88]","[['C', 'D', 'A', 'B'], ['B', 'A', 'D', 'C'], ['C', 'D', 'A', 'B']]","{'A': 5, 'D': 5, 'C': 4, 'B': 1}","[0.58, 1.0, 1.0]",4.25
95,"[2, 3, 4]","[3, 4, 4]","[0.46, 0.79, 0.88]","[['C', 'D', 'A', 'B'], ['B', 'A', 'D', 'C'], ['D', 'A', 'B', 'C']]","{'A': 5, 'D': 5, 'C': 3, 'B': 2}","[0.58, 1.0, 1.0]",4.25
95,"[2, 3, 4]","[3, 4, 4]","[0.46, 0.79, 0.88]","[['C', 'D', 'A', 'B'], ['B', 'A', 'D', 'C'], ['D', 'A', 'C', 'B']]","{'A': 5, 'D': 5, 'C': 4, 'B': 1}","[0.58, 1.0, 1.0]",4.25
95,"[2, 3, 4]","[3, 4, 4]","[0.46, 0.79, 0.88]","[['C', 'D', 'A', 'B'], ['B', 'A', 'D', 'C'], ['D', 'B', 'A', 'C']]","{'A': 5, 'D': 5, 'C': 3, 'B': 2}","[0.58, 1.0, 1.0]",4.25
95,"[2, 3, 4]","[3, 4, 4]","[0.46, 0.79, 0.88]","[['C', 'D', 'A', 'B'], ['B', 'A', 'D', 'C'], ['D', 'C', 'A', 'B']]","{'A': 5, 'D': 5, 'C': 4, 'B': 1}","[0.58, 1.0, 1.0]",4.25
95,"[2, 3, 4]","[3, 4, 4]","[0.46, 0.79, 0.88]","[['C', 'D', 'A', 'B'], ['B', 'D', 'A', 'C'], ['A', 'B', 'D', 'C']]","{'A': 5, 'D': 5, 'C': 3, 'B': 2}","[0.58, 1.0, 1.0]",4.25
95,"[2, 3, 4]","[3, 4, 4]","[0.46, 0.79, 0.88]","[['C', 'D', 'A', 'B'], ['B', 'D', 'A', 'C'], ['A', 'C', 'D', 'B']]","{'A': 5, 'D': 5, 'C': 4, 'B': 1}","[0.58, 1.0, 1.0]",4.25
95,"[2, 3, 4]","[3, 4, 4]","[0.46, 0.79, 0.88]","[['C', 'D', 'A', 'B'], ['B', 'D', 'A', 'C'], ['A', 'D', 'B', 'C']]","{'A': 5, 'D': 5, 'C': 3, 'B': 2}","[0.58, 1.0, 1.0]",4.25
95,"[2, 3, 4]","[3, 4, 4]","[0.46, 0.79, 0.88]","[['C', 'D', 'A', 'B'], ['B', 'D', 'A', 'C'], ['A', 'D', 'C', 'B']]","{'A': 5, 'D': 5, 'C': 4, 'B': 1}","[0.58, 1.0, 1.0]",4.25
95,"[2, 3, 4]","[3, 4, 4]","[0.46, 0.79, 0.88]","[['C', 'D', 'A', 'B'], ['B', 'D', 'A', 'C'], ['B', 'A', 'D', 'C']]","{'A': 5, 'D': 5, 'C': 3, 'B': 2}","[0.58, 1.0, 1.0]",4.25
95,"[2, 3, 4]","[3, 4, 4]","[0.46, 0.79, 0.88]","[['C', 'D', 'A', 'B'], ['B', 'D', 'A', 'C'], ['B', 'D', 'A', 'C']]","{'A': 5, 'D': 5, 'C': 3, 'B': 2}","[0.58, 1.0, 1.0]",4.25
95,"[2, 3, 4]","[3, 4, 4]","[0.46, 0.79, 0.88]","[['C', 'D', 'A', 'B'], ['B', 'D', 'A', 'C'], ['C', 'A', 'D', 'B']]","{'A': 5, 'D': 5, 'C': 4, 'B': 1}","[0.58, 1.0, 1.0]",4.25
95,"[2, 3, 4]","[3, 4, 4]","[0.46, 0.79, 0.88]","[['C', 'D', 'A', 'B'], ['B', 'D', 'A', 'C'], ['C', 'D', 'A', 'B']]","{'A': 5, 'D': 5, 'C': 4, 'B': 1}","[0.58, 1.0, 1.0]",4.25
95,"[2, 3, 4]","[3, 4, 4]","[0.46, 0.79, 0.88]","[['C', 'D', 'A', 'B'], ['B', 'D', 'A', 'C'], ['D', 'A', 'B', 'C']]","{'A': 5, 'D': 5, 'C': 3, 'B': 2}","[0.58, 1.0, 1.0]",4.25
95,"[2, 3, 4]","[3, 4, 4]","[0.46, 0.79, 0.88]","[['C', 'D', 'A', 'B'], ['B', 'D', 'A', 'C'], ['D', 'A', 'C', 'B']]","{'A': 5, 'D': 5, 'C': 4, 'B': 1}","[0.58, 1.0, 1.0]",4.25
95,"[2, 3, 4]","[3, 4, 4]","[0.46, 0.79, 0.88]","[['C', 'D', 'A', 'B'], ['B', 'D', 'A', 'C'], ['D', 'B', 'A', 'C']]","{'A': 5, 'D': 5, 'C': 3, 'B': 2}","[0.58, 1.0, 1.0]",4.25
95,"[2, 3, 4]","[3, 4, 4]","[0.46, 0.79, 0.88]","[['C', 'D', 'A', 'B'], ['B', 'D', 'A', 'C'], ['D', 'C', 'A', 'B']]","{'A': 5, 'D': 5, 'C': 4, 'B': 1}","[0.58, 1.0, 1.0]",4.25
95,"[2, 3, 4]","[3, 4, 4]","[0.46, 0.79, 0.88]","[['C', 'D', 'A', 'B'], ['C', 'A', 'D', 'B'], ['A', 'B', 'D', 'C']]","{'A': 5, 'D': 5, 'C': 4, 'B': 1}","[0.58, 1.0, 1.0]",4.25
95,"[2, 3, 4]","[3, 4, 4]","[0.46, 0.79, 0.88]","[['C', 'D', 'A', 'B'], ['C', 'A', 'D', 'B'], ['A', 'D', 'B', 'C']]","{'A': 5, 'D': 5, 'C': 4, 'B': 1}","[0.58, 1.0, 1.0]",4.25
95,"[2, 3, 4]","[3, 4, 4]","[0.46, 0.79, 0.88]","[['C', 'D', 'A', 'B'], ['C', 'A', 'D', 'B'], ['B', 'A', 'D', 'C']]","{'A': 5, 'D': 5, 'C': 4, 'B': 1}","[0.58, 1.0, 1.0]",4.25
95,"[2, 3, 4]","[3, 4, 4]","[0.46, 0.79, 0.88]","[['C', 'D', 'A', 'B'], ['C', 'A', 'D', 'B'], ['B', 'D', 'A', 'C']]","{'A': 5, 'D': 5, 'C': 4, 'B': 1}","[0.58, 1.0, 1.0]",4.25
95,"[2, 3, 4]","[3, 4, 4]","[0.46, 0.79, 0.88]","[['C', 'D', 'A', 'B'], ['C', 'A', 'D', 'B'], ['D', 'A', 'B', 'C']]","{'A': 5, 'D': 5, 'C': 4, 'B': 1}","[0.58, 1.0, 1.0]",4.25
95,"[2, 3, 4]","[3, 4, 4]","[0.46, 0.79, 0.88]","[['C', 'D', 'A', 'B'], ['C', 'A', 'D', 'B'], ['D', 'B', 'A', 'C']]","{'A': 5, 'D': 5, 'C': 4, 'B': 1}","[0.58, 1.0, 1.0]",4.25
95,"[2, 3, 4]","[3, 4, 4]","[0.46, 0.79, 0.88]","[['C', 'D', 'A', 'B'], ['C', 'D', 'A', 'B'], ['A', 'B', 'D', 'C']]","{'A': 5, 'D': 5, 'C': 4, 'B': 1}","[0.58, 1.0, 1.0]",4.25
95,"[2, 3, 4]","[3, 4, 4]","[0.46, 0.79, 0.88]","[['C', 'D', 'A', 'B'], ['C', 'D', 'A', 'B'], ['A', 'D', 'B', 'C']]","{'A': 5, 'D': 5, 'C': 4, 'B': 1}","[0.58, 1.0, 1.0]",4.25
95,"[2, 3, 4]","[3, 4, 4]","[0.46, 0.79, 0.88]","[['C', 'D', 'A', 'B'], ['C', 'D', 'A', 'B'], ['B', 'A', 'D', 'C']]","{'A': 5, 'D': 5, 'C': 4, 'B': 1}","[0.58, 1.0, 1.0]",4.25
95,"[2, 3, 4]","[3, 4, 4]","[0.46, 0.79, 0.88]","[['C', 'D', 'A', 'B'], ['C', 'D', 'A', 'B'], ['B', 'D', 'A', 'C']]","{'A': 5, 'D': 5, 'C': 4, 'B': 1}","[0.58, 1.0, 1.0]",4.25
95,"[2, 3, 4]","[3, 4, 4]","[0.46, 0.79, 0.88]","[['C', 'D', 'A', 'B'], ['C', 'D', 'A', 'B'], ['D', 'A', 'B', 'C']]","{'A': 5, 'D': 5, 'C': 4, 'B': 1}","[0.58, 1.0, 1.0]",4.25
95,"[2, 3, 4]","[3, 4, 4]","[0.46, 0.79, 0.88]","[['C', 'D', 'A', 'B'], ['C', 'D', 'A', 'B'], ['D', 'B', 'A', 'C']]","{'A': 5, 'D': 5, 'C': 4, 'B': 1}","[0.58, 1.0, 1.0]",4.25
95,"[2, 3, 4]","[3, 4, 4]","[0.46, 0.79, 0.88]","[['C', 'D', 'A', 'B'], ['D', 'A', 'B', 'C'], ['A', 'B', 'D', 'C']]","{'A': 5, 'D': 5, 'C': 3, 'B': 2}","[0.58, 1.0, 1.0]",4.25
95,"[2, 3, 4]","[3, 4, 4]","[0.46, 0.79, 0.88]","[['C', 'D', 'A', 'B'], ['D', 'A', 'B', 'C'], ['A', 'C', 'D', 'B']]","{'A': 5, 'D': 5, 'C': 4, 'B': 1}","[0.58, 1.0, 1.0]",4.25
95,"[2, 3, 4]","[3, 4, 4]","[0.46, 0.79, 0.88]","[['C', 'D', 'A', 'B'], ['D', 'A', 'B', 'C'], ['A', 'D', 'B', 'C']]","{'A': 5, 'D': 5, 'C': 3, 'B': 2}","[0.58, 1.0, 1.0]",4.25
95,"[2, 3, 4]","[3, 4, 4]","[0.46, 0.79, 0.88]","[['C', 'D', 'A', 'B'], ['D', 'A', 'B', 'C'], ['A', 'D', 'C', 'B']]","{'A': 5, 'D': 5, 'C': 4, 'B': 1}","[0.58, 1.0, 1.0]",4.25
95,"[2, 3, 4]","[3, 4, 4]","[0.46, 0.79, 0.88]","[['C', 'D', 'A', 'B'], ['D', 'A', 'B', 'C'], ['B', 'A', 'D', 'C']]","{'A': 5, 'D': 5, 'C': 3, 'B': 2}","[0.58, 1.0, 1.0]",4.25
95,"[2, 3, 4]","[3, 4, 4]","[0.46, 0.79, 0.88]","[['C', 'D', 'A', 'B'], ['D', 'A', 'B', 'C'], ['B', 'D', 'A', 'C']]","{'A': 5, 'D': 5, 'C': 3, 'B': 2}","[0.58, 1.0, 1.0]",4.25
95,"[2, 3, 4]","[3, 4, 4]","[0.46, 0.79, 0.88]","[['C', 'D', 'A', 'B'], ['D', 'A', 'B', 'C'], ['C', 'A', 'D', 'B']]","{'A': 5, 'D': 5, 'C': 4, 'B': 1}","[0.58, 1.0, 1.0]",4.25
95,"[2, 3, 4]","[3, 4, 4]","[0.46, 0.79, 0.88]","[['C', 'D', 'A', 'B'], ['D', 'A', 'B', 'C'], ['C', 'D', 'A', 'B']]","{'A': 5, 'D': 5, 'C': 4, 'B': 1}","[0.58, 1.0, 1.0]",4.25
95,"[2, 3, 4]","[3, 4, 4]","[0.46, 0.79, 0.88]","[['C', 'D', 'A', 'B'], ['D', 'A', 'B', 'C'], ['D', 'A', 'B', 'C']]","{'A': 5, 'D': 5, 'C': 3, 'B': 2}","[0.58, 1.0, 1.0]",4.25
95,"[2, 3, 4]","[3, 4, 4]","[0.46, 0.79, 0.88]","[['C', 'D', 'A', 'B'], ['D', 'A', 'B', 'C'], ['D', 'A', 'C', 'B']]","{'A': 5, 'D': 5, 'C': 4, 'B': 1}","[0.58, 1.0, 1.0]",4.25
95,"[2, 3, 4]","[3, 4, 4]","[0.46, 0.79, 0.88]","[['C', 'D', 'A', 'B'], ['D', 'A', 'B', 'C'], ['D', 'B', 'A', 'C']]","{'A': 5, 'D': 5, 'C': 3, 'B': 2}","[0.58, 1.0, 1.0]",4.25
95,"[2, 3, 4]","[3, 4, 4]","[0.46, 0.79, 0.88]","[['C', 'D', 'A', 'B'], ['D', 'A', 'B', 'C'], ['D', 'C', 'A', 'B']]","{'A': 5, 'D': 5, 'C': 4, 'B': 1}","[0.58, 1.0, 1.0]",4.25
95,"[2, 3, 4]","[3, 4, 4]","[0.46, 0.79, 0.88]","[['C', 'D', 'A', 'B'], ['D', 'A', 'C', 'B'], ['A', 'B', 'D', 'C']]","{'A': 5, 'D': 5, 'C': 4, 'B': 1}","[0.58, 1.0, 1.0]",4.25
95,"[2, 3, 4]","[3, 4, 4]","[0.46, 0.79, 0.88]","[['C', 'D', 'A', 'B'], ['D', 'A', 'C', 'B'], ['A', 'D', 'B', 'C']]","{'A': 5, 'D': 5, 'C': 4, 'B': 1}","[0.58, 1.0, 1.0]",4.25
95,"[2, 3, 4]","[3, 4, 4]","[0.46, 0.79, 0.88]","[['C', 'D', 'A', 'B'], ['D', 'A', 'C', 'B'], ['B', 'A', 'D', 'C']]","{'A': 5, 'D': 5, 'C': 4, 'B': 1}","[0.58, 1.0, 1.0]",4.25
95,"[2, 3, 4]","[3, 4, 4]","[0.46, 0.79, 0.88]","[['C', 'D', 'A', 'B'], ['D', 'A', 'C', 'B'], ['B', 'D', 'A', 'C']]","{'A': 5, 'D': 5, 'C': 4, 'B': 1}","[0.58, 1.0, 1.0]",4.25
95,"[2, 3, 4]","[3, 4, 4]","[0.46, 0.79, 0.88]","[['C', 'D', 'A', 'B'], ['D', 'A', 'C', 'B'], ['D', 'A', 'B', 'C']]","{'A': 5, 'D': 5, 'C': 4, 'B': 1}","[0.58, 1.0, 1.0]",4.25
95,"[2, 3, 4]","[3, 4, 4]","[0.46, 0.79, 0.88]","[['C', 'D', 'A', 'B'], ['D', 'A', 'C', 'B'], ['D', 'B', 'A', 'C']]","{'A': 5, 'D': 5, 'C': 4, 'B': 1}","[0.58, 1.0, 1.0]",4.25
95,"[2, 3, 4]","[3, 4, 4]","[0.46, 0.79, 0.88]","[['C', 'D', 'A', 'B'], ['D', 'B', 'A', 'C'], ['A', 'B', 'D', 'C']]","{'A': 5, 'D': 5, 'C': 3, 'B': 2}","[0.58, 1.0, 1.0]",4.25
95,"[2, 3, 4]","[3, 4, 4]","[0.46, 0.79, 0.88]","[['C', 'D', 'A', 'B'], ['D', 'B', 'A', 'C'], ['A', 'C', 'D', 'B']]","{'A': 5, 'D': 5, 'C': 4, 'B': 1}","[0.58, 1.0, 1.0]",4.25
95,"[2, 3, 4]","[3, 4, 4]","[0.46, 0.79, 0.88]","[['C', 'D', 'A', 'B'], ['D', 'B', 'A', 'C'], ['A', 'D', 'B', 'C']]","{'A': 5, 'D': 5, 'C': 3, 'B': 2}","[0.58, 1.0, 1.0]",4.25
95,"[2, 3, 4]","[3, 4, 4]","[0.46, 0.79, 0.88]","[['C', 'D', 'A', 'B'], ['D', 'B', 'A', 'C'], ['A', 'D', 'C', 'B']]","{'A': 5, 'D': 5, 'C': 4, 'B': 1}","[0.58, 1.0, 1.0]",4.25
95,"[2, 3, 4]","[3, 4, 4]","[0.46, 0.79, 0.88]","[['C', 'D', 'A', 'B'], ['D', 'B', 'A', 'C'], ['B', 'A', 'D', 'C']]","{'A': 5, 'D': 5, 'C': 3, 'B': 2}","[0.58, 1.0, 1.0]",4.25
95,"[2, 3, 4]","[3, 4, 4]","[0.46, 0.79, 0.88]","[['C', 'D', 'A', 'B'], ['D', 'B', 'A', 'C'], ['B', 'D', 'A', 'C']]","{'A': 5, 'D': 5, 'C': 3, 'B': 2}","[0.58, 1.0, 1.0]",4.25
95,"[2, 3, 4]","[3, 4, 4]","[0.46, 0.79, 0.88]","[['C', 'D', 'A', 'B'], ['D', 'B', 'A', 'C'], ['C', 'A', 'D', 'B']]","{'A': 5, 'D': 5, 'C': 4, 'B': 1}","[0.58, 1.0, 1.0]",4.25
95,"[2, 3, 4]","[3, 4, 4]","[0.46, 0.79, 0.88]","[['C', 'D', 'A', 'B'], ['D', 'B', 'A', 'C'], ['C', 'D', 'A', 'B']]","{'A': 5, 'D': 5, 'C': 4, 'B': 1}","[0.58, 1.0, 1.0]",4.25
95,"[2, 3, 4]","[3, 4, 4]","[0.46, 0.79, 0.88]","[['C', 'D', 'A', 'B'], ['D', 'B', 'A', 'C'], ['D', 'A', 'B', 'C']]","{'A': 5, 'D': 5, 'C': 3, 'B': 2}","[0.58, 1.0, 1.0]",4.25
95,"[2, 3, 4]","[3, 4, 4]","[0.46, 0.79, 0.88]","[['C', 'D', 'A', 'B'], ['D', 'B', 'A', 'C'], ['D', 'A', 'C', 'B']]","{'A': 5, 'D': 5, 'C': 4, 'B': 1}","[0.58, 1.0, 1.0]",4.25
95,"[2, 3, 4]","[3, 4, 4]","[0.46, 0.79, 0.88]","[['C', 'D', 'A', 'B'], ['D', 'B', 'A', 'C'], ['D', 'B', 'A', 'C']]","{'A': 5, 'D': 5, 'C': 3, 'B': 2}","[0.58, 1.0, 1.0]",4.25
95,"[2, 3, 4]","[3, 4, 4]","[0.46, 0.79, 0.88]","[['C', 'D', 'A', 'B'], ['D', 'B', 'A', 'C'], ['D', 'C', 'A', 'B']]","{'A': 5, 'D': 5, 'C': 4, 'B': 1}","[0.58, 1.0, 1.0]",4.25
95,"[2, 3, 4]","[3, 4, 4]","[0.46, 0.79, 0.88]","[['C', 'D', 'A', 'B'], ['D', 'C', 'A', 'B'], ['A', 'B', 'D', 'C']]","{'A': 5, 'D': 5, 'C': 4, 'B': 1}","[0.58, 1.0, 1.0]",4.25
95,"[2, 3, 4]","[3, 4, 4]","[0.46, 0.79, 0.88]","[['C', 'D', 'A', 'B'], ['D', 'C', 'A', 'B'], ['A', 'D', 'B', 'C']]","{'A': 5, 'D': 5, 'C': 4, 'B': 1}","[0.58, 1.0, 1.0]",4.25
95,"[2, 3, 4]","[3, 4, 4]","[0.46, 0.79, 0.88]","[['C', 'D', 'A', 'B'], ['D', 'C', 'A', 'B'], ['B', 'A', 'D', 'C']]","{'A': 5, 'D': 5, 'C': 4, 'B': 1}","[0.58, 1.0, 1.0]",4.25
95,"[2, 3, 4]","[3, 4, 4]","[0.46, 0.79, 0.88]","[['C', 'D', 'A', 'B'], ['D', 'C', 'A', 'B'], ['B', 'D', 'A', 'C']]","{'A': 5, 'D': 5, 'C': 4, 'B': 1}","[0.58, 1.0, 1.0]",4.25
95,"[2, 3, 4]","[3, 4, 4]","[0.46, 0.79, 0.88]","[['C', 'D', 'A', 'B'], ['D', 'C', 'A', 'B'], ['D', 'A', 'B', 'C']]","{'A': 5, 'D': 5, 'C': 4, 'B': 1}","[0.58, 1.0, 1.0]",4.25
95,"[2, 3, 4]","[3, 4, 4]","[0.46, 0.79, 0.88]","[['C', 'D', 'A', 'B'], ['D', 'C', 'A', 'B'], ['D', 'B', 'A', 'C']]","{'A': 5, 'D': 5, 'C': 4, 'B': 1}","[0.58, 1.0, 1.0]",4.25
95,"[2, 3, 4]","[3, 4, 4]","[0.46, 0.79, 0.88]","[['D', 'A', 'B', 'C'], ['A', 'B', 'C', 'D'], ['A', 'B', 'D', 'C']]","{'A': 5, 'D': 4, 'B': 3, 'C': 3}","[0.58, 1.0, 1.0]",4.0
95,"[2, 3, 4]","[3, 4, 4]","[0.46, 0.79, 0.88]","[['D', 'A', 'B', 'C'], ['A', 'B', 'C', 'D'], ['A', 'D', 'B', 'C']]","{'A': 5, 'D': 4, 'B': 3, 'C': 3}","[0.58, 1.0, 1.0]",4.0
95,"[2, 3, 4]","[3, 4, 4]","[0.46, 0.79, 0.88]","[['D', 'A', 'B', 'C'], ['A', 'B', 'C', 'D'], ['B', 'A', 'D', 'C']]","{'A': 5, 'D': 4, 'B': 3, 'C': 3}","[0.58, 1.0, 1.0]",4.0
95,"[2, 3, 4]","[3, 4, 4]","[0.46, 0.79, 0.88]","[['D', 'A', 'B', 'C'], ['A', 'B', 'C', 'D'], ['B', 'D', 'A', 'C']]","{'A': 5, 'D': 4, 'B': 3, 'C': 3}","[0.58, 1.0, 1.0]",4.0
95,"[2, 3, 4]","[3, 4, 4]","[0.46, 0.79, 0.88]","[['D', 'A', 'B', 'C'], ['A', 'B', 'C', 'D'], ['D', 'A', 'B', 'C']]","{'A': 5, 'D': 4, 'B': 3, 'C': 3}","[0.58, 1.0, 1.0]",4.0
95,"[2, 3, 4]","[3, 4, 4]","[0.46, 0.79, 0.88]","[['D', 'A', 'B', 'C'], ['A', 'B', 'C', 'D'], ['D', 'B', 'A', 'C']]","{'A': 5, 'D': 4, 'B': 3, 'C': 3}","[0.58, 1.0, 1.0]",4.0
95,"[2, 3, 4]","[3, 4, 4]","[0.46, 0.79, 0.88]","[['D', 'A', 'B', 'C'], ['A', 'B', 'D', 'C'], ['A', 'B', 'C', 'D']]","{'A': 5, 'D': 4, 'B': 3, 'C': 3}","[0.58, 1.0, 1.0]",4.0
95,"[2, 3, 4]","[3, 4, 4]","[0.46, 0.79, 0.88]","[['D', 'A', 'B', 'C'], ['A', 'B', 'D', 'C'], ['A', 'B', 'D', 'C']]","{'A': 5, 'D': 5, 'B': 3, 'C': 2}","[0.58, 1.0, 1.0]",4.0
95,"[2, 3, 4]","[3, 4, 4]","[0.46, 0.79, 0.88]","[['D', 'A', 'B', 'C'], ['A', 'B', 'D', 'C'], ['A', 'C', 'B', 'D']]","{'A': 5, 'D': 4, 'B': 3, 'C': 3}","[0.58, 1.0, 1.0]",4.0
95,"[2, 3, 4]","[3, 4, 4]","[0.46, 0.79, 0.88]","[['D', 'A', 'B', 'C'], ['A', 'B', 'D', 'C'], ['A', 'C', 'D', 'B']]","{'A': 5, 'D': 5, 'C': 3, 'B': 2}","[0.58, 1.0, 1.0]",4.25
95,"[2, 3, 4]","[3, 4, 4]","[0.46, 0.79, 0.88]","[['D', 'A', 'B', 'C'], ['A', 'B', 'D', 'C'], ['A', 'D', 'B', 'C']]","{'A': 5, 'D': 5, 'B': 3, 'C': 2}","[0.58, 1.0, 1.0]",4.0
95,"[2, 3, 4]","[3, 4, 4]","[0.46, 0.79, 0.88]","[['D', 'A', 'B', 'C'], ['A', 'B', 'D', 'C'], ['A', 'D', 'C', 'B']]","{'A': 5, 'D': 5, 'C': 3, 'B': 2}","[0.58, 1.0, 1.0]",4.25
95,"[2, 3, 4]","[3, 4, 4]","[0.46, 0.79, 0.88]","[['D', 'A', 'B', 'C'], ['A', 'B', 'D', 'C'], ['B', 'A', 'C', 'D']]","{'A': 5, 'D': 4, 'B': 3, 'C': 3}","[0.58, 1.0, 1.0]",4.0
95,"[2, 3, 4]","[3, 4, 4]","[0.46, 0.79, 0.88]","[['D', 'A', 'B', 'C'], ['A', 'B', 'D', 'C'], ['B', 'A', 'D', 'C']]","{'A': 5, 'D': 5, 'B': 3, 'C': 2}","[0.58, 1.0, 1.0]",4.0
95,"[2, 3, 4]","[3, 4, 4]","[0.46, 0.79, 0.88]","[['D', 'A', 'B', 'C'], ['A', 'B', 'D', 'C'], ['B', 'C', 'A', 'D']]","{'A': 5, 'D': 4, 'B': 3, 'C': 3}","[0.58, 1.0, 1.0]",4.0
95,"[2, 3, 4]","[3, 4, 4]","[0.46, 0.79, 0.88]","[['D', 'A', 'B', 'C'], ['A', 'B', 'D', 'C'], ['B', 'D', 'A', 'C']]","{'A': 5, 'D': 5, 'B': 3, 'C': 2}","[0.58, 1.0, 1.0]",4.0
95,"[2, 3, 4]","[3, 4, 4]","[0.46, 0.79, 0.88]","[['D', 'A', 'B', 'C'], ['A', 'B', 'D', 'C'], ['C', 'A', 'B', 'D']]","{'A': 5, 'D': 4, 'B': 3, 'C': 3}","[0.58, 1.0, 1.0]",4.0
95,"[2, 3, 4]","[3, 4, 4]","[0.46, 0.79, 0.88]","[['D', 'A', 'B', 'C'], ['A', 'B', 'D', 'C'], ['C', 'A', 'D', 'B']]","{'A': 5, 'D': 5, 'C': 3, 'B': 2}","[0.58, 1.0, 1.0]",4.25
95,"[2, 3, 4]","[3, 4, 4]","[0.46, 0.79, 0.88]","[['D', 'A', 'B', 'C'], ['A', 'B', 'D', 'C'], ['C', 'B', 'A', 'D']]","{'A': 5, 'D': 4, 'B': 3, 'C': 3}","[0.58, 1.0, 1.0]",4.0
95,"[2, 3, 4]","[3, 4, 4]","[0.46, 0.79, 0.88]","[['D', 'A', 'B', 'C'], ['A', 'B', 'D', 'C'], ['C', 'D', 'A', 'B']]","{'A': 5, 'D': 5, 'C': 3, 'B': 2}","[0.58, 1.0, 1.0]",4.25
95,"[2, 3, 4]","[3, 4, 4]","[0.46, 0.79, 0.88]","[['D', 'A', 'B', 'C'], ['A', 'B', 'D', 'C'], ['D', 'A', 'B', 'C']]","{'A': 5, 'D': 5, 'B': 3, 'C': 2}","[0.58, 1.0, 1.0]",4.0
95,"[2, 3, 4]","[3, 4, 4]","[0.46, 0.79, 0.88]","[['D', 'A', 'B', 'C'], ['A', 'B', 'D', 'C'], ['D', 'A', 'C', 'B']]","{'A': 5, 'D': 5, 'C': 3, 'B': 2}","[0.58, 1.0, 1.0]",4.25
95,"[2, 3, 4]","[3, 4, 4]","[0.46, 0.79, 0.88]","[['D', 'A', 'B', 'C'], ['A', 'B', 'D', 'C'], ['D', 'B', 'A', 'C']]","{'A': 5, 'D': 5, 'B': 3, 'C': 2}","[0.58, 1.0, 1.0]",4.0
95,"[2, 3, 4]","[3, 4, 4]","[0.46, 0.79, 0.88]","[['D', 'A', 'B', 'C'], ['A', 'B', 'D', 'C'], ['D', 'C', 'A', 'B']]","{'A': 5, 'D': 5, 'C': 3, 'B': 2}","[0.58, 1.0, 1.0]",4.25
95,"[2, 3, 4]","[3, 4, 4]","[0.46, 0.79, 0.88]","[['D', 'A', 'B', 'C'], ['A', 'C', 'B', 'D'], ['A', 'B', 'D', 'C']]","{'A': 5, 'D': 4, 'B': 3, 'C': 3}","[0.58, 1.0, 1.0]",4.0
95,"[2, 3, 4]","[3, 4, 4]","[0.46, 0.79, 0.88]","[['D', 'A', 'B', 'C'], ['A', 'C', 'B', 'D'], ['A', 'D', 'B', 'C']]","{'A': 5, 'D': 4, 'B': 3, 'C': 3}","[0.58, 1.0, 1.0]",4.0
95,"[2, 3, 4]","[3, 4, 4]","[0.46, 0.79, 0.88]","[['D', 'A', 'B', 'C'], ['A', 'C', 'B', 'D'], ['B', 'A', 'D', 'C']]","{'A': 5, 'D': 4, 'B': 3, 'C': 3}","[0.58, 1.0, 1.0]",4.0
95,"[2, 3, 4]","[3, 4, 4]","[0.46, 0.79, 0.88]","[['D', 'A', 'B', 'C'], ['A', 'C', 'B', 'D'], ['B', 'D', 'A', 'C']]","{'A': 5, 'D': 4, 'B': 3, 'C': 3}","[0.58, 1.0, 1.0]",4.0
95,"[2, 3, 4]","[3, 4, 4]","[0.46, 0.79, 0.88]","[['D', 'A', 'B', 'C'], ['A', 'C', 'B', 'D'], ['D', 'A', 'B', 'C']]","{'A': 5, 'D': 4, 'B': 3, 'C': 3}","[0.58, 1.0, 1.0]",4.0
95,"[2, 3, 4]","[3, 4, 4]","[0.46, 0.79, 0.88]","[['D', 'A', 'B', 'C'], ['A', 'C', 'B', 'D'], ['D', 'B', 'A', 'C']]","{'A': 5, 'D': 4, 'B': 3, 'C': 3}","[0.58, 1.0, 1.0]",4.0
95,"[2, 3, 4]","[3, 4, 4]","[0.46, 0.79, 0.88]","[['D', 'A', 'B', 'C'], ['A', 'C', 'D', 'B'], ['A', 'B', 'D', 'C']]","{'A': 5, 'D': 5, 'C': 3, 'B': 2}","[0.58, 1.0, 1.0]",4.25
95,"[2, 3, 4]","[3, 4, 4]","[0.46, 0.79, 0.88]","[['D', 'A', 'B', 'C'], ['A', 'C', 'D', 'B'], ['A', 'C', 'D', 'B']]","{'A': 5, 'D': 5, 'C': 4, 'B': 1}","[0.58, 1.0, 1.0]",4.25
95,"[2, 3, 4]","[3, 4, 4]","[0.46, 0.79, 0.88]","[['D', 'A', 'B', 'C'], ['A', 'C', 'D', 'B'], ['A', 'D', 'B', 'C']]","{'A': 5, 'D': 5, 'C': 3, 'B': 2}","[0.58, 1.0, 1.0]",4.25
95,"[2, 3, 4]","[3, 4, 4]","[0.46, 0.79, 0.88]","[['D', 'A', 'B', 'C'], ['A', 'C', 'D', 'B'], ['A', 'D', 'C', 'B']]","{'A': 5, 'D': 5, 'C': 4, 'B': 1}","[0.58, 1.0, 1.0]",4.25
95,"[2, 3, 4]","[3, 4, 4]","[0.46, 0.79, 0.88]","[['D', 'A', 'B', 'C'], ['A', 'C', 'D', 'B'], ['B', 'A', 'D', 'C']]","{'A': 5, 'D': 5, 'C': 3, 'B': 2}","[0.58, 1.0, 1.0]",4.25
95,"[2, 3, 4]","[3, 4, 4]","[0.46, 0.79, 0.88]","[['D', 'A', 'B', 'C'], ['A', 'C', 'D', 'B'], ['B', 'D', 'A', 'C']]","{'A': 5, 'D': 5, 'C': 3, 'B': 2}","[0.58, 1.0, 1.0]",4.25
95,"[2, 3, 4]","[3, 4, 4]","[0.46, 0.79, 0.88]","[['D', 'A', 'B', 'C'], ['A', 'C', 'D', 'B'], ['C', 'A', 'D', 'B']]","{'A': 5, 'D': 5, 'C': 4, 'B': 1}","[0.58, 1.0, 1.0]",4.25
95,"[2, 3, 4]","[3, 4, 4]","[0.46, 0.79, 0.88]","[['D', 'A', 'B', 'C'], ['A', 'C', 'D', 'B'], ['C', 'D', 'A', 'B']]","{'A': 5, 'D': 5, 'C': 4, 'B': 1}","[0.58, 1.0, 1.0]",4.25
95,"[2, 3, 4]","[3, 4, 4]","[0.46, 0.79, 0.88]","[['D', 'A', 'B', 'C'], ['A', 'C', 'D', 'B'], ['D', 'A', 'B', 'C']]","{'A': 5, 'D': 5, 'C': 3, 'B': 2}","[0.58, 1.0, 1.0]",4.25
95,"[2, 3, 4]","[3, 4, 4]","[0.46, 0.79, 0.88]","[['D', 'A', 'B', 'C'], ['A', 'C', 'D', 'B'], ['D', 'A', 'C', 'B']]","{'A': 5, 'D': 5, 'C': 4, 'B': 1}","[0.58, 1.0, 1.0]",4.25
95,"[2, 3, 4]","[3, 4, 4]","[0.46, 0.79, 0.88]","[['D', 'A', 'B', 'C'], ['A', 'C', 'D', 'B'], ['D', 'B', 'A', 'C']]","{'A': 5, 'D': 5, 'C': 3, 'B': 2}","[0.58, 1.0, 1.0]",4.25
95,"[2, 3, 4]","[3, 4, 4]","[0.46, 0.79, 0.88]","[['D', 'A', 'B', 'C'], ['A', 'C', 'D', 'B'], ['D', 'C', 'A', 'B']]","{'A': 5, 'D': 5, 'C': 4, 'B': 1}","[0.58, 1.0, 1.0]",4.25
95,"[2, 3, 4]","[3, 4, 4]","[0.46, 0.79, 0.88]","[['D', 'A', 'B', 'C'], ['A', 'D', 'B', 'C'], ['A', 'B', 'C', 'D']]","{'A': 5, 'D': 4, 'B': 3, 'C': 3}","[0.58, 1.0, 1.0]",4.0
95,"[2, 3, 4]","[3, 4, 4]","[0.46, 0.79, 0.88]","[['D', 'A', 'B', 'C'], ['A', 'D', 'B', 'C'], ['A', 'B', 'D', 'C']]","{'A': 5, 'D': 5, 'B': 3, 'C': 2}","[0.58, 1.0, 1.0]",4.0
95,"[2, 3, 4]","[3, 4, 4]","[0.46, 0.79, 0.88]","[['D', 'A', 'B', 'C'], ['A', 'D', 'B', 'C'], ['A', 'C', 'B', 'D']]","{'A': 5, 'D': 4, 'B': 3, 'C': 3}","[0.58, 1.0, 1.0]",4.0
95,"[2, 3, 4]","[3, 4, 4]","[0.46, 0.79, 0.88]","[['D', 'A', 'B', 'C'], ['A', 'D', 'B', 'C'], ['A', 'C', 'D', 'B']]","{'A': 5, 'D': 5, 'C': 3, 'B': 2}","[0.58, 1.0, 1.0]",4.25
95,"[2, 3, 4]","[3, 4, 4]","[0.46, 0.79, 0.88]","[['D', 'A', 'B', 'C'], ['A', 'D', 'B', 'C'], ['A', 'D', 'B', 'C']]","{'A': 5, 'D': 5, 'B': 3, 'C': 2}","[0.58, 1.0, 1.0]",4.0
95,"[2, 3, 4]","[3, 4, 4]","[0.46, 0.79, 0.88]","[['D', 'A', 'B', 'C'], ['A', 'D', 'B', 'C'], ['A', 'D', 'C', 'B']]","{'A': 5, 'D': 5, 'C': 3, 'B': 2}","[0.58, 1.0, 1.0]",4.25
95,"[2, 3, 4]","[3, 4, 4]","[0.46, 0.79, 0.88]","[['D', 'A', 'B', 'C'], ['A', 'D', 'B', 'C'], ['B', 'A', 'C', 'D']]","{'A': 5, 'D': 4, 'B': 3, 'C': 3}","[0.58, 1.0, 1.0]",4.0
95,"[2, 3, 4]","[3, 4, 4]","[0.46, 0.79, 0.88]","[['D', 'A', 'B', 'C'], ['A', 'D', 'B', 'C'], ['B', 'A', 'D', 'C']]","{'A': 5, 'D': 5, 'B': 3, 'C': 2}","[0.58, 1.0, 1.0]",4.0
95,"[2, 3, 4]","[3, 4, 4]","[0.46, 0.79, 0.88]","[['D', 'A', 'B', 'C'], ['A', 'D', 'B', 'C'], ['B', 'C', 'A', 'D']]","{'A': 5, 'D': 4, 'B': 3, 'C': 3}","[0.58, 1.0, 1.0]",4.0
95,"[2, 3, 4]","[3, 4, 4]","[0.46, 0.79, 0.88]","[['D', 'A', 'B', 'C'], ['A', 'D', 'B', 'C'], ['B', 'D', 'A', 'C']]","{'A': 5, 'D': 5, 'B': 3, 'C': 2}","[0.58, 1.0, 1.0]",4.0
95,"[2, 3, 4]","[3, 4, 4]","[0.46, 0.79, 0.88]","[['D', 'A', 'B', 'C'], ['A', 'D', 'B', 'C'], ['C', 'A', 'B', 'D']]","{'A': 5, 'D': 4, 'B': 3, 'C': 3}","[0.58, 1.0, 1.0]",4.0
95,"[2, 3, 4]","[3, 4, 4]","[0.46, 0.79, 0.88]","[['D', 'A', 'B', 'C'], ['A', 'D', 'B', 'C'], ['C', 'A', 'D', 'B']]","{'A': 5, 'D': 5, 'C': 3, 'B': 2}","[0.58, 1.0, 1.0]",4.25
95,"[2, 3, 4]","[3, 4, 4]","[0.46, 0.79, 0.88]","[['D', 'A', 'B', 'C'], ['A', 'D', 'B', 'C'], ['C', 'B', 'A', 'D']]","{'A': 5, 'D': 4, 'B': 3, 'C': 3}","[0.58, 1.0, 1.0]",4.0
95,"[2, 3, 4]","[3, 4, 4]","[0.46, 0.79, 0.88]","[['D', 'A', 'B', 'C'], ['A', 'D', 'B', 'C'], ['C', 'D', 'A', 'B']]","{'A': 5, 'D': 5, 'C': 3, 'B': 2}","[0.58, 1.0, 1.0]",4.25
95,"[2, 3, 4]","[3, 4, 4]","[0.46, 0.79, 0.88]","[['D', 'A', 'B', 'C'], ['A', 'D', 'B', 'C'], ['D', 'A', 'B', 'C']]","{'A': 5, 'D': 5, 'B': 3, 'C': 2}","[0.58, 1.0, 1.0]",4.0
95,"[2, 3, 4]","[3, 4, 4]","[0.46, 0.79, 0.88]","[['D', 'A', 'B', 'C'], ['A', 'D', 'B', 'C'], ['D', 'A', 'C', 'B']]","{'A': 5, 'D': 5, 'C': 3, 'B': 2}","[0.58, 1.0, 1.0]",4.25
95,"[2, 3, 4]","[3, 4, 4]","[0.46, 0.79, 0.88]","[['D', 'A', 'B', 'C'], ['A', 'D', 'B', 'C'], ['D', 'B', 'A', 'C']]","{'A': 5, 'D': 5, 'B': 3, 'C': 2}","[0.58, 1.0, 1.0]",4.0
95,"[2, 3, 4]","[3, 4, 4]","[0.46, 0.79, 0.88]","[['D', 'A', 'B', 'C'], ['A', 'D', 'B', 'C'], ['D', 'C', 'A', 'B']]","{'A': 5, 'D': 5, 'C': 3, 'B': 2}","[0.58, 1.0, 1.0]",4.25
95,"[2, 3, 4]","[3, 4, 4]","[0.46, 0.79, 0.88]","[['D', 'A', 'B', 'C'], ['A', 'D', 'C', 'B'], ['A', 'B', 'D', 'C']]","{'A': 5, 'D': 5, 'C': 3, 'B': 2}","[0.58, 1.0, 1.0]",4.25
95,"[2, 3, 4]","[3, 4, 4]","[0.46, 0.79, 0.88]","[['D', 'A', 'B', 'C'], ['A', 'D', 'C', 'B'], ['A', 'C', 'D', 'B']]","{'A': 5, 'D': 5, 'C': 4, 'B': 1}","[0.58, 1.0, 1.0]",4.25
95,"[2, 3, 4]","[3, 4, 4]","[0.46, 0.79, 0.88]","[['D', 'A', 'B', 'C'], ['A', 'D', 'C', 'B'], ['A', 'D', 'B', 'C']]","{'A': 5, 'D': 5, 'C': 3, 'B': 2}","[0.58, 1.0, 1.0]",4.25
95,"[2, 3, 4]","[3, 4, 4]","[0.46, 0.79, 0.88]","[['D', 'A', 'B', 'C'], ['A', 'D', 'C', 'B'], ['A', 'D', 'C', 'B']]","{'A': 5, 'D': 5, 'C': 4, 'B': 1}","[0.58, 1.0, 1.0]",4.25
95,"[2, 3, 4]","[3, 4, 4]","[0.46, 0.79, 0.88]","[['D', 'A', 'B', 'C'], ['A', 'D', 'C', 'B'], ['B', 'A', 'D', 'C']]","{'A': 5, 'D': 5, 'C': 3, 'B': 2}","[0.58, 1.0, 1.0]",4.25
95,"[2, 3, 4]","[3, 4, 4]","[0.46, 0.79, 0.88]","[['D', 'A', 'B', 'C'], ['A', 'D', 'C', 'B'], ['B', 'D', 'A', 'C']]","{'A': 5, 'D': 5, 'C': 3, 'B': 2}","[0.58, 1.0, 1.0]",4.25
95,"[2, 3, 4]","[3, 4, 4]","[0.46, 0.79, 0.88]","[['D', 'A', 'B', 'C'], ['A', 'D', 'C', 'B'], ['C', 'A', 'D', 'B']]","{'A': 5, 'D': 5, 'C': 4, 'B': 1}","[0.58, 1.0, 1.0]",4.25
95,"[2, 3, 4]","[3, 4, 4]","[0.46, 0.79, 0.88]","[['D', 'A', 'B', 'C'], ['A', 'D', 'C', 'B'], ['C', 'D', 'A', 'B']]","{'A': 5, 'D': 5, 'C': 4, 'B': 1}","[0.58, 1.0, 1.0]",4.25
95,"[2, 3, 4]","[3, 4, 4]","[0.46, 0.79, 0.88]","[['D', 'A', 'B', 'C'], ['A', 'D', 'C', 'B'], ['D', 'A', 'B', 'C']]","{'A': 5, 'D': 5, 'C': 3, 'B': 2}","[0.58, 1.0, 1.0]",4.25
95,"[2, 3, 4]","[3, 4, 4]","[0.46, 0.79, 0.88]","[['D', 'A', 'B', 'C'], ['A', 'D', 'C', 'B'], ['D', 'A', 'C', 'B']]","{'A': 5, 'D': 5, 'C': 4, 'B': 1}","[0.58, 1.0, 1.0]",4.25
95,"[2, 3, 4]","[3, 4, 4]","[0.46, 0.79, 0.88]","[['D', 'A', 'B', 'C'], ['A', 'D', 'C', 'B'], ['D', 'B', 'A', 'C']]","{'A': 5, 'D': 5, 'C': 3, 'B': 2}","[0.58, 1.0, 1.0]",4.25
95,"[2, 3, 4]","[3, 4, 4]","[0.46, 0.79, 0.88]","[['D', 'A', 'B', 'C'], ['A', 'D', 'C', 'B'], ['D', 'C', 'A', 'B']]","{'A': 5, 'D': 5, 'C': 4, 'B': 1}","[0.58, 1.0, 1.0]",4.25
95,"[2, 3, 4]","[3, 4, 4]","[0.46, 0.79, 0.88]","[['D', 'A', 'B', 'C'], ['B', 'A', 'C', 'D'], ['A', 'B', 'D', 'C']]","{'A': 5, 'D': 4, 'B': 3, 'C': 3}","[0.58, 1.0, 1.0]",4.0
95,"[2, 3, 4]","[3, 4, 4]","[0.46, 0.79, 0.88]","[['D', 'A', 'B', 'C'], ['B', 'A', 'C', 'D'], ['A', 'D', 'B', 'C']]","{'A': 5, 'D': 4, 'B': 3, 'C': 3}","[0.58, 1.0, 1.0]",4.0
95,"[2, 3, 4]","[3, 4, 4]","[0.46, 0.79, 0.88]","[['D', 'A', 'B', 'C'], ['B', 'A', 'C', 'D'], ['B', 'A', 'D', 'C']]","{'A': 5, 'D': 4, 'B': 3, 'C': 3}","[0.58, 1.0, 1.0]",4.0
95,"[2, 3, 4]","[3, 4, 4]","[0.46, 0.79, 0.88]","[['D', 'A', 'B', 'C'], ['B', 'A', 'C', 'D'], ['B', 'D', 'A', 'C']]","{'A': 5, 'D': 4, 'B': 3, 'C': 3}","[0.58, 1.0, 1.0]",4.0
95,"[2, 3, 4]","[3, 4, 4]","[0.46, 0.79, 0.88]","[['D', 'A', 'B', 'C'], ['B', 'A', 'C', 'D'], ['D', 'A', 'B', 'C']]","{'A': 5, 'D': 4, 'B': 3, 'C': 3}","[0.58, 1.0, 1.0]",4.0
95,"[2, 3, 4]","[3, 4, 4]","[0.46, 0.79, 0.88]","[['D', 'A', 'B', 'C'], ['B', 'A', 'C', 'D'], ['D', 'B', 'A', 'C']]","{'A': 5, 'D': 4, 'B': 3, 'C': 3}","[0.58, 1.0, 1.0]",4.0
95,"[2, 3, 4]","[3, 4, 4]","[0.46, 0.79, 0.88]","[['D', 'A', 'B', 'C'], ['B', 'A', 'D', 'C'], ['A', 'B', 'C', 'D']]","{'A': 5, 'D': 4, 'B': 3, 'C': 3}","[0.58, 1.0, 1.0]",4.0
95,"[2, 3, 4]","[3, 4, 4]","[0.46, 0.79, 0.88]","[['D', 'A', 'B', 'C'], ['B', 'A', 'D', 'C'], ['A', 'B', 'D', 'C']]","{'A': 5, 'D': 5, 'B': 3, 'C': 2}","[0.58, 1.0, 1.0]",4.0
95,"[2, 3, 4]","[3, 4, 4]","[0.46, 0.79, 0.88]","[['D', 'A', 'B', 'C'], ['B', 'A', 'D', 'C'], ['A', 'C', 'B', 'D']]","{'A': 5, 'D': 4, 'B': 3, 'C': 3}","[0.58, 1.0, 1.0]",4.0
95,"[2, 3, 4]","[3, 4, 4]","[0.46, 0.79, 0.88]","[['D', 'A', 'B', 'C'], ['B', 'A', 'D', 'C'], ['A', 'C', 'D', 'B']]","{'A': 5, 'D': 5, 'C': 3, 'B': 2}","[0.58, 1.0, 1.0]",4.25
95,"[2, 3, 4]","[3, 4, 4]","[0.46, 0.79, 0.88]","[['D', 'A', 'B', 'C'], ['B', 'A', 'D', 'C'], ['A', 'D', 'B', 'C']]","{'A': 5, 'D': 5, 'B': 3, 'C': 2}","[0.58, 1.0, 1.0]",4.0
95,"[2, 3, 4]","[3, 4, 4]","[0.46, 0.79, 0.88]","[['D', 'A', 'B', 'C'], ['B', 'A', 'D', 'C'], ['A', 'D', 'C', 'B']]","{'A': 5, 'D': 5, 'C': 3, 'B': 2}","[0.58, 1.0, 1.0]",4.25
95,"[2, 3, 4]","[3, 4, 4]","[0.46, 0.79, 0.88]","[['D', 'A', 'B', 'C'], ['B', 'A', 'D', 'C'], ['B', 'A', 'C', 'D']]","{'A': 5, 'D': 4, 'B': 3, 'C': 3}","[0.58, 1.0, 1.0]",4.0
95,"[2, 3, 4]","[3, 4, 4]","[0.46, 0.79, 0.88]","[['D', 'A', 'B', 'C'], ['B', 'A', 'D', 'C'], ['B', 'A', 'D', 'C']]","{'A': 5, 'D': 5, 'B': 3, 'C': 2}","[0.58, 1.0, 1.0]",4.0
95,"[2, 3, 4]","[3, 4, 4]","[0.46, 0.79, 0.88]","[['D', 'A', 'B', 'C'], ['B', 'A', 'D', 'C'], ['B', 'C', 'A', 'D']]","{'A': 5, 'D': 4, 'B': 3, 'C': 3}","[0.58, 1.0, 1.0]",4.0
95,"[2, 3, 4]","[3, 4, 4]","[0.46, 0.79, 0.88]","[['D', 'A', 'B', 'C'], ['B', 'A', 'D', 'C'], ['B', 'D', 'A', 'C']]","{'A': 5, 'D': 5, 'B': 3, 'C': 2}","[0.58, 1.0, 1.0]",4.0
95,"[2, 3, 4]","[3, 4, 4]","[0.46, 0.79, 0.88]","[['D', 'A', 'B', 'C'], ['B', 'A', 'D', 'C'], ['C', 'A', 'B', 'D']]","{'A': 5, 'D': 4, 'B': 3, 'C': 3}","[0.58, 1.0, 1.0]",4.0
95,"[2, 3, 4]","[3, 4, 4]","[0.46, 0.79, 0.88]","[['D', 'A', 'B', 'C'], ['B', 'A', 'D', 'C'], ['C', 'A', 'D', 'B']]","{'A': 5, 'D': 5, 'C': 3, 'B': 2}","[0.58, 1.0, 1.0]",4.25
95,"[2, 3, 4]","[3, 4, 4]","[0.46, 0.79, 0.88]","[['D', 'A', 'B', 'C'], ['B', 'A', 'D', 'C'], ['C', 'B', 'A', 'D']]","{'A': 5, 'D': 4, 'B': 3, 'C': 3}","[0.58, 1.0, 1.0]",4.0
95,"[2, 3, 4]","[3, 4, 4]","[0.46, 0.79, 0.88]","[['D', 'A', 'B', 'C'], ['B', 'A', 'D', 'C'], ['C', 'D', 'A', 'B']]","{'A': 5, 'D': 5, 'C': 3, 'B': 2}","[0.58, 1.0, 1.0]",4.25
95,"[2, 3, 4]","[3, 4, 4]","[0.46, 0.79, 0.88]","[['D', 'A', 'B', 'C'], ['B', 'A', 'D', 'C'], ['D', 'A', 'B', 'C']]","{'A': 5, 'D': 5, 'B': 3, 'C': 2}","[0.58, 1.0, 1.0]",4.0
95,"[2, 3, 4]","[3, 4, 4]","[0.46, 0.79, 0.88]","[['D', 'A', 'B', 'C'], ['B', 'A', 'D', 'C'], ['D', 'A', 'C', 'B']]","{'A': 5, 'D': 5, 'C': 3, 'B': 2}","[0.58, 1.0, 1.0]",4.25
95,"[2, 3, 4]","[3, 4, 4]","[0.46, 0.79, 0.88]","[['D', 'A', 'B', 'C'], ['B', 'A', 'D', 'C'], ['D', 'B', 'A', 'C']]","{'A': 5, 'D': 5, 'B': 3, 'C': 2}","[0.58, 1.0, 1.0]",4.0
95,"[2, 3, 4]","[3, 4, 4]","[0.46, 0.79, 0.88]","[['D', 'A', 'B', 'C'], ['B', 'A', 'D', 'C'], ['D', 'C', 'A', 'B']]","{'A': 5, 'D': 5, 'C': 3, 'B': 2}","[0.58, 1.0, 1.0]",4.25
95,"[2, 3, 4]","[3, 4, 4]","[0.46, 0.79, 0.88]","[['D', 'A', 'B', 'C'], ['B', 'C', 'A', 'D'], ['A', 'B', 'D', 'C']]","{'A': 5, 'D': 4, 'B': 3, 'C': 3}","[0.58, 1.0, 1.0]",4.0
95,"[2, 3, 4]","[3, 4, 4]","[0.46, 0.79, 0.88]","[['D', 'A', 'B', 'C'], ['B', 'C', 'A', 'D'], ['A', 'D', 'B', 'C']]","{'A': 5, 'D': 4, 'B': 3, 'C': 3}","[0.58, 1.0, 1.0]",4.0
95,"[2, 3, 4]","[3, 4, 4]","[0.46, 0.79, 0.88]","[['D', 'A', 'B', 'C'], ['B', 'C', 'A', 'D'], ['B', 'A', 'D', 'C']]","{'A': 5, 'D': 4, 'B': 3, 'C': 3}","[0.58, 1.0, 1.0]",4.0
95,"[2, 3, 4]","[3, 4, 4]","[0.46, 0.79, 0.88]","[['D', 'A', 'B', 'C'], ['B', 'C', 'A', 'D'], ['B', 'D', 'A', 'C']]","{'A': 5, 'D': 4, 'B': 3, 'C': 3}","[0.58, 1.0, 1.0]",4.0
95,"[2, 3, 4]","[3, 4, 4]","[0.46, 0.79, 0.88]","[['D', 'A', 'B', 'C'], ['B', 'C', 'A', 'D'], ['D', 'A', 'B', 'C']]","{'A': 5, 'D': 4, 'B': 3, 'C': 3}","[0.58, 1.0, 1.0]",4.0
95,"[2, 3, 4]","[3, 4, 4]","[0.46, 0.79, 0.88]","[['D', 'A', 'B', 'C'], ['B', 'C', 'A', 'D'], ['D', 'B', 'A', 'C']]","{'A': 5, 'D': 4, 'B': 3, 'C': 3}","[0.58, 1.0, 1.0]",4.0
95,"[2, 3, 4]","[3, 4, 4]","[0.46, 0.79, 0.88]","[['D', 'A', 'B', 'C'], ['B', 'D', 'A', 'C'], ['A', 'B', 'C', 'D']]","{'A': 5, 'D': 4, 'B': 3, 'C': 3}","[0.58, 1.0, 1.0]",4.0
95,"[2, 3, 4]","[3, 4, 4]","[0.46, 0.79, 0.88]","[['D', 'A', 'B', 'C'], ['B', 'D', 'A', 'C'], ['A', 'B', 'D', 'C']]","{'A': 5, 'D': 5, 'B': 3, 'C': 2}","[0.58, 1.0, 1.0]",4.0
95,"[2, 3, 4]","[3, 4, 4]","[0.46, 0.79, 0.88]","[['D', 'A', 'B', 'C'], ['B', 'D', 'A', 'C'], ['A', 'C', 'B', 'D']]","{'A': 5, 'D': 4, 'B': 3, 'C': 3}","[0.58, 1.0, 1.0]",4.0
95,"[2, 3, 4]","[3, 4, 4]","[0.46, 0.79, 0.88]","[['D', 'A', 'B', 'C'], ['B', 'D', 'A', 'C'], ['A', 'C', 'D', 'B']]","{'A': 5, 'D': 5, 'C': 3, 'B': 2}","[0.58, 1.0, 1.0]",4.25
95,"[2, 3, 4]","[3, 4, 4]","[0.46, 0.79, 0.88]","[['D', 'A', 'B', 'C'], ['B', 'D', 'A', 'C'], ['A', 'D', 'B', 'C']]","{'A': 5, 'D': 5, 'B': 3, 'C': 2}","[0.58, 1.0, 1.0]",4.0
95,"[2, 3, 4]","[3, 4, 4]","[0.46, 0.79, 0.88]","[['D', 'A', 'B', 'C'], ['B', 'D', 'A', 'C'], ['A', 'D', 'C', 'B']]","{'A': 5, 'D': 5, 'C': 3, 'B': 2}","[0.58, 1.0, 1.0]",4.25
95,"[2, 3, 4]","[3, 4, 4]","[0.46, 0.79, 0.88]","[['D', 'A', 'B', 'C'], ['B', 'D', 'A', 'C'], ['B', 'A', 'C', 'D']]","{'A': 5, 'D': 4, 'B': 3, 'C': 3}","[0.58, 1.0, 1.0]",4.0
95,"[2, 3, 4]","[3, 4, 4]","[0.46, 0.79, 0.88]","[['D', 'A', 'B', 'C'], ['B', 'D', 'A', 'C'], ['B', 'A', 'D', 'C']]","{'A': 5, 'D': 5, 'B': 3, 'C': 2}","[0.58, 1.0, 1.0]",4.0
95,"[2, 3, 4]","[3, 4, 4]","[0.46, 0.79, 0.88]","[['D', 'A', 'B', 'C'], ['B', 'D', 'A', 'C'], ['B', 'C', 'A', 'D']]","{'A': 5, 'D': 4, 'B': 3, 'C': 3}","[0.58, 1.0, 1.0]",4.0
95,"[2, 3, 4]","[3, 4, 4]","[0.46, 0.79, 0.88]","[['D', 'A', 'B', 'C'], ['B', 'D', 'A', 'C'], ['B', 'D', 'A', 'C']]","{'A': 5, 'D': 5, 'B': 3, 'C': 2}","[0.58, 1.0, 1.0]",4.0
95,"[2, 3, 4]","[3, 4, 4]","[0.46, 0.79, 0.88]","[['D', 'A', 'B', 'C'], ['B', 'D', 'A', 'C'], ['C', 'A', 'B', 'D']]","{'A': 5, 'D': 4, 'B': 3, 'C': 3}","[0.58, 1.0, 1.0]",4.0
95,"[2, 3, 4]","[3, 4, 4]","[0.46, 0.79, 0.88]","[['D', 'A', 'B', 'C'], ['B', 'D', 'A', 'C'], ['C', 'A', 'D', 'B']]","{'A': 5, 'D': 5, 'C': 3, 'B': 2}","[0.58, 1.0, 1.0]",4.25
95,"[2, 3, 4]","[3, 4, 4]","[0.46, 0.79, 0.88]","[['D', 'A', 'B', 'C'], ['B', 'D', 'A', 'C'], ['C', 'B', 'A', 'D']]","{'A': 5, 'D': 4, 'B': 3, 'C': 3}","[0.58, 1.0, 1.0]",4.0
95,"[2, 3, 4]","[3, 4, 4]","[0.46, 0.79, 0.88]","[['D', 'A', 'B', 'C'], ['B', 'D', 'A', 'C'], ['C', 'D', 'A', 'B']]","{'A': 5, 'D': 5, 'C': 3, 'B': 2}","[0.58, 1.0, 1.0]",4.25
95,"[2, 3, 4]","[3, 4, 4]","[0.46, 0.79, 0.88]","[['D', 'A', 'B', 'C'], ['B', 'D', 'A', 'C'], ['D', 'A', 'B', 'C']]","{'A': 5, 'D': 5, 'B': 3, 'C': 2}","[0.58, 1.0, 1.0]",4.0
95,"[2, 3, 4]","[3, 4, 4]","[0.46, 0.79, 0.88]","[['D', 'A', 'B', 'C'], ['B', 'D', 'A', 'C'], ['D', 'A', 'C', 'B']]","{'A': 5, 'D': 5, 'C': 3, 'B': 2}","[0.58, 1.0, 1.0]",4.25
95,"[2, 3, 4]","[3, 4, 4]","[0.46, 0.79, 0.88]","[['D', 'A', 'B', 'C'], ['B', 'D', 'A', 'C'], ['D', 'B', 'A', 'C']]","{'A': 5, 'D': 5, 'B': 3, 'C': 2}","[0.58, 1.0, 1.0]",4.0
95,"[2, 3, 4]","[3, 4, 4]","[0.46, 0.79, 0.88]","[['D', 'A', 'B', 'C'], ['B', 'D', 'A', 'C'], ['D', 'C', 'A', 'B']]","{'A': 5, 'D': 5, 'C': 3, 'B': 2}","[0.58, 1.0, 1.0]",4.25
95,"[2, 3, 4]","[3, 4, 4]","[0.46, 0.79, 0.88]","[['D', 'A', 'B', 'C'], ['C', 'A', 'B', 'D'], ['A', 'B', 'D', 'C']]","{'A': 5, 'D': 4, 'B': 3, 'C': 3}","[0.58, 1.0, 1.0]",4.0
95,"[2, 3, 4]","[3, 4, 4]","[0.46, 0.79, 0.88]","[['D', 'A', 'B', 'C'], ['C', 'A', 'B', 'D'], ['A', 'D', 'B', 'C']]","{'A': 5, 'D': 4, 'B': 3, 'C': 3}","[0.58, 1.0, 1.0]",4.0
95,"[2, 3, 4]","[3, 4, 4]","[0.46, 0.79, 0.88]","[['D', 'A', 'B', 'C'], ['C', 'A', 'B', 'D'], ['B', 'A', 'D', 'C']]","{'A': 5, 'D': 4, 'B': 3, 'C': 3}","[0.58, 1.0, 1.0]",4.0
95,"[2, 3, 4]","[3, 4, 4]","[0.46, 0.79, 0.88]","[['D', 'A', 'B', 'C'], ['C', 'A', 'B', 'D'], ['B', 'D', 'A', 'C']]","{'A': 5, 'D': 4, 'B': 3, 'C': 3}","[0.58, 1.0, 1.0]",4.0
95,"[2, 3, 4]","[3, 4, 4]","[0.46, 0.79, 0.88]","[['D', 'A', 'B', 'C'], ['C', 'A', 'B', 'D'], ['D', 'A', 'B', 'C']]","{'A': 5, 'D': 4, 'B': 3, 'C': 3}","[0.58, 1.0, 1.0]",4.0
95,"[2, 3, 4]","[3, 4, 4]","[0.46, 0.79, 0.88]","[['D', 'A', 'B', 'C'], ['C', 'A', 'B', 'D'], ['D', 'B', 'A', 'C']]","{'A': 5, 'D': 4, 'B': 3, 'C': 3}","[0.58, 1.0, 1.0]",4.0
95,"[2, 3, 4]","[3, 4, 4]","[0.46, 0.79, 0.88]","[['D', 'A', 'B', 'C'], ['C', 'A', 'D', 'B'], ['A', 'B', 'D', 'C']]","{'A': 5, 'D': 5, 'C': 3, 'B': 2}","[0.58, 1.0, 1.0]",4.25
95,"[2, 3, 4]","[3, 4, 4]","[0.46, 0.79, 0.88]","[['D', 'A', 'B', 'C'], ['C', 'A', 'D', 'B'], ['A', 'C', 'D', 'B']]","{'A': 5, 'D': 5, 'C': 4, 'B': 1}","[0.58, 1.0, 1.0]",4.25
95,"[2, 3, 4]","[3, 4, 4]","[0.46, 0.79, 0.88]","[['D', 'A', 'B', 'C'], ['C', 'A', 'D', 'B'], ['A', 'D', 'B', 'C']]","{'A': 5, 'D': 5, 'C': 3, 'B': 2}","[0.58, 1.0, 1.0]",4.25
95,"[2, 3, 4]","[3, 4, 4]","[0.46, 0.79, 0.88]","[['D', 'A', 'B', 'C'], ['C', 'A', 'D', 'B'], ['A', 'D', 'C', 'B']]","{'A': 5, 'D': 5, 'C': 4, 'B': 1}","[0.58, 1.0, 1.0]",4.25
95,"[2, 3, 4]","[3, 4, 4]","[0.46, 0.79, 0.88]","[['D', 'A', 'B', 'C'], ['C', 'A', 'D', 'B'], ['B', 'A', 'D', 'C']]","{'A': 5, 'D': 5, 'C': 3, 'B': 2}","[0.58, 1.0, 1.0]",4.25
95,"[2, 3, 4]","[3, 4, 4]","[0.46, 0.79, 0.88]","[['D', 'A', 'B', 'C'], ['C', 'A', 'D', 'B'], ['B', 'D', 'A', 'C']]","{'A': 5, 'D': 5, 'C': 3, 'B': 2}","[0.58, 1.0, 1.0]",4.25
95,"[2, 3, 4]","[3, 4, 4]","[0.46, 0.79, 0.88]","[['D', 'A', 'B', 'C'], ['C', 'A', 'D', 'B'], ['C', 'A', 'D', 'B']]","{'A': 5, 'D': 5, 'C': 4, 'B': 1}","[0.58, 1.0, 1.0]",4.25
95,"[2, 3, 4]","[3, 4, 4]","[0.46, 0.79, 0.88]","[['D', 'A', 'B', 'C'], ['C', 'A', 'D', 'B'], ['C', 'D', 'A', 'B']]","{'A': 5, 'D': 5, 'C': 4, 'B': 1}","[0.58, 1.0, 1.0]",4.25
95,"[2, 3, 4]","[3, 4, 4]","[0.46, 0.79, 0.88]","[['D', 'A', 'B', 'C'], ['C', 'A', 'D', 'B'], ['D', 'A', 'B', 'C']]","{'A': 5, 'D': 5, 'C': 3, 'B': 2}","[0.58, 1.0, 1.0]",4.25
95,"[2, 3, 4]","[3, 4, 4]","[0.46, 0.79, 0.88]","[['D', 'A', 'B', 'C'], ['C', 'A', 'D', 'B'], ['D', 'A', 'C', 'B']]","{'A': 5, 'D': 5, 'C': 4, 'B': 1}","[0.58, 1.0, 1.0]",4.25
95,"[2, 3, 4]","[3, 4, 4]","[0.46, 0.79, 0.88]","[['D', 'A', 'B', 'C'], ['C', 'A', 'D', 'B'], ['D', 'B', 'A', 'C']]","{'A': 5, 'D': 5, 'C': 3, 'B': 2}","[0.58, 1.0, 1.0]",4.25
95,"[2, 3, 4]","[3, 4, 4]","[0.46, 0.79, 0.88]","[['D', 'A', 'B', 'C'], ['C', 'A', 'D', 'B'], ['D', 'C', 'A', 'B']]","{'A': 5, 'D': 5, 'C': 4, 'B': 1}","[0.58, 1.0, 1.0]",4.25
95,"[2, 3, 4]","[3, 4, 4]","[0.46, 0.79, 0.88]","[['D', 'A', 'B', 'C'], ['C', 'B', 'A', 'D'], ['A', 'B', 'D', 'C']]","{'A': 5, 'D': 4, 'B': 3, 'C': 3}","[0.58, 1.0, 1.0]",4.0
95,"[2, 3, 4]","[3, 4, 4]","[0.46, 0.79, 0.88]","[['D', 'A', 'B', 'C'], ['C', 'B', 'A', 'D'], ['A', 'D', 'B', 'C']]","{'A': 5, 'D': 4, 'B': 3, 'C': 3}","[0.58, 1.0, 1.0]",4.0
95,"[2, 3, 4]","[3, 4, 4]","[0.46, 0.79, 0.88]","[['D', 'A', 'B', 'C'], ['C', 'B', 'A', 'D'], ['B', 'A', 'D', 'C']]","{'A': 5, 'D': 4, 'B': 3, 'C': 3}","[0.58, 1.0, 1.0]",4.0
95,"[2, 3, 4]","[3, 4, 4]","[0.46, 0.79, 0.88]","[['D', 'A', 'B', 'C'], ['C', 'B', 'A', 'D'], ['B', 'D', 'A', 'C']]","{'A': 5, 'D': 4, 'B': 3, 'C': 3}","[0.58, 1.0, 1.0]",4.0
95,"[2, 3, 4]","[3, 4, 4]","[0.46, 0.79, 0.88]","[['D', 'A', 'B', 'C'], ['C', 'B', 'A', 'D'], ['D', 'A', 'B', 'C']]","{'A': 5, 'D': 4, 'B': 3, 'C': 3}","[0.58, 1.0, 1.0]",4.0
95,"[2, 3, 4]","[3, 4, 4]","[0.46, 0.79, 0.88]","[['D', 'A', 'B', 'C'], ['C', 'B', 'A', 'D'], ['D', 'B', 'A', 'C']]","{'A': 5, 'D': 4, 'B': 3, 'C': 3}","[0.58, 1.0, 1.0]",4.0
95,"[2, 3, 4]","[3, 4, 4]","[0.46, 0.79, 0.88]","[['D', 'A', 'B', 'C'], ['C', 'D', 'A', 'B'], ['A', 'B', 'D', 'C']]","{'A': 5, 'D': 5, 'C': 3, 'B': 2}","[0.58, 1.0, 1.0]",4.25
95,"[2, 3, 4]","[3, 4, 4]","[0.46, 0.79, 0.88]","[['D', 'A', 'B', 'C'], ['C', 'D', 'A', 'B'], ['A', 'C', 'D', 'B']]","{'A': 5, 'D': 5, 'C': 4, 'B': 1}","[0.58, 1.0, 1.0]",4.25
95,"[2, 3, 4]","[3, 4, 4]","[0.46, 0.79, 0.88]","[['D', 'A', 'B', 'C'], ['C', 'D', 'A', 'B'], ['A', 'D', 'B', 'C']]","{'A': 5, 'D': 5, 'C': 3, 'B': 2}","[0.58, 1.0, 1.0]",4.25
95,"[2, 3, 4]","[3, 4, 4]","[0.46, 0.79, 0.88]","[['D', 'A', 'B', 'C'], ['C', 'D', 'A', 'B'], ['A', 'D', 'C', 'B']]","{'A': 5, 'D': 5, 'C': 4, 'B': 1}","[0.58, 1.0, 1.0]",4.25
95,"[2, 3, 4]","[3, 4, 4]","[0.46, 0.79, 0.88]","[['D', 'A', 'B', 'C'], ['C', 'D', 'A', 'B'], ['B', 'A', 'D', 'C']]","{'A': 5, 'D': 5, 'C': 3, 'B': 2}","[0.58, 1.0, 1.0]",4.25
95,"[2, 3, 4]","[3, 4, 4]","[0.46, 0.79, 0.88]","[['D', 'A', 'B', 'C'], ['C', 'D', 'A', 'B'], ['B', 'D', 'A', 'C']]","{'A': 5, 'D': 5, 'C': 3, 'B': 2}","[0.58, 1.0, 1.0]",4.25
95,"[2, 3, 4]","[3, 4, 4]","[0.46, 0.79, 0.88]","[['D', 'A', 'B', 'C'], ['C', 'D', 'A', 'B'], ['C', 'A', 'D', 'B']]","{'A': 5, 'D': 5, 'C': 4, 'B': 1}","[0.58, 1.0, 1.0]",4.25
95,"[2, 3, 4]","[3, 4, 4]","[0.46, 0.79, 0.88]","[['D', 'A', 'B', 'C'], ['C', 'D', 'A', 'B'], ['C', 'D', 'A', 'B']]","{'A': 5, 'D': 5, 'C': 4, 'B': 1}","[0.58, 1.0, 1.0]",4.25
95,"[2, 3, 4]","[3, 4, 4]","[0.46, 0.79, 0.88]","[['D', 'A', 'B', 'C'], ['C', 'D', 'A', 'B'], ['D', 'A', 'B', 'C']]","{'A': 5, 'D': 5, 'C': 3, 'B': 2}","[0.58, 1.0, 1.0]",4.25
95,"[2, 3, 4]","[3, 4, 4]","[0.46, 0.79, 0.88]","[['D', 'A', 'B', 'C'], ['C', 'D', 'A', 'B'], ['D', 'A', 'C', 'B']]","{'A': 5, 'D': 5, 'C': 4, 'B': 1}","[0.58, 1.0, 1.0]",4.25
95,"[2, 3, 4]","[3, 4, 4]","[0.46, 0.79, 0.88]","[['D', 'A', 'B', 'C'], ['C', 'D', 'A', 'B'], ['D', 'B', 'A', 'C']]","{'A': 5, 'D': 5, 'C': 3, 'B': 2}","[0.58, 1.0, 1.0]",4.25
95,"[2, 3, 4]","[3, 4, 4]","[0.46, 0.79, 0.88]","[['D', 'A', 'B', 'C'], ['C', 'D', 'A', 'B'], ['D', 'C', 'A', 'B']]","{'A': 5, 'D': 5, 'C': 4, 'B': 1}","[0.58, 1.0, 1.0]",4.25
95,"[2, 3, 4]","[3, 4, 4]","[0.46, 0.79, 0.88]","[['D', 'A', 'B', 'C'], ['D', 'A', 'B', 'C'], ['A', 'B', 'C', 'D']]","{'A': 5, 'D': 4, 'B': 3, 'C': 3}","[0.58, 1.0, 1.0]",4.0
95,"[2, 3, 4]","[3, 4, 4]","[0.46, 0.79, 0.88]","[['D', 'A', 'B', 'C'], ['D', 'A', 'B', 'C'], ['A', 'B', 'D', 'C']]","{'A': 5, 'D': 5, 'B': 3, 'C': 2}","[0.58, 1.0, 1.0]",4.0
95,"[2, 3, 4]","[3, 4, 4]","[0.46, 0.79, 0.88]","[['D', 'A', 'B', 'C'], ['D', 'A', 'B', 'C'], ['A', 'C', 'B', 'D']]","{'A': 5, 'D': 4, 'B': 3, 'C': 3}","[0.58, 1.0, 1.0]",4.0
95,"[2, 3, 4]","[3, 4, 4]","[0.46, 0.79, 0.88]","[['D', 'A', 'B', 'C'], ['D', 'A', 'B', 'C'], ['A', 'C', 'D', 'B']]","{'A': 5, 'D': 5, 'C': 3, 'B': 2}","[0.58, 1.0, 1.0]",4.25
95,"[2, 3, 4]","[3, 4, 4]","[0.46, 0.79, 0.88]","[['D', 'A', 'B', 'C'], ['D', 'A', 'B', 'C'], ['A', 'D', 'B', 'C']]","{'A': 5, 'D': 5, 'B': 3, 'C': 2}","[0.58, 1.0, 1.0]",4.0
95,"[2, 3, 4]","[3, 4, 4]","[0.46, 0.79, 0.88]","[['D', 'A', 'B', 'C'], ['D', 'A', 'B', 'C'], ['A', 'D', 'C', 'B']]","{'A': 5, 'D': 5, 'C': 3, 'B': 2}","[0.58, 1.0, 1.0]",4.25
95,"[2, 3, 4]","[3, 4, 4]","[0.46, 0.79, 0.88]","[['D', 'A', 'B', 'C'], ['D', 'A', 'B', 'C'], ['B', 'A', 'C', 'D']]","{'A': 5, 'D': 4, 'B': 3, 'C': 3}","[0.58, 1.0, 1.0]",4.0
95,"[2, 3, 4]","[3, 4, 4]","[0.46, 0.79, 0.88]","[['D', 'A', 'B', 'C'], ['D', 'A', 'B', 'C'], ['B', 'A', 'D', 'C']]","{'A': 5, 'D': 5, 'B': 3, 'C': 2}","[0.58, 1.0, 1.0]",4.0
95,"[2, 3, 4]","[3, 4, 4]","[0.46, 0.79, 0.88]","[['D', 'A', 'B', 'C'], ['D', 'A', 'B', 'C'], ['B', 'C', 'A', 'D']]","{'A': 5, 'D': 4, 'B': 3, 'C': 3}","[0.58, 1.0, 1.0]",4.0
95,"[2, 3, 4]","[3, 4, 4]","[0.46, 0.79, 0.88]","[['D', 'A', 'B', 'C'], ['D', 'A', 'B', 'C'], ['B', 'D', 'A', 'C']]","{'A': 5, 'D': 5, 'B': 3, 'C': 2}","[0.58, 1.0, 1.0]",4.0
95,"[2, 3, 4]","[3, 4, 4]","[0.46, 0.79, 0.88]","[['D', 'A', 'B', 'C'], ['D', 'A', 'B', 'C'], ['C', 'A', 'B', 'D']]","{'A': 5, 'D': 4, 'B': 3, 'C': 3}","[0.58, 1.0, 1.0]",4.0
95,"[2, 3, 4]","[3, 4, 4]","[0.46, 0.79, 0.88]","[['D', 'A', 'B', 'C'], ['D', 'A', 'B', 'C'], ['C', 'A', 'D', 'B']]","{'A': 5, 'D': 5, 'C': 3, 'B': 2}","[0.58, 1.0, 1.0]",4.25
95,"[2, 3, 4]","[3, 4, 4]","[0.46, 0.79, 0.88]","[['D', 'A', 'B', 'C'], ['D', 'A', 'B', 'C'], ['C', 'B', 'A', 'D']]","{'A': 5, 'D': 4, 'B': 3, 'C': 3}","[0.58, 1.0, 1.0]",4.0
95,"[2, 3, 4]","[3, 4, 4]","[0.46, 0.79, 0.88]","[['D', 'A', 'B', 'C'], ['D', 'A', 'B', 'C'], ['C', 'D', 'A', 'B']]","{'A': 5, 'D': 5, 'C': 3, 'B': 2}","[0.58, 1.0, 1.0]",4.25
95,"[2, 3, 4]","[3, 4, 4]","[0.46, 0.79, 0.88]","[['D', 'A', 'B', 'C'], ['D', 'A', 'B', 'C'], ['D', 'A', 'B', 'C']]","{'A': 5, 'D': 5, 'B': 3, 'C': 2}","[0.58, 1.0, 1.0]",4.0
95,"[2, 3, 4]","[3, 4, 4]","[0.46, 0.79, 0.88]","[['D', 'A', 'B', 'C'], ['D', 'A', 'B', 'C'], ['D', 'A', 'C', 'B']]","{'A': 5, 'D': 5, 'C': 3, 'B': 2}","[0.58, 1.0, 1.0]",4.25
95,"[2, 3, 4]","[3, 4, 4]","[0.46, 0.79, 0.88]","[['D', 'A', 'B', 'C'], ['D', 'A', 'B', 'C'], ['D', 'B', 'A', 'C']]","{'A': 5, 'D': 5, 'B': 3, 'C': 2}","[0.58, 1.0, 1.0]",4.0
95,"[2, 3, 4]","[3, 4, 4]","[0.46, 0.79, 0.88]","[['D', 'A', 'B', 'C'], ['D', 'A', 'B', 'C'], ['D', 'C', 'A', 'B']]","{'A': 5, 'D': 5, 'C': 3, 'B': 2}","[0.58, 1.0, 1.0]",4.25
95,"[2, 3, 4]","[3, 4, 4]","[0.46, 0.79, 0.88]","[['D', 'A', 'B', 'C'], ['D', 'A', 'C', 'B'], ['A', 'B', 'D', 'C']]","{'A': 5, 'D': 5, 'C': 3, 'B': 2}","[0.58, 1.0, 1.0]",4.25
95,"[2, 3, 4]","[3, 4, 4]","[0.46, 0.79, 0.88]","[['D', 'A', 'B', 'C'], ['D', 'A', 'C', 'B'], ['A', 'C', 'D', 'B']]","{'A': 5, 'D': 5, 'C': 4, 'B': 1}","[0.58, 1.0, 1.0]",4.25
95,"[2, 3, 4]","[3, 4, 4]","[0.46, 0.79, 0.88]","[['D', 'A', 'B', 'C'], ['D', 'A', 'C', 'B'], ['A', 'D', 'B', 'C']]","{'A': 5, 'D': 5, 'C': 3, 'B': 2}","[0.58, 1.0, 1.0]",4.25
95,"[2, 3, 4]","[3, 4, 4]","[0.46, 0.79, 0.88]","[['D', 'A', 'B', 'C'], ['D', 'A', 'C', 'B'], ['A', 'D', 'C', 'B']]","{'A': 5, 'D': 5, 'C': 4, 'B': 1}","[0.58, 1.0, 1.0]",4.25
95,"[2, 3, 4]","[3, 4, 4]","[0.46, 0.79, 0.88]","[['D', 'A', 'B', 'C'], ['D', 'A', 'C', 'B'], ['B', 'A', 'D', 'C']]","{'A': 5, 'D': 5, 'C': 3, 'B': 2}","[0.58, 1.0, 1.0]",4.25
95,"[2, 3, 4]","[3, 4, 4]","[0.46, 0.79, 0.88]","[['D', 'A', 'B', 'C'], ['D', 'A', 'C', 'B'], ['B', 'D', 'A', 'C']]","{'A': 5, 'D': 5, 'C': 3, 'B': 2}","[0.58, 1.0, 1.0]",4.25
95,"[2, 3, 4]","[3, 4, 4]","[0.46, 0.79, 0.88]","[['D', 'A', 'B', 'C'], ['D', 'A', 'C', 'B'], ['C', 'A', 'D', 'B']]","{'A': 5, 'D': 5, 'C': 4, 'B': 1}","[0.58, 1.0, 1.0]",4.25
95,"[2, 3, 4]","[3, 4, 4]","[0.46, 0.79, 0.88]","[['D', 'A', 'B', 'C'], ['D', 'A', 'C', 'B'], ['C', 'D', 'A', 'B']]","{'A': 5, 'D': 5, 'C': 4, 'B': 1}","[0.58, 1.0, 1.0]",4.25
95,"[2, 3, 4]","[3, 4, 4]","[0.46, 0.79, 0.88]","[['D', 'A', 'B', 'C'], ['D', 'A', 'C', 'B'], ['D', 'A', 'B', 'C']]","{'A': 5, 'D': 5, 'C': 3, 'B': 2}","[0.58, 1.0, 1.0]",4.25
95,"[2, 3, 4]","[3, 4, 4]","[0.46, 0.79, 0.88]","[['D', 'A', 'B', 'C'], ['D', 'A', 'C', 'B'], ['D', 'A', 'C', 'B']]","{'A': 5, 'D': 5, 'C': 4, 'B': 1}","[0.58, 1.0, 1.0]",4.25
95,"[2, 3, 4]","[3, 4, 4]","[0.46, 0.79, 0.88]","[['D', 'A', 'B', 'C'], ['D', 'A', 'C', 'B'], ['D', 'B', 'A', 'C']]","{'A': 5, 'D': 5, 'C': 3, 'B': 2}","[0.58, 1.0, 1.0]",4.25
95,"[2, 3, 4]","[3, 4, 4]","[0.46, 0.79, 0.88]","[['D', 'A', 'B', 'C'], ['D', 'A', 'C', 'B'], ['D', 'C', 'A', 'B']]","{'A': 5, 'D': 5, 'C': 4, 'B': 1}","[0.58, 1.0, 1.0]",4.25
95,"[2, 3, 4]","[3, 4, 4]","[0.46, 0.79, 0.88]","[['D', 'A', 'B', 'C'], ['D', 'B', 'A', 'C'], ['A', 'B', 'C', 'D']]","{'A': 5, 'D': 4, 'B': 3, 'C': 3}","[0.58, 1.0, 1.0]",4.0
95,"[2, 3, 4]","[3, 4, 4]","[0.46, 0.79, 0.88]","[['D', 'A', 'B', 'C'], ['D', 'B', 'A', 'C'], ['A', 'B', 'D', 'C']]","{'A': 5, 'D': 5, 'B': 3, 'C': 2}","[0.58, 1.0, 1.0]",4.0
95,"[2, 3, 4]","[3, 4, 4]","[0.46, 0.79, 0.88]","[['D', 'A', 'B', 'C'], ['D', 'B', 'A', 'C'], ['A', 'C', 'B', 'D']]","{'A': 5, 'D': 4, 'B': 3, 'C': 3}","[0.58, 1.0, 1.0]",4.0
95,"[2, 3, 4]","[3, 4, 4]","[0.46, 0.79, 0.88]","[['D', 'A', 'B', 'C'], ['D', 'B', 'A', 'C'], ['A', 'C', 'D', 'B']]","{'A': 5, 'D': 5, 'C': 3, 'B': 2}","[0.58, 1.0, 1.0]",4.25
95,"[2, 3, 4]","[3, 4, 4]","[0.46, 0.79, 0.88]","[['D', 'A', 'B', 'C'], ['D', 'B', 'A', 'C'], ['A', 'D', 'B', 'C']]","{'A': 5, 'D': 5, 'B': 3, 'C': 2}","[0.58, 1.0, 1.0]",4.0
95,"[2, 3, 4]","[3, 4, 4]","[0.46, 0.79, 0.88]","[['D', 'A', 'B', 'C'], ['D', 'B', 'A', 'C'], ['A', 'D', 'C', 'B']]","{'A': 5, 'D': 5, 'C': 3, 'B': 2}","[0.58, 1.0, 1.0]",4.25
95,"[2, 3, 4]","[3, 4, 4]","[0.46, 0.79, 0.88]","[['D', 'A', 'B', 'C'], ['D', 'B', 'A', 'C'], ['B', 'A', 'C', 'D']]","{'A': 5, 'D': 4, 'B': 3, 'C': 3}","[0.58, 1.0, 1.0]",4.0
95,"[2, 3, 4]","[3, 4, 4]","[0.46, 0.79, 0.88]","[['D', 'A', 'B', 'C'], ['D', 'B', 'A', 'C'], ['B', 'A', 'D', 'C']]","{'A': 5, 'D': 5, 'B': 3, 'C': 2}","[0.58, 1.0, 1.0]",4.0
95,"[2, 3, 4]","[3, 4, 4]","[0.46, 0.79, 0.88]","[['D', 'A', 'B', 'C'], ['D', 'B', 'A', 'C'], ['B', 'C', 'A', 'D']]","{'A': 5, 'D': 4, 'B': 3, 'C': 3}","[0.58, 1.0, 1.0]",4.0
95,"[2, 3, 4]","[3, 4, 4]","[0.46, 0.79, 0.88]","[['D', 'A', 'B', 'C'], ['D', 'B', 'A', 'C'], ['B', 'D', 'A', 'C']]","{'A': 5, 'D': 5, 'B': 3, 'C': 2}","[0.58, 1.0, 1.0]",4.0
95,"[2, 3, 4]","[3, 4, 4]","[0.46, 0.79, 0.88]","[['D', 'A', 'B', 'C'], ['D', 'B', 'A', 'C'], ['C', 'A', 'B', 'D']]","{'A': 5, 'D': 4, 'B': 3, 'C': 3}","[0.58, 1.0, 1.0]",4.0
95,"[2, 3, 4]","[3, 4, 4]","[0.46, 0.79, 0.88]","[['D', 'A', 'B', 'C'], ['D', 'B', 'A', 'C'], ['C', 'A', 'D', 'B']]","{'A': 5, 'D': 5, 'C': 3, 'B': 2}","[0.58, 1.0, 1.0]",4.25
95,"[2, 3, 4]","[3, 4, 4]","[0.46, 0.79, 0.88]","[['D', 'A', 'B', 'C'], ['D', 'B', 'A', 'C'], ['C', 'B', 'A', 'D']]","{'A': 5, 'D': 4, 'B': 3, 'C': 3}","[0.58, 1.0, 1.0]",4.0
95,"[2, 3, 4]","[3, 4, 4]","[0.46, 0.79, 0.88]","[['D', 'A', 'B', 'C'], ['D', 'B', 'A', 'C'], ['C', 'D', 'A', 'B']]","{'A': 5, 'D': 5, 'C': 3, 'B': 2}","[0.58, 1.0, 1.0]",4.25
95,"[2, 3, 4]","[3, 4, 4]","[0.46, 0.79, 0.88]","[['D', 'A', 'B', 'C'], ['D', 'B', 'A', 'C'], ['D', 'A', 'B', 'C']]","{'A': 5, 'D': 5, 'B': 3, 'C': 2}","[0.58, 1.0, 1.0]",4.0
95,"[2, 3, 4]","[3, 4, 4]","[0.46, 0.79, 0.88]","[['D', 'A', 'B', 'C'], ['D', 'B', 'A', 'C'], ['D', 'A', 'C', 'B']]","{'A': 5, 'D': 5, 'C': 3, 'B': 2}","[0.58, 1.0, 1.0]",4.25
95,"[2, 3, 4]","[3, 4, 4]","[0.46, 0.79, 0.88]","[['D', 'A', 'B', 'C'], ['D', 'B', 'A', 'C'], ['D', 'B', 'A', 'C']]","{'A': 5, 'D': 5, 'B': 3, 'C': 2}","[0.58, 1.0, 1.0]",4.0
95,"[2, 3, 4]","[3, 4, 4]","[0.46, 0.79, 0.88]","[['D', 'A', 'B', 'C'], ['D', 'B', 'A', 'C'], ['D', 'C', 'A', 'B']]","{'A': 5, 'D': 5, 'C': 3, 'B': 2}","[0.58, 1.0, 1.0]",4.25
95,"[2, 3, 4]","[3, 4, 4]","[0.46, 0.79, 0.88]","[['D', 'A', 'B', 'C'], ['D', 'C', 'A', 'B'], ['A', 'B', 'D', 'C']]","{'A': 5, 'D': 5, 'C': 3, 'B': 2}","[0.58, 1.0, 1.0]",4.25
95,"[2, 3, 4]","[3, 4, 4]","[0.46, 0.79, 0.88]","[['D', 'A', 'B', 'C'], ['D', 'C', 'A', 'B'], ['A', 'C', 'D', 'B']]","{'A': 5, 'D': 5, 'C': 4, 'B': 1}","[0.58, 1.0, 1.0]",4.25
95,"[2, 3, 4]","[3, 4, 4]","[0.46, 0.79, 0.88]","[['D', 'A', 'B', 'C'], ['D', 'C', 'A', 'B'], ['A', 'D', 'B', 'C']]","{'A': 5, 'D': 5, 'C': 3, 'B': 2}","[0.58, 1.0, 1.0]",4.25
95,"[2, 3, 4]","[3, 4, 4]","[0.46, 0.79, 0.88]","[['D', 'A', 'B', 'C'], ['D', 'C', 'A', 'B'], ['A', 'D', 'C', 'B']]","{'A': 5, 'D': 5, 'C': 4, 'B': 1}","[0.58, 1.0, 1.0]",4.25
95,"[2, 3, 4]","[3, 4, 4]","[0.46, 0.79, 0.88]","[['D', 'A', 'B', 'C'], ['D', 'C', 'A', 'B'], ['B', 'A', 'D', 'C']]","{'A': 5, 'D': 5, 'C': 3, 'B': 2}","[0.58, 1.0, 1.0]",4.25
95,"[2, 3, 4]","[3, 4, 4]","[0.46, 0.79, 0.88]","[['D', 'A', 'B', 'C'], ['D', 'C', 'A', 'B'], ['B', 'D', 'A', 'C']]","{'A': 5, 'D': 5, 'C': 3, 'B': 2}","[0.58, 1.0, 1.0]",4.25
95,"[2, 3, 4]","[3, 4, 4]","[0.46, 0.79, 0.88]","[['D', 'A', 'B', 'C'], ['D', 'C', 'A', 'B'], ['C', 'A', 'D', 'B']]","{'A': 5, 'D': 5, 'C': 4, 'B': 1}","[0.58, 1.0, 1.0]",4.25
95,"[2, 3, 4]","[3, 4, 4]","[0.46, 0.79, 0.88]","[['D', 'A', 'B', 'C'], ['D', 'C', 'A', 'B'], ['C', 'D', 'A', 'B']]","{'A': 5, 'D': 5, 'C': 4, 'B': 1}","[0.58, 1.0, 1.0]",4.25
95,"[2, 3, 4]","[3, 4, 4]","[0.46, 0.79, 0.88]","[['D', 'A', 'B', 'C'], ['D', 'C', 'A', 'B'], ['D', 'A', 'B', 'C']]","{'A': 5, 'D': 5, 'C': 3, 'B': 2}","[0.58, 1.0, 1.0]",4.25
95,"[2, 3, 4]","[3, 4, 4]","[0.46, 0.79, 0.88]","[['D', 'A', 'B', 'C'], ['D', 'C', 'A', 'B'], ['D', 'A', 'C', 'B']]","{'A': 5, 'D': 5, 'C': 4, 'B': 1}","[0.58, 1.0, 1.0]",4.25
95,"[2, 3, 4]","[3, 4, 4]","[0.46, 0.79, 0.88]","[['D', 'A', 'B', 'C'], ['D', 'C', 'A', 'B'], ['D', 'B', 'A', 'C']]","{'A': 5, 'D': 5, 'C': 3, 'B': 2}","[0.58, 1.0, 1.0]",4.25
95,"[2, 3, 4]","[3, 4, 4]","[0.46, 0.79, 0.88]","[['D', 'A', 'B', 'C'], ['D', 'C', 'A', 'B'], ['D', 'C', 'A', 'B']]","{'A': 5, 'D': 5, 'C': 4, 'B': 1}","[0.58, 1.0, 1.0]",4.25
95,"[2, 3, 4]","[3, 4, 4]","[0.46, 0.79, 0.88]","[['D', 'A', 'C', 'B'], ['A', 'B', 'D', 'C'], ['A', 'B', 'D', 'C']]","{'A': 5, 'D': 5, 'C': 3, 'B': 2}","[0.58, 1.0, 1.0]",4.25
95,"[2, 3, 4]","[3, 4, 4]","[0.46, 0.79, 0.88]","[['D', 'A', 'C', 'B'], ['A', 'B', 'D', 'C'], ['A', 'C', 'D', 'B']]","{'A': 5, 'D': 5, 'C': 4, 'B': 1}","[0.58, 1.0, 1.0]",4.25
95,"[2, 3, 4]","[3, 4, 4]","[0.46, 0.79, 0.88]","[['D', 'A', 'C', 'B'], ['A', 'B', 'D', 'C'], ['A', 'D', 'B', 'C']]","{'A': 5, 'D': 5, 'C': 3, 'B': 2}","[0.58, 1.0, 1.0]",4.25
95,"[2, 3, 4]","[3, 4, 4]","[0.46, 0.79, 0.88]","[['D', 'A', 'C', 'B'], ['A', 'B', 'D', 'C'], ['A', 'D', 'C', 'B']]","{'A': 5, 'D': 5, 'C': 4, 'B': 1}","[0.58, 1.0, 1.0]",4.25
95,"[2, 3, 4]","[3, 4, 4]","[0.46, 0.79, 0.88]","[['D', 'A', 'C', 'B'], ['A', 'B', 'D', 'C'], ['B', 'A', 'D', 'C']]","{'A': 5, 'D': 5, 'C': 3, 'B': 2}","[0.58, 1.0, 1.0]",4.25
95,"[2, 3, 4]","[3, 4, 4]","[0.46, 0.79, 0.88]","[['D', 'A', 'C', 'B'], ['A', 'B', 'D', 'C'], ['B', 'D', 'A', 'C']]","{'A': 5, 'D': 5, 'C': 3, 'B': 2}","[0.58, 1.0, 1.0]",4.25
95,"[2, 3, 4]","[3, 4, 4]","[0.46, 0.79, 0.88]","[['D', 'A', 'C', 'B'], ['A', 'B', 'D', 'C'], ['C', 'A', 'D', 'B']]","{'A': 5, 'D': 5, 'C': 4, 'B': 1}","[0.58, 1.0, 1.0]",4.25
95,"[2, 3, 4]","[3, 4, 4]","[0.46, 0.79, 0.88]","[['D', 'A', 'C', 'B'], ['A', 'B', 'D', 'C'], ['C', 'D', 'A', 'B']]","{'A': 5, 'D': 5, 'C': 4, 'B': 1}","[0.58, 1.0, 1.0]",4.25
95,"[2, 3, 4]","[3, 4, 4]","[0.46, 0.79, 0.88]","[['D', 'A', 'C', 'B'], ['A', 'B', 'D', 'C'], ['D', 'A', 'B', 'C']]","{'A': 5, 'D': 5, 'C': 3, 'B': 2}","[0.58, 1.0, 1.0]",4.25
95,"[2, 3, 4]","[3, 4, 4]","[0.46, 0.79, 0.88]","[['D', 'A', 'C', 'B'], ['A', 'B', 'D', 'C'], ['D', 'A', 'C', 'B']]","{'A': 5, 'D': 5, 'C': 4, 'B': 1}","[0.58, 1.0, 1.0]",4.25
95,"[2, 3, 4]","[3, 4, 4]","[0.46, 0.79, 0.88]","[['D', 'A', 'C', 'B'], ['A', 'B', 'D', 'C'], ['D', 'B', 'A', 'C']]","{'A': 5, 'D': 5, 'C': 3, 'B': 2}","[0.58, 1.0, 1.0]",4.25
95,"[2, 3, 4]","[3, 4, 4]","[0.46, 0.79, 0.88]","[['D', 'A', 'C', 'B'], ['A', 'B', 'D', 'C'], ['D', 'C', 'A', 'B']]","{'A': 5, 'D': 5, 'C': 4, 'B': 1}","[0.58, 1.0, 1.0]",4.25
95,"[2, 3, 4]","[3, 4, 4]","[0.46, 0.79, 0.88]","[['D', 'A', 'C', 'B'], ['A', 'C', 'D', 'B'], ['A', 'B', 'D', 'C']]","{'A': 5, 'D': 5, 'C': 4, 'B': 1}","[0.58, 1.0, 1.0]",4.25
95,"[2, 3, 4]","[3, 4, 4]","[0.46, 0.79, 0.88]","[['D', 'A', 'C', 'B'], ['A', 'C', 'D', 'B'], ['A', 'D', 'B', 'C']]","{'A': 5, 'D': 5, 'C': 4, 'B': 1}","[0.58, 1.0, 1.0]",4.25
95,"[2, 3, 4]","[3, 4, 4]","[0.46, 0.79, 0.88]","[['D', 'A', 'C', 'B'], ['A', 'C', 'D', 'B'], ['B', 'A', 'D', 'C']]","{'A': 5, 'D': 5, 'C': 4, 'B': 1}","[0.58, 1.0, 1.0]",4.25
95,"[2, 3, 4]","[3, 4, 4]","[0.46, 0.79, 0.88]","[['D', 'A', 'C', 'B'], ['A', 'C', 'D', 'B'], ['B', 'D', 'A', 'C']]","{'A': 5, 'D': 5, 'C': 4, 'B': 1}","[0.58, 1.0, 1.0]",4.25
95,"[2, 3, 4]","[3, 4, 4]","[0.46, 0.79, 0.88]","[['D', 'A', 'C', 'B'], ['A', 'C', 'D', 'B'], ['D', 'A', 'B', 'C']]","{'A': 5, 'D': 5, 'C': 4, 'B': 1}","[0.58, 1.0, 1.0]",4.25
95,"[2, 3, 4]","[3, 4, 4]","[0.46, 0.79, 0.88]","[['D', 'A', 'C', 'B'], ['A', 'C', 'D', 'B'], ['D', 'B', 'A', 'C']]","{'A': 5, 'D': 5, 'C': 4, 'B': 1}","[0.58, 1.0, 1.0]",4.25
95,"[2, 3, 4]","[3, 4, 4]","[0.46, 0.79, 0.88]","[['D', 'A', 'C', 'B'], ['A', 'D', 'B', 'C'], ['A', 'B', 'D', 'C']]","{'A': 5, 'D': 5, 'C': 3, 'B': 2}","[0.58, 1.0, 1.0]",4.25
95,"[2, 3, 4]","[3, 4, 4]","[0.46, 0.79, 0.88]","[['D', 'A', 'C', 'B'], ['A', 'D', 'B', 'C'], ['A', 'C', 'D', 'B']]","{'A': 5, 'D': 5, 'C': 4, 'B': 1}","[0.58, 1.0, 1.0]",4.25
95,"[2, 3, 4]","[3, 4, 4]","[0.46, 0.79, 0.88]","[['D', 'A', 'C', 'B'], ['A', 'D', 'B', 'C'], ['A', 'D', 'B', 'C']]","{'A': 5, 'D': 5, 'C': 3, 'B': 2}","[0.58, 1.0, 1.0]",4.25
95,"[2, 3, 4]","[3, 4, 4]","[0.46, 0.79, 0.88]","[['D', 'A', 'C', 'B'], ['A', 'D', 'B', 'C'], ['A', 'D', 'C', 'B']]","{'A': 5, 'D': 5, 'C': 4, 'B': 1}","[0.58, 1.0, 1.0]",4.25
95,"[2, 3, 4]","[3, 4, 4]","[0.46, 0.79, 0.88]","[['D', 'A', 'C', 'B'], ['A', 'D', 'B', 'C'], ['B', 'A', 'D', 'C']]","{'A': 5, 'D': 5, 'C': 3, 'B': 2}","[0.58, 1.0, 1.0]",4.25
95,"[2, 3, 4]","[3, 4, 4]","[0.46, 0.79, 0.88]","[['D', 'A', 'C', 'B'], ['A', 'D', 'B', 'C'], ['B', 'D', 'A', 'C']]","{'A': 5, 'D': 5, 'C': 3, 'B': 2}","[0.58, 1.0, 1.0]",4.25
95,"[2, 3, 4]","[3, 4, 4]","[0.46, 0.79, 0.88]","[['D', 'A', 'C', 'B'], ['A', 'D', 'B', 'C'], ['C', 'A', 'D', 'B']]","{'A': 5, 'D': 5, 'C': 4, 'B': 1}","[0.58, 1.0, 1.0]",4.25
95,"[2, 3, 4]","[3, 4, 4]","[0.46, 0.79, 0.88]","[['D', 'A', 'C', 'B'], ['A', 'D', 'B', 'C'], ['C', 'D', 'A', 'B']]","{'A': 5, 'D': 5, 'C': 4, 'B': 1}","[0.58, 1.0, 1.0]",4.25
95,"[2, 3, 4]","[3, 4, 4]","[0.46, 0.79, 0.88]","[['D', 'A', 'C', 'B'], ['A', 'D', 'B', 'C'], ['D', 'A', 'B', 'C']]","{'A': 5, 'D': 5, 'C': 3, 'B': 2}","[0.58, 1.0, 1.0]",4.25
95,"[2, 3, 4]","[3, 4, 4]","[0.46, 0.79, 0.88]","[['D', 'A', 'C', 'B'], ['A', 'D', 'B', 'C'], ['D', 'A', 'C', 'B']]","{'A': 5, 'D': 5, 'C': 4, 'B': 1}","[0.58, 1.0, 1.0]",4.25
95,"[2, 3, 4]","[3, 4, 4]","[0.46, 0.79, 0.88]","[['D', 'A', 'C', 'B'], ['A', 'D', 'B', 'C'], ['D', 'B', 'A', 'C']]","{'A': 5, 'D': 5, 'C': 3, 'B': 2}","[0.58, 1.0, 1.0]",4.25
95,"[2, 3, 4]","[3, 4, 4]","[0.46, 0.79, 0.88]","[['D', 'A', 'C', 'B'], ['A', 'D', 'B', 'C'], ['D', 'C', 'A', 'B']]","{'A': 5, 'D': 5, 'C': 4, 'B': 1}","[0.58, 1.0, 1.0]",4.25
95,"[2, 3, 4]","[3, 4, 4]","[0.46, 0.79, 0.88]","[['D', 'A', 'C', 'B'], ['A', 'D', 'C', 'B'], ['A', 'B', 'D', 'C']]","{'A': 5, 'D': 5, 'C': 4, 'B': 1}","[0.58, 1.0, 1.0]",4.25
95,"[2, 3, 4]","[3, 4, 4]","[0.46, 0.79, 0.88]","[['D', 'A', 'C', 'B'], ['A', 'D', 'C', 'B'], ['A', 'D', 'B', 'C']]","{'A': 5, 'D': 5, 'C': 4, 'B': 1}","[0.58, 1.0, 1.0]",4.25
95,"[2, 3, 4]","[3, 4, 4]","[0.46, 0.79, 0.88]","[['D', 'A', 'C', 'B'], ['A', 'D', 'C', 'B'], ['B', 'A', 'D', 'C']]","{'A': 5, 'D': 5, 'C': 4, 'B': 1}","[0.58, 1.0, 1.0]",4.25
95,"[2, 3, 4]","[3, 4, 4]","[0.46, 0.79, 0.88]","[['D', 'A', 'C', 'B'], ['A', 'D', 'C', 'B'], ['B', 'D', 'A', 'C']]","{'A': 5, 'D': 5, 'C': 4, 'B': 1}","[0.58, 1.0, 1.0]",4.25
95,"[2, 3, 4]","[3, 4, 4]","[0.46, 0.79, 0.88]","[['D', 'A', 'C', 'B'], ['A', 'D', 'C', 'B'], ['D', 'A', 'B', 'C']]","{'A': 5, 'D': 5, 'C': 4, 'B': 1}","[0.58, 1.0, 1.0]",4.25
95,"[2, 3, 4]","[3, 4, 4]","[0.46, 0.79, 0.88]","[['D', 'A', 'C', 'B'], ['A', 'D', 'C', 'B'], ['D', 'B', 'A', 'C']]","{'A': 5, 'D': 5, 'C': 4, 'B': 1}","[0.58, 1.0, 1.0]",4.25
95,"[2, 3, 4]","[3, 4, 4]","[0.46, 0.79, 0.88]","[['D', 'A', 'C', 'B'], ['B', 'A', 'D', 'C'], ['A', 'B', 'D', 'C']]","{'A': 5, 'D': 5, 'C': 3, 'B': 2}","[0.58, 1.0, 1.0]",4.25
95,"[2, 3, 4]","[3, 4, 4]","[0.46, 0.79, 0.88]","[['D', 'A', 'C', 'B'], ['B', 'A', 'D', 'C'], ['A', 'C', 'D', 'B']]","{'A': 5, 'D': 5, 'C': 4, 'B': 1}","[0.58, 1.0, 1.0]",4.25
95,"[2, 3, 4]","[3, 4, 4]","[0.46, 0.79, 0.88]","[['D', 'A', 'C', 'B'], ['B', 'A', 'D', 'C'], ['A', 'D', 'B', 'C']]","{'A': 5, 'D': 5, 'C': 3, 'B': 2}","[0.58, 1.0, 1.0]",4.25
95,"[2, 3, 4]","[3, 4, 4]","[0.46, 0.79, 0.88]","[['D', 'A', 'C', 'B'], ['B', 'A', 'D', 'C'], ['A', 'D', 'C', 'B']]","{'A': 5, 'D': 5, 'C': 4, 'B': 1}","[0.58, 1.0, 1.0]",4.25
95,"[2, 3, 4]","[3, 4, 4]","[0.46, 0.79, 0.88]","[['D', 'A', 'C', 'B'], ['B', 'A', 'D', 'C'], ['B', 'A', 'D', 'C']]","{'A': 5, 'D': 5, 'C': 3, 'B': 2}","[0.58, 1.0, 1.0]",4.25
95,"[2, 3, 4]","[3, 4, 4]","[0.46, 0.79, 0.88]","[['D', 'A', 'C', 'B'], ['B', 'A', 'D', 'C'], ['B', 'D', 'A', 'C']]","{'A': 5, 'D': 5, 'C': 3, 'B': 2}","[0.58, 1.0, 1.0]",4.25
95,"[2, 3, 4]","[3, 4, 4]","[0.46, 0.79, 0.88]","[['D', 'A', 'C', 'B'], ['B', 'A', 'D', 'C'], ['C', 'A', 'D', 'B']]","{'A': 5, 'D': 5, 'C': 4, 'B': 1}","[0.58, 1.0, 1.0]",4.25
95,"[2, 3, 4]","[3, 4, 4]","[0.46, 0.79, 0.88]","[['D', 'A', 'C', 'B'], ['B', 'A', 'D', 'C'], ['C', 'D', 'A', 'B']]","{'A': 5, 'D': 5, 'C': 4, 'B': 1}","[0.58, 1.0, 1.0]",4.25
95,"[2, 3, 4]","[3, 4, 4]","[0.46, 0.79, 0.88]","[['D', 'A', 'C', 'B'], ['B', 'A', 'D', 'C'], ['D', 'A', 'B', 'C']]","{'A': 5, 'D': 5, 'C': 3, 'B': 2}","[0.58, 1.0, 1.0]",4.25
95,"[2, 3, 4]","[3, 4, 4]","[0.46, 0.79, 0.88]","[['D', 'A', 'C', 'B'], ['B', 'A', 'D', 'C'], ['D', 'A', 'C', 'B']]","{'A': 5, 'D': 5, 'C': 4, 'B': 1}","[0.58, 1.0, 1.0]",4.25
95,"[2, 3, 4]","[3, 4, 4]","[0.46, 0.79, 0.88]","[['D', 'A', 'C', 'B'], ['B', 'A', 'D', 'C'], ['D', 'B', 'A', 'C']]","{'A': 5, 'D': 5, 'C': 3, 'B': 2}","[0.58, 1.0, 1.0]",4.25
95,"[2, 3, 4]","[3, 4, 4]","[0.46, 0.79, 0.88]","[['D', 'A', 'C', 'B'], ['B', 'A', 'D', 'C'], ['D', 'C', 'A', 'B']]","{'A': 5, 'D': 5, 'C': 4, 'B': 1}","[0.58, 1.0, 1.0]",4.25
95,"[2, 3, 4]","[3, 4, 4]","[0.46, 0.79, 0.88]","[['D', 'A', 'C', 'B'], ['B', 'D', 'A', 'C'], ['A', 'B', 'D', 'C']]","{'A': 5, 'D': 5, 'C': 3, 'B': 2}","[0.58, 1.0, 1.0]",4.25
95,"[2, 3, 4]","[3, 4, 4]","[0.46, 0.79, 0.88]","[['D', 'A', 'C', 'B'], ['B', 'D', 'A', 'C'], ['A', 'C', 'D', 'B']]","{'A': 5, 'D': 5, 'C': 4, 'B': 1}","[0.58, 1.0, 1.0]",4.25
95,"[2, 3, 4]","[3, 4, 4]","[0.46, 0.79, 0.88]","[['D', 'A', 'C', 'B'], ['B', 'D', 'A', 'C'], ['A', 'D', 'B', 'C']]","{'A': 5, 'D': 5, 'C': 3, 'B': 2}","[0.58, 1.0, 1.0]",4.25
95,"[2, 3, 4]","[3, 4, 4]","[0.46, 0.79, 0.88]","[['D', 'A', 'C', 'B'], ['B', 'D', 'A', 'C'], ['A', 'D', 'C', 'B']]","{'A': 5, 'D': 5, 'C': 4, 'B': 1}","[0.58, 1.0, 1.0]",4.25
95,"[2, 3, 4]","[3, 4, 4]","[0.46, 0.79, 0.88]","[['D', 'A', 'C', 'B'], ['B', 'D', 'A', 'C'], ['B', 'A', 'D', 'C']]","{'A': 5, 'D': 5, 'C': 3, 'B': 2}","[0.58, 1.0, 1.0]",4.25
95,"[2, 3, 4]","[3, 4, 4]","[0.46, 0.79, 0.88]","[['D', 'A', 'C', 'B'], ['B', 'D', 'A', 'C'], ['B', 'D', 'A', 'C']]","{'A': 5, 'D': 5, 'C': 3, 'B': 2}","[0.58, 1.0, 1.0]",4.25
95,"[2, 3, 4]","[3, 4, 4]","[0.46, 0.79, 0.88]","[['D', 'A', 'C', 'B'], ['B', 'D', 'A', 'C'], ['C', 'A', 'D', 'B']]","{'A': 5, 'D': 5, 'C': 4, 'B': 1}","[0.58, 1.0, 1.0]",4.25
95,"[2, 3, 4]","[3, 4, 4]","[0.46, 0.79, 0.88]","[['D', 'A', 'C', 'B'], ['B', 'D', 'A', 'C'], ['C', 'D', 'A', 'B']]","{'A': 5, 'D': 5, 'C': 4, 'B': 1}","[0.58, 1.0, 1.0]",4.25
95,"[2, 3, 4]","[3, 4, 4]","[0.46, 0.79, 0.88]","[['D', 'A', 'C', 'B'], ['B', 'D', 'A', 'C'], ['D', 'A', 'B', 'C']]","{'A': 5, 'D': 5, 'C': 3, 'B': 2}","[0.58, 1.0, 1.0]",4.25
95,"[2, 3, 4]","[3, 4, 4]","[0.46, 0.79, 0.88]","[['D', 'A', 'C', 'B'], ['B', 'D', 'A', 'C'], ['D', 'A', 'C', 'B']]","{'A': 5, 'D': 5, 'C': 4, 'B': 1}","[0.58, 1.0, 1.0]",4.25
95,"[2, 3, 4]","[3, 4, 4]","[0.46, 0.79, 0.88]","[['D', 'A', 'C', 'B'], ['B', 'D', 'A', 'C'], ['D', 'B', 'A', 'C']]","{'A': 5, 'D': 5, 'C': 3, 'B': 2}","[0.58, 1.0, 1.0]",4.25
95,"[2, 3, 4]","[3, 4, 4]","[0.46, 0.79, 0.88]","[['D', 'A', 'C', 'B'], ['B', 'D', 'A', 'C'], ['D', 'C', 'A', 'B']]","{'A': 5, 'D': 5, 'C': 4, 'B': 1}","[0.58, 1.0, 1.0]",4.25
95,"[2, 3, 4]","[3, 4, 4]","[0.46, 0.79, 0.88]","[['D', 'A', 'C', 'B'], ['C', 'A', 'D', 'B'], ['A', 'B', 'D', 'C']]","{'A': 5, 'D': 5, 'C': 4, 'B': 1}","[0.58, 1.0, 1.0]",4.25
95,"[2, 3, 4]","[3, 4, 4]","[0.46, 0.79, 0.88]","[['D', 'A', 'C', 'B'], ['C', 'A', 'D', 'B'], ['A', 'D', 'B', 'C']]","{'A': 5, 'D': 5, 'C': 4, 'B': 1}","[0.58, 1.0, 1.0]",4.25
95,"[2, 3, 4]","[3, 4, 4]","[0.46, 0.79, 0.88]","[['D', 'A', 'C', 'B'], ['C', 'A', 'D', 'B'], ['B', 'A', 'D', 'C']]","{'A': 5, 'D': 5, 'C': 4, 'B': 1}","[0.58, 1.0, 1.0]",4.25
95,"[2, 3, 4]","[3, 4, 4]","[0.46, 0.79, 0.88]","[['D', 'A', 'C', 'B'], ['C', 'A', 'D', 'B'], ['B', 'D', 'A', 'C']]","{'A': 5, 'D': 5, 'C': 4, 'B': 1}","[0.58, 1.0, 1.0]",4.25
95,"[2, 3, 4]","[3, 4, 4]","[0.46, 0.79, 0.88]","[['D', 'A', 'C', 'B'], ['C', 'A', 'D', 'B'], ['D', 'A', 'B', 'C']]","{'A': 5, 'D': 5, 'C': 4, 'B': 1}","[0.58, 1.0, 1.0]",4.25
95,"[2, 3, 4]","[3, 4, 4]","[0.46, 0.79, 0.88]","[['D', 'A', 'C', 'B'], ['C', 'A', 'D', 'B'], ['D', 'B', 'A', 'C']]","{'A': 5, 'D': 5, 'C': 4, 'B': 1}","[0.58, 1.0, 1.0]",4.25
95,"[2, 3, 4]","[3, 4, 4]","[0.46, 0.79, 0.88]","[['D', 'A', 'C', 'B'], ['C', 'D', 'A', 'B'], ['A', 'B', 'D', 'C']]","{'A': 5, 'D': 5, 'C': 4, 'B': 1}","[0.58, 1.0, 1.0]",4.25
95,"[2, 3, 4]","[3, 4, 4]","[0.46, 0.79, 0.88]","[['D', 'A', 'C', 'B'], ['C', 'D', 'A', 'B'], ['A', 'D', 'B', 'C']]","{'A': 5, 'D': 5, 'C': 4, 'B': 1}","[0.58, 1.0, 1.0]",4.25
95,"[2, 3, 4]","[3, 4, 4]","[0.46, 0.79, 0.88]","[['D', 'A', 'C', 'B'], ['C', 'D', 'A', 'B'], ['B', 'A', 'D', 'C']]","{'A': 5, 'D': 5, 'C': 4, 'B': 1}","[0.58, 1.0, 1.0]",4.25
95,"[2, 3, 4]","[3, 4, 4]","[0.46, 0.79, 0.88]","[['D', 'A', 'C', 'B'], ['C', 'D', 'A', 'B'], ['B', 'D', 'A', 'C']]","{'A': 5, 'D': 5, 'C': 4, 'B': 1}","[0.58, 1.0, 1.0]",4.25
95,"[2, 3, 4]","[3, 4, 4]","[0.46, 0.79, 0.88]","[['D', 'A', 'C', 'B'], ['C', 'D', 'A', 'B'], ['D', 'A', 'B', 'C']]","{'A': 5, 'D': 5, 'C': 4, 'B': 1}","[0.58, 1.0, 1.0]",4.25
95,"[2, 3, 4]","[3, 4, 4]","[0.46, 0.79, 0.88]","[['D', 'A', 'C', 'B'], ['C', 'D', 'A', 'B'], ['D', 'B', 'A', 'C']]","{'A': 5, 'D': 5, 'C': 4, 'B': 1}","[0.58, 1.0, 1.0]",4.25
95,"[2, 3, 4]","[3, 4, 4]","[0.46, 0.79, 0.88]","[['D', 'A', 'C', 'B'], ['D', 'A', 'B', 'C'], ['A', 'B', 'D', 'C']]","{'A': 5, 'D': 5, 'C': 3, 'B': 2}","[0.58, 1.0, 1.0]",4.25
95,"[2, 3, 4]","[3, 4, 4]","[0.46, 0.79, 0.88]","[['D', 'A', 'C', 'B'], ['D', 'A', 'B', 'C'], ['A', 'C', 'D', 'B']]","{'A': 5, 'D': 5, 'C': 4, 'B': 1}","[0.58, 1.0, 1.0]",4.25
95,"[2, 3, 4]","[3, 4, 4]","[0.46, 0.79, 0.88]","[['D', 'A', 'C', 'B'], ['D', 'A', 'B', 'C'], ['A', 'D', 'B', 'C']]","{'A': 5, 'D': 5, 'C': 3, 'B': 2}","[0.58, 1.0, 1.0]",4.25
95,"[2, 3, 4]","[3, 4, 4]","[0.46, 0.79, 0.88]","[['D', 'A', 'C', 'B'], ['D', 'A', 'B', 'C'], ['A', 'D', 'C', 'B']]","{'A': 5, 'D': 5, 'C': 4, 'B': 1}","[0.58, 1.0, 1.0]",4.25
95,"[2, 3, 4]","[3, 4, 4]","[0.46, 0.79, 0.88]","[['D', 'A', 'C', 'B'], ['D', 'A', 'B', 'C'], ['B', 'A', 'D', 'C']]","{'A': 5, 'D': 5, 'C': 3, 'B': 2}","[0.58, 1.0, 1.0]",4.25
95,"[2, 3, 4]","[3, 4, 4]","[0.46, 0.79, 0.88]","[['D', 'A', 'C', 'B'], ['D', 'A', 'B', 'C'], ['B', 'D', 'A', 'C']]","{'A': 5, 'D': 5, 'C': 3, 'B': 2}","[0.58, 1.0, 1.0]",4.25
95,"[2, 3, 4]","[3, 4, 4]","[0.46, 0.79, 0.88]","[['D', 'A', 'C', 'B'], ['D', 'A', 'B', 'C'], ['C', 'A', 'D', 'B']]","{'A': 5, 'D': 5, 'C': 4, 'B': 1}","[0.58, 1.0, 1.0]",4.25
95,"[2, 3, 4]","[3, 4, 4]","[0.46, 0.79, 0.88]","[['D', 'A', 'C', 'B'], ['D', 'A', 'B', 'C'], ['C', 'D', 'A', 'B']]","{'A': 5, 'D': 5, 'C': 4, 'B': 1}","[0.58, 1.0, 1.0]",4.25
95,"[2, 3, 4]","[3, 4, 4]","[0.46, 0.79, 0.88]","[['D', 'A', 'C', 'B'], ['D', 'A', 'B', 'C'], ['D', 'A', 'B', 'C']]","{'A': 5, 'D': 5, 'C': 3, 'B': 2}","[0.58, 1.0, 1.0]",4.25
95,"[2, 3, 4]","[3, 4, 4]","[0.46, 0.79, 0.88]","[['D', 'A', 'C', 'B'], ['D', 'A', 'B', 'C'], ['D', 'A', 'C', 'B']]","{'A': 5, 'D': 5, 'C': 4, 'B': 1}","[0.58, 1.0, 1.0]",4.25
95,"[2, 3, 4]","[3, 4, 4]","[0.46, 0.79, 0.88]","[['D', 'A', 'C', 'B'], ['D', 'A', 'B', 'C'], ['D', 'B', 'A', 'C']]","{'A': 5, 'D': 5, 'C': 3, 'B': 2}","[0.58, 1.0, 1.0]",4.25
95,"[2, 3, 4]","[3, 4, 4]","[0.46, 0.79, 0.88]","[['D', 'A', 'C', 'B'], ['D', 'A', 'B', 'C'], ['D', 'C', 'A', 'B']]","{'A': 5, 'D': 5, 'C': 4, 'B': 1}","[0.58, 1.0, 1.0]",4.25
95,"[2, 3, 4]","[3, 4, 4]","[0.46, 0.79, 0.88]","[['D', 'A', 'C', 'B'], ['D', 'A', 'C', 'B'], ['A', 'B', 'D', 'C']]","{'A': 5, 'D': 5, 'C': 4, 'B': 1}","[0.58, 1.0, 1.0]",4.25
95,"[2, 3, 4]","[3, 4, 4]","[0.46, 0.79, 0.88]","[['D', 'A', 'C', 'B'], ['D', 'A', 'C', 'B'], ['A', 'D', 'B', 'C']]","{'A': 5, 'D': 5, 'C': 4, 'B': 1}","[0.58, 1.0, 1.0]",4.25
95,"[2, 3, 4]","[3, 4, 4]","[0.46, 0.79, 0.88]","[['D', 'A', 'C', 'B'], ['D', 'A', 'C', 'B'], ['B', 'A', 'D', 'C']]","{'A': 5, 'D': 5, 'C': 4, 'B': 1}","[0.58, 1.0, 1.0]",4.25
95,"[2, 3, 4]","[3, 4, 4]","[0.46, 0.79, 0.88]","[['D', 'A', 'C', 'B'], ['D', 'A', 'C', 'B'], ['B', 'D', 'A', 'C']]","{'A': 5, 'D': 5, 'C': 4, 'B': 1}","[0.58, 1.0, 1.0]",4.25
95,"[2, 3, 4]","[3, 4, 4]","[0.46, 0.79, 0.88]","[['D', 'A', 'C', 'B'], ['D', 'A', 'C', 'B'], ['D', 'A', 'B', 'C']]","{'A': 5, 'D': 5, 'C': 4, 'B': 1}","[0.58, 1.0, 1.0]",4.25
95,"[2, 3, 4]","[3, 4, 4]","[0.46, 0.79, 0.88]","[['D', 'A', 'C', 'B'], ['D', 'A', 'C', 'B'], ['D', 'B', 'A', 'C']]","{'A': 5, 'D': 5, 'C': 4, 'B': 1}","[0.58, 1.0, 1.0]",4.25
95,"[2, 3, 4]","[3, 4, 4]","[0.46, 0.79, 0.88]","[['D', 'A', 'C', 'B'], ['D', 'B', 'A', 'C'], ['A', 'B', 'D', 'C']]","{'A': 5, 'D': 5, 'C': 3, 'B': 2}","[0.58, 1.0, 1.0]",4.25
95,"[2, 3, 4]","[3, 4, 4]","[0.46, 0.79, 0.88]","[['D', 'A', 'C', 'B'], ['D', 'B', 'A', 'C'], ['A', 'C', 'D', 'B']]","{'A': 5, 'D': 5, 'C': 4, 'B': 1}","[0.58, 1.0, 1.0]",4.25
95,"[2, 3, 4]","[3, 4, 4]","[0.46, 0.79, 0.88]","[['D', 'A', 'C', 'B'], ['D', 'B', 'A', 'C'], ['A', 'D', 'B', 'C']]","{'A': 5, 'D': 5, 'C': 3, 'B': 2}","[0.58, 1.0, 1.0]",4.25
95,"[2, 3, 4]","[3, 4, 4]","[0.46, 0.79, 0.88]","[['D', 'A', 'C', 'B'], ['D', 'B', 'A', 'C'], ['A', 'D', 'C', 'B']]","{'A': 5, 'D': 5, 'C': 4, 'B': 1}","[0.58, 1.0, 1.0]",4.25
95,"[2, 3, 4]","[3, 4, 4]","[0.46, 0.79, 0.88]","[['D', 'A', 'C', 'B'], ['D', 'B', 'A', 'C'], ['B', 'A', 'D', 'C']]","{'A': 5, 'D': 5, 'C': 3, 'B': 2}","[0.58, 1.0, 1.0]",4.25
95,"[2, 3, 4]","[3, 4, 4]","[0.46, 0.79, 0.88]","[['D', 'A', 'C', 'B'], ['D', 'B', 'A', 'C'], ['B', 'D', 'A', 'C']]","{'A': 5, 'D': 5, 'C': 3, 'B': 2}","[0.58, 1.0, 1.0]",4.25
95,"[2, 3, 4]","[3, 4, 4]","[0.46, 0.79, 0.88]","[['D', 'A', 'C', 'B'], ['D', 'B', 'A', 'C'], ['C', 'A', 'D', 'B']]","{'A': 5, 'D': 5, 'C': 4, 'B': 1}","[0.58, 1.0, 1.0]",4.25
95,"[2, 3, 4]","[3, 4, 4]","[0.46, 0.79, 0.88]","[['D', 'A', 'C', 'B'], ['D', 'B', 'A', 'C'], ['C', 'D', 'A', 'B']]","{'A': 5, 'D': 5, 'C': 4, 'B': 1}","[0.58, 1.0, 1.0]",4.25
95,"[2, 3, 4]","[3, 4, 4]","[0.46, 0.79, 0.88]","[['D', 'A', 'C', 'B'], ['D', 'B', 'A', 'C'], ['D', 'A', 'B', 'C']]","{'A': 5, 'D': 5, 'C': 3, 'B': 2}","[0.58, 1.0, 1.0]",4.25
95,"[2, 3, 4]","[3, 4, 4]","[0.46, 0.79, 0.88]","[['D', 'A', 'C', 'B'], ['D', 'B', 'A', 'C'], ['D', 'A', 'C', 'B']]","{'A': 5, 'D': 5, 'C': 4, 'B': 1}","[0.58, 1.0, 1.0]",4.25
95,"[2, 3, 4]","[3, 4, 4]","[0.46, 0.79, 0.88]","[['D', 'A', 'C', 'B'], ['D', 'B', 'A', 'C'], ['D', 'B', 'A', 'C']]","{'A': 5, 'D': 5, 'C': 3, 'B': 2}","[0.58, 1.0, 1.0]",4.25
95,"[2, 3, 4]","[3, 4, 4]","[0.46, 0.79, 0.88]","[['D', 'A', 'C', 'B'], ['D', 'B', 'A', 'C'], ['D', 'C', 'A', 'B']]","{'A': 5, 'D': 5, 'C': 4, 'B': 1}","[0.58, 1.0, 1.0]",4.25
95,"[2, 3, 4]","[3, 4, 4]","[0.46, 0.79, 0.88]","[['D', 'A', 'C', 'B'], ['D', 'C', 'A', 'B'], ['A', 'B', 'D', 'C']]","{'A': 5, 'D': 5, 'C': 4, 'B': 1}","[0.58, 1.0, 1.0]",4.25
95,"[2, 3, 4]","[3, 4, 4]","[0.46, 0.79, 0.88]","[['D', 'A', 'C', 'B'], ['D', 'C', 'A', 'B'], ['A', 'D', 'B', 'C']]","{'A': 5, 'D': 5, 'C': 4, 'B': 1}","[0.58, 1.0, 1.0]",4.25
95,"[2, 3, 4]","[3, 4, 4]","[0.46, 0.79, 0.88]","[['D', 'A', 'C', 'B'], ['D', 'C', 'A', 'B'], ['B', 'A', 'D', 'C']]","{'A': 5, 'D': 5, 'C': 4, 'B': 1}","[0.58, 1.0, 1.0]",4.25
95,"[2, 3, 4]","[3, 4, 4]","[0.46, 0.79, 0.88]","[['D', 'A', 'C', 'B'], ['D', 'C', 'A', 'B'], ['B', 'D', 'A', 'C']]","{'A': 5, 'D': 5, 'C': 4, 'B': 1}","[0.58, 1.0, 1.0]",4.25
95,"[2, 3, 4]","[3, 4, 4]","[0.46, 0.79, 0.88]","[['D', 'A', 'C', 'B'], ['D', 'C', 'A', 'B'], ['D', 'A', 'B', 'C']]","{'A': 5, 'D': 5, 'C': 4, 'B': 1}","[0.58, 1.0, 1.0]",4.25
95,"[2, 3, 4]","[3, 4, 4]","[0.46, 0.79, 0.88]","[['D', 'A', 'C', 'B'], ['D', 'C', 'A', 'B'], ['D', 'B', 'A', 'C']]","{'A': 5, 'D': 5, 'C': 4, 'B': 1}","[0.58, 1.0, 1.0]",4.25
95,"[2, 3, 4]","[3, 4, 4]","[0.46, 0.79, 0.88]","[['D', 'B', 'A', 'C'], ['A', 'B', 'C', 'D'], ['A', 'B', 'D', 'C']]","{'A': 5, 'D': 4, 'B': 3, 'C': 3}","[0.58, 1.0, 1.0]",4.0
95,"[2, 3, 4]","[3, 4, 4]","[0.46, 0.79, 0.88]","[['D', 'B', 'A', 'C'], ['A', 'B', 'C', 'D'], ['A', 'D', 'B', 'C']]","{'A': 5, 'D': 4, 'B': 3, 'C': 3}","[0.58, 1.0, 1.0]",4.0
95,"[2, 3, 4]","[3, 4, 4]","[0.46, 0.79, 0.88]","[['D', 'B', 'A', 'C'], ['A', 'B', 'C', 'D'], ['B', 'A', 'D', 'C']]","{'A': 5, 'D': 4, 'B': 3, 'C': 3}","[0.58, 1.0, 1.0]",4.0
95,"[2, 3, 4]","[3, 4, 4]","[0.46, 0.79, 0.88]","[['D', 'B', 'A', 'C'], ['A', 'B', 'C', 'D'], ['B', 'D', 'A', 'C']]","{'A': 5, 'D': 4, 'B': 3, 'C': 3}","[0.58, 1.0, 1.0]",4.0
95,"[2, 3, 4]","[3, 4, 4]","[0.46, 0.79, 0.88]","[['D', 'B', 'A', 'C'], ['A', 'B', 'C', 'D'], ['D', 'A', 'B', 'C']]","{'A': 5, 'D': 4, 'B': 3, 'C': 3}","[0.58, 1.0, 1.0]",4.0
95,"[2, 3, 4]","[3, 4, 4]","[0.46, 0.79, 0.88]","[['D', 'B', 'A', 'C'], ['A', 'B', 'C', 'D'], ['D', 'B', 'A', 'C']]","{'A': 5, 'D': 4, 'B': 3, 'C': 3}","[0.58, 1.0, 1.0]",4.0
95,"[2, 3, 4]","[3, 4, 4]","[0.46, 0.79, 0.88]","[['D', 'B', 'A', 'C'], ['A', 'B', 'D', 'C'], ['A', 'B', 'C', 'D']]","{'A': 5, 'D': 4, 'B': 3, 'C': 3}","[0.58, 1.0, 1.0]",4.0
95,"[2, 3, 4]","[3, 4, 4]","[0.46, 0.79, 0.88]","[['D', 'B', 'A', 'C'], ['A', 'B', 'D', 'C'], ['A', 'B', 'D', 'C']]","{'A': 5, 'D': 5, 'B': 3, 'C': 2}","[0.58, 1.0, 1.0]",4.0
95,"[2, 3, 4]","[3, 4, 4]","[0.46, 0.79, 0.88]","[['D', 'B', 'A', 'C'], ['A', 'B', 'D', 'C'], ['A', 'C', 'B', 'D']]","{'A': 5, 'D': 4, 'B': 3, 'C': 3}","[0.58, 1.0, 1.0]",4.0
95,"[2, 3, 4]","[3, 4, 4]","[0.46, 0.79, 0.88]","[['D', 'B', 'A', 'C'], ['A', 'B', 'D', 'C'], ['A', 'C', 'D', 'B']]","{'A': 5, 'D': 5, 'C': 3, 'B': 2}","[0.58, 1.0, 1.0]",4.25
95,"[2, 3, 4]","[3, 4, 4]","[0.46, 0.79, 0.88]","[['D', 'B', 'A', 'C'], ['A', 'B', 'D', 'C'], ['A', 'D', 'B', 'C']]","{'A': 5, 'D': 5, 'B': 3, 'C': 2}","[0.58, 1.0, 1.0]",4.0
95,"[2, 3, 4]","[3, 4, 4]","[0.46, 0.79, 0.88]","[['D', 'B', 'A', 'C'], ['A', 'B', 'D', 'C'], ['A', 'D', 'C', 'B']]","{'A': 5, 'D': 5, 'C': 3, 'B': 2}","[0.58, 1.0, 1.0]",4.25
95,"[2, 3, 4]","[3, 4, 4]","[0.46, 0.79, 0.88]","[['D', 'B', 'A', 'C'], ['A', 'B', 'D', 'C'], ['B', 'A', 'C', 'D']]","{'A': 5, 'D': 4, 'B': 3, 'C': 3}","[0.58, 1.0, 1.0]",4.0
95,"[2, 3, 4]","[3, 4, 4]","[0.46, 0.79, 0.88]","[['D', 'B', 'A', 'C'], ['A', 'B', 'D', 'C'], ['B', 'A', 'D', 'C']]","{'A': 5, 'D': 5, 'B': 3, 'C': 2}","[0.58, 1.0, 1.0]",4.0
95,"[2, 3, 4]","[3, 4, 4]","[0.46, 0.79, 0.88]","[['D', 'B', 'A', 'C'], ['A', 'B', 'D', 'C'], ['B', 'C', 'A', 'D']]","{'A': 5, 'D': 4, 'B': 3, 'C': 3}","[0.58, 1.0, 1.0]",4.0
95,"[2, 3, 4]","[3, 4, 4]","[0.46, 0.79, 0.88]","[['D', 'B', 'A', 'C'], ['A', 'B', 'D', 'C'], ['B', 'D', 'A', 'C']]","{'A': 5, 'D': 5, 'B': 3, 'C': 2}","[0.58, 1.0, 1.0]",4.0
95,"[2, 3, 4]","[3, 4, 4]","[0.46, 0.79, 0.88]","[['D', 'B', 'A', 'C'], ['A', 'B', 'D', 'C'], ['C', 'A', 'B', 'D']]","{'A': 5, 'D': 4, 'B': 3, 'C': 3}","[0.58, 1.0, 1.0]",4.0
95,"[2, 3, 4]","[3, 4, 4]","[0.46, 0.79, 0.88]","[['D', 'B', 'A', 'C'], ['A', 'B', 'D', 'C'], ['C', 'A', 'D', 'B']]","{'A': 5, 'D': 5, 'C': 3, 'B': 2}","[0.58, 1.0, 1.0]",4.25
95,"[2, 3, 4]","[3, 4, 4]","[0.46, 0.79, 0.88]","[['D', 'B', 'A', 'C'], ['A', 'B', 'D', 'C'], ['C', 'B', 'A', 'D']]","{'A': 5, 'D': 4, 'B': 3, 'C': 3}","[0.58, 1.0, 1.0]",4.0
95,"[2, 3, 4]","[3, 4, 4]","[0.46, 0.79, 0.88]","[['D', 'B', 'A', 'C'], ['A', 'B', 'D', 'C'], ['C', 'D', 'A', 'B']]","{'A': 5, 'D': 5, 'C': 3, 'B': 2}","[0.58, 1.0, 1.0]",4.25
95,"[2, 3, 4]","[3, 4, 4]","[0.46, 0.79, 0.88]","[['D', 'B', 'A', 'C'], ['A', 'B', 'D', 'C'], ['D', 'A', 'B', 'C']]","{'A': 5, 'D': 5, 'B': 3, 'C': 2}","[0.58, 1.0, 1.0]",4.0
95,"[2, 3, 4]","[3, 4, 4]","[0.46, 0.79, 0.88]","[['D', 'B', 'A', 'C'], ['A', 'B', 'D', 'C'], ['D', 'A', 'C', 'B']]","{'A': 5, 'D': 5, 'C': 3, 'B': 2}","[0.58, 1.0, 1.0]",4.25
95,"[2, 3, 4]","[3, 4, 4]","[0.46, 0.79, 0.88]","[['D', 'B', 'A', 'C'], ['A', 'B', 'D', 'C'], ['D', 'B', 'A', 'C']]","{'A': 5, 'D': 5, 'B': 3, 'C': 2}","[0.58, 1.0, 1.0]",4.0
95,"[2, 3, 4]","[3, 4, 4]","[0.46, 0.79, 0.88]","[['D', 'B', 'A', 'C'], ['A', 'B', 'D', 'C'], ['D', 'C', 'A', 'B']]","{'A': 5, 'D': 5, 'C': 3, 'B': 2}","[0.58, 1.0, 1.0]",4.25
95,"[2, 3, 4]","[3, 4, 4]","[0.46, 0.79, 0.88]","[['D', 'B', 'A', 'C'], ['A', 'C', 'B', 'D'], ['A', 'B', 'D', 'C']]","{'A': 5, 'D': 4, 'B': 3, 'C': 3}","[0.58, 1.0, 1.0]",4.0
95,"[2, 3, 4]","[3, 4, 4]","[0.46, 0.79, 0.88]","[['D', 'B', 'A', 'C'], ['A', 'C', 'B', 'D'], ['A', 'D', 'B', 'C']]","{'A': 5, 'D': 4, 'B': 3, 'C': 3}","[0.58, 1.0, 1.0]",4.0
95,"[2, 3, 4]","[3, 4, 4]","[0.46, 0.79, 0.88]","[['D', 'B', 'A', 'C'], ['A', 'C', 'B', 'D'], ['B', 'A', 'D', 'C']]","{'A': 5, 'D': 4, 'B': 3, 'C': 3}","[0.58, 1.0, 1.0]",4.0
95,"[2, 3, 4]","[3, 4, 4]","[0.46, 0.79, 0.88]","[['D', 'B', 'A', 'C'], ['A', 'C', 'B', 'D'], ['B', 'D', 'A', 'C']]","{'A': 5, 'D': 4, 'B': 3, 'C': 3}","[0.58, 1.0, 1.0]",4.0
95,"[2, 3, 4]","[3, 4, 4]","[0.46, 0.79, 0.88]","[['D', 'B', 'A', 'C'], ['A', 'C', 'B', 'D'], ['D', 'A', 'B', 'C']]","{'A': 5, 'D': 4, 'B': 3, 'C': 3}","[0.58, 1.0, 1.0]",4.0
95,"[2, 3, 4]","[3, 4, 4]","[0.46, 0.79, 0.88]","[['D', 'B', 'A', 'C'], ['A', 'C', 'B', 'D'], ['D', 'B', 'A', 'C']]","{'A': 5, 'D': 4, 'B': 3, 'C': 3}","[0.58, 1.0, 1.0]",4.0
95,"[2, 3, 4]","[3, 4, 4]","[0.46, 0.79, 0.88]","[['D', 'B', 'A', 'C'], ['A', 'C', 'D', 'B'], ['A', 'B', 'D', 'C']]","{'A': 5, 'D': 5, 'C': 3, 'B': 2}","[0.58, 1.0, 1.0]",4.25
95,"[2, 3, 4]","[3, 4, 4]","[0.46, 0.79, 0.88]","[['D', 'B', 'A', 'C'], ['A', 'C', 'D', 'B'], ['A', 'C', 'D', 'B']]","{'A': 5, 'D': 5, 'C': 4, 'B': 1}","[0.58, 1.0, 1.0]",4.25
95,"[2, 3, 4]","[3, 4, 4]","[0.46, 0.79, 0.88]","[['D', 'B', 'A', 'C'], ['A', 'C', 'D', 'B'], ['A', 'D', 'B', 'C']]","{'A': 5, 'D': 5, 'C': 3, 'B': 2}","[0.58, 1.0, 1.0]",4.25
95,"[2, 3, 4]","[3, 4, 4]","[0.46, 0.79, 0.88]","[['D', 'B', 'A', 'C'], ['A', 'C', 'D', 'B'], ['A', 'D', 'C', 'B']]","{'A': 5, 'D': 5, 'C': 4, 'B': 1}","[0.58, 1.0, 1.0]",4.25
95,"[2, 3, 4]","[3, 4, 4]","[0.46, 0.79, 0.88]","[['D', 'B', 'A', 'C'], ['A', 'C', 'D', 'B'], ['B', 'A', 'D', 'C']]","{'A': 5, 'D': 5, 'C': 3, 'B': 2}","[0.58, 1.0, 1.0]",4.25
95,"[2, 3, 4]","[3, 4, 4]","[0.46, 0.79, 0.88]","[['D', 'B', 'A', 'C'], ['A', 'C', 'D', 'B'], ['B', 'D', 'A', 'C']]","{'A': 5, 'D': 5, 'C': 3, 'B': 2}","[0.58, 1.0, 1.0]",4.25
95,"[2, 3, 4]","[3, 4, 4]","[0.46, 0.79, 0.88]","[['D', 'B', 'A', 'C'], ['A', 'C', 'D', 'B'], ['C', 'A', 'D', 'B']]","{'A': 5, 'D': 5, 'C': 4, 'B': 1}","[0.58, 1.0, 1.0]",4.25
95,"[2, 3, 4]","[3, 4, 4]","[0.46, 0.79, 0.88]","[['D', 'B', 'A', 'C'], ['A', 'C', 'D', 'B'], ['C', 'D', 'A', 'B']]","{'A': 5, 'D': 5, 'C': 4, 'B': 1}","[0.58, 1.0, 1.0]",4.25
95,"[2, 3, 4]","[3, 4, 4]","[0.46, 0.79, 0.88]","[['D', 'B', 'A', 'C'], ['A', 'C', 'D', 'B'], ['D', 'A', 'B', 'C']]","{'A': 5, 'D': 5, 'C': 3, 'B': 2}","[0.58, 1.0, 1.0]",4.25
95,"[2, 3, 4]","[3, 4, 4]","[0.46, 0.79, 0.88]","[['D', 'B', 'A', 'C'], ['A', 'C', 'D', 'B'], ['D', 'A', 'C', 'B']]","{'A': 5, 'D': 5, 'C': 4, 'B': 1}","[0.58, 1.0, 1.0]",4.25
95,"[2, 3, 4]","[3, 4, 4]","[0.46, 0.79, 0.88]","[['D', 'B', 'A', 'C'], ['A', 'C', 'D', 'B'], ['D', 'B', 'A', 'C']]","{'A': 5, 'D': 5, 'C': 3, 'B': 2}","[0.58, 1.0, 1.0]",4.25
95,"[2, 3, 4]","[3, 4, 4]","[0.46, 0.79, 0.88]","[['D', 'B', 'A', 'C'], ['A', 'C', 'D', 'B'], ['D', 'C', 'A', 'B']]","{'A': 5, 'D': 5, 'C': 4, 'B': 1}","[0.58, 1.0, 1.0]",4.25
95,"[2, 3, 4]","[3, 4, 4]","[0.46, 0.79, 0.88]","[['D', 'B', 'A', 'C'], ['A', 'D', 'B', 'C'], ['A', 'B', 'C', 'D']]","{'A': 5, 'D': 4, 'B': 3, 'C': 3}","[0.58, 1.0, 1.0]",4.0
95,"[2, 3, 4]","[3, 4, 4]","[0.46, 0.79, 0.88]","[['D', 'B', 'A', 'C'], ['A', 'D', 'B', 'C'], ['A', 'B', 'D', 'C']]","{'A': 5, 'D': 5, 'B': 3, 'C': 2}","[0.58, 1.0, 1.0]",4.0
95,"[2, 3, 4]","[3, 4, 4]","[0.46, 0.79, 0.88]","[['D', 'B', 'A', 'C'], ['A', 'D', 'B', 'C'], ['A', 'C', 'B', 'D']]","{'A': 5, 'D': 4, 'B': 3, 'C': 3}","[0.58, 1.0, 1.0]",4.0
95,"[2, 3, 4]","[3, 4, 4]","[0.46, 0.79, 0.88]","[['D', 'B', 'A', 'C'], ['A', 'D', 'B', 'C'], ['A', 'C', 'D', 'B']]","{'A': 5, 'D': 5, 'C': 3, 'B': 2}","[0.58, 1.0, 1.0]",4.25
95,"[2, 3, 4]","[3, 4, 4]","[0.46, 0.79, 0.88]","[['D', 'B', 'A', 'C'], ['A', 'D', 'B', 'C'], ['A', 'D', 'B', 'C']]","{'A': 5, 'D': 5, 'B': 3, 'C': 2}","[0.58, 1.0, 1.0]",4.0
95,"[2, 3, 4]","[3, 4, 4]","[0.46, 0.79, 0.88]","[['D', 'B', 'A', 'C'], ['A', 'D', 'B', 'C'], ['A', 'D', 'C', 'B']]","{'A': 5, 'D': 5, 'C': 3, 'B': 2}","[0.58, 1.0, 1.0]",4.25
95,"[2, 3, 4]","[3, 4, 4]","[0.46, 0.79, 0.88]","[['D', 'B', 'A', 'C'], ['A', 'D', 'B', 'C'], ['B', 'A', 'C', 'D']]","{'A': 5, 'D': 4, 'B': 3, 'C': 3}","[0.58, 1.0, 1.0]",4.0
95,"[2, 3, 4]","[3, 4, 4]","[0.46, 0.79, 0.88]","[['D', 'B', 'A', 'C'], ['A', 'D', 'B', 'C'], ['B', 'A', 'D', 'C']]","{'A': 5, 'D': 5, 'B': 3, 'C': 2}","[0.58, 1.0, 1.0]",4.0
95,"[2, 3, 4]","[3, 4, 4]","[0.46, 0.79, 0.88]","[['D', 'B', 'A', 'C'], ['A', 'D', 'B', 'C'], ['B', 'C', 'A', 'D']]","{'A': 5, 'D': 4, 'B': 3, 'C': 3}","[0.58, 1.0, 1.0]",4.0
95,"[2, 3, 4]","[3, 4, 4]","[0.46, 0.79, 0.88]","[['D', 'B', 'A', 'C'], ['A', 'D', 'B', 'C'], ['B', 'D', 'A', 'C']]","{'A': 5, 'D': 5, 'B': 3, 'C': 2}","[0.58, 1.0, 1.0]",4.0
95,"[2, 3, 4]","[3, 4, 4]","[0.46, 0.79, 0.88]","[['D', 'B', 'A', 'C'], ['A', 'D', 'B', 'C'], ['C', 'A', 'B', 'D']]","{'A': 5, 'D': 4, 'B': 3, 'C': 3}","[0.58, 1.0, 1.0]",4.0
95,"[2, 3, 4]","[3, 4, 4]","[0.46, 0.79, 0.88]","[['D', 'B', 'A', 'C'], ['A', 'D', 'B', 'C'], ['C', 'A', 'D', 'B']]","{'A': 5, 'D': 5, 'C': 3, 'B': 2}","[0.58, 1.0, 1.0]",4.25
95,"[2, 3, 4]","[3, 4, 4]","[0.46, 0.79, 0.88]","[['D', 'B', 'A', 'C'], ['A', 'D', 'B', 'C'], ['C', 'B', 'A', 'D']]","{'A': 5, 'D': 4, 'B': 3, 'C': 3}","[0.58, 1.0, 1.0]",4.0
95,"[2, 3, 4]","[3, 4, 4]","[0.46, 0.79, 0.88]","[['D', 'B', 'A', 'C'], ['A', 'D', 'B', 'C'], ['C', 'D', 'A', 'B']]","{'A': 5, 'D': 5, 'C': 3, 'B': 2}","[0.58, 1.0, 1.0]",4.25
95,"[2, 3, 4]","[3, 4, 4]","[0.46, 0.79, 0.88]","[['D', 'B', 'A', 'C'], ['A', 'D', 'B', 'C'], ['D', 'A', 'B', 'C']]","{'A': 5, 'D': 5, 'B': 3, 'C': 2}","[0.58, 1.0, 1.0]",4.0
95,"[2, 3, 4]","[3, 4, 4]","[0.46, 0.79, 0.88]","[['D', 'B', 'A', 'C'], ['A', 'D', 'B', 'C'], ['D', 'A', 'C', 'B']]","{'A': 5, 'D': 5, 'C': 3, 'B': 2}","[0.58, 1.0, 1.0]",4.25
95,"[2, 3, 4]","[3, 4, 4]","[0.46, 0.79, 0.88]","[['D', 'B', 'A', 'C'], ['A', 'D', 'B', 'C'], ['D', 'B', 'A', 'C']]","{'A': 5, 'D': 5, 'B': 3, 'C': 2}","[0.58, 1.0, 1.0]",4.0
95,"[2, 3, 4]","[3, 4, 4]","[0.46, 0.79, 0.88]","[['D', 'B', 'A', 'C'], ['A', 'D', 'B', 'C'], ['D', 'C', 'A', 'B']]","{'A': 5, 'D': 5, 'C': 3, 'B': 2}","[0.58, 1.0, 1.0]",4.25
95,"[2, 3, 4]","[3, 4, 4]","[0.46, 0.79, 0.88]","[['D', 'B', 'A', 'C'], ['A', 'D', 'C', 'B'], ['A', 'B', 'D', 'C']]","{'A': 5, 'D': 5, 'C': 3, 'B': 2}","[0.58, 1.0, 1.0]",4.25
95,"[2, 3, 4]","[3, 4, 4]","[0.46, 0.79, 0.88]","[['D', 'B', 'A', 'C'], ['A', 'D', 'C', 'B'], ['A', 'C', 'D', 'B']]","{'A': 5, 'D': 5, 'C': 4, 'B': 1}","[0.58, 1.0, 1.0]",4.25
95,"[2, 3, 4]","[3, 4, 4]","[0.46, 0.79, 0.88]","[['D', 'B', 'A', 'C'], ['A', 'D', 'C', 'B'], ['A', 'D', 'B', 'C']]","{'A': 5, 'D': 5, 'C': 3, 'B': 2}","[0.58, 1.0, 1.0]",4.25
95,"[2, 3, 4]","[3, 4, 4]","[0.46, 0.79, 0.88]","[['D', 'B', 'A', 'C'], ['A', 'D', 'C', 'B'], ['A', 'D', 'C', 'B']]","{'A': 5, 'D': 5, 'C': 4, 'B': 1}","[0.58, 1.0, 1.0]",4.25
95,"[2, 3, 4]","[3, 4, 4]","[0.46, 0.79, 0.88]","[['D', 'B', 'A', 'C'], ['A', 'D', 'C', 'B'], ['B', 'A', 'D', 'C']]","{'A': 5, 'D': 5, 'C': 3, 'B': 2}","[0.58, 1.0, 1.0]",4.25
95,"[2, 3, 4]","[3, 4, 4]","[0.46, 0.79, 0.88]","[['D', 'B', 'A', 'C'], ['A', 'D', 'C', 'B'], ['B', 'D', 'A', 'C']]","{'A': 5, 'D': 5, 'C': 3, 'B': 2}","[0.58, 1.0, 1.0]",4.25
95,"[2, 3, 4]","[3, 4, 4]","[0.46, 0.79, 0.88]","[['D', 'B', 'A', 'C'], ['A', 'D', 'C', 'B'], ['C', 'A', 'D', 'B']]","{'A': 5, 'D': 5, 'C': 4, 'B': 1}","[0.58, 1.0, 1.0]",4.25
95,"[2, 3, 4]","[3, 4, 4]","[0.46, 0.79, 0.88]","[['D', 'B', 'A', 'C'], ['A', 'D', 'C', 'B'], ['C', 'D', 'A', 'B']]","{'A': 5, 'D': 5, 'C': 4, 'B': 1}","[0.58, 1.0, 1.0]",4.25
95,"[2, 3, 4]","[3, 4, 4]","[0.46, 0.79, 0.88]","[['D', 'B', 'A', 'C'], ['A', 'D', 'C', 'B'], ['D', 'A', 'B', 'C']]","{'A': 5, 'D': 5, 'C': 3, 'B': 2}","[0.58, 1.0, 1.0]",4.25
95,"[2, 3, 4]","[3, 4, 4]","[0.46, 0.79, 0.88]","[['D', 'B', 'A', 'C'], ['A', 'D', 'C', 'B'], ['D', 'A', 'C', 'B']]","{'A': 5, 'D': 5, 'C': 4, 'B': 1}","[0.58, 1.0, 1.0]",4.25
95,"[2, 3, 4]","[3, 4, 4]","[0.46, 0.79, 0.88]","[['D', 'B', 'A', 'C'], ['A', 'D', 'C', 'B'], ['D', 'B', 'A', 'C']]","{'A': 5, 'D': 5, 'C': 3, 'B': 2}","[0.58, 1.0, 1.0]",4.25
95,"[2, 3, 4]","[3, 4, 4]","[0.46, 0.79, 0.88]","[['D', 'B', 'A', 'C'], ['A', 'D', 'C', 'B'], ['D', 'C', 'A', 'B']]","{'A': 5, 'D': 5, 'C': 4, 'B': 1}","[0.58, 1.0, 1.0]",4.25
95,"[2, 3, 4]","[3, 4, 4]","[0.46, 0.79, 0.88]","[['D', 'B', 'A', 'C'], ['B', 'A', 'C', 'D'], ['A', 'B', 'D', 'C']]","{'A': 5, 'D': 4, 'B': 3, 'C': 3}","[0.58, 1.0, 1.0]",4.0
95,"[2, 3, 4]","[3, 4, 4]","[0.46, 0.79, 0.88]","[['D', 'B', 'A', 'C'], ['B', 'A', 'C', 'D'], ['A', 'D', 'B', 'C']]","{'A': 5, 'D': 4, 'B': 3, 'C': 3}","[0.58, 1.0, 1.0]",4.0
95,"[2, 3, 4]","[3, 4, 4]","[0.46, 0.79, 0.88]","[['D', 'B', 'A', 'C'], ['B', 'A', 'C', 'D'], ['B', 'A', 'D', 'C']]","{'A': 5, 'D': 4, 'B': 3, 'C': 3}","[0.58, 1.0, 1.0]",4.0
95,"[2, 3, 4]","[3, 4, 4]","[0.46, 0.79, 0.88]","[['D', 'B', 'A', 'C'], ['B', 'A', 'C', 'D'], ['B', 'D', 'A', 'C']]","{'A': 5, 'D': 4, 'B': 3, 'C': 3}","[0.58, 1.0, 1.0]",4.0
95,"[2, 3, 4]","[3, 4, 4]","[0.46, 0.79, 0.88]","[['D', 'B', 'A', 'C'], ['B', 'A', 'C', 'D'], ['D', 'A', 'B', 'C']]","{'A': 5, 'D': 4, 'B': 3, 'C': 3}","[0.58, 1.0, 1.0]",4.0
95,"[2, 3, 4]","[3, 4, 4]","[0.46, 0.79, 0.88]","[['D', 'B', 'A', 'C'], ['B', 'A', 'C', 'D'], ['D', 'B', 'A', 'C']]","{'A': 5, 'D': 4, 'B': 3, 'C': 3}","[0.58, 1.0, 1.0]",4.0
95,"[2, 3, 4]","[3, 4, 4]","[0.46, 0.79, 0.88]","[['D', 'B', 'A', 'C'], ['B', 'A', 'D', 'C'], ['A', 'B', 'C', 'D']]","{'A': 5, 'D': 4, 'B': 3, 'C': 3}","[0.58, 1.0, 1.0]",4.0
95,"[2, 3, 4]","[3, 4, 4]","[0.46, 0.79, 0.88]","[['D', 'B', 'A', 'C'], ['B', 'A', 'D', 'C'], ['A', 'B', 'D', 'C']]","{'A': 5, 'D': 5, 'B': 3, 'C': 2}","[0.58, 1.0, 1.0]",4.0
95,"[2, 3, 4]","[3, 4, 4]","[0.46, 0.79, 0.88]","[['D', 'B', 'A', 'C'], ['B', 'A', 'D', 'C'], ['A', 'C', 'B', 'D']]","{'A': 5, 'D': 4, 'B': 3, 'C': 3}","[0.58, 1.0, 1.0]",4.0
95,"[2, 3, 4]","[3, 4, 4]","[0.46, 0.79, 0.88]","[['D', 'B', 'A', 'C'], ['B', 'A', 'D', 'C'], ['A', 'C', 'D', 'B']]","{'A': 5, 'D': 5, 'C': 3, 'B': 2}","[0.58, 1.0, 1.0]",4.25
95,"[2, 3, 4]","[3, 4, 4]","[0.46, 0.79, 0.88]","[['D', 'B', 'A', 'C'], ['B', 'A', 'D', 'C'], ['A', 'D', 'B', 'C']]","{'A': 5, 'D': 5, 'B': 3, 'C': 2}","[0.58, 1.0, 1.0]",4.0
95,"[2, 3, 4]","[3, 4, 4]","[0.46, 0.79, 0.88]","[['D', 'B', 'A', 'C'], ['B', 'A', 'D', 'C'], ['A', 'D', 'C', 'B']]","{'A': 5, 'D': 5, 'C': 3, 'B': 2}","[0.58, 1.0, 1.0]",4.25
95,"[2, 3, 4]","[3, 4, 4]","[0.46, 0.79, 0.88]","[['D', 'B', 'A', 'C'], ['B', 'A', 'D', 'C'], ['B', 'A', 'C', 'D']]","{'A': 5, 'D': 4, 'B': 3, 'C': 3}","[0.58, 1.0, 1.0]",4.0
95,"[2, 3, 4]","[3, 4, 4]","[0.46, 0.79, 0.88]","[['D', 'B', 'A', 'C'], ['B', 'A', 'D', 'C'], ['B', 'A', 'D', 'C']]","{'A': 5, 'D': 5, 'B': 3, 'C': 2}","[0.58, 1.0, 1.0]",4.0
95,"[2, 3, 4]","[3, 4, 4]","[0.46, 0.79, 0.88]","[['D', 'B', 'A', 'C'], ['B', 'A', 'D', 'C'], ['B', 'C', 'A', 'D']]","{'A': 5, 'D': 4, 'B': 3, 'C': 3}","[0.58, 1.0, 1.0]",4.0
95,"[2, 3, 4]","[3, 4, 4]","[0.46, 0.79, 0.88]","[['D', 'B', 'A', 'C'], ['B', 'A', 'D', 'C'], ['B', 'D', 'A', 'C']]","{'A': 5, 'D': 5, 'B': 3, 'C': 2}","[0.58, 1.0, 1.0]",4.0
95,"[2, 3, 4]","[3, 4, 4]","[0.46, 0.79, 0.88]","[['D', 'B', 'A', 'C'], ['B', 'A', 'D', 'C'], ['C', 'A', 'B', 'D']]","{'A': 5, 'D': 4, 'B': 3, 'C': 3}","[0.58, 1.0, 1.0]",4.0
95,"[2, 3, 4]","[3, 4, 4]","[0.46, 0.79, 0.88]","[['D', 'B', 'A', 'C'], ['B', 'A', 'D', 'C'], ['C', 'A', 'D', 'B']]","{'A': 5, 'D': 5, 'C': 3, 'B': 2}","[0.58, 1.0, 1.0]",4.25
95,"[2, 3, 4]","[3, 4, 4]","[0.46, 0.79, 0.88]","[['D', 'B', 'A', 'C'], ['B', 'A', 'D', 'C'], ['C', 'B', 'A', 'D']]","{'A': 5, 'D': 4, 'B': 3, 'C': 3}","[0.58, 1.0, 1.0]",4.0
95,"[2, 3, 4]","[3, 4, 4]","[0.46, 0.79, 0.88]","[['D', 'B', 'A', 'C'], ['B', 'A', 'D', 'C'], ['C', 'D', 'A', 'B']]","{'A': 5, 'D': 5, 'C': 3, 'B': 2}","[0.58, 1.0, 1.0]",4.25
95,"[2, 3, 4]","[3, 4, 4]","[0.46, 0.79, 0.88]","[['D', 'B', 'A', 'C'], ['B', 'A', 'D', 'C'], ['D', 'A', 'B', 'C']]","{'A': 5, 'D': 5, 'B': 3, 'C': 2}","[0.58, 1.0, 1.0]",4.0
95,"[2, 3, 4]","[3, 4, 4]","[0.46, 0.79, 0.88]","[['D', 'B', 'A', 'C'], ['B', 'A', 'D', 'C'], ['D', 'A', 'C', 'B']]","{'A': 5, 'D': 5, 'C': 3, 'B': 2}","[0.58, 1.0, 1.0]",4.25
95,"[2, 3, 4]","[3, 4, 4]","[0.46, 0.79, 0.88]","[['D', 'B', 'A', 'C'], ['B', 'A', 'D', 'C'], ['D', 'B', 'A', 'C']]","{'A': 5, 'D': 5, 'B': 3, 'C': 2}","[0.58, 1.0, 1.0]",4.0
95,"[2, 3, 4]","[3, 4, 4]","[0.46, 0.79, 0.88]","[['D', 'B', 'A', 'C'], ['B', 'A', 'D', 'C'], ['D', 'C', 'A', 'B']]","{'A': 5, 'D': 5, 'C': 3, 'B': 2}","[0.58, 1.0, 1.0]",4.25
95,"[2, 3, 4]","[3, 4, 4]","[0.46, 0.79, 0.88]","[['D', 'B', 'A', 'C'], ['B', 'C', 'A', 'D'], ['A', 'B', 'D', 'C']]","{'A': 5, 'D': 4, 'B': 3, 'C': 3}","[0.58, 1.0, 1.0]",4.0
95,"[2, 3, 4]","[3, 4, 4]","[0.46, 0.79, 0.88]","[['D', 'B', 'A', 'C'], ['B', 'C', 'A', 'D'], ['A', 'D', 'B', 'C']]","{'A': 5, 'D': 4, 'B': 3, 'C': 3}","[0.58, 1.0, 1.0]",4.0
95,"[2, 3, 4]","[3, 4, 4]","[0.46, 0.79, 0.88]","[['D', 'B', 'A', 'C'], ['B', 'C', 'A', 'D'], ['B', 'A', 'D', 'C']]","{'A': 5, 'D': 4, 'B': 3, 'C': 3}","[0.58, 1.0, 1.0]",4.0
95,"[2, 3, 4]","[3, 4, 4]","[0.46, 0.79, 0.88]","[['D', 'B', 'A', 'C'], ['B', 'C', 'A', 'D'], ['B', 'D', 'A', 'C']]","{'A': 5, 'D': 4, 'B': 3, 'C': 3}","[0.58, 1.0, 1.0]",4.0
95,"[2, 3, 4]","[3, 4, 4]","[0.46, 0.79, 0.88]","[['D', 'B', 'A', 'C'], ['B', 'C', 'A', 'D'], ['D', 'A', 'B', 'C']]","{'A': 5, 'D': 4, 'B': 3, 'C': 3}","[0.58, 1.0, 1.0]",4.0
95,"[2, 3, 4]","[3, 4, 4]","[0.46, 0.79, 0.88]","[['D', 'B', 'A', 'C'], ['B', 'C', 'A', 'D'], ['D', 'B', 'A', 'C']]","{'A': 5, 'D': 4, 'B': 3, 'C': 3}","[0.58, 1.0, 1.0]",4.0
95,"[2, 3, 4]","[3, 4, 4]","[0.46, 0.79, 0.88]","[['D', 'B', 'A', 'C'], ['B', 'D', 'A', 'C'], ['A', 'B', 'C', 'D']]","{'A': 5, 'D': 4, 'B': 3, 'C': 3}","[0.58, 1.0, 1.0]",4.0
95,"[2, 3, 4]","[3, 4, 4]","[0.46, 0.79, 0.88]","[['D', 'B', 'A', 'C'], ['B', 'D', 'A', 'C'], ['A', 'B', 'D', 'C']]","{'A': 5, 'D': 5, 'B': 3, 'C': 2}","[0.58, 1.0, 1.0]",4.0
95,"[2, 3, 4]","[3, 4, 4]","[0.46, 0.79, 0.88]","[['D', 'B', 'A', 'C'], ['B', 'D', 'A', 'C'], ['A', 'C', 'B', 'D']]","{'A': 5, 'D': 4, 'B': 3, 'C': 3}","[0.58, 1.0, 1.0]",4.0
95,"[2, 3, 4]","[3, 4, 4]","[0.46, 0.79, 0.88]","[['D', 'B', 'A', 'C'], ['B', 'D', 'A', 'C'], ['A', 'C', 'D', 'B']]","{'A': 5, 'D': 5, 'C': 3, 'B': 2}","[0.58, 1.0, 1.0]",4.25
95,"[2, 3, 4]","[3, 4, 4]","[0.46, 0.79, 0.88]","[['D', 'B', 'A', 'C'], ['B', 'D', 'A', 'C'], ['A', 'D', 'B', 'C']]","{'A': 5, 'D': 5, 'B': 3, 'C': 2}","[0.58, 1.0, 1.0]",4.0
95,"[2, 3, 4]","[3, 4, 4]","[0.46, 0.79, 0.88]","[['D', 'B', 'A', 'C'], ['B', 'D', 'A', 'C'], ['A', 'D', 'C', 'B']]","{'A': 5, 'D': 5, 'C': 3, 'B': 2}","[0.58, 1.0, 1.0]",4.25
95,"[2, 3, 4]","[3, 4, 4]","[0.46, 0.79, 0.88]","[['D', 'B', 'A', 'C'], ['B', 'D', 'A', 'C'], ['B', 'A', 'C', 'D']]","{'A': 5, 'D': 4, 'B': 3, 'C': 3}","[0.58, 1.0, 1.0]",4.0
95,"[2, 3, 4]","[3, 4, 4]","[0.46, 0.79, 0.88]","[['D', 'B', 'A', 'C'], ['B', 'D', 'A', 'C'], ['B', 'A', 'D', 'C']]","{'A': 5, 'D': 5, 'B': 3, 'C': 2}","[0.58, 1.0, 1.0]",4.0
95,"[2, 3, 4]","[3, 4, 4]","[0.46, 0.79, 0.88]","[['D', 'B', 'A', 'C'], ['B', 'D', 'A', 'C'], ['B', 'C', 'A', 'D']]","{'A': 5, 'D': 4, 'B': 3, 'C': 3}","[0.58, 1.0, 1.0]",4.0
95,"[2, 3, 4]","[3, 4, 4]","[0.46, 0.79, 0.88]","[['D', 'B', 'A', 'C'], ['B', 'D', 'A', 'C'], ['B', 'D', 'A', 'C']]","{'A': 5, 'D': 5, 'B': 3, 'C': 2}","[0.58, 1.0, 1.0]",4.0
95,"[2, 3, 4]","[3, 4, 4]","[0.46, 0.79, 0.88]","[['D', 'B', 'A', 'C'], ['B', 'D', 'A', 'C'], ['C', 'A', 'B', 'D']]","{'A': 5, 'D': 4, 'B': 3, 'C': 3}","[0.58, 1.0, 1.0]",4.0
95,"[2, 3, 4]","[3, 4, 4]","[0.46, 0.79, 0.88]","[['D', 'B', 'A', 'C'], ['B', 'D', 'A', 'C'], ['C', 'A', 'D', 'B']]","{'A': 5, 'D': 5, 'C': 3, 'B': 2}","[0.58, 1.0, 1.0]",4.25
95,"[2, 3, 4]","[3, 4, 4]","[0.46, 0.79, 0.88]","[['D', 'B', 'A', 'C'], ['B', 'D', 'A', 'C'], ['C', 'B', 'A', 'D']]","{'A': 5, 'D': 4, 'B': 3, 'C': 3}","[0.58, 1.0, 1.0]",4.0
95,"[2, 3, 4]","[3, 4, 4]","[0.46, 0.79, 0.88]","[['D', 'B', 'A', 'C'], ['B', 'D', 'A', 'C'], ['C', 'D', 'A', 'B']]","{'A': 5, 'D': 5, 'C': 3, 'B': 2}","[0.58, 1.0, 1.0]",4.25
95,"[2, 3, 4]","[3, 4, 4]","[0.46, 0.79, 0.88]","[['D', 'B', 'A', 'C'], ['B', 'D', 'A', 'C'], ['D', 'A', 'B', 'C']]","{'A': 5, 'D': 5, 'B': 3, 'C': 2}","[0.58, 1.0, 1.0]",4.0
95,"[2, 3, 4]","[3, 4, 4]","[0.46, 0.79, 0.88]","[['D', 'B', 'A', 'C'], ['B', 'D', 'A', 'C'], ['D', 'A', 'C', 'B']]","{'A': 5, 'D': 5, 'C': 3, 'B': 2}","[0.58, 1.0, 1.0]",4.25
95,"[2, 3, 4]","[3, 4, 4]","[0.46, 0.79, 0.88]","[['D', 'B', 'A', 'C'], ['B', 'D', 'A', 'C'], ['D', 'B', 'A', 'C']]","{'A': 5, 'D': 5, 'B': 3, 'C': 2}","[0.58, 1.0, 1.0]",4.0
95,"[2, 3, 4]","[3, 4, 4]","[0.46, 0.79, 0.88]","[['D', 'B', 'A', 'C'], ['B', 'D', 'A', 'C'], ['D', 'C', 'A', 'B']]","{'A': 5, 'D': 5, 'C': 3, 'B': 2}","[0.58, 1.0, 1.0]",4.25
95,"[2, 3, 4]","[3, 4, 4]","[0.46, 0.79, 0.88]","[['D', 'B', 'A', 'C'], ['C', 'A', 'B', 'D'], ['A', 'B', 'D', 'C']]","{'A': 5, 'D': 4, 'B': 3, 'C': 3}","[0.58, 1.0, 1.0]",4.0
95,"[2, 3, 4]","[3, 4, 4]","[0.46, 0.79, 0.88]","[['D', 'B', 'A', 'C'], ['C', 'A', 'B', 'D'], ['A', 'D', 'B', 'C']]","{'A': 5, 'D': 4, 'B': 3, 'C': 3}","[0.58, 1.0, 1.0]",4.0
95,"[2, 3, 4]","[3, 4, 4]","[0.46, 0.79, 0.88]","[['D', 'B', 'A', 'C'], ['C', 'A', 'B', 'D'], ['B', 'A', 'D', 'C']]","{'A': 5, 'D': 4, 'B': 3, 'C': 3}","[0.58, 1.0, 1.0]",4.0
95,"[2, 3, 4]","[3, 4, 4]","[0.46, 0.79, 0.88]","[['D', 'B', 'A', 'C'], ['C', 'A', 'B', 'D'], ['B', 'D', 'A', 'C']]","{'A': 5, 'D': 4, 'B': 3, 'C': 3}","[0.58, 1.0, 1.0]",4.0
95,"[2, 3, 4]","[3, 4, 4]","[0.46, 0.79, 0.88]","[['D', 'B', 'A', 'C'], ['C', 'A', 'B', 'D'], ['D', 'A', 'B', 'C']]","{'A': 5, 'D': 4, 'B': 3, 'C': 3}","[0.58, 1.0, 1.0]",4.0
95,"[2, 3, 4]","[3, 4, 4]","[0.46, 0.79, 0.88]","[['D', 'B', 'A', 'C'], ['C', 'A', 'B', 'D'], ['D', 'B', 'A', 'C']]","{'A': 5, 'D': 4, 'B': 3, 'C': 3}","[0.58, 1.0, 1.0]",4.0
95,"[2, 3, 4]","[3, 4, 4]","[0.46, 0.79, 0.88]","[['D', 'B', 'A', 'C'], ['C', 'A', 'D', 'B'], ['A', 'B', 'D', 'C']]","{'A': 5, 'D': 5, 'C': 3, 'B': 2}","[0.58, 1.0, 1.0]",4.25
95,"[2, 3, 4]","[3, 4, 4]","[0.46, 0.79, 0.88]","[['D', 'B', 'A', 'C'], ['C', 'A', 'D', 'B'], ['A', 'C', 'D', 'B']]","{'A': 5, 'D': 5, 'C': 4, 'B': 1}","[0.58, 1.0, 1.0]",4.25
95,"[2, 3, 4]","[3, 4, 4]","[0.46, 0.79, 0.88]","[['D', 'B', 'A', 'C'], ['C', 'A', 'D', 'B'], ['A', 'D', 'B', 'C']]","{'A': 5, 'D': 5, 'C': 3, 'B': 2}","[0.58, 1.0, 1.0]",4.25
95,"[2, 3, 4]","[3, 4, 4]","[0.46, 0.79, 0.88]","[['D', 'B', 'A', 'C'], ['C', 'A', 'D', 'B'], ['A', 'D', 'C', 'B']]","{'A': 5, 'D': 5, 'C': 4, 'B': 1}","[0.58, 1.0, 1.0]",4.25
95,"[2, 3, 4]","[3, 4, 4]","[0.46, 0.79, 0.88]","[['D', 'B', 'A', 'C'], ['C', 'A', 'D', 'B'], ['B', 'A', 'D', 'C']]","{'A': 5, 'D': 5, 'C': 3, 'B': 2}","[0.58, 1.0, 1.0]",4.25
95,"[2, 3, 4]","[3, 4, 4]","[0.46, 0.79, 0.88]","[['D', 'B', 'A', 'C'], ['C', 'A', 'D', 'B'], ['B', 'D', 'A', 'C']]","{'A': 5, 'D': 5, 'C': 3, 'B': 2}","[0.58, 1.0, 1.0]",4.25
95,"[2, 3, 4]","[3, 4, 4]","[0.46, 0.79, 0.88]","[['D', 'B', 'A', 'C'], ['C', 'A', 'D', 'B'], ['C', 'A', 'D', 'B']]","{'A': 5, 'D': 5, 'C': 4, 'B': 1}","[0.58, 1.0, 1.0]",4.25
95,"[2, 3, 4]","[3, 4, 4]","[0.46, 0.79, 0.88]","[['D', 'B', 'A', 'C'], ['C', 'A', 'D', 'B'], ['C', 'D', 'A', 'B']]","{'A': 5, 'D': 5, 'C': 4, 'B': 1}","[0.58, 1.0, 1.0]",4.25
95,"[2, 3, 4]","[3, 4, 4]","[0.46, 0.79, 0.88]","[['D', 'B', 'A', 'C'], ['C', 'A', 'D', 'B'], ['D', 'A', 'B', 'C']]","{'A': 5, 'D': 5, 'C': 3, 'B': 2}","[0.58, 1.0, 1.0]",4.25
95,"[2, 3, 4]","[3, 4, 4]","[0.46, 0.79, 0.88]","[['D', 'B', 'A', 'C'], ['C', 'A', 'D', 'B'], ['D', 'A', 'C', 'B']]","{'A': 5, 'D': 5, 'C': 4, 'B': 1}","[0.58, 1.0, 1.0]",4.25
95,"[2, 3, 4]","[3, 4, 4]","[0.46, 0.79, 0.88]","[['D', 'B', 'A', 'C'], ['C', 'A', 'D', 'B'], ['D', 'B', 'A', 'C']]","{'A': 5, 'D': 5, 'C': 3, 'B': 2}","[0.58, 1.0, 1.0]",4.25
95,"[2, 3, 4]","[3, 4, 4]","[0.46, 0.79, 0.88]","[['D', 'B', 'A', 'C'], ['C', 'A', 'D', 'B'], ['D', 'C', 'A', 'B']]","{'A': 5, 'D': 5, 'C': 4, 'B': 1}","[0.58, 1.0, 1.0]",4.25
95,"[2, 3, 4]","[3, 4, 4]","[0.46, 0.79, 0.88]","[['D', 'B', 'A', 'C'], ['C', 'B', 'A', 'D'], ['A', 'B', 'D', 'C']]","{'A': 5, 'D': 4, 'B': 3, 'C': 3}","[0.58, 1.0, 1.0]",4.0
95,"[2, 3, 4]","[3, 4, 4]","[0.46, 0.79, 0.88]","[['D', 'B', 'A', 'C'], ['C', 'B', 'A', 'D'], ['A', 'D', 'B', 'C']]","{'A': 5, 'D': 4, 'B': 3, 'C': 3}","[0.58, 1.0, 1.0]",4.0
95,"[2, 3, 4]","[3, 4, 4]","[0.46, 0.79, 0.88]","[['D', 'B', 'A', 'C'], ['C', 'B', 'A', 'D'], ['B', 'A', 'D', 'C']]","{'A': 5, 'D': 4, 'B': 3, 'C': 3}","[0.58, 1.0, 1.0]",4.0
95,"[2, 3, 4]","[3, 4, 4]","[0.46, 0.79, 0.88]","[['D', 'B', 'A', 'C'], ['C', 'B', 'A', 'D'], ['B', 'D', 'A', 'C']]","{'A': 5, 'D': 4, 'B': 3, 'C': 3}","[0.58, 1.0, 1.0]",4.0
95,"[2, 3, 4]","[3, 4, 4]","[0.46, 0.79, 0.88]","[['D', 'B', 'A', 'C'], ['C', 'B', 'A', 'D'], ['D', 'A', 'B', 'C']]","{'A': 5, 'D': 4, 'B': 3, 'C': 3}","[0.58, 1.0, 1.0]",4.0
95,"[2, 3, 4]","[3, 4, 4]","[0.46, 0.79, 0.88]","[['D', 'B', 'A', 'C'], ['C', 'B', 'A', 'D'], ['D', 'B', 'A', 'C']]","{'A': 5, 'D': 4, 'B': 3, 'C': 3}","[0.58, 1.0, 1.0]",4.0
95,"[2, 3, 4]","[3, 4, 4]","[0.46, 0.79, 0.88]","[['D', 'B', 'A', 'C'], ['C', 'D', 'A', 'B'], ['A', 'B', 'D', 'C']]","{'A': 5, 'D': 5, 'C': 3, 'B': 2}","[0.58, 1.0, 1.0]",4.25
95,"[2, 3, 4]","[3, 4, 4]","[0.46, 0.79, 0.88]","[['D', 'B', 'A', 'C'], ['C', 'D', 'A', 'B'], ['A', 'C', 'D', 'B']]","{'A': 5, 'D': 5, 'C': 4, 'B': 1}","[0.58, 1.0, 1.0]",4.25
95,"[2, 3, 4]","[3, 4, 4]","[0.46, 0.79, 0.88]","[['D', 'B', 'A', 'C'], ['C', 'D', 'A', 'B'], ['A', 'D', 'B', 'C']]","{'A': 5, 'D': 5, 'C': 3, 'B': 2}","[0.58, 1.0, 1.0]",4.25
95,"[2, 3, 4]","[3, 4, 4]","[0.46, 0.79, 0.88]","[['D', 'B', 'A', 'C'], ['C', 'D', 'A', 'B'], ['A', 'D', 'C', 'B']]","{'A': 5, 'D': 5, 'C': 4, 'B': 1}","[0.58, 1.0, 1.0]",4.25
95,"[2, 3, 4]","[3, 4, 4]","[0.46, 0.79, 0.88]","[['D', 'B', 'A', 'C'], ['C', 'D', 'A', 'B'], ['B', 'A', 'D', 'C']]","{'A': 5, 'D': 5, 'C': 3, 'B': 2}","[0.58, 1.0, 1.0]",4.25
95,"[2, 3, 4]","[3, 4, 4]","[0.46, 0.79, 0.88]","[['D', 'B', 'A', 'C'], ['C', 'D', 'A', 'B'], ['B', 'D', 'A', 'C']]","{'A': 5, 'D': 5, 'C': 3, 'B': 2}","[0.58, 1.0, 1.0]",4.25
95,"[2, 3, 4]","[3, 4, 4]","[0.46, 0.79, 0.88]","[['D', 'B', 'A', 'C'], ['C', 'D', 'A', 'B'], ['C', 'A', 'D', 'B']]","{'A': 5, 'D': 5, 'C': 4, 'B': 1}","[0.58, 1.0, 1.0]",4.25
95,"[2, 3, 4]","[3, 4, 4]","[0.46, 0.79, 0.88]","[['D', 'B', 'A', 'C'], ['C', 'D', 'A', 'B'], ['C', 'D', 'A', 'B']]","{'A': 5, 'D': 5, 'C': 4, 'B': 1}","[0.58, 1.0, 1.0]",4.25
95,"[2, 3, 4]","[3, 4, 4]","[0.46, 0.79, 0.88]","[['D', 'B', 'A', 'C'], ['C', 'D', 'A', 'B'], ['D', 'A', 'B', 'C']]","{'A': 5, 'D': 5, 'C': 3, 'B': 2}","[0.58, 1.0, 1.0]",4.25
95,"[2, 3, 4]","[3, 4, 4]","[0.46, 0.79, 0.88]","[['D', 'B', 'A', 'C'], ['C', 'D', 'A', 'B'], ['D', 'A', 'C', 'B']]","{'A': 5, 'D': 5, 'C': 4, 'B': 1}","[0.58, 1.0, 1.0]",4.25
95,"[2, 3, 4]","[3, 4, 4]","[0.46, 0.79, 0.88]","[['D', 'B', 'A', 'C'], ['C', 'D', 'A', 'B'], ['D', 'B', 'A', 'C']]","{'A': 5, 'D': 5, 'C': 3, 'B': 2}","[0.58, 1.0, 1.0]",4.25
95,"[2, 3, 4]","[3, 4, 4]","[0.46, 0.79, 0.88]","[['D', 'B', 'A', 'C'], ['C', 'D', 'A', 'B'], ['D', 'C', 'A', 'B']]","{'A': 5, 'D': 5, 'C': 4, 'B': 1}","[0.58, 1.0, 1.0]",4.25
95,"[2, 3, 4]","[3, 4, 4]","[0.46, 0.79, 0.88]","[['D', 'B', 'A', 'C'], ['D', 'A', 'B', 'C'], ['A', 'B', 'C', 'D']]","{'A': 5, 'D': 4, 'B': 3, 'C': 3}","[0.58, 1.0, 1.0]",4.0
95,"[2, 3, 4]","[3, 4, 4]","[0.46, 0.79, 0.88]","[['D', 'B', 'A', 'C'], ['D', 'A', 'B', 'C'], ['A', 'B', 'D', 'C']]","{'A': 5, 'D': 5, 'B': 3, 'C': 2}","[0.58, 1.0, 1.0]",4.0
95,"[2, 3, 4]","[3, 4, 4]","[0.46, 0.79, 0.88]","[['D', 'B', 'A', 'C'], ['D', 'A', 'B', 'C'], ['A', 'C', 'B', 'D']]","{'A': 5, 'D': 4, 'B': 3, 'C': 3}","[0.58, 1.0, 1.0]",4.0
95,"[2, 3, 4]","[3, 4, 4]","[0.46, 0.79, 0.88]","[['D', 'B', 'A', 'C'], ['D', 'A', 'B', 'C'], ['A', 'C', 'D', 'B']]","{'A': 5, 'D': 5, 'C': 3, 'B': 2}","[0.58, 1.0, 1.0]",4.25
95,"[2, 3, 4]","[3, 4, 4]","[0.46, 0.79, 0.88]","[['D', 'B', 'A', 'C'], ['D', 'A', 'B', 'C'], ['A', 'D', 'B', 'C']]","{'A': 5, 'D': 5, 'B': 3, 'C': 2}","[0.58, 1.0, 1.0]",4.0
95,"[2, 3, 4]","[3, 4, 4]","[0.46, 0.79, 0.88]","[['D', 'B', 'A', 'C'], ['D', 'A', 'B', 'C'], ['A', 'D', 'C', 'B']]","{'A': 5, 'D': 5, 'C': 3, 'B': 2}","[0.58, 1.0, 1.0]",4.25
95,"[2, 3, 4]","[3, 4, 4]","[0.46, 0.79, 0.88]","[['D', 'B', 'A', 'C'], ['D', 'A', 'B', 'C'], ['B', 'A', 'C', 'D']]","{'A': 5, 'D': 4, 'B': 3, 'C': 3}","[0.58, 1.0, 1.0]",4.0
95,"[2, 3, 4]","[3, 4, 4]","[0.46, 0.79, 0.88]","[['D', 'B', 'A', 'C'], ['D', 'A', 'B', 'C'], ['B', 'A', 'D', 'C']]","{'A': 5, 'D': 5, 'B': 3, 'C': 2}","[0.58, 1.0, 1.0]",4.0
95,"[2, 3, 4]","[3, 4, 4]","[0.46, 0.79, 0.88]","[['D', 'B', 'A', 'C'], ['D', 'A', 'B', 'C'], ['B', 'C', 'A', 'D']]","{'A': 5, 'D': 4, 'B': 3, 'C': 3}","[0.58, 1.0, 1.0]",4.0
95,"[2, 3, 4]","[3, 4, 4]","[0.46, 0.79, 0.88]","[['D', 'B', 'A', 'C'], ['D', 'A', 'B', 'C'], ['B', 'D', 'A', 'C']]","{'A': 5, 'D': 5, 'B': 3, 'C': 2}","[0.58, 1.0, 1.0]",4.0
95,"[2, 3, 4]","[3, 4, 4]","[0.46, 0.79, 0.88]","[['D', 'B', 'A', 'C'], ['D', 'A', 'B', 'C'], ['C', 'A', 'B', 'D']]","{'A': 5, 'D': 4, 'B': 3, 'C': 3}","[0.58, 1.0, 1.0]",4.0
95,"[2, 3, 4]","[3, 4, 4]","[0.46, 0.79, 0.88]","[['D', 'B', 'A', 'C'], ['D', 'A', 'B', 'C'], ['C', 'A', 'D', 'B']]","{'A': 5, 'D': 5, 'C': 3, 'B': 2}","[0.58, 1.0, 1.0]",4.25
95,"[2, 3, 4]","[3, 4, 4]","[0.46, 0.79, 0.88]","[['D', 'B', 'A', 'C'], ['D', 'A', 'B', 'C'], ['C', 'B', 'A', 'D']]","{'A': 5, 'D': 4, 'B': 3, 'C': 3}","[0.58, 1.0, 1.0]",4.0
95,"[2, 3, 4]","[3, 4, 4]","[0.46, 0.79, 0.88]","[['D', 'B', 'A', 'C'], ['D', 'A', 'B', 'C'], ['C', 'D', 'A', 'B']]","{'A': 5, 'D': 5, 'C': 3, 'B': 2}","[0.58, 1.0, 1.0]",4.25
95,"[2, 3, 4]","[3, 4, 4]","[0.46, 0.79, 0.88]","[['D', 'B', 'A', 'C'], ['D', 'A', 'B', 'C'], ['D', 'A', 'B', 'C']]","{'A': 5, 'D': 5, 'B': 3, 'C': 2}","[0.58, 1.0, 1.0]",4.0
95,"[2, 3, 4]","[3, 4, 4]","[0.46, 0.79, 0.88]","[['D', 'B', 'A', 'C'], ['D', 'A', 'B', 'C'], ['D', 'A', 'C', 'B']]","{'A': 5, 'D': 5, 'C': 3, 'B': 2}","[0.58, 1.0, 1.0]",4.25
95,"[2, 3, 4]","[3, 4, 4]","[0.46, 0.79, 0.88]","[['D', 'B', 'A', 'C'], ['D', 'A', 'B', 'C'], ['D', 'B', 'A', 'C']]","{'A': 5, 'D': 5, 'B': 3, 'C': 2}","[0.58, 1.0, 1.0]",4.0
95,"[2, 3, 4]","[3, 4, 4]","[0.46, 0.79, 0.88]","[['D', 'B', 'A', 'C'], ['D', 'A', 'B', 'C'], ['D', 'C', 'A', 'B']]","{'A': 5, 'D': 5, 'C': 3, 'B': 2}","[0.58, 1.0, 1.0]",4.25
95,"[2, 3, 4]","[3, 4, 4]","[0.46, 0.79, 0.88]","[['D', 'B', 'A', 'C'], ['D', 'A', 'C', 'B'], ['A', 'B', 'D', 'C']]","{'A': 5, 'D': 5, 'C': 3, 'B': 2}","[0.58, 1.0, 1.0]",4.25
95,"[2, 3, 4]","[3, 4, 4]","[0.46, 0.79, 0.88]","[['D', 'B', 'A', 'C'], ['D', 'A', 'C', 'B'], ['A', 'C', 'D', 'B']]","{'A': 5, 'D': 5, 'C': 4, 'B': 1}","[0.58, 1.0, 1.0]",4.25
95,"[2, 3, 4]","[3, 4, 4]","[0.46, 0.79, 0.88]","[['D', 'B', 'A', 'C'], ['D', 'A', 'C', 'B'], ['A', 'D', 'B', 'C']]","{'A': 5, 'D': 5, 'C': 3, 'B': 2}","[0.58, 1.0, 1.0]",4.25
95,"[2, 3, 4]","[3, 4, 4]","[0.46, 0.79, 0.88]","[['D', 'B', 'A', 'C'], ['D', 'A', 'C', 'B'], ['A', 'D', 'C', 'B']]","{'A': 5, 'D': 5, 'C': 4, 'B': 1}","[0.58, 1.0, 1.0]",4.25
95,"[2, 3, 4]","[3, 4, 4]","[0.46, 0.79, 0.88]","[['D', 'B', 'A', 'C'], ['D', 'A', 'C', 'B'], ['B', 'A', 'D', 'C']]","{'A': 5, 'D': 5, 'C': 3, 'B': 2}","[0.58, 1.0, 1.0]",4.25
95,"[2, 3, 4]","[3, 4, 4]","[0.46, 0.79, 0.88]","[['D', 'B', 'A', 'C'], ['D', 'A', 'C', 'B'], ['B', 'D', 'A', 'C']]","{'A': 5, 'D': 5, 'C': 3, 'B': 2}","[0.58, 1.0, 1.0]",4.25
95,"[2, 3, 4]","[3, 4, 4]","[0.46, 0.79, 0.88]","[['D', 'B', 'A', 'C'], ['D', 'A', 'C', 'B'], ['C', 'A', 'D', 'B']]","{'A': 5, 'D': 5, 'C': 4, 'B': 1}","[0.58, 1.0, 1.0]",4.25
95,"[2, 3, 4]","[3, 4, 4]","[0.46, 0.79, 0.88]","[['D', 'B', 'A', 'C'], ['D', 'A', 'C', 'B'], ['C', 'D', 'A', 'B']]","{'A': 5, 'D': 5, 'C': 4, 'B': 1}","[0.58, 1.0, 1.0]",4.25
95,"[2, 3, 4]","[3, 4, 4]","[0.46, 0.79, 0.88]","[['D', 'B', 'A', 'C'], ['D', 'A', 'C', 'B'], ['D', 'A', 'B', 'C']]","{'A': 5, 'D': 5, 'C': 3, 'B': 2}","[0.58, 1.0, 1.0]",4.25
95,"[2, 3, 4]","[3, 4, 4]","[0.46, 0.79, 0.88]","[['D', 'B', 'A', 'C'], ['D', 'A', 'C', 'B'], ['D', 'A', 'C', 'B']]","{'A': 5, 'D': 5, 'C': 4, 'B': 1}","[0.58, 1.0, 1.0]",4.25
95,"[2, 3, 4]","[3, 4, 4]","[0.46, 0.79, 0.88]","[['D', 'B', 'A', 'C'], ['D', 'A', 'C', 'B'], ['D', 'B', 'A', 'C']]","{'A': 5, 'D': 5, 'C': 3, 'B': 2}","[0.58, 1.0, 1.0]",4.25
95,"[2, 3, 4]","[3, 4, 4]","[0.46, 0.79, 0.88]","[['D', 'B', 'A', 'C'], ['D', 'A', 'C', 'B'], ['D', 'C', 'A', 'B']]","{'A': 5, 'D': 5, 'C': 4, 'B': 1}","[0.58, 1.0, 1.0]",4.25
95,"[2, 3, 4]","[3, 4, 4]","[0.46, 0.79, 0.88]","[['D', 'B', 'A', 'C'], ['D', 'B', 'A', 'C'], ['A', 'B', 'C', 'D']]","{'A': 5, 'D': 4, 'B': 3, 'C': 3}","[0.58, 1.0, 1.0]",4.0
95,"[2, 3, 4]","[3, 4, 4]","[0.46, 0.79, 0.88]","[['D', 'B', 'A', 'C'], ['D', 'B', 'A', 'C'], ['A', 'B', 'D', 'C']]","{'A': 5, 'D': 5, 'B': 3, 'C': 2}","[0.58, 1.0, 1.0]",4.0
95,"[2, 3, 4]","[3, 4, 4]","[0.46, 0.79, 0.88]","[['D', 'B', 'A', 'C'], ['D', 'B', 'A', 'C'], ['A', 'C', 'B', 'D']]","{'A': 5, 'D': 4, 'B': 3, 'C': 3}","[0.58, 1.0, 1.0]",4.0
95,"[2, 3, 4]","[3, 4, 4]","[0.46, 0.79, 0.88]","[['D', 'B', 'A', 'C'], ['D', 'B', 'A', 'C'], ['A', 'C', 'D', 'B']]","{'A': 5, 'D': 5, 'C': 3, 'B': 2}","[0.58, 1.0, 1.0]",4.25
95,"[2, 3, 4]","[3, 4, 4]","[0.46, 0.79, 0.88]","[['D', 'B', 'A', 'C'], ['D', 'B', 'A', 'C'], ['A', 'D', 'B', 'C']]","{'A': 5, 'D': 5, 'B': 3, 'C': 2}","[0.58, 1.0, 1.0]",4.0
95,"[2, 3, 4]","[3, 4, 4]","[0.46, 0.79, 0.88]","[['D', 'B', 'A', 'C'], ['D', 'B', 'A', 'C'], ['A', 'D', 'C', 'B']]","{'A': 5, 'D': 5, 'C': 3, 'B': 2}","[0.58, 1.0, 1.0]",4.25
95,"[2, 3, 4]","[3, 4, 4]","[0.46, 0.79, 0.88]","[['D', 'B', 'A', 'C'], ['D', 'B', 'A', 'C'], ['B', 'A', 'C', 'D']]","{'A': 5, 'D': 4, 'B': 3, 'C': 3}","[0.58, 1.0, 1.0]",4.0
95,"[2, 3, 4]","[3, 4, 4]","[0.46, 0.79, 0.88]","[['D', 'B', 'A', 'C'], ['D', 'B', 'A', 'C'], ['B', 'A', 'D', 'C']]","{'A': 5, 'D': 5, 'B': 3, 'C': 2}","[0.58, 1.0, 1.0]",4.0
95,"[2, 3, 4]","[3, 4, 4]","[0.46, 0.79, 0.88]","[['D', 'B', 'A', 'C'], ['D', 'B', 'A', 'C'], ['B', 'C', 'A', 'D']]","{'A': 5, 'D': 4, 'B': 3, 'C': 3}","[0.58, 1.0, 1.0]",4.0
95,"[2, 3, 4]","[3, 4, 4]","[0.46, 0.79, 0.88]","[['D', 'B', 'A', 'C'], ['D', 'B', 'A', 'C'], ['B', 'D', 'A', 'C']]","{'A': 5, 'D': 5, 'B': 3, 'C': 2}","[0.58, 1.0, 1.0]",4.0
95,"[2, 3, 4]","[3, 4, 4]","[0.46, 0.79, 0.88]","[['D', 'B', 'A', 'C'], ['D', 'B', 'A', 'C'], ['C', 'A', 'B', 'D']]","{'A': 5, 'D': 4, 'B': 3, 'C': 3}","[0.58, 1.0, 1.0]",4.0
95,"[2, 3, 4]","[3, 4, 4]","[0.46, 0.79, 0.88]","[['D', 'B', 'A', 'C'], ['D', 'B', 'A', 'C'], ['C', 'A', 'D', 'B']]","{'A': 5, 'D': 5, 'C': 3, 'B': 2}","[0.58, 1.0, 1.0]",4.25
95,"[2, 3, 4]","[3, 4, 4]","[0.46, 0.79, 0.88]","[['D', 'B', 'A', 'C'], ['D', 'B', 'A', 'C'], ['C', 'B', 'A', 'D']]","{'A': 5, 'D': 4, 'B': 3, 'C': 3}","[0.58, 1.0, 1.0]",4.0
95,"[2, 3, 4]","[3, 4, 4]","[0.46, 0.79, 0.88]","[['D', 'B', 'A', 'C'], ['D', 'B', 'A', 'C'], ['C', 'D', 'A', 'B']]","{'A': 5, 'D': 5, 'C': 3, 'B': 2}","[0.58, 1.0, 1.0]",4.25
95,"[2, 3, 4]","[3, 4, 4]","[0.46, 0.79, 0.88]","[['D', 'B', 'A', 'C'], ['D', 'B', 'A', 'C'], ['D', 'A', 'B', 'C']]","{'A': 5, 'D': 5, 'B': 3, 'C': 2}","[0.58, 1.0, 1.0]",4.0
95,"[2, 3, 4]","[3, 4, 4]","[0.46, 0.79, 0.88]","[['D', 'B', 'A', 'C'], ['D', 'B', 'A', 'C'], ['D', 'A', 'C', 'B']]","{'A': 5, 'D': 5, 'C': 3, 'B': 2}","[0.58, 1.0, 1.0]",4.25
95,"[2, 3, 4]","[3, 4, 4]","[0.46, 0.79, 0.88]","[['D', 'B', 'A', 'C'], ['D', 'B', 'A', 'C'], ['D', 'B', 'A', 'C']]","{'A': 5, 'D': 5, 'B': 3, 'C': 2}","[0.58, 1.0, 1.0]",4.0
95,"[2, 3, 4]","[3, 4, 4]","[0.46, 0.79, 0.88]","[['D', 'B', 'A', 'C'], ['D', 'B', 'A', 'C'], ['D', 'C', 'A', 'B']]","{'A': 5, 'D': 5, 'C': 3, 'B': 2}","[0.58, 1.0, 1.0]",4.25
95,"[2, 3, 4]","[3, 4, 4]","[0.46, 0.79, 0.88]","[['D', 'B', 'A', 'C'], ['D', 'C', 'A', 'B'], ['A', 'B', 'D', 'C']]","{'A': 5, 'D': 5, 'C': 3, 'B': 2}","[0.58, 1.0, 1.0]",4.25
95,"[2, 3, 4]","[3, 4, 4]","[0.46, 0.79, 0.88]","[['D', 'B', 'A', 'C'], ['D', 'C', 'A', 'B'], ['A', 'C', 'D', 'B']]","{'A': 5, 'D': 5, 'C': 4, 'B': 1}","[0.58, 1.0, 1.0]",4.25
95,"[2, 3, 4]","[3, 4, 4]","[0.46, 0.79, 0.88]","[['D', 'B', 'A', 'C'], ['D', 'C', 'A', 'B'], ['A', 'D', 'B', 'C']]","{'A': 5, 'D': 5, 'C': 3, 'B': 2}","[0.58, 1.0, 1.0]",4.25
95,"[2, 3, 4]","[3, 4, 4]","[0.46, 0.79, 0.88]","[['D', 'B', 'A', 'C'], ['D', 'C', 'A', 'B'], ['A', 'D', 'C', 'B']]","{'A': 5, 'D': 5, 'C': 4, 'B': 1}","[0.58, 1.0, 1.0]",4.25
95,"[2, 3, 4]","[3, 4, 4]","[0.46, 0.79, 0.88]","[['D', 'B', 'A', 'C'], ['D', 'C', 'A', 'B'], ['B', 'A', 'D', 'C']]","{'A': 5, 'D': 5, 'C': 3, 'B': 2}","[0.58, 1.0, 1.0]",4.25
95,"[2, 3, 4]","[3, 4, 4]","[0.46, 0.79, 0.88]","[['D', 'B', 'A', 'C'], ['D', 'C', 'A', 'B'], ['B', 'D', 'A', 'C']]","{'A': 5, 'D': 5, 'C': 3, 'B': 2}","[0.58, 1.0, 1.0]",4.25
95,"[2, 3, 4]","[3, 4, 4]","[0.46, 0.79, 0.88]","[['D', 'B', 'A', 'C'], ['D', 'C', 'A', 'B'], ['C', 'A', 'D', 'B']]","{'A': 5, 'D': 5, 'C': 4, 'B': 1}","[0.58, 1.0, 1.0]",4.25
95,"[2, 3, 4]","[3, 4, 4]","[0.46, 0.79, 0.88]","[['D', 'B', 'A', 'C'], ['D', 'C', 'A', 'B'], ['C', 'D', 'A', 'B']]","{'A': 5, 'D': 5, 'C': 4, 'B': 1}","[0.58, 1.0, 1.0]",4.25
95,"[2, 3, 4]","[3, 4, 4]","[0.46, 0.79, 0.88]","[['D', 'B', 'A', 'C'], ['D', 'C', 'A', 'B'], ['D', 'A', 'B', 'C']]","{'A': 5, 'D': 5, 'C': 3, 'B': 2}","[0.58, 1.0, 1.0]",4.25
95,"[2, 3, 4]","[3, 4, 4]","[0.46, 0.79, 0.88]","[['D', 'B', 'A', 'C'], ['D', 'C', 'A', 'B'], ['D', 'A', 'C', 'B']]","{'A': 5, 'D': 5, 'C': 4, 'B': 1}","[0.58, 1.0, 1.0]",4.25
95,"[2, 3, 4]","[3, 4, 4]","[0.46, 0.79, 0.88]","[['D', 'B', 'A', 'C'], ['D', 'C', 'A', 'B'], ['D', 'B', 'A', 'C']]","{'A': 5, 'D': 5, 'C': 3, 'B': 2}","[0.58, 1.0, 1.0]",4.25
95,"[2, 3, 4]","[3, 4, 4]","[0.46, 0.79, 0.88]","[['D', 'B', 'A', 'C'], ['D', 'C', 'A', 'B'], ['D', 'C', 'A', 'B']]","{'A': 5, 'D': 5, 'C': 4, 'B': 1}","[0.58, 1.0, 1.0]",4.25
95,"[2, 3, 4]","[3, 4, 4]","[0.46, 0.79, 0.88]","[['D', 'C', 'A', 'B'], ['A', 'B', 'D', 'C'], ['A', 'B', 'D', 'C']]","{'A': 5, 'D': 5, 'C': 3, 'B': 2}","[0.58, 1.0, 1.0]",4.25
95,"[2, 3, 4]","[3, 4, 4]","[0.46, 0.79, 0.88]","[['D', 'C', 'A', 'B'], ['A', 'B', 'D', 'C'], ['A', 'C', 'D', 'B']]","{'A': 5, 'D': 5, 'C': 4, 'B': 1}","[0.58, 1.0, 1.0]",4.25
95,"[2, 3, 4]","[3, 4, 4]","[0.46, 0.79, 0.88]","[['D', 'C', 'A', 'B'], ['A', 'B', 'D', 'C'], ['A', 'D', 'B', 'C']]","{'A': 5, 'D': 5, 'C': 3, 'B': 2}","[0.58, 1.0, 1.0]",4.25
95,"[2, 3, 4]","[3, 4, 4]","[0.46, 0.79, 0.88]","[['D', 'C', 'A', 'B'], ['A', 'B', 'D', 'C'], ['A', 'D', 'C', 'B']]","{'A': 5, 'D': 5, 'C': 4, 'B': 1}","[0.58, 1.0, 1.0]",4.25
95,"[2, 3, 4]","[3, 4, 4]","[0.46, 0.79, 0.88]","[['D', 'C', 'A', 'B'], ['A', 'B', 'D', 'C'], ['B', 'A', 'D', 'C']]","{'A': 5, 'D': 5, 'C': 3, 'B': 2}","[0.58, 1.0, 1.0]",4.25
95,"[2, 3, 4]","[3, 4, 4]","[0.46, 0.79, 0.88]","[['D', 'C', 'A', 'B'], ['A', 'B', 'D', 'C'], ['B', 'D', 'A', 'C']]","{'A': 5, 'D': 5, 'C': 3, 'B': 2}","[0.58, 1.0, 1.0]",4.25
95,"[2, 3, 4]","[3, 4, 4]","[0.46, 0.79, 0.88]","[['D', 'C', 'A', 'B'], ['A', 'B', 'D', 'C'], ['C', 'A', 'D', 'B']]","{'A': 5, 'D': 5, 'C': 4, 'B': 1}","[0.58, 1.0, 1.0]",4.25
95,"[2, 3, 4]","[3, 4, 4]","[0.46, 0.79, 0.88]","[['D', 'C', 'A', 'B'], ['A', 'B', 'D', 'C'], ['C', 'D', 'A', 'B']]","{'A': 5, 'D': 5, 'C': 4, 'B': 1}","[0.58, 1.0, 1.0]",4.25
95,"[2, 3, 4]","[3, 4, 4]","[0.46, 0.79, 0.88]","[['D', 'C', 'A', 'B'], ['A', 'B', 'D', 'C'], ['D', 'A', 'B', 'C']]","{'A': 5, 'D': 5, 'C': 3, 'B': 2}","[0.58, 1.0, 1.0]",4.25
95,"[2, 3, 4]","[3, 4, 4]","[0.46, 0.79, 0.88]","[['D', 'C', 'A', 'B'], ['A', 'B', 'D', 'C'], ['D', 'A', 'C', 'B']]","{'A': 5, 'D': 5, 'C': 4, 'B': 1}","[0.58, 1.0, 1.0]",4.25
95,"[2, 3, 4]","[3, 4, 4]","[0.46, 0.79, 0.88]","[['D', 'C', 'A', 'B'], ['A', 'B', 'D', 'C'], ['D', 'B', 'A', 'C']]","{'A': 5, 'D': 5, 'C': 3, 'B': 2}","[0.58, 1.0, 1.0]",4.25
95,"[2, 3, 4]","[3, 4, 4]","[0.46, 0.79, 0.88]","[['D', 'C', 'A', 'B'], ['A', 'B', 'D', 'C'], ['D', 'C', 'A', 'B']]","{'A': 5, 'D': 5, 'C': 4, 'B': 1}","[0.58, 1.0, 1.0]",4.25
95,"[2, 3, 4]","[3, 4, 4]","[0.46, 0.79, 0.88]","[['D', 'C', 'A', 'B'], ['A', 'C', 'D', 'B'], ['A', 'B', 'D', 'C']]","{'A': 5, 'D': 5, 'C': 4, 'B': 1}","[0.58, 1.0, 1.0]",4.25
95,"[2, 3, 4]","[3, 4, 4]","[0.46, 0.79, 0.88]","[['D', 'C', 'A', 'B'], ['A', 'C', 'D', 'B'], ['A', 'D', 'B', 'C']]","{'A': 5, 'D': 5, 'C': 4, 'B': 1}","[0.58, 1.0, 1.0]",4.25
95,"[2, 3, 4]","[3, 4, 4]","[0.46, 0.79, 0.88]","[['D', 'C', 'A', 'B'], ['A', 'C', 'D', 'B'], ['B', 'A', 'D', 'C']]","{'A': 5, 'D': 5, 'C': 4, 'B': 1}","[0.58, 1.0, 1.0]",4.25
95,"[2, 3, 4]","[3, 4, 4]","[0.46, 0.79, 0.88]","[['D', 'C', 'A', 'B'], ['A', 'C', 'D', 'B'], ['B', 'D', 'A', 'C']]","{'A': 5, 'D': 5, 'C': 4, 'B': 1}","[0.58, 1.0, 1.0]",4.25
95,"[2, 3, 4]","[3, 4, 4]","[0.46, 0.79, 0.88]","[['D', 'C', 'A', 'B'], ['A', 'C', 'D', 'B'], ['D', 'A', 'B', 'C']]","{'A': 5, 'D': 5, 'C': 4, 'B': 1}","[0.58, 1.0, 1.0]",4.25
95,"[2, 3, 4]","[3, 4, 4]","[0.46, 0.79, 0.88]","[['D', 'C', 'A', 'B'], ['A', 'C', 'D', 'B'], ['D', 'B', 'A', 'C']]","{'A': 5, 'D': 5, 'C': 4, 'B': 1}","[0.58, 1.0, 1.0]",4.25
95,"[2, 3, 4]","[3, 4, 4]","[0.46, 0.79, 0.88]","[['D', 'C', 'A', 'B'], ['A', 'D', 'B', 'C'], ['A', 'B', 'D', 'C']]","{'A': 5, 'D': 5, 'C': 3, 'B': 2}","[0.58, 1.0, 1.0]",4.25
95,"[2, 3, 4]","[3, 4, 4]","[0.46, 0.79, 0.88]","[['D', 'C', 'A', 'B'], ['A', 'D', 'B', 'C'], ['A', 'C', 'D', 'B']]","{'A': 5, 'D': 5, 'C': 4, 'B': 1}","[0.58, 1.0, 1.0]",4.25
95,"[2, 3, 4]","[3, 4, 4]","[0.46, 0.79, 0.88]","[['D', 'C', 'A', 'B'], ['A', 'D', 'B', 'C'], ['A', 'D', 'B', 'C']]","{'A': 5, 'D': 5, 'C': 3, 'B': 2}","[0.58, 1.0, 1.0]",4.25
95,"[2, 3, 4]","[3, 4, 4]","[0.46, 0.79, 0.88]","[['D', 'C', 'A', 'B'], ['A', 'D', 'B', 'C'], ['A', 'D', 'C', 'B']]","{'A': 5, 'D': 5, 'C': 4, 'B': 1}","[0.58, 1.0, 1.0]",4.25
95,"[2, 3, 4]","[3, 4, 4]","[0.46, 0.79, 0.88]","[['D', 'C', 'A', 'B'], ['A', 'D', 'B', 'C'], ['B', 'A', 'D', 'C']]","{'A': 5, 'D': 5, 'C': 3, 'B': 2}","[0.58, 1.0, 1.0]",4.25
95,"[2, 3, 4]","[3, 4, 4]","[0.46, 0.79, 0.88]","[['D', 'C', 'A', 'B'], ['A', 'D', 'B', 'C'], ['B', 'D', 'A', 'C']]","{'A': 5, 'D': 5, 'C': 3, 'B': 2}","[0.58, 1.0, 1.0]",4.25
95,"[2, 3, 4]","[3, 4, 4]","[0.46, 0.79, 0.88]","[['D', 'C', 'A', 'B'], ['A', 'D', 'B', 'C'], ['C', 'A', 'D', 'B']]","{'A': 5, 'D': 5, 'C': 4, 'B': 1}","[0.58, 1.0, 1.0]",4.25
95,"[2, 3, 4]","[3, 4, 4]","[0.46, 0.79, 0.88]","[['D', 'C', 'A', 'B'], ['A', 'D', 'B', 'C'], ['C', 'D', 'A', 'B']]","{'A': 5, 'D': 5, 'C': 4, 'B': 1}","[0.58, 1.0, 1.0]",4.25
95,"[2, 3, 4]","[3, 4, 4]","[0.46, 0.79, 0.88]","[['D', 'C', 'A', 'B'], ['A', 'D', 'B', 'C'], ['D', 'A', 'B', 'C']]","{'A': 5, 'D': 5, 'C': 3, 'B': 2}","[0.58, 1.0, 1.0]",4.25
95,"[2, 3, 4]","[3, 4, 4]","[0.46, 0.79, 0.88]","[['D', 'C', 'A', 'B'], ['A', 'D', 'B', 'C'], ['D', 'A', 'C', 'B']]","{'A': 5, 'D': 5, 'C': 4, 'B': 1}","[0.58, 1.0, 1.0]",4.25
95,"[2, 3, 4]","[3, 4, 4]","[0.46, 0.79, 0.88]","[['D', 'C', 'A', 'B'], ['A', 'D', 'B', 'C'], ['D', 'B', 'A', 'C']]","{'A': 5, 'D': 5, 'C': 3, 'B': 2}","[0.58, 1.0, 1.0]",4.25
95,"[2, 3, 4]","[3, 4, 4]","[0.46, 0.79, 0.88]","[['D', 'C', 'A', 'B'], ['A', 'D', 'B', 'C'], ['D', 'C', 'A', 'B']]","{'A': 5, 'D': 5, 'C': 4, 'B': 1}","[0.58, 1.0, 1.0]",4.25
95,"[2, 3, 4]","[3, 4, 4]","[0.46, 0.79, 0.88]","[['D', 'C', 'A', 'B'], ['A', 'D', 'C', 'B'], ['A', 'B', 'D', 'C']]","{'A': 5, 'D': 5, 'C': 4, 'B': 1}","[0.58, 1.0, 1.0]",4.25
95,"[2, 3, 4]","[3, 4, 4]","[0.46, 0.79, 0.88]","[['D', 'C', 'A', 'B'], ['A', 'D', 'C', 'B'], ['A', 'D', 'B', 'C']]","{'A': 5, 'D': 5, 'C': 4, 'B': 1}","[0.58, 1.0, 1.0]",4.25
95,"[2, 3, 4]","[3, 4, 4]","[0.46, 0.79, 0.88]","[['D', 'C', 'A', 'B'], ['A', 'D', 'C', 'B'], ['B', 'A', 'D', 'C']]","{'A': 5, 'D': 5, 'C': 4, 'B': 1}","[0.58, 1.0, 1.0]",4.25
95,"[2, 3, 4]","[3, 4, 4]","[0.46, 0.79, 0.88]","[['D', 'C', 'A', 'B'], ['A', 'D', 'C', 'B'], ['B', 'D', 'A', 'C']]","{'A': 5, 'D': 5, 'C': 4, 'B': 1}","[0.58, 1.0, 1.0]",4.25
95,"[2, 3, 4]","[3, 4, 4]","[0.46, 0.79, 0.88]","[['D', 'C', 'A', 'B'], ['A', 'D', 'C', 'B'], ['D', 'A', 'B', 'C']]","{'A': 5, 'D': 5, 'C': 4, 'B': 1}","[0.58, 1.0, 1.0]",4.25
95,"[2, 3, 4]","[3, 4, 4]","[0.46, 0.79, 0.88]","[['D', 'C', 'A', 'B'], ['A', 'D', 'C', 'B'], ['D', 'B', 'A', 'C']]","{'A': 5, 'D': 5, 'C': 4, 'B': 1}","[0.58, 1.0, 1.0]",4.25
95,"[2, 3, 4]","[3, 4, 4]","[0.46, 0.79, 0.88]","[['D', 'C', 'A', 'B'], ['B', 'A', 'D', 'C'], ['A', 'B', 'D', 'C']]","{'A': 5, 'D': 5, 'C': 3, 'B': 2}","[0.58, 1.0, 1.0]",4.25
95,"[2, 3, 4]","[3, 4, 4]","[0.46, 0.79, 0.88]","[['D', 'C', 'A', 'B'], ['B', 'A', 'D', 'C'], ['A', 'C', 'D', 'B']]","{'A': 5, 'D': 5, 'C': 4, 'B': 1}","[0.58, 1.0, 1.0]",4.25
95,"[2, 3, 4]","[3, 4, 4]","[0.46, 0.79, 0.88]","[['D', 'C', 'A', 'B'], ['B', 'A', 'D', 'C'], ['A', 'D', 'B', 'C']]","{'A': 5, 'D': 5, 'C': 3, 'B': 2}","[0.58, 1.0, 1.0]",4.25
95,"[2, 3, 4]","[3, 4, 4]","[0.46, 0.79, 0.88]","[['D', 'C', 'A', 'B'], ['B', 'A', 'D', 'C'], ['A', 'D', 'C', 'B']]","{'A': 5, 'D': 5, 'C': 4, 'B': 1}","[0.58, 1.0, 1.0]",4.25
95,"[2, 3, 4]","[3, 4, 4]","[0.46, 0.79, 0.88]","[['D', 'C', 'A', 'B'], ['B', 'A', 'D', 'C'], ['B', 'A', 'D', 'C']]","{'A': 5, 'D': 5, 'C': 3, 'B': 2}","[0.58, 1.0, 1.0]",4.25
95,"[2, 3, 4]","[3, 4, 4]","[0.46, 0.79, 0.88]","[['D', 'C', 'A', 'B'], ['B', 'A', 'D', 'C'], ['B', 'D', 'A', 'C']]","{'A': 5, 'D': 5, 'C': 3, 'B': 2}","[0.58, 1.0, 1.0]",4.25
95,"[2, 3, 4]","[3, 4, 4]","[0.46, 0.79, 0.88]","[['D', 'C', 'A', 'B'], ['B', 'A', 'D', 'C'], ['C', 'A', 'D', 'B']]","{'A': 5, 'D': 5, 'C': 4, 'B': 1}","[0.58, 1.0, 1.0]",4.25
95,"[2, 3, 4]","[3, 4, 4]","[0.46, 0.79, 0.88]","[['D', 'C', 'A', 'B'], ['B', 'A', 'D', 'C'], ['C', 'D', 'A', 'B']]","{'A': 5, 'D': 5, 'C': 4, 'B': 1}","[0.58, 1.0, 1.0]",4.25
95,"[2, 3, 4]","[3, 4, 4]","[0.46, 0.79, 0.88]","[['D', 'C', 'A', 'B'], ['B', 'A', 'D', 'C'], ['D', 'A', 'B', 'C']]","{'A': 5, 'D': 5, 'C': 3, 'B': 2}","[0.58, 1.0, 1.0]",4.25
95,"[2, 3, 4]","[3, 4, 4]","[0.46, 0.79, 0.88]","[['D', 'C', 'A', 'B'], ['B', 'A', 'D', 'C'], ['D', 'A', 'C', 'B']]","{'A': 5, 'D': 5, 'C': 4, 'B': 1}","[0.58, 1.0, 1.0]",4.25
95,"[2, 3, 4]","[3, 4, 4]","[0.46, 0.79, 0.88]","[['D', 'C', 'A', 'B'], ['B', 'A', 'D', 'C'], ['D', 'B', 'A', 'C']]","{'A': 5, 'D': 5, 'C': 3, 'B': 2}","[0.58, 1.0, 1.0]",4.25
95,"[2, 3, 4]","[3, 4, 4]","[0.46, 0.79, 0.88]","[['D', 'C', 'A', 'B'], ['B', 'A', 'D', 'C'], ['D', 'C', 'A', 'B']]","{'A': 5, 'D': 5, 'C': 4, 'B': 1}","[0.58, 1.0, 1.0]",4.25
95,"[2, 3, 4]","[3, 4, 4]","[0.46, 0.79, 0.88]","[['D', 'C', 'A', 'B'], ['B', 'D', 'A', 'C'], ['A', 'B', 'D', 'C']]","{'A': 5, 'D': 5, 'C': 3, 'B': 2}","[0.58, 1.0, 1.0]",4.25
95,"[2, 3, 4]","[3, 4, 4]","[0.46, 0.79, 0.88]","[['D', 'C', 'A', 'B'], ['B', 'D', 'A', 'C'], ['A', 'C', 'D', 'B']]","{'A': 5, 'D': 5, 'C': 4, 'B': 1}","[0.58, 1.0, 1.0]",4.25
95,"[2, 3, 4]","[3, 4, 4]","[0.46, 0.79, 0.88]","[['D', 'C', 'A', 'B'], ['B', 'D', 'A', 'C'], ['A', 'D', 'B', 'C']]","{'A': 5, 'D': 5, 'C': 3, 'B': 2}","[0.58, 1.0, 1.0]",4.25
95,"[2, 3, 4]","[3, 4, 4]","[0.46, 0.79, 0.88]","[['D', 'C', 'A', 'B'], ['B', 'D', 'A', 'C'], ['A', 'D', 'C', 'B']]","{'A': 5, 'D': 5, 'C': 4, 'B': 1}","[0.58, 1.0, 1.0]",4.25
95,"[2, 3, 4]","[3, 4, 4]","[0.46, 0.79, 0.88]","[['D', 'C', 'A', 'B'], ['B', 'D', 'A', 'C'], ['B', 'A', 'D', 'C']]","{'A': 5, 'D': 5, 'C': 3, 'B': 2}","[0.58, 1.0, 1.0]",4.25
95,"[2, 3, 4]","[3, 4, 4]","[0.46, 0.79, 0.88]","[['D', 'C', 'A', 'B'], ['B', 'D', 'A', 'C'], ['B', 'D', 'A', 'C']]","{'A': 5, 'D': 5, 'C': 3, 'B': 2}","[0.58, 1.0, 1.0]",4.25
95,"[2, 3, 4]","[3, 4, 4]","[0.46, 0.79, 0.88]","[['D', 'C', 'A', 'B'], ['B', 'D', 'A', 'C'], ['C', 'A', 'D', 'B']]","{'A': 5, 'D': 5, 'C': 4, 'B': 1}","[0.58, 1.0, 1.0]",4.25
95,"[2, 3, 4]","[3, 4, 4]","[0.46, 0.79, 0.88]","[['D', 'C', 'A', 'B'], ['B', 'D', 'A', 'C'], ['C', 'D', 'A', 'B']]","{'A': 5, 'D': 5, 'C': 4, 'B': 1}","[0.58, 1.0, 1.0]",4.25
95,"[2, 3, 4]","[3, 4, 4]","[0.46, 0.79, 0.88]","[['D', 'C', 'A', 'B'], ['B', 'D', 'A', 'C'], ['D', 'A', 'B', 'C']]","{'A': 5, 'D': 5, 'C': 3, 'B': 2}","[0.58, 1.0, 1.0]",4.25
95,"[2, 3, 4]","[3, 4, 4]","[0.46, 0.79, 0.88]","[['D', 'C', 'A', 'B'], ['B', 'D', 'A', 'C'], ['D', 'A', 'C', 'B']]","{'A': 5, 'D': 5, 'C': 4, 'B': 1}","[0.58, 1.0, 1.0]",4.25
95,"[2, 3, 4]","[3, 4, 4]","[0.46, 0.79, 0.88]","[['D', 'C', 'A', 'B'], ['B', 'D', 'A', 'C'], ['D', 'B', 'A', 'C']]","{'A': 5, 'D': 5, 'C': 3, 'B': 2}","[0.58, 1.0, 1.0]",4.25
95,"[2, 3, 4]","[3, 4, 4]","[0.46, 0.79, 0.88]","[['D', 'C', 'A', 'B'], ['B', 'D', 'A', 'C'], ['D', 'C', 'A', 'B']]","{'A': 5, 'D': 5, 'C': 4, 'B': 1}","[0.58, 1.0, 1.0]",4.25
95,"[2, 3, 4]","[3, 4, 4]","[0.46, 0.79, 0.88]","[['D', 'C', 'A', 'B'], ['C', 'A', 'D', 'B'], ['A', 'B', 'D', 'C']]","{'A': 5, 'D': 5, 'C': 4, 'B': 1}","[0.58, 1.0, 1.0]",4.25
95,"[2, 3, 4]","[3, 4, 4]","[0.46, 0.79, 0.88]","[['D', 'C', 'A', 'B'], ['C', 'A', 'D', 'B'], ['A', 'D', 'B', 'C']]","{'A': 5, 'D': 5, 'C': 4, 'B': 1}","[0.58, 1.0, 1.0]",4.25
95,"[2, 3, 4]","[3, 4, 4]","[0.46, 0.79, 0.88]","[['D', 'C', 'A', 'B'], ['C', 'A', 'D', 'B'], ['B', 'A', 'D', 'C']]","{'A': 5, 'D': 5, 'C': 4, 'B': 1}","[0.58, 1.0, 1.0]",4.25
95,"[2, 3, 4]","[3, 4, 4]","[0.46, 0.79, 0.88]","[['D', 'C', 'A', 'B'], ['C', 'A', 'D', 'B'], ['B', 'D', 'A', 'C']]","{'A': 5, 'D': 5, 'C': 4, 'B': 1}","[0.58, 1.0, 1.0]",4.25
95,"[2, 3, 4]","[3, 4, 4]","[0.46, 0.79, 0.88]","[['D', 'C', 'A', 'B'], ['C', 'A', 'D', 'B'], ['D', 'A', 'B', 'C']]","{'A': 5, 'D': 5, 'C': 4, 'B': 1}","[0.58, 1.0, 1.0]",4.25
95,"[2, 3, 4]","[3, 4, 4]","[0.46, 0.79, 0.88]","[['D', 'C', 'A', 'B'], ['C', 'A', 'D', 'B'], ['D', 'B', 'A', 'C']]","{'A': 5, 'D': 5, 'C': 4, 'B': 1}","[0.58, 1.0, 1.0]",4.25
95,"[2, 3, 4]","[3, 4, 4]","[0.46, 0.79, 0.88]","[['D', 'C', 'A', 'B'], ['C', 'D', 'A', 'B'], ['A', 'B', 'D', 'C']]","{'A': 5, 'D': 5, 'C': 4, 'B': 1}","[0.58, 1.0, 1.0]",4.25
95,"[2, 3, 4]","[3, 4, 4]","[0.46, 0.79, 0.88]","[['D', 'C', 'A', 'B'], ['C', 'D', 'A', 'B'], ['A', 'D', 'B', 'C']]","{'A': 5, 'D': 5, 'C': 4, 'B': 1}","[0.58, 1.0, 1.0]",4.25
95,"[2, 3, 4]","[3, 4, 4]","[0.46, 0.79, 0.88]","[['D', 'C', 'A', 'B'], ['C', 'D', 'A', 'B'], ['B', 'A', 'D', 'C']]","{'A': 5, 'D': 5, 'C': 4, 'B': 1}","[0.58, 1.0, 1.0]",4.25
95,"[2, 3, 4]","[3, 4, 4]","[0.46, 0.79, 0.88]","[['D', 'C', 'A', 'B'], ['C', 'D', 'A', 'B'], ['B', 'D', 'A', 'C']]","{'A': 5, 'D': 5, 'C': 4, 'B': 1}","[0.58, 1.0, 1.0]",4.25
95,"[2, 3, 4]","[3, 4, 4]","[0.46, 0.79, 0.88]","[['D', 'C', 'A', 'B'], ['C', 'D', 'A', 'B'], ['D', 'A', 'B', 'C']]","{'A': 5, 'D': 5, 'C': 4, 'B': 1}","[0.58, 1.0, 1.0]",4.25
95,"[2, 3, 4]","[3, 4, 4]","[0.46, 0.79, 0.88]","[['D', 'C', 'A', 'B'], ['C', 'D', 'A', 'B'], ['D', 'B', 'A', 'C']]","{'A': 5, 'D': 5, 'C': 4, 'B': 1}","[0.58, 1.0, 1.0]",4.25
95,"[2, 3, 4]","[3, 4, 4]","[0.46, 0.79, 0.88]","[['D', 'C', 'A', 'B'], ['D', 'A', 'B', 'C'], ['A', 'B', 'D', 'C']]","{'A': 5, 'D': 5, 'C': 3, 'B': 2}","[0.58, 1.0, 1.0]",4.25
95,"[2, 3, 4]","[3, 4, 4]","[0.46, 0.79, 0.88]","[['D', 'C', 'A', 'B'], ['D', 'A', 'B', 'C'], ['A', 'C', 'D', 'B']]","{'A': 5, 'D': 5, 'C': 4, 'B': 1}","[0.58, 1.0, 1.0]",4.25
95,"[2, 3, 4]","[3, 4, 4]","[0.46, 0.79, 0.88]","[['D', 'C', 'A', 'B'], ['D', 'A', 'B', 'C'], ['A', 'D', 'B', 'C']]","{'A': 5, 'D': 5, 'C': 3, 'B': 2}","[0.58, 1.0, 1.0]",4.25
95,"[2, 3, 4]","[3, 4, 4]","[0.46, 0.79, 0.88]","[['D', 'C', 'A', 'B'], ['D', 'A', 'B', 'C'], ['A', 'D', 'C', 'B']]","{'A': 5, 'D': 5, 'C': 4, 'B': 1}","[0.58, 1.0, 1.0]",4.25
95,"[2, 3, 4]","[3, 4, 4]","[0.46, 0.79, 0.88]","[['D', 'C', 'A', 'B'], ['D', 'A', 'B', 'C'], ['B', 'A', 'D', 'C']]","{'A': 5, 'D': 5, 'C': 3, 'B': 2}","[0.58, 1.0, 1.0]",4.25
95,"[2, 3, 4]","[3, 4, 4]","[0.46, 0.79, 0.88]","[['D', 'C', 'A', 'B'], ['D', 'A', 'B', 'C'], ['B', 'D', 'A', 'C']]","{'A': 5, 'D': 5, 'C': 3, 'B': 2}","[0.58, 1.0, 1.0]",4.25
95,"[2, 3, 4]","[3, 4, 4]","[0.46, 0.79, 0.88]","[['D', 'C', 'A', 'B'], ['D', 'A', 'B', 'C'], ['C', 'A', 'D', 'B']]","{'A': 5, 'D': 5, 'C': 4, 'B': 1}","[0.58, 1.0, 1.0]",4.25
95,"[2, 3, 4]","[3, 4, 4]","[0.46, 0.79, 0.88]","[['D', 'C', 'A', 'B'], ['D', 'A', 'B', 'C'], ['C', 'D', 'A', 'B']]","{'A': 5, 'D': 5, 'C': 4, 'B': 1}","[0.58, 1.0, 1.0]",4.25
95,"[2, 3, 4]","[3, 4, 4]","[0.46, 0.79, 0.88]","[['D', 'C', 'A', 'B'], ['D', 'A', 'B', 'C'], ['D', 'A', 'B', 'C']]","{'A': 5, 'D': 5, 'C': 3, 'B': 2}","[0.58, 1.0, 1.0]",4.25
95,"[2, 3, 4]","[3, 4, 4]","[0.46, 0.79, 0.88]","[['D', 'C', 'A', 'B'], ['D', 'A', 'B', 'C'], ['D', 'A', 'C', 'B']]","{'A': 5, 'D': 5, 'C': 4, 'B': 1}","[0.58, 1.0, 1.0]",4.25
95,"[2, 3, 4]","[3, 4, 4]","[0.46, 0.79, 0.88]","[['D', 'C', 'A', 'B'], ['D', 'A', 'B', 'C'], ['D', 'B', 'A', 'C']]","{'A': 5, 'D': 5, 'C': 3, 'B': 2}","[0.58, 1.0, 1.0]",4.25
95,"[2, 3, 4]","[3, 4, 4]","[0.46, 0.79, 0.88]","[['D', 'C', 'A', 'B'], ['D', 'A', 'B', 'C'], ['D', 'C', 'A', 'B']]","{'A': 5, 'D': 5, 'C': 4, 'B': 1}","[0.58, 1.0, 1.0]",4.25
95,"[2, 3, 4]","[3, 4, 4]","[0.46, 0.79, 0.88]","[['D', 'C', 'A', 'B'], ['D', 'A', 'C', 'B'], ['A', 'B', 'D', 'C']]","{'A': 5, 'D': 5, 'C': 4, 'B': 1}","[0.58, 1.0, 1.0]",4.25
95,"[2, 3, 4]","[3, 4, 4]","[0.46, 0.79, 0.88]","[['D', 'C', 'A', 'B'], ['D', 'A', 'C', 'B'], ['A', 'D', 'B', 'C']]","{'A': 5, 'D': 5, 'C': 4, 'B': 1}","[0.58, 1.0, 1.0]",4.25
95,"[2, 3, 4]","[3, 4, 4]","[0.46, 0.79, 0.88]","[['D', 'C', 'A', 'B'], ['D', 'A', 'C', 'B'], ['B', 'A', 'D', 'C']]","{'A': 5, 'D': 5, 'C': 4, 'B': 1}","[0.58, 1.0, 1.0]",4.25
95,"[2, 3, 4]","[3, 4, 4]","[0.46, 0.79, 0.88]","[['D', 'C', 'A', 'B'], ['D', 'A', 'C', 'B'], ['B', 'D', 'A', 'C']]","{'A': 5, 'D': 5, 'C': 4, 'B': 1}","[0.58, 1.0, 1.0]",4.25
95,"[2, 3, 4]","[3, 4, 4]","[0.46, 0.79, 0.88]","[['D', 'C', 'A', 'B'], ['D', 'A', 'C', 'B'], ['D', 'A', 'B', 'C']]","{'A': 5, 'D': 5, 'C': 4, 'B': 1}","[0.58, 1.0, 1.0]",4.25
95,"[2, 3, 4]","[3, 4, 4]","[0.46, 0.79, 0.88]","[['D', 'C', 'A', 'B'], ['D', 'A', 'C', 'B'], ['D', 'B', 'A', 'C']]","{'A': 5, 'D': 5, 'C': 4, 'B': 1}","[0.58, 1.0, 1.0]",4.25
95,"[2, 3, 4]","[3, 4, 4]","[0.46, 0.79, 0.88]","[['D', 'C', 'A', 'B'], ['D', 'B', 'A', 'C'], ['A', 'B', 'D', 'C']]","{'A': 5, 'D': 5, 'C': 3, 'B': 2}","[0.58, 1.0, 1.0]",4.25
95,"[2, 3, 4]","[3, 4, 4]","[0.46, 0.79, 0.88]","[['D', 'C', 'A', 'B'], ['D', 'B', 'A', 'C'], ['A', 'C', 'D', 'B']]","{'A': 5, 'D': 5, 'C': 4, 'B': 1}","[0.58, 1.0, 1.0]",4.25
95,"[2, 3, 4]","[3, 4, 4]","[0.46, 0.79, 0.88]","[['D', 'C', 'A', 'B'], ['D', 'B', 'A', 'C'], ['A', 'D', 'B', 'C']]","{'A': 5, 'D': 5, 'C': 3, 'B': 2}","[0.58, 1.0, 1.0]",4.25
95,"[2, 3, 4]","[3, 4, 4]","[0.46, 0.79, 0.88]","[['D', 'C', 'A', 'B'], ['D', 'B', 'A', 'C'], ['A', 'D', 'C', 'B']]","{'A': 5, 'D': 5, 'C': 4, 'B': 1}","[0.58, 1.0, 1.0]",4.25
95,"[2, 3, 4]","[3, 4, 4]","[0.46, 0.79, 0.88]","[['D', 'C', 'A', 'B'], ['D', 'B', 'A', 'C'], ['B', 'A', 'D', 'C']]","{'A': 5, 'D': 5, 'C': 3, 'B': 2}","[0.58, 1.0, 1.0]",4.25
95,"[2, 3, 4]","[3, 4, 4]","[0.46, 0.79, 0.88]","[['D', 'C', 'A', 'B'], ['D', 'B', 'A', 'C'], ['B', 'D', 'A', 'C']]","{'A': 5, 'D': 5, 'C': 3, 'B': 2}","[0.58, 1.0, 1.0]",4.25
95,"[2, 3, 4]","[3, 4, 4]","[0.46, 0.79, 0.88]","[['D', 'C', 'A', 'B'], ['D', 'B', 'A', 'C'], ['C', 'A', 'D', 'B']]","{'A': 5, 'D': 5, 'C': 4, 'B': 1}","[0.58, 1.0, 1.0]",4.25
95,"[2, 3, 4]","[3, 4, 4]","[0.46, 0.79, 0.88]","[['D', 'C', 'A', 'B'], ['D', 'B', 'A', 'C'], ['C', 'D', 'A', 'B']]","{'A': 5, 'D': 5, 'C': 4, 'B': 1}","[0.58, 1.0, 1.0]",4.25
95,"[2, 3, 4]","[3, 4, 4]","[0.46, 0.79, 0.88]","[['D', 'C', 'A', 'B'], ['D', 'B', 'A', 'C'], ['D', 'A', 'B', 'C']]","{'A': 5, 'D': 5, 'C': 3, 'B': 2}","[0.58, 1.0, 1.0]",4.25
95,"[2, 3, 4]","[3, 4, 4]","[0.46, 0.79, 0.88]","[['D', 'C', 'A', 'B'], ['D', 'B', 'A', 'C'], ['D', 'A', 'C', 'B']]","{'A': 5, 'D': 5, 'C': 4, 'B': 1}","[0.58, 1.0, 1.0]",4.25
95,"[2, 3, 4]","[3, 4, 4]","[0.46, 0.79, 0.88]","[['D', 'C', 'A', 'B'], ['D', 'B', 'A', 'C'], ['D', 'B', 'A', 'C']]","{'A': 5, 'D': 5, 'C': 3, 'B': 2}","[0.58, 1.0, 1.0]",4.25
95,"[2, 3, 4]","[3, 4, 4]","[0.46, 0.79, 0.88]","[['D', 'C', 'A', 'B'], ['D', 'B', 'A', 'C'], ['D', 'C', 'A', 'B']]","{'A': 5, 'D': 5, 'C': 4, 'B': 1}","[0.58, 1.0, 1.0]",4.25
95,"[2, 3, 4]","[3, 4, 4]","[0.46, 0.79, 0.88]","[['D', 'C', 'A', 'B'], ['D', 'C', 'A', 'B'], ['A', 'B', 'D', 'C']]","{'A': 5, 'D': 5, 'C': 4, 'B': 1}","[0.58, 1.0, 1.0]",4.25
95,"[2, 3, 4]","[3, 4, 4]","[0.46, 0.79, 0.88]","[['D', 'C', 'A', 'B'], ['D', 'C', 'A', 'B'], ['A', 'D', 'B', 'C']]","{'A': 5, 'D': 5, 'C': 4, 'B': 1}","[0.58, 1.0, 1.0]",4.25
95,"[2, 3, 4]","[3, 4, 4]","[0.46, 0.79, 0.88]","[['D', 'C', 'A', 'B'], ['D', 'C', 'A', 'B'], ['B', 'A', 'D', 'C']]","{'A': 5, 'D': 5, 'C': 4, 'B': 1}","[0.58, 1.0, 1.0]",4.25
95,"[2, 3, 4]","[3, 4, 4]","[0.46, 0.79, 0.88]","[['D', 'C', 'A', 'B'], ['D', 'C', 'A', 'B'], ['B', 'D', 'A', 'C']]","{'A': 5, 'D': 5, 'C': 4, 'B': 1}","[0.58, 1.0, 1.0]",4.25
95,"[2, 3, 4]","[3, 4, 4]","[0.46, 0.79, 0.88]","[['D', 'C', 'A', 'B'], ['D', 'C', 'A', 'B'], ['D', 'A', 'B', 'C']]","{'A': 5, 'D': 5, 'C': 4, 'B': 1}","[0.58, 1.0, 1.0]",4.25
95,"[2, 3, 4]","[3, 4, 4]","[0.46, 0.79, 0.88]","[['D', 'C', 'A', 'B'], ['D', 'C', 'A', 'B'], ['D', 'B', 'A', 'C']]","{'A': 5, 'D': 5, 'C': 4, 'B': 1}","[0.58, 1.0, 1.0]",4.25
95,"[2, 3, 5]","[3, 4, 3]","[0.46, 0.79, 0.58]","[['A', 'B', 'D', 'C'], ['A', 'B', 'D', 'C'], ['A', 'C', 'D', 'B']]","{'A': 5, 'D': 4, 'B': 3, 'C': 3}","[0.58, 1.0, 0.75]",4.0
95,"[2, 3, 5]","[3, 4, 3]","[0.46, 0.79, 0.58]","[['A', 'B', 'D', 'C'], ['A', 'B', 'D', 'C'], ['A', 'D', 'C', 'B']]","{'A': 5, 'D': 4, 'B': 3, 'C': 3}","[0.58, 1.0, 0.75]",4.0
95,"[2, 3, 5]","[3, 4, 3]","[0.46, 0.79, 0.58]","[['A', 'B', 'D', 'C'], ['A', 'B', 'D', 'C'], ['C', 'A', 'D', 'B']]","{'A': 5, 'D': 4, 'B': 3, 'C': 3}","[0.58, 1.0, 0.75]",4.0
95,"[2, 3, 5]","[3, 4, 3]","[0.46, 0.79, 0.58]","[['A', 'B', 'D', 'C'], ['A', 'B', 'D', 'C'], ['C', 'D', 'A', 'B']]","{'A': 5, 'D': 4, 'B': 3, 'C': 3}","[0.58, 1.0, 0.75]",4.0
95,"[2, 3, 5]","[3, 4, 3]","[0.46, 0.79, 0.58]","[['A', 'B', 'D', 'C'], ['A', 'B', 'D', 'C'], ['D', 'A', 'C', 'B']]","{'A': 5, 'D': 4, 'B': 3, 'C': 3}","[0.58, 1.0, 0.75]",4.0
95,"[2, 3, 5]","[3, 4, 3]","[0.46, 0.79, 0.58]","[['A', 'B', 'D', 'C'], ['A', 'B', 'D', 'C'], ['D', 'C', 'A', 'B']]","{'A': 5, 'D': 4, 'B': 3, 'C': 3}","[0.58, 1.0, 0.75]",4.0
95,"[2, 3, 5]","[3, 4, 3]","[0.46, 0.79, 0.58]","[['A', 'B', 'D', 'C'], ['A', 'C', 'D', 'B'], ['A', 'B', 'D', 'C']]","{'A': 5, 'D': 4, 'B': 3, 'C': 3}","[0.58, 1.0, 0.75]",4.0
95,"[2, 3, 5]","[3, 4, 3]","[0.46, 0.79, 0.58]","[['A', 'B', 'D', 'C'], ['A', 'C', 'D', 'B'], ['A', 'D', 'B', 'C']]","{'A': 5, 'D': 4, 'B': 3, 'C': 3}","[0.58, 1.0, 0.75]",4.0
95,"[2, 3, 5]","[3, 4, 3]","[0.46, 0.79, 0.58]","[['A', 'B', 'D', 'C'], ['A', 'C', 'D', 'B'], ['B', 'A', 'D', 'C']]","{'A': 5, 'D': 4, 'B': 3, 'C': 3}","[0.58, 1.0, 0.75]",4.0
95,"[2, 3, 5]","[3, 4, 3]","[0.46, 0.79, 0.58]","[['A', 'B', 'D', 'C'], ['A', 'C', 'D', 'B'], ['B', 'D', 'A', 'C']]","{'A': 5, 'D': 4, 'B': 3, 'C': 3}","[0.58, 1.0, 0.75]",4.0
95,"[2, 3, 5]","[3, 4, 3]","[0.46, 0.79, 0.58]","[['A', 'B', 'D', 'C'], ['A', 'C', 'D', 'B'], ['D', 'A', 'B', 'C']]","{'A': 5, 'D': 4, 'B': 3, 'C': 3}","[0.58, 1.0, 0.75]",4.0
95,"[2, 3, 5]","[3, 4, 3]","[0.46, 0.79, 0.58]","[['A', 'B', 'D', 'C'], ['A', 'C', 'D', 'B'], ['D', 'B', 'A', 'C']]","{'A': 5, 'D': 4, 'B': 3, 'C': 3}","[0.58, 1.0, 0.75]",4.0
95,"[2, 3, 5]","[3, 4, 3]","[0.46, 0.79, 0.58]","[['A', 'B', 'D', 'C'], ['A', 'D', 'B', 'C'], ['A', 'C', 'D', 'B']]","{'A': 5, 'D': 4, 'B': 3, 'C': 3}","[0.58, 1.0, 0.75]",4.0
95,"[2, 3, 5]","[3, 4, 3]","[0.46, 0.79, 0.58]","[['A', 'B', 'D', 'C'], ['A', 'D', 'B', 'C'], ['A', 'D', 'C', 'B']]","{'A': 5, 'D': 4, 'B': 3, 'C': 3}","[0.58, 1.0, 0.75]",4.0
95,"[2, 3, 5]","[3, 4, 3]","[0.46, 0.79, 0.58]","[['A', 'B', 'D', 'C'], ['A', 'D', 'B', 'C'], ['C', 'A', 'D', 'B']]","{'A': 5, 'D': 4, 'B': 3, 'C': 3}","[0.58, 1.0, 0.75]",4.0
95,"[2, 3, 5]","[3, 4, 3]","[0.46, 0.79, 0.58]","[['A', 'B', 'D', 'C'], ['A', 'D', 'B', 'C'], ['C', 'D', 'A', 'B']]","{'A': 5, 'D': 4, 'B': 3, 'C': 3}","[0.58, 1.0, 0.75]",4.0
95,"[2, 3, 5]","[3, 4, 3]","[0.46, 0.79, 0.58]","[['A', 'B', 'D', 'C'], ['A', 'D', 'B', 'C'], ['D', 'A', 'C', 'B']]","{'A': 5, 'D': 4, 'B': 3, 'C': 3}","[0.58, 1.0, 0.75]",4.0
95,"[2, 3, 5]","[3, 4, 3]","[0.46, 0.79, 0.58]","[['A', 'B', 'D', 'C'], ['A', 'D', 'B', 'C'], ['D', 'C', 'A', 'B']]","{'A': 5, 'D': 4, 'B': 3, 'C': 3}","[0.58, 1.0, 0.75]",4.0
95,"[2, 3, 5]","[3, 4, 3]","[0.46, 0.79, 0.58]","[['A', 'B', 'D', 'C'], ['A', 'D', 'C', 'B'], ['A', 'B', 'D', 'C']]","{'A': 5, 'D': 4, 'B': 3, 'C': 3}","[0.58, 1.0, 0.75]",4.0
95,"[2, 3, 5]","[3, 4, 3]","[0.46, 0.79, 0.58]","[['A', 'B', 'D', 'C'], ['A', 'D', 'C', 'B'], ['A', 'D', 'B', 'C']]","{'A': 5, 'D': 4, 'B': 3, 'C': 3}","[0.58, 1.0, 0.75]",4.0
95,"[2, 3, 5]","[3, 4, 3]","[0.46, 0.79, 0.58]","[['A', 'B', 'D', 'C'], ['A', 'D', 'C', 'B'], ['B', 'A', 'D', 'C']]","{'A': 5, 'D': 4, 'B': 3, 'C': 3}","[0.58, 1.0, 0.75]",4.0
95,"[2, 3, 5]","[3, 4, 3]","[0.46, 0.79, 0.58]","[['A', 'B', 'D', 'C'], ['A', 'D', 'C', 'B'], ['B', 'D', 'A', 'C']]","{'A': 5, 'D': 4, 'B': 3, 'C': 3}","[0.58, 1.0, 0.75]",4.0
95,"[2, 3, 5]","[3, 4, 3]","[0.46, 0.79, 0.58]","[['A', 'B', 'D', 'C'], ['A', 'D', 'C', 'B'], ['D', 'A', 'B', 'C']]","{'A': 5, 'D': 4, 'B': 3, 'C': 3}","[0.58, 1.0, 0.75]",4.0
95,"[2, 3, 5]","[3, 4, 3]","[0.46, 0.79, 0.58]","[['A', 'B', 'D', 'C'], ['A', 'D', 'C', 'B'], ['D', 'B', 'A', 'C']]","{'A': 5, 'D': 4, 'B': 3, 'C': 3}","[0.58, 1.0, 0.75]",4.0
95,"[2, 3, 5]","[3, 4, 3]","[0.46, 0.79, 0.58]","[['A', 'B', 'D', 'C'], ['B', 'A', 'D', 'C'], ['A', 'C', 'D', 'B']]","{'A': 5, 'D': 4, 'B': 3, 'C': 3}","[0.58, 1.0, 0.75]",4.0
95,"[2, 3, 5]","[3, 4, 3]","[0.46, 0.79, 0.58]","[['A', 'B', 'D', 'C'], ['B', 'A', 'D', 'C'], ['A', 'D', 'C', 'B']]","{'A': 5, 'D': 4, 'B': 3, 'C': 3}","[0.58, 1.0, 0.75]",4.0
95,"[2, 3, 5]","[3, 4, 3]","[0.46, 0.79, 0.58]","[['A', 'B', 'D', 'C'], ['B', 'A', 'D', 'C'], ['C', 'A', 'D', 'B']]","{'A': 5, 'D': 4, 'B': 3, 'C': 3}","[0.58, 1.0, 0.75]",4.0
95,"[2, 3, 5]","[3, 4, 3]","[0.46, 0.79, 0.58]","[['A', 'B', 'D', 'C'], ['B', 'A', 'D', 'C'], ['C', 'D', 'A', 'B']]","{'A': 5, 'D': 4, 'B': 3, 'C': 3}","[0.58, 1.0, 0.75]",4.0
95,"[2, 3, 5]","[3, 4, 3]","[0.46, 0.79, 0.58]","[['A', 'B', 'D', 'C'], ['B', 'A', 'D', 'C'], ['D', 'A', 'C', 'B']]","{'A': 5, 'D': 4, 'B': 3, 'C': 3}","[0.58, 1.0, 0.75]",4.0
95,"[2, 3, 5]","[3, 4, 3]","[0.46, 0.79, 0.58]","[['A', 'B', 'D', 'C'], ['B', 'A', 'D', 'C'], ['D', 'C', 'A', 'B']]","{'A': 5, 'D': 4, 'B': 3, 'C': 3}","[0.58, 1.0, 0.75]",4.0
95,"[2, 3, 5]","[3, 4, 3]","[0.46, 0.79, 0.58]","[['A', 'B', 'D', 'C'], ['B', 'D', 'A', 'C'], ['A', 'C', 'D', 'B']]","{'A': 5, 'D': 4, 'B': 3, 'C': 3}","[0.58, 1.0, 0.75]",4.0
95,"[2, 3, 5]","[3, 4, 3]","[0.46, 0.79, 0.58]","[['A', 'B', 'D', 'C'], ['B', 'D', 'A', 'C'], ['A', 'D', 'C', 'B']]","{'A': 5, 'D': 4, 'B': 3, 'C': 3}","[0.58, 1.0, 0.75]",4.0
95,"[2, 3, 5]","[3, 4, 3]","[0.46, 0.79, 0.58]","[['A', 'B', 'D', 'C'], ['B', 'D', 'A', 'C'], ['C', 'A', 'D', 'B']]","{'A': 5, 'D': 4, 'B': 3, 'C': 3}","[0.58, 1.0, 0.75]",4.0
95,"[2, 3, 5]","[3, 4, 3]","[0.46, 0.79, 0.58]","[['A', 'B', 'D', 'C'], ['B', 'D', 'A', 'C'], ['C', 'D', 'A', 'B']]","{'A': 5, 'D': 4, 'B': 3, 'C': 3}","[0.58, 1.0, 0.75]",4.0
95,"[2, 3, 5]","[3, 4, 3]","[0.46, 0.79, 0.58]","[['A', 'B', 'D', 'C'], ['B', 'D', 'A', 'C'], ['D', 'A', 'C', 'B']]","{'A': 5, 'D': 4, 'B': 3, 'C': 3}","[0.58, 1.0, 0.75]",4.0
95,"[2, 3, 5]","[3, 4, 3]","[0.46, 0.79, 0.58]","[['A', 'B', 'D', 'C'], ['B', 'D', 'A', 'C'], ['D', 'C', 'A', 'B']]","{'A': 5, 'D': 4, 'B': 3, 'C': 3}","[0.58, 1.0, 0.75]",4.0
95,"[2, 3, 5]","[3, 4, 3]","[0.46, 0.79, 0.58]","[['A', 'B', 'D', 'C'], ['C', 'A', 'D', 'B'], ['A', 'B', 'D', 'C']]","{'A': 5, 'D': 4, 'B': 3, 'C': 3}","[0.58, 1.0, 0.75]",4.0
95,"[2, 3, 5]","[3, 4, 3]","[0.46, 0.79, 0.58]","[['A', 'B', 'D', 'C'], ['C', 'A', 'D', 'B'], ['A', 'D', 'B', 'C']]","{'A': 5, 'D': 4, 'B': 3, 'C': 3}","[0.58, 1.0, 0.75]",4.0
95,"[2, 3, 5]","[3, 4, 3]","[0.46, 0.79, 0.58]","[['A', 'B', 'D', 'C'], ['C', 'A', 'D', 'B'], ['B', 'A', 'D', 'C']]","{'A': 5, 'D': 4, 'B': 3, 'C': 3}","[0.58, 1.0, 0.75]",4.0
95,"[2, 3, 5]","[3, 4, 3]","[0.46, 0.79, 0.58]","[['A', 'B', 'D', 'C'], ['C', 'A', 'D', 'B'], ['B', 'D', 'A', 'C']]","{'A': 5, 'D': 4, 'B': 3, 'C': 3}","[0.58, 1.0, 0.75]",4.0
95,"[2, 3, 5]","[3, 4, 3]","[0.46, 0.79, 0.58]","[['A', 'B', 'D', 'C'], ['C', 'A', 'D', 'B'], ['D', 'A', 'B', 'C']]","{'A': 5, 'D': 4, 'B': 3, 'C': 3}","[0.58, 1.0, 0.75]",4.0
95,"[2, 3, 5]","[3, 4, 3]","[0.46, 0.79, 0.58]","[['A', 'B', 'D', 'C'], ['C', 'A', 'D', 'B'], ['D', 'B', 'A', 'C']]","{'A': 5, 'D': 4, 'B': 3, 'C': 3}","[0.58, 1.0, 0.75]",4.0
95,"[2, 3, 5]","[3, 4, 3]","[0.46, 0.79, 0.58]","[['A', 'B', 'D', 'C'], ['C', 'D', 'A', 'B'], ['A', 'B', 'D', 'C']]","{'A': 5, 'D': 4, 'B': 3, 'C': 3}","[0.58, 1.0, 0.75]",4.0
95,"[2, 3, 5]","[3, 4, 3]","[0.46, 0.79, 0.58]","[['A', 'B', 'D', 'C'], ['C', 'D', 'A', 'B'], ['A', 'D', 'B', 'C']]","{'A': 5, 'D': 4, 'B': 3, 'C': 3}","[0.58, 1.0, 0.75]",4.0
95,"[2, 3, 5]","[3, 4, 3]","[0.46, 0.79, 0.58]","[['A', 'B', 'D', 'C'], ['C', 'D', 'A', 'B'], ['B', 'A', 'D', 'C']]","{'A': 5, 'D': 4, 'B': 3, 'C': 3}","[0.58, 1.0, 0.75]",4.0
95,"[2, 3, 5]","[3, 4, 3]","[0.46, 0.79, 0.58]","[['A', 'B', 'D', 'C'], ['C', 'D', 'A', 'B'], ['B', 'D', 'A', 'C']]","{'A': 5, 'D': 4, 'B': 3, 'C': 3}","[0.58, 1.0, 0.75]",4.0
95,"[2, 3, 5]","[3, 4, 3]","[0.46, 0.79, 0.58]","[['A', 'B', 'D', 'C'], ['C', 'D', 'A', 'B'], ['D', 'A', 'B', 'C']]","{'A': 5, 'D': 4, 'B': 3, 'C': 3}","[0.58, 1.0, 0.75]",4.0
95,"[2, 3, 5]","[3, 4, 3]","[0.46, 0.79, 0.58]","[['A', 'B', 'D', 'C'], ['C', 'D', 'A', 'B'], ['D', 'B', 'A', 'C']]","{'A': 5, 'D': 4, 'B': 3, 'C': 3}","[0.58, 1.0, 0.75]",4.0
95,"[2, 3, 5]","[3, 4, 3]","[0.46, 0.79, 0.58]","[['A', 'B', 'D', 'C'], ['D', 'A', 'B', 'C'], ['A', 'C', 'D', 'B']]","{'A': 5, 'D': 4, 'B': 3, 'C': 3}","[0.58, 1.0, 0.75]",4.0
95,"[2, 3, 5]","[3, 4, 3]","[0.46, 0.79, 0.58]","[['A', 'B', 'D', 'C'], ['D', 'A', 'B', 'C'], ['A', 'D', 'C', 'B']]","{'A': 5, 'D': 4, 'B': 3, 'C': 3}","[0.58, 1.0, 0.75]",4.0
95,"[2, 3, 5]","[3, 4, 3]","[0.46, 0.79, 0.58]","[['A', 'B', 'D', 'C'], ['D', 'A', 'B', 'C'], ['C', 'A', 'D', 'B']]","{'A': 5, 'D': 4, 'B': 3, 'C': 3}","[0.58, 1.0, 0.75]",4.0
95,"[2, 3, 5]","[3, 4, 3]","[0.46, 0.79, 0.58]","[['A', 'B', 'D', 'C'], ['D', 'A', 'B', 'C'], ['C', 'D', 'A', 'B']]","{'A': 5, 'D': 4, 'B': 3, 'C': 3}","[0.58, 1.0, 0.75]",4.0
95,"[2, 3, 5]","[3, 4, 3]","[0.46, 0.79, 0.58]","[['A', 'B', 'D', 'C'], ['D', 'A', 'B', 'C'], ['D', 'A', 'C', 'B']]","{'A': 5, 'D': 4, 'B': 3, 'C': 3}","[0.58, 1.0, 0.75]",4.0
95,"[2, 3, 5]","[3, 4, 3]","[0.46, 0.79, 0.58]","[['A', 'B', 'D', 'C'], ['D', 'A', 'B', 'C'], ['D', 'C', 'A', 'B']]","{'A': 5, 'D': 4, 'B': 3, 'C': 3}","[0.58, 1.0, 0.75]",4.0
95,"[2, 3, 5]","[3, 4, 3]","[0.46, 0.79, 0.58]","[['A', 'B', 'D', 'C'], ['D', 'A', 'C', 'B'], ['A', 'B', 'D', 'C']]","{'A': 5, 'D': 4, 'B': 3, 'C': 3}","[0.58, 1.0, 0.75]",4.0
95,"[2, 3, 5]","[3, 4, 3]","[0.46, 0.79, 0.58]","[['A', 'B', 'D', 'C'], ['D', 'A', 'C', 'B'], ['A', 'D', 'B', 'C']]","{'A': 5, 'D': 4, 'B': 3, 'C': 3}","[0.58, 1.0, 0.75]",4.0
95,"[2, 3, 5]","[3, 4, 3]","[0.46, 0.79, 0.58]","[['A', 'B', 'D', 'C'], ['D', 'A', 'C', 'B'], ['B', 'A', 'D', 'C']]","{'A': 5, 'D': 4, 'B': 3, 'C': 3}","[0.58, 1.0, 0.75]",4.0
95,"[2, 3, 5]","[3, 4, 3]","[0.46, 0.79, 0.58]","[['A', 'B', 'D', 'C'], ['D', 'A', 'C', 'B'], ['B', 'D', 'A', 'C']]","{'A': 5, 'D': 4, 'B': 3, 'C': 3}","[0.58, 1.0, 0.75]",4.0
95,"[2, 3, 5]","[3, 4, 3]","[0.46, 0.79, 0.58]","[['A', 'B', 'D', 'C'], ['D', 'A', 'C', 'B'], ['D', 'A', 'B', 'C']]","{'A': 5, 'D': 4, 'B': 3, 'C': 3}","[0.58, 1.0, 0.75]",4.0
95,"[2, 3, 5]","[3, 4, 3]","[0.46, 0.79, 0.58]","[['A', 'B', 'D', 'C'], ['D', 'A', 'C', 'B'], ['D', 'B', 'A', 'C']]","{'A': 5, 'D': 4, 'B': 3, 'C': 3}","[0.58, 1.0, 0.75]",4.0
95,"[2, 3, 5]","[3, 4, 3]","[0.46, 0.79, 0.58]","[['A', 'B', 'D', 'C'], ['D', 'B', 'A', 'C'], ['A', 'C', 'D', 'B']]","{'A': 5, 'D': 4, 'B': 3, 'C': 3}","[0.58, 1.0, 0.75]",4.0
95,"[2, 3, 5]","[3, 4, 3]","[0.46, 0.79, 0.58]","[['A', 'B', 'D', 'C'], ['D', 'B', 'A', 'C'], ['A', 'D', 'C', 'B']]","{'A': 5, 'D': 4, 'B': 3, 'C': 3}","[0.58, 1.0, 0.75]",4.0
95,"[2, 3, 5]","[3, 4, 3]","[0.46, 0.79, 0.58]","[['A', 'B', 'D', 'C'], ['D', 'B', 'A', 'C'], ['C', 'A', 'D', 'B']]","{'A': 5, 'D': 4, 'B': 3, 'C': 3}","[0.58, 1.0, 0.75]",4.0
95,"[2, 3, 5]","[3, 4, 3]","[0.46, 0.79, 0.58]","[['A', 'B', 'D', 'C'], ['D', 'B', 'A', 'C'], ['C', 'D', 'A', 'B']]","{'A': 5, 'D': 4, 'B': 3, 'C': 3}","[0.58, 1.0, 0.75]",4.0
95,"[2, 3, 5]","[3, 4, 3]","[0.46, 0.79, 0.58]","[['A', 'B', 'D', 'C'], ['D', 'B', 'A', 'C'], ['D', 'A', 'C', 'B']]","{'A': 5, 'D': 4, 'B': 3, 'C': 3}","[0.58, 1.0, 0.75]",4.0
95,"[2, 3, 5]","[3, 4, 3]","[0.46, 0.79, 0.58]","[['A', 'B', 'D', 'C'], ['D', 'B', 'A', 'C'], ['D', 'C', 'A', 'B']]","{'A': 5, 'D': 4, 'B': 3, 'C': 3}","[0.58, 1.0, 0.75]",4.0
95,"[2, 3, 5]","[3, 4, 3]","[0.46, 0.79, 0.58]","[['A', 'B', 'D', 'C'], ['D', 'C', 'A', 'B'], ['A', 'B', 'D', 'C']]","{'A': 5, 'D': 4, 'B': 3, 'C': 3}","[0.58, 1.0, 0.75]",4.0
95,"[2, 3, 5]","[3, 4, 3]","[0.46, 0.79, 0.58]","[['A', 'B', 'D', 'C'], ['D', 'C', 'A', 'B'], ['A', 'D', 'B', 'C']]","{'A': 5, 'D': 4, 'B': 3, 'C': 3}","[0.58, 1.0, 0.75]",4.0
95,"[2, 3, 5]","[3, 4, 3]","[0.46, 0.79, 0.58]","[['A', 'B', 'D', 'C'], ['D', 'C', 'A', 'B'], ['B', 'A', 'D', 'C']]","{'A': 5, 'D': 4, 'B': 3, 'C': 3}","[0.58, 1.0, 0.75]",4.0
95,"[2, 3, 5]","[3, 4, 3]","[0.46, 0.79, 0.58]","[['A', 'B', 'D', 'C'], ['D', 'C', 'A', 'B'], ['B', 'D', 'A', 'C']]","{'A': 5, 'D': 4, 'B': 3, 'C': 3}","[0.58, 1.0, 0.75]",4.0
95,"[2, 3, 5]","[3, 4, 3]","[0.46, 0.79, 0.58]","[['A', 'B', 'D', 'C'], ['D', 'C', 'A', 'B'], ['D', 'A', 'B', 'C']]","{'A': 5, 'D': 4, 'B': 3, 'C': 3}","[0.58, 1.0, 0.75]",4.0
95,"[2, 3, 5]","[3, 4, 3]","[0.46, 0.79, 0.58]","[['A', 'B', 'D', 'C'], ['D', 'C', 'A', 'B'], ['D', 'B', 'A', 'C']]","{'A': 5, 'D': 4, 'B': 3, 'C': 3}","[0.58, 1.0, 0.75]",4.0
95,"[2, 3, 5]","[3, 4, 3]","[0.46, 0.79, 0.58]","[['A', 'C', 'D', 'B'], ['A', 'B', 'D', 'C'], ['A', 'B', 'D', 'C']]","{'A': 5, 'D': 4, 'B': 3, 'C': 3}","[0.58, 1.0, 0.75]",4.0
95,"[2, 3, 5]","[3, 4, 3]","[0.46, 0.79, 0.58]","[['A', 'C', 'D', 'B'], ['A', 'B', 'D', 'C'], ['A', 'D', 'B', 'C']]","{'A': 5, 'D': 4, 'B': 3, 'C': 3}","[0.58, 1.0, 0.75]",4.0
95,"[2, 3, 5]","[3, 4, 3]","[0.46, 0.79, 0.58]","[['A', 'C', 'D', 'B'], ['A', 'B', 'D', 'C'], ['B', 'A', 'D', 'C']]","{'A': 5, 'D': 4, 'B': 3, 'C': 3}","[0.58, 1.0, 0.75]",4.0
95,"[2, 3, 5]","[3, 4, 3]","[0.46, 0.79, 0.58]","[['A', 'C', 'D', 'B'], ['A', 'B', 'D', 'C'], ['B', 'D', 'A', 'C']]","{'A': 5, 'D': 4, 'B': 3, 'C': 3}","[0.58, 1.0, 0.75]",4.0
95,"[2, 3, 5]","[3, 4, 3]","[0.46, 0.79, 0.58]","[['A', 'C', 'D', 'B'], ['A', 'B', 'D', 'C'], ['D', 'A', 'B', 'C']]","{'A': 5, 'D': 4, 'B': 3, 'C': 3}","[0.58, 1.0, 0.75]",4.0
95,"[2, 3, 5]","[3, 4, 3]","[0.46, 0.79, 0.58]","[['A', 'C', 'D', 'B'], ['A', 'B', 'D', 'C'], ['D', 'B', 'A', 'C']]","{'A': 5, 'D': 4, 'B': 3, 'C': 3}","[0.58, 1.0, 0.75]",4.0
95,"[2, 3, 5]","[3, 4, 3]","[0.46, 0.79, 0.58]","[['A', 'C', 'D', 'B'], ['A', 'D', 'B', 'C'], ['A', 'B', 'D', 'C']]","{'A': 5, 'D': 4, 'B': 3, 'C': 3}","[0.58, 1.0, 0.75]",4.0
95,"[2, 3, 5]","[3, 4, 3]","[0.46, 0.79, 0.58]","[['A', 'C', 'D', 'B'], ['A', 'D', 'B', 'C'], ['A', 'D', 'B', 'C']]","{'A': 5, 'D': 4, 'B': 3, 'C': 3}","[0.58, 1.0, 0.75]",4.0
95,"[2, 3, 5]","[3, 4, 3]","[0.46, 0.79, 0.58]","[['A', 'C', 'D', 'B'], ['A', 'D', 'B', 'C'], ['B', 'A', 'D', 'C']]","{'A': 5, 'D': 4, 'B': 3, 'C': 3}","[0.58, 1.0, 0.75]",4.0
95,"[2, 3, 5]","[3, 4, 3]","[0.46, 0.79, 0.58]","[['A', 'C', 'D', 'B'], ['A', 'D', 'B', 'C'], ['B', 'D', 'A', 'C']]","{'A': 5, 'D': 4, 'B': 3, 'C': 3}","[0.58, 1.0, 0.75]",4.0
95,"[2, 3, 5]","[3, 4, 3]","[0.46, 0.79, 0.58]","[['A', 'C', 'D', 'B'], ['A', 'D', 'B', 'C'], ['D', 'A', 'B', 'C']]","{'A': 5, 'D': 4, 'B': 3, 'C': 3}","[0.58, 1.0, 0.75]",4.0
95,"[2, 3, 5]","[3, 4, 3]","[0.46, 0.79, 0.58]","[['A', 'C', 'D', 'B'], ['A', 'D', 'B', 'C'], ['D', 'B', 'A', 'C']]","{'A': 5, 'D': 4, 'B': 3, 'C': 3}","[0.58, 1.0, 0.75]",4.0
95,"[2, 3, 5]","[3, 4, 3]","[0.46, 0.79, 0.58]","[['A', 'C', 'D', 'B'], ['B', 'A', 'D', 'C'], ['A', 'B', 'D', 'C']]","{'A': 5, 'D': 4, 'B': 3, 'C': 3}","[0.58, 1.0, 0.75]",4.0
95,"[2, 3, 5]","[3, 4, 3]","[0.46, 0.79, 0.58]","[['A', 'C', 'D', 'B'], ['B', 'A', 'D', 'C'], ['A', 'D', 'B', 'C']]","{'A': 5, 'D': 4, 'B': 3, 'C': 3}","[0.58, 1.0, 0.75]",4.0
95,"[2, 3, 5]","[3, 4, 3]","[0.46, 0.79, 0.58]","[['A', 'C', 'D', 'B'], ['B', 'A', 'D', 'C'], ['B', 'A', 'D', 'C']]","{'A': 5, 'D': 4, 'B': 3, 'C': 3}","[0.58, 1.0, 0.75]",4.0
95,"[2, 3, 5]","[3, 4, 3]","[0.46, 0.79, 0.58]","[['A', 'C', 'D', 'B'], ['B', 'A', 'D', 'C'], ['B', 'D', 'A', 'C']]","{'A': 5, 'D': 4, 'B': 3, 'C': 3}","[0.58, 1.0, 0.75]",4.0
95,"[2, 3, 5]","[3, 4, 3]","[0.46, 0.79, 0.58]","[['A', 'C', 'D', 'B'], ['B', 'A', 'D', 'C'], ['D', 'A', 'B', 'C']]","{'A': 5, 'D': 4, 'B': 3, 'C': 3}","[0.58, 1.0, 0.75]",4.0
95,"[2, 3, 5]","[3, 4, 3]","[0.46, 0.79, 0.58]","[['A', 'C', 'D', 'B'], ['B', 'A', 'D', 'C'], ['D', 'B', 'A', 'C']]","{'A': 5, 'D': 4, 'B': 3, 'C': 3}","[0.58, 1.0, 0.75]",4.0
95,"[2, 3, 5]","[3, 4, 3]","[0.46, 0.79, 0.58]","[['A', 'C', 'D', 'B'], ['B', 'D', 'A', 'C'], ['A', 'B', 'D', 'C']]","{'A': 5, 'D': 4, 'B': 3, 'C': 3}","[0.58, 1.0, 0.75]",4.0
95,"[2, 3, 5]","[3, 4, 3]","[0.46, 0.79, 0.58]","[['A', 'C', 'D', 'B'], ['B', 'D', 'A', 'C'], ['A', 'D', 'B', 'C']]","{'A': 5, 'D': 4, 'B': 3, 'C': 3}","[0.58, 1.0, 0.75]",4.0
95,"[2, 3, 5]","[3, 4, 3]","[0.46, 0.79, 0.58]","[['A', 'C', 'D', 'B'], ['B', 'D', 'A', 'C'], ['B', 'A', 'D', 'C']]","{'A': 5, 'D': 4, 'B': 3, 'C': 3}","[0.58, 1.0, 0.75]",4.0
95,"[2, 3, 5]","[3, 4, 3]","[0.46, 0.79, 0.58]","[['A', 'C', 'D', 'B'], ['B', 'D', 'A', 'C'], ['B', 'D', 'A', 'C']]","{'A': 5, 'D': 4, 'B': 3, 'C': 3}","[0.58, 1.0, 0.75]",4.0
95,"[2, 3, 5]","[3, 4, 3]","[0.46, 0.79, 0.58]","[['A', 'C', 'D', 'B'], ['B', 'D', 'A', 'C'], ['D', 'A', 'B', 'C']]","{'A': 5, 'D': 4, 'B': 3, 'C': 3}","[0.58, 1.0, 0.75]",4.0
95,"[2, 3, 5]","[3, 4, 3]","[0.46, 0.79, 0.58]","[['A', 'C', 'D', 'B'], ['B', 'D', 'A', 'C'], ['D', 'B', 'A', 'C']]","{'A': 5, 'D': 4, 'B': 3, 'C': 3}","[0.58, 1.0, 0.75]",4.0
95,"[2, 3, 5]","[3, 4, 3]","[0.46, 0.79, 0.58]","[['A', 'C', 'D', 'B'], ['D', 'A', 'B', 'C'], ['A', 'B', 'D', 'C']]","{'A': 5, 'D': 4, 'B': 3, 'C': 3}","[0.58, 1.0, 0.75]",4.0
95,"[2, 3, 5]","[3, 4, 3]","[0.46, 0.79, 0.58]","[['A', 'C', 'D', 'B'], ['D', 'A', 'B', 'C'], ['A', 'D', 'B', 'C']]","{'A': 5, 'D': 4, 'B': 3, 'C': 3}","[0.58, 1.0, 0.75]",4.0
95,"[2, 3, 5]","[3, 4, 3]","[0.46, 0.79, 0.58]","[['A', 'C', 'D', 'B'], ['D', 'A', 'B', 'C'], ['B', 'A', 'D', 'C']]","{'A': 5, 'D': 4, 'B': 3, 'C': 3}","[0.58, 1.0, 0.75]",4.0
95,"[2, 3, 5]","[3, 4, 3]","[0.46, 0.79, 0.58]","[['A', 'C', 'D', 'B'], ['D', 'A', 'B', 'C'], ['B', 'D', 'A', 'C']]","{'A': 5, 'D': 4, 'B': 3, 'C': 3}","[0.58, 1.0, 0.75]",4.0
95,"[2, 3, 5]","[3, 4, 3]","[0.46, 0.79, 0.58]","[['A', 'C', 'D', 'B'], ['D', 'A', 'B', 'C'], ['D', 'A', 'B', 'C']]","{'A': 5, 'D': 4, 'B': 3, 'C': 3}","[0.58, 1.0, 0.75]",4.0
95,"[2, 3, 5]","[3, 4, 3]","[0.46, 0.79, 0.58]","[['A', 'C', 'D', 'B'], ['D', 'A', 'B', 'C'], ['D', 'B', 'A', 'C']]","{'A': 5, 'D': 4, 'B': 3, 'C': 3}","[0.58, 1.0, 0.75]",4.0
95,"[2, 3, 5]","[3, 4, 3]","[0.46, 0.79, 0.58]","[['A', 'C', 'D', 'B'], ['D', 'B', 'A', 'C'], ['A', 'B', 'D', 'C']]","{'A': 5, 'D': 4, 'B': 3, 'C': 3}","[0.58, 1.0, 0.75]",4.0
95,"[2, 3, 5]","[3, 4, 3]","[0.46, 0.79, 0.58]","[['A', 'C', 'D', 'B'], ['D', 'B', 'A', 'C'], ['A', 'D', 'B', 'C']]","{'A': 5, 'D': 4, 'B': 3, 'C': 3}","[0.58, 1.0, 0.75]",4.0
95,"[2, 3, 5]","[3, 4, 3]","[0.46, 0.79, 0.58]","[['A', 'C', 'D', 'B'], ['D', 'B', 'A', 'C'], ['B', 'A', 'D', 'C']]","{'A': 5, 'D': 4, 'B': 3, 'C': 3}","[0.58, 1.0, 0.75]",4.0
95,"[2, 3, 5]","[3, 4, 3]","[0.46, 0.79, 0.58]","[['A', 'C', 'D', 'B'], ['D', 'B', 'A', 'C'], ['B', 'D', 'A', 'C']]","{'A': 5, 'D': 4, 'B': 3, 'C': 3}","[0.58, 1.0, 0.75]",4.0
95,"[2, 3, 5]","[3, 4, 3]","[0.46, 0.79, 0.58]","[['A', 'C', 'D', 'B'], ['D', 'B', 'A', 'C'], ['D', 'A', 'B', 'C']]","{'A': 5, 'D': 4, 'B': 3, 'C': 3}","[0.58, 1.0, 0.75]",4.0
95,"[2, 3, 5]","[3, 4, 3]","[0.46, 0.79, 0.58]","[['A', 'C', 'D', 'B'], ['D', 'B', 'A', 'C'], ['D', 'B', 'A', 'C']]","{'A': 5, 'D': 4, 'B': 3, 'C': 3}","[0.58, 1.0, 0.75]",4.0
95,"[2, 3, 5]","[3, 4, 3]","[0.46, 0.79, 0.58]","[['A', 'D', 'B', 'C'], ['A', 'B', 'D', 'C'], ['A', 'C', 'D', 'B']]","{'A': 5, 'D': 4, 'B': 3, 'C': 3}","[0.58, 1.0, 0.75]",4.0
95,"[2, 3, 5]","[3, 4, 3]","[0.46, 0.79, 0.58]","[['A', 'D', 'B', 'C'], ['A', 'B', 'D', 'C'], ['A', 'D', 'C', 'B']]","{'A': 5, 'D': 4, 'B': 3, 'C': 3}","[0.58, 1.0, 0.75]",4.0
95,"[2, 3, 5]","[3, 4, 3]","[0.46, 0.79, 0.58]","[['A', 'D', 'B', 'C'], ['A', 'B', 'D', 'C'], ['C', 'A', 'D', 'B']]","{'A': 5, 'D': 4, 'B': 3, 'C': 3}","[0.58, 1.0, 0.75]",4.0
95,"[2, 3, 5]","[3, 4, 3]","[0.46, 0.79, 0.58]","[['A', 'D', 'B', 'C'], ['A', 'B', 'D', 'C'], ['C', 'D', 'A', 'B']]","{'A': 5, 'D': 4, 'B': 3, 'C': 3}","[0.58, 1.0, 0.75]",4.0
95,"[2, 3, 5]","[3, 4, 3]","[0.46, 0.79, 0.58]","[['A', 'D', 'B', 'C'], ['A', 'B', 'D', 'C'], ['D', 'A', 'C', 'B']]","{'A': 5, 'D': 4, 'B': 3, 'C': 3}","[0.58, 1.0, 0.75]",4.0
95,"[2, 3, 5]","[3, 4, 3]","[0.46, 0.79, 0.58]","[['A', 'D', 'B', 'C'], ['A', 'B', 'D', 'C'], ['D', 'C', 'A', 'B']]","{'A': 5, 'D': 4, 'B': 3, 'C': 3}","[0.58, 1.0, 0.75]",4.0
95,"[2, 3, 5]","[3, 4, 3]","[0.46, 0.79, 0.58]","[['A', 'D', 'B', 'C'], ['A', 'C', 'D', 'B'], ['A', 'B', 'D', 'C']]","{'A': 5, 'D': 4, 'B': 3, 'C': 3}","[0.58, 1.0, 0.75]",4.0
95,"[2, 3, 5]","[3, 4, 3]","[0.46, 0.79, 0.58]","[['A', 'D', 'B', 'C'], ['A', 'C', 'D', 'B'], ['A', 'D', 'B', 'C']]","{'A': 5, 'D': 4, 'B': 3, 'C': 3}","[0.58, 1.0, 0.75]",4.0
95,"[2, 3, 5]","[3, 4, 3]","[0.46, 0.79, 0.58]","[['A', 'D', 'B', 'C'], ['A', 'C', 'D', 'B'], ['B', 'A', 'D', 'C']]","{'A': 5, 'D': 4, 'B': 3, 'C': 3}","[0.58, 1.0, 0.75]",4.0
95,"[2, 3, 5]","[3, 4, 3]","[0.46, 0.79, 0.58]","[['A', 'D', 'B', 'C'], ['A', 'C', 'D', 'B'], ['B', 'D', 'A', 'C']]","{'A': 5, 'D': 4, 'B': 3, 'C': 3}","[0.58, 1.0, 0.75]",4.0
95,"[2, 3, 5]","[3, 4, 3]","[0.46, 0.79, 0.58]","[['A', 'D', 'B', 'C'], ['A', 'C', 'D', 'B'], ['D', 'A', 'B', 'C']]","{'A': 5, 'D': 4, 'B': 3, 'C': 3}","[0.58, 1.0, 0.75]",4.0
95,"[2, 3, 5]","[3, 4, 3]","[0.46, 0.79, 0.58]","[['A', 'D', 'B', 'C'], ['A', 'C', 'D', 'B'], ['D', 'B', 'A', 'C']]","{'A': 5, 'D': 4, 'B': 3, 'C': 3}","[0.58, 1.0, 0.75]",4.0
95,"[2, 3, 5]","[3, 4, 3]","[0.46, 0.79, 0.58]","[['A', 'D', 'B', 'C'], ['A', 'D', 'B', 'C'], ['A', 'C', 'D', 'B']]","{'A': 5, 'D': 4, 'B': 3, 'C': 3}","[0.58, 1.0, 0.75]",4.0
95,"[2, 3, 5]","[3, 4, 3]","[0.46, 0.79, 0.58]","[['A', 'D', 'B', 'C'], ['A', 'D', 'B', 'C'], ['A', 'D', 'C', 'B']]","{'A': 5, 'D': 4, 'B': 3, 'C': 3}","[0.58, 1.0, 0.75]",4.0
95,"[2, 3, 5]","[3, 4, 3]","[0.46, 0.79, 0.58]","[['A', 'D', 'B', 'C'], ['A', 'D', 'B', 'C'], ['C', 'A', 'D', 'B']]","{'A': 5, 'D': 4, 'B': 3, 'C': 3}","[0.58, 1.0, 0.75]",4.0
95,"[2, 3, 5]","[3, 4, 3]","[0.46, 0.79, 0.58]","[['A', 'D', 'B', 'C'], ['A', 'D', 'B', 'C'], ['C', 'D', 'A', 'B']]","{'A': 5, 'D': 4, 'B': 3, 'C': 3}","[0.58, 1.0, 0.75]",4.0
95,"[2, 3, 5]","[3, 4, 3]","[0.46, 0.79, 0.58]","[['A', 'D', 'B', 'C'], ['A', 'D', 'B', 'C'], ['D', 'A', 'C', 'B']]","{'A': 5, 'D': 4, 'B': 3, 'C': 3}","[0.58, 1.0, 0.75]",4.0
95,"[2, 3, 5]","[3, 4, 3]","[0.46, 0.79, 0.58]","[['A', 'D', 'B', 'C'], ['A', 'D', 'B', 'C'], ['D', 'C', 'A', 'B']]","{'A': 5, 'D': 4, 'B': 3, 'C': 3}","[0.58, 1.0, 0.75]",4.0
95,"[2, 3, 5]","[3, 4, 3]","[0.46, 0.79, 0.58]","[['A', 'D', 'B', 'C'], ['A', 'D', 'C', 'B'], ['A', 'B', 'D', 'C']]","{'A': 5, 'D': 4, 'B': 3, 'C': 3}","[0.58, 1.0, 0.75]",4.0
95,"[2, 3, 5]","[3, 4, 3]","[0.46, 0.79, 0.58]","[['A', 'D', 'B', 'C'], ['A', 'D', 'C', 'B'], ['A', 'D', 'B', 'C']]","{'A': 5, 'D': 4, 'B': 3, 'C': 3}","[0.58, 1.0, 0.75]",4.0
95,"[2, 3, 5]","[3, 4, 3]","[0.46, 0.79, 0.58]","[['A', 'D', 'B', 'C'], ['A', 'D', 'C', 'B'], ['B', 'A', 'D', 'C']]","{'A': 5, 'D': 4, 'B': 3, 'C': 3}","[0.58, 1.0, 0.75]",4.0
95,"[2, 3, 5]","[3, 4, 3]","[0.46, 0.79, 0.58]","[['A', 'D', 'B', 'C'], ['A', 'D', 'C', 'B'], ['B', 'D', 'A', 'C']]","{'A': 5, 'D': 4, 'B': 3, 'C': 3}","[0.58, 1.0, 0.75]",4.0
95,"[2, 3, 5]","[3, 4, 3]","[0.46, 0.79, 0.58]","[['A', 'D', 'B', 'C'], ['A', 'D', 'C', 'B'], ['D', 'A', 'B', 'C']]","{'A': 5, 'D': 4, 'B': 3, 'C': 3}","[0.58, 1.0, 0.75]",4.0
95,"[2, 3, 5]","[3, 4, 3]","[0.46, 0.79, 0.58]","[['A', 'D', 'B', 'C'], ['A', 'D', 'C', 'B'], ['D', 'B', 'A', 'C']]","{'A': 5, 'D': 4, 'B': 3, 'C': 3}","[0.58, 1.0, 0.75]",4.0
95,"[2, 3, 5]","[3, 4, 3]","[0.46, 0.79, 0.58]","[['A', 'D', 'B', 'C'], ['B', 'A', 'D', 'C'], ['A', 'C', 'D', 'B']]","{'A': 5, 'D': 4, 'B': 3, 'C': 3}","[0.58, 1.0, 0.75]",4.0
95,"[2, 3, 5]","[3, 4, 3]","[0.46, 0.79, 0.58]","[['A', 'D', 'B', 'C'], ['B', 'A', 'D', 'C'], ['A', 'D', 'C', 'B']]","{'A': 5, 'D': 4, 'B': 3, 'C': 3}","[0.58, 1.0, 0.75]",4.0
95,"[2, 3, 5]","[3, 4, 3]","[0.46, 0.79, 0.58]","[['A', 'D', 'B', 'C'], ['B', 'A', 'D', 'C'], ['C', 'A', 'D', 'B']]","{'A': 5, 'D': 4, 'B': 3, 'C': 3}","[0.58, 1.0, 0.75]",4.0
95,"[2, 3, 5]","[3, 4, 3]","[0.46, 0.79, 0.58]","[['A', 'D', 'B', 'C'], ['B', 'A', 'D', 'C'], ['C', 'D', 'A', 'B']]","{'A': 5, 'D': 4, 'B': 3, 'C': 3}","[0.58, 1.0, 0.75]",4.0
95,"[2, 3, 5]","[3, 4, 3]","[0.46, 0.79, 0.58]","[['A', 'D', 'B', 'C'], ['B', 'A', 'D', 'C'], ['D', 'A', 'C', 'B']]","{'A': 5, 'D': 4, 'B': 3, 'C': 3}","[0.58, 1.0, 0.75]",4.0
95,"[2, 3, 5]","[3, 4, 3]","[0.46, 0.79, 0.58]","[['A', 'D', 'B', 'C'], ['B', 'A', 'D', 'C'], ['D', 'C', 'A', 'B']]","{'A': 5, 'D': 4, 'B': 3, 'C': 3}","[0.58, 1.0, 0.75]",4.0
95,"[2, 3, 5]","[3, 4, 3]","[0.46, 0.79, 0.58]","[['A', 'D', 'B', 'C'], ['B', 'D', 'A', 'C'], ['A', 'C', 'D', 'B']]","{'A': 5, 'D': 4, 'B': 3, 'C': 3}","[0.58, 1.0, 0.75]",4.0
95,"[2, 3, 5]","[3, 4, 3]","[0.46, 0.79, 0.58]","[['A', 'D', 'B', 'C'], ['B', 'D', 'A', 'C'], ['A', 'D', 'C', 'B']]","{'A': 5, 'D': 4, 'B': 3, 'C': 3}","[0.58, 1.0, 0.75]",4.0
95,"[2, 3, 5]","[3, 4, 3]","[0.46, 0.79, 0.58]","[['A', 'D', 'B', 'C'], ['B', 'D', 'A', 'C'], ['C', 'A', 'D', 'B']]","{'A': 5, 'D': 4, 'B': 3, 'C': 3}","[0.58, 1.0, 0.75]",4.0
95,"[2, 3, 5]","[3, 4, 3]","[0.46, 0.79, 0.58]","[['A', 'D', 'B', 'C'], ['B', 'D', 'A', 'C'], ['C', 'D', 'A', 'B']]","{'A': 5, 'D': 4, 'B': 3, 'C': 3}","[0.58, 1.0, 0.75]",4.0
95,"[2, 3, 5]","[3, 4, 3]","[0.46, 0.79, 0.58]","[['A', 'D', 'B', 'C'], ['B', 'D', 'A', 'C'], ['D', 'A', 'C', 'B']]","{'A': 5, 'D': 4, 'B': 3, 'C': 3}","[0.58, 1.0, 0.75]",4.0
95,"[2, 3, 5]","[3, 4, 3]","[0.46, 0.79, 0.58]","[['A', 'D', 'B', 'C'], ['B', 'D', 'A', 'C'], ['D', 'C', 'A', 'B']]","{'A': 5, 'D': 4, 'B': 3, 'C': 3}","[0.58, 1.0, 0.75]",4.0
95,"[2, 3, 5]","[3, 4, 3]","[0.46, 0.79, 0.58]","[['A', 'D', 'B', 'C'], ['C', 'A', 'D', 'B'], ['A', 'B', 'D', 'C']]","{'A': 5, 'D': 4, 'B': 3, 'C': 3}","[0.58, 1.0, 0.75]",4.0
95,"[2, 3, 5]","[3, 4, 3]","[0.46, 0.79, 0.58]","[['A', 'D', 'B', 'C'], ['C', 'A', 'D', 'B'], ['A', 'D', 'B', 'C']]","{'A': 5, 'D': 4, 'B': 3, 'C': 3}","[0.58, 1.0, 0.75]",4.0
95,"[2, 3, 5]","[3, 4, 3]","[0.46, 0.79, 0.58]","[['A', 'D', 'B', 'C'], ['C', 'A', 'D', 'B'], ['B', 'A', 'D', 'C']]","{'A': 5, 'D': 4, 'B': 3, 'C': 3}","[0.58, 1.0, 0.75]",4.0
95,"[2, 3, 5]","[3, 4, 3]","[0.46, 0.79, 0.58]","[['A', 'D', 'B', 'C'], ['C', 'A', 'D', 'B'], ['B', 'D', 'A', 'C']]","{'A': 5, 'D': 4, 'B': 3, 'C': 3}","[0.58, 1.0, 0.75]",4.0
95,"[2, 3, 5]","[3, 4, 3]","[0.46, 0.79, 0.58]","[['A', 'D', 'B', 'C'], ['C', 'A', 'D', 'B'], ['D', 'A', 'B', 'C']]","{'A': 5, 'D': 4, 'B': 3, 'C': 3}","[0.58, 1.0, 0.75]",4.0
95,"[2, 3, 5]","[3, 4, 3]","[0.46, 0.79, 0.58]","[['A', 'D', 'B', 'C'], ['C', 'A', 'D', 'B'], ['D', 'B', 'A', 'C']]","{'A': 5, 'D': 4, 'B': 3, 'C': 3}","[0.58, 1.0, 0.75]",4.0
95,"[2, 3, 5]","[3, 4, 3]","[0.46, 0.79, 0.58]","[['A', 'D', 'B', 'C'], ['C', 'D', 'A', 'B'], ['A', 'B', 'D', 'C']]","{'A': 5, 'D': 4, 'B': 3, 'C': 3}","[0.58, 1.0, 0.75]",4.0
95,"[2, 3, 5]","[3, 4, 3]","[0.46, 0.79, 0.58]","[['A', 'D', 'B', 'C'], ['C', 'D', 'A', 'B'], ['A', 'D', 'B', 'C']]","{'A': 5, 'D': 4, 'B': 3, 'C': 3}","[0.58, 1.0, 0.75]",4.0
95,"[2, 3, 5]","[3, 4, 3]","[0.46, 0.79, 0.58]","[['A', 'D', 'B', 'C'], ['C', 'D', 'A', 'B'], ['B', 'A', 'D', 'C']]","{'A': 5, 'D': 4, 'B': 3, 'C': 3}","[0.58, 1.0, 0.75]",4.0
95,"[2, 3, 5]","[3, 4, 3]","[0.46, 0.79, 0.58]","[['A', 'D', 'B', 'C'], ['C', 'D', 'A', 'B'], ['B', 'D', 'A', 'C']]","{'A': 5, 'D': 4, 'B': 3, 'C': 3}","[0.58, 1.0, 0.75]",4.0
95,"[2, 3, 5]","[3, 4, 3]","[0.46, 0.79, 0.58]","[['A', 'D', 'B', 'C'], ['C', 'D', 'A', 'B'], ['D', 'A', 'B', 'C']]","{'A': 5, 'D': 4, 'B': 3, 'C': 3}","[0.58, 1.0, 0.75]",4.0
95,"[2, 3, 5]","[3, 4, 3]","[0.46, 0.79, 0.58]","[['A', 'D', 'B', 'C'], ['C', 'D', 'A', 'B'], ['D', 'B', 'A', 'C']]","{'A': 5, 'D': 4, 'B': 3, 'C': 3}","[0.58, 1.0, 0.75]",4.0
95,"[2, 3, 5]","[3, 4, 3]","[0.46, 0.79, 0.58]","[['A', 'D', 'B', 'C'], ['D', 'A', 'B', 'C'], ['A', 'C', 'D', 'B']]","{'A': 5, 'D': 4, 'B': 3, 'C': 3}","[0.58, 1.0, 0.75]",4.0
95,"[2, 3, 5]","[3, 4, 3]","[0.46, 0.79, 0.58]","[['A', 'D', 'B', 'C'], ['D', 'A', 'B', 'C'], ['A', 'D', 'C', 'B']]","{'A': 5, 'D': 4, 'B': 3, 'C': 3}","[0.58, 1.0, 0.75]",4.0
95,"[2, 3, 5]","[3, 4, 3]","[0.46, 0.79, 0.58]","[['A', 'D', 'B', 'C'], ['D', 'A', 'B', 'C'], ['C', 'A', 'D', 'B']]","{'A': 5, 'D': 4, 'B': 3, 'C': 3}","[0.58, 1.0, 0.75]",4.0
95,"[2, 3, 5]","[3, 4, 3]","[0.46, 0.79, 0.58]","[['A', 'D', 'B', 'C'], ['D', 'A', 'B', 'C'], ['C', 'D', 'A', 'B']]","{'A': 5, 'D': 4, 'B': 3, 'C': 3}","[0.58, 1.0, 0.75]",4.0
95,"[2, 3, 5]","[3, 4, 3]","[0.46, 0.79, 0.58]","[['A', 'D', 'B', 'C'], ['D', 'A', 'B', 'C'], ['D', 'A', 'C', 'B']]","{'A': 5, 'D': 4, 'B': 3, 'C': 3}","[0.58, 1.0, 0.75]",4.0
95,"[2, 3, 5]","[3, 4, 3]","[0.46, 0.79, 0.58]","[['A', 'D', 'B', 'C'], ['D', 'A', 'B', 'C'], ['D', 'C', 'A', 'B']]","{'A': 5, 'D': 4, 'B': 3, 'C': 3}","[0.58, 1.0, 0.75]",4.0
95,"[2, 3, 5]","[3, 4, 3]","[0.46, 0.79, 0.58]","[['A', 'D', 'B', 'C'], ['D', 'A', 'C', 'B'], ['A', 'B', 'D', 'C']]","{'A': 5, 'D': 4, 'B': 3, 'C': 3}","[0.58, 1.0, 0.75]",4.0
95,"[2, 3, 5]","[3, 4, 3]","[0.46, 0.79, 0.58]","[['A', 'D', 'B', 'C'], ['D', 'A', 'C', 'B'], ['A', 'D', 'B', 'C']]","{'A': 5, 'D': 4, 'B': 3, 'C': 3}","[0.58, 1.0, 0.75]",4.0
95,"[2, 3, 5]","[3, 4, 3]","[0.46, 0.79, 0.58]","[['A', 'D', 'B', 'C'], ['D', 'A', 'C', 'B'], ['B', 'A', 'D', 'C']]","{'A': 5, 'D': 4, 'B': 3, 'C': 3}","[0.58, 1.0, 0.75]",4.0
95,"[2, 3, 5]","[3, 4, 3]","[0.46, 0.79, 0.58]","[['A', 'D', 'B', 'C'], ['D', 'A', 'C', 'B'], ['B', 'D', 'A', 'C']]","{'A': 5, 'D': 4, 'B': 3, 'C': 3}","[0.58, 1.0, 0.75]",4.0
95,"[2, 3, 5]","[3, 4, 3]","[0.46, 0.79, 0.58]","[['A', 'D', 'B', 'C'], ['D', 'A', 'C', 'B'], ['D', 'A', 'B', 'C']]","{'A': 5, 'D': 4, 'B': 3, 'C': 3}","[0.58, 1.0, 0.75]",4.0
95,"[2, 3, 5]","[3, 4, 3]","[0.46, 0.79, 0.58]","[['A', 'D', 'B', 'C'], ['D', 'A', 'C', 'B'], ['D', 'B', 'A', 'C']]","{'A': 5, 'D': 4, 'B': 3, 'C': 3}","[0.58, 1.0, 0.75]",4.0
95,"[2, 3, 5]","[3, 4, 3]","[0.46, 0.79, 0.58]","[['A', 'D', 'B', 'C'], ['D', 'B', 'A', 'C'], ['A', 'C', 'D', 'B']]","{'A': 5, 'D': 4, 'B': 3, 'C': 3}","[0.58, 1.0, 0.75]",4.0
95,"[2, 3, 5]","[3, 4, 3]","[0.46, 0.79, 0.58]","[['A', 'D', 'B', 'C'], ['D', 'B', 'A', 'C'], ['A', 'D', 'C', 'B']]","{'A': 5, 'D': 4, 'B': 3, 'C': 3}","[0.58, 1.0, 0.75]",4.0
95,"[2, 3, 5]","[3, 4, 3]","[0.46, 0.79, 0.58]","[['A', 'D', 'B', 'C'], ['D', 'B', 'A', 'C'], ['C', 'A', 'D', 'B']]","{'A': 5, 'D': 4, 'B': 3, 'C': 3}","[0.58, 1.0, 0.75]",4.0
95,"[2, 3, 5]","[3, 4, 3]","[0.46, 0.79, 0.58]","[['A', 'D', 'B', 'C'], ['D', 'B', 'A', 'C'], ['C', 'D', 'A', 'B']]","{'A': 5, 'D': 4, 'B': 3, 'C': 3}","[0.58, 1.0, 0.75]",4.0
95,"[2, 3, 5]","[3, 4, 3]","[0.46, 0.79, 0.58]","[['A', 'D', 'B', 'C'], ['D', 'B', 'A', 'C'], ['D', 'A', 'C', 'B']]","{'A': 5, 'D': 4, 'B': 3, 'C': 3}","[0.58, 1.0, 0.75]",4.0
95,"[2, 3, 5]","[3, 4, 3]","[0.46, 0.79, 0.58]","[['A', 'D', 'B', 'C'], ['D', 'B', 'A', 'C'], ['D', 'C', 'A', 'B']]","{'A': 5, 'D': 4, 'B': 3, 'C': 3}","[0.58, 1.0, 0.75]",4.0
95,"[2, 3, 5]","[3, 4, 3]","[0.46, 0.79, 0.58]","[['A', 'D', 'B', 'C'], ['D', 'C', 'A', 'B'], ['A', 'B', 'D', 'C']]","{'A': 5, 'D': 4, 'B': 3, 'C': 3}","[0.58, 1.0, 0.75]",4.0
95,"[2, 3, 5]","[3, 4, 3]","[0.46, 0.79, 0.58]","[['A', 'D', 'B', 'C'], ['D', 'C', 'A', 'B'], ['A', 'D', 'B', 'C']]","{'A': 5, 'D': 4, 'B': 3, 'C': 3}","[0.58, 1.0, 0.75]",4.0
95,"[2, 3, 5]","[3, 4, 3]","[0.46, 0.79, 0.58]","[['A', 'D', 'B', 'C'], ['D', 'C', 'A', 'B'], ['B', 'A', 'D', 'C']]","{'A': 5, 'D': 4, 'B': 3, 'C': 3}","[0.58, 1.0, 0.75]",4.0
95,"[2, 3, 5]","[3, 4, 3]","[0.46, 0.79, 0.58]","[['A', 'D', 'B', 'C'], ['D', 'C', 'A', 'B'], ['B', 'D', 'A', 'C']]","{'A': 5, 'D': 4, 'B': 3, 'C': 3}","[0.58, 1.0, 0.75]",4.0
95,"[2, 3, 5]","[3, 4, 3]","[0.46, 0.79, 0.58]","[['A', 'D', 'B', 'C'], ['D', 'C', 'A', 'B'], ['D', 'A', 'B', 'C']]","{'A': 5, 'D': 4, 'B': 3, 'C': 3}","[0.58, 1.0, 0.75]",4.0
95,"[2, 3, 5]","[3, 4, 3]","[0.46, 0.79, 0.58]","[['A', 'D', 'B', 'C'], ['D', 'C', 'A', 'B'], ['D', 'B', 'A', 'C']]","{'A': 5, 'D': 4, 'B': 3, 'C': 3}","[0.58, 1.0, 0.75]",4.0
95,"[2, 3, 5]","[3, 4, 3]","[0.46, 0.79, 0.58]","[['A', 'D', 'C', 'B'], ['A', 'B', 'D', 'C'], ['A', 'B', 'D', 'C']]","{'A': 5, 'D': 4, 'B': 3, 'C': 3}","[0.58, 1.0, 0.75]",4.0
95,"[2, 3, 5]","[3, 4, 3]","[0.46, 0.79, 0.58]","[['A', 'D', 'C', 'B'], ['A', 'B', 'D', 'C'], ['A', 'D', 'B', 'C']]","{'A': 5, 'D': 4, 'B': 3, 'C': 3}","[0.58, 1.0, 0.75]",4.0
95,"[2, 3, 5]","[3, 4, 3]","[0.46, 0.79, 0.58]","[['A', 'D', 'C', 'B'], ['A', 'B', 'D', 'C'], ['B', 'A', 'D', 'C']]","{'A': 5, 'D': 4, 'B': 3, 'C': 3}","[0.58, 1.0, 0.75]",4.0
95,"[2, 3, 5]","[3, 4, 3]","[0.46, 0.79, 0.58]","[['A', 'D', 'C', 'B'], ['A', 'B', 'D', 'C'], ['B', 'D', 'A', 'C']]","{'A': 5, 'D': 4, 'B': 3, 'C': 3}","[0.58, 1.0, 0.75]",4.0
95,"[2, 3, 5]","[3, 4, 3]","[0.46, 0.79, 0.58]","[['A', 'D', 'C', 'B'], ['A', 'B', 'D', 'C'], ['D', 'A', 'B', 'C']]","{'A': 5, 'D': 4, 'B': 3, 'C': 3}","[0.58, 1.0, 0.75]",4.0
95,"[2, 3, 5]","[3, 4, 3]","[0.46, 0.79, 0.58]","[['A', 'D', 'C', 'B'], ['A', 'B', 'D', 'C'], ['D', 'B', 'A', 'C']]","{'A': 5, 'D': 4, 'B': 3, 'C': 3}","[0.58, 1.0, 0.75]",4.0
95,"[2, 3, 5]","[3, 4, 3]","[0.46, 0.79, 0.58]","[['A', 'D', 'C', 'B'], ['A', 'D', 'B', 'C'], ['A', 'B', 'D', 'C']]","{'A': 5, 'D': 4, 'B': 3, 'C': 3}","[0.58, 1.0, 0.75]",4.0
95,"[2, 3, 5]","[3, 4, 3]","[0.46, 0.79, 0.58]","[['A', 'D', 'C', 'B'], ['A', 'D', 'B', 'C'], ['A', 'D', 'B', 'C']]","{'A': 5, 'D': 4, 'B': 3, 'C': 3}","[0.58, 1.0, 0.75]",4.0
95,"[2, 3, 5]","[3, 4, 3]","[0.46, 0.79, 0.58]","[['A', 'D', 'C', 'B'], ['A', 'D', 'B', 'C'], ['B', 'A', 'D', 'C']]","{'A': 5, 'D': 4, 'B': 3, 'C': 3}","[0.58, 1.0, 0.75]",4.0
95,"[2, 3, 5]","[3, 4, 3]","[0.46, 0.79, 0.58]","[['A', 'D', 'C', 'B'], ['A', 'D', 'B', 'C'], ['B', 'D', 'A', 'C']]","{'A': 5, 'D': 4, 'B': 3, 'C': 3}","[0.58, 1.0, 0.75]",4.0
95,"[2, 3, 5]","[3, 4, 3]","[0.46, 0.79, 0.58]","[['A', 'D', 'C', 'B'], ['A', 'D', 'B', 'C'], ['D', 'A', 'B', 'C']]","{'A': 5, 'D': 4, 'B': 3, 'C': 3}","[0.58, 1.0, 0.75]",4.0
95,"[2, 3, 5]","[3, 4, 3]","[0.46, 0.79, 0.58]","[['A', 'D', 'C', 'B'], ['A', 'D', 'B', 'C'], ['D', 'B', 'A', 'C']]","{'A': 5, 'D': 4, 'B': 3, 'C': 3}","[0.58, 1.0, 0.75]",4.0
95,"[2, 3, 5]","[3, 4, 3]","[0.46, 0.79, 0.58]","[['A', 'D', 'C', 'B'], ['B', 'A', 'D', 'C'], ['A', 'B', 'D', 'C']]","{'A': 5, 'D': 4, 'B': 3, 'C': 3}","[0.58, 1.0, 0.75]",4.0
95,"[2, 3, 5]","[3, 4, 3]","[0.46, 0.79, 0.58]","[['A', 'D', 'C', 'B'], ['B', 'A', 'D', 'C'], ['A', 'D', 'B', 'C']]","{'A': 5, 'D': 4, 'B': 3, 'C': 3}","[0.58, 1.0, 0.75]",4.0
95,"[2, 3, 5]","[3, 4, 3]","[0.46, 0.79, 0.58]","[['A', 'D', 'C', 'B'], ['B', 'A', 'D', 'C'], ['B', 'A', 'D', 'C']]","{'A': 5, 'D': 4, 'B': 3, 'C': 3}","[0.58, 1.0, 0.75]",4.0
95,"[2, 3, 5]","[3, 4, 3]","[0.46, 0.79, 0.58]","[['A', 'D', 'C', 'B'], ['B', 'A', 'D', 'C'], ['B', 'D', 'A', 'C']]","{'A': 5, 'D': 4, 'B': 3, 'C': 3}","[0.58, 1.0, 0.75]",4.0
95,"[2, 3, 5]","[3, 4, 3]","[0.46, 0.79, 0.58]","[['A', 'D', 'C', 'B'], ['B', 'A', 'D', 'C'], ['D', 'A', 'B', 'C']]","{'A': 5, 'D': 4, 'B': 3, 'C': 3}","[0.58, 1.0, 0.75]",4.0
95,"[2, 3, 5]","[3, 4, 3]","[0.46, 0.79, 0.58]","[['A', 'D', 'C', 'B'], ['B', 'A', 'D', 'C'], ['D', 'B', 'A', 'C']]","{'A': 5, 'D': 4, 'B': 3, 'C': 3}","[0.58, 1.0, 0.75]",4.0
95,"[2, 3, 5]","[3, 4, 3]","[0.46, 0.79, 0.58]","[['A', 'D', 'C', 'B'], ['B', 'D', 'A', 'C'], ['A', 'B', 'D', 'C']]","{'A': 5, 'D': 4, 'B': 3, 'C': 3}","[0.58, 1.0, 0.75]",4.0
95,"[2, 3, 5]","[3, 4, 3]","[0.46, 0.79, 0.58]","[['A', 'D', 'C', 'B'], ['B', 'D', 'A', 'C'], ['A', 'D', 'B', 'C']]","{'A': 5, 'D': 4, 'B': 3, 'C': 3}","[0.58, 1.0, 0.75]",4.0
95,"[2, 3, 5]","[3, 4, 3]","[0.46, 0.79, 0.58]","[['A', 'D', 'C', 'B'], ['B', 'D', 'A', 'C'], ['B', 'A', 'D', 'C']]","{'A': 5, 'D': 4, 'B': 3, 'C': 3}","[0.58, 1.0, 0.75]",4.0
95,"[2, 3, 5]","[3, 4, 3]","[0.46, 0.79, 0.58]","[['A', 'D', 'C', 'B'], ['B', 'D', 'A', 'C'], ['B', 'D', 'A', 'C']]","{'A': 5, 'D': 4, 'B': 3, 'C': 3}","[0.58, 1.0, 0.75]",4.0
95,"[2, 3, 5]","[3, 4, 3]","[0.46, 0.79, 0.58]","[['A', 'D', 'C', 'B'], ['B', 'D', 'A', 'C'], ['D', 'A', 'B', 'C']]","{'A': 5, 'D': 4, 'B': 3, 'C': 3}","[0.58, 1.0, 0.75]",4.0
95,"[2, 3, 5]","[3, 4, 3]","[0.46, 0.79, 0.58]","[['A', 'D', 'C', 'B'], ['B', 'D', 'A', 'C'], ['D', 'B', 'A', 'C']]","{'A': 5, 'D': 4, 'B': 3, 'C': 3}","[0.58, 1.0, 0.75]",4.0
95,"[2, 3, 5]","[3, 4, 3]","[0.46, 0.79, 0.58]","[['A', 'D', 'C', 'B'], ['D', 'A', 'B', 'C'], ['A', 'B', 'D', 'C']]","{'A': 5, 'D': 4, 'B': 3, 'C': 3}","[0.58, 1.0, 0.75]",4.0
95,"[2, 3, 5]","[3, 4, 3]","[0.46, 0.79, 0.58]","[['A', 'D', 'C', 'B'], ['D', 'A', 'B', 'C'], ['A', 'D', 'B', 'C']]","{'A': 5, 'D': 4, 'B': 3, 'C': 3}","[0.58, 1.0, 0.75]",4.0
95,"[2, 3, 5]","[3, 4, 3]","[0.46, 0.79, 0.58]","[['A', 'D', 'C', 'B'], ['D', 'A', 'B', 'C'], ['B', 'A', 'D', 'C']]","{'A': 5, 'D': 4, 'B': 3, 'C': 3}","[0.58, 1.0, 0.75]",4.0
95,"[2, 3, 5]","[3, 4, 3]","[0.46, 0.79, 0.58]","[['A', 'D', 'C', 'B'], ['D', 'A', 'B', 'C'], ['B', 'D', 'A', 'C']]","{'A': 5, 'D': 4, 'B': 3, 'C': 3}","[0.58, 1.0, 0.75]",4.0
95,"[2, 3, 5]","[3, 4, 3]","[0.46, 0.79, 0.58]","[['A', 'D', 'C', 'B'], ['D', 'A', 'B', 'C'], ['D', 'A', 'B', 'C']]","{'A': 5, 'D': 4, 'B': 3, 'C': 3}","[0.58, 1.0, 0.75]",4.0
95,"[2, 3, 5]","[3, 4, 3]","[0.46, 0.79, 0.58]","[['A', 'D', 'C', 'B'], ['D', 'A', 'B', 'C'], ['D', 'B', 'A', 'C']]","{'A': 5, 'D': 4, 'B': 3, 'C': 3}","[0.58, 1.0, 0.75]",4.0
95,"[2, 3, 5]","[3, 4, 3]","[0.46, 0.79, 0.58]","[['A', 'D', 'C', 'B'], ['D', 'B', 'A', 'C'], ['A', 'B', 'D', 'C']]","{'A': 5, 'D': 4, 'B': 3, 'C': 3}","[0.58, 1.0, 0.75]",4.0
95,"[2, 3, 5]","[3, 4, 3]","[0.46, 0.79, 0.58]","[['A', 'D', 'C', 'B'], ['D', 'B', 'A', 'C'], ['A', 'D', 'B', 'C']]","{'A': 5, 'D': 4, 'B': 3, 'C': 3}","[0.58, 1.0, 0.75]",4.0
95,"[2, 3, 5]","[3, 4, 3]","[0.46, 0.79, 0.58]","[['A', 'D', 'C', 'B'], ['D', 'B', 'A', 'C'], ['B', 'A', 'D', 'C']]","{'A': 5, 'D': 4, 'B': 3, 'C': 3}","[0.58, 1.0, 0.75]",4.0
95,"[2, 3, 5]","[3, 4, 3]","[0.46, 0.79, 0.58]","[['A', 'D', 'C', 'B'], ['D', 'B', 'A', 'C'], ['B', 'D', 'A', 'C']]","{'A': 5, 'D': 4, 'B': 3, 'C': 3}","[0.58, 1.0, 0.75]",4.0
95,"[2, 3, 5]","[3, 4, 3]","[0.46, 0.79, 0.58]","[['A', 'D', 'C', 'B'], ['D', 'B', 'A', 'C'], ['D', 'A', 'B', 'C']]","{'A': 5, 'D': 4, 'B': 3, 'C': 3}","[0.58, 1.0, 0.75]",4.0
95,"[2, 3, 5]","[3, 4, 3]","[0.46, 0.79, 0.58]","[['A', 'D', 'C', 'B'], ['D', 'B', 'A', 'C'], ['D', 'B', 'A', 'C']]","{'A': 5, 'D': 4, 'B': 3, 'C': 3}","[0.58, 1.0, 0.75]",4.0
95,"[2, 3, 5]","[3, 4, 3]","[0.46, 0.79, 0.58]","[['B', 'A', 'D', 'C'], ['A', 'B', 'D', 'C'], ['A', 'C', 'D', 'B']]","{'A': 5, 'D': 4, 'B': 3, 'C': 3}","[0.58, 1.0, 0.75]",4.0
95,"[2, 3, 5]","[3, 4, 3]","[0.46, 0.79, 0.58]","[['B', 'A', 'D', 'C'], ['A', 'B', 'D', 'C'], ['A', 'D', 'C', 'B']]","{'A': 5, 'D': 4, 'B': 3, 'C': 3}","[0.58, 1.0, 0.75]",4.0
95,"[2, 3, 5]","[3, 4, 3]","[0.46, 0.79, 0.58]","[['B', 'A', 'D', 'C'], ['A', 'B', 'D', 'C'], ['C', 'A', 'D', 'B']]","{'A': 5, 'D': 4, 'B': 3, 'C': 3}","[0.58, 1.0, 0.75]",4.0
95,"[2, 3, 5]","[3, 4, 3]","[0.46, 0.79, 0.58]","[['B', 'A', 'D', 'C'], ['A', 'B', 'D', 'C'], ['C', 'D', 'A', 'B']]","{'A': 5, 'D': 4, 'B': 3, 'C': 3}","[0.58, 1.0, 0.75]",4.0
95,"[2, 3, 5]","[3, 4, 3]","[0.46, 0.79, 0.58]","[['B', 'A', 'D', 'C'], ['A', 'B', 'D', 'C'], ['D', 'A', 'C', 'B']]","{'A': 5, 'D': 4, 'B': 3, 'C': 3}","[0.58, 1.0, 0.75]",4.0
95,"[2, 3, 5]","[3, 4, 3]","[0.46, 0.79, 0.58]","[['B', 'A', 'D', 'C'], ['A', 'B', 'D', 'C'], ['D', 'C', 'A', 'B']]","{'A': 5, 'D': 4, 'B': 3, 'C': 3}","[0.58, 1.0, 0.75]",4.0
95,"[2, 3, 5]","[3, 4, 3]","[0.46, 0.79, 0.58]","[['B', 'A', 'D', 'C'], ['A', 'C', 'D', 'B'], ['A', 'B', 'D', 'C']]","{'A': 5, 'D': 4, 'B': 3, 'C': 3}","[0.58, 1.0, 0.75]",4.0
95,"[2, 3, 5]","[3, 4, 3]","[0.46, 0.79, 0.58]","[['B', 'A', 'D', 'C'], ['A', 'C', 'D', 'B'], ['A', 'D', 'B', 'C']]","{'A': 5, 'D': 4, 'B': 3, 'C': 3}","[0.58, 1.0, 0.75]",4.0
95,"[2, 3, 5]","[3, 4, 3]","[0.46, 0.79, 0.58]","[['B', 'A', 'D', 'C'], ['A', 'C', 'D', 'B'], ['B', 'A', 'D', 'C']]","{'A': 5, 'D': 4, 'B': 3, 'C': 3}","[0.58, 1.0, 0.75]",4.0
95,"[2, 3, 5]","[3, 4, 3]","[0.46, 0.79, 0.58]","[['B', 'A', 'D', 'C'], ['A', 'C', 'D', 'B'], ['B', 'D', 'A', 'C']]","{'A': 5, 'D': 4, 'B': 3, 'C': 3}","[0.58, 1.0, 0.75]",4.0
95,"[2, 3, 5]","[3, 4, 3]","[0.46, 0.79, 0.58]","[['B', 'A', 'D', 'C'], ['A', 'C', 'D', 'B'], ['D', 'A', 'B', 'C']]","{'A': 5, 'D': 4, 'B': 3, 'C': 3}","[0.58, 1.0, 0.75]",4.0
95,"[2, 3, 5]","[3, 4, 3]","[0.46, 0.79, 0.58]","[['B', 'A', 'D', 'C'], ['A', 'C', 'D', 'B'], ['D', 'B', 'A', 'C']]","{'A': 5, 'D': 4, 'B': 3, 'C': 3}","[0.58, 1.0, 0.75]",4.0
95,"[2, 3, 5]","[3, 4, 3]","[0.46, 0.79, 0.58]","[['B', 'A', 'D', 'C'], ['A', 'D', 'B', 'C'], ['A', 'C', 'D', 'B']]","{'A': 5, 'D': 4, 'B': 3, 'C': 3}","[0.58, 1.0, 0.75]",4.0
95,"[2, 3, 5]","[3, 4, 3]","[0.46, 0.79, 0.58]","[['B', 'A', 'D', 'C'], ['A', 'D', 'B', 'C'], ['A', 'D', 'C', 'B']]","{'A': 5, 'D': 4, 'B': 3, 'C': 3}","[0.58, 1.0, 0.75]",4.0
95,"[2, 3, 5]","[3, 4, 3]","[0.46, 0.79, 0.58]","[['B', 'A', 'D', 'C'], ['A', 'D', 'B', 'C'], ['C', 'A', 'D', 'B']]","{'A': 5, 'D': 4, 'B': 3, 'C': 3}","[0.58, 1.0, 0.75]",4.0
95,"[2, 3, 5]","[3, 4, 3]","[0.46, 0.79, 0.58]","[['B', 'A', 'D', 'C'], ['A', 'D', 'B', 'C'], ['C', 'D', 'A', 'B']]","{'A': 5, 'D': 4, 'B': 3, 'C': 3}","[0.58, 1.0, 0.75]",4.0
95,"[2, 3, 5]","[3, 4, 3]","[0.46, 0.79, 0.58]","[['B', 'A', 'D', 'C'], ['A', 'D', 'B', 'C'], ['D', 'A', 'C', 'B']]","{'A': 5, 'D': 4, 'B': 3, 'C': 3}","[0.58, 1.0, 0.75]",4.0
95,"[2, 3, 5]","[3, 4, 3]","[0.46, 0.79, 0.58]","[['B', 'A', 'D', 'C'], ['A', 'D', 'B', 'C'], ['D', 'C', 'A', 'B']]","{'A': 5, 'D': 4, 'B': 3, 'C': 3}","[0.58, 1.0, 0.75]",4.0
95,"[2, 3, 5]","[3, 4, 3]","[0.46, 0.79, 0.58]","[['B', 'A', 'D', 'C'], ['A', 'D', 'C', 'B'], ['A', 'B', 'D', 'C']]","{'A': 5, 'D': 4, 'B': 3, 'C': 3}","[0.58, 1.0, 0.75]",4.0
95,"[2, 3, 5]","[3, 4, 3]","[0.46, 0.79, 0.58]","[['B', 'A', 'D', 'C'], ['A', 'D', 'C', 'B'], ['A', 'D', 'B', 'C']]","{'A': 5, 'D': 4, 'B': 3, 'C': 3}","[0.58, 1.0, 0.75]",4.0
95,"[2, 3, 5]","[3, 4, 3]","[0.46, 0.79, 0.58]","[['B', 'A', 'D', 'C'], ['A', 'D', 'C', 'B'], ['B', 'A', 'D', 'C']]","{'A': 5, 'D': 4, 'B': 3, 'C': 3}","[0.58, 1.0, 0.75]",4.0
95,"[2, 3, 5]","[3, 4, 3]","[0.46, 0.79, 0.58]","[['B', 'A', 'D', 'C'], ['A', 'D', 'C', 'B'], ['B', 'D', 'A', 'C']]","{'A': 5, 'D': 4, 'B': 3, 'C': 3}","[0.58, 1.0, 0.75]",4.0
95,"[2, 3, 5]","[3, 4, 3]","[0.46, 0.79, 0.58]","[['B', 'A', 'D', 'C'], ['A', 'D', 'C', 'B'], ['D', 'A', 'B', 'C']]","{'A': 5, 'D': 4, 'B': 3, 'C': 3}","[0.58, 1.0, 0.75]",4.0
95,"[2, 3, 5]","[3, 4, 3]","[0.46, 0.79, 0.58]","[['B', 'A', 'D', 'C'], ['A', 'D', 'C', 'B'], ['D', 'B', 'A', 'C']]","{'A': 5, 'D': 4, 'B': 3, 'C': 3}","[0.58, 1.0, 0.75]",4.0
95,"[2, 3, 5]","[3, 4, 3]","[0.46, 0.79, 0.58]","[['B', 'A', 'D', 'C'], ['B', 'A', 'D', 'C'], ['A', 'C', 'D', 'B']]","{'A': 5, 'D': 4, 'B': 3, 'C': 3}","[0.58, 1.0, 0.75]",4.0
95,"[2, 3, 5]","[3, 4, 3]","[0.46, 0.79, 0.58]","[['B', 'A', 'D', 'C'], ['B', 'A', 'D', 'C'], ['A', 'D', 'C', 'B']]","{'A': 5, 'D': 4, 'B': 3, 'C': 3}","[0.58, 1.0, 0.75]",4.0
95,"[2, 3, 5]","[3, 4, 3]","[0.46, 0.79, 0.58]","[['B', 'A', 'D', 'C'], ['B', 'A', 'D', 'C'], ['C', 'A', 'D', 'B']]","{'A': 5, 'D': 4, 'B': 3, 'C': 3}","[0.58, 1.0, 0.75]",4.0
95,"[2, 3, 5]","[3, 4, 3]","[0.46, 0.79, 0.58]","[['B', 'A', 'D', 'C'], ['B', 'A', 'D', 'C'], ['C', 'D', 'A', 'B']]","{'A': 5, 'D': 4, 'B': 3, 'C': 3}","[0.58, 1.0, 0.75]",4.0
95,"[2, 3, 5]","[3, 4, 3]","[0.46, 0.79, 0.58]","[['B', 'A', 'D', 'C'], ['B', 'A', 'D', 'C'], ['D', 'A', 'C', 'B']]","{'A': 5, 'D': 4, 'B': 3, 'C': 3}","[0.58, 1.0, 0.75]",4.0
95,"[2, 3, 5]","[3, 4, 3]","[0.46, 0.79, 0.58]","[['B', 'A', 'D', 'C'], ['B', 'A', 'D', 'C'], ['D', 'C', 'A', 'B']]","{'A': 5, 'D': 4, 'B': 3, 'C': 3}","[0.58, 1.0, 0.75]",4.0
95,"[2, 3, 5]","[3, 4, 3]","[0.46, 0.79, 0.58]","[['B', 'A', 'D', 'C'], ['B', 'D', 'A', 'C'], ['A', 'C', 'D', 'B']]","{'A': 5, 'D': 4, 'B': 3, 'C': 3}","[0.58, 1.0, 0.75]",4.0
95,"[2, 3, 5]","[3, 4, 3]","[0.46, 0.79, 0.58]","[['B', 'A', 'D', 'C'], ['B', 'D', 'A', 'C'], ['A', 'D', 'C', 'B']]","{'A': 5, 'D': 4, 'B': 3, 'C': 3}","[0.58, 1.0, 0.75]",4.0
95,"[2, 3, 5]","[3, 4, 3]","[0.46, 0.79, 0.58]","[['B', 'A', 'D', 'C'], ['B', 'D', 'A', 'C'], ['C', 'A', 'D', 'B']]","{'A': 5, 'D': 4, 'B': 3, 'C': 3}","[0.58, 1.0, 0.75]",4.0
95,"[2, 3, 5]","[3, 4, 3]","[0.46, 0.79, 0.58]","[['B', 'A', 'D', 'C'], ['B', 'D', 'A', 'C'], ['C', 'D', 'A', 'B']]","{'A': 5, 'D': 4, 'B': 3, 'C': 3}","[0.58, 1.0, 0.75]",4.0
95,"[2, 3, 5]","[3, 4, 3]","[0.46, 0.79, 0.58]","[['B', 'A', 'D', 'C'], ['B', 'D', 'A', 'C'], ['D', 'A', 'C', 'B']]","{'A': 5, 'D': 4, 'B': 3, 'C': 3}","[0.58, 1.0, 0.75]",4.0
95,"[2, 3, 5]","[3, 4, 3]","[0.46, 0.79, 0.58]","[['B', 'A', 'D', 'C'], ['B', 'D', 'A', 'C'], ['D', 'C', 'A', 'B']]","{'A': 5, 'D': 4, 'B': 3, 'C': 3}","[0.58, 1.0, 0.75]",4.0
95,"[2, 3, 5]","[3, 4, 3]","[0.46, 0.79, 0.58]","[['B', 'A', 'D', 'C'], ['C', 'A', 'D', 'B'], ['A', 'B', 'D', 'C']]","{'A': 5, 'D': 4, 'B': 3, 'C': 3}","[0.58, 1.0, 0.75]",4.0
95,"[2, 3, 5]","[3, 4, 3]","[0.46, 0.79, 0.58]","[['B', 'A', 'D', 'C'], ['C', 'A', 'D', 'B'], ['A', 'D', 'B', 'C']]","{'A': 5, 'D': 4, 'B': 3, 'C': 3}","[0.58, 1.0, 0.75]",4.0
95,"[2, 3, 5]","[3, 4, 3]","[0.46, 0.79, 0.58]","[['B', 'A', 'D', 'C'], ['C', 'A', 'D', 'B'], ['B', 'A', 'D', 'C']]","{'A': 5, 'D': 4, 'B': 3, 'C': 3}","[0.58, 1.0, 0.75]",4.0
95,"[2, 3, 5]","[3, 4, 3]","[0.46, 0.79, 0.58]","[['B', 'A', 'D', 'C'], ['C', 'A', 'D', 'B'], ['B', 'D', 'A', 'C']]","{'A': 5, 'D': 4, 'B': 3, 'C': 3}","[0.58, 1.0, 0.75]",4.0
95,"[2, 3, 5]","[3, 4, 3]","[0.46, 0.79, 0.58]","[['B', 'A', 'D', 'C'], ['C', 'A', 'D', 'B'], ['D', 'A', 'B', 'C']]","{'A': 5, 'D': 4, 'B': 3, 'C': 3}","[0.58, 1.0, 0.75]",4.0
95,"[2, 3, 5]","[3, 4, 3]","[0.46, 0.79, 0.58]","[['B', 'A', 'D', 'C'], ['C', 'A', 'D', 'B'], ['D', 'B', 'A', 'C']]","{'A': 5, 'D': 4, 'B': 3, 'C': 3}","[0.58, 1.0, 0.75]",4.0
95,"[2, 3, 5]","[3, 4, 3]","[0.46, 0.79, 0.58]","[['B', 'A', 'D', 'C'], ['C', 'D', 'A', 'B'], ['A', 'B', 'D', 'C']]","{'A': 5, 'D': 4, 'B': 3, 'C': 3}","[0.58, 1.0, 0.75]",4.0
95,"[2, 3, 5]","[3, 4, 3]","[0.46, 0.79, 0.58]","[['B', 'A', 'D', 'C'], ['C', 'D', 'A', 'B'], ['A', 'D', 'B', 'C']]","{'A': 5, 'D': 4, 'B': 3, 'C': 3}","[0.58, 1.0, 0.75]",4.0
95,"[2, 3, 5]","[3, 4, 3]","[0.46, 0.79, 0.58]","[['B', 'A', 'D', 'C'], ['C', 'D', 'A', 'B'], ['B', 'A', 'D', 'C']]","{'A': 5, 'D': 4, 'B': 3, 'C': 3}","[0.58, 1.0, 0.75]",4.0
95,"[2, 3, 5]","[3, 4, 3]","[0.46, 0.79, 0.58]","[['B', 'A', 'D', 'C'], ['C', 'D', 'A', 'B'], ['B', 'D', 'A', 'C']]","{'A': 5, 'D': 4, 'B': 3, 'C': 3}","[0.58, 1.0, 0.75]",4.0
95,"[2, 3, 5]","[3, 4, 3]","[0.46, 0.79, 0.58]","[['B', 'A', 'D', 'C'], ['C', 'D', 'A', 'B'], ['D', 'A', 'B', 'C']]","{'A': 5, 'D': 4, 'B': 3, 'C': 3}","[0.58, 1.0, 0.75]",4.0
95,"[2, 3, 5]","[3, 4, 3]","[0.46, 0.79, 0.58]","[['B', 'A', 'D', 'C'], ['C', 'D', 'A', 'B'], ['D', 'B', 'A', 'C']]","{'A': 5, 'D': 4, 'B': 3, 'C': 3}","[0.58, 1.0, 0.75]",4.0
95,"[2, 3, 5]","[3, 4, 3]","[0.46, 0.79, 0.58]","[['B', 'A', 'D', 'C'], ['D', 'A', 'B', 'C'], ['A', 'C', 'D', 'B']]","{'A': 5, 'D': 4, 'B': 3, 'C': 3}","[0.58, 1.0, 0.75]",4.0
95,"[2, 3, 5]","[3, 4, 3]","[0.46, 0.79, 0.58]","[['B', 'A', 'D', 'C'], ['D', 'A', 'B', 'C'], ['A', 'D', 'C', 'B']]","{'A': 5, 'D': 4, 'B': 3, 'C': 3}","[0.58, 1.0, 0.75]",4.0
95,"[2, 3, 5]","[3, 4, 3]","[0.46, 0.79, 0.58]","[['B', 'A', 'D', 'C'], ['D', 'A', 'B', 'C'], ['C', 'A', 'D', 'B']]","{'A': 5, 'D': 4, 'B': 3, 'C': 3}","[0.58, 1.0, 0.75]",4.0
95,"[2, 3, 5]","[3, 4, 3]","[0.46, 0.79, 0.58]","[['B', 'A', 'D', 'C'], ['D', 'A', 'B', 'C'], ['C', 'D', 'A', 'B']]","{'A': 5, 'D': 4, 'B': 3, 'C': 3}","[0.58, 1.0, 0.75]",4.0
95,"[2, 3, 5]","[3, 4, 3]","[0.46, 0.79, 0.58]","[['B', 'A', 'D', 'C'], ['D', 'A', 'B', 'C'], ['D', 'A', 'C', 'B']]","{'A': 5, 'D': 4, 'B': 3, 'C': 3}","[0.58, 1.0, 0.75]",4.0
95,"[2, 3, 5]","[3, 4, 3]","[0.46, 0.79, 0.58]","[['B', 'A', 'D', 'C'], ['D', 'A', 'B', 'C'], ['D', 'C', 'A', 'B']]","{'A': 5, 'D': 4, 'B': 3, 'C': 3}","[0.58, 1.0, 0.75]",4.0
95,"[2, 3, 5]","[3, 4, 3]","[0.46, 0.79, 0.58]","[['B', 'A', 'D', 'C'], ['D', 'A', 'C', 'B'], ['A', 'B', 'D', 'C']]","{'A': 5, 'D': 4, 'B': 3, 'C': 3}","[0.58, 1.0, 0.75]",4.0
95,"[2, 3, 5]","[3, 4, 3]","[0.46, 0.79, 0.58]","[['B', 'A', 'D', 'C'], ['D', 'A', 'C', 'B'], ['A', 'D', 'B', 'C']]","{'A': 5, 'D': 4, 'B': 3, 'C': 3}","[0.58, 1.0, 0.75]",4.0
95,"[2, 3, 5]","[3, 4, 3]","[0.46, 0.79, 0.58]","[['B', 'A', 'D', 'C'], ['D', 'A', 'C', 'B'], ['B', 'A', 'D', 'C']]","{'A': 5, 'D': 4, 'B': 3, 'C': 3}","[0.58, 1.0, 0.75]",4.0
95,"[2, 3, 5]","[3, 4, 3]","[0.46, 0.79, 0.58]","[['B', 'A', 'D', 'C'], ['D', 'A', 'C', 'B'], ['B', 'D', 'A', 'C']]","{'A': 5, 'D': 4, 'B': 3, 'C': 3}","[0.58, 1.0, 0.75]",4.0
95,"[2, 3, 5]","[3, 4, 3]","[0.46, 0.79, 0.58]","[['B', 'A', 'D', 'C'], ['D', 'A', 'C', 'B'], ['D', 'A', 'B', 'C']]","{'A': 5, 'D': 4, 'B': 3, 'C': 3}","[0.58, 1.0, 0.75]",4.0
95,"[2, 3, 5]","[3, 4, 3]","[0.46, 0.79, 0.58]","[['B', 'A', 'D', 'C'], ['D', 'A', 'C', 'B'], ['D', 'B', 'A', 'C']]","{'A': 5, 'D': 4, 'B': 3, 'C': 3}","[0.58, 1.0, 0.75]",4.0
95,"[2, 3, 5]","[3, 4, 3]","[0.46, 0.79, 0.58]","[['B', 'A', 'D', 'C'], ['D', 'B', 'A', 'C'], ['A', 'C', 'D', 'B']]","{'A': 5, 'D': 4, 'B': 3, 'C': 3}","[0.58, 1.0, 0.75]",4.0
95,"[2, 3, 5]","[3, 4, 3]","[0.46, 0.79, 0.58]","[['B', 'A', 'D', 'C'], ['D', 'B', 'A', 'C'], ['A', 'D', 'C', 'B']]","{'A': 5, 'D': 4, 'B': 3, 'C': 3}","[0.58, 1.0, 0.75]",4.0
95,"[2, 3, 5]","[3, 4, 3]","[0.46, 0.79, 0.58]","[['B', 'A', 'D', 'C'], ['D', 'B', 'A', 'C'], ['C', 'A', 'D', 'B']]","{'A': 5, 'D': 4, 'B': 3, 'C': 3}","[0.58, 1.0, 0.75]",4.0
95,"[2, 3, 5]","[3, 4, 3]","[0.46, 0.79, 0.58]","[['B', 'A', 'D', 'C'], ['D', 'B', 'A', 'C'], ['C', 'D', 'A', 'B']]","{'A': 5, 'D': 4, 'B': 3, 'C': 3}","[0.58, 1.0, 0.75]",4.0
95,"[2, 3, 5]","[3, 4, 3]","[0.46, 0.79, 0.58]","[['B', 'A', 'D', 'C'], ['D', 'B', 'A', 'C'], ['D', 'A', 'C', 'B']]","{'A': 5, 'D': 4, 'B': 3, 'C': 3}","[0.58, 1.0, 0.75]",4.0
95,"[2, 3, 5]","[3, 4, 3]","[0.46, 0.79, 0.58]","[['B', 'A', 'D', 'C'], ['D', 'B', 'A', 'C'], ['D', 'C', 'A', 'B']]","{'A': 5, 'D': 4, 'B': 3, 'C': 3}","[0.58, 1.0, 0.75]",4.0
95,"[2, 3, 5]","[3, 4, 3]","[0.46, 0.79, 0.58]","[['B', 'A', 'D', 'C'], ['D', 'C', 'A', 'B'], ['A', 'B', 'D', 'C']]","{'A': 5, 'D': 4, 'B': 3, 'C': 3}","[0.58, 1.0, 0.75]",4.0
95,"[2, 3, 5]","[3, 4, 3]","[0.46, 0.79, 0.58]","[['B', 'A', 'D', 'C'], ['D', 'C', 'A', 'B'], ['A', 'D', 'B', 'C']]","{'A': 5, 'D': 4, 'B': 3, 'C': 3}","[0.58, 1.0, 0.75]",4.0
95,"[2, 3, 5]","[3, 4, 3]","[0.46, 0.79, 0.58]","[['B', 'A', 'D', 'C'], ['D', 'C', 'A', 'B'], ['B', 'A', 'D', 'C']]","{'A': 5, 'D': 4, 'B': 3, 'C': 3}","[0.58, 1.0, 0.75]",4.0
95,"[2, 3, 5]","[3, 4, 3]","[0.46, 0.79, 0.58]","[['B', 'A', 'D', 'C'], ['D', 'C', 'A', 'B'], ['B', 'D', 'A', 'C']]","{'A': 5, 'D': 4, 'B': 3, 'C': 3}","[0.58, 1.0, 0.75]",4.0
95,"[2, 3, 5]","[3, 4, 3]","[0.46, 0.79, 0.58]","[['B', 'A', 'D', 'C'], ['D', 'C', 'A', 'B'], ['D', 'A', 'B', 'C']]","{'A': 5, 'D': 4, 'B': 3, 'C': 3}","[0.58, 1.0, 0.75]",4.0
95,"[2, 3, 5]","[3, 4, 3]","[0.46, 0.79, 0.58]","[['B', 'A', 'D', 'C'], ['D', 'C', 'A', 'B'], ['D', 'B', 'A', 'C']]","{'A': 5, 'D': 4, 'B': 3, 'C': 3}","[0.58, 1.0, 0.75]",4.0
95,"[2, 3, 5]","[3, 4, 3]","[0.46, 0.79, 0.58]","[['B', 'D', 'A', 'C'], ['A', 'B', 'D', 'C'], ['A', 'C', 'D', 'B']]","{'A': 5, 'D': 4, 'B': 3, 'C': 3}","[0.58, 1.0, 0.75]",4.0
95,"[2, 3, 5]","[3, 4, 3]","[0.46, 0.79, 0.58]","[['B', 'D', 'A', 'C'], ['A', 'B', 'D', 'C'], ['A', 'D', 'C', 'B']]","{'A': 5, 'D': 4, 'B': 3, 'C': 3}","[0.58, 1.0, 0.75]",4.0
95,"[2, 3, 5]","[3, 4, 3]","[0.46, 0.79, 0.58]","[['B', 'D', 'A', 'C'], ['A', 'B', 'D', 'C'], ['C', 'A', 'D', 'B']]","{'A': 5, 'D': 4, 'B': 3, 'C': 3}","[0.58, 1.0, 0.75]",4.0
95,"[2, 3, 5]","[3, 4, 3]","[0.46, 0.79, 0.58]","[['B', 'D', 'A', 'C'], ['A', 'B', 'D', 'C'], ['C', 'D', 'A', 'B']]","{'A': 5, 'D': 4, 'B': 3, 'C': 3}","[0.58, 1.0, 0.75]",4.0
95,"[2, 3, 5]","[3, 4, 3]","[0.46, 0.79, 0.58]","[['B', 'D', 'A', 'C'], ['A', 'B', 'D', 'C'], ['D', 'A', 'C', 'B']]","{'A': 5, 'D': 4, 'B': 3, 'C': 3}","[0.58, 1.0, 0.75]",4.0
95,"[2, 3, 5]","[3, 4, 3]","[0.46, 0.79, 0.58]","[['B', 'D', 'A', 'C'], ['A', 'B', 'D', 'C'], ['D', 'C', 'A', 'B']]","{'A': 5, 'D': 4, 'B': 3, 'C': 3}","[0.58, 1.0, 0.75]",4.0
95,"[2, 3, 5]","[3, 4, 3]","[0.46, 0.79, 0.58]","[['B', 'D', 'A', 'C'], ['A', 'C', 'D', 'B'], ['A', 'B', 'D', 'C']]","{'A': 5, 'D': 4, 'B': 3, 'C': 3}","[0.58, 1.0, 0.75]",4.0
95,"[2, 3, 5]","[3, 4, 3]","[0.46, 0.79, 0.58]","[['B', 'D', 'A', 'C'], ['A', 'C', 'D', 'B'], ['A', 'D', 'B', 'C']]","{'A': 5, 'D': 4, 'B': 3, 'C': 3}","[0.58, 1.0, 0.75]",4.0
95,"[2, 3, 5]","[3, 4, 3]","[0.46, 0.79, 0.58]","[['B', 'D', 'A', 'C'], ['A', 'C', 'D', 'B'], ['B', 'A', 'D', 'C']]","{'A': 5, 'D': 4, 'B': 3, 'C': 3}","[0.58, 1.0, 0.75]",4.0
95,"[2, 3, 5]","[3, 4, 3]","[0.46, 0.79, 0.58]","[['B', 'D', 'A', 'C'], ['A', 'C', 'D', 'B'], ['B', 'D', 'A', 'C']]","{'A': 5, 'D': 4, 'B': 3, 'C': 3}","[0.58, 1.0, 0.75]",4.0
95,"[2, 3, 5]","[3, 4, 3]","[0.46, 0.79, 0.58]","[['B', 'D', 'A', 'C'], ['A', 'C', 'D', 'B'], ['D', 'A', 'B', 'C']]","{'A': 5, 'D': 4, 'B': 3, 'C': 3}","[0.58, 1.0, 0.75]",4.0
95,"[2, 3, 5]","[3, 4, 3]","[0.46, 0.79, 0.58]","[['B', 'D', 'A', 'C'], ['A', 'C', 'D', 'B'], ['D', 'B', 'A', 'C']]","{'A': 5, 'D': 4, 'B': 3, 'C': 3}","[0.58, 1.0, 0.75]",4.0
95,"[2, 3, 5]","[3, 4, 3]","[0.46, 0.79, 0.58]","[['B', 'D', 'A', 'C'], ['A', 'D', 'B', 'C'], ['A', 'C', 'D', 'B']]","{'A': 5, 'D': 4, 'B': 3, 'C': 3}","[0.58, 1.0, 0.75]",4.0
95,"[2, 3, 5]","[3, 4, 3]","[0.46, 0.79, 0.58]","[['B', 'D', 'A', 'C'], ['A', 'D', 'B', 'C'], ['A', 'D', 'C', 'B']]","{'A': 5, 'D': 4, 'B': 3, 'C': 3}","[0.58, 1.0, 0.75]",4.0
95,"[2, 3, 5]","[3, 4, 3]","[0.46, 0.79, 0.58]","[['B', 'D', 'A', 'C'], ['A', 'D', 'B', 'C'], ['C', 'A', 'D', 'B']]","{'A': 5, 'D': 4, 'B': 3, 'C': 3}","[0.58, 1.0, 0.75]",4.0
95,"[2, 3, 5]","[3, 4, 3]","[0.46, 0.79, 0.58]","[['B', 'D', 'A', 'C'], ['A', 'D', 'B', 'C'], ['C', 'D', 'A', 'B']]","{'A': 5, 'D': 4, 'B': 3, 'C': 3}","[0.58, 1.0, 0.75]",4.0
95,"[2, 3, 5]","[3, 4, 3]","[0.46, 0.79, 0.58]","[['B', 'D', 'A', 'C'], ['A', 'D', 'B', 'C'], ['D', 'A', 'C', 'B']]","{'A': 5, 'D': 4, 'B': 3, 'C': 3}","[0.58, 1.0, 0.75]",4.0
95,"[2, 3, 5]","[3, 4, 3]","[0.46, 0.79, 0.58]","[['B', 'D', 'A', 'C'], ['A', 'D', 'B', 'C'], ['D', 'C', 'A', 'B']]","{'A': 5, 'D': 4, 'B': 3, 'C': 3}","[0.58, 1.0, 0.75]",4.0
95,"[2, 3, 5]","[3, 4, 3]","[0.46, 0.79, 0.58]","[['B', 'D', 'A', 'C'], ['A', 'D', 'C', 'B'], ['A', 'B', 'D', 'C']]","{'A': 5, 'D': 4, 'B': 3, 'C': 3}","[0.58, 1.0, 0.75]",4.0
95,"[2, 3, 5]","[3, 4, 3]","[0.46, 0.79, 0.58]","[['B', 'D', 'A', 'C'], ['A', 'D', 'C', 'B'], ['A', 'D', 'B', 'C']]","{'A': 5, 'D': 4, 'B': 3, 'C': 3}","[0.58, 1.0, 0.75]",4.0
95,"[2, 3, 5]","[3, 4, 3]","[0.46, 0.79, 0.58]","[['B', 'D', 'A', 'C'], ['A', 'D', 'C', 'B'], ['B', 'A', 'D', 'C']]","{'A': 5, 'D': 4, 'B': 3, 'C': 3}","[0.58, 1.0, 0.75]",4.0
95,"[2, 3, 5]","[3, 4, 3]","[0.46, 0.79, 0.58]","[['B', 'D', 'A', 'C'], ['A', 'D', 'C', 'B'], ['B', 'D', 'A', 'C']]","{'A': 5, 'D': 4, 'B': 3, 'C': 3}","[0.58, 1.0, 0.75]",4.0
95,"[2, 3, 5]","[3, 4, 3]","[0.46, 0.79, 0.58]","[['B', 'D', 'A', 'C'], ['A', 'D', 'C', 'B'], ['D', 'A', 'B', 'C']]","{'A': 5, 'D': 4, 'B': 3, 'C': 3}","[0.58, 1.0, 0.75]",4.0
95,"[2, 3, 5]","[3, 4, 3]","[0.46, 0.79, 0.58]","[['B', 'D', 'A', 'C'], ['A', 'D', 'C', 'B'], ['D', 'B', 'A', 'C']]","{'A': 5, 'D': 4, 'B': 3, 'C': 3}","[0.58, 1.0, 0.75]",4.0
95,"[2, 3, 5]","[3, 4, 3]","[0.46, 0.79, 0.58]","[['B', 'D', 'A', 'C'], ['B', 'A', 'D', 'C'], ['A', 'C', 'D', 'B']]","{'A': 5, 'D': 4, 'B': 3, 'C': 3}","[0.58, 1.0, 0.75]",4.0
95,"[2, 3, 5]","[3, 4, 3]","[0.46, 0.79, 0.58]","[['B', 'D', 'A', 'C'], ['B', 'A', 'D', 'C'], ['A', 'D', 'C', 'B']]","{'A': 5, 'D': 4, 'B': 3, 'C': 3}","[0.58, 1.0, 0.75]",4.0
95,"[2, 3, 5]","[3, 4, 3]","[0.46, 0.79, 0.58]","[['B', 'D', 'A', 'C'], ['B', 'A', 'D', 'C'], ['C', 'A', 'D', 'B']]","{'A': 5, 'D': 4, 'B': 3, 'C': 3}","[0.58, 1.0, 0.75]",4.0
95,"[2, 3, 5]","[3, 4, 3]","[0.46, 0.79, 0.58]","[['B', 'D', 'A', 'C'], ['B', 'A', 'D', 'C'], ['C', 'D', 'A', 'B']]","{'A': 5, 'D': 4, 'B': 3, 'C': 3}","[0.58, 1.0, 0.75]",4.0
95,"[2, 3, 5]","[3, 4, 3]","[0.46, 0.79, 0.58]","[['B', 'D', 'A', 'C'], ['B', 'A', 'D', 'C'], ['D', 'A', 'C', 'B']]","{'A': 5, 'D': 4, 'B': 3, 'C': 3}","[0.58, 1.0, 0.75]",4.0
95,"[2, 3, 5]","[3, 4, 3]","[0.46, 0.79, 0.58]","[['B', 'D', 'A', 'C'], ['B', 'A', 'D', 'C'], ['D', 'C', 'A', 'B']]","{'A': 5, 'D': 4, 'B': 3, 'C': 3}","[0.58, 1.0, 0.75]",4.0
95,"[2, 3, 5]","[3, 4, 3]","[0.46, 0.79, 0.58]","[['B', 'D', 'A', 'C'], ['B', 'D', 'A', 'C'], ['A', 'C', 'D', 'B']]","{'A': 5, 'D': 4, 'B': 3, 'C': 3}","[0.58, 1.0, 0.75]",4.0
95,"[2, 3, 5]","[3, 4, 3]","[0.46, 0.79, 0.58]","[['B', 'D', 'A', 'C'], ['B', 'D', 'A', 'C'], ['A', 'D', 'C', 'B']]","{'A': 5, 'D': 4, 'B': 3, 'C': 3}","[0.58, 1.0, 0.75]",4.0
95,"[2, 3, 5]","[3, 4, 3]","[0.46, 0.79, 0.58]","[['B', 'D', 'A', 'C'], ['B', 'D', 'A', 'C'], ['C', 'A', 'D', 'B']]","{'A': 5, 'D': 4, 'B': 3, 'C': 3}","[0.58, 1.0, 0.75]",4.0
95,"[2, 3, 5]","[3, 4, 3]","[0.46, 0.79, 0.58]","[['B', 'D', 'A', 'C'], ['B', 'D', 'A', 'C'], ['C', 'D', 'A', 'B']]","{'A': 5, 'D': 4, 'B': 3, 'C': 3}","[0.58, 1.0, 0.75]",4.0
95,"[2, 3, 5]","[3, 4, 3]","[0.46, 0.79, 0.58]","[['B', 'D', 'A', 'C'], ['B', 'D', 'A', 'C'], ['D', 'A', 'C', 'B']]","{'A': 5, 'D': 4, 'B': 3, 'C': 3}","[0.58, 1.0, 0.75]",4.0
95,"[2, 3, 5]","[3, 4, 3]","[0.46, 0.79, 0.58]","[['B', 'D', 'A', 'C'], ['B', 'D', 'A', 'C'], ['D', 'C', 'A', 'B']]","{'A': 5, 'D': 4, 'B': 3, 'C': 3}","[0.58, 1.0, 0.75]",4.0
95,"[2, 3, 5]","[3, 4, 3]","[0.46, 0.79, 0.58]","[['B', 'D', 'A', 'C'], ['C', 'A', 'D', 'B'], ['A', 'B', 'D', 'C']]","{'A': 5, 'D': 4, 'B': 3, 'C': 3}","[0.58, 1.0, 0.75]",4.0
95,"[2, 3, 5]","[3, 4, 3]","[0.46, 0.79, 0.58]","[['B', 'D', 'A', 'C'], ['C', 'A', 'D', 'B'], ['A', 'D', 'B', 'C']]","{'A': 5, 'D': 4, 'B': 3, 'C': 3}","[0.58, 1.0, 0.75]",4.0
95,"[2, 3, 5]","[3, 4, 3]","[0.46, 0.79, 0.58]","[['B', 'D', 'A', 'C'], ['C', 'A', 'D', 'B'], ['B', 'A', 'D', 'C']]","{'A': 5, 'D': 4, 'B': 3, 'C': 3}","[0.58, 1.0, 0.75]",4.0
95,"[2, 3, 5]","[3, 4, 3]","[0.46, 0.79, 0.58]","[['B', 'D', 'A', 'C'], ['C', 'A', 'D', 'B'], ['B', 'D', 'A', 'C']]","{'A': 5, 'D': 4, 'B': 3, 'C': 3}","[0.58, 1.0, 0.75]",4.0
95,"[2, 3, 5]","[3, 4, 3]","[0.46, 0.79, 0.58]","[['B', 'D', 'A', 'C'], ['C', 'A', 'D', 'B'], ['D', 'A', 'B', 'C']]","{'A': 5, 'D': 4, 'B': 3, 'C': 3}","[0.58, 1.0, 0.75]",4.0
95,"[2, 3, 5]","[3, 4, 3]","[0.46, 0.79, 0.58]","[['B', 'D', 'A', 'C'], ['C', 'A', 'D', 'B'], ['D', 'B', 'A', 'C']]","{'A': 5, 'D': 4, 'B': 3, 'C': 3}","[0.58, 1.0, 0.75]",4.0
95,"[2, 3, 5]","[3, 4, 3]","[0.46, 0.79, 0.58]","[['B', 'D', 'A', 'C'], ['C', 'D', 'A', 'B'], ['A', 'B', 'D', 'C']]","{'A': 5, 'D': 4, 'B': 3, 'C': 3}","[0.58, 1.0, 0.75]",4.0
95,"[2, 3, 5]","[3, 4, 3]","[0.46, 0.79, 0.58]","[['B', 'D', 'A', 'C'], ['C', 'D', 'A', 'B'], ['A', 'D', 'B', 'C']]","{'A': 5, 'D': 4, 'B': 3, 'C': 3}","[0.58, 1.0, 0.75]",4.0
95,"[2, 3, 5]","[3, 4, 3]","[0.46, 0.79, 0.58]","[['B', 'D', 'A', 'C'], ['C', 'D', 'A', 'B'], ['B', 'A', 'D', 'C']]","{'A': 5, 'D': 4, 'B': 3, 'C': 3}","[0.58, 1.0, 0.75]",4.0
95,"[2, 3, 5]","[3, 4, 3]","[0.46, 0.79, 0.58]","[['B', 'D', 'A', 'C'], ['C', 'D', 'A', 'B'], ['B', 'D', 'A', 'C']]","{'A': 5, 'D': 4, 'B': 3, 'C': 3}","[0.58, 1.0, 0.75]",4.0
95,"[2, 3, 5]","[3, 4, 3]","[0.46, 0.79, 0.58]","[['B', 'D', 'A', 'C'], ['C', 'D', 'A', 'B'], ['D', 'A', 'B', 'C']]","{'A': 5, 'D': 4, 'B': 3, 'C': 3}","[0.58, 1.0, 0.75]",4.0
95,"[2, 3, 5]","[3, 4, 3]","[0.46, 0.79, 0.58]","[['B', 'D', 'A', 'C'], ['C', 'D', 'A', 'B'], ['D', 'B', 'A', 'C']]","{'A': 5, 'D': 4, 'B': 3, 'C': 3}","[0.58, 1.0, 0.75]",4.0
95,"[2, 3, 5]","[3, 4, 3]","[0.46, 0.79, 0.58]","[['B', 'D', 'A', 'C'], ['D', 'A', 'B', 'C'], ['A', 'C', 'D', 'B']]","{'A': 5, 'D': 4, 'B': 3, 'C': 3}","[0.58, 1.0, 0.75]",4.0
95,"[2, 3, 5]","[3, 4, 3]","[0.46, 0.79, 0.58]","[['B', 'D', 'A', 'C'], ['D', 'A', 'B', 'C'], ['A', 'D', 'C', 'B']]","{'A': 5, 'D': 4, 'B': 3, 'C': 3}","[0.58, 1.0, 0.75]",4.0
95,"[2, 3, 5]","[3, 4, 3]","[0.46, 0.79, 0.58]","[['B', 'D', 'A', 'C'], ['D', 'A', 'B', 'C'], ['C', 'A', 'D', 'B']]","{'A': 5, 'D': 4, 'B': 3, 'C': 3}","[0.58, 1.0, 0.75]",4.0
95,"[2, 3, 5]","[3, 4, 3]","[0.46, 0.79, 0.58]","[['B', 'D', 'A', 'C'], ['D', 'A', 'B', 'C'], ['C', 'D', 'A', 'B']]","{'A': 5, 'D': 4, 'B': 3, 'C': 3}","[0.58, 1.0, 0.75]",4.0
95,"[2, 3, 5]","[3, 4, 3]","[0.46, 0.79, 0.58]","[['B', 'D', 'A', 'C'], ['D', 'A', 'B', 'C'], ['D', 'A', 'C', 'B']]","{'A': 5, 'D': 4, 'B': 3, 'C': 3}","[0.58, 1.0, 0.75]",4.0
95,"[2, 3, 5]","[3, 4, 3]","[0.46, 0.79, 0.58]","[['B', 'D', 'A', 'C'], ['D', 'A', 'B', 'C'], ['D', 'C', 'A', 'B']]","{'A': 5, 'D': 4, 'B': 3, 'C': 3}","[0.58, 1.0, 0.75]",4.0
95,"[2, 3, 5]","[3, 4, 3]","[0.46, 0.79, 0.58]","[['B', 'D', 'A', 'C'], ['D', 'A', 'C', 'B'], ['A', 'B', 'D', 'C']]","{'A': 5, 'D': 4, 'B': 3, 'C': 3}","[0.58, 1.0, 0.75]",4.0
95,"[2, 3, 5]","[3, 4, 3]","[0.46, 0.79, 0.58]","[['B', 'D', 'A', 'C'], ['D', 'A', 'C', 'B'], ['A', 'D', 'B', 'C']]","{'A': 5, 'D': 4, 'B': 3, 'C': 3}","[0.58, 1.0, 0.75]",4.0
95,"[2, 3, 5]","[3, 4, 3]","[0.46, 0.79, 0.58]","[['B', 'D', 'A', 'C'], ['D', 'A', 'C', 'B'], ['B', 'A', 'D', 'C']]","{'A': 5, 'D': 4, 'B': 3, 'C': 3}","[0.58, 1.0, 0.75]",4.0
95,"[2, 3, 5]","[3, 4, 3]","[0.46, 0.79, 0.58]","[['B', 'D', 'A', 'C'], ['D', 'A', 'C', 'B'], ['B', 'D', 'A', 'C']]","{'A': 5, 'D': 4, 'B': 3, 'C': 3}","[0.58, 1.0, 0.75]",4.0
95,"[2, 3, 5]","[3, 4, 3]","[0.46, 0.79, 0.58]","[['B', 'D', 'A', 'C'], ['D', 'A', 'C', 'B'], ['D', 'A', 'B', 'C']]","{'A': 5, 'D': 4, 'B': 3, 'C': 3}","[0.58, 1.0, 0.75]",4.0
95,"[2, 3, 5]","[3, 4, 3]","[0.46, 0.79, 0.58]","[['B', 'D', 'A', 'C'], ['D', 'A', 'C', 'B'], ['D', 'B', 'A', 'C']]","{'A': 5, 'D': 4, 'B': 3, 'C': 3}","[0.58, 1.0, 0.75]",4.0
95,"[2, 3, 5]","[3, 4, 3]","[0.46, 0.79, 0.58]","[['B', 'D', 'A', 'C'], ['D', 'B', 'A', 'C'], ['A', 'C', 'D', 'B']]","{'A': 5, 'D': 4, 'B': 3, 'C': 3}","[0.58, 1.0, 0.75]",4.0
95,"[2, 3, 5]","[3, 4, 3]","[0.46, 0.79, 0.58]","[['B', 'D', 'A', 'C'], ['D', 'B', 'A', 'C'], ['A', 'D', 'C', 'B']]","{'A': 5, 'D': 4, 'B': 3, 'C': 3}","[0.58, 1.0, 0.75]",4.0
95,"[2, 3, 5]","[3, 4, 3]","[0.46, 0.79, 0.58]","[['B', 'D', 'A', 'C'], ['D', 'B', 'A', 'C'], ['C', 'A', 'D', 'B']]","{'A': 5, 'D': 4, 'B': 3, 'C': 3}","[0.58, 1.0, 0.75]",4.0
95,"[2, 3, 5]","[3, 4, 3]","[0.46, 0.79, 0.58]","[['B', 'D', 'A', 'C'], ['D', 'B', 'A', 'C'], ['C', 'D', 'A', 'B']]","{'A': 5, 'D': 4, 'B': 3, 'C': 3}","[0.58, 1.0, 0.75]",4.0
95,"[2, 3, 5]","[3, 4, 3]","[0.46, 0.79, 0.58]","[['B', 'D', 'A', 'C'], ['D', 'B', 'A', 'C'], ['D', 'A', 'C', 'B']]","{'A': 5, 'D': 4, 'B': 3, 'C': 3}","[0.58, 1.0, 0.75]",4.0
95,"[2, 3, 5]","[3, 4, 3]","[0.46, 0.79, 0.58]","[['B', 'D', 'A', 'C'], ['D', 'B', 'A', 'C'], ['D', 'C', 'A', 'B']]","{'A': 5, 'D': 4, 'B': 3, 'C': 3}","[0.58, 1.0, 0.75]",4.0
95,"[2, 3, 5]","[3, 4, 3]","[0.46, 0.79, 0.58]","[['B', 'D', 'A', 'C'], ['D', 'C', 'A', 'B'], ['A', 'B', 'D', 'C']]","{'A': 5, 'D': 4, 'B': 3, 'C': 3}","[0.58, 1.0, 0.75]",4.0
95,"[2, 3, 5]","[3, 4, 3]","[0.46, 0.79, 0.58]","[['B', 'D', 'A', 'C'], ['D', 'C', 'A', 'B'], ['A', 'D', 'B', 'C']]","{'A': 5, 'D': 4, 'B': 3, 'C': 3}","[0.58, 1.0, 0.75]",4.0
95,"[2, 3, 5]","[3, 4, 3]","[0.46, 0.79, 0.58]","[['B', 'D', 'A', 'C'], ['D', 'C', 'A', 'B'], ['B', 'A', 'D', 'C']]","{'A': 5, 'D': 4, 'B': 3, 'C': 3}","[0.58, 1.0, 0.75]",4.0
95,"[2, 3, 5]","[3, 4, 3]","[0.46, 0.79, 0.58]","[['B', 'D', 'A', 'C'], ['D', 'C', 'A', 'B'], ['B', 'D', 'A', 'C']]","{'A': 5, 'D': 4, 'B': 3, 'C': 3}","[0.58, 1.0, 0.75]",4.0
95,"[2, 3, 5]","[3, 4, 3]","[0.46, 0.79, 0.58]","[['B', 'D', 'A', 'C'], ['D', 'C', 'A', 'B'], ['D', 'A', 'B', 'C']]","{'A': 5, 'D': 4, 'B': 3, 'C': 3}","[0.58, 1.0, 0.75]",4.0
95,"[2, 3, 5]","[3, 4, 3]","[0.46, 0.79, 0.58]","[['B', 'D', 'A', 'C'], ['D', 'C', 'A', 'B'], ['D', 'B', 'A', 'C']]","{'A': 5, 'D': 4, 'B': 3, 'C': 3}","[0.58, 1.0, 0.75]",4.0
95,"[2, 3, 5]","[3, 4, 3]","[0.46, 0.79, 0.58]","[['C', 'A', 'D', 'B'], ['A', 'B', 'D', 'C'], ['A', 'B', 'D', 'C']]","{'A': 5, 'D': 4, 'B': 3, 'C': 3}","[0.58, 1.0, 0.75]",4.0
95,"[2, 3, 5]","[3, 4, 3]","[0.46, 0.79, 0.58]","[['C', 'A', 'D', 'B'], ['A', 'B', 'D', 'C'], ['A', 'D', 'B', 'C']]","{'A': 5, 'D': 4, 'B': 3, 'C': 3}","[0.58, 1.0, 0.75]",4.0
95,"[2, 3, 5]","[3, 4, 3]","[0.46, 0.79, 0.58]","[['C', 'A', 'D', 'B'], ['A', 'B', 'D', 'C'], ['B', 'A', 'D', 'C']]","{'A': 5, 'D': 4, 'B': 3, 'C': 3}","[0.58, 1.0, 0.75]",4.0
95,"[2, 3, 5]","[3, 4, 3]","[0.46, 0.79, 0.58]","[['C', 'A', 'D', 'B'], ['A', 'B', 'D', 'C'], ['B', 'D', 'A', 'C']]","{'A': 5, 'D': 4, 'B': 3, 'C': 3}","[0.58, 1.0, 0.75]",4.0
95,"[2, 3, 5]","[3, 4, 3]","[0.46, 0.79, 0.58]","[['C', 'A', 'D', 'B'], ['A', 'B', 'D', 'C'], ['D', 'A', 'B', 'C']]","{'A': 5, 'D': 4, 'B': 3, 'C': 3}","[0.58, 1.0, 0.75]",4.0
95,"[2, 3, 5]","[3, 4, 3]","[0.46, 0.79, 0.58]","[['C', 'A', 'D', 'B'], ['A', 'B', 'D', 'C'], ['D', 'B', 'A', 'C']]","{'A': 5, 'D': 4, 'B': 3, 'C': 3}","[0.58, 1.0, 0.75]",4.0
95,"[2, 3, 5]","[3, 4, 3]","[0.46, 0.79, 0.58]","[['C', 'A', 'D', 'B'], ['A', 'D', 'B', 'C'], ['A', 'B', 'D', 'C']]","{'A': 5, 'D': 4, 'B': 3, 'C': 3}","[0.58, 1.0, 0.75]",4.0
95,"[2, 3, 5]","[3, 4, 3]","[0.46, 0.79, 0.58]","[['C', 'A', 'D', 'B'], ['A', 'D', 'B', 'C'], ['A', 'D', 'B', 'C']]","{'A': 5, 'D': 4, 'B': 3, 'C': 3}","[0.58, 1.0, 0.75]",4.0
95,"[2, 3, 5]","[3, 4, 3]","[0.46, 0.79, 0.58]","[['C', 'A', 'D', 'B'], ['A', 'D', 'B', 'C'], ['B', 'A', 'D', 'C']]","{'A': 5, 'D': 4, 'B': 3, 'C': 3}","[0.58, 1.0, 0.75]",4.0
95,"[2, 3, 5]","[3, 4, 3]","[0.46, 0.79, 0.58]","[['C', 'A', 'D', 'B'], ['A', 'D', 'B', 'C'], ['B', 'D', 'A', 'C']]","{'A': 5, 'D': 4, 'B': 3, 'C': 3}","[0.58, 1.0, 0.75]",4.0
95,"[2, 3, 5]","[3, 4, 3]","[0.46, 0.79, 0.58]","[['C', 'A', 'D', 'B'], ['A', 'D', 'B', 'C'], ['D', 'A', 'B', 'C']]","{'A': 5, 'D': 4, 'B': 3, 'C': 3}","[0.58, 1.0, 0.75]",4.0
95,"[2, 3, 5]","[3, 4, 3]","[0.46, 0.79, 0.58]","[['C', 'A', 'D', 'B'], ['A', 'D', 'B', 'C'], ['D', 'B', 'A', 'C']]","{'A': 5, 'D': 4, 'B': 3, 'C': 3}","[0.58, 1.0, 0.75]",4.0
95,"[2, 3, 5]","[3, 4, 3]","[0.46, 0.79, 0.58]","[['C', 'A', 'D', 'B'], ['B', 'A', 'D', 'C'], ['A', 'B', 'D', 'C']]","{'A': 5, 'D': 4, 'B': 3, 'C': 3}","[0.58, 1.0, 0.75]",4.0
95,"[2, 3, 5]","[3, 4, 3]","[0.46, 0.79, 0.58]","[['C', 'A', 'D', 'B'], ['B', 'A', 'D', 'C'], ['A', 'D', 'B', 'C']]","{'A': 5, 'D': 4, 'B': 3, 'C': 3}","[0.58, 1.0, 0.75]",4.0
95,"[2, 3, 5]","[3, 4, 3]","[0.46, 0.79, 0.58]","[['C', 'A', 'D', 'B'], ['B', 'A', 'D', 'C'], ['B', 'A', 'D', 'C']]","{'A': 5, 'D': 4, 'B': 3, 'C': 3}","[0.58, 1.0, 0.75]",4.0
95,"[2, 3, 5]","[3, 4, 3]","[0.46, 0.79, 0.58]","[['C', 'A', 'D', 'B'], ['B', 'A', 'D', 'C'], ['B', 'D', 'A', 'C']]","{'A': 5, 'D': 4, 'B': 3, 'C': 3}","[0.58, 1.0, 0.75]",4.0
95,"[2, 3, 5]","[3, 4, 3]","[0.46, 0.79, 0.58]","[['C', 'A', 'D', 'B'], ['B', 'A', 'D', 'C'], ['D', 'A', 'B', 'C']]","{'A': 5, 'D': 4, 'B': 3, 'C': 3}","[0.58, 1.0, 0.75]",4.0
95,"[2, 3, 5]","[3, 4, 3]","[0.46, 0.79, 0.58]","[['C', 'A', 'D', 'B'], ['B', 'A', 'D', 'C'], ['D', 'B', 'A', 'C']]","{'A': 5, 'D': 4, 'B': 3, 'C': 3}","[0.58, 1.0, 0.75]",4.0
95,"[2, 3, 5]","[3, 4, 3]","[0.46, 0.79, 0.58]","[['C', 'A', 'D', 'B'], ['B', 'D', 'A', 'C'], ['A', 'B', 'D', 'C']]","{'A': 5, 'D': 4, 'B': 3, 'C': 3}","[0.58, 1.0, 0.75]",4.0
95,"[2, 3, 5]","[3, 4, 3]","[0.46, 0.79, 0.58]","[['C', 'A', 'D', 'B'], ['B', 'D', 'A', 'C'], ['A', 'D', 'B', 'C']]","{'A': 5, 'D': 4, 'B': 3, 'C': 3}","[0.58, 1.0, 0.75]",4.0
95,"[2, 3, 5]","[3, 4, 3]","[0.46, 0.79, 0.58]","[['C', 'A', 'D', 'B'], ['B', 'D', 'A', 'C'], ['B', 'A', 'D', 'C']]","{'A': 5, 'D': 4, 'B': 3, 'C': 3}","[0.58, 1.0, 0.75]",4.0
95,"[2, 3, 5]","[3, 4, 3]","[0.46, 0.79, 0.58]","[['C', 'A', 'D', 'B'], ['B', 'D', 'A', 'C'], ['B', 'D', 'A', 'C']]","{'A': 5, 'D': 4, 'B': 3, 'C': 3}","[0.58, 1.0, 0.75]",4.0
95,"[2, 3, 5]","[3, 4, 3]","[0.46, 0.79, 0.58]","[['C', 'A', 'D', 'B'], ['B', 'D', 'A', 'C'], ['D', 'A', 'B', 'C']]","{'A': 5, 'D': 4, 'B': 3, 'C': 3}","[0.58, 1.0, 0.75]",4.0
95,"[2, 3, 5]","[3, 4, 3]","[0.46, 0.79, 0.58]","[['C', 'A', 'D', 'B'], ['B', 'D', 'A', 'C'], ['D', 'B', 'A', 'C']]","{'A': 5, 'D': 4, 'B': 3, 'C': 3}","[0.58, 1.0, 0.75]",4.0
95,"[2, 3, 5]","[3, 4, 3]","[0.46, 0.79, 0.58]","[['C', 'A', 'D', 'B'], ['D', 'A', 'B', 'C'], ['A', 'B', 'D', 'C']]","{'A': 5, 'D': 4, 'B': 3, 'C': 3}","[0.58, 1.0, 0.75]",4.0
95,"[2, 3, 5]","[3, 4, 3]","[0.46, 0.79, 0.58]","[['C', 'A', 'D', 'B'], ['D', 'A', 'B', 'C'], ['A', 'D', 'B', 'C']]","{'A': 5, 'D': 4, 'B': 3, 'C': 3}","[0.58, 1.0, 0.75]",4.0
95,"[2, 3, 5]","[3, 4, 3]","[0.46, 0.79, 0.58]","[['C', 'A', 'D', 'B'], ['D', 'A', 'B', 'C'], ['B', 'A', 'D', 'C']]","{'A': 5, 'D': 4, 'B': 3, 'C': 3}","[0.58, 1.0, 0.75]",4.0
95,"[2, 3, 5]","[3, 4, 3]","[0.46, 0.79, 0.58]","[['C', 'A', 'D', 'B'], ['D', 'A', 'B', 'C'], ['B', 'D', 'A', 'C']]","{'A': 5, 'D': 4, 'B': 3, 'C': 3}","[0.58, 1.0, 0.75]",4.0
95,"[2, 3, 5]","[3, 4, 3]","[0.46, 0.79, 0.58]","[['C', 'A', 'D', 'B'], ['D', 'A', 'B', 'C'], ['D', 'A', 'B', 'C']]","{'A': 5, 'D': 4, 'B': 3, 'C': 3}","[0.58, 1.0, 0.75]",4.0
95,"[2, 3, 5]","[3, 4, 3]","[0.46, 0.79, 0.58]","[['C', 'A', 'D', 'B'], ['D', 'A', 'B', 'C'], ['D', 'B', 'A', 'C']]","{'A': 5, 'D': 4, 'B': 3, 'C': 3}","[0.58, 1.0, 0.75]",4.0
95,"[2, 3, 5]","[3, 4, 3]","[0.46, 0.79, 0.58]","[['C', 'A', 'D', 'B'], ['D', 'B', 'A', 'C'], ['A', 'B', 'D', 'C']]","{'A': 5, 'D': 4, 'B': 3, 'C': 3}","[0.58, 1.0, 0.75]",4.0
95,"[2, 3, 5]","[3, 4, 3]","[0.46, 0.79, 0.58]","[['C', 'A', 'D', 'B'], ['D', 'B', 'A', 'C'], ['A', 'D', 'B', 'C']]","{'A': 5, 'D': 4, 'B': 3, 'C': 3}","[0.58, 1.0, 0.75]",4.0
95,"[2, 3, 5]","[3, 4, 3]","[0.46, 0.79, 0.58]","[['C', 'A', 'D', 'B'], ['D', 'B', 'A', 'C'], ['B', 'A', 'D', 'C']]","{'A': 5, 'D': 4, 'B': 3, 'C': 3}","[0.58, 1.0, 0.75]",4.0
95,"[2, 3, 5]","[3, 4, 3]","[0.46, 0.79, 0.58]","[['C', 'A', 'D', 'B'], ['D', 'B', 'A', 'C'], ['B', 'D', 'A', 'C']]","{'A': 5, 'D': 4, 'B': 3, 'C': 3}","[0.58, 1.0, 0.75]",4.0
95,"[2, 3, 5]","[3, 4, 3]","[0.46, 0.79, 0.58]","[['C', 'A', 'D', 'B'], ['D', 'B', 'A', 'C'], ['D', 'A', 'B', 'C']]","{'A': 5, 'D': 4, 'B': 3, 'C': 3}","[0.58, 1.0, 0.75]",4.0
95,"[2, 3, 5]","[3, 4, 3]","[0.46, 0.79, 0.58]","[['C', 'A', 'D', 'B'], ['D', 'B', 'A', 'C'], ['D', 'B', 'A', 'C']]","{'A': 5, 'D': 4, 'B': 3, 'C': 3}","[0.58, 1.0, 0.75]",4.0
95,"[2, 3, 5]","[3, 4, 3]","[0.46, 0.79, 0.58]","[['C', 'D', 'A', 'B'], ['A', 'B', 'D', 'C'], ['A', 'B', 'D', 'C']]","{'A': 5, 'D': 4, 'B': 3, 'C': 3}","[0.58, 1.0, 0.75]",4.0
95,"[2, 3, 5]","[3, 4, 3]","[0.46, 0.79, 0.58]","[['C', 'D', 'A', 'B'], ['A', 'B', 'D', 'C'], ['A', 'D', 'B', 'C']]","{'A': 5, 'D': 4, 'B': 3, 'C': 3}","[0.58, 1.0, 0.75]",4.0
95,"[2, 3, 5]","[3, 4, 3]","[0.46, 0.79, 0.58]","[['C', 'D', 'A', 'B'], ['A', 'B', 'D', 'C'], ['B', 'A', 'D', 'C']]","{'A': 5, 'D': 4, 'B': 3, 'C': 3}","[0.58, 1.0, 0.75]",4.0
95,"[2, 3, 5]","[3, 4, 3]","[0.46, 0.79, 0.58]","[['C', 'D', 'A', 'B'], ['A', 'B', 'D', 'C'], ['B', 'D', 'A', 'C']]","{'A': 5, 'D': 4, 'B': 3, 'C': 3}","[0.58, 1.0, 0.75]",4.0
95,"[2, 3, 5]","[3, 4, 3]","[0.46, 0.79, 0.58]","[['C', 'D', 'A', 'B'], ['A', 'B', 'D', 'C'], ['D', 'A', 'B', 'C']]","{'A': 5, 'D': 4, 'B': 3, 'C': 3}","[0.58, 1.0, 0.75]",4.0
95,"[2, 3, 5]","[3, 4, 3]","[0.46, 0.79, 0.58]","[['C', 'D', 'A', 'B'], ['A', 'B', 'D', 'C'], ['D', 'B', 'A', 'C']]","{'A': 5, 'D': 4, 'B': 3, 'C': 3}","[0.58, 1.0, 0.75]",4.0
95,"[2, 3, 5]","[3, 4, 3]","[0.46, 0.79, 0.58]","[['C', 'D', 'A', 'B'], ['A', 'D', 'B', 'C'], ['A', 'B', 'D', 'C']]","{'A': 5, 'D': 4, 'B': 3, 'C': 3}","[0.58, 1.0, 0.75]",4.0
95,"[2, 3, 5]","[3, 4, 3]","[0.46, 0.79, 0.58]","[['C', 'D', 'A', 'B'], ['A', 'D', 'B', 'C'], ['A', 'D', 'B', 'C']]","{'A': 5, 'D': 4, 'B': 3, 'C': 3}","[0.58, 1.0, 0.75]",4.0
95,"[2, 3, 5]","[3, 4, 3]","[0.46, 0.79, 0.58]","[['C', 'D', 'A', 'B'], ['A', 'D', 'B', 'C'], ['B', 'A', 'D', 'C']]","{'A': 5, 'D': 4, 'B': 3, 'C': 3}","[0.58, 1.0, 0.75]",4.0
95,"[2, 3, 5]","[3, 4, 3]","[0.46, 0.79, 0.58]","[['C', 'D', 'A', 'B'], ['A', 'D', 'B', 'C'], ['B', 'D', 'A', 'C']]","{'A': 5, 'D': 4, 'B': 3, 'C': 3}","[0.58, 1.0, 0.75]",4.0
95,"[2, 3, 5]","[3, 4, 3]","[0.46, 0.79, 0.58]","[['C', 'D', 'A', 'B'], ['A', 'D', 'B', 'C'], ['D', 'A', 'B', 'C']]","{'A': 5, 'D': 4, 'B': 3, 'C': 3}","[0.58, 1.0, 0.75]",4.0
95,"[2, 3, 5]","[3, 4, 3]","[0.46, 0.79, 0.58]","[['C', 'D', 'A', 'B'], ['A', 'D', 'B', 'C'], ['D', 'B', 'A', 'C']]","{'A': 5, 'D': 4, 'B': 3, 'C': 3}","[0.58, 1.0, 0.75]",4.0
95,"[2, 3, 5]","[3, 4, 3]","[0.46, 0.79, 0.58]","[['C', 'D', 'A', 'B'], ['B', 'A', 'D', 'C'], ['A', 'B', 'D', 'C']]","{'A': 5, 'D': 4, 'B': 3, 'C': 3}","[0.58, 1.0, 0.75]",4.0
95,"[2, 3, 5]","[3, 4, 3]","[0.46, 0.79, 0.58]","[['C', 'D', 'A', 'B'], ['B', 'A', 'D', 'C'], ['A', 'D', 'B', 'C']]","{'A': 5, 'D': 4, 'B': 3, 'C': 3}","[0.58, 1.0, 0.75]",4.0
95,"[2, 3, 5]","[3, 4, 3]","[0.46, 0.79, 0.58]","[['C', 'D', 'A', 'B'], ['B', 'A', 'D', 'C'], ['B', 'A', 'D', 'C']]","{'A': 5, 'D': 4, 'B': 3, 'C': 3}","[0.58, 1.0, 0.75]",4.0
95,"[2, 3, 5]","[3, 4, 3]","[0.46, 0.79, 0.58]","[['C', 'D', 'A', 'B'], ['B', 'A', 'D', 'C'], ['B', 'D', 'A', 'C']]","{'A': 5, 'D': 4, 'B': 3, 'C': 3}","[0.58, 1.0, 0.75]",4.0
95,"[2, 3, 5]","[3, 4, 3]","[0.46, 0.79, 0.58]","[['C', 'D', 'A', 'B'], ['B', 'A', 'D', 'C'], ['D', 'A', 'B', 'C']]","{'A': 5, 'D': 4, 'B': 3, 'C': 3}","[0.58, 1.0, 0.75]",4.0
95,"[2, 3, 5]","[3, 4, 3]","[0.46, 0.79, 0.58]","[['C', 'D', 'A', 'B'], ['B', 'A', 'D', 'C'], ['D', 'B', 'A', 'C']]","{'A': 5, 'D': 4, 'B': 3, 'C': 3}","[0.58, 1.0, 0.75]",4.0
95,"[2, 3, 5]","[3, 4, 3]","[0.46, 0.79, 0.58]","[['C', 'D', 'A', 'B'], ['B', 'D', 'A', 'C'], ['A', 'B', 'D', 'C']]","{'A': 5, 'D': 4, 'B': 3, 'C': 3}","[0.58, 1.0, 0.75]",4.0
95,"[2, 3, 5]","[3, 4, 3]","[0.46, 0.79, 0.58]","[['C', 'D', 'A', 'B'], ['B', 'D', 'A', 'C'], ['A', 'D', 'B', 'C']]","{'A': 5, 'D': 4, 'B': 3, 'C': 3}","[0.58, 1.0, 0.75]",4.0
95,"[2, 3, 5]","[3, 4, 3]","[0.46, 0.79, 0.58]","[['C', 'D', 'A', 'B'], ['B', 'D', 'A', 'C'], ['B', 'A', 'D', 'C']]","{'A': 5, 'D': 4, 'B': 3, 'C': 3}","[0.58, 1.0, 0.75]",4.0
95,"[2, 3, 5]","[3, 4, 3]","[0.46, 0.79, 0.58]","[['C', 'D', 'A', 'B'], ['B', 'D', 'A', 'C'], ['B', 'D', 'A', 'C']]","{'A': 5, 'D': 4, 'B': 3, 'C': 3}","[0.58, 1.0, 0.75]",4.0
95,"[2, 3, 5]","[3, 4, 3]","[0.46, 0.79, 0.58]","[['C', 'D', 'A', 'B'], ['B', 'D', 'A', 'C'], ['D', 'A', 'B', 'C']]","{'A': 5, 'D': 4, 'B': 3, 'C': 3}","[0.58, 1.0, 0.75]",4.0
95,"[2, 3, 5]","[3, 4, 3]","[0.46, 0.79, 0.58]","[['C', 'D', 'A', 'B'], ['B', 'D', 'A', 'C'], ['D', 'B', 'A', 'C']]","{'A': 5, 'D': 4, 'B': 3, 'C': 3}","[0.58, 1.0, 0.75]",4.0
95,"[2, 3, 5]","[3, 4, 3]","[0.46, 0.79, 0.58]","[['C', 'D', 'A', 'B'], ['D', 'A', 'B', 'C'], ['A', 'B', 'D', 'C']]","{'A': 5, 'D': 4, 'B': 3, 'C': 3}","[0.58, 1.0, 0.75]",4.0
95,"[2, 3, 5]","[3, 4, 3]","[0.46, 0.79, 0.58]","[['C', 'D', 'A', 'B'], ['D', 'A', 'B', 'C'], ['A', 'D', 'B', 'C']]","{'A': 5, 'D': 4, 'B': 3, 'C': 3}","[0.58, 1.0, 0.75]",4.0
95,"[2, 3, 5]","[3, 4, 3]","[0.46, 0.79, 0.58]","[['C', 'D', 'A', 'B'], ['D', 'A', 'B', 'C'], ['B', 'A', 'D', 'C']]","{'A': 5, 'D': 4, 'B': 3, 'C': 3}","[0.58, 1.0, 0.75]",4.0
95,"[2, 3, 5]","[3, 4, 3]","[0.46, 0.79, 0.58]","[['C', 'D', 'A', 'B'], ['D', 'A', 'B', 'C'], ['B', 'D', 'A', 'C']]","{'A': 5, 'D': 4, 'B': 3, 'C': 3}","[0.58, 1.0, 0.75]",4.0
95,"[2, 3, 5]","[3, 4, 3]","[0.46, 0.79, 0.58]","[['C', 'D', 'A', 'B'], ['D', 'A', 'B', 'C'], ['D', 'A', 'B', 'C']]","{'A': 5, 'D': 4, 'B': 3, 'C': 3}","[0.58, 1.0, 0.75]",4.0
95,"[2, 3, 5]","[3, 4, 3]","[0.46, 0.79, 0.58]","[['C', 'D', 'A', 'B'], ['D', 'A', 'B', 'C'], ['D', 'B', 'A', 'C']]","{'A': 5, 'D': 4, 'B': 3, 'C': 3}","[0.58, 1.0, 0.75]",4.0
95,"[2, 3, 5]","[3, 4, 3]","[0.46, 0.79, 0.58]","[['C', 'D', 'A', 'B'], ['D', 'B', 'A', 'C'], ['A', 'B', 'D', 'C']]","{'A': 5, 'D': 4, 'B': 3, 'C': 3}","[0.58, 1.0, 0.75]",4.0
95,"[2, 3, 5]","[3, 4, 3]","[0.46, 0.79, 0.58]","[['C', 'D', 'A', 'B'], ['D', 'B', 'A', 'C'], ['A', 'D', 'B', 'C']]","{'A': 5, 'D': 4, 'B': 3, 'C': 3}","[0.58, 1.0, 0.75]",4.0
95,"[2, 3, 5]","[3, 4, 3]","[0.46, 0.79, 0.58]","[['C', 'D', 'A', 'B'], ['D', 'B', 'A', 'C'], ['B', 'A', 'D', 'C']]","{'A': 5, 'D': 4, 'B': 3, 'C': 3}","[0.58, 1.0, 0.75]",4.0
95,"[2, 3, 5]","[3, 4, 3]","[0.46, 0.79, 0.58]","[['C', 'D', 'A', 'B'], ['D', 'B', 'A', 'C'], ['B', 'D', 'A', 'C']]","{'A': 5, 'D': 4, 'B': 3, 'C': 3}","[0.58, 1.0, 0.75]",4.0
95,"[2, 3, 5]","[3, 4, 3]","[0.46, 0.79, 0.58]","[['C', 'D', 'A', 'B'], ['D', 'B', 'A', 'C'], ['D', 'A', 'B', 'C']]","{'A': 5, 'D': 4, 'B': 3, 'C': 3}","[0.58, 1.0, 0.75]",4.0
95,"[2, 3, 5]","[3, 4, 3]","[0.46, 0.79, 0.58]","[['C', 'D', 'A', 'B'], ['D', 'B', 'A', 'C'], ['D', 'B', 'A', 'C']]","{'A': 5, 'D': 4, 'B': 3, 'C': 3}","[0.58, 1.0, 0.75]",4.0
95,"[2, 3, 5]","[3, 4, 3]","[0.46, 0.79, 0.58]","[['D', 'A', 'B', 'C'], ['A', 'B', 'D', 'C'], ['A', 'C', 'D', 'B']]","{'A': 5, 'D': 4, 'B': 3, 'C': 3}","[0.58, 1.0, 0.75]",4.0
95,"[2, 3, 5]","[3, 4, 3]","[0.46, 0.79, 0.58]","[['D', 'A', 'B', 'C'], ['A', 'B', 'D', 'C'], ['A', 'D', 'C', 'B']]","{'A': 5, 'D': 4, 'B': 3, 'C': 3}","[0.58, 1.0, 0.75]",4.0
95,"[2, 3, 5]","[3, 4, 3]","[0.46, 0.79, 0.58]","[['D', 'A', 'B', 'C'], ['A', 'B', 'D', 'C'], ['C', 'A', 'D', 'B']]","{'A': 5, 'D': 4, 'B': 3, 'C': 3}","[0.58, 1.0, 0.75]",4.0
95,"[2, 3, 5]","[3, 4, 3]","[0.46, 0.79, 0.58]","[['D', 'A', 'B', 'C'], ['A', 'B', 'D', 'C'], ['C', 'D', 'A', 'B']]","{'A': 5, 'D': 4, 'B': 3, 'C': 3}","[0.58, 1.0, 0.75]",4.0
95,"[2, 3, 5]","[3, 4, 3]","[0.46, 0.79, 0.58]","[['D', 'A', 'B', 'C'], ['A', 'B', 'D', 'C'], ['D', 'A', 'C', 'B']]","{'A': 5, 'D': 4, 'B': 3, 'C': 3}","[0.58, 1.0, 0.75]",4.0
95,"[2, 3, 5]","[3, 4, 3]","[0.46, 0.79, 0.58]","[['D', 'A', 'B', 'C'], ['A', 'B', 'D', 'C'], ['D', 'C', 'A', 'B']]","{'A': 5, 'D': 4, 'B': 3, 'C': 3}","[0.58, 1.0, 0.75]",4.0
95,"[2, 3, 5]","[3, 4, 3]","[0.46, 0.79, 0.58]","[['D', 'A', 'B', 'C'], ['A', 'C', 'D', 'B'], ['A', 'B', 'D', 'C']]","{'A': 5, 'D': 4, 'B': 3, 'C': 3}","[0.58, 1.0, 0.75]",4.0
95,"[2, 3, 5]","[3, 4, 3]","[0.46, 0.79, 0.58]","[['D', 'A', 'B', 'C'], ['A', 'C', 'D', 'B'], ['A', 'D', 'B', 'C']]","{'A': 5, 'D': 4, 'B': 3, 'C': 3}","[0.58, 1.0, 0.75]",4.0
95,"[2, 3, 5]","[3, 4, 3]","[0.46, 0.79, 0.58]","[['D', 'A', 'B', 'C'], ['A', 'C', 'D', 'B'], ['B', 'A', 'D', 'C']]","{'A': 5, 'D': 4, 'B': 3, 'C': 3}","[0.58, 1.0, 0.75]",4.0
95,"[2, 3, 5]","[3, 4, 3]","[0.46, 0.79, 0.58]","[['D', 'A', 'B', 'C'], ['A', 'C', 'D', 'B'], ['B', 'D', 'A', 'C']]","{'A': 5, 'D': 4, 'B': 3, 'C': 3}","[0.58, 1.0, 0.75]",4.0
95,"[2, 3, 5]","[3, 4, 3]","[0.46, 0.79, 0.58]","[['D', 'A', 'B', 'C'], ['A', 'C', 'D', 'B'], ['D', 'A', 'B', 'C']]","{'A': 5, 'D': 4, 'B': 3, 'C': 3}","[0.58, 1.0, 0.75]",4.0
95,"[2, 3, 5]","[3, 4, 3]","[0.46, 0.79, 0.58]","[['D', 'A', 'B', 'C'], ['A', 'C', 'D', 'B'], ['D', 'B', 'A', 'C']]","{'A': 5, 'D': 4, 'B': 3, 'C': 3}","[0.58, 1.0, 0.75]",4.0
95,"[2, 3, 5]","[3, 4, 3]","[0.46, 0.79, 0.58]","[['D', 'A', 'B', 'C'], ['A', 'D', 'B', 'C'], ['A', 'C', 'D', 'B']]","{'A': 5, 'D': 4, 'B': 3, 'C': 3}","[0.58, 1.0, 0.75]",4.0
95,"[2, 3, 5]","[3, 4, 3]","[0.46, 0.79, 0.58]","[['D', 'A', 'B', 'C'], ['A', 'D', 'B', 'C'], ['A', 'D', 'C', 'B']]","{'A': 5, 'D': 4, 'B': 3, 'C': 3}","[0.58, 1.0, 0.75]",4.0
95,"[2, 3, 5]","[3, 4, 3]","[0.46, 0.79, 0.58]","[['D', 'A', 'B', 'C'], ['A', 'D', 'B', 'C'], ['C', 'A', 'D', 'B']]","{'A': 5, 'D': 4, 'B': 3, 'C': 3}","[0.58, 1.0, 0.75]",4.0
95,"[2, 3, 5]","[3, 4, 3]","[0.46, 0.79, 0.58]","[['D', 'A', 'B', 'C'], ['A', 'D', 'B', 'C'], ['C', 'D', 'A', 'B']]","{'A': 5, 'D': 4, 'B': 3, 'C': 3}","[0.58, 1.0, 0.75]",4.0
95,"[2, 3, 5]","[3, 4, 3]","[0.46, 0.79, 0.58]","[['D', 'A', 'B', 'C'], ['A', 'D', 'B', 'C'], ['D', 'A', 'C', 'B']]","{'A': 5, 'D': 4, 'B': 3, 'C': 3}","[0.58, 1.0, 0.75]",4.0
95,"[2, 3, 5]","[3, 4, 3]","[0.46, 0.79, 0.58]","[['D', 'A', 'B', 'C'], ['A', 'D', 'B', 'C'], ['D', 'C', 'A', 'B']]","{'A': 5, 'D': 4, 'B': 3, 'C': 3}","[0.58, 1.0, 0.75]",4.0
95,"[2, 3, 5]","[3, 4, 3]","[0.46, 0.79, 0.58]","[['D', 'A', 'B', 'C'], ['A', 'D', 'C', 'B'], ['A', 'B', 'D', 'C']]","{'A': 5, 'D': 4, 'B': 3, 'C': 3}","[0.58, 1.0, 0.75]",4.0
95,"[2, 3, 5]","[3, 4, 3]","[0.46, 0.79, 0.58]","[['D', 'A', 'B', 'C'], ['A', 'D', 'C', 'B'], ['A', 'D', 'B', 'C']]","{'A': 5, 'D': 4, 'B': 3, 'C': 3}","[0.58, 1.0, 0.75]",4.0
95,"[2, 3, 5]","[3, 4, 3]","[0.46, 0.79, 0.58]","[['D', 'A', 'B', 'C'], ['A', 'D', 'C', 'B'], ['B', 'A', 'D', 'C']]","{'A': 5, 'D': 4, 'B': 3, 'C': 3}","[0.58, 1.0, 0.75]",4.0
95,"[2, 3, 5]","[3, 4, 3]","[0.46, 0.79, 0.58]","[['D', 'A', 'B', 'C'], ['A', 'D', 'C', 'B'], ['B', 'D', 'A', 'C']]","{'A': 5, 'D': 4, 'B': 3, 'C': 3}","[0.58, 1.0, 0.75]",4.0
95,"[2, 3, 5]","[3, 4, 3]","[0.46, 0.79, 0.58]","[['D', 'A', 'B', 'C'], ['A', 'D', 'C', 'B'], ['D', 'A', 'B', 'C']]","{'A': 5, 'D': 4, 'B': 3, 'C': 3}","[0.58, 1.0, 0.75]",4.0
95,"[2, 3, 5]","[3, 4, 3]","[0.46, 0.79, 0.58]","[['D', 'A', 'B', 'C'], ['A', 'D', 'C', 'B'], ['D', 'B', 'A', 'C']]","{'A': 5, 'D': 4, 'B': 3, 'C': 3}","[0.58, 1.0, 0.75]",4.0
95,"[2, 3, 5]","[3, 4, 3]","[0.46, 0.79, 0.58]","[['D', 'A', 'B', 'C'], ['B', 'A', 'D', 'C'], ['A', 'C', 'D', 'B']]","{'A': 5, 'D': 4, 'B': 3, 'C': 3}","[0.58, 1.0, 0.75]",4.0
95,"[2, 3, 5]","[3, 4, 3]","[0.46, 0.79, 0.58]","[['D', 'A', 'B', 'C'], ['B', 'A', 'D', 'C'], ['A', 'D', 'C', 'B']]","{'A': 5, 'D': 4, 'B': 3, 'C': 3}","[0.58, 1.0, 0.75]",4.0
95,"[2, 3, 5]","[3, 4, 3]","[0.46, 0.79, 0.58]","[['D', 'A', 'B', 'C'], ['B', 'A', 'D', 'C'], ['C', 'A', 'D', 'B']]","{'A': 5, 'D': 4, 'B': 3, 'C': 3}","[0.58, 1.0, 0.75]",4.0
95,"[2, 3, 5]","[3, 4, 3]","[0.46, 0.79, 0.58]","[['D', 'A', 'B', 'C'], ['B', 'A', 'D', 'C'], ['C', 'D', 'A', 'B']]","{'A': 5, 'D': 4, 'B': 3, 'C': 3}","[0.58, 1.0, 0.75]",4.0
95,"[2, 3, 5]","[3, 4, 3]","[0.46, 0.79, 0.58]","[['D', 'A', 'B', 'C'], ['B', 'A', 'D', 'C'], ['D', 'A', 'C', 'B']]","{'A': 5, 'D': 4, 'B': 3, 'C': 3}","[0.58, 1.0, 0.75]",4.0
95,"[2, 3, 5]","[3, 4, 3]","[0.46, 0.79, 0.58]","[['D', 'A', 'B', 'C'], ['B', 'A', 'D', 'C'], ['D', 'C', 'A', 'B']]","{'A': 5, 'D': 4, 'B': 3, 'C': 3}","[0.58, 1.0, 0.75]",4.0
95,"[2, 3, 5]","[3, 4, 3]","[0.46, 0.79, 0.58]","[['D', 'A', 'B', 'C'], ['B', 'D', 'A', 'C'], ['A', 'C', 'D', 'B']]","{'A': 5, 'D': 4, 'B': 3, 'C': 3}","[0.58, 1.0, 0.75]",4.0
95,"[2, 3, 5]","[3, 4, 3]","[0.46, 0.79, 0.58]","[['D', 'A', 'B', 'C'], ['B', 'D', 'A', 'C'], ['A', 'D', 'C', 'B']]","{'A': 5, 'D': 4, 'B': 3, 'C': 3}","[0.58, 1.0, 0.75]",4.0
95,"[2, 3, 5]","[3, 4, 3]","[0.46, 0.79, 0.58]","[['D', 'A', 'B', 'C'], ['B', 'D', 'A', 'C'], ['C', 'A', 'D', 'B']]","{'A': 5, 'D': 4, 'B': 3, 'C': 3}","[0.58, 1.0, 0.75]",4.0
95,"[2, 3, 5]","[3, 4, 3]","[0.46, 0.79, 0.58]","[['D', 'A', 'B', 'C'], ['B', 'D', 'A', 'C'], ['C', 'D', 'A', 'B']]","{'A': 5, 'D': 4, 'B': 3, 'C': 3}","[0.58, 1.0, 0.75]",4.0
95,"[2, 3, 5]","[3, 4, 3]","[0.46, 0.79, 0.58]","[['D', 'A', 'B', 'C'], ['B', 'D', 'A', 'C'], ['D', 'A', 'C', 'B']]","{'A': 5, 'D': 4, 'B': 3, 'C': 3}","[0.58, 1.0, 0.75]",4.0
95,"[2, 3, 5]","[3, 4, 3]","[0.46, 0.79, 0.58]","[['D', 'A', 'B', 'C'], ['B', 'D', 'A', 'C'], ['D', 'C', 'A', 'B']]","{'A': 5, 'D': 4, 'B': 3, 'C': 3}","[0.58, 1.0, 0.75]",4.0
95,"[2, 3, 5]","[3, 4, 3]","[0.46, 0.79, 0.58]","[['D', 'A', 'B', 'C'], ['C', 'A', 'D', 'B'], ['A', 'B', 'D', 'C']]","{'A': 5, 'D': 4, 'B': 3, 'C': 3}","[0.58, 1.0, 0.75]",4.0
95,"[2, 3, 5]","[3, 4, 3]","[0.46, 0.79, 0.58]","[['D', 'A', 'B', 'C'], ['C', 'A', 'D', 'B'], ['A', 'D', 'B', 'C']]","{'A': 5, 'D': 4, 'B': 3, 'C': 3}","[0.58, 1.0, 0.75]",4.0
95,"[2, 3, 5]","[3, 4, 3]","[0.46, 0.79, 0.58]","[['D', 'A', 'B', 'C'], ['C', 'A', 'D', 'B'], ['B', 'A', 'D', 'C']]","{'A': 5, 'D': 4, 'B': 3, 'C': 3}","[0.58, 1.0, 0.75]",4.0
95,"[2, 3, 5]","[3, 4, 3]","[0.46, 0.79, 0.58]","[['D', 'A', 'B', 'C'], ['C', 'A', 'D', 'B'], ['B', 'D', 'A', 'C']]","{'A': 5, 'D': 4, 'B': 3, 'C': 3}","[0.58, 1.0, 0.75]",4.0
95,"[2, 3, 5]","[3, 4, 3]","[0.46, 0.79, 0.58]","[['D', 'A', 'B', 'C'], ['C', 'A', 'D', 'B'], ['D', 'A', 'B', 'C']]","{'A': 5, 'D': 4, 'B': 3, 'C': 3}","[0.58, 1.0, 0.75]",4.0
95,"[2, 3, 5]","[3, 4, 3]","[0.46, 0.79, 0.58]","[['D', 'A', 'B', 'C'], ['C', 'A', 'D', 'B'], ['D', 'B', 'A', 'C']]","{'A': 5, 'D': 4, 'B': 3, 'C': 3}","[0.58, 1.0, 0.75]",4.0
95,"[2, 3, 5]","[3, 4, 3]","[0.46, 0.79, 0.58]","[['D', 'A', 'B', 'C'], ['C', 'D', 'A', 'B'], ['A', 'B', 'D', 'C']]","{'A': 5, 'D': 4, 'B': 3, 'C': 3}","[0.58, 1.0, 0.75]",4.0
95,"[2, 3, 5]","[3, 4, 3]","[0.46, 0.79, 0.58]","[['D', 'A', 'B', 'C'], ['C', 'D', 'A', 'B'], ['A', 'D', 'B', 'C']]","{'A': 5, 'D': 4, 'B': 3, 'C': 3}","[0.58, 1.0, 0.75]",4.0
95,"[2, 3, 5]","[3, 4, 3]","[0.46, 0.79, 0.58]","[['D', 'A', 'B', 'C'], ['C', 'D', 'A', 'B'], ['B', 'A', 'D', 'C']]","{'A': 5, 'D': 4, 'B': 3, 'C': 3}","[0.58, 1.0, 0.75]",4.0
95,"[2, 3, 5]","[3, 4, 3]","[0.46, 0.79, 0.58]","[['D', 'A', 'B', 'C'], ['C', 'D', 'A', 'B'], ['B', 'D', 'A', 'C']]","{'A': 5, 'D': 4, 'B': 3, 'C': 3}","[0.58, 1.0, 0.75]",4.0
95,"[2, 3, 5]","[3, 4, 3]","[0.46, 0.79, 0.58]","[['D', 'A', 'B', 'C'], ['C', 'D', 'A', 'B'], ['D', 'A', 'B', 'C']]","{'A': 5, 'D': 4, 'B': 3, 'C': 3}","[0.58, 1.0, 0.75]",4.0
95,"[2, 3, 5]","[3, 4, 3]","[0.46, 0.79, 0.58]","[['D', 'A', 'B', 'C'], ['C', 'D', 'A', 'B'], ['D', 'B', 'A', 'C']]","{'A': 5, 'D': 4, 'B': 3, 'C': 3}","[0.58, 1.0, 0.75]",4.0
95,"[2, 3, 5]","[3, 4, 3]","[0.46, 0.79, 0.58]","[['D', 'A', 'B', 'C'], ['D', 'A', 'B', 'C'], ['A', 'C', 'D', 'B']]","{'A': 5, 'D': 4, 'B': 3, 'C': 3}","[0.58, 1.0, 0.75]",4.0
95,"[2, 3, 5]","[3, 4, 3]","[0.46, 0.79, 0.58]","[['D', 'A', 'B', 'C'], ['D', 'A', 'B', 'C'], ['A', 'D', 'C', 'B']]","{'A': 5, 'D': 4, 'B': 3, 'C': 3}","[0.58, 1.0, 0.75]",4.0
95,"[2, 3, 5]","[3, 4, 3]","[0.46, 0.79, 0.58]","[['D', 'A', 'B', 'C'], ['D', 'A', 'B', 'C'], ['C', 'A', 'D', 'B']]","{'A': 5, 'D': 4, 'B': 3, 'C': 3}","[0.58, 1.0, 0.75]",4.0
95,"[2, 3, 5]","[3, 4, 3]","[0.46, 0.79, 0.58]","[['D', 'A', 'B', 'C'], ['D', 'A', 'B', 'C'], ['C', 'D', 'A', 'B']]","{'A': 5, 'D': 4, 'B': 3, 'C': 3}","[0.58, 1.0, 0.75]",4.0
95,"[2, 3, 5]","[3, 4, 3]","[0.46, 0.79, 0.58]","[['D', 'A', 'B', 'C'], ['D', 'A', 'B', 'C'], ['D', 'A', 'C', 'B']]","{'A': 5, 'D': 4, 'B': 3, 'C': 3}","[0.58, 1.0, 0.75]",4.0
95,"[2, 3, 5]","[3, 4, 3]","[0.46, 0.79, 0.58]","[['D', 'A', 'B', 'C'], ['D', 'A', 'B', 'C'], ['D', 'C', 'A', 'B']]","{'A': 5, 'D': 4, 'B': 3, 'C': 3}","[0.58, 1.0, 0.75]",4.0
95,"[2, 3, 5]","[3, 4, 3]","[0.46, 0.79, 0.58]","[['D', 'A', 'B', 'C'], ['D', 'A', 'C', 'B'], ['A', 'B', 'D', 'C']]","{'A': 5, 'D': 4, 'B': 3, 'C': 3}","[0.58, 1.0, 0.75]",4.0
95,"[2, 3, 5]","[3, 4, 3]","[0.46, 0.79, 0.58]","[['D', 'A', 'B', 'C'], ['D', 'A', 'C', 'B'], ['A', 'D', 'B', 'C']]","{'A': 5, 'D': 4, 'B': 3, 'C': 3}","[0.58, 1.0, 0.75]",4.0
95,"[2, 3, 5]","[3, 4, 3]","[0.46, 0.79, 0.58]","[['D', 'A', 'B', 'C'], ['D', 'A', 'C', 'B'], ['B', 'A', 'D', 'C']]","{'A': 5, 'D': 4, 'B': 3, 'C': 3}","[0.58, 1.0, 0.75]",4.0
95,"[2, 3, 5]","[3, 4, 3]","[0.46, 0.79, 0.58]","[['D', 'A', 'B', 'C'], ['D', 'A', 'C', 'B'], ['B', 'D', 'A', 'C']]","{'A': 5, 'D': 4, 'B': 3, 'C': 3}","[0.58, 1.0, 0.75]",4.0
95,"[2, 3, 5]","[3, 4, 3]","[0.46, 0.79, 0.58]","[['D', 'A', 'B', 'C'], ['D', 'A', 'C', 'B'], ['D', 'A', 'B', 'C']]","{'A': 5, 'D': 4, 'B': 3, 'C': 3}","[0.58, 1.0, 0.75]",4.0
95,"[2, 3, 5]","[3, 4, 3]","[0.46, 0.79, 0.58]","[['D', 'A', 'B', 'C'], ['D', 'A', 'C', 'B'], ['D', 'B', 'A', 'C']]","{'A': 5, 'D': 4, 'B': 3, 'C': 3}","[0.58, 1.0, 0.75]",4.0
95,"[2, 3, 5]","[3, 4, 3]","[0.46, 0.79, 0.58]","[['D', 'A', 'B', 'C'], ['D', 'B', 'A', 'C'], ['A', 'C', 'D', 'B']]","{'A': 5, 'D': 4, 'B': 3, 'C': 3}","[0.58, 1.0, 0.75]",4.0
95,"[2, 3, 5]","[3, 4, 3]","[0.46, 0.79, 0.58]","[['D', 'A', 'B', 'C'], ['D', 'B', 'A', 'C'], ['A', 'D', 'C', 'B']]","{'A': 5, 'D': 4, 'B': 3, 'C': 3}","[0.58, 1.0, 0.75]",4.0
95,"[2, 3, 5]","[3, 4, 3]","[0.46, 0.79, 0.58]","[['D', 'A', 'B', 'C'], ['D', 'B', 'A', 'C'], ['C', 'A', 'D', 'B']]","{'A': 5, 'D': 4, 'B': 3, 'C': 3}","[0.58, 1.0, 0.75]",4.0
95,"[2, 3, 5]","[3, 4, 3]","[0.46, 0.79, 0.58]","[['D', 'A', 'B', 'C'], ['D', 'B', 'A', 'C'], ['C', 'D', 'A', 'B']]","{'A': 5, 'D': 4, 'B': 3, 'C': 3}","[0.58, 1.0, 0.75]",4.0
95,"[2, 3, 5]","[3, 4, 3]","[0.46, 0.79, 0.58]","[['D', 'A', 'B', 'C'], ['D', 'B', 'A', 'C'], ['D', 'A', 'C', 'B']]","{'A': 5, 'D': 4, 'B': 3, 'C': 3}","[0.58, 1.0, 0.75]",4.0
95,"[2, 3, 5]","[3, 4, 3]","[0.46, 0.79, 0.58]","[['D', 'A', 'B', 'C'], ['D', 'B', 'A', 'C'], ['D', 'C', 'A', 'B']]","{'A': 5, 'D': 4, 'B': 3, 'C': 3}","[0.58, 1.0, 0.75]",4.0
95,"[2, 3, 5]","[3, 4, 3]","[0.46, 0.79, 0.58]","[['D', 'A', 'B', 'C'], ['D', 'C', 'A', 'B'], ['A', 'B', 'D', 'C']]","{'A': 5, 'D': 4, 'B': 3, 'C': 3}","[0.58, 1.0, 0.75]",4.0
95,"[2, 3, 5]","[3, 4, 3]","[0.46, 0.79, 0.58]","[['D', 'A', 'B', 'C'], ['D', 'C', 'A', 'B'], ['A', 'D', 'B', 'C']]","{'A': 5, 'D': 4, 'B': 3, 'C': 3}","[0.58, 1.0, 0.75]",4.0
95,"[2, 3, 5]","[3, 4, 3]","[0.46, 0.79, 0.58]","[['D', 'A', 'B', 'C'], ['D', 'C', 'A', 'B'], ['B', 'A', 'D', 'C']]","{'A': 5, 'D': 4, 'B': 3, 'C': 3}","[0.58, 1.0, 0.75]",4.0
95,"[2, 3, 5]","[3, 4, 3]","[0.46, 0.79, 0.58]","[['D', 'A', 'B', 'C'], ['D', 'C', 'A', 'B'], ['B', 'D', 'A', 'C']]","{'A': 5, 'D': 4, 'B': 3, 'C': 3}","[0.58, 1.0, 0.75]",4.0
95,"[2, 3, 5]","[3, 4, 3]","[0.46, 0.79, 0.58]","[['D', 'A', 'B', 'C'], ['D', 'C', 'A', 'B'], ['D', 'A', 'B', 'C']]","{'A': 5, 'D': 4, 'B': 3, 'C': 3}","[0.58, 1.0, 0.75]",4.0
95,"[2, 3, 5]","[3, 4, 3]","[0.46, 0.79, 0.58]","[['D', 'A', 'B', 'C'], ['D', 'C', 'A', 'B'], ['D', 'B', 'A', 'C']]","{'A': 5, 'D': 4, 'B': 3, 'C': 3}","[0.58, 1.0, 0.75]",4.0
95,"[2, 3, 5]","[3, 4, 3]","[0.46, 0.79, 0.58]","[['D', 'A', 'C', 'B'], ['A', 'B', 'D', 'C'], ['A', 'B', 'D', 'C']]","{'A': 5, 'D': 4, 'B': 3, 'C': 3}","[0.58, 1.0, 0.75]",4.0
95,"[2, 3, 5]","[3, 4, 3]","[0.46, 0.79, 0.58]","[['D', 'A', 'C', 'B'], ['A', 'B', 'D', 'C'], ['A', 'D', 'B', 'C']]","{'A': 5, 'D': 4, 'B': 3, 'C': 3}","[0.58, 1.0, 0.75]",4.0
95,"[2, 3, 5]","[3, 4, 3]","[0.46, 0.79, 0.58]","[['D', 'A', 'C', 'B'], ['A', 'B', 'D', 'C'], ['B', 'A', 'D', 'C']]","{'A': 5, 'D': 4, 'B': 3, 'C': 3}","[0.58, 1.0, 0.75]",4.0
95,"[2, 3, 5]","[3, 4, 3]","[0.46, 0.79, 0.58]","[['D', 'A', 'C', 'B'], ['A', 'B', 'D', 'C'], ['B', 'D', 'A', 'C']]","{'A': 5, 'D': 4, 'B': 3, 'C': 3}","[0.58, 1.0, 0.75]",4.0
95,"[2, 3, 5]","[3, 4, 3]","[0.46, 0.79, 0.58]","[['D', 'A', 'C', 'B'], ['A', 'B', 'D', 'C'], ['D', 'A', 'B', 'C']]","{'A': 5, 'D': 4, 'B': 3, 'C': 3}","[0.58, 1.0, 0.75]",4.0
95,"[2, 3, 5]","[3, 4, 3]","[0.46, 0.79, 0.58]","[['D', 'A', 'C', 'B'], ['A', 'B', 'D', 'C'], ['D', 'B', 'A', 'C']]","{'A': 5, 'D': 4, 'B': 3, 'C': 3}","[0.58, 1.0, 0.75]",4.0
95,"[2, 3, 5]","[3, 4, 3]","[0.46, 0.79, 0.58]","[['D', 'A', 'C', 'B'], ['A', 'D', 'B', 'C'], ['A', 'B', 'D', 'C']]","{'A': 5, 'D': 4, 'B': 3, 'C': 3}","[0.58, 1.0, 0.75]",4.0
95,"[2, 3, 5]","[3, 4, 3]","[0.46, 0.79, 0.58]","[['D', 'A', 'C', 'B'], ['A', 'D', 'B', 'C'], ['A', 'D', 'B', 'C']]","{'A': 5, 'D': 4, 'B': 3, 'C': 3}","[0.58, 1.0, 0.75]",4.0
95,"[2, 3, 5]","[3, 4, 3]","[0.46, 0.79, 0.58]","[['D', 'A', 'C', 'B'], ['A', 'D', 'B', 'C'], ['B', 'A', 'D', 'C']]","{'A': 5, 'D': 4, 'B': 3, 'C': 3}","[0.58, 1.0, 0.75]",4.0
95,"[2, 3, 5]","[3, 4, 3]","[0.46, 0.79, 0.58]","[['D', 'A', 'C', 'B'], ['A', 'D', 'B', 'C'], ['B', 'D', 'A', 'C']]","{'A': 5, 'D': 4, 'B': 3, 'C': 3}","[0.58, 1.0, 0.75]",4.0
95,"[2, 3, 5]","[3, 4, 3]","[0.46, 0.79, 0.58]","[['D', 'A', 'C', 'B'], ['A', 'D', 'B', 'C'], ['D', 'A', 'B', 'C']]","{'A': 5, 'D': 4, 'B': 3, 'C': 3}","[0.58, 1.0, 0.75]",4.0
95,"[2, 3, 5]","[3, 4, 3]","[0.46, 0.79, 0.58]","[['D', 'A', 'C', 'B'], ['A', 'D', 'B', 'C'], ['D', 'B', 'A', 'C']]","{'A': 5, 'D': 4, 'B': 3, 'C': 3}","[0.58, 1.0, 0.75]",4.0
95,"[2, 3, 5]","[3, 4, 3]","[0.46, 0.79, 0.58]","[['D', 'A', 'C', 'B'], ['B', 'A', 'D', 'C'], ['A', 'B', 'D', 'C']]","{'A': 5, 'D': 4, 'B': 3, 'C': 3}","[0.58, 1.0, 0.75]",4.0
95,"[2, 3, 5]","[3, 4, 3]","[0.46, 0.79, 0.58]","[['D', 'A', 'C', 'B'], ['B', 'A', 'D', 'C'], ['A', 'D', 'B', 'C']]","{'A': 5, 'D': 4, 'B': 3, 'C': 3}","[0.58, 1.0, 0.75]",4.0
95,"[2, 3, 5]","[3, 4, 3]","[0.46, 0.79, 0.58]","[['D', 'A', 'C', 'B'], ['B', 'A', 'D', 'C'], ['B', 'A', 'D', 'C']]","{'A': 5, 'D': 4, 'B': 3, 'C': 3}","[0.58, 1.0, 0.75]",4.0
95,"[2, 3, 5]","[3, 4, 3]","[0.46, 0.79, 0.58]","[['D', 'A', 'C', 'B'], ['B', 'A', 'D', 'C'], ['B', 'D', 'A', 'C']]","{'A': 5, 'D': 4, 'B': 3, 'C': 3}","[0.58, 1.0, 0.75]",4.0
95,"[2, 3, 5]","[3, 4, 3]","[0.46, 0.79, 0.58]","[['D', 'A', 'C', 'B'], ['B', 'A', 'D', 'C'], ['D', 'A', 'B', 'C']]","{'A': 5, 'D': 4, 'B': 3, 'C': 3}","[0.58, 1.0, 0.75]",4.0
95,"[2, 3, 5]","[3, 4, 3]","[0.46, 0.79, 0.58]","[['D', 'A', 'C', 'B'], ['B', 'A', 'D', 'C'], ['D', 'B', 'A', 'C']]","{'A': 5, 'D': 4, 'B': 3, 'C': 3}","[0.58, 1.0, 0.75]",4.0
95,"[2, 3, 5]","[3, 4, 3]","[0.46, 0.79, 0.58]","[['D', 'A', 'C', 'B'], ['B', 'D', 'A', 'C'], ['A', 'B', 'D', 'C']]","{'A': 5, 'D': 4, 'B': 3, 'C': 3}","[0.58, 1.0, 0.75]",4.0
95,"[2, 3, 5]","[3, 4, 3]","[0.46, 0.79, 0.58]","[['D', 'A', 'C', 'B'], ['B', 'D', 'A', 'C'], ['A', 'D', 'B', 'C']]","{'A': 5, 'D': 4, 'B': 3, 'C': 3}","[0.58, 1.0, 0.75]",4.0
95,"[2, 3, 5]","[3, 4, 3]","[0.46, 0.79, 0.58]","[['D', 'A', 'C', 'B'], ['B', 'D', 'A', 'C'], ['B', 'A', 'D', 'C']]","{'A': 5, 'D': 4, 'B': 3, 'C': 3}","[0.58, 1.0, 0.75]",4.0
95,"[2, 3, 5]","[3, 4, 3]","[0.46, 0.79, 0.58]","[['D', 'A', 'C', 'B'], ['B', 'D', 'A', 'C'], ['B', 'D', 'A', 'C']]","{'A': 5, 'D': 4, 'B': 3, 'C': 3}","[0.58, 1.0, 0.75]",4.0
95,"[2, 3, 5]","[3, 4, 3]","[0.46, 0.79, 0.58]","[['D', 'A', 'C', 'B'], ['B', 'D', 'A', 'C'], ['D', 'A', 'B', 'C']]","{'A': 5, 'D': 4, 'B': 3, 'C': 3}","[0.58, 1.0, 0.75]",4.0
95,"[2, 3, 5]","[3, 4, 3]","[0.46, 0.79, 0.58]","[['D', 'A', 'C', 'B'], ['B', 'D', 'A', 'C'], ['D', 'B', 'A', 'C']]","{'A': 5, 'D': 4, 'B': 3, 'C': 3}","[0.58, 1.0, 0.75]",4.0
95,"[2, 3, 5]","[3, 4, 3]","[0.46, 0.79, 0.58]","[['D', 'A', 'C', 'B'], ['D', 'A', 'B', 'C'], ['A', 'B', 'D', 'C']]","{'A': 5, 'D': 4, 'B': 3, 'C': 3}","[0.58, 1.0, 0.75]",4.0
95,"[2, 3, 5]","[3, 4, 3]","[0.46, 0.79, 0.58]","[['D', 'A', 'C', 'B'], ['D', 'A', 'B', 'C'], ['A', 'D', 'B', 'C']]","{'A': 5, 'D': 4, 'B': 3, 'C': 3}","[0.58, 1.0, 0.75]",4.0
95,"[2, 3, 5]","[3, 4, 3]","[0.46, 0.79, 0.58]","[['D', 'A', 'C', 'B'], ['D', 'A', 'B', 'C'], ['B', 'A', 'D', 'C']]","{'A': 5, 'D': 4, 'B': 3, 'C': 3}","[0.58, 1.0, 0.75]",4.0
95,"[2, 3, 5]","[3, 4, 3]","[0.46, 0.79, 0.58]","[['D', 'A', 'C', 'B'], ['D', 'A', 'B', 'C'], ['B', 'D', 'A', 'C']]","{'A': 5, 'D': 4, 'B': 3, 'C': 3}","[0.58, 1.0, 0.75]",4.0
95,"[2, 3, 5]","[3, 4, 3]","[0.46, 0.79, 0.58]","[['D', 'A', 'C', 'B'], ['D', 'A', 'B', 'C'], ['D', 'A', 'B', 'C']]","{'A': 5, 'D': 4, 'B': 3, 'C': 3}","[0.58, 1.0, 0.75]",4.0
95,"[2, 3, 5]","[3, 4, 3]","[0.46, 0.79, 0.58]","[['D', 'A', 'C', 'B'], ['D', 'A', 'B', 'C'], ['D', 'B', 'A', 'C']]","{'A': 5, 'D': 4, 'B': 3, 'C': 3}","[0.58, 1.0, 0.75]",4.0
95,"[2, 3, 5]","[3, 4, 3]","[0.46, 0.79, 0.58]","[['D', 'A', 'C', 'B'], ['D', 'B', 'A', 'C'], ['A', 'B', 'D', 'C']]","{'A': 5, 'D': 4, 'B': 3, 'C': 3}","[0.58, 1.0, 0.75]",4.0
95,"[2, 3, 5]","[3, 4, 3]","[0.46, 0.79, 0.58]","[['D', 'A', 'C', 'B'], ['D', 'B', 'A', 'C'], ['A', 'D', 'B', 'C']]","{'A': 5, 'D': 4, 'B': 3, 'C': 3}","[0.58, 1.0, 0.75]",4.0
95,"[2, 3, 5]","[3, 4, 3]","[0.46, 0.79, 0.58]","[['D', 'A', 'C', 'B'], ['D', 'B', 'A', 'C'], ['B', 'A', 'D', 'C']]","{'A': 5, 'D': 4, 'B': 3, 'C': 3}","[0.58, 1.0, 0.75]",4.0
95,"[2, 3, 5]","[3, 4, 3]","[0.46, 0.79, 0.58]","[['D', 'A', 'C', 'B'], ['D', 'B', 'A', 'C'], ['B', 'D', 'A', 'C']]","{'A': 5, 'D': 4, 'B': 3, 'C': 3}","[0.58, 1.0, 0.75]",4.0
95,"[2, 3, 5]","[3, 4, 3]","[0.46, 0.79, 0.58]","[['D', 'A', 'C', 'B'], ['D', 'B', 'A', 'C'], ['D', 'A', 'B', 'C']]","{'A': 5, 'D': 4, 'B': 3, 'C': 3}","[0.58, 1.0, 0.75]",4.0
95,"[2, 3, 5]","[3, 4, 3]","[0.46, 0.79, 0.58]","[['D', 'A', 'C', 'B'], ['D', 'B', 'A', 'C'], ['D', 'B', 'A', 'C']]","{'A': 5, 'D': 4, 'B': 3, 'C': 3}","[0.58, 1.0, 0.75]",4.0
95,"[2, 3, 5]","[3, 4, 3]","[0.46, 0.79, 0.58]","[['D', 'B', 'A', 'C'], ['A', 'B', 'D', 'C'], ['A', 'C', 'D', 'B']]","{'A': 5, 'D': 4, 'B': 3, 'C': 3}","[0.58, 1.0, 0.75]",4.0
95,"[2, 3, 5]","[3, 4, 3]","[0.46, 0.79, 0.58]","[['D', 'B', 'A', 'C'], ['A', 'B', 'D', 'C'], ['A', 'D', 'C', 'B']]","{'A': 5, 'D': 4, 'B': 3, 'C': 3}","[0.58, 1.0, 0.75]",4.0
95,"[2, 3, 5]","[3, 4, 3]","[0.46, 0.79, 0.58]","[['D', 'B', 'A', 'C'], ['A', 'B', 'D', 'C'], ['C', 'A', 'D', 'B']]","{'A': 5, 'D': 4, 'B': 3, 'C': 3}","[0.58, 1.0, 0.75]",4.0
95,"[2, 3, 5]","[3, 4, 3]","[0.46, 0.79, 0.58]","[['D', 'B', 'A', 'C'], ['A', 'B', 'D', 'C'], ['C', 'D', 'A', 'B']]","{'A': 5, 'D': 4, 'B': 3, 'C': 3}","[0.58, 1.0, 0.75]",4.0
95,"[2, 3, 5]","[3, 4, 3]","[0.46, 0.79, 0.58]","[['D', 'B', 'A', 'C'], ['A', 'B', 'D', 'C'], ['D', 'A', 'C', 'B']]","{'A': 5, 'D': 4, 'B': 3, 'C': 3}","[0.58, 1.0, 0.75]",4.0
95,"[2, 3, 5]","[3, 4, 3]","[0.46, 0.79, 0.58]","[['D', 'B', 'A', 'C'], ['A', 'B', 'D', 'C'], ['D', 'C', 'A', 'B']]","{'A': 5, 'D': 4, 'B': 3, 'C': 3}","[0.58, 1.0, 0.75]",4.0
95,"[2, 3, 5]","[3, 4, 3]","[0.46, 0.79, 0.58]","[['D', 'B', 'A', 'C'], ['A', 'C', 'D', 'B'], ['A', 'B', 'D', 'C']]","{'A': 5, 'D': 4, 'B': 3, 'C': 3}","[0.58, 1.0, 0.75]",4.0
95,"[2, 3, 5]","[3, 4, 3]","[0.46, 0.79, 0.58]","[['D', 'B', 'A', 'C'], ['A', 'C', 'D', 'B'], ['A', 'D', 'B', 'C']]","{'A': 5, 'D': 4, 'B': 3, 'C': 3}","[0.58, 1.0, 0.75]",4.0
95,"[2, 3, 5]","[3, 4, 3]","[0.46, 0.79, 0.58]","[['D', 'B', 'A', 'C'], ['A', 'C', 'D', 'B'], ['B', 'A', 'D', 'C']]","{'A': 5, 'D': 4, 'B': 3, 'C': 3}","[0.58, 1.0, 0.75]",4.0
95,"[2, 3, 5]","[3, 4, 3]","[0.46, 0.79, 0.58]","[['D', 'B', 'A', 'C'], ['A', 'C', 'D', 'B'], ['B', 'D', 'A', 'C']]","{'A': 5, 'D': 4, 'B': 3, 'C': 3}","[0.58, 1.0, 0.75]",4.0
95,"[2, 3, 5]","[3, 4, 3]","[0.46, 0.79, 0.58]","[['D', 'B', 'A', 'C'], ['A', 'C', 'D', 'B'], ['D', 'A', 'B', 'C']]","{'A': 5, 'D': 4, 'B': 3, 'C': 3}","[0.58, 1.0, 0.75]",4.0
95,"[2, 3, 5]","[3, 4, 3]","[0.46, 0.79, 0.58]","[['D', 'B', 'A', 'C'], ['A', 'C', 'D', 'B'], ['D', 'B', 'A', 'C']]","{'A': 5, 'D': 4, 'B': 3, 'C': 3}","[0.58, 1.0, 0.75]",4.0
95,"[2, 3, 5]","[3, 4, 3]","[0.46, 0.79, 0.58]","[['D', 'B', 'A', 'C'], ['A', 'D', 'B', 'C'], ['A', 'C', 'D', 'B']]","{'A': 5, 'D': 4, 'B': 3, 'C': 3}","[0.58, 1.0, 0.75]",4.0
95,"[2, 3, 5]","[3, 4, 3]","[0.46, 0.79, 0.58]","[['D', 'B', 'A', 'C'], ['A', 'D', 'B', 'C'], ['A', 'D', 'C', 'B']]","{'A': 5, 'D': 4, 'B': 3, 'C': 3}","[0.58, 1.0, 0.75]",4.0
95,"[2, 3, 5]","[3, 4, 3]","[0.46, 0.79, 0.58]","[['D', 'B', 'A', 'C'], ['A', 'D', 'B', 'C'], ['C', 'A', 'D', 'B']]","{'A': 5, 'D': 4, 'B': 3, 'C': 3}","[0.58, 1.0, 0.75]",4.0
95,"[2, 3, 5]","[3, 4, 3]","[0.46, 0.79, 0.58]","[['D', 'B', 'A', 'C'], ['A', 'D', 'B', 'C'], ['C', 'D', 'A', 'B']]","{'A': 5, 'D': 4, 'B': 3, 'C': 3}","[0.58, 1.0, 0.75]",4.0
95,"[2, 3, 5]","[3, 4, 3]","[0.46, 0.79, 0.58]","[['D', 'B', 'A', 'C'], ['A', 'D', 'B', 'C'], ['D', 'A', 'C', 'B']]","{'A': 5, 'D': 4, 'B': 3, 'C': 3}","[0.58, 1.0, 0.75]",4.0
95,"[2, 3, 5]","[3, 4, 3]","[0.46, 0.79, 0.58]","[['D', 'B', 'A', 'C'], ['A', 'D', 'B', 'C'], ['D', 'C', 'A', 'B']]","{'A': 5, 'D': 4, 'B': 3, 'C': 3}","[0.58, 1.0, 0.75]",4.0
95,"[2, 3, 5]","[3, 4, 3]","[0.46, 0.79, 0.58]","[['D', 'B', 'A', 'C'], ['A', 'D', 'C', 'B'], ['A', 'B', 'D', 'C']]","{'A': 5, 'D': 4, 'B': 3, 'C': 3}","[0.58, 1.0, 0.75]",4.0
95,"[2, 3, 5]","[3, 4, 3]","[0.46, 0.79, 0.58]","[['D', 'B', 'A', 'C'], ['A', 'D', 'C', 'B'], ['A', 'D', 'B', 'C']]","{'A': 5, 'D': 4, 'B': 3, 'C': 3}","[0.58, 1.0, 0.75]",4.0
95,"[2, 3, 5]","[3, 4, 3]","[0.46, 0.79, 0.58]","[['D', 'B', 'A', 'C'], ['A', 'D', 'C', 'B'], ['B', 'A', 'D', 'C']]","{'A': 5, 'D': 4, 'B': 3, 'C': 3}","[0.58, 1.0, 0.75]",4.0
95,"[2, 3, 5]","[3, 4, 3]","[0.46, 0.79, 0.58]","[['D', 'B', 'A', 'C'], ['A', 'D', 'C', 'B'], ['B', 'D', 'A', 'C']]","{'A': 5, 'D': 4, 'B': 3, 'C': 3}","[0.58, 1.0, 0.75]",4.0
95,"[2, 3, 5]","[3, 4, 3]","[0.46, 0.79, 0.58]","[['D', 'B', 'A', 'C'], ['A', 'D', 'C', 'B'], ['D', 'A', 'B', 'C']]","{'A': 5, 'D': 4, 'B': 3, 'C': 3}","[0.58, 1.0, 0.75]",4.0
95,"[2, 3, 5]","[3, 4, 3]","[0.46, 0.79, 0.58]","[['D', 'B', 'A', 'C'], ['A', 'D', 'C', 'B'], ['D', 'B', 'A', 'C']]","{'A': 5, 'D': 4, 'B': 3, 'C': 3}","[0.58, 1.0, 0.75]",4.0
95,"[2, 3, 5]","[3, 4, 3]","[0.46, 0.79, 0.58]","[['D', 'B', 'A', 'C'], ['B', 'A', 'D', 'C'], ['A', 'C', 'D', 'B']]","{'A': 5, 'D': 4, 'B': 3, 'C': 3}","[0.58, 1.0, 0.75]",4.0
95,"[2, 3, 5]","[3, 4, 3]","[0.46, 0.79, 0.58]","[['D', 'B', 'A', 'C'], ['B', 'A', 'D', 'C'], ['A', 'D', 'C', 'B']]","{'A': 5, 'D': 4, 'B': 3, 'C': 3}","[0.58, 1.0, 0.75]",4.0
95,"[2, 3, 5]","[3, 4, 3]","[0.46, 0.79, 0.58]","[['D', 'B', 'A', 'C'], ['B', 'A', 'D', 'C'], ['C', 'A', 'D', 'B']]","{'A': 5, 'D': 4, 'B': 3, 'C': 3}","[0.58, 1.0, 0.75]",4.0
95,"[2, 3, 5]","[3, 4, 3]","[0.46, 0.79, 0.58]","[['D', 'B', 'A', 'C'], ['B', 'A', 'D', 'C'], ['C', 'D', 'A', 'B']]","{'A': 5, 'D': 4, 'B': 3, 'C': 3}","[0.58, 1.0, 0.75]",4.0
95,"[2, 3, 5]","[3, 4, 3]","[0.46, 0.79, 0.58]","[['D', 'B', 'A', 'C'], ['B', 'A', 'D', 'C'], ['D', 'A', 'C', 'B']]","{'A': 5, 'D': 4, 'B': 3, 'C': 3}","[0.58, 1.0, 0.75]",4.0
95,"[2, 3, 5]","[3, 4, 3]","[0.46, 0.79, 0.58]","[['D', 'B', 'A', 'C'], ['B', 'A', 'D', 'C'], ['D', 'C', 'A', 'B']]","{'A': 5, 'D': 4, 'B': 3, 'C': 3}","[0.58, 1.0, 0.75]",4.0
95,"[2, 3, 5]","[3, 4, 3]","[0.46, 0.79, 0.58]","[['D', 'B', 'A', 'C'], ['B', 'D', 'A', 'C'], ['A', 'C', 'D', 'B']]","{'A': 5, 'D': 4, 'B': 3, 'C': 3}","[0.58, 1.0, 0.75]",4.0
95,"[2, 3, 5]","[3, 4, 3]","[0.46, 0.79, 0.58]","[['D', 'B', 'A', 'C'], ['B', 'D', 'A', 'C'], ['A', 'D', 'C', 'B']]","{'A': 5, 'D': 4, 'B': 3, 'C': 3}","[0.58, 1.0, 0.75]",4.0
95,"[2, 3, 5]","[3, 4, 3]","[0.46, 0.79, 0.58]","[['D', 'B', 'A', 'C'], ['B', 'D', 'A', 'C'], ['C', 'A', 'D', 'B']]","{'A': 5, 'D': 4, 'B': 3, 'C': 3}","[0.58, 1.0, 0.75]",4.0
95,"[2, 3, 5]","[3, 4, 3]","[0.46, 0.79, 0.58]","[['D', 'B', 'A', 'C'], ['B', 'D', 'A', 'C'], ['C', 'D', 'A', 'B']]","{'A': 5, 'D': 4, 'B': 3, 'C': 3}","[0.58, 1.0, 0.75]",4.0
95,"[2, 3, 5]","[3, 4, 3]","[0.46, 0.79, 0.58]","[['D', 'B', 'A', 'C'], ['B', 'D', 'A', 'C'], ['D', 'A', 'C', 'B']]","{'A': 5, 'D': 4, 'B': 3, 'C': 3}","[0.58, 1.0, 0.75]",4.0
95,"[2, 3, 5]","[3, 4, 3]","[0.46, 0.79, 0.58]","[['D', 'B', 'A', 'C'], ['B', 'D', 'A', 'C'], ['D', 'C', 'A', 'B']]","{'A': 5, 'D': 4, 'B': 3, 'C': 3}","[0.58, 1.0, 0.75]",4.0
95,"[2, 3, 5]","[3, 4, 3]","[0.46, 0.79, 0.58]","[['D', 'B', 'A', 'C'], ['C', 'A', 'D', 'B'], ['A', 'B', 'D', 'C']]","{'A': 5, 'D': 4, 'B': 3, 'C': 3}","[0.58, 1.0, 0.75]",4.0
95,"[2, 3, 5]","[3, 4, 3]","[0.46, 0.79, 0.58]","[['D', 'B', 'A', 'C'], ['C', 'A', 'D', 'B'], ['A', 'D', 'B', 'C']]","{'A': 5, 'D': 4, 'B': 3, 'C': 3}","[0.58, 1.0, 0.75]",4.0
95,"[2, 3, 5]","[3, 4, 3]","[0.46, 0.79, 0.58]","[['D', 'B', 'A', 'C'], ['C', 'A', 'D', 'B'], ['B', 'A', 'D', 'C']]","{'A': 5, 'D': 4, 'B': 3, 'C': 3}","[0.58, 1.0, 0.75]",4.0
95,"[2, 3, 5]","[3, 4, 3]","[0.46, 0.79, 0.58]","[['D', 'B', 'A', 'C'], ['C', 'A', 'D', 'B'], ['B', 'D', 'A', 'C']]","{'A': 5, 'D': 4, 'B': 3, 'C': 3}","[0.58, 1.0, 0.75]",4.0
95,"[2, 3, 5]","[3, 4, 3]","[0.46, 0.79, 0.58]","[['D', 'B', 'A', 'C'], ['C', 'A', 'D', 'B'], ['D', 'A', 'B', 'C']]","{'A': 5, 'D': 4, 'B': 3, 'C': 3}","[0.58, 1.0, 0.75]",4.0
95,"[2, 3, 5]","[3, 4, 3]","[0.46, 0.79, 0.58]","[['D', 'B', 'A', 'C'], ['C', 'A', 'D', 'B'], ['D', 'B', 'A', 'C']]","{'A': 5, 'D': 4, 'B': 3, 'C': 3}","[0.58, 1.0, 0.75]",4.0
95,"[2, 3, 5]","[3, 4, 3]","[0.46, 0.79, 0.58]","[['D', 'B', 'A', 'C'], ['C', 'D', 'A', 'B'], ['A', 'B', 'D', 'C']]","{'A': 5, 'D': 4, 'B': 3, 'C': 3}","[0.58, 1.0, 0.75]",4.0
95,"[2, 3, 5]","[3, 4, 3]","[0.46, 0.79, 0.58]","[['D', 'B', 'A', 'C'], ['C', 'D', 'A', 'B'], ['A', 'D', 'B', 'C']]","{'A': 5, 'D': 4, 'B': 3, 'C': 3}","[0.58, 1.0, 0.75]",4.0
95,"[2, 3, 5]","[3, 4, 3]","[0.46, 0.79, 0.58]","[['D', 'B', 'A', 'C'], ['C', 'D', 'A', 'B'], ['B', 'A', 'D', 'C']]","{'A': 5, 'D': 4, 'B': 3, 'C': 3}","[0.58, 1.0, 0.75]",4.0
95,"[2, 3, 5]","[3, 4, 3]","[0.46, 0.79, 0.58]","[['D', 'B', 'A', 'C'], ['C', 'D', 'A', 'B'], ['B', 'D', 'A', 'C']]","{'A': 5, 'D': 4, 'B': 3, 'C': 3}","[0.58, 1.0, 0.75]",4.0
95,"[2, 3, 5]","[3, 4, 3]","[0.46, 0.79, 0.58]","[['D', 'B', 'A', 'C'], ['C', 'D', 'A', 'B'], ['D', 'A', 'B', 'C']]","{'A': 5, 'D': 4, 'B': 3, 'C': 3}","[0.58, 1.0, 0.75]",4.0
95,"[2, 3, 5]","[3, 4, 3]","[0.46, 0.79, 0.58]","[['D', 'B', 'A', 'C'], ['C', 'D', 'A', 'B'], ['D', 'B', 'A', 'C']]","{'A': 5, 'D': 4, 'B': 3, 'C': 3}","[0.58, 1.0, 0.75]",4.0
95,"[2, 3, 5]","[3, 4, 3]","[0.46, 0.79, 0.58]","[['D', 'B', 'A', 'C'], ['D', 'A', 'B', 'C'], ['A', 'C', 'D', 'B']]","{'A': 5, 'D': 4, 'B': 3, 'C': 3}","[0.58, 1.0, 0.75]",4.0
95,"[2, 3, 5]","[3, 4, 3]","[0.46, 0.79, 0.58]","[['D', 'B', 'A', 'C'], ['D', 'A', 'B', 'C'], ['A', 'D', 'C', 'B']]","{'A': 5, 'D': 4, 'B': 3, 'C': 3}","[0.58, 1.0, 0.75]",4.0
95,"[2, 3, 5]","[3, 4, 3]","[0.46, 0.79, 0.58]","[['D', 'B', 'A', 'C'], ['D', 'A', 'B', 'C'], ['C', 'A', 'D', 'B']]","{'A': 5, 'D': 4, 'B': 3, 'C': 3}","[0.58, 1.0, 0.75]",4.0
95,"[2, 3, 5]","[3, 4, 3]","[0.46, 0.79, 0.58]","[['D', 'B', 'A', 'C'], ['D', 'A', 'B', 'C'], ['C', 'D', 'A', 'B']]","{'A': 5, 'D': 4, 'B': 3, 'C': 3}","[0.58, 1.0, 0.75]",4.0
95,"[2, 3, 5]","[3, 4, 3]","[0.46, 0.79, 0.58]","[['D', 'B', 'A', 'C'], ['D', 'A', 'B', 'C'], ['D', 'A', 'C', 'B']]","{'A': 5, 'D': 4, 'B': 3, 'C': 3}","[0.58, 1.0, 0.75]",4.0
95,"[2, 3, 5]","[3, 4, 3]","[0.46, 0.79, 0.58]","[['D', 'B', 'A', 'C'], ['D', 'A', 'B', 'C'], ['D', 'C', 'A', 'B']]","{'A': 5, 'D': 4, 'B': 3, 'C': 3}","[0.58, 1.0, 0.75]",4.0
95,"[2, 3, 5]","[3, 4, 3]","[0.46, 0.79, 0.58]","[['D', 'B', 'A', 'C'], ['D', 'A', 'C', 'B'], ['A', 'B', 'D', 'C']]","{'A': 5, 'D': 4, 'B': 3, 'C': 3}","[0.58, 1.0, 0.75]",4.0
95,"[2, 3, 5]","[3, 4, 3]","[0.46, 0.79, 0.58]","[['D', 'B', 'A', 'C'], ['D', 'A', 'C', 'B'], ['A', 'D', 'B', 'C']]","{'A': 5, 'D': 4, 'B': 3, 'C': 3}","[0.58, 1.0, 0.75]",4.0
95,"[2, 3, 5]","[3, 4, 3]","[0.46, 0.79, 0.58]","[['D', 'B', 'A', 'C'], ['D', 'A', 'C', 'B'], ['B', 'A', 'D', 'C']]","{'A': 5, 'D': 4, 'B': 3, 'C': 3}","[0.58, 1.0, 0.75]",4.0
95,"[2, 3, 5]","[3, 4, 3]","[0.46, 0.79, 0.58]","[['D', 'B', 'A', 'C'], ['D', 'A', 'C', 'B'], ['B', 'D', 'A', 'C']]","{'A': 5, 'D': 4, 'B': 3, 'C': 3}","[0.58, 1.0, 0.75]",4.0
95,"[2, 3, 5]","[3, 4, 3]","[0.46, 0.79, 0.58]","[['D', 'B', 'A', 'C'], ['D', 'A', 'C', 'B'], ['D', 'A', 'B', 'C']]","{'A': 5, 'D': 4, 'B': 3, 'C': 3}","[0.58, 1.0, 0.75]",4.0
95,"[2, 3, 5]","[3, 4, 3]","[0.46, 0.79, 0.58]","[['D', 'B', 'A', 'C'], ['D', 'A', 'C', 'B'], ['D', 'B', 'A', 'C']]","{'A': 5, 'D': 4, 'B': 3, 'C': 3}","[0.58, 1.0, 0.75]",4.0
95,"[2, 3, 5]","[3, 4, 3]","[0.46, 0.79, 0.58]","[['D', 'B', 'A', 'C'], ['D', 'B', 'A', 'C'], ['A', 'C', 'D', 'B']]","{'A': 5, 'D': 4, 'B': 3, 'C': 3}","[0.58, 1.0, 0.75]",4.0
95,"[2, 3, 5]","[3, 4, 3]","[0.46, 0.79, 0.58]","[['D', 'B', 'A', 'C'], ['D', 'B', 'A', 'C'], ['A', 'D', 'C', 'B']]","{'A': 5, 'D': 4, 'B': 3, 'C': 3}","[0.58, 1.0, 0.75]",4.0
95,"[2, 3, 5]","[3, 4, 3]","[0.46, 0.79, 0.58]","[['D', 'B', 'A', 'C'], ['D', 'B', 'A', 'C'], ['C', 'A', 'D', 'B']]","{'A': 5, 'D': 4, 'B': 3, 'C': 3}","[0.58, 1.0, 0.75]",4.0
95,"[2, 3, 5]","[3, 4, 3]","[0.46, 0.79, 0.58]","[['D', 'B', 'A', 'C'], ['D', 'B', 'A', 'C'], ['C', 'D', 'A', 'B']]","{'A': 5, 'D': 4, 'B': 3, 'C': 3}","[0.58, 1.0, 0.75]",4.0
95,"[2, 3, 5]","[3, 4, 3]","[0.46, 0.79, 0.58]","[['D', 'B', 'A', 'C'], ['D', 'B', 'A', 'C'], ['D', 'A', 'C', 'B']]","{'A': 5, 'D': 4, 'B': 3, 'C': 3}","[0.58, 1.0, 0.75]",4.0
95,"[2, 3, 5]","[3, 4, 3]","[0.46, 0.79, 0.58]","[['D', 'B', 'A', 'C'], ['D', 'B', 'A', 'C'], ['D', 'C', 'A', 'B']]","{'A': 5, 'D': 4, 'B': 3, 'C': 3}","[0.58, 1.0, 0.75]",4.0
95,"[2, 3, 5]","[3, 4, 3]","[0.46, 0.79, 0.58]","[['D', 'B', 'A', 'C'], ['D', 'C', 'A', 'B'], ['A', 'B', 'D', 'C']]","{'A': 5, 'D': 4, 'B': 3, 'C': 3}","[0.58, 1.0, 0.75]",4.0
95,"[2, 3, 5]","[3, 4, 3]","[0.46, 0.79, 0.58]","[['D', 'B', 'A', 'C'], ['D', 'C', 'A', 'B'], ['A', 'D', 'B', 'C']]","{'A': 5, 'D': 4, 'B': 3, 'C': 3}","[0.58, 1.0, 0.75]",4.0
95,"[2, 3, 5]","[3, 4, 3]","[0.46, 0.79, 0.58]","[['D', 'B', 'A', 'C'], ['D', 'C', 'A', 'B'], ['B', 'A', 'D', 'C']]","{'A': 5, 'D': 4, 'B': 3, 'C': 3}","[0.58, 1.0, 0.75]",4.0
95,"[2, 3, 5]","[3, 4, 3]","[0.46, 0.79, 0.58]","[['D', 'B', 'A', 'C'], ['D', 'C', 'A', 'B'], ['B', 'D', 'A', 'C']]","{'A': 5, 'D': 4, 'B': 3, 'C': 3}","[0.58, 1.0, 0.75]",4.0
95,"[2, 3, 5]","[3, 4, 3]","[0.46, 0.79, 0.58]","[['D', 'B', 'A', 'C'], ['D', 'C', 'A', 'B'], ['D', 'A', 'B', 'C']]","{'A': 5, 'D': 4, 'B': 3, 'C': 3}","[0.58, 1.0, 0.75]",4.0
95,"[2, 3, 5]","[3, 4, 3]","[0.46, 0.79, 0.58]","[['D', 'B', 'A', 'C'], ['D', 'C', 'A', 'B'], ['D', 'B', 'A', 'C']]","{'A': 5, 'D': 4, 'B': 3, 'C': 3}","[0.58, 1.0, 0.75]",4.0
95,"[2, 3, 5]","[3, 4, 3]","[0.46, 0.79, 0.58]","[['D', 'C', 'A', 'B'], ['A', 'B', 'D', 'C'], ['A', 'B', 'D', 'C']]","{'A': 5, 'D': 4, 'B': 3, 'C': 3}","[0.58, 1.0, 0.75]",4.0
95,"[2, 3, 5]","[3, 4, 3]","[0.46, 0.79, 0.58]","[['D', 'C', 'A', 'B'], ['A', 'B', 'D', 'C'], ['A', 'D', 'B', 'C']]","{'A': 5, 'D': 4, 'B': 3, 'C': 3}","[0.58, 1.0, 0.75]",4.0
95,"[2, 3, 5]","[3, 4, 3]","[0.46, 0.79, 0.58]","[['D', 'C', 'A', 'B'], ['A', 'B', 'D', 'C'], ['B', 'A', 'D', 'C']]","{'A': 5, 'D': 4, 'B': 3, 'C': 3}","[0.58, 1.0, 0.75]",4.0
95,"[2, 3, 5]","[3, 4, 3]","[0.46, 0.79, 0.58]","[['D', 'C', 'A', 'B'], ['A', 'B', 'D', 'C'], ['B', 'D', 'A', 'C']]","{'A': 5, 'D': 4, 'B': 3, 'C': 3}","[0.58, 1.0, 0.75]",4.0
95,"[2, 3, 5]","[3, 4, 3]","[0.46, 0.79, 0.58]","[['D', 'C', 'A', 'B'], ['A', 'B', 'D', 'C'], ['D', 'A', 'B', 'C']]","{'A': 5, 'D': 4, 'B': 3, 'C': 3}","[0.58, 1.0, 0.75]",4.0
95,"[2, 3, 5]","[3, 4, 3]","[0.46, 0.79, 0.58]","[['D', 'C', 'A', 'B'], ['A', 'B', 'D', 'C'], ['D', 'B', 'A', 'C']]","{'A': 5, 'D': 4, 'B': 3, 'C': 3}","[0.58, 1.0, 0.75]",4.0
95,"[2, 3, 5]","[3, 4, 3]","[0.46, 0.79, 0.58]","[['D', 'C', 'A', 'B'], ['A', 'D', 'B', 'C'], ['A', 'B', 'D', 'C']]","{'A': 5, 'D': 4, 'B': 3, 'C': 3}","[0.58, 1.0, 0.75]",4.0
95,"[2, 3, 5]","[3, 4, 3]","[0.46, 0.79, 0.58]","[['D', 'C', 'A', 'B'], ['A', 'D', 'B', 'C'], ['A', 'D', 'B', 'C']]","{'A': 5, 'D': 4, 'B': 3, 'C': 3}","[0.58, 1.0, 0.75]",4.0
95,"[2, 3, 5]","[3, 4, 3]","[0.46, 0.79, 0.58]","[['D', 'C', 'A', 'B'], ['A', 'D', 'B', 'C'], ['B', 'A', 'D', 'C']]","{'A': 5, 'D': 4, 'B': 3, 'C': 3}","[0.58, 1.0, 0.75]",4.0
95,"[2, 3, 5]","[3, 4, 3]","[0.46, 0.79, 0.58]","[['D', 'C', 'A', 'B'], ['A', 'D', 'B', 'C'], ['B', 'D', 'A', 'C']]","{'A': 5, 'D': 4, 'B': 3, 'C': 3}","[0.58, 1.0, 0.75]",4.0
95,"[2, 3, 5]","[3, 4, 3]","[0.46, 0.79, 0.58]","[['D', 'C', 'A', 'B'], ['A', 'D', 'B', 'C'], ['D', 'A', 'B', 'C']]","{'A': 5, 'D': 4, 'B': 3, 'C': 3}","[0.58, 1.0, 0.75]",4.0
95,"[2, 3, 5]","[3, 4, 3]","[0.46, 0.79, 0.58]","[['D', 'C', 'A', 'B'], ['A', 'D', 'B', 'C'], ['D', 'B', 'A', 'C']]","{'A': 5, 'D': 4, 'B': 3, 'C': 3}","[0.58, 1.0, 0.75]",4.0
95,"[2, 3, 5]","[3, 4, 3]","[0.46, 0.79, 0.58]","[['D', 'C', 'A', 'B'], ['B', 'A', 'D', 'C'], ['A', 'B', 'D', 'C']]","{'A': 5, 'D': 4, 'B': 3, 'C': 3}","[0.58, 1.0, 0.75]",4.0
95,"[2, 3, 5]","[3, 4, 3]","[0.46, 0.79, 0.58]","[['D', 'C', 'A', 'B'], ['B', 'A', 'D', 'C'], ['A', 'D', 'B', 'C']]","{'A': 5, 'D': 4, 'B': 3, 'C': 3}","[0.58, 1.0, 0.75]",4.0
95,"[2, 3, 5]","[3, 4, 3]","[0.46, 0.79, 0.58]","[['D', 'C', 'A', 'B'], ['B', 'A', 'D', 'C'], ['B', 'A', 'D', 'C']]","{'A': 5, 'D': 4, 'B': 3, 'C': 3}","[0.58, 1.0, 0.75]",4.0
95,"[2, 3, 5]","[3, 4, 3]","[0.46, 0.79, 0.58]","[['D', 'C', 'A', 'B'], ['B', 'A', 'D', 'C'], ['B', 'D', 'A', 'C']]","{'A': 5, 'D': 4, 'B': 3, 'C': 3}","[0.58, 1.0, 0.75]",4.0
95,"[2, 3, 5]","[3, 4, 3]","[0.46, 0.79, 0.58]","[['D', 'C', 'A', 'B'], ['B', 'A', 'D', 'C'], ['D', 'A', 'B', 'C']]","{'A': 5, 'D': 4, 'B': 3, 'C': 3}","[0.58, 1.0, 0.75]",4.0
95,"[2, 3, 5]","[3, 4, 3]","[0.46, 0.79, 0.58]","[['D', 'C', 'A', 'B'], ['B', 'A', 'D', 'C'], ['D', 'B', 'A', 'C']]","{'A': 5, 'D': 4, 'B': 3, 'C': 3}","[0.58, 1.0, 0.75]",4.0
95,"[2, 3, 5]","[3, 4, 3]","[0.46, 0.79, 0.58]","[['D', 'C', 'A', 'B'], ['B', 'D', 'A', 'C'], ['A', 'B', 'D', 'C']]","{'A': 5, 'D': 4, 'B': 3, 'C': 3}","[0.58, 1.0, 0.75]",4.0
95,"[2, 3, 5]","[3, 4, 3]","[0.46, 0.79, 0.58]","[['D', 'C', 'A', 'B'], ['B', 'D', 'A', 'C'], ['A', 'D', 'B', 'C']]","{'A': 5, 'D': 4, 'B': 3, 'C': 3}","[0.58, 1.0, 0.75]",4.0
95,"[2, 3, 5]","[3, 4, 3]","[0.46, 0.79, 0.58]","[['D', 'C', 'A', 'B'], ['B', 'D', 'A', 'C'], ['B', 'A', 'D', 'C']]","{'A': 5, 'D': 4, 'B': 3, 'C': 3}","[0.58, 1.0, 0.75]",4.0
95,"[2, 3, 5]","[3, 4, 3]","[0.46, 0.79, 0.58]","[['D', 'C', 'A', 'B'], ['B', 'D', 'A', 'C'], ['B', 'D', 'A', 'C']]","{'A': 5, 'D': 4, 'B': 3, 'C': 3}","[0.58, 1.0, 0.75]",4.0
95,"[2, 3, 5]","[3, 4, 3]","[0.46, 0.79, 0.58]","[['D', 'C', 'A', 'B'], ['B', 'D', 'A', 'C'], ['D', 'A', 'B', 'C']]","{'A': 5, 'D': 4, 'B': 3, 'C': 3}","[0.58, 1.0, 0.75]",4.0
95,"[2, 3, 5]","[3, 4, 3]","[0.46, 0.79, 0.58]","[['D', 'C', 'A', 'B'], ['B', 'D', 'A', 'C'], ['D', 'B', 'A', 'C']]","{'A': 5, 'D': 4, 'B': 3, 'C': 3}","[0.58, 1.0, 0.75]",4.0
95,"[2, 3, 5]","[3, 4, 3]","[0.46, 0.79, 0.58]","[['D', 'C', 'A', 'B'], ['D', 'A', 'B', 'C'], ['A', 'B', 'D', 'C']]","{'A': 5, 'D': 4, 'B': 3, 'C': 3}","[0.58, 1.0, 0.75]",4.0
95,"[2, 3, 5]","[3, 4, 3]","[0.46, 0.79, 0.58]","[['D', 'C', 'A', 'B'], ['D', 'A', 'B', 'C'], ['A', 'D', 'B', 'C']]","{'A': 5, 'D': 4, 'B': 3, 'C': 3}","[0.58, 1.0, 0.75]",4.0
95,"[2, 3, 5]","[3, 4, 3]","[0.46, 0.79, 0.58]","[['D', 'C', 'A', 'B'], ['D', 'A', 'B', 'C'], ['B', 'A', 'D', 'C']]","{'A': 5, 'D': 4, 'B': 3, 'C': 3}","[0.58, 1.0, 0.75]",4.0
95,"[2, 3, 5]","[3, 4, 3]","[0.46, 0.79, 0.58]","[['D', 'C', 'A', 'B'], ['D', 'A', 'B', 'C'], ['B', 'D', 'A', 'C']]","{'A': 5, 'D': 4, 'B': 3, 'C': 3}","[0.58, 1.0, 0.75]",4.0
95,"[2, 3, 5]","[3, 4, 3]","[0.46, 0.79, 0.58]","[['D', 'C', 'A', 'B'], ['D', 'A', 'B', 'C'], ['D', 'A', 'B', 'C']]","{'A': 5, 'D': 4, 'B': 3, 'C': 3}","[0.58, 1.0, 0.75]",4.0
95,"[2, 3, 5]","[3, 4, 3]","[0.46, 0.79, 0.58]","[['D', 'C', 'A', 'B'], ['D', 'A', 'B', 'C'], ['D', 'B', 'A', 'C']]","{'A': 5, 'D': 4, 'B': 3, 'C': 3}","[0.58, 1.0, 0.75]",4.0
95,"[2, 3, 5]","[3, 4, 3]","[0.46, 0.79, 0.58]","[['D', 'C', 'A', 'B'], ['D', 'B', 'A', 'C'], ['A', 'B', 'D', 'C']]","{'A': 5, 'D': 4, 'B': 3, 'C': 3}","[0.58, 1.0, 0.75]",4.0
95,"[2, 3, 5]","[3, 4, 3]","[0.46, 0.79, 0.58]","[['D', 'C', 'A', 'B'], ['D', 'B', 'A', 'C'], ['A', 'D', 'B', 'C']]","{'A': 5, 'D': 4, 'B': 3, 'C': 3}","[0.58, 1.0, 0.75]",4.0
95,"[2, 3, 5]","[3, 4, 3]","[0.46, 0.79, 0.58]","[['D', 'C', 'A', 'B'], ['D', 'B', 'A', 'C'], ['B', 'A', 'D', 'C']]","{'A': 5, 'D': 4, 'B': 3, 'C': 3}","[0.58, 1.0, 0.75]",4.0
95,"[2, 3, 5]","[3, 4, 3]","[0.46, 0.79, 0.58]","[['D', 'C', 'A', 'B'], ['D', 'B', 'A', 'C'], ['B', 'D', 'A', 'C']]","{'A': 5, 'D': 4, 'B': 3, 'C': 3}","[0.58, 1.0, 0.75]",4.0
95,"[2, 3, 5]","[3, 4, 3]","[0.46, 0.79, 0.58]","[['D', 'C', 'A', 'B'], ['D', 'B', 'A', 'C'], ['D', 'A', 'B', 'C']]","{'A': 5, 'D': 4, 'B': 3, 'C': 3}","[0.58, 1.0, 0.75]",4.0
95,"[2, 3, 5]","[3, 4, 3]","[0.46, 0.79, 0.58]","[['D', 'C', 'A', 'B'], ['D', 'B', 'A', 'C'], ['D', 'B', 'A', 'C']]","{'A': 5, 'D': 4, 'B': 3, 'C': 3}","[0.58, 1.0, 0.75]",4.0
95,"[2, 4, 5]","[3, 4, 3]","[0.46, 0.88, 0.58]","[['A', 'B', 'D', 'C'], ['A', 'B', 'D', 'C'], ['A', 'C', 'D', 'B']]","{'A': 5, 'D': 4, 'B': 3, 'C': 3}","[0.58, 1.0, 0.75]",4.0
95,"[2, 4, 5]","[3, 4, 3]","[0.46, 0.88, 0.58]","[['A', 'B', 'D', 'C'], ['A', 'B', 'D', 'C'], ['A', 'D', 'C', 'B']]","{'A': 5, 'D': 4, 'B': 3, 'C': 3}","[0.58, 1.0, 0.75]",4.0
95,"[2, 4, 5]","[3, 4, 3]","[0.46, 0.88, 0.58]","[['A', 'B', 'D', 'C'], ['A', 'B', 'D', 'C'], ['C', 'A', 'D', 'B']]","{'A': 5, 'D': 4, 'B': 3, 'C': 3}","[0.58, 1.0, 0.75]",4.0
95,"[2, 4, 5]","[3, 4, 3]","[0.46, 0.88, 0.58]","[['A', 'B', 'D', 'C'], ['A', 'B', 'D', 'C'], ['C', 'D', 'A', 'B']]","{'A': 5, 'D': 4, 'B': 3, 'C': 3}","[0.58, 1.0, 0.75]",4.0
95,"[2, 4, 5]","[3, 4, 3]","[0.46, 0.88, 0.58]","[['A', 'B', 'D', 'C'], ['A', 'B', 'D', 'C'], ['D', 'A', 'C', 'B']]","{'A': 5, 'D': 4, 'B': 3, 'C': 3}","[0.58, 1.0, 0.75]",4.0
95,"[2, 4, 5]","[3, 4, 3]","[0.46, 0.88, 0.58]","[['A', 'B', 'D', 'C'], ['A', 'B', 'D', 'C'], ['D', 'C', 'A', 'B']]","{'A': 5, 'D': 4, 'B': 3, 'C': 3}","[0.58, 1.0, 0.75]",4.0
95,"[2, 4, 5]","[3, 4, 3]","[0.46, 0.88, 0.58]","[['A', 'B', 'D', 'C'], ['A', 'C', 'D', 'B'], ['A', 'B', 'D', 'C']]","{'A': 5, 'D': 4, 'B': 3, 'C': 3}","[0.58, 1.0, 0.75]",4.0
95,"[2, 4, 5]","[3, 4, 3]","[0.46, 0.88, 0.58]","[['A', 'B', 'D', 'C'], ['A', 'C', 'D', 'B'], ['A', 'D', 'B', 'C']]","{'A': 5, 'D': 4, 'B': 3, 'C': 3}","[0.58, 1.0, 0.75]",4.0
95,"[2, 4, 5]","[3, 4, 3]","[0.46, 0.88, 0.58]","[['A', 'B', 'D', 'C'], ['A', 'C', 'D', 'B'], ['B', 'A', 'D', 'C']]","{'A': 5, 'D': 4, 'B': 3, 'C': 3}","[0.58, 1.0, 0.75]",4.0
95,"[2, 4, 5]","[3, 4, 3]","[0.46, 0.88, 0.58]","[['A', 'B', 'D', 'C'], ['A', 'C', 'D', 'B'], ['B', 'D', 'A', 'C']]","{'A': 5, 'D': 4, 'B': 3, 'C': 3}","[0.58, 1.0, 0.75]",4.0
95,"[2, 4, 5]","[3, 4, 3]","[0.46, 0.88, 0.58]","[['A', 'B', 'D', 'C'], ['A', 'C', 'D', 'B'], ['D', 'A', 'B', 'C']]","{'A': 5, 'D': 4, 'B': 3, 'C': 3}","[0.58, 1.0, 0.75]",4.0
95,"[2, 4, 5]","[3, 4, 3]","[0.46, 0.88, 0.58]","[['A', 'B', 'D', 'C'], ['A', 'C', 'D', 'B'], ['D', 'B', 'A', 'C']]","{'A': 5, 'D': 4, 'B': 3, 'C': 3}","[0.58, 1.0, 0.75]",4.0
95,"[2, 4, 5]","[3, 4, 3]","[0.46, 0.88, 0.58]","[['A', 'B', 'D', 'C'], ['A', 'D', 'B', 'C'], ['A', 'C', 'D', 'B']]","{'A': 5, 'D': 4, 'B': 3, 'C': 3}","[0.58, 1.0, 0.75]",4.0
95,"[2, 4, 5]","[3, 4, 3]","[0.46, 0.88, 0.58]","[['A', 'B', 'D', 'C'], ['A', 'D', 'B', 'C'], ['A', 'D', 'C', 'B']]","{'A': 5, 'D': 4, 'B': 3, 'C': 3}","[0.58, 1.0, 0.75]",4.0
95,"[2, 4, 5]","[3, 4, 3]","[0.46, 0.88, 0.58]","[['A', 'B', 'D', 'C'], ['A', 'D', 'B', 'C'], ['C', 'A', 'D', 'B']]","{'A': 5, 'D': 4, 'B': 3, 'C': 3}","[0.58, 1.0, 0.75]",4.0
95,"[2, 4, 5]","[3, 4, 3]","[0.46, 0.88, 0.58]","[['A', 'B', 'D', 'C'], ['A', 'D', 'B', 'C'], ['C', 'D', 'A', 'B']]","{'A': 5, 'D': 4, 'B': 3, 'C': 3}","[0.58, 1.0, 0.75]",4.0
95,"[2, 4, 5]","[3, 4, 3]","[0.46, 0.88, 0.58]","[['A', 'B', 'D', 'C'], ['A', 'D', 'B', 'C'], ['D', 'A', 'C', 'B']]","{'A': 5, 'D': 4, 'B': 3, 'C': 3}","[0.58, 1.0, 0.75]",4.0
95,"[2, 4, 5]","[3, 4, 3]","[0.46, 0.88, 0.58]","[['A', 'B', 'D', 'C'], ['A', 'D', 'B', 'C'], ['D', 'C', 'A', 'B']]","{'A': 5, 'D': 4, 'B': 3, 'C': 3}","[0.58, 1.0, 0.75]",4.0
95,"[2, 4, 5]","[3, 4, 3]","[0.46, 0.88, 0.58]","[['A', 'B', 'D', 'C'], ['A', 'D', 'C', 'B'], ['A', 'B', 'D', 'C']]","{'A': 5, 'D': 4, 'B': 3, 'C': 3}","[0.58, 1.0, 0.75]",4.0
95,"[2, 4, 5]","[3, 4, 3]","[0.46, 0.88, 0.58]","[['A', 'B', 'D', 'C'], ['A', 'D', 'C', 'B'], ['A', 'D', 'B', 'C']]","{'A': 5, 'D': 4, 'B': 3, 'C': 3}","[0.58, 1.0, 0.75]",4.0
95,"[2, 4, 5]","[3, 4, 3]","[0.46, 0.88, 0.58]","[['A', 'B', 'D', 'C'], ['A', 'D', 'C', 'B'], ['B', 'A', 'D', 'C']]","{'A': 5, 'D': 4, 'B': 3, 'C': 3}","[0.58, 1.0, 0.75]",4.0
95,"[2, 4, 5]","[3, 4, 3]","[0.46, 0.88, 0.58]","[['A', 'B', 'D', 'C'], ['A', 'D', 'C', 'B'], ['B', 'D', 'A', 'C']]","{'A': 5, 'D': 4, 'B': 3, 'C': 3}","[0.58, 1.0, 0.75]",4.0
95,"[2, 4, 5]","[3, 4, 3]","[0.46, 0.88, 0.58]","[['A', 'B', 'D', 'C'], ['A', 'D', 'C', 'B'], ['D', 'A', 'B', 'C']]","{'A': 5, 'D': 4, 'B': 3, 'C': 3}","[0.58, 1.0, 0.75]",4.0
95,"[2, 4, 5]","[3, 4, 3]","[0.46, 0.88, 0.58]","[['A', 'B', 'D', 'C'], ['A', 'D', 'C', 'B'], ['D', 'B', 'A', 'C']]","{'A': 5, 'D': 4, 'B': 3, 'C': 3}","[0.58, 1.0, 0.75]",4.0
95,"[2, 4, 5]","[3, 4, 3]","[0.46, 0.88, 0.58]","[['A', 'B', 'D', 'C'], ['B', 'A', 'D', 'C'], ['A', 'C', 'D', 'B']]","{'A': 5, 'D': 4, 'B': 3, 'C': 3}","[0.58, 1.0, 0.75]",4.0
95,"[2, 4, 5]","[3, 4, 3]","[0.46, 0.88, 0.58]","[['A', 'B', 'D', 'C'], ['B', 'A', 'D', 'C'], ['A', 'D', 'C', 'B']]","{'A': 5, 'D': 4, 'B': 3, 'C': 3}","[0.58, 1.0, 0.75]",4.0
95,"[2, 4, 5]","[3, 4, 3]","[0.46, 0.88, 0.58]","[['A', 'B', 'D', 'C'], ['B', 'A', 'D', 'C'], ['C', 'A', 'D', 'B']]","{'A': 5, 'D': 4, 'B': 3, 'C': 3}","[0.58, 1.0, 0.75]",4.0
95,"[2, 4, 5]","[3, 4, 3]","[0.46, 0.88, 0.58]","[['A', 'B', 'D', 'C'], ['B', 'A', 'D', 'C'], ['C', 'D', 'A', 'B']]","{'A': 5, 'D': 4, 'B': 3, 'C': 3}","[0.58, 1.0, 0.75]",4.0
95,"[2, 4, 5]","[3, 4, 3]","[0.46, 0.88, 0.58]","[['A', 'B', 'D', 'C'], ['B', 'A', 'D', 'C'], ['D', 'A', 'C', 'B']]","{'A': 5, 'D': 4, 'B': 3, 'C': 3}","[0.58, 1.0, 0.75]",4.0
95,"[2, 4, 5]","[3, 4, 3]","[0.46, 0.88, 0.58]","[['A', 'B', 'D', 'C'], ['B', 'A', 'D', 'C'], ['D', 'C', 'A', 'B']]","{'A': 5, 'D': 4, 'B': 3, 'C': 3}","[0.58, 1.0, 0.75]",4.0
95,"[2, 4, 5]","[3, 4, 3]","[0.46, 0.88, 0.58]","[['A', 'B', 'D', 'C'], ['B', 'D', 'A', 'C'], ['A', 'C', 'D', 'B']]","{'A': 5, 'D': 4, 'B': 3, 'C': 3}","[0.58, 1.0, 0.75]",4.0
95,"[2, 4, 5]","[3, 4, 3]","[0.46, 0.88, 0.58]","[['A', 'B', 'D', 'C'], ['B', 'D', 'A', 'C'], ['A', 'D', 'C', 'B']]","{'A': 5, 'D': 4, 'B': 3, 'C': 3}","[0.58, 1.0, 0.75]",4.0
95,"[2, 4, 5]","[3, 4, 3]","[0.46, 0.88, 0.58]","[['A', 'B', 'D', 'C'], ['B', 'D', 'A', 'C'], ['C', 'A', 'D', 'B']]","{'A': 5, 'D': 4, 'B': 3, 'C': 3}","[0.58, 1.0, 0.75]",4.0
95,"[2, 4, 5]","[3, 4, 3]","[0.46, 0.88, 0.58]","[['A', 'B', 'D', 'C'], ['B', 'D', 'A', 'C'], ['C', 'D', 'A', 'B']]","{'A': 5, 'D': 4, 'B': 3, 'C': 3}","[0.58, 1.0, 0.75]",4.0
95,"[2, 4, 5]","[3, 4, 3]","[0.46, 0.88, 0.58]","[['A', 'B', 'D', 'C'], ['B', 'D', 'A', 'C'], ['D', 'A', 'C', 'B']]","{'A': 5, 'D': 4, 'B': 3, 'C': 3}","[0.58, 1.0, 0.75]",4.0
95,"[2, 4, 5]","[3, 4, 3]","[0.46, 0.88, 0.58]","[['A', 'B', 'D', 'C'], ['B', 'D', 'A', 'C'], ['D', 'C', 'A', 'B']]","{'A': 5, 'D': 4, 'B': 3, 'C': 3}","[0.58, 1.0, 0.75]",4.0
95,"[2, 4, 5]","[3, 4, 3]","[0.46, 0.88, 0.58]","[['A', 'B', 'D', 'C'], ['C', 'A', 'D', 'B'], ['A', 'B', 'D', 'C']]","{'A': 5, 'D': 4, 'B': 3, 'C': 3}","[0.58, 1.0, 0.75]",4.0
95,"[2, 4, 5]","[3, 4, 3]","[0.46, 0.88, 0.58]","[['A', 'B', 'D', 'C'], ['C', 'A', 'D', 'B'], ['A', 'D', 'B', 'C']]","{'A': 5, 'D': 4, 'B': 3, 'C': 3}","[0.58, 1.0, 0.75]",4.0
95,"[2, 4, 5]","[3, 4, 3]","[0.46, 0.88, 0.58]","[['A', 'B', 'D', 'C'], ['C', 'A', 'D', 'B'], ['B', 'A', 'D', 'C']]","{'A': 5, 'D': 4, 'B': 3, 'C': 3}","[0.58, 1.0, 0.75]",4.0
95,"[2, 4, 5]","[3, 4, 3]","[0.46, 0.88, 0.58]","[['A', 'B', 'D', 'C'], ['C', 'A', 'D', 'B'], ['B', 'D', 'A', 'C']]","{'A': 5, 'D': 4, 'B': 3, 'C': 3}","[0.58, 1.0, 0.75]",4.0
95,"[2, 4, 5]","[3, 4, 3]","[0.46, 0.88, 0.58]","[['A', 'B', 'D', 'C'], ['C', 'A', 'D', 'B'], ['D', 'A', 'B', 'C']]","{'A': 5, 'D': 4, 'B': 3, 'C': 3}","[0.58, 1.0, 0.75]",4.0
95,"[2, 4, 5]","[3, 4, 3]","[0.46, 0.88, 0.58]","[['A', 'B', 'D', 'C'], ['C', 'A', 'D', 'B'], ['D', 'B', 'A', 'C']]","{'A': 5, 'D': 4, 'B': 3, 'C': 3}","[0.58, 1.0, 0.75]",4.0
95,"[2, 4, 5]","[3, 4, 3]","[0.46, 0.88, 0.58]","[['A', 'B', 'D', 'C'], ['C', 'D', 'A', 'B'], ['A', 'B', 'D', 'C']]","{'A': 5, 'D': 4, 'B': 3, 'C': 3}","[0.58, 1.0, 0.75]",4.0
95,"[2, 4, 5]","[3, 4, 3]","[0.46, 0.88, 0.58]","[['A', 'B', 'D', 'C'], ['C', 'D', 'A', 'B'], ['A', 'D', 'B', 'C']]","{'A': 5, 'D': 4, 'B': 3, 'C': 3}","[0.58, 1.0, 0.75]",4.0
95,"[2, 4, 5]","[3, 4, 3]","[0.46, 0.88, 0.58]","[['A', 'B', 'D', 'C'], ['C', 'D', 'A', 'B'], ['B', 'A', 'D', 'C']]","{'A': 5, 'D': 4, 'B': 3, 'C': 3}","[0.58, 1.0, 0.75]",4.0
95,"[2, 4, 5]","[3, 4, 3]","[0.46, 0.88, 0.58]","[['A', 'B', 'D', 'C'], ['C', 'D', 'A', 'B'], ['B', 'D', 'A', 'C']]","{'A': 5, 'D': 4, 'B': 3, 'C': 3}","[0.58, 1.0, 0.75]",4.0
95,"[2, 4, 5]","[3, 4, 3]","[0.46, 0.88, 0.58]","[['A', 'B', 'D', 'C'], ['C', 'D', 'A', 'B'], ['D', 'A', 'B', 'C']]","{'A': 5, 'D': 4, 'B': 3, 'C': 3}","[0.58, 1.0, 0.75]",4.0
95,"[2, 4, 5]","[3, 4, 3]","[0.46, 0.88, 0.58]","[['A', 'B', 'D', 'C'], ['C', 'D', 'A', 'B'], ['D', 'B', 'A', 'C']]","{'A': 5, 'D': 4, 'B': 3, 'C': 3}","[0.58, 1.0, 0.75]",4.0
95,"[2, 4, 5]","[3, 4, 3]","[0.46, 0.88, 0.58]","[['A', 'B', 'D', 'C'], ['D', 'A', 'B', 'C'], ['A', 'C', 'D', 'B']]","{'A': 5, 'D': 4, 'B': 3, 'C': 3}","[0.58, 1.0, 0.75]",4.0
95,"[2, 4, 5]","[3, 4, 3]","[0.46, 0.88, 0.58]","[['A', 'B', 'D', 'C'], ['D', 'A', 'B', 'C'], ['A', 'D', 'C', 'B']]","{'A': 5, 'D': 4, 'B': 3, 'C': 3}","[0.58, 1.0, 0.75]",4.0
95,"[2, 4, 5]","[3, 4, 3]","[0.46, 0.88, 0.58]","[['A', 'B', 'D', 'C'], ['D', 'A', 'B', 'C'], ['C', 'A', 'D', 'B']]","{'A': 5, 'D': 4, 'B': 3, 'C': 3}","[0.58, 1.0, 0.75]",4.0
95,"[2, 4, 5]","[3, 4, 3]","[0.46, 0.88, 0.58]","[['A', 'B', 'D', 'C'], ['D', 'A', 'B', 'C'], ['C', 'D', 'A', 'B']]","{'A': 5, 'D': 4, 'B': 3, 'C': 3}","[0.58, 1.0, 0.75]",4.0
95,"[2, 4, 5]","[3, 4, 3]","[0.46, 0.88, 0.58]","[['A', 'B', 'D', 'C'], ['D', 'A', 'B', 'C'], ['D', 'A', 'C', 'B']]","{'A': 5, 'D': 4, 'B': 3, 'C': 3}","[0.58, 1.0, 0.75]",4.0
95,"[2, 4, 5]","[3, 4, 3]","[0.46, 0.88, 0.58]","[['A', 'B', 'D', 'C'], ['D', 'A', 'B', 'C'], ['D', 'C', 'A', 'B']]","{'A': 5, 'D': 4, 'B': 3, 'C': 3}","[0.58, 1.0, 0.75]",4.0
95,"[2, 4, 5]","[3, 4, 3]","[0.46, 0.88, 0.58]","[['A', 'B', 'D', 'C'], ['D', 'A', 'C', 'B'], ['A', 'B', 'D', 'C']]","{'A': 5, 'D': 4, 'B': 3, 'C': 3}","[0.58, 1.0, 0.75]",4.0
95,"[2, 4, 5]","[3, 4, 3]","[0.46, 0.88, 0.58]","[['A', 'B', 'D', 'C'], ['D', 'A', 'C', 'B'], ['A', 'D', 'B', 'C']]","{'A': 5, 'D': 4, 'B': 3, 'C': 3}","[0.58, 1.0, 0.75]",4.0
95,"[2, 4, 5]","[3, 4, 3]","[0.46, 0.88, 0.58]","[['A', 'B', 'D', 'C'], ['D', 'A', 'C', 'B'], ['B', 'A', 'D', 'C']]","{'A': 5, 'D': 4, 'B': 3, 'C': 3}","[0.58, 1.0, 0.75]",4.0
95,"[2, 4, 5]","[3, 4, 3]","[0.46, 0.88, 0.58]","[['A', 'B', 'D', 'C'], ['D', 'A', 'C', 'B'], ['B', 'D', 'A', 'C']]","{'A': 5, 'D': 4, 'B': 3, 'C': 3}","[0.58, 1.0, 0.75]",4.0
95,"[2, 4, 5]","[3, 4, 3]","[0.46, 0.88, 0.58]","[['A', 'B', 'D', 'C'], ['D', 'A', 'C', 'B'], ['D', 'A', 'B', 'C']]","{'A': 5, 'D': 4, 'B': 3, 'C': 3}","[0.58, 1.0, 0.75]",4.0
95,"[2, 4, 5]","[3, 4, 3]","[0.46, 0.88, 0.58]","[['A', 'B', 'D', 'C'], ['D', 'A', 'C', 'B'], ['D', 'B', 'A', 'C']]","{'A': 5, 'D': 4, 'B': 3, 'C': 3}","[0.58, 1.0, 0.75]",4.0
95,"[2, 4, 5]","[3, 4, 3]","[0.46, 0.88, 0.58]","[['A', 'B', 'D', 'C'], ['D', 'B', 'A', 'C'], ['A', 'C', 'D', 'B']]","{'A': 5, 'D': 4, 'B': 3, 'C': 3}","[0.58, 1.0, 0.75]",4.0
95,"[2, 4, 5]","[3, 4, 3]","[0.46, 0.88, 0.58]","[['A', 'B', 'D', 'C'], ['D', 'B', 'A', 'C'], ['A', 'D', 'C', 'B']]","{'A': 5, 'D': 4, 'B': 3, 'C': 3}","[0.58, 1.0, 0.75]",4.0
95,"[2, 4, 5]","[3, 4, 3]","[0.46, 0.88, 0.58]","[['A', 'B', 'D', 'C'], ['D', 'B', 'A', 'C'], ['C', 'A', 'D', 'B']]","{'A': 5, 'D': 4, 'B': 3, 'C': 3}","[0.58, 1.0, 0.75]",4.0
95,"[2, 4, 5]","[3, 4, 3]","[0.46, 0.88, 0.58]","[['A', 'B', 'D', 'C'], ['D', 'B', 'A', 'C'], ['C', 'D', 'A', 'B']]","{'A': 5, 'D': 4, 'B': 3, 'C': 3}","[0.58, 1.0, 0.75]",4.0
95,"[2, 4, 5]","[3, 4, 3]","[0.46, 0.88, 0.58]","[['A', 'B', 'D', 'C'], ['D', 'B', 'A', 'C'], ['D', 'A', 'C', 'B']]","{'A': 5, 'D': 4, 'B': 3, 'C': 3}","[0.58, 1.0, 0.75]",4.0
95,"[2, 4, 5]","[3, 4, 3]","[0.46, 0.88, 0.58]","[['A', 'B', 'D', 'C'], ['D', 'B', 'A', 'C'], ['D', 'C', 'A', 'B']]","{'A': 5, 'D': 4, 'B': 3, 'C': 3}","[0.58, 1.0, 0.75]",4.0
95,"[2, 4, 5]","[3, 4, 3]","[0.46, 0.88, 0.58]","[['A', 'B', 'D', 'C'], ['D', 'C', 'A', 'B'], ['A', 'B', 'D', 'C']]","{'A': 5, 'D': 4, 'B': 3, 'C': 3}","[0.58, 1.0, 0.75]",4.0
95,"[2, 4, 5]","[3, 4, 3]","[0.46, 0.88, 0.58]","[['A', 'B', 'D', 'C'], ['D', 'C', 'A', 'B'], ['A', 'D', 'B', 'C']]","{'A': 5, 'D': 4, 'B': 3, 'C': 3}","[0.58, 1.0, 0.75]",4.0
95,"[2, 4, 5]","[3, 4, 3]","[0.46, 0.88, 0.58]","[['A', 'B', 'D', 'C'], ['D', 'C', 'A', 'B'], ['B', 'A', 'D', 'C']]","{'A': 5, 'D': 4, 'B': 3, 'C': 3}","[0.58, 1.0, 0.75]",4.0
95,"[2, 4, 5]","[3, 4, 3]","[0.46, 0.88, 0.58]","[['A', 'B', 'D', 'C'], ['D', 'C', 'A', 'B'], ['B', 'D', 'A', 'C']]","{'A': 5, 'D': 4, 'B': 3, 'C': 3}","[0.58, 1.0, 0.75]",4.0
95,"[2, 4, 5]","[3, 4, 3]","[0.46, 0.88, 0.58]","[['A', 'B', 'D', 'C'], ['D', 'C', 'A', 'B'], ['D', 'A', 'B', 'C']]","{'A': 5, 'D': 4, 'B': 3, 'C': 3}","[0.58, 1.0, 0.75]",4.0
95,"[2, 4, 5]","[3, 4, 3]","[0.46, 0.88, 0.58]","[['A', 'B', 'D', 'C'], ['D', 'C', 'A', 'B'], ['D', 'B', 'A', 'C']]","{'A': 5, 'D': 4, 'B': 3, 'C': 3}","[0.58, 1.0, 0.75]",4.0
95,"[2, 4, 5]","[3, 4, 3]","[0.46, 0.88, 0.58]","[['A', 'C', 'D', 'B'], ['A', 'B', 'D', 'C'], ['A', 'B', 'D', 'C']]","{'A': 5, 'D': 4, 'B': 3, 'C': 3}","[0.58, 1.0, 0.75]",4.0
95,"[2, 4, 5]","[3, 4, 3]","[0.46, 0.88, 0.58]","[['A', 'C', 'D', 'B'], ['A', 'B', 'D', 'C'], ['A', 'D', 'B', 'C']]","{'A': 5, 'D': 4, 'B': 3, 'C': 3}","[0.58, 1.0, 0.75]",4.0
95,"[2, 4, 5]","[3, 4, 3]","[0.46, 0.88, 0.58]","[['A', 'C', 'D', 'B'], ['A', 'B', 'D', 'C'], ['B', 'A', 'D', 'C']]","{'A': 5, 'D': 4, 'B': 3, 'C': 3}","[0.58, 1.0, 0.75]",4.0
95,"[2, 4, 5]","[3, 4, 3]","[0.46, 0.88, 0.58]","[['A', 'C', 'D', 'B'], ['A', 'B', 'D', 'C'], ['B', 'D', 'A', 'C']]","{'A': 5, 'D': 4, 'B': 3, 'C': 3}","[0.58, 1.0, 0.75]",4.0
95,"[2, 4, 5]","[3, 4, 3]","[0.46, 0.88, 0.58]","[['A', 'C', 'D', 'B'], ['A', 'B', 'D', 'C'], ['D', 'A', 'B', 'C']]","{'A': 5, 'D': 4, 'B': 3, 'C': 3}","[0.58, 1.0, 0.75]",4.0
95,"[2, 4, 5]","[3, 4, 3]","[0.46, 0.88, 0.58]","[['A', 'C', 'D', 'B'], ['A', 'B', 'D', 'C'], ['D', 'B', 'A', 'C']]","{'A': 5, 'D': 4, 'B': 3, 'C': 3}","[0.58, 1.0, 0.75]",4.0
95,"[2, 4, 5]","[3, 4, 3]","[0.46, 0.88, 0.58]","[['A', 'C', 'D', 'B'], ['A', 'D', 'B', 'C'], ['A', 'B', 'D', 'C']]","{'A': 5, 'D': 4, 'B': 3, 'C': 3}","[0.58, 1.0, 0.75]",4.0
95,"[2, 4, 5]","[3, 4, 3]","[0.46, 0.88, 0.58]","[['A', 'C', 'D', 'B'], ['A', 'D', 'B', 'C'], ['A', 'D', 'B', 'C']]","{'A': 5, 'D': 4, 'B': 3, 'C': 3}","[0.58, 1.0, 0.75]",4.0
95,"[2, 4, 5]","[3, 4, 3]","[0.46, 0.88, 0.58]","[['A', 'C', 'D', 'B'], ['A', 'D', 'B', 'C'], ['B', 'A', 'D', 'C']]","{'A': 5, 'D': 4, 'B': 3, 'C': 3}","[0.58, 1.0, 0.75]",4.0
95,"[2, 4, 5]","[3, 4, 3]","[0.46, 0.88, 0.58]","[['A', 'C', 'D', 'B'], ['A', 'D', 'B', 'C'], ['B', 'D', 'A', 'C']]","{'A': 5, 'D': 4, 'B': 3, 'C': 3}","[0.58, 1.0, 0.75]",4.0
95,"[2, 4, 5]","[3, 4, 3]","[0.46, 0.88, 0.58]","[['A', 'C', 'D', 'B'], ['A', 'D', 'B', 'C'], ['D', 'A', 'B', 'C']]","{'A': 5, 'D': 4, 'B': 3, 'C': 3}","[0.58, 1.0, 0.75]",4.0
95,"[2, 4, 5]","[3, 4, 3]","[0.46, 0.88, 0.58]","[['A', 'C', 'D', 'B'], ['A', 'D', 'B', 'C'], ['D', 'B', 'A', 'C']]","{'A': 5, 'D': 4, 'B': 3, 'C': 3}","[0.58, 1.0, 0.75]",4.0
95,"[2, 4, 5]","[3, 4, 3]","[0.46, 0.88, 0.58]","[['A', 'C', 'D', 'B'], ['B', 'A', 'D', 'C'], ['A', 'B', 'D', 'C']]","{'A': 5, 'D': 4, 'B': 3, 'C': 3}","[0.58, 1.0, 0.75]",4.0
95,"[2, 4, 5]","[3, 4, 3]","[0.46, 0.88, 0.58]","[['A', 'C', 'D', 'B'], ['B', 'A', 'D', 'C'], ['A', 'D', 'B', 'C']]","{'A': 5, 'D': 4, 'B': 3, 'C': 3}","[0.58, 1.0, 0.75]",4.0
95,"[2, 4, 5]","[3, 4, 3]","[0.46, 0.88, 0.58]","[['A', 'C', 'D', 'B'], ['B', 'A', 'D', 'C'], ['B', 'A', 'D', 'C']]","{'A': 5, 'D': 4, 'B': 3, 'C': 3}","[0.58, 1.0, 0.75]",4.0
95,"[2, 4, 5]","[3, 4, 3]","[0.46, 0.88, 0.58]","[['A', 'C', 'D', 'B'], ['B', 'A', 'D', 'C'], ['B', 'D', 'A', 'C']]","{'A': 5, 'D': 4, 'B': 3, 'C': 3}","[0.58, 1.0, 0.75]",4.0
95,"[2, 4, 5]","[3, 4, 3]","[0.46, 0.88, 0.58]","[['A', 'C', 'D', 'B'], ['B', 'A', 'D', 'C'], ['D', 'A', 'B', 'C']]","{'A': 5, 'D': 4, 'B': 3, 'C': 3}","[0.58, 1.0, 0.75]",4.0
95,"[2, 4, 5]","[3, 4, 3]","[0.46, 0.88, 0.58]","[['A', 'C', 'D', 'B'], ['B', 'A', 'D', 'C'], ['D', 'B', 'A', 'C']]","{'A': 5, 'D': 4, 'B': 3, 'C': 3}","[0.58, 1.0, 0.75]",4.0
95,"[2, 4, 5]","[3, 4, 3]","[0.46, 0.88, 0.58]","[['A', 'C', 'D', 'B'], ['B', 'D', 'A', 'C'], ['A', 'B', 'D', 'C']]","{'A': 5, 'D': 4, 'B': 3, 'C': 3}","[0.58, 1.0, 0.75]",4.0
95,"[2, 4, 5]","[3, 4, 3]","[0.46, 0.88, 0.58]","[['A', 'C', 'D', 'B'], ['B', 'D', 'A', 'C'], ['A', 'D', 'B', 'C']]","{'A': 5, 'D': 4, 'B': 3, 'C': 3}","[0.58, 1.0, 0.75]",4.0
95,"[2, 4, 5]","[3, 4, 3]","[0.46, 0.88, 0.58]","[['A', 'C', 'D', 'B'], ['B', 'D', 'A', 'C'], ['B', 'A', 'D', 'C']]","{'A': 5, 'D': 4, 'B': 3, 'C': 3}","[0.58, 1.0, 0.75]",4.0
95,"[2, 4, 5]","[3, 4, 3]","[0.46, 0.88, 0.58]","[['A', 'C', 'D', 'B'], ['B', 'D', 'A', 'C'], ['B', 'D', 'A', 'C']]","{'A': 5, 'D': 4, 'B': 3, 'C': 3}","[0.58, 1.0, 0.75]",4.0
95,"[2, 4, 5]","[3, 4, 3]","[0.46, 0.88, 0.58]","[['A', 'C', 'D', 'B'], ['B', 'D', 'A', 'C'], ['D', 'A', 'B', 'C']]","{'A': 5, 'D': 4, 'B': 3, 'C': 3}","[0.58, 1.0, 0.75]",4.0
95,"[2, 4, 5]","[3, 4, 3]","[0.46, 0.88, 0.58]","[['A', 'C', 'D', 'B'], ['B', 'D', 'A', 'C'], ['D', 'B', 'A', 'C']]","{'A': 5, 'D': 4, 'B': 3, 'C': 3}","[0.58, 1.0, 0.75]",4.0
95,"[2, 4, 5]","[3, 4, 3]","[0.46, 0.88, 0.58]","[['A', 'C', 'D', 'B'], ['D', 'A', 'B', 'C'], ['A', 'B', 'D', 'C']]","{'A': 5, 'D': 4, 'B': 3, 'C': 3}","[0.58, 1.0, 0.75]",4.0
95,"[2, 4, 5]","[3, 4, 3]","[0.46, 0.88, 0.58]","[['A', 'C', 'D', 'B'], ['D', 'A', 'B', 'C'], ['A', 'D', 'B', 'C']]","{'A': 5, 'D': 4, 'B': 3, 'C': 3}","[0.58, 1.0, 0.75]",4.0
95,"[2, 4, 5]","[3, 4, 3]","[0.46, 0.88, 0.58]","[['A', 'C', 'D', 'B'], ['D', 'A', 'B', 'C'], ['B', 'A', 'D', 'C']]","{'A': 5, 'D': 4, 'B': 3, 'C': 3}","[0.58, 1.0, 0.75]",4.0
95,"[2, 4, 5]","[3, 4, 3]","[0.46, 0.88, 0.58]","[['A', 'C', 'D', 'B'], ['D', 'A', 'B', 'C'], ['B', 'D', 'A', 'C']]","{'A': 5, 'D': 4, 'B': 3, 'C': 3}","[0.58, 1.0, 0.75]",4.0
95,"[2, 4, 5]","[3, 4, 3]","[0.46, 0.88, 0.58]","[['A', 'C', 'D', 'B'], ['D', 'A', 'B', 'C'], ['D', 'A', 'B', 'C']]","{'A': 5, 'D': 4, 'B': 3, 'C': 3}","[0.58, 1.0, 0.75]",4.0
95,"[2, 4, 5]","[3, 4, 3]","[0.46, 0.88, 0.58]","[['A', 'C', 'D', 'B'], ['D', 'A', 'B', 'C'], ['D', 'B', 'A', 'C']]","{'A': 5, 'D': 4, 'B': 3, 'C': 3}","[0.58, 1.0, 0.75]",4.0
95,"[2, 4, 5]","[3, 4, 3]","[0.46, 0.88, 0.58]","[['A', 'C', 'D', 'B'], ['D', 'B', 'A', 'C'], ['A', 'B', 'D', 'C']]","{'A': 5, 'D': 4, 'B': 3, 'C': 3}","[0.58, 1.0, 0.75]",4.0
95,"[2, 4, 5]","[3, 4, 3]","[0.46, 0.88, 0.58]","[['A', 'C', 'D', 'B'], ['D', 'B', 'A', 'C'], ['A', 'D', 'B', 'C']]","{'A': 5, 'D': 4, 'B': 3, 'C': 3}","[0.58, 1.0, 0.75]",4.0
95,"[2, 4, 5]","[3, 4, 3]","[0.46, 0.88, 0.58]","[['A', 'C', 'D', 'B'], ['D', 'B', 'A', 'C'], ['B', 'A', 'D', 'C']]","{'A': 5, 'D': 4, 'B': 3, 'C': 3}","[0.58, 1.0, 0.75]",4.0
95,"[2, 4, 5]","[3, 4, 3]","[0.46, 0.88, 0.58]","[['A', 'C', 'D', 'B'], ['D', 'B', 'A', 'C'], ['B', 'D', 'A', 'C']]","{'A': 5, 'D': 4, 'B': 3, 'C': 3}","[0.58, 1.0, 0.75]",4.0
95,"[2, 4, 5]","[3, 4, 3]","[0.46, 0.88, 0.58]","[['A', 'C', 'D', 'B'], ['D', 'B', 'A', 'C'], ['D', 'A', 'B', 'C']]","{'A': 5, 'D': 4, 'B': 3, 'C': 3}","[0.58, 1.0, 0.75]",4.0
95,"[2, 4, 5]","[3, 4, 3]","[0.46, 0.88, 0.58]","[['A', 'C', 'D', 'B'], ['D', 'B', 'A', 'C'], ['D', 'B', 'A', 'C']]","{'A': 5, 'D': 4, 'B': 3, 'C': 3}","[0.58, 1.0, 0.75]",4.0
95,"[2, 4, 5]","[3, 4, 3]","[0.46, 0.88, 0.58]","[['A', 'D', 'B', 'C'], ['A', 'B', 'D', 'C'], ['A', 'C', 'D', 'B']]","{'A': 5, 'D': 4, 'B': 3, 'C': 3}","[0.58, 1.0, 0.75]",4.0
95,"[2, 4, 5]","[3, 4, 3]","[0.46, 0.88, 0.58]","[['A', 'D', 'B', 'C'], ['A', 'B', 'D', 'C'], ['A', 'D', 'C', 'B']]","{'A': 5, 'D': 4, 'B': 3, 'C': 3}","[0.58, 1.0, 0.75]",4.0
95,"[2, 4, 5]","[3, 4, 3]","[0.46, 0.88, 0.58]","[['A', 'D', 'B', 'C'], ['A', 'B', 'D', 'C'], ['C', 'A', 'D', 'B']]","{'A': 5, 'D': 4, 'B': 3, 'C': 3}","[0.58, 1.0, 0.75]",4.0
95,"[2, 4, 5]","[3, 4, 3]","[0.46, 0.88, 0.58]","[['A', 'D', 'B', 'C'], ['A', 'B', 'D', 'C'], ['C', 'D', 'A', 'B']]","{'A': 5, 'D': 4, 'B': 3, 'C': 3}","[0.58, 1.0, 0.75]",4.0
95,"[2, 4, 5]","[3, 4, 3]","[0.46, 0.88, 0.58]","[['A', 'D', 'B', 'C'], ['A', 'B', 'D', 'C'], ['D', 'A', 'C', 'B']]","{'A': 5, 'D': 4, 'B': 3, 'C': 3}","[0.58, 1.0, 0.75]",4.0
95,"[2, 4, 5]","[3, 4, 3]","[0.46, 0.88, 0.58]","[['A', 'D', 'B', 'C'], ['A', 'B', 'D', 'C'], ['D', 'C', 'A', 'B']]","{'A': 5, 'D': 4, 'B': 3, 'C': 3}","[0.58, 1.0, 0.75]",4.0
95,"[2, 4, 5]","[3, 4, 3]","[0.46, 0.88, 0.58]","[['A', 'D', 'B', 'C'], ['A', 'C', 'D', 'B'], ['A', 'B', 'D', 'C']]","{'A': 5, 'D': 4, 'B': 3, 'C': 3}","[0.58, 1.0, 0.75]",4.0
95,"[2, 4, 5]","[3, 4, 3]","[0.46, 0.88, 0.58]","[['A', 'D', 'B', 'C'], ['A', 'C', 'D', 'B'], ['A', 'D', 'B', 'C']]","{'A': 5, 'D': 4, 'B': 3, 'C': 3}","[0.58, 1.0, 0.75]",4.0
95,"[2, 4, 5]","[3, 4, 3]","[0.46, 0.88, 0.58]","[['A', 'D', 'B', 'C'], ['A', 'C', 'D', 'B'], ['B', 'A', 'D', 'C']]","{'A': 5, 'D': 4, 'B': 3, 'C': 3}","[0.58, 1.0, 0.75]",4.0
95,"[2, 4, 5]","[3, 4, 3]","[0.46, 0.88, 0.58]","[['A', 'D', 'B', 'C'], ['A', 'C', 'D', 'B'], ['B', 'D', 'A', 'C']]","{'A': 5, 'D': 4, 'B': 3, 'C': 3}","[0.58, 1.0, 0.75]",4.0
95,"[2, 4, 5]","[3, 4, 3]","[0.46, 0.88, 0.58]","[['A', 'D', 'B', 'C'], ['A', 'C', 'D', 'B'], ['D', 'A', 'B', 'C']]","{'A': 5, 'D': 4, 'B': 3, 'C': 3}","[0.58, 1.0, 0.75]",4.0
95,"[2, 4, 5]","[3, 4, 3]","[0.46, 0.88, 0.58]","[['A', 'D', 'B', 'C'], ['A', 'C', 'D', 'B'], ['D', 'B', 'A', 'C']]","{'A': 5, 'D': 4, 'B': 3, 'C': 3}","[0.58, 1.0, 0.75]",4.0
95,"[2, 4, 5]","[3, 4, 3]","[0.46, 0.88, 0.58]","[['A', 'D', 'B', 'C'], ['A', 'D', 'B', 'C'], ['A', 'C', 'D', 'B']]","{'A': 5, 'D': 4, 'B': 3, 'C': 3}","[0.58, 1.0, 0.75]",4.0
95,"[2, 4, 5]","[3, 4, 3]","[0.46, 0.88, 0.58]","[['A', 'D', 'B', 'C'], ['A', 'D', 'B', 'C'], ['A', 'D', 'C', 'B']]","{'A': 5, 'D': 4, 'B': 3, 'C': 3}","[0.58, 1.0, 0.75]",4.0
95,"[2, 4, 5]","[3, 4, 3]","[0.46, 0.88, 0.58]","[['A', 'D', 'B', 'C'], ['A', 'D', 'B', 'C'], ['C', 'A', 'D', 'B']]","{'A': 5, 'D': 4, 'B': 3, 'C': 3}","[0.58, 1.0, 0.75]",4.0
95,"[2, 4, 5]","[3, 4, 3]","[0.46, 0.88, 0.58]","[['A', 'D', 'B', 'C'], ['A', 'D', 'B', 'C'], ['C', 'D', 'A', 'B']]","{'A': 5, 'D': 4, 'B': 3, 'C': 3}","[0.58, 1.0, 0.75]",4.0
95,"[2, 4, 5]","[3, 4, 3]","[0.46, 0.88, 0.58]","[['A', 'D', 'B', 'C'], ['A', 'D', 'B', 'C'], ['D', 'A', 'C', 'B']]","{'A': 5, 'D': 4, 'B': 3, 'C': 3}","[0.58, 1.0, 0.75]",4.0
95,"[2, 4, 5]","[3, 4, 3]","[0.46, 0.88, 0.58]","[['A', 'D', 'B', 'C'], ['A', 'D', 'B', 'C'], ['D', 'C', 'A', 'B']]","{'A': 5, 'D': 4, 'B': 3, 'C': 3}","[0.58, 1.0, 0.75]",4.0
95,"[2, 4, 5]","[3, 4, 3]","[0.46, 0.88, 0.58]","[['A', 'D', 'B', 'C'], ['A', 'D', 'C', 'B'], ['A', 'B', 'D', 'C']]","{'A': 5, 'D': 4, 'B': 3, 'C': 3}","[0.58, 1.0, 0.75]",4.0
95,"[2, 4, 5]","[3, 4, 3]","[0.46, 0.88, 0.58]","[['A', 'D', 'B', 'C'], ['A', 'D', 'C', 'B'], ['A', 'D', 'B', 'C']]","{'A': 5, 'D': 4, 'B': 3, 'C': 3}","[0.58, 1.0, 0.75]",4.0
95,"[2, 4, 5]","[3, 4, 3]","[0.46, 0.88, 0.58]","[['A', 'D', 'B', 'C'], ['A', 'D', 'C', 'B'], ['B', 'A', 'D', 'C']]","{'A': 5, 'D': 4, 'B': 3, 'C': 3}","[0.58, 1.0, 0.75]",4.0
95,"[2, 4, 5]","[3, 4, 3]","[0.46, 0.88, 0.58]","[['A', 'D', 'B', 'C'], ['A', 'D', 'C', 'B'], ['B', 'D', 'A', 'C']]","{'A': 5, 'D': 4, 'B': 3, 'C': 3}","[0.58, 1.0, 0.75]",4.0
95,"[2, 4, 5]","[3, 4, 3]","[0.46, 0.88, 0.58]","[['A', 'D', 'B', 'C'], ['A', 'D', 'C', 'B'], ['D', 'A', 'B', 'C']]","{'A': 5, 'D': 4, 'B': 3, 'C': 3}","[0.58, 1.0, 0.75]",4.0
95,"[2, 4, 5]","[3, 4, 3]","[0.46, 0.88, 0.58]","[['A', 'D', 'B', 'C'], ['A', 'D', 'C', 'B'], ['D', 'B', 'A', 'C']]","{'A': 5, 'D': 4, 'B': 3, 'C': 3}","[0.58, 1.0, 0.75]",4.0
95,"[2, 4, 5]","[3, 4, 3]","[0.46, 0.88, 0.58]","[['A', 'D', 'B', 'C'], ['B', 'A', 'D', 'C'], ['A', 'C', 'D', 'B']]","{'A': 5, 'D': 4, 'B': 3, 'C': 3}","[0.58, 1.0, 0.75]",4.0
95,"[2, 4, 5]","[3, 4, 3]","[0.46, 0.88, 0.58]","[['A', 'D', 'B', 'C'], ['B', 'A', 'D', 'C'], ['A', 'D', 'C', 'B']]","{'A': 5, 'D': 4, 'B': 3, 'C': 3}","[0.58, 1.0, 0.75]",4.0
95,"[2, 4, 5]","[3, 4, 3]","[0.46, 0.88, 0.58]","[['A', 'D', 'B', 'C'], ['B', 'A', 'D', 'C'], ['C', 'A', 'D', 'B']]","{'A': 5, 'D': 4, 'B': 3, 'C': 3}","[0.58, 1.0, 0.75]",4.0
95,"[2, 4, 5]","[3, 4, 3]","[0.46, 0.88, 0.58]","[['A', 'D', 'B', 'C'], ['B', 'A', 'D', 'C'], ['C', 'D', 'A', 'B']]","{'A': 5, 'D': 4, 'B': 3, 'C': 3}","[0.58, 1.0, 0.75]",4.0
95,"[2, 4, 5]","[3, 4, 3]","[0.46, 0.88, 0.58]","[['A', 'D', 'B', 'C'], ['B', 'A', 'D', 'C'], ['D', 'A', 'C', 'B']]","{'A': 5, 'D': 4, 'B': 3, 'C': 3}","[0.58, 1.0, 0.75]",4.0
95,"[2, 4, 5]","[3, 4, 3]","[0.46, 0.88, 0.58]","[['A', 'D', 'B', 'C'], ['B', 'A', 'D', 'C'], ['D', 'C', 'A', 'B']]","{'A': 5, 'D': 4, 'B': 3, 'C': 3}","[0.58, 1.0, 0.75]",4.0
95,"[2, 4, 5]","[3, 4, 3]","[0.46, 0.88, 0.58]","[['A', 'D', 'B', 'C'], ['B', 'D', 'A', 'C'], ['A', 'C', 'D', 'B']]","{'A': 5, 'D': 4, 'B': 3, 'C': 3}","[0.58, 1.0, 0.75]",4.0
95,"[2, 4, 5]","[3, 4, 3]","[0.46, 0.88, 0.58]","[['A', 'D', 'B', 'C'], ['B', 'D', 'A', 'C'], ['A', 'D', 'C', 'B']]","{'A': 5, 'D': 4, 'B': 3, 'C': 3}","[0.58, 1.0, 0.75]",4.0
95,"[2, 4, 5]","[3, 4, 3]","[0.46, 0.88, 0.58]","[['A', 'D', 'B', 'C'], ['B', 'D', 'A', 'C'], ['C', 'A', 'D', 'B']]","{'A': 5, 'D': 4, 'B': 3, 'C': 3}","[0.58, 1.0, 0.75]",4.0
95,"[2, 4, 5]","[3, 4, 3]","[0.46, 0.88, 0.58]","[['A', 'D', 'B', 'C'], ['B', 'D', 'A', 'C'], ['C', 'D', 'A', 'B']]","{'A': 5, 'D': 4, 'B': 3, 'C': 3}","[0.58, 1.0, 0.75]",4.0
95,"[2, 4, 5]","[3, 4, 3]","[0.46, 0.88, 0.58]","[['A', 'D', 'B', 'C'], ['B', 'D', 'A', 'C'], ['D', 'A', 'C', 'B']]","{'A': 5, 'D': 4, 'B': 3, 'C': 3}","[0.58, 1.0, 0.75]",4.0
95,"[2, 4, 5]","[3, 4, 3]","[0.46, 0.88, 0.58]","[['A', 'D', 'B', 'C'], ['B', 'D', 'A', 'C'], ['D', 'C', 'A', 'B']]","{'A': 5, 'D': 4, 'B': 3, 'C': 3}","[0.58, 1.0, 0.75]",4.0
95,"[2, 4, 5]","[3, 4, 3]","[0.46, 0.88, 0.58]","[['A', 'D', 'B', 'C'], ['C', 'A', 'D', 'B'], ['A', 'B', 'D', 'C']]","{'A': 5, 'D': 4, 'B': 3, 'C': 3}","[0.58, 1.0, 0.75]",4.0
95,"[2, 4, 5]","[3, 4, 3]","[0.46, 0.88, 0.58]","[['A', 'D', 'B', 'C'], ['C', 'A', 'D', 'B'], ['A', 'D', 'B', 'C']]","{'A': 5, 'D': 4, 'B': 3, 'C': 3}","[0.58, 1.0, 0.75]",4.0
95,"[2, 4, 5]","[3, 4, 3]","[0.46, 0.88, 0.58]","[['A', 'D', 'B', 'C'], ['C', 'A', 'D', 'B'], ['B', 'A', 'D', 'C']]","{'A': 5, 'D': 4, 'B': 3, 'C': 3}","[0.58, 1.0, 0.75]",4.0
95,"[2, 4, 5]","[3, 4, 3]","[0.46, 0.88, 0.58]","[['A', 'D', 'B', 'C'], ['C', 'A', 'D', 'B'], ['B', 'D', 'A', 'C']]","{'A': 5, 'D': 4, 'B': 3, 'C': 3}","[0.58, 1.0, 0.75]",4.0
95,"[2, 4, 5]","[3, 4, 3]","[0.46, 0.88, 0.58]","[['A', 'D', 'B', 'C'], ['C', 'A', 'D', 'B'], ['D', 'A', 'B', 'C']]","{'A': 5, 'D': 4, 'B': 3, 'C': 3}","[0.58, 1.0, 0.75]",4.0
95,"[2, 4, 5]","[3, 4, 3]","[0.46, 0.88, 0.58]","[['A', 'D', 'B', 'C'], ['C', 'A', 'D', 'B'], ['D', 'B', 'A', 'C']]","{'A': 5, 'D': 4, 'B': 3, 'C': 3}","[0.58, 1.0, 0.75]",4.0
95,"[2, 4, 5]","[3, 4, 3]","[0.46, 0.88, 0.58]","[['A', 'D', 'B', 'C'], ['C', 'D', 'A', 'B'], ['A', 'B', 'D', 'C']]","{'A': 5, 'D': 4, 'B': 3, 'C': 3}","[0.58, 1.0, 0.75]",4.0
95,"[2, 4, 5]","[3, 4, 3]","[0.46, 0.88, 0.58]","[['A', 'D', 'B', 'C'], ['C', 'D', 'A', 'B'], ['A', 'D', 'B', 'C']]","{'A': 5, 'D': 4, 'B': 3, 'C': 3}","[0.58, 1.0, 0.75]",4.0
95,"[2, 4, 5]","[3, 4, 3]","[0.46, 0.88, 0.58]","[['A', 'D', 'B', 'C'], ['C', 'D', 'A', 'B'], ['B', 'A', 'D', 'C']]","{'A': 5, 'D': 4, 'B': 3, 'C': 3}","[0.58, 1.0, 0.75]",4.0
95,"[2, 4, 5]","[3, 4, 3]","[0.46, 0.88, 0.58]","[['A', 'D', 'B', 'C'], ['C', 'D', 'A', 'B'], ['B', 'D', 'A', 'C']]","{'A': 5, 'D': 4, 'B': 3, 'C': 3}","[0.58, 1.0, 0.75]",4.0
95,"[2, 4, 5]","[3, 4, 3]","[0.46, 0.88, 0.58]","[['A', 'D', 'B', 'C'], ['C', 'D', 'A', 'B'], ['D', 'A', 'B', 'C']]","{'A': 5, 'D': 4, 'B': 3, 'C': 3}","[0.58, 1.0, 0.75]",4.0
95,"[2, 4, 5]","[3, 4, 3]","[0.46, 0.88, 0.58]","[['A', 'D', 'B', 'C'], ['C', 'D', 'A', 'B'], ['D', 'B', 'A', 'C']]","{'A': 5, 'D': 4, 'B': 3, 'C': 3}","[0.58, 1.0, 0.75]",4.0
95,"[2, 4, 5]","[3, 4, 3]","[0.46, 0.88, 0.58]","[['A', 'D', 'B', 'C'], ['D', 'A', 'B', 'C'], ['A', 'C', 'D', 'B']]","{'A': 5, 'D': 4, 'B': 3, 'C': 3}","[0.58, 1.0, 0.75]",4.0
95,"[2, 4, 5]","[3, 4, 3]","[0.46, 0.88, 0.58]","[['A', 'D', 'B', 'C'], ['D', 'A', 'B', 'C'], ['A', 'D', 'C', 'B']]","{'A': 5, 'D': 4, 'B': 3, 'C': 3}","[0.58, 1.0, 0.75]",4.0
95,"[2, 4, 5]","[3, 4, 3]","[0.46, 0.88, 0.58]","[['A', 'D', 'B', 'C'], ['D', 'A', 'B', 'C'], ['C', 'A', 'D', 'B']]","{'A': 5, 'D': 4, 'B': 3, 'C': 3}","[0.58, 1.0, 0.75]",4.0
95,"[2, 4, 5]","[3, 4, 3]","[0.46, 0.88, 0.58]","[['A', 'D', 'B', 'C'], ['D', 'A', 'B', 'C'], ['C', 'D', 'A', 'B']]","{'A': 5, 'D': 4, 'B': 3, 'C': 3}","[0.58, 1.0, 0.75]",4.0
95,"[2, 4, 5]","[3, 4, 3]","[0.46, 0.88, 0.58]","[['A', 'D', 'B', 'C'], ['D', 'A', 'B', 'C'], ['D', 'A', 'C', 'B']]","{'A': 5, 'D': 4, 'B': 3, 'C': 3}","[0.58, 1.0, 0.75]",4.0
95,"[2, 4, 5]","[3, 4, 3]","[0.46, 0.88, 0.58]","[['A', 'D', 'B', 'C'], ['D', 'A', 'B', 'C'], ['D', 'C', 'A', 'B']]","{'A': 5, 'D': 4, 'B': 3, 'C': 3}","[0.58, 1.0, 0.75]",4.0
95,"[2, 4, 5]","[3, 4, 3]","[0.46, 0.88, 0.58]","[['A', 'D', 'B', 'C'], ['D', 'A', 'C', 'B'], ['A', 'B', 'D', 'C']]","{'A': 5, 'D': 4, 'B': 3, 'C': 3}","[0.58, 1.0, 0.75]",4.0
95,"[2, 4, 5]","[3, 4, 3]","[0.46, 0.88, 0.58]","[['A', 'D', 'B', 'C'], ['D', 'A', 'C', 'B'], ['A', 'D', 'B', 'C']]","{'A': 5, 'D': 4, 'B': 3, 'C': 3}","[0.58, 1.0, 0.75]",4.0
95,"[2, 4, 5]","[3, 4, 3]","[0.46, 0.88, 0.58]","[['A', 'D', 'B', 'C'], ['D', 'A', 'C', 'B'], ['B', 'A', 'D', 'C']]","{'A': 5, 'D': 4, 'B': 3, 'C': 3}","[0.58, 1.0, 0.75]",4.0
95,"[2, 4, 5]","[3, 4, 3]","[0.46, 0.88, 0.58]","[['A', 'D', 'B', 'C'], ['D', 'A', 'C', 'B'], ['B', 'D', 'A', 'C']]","{'A': 5, 'D': 4, 'B': 3, 'C': 3}","[0.58, 1.0, 0.75]",4.0
95,"[2, 4, 5]","[3, 4, 3]","[0.46, 0.88, 0.58]","[['A', 'D', 'B', 'C'], ['D', 'A', 'C', 'B'], ['D', 'A', 'B', 'C']]","{'A': 5, 'D': 4, 'B': 3, 'C': 3}","[0.58, 1.0, 0.75]",4.0
95,"[2, 4, 5]","[3, 4, 3]","[0.46, 0.88, 0.58]","[['A', 'D', 'B', 'C'], ['D', 'A', 'C', 'B'], ['D', 'B', 'A', 'C']]","{'A': 5, 'D': 4, 'B': 3, 'C': 3}","[0.58, 1.0, 0.75]",4.0
95,"[2, 4, 5]","[3, 4, 3]","[0.46, 0.88, 0.58]","[['A', 'D', 'B', 'C'], ['D', 'B', 'A', 'C'], ['A', 'C', 'D', 'B']]","{'A': 5, 'D': 4, 'B': 3, 'C': 3}","[0.58, 1.0, 0.75]",4.0
95,"[2, 4, 5]","[3, 4, 3]","[0.46, 0.88, 0.58]","[['A', 'D', 'B', 'C'], ['D', 'B', 'A', 'C'], ['A', 'D', 'C', 'B']]","{'A': 5, 'D': 4, 'B': 3, 'C': 3}","[0.58, 1.0, 0.75]",4.0
95,"[2, 4, 5]","[3, 4, 3]","[0.46, 0.88, 0.58]","[['A', 'D', 'B', 'C'], ['D', 'B', 'A', 'C'], ['C', 'A', 'D', 'B']]","{'A': 5, 'D': 4, 'B': 3, 'C': 3}","[0.58, 1.0, 0.75]",4.0
95,"[2, 4, 5]","[3, 4, 3]","[0.46, 0.88, 0.58]","[['A', 'D', 'B', 'C'], ['D', 'B', 'A', 'C'], ['C', 'D', 'A', 'B']]","{'A': 5, 'D': 4, 'B': 3, 'C': 3}","[0.58, 1.0, 0.75]",4.0
95,"[2, 4, 5]","[3, 4, 3]","[0.46, 0.88, 0.58]","[['A', 'D', 'B', 'C'], ['D', 'B', 'A', 'C'], ['D', 'A', 'C', 'B']]","{'A': 5, 'D': 4, 'B': 3, 'C': 3}","[0.58, 1.0, 0.75]",4.0
95,"[2, 4, 5]","[3, 4, 3]","[0.46, 0.88, 0.58]","[['A', 'D', 'B', 'C'], ['D', 'B', 'A', 'C'], ['D', 'C', 'A', 'B']]","{'A': 5, 'D': 4, 'B': 3, 'C': 3}","[0.58, 1.0, 0.75]",4.0
95,"[2, 4, 5]","[3, 4, 3]","[0.46, 0.88, 0.58]","[['A', 'D', 'B', 'C'], ['D', 'C', 'A', 'B'], ['A', 'B', 'D', 'C']]","{'A': 5, 'D': 4, 'B': 3, 'C': 3}","[0.58, 1.0, 0.75]",4.0
95,"[2, 4, 5]","[3, 4, 3]","[0.46, 0.88, 0.58]","[['A', 'D', 'B', 'C'], ['D', 'C', 'A', 'B'], ['A', 'D', 'B', 'C']]","{'A': 5, 'D': 4, 'B': 3, 'C': 3}","[0.58, 1.0, 0.75]",4.0
95,"[2, 4, 5]","[3, 4, 3]","[0.46, 0.88, 0.58]","[['A', 'D', 'B', 'C'], ['D', 'C', 'A', 'B'], ['B', 'A', 'D', 'C']]","{'A': 5, 'D': 4, 'B': 3, 'C': 3}","[0.58, 1.0, 0.75]",4.0
95,"[2, 4, 5]","[3, 4, 3]","[0.46, 0.88, 0.58]","[['A', 'D', 'B', 'C'], ['D', 'C', 'A', 'B'], ['B', 'D', 'A', 'C']]","{'A': 5, 'D': 4, 'B': 3, 'C': 3}","[0.58, 1.0, 0.75]",4.0
95,"[2, 4, 5]","[3, 4, 3]","[0.46, 0.88, 0.58]","[['A', 'D', 'B', 'C'], ['D', 'C', 'A', 'B'], ['D', 'A', 'B', 'C']]","{'A': 5, 'D': 4, 'B': 3, 'C': 3}","[0.58, 1.0, 0.75]",4.0
95,"[2, 4, 5]","[3, 4, 3]","[0.46, 0.88, 0.58]","[['A', 'D', 'B', 'C'], ['D', 'C', 'A', 'B'], ['D', 'B', 'A', 'C']]","{'A': 5, 'D': 4, 'B': 3, 'C': 3}","[0.58, 1.0, 0.75]",4.0
95,"[2, 4, 5]","[3, 4, 3]","[0.46, 0.88, 0.58]","[['A', 'D', 'C', 'B'], ['A', 'B', 'D', 'C'], ['A', 'B', 'D', 'C']]","{'A': 5, 'D': 4, 'B': 3, 'C': 3}","[0.58, 1.0, 0.75]",4.0
95,"[2, 4, 5]","[3, 4, 3]","[0.46, 0.88, 0.58]","[['A', 'D', 'C', 'B'], ['A', 'B', 'D', 'C'], ['A', 'D', 'B', 'C']]","{'A': 5, 'D': 4, 'B': 3, 'C': 3}","[0.58, 1.0, 0.75]",4.0
95,"[2, 4, 5]","[3, 4, 3]","[0.46, 0.88, 0.58]","[['A', 'D', 'C', 'B'], ['A', 'B', 'D', 'C'], ['B', 'A', 'D', 'C']]","{'A': 5, 'D': 4, 'B': 3, 'C': 3}","[0.58, 1.0, 0.75]",4.0
95,"[2, 4, 5]","[3, 4, 3]","[0.46, 0.88, 0.58]","[['A', 'D', 'C', 'B'], ['A', 'B', 'D', 'C'], ['B', 'D', 'A', 'C']]","{'A': 5, 'D': 4, 'B': 3, 'C': 3}","[0.58, 1.0, 0.75]",4.0
95,"[2, 4, 5]","[3, 4, 3]","[0.46, 0.88, 0.58]","[['A', 'D', 'C', 'B'], ['A', 'B', 'D', 'C'], ['D', 'A', 'B', 'C']]","{'A': 5, 'D': 4, 'B': 3, 'C': 3}","[0.58, 1.0, 0.75]",4.0
95,"[2, 4, 5]","[3, 4, 3]","[0.46, 0.88, 0.58]","[['A', 'D', 'C', 'B'], ['A', 'B', 'D', 'C'], ['D', 'B', 'A', 'C']]","{'A': 5, 'D': 4, 'B': 3, 'C': 3}","[0.58, 1.0, 0.75]",4.0
95,"[2, 4, 5]","[3, 4, 3]","[0.46, 0.88, 0.58]","[['A', 'D', 'C', 'B'], ['A', 'D', 'B', 'C'], ['A', 'B', 'D', 'C']]","{'A': 5, 'D': 4, 'B': 3, 'C': 3}","[0.58, 1.0, 0.75]",4.0
95,"[2, 4, 5]","[3, 4, 3]","[0.46, 0.88, 0.58]","[['A', 'D', 'C', 'B'], ['A', 'D', 'B', 'C'], ['A', 'D', 'B', 'C']]","{'A': 5, 'D': 4, 'B': 3, 'C': 3}","[0.58, 1.0, 0.75]",4.0
95,"[2, 4, 5]","[3, 4, 3]","[0.46, 0.88, 0.58]","[['A', 'D', 'C', 'B'], ['A', 'D', 'B', 'C'], ['B', 'A', 'D', 'C']]","{'A': 5, 'D': 4, 'B': 3, 'C': 3}","[0.58, 1.0, 0.75]",4.0
95,"[2, 4, 5]","[3, 4, 3]","[0.46, 0.88, 0.58]","[['A', 'D', 'C', 'B'], ['A', 'D', 'B', 'C'], ['B', 'D', 'A', 'C']]","{'A': 5, 'D': 4, 'B': 3, 'C': 3}","[0.58, 1.0, 0.75]",4.0
95,"[2, 4, 5]","[3, 4, 3]","[0.46, 0.88, 0.58]","[['A', 'D', 'C', 'B'], ['A', 'D', 'B', 'C'], ['D', 'A', 'B', 'C']]","{'A': 5, 'D': 4, 'B': 3, 'C': 3}","[0.58, 1.0, 0.75]",4.0
95,"[2, 4, 5]","[3, 4, 3]","[0.46, 0.88, 0.58]","[['A', 'D', 'C', 'B'], ['A', 'D', 'B', 'C'], ['D', 'B', 'A', 'C']]","{'A': 5, 'D': 4, 'B': 3, 'C': 3}","[0.58, 1.0, 0.75]",4.0
95,"[2, 4, 5]","[3, 4, 3]","[0.46, 0.88, 0.58]","[['A', 'D', 'C', 'B'], ['B', 'A', 'D', 'C'], ['A', 'B', 'D', 'C']]","{'A': 5, 'D': 4, 'B': 3, 'C': 3}","[0.58, 1.0, 0.75]",4.0
95,"[2, 4, 5]","[3, 4, 3]","[0.46, 0.88, 0.58]","[['A', 'D', 'C', 'B'], ['B', 'A', 'D', 'C'], ['A', 'D', 'B', 'C']]","{'A': 5, 'D': 4, 'B': 3, 'C': 3}","[0.58, 1.0, 0.75]",4.0
95,"[2, 4, 5]","[3, 4, 3]","[0.46, 0.88, 0.58]","[['A', 'D', 'C', 'B'], ['B', 'A', 'D', 'C'], ['B', 'A', 'D', 'C']]","{'A': 5, 'D': 4, 'B': 3, 'C': 3}","[0.58, 1.0, 0.75]",4.0
95,"[2, 4, 5]","[3, 4, 3]","[0.46, 0.88, 0.58]","[['A', 'D', 'C', 'B'], ['B', 'A', 'D', 'C'], ['B', 'D', 'A', 'C']]","{'A': 5, 'D': 4, 'B': 3, 'C': 3}","[0.58, 1.0, 0.75]",4.0
95,"[2, 4, 5]","[3, 4, 3]","[0.46, 0.88, 0.58]","[['A', 'D', 'C', 'B'], ['B', 'A', 'D', 'C'], ['D', 'A', 'B', 'C']]","{'A': 5, 'D': 4, 'B': 3, 'C': 3}","[0.58, 1.0, 0.75]",4.0
95,"[2, 4, 5]","[3, 4, 3]","[0.46, 0.88, 0.58]","[['A', 'D', 'C', 'B'], ['B', 'A', 'D', 'C'], ['D', 'B', 'A', 'C']]","{'A': 5, 'D': 4, 'B': 3, 'C': 3}","[0.58, 1.0, 0.75]",4.0
95,"[2, 4, 5]","[3, 4, 3]","[0.46, 0.88, 0.58]","[['A', 'D', 'C', 'B'], ['B', 'D', 'A', 'C'], ['A', 'B', 'D', 'C']]","{'A': 5, 'D': 4, 'B': 3, 'C': 3}","[0.58, 1.0, 0.75]",4.0
95,"[2, 4, 5]","[3, 4, 3]","[0.46, 0.88, 0.58]","[['A', 'D', 'C', 'B'], ['B', 'D', 'A', 'C'], ['A', 'D', 'B', 'C']]","{'A': 5, 'D': 4, 'B': 3, 'C': 3}","[0.58, 1.0, 0.75]",4.0
95,"[2, 4, 5]","[3, 4, 3]","[0.46, 0.88, 0.58]","[['A', 'D', 'C', 'B'], ['B', 'D', 'A', 'C'], ['B', 'A', 'D', 'C']]","{'A': 5, 'D': 4, 'B': 3, 'C': 3}","[0.58, 1.0, 0.75]",4.0
95,"[2, 4, 5]","[3, 4, 3]","[0.46, 0.88, 0.58]","[['A', 'D', 'C', 'B'], ['B', 'D', 'A', 'C'], ['B', 'D', 'A', 'C']]","{'A': 5, 'D': 4, 'B': 3, 'C': 3}","[0.58, 1.0, 0.75]",4.0
95,"[2, 4, 5]","[3, 4, 3]","[0.46, 0.88, 0.58]","[['A', 'D', 'C', 'B'], ['B', 'D', 'A', 'C'], ['D', 'A', 'B', 'C']]","{'A': 5, 'D': 4, 'B': 3, 'C': 3}","[0.58, 1.0, 0.75]",4.0
95,"[2, 4, 5]","[3, 4, 3]","[0.46, 0.88, 0.58]","[['A', 'D', 'C', 'B'], ['B', 'D', 'A', 'C'], ['D', 'B', 'A', 'C']]","{'A': 5, 'D': 4, 'B': 3, 'C': 3}","[0.58, 1.0, 0.75]",4.0
95,"[2, 4, 5]","[3, 4, 3]","[0.46, 0.88, 0.58]","[['A', 'D', 'C', 'B'], ['D', 'A', 'B', 'C'], ['A', 'B', 'D', 'C']]","{'A': 5, 'D': 4, 'B': 3, 'C': 3}","[0.58, 1.0, 0.75]",4.0
95,"[2, 4, 5]","[3, 4, 3]","[0.46, 0.88, 0.58]","[['A', 'D', 'C', 'B'], ['D', 'A', 'B', 'C'], ['A', 'D', 'B', 'C']]","{'A': 5, 'D': 4, 'B': 3, 'C': 3}","[0.58, 1.0, 0.75]",4.0
95,"[2, 4, 5]","[3, 4, 3]","[0.46, 0.88, 0.58]","[['A', 'D', 'C', 'B'], ['D', 'A', 'B', 'C'], ['B', 'A', 'D', 'C']]","{'A': 5, 'D': 4, 'B': 3, 'C': 3}","[0.58, 1.0, 0.75]",4.0
95,"[2, 4, 5]","[3, 4, 3]","[0.46, 0.88, 0.58]","[['A', 'D', 'C', 'B'], ['D', 'A', 'B', 'C'], ['B', 'D', 'A', 'C']]","{'A': 5, 'D': 4, 'B': 3, 'C': 3}","[0.58, 1.0, 0.75]",4.0
95,"[2, 4, 5]","[3, 4, 3]","[0.46, 0.88, 0.58]","[['A', 'D', 'C', 'B'], ['D', 'A', 'B', 'C'], ['D', 'A', 'B', 'C']]","{'A': 5, 'D': 4, 'B': 3, 'C': 3}","[0.58, 1.0, 0.75]",4.0
95,"[2, 4, 5]","[3, 4, 3]","[0.46, 0.88, 0.58]","[['A', 'D', 'C', 'B'], ['D', 'A', 'B', 'C'], ['D', 'B', 'A', 'C']]","{'A': 5, 'D': 4, 'B': 3, 'C': 3}","[0.58, 1.0, 0.75]",4.0
95,"[2, 4, 5]","[3, 4, 3]","[0.46, 0.88, 0.58]","[['A', 'D', 'C', 'B'], ['D', 'B', 'A', 'C'], ['A', 'B', 'D', 'C']]","{'A': 5, 'D': 4, 'B': 3, 'C': 3}","[0.58, 1.0, 0.75]",4.0
95,"[2, 4, 5]","[3, 4, 3]","[0.46, 0.88, 0.58]","[['A', 'D', 'C', 'B'], ['D', 'B', 'A', 'C'], ['A', 'D', 'B', 'C']]","{'A': 5, 'D': 4, 'B': 3, 'C': 3}","[0.58, 1.0, 0.75]",4.0
95,"[2, 4, 5]","[3, 4, 3]","[0.46, 0.88, 0.58]","[['A', 'D', 'C', 'B'], ['D', 'B', 'A', 'C'], ['B', 'A', 'D', 'C']]","{'A': 5, 'D': 4, 'B': 3, 'C': 3}","[0.58, 1.0, 0.75]",4.0
95,"[2, 4, 5]","[3, 4, 3]","[0.46, 0.88, 0.58]","[['A', 'D', 'C', 'B'], ['D', 'B', 'A', 'C'], ['B', 'D', 'A', 'C']]","{'A': 5, 'D': 4, 'B': 3, 'C': 3}","[0.58, 1.0, 0.75]",4.0
95,"[2, 4, 5]","[3, 4, 3]","[0.46, 0.88, 0.58]","[['A', 'D', 'C', 'B'], ['D', 'B', 'A', 'C'], ['D', 'A', 'B', 'C']]","{'A': 5, 'D': 4, 'B': 3, 'C': 3}","[0.58, 1.0, 0.75]",4.0
95,"[2, 4, 5]","[3, 4, 3]","[0.46, 0.88, 0.58]","[['A', 'D', 'C', 'B'], ['D', 'B', 'A', 'C'], ['D', 'B', 'A', 'C']]","{'A': 5, 'D': 4, 'B': 3, 'C': 3}","[0.58, 1.0, 0.75]",4.0
95,"[2, 4, 5]","[3, 4, 3]","[0.46, 0.88, 0.58]","[['B', 'A', 'D', 'C'], ['A', 'B', 'D', 'C'], ['A', 'C', 'D', 'B']]","{'A': 5, 'D': 4, 'B': 3, 'C': 3}","[0.58, 1.0, 0.75]",4.0
95,"[2, 4, 5]","[3, 4, 3]","[0.46, 0.88, 0.58]","[['B', 'A', 'D', 'C'], ['A', 'B', 'D', 'C'], ['A', 'D', 'C', 'B']]","{'A': 5, 'D': 4, 'B': 3, 'C': 3}","[0.58, 1.0, 0.75]",4.0
95,"[2, 4, 5]","[3, 4, 3]","[0.46, 0.88, 0.58]","[['B', 'A', 'D', 'C'], ['A', 'B', 'D', 'C'], ['C', 'A', 'D', 'B']]","{'A': 5, 'D': 4, 'B': 3, 'C': 3}","[0.58, 1.0, 0.75]",4.0
95,"[2, 4, 5]","[3, 4, 3]","[0.46, 0.88, 0.58]","[['B', 'A', 'D', 'C'], ['A', 'B', 'D', 'C'], ['C', 'D', 'A', 'B']]","{'A': 5, 'D': 4, 'B': 3, 'C': 3}","[0.58, 1.0, 0.75]",4.0
95,"[2, 4, 5]","[3, 4, 3]","[0.46, 0.88, 0.58]","[['B', 'A', 'D', 'C'], ['A', 'B', 'D', 'C'], ['D', 'A', 'C', 'B']]","{'A': 5, 'D': 4, 'B': 3, 'C': 3}","[0.58, 1.0, 0.75]",4.0
95,"[2, 4, 5]","[3, 4, 3]","[0.46, 0.88, 0.58]","[['B', 'A', 'D', 'C'], ['A', 'B', 'D', 'C'], ['D', 'C', 'A', 'B']]","{'A': 5, 'D': 4, 'B': 3, 'C': 3}","[0.58, 1.0, 0.75]",4.0
95,"[2, 4, 5]","[3, 4, 3]","[0.46, 0.88, 0.58]","[['B', 'A', 'D', 'C'], ['A', 'C', 'D', 'B'], ['A', 'B', 'D', 'C']]","{'A': 5, 'D': 4, 'B': 3, 'C': 3}","[0.58, 1.0, 0.75]",4.0
95,"[2, 4, 5]","[3, 4, 3]","[0.46, 0.88, 0.58]","[['B', 'A', 'D', 'C'], ['A', 'C', 'D', 'B'], ['A', 'D', 'B', 'C']]","{'A': 5, 'D': 4, 'B': 3, 'C': 3}","[0.58, 1.0, 0.75]",4.0
95,"[2, 4, 5]","[3, 4, 3]","[0.46, 0.88, 0.58]","[['B', 'A', 'D', 'C'], ['A', 'C', 'D', 'B'], ['B', 'A', 'D', 'C']]","{'A': 5, 'D': 4, 'B': 3, 'C': 3}","[0.58, 1.0, 0.75]",4.0
95,"[2, 4, 5]","[3, 4, 3]","[0.46, 0.88, 0.58]","[['B', 'A', 'D', 'C'], ['A', 'C', 'D', 'B'], ['B', 'D', 'A', 'C']]","{'A': 5, 'D': 4, 'B': 3, 'C': 3}","[0.58, 1.0, 0.75]",4.0
95,"[2, 4, 5]","[3, 4, 3]","[0.46, 0.88, 0.58]","[['B', 'A', 'D', 'C'], ['A', 'C', 'D', 'B'], ['D', 'A', 'B', 'C']]","{'A': 5, 'D': 4, 'B': 3, 'C': 3}","[0.58, 1.0, 0.75]",4.0
95,"[2, 4, 5]","[3, 4, 3]","[0.46, 0.88, 0.58]","[['B', 'A', 'D', 'C'], ['A', 'C', 'D', 'B'], ['D', 'B', 'A', 'C']]","{'A': 5, 'D': 4, 'B': 3, 'C': 3}","[0.58, 1.0, 0.75]",4.0
95,"[2, 4, 5]","[3, 4, 3]","[0.46, 0.88, 0.58]","[['B', 'A', 'D', 'C'], ['A', 'D', 'B', 'C'], ['A', 'C', 'D', 'B']]","{'A': 5, 'D': 4, 'B': 3, 'C': 3}","[0.58, 1.0, 0.75]",4.0
95,"[2, 4, 5]","[3, 4, 3]","[0.46, 0.88, 0.58]","[['B', 'A', 'D', 'C'], ['A', 'D', 'B', 'C'], ['A', 'D', 'C', 'B']]","{'A': 5, 'D': 4, 'B': 3, 'C': 3}","[0.58, 1.0, 0.75]",4.0
95,"[2, 4, 5]","[3, 4, 3]","[0.46, 0.88, 0.58]","[['B', 'A', 'D', 'C'], ['A', 'D', 'B', 'C'], ['C', 'A', 'D', 'B']]","{'A': 5, 'D': 4, 'B': 3, 'C': 3}","[0.58, 1.0, 0.75]",4.0
95,"[2, 4, 5]","[3, 4, 3]","[0.46, 0.88, 0.58]","[['B', 'A', 'D', 'C'], ['A', 'D', 'B', 'C'], ['C', 'D', 'A', 'B']]","{'A': 5, 'D': 4, 'B': 3, 'C': 3}","[0.58, 1.0, 0.75]",4.0
95,"[2, 4, 5]","[3, 4, 3]","[0.46, 0.88, 0.58]","[['B', 'A', 'D', 'C'], ['A', 'D', 'B', 'C'], ['D', 'A', 'C', 'B']]","{'A': 5, 'D': 4, 'B': 3, 'C': 3}","[0.58, 1.0, 0.75]",4.0
95,"[2, 4, 5]","[3, 4, 3]","[0.46, 0.88, 0.58]","[['B', 'A', 'D', 'C'], ['A', 'D', 'B', 'C'], ['D', 'C', 'A', 'B']]","{'A': 5, 'D': 4, 'B': 3, 'C': 3}","[0.58, 1.0, 0.75]",4.0
95,"[2, 4, 5]","[3, 4, 3]","[0.46, 0.88, 0.58]","[['B', 'A', 'D', 'C'], ['A', 'D', 'C', 'B'], ['A', 'B', 'D', 'C']]","{'A': 5, 'D': 4, 'B': 3, 'C': 3}","[0.58, 1.0, 0.75]",4.0
95,"[2, 4, 5]","[3, 4, 3]","[0.46, 0.88, 0.58]","[['B', 'A', 'D', 'C'], ['A', 'D', 'C', 'B'], ['A', 'D', 'B', 'C']]","{'A': 5, 'D': 4, 'B': 3, 'C': 3}","[0.58, 1.0, 0.75]",4.0
95,"[2, 4, 5]","[3, 4, 3]","[0.46, 0.88, 0.58]","[['B', 'A', 'D', 'C'], ['A', 'D', 'C', 'B'], ['B', 'A', 'D', 'C']]","{'A': 5, 'D': 4, 'B': 3, 'C': 3}","[0.58, 1.0, 0.75]",4.0
95,"[2, 4, 5]","[3, 4, 3]","[0.46, 0.88, 0.58]","[['B', 'A', 'D', 'C'], ['A', 'D', 'C', 'B'], ['B', 'D', 'A', 'C']]","{'A': 5, 'D': 4, 'B': 3, 'C': 3}","[0.58, 1.0, 0.75]",4.0
95,"[2, 4, 5]","[3, 4, 3]","[0.46, 0.88, 0.58]","[['B', 'A', 'D', 'C'], ['A', 'D', 'C', 'B'], ['D', 'A', 'B', 'C']]","{'A': 5, 'D': 4, 'B': 3, 'C': 3}","[0.58, 1.0, 0.75]",4.0
95,"[2, 4, 5]","[3, 4, 3]","[0.46, 0.88, 0.58]","[['B', 'A', 'D', 'C'], ['A', 'D', 'C', 'B'], ['D', 'B', 'A', 'C']]","{'A': 5, 'D': 4, 'B': 3, 'C': 3}","[0.58, 1.0, 0.75]",4.0
95,"[2, 4, 5]","[3, 4, 3]","[0.46, 0.88, 0.58]","[['B', 'A', 'D', 'C'], ['B', 'A', 'D', 'C'], ['A', 'C', 'D', 'B']]","{'A': 5, 'D': 4, 'B': 3, 'C': 3}","[0.58, 1.0, 0.75]",4.0
95,"[2, 4, 5]","[3, 4, 3]","[0.46, 0.88, 0.58]","[['B', 'A', 'D', 'C'], ['B', 'A', 'D', 'C'], ['A', 'D', 'C', 'B']]","{'A': 5, 'D': 4, 'B': 3, 'C': 3}","[0.58, 1.0, 0.75]",4.0
95,"[2, 4, 5]","[3, 4, 3]","[0.46, 0.88, 0.58]","[['B', 'A', 'D', 'C'], ['B', 'A', 'D', 'C'], ['C', 'A', 'D', 'B']]","{'A': 5, 'D': 4, 'B': 3, 'C': 3}","[0.58, 1.0, 0.75]",4.0
95,"[2, 4, 5]","[3, 4, 3]","[0.46, 0.88, 0.58]","[['B', 'A', 'D', 'C'], ['B', 'A', 'D', 'C'], ['C', 'D', 'A', 'B']]","{'A': 5, 'D': 4, 'B': 3, 'C': 3}","[0.58, 1.0, 0.75]",4.0
95,"[2, 4, 5]","[3, 4, 3]","[0.46, 0.88, 0.58]","[['B', 'A', 'D', 'C'], ['B', 'A', 'D', 'C'], ['D', 'A', 'C', 'B']]","{'A': 5, 'D': 4, 'B': 3, 'C': 3}","[0.58, 1.0, 0.75]",4.0
95,"[2, 4, 5]","[3, 4, 3]","[0.46, 0.88, 0.58]","[['B', 'A', 'D', 'C'], ['B', 'A', 'D', 'C'], ['D', 'C', 'A', 'B']]","{'A': 5, 'D': 4, 'B': 3, 'C': 3}","[0.58, 1.0, 0.75]",4.0
95,"[2, 4, 5]","[3, 4, 3]","[0.46, 0.88, 0.58]","[['B', 'A', 'D', 'C'], ['B', 'D', 'A', 'C'], ['A', 'C', 'D', 'B']]","{'A': 5, 'D': 4, 'B': 3, 'C': 3}","[0.58, 1.0, 0.75]",4.0
95,"[2, 4, 5]","[3, 4, 3]","[0.46, 0.88, 0.58]","[['B', 'A', 'D', 'C'], ['B', 'D', 'A', 'C'], ['A', 'D', 'C', 'B']]","{'A': 5, 'D': 4, 'B': 3, 'C': 3}","[0.58, 1.0, 0.75]",4.0
95,"[2, 4, 5]","[3, 4, 3]","[0.46, 0.88, 0.58]","[['B', 'A', 'D', 'C'], ['B', 'D', 'A', 'C'], ['C', 'A', 'D', 'B']]","{'A': 5, 'D': 4, 'B': 3, 'C': 3}","[0.58, 1.0, 0.75]",4.0
95,"[2, 4, 5]","[3, 4, 3]","[0.46, 0.88, 0.58]","[['B', 'A', 'D', 'C'], ['B', 'D', 'A', 'C'], ['C', 'D', 'A', 'B']]","{'A': 5, 'D': 4, 'B': 3, 'C': 3}","[0.58, 1.0, 0.75]",4.0
95,"[2, 4, 5]","[3, 4, 3]","[0.46, 0.88, 0.58]","[['B', 'A', 'D', 'C'], ['B', 'D', 'A', 'C'], ['D', 'A', 'C', 'B']]","{'A': 5, 'D': 4, 'B': 3, 'C': 3}","[0.58, 1.0, 0.75]",4.0
95,"[2, 4, 5]","[3, 4, 3]","[0.46, 0.88, 0.58]","[['B', 'A', 'D', 'C'], ['B', 'D', 'A', 'C'], ['D', 'C', 'A', 'B']]","{'A': 5, 'D': 4, 'B': 3, 'C': 3}","[0.58, 1.0, 0.75]",4.0
95,"[2, 4, 5]","[3, 4, 3]","[0.46, 0.88, 0.58]","[['B', 'A', 'D', 'C'], ['C', 'A', 'D', 'B'], ['A', 'B', 'D', 'C']]","{'A': 5, 'D': 4, 'B': 3, 'C': 3}","[0.58, 1.0, 0.75]",4.0
95,"[2, 4, 5]","[3, 4, 3]","[0.46, 0.88, 0.58]","[['B', 'A', 'D', 'C'], ['C', 'A', 'D', 'B'], ['A', 'D', 'B', 'C']]","{'A': 5, 'D': 4, 'B': 3, 'C': 3}","[0.58, 1.0, 0.75]",4.0
95,"[2, 4, 5]","[3, 4, 3]","[0.46, 0.88, 0.58]","[['B', 'A', 'D', 'C'], ['C', 'A', 'D', 'B'], ['B', 'A', 'D', 'C']]","{'A': 5, 'D': 4, 'B': 3, 'C': 3}","[0.58, 1.0, 0.75]",4.0
95,"[2, 4, 5]","[3, 4, 3]","[0.46, 0.88, 0.58]","[['B', 'A', 'D', 'C'], ['C', 'A', 'D', 'B'], ['B', 'D', 'A', 'C']]","{'A': 5, 'D': 4, 'B': 3, 'C': 3}","[0.58, 1.0, 0.75]",4.0
95,"[2, 4, 5]","[3, 4, 3]","[0.46, 0.88, 0.58]","[['B', 'A', 'D', 'C'], ['C', 'A', 'D', 'B'], ['D', 'A', 'B', 'C']]","{'A': 5, 'D': 4, 'B': 3, 'C': 3}","[0.58, 1.0, 0.75]",4.0
95,"[2, 4, 5]","[3, 4, 3]","[0.46, 0.88, 0.58]","[['B', 'A', 'D', 'C'], ['C', 'A', 'D', 'B'], ['D', 'B', 'A', 'C']]","{'A': 5, 'D': 4, 'B': 3, 'C': 3}","[0.58, 1.0, 0.75]",4.0
95,"[2, 4, 5]","[3, 4, 3]","[0.46, 0.88, 0.58]","[['B', 'A', 'D', 'C'], ['C', 'D', 'A', 'B'], ['A', 'B', 'D', 'C']]","{'A': 5, 'D': 4, 'B': 3, 'C': 3}","[0.58, 1.0, 0.75]",4.0
95,"[2, 4, 5]","[3, 4, 3]","[0.46, 0.88, 0.58]","[['B', 'A', 'D', 'C'], ['C', 'D', 'A', 'B'], ['A', 'D', 'B', 'C']]","{'A': 5, 'D': 4, 'B': 3, 'C': 3}","[0.58, 1.0, 0.75]",4.0
95,"[2, 4, 5]","[3, 4, 3]","[0.46, 0.88, 0.58]","[['B', 'A', 'D', 'C'], ['C', 'D', 'A', 'B'], ['B', 'A', 'D', 'C']]","{'A': 5, 'D': 4, 'B': 3, 'C': 3}","[0.58, 1.0, 0.75]",4.0
95,"[2, 4, 5]","[3, 4, 3]","[0.46, 0.88, 0.58]","[['B', 'A', 'D', 'C'], ['C', 'D', 'A', 'B'], ['B', 'D', 'A', 'C']]","{'A': 5, 'D': 4, 'B': 3, 'C': 3}","[0.58, 1.0, 0.75]",4.0
95,"[2, 4, 5]","[3, 4, 3]","[0.46, 0.88, 0.58]","[['B', 'A', 'D', 'C'], ['C', 'D', 'A', 'B'], ['D', 'A', 'B', 'C']]","{'A': 5, 'D': 4, 'B': 3, 'C': 3}","[0.58, 1.0, 0.75]",4.0
95,"[2, 4, 5]","[3, 4, 3]","[0.46, 0.88, 0.58]","[['B', 'A', 'D', 'C'], ['C', 'D', 'A', 'B'], ['D', 'B', 'A', 'C']]","{'A': 5, 'D': 4, 'B': 3, 'C': 3}","[0.58, 1.0, 0.75]",4.0
95,"[2, 4, 5]","[3, 4, 3]","[0.46, 0.88, 0.58]","[['B', 'A', 'D', 'C'], ['D', 'A', 'B', 'C'], ['A', 'C', 'D', 'B']]","{'A': 5, 'D': 4, 'B': 3, 'C': 3}","[0.58, 1.0, 0.75]",4.0
95,"[2, 4, 5]","[3, 4, 3]","[0.46, 0.88, 0.58]","[['B', 'A', 'D', 'C'], ['D', 'A', 'B', 'C'], ['A', 'D', 'C', 'B']]","{'A': 5, 'D': 4, 'B': 3, 'C': 3}","[0.58, 1.0, 0.75]",4.0
95,"[2, 4, 5]","[3, 4, 3]","[0.46, 0.88, 0.58]","[['B', 'A', 'D', 'C'], ['D', 'A', 'B', 'C'], ['C', 'A', 'D', 'B']]","{'A': 5, 'D': 4, 'B': 3, 'C': 3}","[0.58, 1.0, 0.75]",4.0
95,"[2, 4, 5]","[3, 4, 3]","[0.46, 0.88, 0.58]","[['B', 'A', 'D', 'C'], ['D', 'A', 'B', 'C'], ['C', 'D', 'A', 'B']]","{'A': 5, 'D': 4, 'B': 3, 'C': 3}","[0.58, 1.0, 0.75]",4.0
95,"[2, 4, 5]","[3, 4, 3]","[0.46, 0.88, 0.58]","[['B', 'A', 'D', 'C'], ['D', 'A', 'B', 'C'], ['D', 'A', 'C', 'B']]","{'A': 5, 'D': 4, 'B': 3, 'C': 3}","[0.58, 1.0, 0.75]",4.0
95,"[2, 4, 5]","[3, 4, 3]","[0.46, 0.88, 0.58]","[['B', 'A', 'D', 'C'], ['D', 'A', 'B', 'C'], ['D', 'C', 'A', 'B']]","{'A': 5, 'D': 4, 'B': 3, 'C': 3}","[0.58, 1.0, 0.75]",4.0
95,"[2, 4, 5]","[3, 4, 3]","[0.46, 0.88, 0.58]","[['B', 'A', 'D', 'C'], ['D', 'A', 'C', 'B'], ['A', 'B', 'D', 'C']]","{'A': 5, 'D': 4, 'B': 3, 'C': 3}","[0.58, 1.0, 0.75]",4.0
95,"[2, 4, 5]","[3, 4, 3]","[0.46, 0.88, 0.58]","[['B', 'A', 'D', 'C'], ['D', 'A', 'C', 'B'], ['A', 'D', 'B', 'C']]","{'A': 5, 'D': 4, 'B': 3, 'C': 3}","[0.58, 1.0, 0.75]",4.0
95,"[2, 4, 5]","[3, 4, 3]","[0.46, 0.88, 0.58]","[['B', 'A', 'D', 'C'], ['D', 'A', 'C', 'B'], ['B', 'A', 'D', 'C']]","{'A': 5, 'D': 4, 'B': 3, 'C': 3}","[0.58, 1.0, 0.75]",4.0
95,"[2, 4, 5]","[3, 4, 3]","[0.46, 0.88, 0.58]","[['B', 'A', 'D', 'C'], ['D', 'A', 'C', 'B'], ['B', 'D', 'A', 'C']]","{'A': 5, 'D': 4, 'B': 3, 'C': 3}","[0.58, 1.0, 0.75]",4.0
95,"[2, 4, 5]","[3, 4, 3]","[0.46, 0.88, 0.58]","[['B', 'A', 'D', 'C'], ['D', 'A', 'C', 'B'], ['D', 'A', 'B', 'C']]","{'A': 5, 'D': 4, 'B': 3, 'C': 3}","[0.58, 1.0, 0.75]",4.0
95,"[2, 4, 5]","[3, 4, 3]","[0.46, 0.88, 0.58]","[['B', 'A', 'D', 'C'], ['D', 'A', 'C', 'B'], ['D', 'B', 'A', 'C']]","{'A': 5, 'D': 4, 'B': 3, 'C': 3}","[0.58, 1.0, 0.75]",4.0
95,"[2, 4, 5]","[3, 4, 3]","[0.46, 0.88, 0.58]","[['B', 'A', 'D', 'C'], ['D', 'B', 'A', 'C'], ['A', 'C', 'D', 'B']]","{'A': 5, 'D': 4, 'B': 3, 'C': 3}","[0.58, 1.0, 0.75]",4.0
95,"[2, 4, 5]","[3, 4, 3]","[0.46, 0.88, 0.58]","[['B', 'A', 'D', 'C'], ['D', 'B', 'A', 'C'], ['A', 'D', 'C', 'B']]","{'A': 5, 'D': 4, 'B': 3, 'C': 3}","[0.58, 1.0, 0.75]",4.0
95,"[2, 4, 5]","[3, 4, 3]","[0.46, 0.88, 0.58]","[['B', 'A', 'D', 'C'], ['D', 'B', 'A', 'C'], ['C', 'A', 'D', 'B']]","{'A': 5, 'D': 4, 'B': 3, 'C': 3}","[0.58, 1.0, 0.75]",4.0
95,"[2, 4, 5]","[3, 4, 3]","[0.46, 0.88, 0.58]","[['B', 'A', 'D', 'C'], ['D', 'B', 'A', 'C'], ['C', 'D', 'A', 'B']]","{'A': 5, 'D': 4, 'B': 3, 'C': 3}","[0.58, 1.0, 0.75]",4.0
95,"[2, 4, 5]","[3, 4, 3]","[0.46, 0.88, 0.58]","[['B', 'A', 'D', 'C'], ['D', 'B', 'A', 'C'], ['D', 'A', 'C', 'B']]","{'A': 5, 'D': 4, 'B': 3, 'C': 3}","[0.58, 1.0, 0.75]",4.0
95,"[2, 4, 5]","[3, 4, 3]","[0.46, 0.88, 0.58]","[['B', 'A', 'D', 'C'], ['D', 'B', 'A', 'C'], ['D', 'C', 'A', 'B']]","{'A': 5, 'D': 4, 'B': 3, 'C': 3}","[0.58, 1.0, 0.75]",4.0
95,"[2, 4, 5]","[3, 4, 3]","[0.46, 0.88, 0.58]","[['B', 'A', 'D', 'C'], ['D', 'C', 'A', 'B'], ['A', 'B', 'D', 'C']]","{'A': 5, 'D': 4, 'B': 3, 'C': 3}","[0.58, 1.0, 0.75]",4.0
95,"[2, 4, 5]","[3, 4, 3]","[0.46, 0.88, 0.58]","[['B', 'A', 'D', 'C'], ['D', 'C', 'A', 'B'], ['A', 'D', 'B', 'C']]","{'A': 5, 'D': 4, 'B': 3, 'C': 3}","[0.58, 1.0, 0.75]",4.0
95,"[2, 4, 5]","[3, 4, 3]","[0.46, 0.88, 0.58]","[['B', 'A', 'D', 'C'], ['D', 'C', 'A', 'B'], ['B', 'A', 'D', 'C']]","{'A': 5, 'D': 4, 'B': 3, 'C': 3}","[0.58, 1.0, 0.75]",4.0
95,"[2, 4, 5]","[3, 4, 3]","[0.46, 0.88, 0.58]","[['B', 'A', 'D', 'C'], ['D', 'C', 'A', 'B'], ['B', 'D', 'A', 'C']]","{'A': 5, 'D': 4, 'B': 3, 'C': 3}","[0.58, 1.0, 0.75]",4.0
95,"[2, 4, 5]","[3, 4, 3]","[0.46, 0.88, 0.58]","[['B', 'A', 'D', 'C'], ['D', 'C', 'A', 'B'], ['D', 'A', 'B', 'C']]","{'A': 5, 'D': 4, 'B': 3, 'C': 3}","[0.58, 1.0, 0.75]",4.0
95,"[2, 4, 5]","[3, 4, 3]","[0.46, 0.88, 0.58]","[['B', 'A', 'D', 'C'], ['D', 'C', 'A', 'B'], ['D', 'B', 'A', 'C']]","{'A': 5, 'D': 4, 'B': 3, 'C': 3}","[0.58, 1.0, 0.75]",4.0
95,"[2, 4, 5]","[3, 4, 3]","[0.46, 0.88, 0.58]","[['B', 'D', 'A', 'C'], ['A', 'B', 'D', 'C'], ['A', 'C', 'D', 'B']]","{'A': 5, 'D': 4, 'B': 3, 'C': 3}","[0.58, 1.0, 0.75]",4.0
95,"[2, 4, 5]","[3, 4, 3]","[0.46, 0.88, 0.58]","[['B', 'D', 'A', 'C'], ['A', 'B', 'D', 'C'], ['A', 'D', 'C', 'B']]","{'A': 5, 'D': 4, 'B': 3, 'C': 3}","[0.58, 1.0, 0.75]",4.0
95,"[2, 4, 5]","[3, 4, 3]","[0.46, 0.88, 0.58]","[['B', 'D', 'A', 'C'], ['A', 'B', 'D', 'C'], ['C', 'A', 'D', 'B']]","{'A': 5, 'D': 4, 'B': 3, 'C': 3}","[0.58, 1.0, 0.75]",4.0
95,"[2, 4, 5]","[3, 4, 3]","[0.46, 0.88, 0.58]","[['B', 'D', 'A', 'C'], ['A', 'B', 'D', 'C'], ['C', 'D', 'A', 'B']]","{'A': 5, 'D': 4, 'B': 3, 'C': 3}","[0.58, 1.0, 0.75]",4.0
95,"[2, 4, 5]","[3, 4, 3]","[0.46, 0.88, 0.58]","[['B', 'D', 'A', 'C'], ['A', 'B', 'D', 'C'], ['D', 'A', 'C', 'B']]","{'A': 5, 'D': 4, 'B': 3, 'C': 3}","[0.58, 1.0, 0.75]",4.0
95,"[2, 4, 5]","[3, 4, 3]","[0.46, 0.88, 0.58]","[['B', 'D', 'A', 'C'], ['A', 'B', 'D', 'C'], ['D', 'C', 'A', 'B']]","{'A': 5, 'D': 4, 'B': 3, 'C': 3}","[0.58, 1.0, 0.75]",4.0
95,"[2, 4, 5]","[3, 4, 3]","[0.46, 0.88, 0.58]","[['B', 'D', 'A', 'C'], ['A', 'C', 'D', 'B'], ['A', 'B', 'D', 'C']]","{'A': 5, 'D': 4, 'B': 3, 'C': 3}","[0.58, 1.0, 0.75]",4.0
95,"[2, 4, 5]","[3, 4, 3]","[0.46, 0.88, 0.58]","[['B', 'D', 'A', 'C'], ['A', 'C', 'D', 'B'], ['A', 'D', 'B', 'C']]","{'A': 5, 'D': 4, 'B': 3, 'C': 3}","[0.58, 1.0, 0.75]",4.0
95,"[2, 4, 5]","[3, 4, 3]","[0.46, 0.88, 0.58]","[['B', 'D', 'A', 'C'], ['A', 'C', 'D', 'B'], ['B', 'A', 'D', 'C']]","{'A': 5, 'D': 4, 'B': 3, 'C': 3}","[0.58, 1.0, 0.75]",4.0
95,"[2, 4, 5]","[3, 4, 3]","[0.46, 0.88, 0.58]","[['B', 'D', 'A', 'C'], ['A', 'C', 'D', 'B'], ['B', 'D', 'A', 'C']]","{'A': 5, 'D': 4, 'B': 3, 'C': 3}","[0.58, 1.0, 0.75]",4.0
95,"[2, 4, 5]","[3, 4, 3]","[0.46, 0.88, 0.58]","[['B', 'D', 'A', 'C'], ['A', 'C', 'D', 'B'], ['D', 'A', 'B', 'C']]","{'A': 5, 'D': 4, 'B': 3, 'C': 3}","[0.58, 1.0, 0.75]",4.0
95,"[2, 4, 5]","[3, 4, 3]","[0.46, 0.88, 0.58]","[['B', 'D', 'A', 'C'], ['A', 'C', 'D', 'B'], ['D', 'B', 'A', 'C']]","{'A': 5, 'D': 4, 'B': 3, 'C': 3}","[0.58, 1.0, 0.75]",4.0
95,"[2, 4, 5]","[3, 4, 3]","[0.46, 0.88, 0.58]","[['B', 'D', 'A', 'C'], ['A', 'D', 'B', 'C'], ['A', 'C', 'D', 'B']]","{'A': 5, 'D': 4, 'B': 3, 'C': 3}","[0.58, 1.0, 0.75]",4.0
95,"[2, 4, 5]","[3, 4, 3]","[0.46, 0.88, 0.58]","[['B', 'D', 'A', 'C'], ['A', 'D', 'B', 'C'], ['A', 'D', 'C', 'B']]","{'A': 5, 'D': 4, 'B': 3, 'C': 3}","[0.58, 1.0, 0.75]",4.0
95,"[2, 4, 5]","[3, 4, 3]","[0.46, 0.88, 0.58]","[['B', 'D', 'A', 'C'], ['A', 'D', 'B', 'C'], ['C', 'A', 'D', 'B']]","{'A': 5, 'D': 4, 'B': 3, 'C': 3}","[0.58, 1.0, 0.75]",4.0
95,"[2, 4, 5]","[3, 4, 3]","[0.46, 0.88, 0.58]","[['B', 'D', 'A', 'C'], ['A', 'D', 'B', 'C'], ['C', 'D', 'A', 'B']]","{'A': 5, 'D': 4, 'B': 3, 'C': 3}","[0.58, 1.0, 0.75]",4.0
95,"[2, 4, 5]","[3, 4, 3]","[0.46, 0.88, 0.58]","[['B', 'D', 'A', 'C'], ['A', 'D', 'B', 'C'], ['D', 'A', 'C', 'B']]","{'A': 5, 'D': 4, 'B': 3, 'C': 3}","[0.58, 1.0, 0.75]",4.0
95,"[2, 4, 5]","[3, 4, 3]","[0.46, 0.88, 0.58]","[['B', 'D', 'A', 'C'], ['A', 'D', 'B', 'C'], ['D', 'C', 'A', 'B']]","{'A': 5, 'D': 4, 'B': 3, 'C': 3}","[0.58, 1.0, 0.75]",4.0
95,"[2, 4, 5]","[3, 4, 3]","[0.46, 0.88, 0.58]","[['B', 'D', 'A', 'C'], ['A', 'D', 'C', 'B'], ['A', 'B', 'D', 'C']]","{'A': 5, 'D': 4, 'B': 3, 'C': 3}","[0.58, 1.0, 0.75]",4.0
95,"[2, 4, 5]","[3, 4, 3]","[0.46, 0.88, 0.58]","[['B', 'D', 'A', 'C'], ['A', 'D', 'C', 'B'], ['A', 'D', 'B', 'C']]","{'A': 5, 'D': 4, 'B': 3, 'C': 3}","[0.58, 1.0, 0.75]",4.0
95,"[2, 4, 5]","[3, 4, 3]","[0.46, 0.88, 0.58]","[['B', 'D', 'A', 'C'], ['A', 'D', 'C', 'B'], ['B', 'A', 'D', 'C']]","{'A': 5, 'D': 4, 'B': 3, 'C': 3}","[0.58, 1.0, 0.75]",4.0
95,"[2, 4, 5]","[3, 4, 3]","[0.46, 0.88, 0.58]","[['B', 'D', 'A', 'C'], ['A', 'D', 'C', 'B'], ['B', 'D', 'A', 'C']]","{'A': 5, 'D': 4, 'B': 3, 'C': 3}","[0.58, 1.0, 0.75]",4.0
95,"[2, 4, 5]","[3, 4, 3]","[0.46, 0.88, 0.58]","[['B', 'D', 'A', 'C'], ['A', 'D', 'C', 'B'], ['D', 'A', 'B', 'C']]","{'A': 5, 'D': 4, 'B': 3, 'C': 3}","[0.58, 1.0, 0.75]",4.0
95,"[2, 4, 5]","[3, 4, 3]","[0.46, 0.88, 0.58]","[['B', 'D', 'A', 'C'], ['A', 'D', 'C', 'B'], ['D', 'B', 'A', 'C']]","{'A': 5, 'D': 4, 'B': 3, 'C': 3}","[0.58, 1.0, 0.75]",4.0
95,"[2, 4, 5]","[3, 4, 3]","[0.46, 0.88, 0.58]","[['B', 'D', 'A', 'C'], ['B', 'A', 'D', 'C'], ['A', 'C', 'D', 'B']]","{'A': 5, 'D': 4, 'B': 3, 'C': 3}","[0.58, 1.0, 0.75]",4.0
95,"[2, 4, 5]","[3, 4, 3]","[0.46, 0.88, 0.58]","[['B', 'D', 'A', 'C'], ['B', 'A', 'D', 'C'], ['A', 'D', 'C', 'B']]","{'A': 5, 'D': 4, 'B': 3, 'C': 3}","[0.58, 1.0, 0.75]",4.0
95,"[2, 4, 5]","[3, 4, 3]","[0.46, 0.88, 0.58]","[['B', 'D', 'A', 'C'], ['B', 'A', 'D', 'C'], ['C', 'A', 'D', 'B']]","{'A': 5, 'D': 4, 'B': 3, 'C': 3}","[0.58, 1.0, 0.75]",4.0
95,"[2, 4, 5]","[3, 4, 3]","[0.46, 0.88, 0.58]","[['B', 'D', 'A', 'C'], ['B', 'A', 'D', 'C'], ['C', 'D', 'A', 'B']]","{'A': 5, 'D': 4, 'B': 3, 'C': 3}","[0.58, 1.0, 0.75]",4.0
95,"[2, 4, 5]","[3, 4, 3]","[0.46, 0.88, 0.58]","[['B', 'D', 'A', 'C'], ['B', 'A', 'D', 'C'], ['D', 'A', 'C', 'B']]","{'A': 5, 'D': 4, 'B': 3, 'C': 3}","[0.58, 1.0, 0.75]",4.0
95,"[2, 4, 5]","[3, 4, 3]","[0.46, 0.88, 0.58]","[['B', 'D', 'A', 'C'], ['B', 'A', 'D', 'C'], ['D', 'C', 'A', 'B']]","{'A': 5, 'D': 4, 'B': 3, 'C': 3}","[0.58, 1.0, 0.75]",4.0
95,"[2, 4, 5]","[3, 4, 3]","[0.46, 0.88, 0.58]","[['B', 'D', 'A', 'C'], ['B', 'D', 'A', 'C'], ['A', 'C', 'D', 'B']]","{'A': 5, 'D': 4, 'B': 3, 'C': 3}","[0.58, 1.0, 0.75]",4.0
95,"[2, 4, 5]","[3, 4, 3]","[0.46, 0.88, 0.58]","[['B', 'D', 'A', 'C'], ['B', 'D', 'A', 'C'], ['A', 'D', 'C', 'B']]","{'A': 5, 'D': 4, 'B': 3, 'C': 3}","[0.58, 1.0, 0.75]",4.0
95,"[2, 4, 5]","[3, 4, 3]","[0.46, 0.88, 0.58]","[['B', 'D', 'A', 'C'], ['B', 'D', 'A', 'C'], ['C', 'A', 'D', 'B']]","{'A': 5, 'D': 4, 'B': 3, 'C': 3}","[0.58, 1.0, 0.75]",4.0
95,"[2, 4, 5]","[3, 4, 3]","[0.46, 0.88, 0.58]","[['B', 'D', 'A', 'C'], ['B', 'D', 'A', 'C'], ['C', 'D', 'A', 'B']]","{'A': 5, 'D': 4, 'B': 3, 'C': 3}","[0.58, 1.0, 0.75]",4.0
95,"[2, 4, 5]","[3, 4, 3]","[0.46, 0.88, 0.58]","[['B', 'D', 'A', 'C'], ['B', 'D', 'A', 'C'], ['D', 'A', 'C', 'B']]","{'A': 5, 'D': 4, 'B': 3, 'C': 3}","[0.58, 1.0, 0.75]",4.0
95,"[2, 4, 5]","[3, 4, 3]","[0.46, 0.88, 0.58]","[['B', 'D', 'A', 'C'], ['B', 'D', 'A', 'C'], ['D', 'C', 'A', 'B']]","{'A': 5, 'D': 4, 'B': 3, 'C': 3}","[0.58, 1.0, 0.75]",4.0
95,"[2, 4, 5]","[3, 4, 3]","[0.46, 0.88, 0.58]","[['B', 'D', 'A', 'C'], ['C', 'A', 'D', 'B'], ['A', 'B', 'D', 'C']]","{'A': 5, 'D': 4, 'B': 3, 'C': 3}","[0.58, 1.0, 0.75]",4.0
95,"[2, 4, 5]","[3, 4, 3]","[0.46, 0.88, 0.58]","[['B', 'D', 'A', 'C'], ['C', 'A', 'D', 'B'], ['A', 'D', 'B', 'C']]","{'A': 5, 'D': 4, 'B': 3, 'C': 3}","[0.58, 1.0, 0.75]",4.0
95,"[2, 4, 5]","[3, 4, 3]","[0.46, 0.88, 0.58]","[['B', 'D', 'A', 'C'], ['C', 'A', 'D', 'B'], ['B', 'A', 'D', 'C']]","{'A': 5, 'D': 4, 'B': 3, 'C': 3}","[0.58, 1.0, 0.75]",4.0
95,"[2, 4, 5]","[3, 4, 3]","[0.46, 0.88, 0.58]","[['B', 'D', 'A', 'C'], ['C', 'A', 'D', 'B'], ['B', 'D', 'A', 'C']]","{'A': 5, 'D': 4, 'B': 3, 'C': 3}","[0.58, 1.0, 0.75]",4.0
95,"[2, 4, 5]","[3, 4, 3]","[0.46, 0.88, 0.58]","[['B', 'D', 'A', 'C'], ['C', 'A', 'D', 'B'], ['D', 'A', 'B', 'C']]","{'A': 5, 'D': 4, 'B': 3, 'C': 3}","[0.58, 1.0, 0.75]",4.0
95,"[2, 4, 5]","[3, 4, 3]","[0.46, 0.88, 0.58]","[['B', 'D', 'A', 'C'], ['C', 'A', 'D', 'B'], ['D', 'B', 'A', 'C']]","{'A': 5, 'D': 4, 'B': 3, 'C': 3}","[0.58, 1.0, 0.75]",4.0
95,"[2, 4, 5]","[3, 4, 3]","[0.46, 0.88, 0.58]","[['B', 'D', 'A', 'C'], ['C', 'D', 'A', 'B'], ['A', 'B', 'D', 'C']]","{'A': 5, 'D': 4, 'B': 3, 'C': 3}","[0.58, 1.0, 0.75]",4.0
95,"[2, 4, 5]","[3, 4, 3]","[0.46, 0.88, 0.58]","[['B', 'D', 'A', 'C'], ['C', 'D', 'A', 'B'], ['A', 'D', 'B', 'C']]","{'A': 5, 'D': 4, 'B': 3, 'C': 3}","[0.58, 1.0, 0.75]",4.0
95,"[2, 4, 5]","[3, 4, 3]","[0.46, 0.88, 0.58]","[['B', 'D', 'A', 'C'], ['C', 'D', 'A', 'B'], ['B', 'A', 'D', 'C']]","{'A': 5, 'D': 4, 'B': 3, 'C': 3}","[0.58, 1.0, 0.75]",4.0
95,"[2, 4, 5]","[3, 4, 3]","[0.46, 0.88, 0.58]","[['B', 'D', 'A', 'C'], ['C', 'D', 'A', 'B'], ['B', 'D', 'A', 'C']]","{'A': 5, 'D': 4, 'B': 3, 'C': 3}","[0.58, 1.0, 0.75]",4.0
95,"[2, 4, 5]","[3, 4, 3]","[0.46, 0.88, 0.58]","[['B', 'D', 'A', 'C'], ['C', 'D', 'A', 'B'], ['D', 'A', 'B', 'C']]","{'A': 5, 'D': 4, 'B': 3, 'C': 3}","[0.58, 1.0, 0.75]",4.0
95,"[2, 4, 5]","[3, 4, 3]","[0.46, 0.88, 0.58]","[['B', 'D', 'A', 'C'], ['C', 'D', 'A', 'B'], ['D', 'B', 'A', 'C']]","{'A': 5, 'D': 4, 'B': 3, 'C': 3}","[0.58, 1.0, 0.75]",4.0
95,"[2, 4, 5]","[3, 4, 3]","[0.46, 0.88, 0.58]","[['B', 'D', 'A', 'C'], ['D', 'A', 'B', 'C'], ['A', 'C', 'D', 'B']]","{'A': 5, 'D': 4, 'B': 3, 'C': 3}","[0.58, 1.0, 0.75]",4.0
95,"[2, 4, 5]","[3, 4, 3]","[0.46, 0.88, 0.58]","[['B', 'D', 'A', 'C'], ['D', 'A', 'B', 'C'], ['A', 'D', 'C', 'B']]","{'A': 5, 'D': 4, 'B': 3, 'C': 3}","[0.58, 1.0, 0.75]",4.0
95,"[2, 4, 5]","[3, 4, 3]","[0.46, 0.88, 0.58]","[['B', 'D', 'A', 'C'], ['D', 'A', 'B', 'C'], ['C', 'A', 'D', 'B']]","{'A': 5, 'D': 4, 'B': 3, 'C': 3}","[0.58, 1.0, 0.75]",4.0
95,"[2, 4, 5]","[3, 4, 3]","[0.46, 0.88, 0.58]","[['B', 'D', 'A', 'C'], ['D', 'A', 'B', 'C'], ['C', 'D', 'A', 'B']]","{'A': 5, 'D': 4, 'B': 3, 'C': 3}","[0.58, 1.0, 0.75]",4.0
95,"[2, 4, 5]","[3, 4, 3]","[0.46, 0.88, 0.58]","[['B', 'D', 'A', 'C'], ['D', 'A', 'B', 'C'], ['D', 'A', 'C', 'B']]","{'A': 5, 'D': 4, 'B': 3, 'C': 3}","[0.58, 1.0, 0.75]",4.0
95,"[2, 4, 5]","[3, 4, 3]","[0.46, 0.88, 0.58]","[['B', 'D', 'A', 'C'], ['D', 'A', 'B', 'C'], ['D', 'C', 'A', 'B']]","{'A': 5, 'D': 4, 'B': 3, 'C': 3}","[0.58, 1.0, 0.75]",4.0
95,"[2, 4, 5]","[3, 4, 3]","[0.46, 0.88, 0.58]","[['B', 'D', 'A', 'C'], ['D', 'A', 'C', 'B'], ['A', 'B', 'D', 'C']]","{'A': 5, 'D': 4, 'B': 3, 'C': 3}","[0.58, 1.0, 0.75]",4.0
95,"[2, 4, 5]","[3, 4, 3]","[0.46, 0.88, 0.58]","[['B', 'D', 'A', 'C'], ['D', 'A', 'C', 'B'], ['A', 'D', 'B', 'C']]","{'A': 5, 'D': 4, 'B': 3, 'C': 3}","[0.58, 1.0, 0.75]",4.0
95,"[2, 4, 5]","[3, 4, 3]","[0.46, 0.88, 0.58]","[['B', 'D', 'A', 'C'], ['D', 'A', 'C', 'B'], ['B', 'A', 'D', 'C']]","{'A': 5, 'D': 4, 'B': 3, 'C': 3}","[0.58, 1.0, 0.75]",4.0
95,"[2, 4, 5]","[3, 4, 3]","[0.46, 0.88, 0.58]","[['B', 'D', 'A', 'C'], ['D', 'A', 'C', 'B'], ['B', 'D', 'A', 'C']]","{'A': 5, 'D': 4, 'B': 3, 'C': 3}","[0.58, 1.0, 0.75]",4.0
95,"[2, 4, 5]","[3, 4, 3]","[0.46, 0.88, 0.58]","[['B', 'D', 'A', 'C'], ['D', 'A', 'C', 'B'], ['D', 'A', 'B', 'C']]","{'A': 5, 'D': 4, 'B': 3, 'C': 3}","[0.58, 1.0, 0.75]",4.0
95,"[2, 4, 5]","[3, 4, 3]","[0.46, 0.88, 0.58]","[['B', 'D', 'A', 'C'], ['D', 'A', 'C', 'B'], ['D', 'B', 'A', 'C']]","{'A': 5, 'D': 4, 'B': 3, 'C': 3}","[0.58, 1.0, 0.75]",4.0
95,"[2, 4, 5]","[3, 4, 3]","[0.46, 0.88, 0.58]","[['B', 'D', 'A', 'C'], ['D', 'B', 'A', 'C'], ['A', 'C', 'D', 'B']]","{'A': 5, 'D': 4, 'B': 3, 'C': 3}","[0.58, 1.0, 0.75]",4.0
95,"[2, 4, 5]","[3, 4, 3]","[0.46, 0.88, 0.58]","[['B', 'D', 'A', 'C'], ['D', 'B', 'A', 'C'], ['A', 'D', 'C', 'B']]","{'A': 5, 'D': 4, 'B': 3, 'C': 3}","[0.58, 1.0, 0.75]",4.0
95,"[2, 4, 5]","[3, 4, 3]","[0.46, 0.88, 0.58]","[['B', 'D', 'A', 'C'], ['D', 'B', 'A', 'C'], ['C', 'A', 'D', 'B']]","{'A': 5, 'D': 4, 'B': 3, 'C': 3}","[0.58, 1.0, 0.75]",4.0
95,"[2, 4, 5]","[3, 4, 3]","[0.46, 0.88, 0.58]","[['B', 'D', 'A', 'C'], ['D', 'B', 'A', 'C'], ['C', 'D', 'A', 'B']]","{'A': 5, 'D': 4, 'B': 3, 'C': 3}","[0.58, 1.0, 0.75]",4.0
95,"[2, 4, 5]","[3, 4, 3]","[0.46, 0.88, 0.58]","[['B', 'D', 'A', 'C'], ['D', 'B', 'A', 'C'], ['D', 'A', 'C', 'B']]","{'A': 5, 'D': 4, 'B': 3, 'C': 3}","[0.58, 1.0, 0.75]",4.0
95,"[2, 4, 5]","[3, 4, 3]","[0.46, 0.88, 0.58]","[['B', 'D', 'A', 'C'], ['D', 'B', 'A', 'C'], ['D', 'C', 'A', 'B']]","{'A': 5, 'D': 4, 'B': 3, 'C': 3}","[0.58, 1.0, 0.75]",4.0
95,"[2, 4, 5]","[3, 4, 3]","[0.46, 0.88, 0.58]","[['B', 'D', 'A', 'C'], ['D', 'C', 'A', 'B'], ['A', 'B', 'D', 'C']]","{'A': 5, 'D': 4, 'B': 3, 'C': 3}","[0.58, 1.0, 0.75]",4.0
95,"[2, 4, 5]","[3, 4, 3]","[0.46, 0.88, 0.58]","[['B', 'D', 'A', 'C'], ['D', 'C', 'A', 'B'], ['A', 'D', 'B', 'C']]","{'A': 5, 'D': 4, 'B': 3, 'C': 3}","[0.58, 1.0, 0.75]",4.0
95,"[2, 4, 5]","[3, 4, 3]","[0.46, 0.88, 0.58]","[['B', 'D', 'A', 'C'], ['D', 'C', 'A', 'B'], ['B', 'A', 'D', 'C']]","{'A': 5, 'D': 4, 'B': 3, 'C': 3}","[0.58, 1.0, 0.75]",4.0
95,"[2, 4, 5]","[3, 4, 3]","[0.46, 0.88, 0.58]","[['B', 'D', 'A', 'C'], ['D', 'C', 'A', 'B'], ['B', 'D', 'A', 'C']]","{'A': 5, 'D': 4, 'B': 3, 'C': 3}","[0.58, 1.0, 0.75]",4.0
95,"[2, 4, 5]","[3, 4, 3]","[0.46, 0.88, 0.58]","[['B', 'D', 'A', 'C'], ['D', 'C', 'A', 'B'], ['D', 'A', 'B', 'C']]","{'A': 5, 'D': 4, 'B': 3, 'C': 3}","[0.58, 1.0, 0.75]",4.0
95,"[2, 4, 5]","[3, 4, 3]","[0.46, 0.88, 0.58]","[['B', 'D', 'A', 'C'], ['D', 'C', 'A', 'B'], ['D', 'B', 'A', 'C']]","{'A': 5, 'D': 4, 'B': 3, 'C': 3}","[0.58, 1.0, 0.75]",4.0
95,"[2, 4, 5]","[3, 4, 3]","[0.46, 0.88, 0.58]","[['C', 'A', 'D', 'B'], ['A', 'B', 'D', 'C'], ['A', 'B', 'D', 'C']]","{'A': 5, 'D': 4, 'B': 3, 'C': 3}","[0.58, 1.0, 0.75]",4.0
95,"[2, 4, 5]","[3, 4, 3]","[0.46, 0.88, 0.58]","[['C', 'A', 'D', 'B'], ['A', 'B', 'D', 'C'], ['A', 'D', 'B', 'C']]","{'A': 5, 'D': 4, 'B': 3, 'C': 3}","[0.58, 1.0, 0.75]",4.0
95,"[2, 4, 5]","[3, 4, 3]","[0.46, 0.88, 0.58]","[['C', 'A', 'D', 'B'], ['A', 'B', 'D', 'C'], ['B', 'A', 'D', 'C']]","{'A': 5, 'D': 4, 'B': 3, 'C': 3}","[0.58, 1.0, 0.75]",4.0
95,"[2, 4, 5]","[3, 4, 3]","[0.46, 0.88, 0.58]","[['C', 'A', 'D', 'B'], ['A', 'B', 'D', 'C'], ['B', 'D', 'A', 'C']]","{'A': 5, 'D': 4, 'B': 3, 'C': 3}","[0.58, 1.0, 0.75]",4.0
95,"[2, 4, 5]","[3, 4, 3]","[0.46, 0.88, 0.58]","[['C', 'A', 'D', 'B'], ['A', 'B', 'D', 'C'], ['D', 'A', 'B', 'C']]","{'A': 5, 'D': 4, 'B': 3, 'C': 3}","[0.58, 1.0, 0.75]",4.0
95,"[2, 4, 5]","[3, 4, 3]","[0.46, 0.88, 0.58]","[['C', 'A', 'D', 'B'], ['A', 'B', 'D', 'C'], ['D', 'B', 'A', 'C']]","{'A': 5, 'D': 4, 'B': 3, 'C': 3}","[0.58, 1.0, 0.75]",4.0
95,"[2, 4, 5]","[3, 4, 3]","[0.46, 0.88, 0.58]","[['C', 'A', 'D', 'B'], ['A', 'D', 'B', 'C'], ['A', 'B', 'D', 'C']]","{'A': 5, 'D': 4, 'B': 3, 'C': 3}","[0.58, 1.0, 0.75]",4.0
95,"[2, 4, 5]","[3, 4, 3]","[0.46, 0.88, 0.58]","[['C', 'A', 'D', 'B'], ['A', 'D', 'B', 'C'], ['A', 'D', 'B', 'C']]","{'A': 5, 'D': 4, 'B': 3, 'C': 3}","[0.58, 1.0, 0.75]",4.0
95,"[2, 4, 5]","[3, 4, 3]","[0.46, 0.88, 0.58]","[['C', 'A', 'D', 'B'], ['A', 'D', 'B', 'C'], ['B', 'A', 'D', 'C']]","{'A': 5, 'D': 4, 'B': 3, 'C': 3}","[0.58, 1.0, 0.75]",4.0
95,"[2, 4, 5]","[3, 4, 3]","[0.46, 0.88, 0.58]","[['C', 'A', 'D', 'B'], ['A', 'D', 'B', 'C'], ['B', 'D', 'A', 'C']]","{'A': 5, 'D': 4, 'B': 3, 'C': 3}","[0.58, 1.0, 0.75]",4.0
95,"[2, 4, 5]","[3, 4, 3]","[0.46, 0.88, 0.58]","[['C', 'A', 'D', 'B'], ['A', 'D', 'B', 'C'], ['D', 'A', 'B', 'C']]","{'A': 5, 'D': 4, 'B': 3, 'C': 3}","[0.58, 1.0, 0.75]",4.0
95,"[2, 4, 5]","[3, 4, 3]","[0.46, 0.88, 0.58]","[['C', 'A', 'D', 'B'], ['A', 'D', 'B', 'C'], ['D', 'B', 'A', 'C']]","{'A': 5, 'D': 4, 'B': 3, 'C': 3}","[0.58, 1.0, 0.75]",4.0
95,"[2, 4, 5]","[3, 4, 3]","[0.46, 0.88, 0.58]","[['C', 'A', 'D', 'B'], ['B', 'A', 'D', 'C'], ['A', 'B', 'D', 'C']]","{'A': 5, 'D': 4, 'B': 3, 'C': 3}","[0.58, 1.0, 0.75]",4.0
95,"[2, 4, 5]","[3, 4, 3]","[0.46, 0.88, 0.58]","[['C', 'A', 'D', 'B'], ['B', 'A', 'D', 'C'], ['A', 'D', 'B', 'C']]","{'A': 5, 'D': 4, 'B': 3, 'C': 3}","[0.58, 1.0, 0.75]",4.0
95,"[2, 4, 5]","[3, 4, 3]","[0.46, 0.88, 0.58]","[['C', 'A', 'D', 'B'], ['B', 'A', 'D', 'C'], ['B', 'A', 'D', 'C']]","{'A': 5, 'D': 4, 'B': 3, 'C': 3}","[0.58, 1.0, 0.75]",4.0
95,"[2, 4, 5]","[3, 4, 3]","[0.46, 0.88, 0.58]","[['C', 'A', 'D', 'B'], ['B', 'A', 'D', 'C'], ['B', 'D', 'A', 'C']]","{'A': 5, 'D': 4, 'B': 3, 'C': 3}","[0.58, 1.0, 0.75]",4.0
95,"[2, 4, 5]","[3, 4, 3]","[0.46, 0.88, 0.58]","[['C', 'A', 'D', 'B'], ['B', 'A', 'D', 'C'], ['D', 'A', 'B', 'C']]","{'A': 5, 'D': 4, 'B': 3, 'C': 3}","[0.58, 1.0, 0.75]",4.0
95,"[2, 4, 5]","[3, 4, 3]","[0.46, 0.88, 0.58]","[['C', 'A', 'D', 'B'], ['B', 'A', 'D', 'C'], ['D', 'B', 'A', 'C']]","{'A': 5, 'D': 4, 'B': 3, 'C': 3}","[0.58, 1.0, 0.75]",4.0
95,"[2, 4, 5]","[3, 4, 3]","[0.46, 0.88, 0.58]","[['C', 'A', 'D', 'B'], ['B', 'D', 'A', 'C'], ['A', 'B', 'D', 'C']]","{'A': 5, 'D': 4, 'B': 3, 'C': 3}","[0.58, 1.0, 0.75]",4.0
95,"[2, 4, 5]","[3, 4, 3]","[0.46, 0.88, 0.58]","[['C', 'A', 'D', 'B'], ['B', 'D', 'A', 'C'], ['A', 'D', 'B', 'C']]","{'A': 5, 'D': 4, 'B': 3, 'C': 3}","[0.58, 1.0, 0.75]",4.0
95,"[2, 4, 5]","[3, 4, 3]","[0.46, 0.88, 0.58]","[['C', 'A', 'D', 'B'], ['B', 'D', 'A', 'C'], ['B', 'A', 'D', 'C']]","{'A': 5, 'D': 4, 'B': 3, 'C': 3}","[0.58, 1.0, 0.75]",4.0
95,"[2, 4, 5]","[3, 4, 3]","[0.46, 0.88, 0.58]","[['C', 'A', 'D', 'B'], ['B', 'D', 'A', 'C'], ['B', 'D', 'A', 'C']]","{'A': 5, 'D': 4, 'B': 3, 'C': 3}","[0.58, 1.0, 0.75]",4.0
95,"[2, 4, 5]","[3, 4, 3]","[0.46, 0.88, 0.58]","[['C', 'A', 'D', 'B'], ['B', 'D', 'A', 'C'], ['D', 'A', 'B', 'C']]","{'A': 5, 'D': 4, 'B': 3, 'C': 3}","[0.58, 1.0, 0.75]",4.0
95,"[2, 4, 5]","[3, 4, 3]","[0.46, 0.88, 0.58]","[['C', 'A', 'D', 'B'], ['B', 'D', 'A', 'C'], ['D', 'B', 'A', 'C']]","{'A': 5, 'D': 4, 'B': 3, 'C': 3}","[0.58, 1.0, 0.75]",4.0
95,"[2, 4, 5]","[3, 4, 3]","[0.46, 0.88, 0.58]","[['C', 'A', 'D', 'B'], ['D', 'A', 'B', 'C'], ['A', 'B', 'D', 'C']]","{'A': 5, 'D': 4, 'B': 3, 'C': 3}","[0.58, 1.0, 0.75]",4.0
95,"[2, 4, 5]","[3, 4, 3]","[0.46, 0.88, 0.58]","[['C', 'A', 'D', 'B'], ['D', 'A', 'B', 'C'], ['A', 'D', 'B', 'C']]","{'A': 5, 'D': 4, 'B': 3, 'C': 3}","[0.58, 1.0, 0.75]",4.0
95,"[2, 4, 5]","[3, 4, 3]","[0.46, 0.88, 0.58]","[['C', 'A', 'D', 'B'], ['D', 'A', 'B', 'C'], ['B', 'A', 'D', 'C']]","{'A': 5, 'D': 4, 'B': 3, 'C': 3}","[0.58, 1.0, 0.75]",4.0
95,"[2, 4, 5]","[3, 4, 3]","[0.46, 0.88, 0.58]","[['C', 'A', 'D', 'B'], ['D', 'A', 'B', 'C'], ['B', 'D', 'A', 'C']]","{'A': 5, 'D': 4, 'B': 3, 'C': 3}","[0.58, 1.0, 0.75]",4.0
95,"[2, 4, 5]","[3, 4, 3]","[0.46, 0.88, 0.58]","[['C', 'A', 'D', 'B'], ['D', 'A', 'B', 'C'], ['D', 'A', 'B', 'C']]","{'A': 5, 'D': 4, 'B': 3, 'C': 3}","[0.58, 1.0, 0.75]",4.0
95,"[2, 4, 5]","[3, 4, 3]","[0.46, 0.88, 0.58]","[['C', 'A', 'D', 'B'], ['D', 'A', 'B', 'C'], ['D', 'B', 'A', 'C']]","{'A': 5, 'D': 4, 'B': 3, 'C': 3}","[0.58, 1.0, 0.75]",4.0
95,"[2, 4, 5]","[3, 4, 3]","[0.46, 0.88, 0.58]","[['C', 'A', 'D', 'B'], ['D', 'B', 'A', 'C'], ['A', 'B', 'D', 'C']]","{'A': 5, 'D': 4, 'B': 3, 'C': 3}","[0.58, 1.0, 0.75]",4.0
95,"[2, 4, 5]","[3, 4, 3]","[0.46, 0.88, 0.58]","[['C', 'A', 'D', 'B'], ['D', 'B', 'A', 'C'], ['A', 'D', 'B', 'C']]","{'A': 5, 'D': 4, 'B': 3, 'C': 3}","[0.58, 1.0, 0.75]",4.0
95,"[2, 4, 5]","[3, 4, 3]","[0.46, 0.88, 0.58]","[['C', 'A', 'D', 'B'], ['D', 'B', 'A', 'C'], ['B', 'A', 'D', 'C']]","{'A': 5, 'D': 4, 'B': 3, 'C': 3}","[0.58, 1.0, 0.75]",4.0
95,"[2, 4, 5]","[3, 4, 3]","[0.46, 0.88, 0.58]","[['C', 'A', 'D', 'B'], ['D', 'B', 'A', 'C'], ['B', 'D', 'A', 'C']]","{'A': 5, 'D': 4, 'B': 3, 'C': 3}","[0.58, 1.0, 0.75]",4.0
95,"[2, 4, 5]","[3, 4, 3]","[0.46, 0.88, 0.58]","[['C', 'A', 'D', 'B'], ['D', 'B', 'A', 'C'], ['D', 'A', 'B', 'C']]","{'A': 5, 'D': 4, 'B': 3, 'C': 3}","[0.58, 1.0, 0.75]",4.0
95,"[2, 4, 5]","[3, 4, 3]","[0.46, 0.88, 0.58]","[['C', 'A', 'D', 'B'], ['D', 'B', 'A', 'C'], ['D', 'B', 'A', 'C']]","{'A': 5, 'D': 4, 'B': 3, 'C': 3}","[0.58, 1.0, 0.75]",4.0
95,"[2, 4, 5]","[3, 4, 3]","[0.46, 0.88, 0.58]","[['C', 'D', 'A', 'B'], ['A', 'B', 'D', 'C'], ['A', 'B', 'D', 'C']]","{'A': 5, 'D': 4, 'B': 3, 'C': 3}","[0.58, 1.0, 0.75]",4.0
95,"[2, 4, 5]","[3, 4, 3]","[0.46, 0.88, 0.58]","[['C', 'D', 'A', 'B'], ['A', 'B', 'D', 'C'], ['A', 'D', 'B', 'C']]","{'A': 5, 'D': 4, 'B': 3, 'C': 3}","[0.58, 1.0, 0.75]",4.0
95,"[2, 4, 5]","[3, 4, 3]","[0.46, 0.88, 0.58]","[['C', 'D', 'A', 'B'], ['A', 'B', 'D', 'C'], ['B', 'A', 'D', 'C']]","{'A': 5, 'D': 4, 'B': 3, 'C': 3}","[0.58, 1.0, 0.75]",4.0
95,"[2, 4, 5]","[3, 4, 3]","[0.46, 0.88, 0.58]","[['C', 'D', 'A', 'B'], ['A', 'B', 'D', 'C'], ['B', 'D', 'A', 'C']]","{'A': 5, 'D': 4, 'B': 3, 'C': 3}","[0.58, 1.0, 0.75]",4.0
95,"[2, 4, 5]","[3, 4, 3]","[0.46, 0.88, 0.58]","[['C', 'D', 'A', 'B'], ['A', 'B', 'D', 'C'], ['D', 'A', 'B', 'C']]","{'A': 5, 'D': 4, 'B': 3, 'C': 3}","[0.58, 1.0, 0.75]",4.0
95,"[2, 4, 5]","[3, 4, 3]","[0.46, 0.88, 0.58]","[['C', 'D', 'A', 'B'], ['A', 'B', 'D', 'C'], ['D', 'B', 'A', 'C']]","{'A': 5, 'D': 4, 'B': 3, 'C': 3}","[0.58, 1.0, 0.75]",4.0
95,"[2, 4, 5]","[3, 4, 3]","[0.46, 0.88, 0.58]","[['C', 'D', 'A', 'B'], ['A', 'D', 'B', 'C'], ['A', 'B', 'D', 'C']]","{'A': 5, 'D': 4, 'B': 3, 'C': 3}","[0.58, 1.0, 0.75]",4.0
95,"[2, 4, 5]","[3, 4, 3]","[0.46, 0.88, 0.58]","[['C', 'D', 'A', 'B'], ['A', 'D', 'B', 'C'], ['A', 'D', 'B', 'C']]","{'A': 5, 'D': 4, 'B': 3, 'C': 3}","[0.58, 1.0, 0.75]",4.0
95,"[2, 4, 5]","[3, 4, 3]","[0.46, 0.88, 0.58]","[['C', 'D', 'A', 'B'], ['A', 'D', 'B', 'C'], ['B', 'A', 'D', 'C']]","{'A': 5, 'D': 4, 'B': 3, 'C': 3}","[0.58, 1.0, 0.75]",4.0
95,"[2, 4, 5]","[3, 4, 3]","[0.46, 0.88, 0.58]","[['C', 'D', 'A', 'B'], ['A', 'D', 'B', 'C'], ['B', 'D', 'A', 'C']]","{'A': 5, 'D': 4, 'B': 3, 'C': 3}","[0.58, 1.0, 0.75]",4.0
95,"[2, 4, 5]","[3, 4, 3]","[0.46, 0.88, 0.58]","[['C', 'D', 'A', 'B'], ['A', 'D', 'B', 'C'], ['D', 'A', 'B', 'C']]","{'A': 5, 'D': 4, 'B': 3, 'C': 3}","[0.58, 1.0, 0.75]",4.0
95,"[2, 4, 5]","[3, 4, 3]","[0.46, 0.88, 0.58]","[['C', 'D', 'A', 'B'], ['A', 'D', 'B', 'C'], ['D', 'B', 'A', 'C']]","{'A': 5, 'D': 4, 'B': 3, 'C': 3}","[0.58, 1.0, 0.75]",4.0
95,"[2, 4, 5]","[3, 4, 3]","[0.46, 0.88, 0.58]","[['C', 'D', 'A', 'B'], ['B', 'A', 'D', 'C'], ['A', 'B', 'D', 'C']]","{'A': 5, 'D': 4, 'B': 3, 'C': 3}","[0.58, 1.0, 0.75]",4.0
95,"[2, 4, 5]","[3, 4, 3]","[0.46, 0.88, 0.58]","[['C', 'D', 'A', 'B'], ['B', 'A', 'D', 'C'], ['A', 'D', 'B', 'C']]","{'A': 5, 'D': 4, 'B': 3, 'C': 3}","[0.58, 1.0, 0.75]",4.0
95,"[2, 4, 5]","[3, 4, 3]","[0.46, 0.88, 0.58]","[['C', 'D', 'A', 'B'], ['B', 'A', 'D', 'C'], ['B', 'A', 'D', 'C']]","{'A': 5, 'D': 4, 'B': 3, 'C': 3}","[0.58, 1.0, 0.75]",4.0
95,"[2, 4, 5]","[3, 4, 3]","[0.46, 0.88, 0.58]","[['C', 'D', 'A', 'B'], ['B', 'A', 'D', 'C'], ['B', 'D', 'A', 'C']]","{'A': 5, 'D': 4, 'B': 3, 'C': 3}","[0.58, 1.0, 0.75]",4.0
95,"[2, 4, 5]","[3, 4, 3]","[0.46, 0.88, 0.58]","[['C', 'D', 'A', 'B'], ['B', 'A', 'D', 'C'], ['D', 'A', 'B', 'C']]","{'A': 5, 'D': 4, 'B': 3, 'C': 3}","[0.58, 1.0, 0.75]",4.0
95,"[2, 4, 5]","[3, 4, 3]","[0.46, 0.88, 0.58]","[['C', 'D', 'A', 'B'], ['B', 'A', 'D', 'C'], ['D', 'B', 'A', 'C']]","{'A': 5, 'D': 4, 'B': 3, 'C': 3}","[0.58, 1.0, 0.75]",4.0
95,"[2, 4, 5]","[3, 4, 3]","[0.46, 0.88, 0.58]","[['C', 'D', 'A', 'B'], ['B', 'D', 'A', 'C'], ['A', 'B', 'D', 'C']]","{'A': 5, 'D': 4, 'B': 3, 'C': 3}","[0.58, 1.0, 0.75]",4.0
95,"[2, 4, 5]","[3, 4, 3]","[0.46, 0.88, 0.58]","[['C', 'D', 'A', 'B'], ['B', 'D', 'A', 'C'], ['A', 'D', 'B', 'C']]","{'A': 5, 'D': 4, 'B': 3, 'C': 3}","[0.58, 1.0, 0.75]",4.0
95,"[2, 4, 5]","[3, 4, 3]","[0.46, 0.88, 0.58]","[['C', 'D', 'A', 'B'], ['B', 'D', 'A', 'C'], ['B', 'A', 'D', 'C']]","{'A': 5, 'D': 4, 'B': 3, 'C': 3}","[0.58, 1.0, 0.75]",4.0
95,"[2, 4, 5]","[3, 4, 3]","[0.46, 0.88, 0.58]","[['C', 'D', 'A', 'B'], ['B', 'D', 'A', 'C'], ['B', 'D', 'A', 'C']]","{'A': 5, 'D': 4, 'B': 3, 'C': 3}","[0.58, 1.0, 0.75]",4.0
95,"[2, 4, 5]","[3, 4, 3]","[0.46, 0.88, 0.58]","[['C', 'D', 'A', 'B'], ['B', 'D', 'A', 'C'], ['D', 'A', 'B', 'C']]","{'A': 5, 'D': 4, 'B': 3, 'C': 3}","[0.58, 1.0, 0.75]",4.0
95,"[2, 4, 5]","[3, 4, 3]","[0.46, 0.88, 0.58]","[['C', 'D', 'A', 'B'], ['B', 'D', 'A', 'C'], ['D', 'B', 'A', 'C']]","{'A': 5, 'D': 4, 'B': 3, 'C': 3}","[0.58, 1.0, 0.75]",4.0
95,"[2, 4, 5]","[3, 4, 3]","[0.46, 0.88, 0.58]","[['C', 'D', 'A', 'B'], ['D', 'A', 'B', 'C'], ['A', 'B', 'D', 'C']]","{'A': 5, 'D': 4, 'B': 3, 'C': 3}","[0.58, 1.0, 0.75]",4.0
95,"[2, 4, 5]","[3, 4, 3]","[0.46, 0.88, 0.58]","[['C', 'D', 'A', 'B'], ['D', 'A', 'B', 'C'], ['A', 'D', 'B', 'C']]","{'A': 5, 'D': 4, 'B': 3, 'C': 3}","[0.58, 1.0, 0.75]",4.0
95,"[2, 4, 5]","[3, 4, 3]","[0.46, 0.88, 0.58]","[['C', 'D', 'A', 'B'], ['D', 'A', 'B', 'C'], ['B', 'A', 'D', 'C']]","{'A': 5, 'D': 4, 'B': 3, 'C': 3}","[0.58, 1.0, 0.75]",4.0
95,"[2, 4, 5]","[3, 4, 3]","[0.46, 0.88, 0.58]","[['C', 'D', 'A', 'B'], ['D', 'A', 'B', 'C'], ['B', 'D', 'A', 'C']]","{'A': 5, 'D': 4, 'B': 3, 'C': 3}","[0.58, 1.0, 0.75]",4.0
95,"[2, 4, 5]","[3, 4, 3]","[0.46, 0.88, 0.58]","[['C', 'D', 'A', 'B'], ['D', 'A', 'B', 'C'], ['D', 'A', 'B', 'C']]","{'A': 5, 'D': 4, 'B': 3, 'C': 3}","[0.58, 1.0, 0.75]",4.0
95,"[2, 4, 5]","[3, 4, 3]","[0.46, 0.88, 0.58]","[['C', 'D', 'A', 'B'], ['D', 'A', 'B', 'C'], ['D', 'B', 'A', 'C']]","{'A': 5, 'D': 4, 'B': 3, 'C': 3}","[0.58, 1.0, 0.75]",4.0
95,"[2, 4, 5]","[3, 4, 3]","[0.46, 0.88, 0.58]","[['C', 'D', 'A', 'B'], ['D', 'B', 'A', 'C'], ['A', 'B', 'D', 'C']]","{'A': 5, 'D': 4, 'B': 3, 'C': 3}","[0.58, 1.0, 0.75]",4.0
95,"[2, 4, 5]","[3, 4, 3]","[0.46, 0.88, 0.58]","[['C', 'D', 'A', 'B'], ['D', 'B', 'A', 'C'], ['A', 'D', 'B', 'C']]","{'A': 5, 'D': 4, 'B': 3, 'C': 3}","[0.58, 1.0, 0.75]",4.0
95,"[2, 4, 5]","[3, 4, 3]","[0.46, 0.88, 0.58]","[['C', 'D', 'A', 'B'], ['D', 'B', 'A', 'C'], ['B', 'A', 'D', 'C']]","{'A': 5, 'D': 4, 'B': 3, 'C': 3}","[0.58, 1.0, 0.75]",4.0
95,"[2, 4, 5]","[3, 4, 3]","[0.46, 0.88, 0.58]","[['C', 'D', 'A', 'B'], ['D', 'B', 'A', 'C'], ['B', 'D', 'A', 'C']]","{'A': 5, 'D': 4, 'B': 3, 'C': 3}","[0.58, 1.0, 0.75]",4.0
95,"[2, 4, 5]","[3, 4, 3]","[0.46, 0.88, 0.58]","[['C', 'D', 'A', 'B'], ['D', 'B', 'A', 'C'], ['D', 'A', 'B', 'C']]","{'A': 5, 'D': 4, 'B': 3, 'C': 3}","[0.58, 1.0, 0.75]",4.0
95,"[2, 4, 5]","[3, 4, 3]","[0.46, 0.88, 0.58]","[['C', 'D', 'A', 'B'], ['D', 'B', 'A', 'C'], ['D', 'B', 'A', 'C']]","{'A': 5, 'D': 4, 'B': 3, 'C': 3}","[0.58, 1.0, 0.75]",4.0
95,"[2, 4, 5]","[3, 4, 3]","[0.46, 0.88, 0.58]","[['D', 'A', 'B', 'C'], ['A', 'B', 'D', 'C'], ['A', 'C', 'D', 'B']]","{'A': 5, 'D': 4, 'B': 3, 'C': 3}","[0.58, 1.0, 0.75]",4.0
95,"[2, 4, 5]","[3, 4, 3]","[0.46, 0.88, 0.58]","[['D', 'A', 'B', 'C'], ['A', 'B', 'D', 'C'], ['A', 'D', 'C', 'B']]","{'A': 5, 'D': 4, 'B': 3, 'C': 3}","[0.58, 1.0, 0.75]",4.0
95,"[2, 4, 5]","[3, 4, 3]","[0.46, 0.88, 0.58]","[['D', 'A', 'B', 'C'], ['A', 'B', 'D', 'C'], ['C', 'A', 'D', 'B']]","{'A': 5, 'D': 4, 'B': 3, 'C': 3}","[0.58, 1.0, 0.75]",4.0
95,"[2, 4, 5]","[3, 4, 3]","[0.46, 0.88, 0.58]","[['D', 'A', 'B', 'C'], ['A', 'B', 'D', 'C'], ['C', 'D', 'A', 'B']]","{'A': 5, 'D': 4, 'B': 3, 'C': 3}","[0.58, 1.0, 0.75]",4.0
95,"[2, 4, 5]","[3, 4, 3]","[0.46, 0.88, 0.58]","[['D', 'A', 'B', 'C'], ['A', 'B', 'D', 'C'], ['D', 'A', 'C', 'B']]","{'A': 5, 'D': 4, 'B': 3, 'C': 3}","[0.58, 1.0, 0.75]",4.0
95,"[2, 4, 5]","[3, 4, 3]","[0.46, 0.88, 0.58]","[['D', 'A', 'B', 'C'], ['A', 'B', 'D', 'C'], ['D', 'C', 'A', 'B']]","{'A': 5, 'D': 4, 'B': 3, 'C': 3}","[0.58, 1.0, 0.75]",4.0
95,"[2, 4, 5]","[3, 4, 3]","[0.46, 0.88, 0.58]","[['D', 'A', 'B', 'C'], ['A', 'C', 'D', 'B'], ['A', 'B', 'D', 'C']]","{'A': 5, 'D': 4, 'B': 3, 'C': 3}","[0.58, 1.0, 0.75]",4.0
95,"[2, 4, 5]","[3, 4, 3]","[0.46, 0.88, 0.58]","[['D', 'A', 'B', 'C'], ['A', 'C', 'D', 'B'], ['A', 'D', 'B', 'C']]","{'A': 5, 'D': 4, 'B': 3, 'C': 3}","[0.58, 1.0, 0.75]",4.0
95,"[2, 4, 5]","[3, 4, 3]","[0.46, 0.88, 0.58]","[['D', 'A', 'B', 'C'], ['A', 'C', 'D', 'B'], ['B', 'A', 'D', 'C']]","{'A': 5, 'D': 4, 'B': 3, 'C': 3}","[0.58, 1.0, 0.75]",4.0
95,"[2, 4, 5]","[3, 4, 3]","[0.46, 0.88, 0.58]","[['D', 'A', 'B', 'C'], ['A', 'C', 'D', 'B'], ['B', 'D', 'A', 'C']]","{'A': 5, 'D': 4, 'B': 3, 'C': 3}","[0.58, 1.0, 0.75]",4.0
95,"[2, 4, 5]","[3, 4, 3]","[0.46, 0.88, 0.58]","[['D', 'A', 'B', 'C'], ['A', 'C', 'D', 'B'], ['D', 'A', 'B', 'C']]","{'A': 5, 'D': 4, 'B': 3, 'C': 3}","[0.58, 1.0, 0.75]",4.0
95,"[2, 4, 5]","[3, 4, 3]","[0.46, 0.88, 0.58]","[['D', 'A', 'B', 'C'], ['A', 'C', 'D', 'B'], ['D', 'B', 'A', 'C']]","{'A': 5, 'D': 4, 'B': 3, 'C': 3}","[0.58, 1.0, 0.75]",4.0
95,"[2, 4, 5]","[3, 4, 3]","[0.46, 0.88, 0.58]","[['D', 'A', 'B', 'C'], ['A', 'D', 'B', 'C'], ['A', 'C', 'D', 'B']]","{'A': 5, 'D': 4, 'B': 3, 'C': 3}","[0.58, 1.0, 0.75]",4.0
95,"[2, 4, 5]","[3, 4, 3]","[0.46, 0.88, 0.58]","[['D', 'A', 'B', 'C'], ['A', 'D', 'B', 'C'], ['A', 'D', 'C', 'B']]","{'A': 5, 'D': 4, 'B': 3, 'C': 3}","[0.58, 1.0, 0.75]",4.0
95,"[2, 4, 5]","[3, 4, 3]","[0.46, 0.88, 0.58]","[['D', 'A', 'B', 'C'], ['A', 'D', 'B', 'C'], ['C', 'A', 'D', 'B']]","{'A': 5, 'D': 4, 'B': 3, 'C': 3}","[0.58, 1.0, 0.75]",4.0
95,"[2, 4, 5]","[3, 4, 3]","[0.46, 0.88, 0.58]","[['D', 'A', 'B', 'C'], ['A', 'D', 'B', 'C'], ['C', 'D', 'A', 'B']]","{'A': 5, 'D': 4, 'B': 3, 'C': 3}","[0.58, 1.0, 0.75]",4.0
95,"[2, 4, 5]","[3, 4, 3]","[0.46, 0.88, 0.58]","[['D', 'A', 'B', 'C'], ['A', 'D', 'B', 'C'], ['D', 'A', 'C', 'B']]","{'A': 5, 'D': 4, 'B': 3, 'C': 3}","[0.58, 1.0, 0.75]",4.0
95,"[2, 4, 5]","[3, 4, 3]","[0.46, 0.88, 0.58]","[['D', 'A', 'B', 'C'], ['A', 'D', 'B', 'C'], ['D', 'C', 'A', 'B']]","{'A': 5, 'D': 4, 'B': 3, 'C': 3}","[0.58, 1.0, 0.75]",4.0
95,"[2, 4, 5]","[3, 4, 3]","[0.46, 0.88, 0.58]","[['D', 'A', 'B', 'C'], ['A', 'D', 'C', 'B'], ['A', 'B', 'D', 'C']]","{'A': 5, 'D': 4, 'B': 3, 'C': 3}","[0.58, 1.0, 0.75]",4.0
95,"[2, 4, 5]","[3, 4, 3]","[0.46, 0.88, 0.58]","[['D', 'A', 'B', 'C'], ['A', 'D', 'C', 'B'], ['A', 'D', 'B', 'C']]","{'A': 5, 'D': 4, 'B': 3, 'C': 3}","[0.58, 1.0, 0.75]",4.0
95,"[2, 4, 5]","[3, 4, 3]","[0.46, 0.88, 0.58]","[['D', 'A', 'B', 'C'], ['A', 'D', 'C', 'B'], ['B', 'A', 'D', 'C']]","{'A': 5, 'D': 4, 'B': 3, 'C': 3}","[0.58, 1.0, 0.75]",4.0
95,"[2, 4, 5]","[3, 4, 3]","[0.46, 0.88, 0.58]","[['D', 'A', 'B', 'C'], ['A', 'D', 'C', 'B'], ['B', 'D', 'A', 'C']]","{'A': 5, 'D': 4, 'B': 3, 'C': 3}","[0.58, 1.0, 0.75]",4.0
95,"[2, 4, 5]","[3, 4, 3]","[0.46, 0.88, 0.58]","[['D', 'A', 'B', 'C'], ['A', 'D', 'C', 'B'], ['D', 'A', 'B', 'C']]","{'A': 5, 'D': 4, 'B': 3, 'C': 3}","[0.58, 1.0, 0.75]",4.0
95,"[2, 4, 5]","[3, 4, 3]","[0.46, 0.88, 0.58]","[['D', 'A', 'B', 'C'], ['A', 'D', 'C', 'B'], ['D', 'B', 'A', 'C']]","{'A': 5, 'D': 4, 'B': 3, 'C': 3}","[0.58, 1.0, 0.75]",4.0
95,"[2, 4, 5]","[3, 4, 3]","[0.46, 0.88, 0.58]","[['D', 'A', 'B', 'C'], ['B', 'A', 'D', 'C'], ['A', 'C', 'D', 'B']]","{'A': 5, 'D': 4, 'B': 3, 'C': 3}","[0.58, 1.0, 0.75]",4.0
95,"[2, 4, 5]","[3, 4, 3]","[0.46, 0.88, 0.58]","[['D', 'A', 'B', 'C'], ['B', 'A', 'D', 'C'], ['A', 'D', 'C', 'B']]","{'A': 5, 'D': 4, 'B': 3, 'C': 3}","[0.58, 1.0, 0.75]",4.0
95,"[2, 4, 5]","[3, 4, 3]","[0.46, 0.88, 0.58]","[['D', 'A', 'B', 'C'], ['B', 'A', 'D', 'C'], ['C', 'A', 'D', 'B']]","{'A': 5, 'D': 4, 'B': 3, 'C': 3}","[0.58, 1.0, 0.75]",4.0
95,"[2, 4, 5]","[3, 4, 3]","[0.46, 0.88, 0.58]","[['D', 'A', 'B', 'C'], ['B', 'A', 'D', 'C'], ['C', 'D', 'A', 'B']]","{'A': 5, 'D': 4, 'B': 3, 'C': 3}","[0.58, 1.0, 0.75]",4.0
95,"[2, 4, 5]","[3, 4, 3]","[0.46, 0.88, 0.58]","[['D', 'A', 'B', 'C'], ['B', 'A', 'D', 'C'], ['D', 'A', 'C', 'B']]","{'A': 5, 'D': 4, 'B': 3, 'C': 3}","[0.58, 1.0, 0.75]",4.0
95,"[2, 4, 5]","[3, 4, 3]","[0.46, 0.88, 0.58]","[['D', 'A', 'B', 'C'], ['B', 'A', 'D', 'C'], ['D', 'C', 'A', 'B']]","{'A': 5, 'D': 4, 'B': 3, 'C': 3}","[0.58, 1.0, 0.75]",4.0
95,"[2, 4, 5]","[3, 4, 3]","[0.46, 0.88, 0.58]","[['D', 'A', 'B', 'C'], ['B', 'D', 'A', 'C'], ['A', 'C', 'D', 'B']]","{'A': 5, 'D': 4, 'B': 3, 'C': 3}","[0.58, 1.0, 0.75]",4.0
95,"[2, 4, 5]","[3, 4, 3]","[0.46, 0.88, 0.58]","[['D', 'A', 'B', 'C'], ['B', 'D', 'A', 'C'], ['A', 'D', 'C', 'B']]","{'A': 5, 'D': 4, 'B': 3, 'C': 3}","[0.58, 1.0, 0.75]",4.0
95,"[2, 4, 5]","[3, 4, 3]","[0.46, 0.88, 0.58]","[['D', 'A', 'B', 'C'], ['B', 'D', 'A', 'C'], ['C', 'A', 'D', 'B']]","{'A': 5, 'D': 4, 'B': 3, 'C': 3}","[0.58, 1.0, 0.75]",4.0
95,"[2, 4, 5]","[3, 4, 3]","[0.46, 0.88, 0.58]","[['D', 'A', 'B', 'C'], ['B', 'D', 'A', 'C'], ['C', 'D', 'A', 'B']]","{'A': 5, 'D': 4, 'B': 3, 'C': 3}","[0.58, 1.0, 0.75]",4.0
95,"[2, 4, 5]","[3, 4, 3]","[0.46, 0.88, 0.58]","[['D', 'A', 'B', 'C'], ['B', 'D', 'A', 'C'], ['D', 'A', 'C', 'B']]","{'A': 5, 'D': 4, 'B': 3, 'C': 3}","[0.58, 1.0, 0.75]",4.0
95,"[2, 4, 5]","[3, 4, 3]","[0.46, 0.88, 0.58]","[['D', 'A', 'B', 'C'], ['B', 'D', 'A', 'C'], ['D', 'C', 'A', 'B']]","{'A': 5, 'D': 4, 'B': 3, 'C': 3}","[0.58, 1.0, 0.75]",4.0
95,"[2, 4, 5]","[3, 4, 3]","[0.46, 0.88, 0.58]","[['D', 'A', 'B', 'C'], ['C', 'A', 'D', 'B'], ['A', 'B', 'D', 'C']]","{'A': 5, 'D': 4, 'B': 3, 'C': 3}","[0.58, 1.0, 0.75]",4.0
95,"[2, 4, 5]","[3, 4, 3]","[0.46, 0.88, 0.58]","[['D', 'A', 'B', 'C'], ['C', 'A', 'D', 'B'], ['A', 'D', 'B', 'C']]","{'A': 5, 'D': 4, 'B': 3, 'C': 3}","[0.58, 1.0, 0.75]",4.0
95,"[2, 4, 5]","[3, 4, 3]","[0.46, 0.88, 0.58]","[['D', 'A', 'B', 'C'], ['C', 'A', 'D', 'B'], ['B', 'A', 'D', 'C']]","{'A': 5, 'D': 4, 'B': 3, 'C': 3}","[0.58, 1.0, 0.75]",4.0
95,"[2, 4, 5]","[3, 4, 3]","[0.46, 0.88, 0.58]","[['D', 'A', 'B', 'C'], ['C', 'A', 'D', 'B'], ['B', 'D', 'A', 'C']]","{'A': 5, 'D': 4, 'B': 3, 'C': 3}","[0.58, 1.0, 0.75]",4.0
95,"[2, 4, 5]","[3, 4, 3]","[0.46, 0.88, 0.58]","[['D', 'A', 'B', 'C'], ['C', 'A', 'D', 'B'], ['D', 'A', 'B', 'C']]","{'A': 5, 'D': 4, 'B': 3, 'C': 3}","[0.58, 1.0, 0.75]",4.0
95,"[2, 4, 5]","[3, 4, 3]","[0.46, 0.88, 0.58]","[['D', 'A', 'B', 'C'], ['C', 'A', 'D', 'B'], ['D', 'B', 'A', 'C']]","{'A': 5, 'D': 4, 'B': 3, 'C': 3}","[0.58, 1.0, 0.75]",4.0
95,"[2, 4, 5]","[3, 4, 3]","[0.46, 0.88, 0.58]","[['D', 'A', 'B', 'C'], ['C', 'D', 'A', 'B'], ['A', 'B', 'D', 'C']]","{'A': 5, 'D': 4, 'B': 3, 'C': 3}","[0.58, 1.0, 0.75]",4.0
95,"[2, 4, 5]","[3, 4, 3]","[0.46, 0.88, 0.58]","[['D', 'A', 'B', 'C'], ['C', 'D', 'A', 'B'], ['A', 'D', 'B', 'C']]","{'A': 5, 'D': 4, 'B': 3, 'C': 3}","[0.58, 1.0, 0.75]",4.0
95,"[2, 4, 5]","[3, 4, 3]","[0.46, 0.88, 0.58]","[['D', 'A', 'B', 'C'], ['C', 'D', 'A', 'B'], ['B', 'A', 'D', 'C']]","{'A': 5, 'D': 4, 'B': 3, 'C': 3}","[0.58, 1.0, 0.75]",4.0
95,"[2, 4, 5]","[3, 4, 3]","[0.46, 0.88, 0.58]","[['D', 'A', 'B', 'C'], ['C', 'D', 'A', 'B'], ['B', 'D', 'A', 'C']]","{'A': 5, 'D': 4, 'B': 3, 'C': 3}","[0.58, 1.0, 0.75]",4.0
95,"[2, 4, 5]","[3, 4, 3]","[0.46, 0.88, 0.58]","[['D', 'A', 'B', 'C'], ['C', 'D', 'A', 'B'], ['D', 'A', 'B', 'C']]","{'A': 5, 'D': 4, 'B': 3, 'C': 3}","[0.58, 1.0, 0.75]",4.0
95,"[2, 4, 5]","[3, 4, 3]","[0.46, 0.88, 0.58]","[['D', 'A', 'B', 'C'], ['C', 'D', 'A', 'B'], ['D', 'B', 'A', 'C']]","{'A': 5, 'D': 4, 'B': 3, 'C': 3}","[0.58, 1.0, 0.75]",4.0
95,"[2, 4, 5]","[3, 4, 3]","[0.46, 0.88, 0.58]","[['D', 'A', 'B', 'C'], ['D', 'A', 'B', 'C'], ['A', 'C', 'D', 'B']]","{'A': 5, 'D': 4, 'B': 3, 'C': 3}","[0.58, 1.0, 0.75]",4.0
95,"[2, 4, 5]","[3, 4, 3]","[0.46, 0.88, 0.58]","[['D', 'A', 'B', 'C'], ['D', 'A', 'B', 'C'], ['A', 'D', 'C', 'B']]","{'A': 5, 'D': 4, 'B': 3, 'C': 3}","[0.58, 1.0, 0.75]",4.0
95,"[2, 4, 5]","[3, 4, 3]","[0.46, 0.88, 0.58]","[['D', 'A', 'B', 'C'], ['D', 'A', 'B', 'C'], ['C', 'A', 'D', 'B']]","{'A': 5, 'D': 4, 'B': 3, 'C': 3}","[0.58, 1.0, 0.75]",4.0
95,"[2, 4, 5]","[3, 4, 3]","[0.46, 0.88, 0.58]","[['D', 'A', 'B', 'C'], ['D', 'A', 'B', 'C'], ['C', 'D', 'A', 'B']]","{'A': 5, 'D': 4, 'B': 3, 'C': 3}","[0.58, 1.0, 0.75]",4.0
95,"[2, 4, 5]","[3, 4, 3]","[0.46, 0.88, 0.58]","[['D', 'A', 'B', 'C'], ['D', 'A', 'B', 'C'], ['D', 'A', 'C', 'B']]","{'A': 5, 'D': 4, 'B': 3, 'C': 3}","[0.58, 1.0, 0.75]",4.0
95,"[2, 4, 5]","[3, 4, 3]","[0.46, 0.88, 0.58]","[['D', 'A', 'B', 'C'], ['D', 'A', 'B', 'C'], ['D', 'C', 'A', 'B']]","{'A': 5, 'D': 4, 'B': 3, 'C': 3}","[0.58, 1.0, 0.75]",4.0
95,"[2, 4, 5]","[3, 4, 3]","[0.46, 0.88, 0.58]","[['D', 'A', 'B', 'C'], ['D', 'A', 'C', 'B'], ['A', 'B', 'D', 'C']]","{'A': 5, 'D': 4, 'B': 3, 'C': 3}","[0.58, 1.0, 0.75]",4.0
95,"[2, 4, 5]","[3, 4, 3]","[0.46, 0.88, 0.58]","[['D', 'A', 'B', 'C'], ['D', 'A', 'C', 'B'], ['A', 'D', 'B', 'C']]","{'A': 5, 'D': 4, 'B': 3, 'C': 3}","[0.58, 1.0, 0.75]",4.0
95,"[2, 4, 5]","[3, 4, 3]","[0.46, 0.88, 0.58]","[['D', 'A', 'B', 'C'], ['D', 'A', 'C', 'B'], ['B', 'A', 'D', 'C']]","{'A': 5, 'D': 4, 'B': 3, 'C': 3}","[0.58, 1.0, 0.75]",4.0
95,"[2, 4, 5]","[3, 4, 3]","[0.46, 0.88, 0.58]","[['D', 'A', 'B', 'C'], ['D', 'A', 'C', 'B'], ['B', 'D', 'A', 'C']]","{'A': 5, 'D': 4, 'B': 3, 'C': 3}","[0.58, 1.0, 0.75]",4.0
95,"[2, 4, 5]","[3, 4, 3]","[0.46, 0.88, 0.58]","[['D', 'A', 'B', 'C'], ['D', 'A', 'C', 'B'], ['D', 'A', 'B', 'C']]","{'A': 5, 'D': 4, 'B': 3, 'C': 3}","[0.58, 1.0, 0.75]",4.0
95,"[2, 4, 5]","[3, 4, 3]","[0.46, 0.88, 0.58]","[['D', 'A', 'B', 'C'], ['D', 'A', 'C', 'B'], ['D', 'B', 'A', 'C']]","{'A': 5, 'D': 4, 'B': 3, 'C': 3}","[0.58, 1.0, 0.75]",4.0
95,"[2, 4, 5]","[3, 4, 3]","[0.46, 0.88, 0.58]","[['D', 'A', 'B', 'C'], ['D', 'B', 'A', 'C'], ['A', 'C', 'D', 'B']]","{'A': 5, 'D': 4, 'B': 3, 'C': 3}","[0.58, 1.0, 0.75]",4.0
95,"[2, 4, 5]","[3, 4, 3]","[0.46, 0.88, 0.58]","[['D', 'A', 'B', 'C'], ['D', 'B', 'A', 'C'], ['A', 'D', 'C', 'B']]","{'A': 5, 'D': 4, 'B': 3, 'C': 3}","[0.58, 1.0, 0.75]",4.0
95,"[2, 4, 5]","[3, 4, 3]","[0.46, 0.88, 0.58]","[['D', 'A', 'B', 'C'], ['D', 'B', 'A', 'C'], ['C', 'A', 'D', 'B']]","{'A': 5, 'D': 4, 'B': 3, 'C': 3}","[0.58, 1.0, 0.75]",4.0
95,"[2, 4, 5]","[3, 4, 3]","[0.46, 0.88, 0.58]","[['D', 'A', 'B', 'C'], ['D', 'B', 'A', 'C'], ['C', 'D', 'A', 'B']]","{'A': 5, 'D': 4, 'B': 3, 'C': 3}","[0.58, 1.0, 0.75]",4.0
95,"[2, 4, 5]","[3, 4, 3]","[0.46, 0.88, 0.58]","[['D', 'A', 'B', 'C'], ['D', 'B', 'A', 'C'], ['D', 'A', 'C', 'B']]","{'A': 5, 'D': 4, 'B': 3, 'C': 3}","[0.58, 1.0, 0.75]",4.0
95,"[2, 4, 5]","[3, 4, 3]","[0.46, 0.88, 0.58]","[['D', 'A', 'B', 'C'], ['D', 'B', 'A', 'C'], ['D', 'C', 'A', 'B']]","{'A': 5, 'D': 4, 'B': 3, 'C': 3}","[0.58, 1.0, 0.75]",4.0
95,"[2, 4, 5]","[3, 4, 3]","[0.46, 0.88, 0.58]","[['D', 'A', 'B', 'C'], ['D', 'C', 'A', 'B'], ['A', 'B', 'D', 'C']]","{'A': 5, 'D': 4, 'B': 3, 'C': 3}","[0.58, 1.0, 0.75]",4.0
95,"[2, 4, 5]","[3, 4, 3]","[0.46, 0.88, 0.58]","[['D', 'A', 'B', 'C'], ['D', 'C', 'A', 'B'], ['A', 'D', 'B', 'C']]","{'A': 5, 'D': 4, 'B': 3, 'C': 3}","[0.58, 1.0, 0.75]",4.0
95,"[2, 4, 5]","[3, 4, 3]","[0.46, 0.88, 0.58]","[['D', 'A', 'B', 'C'], ['D', 'C', 'A', 'B'], ['B', 'A', 'D', 'C']]","{'A': 5, 'D': 4, 'B': 3, 'C': 3}","[0.58, 1.0, 0.75]",4.0
95,"[2, 4, 5]","[3, 4, 3]","[0.46, 0.88, 0.58]","[['D', 'A', 'B', 'C'], ['D', 'C', 'A', 'B'], ['B', 'D', 'A', 'C']]","{'A': 5, 'D': 4, 'B': 3, 'C': 3}","[0.58, 1.0, 0.75]",4.0
95,"[2, 4, 5]","[3, 4, 3]","[0.46, 0.88, 0.58]","[['D', 'A', 'B', 'C'], ['D', 'C', 'A', 'B'], ['D', 'A', 'B', 'C']]","{'A': 5, 'D': 4, 'B': 3, 'C': 3}","[0.58, 1.0, 0.75]",4.0
95,"[2, 4, 5]","[3, 4, 3]","[0.46, 0.88, 0.58]","[['D', 'A', 'B', 'C'], ['D', 'C', 'A', 'B'], ['D', 'B', 'A', 'C']]","{'A': 5, 'D': 4, 'B': 3, 'C': 3}","[0.58, 1.0, 0.75]",4.0
95,"[2, 4, 5]","[3, 4, 3]","[0.46, 0.88, 0.58]","[['D', 'A', 'C', 'B'], ['A', 'B', 'D', 'C'], ['A', 'B', 'D', 'C']]","{'A': 5, 'D': 4, 'B': 3, 'C': 3}","[0.58, 1.0, 0.75]",4.0
95,"[2, 4, 5]","[3, 4, 3]","[0.46, 0.88, 0.58]","[['D', 'A', 'C', 'B'], ['A', 'B', 'D', 'C'], ['A', 'D', 'B', 'C']]","{'A': 5, 'D': 4, 'B': 3, 'C': 3}","[0.58, 1.0, 0.75]",4.0
95,"[2, 4, 5]","[3, 4, 3]","[0.46, 0.88, 0.58]","[['D', 'A', 'C', 'B'], ['A', 'B', 'D', 'C'], ['B', 'A', 'D', 'C']]","{'A': 5, 'D': 4, 'B': 3, 'C': 3}","[0.58, 1.0, 0.75]",4.0
95,"[2, 4, 5]","[3, 4, 3]","[0.46, 0.88, 0.58]","[['D', 'A', 'C', 'B'], ['A', 'B', 'D', 'C'], ['B', 'D', 'A', 'C']]","{'A': 5, 'D': 4, 'B': 3, 'C': 3}","[0.58, 1.0, 0.75]",4.0
95,"[2, 4, 5]","[3, 4, 3]","[0.46, 0.88, 0.58]","[['D', 'A', 'C', 'B'], ['A', 'B', 'D', 'C'], ['D', 'A', 'B', 'C']]","{'A': 5, 'D': 4, 'B': 3, 'C': 3}","[0.58, 1.0, 0.75]",4.0
95,"[2, 4, 5]","[3, 4, 3]","[0.46, 0.88, 0.58]","[['D', 'A', 'C', 'B'], ['A', 'B', 'D', 'C'], ['D', 'B', 'A', 'C']]","{'A': 5, 'D': 4, 'B': 3, 'C': 3}","[0.58, 1.0, 0.75]",4.0
95,"[2, 4, 5]","[3, 4, 3]","[0.46, 0.88, 0.58]","[['D', 'A', 'C', 'B'], ['A', 'D', 'B', 'C'], ['A', 'B', 'D', 'C']]","{'A': 5, 'D': 4, 'B': 3, 'C': 3}","[0.58, 1.0, 0.75]",4.0
95,"[2, 4, 5]","[3, 4, 3]","[0.46, 0.88, 0.58]","[['D', 'A', 'C', 'B'], ['A', 'D', 'B', 'C'], ['A', 'D', 'B', 'C']]","{'A': 5, 'D': 4, 'B': 3, 'C': 3}","[0.58, 1.0, 0.75]",4.0
95,"[2, 4, 5]","[3, 4, 3]","[0.46, 0.88, 0.58]","[['D', 'A', 'C', 'B'], ['A', 'D', 'B', 'C'], ['B', 'A', 'D', 'C']]","{'A': 5, 'D': 4, 'B': 3, 'C': 3}","[0.58, 1.0, 0.75]",4.0
95,"[2, 4, 5]","[3, 4, 3]","[0.46, 0.88, 0.58]","[['D', 'A', 'C', 'B'], ['A', 'D', 'B', 'C'], ['B', 'D', 'A', 'C']]","{'A': 5, 'D': 4, 'B': 3, 'C': 3}","[0.58, 1.0, 0.75]",4.0
95,"[2, 4, 5]","[3, 4, 3]","[0.46, 0.88, 0.58]","[['D', 'A', 'C', 'B'], ['A', 'D', 'B', 'C'], ['D', 'A', 'B', 'C']]","{'A': 5, 'D': 4, 'B': 3, 'C': 3}","[0.58, 1.0, 0.75]",4.0
95,"[2, 4, 5]","[3, 4, 3]","[0.46, 0.88, 0.58]","[['D', 'A', 'C', 'B'], ['A', 'D', 'B', 'C'], ['D', 'B', 'A', 'C']]","{'A': 5, 'D': 4, 'B': 3, 'C': 3}","[0.58, 1.0, 0.75]",4.0
95,"[2, 4, 5]","[3, 4, 3]","[0.46, 0.88, 0.58]","[['D', 'A', 'C', 'B'], ['B', 'A', 'D', 'C'], ['A', 'B', 'D', 'C']]","{'A': 5, 'D': 4, 'B': 3, 'C': 3}","[0.58, 1.0, 0.75]",4.0
95,"[2, 4, 5]","[3, 4, 3]","[0.46, 0.88, 0.58]","[['D', 'A', 'C', 'B'], ['B', 'A', 'D', 'C'], ['A', 'D', 'B', 'C']]","{'A': 5, 'D': 4, 'B': 3, 'C': 3}","[0.58, 1.0, 0.75]",4.0
95,"[2, 4, 5]","[3, 4, 3]","[0.46, 0.88, 0.58]","[['D', 'A', 'C', 'B'], ['B', 'A', 'D', 'C'], ['B', 'A', 'D', 'C']]","{'A': 5, 'D': 4, 'B': 3, 'C': 3}","[0.58, 1.0, 0.75]",4.0
95,"[2, 4, 5]","[3, 4, 3]","[0.46, 0.88, 0.58]","[['D', 'A', 'C', 'B'], ['B', 'A', 'D', 'C'], ['B', 'D', 'A', 'C']]","{'A': 5, 'D': 4, 'B': 3, 'C': 3}","[0.58, 1.0, 0.75]",4.0
95,"[2, 4, 5]","[3, 4, 3]","[0.46, 0.88, 0.58]","[['D', 'A', 'C', 'B'], ['B', 'A', 'D', 'C'], ['D', 'A', 'B', 'C']]","{'A': 5, 'D': 4, 'B': 3, 'C': 3}","[0.58, 1.0, 0.75]",4.0
95,"[2, 4, 5]","[3, 4, 3]","[0.46, 0.88, 0.58]","[['D', 'A', 'C', 'B'], ['B', 'A', 'D', 'C'], ['D', 'B', 'A', 'C']]","{'A': 5, 'D': 4, 'B': 3, 'C': 3}","[0.58, 1.0, 0.75]",4.0
95,"[2, 4, 5]","[3, 4, 3]","[0.46, 0.88, 0.58]","[['D', 'A', 'C', 'B'], ['B', 'D', 'A', 'C'], ['A', 'B', 'D', 'C']]","{'A': 5, 'D': 4, 'B': 3, 'C': 3}","[0.58, 1.0, 0.75]",4.0
95,"[2, 4, 5]","[3, 4, 3]","[0.46, 0.88, 0.58]","[['D', 'A', 'C', 'B'], ['B', 'D', 'A', 'C'], ['A', 'D', 'B', 'C']]","{'A': 5, 'D': 4, 'B': 3, 'C': 3}","[0.58, 1.0, 0.75]",4.0
95,"[2, 4, 5]","[3, 4, 3]","[0.46, 0.88, 0.58]","[['D', 'A', 'C', 'B'], ['B', 'D', 'A', 'C'], ['B', 'A', 'D', 'C']]","{'A': 5, 'D': 4, 'B': 3, 'C': 3}","[0.58, 1.0, 0.75]",4.0
95,"[2, 4, 5]","[3, 4, 3]","[0.46, 0.88, 0.58]","[['D', 'A', 'C', 'B'], ['B', 'D', 'A', 'C'], ['B', 'D', 'A', 'C']]","{'A': 5, 'D': 4, 'B': 3, 'C': 3}","[0.58, 1.0, 0.75]",4.0
95,"[2, 4, 5]","[3, 4, 3]","[0.46, 0.88, 0.58]","[['D', 'A', 'C', 'B'], ['B', 'D', 'A', 'C'], ['D', 'A', 'B', 'C']]","{'A': 5, 'D': 4, 'B': 3, 'C': 3}","[0.58, 1.0, 0.75]",4.0
95,"[2, 4, 5]","[3, 4, 3]","[0.46, 0.88, 0.58]","[['D', 'A', 'C', 'B'], ['B', 'D', 'A', 'C'], ['D', 'B', 'A', 'C']]","{'A': 5, 'D': 4, 'B': 3, 'C': 3}","[0.58, 1.0, 0.75]",4.0
95,"[2, 4, 5]","[3, 4, 3]","[0.46, 0.88, 0.58]","[['D', 'A', 'C', 'B'], ['D', 'A', 'B', 'C'], ['A', 'B', 'D', 'C']]","{'A': 5, 'D': 4, 'B': 3, 'C': 3}","[0.58, 1.0, 0.75]",4.0
95,"[2, 4, 5]","[3, 4, 3]","[0.46, 0.88, 0.58]","[['D', 'A', 'C', 'B'], ['D', 'A', 'B', 'C'], ['A', 'D', 'B', 'C']]","{'A': 5, 'D': 4, 'B': 3, 'C': 3}","[0.58, 1.0, 0.75]",4.0
95,"[2, 4, 5]","[3, 4, 3]","[0.46, 0.88, 0.58]","[['D', 'A', 'C', 'B'], ['D', 'A', 'B', 'C'], ['B', 'A', 'D', 'C']]","{'A': 5, 'D': 4, 'B': 3, 'C': 3}","[0.58, 1.0, 0.75]",4.0
95,"[2, 4, 5]","[3, 4, 3]","[0.46, 0.88, 0.58]","[['D', 'A', 'C', 'B'], ['D', 'A', 'B', 'C'], ['B', 'D', 'A', 'C']]","{'A': 5, 'D': 4, 'B': 3, 'C': 3}","[0.58, 1.0, 0.75]",4.0
95,"[2, 4, 5]","[3, 4, 3]","[0.46, 0.88, 0.58]","[['D', 'A', 'C', 'B'], ['D', 'A', 'B', 'C'], ['D', 'A', 'B', 'C']]","{'A': 5, 'D': 4, 'B': 3, 'C': 3}","[0.58, 1.0, 0.75]",4.0
95,"[2, 4, 5]","[3, 4, 3]","[0.46, 0.88, 0.58]","[['D', 'A', 'C', 'B'], ['D', 'A', 'B', 'C'], ['D', 'B', 'A', 'C']]","{'A': 5, 'D': 4, 'B': 3, 'C': 3}","[0.58, 1.0, 0.75]",4.0
95,"[2, 4, 5]","[3, 4, 3]","[0.46, 0.88, 0.58]","[['D', 'A', 'C', 'B'], ['D', 'B', 'A', 'C'], ['A', 'B', 'D', 'C']]","{'A': 5, 'D': 4, 'B': 3, 'C': 3}","[0.58, 1.0, 0.75]",4.0
95,"[2, 4, 5]","[3, 4, 3]","[0.46, 0.88, 0.58]","[['D', 'A', 'C', 'B'], ['D', 'B', 'A', 'C'], ['A', 'D', 'B', 'C']]","{'A': 5, 'D': 4, 'B': 3, 'C': 3}","[0.58, 1.0, 0.75]",4.0
95,"[2, 4, 5]","[3, 4, 3]","[0.46, 0.88, 0.58]","[['D', 'A', 'C', 'B'], ['D', 'B', 'A', 'C'], ['B', 'A', 'D', 'C']]","{'A': 5, 'D': 4, 'B': 3, 'C': 3}","[0.58, 1.0, 0.75]",4.0
95,"[2, 4, 5]","[3, 4, 3]","[0.46, 0.88, 0.58]","[['D', 'A', 'C', 'B'], ['D', 'B', 'A', 'C'], ['B', 'D', 'A', 'C']]","{'A': 5, 'D': 4, 'B': 3, 'C': 3}","[0.58, 1.0, 0.75]",4.0
95,"[2, 4, 5]","[3, 4, 3]","[0.46, 0.88, 0.58]","[['D', 'A', 'C', 'B'], ['D', 'B', 'A', 'C'], ['D', 'A', 'B', 'C']]","{'A': 5, 'D': 4, 'B': 3, 'C': 3}","[0.58, 1.0, 0.75]",4.0
95,"[2, 4, 5]","[3, 4, 3]","[0.46, 0.88, 0.58]","[['D', 'A', 'C', 'B'], ['D', 'B', 'A', 'C'], ['D', 'B', 'A', 'C']]","{'A': 5, 'D': 4, 'B': 3, 'C': 3}","[0.58, 1.0, 0.75]",4.0
95,"[2, 4, 5]","[3, 4, 3]","[0.46, 0.88, 0.58]","[['D', 'B', 'A', 'C'], ['A', 'B', 'D', 'C'], ['A', 'C', 'D', 'B']]","{'A': 5, 'D': 4, 'B': 3, 'C': 3}","[0.58, 1.0, 0.75]",4.0
95,"[2, 4, 5]","[3, 4, 3]","[0.46, 0.88, 0.58]","[['D', 'B', 'A', 'C'], ['A', 'B', 'D', 'C'], ['A', 'D', 'C', 'B']]","{'A': 5, 'D': 4, 'B': 3, 'C': 3}","[0.58, 1.0, 0.75]",4.0
95,"[2, 4, 5]","[3, 4, 3]","[0.46, 0.88, 0.58]","[['D', 'B', 'A', 'C'], ['A', 'B', 'D', 'C'], ['C', 'A', 'D', 'B']]","{'A': 5, 'D': 4, 'B': 3, 'C': 3}","[0.58, 1.0, 0.75]",4.0
95,"[2, 4, 5]","[3, 4, 3]","[0.46, 0.88, 0.58]","[['D', 'B', 'A', 'C'], ['A', 'B', 'D', 'C'], ['C', 'D', 'A', 'B']]","{'A': 5, 'D': 4, 'B': 3, 'C': 3}","[0.58, 1.0, 0.75]",4.0
95,"[2, 4, 5]","[3, 4, 3]","[0.46, 0.88, 0.58]","[['D', 'B', 'A', 'C'], ['A', 'B', 'D', 'C'], ['D', 'A', 'C', 'B']]","{'A': 5, 'D': 4, 'B': 3, 'C': 3}","[0.58, 1.0, 0.75]",4.0
95,"[2, 4, 5]","[3, 4, 3]","[0.46, 0.88, 0.58]","[['D', 'B', 'A', 'C'], ['A', 'B', 'D', 'C'], ['D', 'C', 'A', 'B']]","{'A': 5, 'D': 4, 'B': 3, 'C': 3}","[0.58, 1.0, 0.75]",4.0
95,"[2, 4, 5]","[3, 4, 3]","[0.46, 0.88, 0.58]","[['D', 'B', 'A', 'C'], ['A', 'C', 'D', 'B'], ['A', 'B', 'D', 'C']]","{'A': 5, 'D': 4, 'B': 3, 'C': 3}","[0.58, 1.0, 0.75]",4.0
95,"[2, 4, 5]","[3, 4, 3]","[0.46, 0.88, 0.58]","[['D', 'B', 'A', 'C'], ['A', 'C', 'D', 'B'], ['A', 'D', 'B', 'C']]","{'A': 5, 'D': 4, 'B': 3, 'C': 3}","[0.58, 1.0, 0.75]",4.0
95,"[2, 4, 5]","[3, 4, 3]","[0.46, 0.88, 0.58]","[['D', 'B', 'A', 'C'], ['A', 'C', 'D', 'B'], ['B', 'A', 'D', 'C']]","{'A': 5, 'D': 4, 'B': 3, 'C': 3}","[0.58, 1.0, 0.75]",4.0
95,"[2, 4, 5]","[3, 4, 3]","[0.46, 0.88, 0.58]","[['D', 'B', 'A', 'C'], ['A', 'C', 'D', 'B'], ['B', 'D', 'A', 'C']]","{'A': 5, 'D': 4, 'B': 3, 'C': 3}","[0.58, 1.0, 0.75]",4.0
95,"[2, 4, 5]","[3, 4, 3]","[0.46, 0.88, 0.58]","[['D', 'B', 'A', 'C'], ['A', 'C', 'D', 'B'], ['D', 'A', 'B', 'C']]","{'A': 5, 'D': 4, 'B': 3, 'C': 3}","[0.58, 1.0, 0.75]",4.0
95,"[2, 4, 5]","[3, 4, 3]","[0.46, 0.88, 0.58]","[['D', 'B', 'A', 'C'], ['A', 'C', 'D', 'B'], ['D', 'B', 'A', 'C']]","{'A': 5, 'D': 4, 'B': 3, 'C': 3}","[0.58, 1.0, 0.75]",4.0
95,"[2, 4, 5]","[3, 4, 3]","[0.46, 0.88, 0.58]","[['D', 'B', 'A', 'C'], ['A', 'D', 'B', 'C'], ['A', 'C', 'D', 'B']]","{'A': 5, 'D': 4, 'B': 3, 'C': 3}","[0.58, 1.0, 0.75]",4.0
95,"[2, 4, 5]","[3, 4, 3]","[0.46, 0.88, 0.58]","[['D', 'B', 'A', 'C'], ['A', 'D', 'B', 'C'], ['A', 'D', 'C', 'B']]","{'A': 5, 'D': 4, 'B': 3, 'C': 3}","[0.58, 1.0, 0.75]",4.0
95,"[2, 4, 5]","[3, 4, 3]","[0.46, 0.88, 0.58]","[['D', 'B', 'A', 'C'], ['A', 'D', 'B', 'C'], ['C', 'A', 'D', 'B']]","{'A': 5, 'D': 4, 'B': 3, 'C': 3}","[0.58, 1.0, 0.75]",4.0
95,"[2, 4, 5]","[3, 4, 3]","[0.46, 0.88, 0.58]","[['D', 'B', 'A', 'C'], ['A', 'D', 'B', 'C'], ['C', 'D', 'A', 'B']]","{'A': 5, 'D': 4, 'B': 3, 'C': 3}","[0.58, 1.0, 0.75]",4.0
95,"[2, 4, 5]","[3, 4, 3]","[0.46, 0.88, 0.58]","[['D', 'B', 'A', 'C'], ['A', 'D', 'B', 'C'], ['D', 'A', 'C', 'B']]","{'A': 5, 'D': 4, 'B': 3, 'C': 3}","[0.58, 1.0, 0.75]",4.0
95,"[2, 4, 5]","[3, 4, 3]","[0.46, 0.88, 0.58]","[['D', 'B', 'A', 'C'], ['A', 'D', 'B', 'C'], ['D', 'C', 'A', 'B']]","{'A': 5, 'D': 4, 'B': 3, 'C': 3}","[0.58, 1.0, 0.75]",4.0
95,"[2, 4, 5]","[3, 4, 3]","[0.46, 0.88, 0.58]","[['D', 'B', 'A', 'C'], ['A', 'D', 'C', 'B'], ['A', 'B', 'D', 'C']]","{'A': 5, 'D': 4, 'B': 3, 'C': 3}","[0.58, 1.0, 0.75]",4.0
95,"[2, 4, 5]","[3, 4, 3]","[0.46, 0.88, 0.58]","[['D', 'B', 'A', 'C'], ['A', 'D', 'C', 'B'], ['A', 'D', 'B', 'C']]","{'A': 5, 'D': 4, 'B': 3, 'C': 3}","[0.58, 1.0, 0.75]",4.0
95,"[2, 4, 5]","[3, 4, 3]","[0.46, 0.88, 0.58]","[['D', 'B', 'A', 'C'], ['A', 'D', 'C', 'B'], ['B', 'A', 'D', 'C']]","{'A': 5, 'D': 4, 'B': 3, 'C': 3}","[0.58, 1.0, 0.75]",4.0
95,"[2, 4, 5]","[3, 4, 3]","[0.46, 0.88, 0.58]","[['D', 'B', 'A', 'C'], ['A', 'D', 'C', 'B'], ['B', 'D', 'A', 'C']]","{'A': 5, 'D': 4, 'B': 3, 'C': 3}","[0.58, 1.0, 0.75]",4.0
95,"[2, 4, 5]","[3, 4, 3]","[0.46, 0.88, 0.58]","[['D', 'B', 'A', 'C'], ['A', 'D', 'C', 'B'], ['D', 'A', 'B', 'C']]","{'A': 5, 'D': 4, 'B': 3, 'C': 3}","[0.58, 1.0, 0.75]",4.0
95,"[2, 4, 5]","[3, 4, 3]","[0.46, 0.88, 0.58]","[['D', 'B', 'A', 'C'], ['A', 'D', 'C', 'B'], ['D', 'B', 'A', 'C']]","{'A': 5, 'D': 4, 'B': 3, 'C': 3}","[0.58, 1.0, 0.75]",4.0
95,"[2, 4, 5]","[3, 4, 3]","[0.46, 0.88, 0.58]","[['D', 'B', 'A', 'C'], ['B', 'A', 'D', 'C'], ['A', 'C', 'D', 'B']]","{'A': 5, 'D': 4, 'B': 3, 'C': 3}","[0.58, 1.0, 0.75]",4.0
95,"[2, 4, 5]","[3, 4, 3]","[0.46, 0.88, 0.58]","[['D', 'B', 'A', 'C'], ['B', 'A', 'D', 'C'], ['A', 'D', 'C', 'B']]","{'A': 5, 'D': 4, 'B': 3, 'C': 3}","[0.58, 1.0, 0.75]",4.0
95,"[2, 4, 5]","[3, 4, 3]","[0.46, 0.88, 0.58]","[['D', 'B', 'A', 'C'], ['B', 'A', 'D', 'C'], ['C', 'A', 'D', 'B']]","{'A': 5, 'D': 4, 'B': 3, 'C': 3}","[0.58, 1.0, 0.75]",4.0
95,"[2, 4, 5]","[3, 4, 3]","[0.46, 0.88, 0.58]","[['D', 'B', 'A', 'C'], ['B', 'A', 'D', 'C'], ['C', 'D', 'A', 'B']]","{'A': 5, 'D': 4, 'B': 3, 'C': 3}","[0.58, 1.0, 0.75]",4.0
95,"[2, 4, 5]","[3, 4, 3]","[0.46, 0.88, 0.58]","[['D', 'B', 'A', 'C'], ['B', 'A', 'D', 'C'], ['D', 'A', 'C', 'B']]","{'A': 5, 'D': 4, 'B': 3, 'C': 3}","[0.58, 1.0, 0.75]",4.0
95,"[2, 4, 5]","[3, 4, 3]","[0.46, 0.88, 0.58]","[['D', 'B', 'A', 'C'], ['B', 'A', 'D', 'C'], ['D', 'C', 'A', 'B']]","{'A': 5, 'D': 4, 'B': 3, 'C': 3}","[0.58, 1.0, 0.75]",4.0
95,"[2, 4, 5]","[3, 4, 3]","[0.46, 0.88, 0.58]","[['D', 'B', 'A', 'C'], ['B', 'D', 'A', 'C'], ['A', 'C', 'D', 'B']]","{'A': 5, 'D': 4, 'B': 3, 'C': 3}","[0.58, 1.0, 0.75]",4.0
95,"[2, 4, 5]","[3, 4, 3]","[0.46, 0.88, 0.58]","[['D', 'B', 'A', 'C'], ['B', 'D', 'A', 'C'], ['A', 'D', 'C', 'B']]","{'A': 5, 'D': 4, 'B': 3, 'C': 3}","[0.58, 1.0, 0.75]",4.0
95,"[2, 4, 5]","[3, 4, 3]","[0.46, 0.88, 0.58]","[['D', 'B', 'A', 'C'], ['B', 'D', 'A', 'C'], ['C', 'A', 'D', 'B']]","{'A': 5, 'D': 4, 'B': 3, 'C': 3}","[0.58, 1.0, 0.75]",4.0
95,"[2, 4, 5]","[3, 4, 3]","[0.46, 0.88, 0.58]","[['D', 'B', 'A', 'C'], ['B', 'D', 'A', 'C'], ['C', 'D', 'A', 'B']]","{'A': 5, 'D': 4, 'B': 3, 'C': 3}","[0.58, 1.0, 0.75]",4.0
95,"[2, 4, 5]","[3, 4, 3]","[0.46, 0.88, 0.58]","[['D', 'B', 'A', 'C'], ['B', 'D', 'A', 'C'], ['D', 'A', 'C', 'B']]","{'A': 5, 'D': 4, 'B': 3, 'C': 3}","[0.58, 1.0, 0.75]",4.0
95,"[2, 4, 5]","[3, 4, 3]","[0.46, 0.88, 0.58]","[['D', 'B', 'A', 'C'], ['B', 'D', 'A', 'C'], ['D', 'C', 'A', 'B']]","{'A': 5, 'D': 4, 'B': 3, 'C': 3}","[0.58, 1.0, 0.75]",4.0
95,"[2, 4, 5]","[3, 4, 3]","[0.46, 0.88, 0.58]","[['D', 'B', 'A', 'C'], ['C', 'A', 'D', 'B'], ['A', 'B', 'D', 'C']]","{'A': 5, 'D': 4, 'B': 3, 'C': 3}","[0.58, 1.0, 0.75]",4.0
95,"[2, 4, 5]","[3, 4, 3]","[0.46, 0.88, 0.58]","[['D', 'B', 'A', 'C'], ['C', 'A', 'D', 'B'], ['A', 'D', 'B', 'C']]","{'A': 5, 'D': 4, 'B': 3, 'C': 3}","[0.58, 1.0, 0.75]",4.0
95,"[2, 4, 5]","[3, 4, 3]","[0.46, 0.88, 0.58]","[['D', 'B', 'A', 'C'], ['C', 'A', 'D', 'B'], ['B', 'A', 'D', 'C']]","{'A': 5, 'D': 4, 'B': 3, 'C': 3}","[0.58, 1.0, 0.75]",4.0
95,"[2, 4, 5]","[3, 4, 3]","[0.46, 0.88, 0.58]","[['D', 'B', 'A', 'C'], ['C', 'A', 'D', 'B'], ['B', 'D', 'A', 'C']]","{'A': 5, 'D': 4, 'B': 3, 'C': 3}","[0.58, 1.0, 0.75]",4.0
95,"[2, 4, 5]","[3, 4, 3]","[0.46, 0.88, 0.58]","[['D', 'B', 'A', 'C'], ['C', 'A', 'D', 'B'], ['D', 'A', 'B', 'C']]","{'A': 5, 'D': 4, 'B': 3, 'C': 3}","[0.58, 1.0, 0.75]",4.0
95,"[2, 4, 5]","[3, 4, 3]","[0.46, 0.88, 0.58]","[['D', 'B', 'A', 'C'], ['C', 'A', 'D', 'B'], ['D', 'B', 'A', 'C']]","{'A': 5, 'D': 4, 'B': 3, 'C': 3}","[0.58, 1.0, 0.75]",4.0
95,"[2, 4, 5]","[3, 4, 3]","[0.46, 0.88, 0.58]","[['D', 'B', 'A', 'C'], ['C', 'D', 'A', 'B'], ['A', 'B', 'D', 'C']]","{'A': 5, 'D': 4, 'B': 3, 'C': 3}","[0.58, 1.0, 0.75]",4.0
95,"[2, 4, 5]","[3, 4, 3]","[0.46, 0.88, 0.58]","[['D', 'B', 'A', 'C'], ['C', 'D', 'A', 'B'], ['A', 'D', 'B', 'C']]","{'A': 5, 'D': 4, 'B': 3, 'C': 3}","[0.58, 1.0, 0.75]",4.0
95,"[2, 4, 5]","[3, 4, 3]","[0.46, 0.88, 0.58]","[['D', 'B', 'A', 'C'], ['C', 'D', 'A', 'B'], ['B', 'A', 'D', 'C']]","{'A': 5, 'D': 4, 'B': 3, 'C': 3}","[0.58, 1.0, 0.75]",4.0
95,"[2, 4, 5]","[3, 4, 3]","[0.46, 0.88, 0.58]","[['D', 'B', 'A', 'C'], ['C', 'D', 'A', 'B'], ['B', 'D', 'A', 'C']]","{'A': 5, 'D': 4, 'B': 3, 'C': 3}","[0.58, 1.0, 0.75]",4.0
95,"[2, 4, 5]","[3, 4, 3]","[0.46, 0.88, 0.58]","[['D', 'B', 'A', 'C'], ['C', 'D', 'A', 'B'], ['D', 'A', 'B', 'C']]","{'A': 5, 'D': 4, 'B': 3, 'C': 3}","[0.58, 1.0, 0.75]",4.0
95,"[2, 4, 5]","[3, 4, 3]","[0.46, 0.88, 0.58]","[['D', 'B', 'A', 'C'], ['C', 'D', 'A', 'B'], ['D', 'B', 'A', 'C']]","{'A': 5, 'D': 4, 'B': 3, 'C': 3}","[0.58, 1.0, 0.75]",4.0
95,"[2, 4, 5]","[3, 4, 3]","[0.46, 0.88, 0.58]","[['D', 'B', 'A', 'C'], ['D', 'A', 'B', 'C'], ['A', 'C', 'D', 'B']]","{'A': 5, 'D': 4, 'B': 3, 'C': 3}","[0.58, 1.0, 0.75]",4.0
95,"[2, 4, 5]","[3, 4, 3]","[0.46, 0.88, 0.58]","[['D', 'B', 'A', 'C'], ['D', 'A', 'B', 'C'], ['A', 'D', 'C', 'B']]","{'A': 5, 'D': 4, 'B': 3, 'C': 3}","[0.58, 1.0, 0.75]",4.0
95,"[2, 4, 5]","[3, 4, 3]","[0.46, 0.88, 0.58]","[['D', 'B', 'A', 'C'], ['D', 'A', 'B', 'C'], ['C', 'A', 'D', 'B']]","{'A': 5, 'D': 4, 'B': 3, 'C': 3}","[0.58, 1.0, 0.75]",4.0
95,"[2, 4, 5]","[3, 4, 3]","[0.46, 0.88, 0.58]","[['D', 'B', 'A', 'C'], ['D', 'A', 'B', 'C'], ['C', 'D', 'A', 'B']]","{'A': 5, 'D': 4, 'B': 3, 'C': 3}","[0.58, 1.0, 0.75]",4.0
95,"[2, 4, 5]","[3, 4, 3]","[0.46, 0.88, 0.58]","[['D', 'B', 'A', 'C'], ['D', 'A', 'B', 'C'], ['D', 'A', 'C', 'B']]","{'A': 5, 'D': 4, 'B': 3, 'C': 3}","[0.58, 1.0, 0.75]",4.0
95,"[2, 4, 5]","[3, 4, 3]","[0.46, 0.88, 0.58]","[['D', 'B', 'A', 'C'], ['D', 'A', 'B', 'C'], ['D', 'C', 'A', 'B']]","{'A': 5, 'D': 4, 'B': 3, 'C': 3}","[0.58, 1.0, 0.75]",4.0
95,"[2, 4, 5]","[3, 4, 3]","[0.46, 0.88, 0.58]","[['D', 'B', 'A', 'C'], ['D', 'A', 'C', 'B'], ['A', 'B', 'D', 'C']]","{'A': 5, 'D': 4, 'B': 3, 'C': 3}","[0.58, 1.0, 0.75]",4.0
95,"[2, 4, 5]","[3, 4, 3]","[0.46, 0.88, 0.58]","[['D', 'B', 'A', 'C'], ['D', 'A', 'C', 'B'], ['A', 'D', 'B', 'C']]","{'A': 5, 'D': 4, 'B': 3, 'C': 3}","[0.58, 1.0, 0.75]",4.0
95,"[2, 4, 5]","[3, 4, 3]","[0.46, 0.88, 0.58]","[['D', 'B', 'A', 'C'], ['D', 'A', 'C', 'B'], ['B', 'A', 'D', 'C']]","{'A': 5, 'D': 4, 'B': 3, 'C': 3}","[0.58, 1.0, 0.75]",4.0
95,"[2, 4, 5]","[3, 4, 3]","[0.46, 0.88, 0.58]","[['D', 'B', 'A', 'C'], ['D', 'A', 'C', 'B'], ['B', 'D', 'A', 'C']]","{'A': 5, 'D': 4, 'B': 3, 'C': 3}","[0.58, 1.0, 0.75]",4.0
95,"[2, 4, 5]","[3, 4, 3]","[0.46, 0.88, 0.58]","[['D', 'B', 'A', 'C'], ['D', 'A', 'C', 'B'], ['D', 'A', 'B', 'C']]","{'A': 5, 'D': 4, 'B': 3, 'C': 3}","[0.58, 1.0, 0.75]",4.0
95,"[2, 4, 5]","[3, 4, 3]","[0.46, 0.88, 0.58]","[['D', 'B', 'A', 'C'], ['D', 'A', 'C', 'B'], ['D', 'B', 'A', 'C']]","{'A': 5, 'D': 4, 'B': 3, 'C': 3}","[0.58, 1.0, 0.75]",4.0
95,"[2, 4, 5]","[3, 4, 3]","[0.46, 0.88, 0.58]","[['D', 'B', 'A', 'C'], ['D', 'B', 'A', 'C'], ['A', 'C', 'D', 'B']]","{'A': 5, 'D': 4, 'B': 3, 'C': 3}","[0.58, 1.0, 0.75]",4.0
95,"[2, 4, 5]","[3, 4, 3]","[0.46, 0.88, 0.58]","[['D', 'B', 'A', 'C'], ['D', 'B', 'A', 'C'], ['A', 'D', 'C', 'B']]","{'A': 5, 'D': 4, 'B': 3, 'C': 3}","[0.58, 1.0, 0.75]",4.0
95,"[2, 4, 5]","[3, 4, 3]","[0.46, 0.88, 0.58]","[['D', 'B', 'A', 'C'], ['D', 'B', 'A', 'C'], ['C', 'A', 'D', 'B']]","{'A': 5, 'D': 4, 'B': 3, 'C': 3}","[0.58, 1.0, 0.75]",4.0
95,"[2, 4, 5]","[3, 4, 3]","[0.46, 0.88, 0.58]","[['D', 'B', 'A', 'C'], ['D', 'B', 'A', 'C'], ['C', 'D', 'A', 'B']]","{'A': 5, 'D': 4, 'B': 3, 'C': 3}","[0.58, 1.0, 0.75]",4.0
95,"[2, 4, 5]","[3, 4, 3]","[0.46, 0.88, 0.58]","[['D', 'B', 'A', 'C'], ['D', 'B', 'A', 'C'], ['D', 'A', 'C', 'B']]","{'A': 5, 'D': 4, 'B': 3, 'C': 3}","[0.58, 1.0, 0.75]",4.0
95,"[2, 4, 5]","[3, 4, 3]","[0.46, 0.88, 0.58]","[['D', 'B', 'A', 'C'], ['D', 'B', 'A', 'C'], ['D', 'C', 'A', 'B']]","{'A': 5, 'D': 4, 'B': 3, 'C': 3}","[0.58, 1.0, 0.75]",4.0
95,"[2, 4, 5]","[3, 4, 3]","[0.46, 0.88, 0.58]","[['D', 'B', 'A', 'C'], ['D', 'C', 'A', 'B'], ['A', 'B', 'D', 'C']]","{'A': 5, 'D': 4, 'B': 3, 'C': 3}","[0.58, 1.0, 0.75]",4.0
95,"[2, 4, 5]","[3, 4, 3]","[0.46, 0.88, 0.58]","[['D', 'B', 'A', 'C'], ['D', 'C', 'A', 'B'], ['A', 'D', 'B', 'C']]","{'A': 5, 'D': 4, 'B': 3, 'C': 3}","[0.58, 1.0, 0.75]",4.0
95,"[2, 4, 5]","[3, 4, 3]","[0.46, 0.88, 0.58]","[['D', 'B', 'A', 'C'], ['D', 'C', 'A', 'B'], ['B', 'A', 'D', 'C']]","{'A': 5, 'D': 4, 'B': 3, 'C': 3}","[0.58, 1.0, 0.75]",4.0
95,"[2, 4, 5]","[3, 4, 3]","[0.46, 0.88, 0.58]","[['D', 'B', 'A', 'C'], ['D', 'C', 'A', 'B'], ['B', 'D', 'A', 'C']]","{'A': 5, 'D': 4, 'B': 3, 'C': 3}","[0.58, 1.0, 0.75]",4.0
95,"[2, 4, 5]","[3, 4, 3]","[0.46, 0.88, 0.58]","[['D', 'B', 'A', 'C'], ['D', 'C', 'A', 'B'], ['D', 'A', 'B', 'C']]","{'A': 5, 'D': 4, 'B': 3, 'C': 3}","[0.58, 1.0, 0.75]",4.0
95,"[2, 4, 5]","[3, 4, 3]","[0.46, 0.88, 0.58]","[['D', 'B', 'A', 'C'], ['D', 'C', 'A', 'B'], ['D', 'B', 'A', 'C']]","{'A': 5, 'D': 4, 'B': 3, 'C': 3}","[0.58, 1.0, 0.75]",4.0
95,"[2, 4, 5]","[3, 4, 3]","[0.46, 0.88, 0.58]","[['D', 'C', 'A', 'B'], ['A', 'B', 'D', 'C'], ['A', 'B', 'D', 'C']]","{'A': 5, 'D': 4, 'B': 3, 'C': 3}","[0.58, 1.0, 0.75]",4.0
95,"[2, 4, 5]","[3, 4, 3]","[0.46, 0.88, 0.58]","[['D', 'C', 'A', 'B'], ['A', 'B', 'D', 'C'], ['A', 'D', 'B', 'C']]","{'A': 5, 'D': 4, 'B': 3, 'C': 3}","[0.58, 1.0, 0.75]",4.0
95,"[2, 4, 5]","[3, 4, 3]","[0.46, 0.88, 0.58]","[['D', 'C', 'A', 'B'], ['A', 'B', 'D', 'C'], ['B', 'A', 'D', 'C']]","{'A': 5, 'D': 4, 'B': 3, 'C': 3}","[0.58, 1.0, 0.75]",4.0
95,"[2, 4, 5]","[3, 4, 3]","[0.46, 0.88, 0.58]","[['D', 'C', 'A', 'B'], ['A', 'B', 'D', 'C'], ['B', 'D', 'A', 'C']]","{'A': 5, 'D': 4, 'B': 3, 'C': 3}","[0.58, 1.0, 0.75]",4.0
95,"[2, 4, 5]","[3, 4, 3]","[0.46, 0.88, 0.58]","[['D', 'C', 'A', 'B'], ['A', 'B', 'D', 'C'], ['D', 'A', 'B', 'C']]","{'A': 5, 'D': 4, 'B': 3, 'C': 3}","[0.58, 1.0, 0.75]",4.0
95,"[2, 4, 5]","[3, 4, 3]","[0.46, 0.88, 0.58]","[['D', 'C', 'A', 'B'], ['A', 'B', 'D', 'C'], ['D', 'B', 'A', 'C']]","{'A': 5, 'D': 4, 'B': 3, 'C': 3}","[0.58, 1.0, 0.75]",4.0
95,"[2, 4, 5]","[3, 4, 3]","[0.46, 0.88, 0.58]","[['D', 'C', 'A', 'B'], ['A', 'D', 'B', 'C'], ['A', 'B', 'D', 'C']]","{'A': 5, 'D': 4, 'B': 3, 'C': 3}","[0.58, 1.0, 0.75]",4.0
95,"[2, 4, 5]","[3, 4, 3]","[0.46, 0.88, 0.58]","[['D', 'C', 'A', 'B'], ['A', 'D', 'B', 'C'], ['A', 'D', 'B', 'C']]","{'A': 5, 'D': 4, 'B': 3, 'C': 3}","[0.58, 1.0, 0.75]",4.0
95,"[2, 4, 5]","[3, 4, 3]","[0.46, 0.88, 0.58]","[['D', 'C', 'A', 'B'], ['A', 'D', 'B', 'C'], ['B', 'A', 'D', 'C']]","{'A': 5, 'D': 4, 'B': 3, 'C': 3}","[0.58, 1.0, 0.75]",4.0
95,"[2, 4, 5]","[3, 4, 3]","[0.46, 0.88, 0.58]","[['D', 'C', 'A', 'B'], ['A', 'D', 'B', 'C'], ['B', 'D', 'A', 'C']]","{'A': 5, 'D': 4, 'B': 3, 'C': 3}","[0.58, 1.0, 0.75]",4.0
95,"[2, 4, 5]","[3, 4, 3]","[0.46, 0.88, 0.58]","[['D', 'C', 'A', 'B'], ['A', 'D', 'B', 'C'], ['D', 'A', 'B', 'C']]","{'A': 5, 'D': 4, 'B': 3, 'C': 3}","[0.58, 1.0, 0.75]",4.0
95,"[2, 4, 5]","[3, 4, 3]","[0.46, 0.88, 0.58]","[['D', 'C', 'A', 'B'], ['A', 'D', 'B', 'C'], ['D', 'B', 'A', 'C']]","{'A': 5, 'D': 4, 'B': 3, 'C': 3}","[0.58, 1.0, 0.75]",4.0
95,"[2, 4, 5]","[3, 4, 3]","[0.46, 0.88, 0.58]","[['D', 'C', 'A', 'B'], ['B', 'A', 'D', 'C'], ['A', 'B', 'D', 'C']]","{'A': 5, 'D': 4, 'B': 3, 'C': 3}","[0.58, 1.0, 0.75]",4.0
95,"[2, 4, 5]","[3, 4, 3]","[0.46, 0.88, 0.58]","[['D', 'C', 'A', 'B'], ['B', 'A', 'D', 'C'], ['A', 'D', 'B', 'C']]","{'A': 5, 'D': 4, 'B': 3, 'C': 3}","[0.58, 1.0, 0.75]",4.0
95,"[2, 4, 5]","[3, 4, 3]","[0.46, 0.88, 0.58]","[['D', 'C', 'A', 'B'], ['B', 'A', 'D', 'C'], ['B', 'A', 'D', 'C']]","{'A': 5, 'D': 4, 'B': 3, 'C': 3}","[0.58, 1.0, 0.75]",4.0
95,"[2, 4, 5]","[3, 4, 3]","[0.46, 0.88, 0.58]","[['D', 'C', 'A', 'B'], ['B', 'A', 'D', 'C'], ['B', 'D', 'A', 'C']]","{'A': 5, 'D': 4, 'B': 3, 'C': 3}","[0.58, 1.0, 0.75]",4.0
95,"[2, 4, 5]","[3, 4, 3]","[0.46, 0.88, 0.58]","[['D', 'C', 'A', 'B'], ['B', 'A', 'D', 'C'], ['D', 'A', 'B', 'C']]","{'A': 5, 'D': 4, 'B': 3, 'C': 3}","[0.58, 1.0, 0.75]",4.0
95,"[2, 4, 5]","[3, 4, 3]","[0.46, 0.88, 0.58]","[['D', 'C', 'A', 'B'], ['B', 'A', 'D', 'C'], ['D', 'B', 'A', 'C']]","{'A': 5, 'D': 4, 'B': 3, 'C': 3}","[0.58, 1.0, 0.75]",4.0
95,"[2, 4, 5]","[3, 4, 3]","[0.46, 0.88, 0.58]","[['D', 'C', 'A', 'B'], ['B', 'D', 'A', 'C'], ['A', 'B', 'D', 'C']]","{'A': 5, 'D': 4, 'B': 3, 'C': 3}","[0.58, 1.0, 0.75]",4.0
95,"[2, 4, 5]","[3, 4, 3]","[0.46, 0.88, 0.58]","[['D', 'C', 'A', 'B'], ['B', 'D', 'A', 'C'], ['A', 'D', 'B', 'C']]","{'A': 5, 'D': 4, 'B': 3, 'C': 3}","[0.58, 1.0, 0.75]",4.0
95,"[2, 4, 5]","[3, 4, 3]","[0.46, 0.88, 0.58]","[['D', 'C', 'A', 'B'], ['B', 'D', 'A', 'C'], ['B', 'A', 'D', 'C']]","{'A': 5, 'D': 4, 'B': 3, 'C': 3}","[0.58, 1.0, 0.75]",4.0
95,"[2, 4, 5]","[3, 4, 3]","[0.46, 0.88, 0.58]","[['D', 'C', 'A', 'B'], ['B', 'D', 'A', 'C'], ['B', 'D', 'A', 'C']]","{'A': 5, 'D': 4, 'B': 3, 'C': 3}","[0.58, 1.0, 0.75]",4.0
95,"[2, 4, 5]","[3, 4, 3]","[0.46, 0.88, 0.58]","[['D', 'C', 'A', 'B'], ['B', 'D', 'A', 'C'], ['D', 'A', 'B', 'C']]","{'A': 5, 'D': 4, 'B': 3, 'C': 3}","[0.58, 1.0, 0.75]",4.0
95,"[2, 4, 5]","[3, 4, 3]","[0.46, 0.88, 0.58]","[['D', 'C', 'A', 'B'], ['B', 'D', 'A', 'C'], ['D', 'B', 'A', 'C']]","{'A': 5, 'D': 4, 'B': 3, 'C': 3}","[0.58, 1.0, 0.75]",4.0
95,"[2, 4, 5]","[3, 4, 3]","[0.46, 0.88, 0.58]","[['D', 'C', 'A', 'B'], ['D', 'A', 'B', 'C'], ['A', 'B', 'D', 'C']]","{'A': 5, 'D': 4, 'B': 3, 'C': 3}","[0.58, 1.0, 0.75]",4.0
95,"[2, 4, 5]","[3, 4, 3]","[0.46, 0.88, 0.58]","[['D', 'C', 'A', 'B'], ['D', 'A', 'B', 'C'], ['A', 'D', 'B', 'C']]","{'A': 5, 'D': 4, 'B': 3, 'C': 3}","[0.58, 1.0, 0.75]",4.0
95,"[2, 4, 5]","[3, 4, 3]","[0.46, 0.88, 0.58]","[['D', 'C', 'A', 'B'], ['D', 'A', 'B', 'C'], ['B', 'A', 'D', 'C']]","{'A': 5, 'D': 4, 'B': 3, 'C': 3}","[0.58, 1.0, 0.75]",4.0
95,"[2, 4, 5]","[3, 4, 3]","[0.46, 0.88, 0.58]","[['D', 'C', 'A', 'B'], ['D', 'A', 'B', 'C'], ['B', 'D', 'A', 'C']]","{'A': 5, 'D': 4, 'B': 3, 'C': 3}","[0.58, 1.0, 0.75]",4.0
95,"[2, 4, 5]","[3, 4, 3]","[0.46, 0.88, 0.58]","[['D', 'C', 'A', 'B'], ['D', 'A', 'B', 'C'], ['D', 'A', 'B', 'C']]","{'A': 5, 'D': 4, 'B': 3, 'C': 3}","[0.58, 1.0, 0.75]",4.0
95,"[2, 4, 5]","[3, 4, 3]","[0.46, 0.88, 0.58]","[['D', 'C', 'A', 'B'], ['D', 'A', 'B', 'C'], ['D', 'B', 'A', 'C']]","{'A': 5, 'D': 4, 'B': 3, 'C': 3}","[0.58, 1.0, 0.75]",4.0
95,"[2, 4, 5]","[3, 4, 3]","[0.46, 0.88, 0.58]","[['D', 'C', 'A', 'B'], ['D', 'B', 'A', 'C'], ['A', 'B', 'D', 'C']]","{'A': 5, 'D': 4, 'B': 3, 'C': 3}","[0.58, 1.0, 0.75]",4.0
95,"[2, 4, 5]","[3, 4, 3]","[0.46, 0.88, 0.58]","[['D', 'C', 'A', 'B'], ['D', 'B', 'A', 'C'], ['A', 'D', 'B', 'C']]","{'A': 5, 'D': 4, 'B': 3, 'C': 3}","[0.58, 1.0, 0.75]",4.0
95,"[2, 4, 5]","[3, 4, 3]","[0.46, 0.88, 0.58]","[['D', 'C', 'A', 'B'], ['D', 'B', 'A', 'C'], ['B', 'A', 'D', 'C']]","{'A': 5, 'D': 4, 'B': 3, 'C': 3}","[0.58, 1.0, 0.75]",4.0
95,"[2, 4, 5]","[3, 4, 3]","[0.46, 0.88, 0.58]","[['D', 'C', 'A', 'B'], ['D', 'B', 'A', 'C'], ['B', 'D', 'A', 'C']]","{'A': 5, 'D': 4, 'B': 3, 'C': 3}","[0.58, 1.0, 0.75]",4.0
95,"[2, 4, 5]","[3, 4, 3]","[0.46, 0.88, 0.58]","[['D', 'C', 'A', 'B'], ['D', 'B', 'A', 'C'], ['D', 'A', 'B', 'C']]","{'A': 5, 'D': 4, 'B': 3, 'C': 3}","[0.58, 1.0, 0.75]",4.0
95,"[2, 4, 5]","[3, 4, 3]","[0.46, 0.88, 0.58]","[['D', 'C', 'A', 'B'], ['D', 'B', 'A', 'C'], ['D', 'B', 'A', 'C']]","{'A': 5, 'D': 4, 'B': 3, 'C': 3}","[0.58, 1.0, 0.75]",4.0
95,"[3, 4, 5]","[4, 4, 3]","[0.79, 0.88, 0.58]","[['A', 'B', 'C', 'D'], ['A', 'B', 'D', 'C'], ['A', 'C', 'D', 'B']]","{'A': 4, 'C': 4, 'D': 4, 'B': 3}","[1.0, 1.0, 0.75]",3.96
95,"[3, 4, 5]","[4, 4, 3]","[0.79, 0.88, 0.58]","[['A', 'B', 'C', 'D'], ['A', 'B', 'D', 'C'], ['A', 'D', 'C', 'B']]","{'A': 4, 'C': 4, 'D': 4, 'B': 3}","[1.0, 1.0, 0.75]",3.96
95,"[3, 4, 5]","[4, 4, 3]","[0.79, 0.88, 0.58]","[['A', 'B', 'C', 'D'], ['A', 'B', 'D', 'C'], ['C', 'A', 'D', 'B']]","{'A': 4, 'C': 4, 'D': 4, 'B': 3}","[1.0, 1.0, 0.75]",3.96
95,"[3, 4, 5]","[4, 4, 3]","[0.79, 0.88, 0.58]","[['A', 'B', 'C', 'D'], ['A', 'B', 'D', 'C'], ['C', 'D', 'A', 'B']]","{'A': 4, 'C': 4, 'D': 4, 'B': 3}","[1.0, 1.0, 0.75]",3.96
95,"[3, 4, 5]","[4, 4, 3]","[0.79, 0.88, 0.58]","[['A', 'B', 'C', 'D'], ['A', 'B', 'D', 'C'], ['D', 'A', 'C', 'B']]","{'A': 4, 'C': 4, 'D': 4, 'B': 3}","[1.0, 1.0, 0.75]",3.96
95,"[3, 4, 5]","[4, 4, 3]","[0.79, 0.88, 0.58]","[['A', 'B', 'C', 'D'], ['A', 'B', 'D', 'C'], ['D', 'C', 'A', 'B']]","{'A': 4, 'C': 4, 'D': 4, 'B': 3}","[1.0, 1.0, 0.75]",3.96
95,"[3, 4, 5]","[4, 4, 3]","[0.79, 0.88, 0.58]","[['A', 'B', 'C', 'D'], ['A', 'C', 'D', 'B'], ['A', 'B', 'D', 'C']]","{'A': 4, 'C': 4, 'D': 4, 'B': 3}","[1.0, 1.0, 0.75]",3.96
95,"[3, 4, 5]","[4, 4, 3]","[0.79, 0.88, 0.58]","[['A', 'B', 'C', 'D'], ['A', 'C', 'D', 'B'], ['A', 'D', 'B', 'C']]","{'A': 4, 'C': 4, 'D': 4, 'B': 3}","[1.0, 1.0, 0.75]",3.96
95,"[3, 4, 5]","[4, 4, 3]","[0.79, 0.88, 0.58]","[['A', 'B', 'C', 'D'], ['A', 'C', 'D', 'B'], ['B', 'A', 'D', 'C']]","{'A': 4, 'C': 4, 'D': 4, 'B': 3}","[1.0, 1.0, 0.75]",3.96
95,"[3, 4, 5]","[4, 4, 3]","[0.79, 0.88, 0.58]","[['A', 'B', 'C', 'D'], ['A', 'C', 'D', 'B'], ['B', 'D', 'A', 'C']]","{'A': 4, 'C': 4, 'D': 4, 'B': 3}","[1.0, 1.0, 0.75]",3.96
95,"[3, 4, 5]","[4, 4, 3]","[0.79, 0.88, 0.58]","[['A', 'B', 'C', 'D'], ['A', 'C', 'D', 'B'], ['D', 'A', 'B', 'C']]","{'A': 4, 'C': 4, 'D': 4, 'B': 3}","[1.0, 1.0, 0.75]",3.96
95,"[3, 4, 5]","[4, 4, 3]","[0.79, 0.88, 0.58]","[['A', 'B', 'C', 'D'], ['A', 'C', 'D', 'B'], ['D', 'B', 'A', 'C']]","{'A': 4, 'C': 4, 'D': 4, 'B': 3}","[1.0, 1.0, 0.75]",3.96
95,"[3, 4, 5]","[4, 4, 3]","[0.79, 0.88, 0.58]","[['A', 'B', 'C', 'D'], ['A', 'D', 'B', 'C'], ['A', 'C', 'D', 'B']]","{'A': 4, 'C': 4, 'D': 4, 'B': 3}","[1.0, 1.0, 0.75]",3.96
95,"[3, 4, 5]","[4, 4, 3]","[0.79, 0.88, 0.58]","[['A', 'B', 'C', 'D'], ['A', 'D', 'B', 'C'], ['A', 'D', 'C', 'B']]","{'A': 4, 'C': 4, 'D': 4, 'B': 3}","[1.0, 1.0, 0.75]",3.96
95,"[3, 4, 5]","[4, 4, 3]","[0.79, 0.88, 0.58]","[['A', 'B', 'C', 'D'], ['A', 'D', 'B', 'C'], ['C', 'A', 'D', 'B']]","{'A': 4, 'C': 4, 'D': 4, 'B': 3}","[1.0, 1.0, 0.75]",3.96
95,"[3, 4, 5]","[4, 4, 3]","[0.79, 0.88, 0.58]","[['A', 'B', 'C', 'D'], ['A', 'D', 'B', 'C'], ['C', 'D', 'A', 'B']]","{'A': 4, 'C': 4, 'D': 4, 'B': 3}","[1.0, 1.0, 0.75]",3.96
95,"[3, 4, 5]","[4, 4, 3]","[0.79, 0.88, 0.58]","[['A', 'B', 'C', 'D'], ['A', 'D', 'B', 'C'], ['D', 'A', 'C', 'B']]","{'A': 4, 'C': 4, 'D': 4, 'B': 3}","[1.0, 1.0, 0.75]",3.96
95,"[3, 4, 5]","[4, 4, 3]","[0.79, 0.88, 0.58]","[['A', 'B', 'C', 'D'], ['A', 'D', 'B', 'C'], ['D', 'C', 'A', 'B']]","{'A': 4, 'C': 4, 'D': 4, 'B': 3}","[1.0, 1.0, 0.75]",3.96
95,"[3, 4, 5]","[4, 4, 3]","[0.79, 0.88, 0.58]","[['A', 'B', 'C', 'D'], ['A', 'D', 'C', 'B'], ['A', 'B', 'D', 'C']]","{'A': 4, 'C': 4, 'D': 4, 'B': 3}","[1.0, 1.0, 0.75]",3.96
95,"[3, 4, 5]","[4, 4, 3]","[0.79, 0.88, 0.58]","[['A', 'B', 'C', 'D'], ['A', 'D', 'C', 'B'], ['A', 'D', 'B', 'C']]","{'A': 4, 'C': 4, 'D': 4, 'B': 3}","[1.0, 1.0, 0.75]",3.96
95,"[3, 4, 5]","[4, 4, 3]","[0.79, 0.88, 0.58]","[['A', 'B', 'C', 'D'], ['A', 'D', 'C', 'B'], ['B', 'A', 'D', 'C']]","{'A': 4, 'C': 4, 'D': 4, 'B': 3}","[1.0, 1.0, 0.75]",3.96
95,"[3, 4, 5]","[4, 4, 3]","[0.79, 0.88, 0.58]","[['A', 'B', 'C', 'D'], ['A', 'D', 'C', 'B'], ['B', 'D', 'A', 'C']]","{'A': 4, 'C': 4, 'D': 4, 'B': 3}","[1.0, 1.0, 0.75]",3.96
95,"[3, 4, 5]","[4, 4, 3]","[0.79, 0.88, 0.58]","[['A', 'B', 'C', 'D'], ['A', 'D', 'C', 'B'], ['D', 'A', 'B', 'C']]","{'A': 4, 'C': 4, 'D': 4, 'B': 3}","[1.0, 1.0, 0.75]",3.96
95,"[3, 4, 5]","[4, 4, 3]","[0.79, 0.88, 0.58]","[['A', 'B', 'C', 'D'], ['A', 'D', 'C', 'B'], ['D', 'B', 'A', 'C']]","{'A': 4, 'C': 4, 'D': 4, 'B': 3}","[1.0, 1.0, 0.75]",3.96
95,"[3, 4, 5]","[4, 4, 3]","[0.79, 0.88, 0.58]","[['A', 'B', 'C', 'D'], ['B', 'A', 'D', 'C'], ['A', 'C', 'D', 'B']]","{'A': 4, 'C': 4, 'D': 4, 'B': 3}","[1.0, 1.0, 0.75]",3.96
95,"[3, 4, 5]","[4, 4, 3]","[0.79, 0.88, 0.58]","[['A', 'B', 'C', 'D'], ['B', 'A', 'D', 'C'], ['A', 'D', 'C', 'B']]","{'A': 4, 'C': 4, 'D': 4, 'B': 3}","[1.0, 1.0, 0.75]",3.96
95,"[3, 4, 5]","[4, 4, 3]","[0.79, 0.88, 0.58]","[['A', 'B', 'C', 'D'], ['B', 'A', 'D', 'C'], ['C', 'A', 'D', 'B']]","{'A': 4, 'C': 4, 'D': 4, 'B': 3}","[1.0, 1.0, 0.75]",3.96
95,"[3, 4, 5]","[4, 4, 3]","[0.79, 0.88, 0.58]","[['A', 'B', 'C', 'D'], ['B', 'A', 'D', 'C'], ['C', 'D', 'A', 'B']]","{'A': 4, 'C': 4, 'D': 4, 'B': 3}","[1.0, 1.0, 0.75]",3.96
95,"[3, 4, 5]","[4, 4, 3]","[0.79, 0.88, 0.58]","[['A', 'B', 'C', 'D'], ['B', 'A', 'D', 'C'], ['D', 'A', 'C', 'B']]","{'A': 4, 'C': 4, 'D': 4, 'B': 3}","[1.0, 1.0, 0.75]",3.96
95,"[3, 4, 5]","[4, 4, 3]","[0.79, 0.88, 0.58]","[['A', 'B', 'C', 'D'], ['B', 'A', 'D', 'C'], ['D', 'C', 'A', 'B']]","{'A': 4, 'C': 4, 'D': 4, 'B': 3}","[1.0, 1.0, 0.75]",3.96
95,"[3, 4, 5]","[4, 4, 3]","[0.79, 0.88, 0.58]","[['A', 'B', 'C', 'D'], ['B', 'D', 'A', 'C'], ['A', 'C', 'D', 'B']]","{'A': 4, 'C': 4, 'D': 4, 'B': 3}","[1.0, 1.0, 0.75]",3.96
95,"[3, 4, 5]","[4, 4, 3]","[0.79, 0.88, 0.58]","[['A', 'B', 'C', 'D'], ['B', 'D', 'A', 'C'], ['A', 'D', 'C', 'B']]","{'A': 4, 'C': 4, 'D': 4, 'B': 3}","[1.0, 1.0, 0.75]",3.96
95,"[3, 4, 5]","[4, 4, 3]","[0.79, 0.88, 0.58]","[['A', 'B', 'C', 'D'], ['B', 'D', 'A', 'C'], ['C', 'A', 'D', 'B']]","{'A': 4, 'C': 4, 'D': 4, 'B': 3}","[1.0, 1.0, 0.75]",3.96
95,"[3, 4, 5]","[4, 4, 3]","[0.79, 0.88, 0.58]","[['A', 'B', 'C', 'D'], ['B', 'D', 'A', 'C'], ['C', 'D', 'A', 'B']]","{'A': 4, 'C': 4, 'D': 4, 'B': 3}","[1.0, 1.0, 0.75]",3.96
95,"[3, 4, 5]","[4, 4, 3]","[0.79, 0.88, 0.58]","[['A', 'B', 'C', 'D'], ['B', 'D', 'A', 'C'], ['D', 'A', 'C', 'B']]","{'A': 4, 'C': 4, 'D': 4, 'B': 3}","[1.0, 1.0, 0.75]",3.96
95,"[3, 4, 5]","[4, 4, 3]","[0.79, 0.88, 0.58]","[['A', 'B', 'C', 'D'], ['B', 'D', 'A', 'C'], ['D', 'C', 'A', 'B']]","{'A': 4, 'C': 4, 'D': 4, 'B': 3}","[1.0, 1.0, 0.75]",3.96
95,"[3, 4, 5]","[4, 4, 3]","[0.79, 0.88, 0.58]","[['A', 'B', 'C', 'D'], ['C', 'A', 'D', 'B'], ['A', 'B', 'D', 'C']]","{'A': 4, 'C': 4, 'D': 4, 'B': 3}","[1.0, 1.0, 0.75]",3.96
95,"[3, 4, 5]","[4, 4, 3]","[0.79, 0.88, 0.58]","[['A', 'B', 'C', 'D'], ['C', 'A', 'D', 'B'], ['A', 'D', 'B', 'C']]","{'A': 4, 'C': 4, 'D': 4, 'B': 3}","[1.0, 1.0, 0.75]",3.96
95,"[3, 4, 5]","[4, 4, 3]","[0.79, 0.88, 0.58]","[['A', 'B', 'C', 'D'], ['C', 'A', 'D', 'B'], ['B', 'A', 'D', 'C']]","{'A': 4, 'C': 4, 'D': 4, 'B': 3}","[1.0, 1.0, 0.75]",3.96
95,"[3, 4, 5]","[4, 4, 3]","[0.79, 0.88, 0.58]","[['A', 'B', 'C', 'D'], ['C', 'A', 'D', 'B'], ['B', 'D', 'A', 'C']]","{'A': 4, 'C': 4, 'D': 4, 'B': 3}","[1.0, 1.0, 0.75]",3.96
95,"[3, 4, 5]","[4, 4, 3]","[0.79, 0.88, 0.58]","[['A', 'B', 'C', 'D'], ['C', 'A', 'D', 'B'], ['D', 'A', 'B', 'C']]","{'A': 4, 'C': 4, 'D': 4, 'B': 3}","[1.0, 1.0, 0.75]",3.96
95,"[3, 4, 5]","[4, 4, 3]","[0.79, 0.88, 0.58]","[['A', 'B', 'C', 'D'], ['C', 'A', 'D', 'B'], ['D', 'B', 'A', 'C']]","{'A': 4, 'C': 4, 'D': 4, 'B': 3}","[1.0, 1.0, 0.75]",3.96
95,"[3, 4, 5]","[4, 4, 3]","[0.79, 0.88, 0.58]","[['A', 'B', 'C', 'D'], ['C', 'D', 'A', 'B'], ['A', 'B', 'D', 'C']]","{'A': 4, 'C': 4, 'D': 4, 'B': 3}","[1.0, 1.0, 0.75]",3.96
95,"[3, 4, 5]","[4, 4, 3]","[0.79, 0.88, 0.58]","[['A', 'B', 'C', 'D'], ['C', 'D', 'A', 'B'], ['A', 'D', 'B', 'C']]","{'A': 4, 'C': 4, 'D': 4, 'B': 3}","[1.0, 1.0, 0.75]",3.96
95,"[3, 4, 5]","[4, 4, 3]","[0.79, 0.88, 0.58]","[['A', 'B', 'C', 'D'], ['C', 'D', 'A', 'B'], ['B', 'A', 'D', 'C']]","{'A': 4, 'C': 4, 'D': 4, 'B': 3}","[1.0, 1.0, 0.75]",3.96
95,"[3, 4, 5]","[4, 4, 3]","[0.79, 0.88, 0.58]","[['A', 'B', 'C', 'D'], ['C', 'D', 'A', 'B'], ['B', 'D', 'A', 'C']]","{'A': 4, 'C': 4, 'D': 4, 'B': 3}","[1.0, 1.0, 0.75]",3.96
95,"[3, 4, 5]","[4, 4, 3]","[0.79, 0.88, 0.58]","[['A', 'B', 'C', 'D'], ['C', 'D', 'A', 'B'], ['D', 'A', 'B', 'C']]","{'A': 4, 'C': 4, 'D': 4, 'B': 3}","[1.0, 1.0, 0.75]",3.96
95,"[3, 4, 5]","[4, 4, 3]","[0.79, 0.88, 0.58]","[['A', 'B', 'C', 'D'], ['C', 'D', 'A', 'B'], ['D', 'B', 'A', 'C']]","{'A': 4, 'C': 4, 'D': 4, 'B': 3}","[1.0, 1.0, 0.75]",3.96
95,"[3, 4, 5]","[4, 4, 3]","[0.79, 0.88, 0.58]","[['A', 'B', 'C', 'D'], ['D', 'A', 'B', 'C'], ['A', 'C', 'D', 'B']]","{'A': 4, 'C': 4, 'D': 4, 'B': 3}","[1.0, 1.0, 0.75]",3.96
95,"[3, 4, 5]","[4, 4, 3]","[0.79, 0.88, 0.58]","[['A', 'B', 'C', 'D'], ['D', 'A', 'B', 'C'], ['A', 'D', 'C', 'B']]","{'A': 4, 'C': 4, 'D': 4, 'B': 3}","[1.0, 1.0, 0.75]",3.96
95,"[3, 4, 5]","[4, 4, 3]","[0.79, 0.88, 0.58]","[['A', 'B', 'C', 'D'], ['D', 'A', 'B', 'C'], ['C', 'A', 'D', 'B']]","{'A': 4, 'C': 4, 'D': 4, 'B': 3}","[1.0, 1.0, 0.75]",3.96
95,"[3, 4, 5]","[4, 4, 3]","[0.79, 0.88, 0.58]","[['A', 'B', 'C', 'D'], ['D', 'A', 'B', 'C'], ['C', 'D', 'A', 'B']]","{'A': 4, 'C': 4, 'D': 4, 'B': 3}","[1.0, 1.0, 0.75]",3.96
95,"[3, 4, 5]","[4, 4, 3]","[0.79, 0.88, 0.58]","[['A', 'B', 'C', 'D'], ['D', 'A', 'B', 'C'], ['D', 'A', 'C', 'B']]","{'A': 4, 'C': 4, 'D': 4, 'B': 3}","[1.0, 1.0, 0.75]",3.96
95,"[3, 4, 5]","[4, 4, 3]","[0.79, 0.88, 0.58]","[['A', 'B', 'C', 'D'], ['D', 'A', 'B', 'C'], ['D', 'C', 'A', 'B']]","{'A': 4, 'C': 4, 'D': 4, 'B': 3}","[1.0, 1.0, 0.75]",3.96
95,"[3, 4, 5]","[4, 4, 3]","[0.79, 0.88, 0.58]","[['A', 'B', 'C', 'D'], ['D', 'A', 'C', 'B'], ['A', 'B', 'D', 'C']]","{'A': 4, 'C': 4, 'D': 4, 'B': 3}","[1.0, 1.0, 0.75]",3.96
95,"[3, 4, 5]","[4, 4, 3]","[0.79, 0.88, 0.58]","[['A', 'B', 'C', 'D'], ['D', 'A', 'C', 'B'], ['A', 'D', 'B', 'C']]","{'A': 4, 'C': 4, 'D': 4, 'B': 3}","[1.0, 1.0, 0.75]",3.96
95,"[3, 4, 5]","[4, 4, 3]","[0.79, 0.88, 0.58]","[['A', 'B', 'C', 'D'], ['D', 'A', 'C', 'B'], ['B', 'A', 'D', 'C']]","{'A': 4, 'C': 4, 'D': 4, 'B': 3}","[1.0, 1.0, 0.75]",3.96
95,"[3, 4, 5]","[4, 4, 3]","[0.79, 0.88, 0.58]","[['A', 'B', 'C', 'D'], ['D', 'A', 'C', 'B'], ['B', 'D', 'A', 'C']]","{'A': 4, 'C': 4, 'D': 4, 'B': 3}","[1.0, 1.0, 0.75]",3.96
95,"[3, 4, 5]","[4, 4, 3]","[0.79, 0.88, 0.58]","[['A', 'B', 'C', 'D'], ['D', 'A', 'C', 'B'], ['D', 'A', 'B', 'C']]","{'A': 4, 'C': 4, 'D': 4, 'B': 3}","[1.0, 1.0, 0.75]",3.96
95,"[3, 4, 5]","[4, 4, 3]","[0.79, 0.88, 0.58]","[['A', 'B', 'C', 'D'], ['D', 'A', 'C', 'B'], ['D', 'B', 'A', 'C']]","{'A': 4, 'C': 4, 'D': 4, 'B': 3}","[1.0, 1.0, 0.75]",3.96
95,"[3, 4, 5]","[4, 4, 3]","[0.79, 0.88, 0.58]","[['A', 'B', 'C', 'D'], ['D', 'B', 'A', 'C'], ['A', 'C', 'D', 'B']]","{'A': 4, 'C': 4, 'D': 4, 'B': 3}","[1.0, 1.0, 0.75]",3.96
95,"[3, 4, 5]","[4, 4, 3]","[0.79, 0.88, 0.58]","[['A', 'B', 'C', 'D'], ['D', 'B', 'A', 'C'], ['A', 'D', 'C', 'B']]","{'A': 4, 'C': 4, 'D': 4, 'B': 3}","[1.0, 1.0, 0.75]",3.96
95,"[3, 4, 5]","[4, 4, 3]","[0.79, 0.88, 0.58]","[['A', 'B', 'C', 'D'], ['D', 'B', 'A', 'C'], ['C', 'A', 'D', 'B']]","{'A': 4, 'C': 4, 'D': 4, 'B': 3}","[1.0, 1.0, 0.75]",3.96
95,"[3, 4, 5]","[4, 4, 3]","[0.79, 0.88, 0.58]","[['A', 'B', 'C', 'D'], ['D', 'B', 'A', 'C'], ['C', 'D', 'A', 'B']]","{'A': 4, 'C': 4, 'D': 4, 'B': 3}","[1.0, 1.0, 0.75]",3.96
95,"[3, 4, 5]","[4, 4, 3]","[0.79, 0.88, 0.58]","[['A', 'B', 'C', 'D'], ['D', 'B', 'A', 'C'], ['D', 'A', 'C', 'B']]","{'A': 4, 'C': 4, 'D': 4, 'B': 3}","[1.0, 1.0, 0.75]",3.96
95,"[3, 4, 5]","[4, 4, 3]","[0.79, 0.88, 0.58]","[['A', 'B', 'C', 'D'], ['D', 'B', 'A', 'C'], ['D', 'C', 'A', 'B']]","{'A': 4, 'C': 4, 'D': 4, 'B': 3}","[1.0, 1.0, 0.75]",3.96
95,"[3, 4, 5]","[4, 4, 3]","[0.79, 0.88, 0.58]","[['A', 'B', 'C', 'D'], ['D', 'C', 'A', 'B'], ['A', 'B', 'D', 'C']]","{'A': 4, 'C': 4, 'D': 4, 'B': 3}","[1.0, 1.0, 0.75]",3.96
95,"[3, 4, 5]","[4, 4, 3]","[0.79, 0.88, 0.58]","[['A', 'B', 'C', 'D'], ['D', 'C', 'A', 'B'], ['A', 'D', 'B', 'C']]","{'A': 4, 'C': 4, 'D': 4, 'B': 3}","[1.0, 1.0, 0.75]",3.96
95,"[3, 4, 5]","[4, 4, 3]","[0.79, 0.88, 0.58]","[['A', 'B', 'C', 'D'], ['D', 'C', 'A', 'B'], ['B', 'A', 'D', 'C']]","{'A': 4, 'C': 4, 'D': 4, 'B': 3}","[1.0, 1.0, 0.75]",3.96
95,"[3, 4, 5]","[4, 4, 3]","[0.79, 0.88, 0.58]","[['A', 'B', 'C', 'D'], ['D', 'C', 'A', 'B'], ['B', 'D', 'A', 'C']]","{'A': 4, 'C': 4, 'D': 4, 'B': 3}","[1.0, 1.0, 0.75]",3.96
95,"[3, 4, 5]","[4, 4, 3]","[0.79, 0.88, 0.58]","[['A', 'B', 'C', 'D'], ['D', 'C', 'A', 'B'], ['D', 'A', 'B', 'C']]","{'A': 4, 'C': 4, 'D': 4, 'B': 3}","[1.0, 1.0, 0.75]",3.96
95,"[3, 4, 5]","[4, 4, 3]","[0.79, 0.88, 0.58]","[['A', 'B', 'C', 'D'], ['D', 'C', 'A', 'B'], ['D', 'B', 'A', 'C']]","{'A': 4, 'C': 4, 'D': 4, 'B': 3}","[1.0, 1.0, 0.75]",3.96
95,"[3, 4, 5]","[4, 4, 3]","[0.79, 0.88, 0.58]","[['A', 'B', 'D', 'C'], ['A', 'B', 'C', 'D'], ['A', 'C', 'D', 'B']]","{'A': 4, 'C': 4, 'D': 4, 'B': 3}","[1.0, 1.0, 0.75]",3.96
95,"[3, 4, 5]","[4, 4, 3]","[0.79, 0.88, 0.58]","[['A', 'B', 'D', 'C'], ['A', 'B', 'C', 'D'], ['A', 'D', 'C', 'B']]","{'A': 4, 'C': 4, 'D': 4, 'B': 3}","[1.0, 1.0, 0.75]",3.96
95,"[3, 4, 5]","[4, 4, 3]","[0.79, 0.88, 0.58]","[['A', 'B', 'D', 'C'], ['A', 'B', 'C', 'D'], ['C', 'A', 'D', 'B']]","{'A': 4, 'C': 4, 'D': 4, 'B': 3}","[1.0, 1.0, 0.75]",3.96
95,"[3, 4, 5]","[4, 4, 3]","[0.79, 0.88, 0.58]","[['A', 'B', 'D', 'C'], ['A', 'B', 'C', 'D'], ['C', 'D', 'A', 'B']]","{'A': 4, 'C': 4, 'D': 4, 'B': 3}","[1.0, 1.0, 0.75]",3.96
95,"[3, 4, 5]","[4, 4, 3]","[0.79, 0.88, 0.58]","[['A', 'B', 'D', 'C'], ['A', 'B', 'C', 'D'], ['D', 'A', 'C', 'B']]","{'A': 4, 'C': 4, 'D': 4, 'B': 3}","[1.0, 1.0, 0.75]",3.96
95,"[3, 4, 5]","[4, 4, 3]","[0.79, 0.88, 0.58]","[['A', 'B', 'D', 'C'], ['A', 'B', 'C', 'D'], ['D', 'C', 'A', 'B']]","{'A': 4, 'C': 4, 'D': 4, 'B': 3}","[1.0, 1.0, 0.75]",3.96
95,"[3, 4, 5]","[4, 4, 3]","[0.79, 0.88, 0.58]","[['A', 'B', 'D', 'C'], ['A', 'C', 'B', 'D'], ['A', 'C', 'D', 'B']]","{'A': 4, 'C': 4, 'D': 4, 'B': 3}","[1.0, 1.0, 0.75]",3.96
95,"[3, 4, 5]","[4, 4, 3]","[0.79, 0.88, 0.58]","[['A', 'B', 'D', 'C'], ['A', 'C', 'B', 'D'], ['A', 'D', 'C', 'B']]","{'A': 4, 'C': 4, 'D': 4, 'B': 3}","[1.0, 1.0, 0.75]",3.96
95,"[3, 4, 5]","[4, 4, 3]","[0.79, 0.88, 0.58]","[['A', 'B', 'D', 'C'], ['A', 'C', 'B', 'D'], ['C', 'A', 'D', 'B']]","{'A': 4, 'C': 4, 'D': 4, 'B': 3}","[1.0, 1.0, 0.75]",3.96
95,"[3, 4, 5]","[4, 4, 3]","[0.79, 0.88, 0.58]","[['A', 'B', 'D', 'C'], ['A', 'C', 'B', 'D'], ['C', 'D', 'A', 'B']]","{'A': 4, 'C': 4, 'D': 4, 'B': 3}","[1.0, 1.0, 0.75]",3.96
95,"[3, 4, 5]","[4, 4, 3]","[0.79, 0.88, 0.58]","[['A', 'B', 'D', 'C'], ['A', 'C', 'B', 'D'], ['D', 'A', 'C', 'B']]","{'A': 4, 'C': 4, 'D': 4, 'B': 3}","[1.0, 1.0, 0.75]",3.96
95,"[3, 4, 5]","[4, 4, 3]","[0.79, 0.88, 0.58]","[['A', 'B', 'D', 'C'], ['A', 'C', 'B', 'D'], ['D', 'C', 'A', 'B']]","{'A': 4, 'C': 4, 'D': 4, 'B': 3}","[1.0, 1.0, 0.75]",3.96
95,"[3, 4, 5]","[4, 4, 3]","[0.79, 0.88, 0.58]","[['A', 'B', 'D', 'C'], ['A', 'C', 'D', 'B'], ['A', 'B', 'C', 'D']]","{'A': 4, 'C': 4, 'D': 4, 'B': 3}","[1.0, 1.0, 0.75]",3.96
95,"[3, 4, 5]","[4, 4, 3]","[0.79, 0.88, 0.58]","[['A', 'B', 'D', 'C'], ['A', 'C', 'D', 'B'], ['A', 'C', 'B', 'D']]","{'A': 4, 'C': 4, 'D': 4, 'B': 3}","[1.0, 1.0, 0.75]",3.96
95,"[3, 4, 5]","[4, 4, 3]","[0.79, 0.88, 0.58]","[['A', 'B', 'D', 'C'], ['A', 'C', 'D', 'B'], ['B', 'A', 'C', 'D']]","{'A': 4, 'C': 4, 'D': 4, 'B': 3}","[1.0, 1.0, 0.75]",3.96
95,"[3, 4, 5]","[4, 4, 3]","[0.79, 0.88, 0.58]","[['A', 'B', 'D', 'C'], ['A', 'C', 'D', 'B'], ['B', 'C', 'A', 'D']]","{'A': 4, 'C': 4, 'D': 4, 'B': 3}","[1.0, 1.0, 0.75]",3.96
95,"[3, 4, 5]","[4, 4, 3]","[0.79, 0.88, 0.58]","[['A', 'B', 'D', 'C'], ['A', 'C', 'D', 'B'], ['C', 'A', 'B', 'D']]","{'A': 4, 'C': 4, 'D': 4, 'B': 3}","[1.0, 1.0, 0.75]",3.96
95,"[3, 4, 5]","[4, 4, 3]","[0.79, 0.88, 0.58]","[['A', 'B', 'D', 'C'], ['A', 'C', 'D', 'B'], ['C', 'B', 'A', 'D']]","{'A': 4, 'C': 4, 'D': 4, 'B': 3}","[1.0, 1.0, 0.75]",3.96
95,"[3, 4, 5]","[4, 4, 3]","[0.79, 0.88, 0.58]","[['A', 'B', 'D', 'C'], ['A', 'D', 'C', 'B'], ['A', 'B', 'C', 'D']]","{'A': 4, 'C': 4, 'D': 4, 'B': 3}","[1.0, 1.0, 0.75]",3.96
95,"[3, 4, 5]","[4, 4, 3]","[0.79, 0.88, 0.58]","[['A', 'B', 'D', 'C'], ['A', 'D', 'C', 'B'], ['A', 'C', 'B', 'D']]","{'A': 4, 'C': 4, 'D': 4, 'B': 3}","[1.0, 1.0, 0.75]",3.96
95,"[3, 4, 5]","[4, 4, 3]","[0.79, 0.88, 0.58]","[['A', 'B', 'D', 'C'], ['A', 'D', 'C', 'B'], ['B', 'A', 'C', 'D']]","{'A': 4, 'C': 4, 'D': 4, 'B': 3}","[1.0, 1.0, 0.75]",3.96
95,"[3, 4, 5]","[4, 4, 3]","[0.79, 0.88, 0.58]","[['A', 'B', 'D', 'C'], ['A', 'D', 'C', 'B'], ['B', 'C', 'A', 'D']]","{'A': 4, 'C': 4, 'D': 4, 'B': 3}","[1.0, 1.0, 0.75]",3.96
95,"[3, 4, 5]","[4, 4, 3]","[0.79, 0.88, 0.58]","[['A', 'B', 'D', 'C'], ['A', 'D', 'C', 'B'], ['C', 'A', 'B', 'D']]","{'A': 4, 'C': 4, 'D': 4, 'B': 3}","[1.0, 1.0, 0.75]",3.96
95,"[3, 4, 5]","[4, 4, 3]","[0.79, 0.88, 0.58]","[['A', 'B', 'D', 'C'], ['A', 'D', 'C', 'B'], ['C', 'B', 'A', 'D']]","{'A': 4, 'C': 4, 'D': 4, 'B': 3}","[1.0, 1.0, 0.75]",3.96
95,"[3, 4, 5]","[4, 4, 3]","[0.79, 0.88, 0.58]","[['A', 'B', 'D', 'C'], ['B', 'A', 'C', 'D'], ['A', 'C', 'D', 'B']]","{'A': 4, 'C': 4, 'D': 4, 'B': 3}","[1.0, 1.0, 0.75]",3.96
95,"[3, 4, 5]","[4, 4, 3]","[0.79, 0.88, 0.58]","[['A', 'B', 'D', 'C'], ['B', 'A', 'C', 'D'], ['A', 'D', 'C', 'B']]","{'A': 4, 'C': 4, 'D': 4, 'B': 3}","[1.0, 1.0, 0.75]",3.96
95,"[3, 4, 5]","[4, 4, 3]","[0.79, 0.88, 0.58]","[['A', 'B', 'D', 'C'], ['B', 'A', 'C', 'D'], ['C', 'A', 'D', 'B']]","{'A': 4, 'C': 4, 'D': 4, 'B': 3}","[1.0, 1.0, 0.75]",3.96
95,"[3, 4, 5]","[4, 4, 3]","[0.79, 0.88, 0.58]","[['A', 'B', 'D', 'C'], ['B', 'A', 'C', 'D'], ['C', 'D', 'A', 'B']]","{'A': 4, 'C': 4, 'D': 4, 'B': 3}","[1.0, 1.0, 0.75]",3.96
95,"[3, 4, 5]","[4, 4, 3]","[0.79, 0.88, 0.58]","[['A', 'B', 'D', 'C'], ['B', 'A', 'C', 'D'], ['D', 'A', 'C', 'B']]","{'A': 4, 'C': 4, 'D': 4, 'B': 3}","[1.0, 1.0, 0.75]",3.96
95,"[3, 4, 5]","[4, 4, 3]","[0.79, 0.88, 0.58]","[['A', 'B', 'D', 'C'], ['B', 'A', 'C', 'D'], ['D', 'C', 'A', 'B']]","{'A': 4, 'C': 4, 'D': 4, 'B': 3}","[1.0, 1.0, 0.75]",3.96
95,"[3, 4, 5]","[4, 4, 3]","[0.79, 0.88, 0.58]","[['A', 'B', 'D', 'C'], ['B', 'C', 'A', 'D'], ['A', 'C', 'D', 'B']]","{'A': 4, 'C': 4, 'D': 4, 'B': 3}","[1.0, 1.0, 0.75]",3.96
95,"[3, 4, 5]","[4, 4, 3]","[0.79, 0.88, 0.58]","[['A', 'B', 'D', 'C'], ['B', 'C', 'A', 'D'], ['A', 'D', 'C', 'B']]","{'A': 4, 'C': 4, 'D': 4, 'B': 3}","[1.0, 1.0, 0.75]",3.96
95,"[3, 4, 5]","[4, 4, 3]","[0.79, 0.88, 0.58]","[['A', 'B', 'D', 'C'], ['B', 'C', 'A', 'D'], ['C', 'A', 'D', 'B']]","{'A': 4, 'C': 4, 'D': 4, 'B': 3}","[1.0, 1.0, 0.75]",3.96
95,"[3, 4, 5]","[4, 4, 3]","[0.79, 0.88, 0.58]","[['A', 'B', 'D', 'C'], ['B', 'C', 'A', 'D'], ['C', 'D', 'A', 'B']]","{'A': 4, 'C': 4, 'D': 4, 'B': 3}","[1.0, 1.0, 0.75]",3.96
95,"[3, 4, 5]","[4, 4, 3]","[0.79, 0.88, 0.58]","[['A', 'B', 'D', 'C'], ['B', 'C', 'A', 'D'], ['D', 'A', 'C', 'B']]","{'A': 4, 'C': 4, 'D': 4, 'B': 3}","[1.0, 1.0, 0.75]",3.96
95,"[3, 4, 5]","[4, 4, 3]","[0.79, 0.88, 0.58]","[['A', 'B', 'D', 'C'], ['B', 'C', 'A', 'D'], ['D', 'C', 'A', 'B']]","{'A': 4, 'C': 4, 'D': 4, 'B': 3}","[1.0, 1.0, 0.75]",3.96
95,"[3, 4, 5]","[4, 4, 3]","[0.79, 0.88, 0.58]","[['A', 'B', 'D', 'C'], ['C', 'A', 'B', 'D'], ['A', 'C', 'D', 'B']]","{'A': 4, 'C': 4, 'D': 4, 'B': 3}","[1.0, 1.0, 0.75]",3.96
95,"[3, 4, 5]","[4, 4, 3]","[0.79, 0.88, 0.58]","[['A', 'B', 'D', 'C'], ['C', 'A', 'B', 'D'], ['A', 'D', 'C', 'B']]","{'A': 4, 'C': 4, 'D': 4, 'B': 3}","[1.0, 1.0, 0.75]",3.96
95,"[3, 4, 5]","[4, 4, 3]","[0.79, 0.88, 0.58]","[['A', 'B', 'D', 'C'], ['C', 'A', 'B', 'D'], ['C', 'A', 'D', 'B']]","{'A': 4, 'C': 4, 'D': 4, 'B': 3}","[1.0, 1.0, 0.75]",3.96
95,"[3, 4, 5]","[4, 4, 3]","[0.79, 0.88, 0.58]","[['A', 'B', 'D', 'C'], ['C', 'A', 'B', 'D'], ['C', 'D', 'A', 'B']]","{'A': 4, 'C': 4, 'D': 4, 'B': 3}","[1.0, 1.0, 0.75]",3.96
95,"[3, 4, 5]","[4, 4, 3]","[0.79, 0.88, 0.58]","[['A', 'B', 'D', 'C'], ['C', 'A', 'B', 'D'], ['D', 'A', 'C', 'B']]","{'A': 4, 'C': 4, 'D': 4, 'B': 3}","[1.0, 1.0, 0.75]",3.96
95,"[3, 4, 5]","[4, 4, 3]","[0.79, 0.88, 0.58]","[['A', 'B', 'D', 'C'], ['C', 'A', 'B', 'D'], ['D', 'C', 'A', 'B']]","{'A': 4, 'C': 4, 'D': 4, 'B': 3}","[1.0, 1.0, 0.75]",3.96
95,"[3, 4, 5]","[4, 4, 3]","[0.79, 0.88, 0.58]","[['A', 'B', 'D', 'C'], ['C', 'A', 'D', 'B'], ['A', 'B', 'C', 'D']]","{'A': 4, 'C': 4, 'D': 4, 'B': 3}","[1.0, 1.0, 0.75]",3.96
95,"[3, 4, 5]","[4, 4, 3]","[0.79, 0.88, 0.58]","[['A', 'B', 'D', 'C'], ['C', 'A', 'D', 'B'], ['A', 'C', 'B', 'D']]","{'A': 4, 'C': 4, 'D': 4, 'B': 3}","[1.0, 1.0, 0.75]",3.96
95,"[3, 4, 5]","[4, 4, 3]","[0.79, 0.88, 0.58]","[['A', 'B', 'D', 'C'], ['C', 'A', 'D', 'B'], ['B', 'A', 'C', 'D']]","{'A': 4, 'C': 4, 'D': 4, 'B': 3}","[1.0, 1.0, 0.75]",3.96
95,"[3, 4, 5]","[4, 4, 3]","[0.79, 0.88, 0.58]","[['A', 'B', 'D', 'C'], ['C', 'A', 'D', 'B'], ['B', 'C', 'A', 'D']]","{'A': 4, 'C': 4, 'D': 4, 'B': 3}","[1.0, 1.0, 0.75]",3.96
95,"[3, 4, 5]","[4, 4, 3]","[0.79, 0.88, 0.58]","[['A', 'B', 'D', 'C'], ['C', 'A', 'D', 'B'], ['C', 'A', 'B', 'D']]","{'A': 4, 'C': 4, 'D': 4, 'B': 3}","[1.0, 1.0, 0.75]",3.96
95,"[3, 4, 5]","[4, 4, 3]","[0.79, 0.88, 0.58]","[['A', 'B', 'D', 'C'], ['C', 'A', 'D', 'B'], ['C', 'B', 'A', 'D']]","{'A': 4, 'C': 4, 'D': 4, 'B': 3}","[1.0, 1.0, 0.75]",3.96
95,"[3, 4, 5]","[4, 4, 3]","[0.79, 0.88, 0.58]","[['A', 'B', 'D', 'C'], ['C', 'B', 'A', 'D'], ['A', 'C', 'D', 'B']]","{'A': 4, 'C': 4, 'D': 4, 'B': 3}","[1.0, 1.0, 0.75]",3.96
95,"[3, 4, 5]","[4, 4, 3]","[0.79, 0.88, 0.58]","[['A', 'B', 'D', 'C'], ['C', 'B', 'A', 'D'], ['A', 'D', 'C', 'B']]","{'A': 4, 'C': 4, 'D': 4, 'B': 3}","[1.0, 1.0, 0.75]",3.96
95,"[3, 4, 5]","[4, 4, 3]","[0.79, 0.88, 0.58]","[['A', 'B', 'D', 'C'], ['C', 'B', 'A', 'D'], ['C', 'A', 'D', 'B']]","{'A': 4, 'C': 4, 'D': 4, 'B': 3}","[1.0, 1.0, 0.75]",3.96
95,"[3, 4, 5]","[4, 4, 3]","[0.79, 0.88, 0.58]","[['A', 'B', 'D', 'C'], ['C', 'B', 'A', 'D'], ['C', 'D', 'A', 'B']]","{'A': 4, 'C': 4, 'D': 4, 'B': 3}","[1.0, 1.0, 0.75]",3.96
95,"[3, 4, 5]","[4, 4, 3]","[0.79, 0.88, 0.58]","[['A', 'B', 'D', 'C'], ['C', 'B', 'A', 'D'], ['D', 'A', 'C', 'B']]","{'A': 4, 'C': 4, 'D': 4, 'B': 3}","[1.0, 1.0, 0.75]",3.96
95,"[3, 4, 5]","[4, 4, 3]","[0.79, 0.88, 0.58]","[['A', 'B', 'D', 'C'], ['C', 'B', 'A', 'D'], ['D', 'C', 'A', 'B']]","{'A': 4, 'C': 4, 'D': 4, 'B': 3}","[1.0, 1.0, 0.75]",3.96
95,"[3, 4, 5]","[4, 4, 3]","[0.79, 0.88, 0.58]","[['A', 'B', 'D', 'C'], ['C', 'D', 'A', 'B'], ['A', 'B', 'C', 'D']]","{'A': 4, 'C': 4, 'D': 4, 'B': 3}","[1.0, 1.0, 0.75]",3.96
95,"[3, 4, 5]","[4, 4, 3]","[0.79, 0.88, 0.58]","[['A', 'B', 'D', 'C'], ['C', 'D', 'A', 'B'], ['A', 'C', 'B', 'D']]","{'A': 4, 'C': 4, 'D': 4, 'B': 3}","[1.0, 1.0, 0.75]",3.96
95,"[3, 4, 5]","[4, 4, 3]","[0.79, 0.88, 0.58]","[['A', 'B', 'D', 'C'], ['C', 'D', 'A', 'B'], ['B', 'A', 'C', 'D']]","{'A': 4, 'C': 4, 'D': 4, 'B': 3}","[1.0, 1.0, 0.75]",3.96
95,"[3, 4, 5]","[4, 4, 3]","[0.79, 0.88, 0.58]","[['A', 'B', 'D', 'C'], ['C', 'D', 'A', 'B'], ['B', 'C', 'A', 'D']]","{'A': 4, 'C': 4, 'D': 4, 'B': 3}","[1.0, 1.0, 0.75]",3.96
95,"[3, 4, 5]","[4, 4, 3]","[0.79, 0.88, 0.58]","[['A', 'B', 'D', 'C'], ['C', 'D', 'A', 'B'], ['C', 'A', 'B', 'D']]","{'A': 4, 'C': 4, 'D': 4, 'B': 3}","[1.0, 1.0, 0.75]",3.96
95,"[3, 4, 5]","[4, 4, 3]","[0.79, 0.88, 0.58]","[['A', 'B', 'D', 'C'], ['C', 'D', 'A', 'B'], ['C', 'B', 'A', 'D']]","{'A': 4, 'C': 4, 'D': 4, 'B': 3}","[1.0, 1.0, 0.75]",3.96
95,"[3, 4, 5]","[4, 4, 3]","[0.79, 0.88, 0.58]","[['A', 'B', 'D', 'C'], ['D', 'A', 'C', 'B'], ['A', 'B', 'C', 'D']]","{'A': 4, 'C': 4, 'D': 4, 'B': 3}","[1.0, 1.0, 0.75]",3.96
95,"[3, 4, 5]","[4, 4, 3]","[0.79, 0.88, 0.58]","[['A', 'B', 'D', 'C'], ['D', 'A', 'C', 'B'], ['A', 'C', 'B', 'D']]","{'A': 4, 'C': 4, 'D': 4, 'B': 3}","[1.0, 1.0, 0.75]",3.96
95,"[3, 4, 5]","[4, 4, 3]","[0.79, 0.88, 0.58]","[['A', 'B', 'D', 'C'], ['D', 'A', 'C', 'B'], ['B', 'A', 'C', 'D']]","{'A': 4, 'C': 4, 'D': 4, 'B': 3}","[1.0, 1.0, 0.75]",3.96
95,"[3, 4, 5]","[4, 4, 3]","[0.79, 0.88, 0.58]","[['A', 'B', 'D', 'C'], ['D', 'A', 'C', 'B'], ['B', 'C', 'A', 'D']]","{'A': 4, 'C': 4, 'D': 4, 'B': 3}","[1.0, 1.0, 0.75]",3.96
95,"[3, 4, 5]","[4, 4, 3]","[0.79, 0.88, 0.58]","[['A', 'B', 'D', 'C'], ['D', 'A', 'C', 'B'], ['C', 'A', 'B', 'D']]","{'A': 4, 'C': 4, 'D': 4, 'B': 3}","[1.0, 1.0, 0.75]",3.96
95,"[3, 4, 5]","[4, 4, 3]","[0.79, 0.88, 0.58]","[['A', 'B', 'D', 'C'], ['D', 'A', 'C', 'B'], ['C', 'B', 'A', 'D']]","{'A': 4, 'C': 4, 'D': 4, 'B': 3}","[1.0, 1.0, 0.75]",3.96
95,"[3, 4, 5]","[4, 4, 3]","[0.79, 0.88, 0.58]","[['A', 'B', 'D', 'C'], ['D', 'C', 'A', 'B'], ['A', 'B', 'C', 'D']]","{'A': 4, 'C': 4, 'D': 4, 'B': 3}","[1.0, 1.0, 0.75]",3.96
95,"[3, 4, 5]","[4, 4, 3]","[0.79, 0.88, 0.58]","[['A', 'B', 'D', 'C'], ['D', 'C', 'A', 'B'], ['A', 'C', 'B', 'D']]","{'A': 4, 'C': 4, 'D': 4, 'B': 3}","[1.0, 1.0, 0.75]",3.96
95,"[3, 4, 5]","[4, 4, 3]","[0.79, 0.88, 0.58]","[['A', 'B', 'D', 'C'], ['D', 'C', 'A', 'B'], ['B', 'A', 'C', 'D']]","{'A': 4, 'C': 4, 'D': 4, 'B': 3}","[1.0, 1.0, 0.75]",3.96
95,"[3, 4, 5]","[4, 4, 3]","[0.79, 0.88, 0.58]","[['A', 'B', 'D', 'C'], ['D', 'C', 'A', 'B'], ['B', 'C', 'A', 'D']]","{'A': 4, 'C': 4, 'D': 4, 'B': 3}","[1.0, 1.0, 0.75]",3.96
95,"[3, 4, 5]","[4, 4, 3]","[0.79, 0.88, 0.58]","[['A', 'B', 'D', 'C'], ['D', 'C', 'A', 'B'], ['C', 'A', 'B', 'D']]","{'A': 4, 'C': 4, 'D': 4, 'B': 3}","[1.0, 1.0, 0.75]",3.96
95,"[3, 4, 5]","[4, 4, 3]","[0.79, 0.88, 0.58]","[['A', 'B', 'D', 'C'], ['D', 'C', 'A', 'B'], ['C', 'B', 'A', 'D']]","{'A': 4, 'C': 4, 'D': 4, 'B': 3}","[1.0, 1.0, 0.75]",3.96
95,"[3, 4, 5]","[4, 4, 3]","[0.79, 0.88, 0.58]","[['A', 'C', 'B', 'D'], ['A', 'B', 'D', 'C'], ['A', 'C', 'D', 'B']]","{'A': 4, 'C': 4, 'D': 4, 'B': 3}","[1.0, 1.0, 0.75]",3.96
95,"[3, 4, 5]","[4, 4, 3]","[0.79, 0.88, 0.58]","[['A', 'C', 'B', 'D'], ['A', 'B', 'D', 'C'], ['A', 'D', 'C', 'B']]","{'A': 4, 'C': 4, 'D': 4, 'B': 3}","[1.0, 1.0, 0.75]",3.96
95,"[3, 4, 5]","[4, 4, 3]","[0.79, 0.88, 0.58]","[['A', 'C', 'B', 'D'], ['A', 'B', 'D', 'C'], ['C', 'A', 'D', 'B']]","{'A': 4, 'C': 4, 'D': 4, 'B': 3}","[1.0, 1.0, 0.75]",3.96
95,"[3, 4, 5]","[4, 4, 3]","[0.79, 0.88, 0.58]","[['A', 'C', 'B', 'D'], ['A', 'B', 'D', 'C'], ['C', 'D', 'A', 'B']]","{'A': 4, 'C': 4, 'D': 4, 'B': 3}","[1.0, 1.0, 0.75]",3.96
95,"[3, 4, 5]","[4, 4, 3]","[0.79, 0.88, 0.58]","[['A', 'C', 'B', 'D'], ['A', 'B', 'D', 'C'], ['D', 'A', 'C', 'B']]","{'A': 4, 'C': 4, 'D': 4, 'B': 3}","[1.0, 1.0, 0.75]",3.96
95,"[3, 4, 5]","[4, 4, 3]","[0.79, 0.88, 0.58]","[['A', 'C', 'B', 'D'], ['A', 'B', 'D', 'C'], ['D', 'C', 'A', 'B']]","{'A': 4, 'C': 4, 'D': 4, 'B': 3}","[1.0, 1.0, 0.75]",3.96
95,"[3, 4, 5]","[4, 4, 3]","[0.79, 0.88, 0.58]","[['A', 'C', 'B', 'D'], ['A', 'C', 'D', 'B'], ['A', 'B', 'D', 'C']]","{'A': 4, 'C': 4, 'D': 4, 'B': 3}","[1.0, 1.0, 0.75]",3.96
95,"[3, 4, 5]","[4, 4, 3]","[0.79, 0.88, 0.58]","[['A', 'C', 'B', 'D'], ['A', 'C', 'D', 'B'], ['A', 'D', 'B', 'C']]","{'A': 4, 'C': 4, 'D': 4, 'B': 3}","[1.0, 1.0, 0.75]",3.96
95,"[3, 4, 5]","[4, 4, 3]","[0.79, 0.88, 0.58]","[['A', 'C', 'B', 'D'], ['A', 'C', 'D', 'B'], ['B', 'A', 'D', 'C']]","{'A': 4, 'C': 4, 'D': 4, 'B': 3}","[1.0, 1.0, 0.75]",3.96
95,"[3, 4, 5]","[4, 4, 3]","[0.79, 0.88, 0.58]","[['A', 'C', 'B', 'D'], ['A', 'C', 'D', 'B'], ['B', 'D', 'A', 'C']]","{'A': 4, 'C': 4, 'D': 4, 'B': 3}","[1.0, 1.0, 0.75]",3.96
95,"[3, 4, 5]","[4, 4, 3]","[0.79, 0.88, 0.58]","[['A', 'C', 'B', 'D'], ['A', 'C', 'D', 'B'], ['D', 'A', 'B', 'C']]","{'A': 4, 'C': 4, 'D': 4, 'B': 3}","[1.0, 1.0, 0.75]",3.96
95,"[3, 4, 5]","[4, 4, 3]","[0.79, 0.88, 0.58]","[['A', 'C', 'B', 'D'], ['A', 'C', 'D', 'B'], ['D', 'B', 'A', 'C']]","{'A': 4, 'C': 4, 'D': 4, 'B': 3}","[1.0, 1.0, 0.75]",3.96
95,"[3, 4, 5]","[4, 4, 3]","[0.79, 0.88, 0.58]","[['A', 'C', 'B', 'D'], ['A', 'D', 'B', 'C'], ['A', 'C', 'D', 'B']]","{'A': 4, 'C': 4, 'D': 4, 'B': 3}","[1.0, 1.0, 0.75]",3.96
95,"[3, 4, 5]","[4, 4, 3]","[0.79, 0.88, 0.58]","[['A', 'C', 'B', 'D'], ['A', 'D', 'B', 'C'], ['A', 'D', 'C', 'B']]","{'A': 4, 'C': 4, 'D': 4, 'B': 3}","[1.0, 1.0, 0.75]",3.96
95,"[3, 4, 5]","[4, 4, 3]","[0.79, 0.88, 0.58]","[['A', 'C', 'B', 'D'], ['A', 'D', 'B', 'C'], ['C', 'A', 'D', 'B']]","{'A': 4, 'C': 4, 'D': 4, 'B': 3}","[1.0, 1.0, 0.75]",3.96
95,"[3, 4, 5]","[4, 4, 3]","[0.79, 0.88, 0.58]","[['A', 'C', 'B', 'D'], ['A', 'D', 'B', 'C'], ['C', 'D', 'A', 'B']]","{'A': 4, 'C': 4, 'D': 4, 'B': 3}","[1.0, 1.0, 0.75]",3.96
95,"[3, 4, 5]","[4, 4, 3]","[0.79, 0.88, 0.58]","[['A', 'C', 'B', 'D'], ['A', 'D', 'B', 'C'], ['D', 'A', 'C', 'B']]","{'A': 4, 'C': 4, 'D': 4, 'B': 3}","[1.0, 1.0, 0.75]",3.96
95,"[3, 4, 5]","[4, 4, 3]","[0.79, 0.88, 0.58]","[['A', 'C', 'B', 'D'], ['A', 'D', 'B', 'C'], ['D', 'C', 'A', 'B']]","{'A': 4, 'C': 4, 'D': 4, 'B': 3}","[1.0, 1.0, 0.75]",3.96
95,"[3, 4, 5]","[4, 4, 3]","[0.79, 0.88, 0.58]","[['A', 'C', 'B', 'D'], ['A', 'D', 'C', 'B'], ['A', 'B', 'D', 'C']]","{'A': 4, 'C': 4, 'D': 4, 'B': 3}","[1.0, 1.0, 0.75]",3.96
95,"[3, 4, 5]","[4, 4, 3]","[0.79, 0.88, 0.58]","[['A', 'C', 'B', 'D'], ['A', 'D', 'C', 'B'], ['A', 'D', 'B', 'C']]","{'A': 4, 'C': 4, 'D': 4, 'B': 3}","[1.0, 1.0, 0.75]",3.96
95,"[3, 4, 5]","[4, 4, 3]","[0.79, 0.88, 0.58]","[['A', 'C', 'B', 'D'], ['A', 'D', 'C', 'B'], ['B', 'A', 'D', 'C']]","{'A': 4, 'C': 4, 'D': 4, 'B': 3}","[1.0, 1.0, 0.75]",3.96
95,"[3, 4, 5]","[4, 4, 3]","[0.79, 0.88, 0.58]","[['A', 'C', 'B', 'D'], ['A', 'D', 'C', 'B'], ['B', 'D', 'A', 'C']]","{'A': 4, 'C': 4, 'D': 4, 'B': 3}","[1.0, 1.0, 0.75]",3.96
95,"[3, 4, 5]","[4, 4, 3]","[0.79, 0.88, 0.58]","[['A', 'C', 'B', 'D'], ['A', 'D', 'C', 'B'], ['D', 'A', 'B', 'C']]","{'A': 4, 'C': 4, 'D': 4, 'B': 3}","[1.0, 1.0, 0.75]",3.96
95,"[3, 4, 5]","[4, 4, 3]","[0.79, 0.88, 0.58]","[['A', 'C', 'B', 'D'], ['A', 'D', 'C', 'B'], ['D', 'B', 'A', 'C']]","{'A': 4, 'C': 4, 'D': 4, 'B': 3}","[1.0, 1.0, 0.75]",3.96
95,"[3, 4, 5]","[4, 4, 3]","[0.79, 0.88, 0.58]","[['A', 'C', 'B', 'D'], ['B', 'A', 'D', 'C'], ['A', 'C', 'D', 'B']]","{'A': 4, 'C': 4, 'D': 4, 'B': 3}","[1.0, 1.0, 0.75]",3.96
95,"[3, 4, 5]","[4, 4, 3]","[0.79, 0.88, 0.58]","[['A', 'C', 'B', 'D'], ['B', 'A', 'D', 'C'], ['A', 'D', 'C', 'B']]","{'A': 4, 'C': 4, 'D': 4, 'B': 3}","[1.0, 1.0, 0.75]",3.96
95,"[3, 4, 5]","[4, 4, 3]","[0.79, 0.88, 0.58]","[['A', 'C', 'B', 'D'], ['B', 'A', 'D', 'C'], ['C', 'A', 'D', 'B']]","{'A': 4, 'C': 4, 'D': 4, 'B': 3}","[1.0, 1.0, 0.75]",3.96
95,"[3, 4, 5]","[4, 4, 3]","[0.79, 0.88, 0.58]","[['A', 'C', 'B', 'D'], ['B', 'A', 'D', 'C'], ['C', 'D', 'A', 'B']]","{'A': 4, 'C': 4, 'D': 4, 'B': 3}","[1.0, 1.0, 0.75]",3.96
95,"[3, 4, 5]","[4, 4, 3]","[0.79, 0.88, 0.58]","[['A', 'C', 'B', 'D'], ['B', 'A', 'D', 'C'], ['D', 'A', 'C', 'B']]","{'A': 4, 'C': 4, 'D': 4, 'B': 3}","[1.0, 1.0, 0.75]",3.96
95,"[3, 4, 5]","[4, 4, 3]","[0.79, 0.88, 0.58]","[['A', 'C', 'B', 'D'], ['B', 'A', 'D', 'C'], ['D', 'C', 'A', 'B']]","{'A': 4, 'C': 4, 'D': 4, 'B': 3}","[1.0, 1.0, 0.75]",3.96
95,"[3, 4, 5]","[4, 4, 3]","[0.79, 0.88, 0.58]","[['A', 'C', 'B', 'D'], ['B', 'D', 'A', 'C'], ['A', 'C', 'D', 'B']]","{'A': 4, 'C': 4, 'D': 4, 'B': 3}","[1.0, 1.0, 0.75]",3.96
95,"[3, 4, 5]","[4, 4, 3]","[0.79, 0.88, 0.58]","[['A', 'C', 'B', 'D'], ['B', 'D', 'A', 'C'], ['A', 'D', 'C', 'B']]","{'A': 4, 'C': 4, 'D': 4, 'B': 3}","[1.0, 1.0, 0.75]",3.96
95,"[3, 4, 5]","[4, 4, 3]","[0.79, 0.88, 0.58]","[['A', 'C', 'B', 'D'], ['B', 'D', 'A', 'C'], ['C', 'A', 'D', 'B']]","{'A': 4, 'C': 4, 'D': 4, 'B': 3}","[1.0, 1.0, 0.75]",3.96
95,"[3, 4, 5]","[4, 4, 3]","[0.79, 0.88, 0.58]","[['A', 'C', 'B', 'D'], ['B', 'D', 'A', 'C'], ['C', 'D', 'A', 'B']]","{'A': 4, 'C': 4, 'D': 4, 'B': 3}","[1.0, 1.0, 0.75]",3.96
95,"[3, 4, 5]","[4, 4, 3]","[0.79, 0.88, 0.58]","[['A', 'C', 'B', 'D'], ['B', 'D', 'A', 'C'], ['D', 'A', 'C', 'B']]","{'A': 4, 'C': 4, 'D': 4, 'B': 3}","[1.0, 1.0, 0.75]",3.96
95,"[3, 4, 5]","[4, 4, 3]","[0.79, 0.88, 0.58]","[['A', 'C', 'B', 'D'], ['B', 'D', 'A', 'C'], ['D', 'C', 'A', 'B']]","{'A': 4, 'C': 4, 'D': 4, 'B': 3}","[1.0, 1.0, 0.75]",3.96
95,"[3, 4, 5]","[4, 4, 3]","[0.79, 0.88, 0.58]","[['A', 'C', 'B', 'D'], ['C', 'A', 'D', 'B'], ['A', 'B', 'D', 'C']]","{'A': 4, 'C': 4, 'D': 4, 'B': 3}","[1.0, 1.0, 0.75]",3.96
95,"[3, 4, 5]","[4, 4, 3]","[0.79, 0.88, 0.58]","[['A', 'C', 'B', 'D'], ['C', 'A', 'D', 'B'], ['A', 'D', 'B', 'C']]","{'A': 4, 'C': 4, 'D': 4, 'B': 3}","[1.0, 1.0, 0.75]",3.96
95,"[3, 4, 5]","[4, 4, 3]","[0.79, 0.88, 0.58]","[['A', 'C', 'B', 'D'], ['C', 'A', 'D', 'B'], ['B', 'A', 'D', 'C']]","{'A': 4, 'C': 4, 'D': 4, 'B': 3}","[1.0, 1.0, 0.75]",3.96
95,"[3, 4, 5]","[4, 4, 3]","[0.79, 0.88, 0.58]","[['A', 'C', 'B', 'D'], ['C', 'A', 'D', 'B'], ['B', 'D', 'A', 'C']]","{'A': 4, 'C': 4, 'D': 4, 'B': 3}","[1.0, 1.0, 0.75]",3.96
95,"[3, 4, 5]","[4, 4, 3]","[0.79, 0.88, 0.58]","[['A', 'C', 'B', 'D'], ['C', 'A', 'D', 'B'], ['D', 'A', 'B', 'C']]","{'A': 4, 'C': 4, 'D': 4, 'B': 3}","[1.0, 1.0, 0.75]",3.96
95,"[3, 4, 5]","[4, 4, 3]","[0.79, 0.88, 0.58]","[['A', 'C', 'B', 'D'], ['C', 'A', 'D', 'B'], ['D', 'B', 'A', 'C']]","{'A': 4, 'C': 4, 'D': 4, 'B': 3}","[1.0, 1.0, 0.75]",3.96
95,"[3, 4, 5]","[4, 4, 3]","[0.79, 0.88, 0.58]","[['A', 'C', 'B', 'D'], ['C', 'D', 'A', 'B'], ['A', 'B', 'D', 'C']]","{'A': 4, 'C': 4, 'D': 4, 'B': 3}","[1.0, 1.0, 0.75]",3.96
95,"[3, 4, 5]","[4, 4, 3]","[0.79, 0.88, 0.58]","[['A', 'C', 'B', 'D'], ['C', 'D', 'A', 'B'], ['A', 'D', 'B', 'C']]","{'A': 4, 'C': 4, 'D': 4, 'B': 3}","[1.0, 1.0, 0.75]",3.96
95,"[3, 4, 5]","[4, 4, 3]","[0.79, 0.88, 0.58]","[['A', 'C', 'B', 'D'], ['C', 'D', 'A', 'B'], ['B', 'A', 'D', 'C']]","{'A': 4, 'C': 4, 'D': 4, 'B': 3}","[1.0, 1.0, 0.75]",3.96
95,"[3, 4, 5]","[4, 4, 3]","[0.79, 0.88, 0.58]","[['A', 'C', 'B', 'D'], ['C', 'D', 'A', 'B'], ['B', 'D', 'A', 'C']]","{'A': 4, 'C': 4, 'D': 4, 'B': 3}","[1.0, 1.0, 0.75]",3.96
95,"[3, 4, 5]","[4, 4, 3]","[0.79, 0.88, 0.58]","[['A', 'C', 'B', 'D'], ['C', 'D', 'A', 'B'], ['D', 'A', 'B', 'C']]","{'A': 4, 'C': 4, 'D': 4, 'B': 3}","[1.0, 1.0, 0.75]",3.96
95,"[3, 4, 5]","[4, 4, 3]","[0.79, 0.88, 0.58]","[['A', 'C', 'B', 'D'], ['C', 'D', 'A', 'B'], ['D', 'B', 'A', 'C']]","{'A': 4, 'C': 4, 'D': 4, 'B': 3}","[1.0, 1.0, 0.75]",3.96
95,"[3, 4, 5]","[4, 4, 3]","[0.79, 0.88, 0.58]","[['A', 'C', 'B', 'D'], ['D', 'A', 'B', 'C'], ['A', 'C', 'D', 'B']]","{'A': 4, 'C': 4, 'D': 4, 'B': 3}","[1.0, 1.0, 0.75]",3.96
95,"[3, 4, 5]","[4, 4, 3]","[0.79, 0.88, 0.58]","[['A', 'C', 'B', 'D'], ['D', 'A', 'B', 'C'], ['A', 'D', 'C', 'B']]","{'A': 4, 'C': 4, 'D': 4, 'B': 3}","[1.0, 1.0, 0.75]",3.96
95,"[3, 4, 5]","[4, 4, 3]","[0.79, 0.88, 0.58]","[['A', 'C', 'B', 'D'], ['D', 'A', 'B', 'C'], ['C', 'A', 'D', 'B']]","{'A': 4, 'C': 4, 'D': 4, 'B': 3}","[1.0, 1.0, 0.75]",3.96
95,"[3, 4, 5]","[4, 4, 3]","[0.79, 0.88, 0.58]","[['A', 'C', 'B', 'D'], ['D', 'A', 'B', 'C'], ['C', 'D', 'A', 'B']]","{'A': 4, 'C': 4, 'D': 4, 'B': 3}","[1.0, 1.0, 0.75]",3.96
95,"[3, 4, 5]","[4, 4, 3]","[0.79, 0.88, 0.58]","[['A', 'C', 'B', 'D'], ['D', 'A', 'B', 'C'], ['D', 'A', 'C', 'B']]","{'A': 4, 'C': 4, 'D': 4, 'B': 3}","[1.0, 1.0, 0.75]",3.96
95,"[3, 4, 5]","[4, 4, 3]","[0.79, 0.88, 0.58]","[['A', 'C', 'B', 'D'], ['D', 'A', 'B', 'C'], ['D', 'C', 'A', 'B']]","{'A': 4, 'C': 4, 'D': 4, 'B': 3}","[1.0, 1.0, 0.75]",3.96
95,"[3, 4, 5]","[4, 4, 3]","[0.79, 0.88, 0.58]","[['A', 'C', 'B', 'D'], ['D', 'A', 'C', 'B'], ['A', 'B', 'D', 'C']]","{'A': 4, 'C': 4, 'D': 4, 'B': 3}","[1.0, 1.0, 0.75]",3.96
95,"[3, 4, 5]","[4, 4, 3]","[0.79, 0.88, 0.58]","[['A', 'C', 'B', 'D'], ['D', 'A', 'C', 'B'], ['A', 'D', 'B', 'C']]","{'A': 4, 'C': 4, 'D': 4, 'B': 3}","[1.0, 1.0, 0.75]",3.96
95,"[3, 4, 5]","[4, 4, 3]","[0.79, 0.88, 0.58]","[['A', 'C', 'B', 'D'], ['D', 'A', 'C', 'B'], ['B', 'A', 'D', 'C']]","{'A': 4, 'C': 4, 'D': 4, 'B': 3}","[1.0, 1.0, 0.75]",3.96
95,"[3, 4, 5]","[4, 4, 3]","[0.79, 0.88, 0.58]","[['A', 'C', 'B', 'D'], ['D', 'A', 'C', 'B'], ['B', 'D', 'A', 'C']]","{'A': 4, 'C': 4, 'D': 4, 'B': 3}","[1.0, 1.0, 0.75]",3.96
95,"[3, 4, 5]","[4, 4, 3]","[0.79, 0.88, 0.58]","[['A', 'C', 'B', 'D'], ['D', 'A', 'C', 'B'], ['D', 'A', 'B', 'C']]","{'A': 4, 'C': 4, 'D': 4, 'B': 3}","[1.0, 1.0, 0.75]",3.96
95,"[3, 4, 5]","[4, 4, 3]","[0.79, 0.88, 0.58]","[['A', 'C', 'B', 'D'], ['D', 'A', 'C', 'B'], ['D', 'B', 'A', 'C']]","{'A': 4, 'C': 4, 'D': 4, 'B': 3}","[1.0, 1.0, 0.75]",3.96
95,"[3, 4, 5]","[4, 4, 3]","[0.79, 0.88, 0.58]","[['A', 'C', 'B', 'D'], ['D', 'B', 'A', 'C'], ['A', 'C', 'D', 'B']]","{'A': 4, 'C': 4, 'D': 4, 'B': 3}","[1.0, 1.0, 0.75]",3.96
95,"[3, 4, 5]","[4, 4, 3]","[0.79, 0.88, 0.58]","[['A', 'C', 'B', 'D'], ['D', 'B', 'A', 'C'], ['A', 'D', 'C', 'B']]","{'A': 4, 'C': 4, 'D': 4, 'B': 3}","[1.0, 1.0, 0.75]",3.96
95,"[3, 4, 5]","[4, 4, 3]","[0.79, 0.88, 0.58]","[['A', 'C', 'B', 'D'], ['D', 'B', 'A', 'C'], ['C', 'A', 'D', 'B']]","{'A': 4, 'C': 4, 'D': 4, 'B': 3}","[1.0, 1.0, 0.75]",3.96
95,"[3, 4, 5]","[4, 4, 3]","[0.79, 0.88, 0.58]","[['A', 'C', 'B', 'D'], ['D', 'B', 'A', 'C'], ['C', 'D', 'A', 'B']]","{'A': 4, 'C': 4, 'D': 4, 'B': 3}","[1.0, 1.0, 0.75]",3.96
95,"[3, 4, 5]","[4, 4, 3]","[0.79, 0.88, 0.58]","[['A', 'C', 'B', 'D'], ['D', 'B', 'A', 'C'], ['D', 'A', 'C', 'B']]","{'A': 4, 'C': 4, 'D': 4, 'B': 3}","[1.0, 1.0, 0.75]",3.96
95,"[3, 4, 5]","[4, 4, 3]","[0.79, 0.88, 0.58]","[['A', 'C', 'B', 'D'], ['D', 'B', 'A', 'C'], ['D', 'C', 'A', 'B']]","{'A': 4, 'C': 4, 'D': 4, 'B': 3}","[1.0, 1.0, 0.75]",3.96
95,"[3, 4, 5]","[4, 4, 3]","[0.79, 0.88, 0.58]","[['A', 'C', 'B', 'D'], ['D', 'C', 'A', 'B'], ['A', 'B', 'D', 'C']]","{'A': 4, 'C': 4, 'D': 4, 'B': 3}","[1.0, 1.0, 0.75]",3.96
95,"[3, 4, 5]","[4, 4, 3]","[0.79, 0.88, 0.58]","[['A', 'C', 'B', 'D'], ['D', 'C', 'A', 'B'], ['A', 'D', 'B', 'C']]","{'A': 4, 'C': 4, 'D': 4, 'B': 3}","[1.0, 1.0, 0.75]",3.96
95,"[3, 4, 5]","[4, 4, 3]","[0.79, 0.88, 0.58]","[['A', 'C', 'B', 'D'], ['D', 'C', 'A', 'B'], ['B', 'A', 'D', 'C']]","{'A': 4, 'C': 4, 'D': 4, 'B': 3}","[1.0, 1.0, 0.75]",3.96
95,"[3, 4, 5]","[4, 4, 3]","[0.79, 0.88, 0.58]","[['A', 'C', 'B', 'D'], ['D', 'C', 'A', 'B'], ['B', 'D', 'A', 'C']]","{'A': 4, 'C': 4, 'D': 4, 'B': 3}","[1.0, 1.0, 0.75]",3.96
95,"[3, 4, 5]","[4, 4, 3]","[0.79, 0.88, 0.58]","[['A', 'C', 'B', 'D'], ['D', 'C', 'A', 'B'], ['D', 'A', 'B', 'C']]","{'A': 4, 'C': 4, 'D': 4, 'B': 3}","[1.0, 1.0, 0.75]",3.96
95,"[3, 4, 5]","[4, 4, 3]","[0.79, 0.88, 0.58]","[['A', 'C', 'B', 'D'], ['D', 'C', 'A', 'B'], ['D', 'B', 'A', 'C']]","{'A': 4, 'C': 4, 'D': 4, 'B': 3}","[1.0, 1.0, 0.75]",3.96
95,"[3, 4, 5]","[4, 4, 3]","[0.79, 0.88, 0.58]","[['A', 'C', 'D', 'B'], ['A', 'B', 'C', 'D'], ['A', 'B', 'D', 'C']]","{'A': 4, 'C': 4, 'D': 4, 'B': 3}","[1.0, 1.0, 0.75]",3.96
95,"[3, 4, 5]","[4, 4, 3]","[0.79, 0.88, 0.58]","[['A', 'C', 'D', 'B'], ['A', 'B', 'C', 'D'], ['A', 'D', 'B', 'C']]","{'A': 4, 'C': 4, 'D': 4, 'B': 3}","[1.0, 1.0, 0.75]",3.96
95,"[3, 4, 5]","[4, 4, 3]","[0.79, 0.88, 0.58]","[['A', 'C', 'D', 'B'], ['A', 'B', 'C', 'D'], ['B', 'A', 'D', 'C']]","{'A': 4, 'C': 4, 'D': 4, 'B': 3}","[1.0, 1.0, 0.75]",3.96
95,"[3, 4, 5]","[4, 4, 3]","[0.79, 0.88, 0.58]","[['A', 'C', 'D', 'B'], ['A', 'B', 'C', 'D'], ['B', 'D', 'A', 'C']]","{'A': 4, 'C': 4, 'D': 4, 'B': 3}","[1.0, 1.0, 0.75]",3.96
95,"[3, 4, 5]","[4, 4, 3]","[0.79, 0.88, 0.58]","[['A', 'C', 'D', 'B'], ['A', 'B', 'C', 'D'], ['D', 'A', 'B', 'C']]","{'A': 4, 'C': 4, 'D': 4, 'B': 3}","[1.0, 1.0, 0.75]",3.96
95,"[3, 4, 5]","[4, 4, 3]","[0.79, 0.88, 0.58]","[['A', 'C', 'D', 'B'], ['A', 'B', 'C', 'D'], ['D', 'B', 'A', 'C']]","{'A': 4, 'C': 4, 'D': 4, 'B': 3}","[1.0, 1.0, 0.75]",3.96
95,"[3, 4, 5]","[4, 4, 3]","[0.79, 0.88, 0.58]","[['A', 'C', 'D', 'B'], ['A', 'B', 'D', 'C'], ['A', 'B', 'C', 'D']]","{'A': 4, 'C': 4, 'D': 4, 'B': 3}","[1.0, 1.0, 0.75]",3.96
95,"[3, 4, 5]","[4, 4, 3]","[0.79, 0.88, 0.58]","[['A', 'C', 'D', 'B'], ['A', 'B', 'D', 'C'], ['A', 'C', 'B', 'D']]","{'A': 4, 'C': 4, 'D': 4, 'B': 3}","[1.0, 1.0, 0.75]",3.96
95,"[3, 4, 5]","[4, 4, 3]","[0.79, 0.88, 0.58]","[['A', 'C', 'D', 'B'], ['A', 'B', 'D', 'C'], ['B', 'A', 'C', 'D']]","{'A': 4, 'C': 4, 'D': 4, 'B': 3}","[1.0, 1.0, 0.75]",3.96
95,"[3, 4, 5]","[4, 4, 3]","[0.79, 0.88, 0.58]","[['A', 'C', 'D', 'B'], ['A', 'B', 'D', 'C'], ['B', 'C', 'A', 'D']]","{'A': 4, 'C': 4, 'D': 4, 'B': 3}","[1.0, 1.0, 0.75]",3.96
95,"[3, 4, 5]","[4, 4, 3]","[0.79, 0.88, 0.58]","[['A', 'C', 'D', 'B'], ['A', 'B', 'D', 'C'], ['C', 'A', 'B', 'D']]","{'A': 4, 'C': 4, 'D': 4, 'B': 3}","[1.0, 1.0, 0.75]",3.96
95,"[3, 4, 5]","[4, 4, 3]","[0.79, 0.88, 0.58]","[['A', 'C', 'D', 'B'], ['A', 'B', 'D', 'C'], ['C', 'B', 'A', 'D']]","{'A': 4, 'C': 4, 'D': 4, 'B': 3}","[1.0, 1.0, 0.75]",3.96
95,"[3, 4, 5]","[4, 4, 3]","[0.79, 0.88, 0.58]","[['A', 'C', 'D', 'B'], ['A', 'C', 'B', 'D'], ['A', 'B', 'D', 'C']]","{'A': 4, 'C': 4, 'D': 4, 'B': 3}","[1.0, 1.0, 0.75]",3.96
95,"[3, 4, 5]","[4, 4, 3]","[0.79, 0.88, 0.58]","[['A', 'C', 'D', 'B'], ['A', 'C', 'B', 'D'], ['A', 'D', 'B', 'C']]","{'A': 4, 'C': 4, 'D': 4, 'B': 3}","[1.0, 1.0, 0.75]",3.96
95,"[3, 4, 5]","[4, 4, 3]","[0.79, 0.88, 0.58]","[['A', 'C', 'D', 'B'], ['A', 'C', 'B', 'D'], ['B', 'A', 'D', 'C']]","{'A': 4, 'C': 4, 'D': 4, 'B': 3}","[1.0, 1.0, 0.75]",3.96
95,"[3, 4, 5]","[4, 4, 3]","[0.79, 0.88, 0.58]","[['A', 'C', 'D', 'B'], ['A', 'C', 'B', 'D'], ['B', 'D', 'A', 'C']]","{'A': 4, 'C': 4, 'D': 4, 'B': 3}","[1.0, 1.0, 0.75]",3.96
95,"[3, 4, 5]","[4, 4, 3]","[0.79, 0.88, 0.58]","[['A', 'C', 'D', 'B'], ['A', 'C', 'B', 'D'], ['D', 'A', 'B', 'C']]","{'A': 4, 'C': 4, 'D': 4, 'B': 3}","[1.0, 1.0, 0.75]",3.96
95,"[3, 4, 5]","[4, 4, 3]","[0.79, 0.88, 0.58]","[['A', 'C', 'D', 'B'], ['A', 'C', 'B', 'D'], ['D', 'B', 'A', 'C']]","{'A': 4, 'C': 4, 'D': 4, 'B': 3}","[1.0, 1.0, 0.75]",3.96
95,"[3, 4, 5]","[4, 4, 3]","[0.79, 0.88, 0.58]","[['A', 'C', 'D', 'B'], ['A', 'D', 'B', 'C'], ['A', 'B', 'C', 'D']]","{'A': 4, 'C': 4, 'D': 4, 'B': 3}","[1.0, 1.0, 0.75]",3.96
95,"[3, 4, 5]","[4, 4, 3]","[0.79, 0.88, 0.58]","[['A', 'C', 'D', 'B'], ['A', 'D', 'B', 'C'], ['A', 'C', 'B', 'D']]","{'A': 4, 'C': 4, 'D': 4, 'B': 3}","[1.0, 1.0, 0.75]",3.96
95,"[3, 4, 5]","[4, 4, 3]","[0.79, 0.88, 0.58]","[['A', 'C', 'D', 'B'], ['A', 'D', 'B', 'C'], ['B', 'A', 'C', 'D']]","{'A': 4, 'C': 4, 'D': 4, 'B': 3}","[1.0, 1.0, 0.75]",3.96
95,"[3, 4, 5]","[4, 4, 3]","[0.79, 0.88, 0.58]","[['A', 'C', 'D', 'B'], ['A', 'D', 'B', 'C'], ['B', 'C', 'A', 'D']]","{'A': 4, 'C': 4, 'D': 4, 'B': 3}","[1.0, 1.0, 0.75]",3.96
95,"[3, 4, 5]","[4, 4, 3]","[0.79, 0.88, 0.58]","[['A', 'C', 'D', 'B'], ['A', 'D', 'B', 'C'], ['C', 'A', 'B', 'D']]","{'A': 4, 'C': 4, 'D': 4, 'B': 3}","[1.0, 1.0, 0.75]",3.96
95,"[3, 4, 5]","[4, 4, 3]","[0.79, 0.88, 0.58]","[['A', 'C', 'D', 'B'], ['A', 'D', 'B', 'C'], ['C', 'B', 'A', 'D']]","{'A': 4, 'C': 4, 'D': 4, 'B': 3}","[1.0, 1.0, 0.75]",3.96
95,"[3, 4, 5]","[4, 4, 3]","[0.79, 0.88, 0.58]","[['A', 'C', 'D', 'B'], ['B', 'A', 'C', 'D'], ['A', 'B', 'D', 'C']]","{'A': 4, 'C': 4, 'D': 4, 'B': 3}","[1.0, 1.0, 0.75]",3.96
95,"[3, 4, 5]","[4, 4, 3]","[0.79, 0.88, 0.58]","[['A', 'C', 'D', 'B'], ['B', 'A', 'C', 'D'], ['A', 'D', 'B', 'C']]","{'A': 4, 'C': 4, 'D': 4, 'B': 3}","[1.0, 1.0, 0.75]",3.96
95,"[3, 4, 5]","[4, 4, 3]","[0.79, 0.88, 0.58]","[['A', 'C', 'D', 'B'], ['B', 'A', 'C', 'D'], ['B', 'A', 'D', 'C']]","{'A': 4, 'C': 4, 'D': 4, 'B': 3}","[1.0, 1.0, 0.75]",3.96
95,"[3, 4, 5]","[4, 4, 3]","[0.79, 0.88, 0.58]","[['A', 'C', 'D', 'B'], ['B', 'A', 'C', 'D'], ['B', 'D', 'A', 'C']]","{'A': 4, 'C': 4, 'D': 4, 'B': 3}","[1.0, 1.0, 0.75]",3.96
95,"[3, 4, 5]","[4, 4, 3]","[0.79, 0.88, 0.58]","[['A', 'C', 'D', 'B'], ['B', 'A', 'C', 'D'], ['D', 'A', 'B', 'C']]","{'A': 4, 'C': 4, 'D': 4, 'B': 3}","[1.0, 1.0, 0.75]",3.96
95,"[3, 4, 5]","[4, 4, 3]","[0.79, 0.88, 0.58]","[['A', 'C', 'D', 'B'], ['B', 'A', 'C', 'D'], ['D', 'B', 'A', 'C']]","{'A': 4, 'C': 4, 'D': 4, 'B': 3}","[1.0, 1.0, 0.75]",3.96
95,"[3, 4, 5]","[4, 4, 3]","[0.79, 0.88, 0.58]","[['A', 'C', 'D', 'B'], ['B', 'A', 'D', 'C'], ['A', 'B', 'C', 'D']]","{'A': 4, 'C': 4, 'D': 4, 'B': 3}","[1.0, 1.0, 0.75]",3.96
95,"[3, 4, 5]","[4, 4, 3]","[0.79, 0.88, 0.58]","[['A', 'C', 'D', 'B'], ['B', 'A', 'D', 'C'], ['A', 'C', 'B', 'D']]","{'A': 4, 'C': 4, 'D': 4, 'B': 3}","[1.0, 1.0, 0.75]",3.96
95,"[3, 4, 5]","[4, 4, 3]","[0.79, 0.88, 0.58]","[['A', 'C', 'D', 'B'], ['B', 'A', 'D', 'C'], ['B', 'A', 'C', 'D']]","{'A': 4, 'C': 4, 'D': 4, 'B': 3}","[1.0, 1.0, 0.75]",3.96
95,"[3, 4, 5]","[4, 4, 3]","[0.79, 0.88, 0.58]","[['A', 'C', 'D', 'B'], ['B', 'A', 'D', 'C'], ['B', 'C', 'A', 'D']]","{'A': 4, 'C': 4, 'D': 4, 'B': 3}","[1.0, 1.0, 0.75]",3.96
95,"[3, 4, 5]","[4, 4, 3]","[0.79, 0.88, 0.58]","[['A', 'C', 'D', 'B'], ['B', 'A', 'D', 'C'], ['C', 'A', 'B', 'D']]","{'A': 4, 'C': 4, 'D': 4, 'B': 3}","[1.0, 1.0, 0.75]",3.96
95,"[3, 4, 5]","[4, 4, 3]","[0.79, 0.88, 0.58]","[['A', 'C', 'D', 'B'], ['B', 'A', 'D', 'C'], ['C', 'B', 'A', 'D']]","{'A': 4, 'C': 4, 'D': 4, 'B': 3}","[1.0, 1.0, 0.75]",3.96
95,"[3, 4, 5]","[4, 4, 3]","[0.79, 0.88, 0.58]","[['A', 'C', 'D', 'B'], ['B', 'C', 'A', 'D'], ['A', 'B', 'D', 'C']]","{'A': 4, 'C': 4, 'D': 4, 'B': 3}","[1.0, 1.0, 0.75]",3.96
95,"[3, 4, 5]","[4, 4, 3]","[0.79, 0.88, 0.58]","[['A', 'C', 'D', 'B'], ['B', 'C', 'A', 'D'], ['A', 'D', 'B', 'C']]","{'A': 4, 'C': 4, 'D': 4, 'B': 3}","[1.0, 1.0, 0.75]",3.96
95,"[3, 4, 5]","[4, 4, 3]","[0.79, 0.88, 0.58]","[['A', 'C', 'D', 'B'], ['B', 'C', 'A', 'D'], ['B', 'A', 'D', 'C']]","{'A': 4, 'C': 4, 'D': 4, 'B': 3}","[1.0, 1.0, 0.75]",3.96
95,"[3, 4, 5]","[4, 4, 3]","[0.79, 0.88, 0.58]","[['A', 'C', 'D', 'B'], ['B', 'C', 'A', 'D'], ['B', 'D', 'A', 'C']]","{'A': 4, 'C': 4, 'D': 4, 'B': 3}","[1.0, 1.0, 0.75]",3.96
95,"[3, 4, 5]","[4, 4, 3]","[0.79, 0.88, 0.58]","[['A', 'C', 'D', 'B'], ['B', 'C', 'A', 'D'], ['D', 'A', 'B', 'C']]","{'A': 4, 'C': 4, 'D': 4, 'B': 3}","[1.0, 1.0, 0.75]",3.96
95,"[3, 4, 5]","[4, 4, 3]","[0.79, 0.88, 0.58]","[['A', 'C', 'D', 'B'], ['B', 'C', 'A', 'D'], ['D', 'B', 'A', 'C']]","{'A': 4, 'C': 4, 'D': 4, 'B': 3}","[1.0, 1.0, 0.75]",3.96
95,"[3, 4, 5]","[4, 4, 3]","[0.79, 0.88, 0.58]","[['A', 'C', 'D', 'B'], ['B', 'D', 'A', 'C'], ['A', 'B', 'C', 'D']]","{'A': 4, 'C': 4, 'D': 4, 'B': 3}","[1.0, 1.0, 0.75]",3.96
95,"[3, 4, 5]","[4, 4, 3]","[0.79, 0.88, 0.58]","[['A', 'C', 'D', 'B'], ['B', 'D', 'A', 'C'], ['A', 'C', 'B', 'D']]","{'A': 4, 'C': 4, 'D': 4, 'B': 3}","[1.0, 1.0, 0.75]",3.96
95,"[3, 4, 5]","[4, 4, 3]","[0.79, 0.88, 0.58]","[['A', 'C', 'D', 'B'], ['B', 'D', 'A', 'C'], ['B', 'A', 'C', 'D']]","{'A': 4, 'C': 4, 'D': 4, 'B': 3}","[1.0, 1.0, 0.75]",3.96
95,"[3, 4, 5]","[4, 4, 3]","[0.79, 0.88, 0.58]","[['A', 'C', 'D', 'B'], ['B', 'D', 'A', 'C'], ['B', 'C', 'A', 'D']]","{'A': 4, 'C': 4, 'D': 4, 'B': 3}","[1.0, 1.0, 0.75]",3.96
95,"[3, 4, 5]","[4, 4, 3]","[0.79, 0.88, 0.58]","[['A', 'C', 'D', 'B'], ['B', 'D', 'A', 'C'], ['C', 'A', 'B', 'D']]","{'A': 4, 'C': 4, 'D': 4, 'B': 3}","[1.0, 1.0, 0.75]",3.96
95,"[3, 4, 5]","[4, 4, 3]","[0.79, 0.88, 0.58]","[['A', 'C', 'D', 'B'], ['B', 'D', 'A', 'C'], ['C', 'B', 'A', 'D']]","{'A': 4, 'C': 4, 'D': 4, 'B': 3}","[1.0, 1.0, 0.75]",3.96
95,"[3, 4, 5]","[4, 4, 3]","[0.79, 0.88, 0.58]","[['A', 'C', 'D', 'B'], ['C', 'A', 'B', 'D'], ['A', 'B', 'D', 'C']]","{'A': 4, 'C': 4, 'D': 4, 'B': 3}","[1.0, 1.0, 0.75]",3.96
95,"[3, 4, 5]","[4, 4, 3]","[0.79, 0.88, 0.58]","[['A', 'C', 'D', 'B'], ['C', 'A', 'B', 'D'], ['A', 'D', 'B', 'C']]","{'A': 4, 'C': 4, 'D': 4, 'B': 3}","[1.0, 1.0, 0.75]",3.96
95,"[3, 4, 5]","[4, 4, 3]","[0.79, 0.88, 0.58]","[['A', 'C', 'D', 'B'], ['C', 'A', 'B', 'D'], ['B', 'A', 'D', 'C']]","{'A': 4, 'C': 4, 'D': 4, 'B': 3}","[1.0, 1.0, 0.75]",3.96
95,"[3, 4, 5]","[4, 4, 3]","[0.79, 0.88, 0.58]","[['A', 'C', 'D', 'B'], ['C', 'A', 'B', 'D'], ['B', 'D', 'A', 'C']]","{'A': 4, 'C': 4, 'D': 4, 'B': 3}","[1.0, 1.0, 0.75]",3.96
95,"[3, 4, 5]","[4, 4, 3]","[0.79, 0.88, 0.58]","[['A', 'C', 'D', 'B'], ['C', 'A', 'B', 'D'], ['D', 'A', 'B', 'C']]","{'A': 4, 'C': 4, 'D': 4, 'B': 3}","[1.0, 1.0, 0.75]",3.96
95,"[3, 4, 5]","[4, 4, 3]","[0.79, 0.88, 0.58]","[['A', 'C', 'D', 'B'], ['C', 'A', 'B', 'D'], ['D', 'B', 'A', 'C']]","{'A': 4, 'C': 4, 'D': 4, 'B': 3}","[1.0, 1.0, 0.75]",3.96
95,"[3, 4, 5]","[4, 4, 3]","[0.79, 0.88, 0.58]","[['A', 'C', 'D', 'B'], ['C', 'B', 'A', 'D'], ['A', 'B', 'D', 'C']]","{'A': 4, 'C': 4, 'D': 4, 'B': 3}","[1.0, 1.0, 0.75]",3.96
95,"[3, 4, 5]","[4, 4, 3]","[0.79, 0.88, 0.58]","[['A', 'C', 'D', 'B'], ['C', 'B', 'A', 'D'], ['A', 'D', 'B', 'C']]","{'A': 4, 'C': 4, 'D': 4, 'B': 3}","[1.0, 1.0, 0.75]",3.96
95,"[3, 4, 5]","[4, 4, 3]","[0.79, 0.88, 0.58]","[['A', 'C', 'D', 'B'], ['C', 'B', 'A', 'D'], ['B', 'A', 'D', 'C']]","{'A': 4, 'C': 4, 'D': 4, 'B': 3}","[1.0, 1.0, 0.75]",3.96
95,"[3, 4, 5]","[4, 4, 3]","[0.79, 0.88, 0.58]","[['A', 'C', 'D', 'B'], ['C', 'B', 'A', 'D'], ['B', 'D', 'A', 'C']]","{'A': 4, 'C': 4, 'D': 4, 'B': 3}","[1.0, 1.0, 0.75]",3.96
95,"[3, 4, 5]","[4, 4, 3]","[0.79, 0.88, 0.58]","[['A', 'C', 'D', 'B'], ['C', 'B', 'A', 'D'], ['D', 'A', 'B', 'C']]","{'A': 4, 'C': 4, 'D': 4, 'B': 3}","[1.0, 1.0, 0.75]",3.96
95,"[3, 4, 5]","[4, 4, 3]","[0.79, 0.88, 0.58]","[['A', 'C', 'D', 'B'], ['C', 'B', 'A', 'D'], ['D', 'B', 'A', 'C']]","{'A': 4, 'C': 4, 'D': 4, 'B': 3}","[1.0, 1.0, 0.75]",3.96
95,"[3, 4, 5]","[4, 4, 3]","[0.79, 0.88, 0.58]","[['A', 'C', 'D', 'B'], ['D', 'A', 'B', 'C'], ['A', 'B', 'C', 'D']]","{'A': 4, 'C': 4, 'D': 4, 'B': 3}","[1.0, 1.0, 0.75]",3.96
95,"[3, 4, 5]","[4, 4, 3]","[0.79, 0.88, 0.58]","[['A', 'C', 'D', 'B'], ['D', 'A', 'B', 'C'], ['A', 'C', 'B', 'D']]","{'A': 4, 'C': 4, 'D': 4, 'B': 3}","[1.0, 1.0, 0.75]",3.96
95,"[3, 4, 5]","[4, 4, 3]","[0.79, 0.88, 0.58]","[['A', 'C', 'D', 'B'], ['D', 'A', 'B', 'C'], ['B', 'A', 'C', 'D']]","{'A': 4, 'C': 4, 'D': 4, 'B': 3}","[1.0, 1.0, 0.75]",3.96
95,"[3, 4, 5]","[4, 4, 3]","[0.79, 0.88, 0.58]","[['A', 'C', 'D', 'B'], ['D', 'A', 'B', 'C'], ['B', 'C', 'A', 'D']]","{'A': 4, 'C': 4, 'D': 4, 'B': 3}","[1.0, 1.0, 0.75]",3.96
95,"[3, 4, 5]","[4, 4, 3]","[0.79, 0.88, 0.58]","[['A', 'C', 'D', 'B'], ['D', 'A', 'B', 'C'], ['C', 'A', 'B', 'D']]","{'A': 4, 'C': 4, 'D': 4, 'B': 3}","[1.0, 1.0, 0.75]",3.96
95,"[3, 4, 5]","[4, 4, 3]","[0.79, 0.88, 0.58]","[['A', 'C', 'D', 'B'], ['D', 'A', 'B', 'C'], ['C', 'B', 'A', 'D']]","{'A': 4, 'C': 4, 'D': 4, 'B': 3}","[1.0, 1.0, 0.75]",3.96
95,"[3, 4, 5]","[4, 4, 3]","[0.79, 0.88, 0.58]","[['A', 'C', 'D', 'B'], ['D', 'B', 'A', 'C'], ['A', 'B', 'C', 'D']]","{'A': 4, 'C': 4, 'D': 4, 'B': 3}","[1.0, 1.0, 0.75]",3.96
95,"[3, 4, 5]","[4, 4, 3]","[0.79, 0.88, 0.58]","[['A', 'C', 'D', 'B'], ['D', 'B', 'A', 'C'], ['A', 'C', 'B', 'D']]","{'A': 4, 'C': 4, 'D': 4, 'B': 3}","[1.0, 1.0, 0.75]",3.96
95,"[3, 4, 5]","[4, 4, 3]","[0.79, 0.88, 0.58]","[['A', 'C', 'D', 'B'], ['D', 'B', 'A', 'C'], ['B', 'A', 'C', 'D']]","{'A': 4, 'C': 4, 'D': 4, 'B': 3}","[1.0, 1.0, 0.75]",3.96
95,"[3, 4, 5]","[4, 4, 3]","[0.79, 0.88, 0.58]","[['A', 'C', 'D', 'B'], ['D', 'B', 'A', 'C'], ['B', 'C', 'A', 'D']]","{'A': 4, 'C': 4, 'D': 4, 'B': 3}","[1.0, 1.0, 0.75]",3.96
95,"[3, 4, 5]","[4, 4, 3]","[0.79, 0.88, 0.58]","[['A', 'C', 'D', 'B'], ['D', 'B', 'A', 'C'], ['C', 'A', 'B', 'D']]","{'A': 4, 'C': 4, 'D': 4, 'B': 3}","[1.0, 1.0, 0.75]",3.96
95,"[3, 4, 5]","[4, 4, 3]","[0.79, 0.88, 0.58]","[['A', 'C', 'D', 'B'], ['D', 'B', 'A', 'C'], ['C', 'B', 'A', 'D']]","{'A': 4, 'C': 4, 'D': 4, 'B': 3}","[1.0, 1.0, 0.75]",3.96
95,"[3, 4, 5]","[4, 4, 3]","[0.79, 0.88, 0.58]","[['A', 'D', 'B', 'C'], ['A', 'B', 'C', 'D'], ['A', 'C', 'D', 'B']]","{'A': 4, 'C': 4, 'D': 4, 'B': 3}","[1.0, 1.0, 0.75]",3.96
95,"[3, 4, 5]","[4, 4, 3]","[0.79, 0.88, 0.58]","[['A', 'D', 'B', 'C'], ['A', 'B', 'C', 'D'], ['A', 'D', 'C', 'B']]","{'A': 4, 'C': 4, 'D': 4, 'B': 3}","[1.0, 1.0, 0.75]",3.96
95,"[3, 4, 5]","[4, 4, 3]","[0.79, 0.88, 0.58]","[['A', 'D', 'B', 'C'], ['A', 'B', 'C', 'D'], ['C', 'A', 'D', 'B']]","{'A': 4, 'C': 4, 'D': 4, 'B': 3}","[1.0, 1.0, 0.75]",3.96
95,"[3, 4, 5]","[4, 4, 3]","[0.79, 0.88, 0.58]","[['A', 'D', 'B', 'C'], ['A', 'B', 'C', 'D'], ['C', 'D', 'A', 'B']]","{'A': 4, 'C': 4, 'D': 4, 'B': 3}","[1.0, 1.0, 0.75]",3.96
95,"[3, 4, 5]","[4, 4, 3]","[0.79, 0.88, 0.58]","[['A', 'D', 'B', 'C'], ['A', 'B', 'C', 'D'], ['D', 'A', 'C', 'B']]","{'A': 4, 'C': 4, 'D': 4, 'B': 3}","[1.0, 1.0, 0.75]",3.96
95,"[3, 4, 5]","[4, 4, 3]","[0.79, 0.88, 0.58]","[['A', 'D', 'B', 'C'], ['A', 'B', 'C', 'D'], ['D', 'C', 'A', 'B']]","{'A': 4, 'C': 4, 'D': 4, 'B': 3}","[1.0, 1.0, 0.75]",3.96
95,"[3, 4, 5]","[4, 4, 3]","[0.79, 0.88, 0.58]","[['A', 'D', 'B', 'C'], ['A', 'C', 'B', 'D'], ['A', 'C', 'D', 'B']]","{'A': 4, 'C': 4, 'D': 4, 'B': 3}","[1.0, 1.0, 0.75]",3.96
95,"[3, 4, 5]","[4, 4, 3]","[0.79, 0.88, 0.58]","[['A', 'D', 'B', 'C'], ['A', 'C', 'B', 'D'], ['A', 'D', 'C', 'B']]","{'A': 4, 'C': 4, 'D': 4, 'B': 3}","[1.0, 1.0, 0.75]",3.96
95,"[3, 4, 5]","[4, 4, 3]","[0.79, 0.88, 0.58]","[['A', 'D', 'B', 'C'], ['A', 'C', 'B', 'D'], ['C', 'A', 'D', 'B']]","{'A': 4, 'C': 4, 'D': 4, 'B': 3}","[1.0, 1.0, 0.75]",3.96
95,"[3, 4, 5]","[4, 4, 3]","[0.79, 0.88, 0.58]","[['A', 'D', 'B', 'C'], ['A', 'C', 'B', 'D'], ['C', 'D', 'A', 'B']]","{'A': 4, 'C': 4, 'D': 4, 'B': 3}","[1.0, 1.0, 0.75]",3.96
95,"[3, 4, 5]","[4, 4, 3]","[0.79, 0.88, 0.58]","[['A', 'D', 'B', 'C'], ['A', 'C', 'B', 'D'], ['D', 'A', 'C', 'B']]","{'A': 4, 'C': 4, 'D': 4, 'B': 3}","[1.0, 1.0, 0.75]",3.96
95,"[3, 4, 5]","[4, 4, 3]","[0.79, 0.88, 0.58]","[['A', 'D', 'B', 'C'], ['A', 'C', 'B', 'D'], ['D', 'C', 'A', 'B']]","{'A': 4, 'C': 4, 'D': 4, 'B': 3}","[1.0, 1.0, 0.75]",3.96
95,"[3, 4, 5]","[4, 4, 3]","[0.79, 0.88, 0.58]","[['A', 'D', 'B', 'C'], ['A', 'C', 'D', 'B'], ['A', 'B', 'C', 'D']]","{'A': 4, 'C': 4, 'D': 4, 'B': 3}","[1.0, 1.0, 0.75]",3.96
95,"[3, 4, 5]","[4, 4, 3]","[0.79, 0.88, 0.58]","[['A', 'D', 'B', 'C'], ['A', 'C', 'D', 'B'], ['A', 'C', 'B', 'D']]","{'A': 4, 'C': 4, 'D': 4, 'B': 3}","[1.0, 1.0, 0.75]",3.96
95,"[3, 4, 5]","[4, 4, 3]","[0.79, 0.88, 0.58]","[['A', 'D', 'B', 'C'], ['A', 'C', 'D', 'B'], ['B', 'A', 'C', 'D']]","{'A': 4, 'C': 4, 'D': 4, 'B': 3}","[1.0, 1.0, 0.75]",3.96
95,"[3, 4, 5]","[4, 4, 3]","[0.79, 0.88, 0.58]","[['A', 'D', 'B', 'C'], ['A', 'C', 'D', 'B'], ['B', 'C', 'A', 'D']]","{'A': 4, 'C': 4, 'D': 4, 'B': 3}","[1.0, 1.0, 0.75]",3.96
95,"[3, 4, 5]","[4, 4, 3]","[0.79, 0.88, 0.58]","[['A', 'D', 'B', 'C'], ['A', 'C', 'D', 'B'], ['C', 'A', 'B', 'D']]","{'A': 4, 'C': 4, 'D': 4, 'B': 3}","[1.0, 1.0, 0.75]",3.96
95,"[3, 4, 5]","[4, 4, 3]","[0.79, 0.88, 0.58]","[['A', 'D', 'B', 'C'], ['A', 'C', 'D', 'B'], ['C', 'B', 'A', 'D']]","{'A': 4, 'C': 4, 'D': 4, 'B': 3}","[1.0, 1.0, 0.75]",3.96
95,"[3, 4, 5]","[4, 4, 3]","[0.79, 0.88, 0.58]","[['A', 'D', 'B', 'C'], ['A', 'D', 'C', 'B'], ['A', 'B', 'C', 'D']]","{'A': 4, 'C': 4, 'D': 4, 'B': 3}","[1.0, 1.0, 0.75]",3.96
95,"[3, 4, 5]","[4, 4, 3]","[0.79, 0.88, 0.58]","[['A', 'D', 'B', 'C'], ['A', 'D', 'C', 'B'], ['A', 'C', 'B', 'D']]","{'A': 4, 'C': 4, 'D': 4, 'B': 3}","[1.0, 1.0, 0.75]",3.96
95,"[3, 4, 5]","[4, 4, 3]","[0.79, 0.88, 0.58]","[['A', 'D', 'B', 'C'], ['A', 'D', 'C', 'B'], ['B', 'A', 'C', 'D']]","{'A': 4, 'C': 4, 'D': 4, 'B': 3}","[1.0, 1.0, 0.75]",3.96
95,"[3, 4, 5]","[4, 4, 3]","[0.79, 0.88, 0.58]","[['A', 'D', 'B', 'C'], ['A', 'D', 'C', 'B'], ['B', 'C', 'A', 'D']]","{'A': 4, 'C': 4, 'D': 4, 'B': 3}","[1.0, 1.0, 0.75]",3.96
95,"[3, 4, 5]","[4, 4, 3]","[0.79, 0.88, 0.58]","[['A', 'D', 'B', 'C'], ['A', 'D', 'C', 'B'], ['C', 'A', 'B', 'D']]","{'A': 4, 'C': 4, 'D': 4, 'B': 3}","[1.0, 1.0, 0.75]",3.96
95,"[3, 4, 5]","[4, 4, 3]","[0.79, 0.88, 0.58]","[['A', 'D', 'B', 'C'], ['A', 'D', 'C', 'B'], ['C', 'B', 'A', 'D']]","{'A': 4, 'C': 4, 'D': 4, 'B': 3}","[1.0, 1.0, 0.75]",3.96
95,"[3, 4, 5]","[4, 4, 3]","[0.79, 0.88, 0.58]","[['A', 'D', 'B', 'C'], ['B', 'A', 'C', 'D'], ['A', 'C', 'D', 'B']]","{'A': 4, 'C': 4, 'D': 4, 'B': 3}","[1.0, 1.0, 0.75]",3.96
95,"[3, 4, 5]","[4, 4, 3]","[0.79, 0.88, 0.58]","[['A', 'D', 'B', 'C'], ['B', 'A', 'C', 'D'], ['A', 'D', 'C', 'B']]","{'A': 4, 'C': 4, 'D': 4, 'B': 3}","[1.0, 1.0, 0.75]",3.96
95,"[3, 4, 5]","[4, 4, 3]","[0.79, 0.88, 0.58]","[['A', 'D', 'B', 'C'], ['B', 'A', 'C', 'D'], ['C', 'A', 'D', 'B']]","{'A': 4, 'C': 4, 'D': 4, 'B': 3}","[1.0, 1.0, 0.75]",3.96
95,"[3, 4, 5]","[4, 4, 3]","[0.79, 0.88, 0.58]","[['A', 'D', 'B', 'C'], ['B', 'A', 'C', 'D'], ['C', 'D', 'A', 'B']]","{'A': 4, 'C': 4, 'D': 4, 'B': 3}","[1.0, 1.0, 0.75]",3.96
95,"[3, 4, 5]","[4, 4, 3]","[0.79, 0.88, 0.58]","[['A', 'D', 'B', 'C'], ['B', 'A', 'C', 'D'], ['D', 'A', 'C', 'B']]","{'A': 4, 'C': 4, 'D': 4, 'B': 3}","[1.0, 1.0, 0.75]",3.96
95,"[3, 4, 5]","[4, 4, 3]","[0.79, 0.88, 0.58]","[['A', 'D', 'B', 'C'], ['B', 'A', 'C', 'D'], ['D', 'C', 'A', 'B']]","{'A': 4, 'C': 4, 'D': 4, 'B': 3}","[1.0, 1.0, 0.75]",3.96
95,"[3, 4, 5]","[4, 4, 3]","[0.79, 0.88, 0.58]","[['A', 'D', 'B', 'C'], ['B', 'C', 'A', 'D'], ['A', 'C', 'D', 'B']]","{'A': 4, 'C': 4, 'D': 4, 'B': 3}","[1.0, 1.0, 0.75]",3.96
95,"[3, 4, 5]","[4, 4, 3]","[0.79, 0.88, 0.58]","[['A', 'D', 'B', 'C'], ['B', 'C', 'A', 'D'], ['A', 'D', 'C', 'B']]","{'A': 4, 'C': 4, 'D': 4, 'B': 3}","[1.0, 1.0, 0.75]",3.96
95,"[3, 4, 5]","[4, 4, 3]","[0.79, 0.88, 0.58]","[['A', 'D', 'B', 'C'], ['B', 'C', 'A', 'D'], ['C', 'A', 'D', 'B']]","{'A': 4, 'C': 4, 'D': 4, 'B': 3}","[1.0, 1.0, 0.75]",3.96
95,"[3, 4, 5]","[4, 4, 3]","[0.79, 0.88, 0.58]","[['A', 'D', 'B', 'C'], ['B', 'C', 'A', 'D'], ['C', 'D', 'A', 'B']]","{'A': 4, 'C': 4, 'D': 4, 'B': 3}","[1.0, 1.0, 0.75]",3.96
95,"[3, 4, 5]","[4, 4, 3]","[0.79, 0.88, 0.58]","[['A', 'D', 'B', 'C'], ['B', 'C', 'A', 'D'], ['D', 'A', 'C', 'B']]","{'A': 4, 'C': 4, 'D': 4, 'B': 3}","[1.0, 1.0, 0.75]",3.96
95,"[3, 4, 5]","[4, 4, 3]","[0.79, 0.88, 0.58]","[['A', 'D', 'B', 'C'], ['B', 'C', 'A', 'D'], ['D', 'C', 'A', 'B']]","{'A': 4, 'C': 4, 'D': 4, 'B': 3}","[1.0, 1.0, 0.75]",3.96
95,"[3, 4, 5]","[4, 4, 3]","[0.79, 0.88, 0.58]","[['A', 'D', 'B', 'C'], ['C', 'A', 'B', 'D'], ['A', 'C', 'D', 'B']]","{'A': 4, 'C': 4, 'D': 4, 'B': 3}","[1.0, 1.0, 0.75]",3.96
95,"[3, 4, 5]","[4, 4, 3]","[0.79, 0.88, 0.58]","[['A', 'D', 'B', 'C'], ['C', 'A', 'B', 'D'], ['A', 'D', 'C', 'B']]","{'A': 4, 'C': 4, 'D': 4, 'B': 3}","[1.0, 1.0, 0.75]",3.96
95,"[3, 4, 5]","[4, 4, 3]","[0.79, 0.88, 0.58]","[['A', 'D', 'B', 'C'], ['C', 'A', 'B', 'D'], ['C', 'A', 'D', 'B']]","{'A': 4, 'C': 4, 'D': 4, 'B': 3}","[1.0, 1.0, 0.75]",3.96
95,"[3, 4, 5]","[4, 4, 3]","[0.79, 0.88, 0.58]","[['A', 'D', 'B', 'C'], ['C', 'A', 'B', 'D'], ['C', 'D', 'A', 'B']]","{'A': 4, 'C': 4, 'D': 4, 'B': 3}","[1.0, 1.0, 0.75]",3.96
95,"[3, 4, 5]","[4, 4, 3]","[0.79, 0.88, 0.58]","[['A', 'D', 'B', 'C'], ['C', 'A', 'B', 'D'], ['D', 'A', 'C', 'B']]","{'A': 4, 'C': 4, 'D': 4, 'B': 3}","[1.0, 1.0, 0.75]",3.96
95,"[3, 4, 5]","[4, 4, 3]","[0.79, 0.88, 0.58]","[['A', 'D', 'B', 'C'], ['C', 'A', 'B', 'D'], ['D', 'C', 'A', 'B']]","{'A': 4, 'C': 4, 'D': 4, 'B': 3}","[1.0, 1.0, 0.75]",3.96
95,"[3, 4, 5]","[4, 4, 3]","[0.79, 0.88, 0.58]","[['A', 'D', 'B', 'C'], ['C', 'A', 'D', 'B'], ['A', 'B', 'C', 'D']]","{'A': 4, 'C': 4, 'D': 4, 'B': 3}","[1.0, 1.0, 0.75]",3.96
95,"[3, 4, 5]","[4, 4, 3]","[0.79, 0.88, 0.58]","[['A', 'D', 'B', 'C'], ['C', 'A', 'D', 'B'], ['A', 'C', 'B', 'D']]","{'A': 4, 'C': 4, 'D': 4, 'B': 3}","[1.0, 1.0, 0.75]",3.96
95,"[3, 4, 5]","[4, 4, 3]","[0.79, 0.88, 0.58]","[['A', 'D', 'B', 'C'], ['C', 'A', 'D', 'B'], ['B', 'A', 'C', 'D']]","{'A': 4, 'C': 4, 'D': 4, 'B': 3}","[1.0, 1.0, 0.75]",3.96
95,"[3, 4, 5]","[4, 4, 3]","[0.79, 0.88, 0.58]","[['A', 'D', 'B', 'C'], ['C', 'A', 'D', 'B'], ['B', 'C', 'A', 'D']]","{'A': 4, 'C': 4, 'D': 4, 'B': 3}","[1.0, 1.0, 0.75]",3.96
95,"[3, 4, 5]","[4, 4, 3]","[0.79, 0.88, 0.58]","[['A', 'D', 'B', 'C'], ['C', 'A', 'D', 'B'], ['C', 'A', 'B', 'D']]","{'A': 4, 'C': 4, 'D': 4, 'B': 3}","[1.0, 1.0, 0.75]",3.96
95,"[3, 4, 5]","[4, 4, 3]","[0.79, 0.88, 0.58]","[['A', 'D', 'B', 'C'], ['C', 'A', 'D', 'B'], ['C', 'B', 'A', 'D']]","{'A': 4, 'C': 4, 'D': 4, 'B': 3}","[1.0, 1.0, 0.75]",3.96
95,"[3, 4, 5]","[4, 4, 3]","[0.79, 0.88, 0.58]","[['A', 'D', 'B', 'C'], ['C', 'B', 'A', 'D'], ['A', 'C', 'D', 'B']]","{'A': 4, 'C': 4, 'D': 4, 'B': 3}","[1.0, 1.0, 0.75]",3.96
95,"[3, 4, 5]","[4, 4, 3]","[0.79, 0.88, 0.58]","[['A', 'D', 'B', 'C'], ['C', 'B', 'A', 'D'], ['A', 'D', 'C', 'B']]","{'A': 4, 'C': 4, 'D': 4, 'B': 3}","[1.0, 1.0, 0.75]",3.96
95,"[3, 4, 5]","[4, 4, 3]","[0.79, 0.88, 0.58]","[['A', 'D', 'B', 'C'], ['C', 'B', 'A', 'D'], ['C', 'A', 'D', 'B']]","{'A': 4, 'C': 4, 'D': 4, 'B': 3}","[1.0, 1.0, 0.75]",3.96
95,"[3, 4, 5]","[4, 4, 3]","[0.79, 0.88, 0.58]","[['A', 'D', 'B', 'C'], ['C', 'B', 'A', 'D'], ['C', 'D', 'A', 'B']]","{'A': 4, 'C': 4, 'D': 4, 'B': 3}","[1.0, 1.0, 0.75]",3.96
95,"[3, 4, 5]","[4, 4, 3]","[0.79, 0.88, 0.58]","[['A', 'D', 'B', 'C'], ['C', 'B', 'A', 'D'], ['D', 'A', 'C', 'B']]","{'A': 4, 'C': 4, 'D': 4, 'B': 3}","[1.0, 1.0, 0.75]",3.96
95,"[3, 4, 5]","[4, 4, 3]","[0.79, 0.88, 0.58]","[['A', 'D', 'B', 'C'], ['C', 'B', 'A', 'D'], ['D', 'C', 'A', 'B']]","{'A': 4, 'C': 4, 'D': 4, 'B': 3}","[1.0, 1.0, 0.75]",3.96
95,"[3, 4, 5]","[4, 4, 3]","[0.79, 0.88, 0.58]","[['A', 'D', 'B', 'C'], ['C', 'D', 'A', 'B'], ['A', 'B', 'C', 'D']]","{'A': 4, 'C': 4, 'D': 4, 'B': 3}","[1.0, 1.0, 0.75]",3.96
95,"[3, 4, 5]","[4, 4, 3]","[0.79, 0.88, 0.58]","[['A', 'D', 'B', 'C'], ['C', 'D', 'A', 'B'], ['A', 'C', 'B', 'D']]","{'A': 4, 'C': 4, 'D': 4, 'B': 3}","[1.0, 1.0, 0.75]",3.96
95,"[3, 4, 5]","[4, 4, 3]","[0.79, 0.88, 0.58]","[['A', 'D', 'B', 'C'], ['C', 'D', 'A', 'B'], ['B', 'A', 'C', 'D']]","{'A': 4, 'C': 4, 'D': 4, 'B': 3}","[1.0, 1.0, 0.75]",3.96
95,"[3, 4, 5]","[4, 4, 3]","[0.79, 0.88, 0.58]","[['A', 'D', 'B', 'C'], ['C', 'D', 'A', 'B'], ['B', 'C', 'A', 'D']]","{'A': 4, 'C': 4, 'D': 4, 'B': 3}","[1.0, 1.0, 0.75]",3.96
95,"[3, 4, 5]","[4, 4, 3]","[0.79, 0.88, 0.58]","[['A', 'D', 'B', 'C'], ['C', 'D', 'A', 'B'], ['C', 'A', 'B', 'D']]","{'A': 4, 'C': 4, 'D': 4, 'B': 3}","[1.0, 1.0, 0.75]",3.96
95,"[3, 4, 5]","[4, 4, 3]","[0.79, 0.88, 0.58]","[['A', 'D', 'B', 'C'], ['C', 'D', 'A', 'B'], ['C', 'B', 'A', 'D']]","{'A': 4, 'C': 4, 'D': 4, 'B': 3}","[1.0, 1.0, 0.75]",3.96
95,"[3, 4, 5]","[4, 4, 3]","[0.79, 0.88, 0.58]","[['A', 'D', 'B', 'C'], ['D', 'A', 'C', 'B'], ['A', 'B', 'C', 'D']]","{'A': 4, 'C': 4, 'D': 4, 'B': 3}","[1.0, 1.0, 0.75]",3.96
95,"[3, 4, 5]","[4, 4, 3]","[0.79, 0.88, 0.58]","[['A', 'D', 'B', 'C'], ['D', 'A', 'C', 'B'], ['A', 'C', 'B', 'D']]","{'A': 4, 'C': 4, 'D': 4, 'B': 3}","[1.0, 1.0, 0.75]",3.96
95,"[3, 4, 5]","[4, 4, 3]","[0.79, 0.88, 0.58]","[['A', 'D', 'B', 'C'], ['D', 'A', 'C', 'B'], ['B', 'A', 'C', 'D']]","{'A': 4, 'C': 4, 'D': 4, 'B': 3}","[1.0, 1.0, 0.75]",3.96
95,"[3, 4, 5]","[4, 4, 3]","[0.79, 0.88, 0.58]","[['A', 'D', 'B', 'C'], ['D', 'A', 'C', 'B'], ['B', 'C', 'A', 'D']]","{'A': 4, 'C': 4, 'D': 4, 'B': 3}","[1.0, 1.0, 0.75]",3.96
95,"[3, 4, 5]","[4, 4, 3]","[0.79, 0.88, 0.58]","[['A', 'D', 'B', 'C'], ['D', 'A', 'C', 'B'], ['C', 'A', 'B', 'D']]","{'A': 4, 'C': 4, 'D': 4, 'B': 3}","[1.0, 1.0, 0.75]",3.96
95,"[3, 4, 5]","[4, 4, 3]","[0.79, 0.88, 0.58]","[['A', 'D', 'B', 'C'], ['D', 'A', 'C', 'B'], ['C', 'B', 'A', 'D']]","{'A': 4, 'C': 4, 'D': 4, 'B': 3}","[1.0, 1.0, 0.75]",3.96
95,"[3, 4, 5]","[4, 4, 3]","[0.79, 0.88, 0.58]","[['A', 'D', 'B', 'C'], ['D', 'C', 'A', 'B'], ['A', 'B', 'C', 'D']]","{'A': 4, 'C': 4, 'D': 4, 'B': 3}","[1.0, 1.0, 0.75]",3.96
95,"[3, 4, 5]","[4, 4, 3]","[0.79, 0.88, 0.58]","[['A', 'D', 'B', 'C'], ['D', 'C', 'A', 'B'], ['A', 'C', 'B', 'D']]","{'A': 4, 'C': 4, 'D': 4, 'B': 3}","[1.0, 1.0, 0.75]",3.96
95,"[3, 4, 5]","[4, 4, 3]","[0.79, 0.88, 0.58]","[['A', 'D', 'B', 'C'], ['D', 'C', 'A', 'B'], ['B', 'A', 'C', 'D']]","{'A': 4, 'C': 4, 'D': 4, 'B': 3}","[1.0, 1.0, 0.75]",3.96
95,"[3, 4, 5]","[4, 4, 3]","[0.79, 0.88, 0.58]","[['A', 'D', 'B', 'C'], ['D', 'C', 'A', 'B'], ['B', 'C', 'A', 'D']]","{'A': 4, 'C': 4, 'D': 4, 'B': 3}","[1.0, 1.0, 0.75]",3.96
95,"[3, 4, 5]","[4, 4, 3]","[0.79, 0.88, 0.58]","[['A', 'D', 'B', 'C'], ['D', 'C', 'A', 'B'], ['C', 'A', 'B', 'D']]","{'A': 4, 'C': 4, 'D': 4, 'B': 3}","[1.0, 1.0, 0.75]",3.96
95,"[3, 4, 5]","[4, 4, 3]","[0.79, 0.88, 0.58]","[['A', 'D', 'B', 'C'], ['D', 'C', 'A', 'B'], ['C', 'B', 'A', 'D']]","{'A': 4, 'C': 4, 'D': 4, 'B': 3}","[1.0, 1.0, 0.75]",3.96
95,"[3, 4, 5]","[4, 4, 3]","[0.79, 0.88, 0.58]","[['A', 'D', 'C', 'B'], ['A', 'B', 'C', 'D'], ['A', 'B', 'D', 'C']]","{'A': 4, 'C': 4, 'D': 4, 'B': 3}","[1.0, 1.0, 0.75]",3.96
95,"[3, 4, 5]","[4, 4, 3]","[0.79, 0.88, 0.58]","[['A', 'D', 'C', 'B'], ['A', 'B', 'C', 'D'], ['A', 'D', 'B', 'C']]","{'A': 4, 'C': 4, 'D': 4, 'B': 3}","[1.0, 1.0, 0.75]",3.96
95,"[3, 4, 5]","[4, 4, 3]","[0.79, 0.88, 0.58]","[['A', 'D', 'C', 'B'], ['A', 'B', 'C', 'D'], ['B', 'A', 'D', 'C']]","{'A': 4, 'C': 4, 'D': 4, 'B': 3}","[1.0, 1.0, 0.75]",3.96
95,"[3, 4, 5]","[4, 4, 3]","[0.79, 0.88, 0.58]","[['A', 'D', 'C', 'B'], ['A', 'B', 'C', 'D'], ['B', 'D', 'A', 'C']]","{'A': 4, 'C': 4, 'D': 4, 'B': 3}","[1.0, 1.0, 0.75]",3.96
95,"[3, 4, 5]","[4, 4, 3]","[0.79, 0.88, 0.58]","[['A', 'D', 'C', 'B'], ['A', 'B', 'C', 'D'], ['D', 'A', 'B', 'C']]","{'A': 4, 'C': 4, 'D': 4, 'B': 3}","[1.0, 1.0, 0.75]",3.96
95,"[3, 4, 5]","[4, 4, 3]","[0.79, 0.88, 0.58]","[['A', 'D', 'C', 'B'], ['A', 'B', 'C', 'D'], ['D', 'B', 'A', 'C']]","{'A': 4, 'C': 4, 'D': 4, 'B': 3}","[1.0, 1.0, 0.75]",3.96
95,"[3, 4, 5]","[4, 4, 3]","[0.79, 0.88, 0.58]","[['A', 'D', 'C', 'B'], ['A', 'B', 'D', 'C'], ['A', 'B', 'C', 'D']]","{'A': 4, 'C': 4, 'D': 4, 'B': 3}","[1.0, 1.0, 0.75]",3.96
95,"[3, 4, 5]","[4, 4, 3]","[0.79, 0.88, 0.58]","[['A', 'D', 'C', 'B'], ['A', 'B', 'D', 'C'], ['A', 'C', 'B', 'D']]","{'A': 4, 'C': 4, 'D': 4, 'B': 3}","[1.0, 1.0, 0.75]",3.96
95,"[3, 4, 5]","[4, 4, 3]","[0.79, 0.88, 0.58]","[['A', 'D', 'C', 'B'], ['A', 'B', 'D', 'C'], ['B', 'A', 'C', 'D']]","{'A': 4, 'C': 4, 'D': 4, 'B': 3}","[1.0, 1.0, 0.75]",3.96
95,"[3, 4, 5]","[4, 4, 3]","[0.79, 0.88, 0.58]","[['A', 'D', 'C', 'B'], ['A', 'B', 'D', 'C'], ['B', 'C', 'A', 'D']]","{'A': 4, 'C': 4, 'D': 4, 'B': 3}","[1.0, 1.0, 0.75]",3.96
95,"[3, 4, 5]","[4, 4, 3]","[0.79, 0.88, 0.58]","[['A', 'D', 'C', 'B'], ['A', 'B', 'D', 'C'], ['C', 'A', 'B', 'D']]","{'A': 4, 'C': 4, 'D': 4, 'B': 3}","[1.0, 1.0, 0.75]",3.96
95,"[3, 4, 5]","[4, 4, 3]","[0.79, 0.88, 0.58]","[['A', 'D', 'C', 'B'], ['A', 'B', 'D', 'C'], ['C', 'B', 'A', 'D']]","{'A': 4, 'C': 4, 'D': 4, 'B': 3}","[1.0, 1.0, 0.75]",3.96
95,"[3, 4, 5]","[4, 4, 3]","[0.79, 0.88, 0.58]","[['A', 'D', 'C', 'B'], ['A', 'C', 'B', 'D'], ['A', 'B', 'D', 'C']]","{'A': 4, 'C': 4, 'D': 4, 'B': 3}","[1.0, 1.0, 0.75]",3.96
95,"[3, 4, 5]","[4, 4, 3]","[0.79, 0.88, 0.58]","[['A', 'D', 'C', 'B'], ['A', 'C', 'B', 'D'], ['A', 'D', 'B', 'C']]","{'A': 4, 'C': 4, 'D': 4, 'B': 3}","[1.0, 1.0, 0.75]",3.96
95,"[3, 4, 5]","[4, 4, 3]","[0.79, 0.88, 0.58]","[['A', 'D', 'C', 'B'], ['A', 'C', 'B', 'D'], ['B', 'A', 'D', 'C']]","{'A': 4, 'C': 4, 'D': 4, 'B': 3}","[1.0, 1.0, 0.75]",3.96
95,"[3, 4, 5]","[4, 4, 3]","[0.79, 0.88, 0.58]","[['A', 'D', 'C', 'B'], ['A', 'C', 'B', 'D'], ['B', 'D', 'A', 'C']]","{'A': 4, 'C': 4, 'D': 4, 'B': 3}","[1.0, 1.0, 0.75]",3.96
95,"[3, 4, 5]","[4, 4, 3]","[0.79, 0.88, 0.58]","[['A', 'D', 'C', 'B'], ['A', 'C', 'B', 'D'], ['D', 'A', 'B', 'C']]","{'A': 4, 'C': 4, 'D': 4, 'B': 3}","[1.0, 1.0, 0.75]",3.96
95,"[3, 4, 5]","[4, 4, 3]","[0.79, 0.88, 0.58]","[['A', 'D', 'C', 'B'], ['A', 'C', 'B', 'D'], ['D', 'B', 'A', 'C']]","{'A': 4, 'C': 4, 'D': 4, 'B': 3}","[1.0, 1.0, 0.75]",3.96
95,"[3, 4, 5]","[4, 4, 3]","[0.79, 0.88, 0.58]","[['A', 'D', 'C', 'B'], ['A', 'D', 'B', 'C'], ['A', 'B', 'C', 'D']]","{'A': 4, 'C': 4, 'D': 4, 'B': 3}","[1.0, 1.0, 0.75]",3.96
95,"[3, 4, 5]","[4, 4, 3]","[0.79, 0.88, 0.58]","[['A', 'D', 'C', 'B'], ['A', 'D', 'B', 'C'], ['A', 'C', 'B', 'D']]","{'A': 4, 'C': 4, 'D': 4, 'B': 3}","[1.0, 1.0, 0.75]",3.96
95,"[3, 4, 5]","[4, 4, 3]","[0.79, 0.88, 0.58]","[['A', 'D', 'C', 'B'], ['A', 'D', 'B', 'C'], ['B', 'A', 'C', 'D']]","{'A': 4, 'C': 4, 'D': 4, 'B': 3}","[1.0, 1.0, 0.75]",3.96
95,"[3, 4, 5]","[4, 4, 3]","[0.79, 0.88, 0.58]","[['A', 'D', 'C', 'B'], ['A', 'D', 'B', 'C'], ['B', 'C', 'A', 'D']]","{'A': 4, 'C': 4, 'D': 4, 'B': 3}","[1.0, 1.0, 0.75]",3.96
95,"[3, 4, 5]","[4, 4, 3]","[0.79, 0.88, 0.58]","[['A', 'D', 'C', 'B'], ['A', 'D', 'B', 'C'], ['C', 'A', 'B', 'D']]","{'A': 4, 'C': 4, 'D': 4, 'B': 3}","[1.0, 1.0, 0.75]",3.96
95,"[3, 4, 5]","[4, 4, 3]","[0.79, 0.88, 0.58]","[['A', 'D', 'C', 'B'], ['A', 'D', 'B', 'C'], ['C', 'B', 'A', 'D']]","{'A': 4, 'C': 4, 'D': 4, 'B': 3}","[1.0, 1.0, 0.75]",3.96
95,"[3, 4, 5]","[4, 4, 3]","[0.79, 0.88, 0.58]","[['A', 'D', 'C', 'B'], ['B', 'A', 'C', 'D'], ['A', 'B', 'D', 'C']]","{'A': 4, 'C': 4, 'D': 4, 'B': 3}","[1.0, 1.0, 0.75]",3.96
95,"[3, 4, 5]","[4, 4, 3]","[0.79, 0.88, 0.58]","[['A', 'D', 'C', 'B'], ['B', 'A', 'C', 'D'], ['A', 'D', 'B', 'C']]","{'A': 4, 'C': 4, 'D': 4, 'B': 3}","[1.0, 1.0, 0.75]",3.96
95,"[3, 4, 5]","[4, 4, 3]","[0.79, 0.88, 0.58]","[['A', 'D', 'C', 'B'], ['B', 'A', 'C', 'D'], ['B', 'A', 'D', 'C']]","{'A': 4, 'C': 4, 'D': 4, 'B': 3}","[1.0, 1.0, 0.75]",3.96
95,"[3, 4, 5]","[4, 4, 3]","[0.79, 0.88, 0.58]","[['A', 'D', 'C', 'B'], ['B', 'A', 'C', 'D'], ['B', 'D', 'A', 'C']]","{'A': 4, 'C': 4, 'D': 4, 'B': 3}","[1.0, 1.0, 0.75]",3.96
95,"[3, 4, 5]","[4, 4, 3]","[0.79, 0.88, 0.58]","[['A', 'D', 'C', 'B'], ['B', 'A', 'C', 'D'], ['D', 'A', 'B', 'C']]","{'A': 4, 'C': 4, 'D': 4, 'B': 3}","[1.0, 1.0, 0.75]",3.96
95,"[3, 4, 5]","[4, 4, 3]","[0.79, 0.88, 0.58]","[['A', 'D', 'C', 'B'], ['B', 'A', 'C', 'D'], ['D', 'B', 'A', 'C']]","{'A': 4, 'C': 4, 'D': 4, 'B': 3}","[1.0, 1.0, 0.75]",3.96
95,"[3, 4, 5]","[4, 4, 3]","[0.79, 0.88, 0.58]","[['A', 'D', 'C', 'B'], ['B', 'A', 'D', 'C'], ['A', 'B', 'C', 'D']]","{'A': 4, 'C': 4, 'D': 4, 'B': 3}","[1.0, 1.0, 0.75]",3.96
95,"[3, 4, 5]","[4, 4, 3]","[0.79, 0.88, 0.58]","[['A', 'D', 'C', 'B'], ['B', 'A', 'D', 'C'], ['A', 'C', 'B', 'D']]","{'A': 4, 'C': 4, 'D': 4, 'B': 3}","[1.0, 1.0, 0.75]",3.96
95,"[3, 4, 5]","[4, 4, 3]","[0.79, 0.88, 0.58]","[['A', 'D', 'C', 'B'], ['B', 'A', 'D', 'C'], ['B', 'A', 'C', 'D']]","{'A': 4, 'C': 4, 'D': 4, 'B': 3}","[1.0, 1.0, 0.75]",3.96
95,"[3, 4, 5]","[4, 4, 3]","[0.79, 0.88, 0.58]","[['A', 'D', 'C', 'B'], ['B', 'A', 'D', 'C'], ['B', 'C', 'A', 'D']]","{'A': 4, 'C': 4, 'D': 4, 'B': 3}","[1.0, 1.0, 0.75]",3.96
95,"[3, 4, 5]","[4, 4, 3]","[0.79, 0.88, 0.58]","[['A', 'D', 'C', 'B'], ['B', 'A', 'D', 'C'], ['C', 'A', 'B', 'D']]","{'A': 4, 'C': 4, 'D': 4, 'B': 3}","[1.0, 1.0, 0.75]",3.96
95,"[3, 4, 5]","[4, 4, 3]","[0.79, 0.88, 0.58]","[['A', 'D', 'C', 'B'], ['B', 'A', 'D', 'C'], ['C', 'B', 'A', 'D']]","{'A': 4, 'C': 4, 'D': 4, 'B': 3}","[1.0, 1.0, 0.75]",3.96
95,"[3, 4, 5]","[4, 4, 3]","[0.79, 0.88, 0.58]","[['A', 'D', 'C', 'B'], ['B', 'C', 'A', 'D'], ['A', 'B', 'D', 'C']]","{'A': 4, 'C': 4, 'D': 4, 'B': 3}","[1.0, 1.0, 0.75]",3.96
95,"[3, 4, 5]","[4, 4, 3]","[0.79, 0.88, 0.58]","[['A', 'D', 'C', 'B'], ['B', 'C', 'A', 'D'], ['A', 'D', 'B', 'C']]","{'A': 4, 'C': 4, 'D': 4, 'B': 3}","[1.0, 1.0, 0.75]",3.96
95,"[3, 4, 5]","[4, 4, 3]","[0.79, 0.88, 0.58]","[['A', 'D', 'C', 'B'], ['B', 'C', 'A', 'D'], ['B', 'A', 'D', 'C']]","{'A': 4, 'C': 4, 'D': 4, 'B': 3}","[1.0, 1.0, 0.75]",3.96
95,"[3, 4, 5]","[4, 4, 3]","[0.79, 0.88, 0.58]","[['A', 'D', 'C', 'B'], ['B', 'C', 'A', 'D'], ['B', 'D', 'A', 'C']]","{'A': 4, 'C': 4, 'D': 4, 'B': 3}","[1.0, 1.0, 0.75]",3.96
95,"[3, 4, 5]","[4, 4, 3]","[0.79, 0.88, 0.58]","[['A', 'D', 'C', 'B'], ['B', 'C', 'A', 'D'], ['D', 'A', 'B', 'C']]","{'A': 4, 'C': 4, 'D': 4, 'B': 3}","[1.0, 1.0, 0.75]",3.96
95,"[3, 4, 5]","[4, 4, 3]","[0.79, 0.88, 0.58]","[['A', 'D', 'C', 'B'], ['B', 'C', 'A', 'D'], ['D', 'B', 'A', 'C']]","{'A': 4, 'C': 4, 'D': 4, 'B': 3}","[1.0, 1.0, 0.75]",3.96
95,"[3, 4, 5]","[4, 4, 3]","[0.79, 0.88, 0.58]","[['A', 'D', 'C', 'B'], ['B', 'D', 'A', 'C'], ['A', 'B', 'C', 'D']]","{'A': 4, 'C': 4, 'D': 4, 'B': 3}","[1.0, 1.0, 0.75]",3.96
95,"[3, 4, 5]","[4, 4, 3]","[0.79, 0.88, 0.58]","[['A', 'D', 'C', 'B'], ['B', 'D', 'A', 'C'], ['A', 'C', 'B', 'D']]","{'A': 4, 'C': 4, 'D': 4, 'B': 3}","[1.0, 1.0, 0.75]",3.96
95,"[3, 4, 5]","[4, 4, 3]","[0.79, 0.88, 0.58]","[['A', 'D', 'C', 'B'], ['B', 'D', 'A', 'C'], ['B', 'A', 'C', 'D']]","{'A': 4, 'C': 4, 'D': 4, 'B': 3}","[1.0, 1.0, 0.75]",3.96
95,"[3, 4, 5]","[4, 4, 3]","[0.79, 0.88, 0.58]","[['A', 'D', 'C', 'B'], ['B', 'D', 'A', 'C'], ['B', 'C', 'A', 'D']]","{'A': 4, 'C': 4, 'D': 4, 'B': 3}","[1.0, 1.0, 0.75]",3.96
95,"[3, 4, 5]","[4, 4, 3]","[0.79, 0.88, 0.58]","[['A', 'D', 'C', 'B'], ['B', 'D', 'A', 'C'], ['C', 'A', 'B', 'D']]","{'A': 4, 'C': 4, 'D': 4, 'B': 3}","[1.0, 1.0, 0.75]",3.96
95,"[3, 4, 5]","[4, 4, 3]","[0.79, 0.88, 0.58]","[['A', 'D', 'C', 'B'], ['B', 'D', 'A', 'C'], ['C', 'B', 'A', 'D']]","{'A': 4, 'C': 4, 'D': 4, 'B': 3}","[1.0, 1.0, 0.75]",3.96
95,"[3, 4, 5]","[4, 4, 3]","[0.79, 0.88, 0.58]","[['A', 'D', 'C', 'B'], ['C', 'A', 'B', 'D'], ['A', 'B', 'D', 'C']]","{'A': 4, 'C': 4, 'D': 4, 'B': 3}","[1.0, 1.0, 0.75]",3.96
95,"[3, 4, 5]","[4, 4, 3]","[0.79, 0.88, 0.58]","[['A', 'D', 'C', 'B'], ['C', 'A', 'B', 'D'], ['A', 'D', 'B', 'C']]","{'A': 4, 'C': 4, 'D': 4, 'B': 3}","[1.0, 1.0, 0.75]",3.96
95,"[3, 4, 5]","[4, 4, 3]","[0.79, 0.88, 0.58]","[['A', 'D', 'C', 'B'], ['C', 'A', 'B', 'D'], ['B', 'A', 'D', 'C']]","{'A': 4, 'C': 4, 'D': 4, 'B': 3}","[1.0, 1.0, 0.75]",3.96
95,"[3, 4, 5]","[4, 4, 3]","[0.79, 0.88, 0.58]","[['A', 'D', 'C', 'B'], ['C', 'A', 'B', 'D'], ['B', 'D', 'A', 'C']]","{'A': 4, 'C': 4, 'D': 4, 'B': 3}","[1.0, 1.0, 0.75]",3.96
95,"[3, 4, 5]","[4, 4, 3]","[0.79, 0.88, 0.58]","[['A', 'D', 'C', 'B'], ['C', 'A', 'B', 'D'], ['D', 'A', 'B', 'C']]","{'A': 4, 'C': 4, 'D': 4, 'B': 3}","[1.0, 1.0, 0.75]",3.96
95,"[3, 4, 5]","[4, 4, 3]","[0.79, 0.88, 0.58]","[['A', 'D', 'C', 'B'], ['C', 'A', 'B', 'D'], ['D', 'B', 'A', 'C']]","{'A': 4, 'C': 4, 'D': 4, 'B': 3}","[1.0, 1.0, 0.75]",3.96
95,"[3, 4, 5]","[4, 4, 3]","[0.79, 0.88, 0.58]","[['A', 'D', 'C', 'B'], ['C', 'B', 'A', 'D'], ['A', 'B', 'D', 'C']]","{'A': 4, 'C': 4, 'D': 4, 'B': 3}","[1.0, 1.0, 0.75]",3.96
95,"[3, 4, 5]","[4, 4, 3]","[0.79, 0.88, 0.58]","[['A', 'D', 'C', 'B'], ['C', 'B', 'A', 'D'], ['A', 'D', 'B', 'C']]","{'A': 4, 'C': 4, 'D': 4, 'B': 3}","[1.0, 1.0, 0.75]",3.96
95,"[3, 4, 5]","[4, 4, 3]","[0.79, 0.88, 0.58]","[['A', 'D', 'C', 'B'], ['C', 'B', 'A', 'D'], ['B', 'A', 'D', 'C']]","{'A': 4, 'C': 4, 'D': 4, 'B': 3}","[1.0, 1.0, 0.75]",3.96
95,"[3, 4, 5]","[4, 4, 3]","[0.79, 0.88, 0.58]","[['A', 'D', 'C', 'B'], ['C', 'B', 'A', 'D'], ['B', 'D', 'A', 'C']]","{'A': 4, 'C': 4, 'D': 4, 'B': 3}","[1.0, 1.0, 0.75]",3.96
95,"[3, 4, 5]","[4, 4, 3]","[0.79, 0.88, 0.58]","[['A', 'D', 'C', 'B'], ['C', 'B', 'A', 'D'], ['D', 'A', 'B', 'C']]","{'A': 4, 'C': 4, 'D': 4, 'B': 3}","[1.0, 1.0, 0.75]",3.96
95,"[3, 4, 5]","[4, 4, 3]","[0.79, 0.88, 0.58]","[['A', 'D', 'C', 'B'], ['C', 'B', 'A', 'D'], ['D', 'B', 'A', 'C']]","{'A': 4, 'C': 4, 'D': 4, 'B': 3}","[1.0, 1.0, 0.75]",3.96
95,"[3, 4, 5]","[4, 4, 3]","[0.79, 0.88, 0.58]","[['A', 'D', 'C', 'B'], ['D', 'A', 'B', 'C'], ['A', 'B', 'C', 'D']]","{'A': 4, 'C': 4, 'D': 4, 'B': 3}","[1.0, 1.0, 0.75]",3.96
95,"[3, 4, 5]","[4, 4, 3]","[0.79, 0.88, 0.58]","[['A', 'D', 'C', 'B'], ['D', 'A', 'B', 'C'], ['A', 'C', 'B', 'D']]","{'A': 4, 'C': 4, 'D': 4, 'B': 3}","[1.0, 1.0, 0.75]",3.96
95,"[3, 4, 5]","[4, 4, 3]","[0.79, 0.88, 0.58]","[['A', 'D', 'C', 'B'], ['D', 'A', 'B', 'C'], ['B', 'A', 'C', 'D']]","{'A': 4, 'C': 4, 'D': 4, 'B': 3}","[1.0, 1.0, 0.75]",3.96
95,"[3, 4, 5]","[4, 4, 3]","[0.79, 0.88, 0.58]","[['A', 'D', 'C', 'B'], ['D', 'A', 'B', 'C'], ['B', 'C', 'A', 'D']]","{'A': 4, 'C': 4, 'D': 4, 'B': 3}","[1.0, 1.0, 0.75]",3.96
95,"[3, 4, 5]","[4, 4, 3]","[0.79, 0.88, 0.58]","[['A', 'D', 'C', 'B'], ['D', 'A', 'B', 'C'], ['C', 'A', 'B', 'D']]","{'A': 4, 'C': 4, 'D': 4, 'B': 3}","[1.0, 1.0, 0.75]",3.96
95,"[3, 4, 5]","[4, 4, 3]","[0.79, 0.88, 0.58]","[['A', 'D', 'C', 'B'], ['D', 'A', 'B', 'C'], ['C', 'B', 'A', 'D']]","{'A': 4, 'C': 4, 'D': 4, 'B': 3}","[1.0, 1.0, 0.75]",3.96
95,"[3, 4, 5]","[4, 4, 3]","[0.79, 0.88, 0.58]","[['A', 'D', 'C', 'B'], ['D', 'B', 'A', 'C'], ['A', 'B', 'C', 'D']]","{'A': 4, 'C': 4, 'D': 4, 'B': 3}","[1.0, 1.0, 0.75]",3.96
95,"[3, 4, 5]","[4, 4, 3]","[0.79, 0.88, 0.58]","[['A', 'D', 'C', 'B'], ['D', 'B', 'A', 'C'], ['A', 'C', 'B', 'D']]","{'A': 4, 'C': 4, 'D': 4, 'B': 3}","[1.0, 1.0, 0.75]",3.96
95,"[3, 4, 5]","[4, 4, 3]","[0.79, 0.88, 0.58]","[['A', 'D', 'C', 'B'], ['D', 'B', 'A', 'C'], ['B', 'A', 'C', 'D']]","{'A': 4, 'C': 4, 'D': 4, 'B': 3}","[1.0, 1.0, 0.75]",3.96
95,"[3, 4, 5]","[4, 4, 3]","[0.79, 0.88, 0.58]","[['A', 'D', 'C', 'B'], ['D', 'B', 'A', 'C'], ['B', 'C', 'A', 'D']]","{'A': 4, 'C': 4, 'D': 4, 'B': 3}","[1.0, 1.0, 0.75]",3.96
95,"[3, 4, 5]","[4, 4, 3]","[0.79, 0.88, 0.58]","[['A', 'D', 'C', 'B'], ['D', 'B', 'A', 'C'], ['C', 'A', 'B', 'D']]","{'A': 4, 'C': 4, 'D': 4, 'B': 3}","[1.0, 1.0, 0.75]",3.96
95,"[3, 4, 5]","[4, 4, 3]","[0.79, 0.88, 0.58]","[['A', 'D', 'C', 'B'], ['D', 'B', 'A', 'C'], ['C', 'B', 'A', 'D']]","{'A': 4, 'C': 4, 'D': 4, 'B': 3}","[1.0, 1.0, 0.75]",3.96
95,"[3, 4, 5]","[4, 4, 3]","[0.79, 0.88, 0.58]","[['B', 'A', 'C', 'D'], ['A', 'B', 'D', 'C'], ['A', 'C', 'D', 'B']]","{'A': 4, 'C': 4, 'D': 4, 'B': 3}","[1.0, 1.0, 0.75]",3.96
95,"[3, 4, 5]","[4, 4, 3]","[0.79, 0.88, 0.58]","[['B', 'A', 'C', 'D'], ['A', 'B', 'D', 'C'], ['A', 'D', 'C', 'B']]","{'A': 4, 'C': 4, 'D': 4, 'B': 3}","[1.0, 1.0, 0.75]",3.96
95,"[3, 4, 5]","[4, 4, 3]","[0.79, 0.88, 0.58]","[['B', 'A', 'C', 'D'], ['A', 'B', 'D', 'C'], ['C', 'A', 'D', 'B']]","{'A': 4, 'C': 4, 'D': 4, 'B': 3}","[1.0, 1.0, 0.75]",3.96
95,"[3, 4, 5]","[4, 4, 3]","[0.79, 0.88, 0.58]","[['B', 'A', 'C', 'D'], ['A', 'B', 'D', 'C'], ['C', 'D', 'A', 'B']]","{'A': 4, 'C': 4, 'D': 4, 'B': 3}","[1.0, 1.0, 0.75]",3.96
95,"[3, 4, 5]","[4, 4, 3]","[0.79, 0.88, 0.58]","[['B', 'A', 'C', 'D'], ['A', 'B', 'D', 'C'], ['D', 'A', 'C', 'B']]","{'A': 4, 'C': 4, 'D': 4, 'B': 3}","[1.0, 1.0, 0.75]",3.96
95,"[3, 4, 5]","[4, 4, 3]","[0.79, 0.88, 0.58]","[['B', 'A', 'C', 'D'], ['A', 'B', 'D', 'C'], ['D', 'C', 'A', 'B']]","{'A': 4, 'C': 4, 'D': 4, 'B': 3}","[1.0, 1.0, 0.75]",3.96
95,"[3, 4, 5]","[4, 4, 3]","[0.79, 0.88, 0.58]","[['B', 'A', 'C', 'D'], ['A', 'C', 'D', 'B'], ['A', 'B', 'D', 'C']]","{'A': 4, 'C': 4, 'D': 4, 'B': 3}","[1.0, 1.0, 0.75]",3.96
95,"[3, 4, 5]","[4, 4, 3]","[0.79, 0.88, 0.58]","[['B', 'A', 'C', 'D'], ['A', 'C', 'D', 'B'], ['A', 'D', 'B', 'C']]","{'A': 4, 'C': 4, 'D': 4, 'B': 3}","[1.0, 1.0, 0.75]",3.96
95,"[3, 4, 5]","[4, 4, 3]","[0.79, 0.88, 0.58]","[['B', 'A', 'C', 'D'], ['A', 'C', 'D', 'B'], ['B', 'A', 'D', 'C']]","{'A': 4, 'C': 4, 'D': 4, 'B': 3}","[1.0, 1.0, 0.75]",3.96
95,"[3, 4, 5]","[4, 4, 3]","[0.79, 0.88, 0.58]","[['B', 'A', 'C', 'D'], ['A', 'C', 'D', 'B'], ['B', 'D', 'A', 'C']]","{'A': 4, 'C': 4, 'D': 4, 'B': 3}","[1.0, 1.0, 0.75]",3.96
95,"[3, 4, 5]","[4, 4, 3]","[0.79, 0.88, 0.58]","[['B', 'A', 'C', 'D'], ['A', 'C', 'D', 'B'], ['D', 'A', 'B', 'C']]","{'A': 4, 'C': 4, 'D': 4, 'B': 3}","[1.0, 1.0, 0.75]",3.96
95,"[3, 4, 5]","[4, 4, 3]","[0.79, 0.88, 0.58]","[['B', 'A', 'C', 'D'], ['A', 'C', 'D', 'B'], ['D', 'B', 'A', 'C']]","{'A': 4, 'C': 4, 'D': 4, 'B': 3}","[1.0, 1.0, 0.75]",3.96
95,"[3, 4, 5]","[4, 4, 3]","[0.79, 0.88, 0.58]","[['B', 'A', 'C', 'D'], ['A', 'D', 'B', 'C'], ['A', 'C', 'D', 'B']]","{'A': 4, 'C': 4, 'D': 4, 'B': 3}","[1.0, 1.0, 0.75]",3.96
95,"[3, 4, 5]","[4, 4, 3]","[0.79, 0.88, 0.58]","[['B', 'A', 'C', 'D'], ['A', 'D', 'B', 'C'], ['A', 'D', 'C', 'B']]","{'A': 4, 'C': 4, 'D': 4, 'B': 3}","[1.0, 1.0, 0.75]",3.96
95,"[3, 4, 5]","[4, 4, 3]","[0.79, 0.88, 0.58]","[['B', 'A', 'C', 'D'], ['A', 'D', 'B', 'C'], ['C', 'A', 'D', 'B']]","{'A': 4, 'C': 4, 'D': 4, 'B': 3}","[1.0, 1.0, 0.75]",3.96
95,"[3, 4, 5]","[4, 4, 3]","[0.79, 0.88, 0.58]","[['B', 'A', 'C', 'D'], ['A', 'D', 'B', 'C'], ['C', 'D', 'A', 'B']]","{'A': 4, 'C': 4, 'D': 4, 'B': 3}","[1.0, 1.0, 0.75]",3.96
95,"[3, 4, 5]","[4, 4, 3]","[0.79, 0.88, 0.58]","[['B', 'A', 'C', 'D'], ['A', 'D', 'B', 'C'], ['D', 'A', 'C', 'B']]","{'A': 4, 'C': 4, 'D': 4, 'B': 3}","[1.0, 1.0, 0.75]",3.96
95,"[3, 4, 5]","[4, 4, 3]","[0.79, 0.88, 0.58]","[['B', 'A', 'C', 'D'], ['A', 'D', 'B', 'C'], ['D', 'C', 'A', 'B']]","{'A': 4, 'C': 4, 'D': 4, 'B': 3}","[1.0, 1.0, 0.75]",3.96
95,"[3, 4, 5]","[4, 4, 3]","[0.79, 0.88, 0.58]","[['B', 'A', 'C', 'D'], ['A', 'D', 'C', 'B'], ['A', 'B', 'D', 'C']]","{'A': 4, 'C': 4, 'D': 4, 'B': 3}","[1.0, 1.0, 0.75]",3.96
95,"[3, 4, 5]","[4, 4, 3]","[0.79, 0.88, 0.58]","[['B', 'A', 'C', 'D'], ['A', 'D', 'C', 'B'], ['A', 'D', 'B', 'C']]","{'A': 4, 'C': 4, 'D': 4, 'B': 3}","[1.0, 1.0, 0.75]",3.96
95,"[3, 4, 5]","[4, 4, 3]","[0.79, 0.88, 0.58]","[['B', 'A', 'C', 'D'], ['A', 'D', 'C', 'B'], ['B', 'A', 'D', 'C']]","{'A': 4, 'C': 4, 'D': 4, 'B': 3}","[1.0, 1.0, 0.75]",3.96
95,"[3, 4, 5]","[4, 4, 3]","[0.79, 0.88, 0.58]","[['B', 'A', 'C', 'D'], ['A', 'D', 'C', 'B'], ['B', 'D', 'A', 'C']]","{'A': 4, 'C': 4, 'D': 4, 'B': 3}","[1.0, 1.0, 0.75]",3.96
95,"[3, 4, 5]","[4, 4, 3]","[0.79, 0.88, 0.58]","[['B', 'A', 'C', 'D'], ['A', 'D', 'C', 'B'], ['D', 'A', 'B', 'C']]","{'A': 4, 'C': 4, 'D': 4, 'B': 3}","[1.0, 1.0, 0.75]",3.96
95,"[3, 4, 5]","[4, 4, 3]","[0.79, 0.88, 0.58]","[['B', 'A', 'C', 'D'], ['A', 'D', 'C', 'B'], ['D', 'B', 'A', 'C']]","{'A': 4, 'C': 4, 'D': 4, 'B': 3}","[1.0, 1.0, 0.75]",3.96
95,"[3, 4, 5]","[4, 4, 3]","[0.79, 0.88, 0.58]","[['B', 'A', 'C', 'D'], ['B', 'A', 'D', 'C'], ['A', 'C', 'D', 'B']]","{'A': 4, 'C': 4, 'D': 4, 'B': 3}","[1.0, 1.0, 0.75]",3.96
95,"[3, 4, 5]","[4, 4, 3]","[0.79, 0.88, 0.58]","[['B', 'A', 'C', 'D'], ['B', 'A', 'D', 'C'], ['A', 'D', 'C', 'B']]","{'A': 4, 'C': 4, 'D': 4, 'B': 3}","[1.0, 1.0, 0.75]",3.96
95,"[3, 4, 5]","[4, 4, 3]","[0.79, 0.88, 0.58]","[['B', 'A', 'C', 'D'], ['B', 'A', 'D', 'C'], ['C', 'A', 'D', 'B']]","{'A': 4, 'C': 4, 'D': 4, 'B': 3}","[1.0, 1.0, 0.75]",3.96
95,"[3, 4, 5]","[4, 4, 3]","[0.79, 0.88, 0.58]","[['B', 'A', 'C', 'D'], ['B', 'A', 'D', 'C'], ['C', 'D', 'A', 'B']]","{'A': 4, 'C': 4, 'D': 4, 'B': 3}","[1.0, 1.0, 0.75]",3.96
95,"[3, 4, 5]","[4, 4, 3]","[0.79, 0.88, 0.58]","[['B', 'A', 'C', 'D'], ['B', 'A', 'D', 'C'], ['D', 'A', 'C', 'B']]","{'A': 4, 'C': 4, 'D': 4, 'B': 3}","[1.0, 1.0, 0.75]",3.96
95,"[3, 4, 5]","[4, 4, 3]","[0.79, 0.88, 0.58]","[['B', 'A', 'C', 'D'], ['B', 'A', 'D', 'C'], ['D', 'C', 'A', 'B']]","{'A': 4, 'C': 4, 'D': 4, 'B': 3}","[1.0, 1.0, 0.75]",3.96
95,"[3, 4, 5]","[4, 4, 3]","[0.79, 0.88, 0.58]","[['B', 'A', 'C', 'D'], ['B', 'D', 'A', 'C'], ['A', 'C', 'D', 'B']]","{'A': 4, 'C': 4, 'D': 4, 'B': 3}","[1.0, 1.0, 0.75]",3.96
95,"[3, 4, 5]","[4, 4, 3]","[0.79, 0.88, 0.58]","[['B', 'A', 'C', 'D'], ['B', 'D', 'A', 'C'], ['A', 'D', 'C', 'B']]","{'A': 4, 'C': 4, 'D': 4, 'B': 3}","[1.0, 1.0, 0.75]",3.96
95,"[3, 4, 5]","[4, 4, 3]","[0.79, 0.88, 0.58]","[['B', 'A', 'C', 'D'], ['B', 'D', 'A', 'C'], ['C', 'A', 'D', 'B']]","{'A': 4, 'C': 4, 'D': 4, 'B': 3}","[1.0, 1.0, 0.75]",3.96
95,"[3, 4, 5]","[4, 4, 3]","[0.79, 0.88, 0.58]","[['B', 'A', 'C', 'D'], ['B', 'D', 'A', 'C'], ['C', 'D', 'A', 'B']]","{'A': 4, 'C': 4, 'D': 4, 'B': 3}","[1.0, 1.0, 0.75]",3.96
95,"[3, 4, 5]","[4, 4, 3]","[0.79, 0.88, 0.58]","[['B', 'A', 'C', 'D'], ['B', 'D', 'A', 'C'], ['D', 'A', 'C', 'B']]","{'A': 4, 'C': 4, 'D': 4, 'B': 3}","[1.0, 1.0, 0.75]",3.96
95,"[3, 4, 5]","[4, 4, 3]","[0.79, 0.88, 0.58]","[['B', 'A', 'C', 'D'], ['B', 'D', 'A', 'C'], ['D', 'C', 'A', 'B']]","{'A': 4, 'C': 4, 'D': 4, 'B': 3}","[1.0, 1.0, 0.75]",3.96
95,"[3, 4, 5]","[4, 4, 3]","[0.79, 0.88, 0.58]","[['B', 'A', 'C', 'D'], ['C', 'A', 'D', 'B'], ['A', 'B', 'D', 'C']]","{'A': 4, 'C': 4, 'D': 4, 'B': 3}","[1.0, 1.0, 0.75]",3.96
95,"[3, 4, 5]","[4, 4, 3]","[0.79, 0.88, 0.58]","[['B', 'A', 'C', 'D'], ['C', 'A', 'D', 'B'], ['A', 'D', 'B', 'C']]","{'A': 4, 'C': 4, 'D': 4, 'B': 3}","[1.0, 1.0, 0.75]",3.96
95,"[3, 4, 5]","[4, 4, 3]","[0.79, 0.88, 0.58]","[['B', 'A', 'C', 'D'], ['C', 'A', 'D', 'B'], ['B', 'A', 'D', 'C']]","{'A': 4, 'C': 4, 'D': 4, 'B': 3}","[1.0, 1.0, 0.75]",3.96
95,"[3, 4, 5]","[4, 4, 3]","[0.79, 0.88, 0.58]","[['B', 'A', 'C', 'D'], ['C', 'A', 'D', 'B'], ['B', 'D', 'A', 'C']]","{'A': 4, 'C': 4, 'D': 4, 'B': 3}","[1.0, 1.0, 0.75]",3.96
95,"[3, 4, 5]","[4, 4, 3]","[0.79, 0.88, 0.58]","[['B', 'A', 'C', 'D'], ['C', 'A', 'D', 'B'], ['D', 'A', 'B', 'C']]","{'A': 4, 'C': 4, 'D': 4, 'B': 3}","[1.0, 1.0, 0.75]",3.96
95,"[3, 4, 5]","[4, 4, 3]","[0.79, 0.88, 0.58]","[['B', 'A', 'C', 'D'], ['C', 'A', 'D', 'B'], ['D', 'B', 'A', 'C']]","{'A': 4, 'C': 4, 'D': 4, 'B': 3}","[1.0, 1.0, 0.75]",3.96
95,"[3, 4, 5]","[4, 4, 3]","[0.79, 0.88, 0.58]","[['B', 'A', 'C', 'D'], ['C', 'D', 'A', 'B'], ['A', 'B', 'D', 'C']]","{'A': 4, 'C': 4, 'D': 4, 'B': 3}","[1.0, 1.0, 0.75]",3.96
95,"[3, 4, 5]","[4, 4, 3]","[0.79, 0.88, 0.58]","[['B', 'A', 'C', 'D'], ['C', 'D', 'A', 'B'], ['A', 'D', 'B', 'C']]","{'A': 4, 'C': 4, 'D': 4, 'B': 3}","[1.0, 1.0, 0.75]",3.96
95,"[3, 4, 5]","[4, 4, 3]","[0.79, 0.88, 0.58]","[['B', 'A', 'C', 'D'], ['C', 'D', 'A', 'B'], ['B', 'A', 'D', 'C']]","{'A': 4, 'C': 4, 'D': 4, 'B': 3}","[1.0, 1.0, 0.75]",3.96
95,"[3, 4, 5]","[4, 4, 3]","[0.79, 0.88, 0.58]","[['B', 'A', 'C', 'D'], ['C', 'D', 'A', 'B'], ['B', 'D', 'A', 'C']]","{'A': 4, 'C': 4, 'D': 4, 'B': 3}","[1.0, 1.0, 0.75]",3.96
95,"[3, 4, 5]","[4, 4, 3]","[0.79, 0.88, 0.58]","[['B', 'A', 'C', 'D'], ['C', 'D', 'A', 'B'], ['D', 'A', 'B', 'C']]","{'A': 4, 'C': 4, 'D': 4, 'B': 3}","[1.0, 1.0, 0.75]",3.96
95,"[3, 4, 5]","[4, 4, 3]","[0.79, 0.88, 0.58]","[['B', 'A', 'C', 'D'], ['C', 'D', 'A', 'B'], ['D', 'B', 'A', 'C']]","{'A': 4, 'C': 4, 'D': 4, 'B': 3}","[1.0, 1.0, 0.75]",3.96
95,"[3, 4, 5]","[4, 4, 3]","[0.79, 0.88, 0.58]","[['B', 'A', 'C', 'D'], ['D', 'A', 'B', 'C'], ['A', 'C', 'D', 'B']]","{'A': 4, 'C': 4, 'D': 4, 'B': 3}","[1.0, 1.0, 0.75]",3.96
95,"[3, 4, 5]","[4, 4, 3]","[0.79, 0.88, 0.58]","[['B', 'A', 'C', 'D'], ['D', 'A', 'B', 'C'], ['A', 'D', 'C', 'B']]","{'A': 4, 'C': 4, 'D': 4, 'B': 3}","[1.0, 1.0, 0.75]",3.96
95,"[3, 4, 5]","[4, 4, 3]","[0.79, 0.88, 0.58]","[['B', 'A', 'C', 'D'], ['D', 'A', 'B', 'C'], ['C', 'A', 'D', 'B']]","{'A': 4, 'C': 4, 'D': 4, 'B': 3}","[1.0, 1.0, 0.75]",3.96
95,"[3, 4, 5]","[4, 4, 3]","[0.79, 0.88, 0.58]","[['B', 'A', 'C', 'D'], ['D', 'A', 'B', 'C'], ['C', 'D', 'A', 'B']]","{'A': 4, 'C': 4, 'D': 4, 'B': 3}","[1.0, 1.0, 0.75]",3.96
95,"[3, 4, 5]","[4, 4, 3]","[0.79, 0.88, 0.58]","[['B', 'A', 'C', 'D'], ['D', 'A', 'B', 'C'], ['D', 'A', 'C', 'B']]","{'A': 4, 'C': 4, 'D': 4, 'B': 3}","[1.0, 1.0, 0.75]",3.96
95,"[3, 4, 5]","[4, 4, 3]","[0.79, 0.88, 0.58]","[['B', 'A', 'C', 'D'], ['D', 'A', 'B', 'C'], ['D', 'C', 'A', 'B']]","{'A': 4, 'C': 4, 'D': 4, 'B': 3}","[1.0, 1.0, 0.75]",3.96
95,"[3, 4, 5]","[4, 4, 3]","[0.79, 0.88, 0.58]","[['B', 'A', 'C', 'D'], ['D', 'A', 'C', 'B'], ['A', 'B', 'D', 'C']]","{'A': 4, 'C': 4, 'D': 4, 'B': 3}","[1.0, 1.0, 0.75]",3.96
95,"[3, 4, 5]","[4, 4, 3]","[0.79, 0.88, 0.58]","[['B', 'A', 'C', 'D'], ['D', 'A', 'C', 'B'], ['A', 'D', 'B', 'C']]","{'A': 4, 'C': 4, 'D': 4, 'B': 3}","[1.0, 1.0, 0.75]",3.96
95,"[3, 4, 5]","[4, 4, 3]","[0.79, 0.88, 0.58]","[['B', 'A', 'C', 'D'], ['D', 'A', 'C', 'B'], ['B', 'A', 'D', 'C']]","{'A': 4, 'C': 4, 'D': 4, 'B': 3}","[1.0, 1.0, 0.75]",3.96
95,"[3, 4, 5]","[4, 4, 3]","[0.79, 0.88, 0.58]","[['B', 'A', 'C', 'D'], ['D', 'A', 'C', 'B'], ['B', 'D', 'A', 'C']]","{'A': 4, 'C': 4, 'D': 4, 'B': 3}","[1.0, 1.0, 0.75]",3.96
95,"[3, 4, 5]","[4, 4, 3]","[0.79, 0.88, 0.58]","[['B', 'A', 'C', 'D'], ['D', 'A', 'C', 'B'], ['D', 'A', 'B', 'C']]","{'A': 4, 'C': 4, 'D': 4, 'B': 3}","[1.0, 1.0, 0.75]",3.96
95,"[3, 4, 5]","[4, 4, 3]","[0.79, 0.88, 0.58]","[['B', 'A', 'C', 'D'], ['D', 'A', 'C', 'B'], ['D', 'B', 'A', 'C']]","{'A': 4, 'C': 4, 'D': 4, 'B': 3}","[1.0, 1.0, 0.75]",3.96
95,"[3, 4, 5]","[4, 4, 3]","[0.79, 0.88, 0.58]","[['B', 'A', 'C', 'D'], ['D', 'B', 'A', 'C'], ['A', 'C', 'D', 'B']]","{'A': 4, 'C': 4, 'D': 4, 'B': 3}","[1.0, 1.0, 0.75]",3.96
95,"[3, 4, 5]","[4, 4, 3]","[0.79, 0.88, 0.58]","[['B', 'A', 'C', 'D'], ['D', 'B', 'A', 'C'], ['A', 'D', 'C', 'B']]","{'A': 4, 'C': 4, 'D': 4, 'B': 3}","[1.0, 1.0, 0.75]",3.96
95,"[3, 4, 5]","[4, 4, 3]","[0.79, 0.88, 0.58]","[['B', 'A', 'C', 'D'], ['D', 'B', 'A', 'C'], ['C', 'A', 'D', 'B']]","{'A': 4, 'C': 4, 'D': 4, 'B': 3}","[1.0, 1.0, 0.75]",3.96
95,"[3, 4, 5]","[4, 4, 3]","[0.79, 0.88, 0.58]","[['B', 'A', 'C', 'D'], ['D', 'B', 'A', 'C'], ['C', 'D', 'A', 'B']]","{'A': 4, 'C': 4, 'D': 4, 'B': 3}","[1.0, 1.0, 0.75]",3.96
95,"[3, 4, 5]","[4, 4, 3]","[0.79, 0.88, 0.58]","[['B', 'A', 'C', 'D'], ['D', 'B', 'A', 'C'], ['D', 'A', 'C', 'B']]","{'A': 4, 'C': 4, 'D': 4, 'B': 3}","[1.0, 1.0, 0.75]",3.96
95,"[3, 4, 5]","[4, 4, 3]","[0.79, 0.88, 0.58]","[['B', 'A', 'C', 'D'], ['D', 'B', 'A', 'C'], ['D', 'C', 'A', 'B']]","{'A': 4, 'C': 4, 'D': 4, 'B': 3}","[1.0, 1.0, 0.75]",3.96
95,"[3, 4, 5]","[4, 4, 3]","[0.79, 0.88, 0.58]","[['B', 'A', 'C', 'D'], ['D', 'C', 'A', 'B'], ['A', 'B', 'D', 'C']]","{'A': 4, 'C': 4, 'D': 4, 'B': 3}","[1.0, 1.0, 0.75]",3.96
95,"[3, 4, 5]","[4, 4, 3]","[0.79, 0.88, 0.58]","[['B', 'A', 'C', 'D'], ['D', 'C', 'A', 'B'], ['A', 'D', 'B', 'C']]","{'A': 4, 'C': 4, 'D': 4, 'B': 3}","[1.0, 1.0, 0.75]",3.96
95,"[3, 4, 5]","[4, 4, 3]","[0.79, 0.88, 0.58]","[['B', 'A', 'C', 'D'], ['D', 'C', 'A', 'B'], ['B', 'A', 'D', 'C']]","{'A': 4, 'C': 4, 'D': 4, 'B': 3}","[1.0, 1.0, 0.75]",3.96
95,"[3, 4, 5]","[4, 4, 3]","[0.79, 0.88, 0.58]","[['B', 'A', 'C', 'D'], ['D', 'C', 'A', 'B'], ['B', 'D', 'A', 'C']]","{'A': 4, 'C': 4, 'D': 4, 'B': 3}","[1.0, 1.0, 0.75]",3.96
95,"[3, 4, 5]","[4, 4, 3]","[0.79, 0.88, 0.58]","[['B', 'A', 'C', 'D'], ['D', 'C', 'A', 'B'], ['D', 'A', 'B', 'C']]","{'A': 4, 'C': 4, 'D': 4, 'B': 3}","[1.0, 1.0, 0.75]",3.96
95,"[3, 4, 5]","[4, 4, 3]","[0.79, 0.88, 0.58]","[['B', 'A', 'C', 'D'], ['D', 'C', 'A', 'B'], ['D', 'B', 'A', 'C']]","{'A': 4, 'C': 4, 'D': 4, 'B': 3}","[1.0, 1.0, 0.75]",3.96
95,"[3, 4, 5]","[4, 4, 3]","[0.79, 0.88, 0.58]","[['B', 'A', 'D', 'C'], ['A', 'B', 'C', 'D'], ['A', 'C', 'D', 'B']]","{'A': 4, 'C': 4, 'D': 4, 'B': 3}","[1.0, 1.0, 0.75]",3.96
95,"[3, 4, 5]","[4, 4, 3]","[0.79, 0.88, 0.58]","[['B', 'A', 'D', 'C'], ['A', 'B', 'C', 'D'], ['A', 'D', 'C', 'B']]","{'A': 4, 'C': 4, 'D': 4, 'B': 3}","[1.0, 1.0, 0.75]",3.96
95,"[3, 4, 5]","[4, 4, 3]","[0.79, 0.88, 0.58]","[['B', 'A', 'D', 'C'], ['A', 'B', 'C', 'D'], ['C', 'A', 'D', 'B']]","{'A': 4, 'C': 4, 'D': 4, 'B': 3}","[1.0, 1.0, 0.75]",3.96
95,"[3, 4, 5]","[4, 4, 3]","[0.79, 0.88, 0.58]","[['B', 'A', 'D', 'C'], ['A', 'B', 'C', 'D'], ['C', 'D', 'A', 'B']]","{'A': 4, 'C': 4, 'D': 4, 'B': 3}","[1.0, 1.0, 0.75]",3.96
95,"[3, 4, 5]","[4, 4, 3]","[0.79, 0.88, 0.58]","[['B', 'A', 'D', 'C'], ['A', 'B', 'C', 'D'], ['D', 'A', 'C', 'B']]","{'A': 4, 'C': 4, 'D': 4, 'B': 3}","[1.0, 1.0, 0.75]",3.96
95,"[3, 4, 5]","[4, 4, 3]","[0.79, 0.88, 0.58]","[['B', 'A', 'D', 'C'], ['A', 'B', 'C', 'D'], ['D', 'C', 'A', 'B']]","{'A': 4, 'C': 4, 'D': 4, 'B': 3}","[1.0, 1.0, 0.75]",3.96
95,"[3, 4, 5]","[4, 4, 3]","[0.79, 0.88, 0.58]","[['B', 'A', 'D', 'C'], ['A', 'C', 'B', 'D'], ['A', 'C', 'D', 'B']]","{'A': 4, 'C': 4, 'D': 4, 'B': 3}","[1.0, 1.0, 0.75]",3.96
95,"[3, 4, 5]","[4, 4, 3]","[0.79, 0.88, 0.58]","[['B', 'A', 'D', 'C'], ['A', 'C', 'B', 'D'], ['A', 'D', 'C', 'B']]","{'A': 4, 'C': 4, 'D': 4, 'B': 3}","[1.0, 1.0, 0.75]",3.96
95,"[3, 4, 5]","[4, 4, 3]","[0.79, 0.88, 0.58]","[['B', 'A', 'D', 'C'], ['A', 'C', 'B', 'D'], ['C', 'A', 'D', 'B']]","{'A': 4, 'C': 4, 'D': 4, 'B': 3}","[1.0, 1.0, 0.75]",3.96
95,"[3, 4, 5]","[4, 4, 3]","[0.79, 0.88, 0.58]","[['B', 'A', 'D', 'C'], ['A', 'C', 'B', 'D'], ['C', 'D', 'A', 'B']]","{'A': 4, 'C': 4, 'D': 4, 'B': 3}","[1.0, 1.0, 0.75]",3.96
95,"[3, 4, 5]","[4, 4, 3]","[0.79, 0.88, 0.58]","[['B', 'A', 'D', 'C'], ['A', 'C', 'B', 'D'], ['D', 'A', 'C', 'B']]","{'A': 4, 'C': 4, 'D': 4, 'B': 3}","[1.0, 1.0, 0.75]",3.96
95,"[3, 4, 5]","[4, 4, 3]","[0.79, 0.88, 0.58]","[['B', 'A', 'D', 'C'], ['A', 'C', 'B', 'D'], ['D', 'C', 'A', 'B']]","{'A': 4, 'C': 4, 'D': 4, 'B': 3}","[1.0, 1.0, 0.75]",3.96
95,"[3, 4, 5]","[4, 4, 3]","[0.79, 0.88, 0.58]","[['B', 'A', 'D', 'C'], ['A', 'C', 'D', 'B'], ['A', 'B', 'C', 'D']]","{'A': 4, 'C': 4, 'D': 4, 'B': 3}","[1.0, 1.0, 0.75]",3.96
95,"[3, 4, 5]","[4, 4, 3]","[0.79, 0.88, 0.58]","[['B', 'A', 'D', 'C'], ['A', 'C', 'D', 'B'], ['A', 'C', 'B', 'D']]","{'A': 4, 'C': 4, 'D': 4, 'B': 3}","[1.0, 1.0, 0.75]",3.96
95,"[3, 4, 5]","[4, 4, 3]","[0.79, 0.88, 0.58]","[['B', 'A', 'D', 'C'], ['A', 'C', 'D', 'B'], ['B', 'A', 'C', 'D']]","{'A': 4, 'C': 4, 'D': 4, 'B': 3}","[1.0, 1.0, 0.75]",3.96
95,"[3, 4, 5]","[4, 4, 3]","[0.79, 0.88, 0.58]","[['B', 'A', 'D', 'C'], ['A', 'C', 'D', 'B'], ['B', 'C', 'A', 'D']]","{'A': 4, 'C': 4, 'D': 4, 'B': 3}","[1.0, 1.0, 0.75]",3.96
95,"[3, 4, 5]","[4, 4, 3]","[0.79, 0.88, 0.58]","[['B', 'A', 'D', 'C'], ['A', 'C', 'D', 'B'], ['C', 'A', 'B', 'D']]","{'A': 4, 'C': 4, 'D': 4, 'B': 3}","[1.0, 1.0, 0.75]",3.96
95,"[3, 4, 5]","[4, 4, 3]","[0.79, 0.88, 0.58]","[['B', 'A', 'D', 'C'], ['A', 'C', 'D', 'B'], ['C', 'B', 'A', 'D']]","{'A': 4, 'C': 4, 'D': 4, 'B': 3}","[1.0, 1.0, 0.75]",3.96
95,"[3, 4, 5]","[4, 4, 3]","[0.79, 0.88, 0.58]","[['B', 'A', 'D', 'C'], ['A', 'D', 'C', 'B'], ['A', 'B', 'C', 'D']]","{'A': 4, 'C': 4, 'D': 4, 'B': 3}","[1.0, 1.0, 0.75]",3.96
95,"[3, 4, 5]","[4, 4, 3]","[0.79, 0.88, 0.58]","[['B', 'A', 'D', 'C'], ['A', 'D', 'C', 'B'], ['A', 'C', 'B', 'D']]","{'A': 4, 'C': 4, 'D': 4, 'B': 3}","[1.0, 1.0, 0.75]",3.96
95,"[3, 4, 5]","[4, 4, 3]","[0.79, 0.88, 0.58]","[['B', 'A', 'D', 'C'], ['A', 'D', 'C', 'B'], ['B', 'A', 'C', 'D']]","{'A': 4, 'C': 4, 'D': 4, 'B': 3}","[1.0, 1.0, 0.75]",3.96
95,"[3, 4, 5]","[4, 4, 3]","[0.79, 0.88, 0.58]","[['B', 'A', 'D', 'C'], ['A', 'D', 'C', 'B'], ['B', 'C', 'A', 'D']]","{'A': 4, 'C': 4, 'D': 4, 'B': 3}","[1.0, 1.0, 0.75]",3.96
95,"[3, 4, 5]","[4, 4, 3]","[0.79, 0.88, 0.58]","[['B', 'A', 'D', 'C'], ['A', 'D', 'C', 'B'], ['C', 'A', 'B', 'D']]","{'A': 4, 'C': 4, 'D': 4, 'B': 3}","[1.0, 1.0, 0.75]",3.96
95,"[3, 4, 5]","[4, 4, 3]","[0.79, 0.88, 0.58]","[['B', 'A', 'D', 'C'], ['A', 'D', 'C', 'B'], ['C', 'B', 'A', 'D']]","{'A': 4, 'C': 4, 'D': 4, 'B': 3}","[1.0, 1.0, 0.75]",3.96
95,"[3, 4, 5]","[4, 4, 3]","[0.79, 0.88, 0.58]","[['B', 'A', 'D', 'C'], ['B', 'A', 'C', 'D'], ['A', 'C', 'D', 'B']]","{'A': 4, 'C': 4, 'D': 4, 'B': 3}","[1.0, 1.0, 0.75]",3.96
95,"[3, 4, 5]","[4, 4, 3]","[0.79, 0.88, 0.58]","[['B', 'A', 'D', 'C'], ['B', 'A', 'C', 'D'], ['A', 'D', 'C', 'B']]","{'A': 4, 'C': 4, 'D': 4, 'B': 3}","[1.0, 1.0, 0.75]",3.96
95,"[3, 4, 5]","[4, 4, 3]","[0.79, 0.88, 0.58]","[['B', 'A', 'D', 'C'], ['B', 'A', 'C', 'D'], ['C', 'A', 'D', 'B']]","{'A': 4, 'C': 4, 'D': 4, 'B': 3}","[1.0, 1.0, 0.75]",3.96
95,"[3, 4, 5]","[4, 4, 3]","[0.79, 0.88, 0.58]","[['B', 'A', 'D', 'C'], ['B', 'A', 'C', 'D'], ['C', 'D', 'A', 'B']]","{'A': 4, 'C': 4, 'D': 4, 'B': 3}","[1.0, 1.0, 0.75]",3.96
95,"[3, 4, 5]","[4, 4, 3]","[0.79, 0.88, 0.58]","[['B', 'A', 'D', 'C'], ['B', 'A', 'C', 'D'], ['D', 'A', 'C', 'B']]","{'A': 4, 'C': 4, 'D': 4, 'B': 3}","[1.0, 1.0, 0.75]",3.96
95,"[3, 4, 5]","[4, 4, 3]","[0.79, 0.88, 0.58]","[['B', 'A', 'D', 'C'], ['B', 'A', 'C', 'D'], ['D', 'C', 'A', 'B']]","{'A': 4, 'C': 4, 'D': 4, 'B': 3}","[1.0, 1.0, 0.75]",3.96
95,"[3, 4, 5]","[4, 4, 3]","[0.79, 0.88, 0.58]","[['B', 'A', 'D', 'C'], ['B', 'C', 'A', 'D'], ['A', 'C', 'D', 'B']]","{'A': 4, 'C': 4, 'D': 4, 'B': 3}","[1.0, 1.0, 0.75]",3.96
95,"[3, 4, 5]","[4, 4, 3]","[0.79, 0.88, 0.58]","[['B', 'A', 'D', 'C'], ['B', 'C', 'A', 'D'], ['A', 'D', 'C', 'B']]","{'A': 4, 'C': 4, 'D': 4, 'B': 3}","[1.0, 1.0, 0.75]",3.96
95,"[3, 4, 5]","[4, 4, 3]","[0.79, 0.88, 0.58]","[['B', 'A', 'D', 'C'], ['B', 'C', 'A', 'D'], ['C', 'A', 'D', 'B']]","{'A': 4, 'C': 4, 'D': 4, 'B': 3}","[1.0, 1.0, 0.75]",3.96
95,"[3, 4, 5]","[4, 4, 3]","[0.79, 0.88, 0.58]","[['B', 'A', 'D', 'C'], ['B', 'C', 'A', 'D'], ['C', 'D', 'A', 'B']]","{'A': 4, 'C': 4, 'D': 4, 'B': 3}","[1.0, 1.0, 0.75]",3.96
95,"[3, 4, 5]","[4, 4, 3]","[0.79, 0.88, 0.58]","[['B', 'A', 'D', 'C'], ['B', 'C', 'A', 'D'], ['D', 'A', 'C', 'B']]","{'A': 4, 'C': 4, 'D': 4, 'B': 3}","[1.0, 1.0, 0.75]",3.96
95,"[3, 4, 5]","[4, 4, 3]","[0.79, 0.88, 0.58]","[['B', 'A', 'D', 'C'], ['B', 'C', 'A', 'D'], ['D', 'C', 'A', 'B']]","{'A': 4, 'C': 4, 'D': 4, 'B': 3}","[1.0, 1.0, 0.75]",3.96
95,"[3, 4, 5]","[4, 4, 3]","[0.79, 0.88, 0.58]","[['B', 'A', 'D', 'C'], ['C', 'A', 'B', 'D'], ['A', 'C', 'D', 'B']]","{'A': 4, 'C': 4, 'D': 4, 'B': 3}","[1.0, 1.0, 0.75]",3.96
95,"[3, 4, 5]","[4, 4, 3]","[0.79, 0.88, 0.58]","[['B', 'A', 'D', 'C'], ['C', 'A', 'B', 'D'], ['A', 'D', 'C', 'B']]","{'A': 4, 'C': 4, 'D': 4, 'B': 3}","[1.0, 1.0, 0.75]",3.96
95,"[3, 4, 5]","[4, 4, 3]","[0.79, 0.88, 0.58]","[['B', 'A', 'D', 'C'], ['C', 'A', 'B', 'D'], ['C', 'A', 'D', 'B']]","{'A': 4, 'C': 4, 'D': 4, 'B': 3}","[1.0, 1.0, 0.75]",3.96
95,"[3, 4, 5]","[4, 4, 3]","[0.79, 0.88, 0.58]","[['B', 'A', 'D', 'C'], ['C', 'A', 'B', 'D'], ['C', 'D', 'A', 'B']]","{'A': 4, 'C': 4, 'D': 4, 'B': 3}","[1.0, 1.0, 0.75]",3.96
95,"[3, 4, 5]","[4, 4, 3]","[0.79, 0.88, 0.58]","[['B', 'A', 'D', 'C'], ['C', 'A', 'B', 'D'], ['D', 'A', 'C', 'B']]","{'A': 4, 'C': 4, 'D': 4, 'B': 3}","[1.0, 1.0, 0.75]",3.96
95,"[3, 4, 5]","[4, 4, 3]","[0.79, 0.88, 0.58]","[['B', 'A', 'D', 'C'], ['C', 'A', 'B', 'D'], ['D', 'C', 'A', 'B']]","{'A': 4, 'C': 4, 'D': 4, 'B': 3}","[1.0, 1.0, 0.75]",3.96
95,"[3, 4, 5]","[4, 4, 3]","[0.79, 0.88, 0.58]","[['B', 'A', 'D', 'C'], ['C', 'A', 'D', 'B'], ['A', 'B', 'C', 'D']]","{'A': 4, 'C': 4, 'D': 4, 'B': 3}","[1.0, 1.0, 0.75]",3.96
95,"[3, 4, 5]","[4, 4, 3]","[0.79, 0.88, 0.58]","[['B', 'A', 'D', 'C'], ['C', 'A', 'D', 'B'], ['A', 'C', 'B', 'D']]","{'A': 4, 'C': 4, 'D': 4, 'B': 3}","[1.0, 1.0, 0.75]",3.96
95,"[3, 4, 5]","[4, 4, 3]","[0.79, 0.88, 0.58]","[['B', 'A', 'D', 'C'], ['C', 'A', 'D', 'B'], ['B', 'A', 'C', 'D']]","{'A': 4, 'C': 4, 'D': 4, 'B': 3}","[1.0, 1.0, 0.75]",3.96
95,"[3, 4, 5]","[4, 4, 3]","[0.79, 0.88, 0.58]","[['B', 'A', 'D', 'C'], ['C', 'A', 'D', 'B'], ['B', 'C', 'A', 'D']]","{'A': 4, 'C': 4, 'D': 4, 'B': 3}","[1.0, 1.0, 0.75]",3.96
95,"[3, 4, 5]","[4, 4, 3]","[0.79, 0.88, 0.58]","[['B', 'A', 'D', 'C'], ['C', 'A', 'D', 'B'], ['C', 'A', 'B', 'D']]","{'A': 4, 'C': 4, 'D': 4, 'B': 3}","[1.0, 1.0, 0.75]",3.96
95,"[3, 4, 5]","[4, 4, 3]","[0.79, 0.88, 0.58]","[['B', 'A', 'D', 'C'], ['C', 'A', 'D', 'B'], ['C', 'B', 'A', 'D']]","{'A': 4, 'C': 4, 'D': 4, 'B': 3}","[1.0, 1.0, 0.75]",3.96
95,"[3, 4, 5]","[4, 4, 3]","[0.79, 0.88, 0.58]","[['B', 'A', 'D', 'C'], ['C', 'B', 'A', 'D'], ['A', 'C', 'D', 'B']]","{'A': 4, 'C': 4, 'D': 4, 'B': 3}","[1.0, 1.0, 0.75]",3.96
95,"[3, 4, 5]","[4, 4, 3]","[0.79, 0.88, 0.58]","[['B', 'A', 'D', 'C'], ['C', 'B', 'A', 'D'], ['A', 'D', 'C', 'B']]","{'A': 4, 'C': 4, 'D': 4, 'B': 3}","[1.0, 1.0, 0.75]",3.96
95,"[3, 4, 5]","[4, 4, 3]","[0.79, 0.88, 0.58]","[['B', 'A', 'D', 'C'], ['C', 'B', 'A', 'D'], ['C', 'A', 'D', 'B']]","{'A': 4, 'C': 4, 'D': 4, 'B': 3}","[1.0, 1.0, 0.75]",3.96
95,"[3, 4, 5]","[4, 4, 3]","[0.79, 0.88, 0.58]","[['B', 'A', 'D', 'C'], ['C', 'B', 'A', 'D'], ['C', 'D', 'A', 'B']]","{'A': 4, 'C': 4, 'D': 4, 'B': 3}","[1.0, 1.0, 0.75]",3.96
95,"[3, 4, 5]","[4, 4, 3]","[0.79, 0.88, 0.58]","[['B', 'A', 'D', 'C'], ['C', 'B', 'A', 'D'], ['D', 'A', 'C', 'B']]","{'A': 4, 'C': 4, 'D': 4, 'B': 3}","[1.0, 1.0, 0.75]",3.96
95,"[3, 4, 5]","[4, 4, 3]","[0.79, 0.88, 0.58]","[['B', 'A', 'D', 'C'], ['C', 'B', 'A', 'D'], ['D', 'C', 'A', 'B']]","{'A': 4, 'C': 4, 'D': 4, 'B': 3}","[1.0, 1.0, 0.75]",3.96
95,"[3, 4, 5]","[4, 4, 3]","[0.79, 0.88, 0.58]","[['B', 'A', 'D', 'C'], ['C', 'D', 'A', 'B'], ['A', 'B', 'C', 'D']]","{'A': 4, 'C': 4, 'D': 4, 'B': 3}","[1.0, 1.0, 0.75]",3.96
95,"[3, 4, 5]","[4, 4, 3]","[0.79, 0.88, 0.58]","[['B', 'A', 'D', 'C'], ['C', 'D', 'A', 'B'], ['A', 'C', 'B', 'D']]","{'A': 4, 'C': 4, 'D': 4, 'B': 3}","[1.0, 1.0, 0.75]",3.96
95,"[3, 4, 5]","[4, 4, 3]","[0.79, 0.88, 0.58]","[['B', 'A', 'D', 'C'], ['C', 'D', 'A', 'B'], ['B', 'A', 'C', 'D']]","{'A': 4, 'C': 4, 'D': 4, 'B': 3}","[1.0, 1.0, 0.75]",3.96
95,"[3, 4, 5]","[4, 4, 3]","[0.79, 0.88, 0.58]","[['B', 'A', 'D', 'C'], ['C', 'D', 'A', 'B'], ['B', 'C', 'A', 'D']]","{'A': 4, 'C': 4, 'D': 4, 'B': 3}","[1.0, 1.0, 0.75]",3.96
95,"[3, 4, 5]","[4, 4, 3]","[0.79, 0.88, 0.58]","[['B', 'A', 'D', 'C'], ['C', 'D', 'A', 'B'], ['C', 'A', 'B', 'D']]","{'A': 4, 'C': 4, 'D': 4, 'B': 3}","[1.0, 1.0, 0.75]",3.96
95,"[3, 4, 5]","[4, 4, 3]","[0.79, 0.88, 0.58]","[['B', 'A', 'D', 'C'], ['C', 'D', 'A', 'B'], ['C', 'B', 'A', 'D']]","{'A': 4, 'C': 4, 'D': 4, 'B': 3}","[1.0, 1.0, 0.75]",3.96
95,"[3, 4, 5]","[4, 4, 3]","[0.79, 0.88, 0.58]","[['B', 'A', 'D', 'C'], ['D', 'A', 'C', 'B'], ['A', 'B', 'C', 'D']]","{'A': 4, 'C': 4, 'D': 4, 'B': 3}","[1.0, 1.0, 0.75]",3.96
95,"[3, 4, 5]","[4, 4, 3]","[0.79, 0.88, 0.58]","[['B', 'A', 'D', 'C'], ['D', 'A', 'C', 'B'], ['A', 'C', 'B', 'D']]","{'A': 4, 'C': 4, 'D': 4, 'B': 3}","[1.0, 1.0, 0.75]",3.96
95,"[3, 4, 5]","[4, 4, 3]","[0.79, 0.88, 0.58]","[['B', 'A', 'D', 'C'], ['D', 'A', 'C', 'B'], ['B', 'A', 'C', 'D']]","{'A': 4, 'C': 4, 'D': 4, 'B': 3}","[1.0, 1.0, 0.75]",3.96
95,"[3, 4, 5]","[4, 4, 3]","[0.79, 0.88, 0.58]","[['B', 'A', 'D', 'C'], ['D', 'A', 'C', 'B'], ['B', 'C', 'A', 'D']]","{'A': 4, 'C': 4, 'D': 4, 'B': 3}","[1.0, 1.0, 0.75]",3.96
95,"[3, 4, 5]","[4, 4, 3]","[0.79, 0.88, 0.58]","[['B', 'A', 'D', 'C'], ['D', 'A', 'C', 'B'], ['C', 'A', 'B', 'D']]","{'A': 4, 'C': 4, 'D': 4, 'B': 3}","[1.0, 1.0, 0.75]",3.96
95,"[3, 4, 5]","[4, 4, 3]","[0.79, 0.88, 0.58]","[['B', 'A', 'D', 'C'], ['D', 'A', 'C', 'B'], ['C', 'B', 'A', 'D']]","{'A': 4, 'C': 4, 'D': 4, 'B': 3}","[1.0, 1.0, 0.75]",3.96
95,"[3, 4, 5]","[4, 4, 3]","[0.79, 0.88, 0.58]","[['B', 'A', 'D', 'C'], ['D', 'C', 'A', 'B'], ['A', 'B', 'C', 'D']]","{'A': 4, 'C': 4, 'D': 4, 'B': 3}","[1.0, 1.0, 0.75]",3.96
95,"[3, 4, 5]","[4, 4, 3]","[0.79, 0.88, 0.58]","[['B', 'A', 'D', 'C'], ['D', 'C', 'A', 'B'], ['A', 'C', 'B', 'D']]","{'A': 4, 'C': 4, 'D': 4, 'B': 3}","[1.0, 1.0, 0.75]",3.96
95,"[3, 4, 5]","[4, 4, 3]","[0.79, 0.88, 0.58]","[['B', 'A', 'D', 'C'], ['D', 'C', 'A', 'B'], ['B', 'A', 'C', 'D']]","{'A': 4, 'C': 4, 'D': 4, 'B': 3}","[1.0, 1.0, 0.75]",3.96
95,"[3, 4, 5]","[4, 4, 3]","[0.79, 0.88, 0.58]","[['B', 'A', 'D', 'C'], ['D', 'C', 'A', 'B'], ['B', 'C', 'A', 'D']]","{'A': 4, 'C': 4, 'D': 4, 'B': 3}","[1.0, 1.0, 0.75]",3.96
95,"[3, 4, 5]","[4, 4, 3]","[0.79, 0.88, 0.58]","[['B', 'A', 'D', 'C'], ['D', 'C', 'A', 'B'], ['C', 'A', 'B', 'D']]","{'A': 4, 'C': 4, 'D': 4, 'B': 3}","[1.0, 1.0, 0.75]",3.96
95,"[3, 4, 5]","[4, 4, 3]","[0.79, 0.88, 0.58]","[['B', 'A', 'D', 'C'], ['D', 'C', 'A', 'B'], ['C', 'B', 'A', 'D']]","{'A': 4, 'C': 4, 'D': 4, 'B': 3}","[1.0, 1.0, 0.75]",3.96
95,"[3, 4, 5]","[4, 4, 3]","[0.79, 0.88, 0.58]","[['B', 'C', 'A', 'D'], ['A', 'B', 'D', 'C'], ['A', 'C', 'D', 'B']]","{'A': 4, 'C': 4, 'D': 4, 'B': 3}","[1.0, 1.0, 0.75]",3.96
95,"[3, 4, 5]","[4, 4, 3]","[0.79, 0.88, 0.58]","[['B', 'C', 'A', 'D'], ['A', 'B', 'D', 'C'], ['A', 'D', 'C', 'B']]","{'A': 4, 'C': 4, 'D': 4, 'B': 3}","[1.0, 1.0, 0.75]",3.96
95,"[3, 4, 5]","[4, 4, 3]","[0.79, 0.88, 0.58]","[['B', 'C', 'A', 'D'], ['A', 'B', 'D', 'C'], ['C', 'A', 'D', 'B']]","{'A': 4, 'C': 4, 'D': 4, 'B': 3}","[1.0, 1.0, 0.75]",3.96
95,"[3, 4, 5]","[4, 4, 3]","[0.79, 0.88, 0.58]","[['B', 'C', 'A', 'D'], ['A', 'B', 'D', 'C'], ['C', 'D', 'A', 'B']]","{'A': 4, 'C': 4, 'D': 4, 'B': 3}","[1.0, 1.0, 0.75]",3.96
95,"[3, 4, 5]","[4, 4, 3]","[0.79, 0.88, 0.58]","[['B', 'C', 'A', 'D'], ['A', 'B', 'D', 'C'], ['D', 'A', 'C', 'B']]","{'A': 4, 'C': 4, 'D': 4, 'B': 3}","[1.0, 1.0, 0.75]",3.96
95,"[3, 4, 5]","[4, 4, 3]","[0.79, 0.88, 0.58]","[['B', 'C', 'A', 'D'], ['A', 'B', 'D', 'C'], ['D', 'C', 'A', 'B']]","{'A': 4, 'C': 4, 'D': 4, 'B': 3}","[1.0, 1.0, 0.75]",3.96
95,"[3, 4, 5]","[4, 4, 3]","[0.79, 0.88, 0.58]","[['B', 'C', 'A', 'D'], ['A', 'C', 'D', 'B'], ['A', 'B', 'D', 'C']]","{'A': 4, 'C': 4, 'D': 4, 'B': 3}","[1.0, 1.0, 0.75]",3.96
95,"[3, 4, 5]","[4, 4, 3]","[0.79, 0.88, 0.58]","[['B', 'C', 'A', 'D'], ['A', 'C', 'D', 'B'], ['A', 'D', 'B', 'C']]","{'A': 4, 'C': 4, 'D': 4, 'B': 3}","[1.0, 1.0, 0.75]",3.96
95,"[3, 4, 5]","[4, 4, 3]","[0.79, 0.88, 0.58]","[['B', 'C', 'A', 'D'], ['A', 'C', 'D', 'B'], ['B', 'A', 'D', 'C']]","{'A': 4, 'C': 4, 'D': 4, 'B': 3}","[1.0, 1.0, 0.75]",3.96
95,"[3, 4, 5]","[4, 4, 3]","[0.79, 0.88, 0.58]","[['B', 'C', 'A', 'D'], ['A', 'C', 'D', 'B'], ['B', 'D', 'A', 'C']]","{'A': 4, 'C': 4, 'D': 4, 'B': 3}","[1.0, 1.0, 0.75]",3.96
95,"[3, 4, 5]","[4, 4, 3]","[0.79, 0.88, 0.58]","[['B', 'C', 'A', 'D'], ['A', 'C', 'D', 'B'], ['D', 'A', 'B', 'C']]","{'A': 4, 'C': 4, 'D': 4, 'B': 3}","[1.0, 1.0, 0.75]",3.96
95,"[3, 4, 5]","[4, 4, 3]","[0.79, 0.88, 0.58]","[['B', 'C', 'A', 'D'], ['A', 'C', 'D', 'B'], ['D', 'B', 'A', 'C']]","{'A': 4, 'C': 4, 'D': 4, 'B': 3}","[1.0, 1.0, 0.75]",3.96
95,"[3, 4, 5]","[4, 4, 3]","[0.79, 0.88, 0.58]","[['B', 'C', 'A', 'D'], ['A', 'D', 'B', 'C'], ['A', 'C', 'D', 'B']]","{'A': 4, 'C': 4, 'D': 4, 'B': 3}","[1.0, 1.0, 0.75]",3.96
95,"[3, 4, 5]","[4, 4, 3]","[0.79, 0.88, 0.58]","[['B', 'C', 'A', 'D'], ['A', 'D', 'B', 'C'], ['A', 'D', 'C', 'B']]","{'A': 4, 'C': 4, 'D': 4, 'B': 3}","[1.0, 1.0, 0.75]",3.96
95,"[3, 4, 5]","[4, 4, 3]","[0.79, 0.88, 0.58]","[['B', 'C', 'A', 'D'], ['A', 'D', 'B', 'C'], ['C', 'A', 'D', 'B']]","{'A': 4, 'C': 4, 'D': 4, 'B': 3}","[1.0, 1.0, 0.75]",3.96
95,"[3, 4, 5]","[4, 4, 3]","[0.79, 0.88, 0.58]","[['B', 'C', 'A', 'D'], ['A', 'D', 'B', 'C'], ['C', 'D', 'A', 'B']]","{'A': 4, 'C': 4, 'D': 4, 'B': 3}","[1.0, 1.0, 0.75]",3.96
95,"[3, 4, 5]","[4, 4, 3]","[0.79, 0.88, 0.58]","[['B', 'C', 'A', 'D'], ['A', 'D', 'B', 'C'], ['D', 'A', 'C', 'B']]","{'A': 4, 'C': 4, 'D': 4, 'B': 3}","[1.0, 1.0, 0.75]",3.96
95,"[3, 4, 5]","[4, 4, 3]","[0.79, 0.88, 0.58]","[['B', 'C', 'A', 'D'], ['A', 'D', 'B', 'C'], ['D', 'C', 'A', 'B']]","{'A': 4, 'C': 4, 'D': 4, 'B': 3}","[1.0, 1.0, 0.75]",3.96
95,"[3, 4, 5]","[4, 4, 3]","[0.79, 0.88, 0.58]","[['B', 'C', 'A', 'D'], ['A', 'D', 'C', 'B'], ['A', 'B', 'D', 'C']]","{'A': 4, 'C': 4, 'D': 4, 'B': 3}","[1.0, 1.0, 0.75]",3.96
95,"[3, 4, 5]","[4, 4, 3]","[0.79, 0.88, 0.58]","[['B', 'C', 'A', 'D'], ['A', 'D', 'C', 'B'], ['A', 'D', 'B', 'C']]","{'A': 4, 'C': 4, 'D': 4, 'B': 3}","[1.0, 1.0, 0.75]",3.96
95,"[3, 4, 5]","[4, 4, 3]","[0.79, 0.88, 0.58]","[['B', 'C', 'A', 'D'], ['A', 'D', 'C', 'B'], ['B', 'A', 'D', 'C']]","{'A': 4, 'C': 4, 'D': 4, 'B': 3}","[1.0, 1.0, 0.75]",3.96
95,"[3, 4, 5]","[4, 4, 3]","[0.79, 0.88, 0.58]","[['B', 'C', 'A', 'D'], ['A', 'D', 'C', 'B'], ['B', 'D', 'A', 'C']]","{'A': 4, 'C': 4, 'D': 4, 'B': 3}","[1.0, 1.0, 0.75]",3.96
95,"[3, 4, 5]","[4, 4, 3]","[0.79, 0.88, 0.58]","[['B', 'C', 'A', 'D'], ['A', 'D', 'C', 'B'], ['D', 'A', 'B', 'C']]","{'A': 4, 'C': 4, 'D': 4, 'B': 3}","[1.0, 1.0, 0.75]",3.96
95,"[3, 4, 5]","[4, 4, 3]","[0.79, 0.88, 0.58]","[['B', 'C', 'A', 'D'], ['A', 'D', 'C', 'B'], ['D', 'B', 'A', 'C']]","{'A': 4, 'C': 4, 'D': 4, 'B': 3}","[1.0, 1.0, 0.75]",3.96
95,"[3, 4, 5]","[4, 4, 3]","[0.79, 0.88, 0.58]","[['B', 'C', 'A', 'D'], ['B', 'A', 'D', 'C'], ['A', 'C', 'D', 'B']]","{'A': 4, 'C': 4, 'D': 4, 'B': 3}","[1.0, 1.0, 0.75]",3.96
95,"[3, 4, 5]","[4, 4, 3]","[0.79, 0.88, 0.58]","[['B', 'C', 'A', 'D'], ['B', 'A', 'D', 'C'], ['A', 'D', 'C', 'B']]","{'A': 4, 'C': 4, 'D': 4, 'B': 3}","[1.0, 1.0, 0.75]",3.96
95,"[3, 4, 5]","[4, 4, 3]","[0.79, 0.88, 0.58]","[['B', 'C', 'A', 'D'], ['B', 'A', 'D', 'C'], ['C', 'A', 'D', 'B']]","{'A': 4, 'C': 4, 'D': 4, 'B': 3}","[1.0, 1.0, 0.75]",3.96
95,"[3, 4, 5]","[4, 4, 3]","[0.79, 0.88, 0.58]","[['B', 'C', 'A', 'D'], ['B', 'A', 'D', 'C'], ['C', 'D', 'A', 'B']]","{'A': 4, 'C': 4, 'D': 4, 'B': 3}","[1.0, 1.0, 0.75]",3.96
95,"[3, 4, 5]","[4, 4, 3]","[0.79, 0.88, 0.58]","[['B', 'C', 'A', 'D'], ['B', 'A', 'D', 'C'], ['D', 'A', 'C', 'B']]","{'A': 4, 'C': 4, 'D': 4, 'B': 3}","[1.0, 1.0, 0.75]",3.96
95,"[3, 4, 5]","[4, 4, 3]","[0.79, 0.88, 0.58]","[['B', 'C', 'A', 'D'], ['B', 'A', 'D', 'C'], ['D', 'C', 'A', 'B']]","{'A': 4, 'C': 4, 'D': 4, 'B': 3}","[1.0, 1.0, 0.75]",3.96
95,"[3, 4, 5]","[4, 4, 3]","[0.79, 0.88, 0.58]","[['B', 'C', 'A', 'D'], ['B', 'D', 'A', 'C'], ['A', 'C', 'D', 'B']]","{'A': 4, 'C': 4, 'D': 4, 'B': 3}","[1.0, 1.0, 0.75]",3.96
95,"[3, 4, 5]","[4, 4, 3]","[0.79, 0.88, 0.58]","[['B', 'C', 'A', 'D'], ['B', 'D', 'A', 'C'], ['A', 'D', 'C', 'B']]","{'A': 4, 'C': 4, 'D': 4, 'B': 3}","[1.0, 1.0, 0.75]",3.96
95,"[3, 4, 5]","[4, 4, 3]","[0.79, 0.88, 0.58]","[['B', 'C', 'A', 'D'], ['B', 'D', 'A', 'C'], ['C', 'A', 'D', 'B']]","{'A': 4, 'C': 4, 'D': 4, 'B': 3}","[1.0, 1.0, 0.75]",3.96
95,"[3, 4, 5]","[4, 4, 3]","[0.79, 0.88, 0.58]","[['B', 'C', 'A', 'D'], ['B', 'D', 'A', 'C'], ['C', 'D', 'A', 'B']]","{'A': 4, 'C': 4, 'D': 4, 'B': 3}","[1.0, 1.0, 0.75]",3.96
95,"[3, 4, 5]","[4, 4, 3]","[0.79, 0.88, 0.58]","[['B', 'C', 'A', 'D'], ['B', 'D', 'A', 'C'], ['D', 'A', 'C', 'B']]","{'A': 4, 'C': 4, 'D': 4, 'B': 3}","[1.0, 1.0, 0.75]",3.96
95,"[3, 4, 5]","[4, 4, 3]","[0.79, 0.88, 0.58]","[['B', 'C', 'A', 'D'], ['B', 'D', 'A', 'C'], ['D', 'C', 'A', 'B']]","{'A': 4, 'C': 4, 'D': 4, 'B': 3}","[1.0, 1.0, 0.75]",3.96
95,"[3, 4, 5]","[4, 4, 3]","[0.79, 0.88, 0.58]","[['B', 'C', 'A', 'D'], ['C', 'A', 'D', 'B'], ['A', 'B', 'D', 'C']]","{'A': 4, 'C': 4, 'D': 4, 'B': 3}","[1.0, 1.0, 0.75]",3.96
95,"[3, 4, 5]","[4, 4, 3]","[0.79, 0.88, 0.58]","[['B', 'C', 'A', 'D'], ['C', 'A', 'D', 'B'], ['A', 'D', 'B', 'C']]","{'A': 4, 'C': 4, 'D': 4, 'B': 3}","[1.0, 1.0, 0.75]",3.96
95,"[3, 4, 5]","[4, 4, 3]","[0.79, 0.88, 0.58]","[['B', 'C', 'A', 'D'], ['C', 'A', 'D', 'B'], ['B', 'A', 'D', 'C']]","{'A': 4, 'C': 4, 'D': 4, 'B': 3}","[1.0, 1.0, 0.75]",3.96
95,"[3, 4, 5]","[4, 4, 3]","[0.79, 0.88, 0.58]","[['B', 'C', 'A', 'D'], ['C', 'A', 'D', 'B'], ['B', 'D', 'A', 'C']]","{'A': 4, 'C': 4, 'D': 4, 'B': 3}","[1.0, 1.0, 0.75]",3.96
95,"[3, 4, 5]","[4, 4, 3]","[0.79, 0.88, 0.58]","[['B', 'C', 'A', 'D'], ['C', 'A', 'D', 'B'], ['D', 'A', 'B', 'C']]","{'A': 4, 'C': 4, 'D': 4, 'B': 3}","[1.0, 1.0, 0.75]",3.96
95,"[3, 4, 5]","[4, 4, 3]","[0.79, 0.88, 0.58]","[['B', 'C', 'A', 'D'], ['C', 'A', 'D', 'B'], ['D', 'B', 'A', 'C']]","{'A': 4, 'C': 4, 'D': 4, 'B': 3}","[1.0, 1.0, 0.75]",3.96
95,"[3, 4, 5]","[4, 4, 3]","[0.79, 0.88, 0.58]","[['B', 'C', 'A', 'D'], ['C', 'D', 'A', 'B'], ['A', 'B', 'D', 'C']]","{'A': 4, 'C': 4, 'D': 4, 'B': 3}","[1.0, 1.0, 0.75]",3.96
95,"[3, 4, 5]","[4, 4, 3]","[0.79, 0.88, 0.58]","[['B', 'C', 'A', 'D'], ['C', 'D', 'A', 'B'], ['A', 'D', 'B', 'C']]","{'A': 4, 'C': 4, 'D': 4, 'B': 3}","[1.0, 1.0, 0.75]",3.96
95,"[3, 4, 5]","[4, 4, 3]","[0.79, 0.88, 0.58]","[['B', 'C', 'A', 'D'], ['C', 'D', 'A', 'B'], ['B', 'A', 'D', 'C']]","{'A': 4, 'C': 4, 'D': 4, 'B': 3}","[1.0, 1.0, 0.75]",3.96
95,"[3, 4, 5]","[4, 4, 3]","[0.79, 0.88, 0.58]","[['B', 'C', 'A', 'D'], ['C', 'D', 'A', 'B'], ['B', 'D', 'A', 'C']]","{'A': 4, 'C': 4, 'D': 4, 'B': 3}","[1.0, 1.0, 0.75]",3.96
95,"[3, 4, 5]","[4, 4, 3]","[0.79, 0.88, 0.58]","[['B', 'C', 'A', 'D'], ['C', 'D', 'A', 'B'], ['D', 'A', 'B', 'C']]","{'A': 4, 'C': 4, 'D': 4, 'B': 3}","[1.0, 1.0, 0.75]",3.96
95,"[3, 4, 5]","[4, 4, 3]","[0.79, 0.88, 0.58]","[['B', 'C', 'A', 'D'], ['C', 'D', 'A', 'B'], ['D', 'B', 'A', 'C']]","{'A': 4, 'C': 4, 'D': 4, 'B': 3}","[1.0, 1.0, 0.75]",3.96
95,"[3, 4, 5]","[4, 4, 3]","[0.79, 0.88, 0.58]","[['B', 'C', 'A', 'D'], ['D', 'A', 'B', 'C'], ['A', 'C', 'D', 'B']]","{'A': 4, 'C': 4, 'D': 4, 'B': 3}","[1.0, 1.0, 0.75]",3.96
95,"[3, 4, 5]","[4, 4, 3]","[0.79, 0.88, 0.58]","[['B', 'C', 'A', 'D'], ['D', 'A', 'B', 'C'], ['A', 'D', 'C', 'B']]","{'A': 4, 'C': 4, 'D': 4, 'B': 3}","[1.0, 1.0, 0.75]",3.96
95,"[3, 4, 5]","[4, 4, 3]","[0.79, 0.88, 0.58]","[['B', 'C', 'A', 'D'], ['D', 'A', 'B', 'C'], ['C', 'A', 'D', 'B']]","{'A': 4, 'C': 4, 'D': 4, 'B': 3}","[1.0, 1.0, 0.75]",3.96
95,"[3, 4, 5]","[4, 4, 3]","[0.79, 0.88, 0.58]","[['B', 'C', 'A', 'D'], ['D', 'A', 'B', 'C'], ['C', 'D', 'A', 'B']]","{'A': 4, 'C': 4, 'D': 4, 'B': 3}","[1.0, 1.0, 0.75]",3.96
95,"[3, 4, 5]","[4, 4, 3]","[0.79, 0.88, 0.58]","[['B', 'C', 'A', 'D'], ['D', 'A', 'B', 'C'], ['D', 'A', 'C', 'B']]","{'A': 4, 'C': 4, 'D': 4, 'B': 3}","[1.0, 1.0, 0.75]",3.96
95,"[3, 4, 5]","[4, 4, 3]","[0.79, 0.88, 0.58]","[['B', 'C', 'A', 'D'], ['D', 'A', 'B', 'C'], ['D', 'C', 'A', 'B']]","{'A': 4, 'C': 4, 'D': 4, 'B': 3}","[1.0, 1.0, 0.75]",3.96
95,"[3, 4, 5]","[4, 4, 3]","[0.79, 0.88, 0.58]","[['B', 'C', 'A', 'D'], ['D', 'A', 'C', 'B'], ['A', 'B', 'D', 'C']]","{'A': 4, 'C': 4, 'D': 4, 'B': 3}","[1.0, 1.0, 0.75]",3.96
95,"[3, 4, 5]","[4, 4, 3]","[0.79, 0.88, 0.58]","[['B', 'C', 'A', 'D'], ['D', 'A', 'C', 'B'], ['A', 'D', 'B', 'C']]","{'A': 4, 'C': 4, 'D': 4, 'B': 3}","[1.0, 1.0, 0.75]",3.96
95,"[3, 4, 5]","[4, 4, 3]","[0.79, 0.88, 0.58]","[['B', 'C', 'A', 'D'], ['D', 'A', 'C', 'B'], ['B', 'A', 'D', 'C']]","{'A': 4, 'C': 4, 'D': 4, 'B': 3}","[1.0, 1.0, 0.75]",3.96
95,"[3, 4, 5]","[4, 4, 3]","[0.79, 0.88, 0.58]","[['B', 'C', 'A', 'D'], ['D', 'A', 'C', 'B'], ['B', 'D', 'A', 'C']]","{'A': 4, 'C': 4, 'D': 4, 'B': 3}","[1.0, 1.0, 0.75]",3.96
95,"[3, 4, 5]","[4, 4, 3]","[0.79, 0.88, 0.58]","[['B', 'C', 'A', 'D'], ['D', 'A', 'C', 'B'], ['D', 'A', 'B', 'C']]","{'A': 4, 'C': 4, 'D': 4, 'B': 3}","[1.0, 1.0, 0.75]",3.96
95,"[3, 4, 5]","[4, 4, 3]","[0.79, 0.88, 0.58]","[['B', 'C', 'A', 'D'], ['D', 'A', 'C', 'B'], ['D', 'B', 'A', 'C']]","{'A': 4, 'C': 4, 'D': 4, 'B': 3}","[1.0, 1.0, 0.75]",3.96
95,"[3, 4, 5]","[4, 4, 3]","[0.79, 0.88, 0.58]","[['B', 'C', 'A', 'D'], ['D', 'B', 'A', 'C'], ['A', 'C', 'D', 'B']]","{'A': 4, 'C': 4, 'D': 4, 'B': 3}","[1.0, 1.0, 0.75]",3.96
95,"[3, 4, 5]","[4, 4, 3]","[0.79, 0.88, 0.58]","[['B', 'C', 'A', 'D'], ['D', 'B', 'A', 'C'], ['A', 'D', 'C', 'B']]","{'A': 4, 'C': 4, 'D': 4, 'B': 3}","[1.0, 1.0, 0.75]",3.96
95,"[3, 4, 5]","[4, 4, 3]","[0.79, 0.88, 0.58]","[['B', 'C', 'A', 'D'], ['D', 'B', 'A', 'C'], ['C', 'A', 'D', 'B']]","{'A': 4, 'C': 4, 'D': 4, 'B': 3}","[1.0, 1.0, 0.75]",3.96
95,"[3, 4, 5]","[4, 4, 3]","[0.79, 0.88, 0.58]","[['B', 'C', 'A', 'D'], ['D', 'B', 'A', 'C'], ['C', 'D', 'A', 'B']]","{'A': 4, 'C': 4, 'D': 4, 'B': 3}","[1.0, 1.0, 0.75]",3.96
95,"[3, 4, 5]","[4, 4, 3]","[0.79, 0.88, 0.58]","[['B', 'C', 'A', 'D'], ['D', 'B', 'A', 'C'], ['D', 'A', 'C', 'B']]","{'A': 4, 'C': 4, 'D': 4, 'B': 3}","[1.0, 1.0, 0.75]",3.96
95,"[3, 4, 5]","[4, 4, 3]","[0.79, 0.88, 0.58]","[['B', 'C', 'A', 'D'], ['D', 'B', 'A', 'C'], ['D', 'C', 'A', 'B']]","{'A': 4, 'C': 4, 'D': 4, 'B': 3}","[1.0, 1.0, 0.75]",3.96
95,"[3, 4, 5]","[4, 4, 3]","[0.79, 0.88, 0.58]","[['B', 'C', 'A', 'D'], ['D', 'C', 'A', 'B'], ['A', 'B', 'D', 'C']]","{'A': 4, 'C': 4, 'D': 4, 'B': 3}","[1.0, 1.0, 0.75]",3.96
95,"[3, 4, 5]","[4, 4, 3]","[0.79, 0.88, 0.58]","[['B', 'C', 'A', 'D'], ['D', 'C', 'A', 'B'], ['A', 'D', 'B', 'C']]","{'A': 4, 'C': 4, 'D': 4, 'B': 3}","[1.0, 1.0, 0.75]",3.96
95,"[3, 4, 5]","[4, 4, 3]","[0.79, 0.88, 0.58]","[['B', 'C', 'A', 'D'], ['D', 'C', 'A', 'B'], ['B', 'A', 'D', 'C']]","{'A': 4, 'C': 4, 'D': 4, 'B': 3}","[1.0, 1.0, 0.75]",3.96
95,"[3, 4, 5]","[4, 4, 3]","[0.79, 0.88, 0.58]","[['B', 'C', 'A', 'D'], ['D', 'C', 'A', 'B'], ['B', 'D', 'A', 'C']]","{'A': 4, 'C': 4, 'D': 4, 'B': 3}","[1.0, 1.0, 0.75]",3.96
95,"[3, 4, 5]","[4, 4, 3]","[0.79, 0.88, 0.58]","[['B', 'C', 'A', 'D'], ['D', 'C', 'A', 'B'], ['D', 'A', 'B', 'C']]","{'A': 4, 'C': 4, 'D': 4, 'B': 3}","[1.0, 1.0, 0.75]",3.96
95,"[3, 4, 5]","[4, 4, 3]","[0.79, 0.88, 0.58]","[['B', 'C', 'A', 'D'], ['D', 'C', 'A', 'B'], ['D', 'B', 'A', 'C']]","{'A': 4, 'C': 4, 'D': 4, 'B': 3}","[1.0, 1.0, 0.75]",3.96
95,"[3, 4, 5]","[4, 4, 3]","[0.79, 0.88, 0.58]","[['B', 'D', 'A', 'C'], ['A', 'B', 'C', 'D'], ['A', 'C', 'D', 'B']]","{'A': 4, 'C': 4, 'D': 4, 'B': 3}","[1.0, 1.0, 0.75]",3.96
95,"[3, 4, 5]","[4, 4, 3]","[0.79, 0.88, 0.58]","[['B', 'D', 'A', 'C'], ['A', 'B', 'C', 'D'], ['A', 'D', 'C', 'B']]","{'A': 4, 'C': 4, 'D': 4, 'B': 3}","[1.0, 1.0, 0.75]",3.96
95,"[3, 4, 5]","[4, 4, 3]","[0.79, 0.88, 0.58]","[['B', 'D', 'A', 'C'], ['A', 'B', 'C', 'D'], ['C', 'A', 'D', 'B']]","{'A': 4, 'C': 4, 'D': 4, 'B': 3}","[1.0, 1.0, 0.75]",3.96
95,"[3, 4, 5]","[4, 4, 3]","[0.79, 0.88, 0.58]","[['B', 'D', 'A', 'C'], ['A', 'B', 'C', 'D'], ['C', 'D', 'A', 'B']]","{'A': 4, 'C': 4, 'D': 4, 'B': 3}","[1.0, 1.0, 0.75]",3.96
95,"[3, 4, 5]","[4, 4, 3]","[0.79, 0.88, 0.58]","[['B', 'D', 'A', 'C'], ['A', 'B', 'C', 'D'], ['D', 'A', 'C', 'B']]","{'A': 4, 'C': 4, 'D': 4, 'B': 3}","[1.0, 1.0, 0.75]",3.96
95,"[3, 4, 5]","[4, 4, 3]","[0.79, 0.88, 0.58]","[['B', 'D', 'A', 'C'], ['A', 'B', 'C', 'D'], ['D', 'C', 'A', 'B']]","{'A': 4, 'C': 4, 'D': 4, 'B': 3}","[1.0, 1.0, 0.75]",3.96
95,"[3, 4, 5]","[4, 4, 3]","[0.79, 0.88, 0.58]","[['B', 'D', 'A', 'C'], ['A', 'C', 'B', 'D'], ['A', 'C', 'D', 'B']]","{'A': 4, 'C': 4, 'D': 4, 'B': 3}","[1.0, 1.0, 0.75]",3.96
95,"[3, 4, 5]","[4, 4, 3]","[0.79, 0.88, 0.58]","[['B', 'D', 'A', 'C'], ['A', 'C', 'B', 'D'], ['A', 'D', 'C', 'B']]","{'A': 4, 'C': 4, 'D': 4, 'B': 3}","[1.0, 1.0, 0.75]",3.96
95,"[3, 4, 5]","[4, 4, 3]","[0.79, 0.88, 0.58]","[['B', 'D', 'A', 'C'], ['A', 'C', 'B', 'D'], ['C', 'A', 'D', 'B']]","{'A': 4, 'C': 4, 'D': 4, 'B': 3}","[1.0, 1.0, 0.75]",3.96
95,"[3, 4, 5]","[4, 4, 3]","[0.79, 0.88, 0.58]","[['B', 'D', 'A', 'C'], ['A', 'C', 'B', 'D'], ['C', 'D', 'A', 'B']]","{'A': 4, 'C': 4, 'D': 4, 'B': 3}","[1.0, 1.0, 0.75]",3.96
95,"[3, 4, 5]","[4, 4, 3]","[0.79, 0.88, 0.58]","[['B', 'D', 'A', 'C'], ['A', 'C', 'B', 'D'], ['D', 'A', 'C', 'B']]","{'A': 4, 'C': 4, 'D': 4, 'B': 3}","[1.0, 1.0, 0.75]",3.96
95,"[3, 4, 5]","[4, 4, 3]","[0.79, 0.88, 0.58]","[['B', 'D', 'A', 'C'], ['A', 'C', 'B', 'D'], ['D', 'C', 'A', 'B']]","{'A': 4, 'C': 4, 'D': 4, 'B': 3}","[1.0, 1.0, 0.75]",3.96
95,"[3, 4, 5]","[4, 4, 3]","[0.79, 0.88, 0.58]","[['B', 'D', 'A', 'C'], ['A', 'C', 'D', 'B'], ['A', 'B', 'C', 'D']]","{'A': 4, 'C': 4, 'D': 4, 'B': 3}","[1.0, 1.0, 0.75]",3.96
95,"[3, 4, 5]","[4, 4, 3]","[0.79, 0.88, 0.58]","[['B', 'D', 'A', 'C'], ['A', 'C', 'D', 'B'], ['A', 'C', 'B', 'D']]","{'A': 4, 'C': 4, 'D': 4, 'B': 3}","[1.0, 1.0, 0.75]",3.96
95,"[3, 4, 5]","[4, 4, 3]","[0.79, 0.88, 0.58]","[['B', 'D', 'A', 'C'], ['A', 'C', 'D', 'B'], ['B', 'A', 'C', 'D']]","{'A': 4, 'C': 4, 'D': 4, 'B': 3}","[1.0, 1.0, 0.75]",3.96
95,"[3, 4, 5]","[4, 4, 3]","[0.79, 0.88, 0.58]","[['B', 'D', 'A', 'C'], ['A', 'C', 'D', 'B'], ['B', 'C', 'A', 'D']]","{'A': 4, 'C': 4, 'D': 4, 'B': 3}","[1.0, 1.0, 0.75]",3.96
95,"[3, 4, 5]","[4, 4, 3]","[0.79, 0.88, 0.58]","[['B', 'D', 'A', 'C'], ['A', 'C', 'D', 'B'], ['C', 'A', 'B', 'D']]","{'A': 4, 'C': 4, 'D': 4, 'B': 3}","[1.0, 1.0, 0.75]",3.96
95,"[3, 4, 5]","[4, 4, 3]","[0.79, 0.88, 0.58]","[['B', 'D', 'A', 'C'], ['A', 'C', 'D', 'B'], ['C', 'B', 'A', 'D']]","{'A': 4, 'C': 4, 'D': 4, 'B': 3}","[1.0, 1.0, 0.75]",3.96
95,"[3, 4, 5]","[4, 4, 3]","[0.79, 0.88, 0.58]","[['B', 'D', 'A', 'C'], ['A', 'D', 'C', 'B'], ['A', 'B', 'C', 'D']]","{'A': 4, 'C': 4, 'D': 4, 'B': 3}","[1.0, 1.0, 0.75]",3.96
95,"[3, 4, 5]","[4, 4, 3]","[0.79, 0.88, 0.58]","[['B', 'D', 'A', 'C'], ['A', 'D', 'C', 'B'], ['A', 'C', 'B', 'D']]","{'A': 4, 'C': 4, 'D': 4, 'B': 3}","[1.0, 1.0, 0.75]",3.96
95,"[3, 4, 5]","[4, 4, 3]","[0.79, 0.88, 0.58]","[['B', 'D', 'A', 'C'], ['A', 'D', 'C', 'B'], ['B', 'A', 'C', 'D']]","{'A': 4, 'C': 4, 'D': 4, 'B': 3}","[1.0, 1.0, 0.75]",3.96
95,"[3, 4, 5]","[4, 4, 3]","[0.79, 0.88, 0.58]","[['B', 'D', 'A', 'C'], ['A', 'D', 'C', 'B'], ['B', 'C', 'A', 'D']]","{'A': 4, 'C': 4, 'D': 4, 'B': 3}","[1.0, 1.0, 0.75]",3.96
95,"[3, 4, 5]","[4, 4, 3]","[0.79, 0.88, 0.58]","[['B', 'D', 'A', 'C'], ['A', 'D', 'C', 'B'], ['C', 'A', 'B', 'D']]","{'A': 4, 'C': 4, 'D': 4, 'B': 3}","[1.0, 1.0, 0.75]",3.96
95,"[3, 4, 5]","[4, 4, 3]","[0.79, 0.88, 0.58]","[['B', 'D', 'A', 'C'], ['A', 'D', 'C', 'B'], ['C', 'B', 'A', 'D']]","{'A': 4, 'C': 4, 'D': 4, 'B': 3}","[1.0, 1.0, 0.75]",3.96
95,"[3, 4, 5]","[4, 4, 3]","[0.79, 0.88, 0.58]","[['B', 'D', 'A', 'C'], ['B', 'A', 'C', 'D'], ['A', 'C', 'D', 'B']]","{'A': 4, 'C': 4, 'D': 4, 'B': 3}","[1.0, 1.0, 0.75]",3.96
95,"[3, 4, 5]","[4, 4, 3]","[0.79, 0.88, 0.58]","[['B', 'D', 'A', 'C'], ['B', 'A', 'C', 'D'], ['A', 'D', 'C', 'B']]","{'A': 4, 'C': 4, 'D': 4, 'B': 3}","[1.0, 1.0, 0.75]",3.96
95,"[3, 4, 5]","[4, 4, 3]","[0.79, 0.88, 0.58]","[['B', 'D', 'A', 'C'], ['B', 'A', 'C', 'D'], ['C', 'A', 'D', 'B']]","{'A': 4, 'C': 4, 'D': 4, 'B': 3}","[1.0, 1.0, 0.75]",3.96
95,"[3, 4, 5]","[4, 4, 3]","[0.79, 0.88, 0.58]","[['B', 'D', 'A', 'C'], ['B', 'A', 'C', 'D'], ['C', 'D', 'A', 'B']]","{'A': 4, 'C': 4, 'D': 4, 'B': 3}","[1.0, 1.0, 0.75]",3.96
95,"[3, 4, 5]","[4, 4, 3]","[0.79, 0.88, 0.58]","[['B', 'D', 'A', 'C'], ['B', 'A', 'C', 'D'], ['D', 'A', 'C', 'B']]","{'A': 4, 'C': 4, 'D': 4, 'B': 3}","[1.0, 1.0, 0.75]",3.96
95,"[3, 4, 5]","[4, 4, 3]","[0.79, 0.88, 0.58]","[['B', 'D', 'A', 'C'], ['B', 'A', 'C', 'D'], ['D', 'C', 'A', 'B']]","{'A': 4, 'C': 4, 'D': 4, 'B': 3}","[1.0, 1.0, 0.75]",3.96
95,"[3, 4, 5]","[4, 4, 3]","[0.79, 0.88, 0.58]","[['B', 'D', 'A', 'C'], ['B', 'C', 'A', 'D'], ['A', 'C', 'D', 'B']]","{'A': 4, 'C': 4, 'D': 4, 'B': 3}","[1.0, 1.0, 0.75]",3.96
95,"[3, 4, 5]","[4, 4, 3]","[0.79, 0.88, 0.58]","[['B', 'D', 'A', 'C'], ['B', 'C', 'A', 'D'], ['A', 'D', 'C', 'B']]","{'A': 4, 'C': 4, 'D': 4, 'B': 3}","[1.0, 1.0, 0.75]",3.96
95,"[3, 4, 5]","[4, 4, 3]","[0.79, 0.88, 0.58]","[['B', 'D', 'A', 'C'], ['B', 'C', 'A', 'D'], ['C', 'A', 'D', 'B']]","{'A': 4, 'C': 4, 'D': 4, 'B': 3}","[1.0, 1.0, 0.75]",3.96
95,"[3, 4, 5]","[4, 4, 3]","[0.79, 0.88, 0.58]","[['B', 'D', 'A', 'C'], ['B', 'C', 'A', 'D'], ['C', 'D', 'A', 'B']]","{'A': 4, 'C': 4, 'D': 4, 'B': 3}","[1.0, 1.0, 0.75]",3.96
95,"[3, 4, 5]","[4, 4, 3]","[0.79, 0.88, 0.58]","[['B', 'D', 'A', 'C'], ['B', 'C', 'A', 'D'], ['D', 'A', 'C', 'B']]","{'A': 4, 'C': 4, 'D': 4, 'B': 3}","[1.0, 1.0, 0.75]",3.96
95,"[3, 4, 5]","[4, 4, 3]","[0.79, 0.88, 0.58]","[['B', 'D', 'A', 'C'], ['B', 'C', 'A', 'D'], ['D', 'C', 'A', 'B']]","{'A': 4, 'C': 4, 'D': 4, 'B': 3}","[1.0, 1.0, 0.75]",3.96
95,"[3, 4, 5]","[4, 4, 3]","[0.79, 0.88, 0.58]","[['B', 'D', 'A', 'C'], ['C', 'A', 'B', 'D'], ['A', 'C', 'D', 'B']]","{'A': 4, 'C': 4, 'D': 4, 'B': 3}","[1.0, 1.0, 0.75]",3.96
95,"[3, 4, 5]","[4, 4, 3]","[0.79, 0.88, 0.58]","[['B', 'D', 'A', 'C'], ['C', 'A', 'B', 'D'], ['A', 'D', 'C', 'B']]","{'A': 4, 'C': 4, 'D': 4, 'B': 3}","[1.0, 1.0, 0.75]",3.96
95,"[3, 4, 5]","[4, 4, 3]","[0.79, 0.88, 0.58]","[['B', 'D', 'A', 'C'], ['C', 'A', 'B', 'D'], ['C', 'A', 'D', 'B']]","{'A': 4, 'C': 4, 'D': 4, 'B': 3}","[1.0, 1.0, 0.75]",3.96
95,"[3, 4, 5]","[4, 4, 3]","[0.79, 0.88, 0.58]","[['B', 'D', 'A', 'C'], ['C', 'A', 'B', 'D'], ['C', 'D', 'A', 'B']]","{'A': 4, 'C': 4, 'D': 4, 'B': 3}","[1.0, 1.0, 0.75]",3.96
95,"[3, 4, 5]","[4, 4, 3]","[0.79, 0.88, 0.58]","[['B', 'D', 'A', 'C'], ['C', 'A', 'B', 'D'], ['D', 'A', 'C', 'B']]","{'A': 4, 'C': 4, 'D': 4, 'B': 3}","[1.0, 1.0, 0.75]",3.96
95,"[3, 4, 5]","[4, 4, 3]","[0.79, 0.88, 0.58]","[['B', 'D', 'A', 'C'], ['C', 'A', 'B', 'D'], ['D', 'C', 'A', 'B']]","{'A': 4, 'C': 4, 'D': 4, 'B': 3}","[1.0, 1.0, 0.75]",3.96
95,"[3, 4, 5]","[4, 4, 3]","[0.79, 0.88, 0.58]","[['B', 'D', 'A', 'C'], ['C', 'A', 'D', 'B'], ['A', 'B', 'C', 'D']]","{'A': 4, 'C': 4, 'D': 4, 'B': 3}","[1.0, 1.0, 0.75]",3.96
95,"[3, 4, 5]","[4, 4, 3]","[0.79, 0.88, 0.58]","[['B', 'D', 'A', 'C'], ['C', 'A', 'D', 'B'], ['A', 'C', 'B', 'D']]","{'A': 4, 'C': 4, 'D': 4, 'B': 3}","[1.0, 1.0, 0.75]",3.96
95,"[3, 4, 5]","[4, 4, 3]","[0.79, 0.88, 0.58]","[['B', 'D', 'A', 'C'], ['C', 'A', 'D', 'B'], ['B', 'A', 'C', 'D']]","{'A': 4, 'C': 4, 'D': 4, 'B': 3}","[1.0, 1.0, 0.75]",3.96
95,"[3, 4, 5]","[4, 4, 3]","[0.79, 0.88, 0.58]","[['B', 'D', 'A', 'C'], ['C', 'A', 'D', 'B'], ['B', 'C', 'A', 'D']]","{'A': 4, 'C': 4, 'D': 4, 'B': 3}","[1.0, 1.0, 0.75]",3.96
95,"[3, 4, 5]","[4, 4, 3]","[0.79, 0.88, 0.58]","[['B', 'D', 'A', 'C'], ['C', 'A', 'D', 'B'], ['C', 'A', 'B', 'D']]","{'A': 4, 'C': 4, 'D': 4, 'B': 3}","[1.0, 1.0, 0.75]",3.96
95,"[3, 4, 5]","[4, 4, 3]","[0.79, 0.88, 0.58]","[['B', 'D', 'A', 'C'], ['C', 'A', 'D', 'B'], ['C', 'B', 'A', 'D']]","{'A': 4, 'C': 4, 'D': 4, 'B': 3}","[1.0, 1.0, 0.75]",3.96
95,"[3, 4, 5]","[4, 4, 3]","[0.79, 0.88, 0.58]","[['B', 'D', 'A', 'C'], ['C', 'B', 'A', 'D'], ['A', 'C', 'D', 'B']]","{'A': 4, 'C': 4, 'D': 4, 'B': 3}","[1.0, 1.0, 0.75]",3.96
95,"[3, 4, 5]","[4, 4, 3]","[0.79, 0.88, 0.58]","[['B', 'D', 'A', 'C'], ['C', 'B', 'A', 'D'], ['A', 'D', 'C', 'B']]","{'A': 4, 'C': 4, 'D': 4, 'B': 3}","[1.0, 1.0, 0.75]",3.96
95,"[3, 4, 5]","[4, 4, 3]","[0.79, 0.88, 0.58]","[['B', 'D', 'A', 'C'], ['C', 'B', 'A', 'D'], ['C', 'A', 'D', 'B']]","{'A': 4, 'C': 4, 'D': 4, 'B': 3}","[1.0, 1.0, 0.75]",3.96
95,"[3, 4, 5]","[4, 4, 3]","[0.79, 0.88, 0.58]","[['B', 'D', 'A', 'C'], ['C', 'B', 'A', 'D'], ['C', 'D', 'A', 'B']]","{'A': 4, 'C': 4, 'D': 4, 'B': 3}","[1.0, 1.0, 0.75]",3.96
95,"[3, 4, 5]","[4, 4, 3]","[0.79, 0.88, 0.58]","[['B', 'D', 'A', 'C'], ['C', 'B', 'A', 'D'], ['D', 'A', 'C', 'B']]","{'A': 4, 'C': 4, 'D': 4, 'B': 3}","[1.0, 1.0, 0.75]",3.96
95,"[3, 4, 5]","[4, 4, 3]","[0.79, 0.88, 0.58]","[['B', 'D', 'A', 'C'], ['C', 'B', 'A', 'D'], ['D', 'C', 'A', 'B']]","{'A': 4, 'C': 4, 'D': 4, 'B': 3}","[1.0, 1.0, 0.75]",3.96
95,"[3, 4, 5]","[4, 4, 3]","[0.79, 0.88, 0.58]","[['B', 'D', 'A', 'C'], ['C', 'D', 'A', 'B'], ['A', 'B', 'C', 'D']]","{'A': 4, 'C': 4, 'D': 4, 'B': 3}","[1.0, 1.0, 0.75]",3.96
95,"[3, 4, 5]","[4, 4, 3]","[0.79, 0.88, 0.58]","[['B', 'D', 'A', 'C'], ['C', 'D', 'A', 'B'], ['A', 'C', 'B', 'D']]","{'A': 4, 'C': 4, 'D': 4, 'B': 3}","[1.0, 1.0, 0.75]",3.96
95,"[3, 4, 5]","[4, 4, 3]","[0.79, 0.88, 0.58]","[['B', 'D', 'A', 'C'], ['C', 'D', 'A', 'B'], ['B', 'A', 'C', 'D']]","{'A': 4, 'C': 4, 'D': 4, 'B': 3}","[1.0, 1.0, 0.75]",3.96
95,"[3, 4, 5]","[4, 4, 3]","[0.79, 0.88, 0.58]","[['B', 'D', 'A', 'C'], ['C', 'D', 'A', 'B'], ['B', 'C', 'A', 'D']]","{'A': 4, 'C': 4, 'D': 4, 'B': 3}","[1.0, 1.0, 0.75]",3.96
95,"[3, 4, 5]","[4, 4, 3]","[0.79, 0.88, 0.58]","[['B', 'D', 'A', 'C'], ['C', 'D', 'A', 'B'], ['C', 'A', 'B', 'D']]","{'A': 4, 'C': 4, 'D': 4, 'B': 3}","[1.0, 1.0, 0.75]",3.96
95,"[3, 4, 5]","[4, 4, 3]","[0.79, 0.88, 0.58]","[['B', 'D', 'A', 'C'], ['C', 'D', 'A', 'B'], ['C', 'B', 'A', 'D']]","{'A': 4, 'C': 4, 'D': 4, 'B': 3}","[1.0, 1.0, 0.75]",3.96
95,"[3, 4, 5]","[4, 4, 3]","[0.79, 0.88, 0.58]","[['B', 'D', 'A', 'C'], ['D', 'A', 'C', 'B'], ['A', 'B', 'C', 'D']]","{'A': 4, 'C': 4, 'D': 4, 'B': 3}","[1.0, 1.0, 0.75]",3.96
95,"[3, 4, 5]","[4, 4, 3]","[0.79, 0.88, 0.58]","[['B', 'D', 'A', 'C'], ['D', 'A', 'C', 'B'], ['A', 'C', 'B', 'D']]","{'A': 4, 'C': 4, 'D': 4, 'B': 3}","[1.0, 1.0, 0.75]",3.96
95,"[3, 4, 5]","[4, 4, 3]","[0.79, 0.88, 0.58]","[['B', 'D', 'A', 'C'], ['D', 'A', 'C', 'B'], ['B', 'A', 'C', 'D']]","{'A': 4, 'C': 4, 'D': 4, 'B': 3}","[1.0, 1.0, 0.75]",3.96
95,"[3, 4, 5]","[4, 4, 3]","[0.79, 0.88, 0.58]","[['B', 'D', 'A', 'C'], ['D', 'A', 'C', 'B'], ['B', 'C', 'A', 'D']]","{'A': 4, 'C': 4, 'D': 4, 'B': 3}","[1.0, 1.0, 0.75]",3.96
95,"[3, 4, 5]","[4, 4, 3]","[0.79, 0.88, 0.58]","[['B', 'D', 'A', 'C'], ['D', 'A', 'C', 'B'], ['C', 'A', 'B', 'D']]","{'A': 4, 'C': 4, 'D': 4, 'B': 3}","[1.0, 1.0, 0.75]",3.96
95,"[3, 4, 5]","[4, 4, 3]","[0.79, 0.88, 0.58]","[['B', 'D', 'A', 'C'], ['D', 'A', 'C', 'B'], ['C', 'B', 'A', 'D']]","{'A': 4, 'C': 4, 'D': 4, 'B': 3}","[1.0, 1.0, 0.75]",3.96
95,"[3, 4, 5]","[4, 4, 3]","[0.79, 0.88, 0.58]","[['B', 'D', 'A', 'C'], ['D', 'C', 'A', 'B'], ['A', 'B', 'C', 'D']]","{'A': 4, 'C': 4, 'D': 4, 'B': 3}","[1.0, 1.0, 0.75]",3.96
95,"[3, 4, 5]","[4, 4, 3]","[0.79, 0.88, 0.58]","[['B', 'D', 'A', 'C'], ['D', 'C', 'A', 'B'], ['A', 'C', 'B', 'D']]","{'A': 4, 'C': 4, 'D': 4, 'B': 3}","[1.0, 1.0, 0.75]",3.96
95,"[3, 4, 5]","[4, 4, 3]","[0.79, 0.88, 0.58]","[['B', 'D', 'A', 'C'], ['D', 'C', 'A', 'B'], ['B', 'A', 'C', 'D']]","{'A': 4, 'C': 4, 'D': 4, 'B': 3}","[1.0, 1.0, 0.75]",3.96
95,"[3, 4, 5]","[4, 4, 3]","[0.79, 0.88, 0.58]","[['B', 'D', 'A', 'C'], ['D', 'C', 'A', 'B'], ['B', 'C', 'A', 'D']]","{'A': 4, 'C': 4, 'D': 4, 'B': 3}","[1.0, 1.0, 0.75]",3.96
95,"[3, 4, 5]","[4, 4, 3]","[0.79, 0.88, 0.58]","[['B', 'D', 'A', 'C'], ['D', 'C', 'A', 'B'], ['C', 'A', 'B', 'D']]","{'A': 4, 'C': 4, 'D': 4, 'B': 3}","[1.0, 1.0, 0.75]",3.96
95,"[3, 4, 5]","[4, 4, 3]","[0.79, 0.88, 0.58]","[['B', 'D', 'A', 'C'], ['D', 'C', 'A', 'B'], ['C', 'B', 'A', 'D']]","{'A': 4, 'C': 4, 'D': 4, 'B': 3}","[1.0, 1.0, 0.75]",3.96
95,"[3, 4, 5]","[4, 4, 3]","[0.79, 0.88, 0.58]","[['C', 'A', 'B', 'D'], ['A', 'B', 'D', 'C'], ['A', 'C', 'D', 'B']]","{'A': 4, 'C': 4, 'D': 4, 'B': 3}","[1.0, 1.0, 0.75]",3.96
95,"[3, 4, 5]","[4, 4, 3]","[0.79, 0.88, 0.58]","[['C', 'A', 'B', 'D'], ['A', 'B', 'D', 'C'], ['A', 'D', 'C', 'B']]","{'A': 4, 'C': 4, 'D': 4, 'B': 3}","[1.0, 1.0, 0.75]",3.96
95,"[3, 4, 5]","[4, 4, 3]","[0.79, 0.88, 0.58]","[['C', 'A', 'B', 'D'], ['A', 'B', 'D', 'C'], ['C', 'A', 'D', 'B']]","{'A': 4, 'C': 4, 'D': 4, 'B': 3}","[1.0, 1.0, 0.75]",3.96
95,"[3, 4, 5]","[4, 4, 3]","[0.79, 0.88, 0.58]","[['C', 'A', 'B', 'D'], ['A', 'B', 'D', 'C'], ['C', 'D', 'A', 'B']]","{'A': 4, 'C': 4, 'D': 4, 'B': 3}","[1.0, 1.0, 0.75]",3.96
95,"[3, 4, 5]","[4, 4, 3]","[0.79, 0.88, 0.58]","[['C', 'A', 'B', 'D'], ['A', 'B', 'D', 'C'], ['D', 'A', 'C', 'B']]","{'A': 4, 'C': 4, 'D': 4, 'B': 3}","[1.0, 1.0, 0.75]",3.96
95,"[3, 4, 5]","[4, 4, 3]","[0.79, 0.88, 0.58]","[['C', 'A', 'B', 'D'], ['A', 'B', 'D', 'C'], ['D', 'C', 'A', 'B']]","{'A': 4, 'C': 4, 'D': 4, 'B': 3}","[1.0, 1.0, 0.75]",3.96
95,"[3, 4, 5]","[4, 4, 3]","[0.79, 0.88, 0.58]","[['C', 'A', 'B', 'D'], ['A', 'C', 'D', 'B'], ['A', 'B', 'D', 'C']]","{'A': 4, 'C': 4, 'D': 4, 'B': 3}","[1.0, 1.0, 0.75]",3.96
95,"[3, 4, 5]","[4, 4, 3]","[0.79, 0.88, 0.58]","[['C', 'A', 'B', 'D'], ['A', 'C', 'D', 'B'], ['A', 'D', 'B', 'C']]","{'A': 4, 'C': 4, 'D': 4, 'B': 3}","[1.0, 1.0, 0.75]",3.96
95,"[3, 4, 5]","[4, 4, 3]","[0.79, 0.88, 0.58]","[['C', 'A', 'B', 'D'], ['A', 'C', 'D', 'B'], ['B', 'A', 'D', 'C']]","{'A': 4, 'C': 4, 'D': 4, 'B': 3}","[1.0, 1.0, 0.75]",3.96
95,"[3, 4, 5]","[4, 4, 3]","[0.79, 0.88, 0.58]","[['C', 'A', 'B', 'D'], ['A', 'C', 'D', 'B'], ['B', 'D', 'A', 'C']]","{'A': 4, 'C': 4, 'D': 4, 'B': 3}","[1.0, 1.0, 0.75]",3.96
95,"[3, 4, 5]","[4, 4, 3]","[0.79, 0.88, 0.58]","[['C', 'A', 'B', 'D'], ['A', 'C', 'D', 'B'], ['D', 'A', 'B', 'C']]","{'A': 4, 'C': 4, 'D': 4, 'B': 3}","[1.0, 1.0, 0.75]",3.96
95,"[3, 4, 5]","[4, 4, 3]","[0.79, 0.88, 0.58]","[['C', 'A', 'B', 'D'], ['A', 'C', 'D', 'B'], ['D', 'B', 'A', 'C']]","{'A': 4, 'C': 4, 'D': 4, 'B': 3}","[1.0, 1.0, 0.75]",3.96
95,"[3, 4, 5]","[4, 4, 3]","[0.79, 0.88, 0.58]","[['C', 'A', 'B', 'D'], ['A', 'D', 'B', 'C'], ['A', 'C', 'D', 'B']]","{'A': 4, 'C': 4, 'D': 4, 'B': 3}","[1.0, 1.0, 0.75]",3.96
95,"[3, 4, 5]","[4, 4, 3]","[0.79, 0.88, 0.58]","[['C', 'A', 'B', 'D'], ['A', 'D', 'B', 'C'], ['A', 'D', 'C', 'B']]","{'A': 4, 'C': 4, 'D': 4, 'B': 3}","[1.0, 1.0, 0.75]",3.96
95,"[3, 4, 5]","[4, 4, 3]","[0.79, 0.88, 0.58]","[['C', 'A', 'B', 'D'], ['A', 'D', 'B', 'C'], ['C', 'A', 'D', 'B']]","{'A': 4, 'C': 4, 'D': 4, 'B': 3}","[1.0, 1.0, 0.75]",3.96
95,"[3, 4, 5]","[4, 4, 3]","[0.79, 0.88, 0.58]","[['C', 'A', 'B', 'D'], ['A', 'D', 'B', 'C'], ['C', 'D', 'A', 'B']]","{'A': 4, 'C': 4, 'D': 4, 'B': 3}","[1.0, 1.0, 0.75]",3.96
95,"[3, 4, 5]","[4, 4, 3]","[0.79, 0.88, 0.58]","[['C', 'A', 'B', 'D'], ['A', 'D', 'B', 'C'], ['D', 'A', 'C', 'B']]","{'A': 4, 'C': 4, 'D': 4, 'B': 3}","[1.0, 1.0, 0.75]",3.96
95,"[3, 4, 5]","[4, 4, 3]","[0.79, 0.88, 0.58]","[['C', 'A', 'B', 'D'], ['A', 'D', 'B', 'C'], ['D', 'C', 'A', 'B']]","{'A': 4, 'C': 4, 'D': 4, 'B': 3}","[1.0, 1.0, 0.75]",3.96
95,"[3, 4, 5]","[4, 4, 3]","[0.79, 0.88, 0.58]","[['C', 'A', 'B', 'D'], ['A', 'D', 'C', 'B'], ['A', 'B', 'D', 'C']]","{'A': 4, 'C': 4, 'D': 4, 'B': 3}","[1.0, 1.0, 0.75]",3.96
95,"[3, 4, 5]","[4, 4, 3]","[0.79, 0.88, 0.58]","[['C', 'A', 'B', 'D'], ['A', 'D', 'C', 'B'], ['A', 'D', 'B', 'C']]","{'A': 4, 'C': 4, 'D': 4, 'B': 3}","[1.0, 1.0, 0.75]",3.96
95,"[3, 4, 5]","[4, 4, 3]","[0.79, 0.88, 0.58]","[['C', 'A', 'B', 'D'], ['A', 'D', 'C', 'B'], ['B', 'A', 'D', 'C']]","{'A': 4, 'C': 4, 'D': 4, 'B': 3}","[1.0, 1.0, 0.75]",3.96
95,"[3, 4, 5]","[4, 4, 3]","[0.79, 0.88, 0.58]","[['C', 'A', 'B', 'D'], ['A', 'D', 'C', 'B'], ['B', 'D', 'A', 'C']]","{'A': 4, 'C': 4, 'D': 4, 'B': 3}","[1.0, 1.0, 0.75]",3.96
95,"[3, 4, 5]","[4, 4, 3]","[0.79, 0.88, 0.58]","[['C', 'A', 'B', 'D'], ['A', 'D', 'C', 'B'], ['D', 'A', 'B', 'C']]","{'A': 4, 'C': 4, 'D': 4, 'B': 3}","[1.0, 1.0, 0.75]",3.96
95,"[3, 4, 5]","[4, 4, 3]","[0.79, 0.88, 0.58]","[['C', 'A', 'B', 'D'], ['A', 'D', 'C', 'B'], ['D', 'B', 'A', 'C']]","{'A': 4, 'C': 4, 'D': 4, 'B': 3}","[1.0, 1.0, 0.75]",3.96
95,"[3, 4, 5]","[4, 4, 3]","[0.79, 0.88, 0.58]","[['C', 'A', 'B', 'D'], ['B', 'A', 'D', 'C'], ['A', 'C', 'D', 'B']]","{'A': 4, 'C': 4, 'D': 4, 'B': 3}","[1.0, 1.0, 0.75]",3.96
95,"[3, 4, 5]","[4, 4, 3]","[0.79, 0.88, 0.58]","[['C', 'A', 'B', 'D'], ['B', 'A', 'D', 'C'], ['A', 'D', 'C', 'B']]","{'A': 4, 'C': 4, 'D': 4, 'B': 3}","[1.0, 1.0, 0.75]",3.96
95,"[3, 4, 5]","[4, 4, 3]","[0.79, 0.88, 0.58]","[['C', 'A', 'B', 'D'], ['B', 'A', 'D', 'C'], ['C', 'A', 'D', 'B']]","{'A': 4, 'C': 4, 'D': 4, 'B': 3}","[1.0, 1.0, 0.75]",3.96
95,"[3, 4, 5]","[4, 4, 3]","[0.79, 0.88, 0.58]","[['C', 'A', 'B', 'D'], ['B', 'A', 'D', 'C'], ['C', 'D', 'A', 'B']]","{'A': 4, 'C': 4, 'D': 4, 'B': 3}","[1.0, 1.0, 0.75]",3.96
95,"[3, 4, 5]","[4, 4, 3]","[0.79, 0.88, 0.58]","[['C', 'A', 'B', 'D'], ['B', 'A', 'D', 'C'], ['D', 'A', 'C', 'B']]","{'A': 4, 'C': 4, 'D': 4, 'B': 3}","[1.0, 1.0, 0.75]",3.96
95,"[3, 4, 5]","[4, 4, 3]","[0.79, 0.88, 0.58]","[['C', 'A', 'B', 'D'], ['B', 'A', 'D', 'C'], ['D', 'C', 'A', 'B']]","{'A': 4, 'C': 4, 'D': 4, 'B': 3}","[1.0, 1.0, 0.75]",3.96
95,"[3, 4, 5]","[4, 4, 3]","[0.79, 0.88, 0.58]","[['C', 'A', 'B', 'D'], ['B', 'D', 'A', 'C'], ['A', 'C', 'D', 'B']]","{'A': 4, 'C': 4, 'D': 4, 'B': 3}","[1.0, 1.0, 0.75]",3.96
95,"[3, 4, 5]","[4, 4, 3]","[0.79, 0.88, 0.58]","[['C', 'A', 'B', 'D'], ['B', 'D', 'A', 'C'], ['A', 'D', 'C', 'B']]","{'A': 4, 'C': 4, 'D': 4, 'B': 3}","[1.0, 1.0, 0.75]",3.96
95,"[3, 4, 5]","[4, 4, 3]","[0.79, 0.88, 0.58]","[['C', 'A', 'B', 'D'], ['B', 'D', 'A', 'C'], ['C', 'A', 'D', 'B']]","{'A': 4, 'C': 4, 'D': 4, 'B': 3}","[1.0, 1.0, 0.75]",3.96
95,"[3, 4, 5]","[4, 4, 3]","[0.79, 0.88, 0.58]","[['C', 'A', 'B', 'D'], ['B', 'D', 'A', 'C'], ['C', 'D', 'A', 'B']]","{'A': 4, 'C': 4, 'D': 4, 'B': 3}","[1.0, 1.0, 0.75]",3.96
95,"[3, 4, 5]","[4, 4, 3]","[0.79, 0.88, 0.58]","[['C', 'A', 'B', 'D'], ['B', 'D', 'A', 'C'], ['D', 'A', 'C', 'B']]","{'A': 4, 'C': 4, 'D': 4, 'B': 3}","[1.0, 1.0, 0.75]",3.96
95,"[3, 4, 5]","[4, 4, 3]","[0.79, 0.88, 0.58]","[['C', 'A', 'B', 'D'], ['B', 'D', 'A', 'C'], ['D', 'C', 'A', 'B']]","{'A': 4, 'C': 4, 'D': 4, 'B': 3}","[1.0, 1.0, 0.75]",3.96
95,"[3, 4, 5]","[4, 4, 3]","[0.79, 0.88, 0.58]","[['C', 'A', 'B', 'D'], ['C', 'A', 'D', 'B'], ['A', 'B', 'D', 'C']]","{'A': 4, 'C': 4, 'D': 4, 'B': 3}","[1.0, 1.0, 0.75]",3.96
95,"[3, 4, 5]","[4, 4, 3]","[0.79, 0.88, 0.58]","[['C', 'A', 'B', 'D'], ['C', 'A', 'D', 'B'], ['A', 'D', 'B', 'C']]","{'A': 4, 'C': 4, 'D': 4, 'B': 3}","[1.0, 1.0, 0.75]",3.96
95,"[3, 4, 5]","[4, 4, 3]","[0.79, 0.88, 0.58]","[['C', 'A', 'B', 'D'], ['C', 'A', 'D', 'B'], ['B', 'A', 'D', 'C']]","{'A': 4, 'C': 4, 'D': 4, 'B': 3}","[1.0, 1.0, 0.75]",3.96
95,"[3, 4, 5]","[4, 4, 3]","[0.79, 0.88, 0.58]","[['C', 'A', 'B', 'D'], ['C', 'A', 'D', 'B'], ['B', 'D', 'A', 'C']]","{'A': 4, 'C': 4, 'D': 4, 'B': 3}","[1.0, 1.0, 0.75]",3.96
95,"[3, 4, 5]","[4, 4, 3]","[0.79, 0.88, 0.58]","[['C', 'A', 'B', 'D'], ['C', 'A', 'D', 'B'], ['D', 'A', 'B', 'C']]","{'A': 4, 'C': 4, 'D': 4, 'B': 3}","[1.0, 1.0, 0.75]",3.96
95,"[3, 4, 5]","[4, 4, 3]","[0.79, 0.88, 0.58]","[['C', 'A', 'B', 'D'], ['C', 'A', 'D', 'B'], ['D', 'B', 'A', 'C']]","{'A': 4, 'C': 4, 'D': 4, 'B': 3}","[1.0, 1.0, 0.75]",3.96
95,"[3, 4, 5]","[4, 4, 3]","[0.79, 0.88, 0.58]","[['C', 'A', 'B', 'D'], ['C', 'D', 'A', 'B'], ['A', 'B', 'D', 'C']]","{'A': 4, 'C': 4, 'D': 4, 'B': 3}","[1.0, 1.0, 0.75]",3.96
95,"[3, 4, 5]","[4, 4, 3]","[0.79, 0.88, 0.58]","[['C', 'A', 'B', 'D'], ['C', 'D', 'A', 'B'], ['A', 'D', 'B', 'C']]","{'A': 4, 'C': 4, 'D': 4, 'B': 3}","[1.0, 1.0, 0.75]",3.96
95,"[3, 4, 5]","[4, 4, 3]","[0.79, 0.88, 0.58]","[['C', 'A', 'B', 'D'], ['C', 'D', 'A', 'B'], ['B', 'A', 'D', 'C']]","{'A': 4, 'C': 4, 'D': 4, 'B': 3}","[1.0, 1.0, 0.75]",3.96
95,"[3, 4, 5]","[4, 4, 3]","[0.79, 0.88, 0.58]","[['C', 'A', 'B', 'D'], ['C', 'D', 'A', 'B'], ['B', 'D', 'A', 'C']]","{'A': 4, 'C': 4, 'D': 4, 'B': 3}","[1.0, 1.0, 0.75]",3.96
95,"[3, 4, 5]","[4, 4, 3]","[0.79, 0.88, 0.58]","[['C', 'A', 'B', 'D'], ['C', 'D', 'A', 'B'], ['D', 'A', 'B', 'C']]","{'A': 4, 'C': 4, 'D': 4, 'B': 3}","[1.0, 1.0, 0.75]",3.96
95,"[3, 4, 5]","[4, 4, 3]","[0.79, 0.88, 0.58]","[['C', 'A', 'B', 'D'], ['C', 'D', 'A', 'B'], ['D', 'B', 'A', 'C']]","{'A': 4, 'C': 4, 'D': 4, 'B': 3}","[1.0, 1.0, 0.75]",3.96
95,"[3, 4, 5]","[4, 4, 3]","[0.79, 0.88, 0.58]","[['C', 'A', 'B', 'D'], ['D', 'A', 'B', 'C'], ['A', 'C', 'D', 'B']]","{'A': 4, 'C': 4, 'D': 4, 'B': 3}","[1.0, 1.0, 0.75]",3.96
95,"[3, 4, 5]","[4, 4, 3]","[0.79, 0.88, 0.58]","[['C', 'A', 'B', 'D'], ['D', 'A', 'B', 'C'], ['A', 'D', 'C', 'B']]","{'A': 4, 'C': 4, 'D': 4, 'B': 3}","[1.0, 1.0, 0.75]",3.96
95,"[3, 4, 5]","[4, 4, 3]","[0.79, 0.88, 0.58]","[['C', 'A', 'B', 'D'], ['D', 'A', 'B', 'C'], ['C', 'A', 'D', 'B']]","{'A': 4, 'C': 4, 'D': 4, 'B': 3}","[1.0, 1.0, 0.75]",3.96
95,"[3, 4, 5]","[4, 4, 3]","[0.79, 0.88, 0.58]","[['C', 'A', 'B', 'D'], ['D', 'A', 'B', 'C'], ['C', 'D', 'A', 'B']]","{'A': 4, 'C': 4, 'D': 4, 'B': 3}","[1.0, 1.0, 0.75]",3.96
95,"[3, 4, 5]","[4, 4, 3]","[0.79, 0.88, 0.58]","[['C', 'A', 'B', 'D'], ['D', 'A', 'B', 'C'], ['D', 'A', 'C', 'B']]","{'A': 4, 'C': 4, 'D': 4, 'B': 3}","[1.0, 1.0, 0.75]",3.96
95,"[3, 4, 5]","[4, 4, 3]","[0.79, 0.88, 0.58]","[['C', 'A', 'B', 'D'], ['D', 'A', 'B', 'C'], ['D', 'C', 'A', 'B']]","{'A': 4, 'C': 4, 'D': 4, 'B': 3}","[1.0, 1.0, 0.75]",3.96
95,"[3, 4, 5]","[4, 4, 3]","[0.79, 0.88, 0.58]","[['C', 'A', 'B', 'D'], ['D', 'A', 'C', 'B'], ['A', 'B', 'D', 'C']]","{'A': 4, 'C': 4, 'D': 4, 'B': 3}","[1.0, 1.0, 0.75]",3.96
95,"[3, 4, 5]","[4, 4, 3]","[0.79, 0.88, 0.58]","[['C', 'A', 'B', 'D'], ['D', 'A', 'C', 'B'], ['A', 'D', 'B', 'C']]","{'A': 4, 'C': 4, 'D': 4, 'B': 3}","[1.0, 1.0, 0.75]",3.96
95,"[3, 4, 5]","[4, 4, 3]","[0.79, 0.88, 0.58]","[['C', 'A', 'B', 'D'], ['D', 'A', 'C', 'B'], ['B', 'A', 'D', 'C']]","{'A': 4, 'C': 4, 'D': 4, 'B': 3}","[1.0, 1.0, 0.75]",3.96
95,"[3, 4, 5]","[4, 4, 3]","[0.79, 0.88, 0.58]","[['C', 'A', 'B', 'D'], ['D', 'A', 'C', 'B'], ['B', 'D', 'A', 'C']]","{'A': 4, 'C': 4, 'D': 4, 'B': 3}","[1.0, 1.0, 0.75]",3.96
95,"[3, 4, 5]","[4, 4, 3]","[0.79, 0.88, 0.58]","[['C', 'A', 'B', 'D'], ['D', 'A', 'C', 'B'], ['D', 'A', 'B', 'C']]","{'A': 4, 'C': 4, 'D': 4, 'B': 3}","[1.0, 1.0, 0.75]",3.96
95,"[3, 4, 5]","[4, 4, 3]","[0.79, 0.88, 0.58]","[['C', 'A', 'B', 'D'], ['D', 'A', 'C', 'B'], ['D', 'B', 'A', 'C']]","{'A': 4, 'C': 4, 'D': 4, 'B': 3}","[1.0, 1.0, 0.75]",3.96
95,"[3, 4, 5]","[4, 4, 3]","[0.79, 0.88, 0.58]","[['C', 'A', 'B', 'D'], ['D', 'B', 'A', 'C'], ['A', 'C', 'D', 'B']]","{'A': 4, 'C': 4, 'D': 4, 'B': 3}","[1.0, 1.0, 0.75]",3.96
95,"[3, 4, 5]","[4, 4, 3]","[0.79, 0.88, 0.58]","[['C', 'A', 'B', 'D'], ['D', 'B', 'A', 'C'], ['A', 'D', 'C', 'B']]","{'A': 4, 'C': 4, 'D': 4, 'B': 3}","[1.0, 1.0, 0.75]",3.96
95,"[3, 4, 5]","[4, 4, 3]","[0.79, 0.88, 0.58]","[['C', 'A', 'B', 'D'], ['D', 'B', 'A', 'C'], ['C', 'A', 'D', 'B']]","{'A': 4, 'C': 4, 'D': 4, 'B': 3}","[1.0, 1.0, 0.75]",3.96
95,"[3, 4, 5]","[4, 4, 3]","[0.79, 0.88, 0.58]","[['C', 'A', 'B', 'D'], ['D', 'B', 'A', 'C'], ['C', 'D', 'A', 'B']]","{'A': 4, 'C': 4, 'D': 4, 'B': 3}","[1.0, 1.0, 0.75]",3.96
95,"[3, 4, 5]","[4, 4, 3]","[0.79, 0.88, 0.58]","[['C', 'A', 'B', 'D'], ['D', 'B', 'A', 'C'], ['D', 'A', 'C', 'B']]","{'A': 4, 'C': 4, 'D': 4, 'B': 3}","[1.0, 1.0, 0.75]",3.96
95,"[3, 4, 5]","[4, 4, 3]","[0.79, 0.88, 0.58]","[['C', 'A', 'B', 'D'], ['D', 'B', 'A', 'C'], ['D', 'C', 'A', 'B']]","{'A': 4, 'C': 4, 'D': 4, 'B': 3}","[1.0, 1.0, 0.75]",3.96
95,"[3, 4, 5]","[4, 4, 3]","[0.79, 0.88, 0.58]","[['C', 'A', 'B', 'D'], ['D', 'C', 'A', 'B'], ['A', 'B', 'D', 'C']]","{'A': 4, 'C': 4, 'D': 4, 'B': 3}","[1.0, 1.0, 0.75]",3.96
95,"[3, 4, 5]","[4, 4, 3]","[0.79, 0.88, 0.58]","[['C', 'A', 'B', 'D'], ['D', 'C', 'A', 'B'], ['A', 'D', 'B', 'C']]","{'A': 4, 'C': 4, 'D': 4, 'B': 3}","[1.0, 1.0, 0.75]",3.96
95,"[3, 4, 5]","[4, 4, 3]","[0.79, 0.88, 0.58]","[['C', 'A', 'B', 'D'], ['D', 'C', 'A', 'B'], ['B', 'A', 'D', 'C']]","{'A': 4, 'C': 4, 'D': 4, 'B': 3}","[1.0, 1.0, 0.75]",3.96
95,"[3, 4, 5]","[4, 4, 3]","[0.79, 0.88, 0.58]","[['C', 'A', 'B', 'D'], ['D', 'C', 'A', 'B'], ['B', 'D', 'A', 'C']]","{'A': 4, 'C': 4, 'D': 4, 'B': 3}","[1.0, 1.0, 0.75]",3.96
95,"[3, 4, 5]","[4, 4, 3]","[0.79, 0.88, 0.58]","[['C', 'A', 'B', 'D'], ['D', 'C', 'A', 'B'], ['D', 'A', 'B', 'C']]","{'A': 4, 'C': 4, 'D': 4, 'B': 3}","[1.0, 1.0, 0.75]",3.96
95,"[3, 4, 5]","[4, 4, 3]","[0.79, 0.88, 0.58]","[['C', 'A', 'B', 'D'], ['D', 'C', 'A', 'B'], ['D', 'B', 'A', 'C']]","{'A': 4, 'C': 4, 'D': 4, 'B': 3}","[1.0, 1.0, 0.75]",3.96
95,"[3, 4, 5]","[4, 4, 3]","[0.79, 0.88, 0.58]","[['C', 'A', 'D', 'B'], ['A', 'B', 'C', 'D'], ['A', 'B', 'D', 'C']]","{'A': 4, 'C': 4, 'D': 4, 'B': 3}","[1.0, 1.0, 0.75]",3.96
95,"[3, 4, 5]","[4, 4, 3]","[0.79, 0.88, 0.58]","[['C', 'A', 'D', 'B'], ['A', 'B', 'C', 'D'], ['A', 'D', 'B', 'C']]","{'A': 4, 'C': 4, 'D': 4, 'B': 3}","[1.0, 1.0, 0.75]",3.96
95,"[3, 4, 5]","[4, 4, 3]","[0.79, 0.88, 0.58]","[['C', 'A', 'D', 'B'], ['A', 'B', 'C', 'D'], ['B', 'A', 'D', 'C']]","{'A': 4, 'C': 4, 'D': 4, 'B': 3}","[1.0, 1.0, 0.75]",3.96
95,"[3, 4, 5]","[4, 4, 3]","[0.79, 0.88, 0.58]","[['C', 'A', 'D', 'B'], ['A', 'B', 'C', 'D'], ['B', 'D', 'A', 'C']]","{'A': 4, 'C': 4, 'D': 4, 'B': 3}","[1.0, 1.0, 0.75]",3.96
95,"[3, 4, 5]","[4, 4, 3]","[0.79, 0.88, 0.58]","[['C', 'A', 'D', 'B'], ['A', 'B', 'C', 'D'], ['D', 'A', 'B', 'C']]","{'A': 4, 'C': 4, 'D': 4, 'B': 3}","[1.0, 1.0, 0.75]",3.96
95,"[3, 4, 5]","[4, 4, 3]","[0.79, 0.88, 0.58]","[['C', 'A', 'D', 'B'], ['A', 'B', 'C', 'D'], ['D', 'B', 'A', 'C']]","{'A': 4, 'C': 4, 'D': 4, 'B': 3}","[1.0, 1.0, 0.75]",3.96
95,"[3, 4, 5]","[4, 4, 3]","[0.79, 0.88, 0.58]","[['C', 'A', 'D', 'B'], ['A', 'B', 'D', 'C'], ['A', 'B', 'C', 'D']]","{'A': 4, 'C': 4, 'D': 4, 'B': 3}","[1.0, 1.0, 0.75]",3.96
95,"[3, 4, 5]","[4, 4, 3]","[0.79, 0.88, 0.58]","[['C', 'A', 'D', 'B'], ['A', 'B', 'D', 'C'], ['A', 'C', 'B', 'D']]","{'A': 4, 'C': 4, 'D': 4, 'B': 3}","[1.0, 1.0, 0.75]",3.96
95,"[3, 4, 5]","[4, 4, 3]","[0.79, 0.88, 0.58]","[['C', 'A', 'D', 'B'], ['A', 'B', 'D', 'C'], ['B', 'A', 'C', 'D']]","{'A': 4, 'C': 4, 'D': 4, 'B': 3}","[1.0, 1.0, 0.75]",3.96
95,"[3, 4, 5]","[4, 4, 3]","[0.79, 0.88, 0.58]","[['C', 'A', 'D', 'B'], ['A', 'B', 'D', 'C'], ['B', 'C', 'A', 'D']]","{'A': 4, 'C': 4, 'D': 4, 'B': 3}","[1.0, 1.0, 0.75]",3.96
95,"[3, 4, 5]","[4, 4, 3]","[0.79, 0.88, 0.58]","[['C', 'A', 'D', 'B'], ['A', 'B', 'D', 'C'], ['C', 'A', 'B', 'D']]","{'A': 4, 'C': 4, 'D': 4, 'B': 3}","[1.0, 1.0, 0.75]",3.96
95,"[3, 4, 5]","[4, 4, 3]","[0.79, 0.88, 0.58]","[['C', 'A', 'D', 'B'], ['A', 'B', 'D', 'C'], ['C', 'B', 'A', 'D']]","{'A': 4, 'C': 4, 'D': 4, 'B': 3}","[1.0, 1.0, 0.75]",3.96
95,"[3, 4, 5]","[4, 4, 3]","[0.79, 0.88, 0.58]","[['C', 'A', 'D', 'B'], ['A', 'C', 'B', 'D'], ['A', 'B', 'D', 'C']]","{'A': 4, 'C': 4, 'D': 4, 'B': 3}","[1.0, 1.0, 0.75]",3.96
95,"[3, 4, 5]","[4, 4, 3]","[0.79, 0.88, 0.58]","[['C', 'A', 'D', 'B'], ['A', 'C', 'B', 'D'], ['A', 'D', 'B', 'C']]","{'A': 4, 'C': 4, 'D': 4, 'B': 3}","[1.0, 1.0, 0.75]",3.96
95,"[3, 4, 5]","[4, 4, 3]","[0.79, 0.88, 0.58]","[['C', 'A', 'D', 'B'], ['A', 'C', 'B', 'D'], ['B', 'A', 'D', 'C']]","{'A': 4, 'C': 4, 'D': 4, 'B': 3}","[1.0, 1.0, 0.75]",3.96
95,"[3, 4, 5]","[4, 4, 3]","[0.79, 0.88, 0.58]","[['C', 'A', 'D', 'B'], ['A', 'C', 'B', 'D'], ['B', 'D', 'A', 'C']]","{'A': 4, 'C': 4, 'D': 4, 'B': 3}","[1.0, 1.0, 0.75]",3.96
95,"[3, 4, 5]","[4, 4, 3]","[0.79, 0.88, 0.58]","[['C', 'A', 'D', 'B'], ['A', 'C', 'B', 'D'], ['D', 'A', 'B', 'C']]","{'A': 4, 'C': 4, 'D': 4, 'B': 3}","[1.0, 1.0, 0.75]",3.96
95,"[3, 4, 5]","[4, 4, 3]","[0.79, 0.88, 0.58]","[['C', 'A', 'D', 'B'], ['A', 'C', 'B', 'D'], ['D', 'B', 'A', 'C']]","{'A': 4, 'C': 4, 'D': 4, 'B': 3}","[1.0, 1.0, 0.75]",3.96
95,"[3, 4, 5]","[4, 4, 3]","[0.79, 0.88, 0.58]","[['C', 'A', 'D', 'B'], ['A', 'D', 'B', 'C'], ['A', 'B', 'C', 'D']]","{'A': 4, 'C': 4, 'D': 4, 'B': 3}","[1.0, 1.0, 0.75]",3.96
95,"[3, 4, 5]","[4, 4, 3]","[0.79, 0.88, 0.58]","[['C', 'A', 'D', 'B'], ['A', 'D', 'B', 'C'], ['A', 'C', 'B', 'D']]","{'A': 4, 'C': 4, 'D': 4, 'B': 3}","[1.0, 1.0, 0.75]",3.96
95,"[3, 4, 5]","[4, 4, 3]","[0.79, 0.88, 0.58]","[['C', 'A', 'D', 'B'], ['A', 'D', 'B', 'C'], ['B', 'A', 'C', 'D']]","{'A': 4, 'C': 4, 'D': 4, 'B': 3}","[1.0, 1.0, 0.75]",3.96
95,"[3, 4, 5]","[4, 4, 3]","[0.79, 0.88, 0.58]","[['C', 'A', 'D', 'B'], ['A', 'D', 'B', 'C'], ['B', 'C', 'A', 'D']]","{'A': 4, 'C': 4, 'D': 4, 'B': 3}","[1.0, 1.0, 0.75]",3.96
95,"[3, 4, 5]","[4, 4, 3]","[0.79, 0.88, 0.58]","[['C', 'A', 'D', 'B'], ['A', 'D', 'B', 'C'], ['C', 'A', 'B', 'D']]","{'A': 4, 'C': 4, 'D': 4, 'B': 3}","[1.0, 1.0, 0.75]",3.96
95,"[3, 4, 5]","[4, 4, 3]","[0.79, 0.88, 0.58]","[['C', 'A', 'D', 'B'], ['A', 'D', 'B', 'C'], ['C', 'B', 'A', 'D']]","{'A': 4, 'C': 4, 'D': 4, 'B': 3}","[1.0, 1.0, 0.75]",3.96
95,"[3, 4, 5]","[4, 4, 3]","[0.79, 0.88, 0.58]","[['C', 'A', 'D', 'B'], ['B', 'A', 'C', 'D'], ['A', 'B', 'D', 'C']]","{'A': 4, 'C': 4, 'D': 4, 'B': 3}","[1.0, 1.0, 0.75]",3.96
95,"[3, 4, 5]","[4, 4, 3]","[0.79, 0.88, 0.58]","[['C', 'A', 'D', 'B'], ['B', 'A', 'C', 'D'], ['A', 'D', 'B', 'C']]","{'A': 4, 'C': 4, 'D': 4, 'B': 3}","[1.0, 1.0, 0.75]",3.96
95,"[3, 4, 5]","[4, 4, 3]","[0.79, 0.88, 0.58]","[['C', 'A', 'D', 'B'], ['B', 'A', 'C', 'D'], ['B', 'A', 'D', 'C']]","{'A': 4, 'C': 4, 'D': 4, 'B': 3}","[1.0, 1.0, 0.75]",3.96
95,"[3, 4, 5]","[4, 4, 3]","[0.79, 0.88, 0.58]","[['C', 'A', 'D', 'B'], ['B', 'A', 'C', 'D'], ['B', 'D', 'A', 'C']]","{'A': 4, 'C': 4, 'D': 4, 'B': 3}","[1.0, 1.0, 0.75]",3.96
95,"[3, 4, 5]","[4, 4, 3]","[0.79, 0.88, 0.58]","[['C', 'A', 'D', 'B'], ['B', 'A', 'C', 'D'], ['D', 'A', 'B', 'C']]","{'A': 4, 'C': 4, 'D': 4, 'B': 3}","[1.0, 1.0, 0.75]",3.96
95,"[3, 4, 5]","[4, 4, 3]","[0.79, 0.88, 0.58]","[['C', 'A', 'D', 'B'], ['B', 'A', 'C', 'D'], ['D', 'B', 'A', 'C']]","{'A': 4, 'C': 4, 'D': 4, 'B': 3}","[1.0, 1.0, 0.75]",3.96
95,"[3, 4, 5]","[4, 4, 3]","[0.79, 0.88, 0.58]","[['C', 'A', 'D', 'B'], ['B', 'A', 'D', 'C'], ['A', 'B', 'C', 'D']]","{'A': 4, 'C': 4, 'D': 4, 'B': 3}","[1.0, 1.0, 0.75]",3.96
95,"[3, 4, 5]","[4, 4, 3]","[0.79, 0.88, 0.58]","[['C', 'A', 'D', 'B'], ['B', 'A', 'D', 'C'], ['A', 'C', 'B', 'D']]","{'A': 4, 'C': 4, 'D': 4, 'B': 3}","[1.0, 1.0, 0.75]",3.96
95,"[3, 4, 5]","[4, 4, 3]","[0.79, 0.88, 0.58]","[['C', 'A', 'D', 'B'], ['B', 'A', 'D', 'C'], ['B', 'A', 'C', 'D']]","{'A': 4, 'C': 4, 'D': 4, 'B': 3}","[1.0, 1.0, 0.75]",3.96
95,"[3, 4, 5]","[4, 4, 3]","[0.79, 0.88, 0.58]","[['C', 'A', 'D', 'B'], ['B', 'A', 'D', 'C'], ['B', 'C', 'A', 'D']]","{'A': 4, 'C': 4, 'D': 4, 'B': 3}","[1.0, 1.0, 0.75]",3.96
95,"[3, 4, 5]","[4, 4, 3]","[0.79, 0.88, 0.58]","[['C', 'A', 'D', 'B'], ['B', 'A', 'D', 'C'], ['C', 'A', 'B', 'D']]","{'A': 4, 'C': 4, 'D': 4, 'B': 3}","[1.0, 1.0, 0.75]",3.96
95,"[3, 4, 5]","[4, 4, 3]","[0.79, 0.88, 0.58]","[['C', 'A', 'D', 'B'], ['B', 'A', 'D', 'C'], ['C', 'B', 'A', 'D']]","{'A': 4, 'C': 4, 'D': 4, 'B': 3}","[1.0, 1.0, 0.75]",3.96
95,"[3, 4, 5]","[4, 4, 3]","[0.79, 0.88, 0.58]","[['C', 'A', 'D', 'B'], ['B', 'C', 'A', 'D'], ['A', 'B', 'D', 'C']]","{'A': 4, 'C': 4, 'D': 4, 'B': 3}","[1.0, 1.0, 0.75]",3.96
95,"[3, 4, 5]","[4, 4, 3]","[0.79, 0.88, 0.58]","[['C', 'A', 'D', 'B'], ['B', 'C', 'A', 'D'], ['A', 'D', 'B', 'C']]","{'A': 4, 'C': 4, 'D': 4, 'B': 3}","[1.0, 1.0, 0.75]",3.96
95,"[3, 4, 5]","[4, 4, 3]","[0.79, 0.88, 0.58]","[['C', 'A', 'D', 'B'], ['B', 'C', 'A', 'D'], ['B', 'A', 'D', 'C']]","{'A': 4, 'C': 4, 'D': 4, 'B': 3}","[1.0, 1.0, 0.75]",3.96
95,"[3, 4, 5]","[4, 4, 3]","[0.79, 0.88, 0.58]","[['C', 'A', 'D', 'B'], ['B', 'C', 'A', 'D'], ['B', 'D', 'A', 'C']]","{'A': 4, 'C': 4, 'D': 4, 'B': 3}","[1.0, 1.0, 0.75]",3.96
95,"[3, 4, 5]","[4, 4, 3]","[0.79, 0.88, 0.58]","[['C', 'A', 'D', 'B'], ['B', 'C', 'A', 'D'], ['D', 'A', 'B', 'C']]","{'A': 4, 'C': 4, 'D': 4, 'B': 3}","[1.0, 1.0, 0.75]",3.96
95,"[3, 4, 5]","[4, 4, 3]","[0.79, 0.88, 0.58]","[['C', 'A', 'D', 'B'], ['B', 'C', 'A', 'D'], ['D', 'B', 'A', 'C']]","{'A': 4, 'C': 4, 'D': 4, 'B': 3}","[1.0, 1.0, 0.75]",3.96
95,"[3, 4, 5]","[4, 4, 3]","[0.79, 0.88, 0.58]","[['C', 'A', 'D', 'B'], ['B', 'D', 'A', 'C'], ['A', 'B', 'C', 'D']]","{'A': 4, 'C': 4, 'D': 4, 'B': 3}","[1.0, 1.0, 0.75]",3.96
95,"[3, 4, 5]","[4, 4, 3]","[0.79, 0.88, 0.58]","[['C', 'A', 'D', 'B'], ['B', 'D', 'A', 'C'], ['A', 'C', 'B', 'D']]","{'A': 4, 'C': 4, 'D': 4, 'B': 3}","[1.0, 1.0, 0.75]",3.96
95,"[3, 4, 5]","[4, 4, 3]","[0.79, 0.88, 0.58]","[['C', 'A', 'D', 'B'], ['B', 'D', 'A', 'C'], ['B', 'A', 'C', 'D']]","{'A': 4, 'C': 4, 'D': 4, 'B': 3}","[1.0, 1.0, 0.75]",3.96
95,"[3, 4, 5]","[4, 4, 3]","[0.79, 0.88, 0.58]","[['C', 'A', 'D', 'B'], ['B', 'D', 'A', 'C'], ['B', 'C', 'A', 'D']]","{'A': 4, 'C': 4, 'D': 4, 'B': 3}","[1.0, 1.0, 0.75]",3.96
95,"[3, 4, 5]","[4, 4, 3]","[0.79, 0.88, 0.58]","[['C', 'A', 'D', 'B'], ['B', 'D', 'A', 'C'], ['C', 'A', 'B', 'D']]","{'A': 4, 'C': 4, 'D': 4, 'B': 3}","[1.0, 1.0, 0.75]",3.96
95,"[3, 4, 5]","[4, 4, 3]","[0.79, 0.88, 0.58]","[['C', 'A', 'D', 'B'], ['B', 'D', 'A', 'C'], ['C', 'B', 'A', 'D']]","{'A': 4, 'C': 4, 'D': 4, 'B': 3}","[1.0, 1.0, 0.75]",3.96
95,"[3, 4, 5]","[4, 4, 3]","[0.79, 0.88, 0.58]","[['C', 'A', 'D', 'B'], ['C', 'A', 'B', 'D'], ['A', 'B', 'D', 'C']]","{'A': 4, 'C': 4, 'D': 4, 'B': 3}","[1.0, 1.0, 0.75]",3.96
95,"[3, 4, 5]","[4, 4, 3]","[0.79, 0.88, 0.58]","[['C', 'A', 'D', 'B'], ['C', 'A', 'B', 'D'], ['A', 'D', 'B', 'C']]","{'A': 4, 'C': 4, 'D': 4, 'B': 3}","[1.0, 1.0, 0.75]",3.96
95,"[3, 4, 5]","[4, 4, 3]","[0.79, 0.88, 0.58]","[['C', 'A', 'D', 'B'], ['C', 'A', 'B', 'D'], ['B', 'A', 'D', 'C']]","{'A': 4, 'C': 4, 'D': 4, 'B': 3}","[1.0, 1.0, 0.75]",3.96
95,"[3, 4, 5]","[4, 4, 3]","[0.79, 0.88, 0.58]","[['C', 'A', 'D', 'B'], ['C', 'A', 'B', 'D'], ['B', 'D', 'A', 'C']]","{'A': 4, 'C': 4, 'D': 4, 'B': 3}","[1.0, 1.0, 0.75]",3.96
95,"[3, 4, 5]","[4, 4, 3]","[0.79, 0.88, 0.58]","[['C', 'A', 'D', 'B'], ['C', 'A', 'B', 'D'], ['D', 'A', 'B', 'C']]","{'A': 4, 'C': 4, 'D': 4, 'B': 3}","[1.0, 1.0, 0.75]",3.96
95,"[3, 4, 5]","[4, 4, 3]","[0.79, 0.88, 0.58]","[['C', 'A', 'D', 'B'], ['C', 'A', 'B', 'D'], ['D', 'B', 'A', 'C']]","{'A': 4, 'C': 4, 'D': 4, 'B': 3}","[1.0, 1.0, 0.75]",3.96
95,"[3, 4, 5]","[4, 4, 3]","[0.79, 0.88, 0.58]","[['C', 'A', 'D', 'B'], ['C', 'B', 'A', 'D'], ['A', 'B', 'D', 'C']]","{'A': 4, 'C': 4, 'D': 4, 'B': 3}","[1.0, 1.0, 0.75]",3.96
95,"[3, 4, 5]","[4, 4, 3]","[0.79, 0.88, 0.58]","[['C', 'A', 'D', 'B'], ['C', 'B', 'A', 'D'], ['A', 'D', 'B', 'C']]","{'A': 4, 'C': 4, 'D': 4, 'B': 3}","[1.0, 1.0, 0.75]",3.96
95,"[3, 4, 5]","[4, 4, 3]","[0.79, 0.88, 0.58]","[['C', 'A', 'D', 'B'], ['C', 'B', 'A', 'D'], ['B', 'A', 'D', 'C']]","{'A': 4, 'C': 4, 'D': 4, 'B': 3}","[1.0, 1.0, 0.75]",3.96
95,"[3, 4, 5]","[4, 4, 3]","[0.79, 0.88, 0.58]","[['C', 'A', 'D', 'B'], ['C', 'B', 'A', 'D'], ['B', 'D', 'A', 'C']]","{'A': 4, 'C': 4, 'D': 4, 'B': 3}","[1.0, 1.0, 0.75]",3.96
95,"[3, 4, 5]","[4, 4, 3]","[0.79, 0.88, 0.58]","[['C', 'A', 'D', 'B'], ['C', 'B', 'A', 'D'], ['D', 'A', 'B', 'C']]","{'A': 4, 'C': 4, 'D': 4, 'B': 3}","[1.0, 1.0, 0.75]",3.96
95,"[3, 4, 5]","[4, 4, 3]","[0.79, 0.88, 0.58]","[['C', 'A', 'D', 'B'], ['C', 'B', 'A', 'D'], ['D', 'B', 'A', 'C']]","{'A': 4, 'C': 4, 'D': 4, 'B': 3}","[1.0, 1.0, 0.75]",3.96
95,"[3, 4, 5]","[4, 4, 3]","[0.79, 0.88, 0.58]","[['C', 'A', 'D', 'B'], ['D', 'A', 'B', 'C'], ['A', 'B', 'C', 'D']]","{'A': 4, 'C': 4, 'D': 4, 'B': 3}","[1.0, 1.0, 0.75]",3.96
95,"[3, 4, 5]","[4, 4, 3]","[0.79, 0.88, 0.58]","[['C', 'A', 'D', 'B'], ['D', 'A', 'B', 'C'], ['A', 'C', 'B', 'D']]","{'A': 4, 'C': 4, 'D': 4, 'B': 3}","[1.0, 1.0, 0.75]",3.96
95,"[3, 4, 5]","[4, 4, 3]","[0.79, 0.88, 0.58]","[['C', 'A', 'D', 'B'], ['D', 'A', 'B', 'C'], ['B', 'A', 'C', 'D']]","{'A': 4, 'C': 4, 'D': 4, 'B': 3}","[1.0, 1.0, 0.75]",3.96
95,"[3, 4, 5]","[4, 4, 3]","[0.79, 0.88, 0.58]","[['C', 'A', 'D', 'B'], ['D', 'A', 'B', 'C'], ['B', 'C', 'A', 'D']]","{'A': 4, 'C': 4, 'D': 4, 'B': 3}","[1.0, 1.0, 0.75]",3.96
95,"[3, 4, 5]","[4, 4, 3]","[0.79, 0.88, 0.58]","[['C', 'A', 'D', 'B'], ['D', 'A', 'B', 'C'], ['C', 'A', 'B', 'D']]","{'A': 4, 'C': 4, 'D': 4, 'B': 3}","[1.0, 1.0, 0.75]",3.96
95,"[3, 4, 5]","[4, 4, 3]","[0.79, 0.88, 0.58]","[['C', 'A', 'D', 'B'], ['D', 'A', 'B', 'C'], ['C', 'B', 'A', 'D']]","{'A': 4, 'C': 4, 'D': 4, 'B': 3}","[1.0, 1.0, 0.75]",3.96
95,"[3, 4, 5]","[4, 4, 3]","[0.79, 0.88, 0.58]","[['C', 'A', 'D', 'B'], ['D', 'B', 'A', 'C'], ['A', 'B', 'C', 'D']]","{'A': 4, 'C': 4, 'D': 4, 'B': 3}","[1.0, 1.0, 0.75]",3.96
95,"[3, 4, 5]","[4, 4, 3]","[0.79, 0.88, 0.58]","[['C', 'A', 'D', 'B'], ['D', 'B', 'A', 'C'], ['A', 'C', 'B', 'D']]","{'A': 4, 'C': 4, 'D': 4, 'B': 3}","[1.0, 1.0, 0.75]",3.96
95,"[3, 4, 5]","[4, 4, 3]","[0.79, 0.88, 0.58]","[['C', 'A', 'D', 'B'], ['D', 'B', 'A', 'C'], ['B', 'A', 'C', 'D']]","{'A': 4, 'C': 4, 'D': 4, 'B': 3}","[1.0, 1.0, 0.75]",3.96
95,"[3, 4, 5]","[4, 4, 3]","[0.79, 0.88, 0.58]","[['C', 'A', 'D', 'B'], ['D', 'B', 'A', 'C'], ['B', 'C', 'A', 'D']]","{'A': 4, 'C': 4, 'D': 4, 'B': 3}","[1.0, 1.0, 0.75]",3.96
95,"[3, 4, 5]","[4, 4, 3]","[0.79, 0.88, 0.58]","[['C', 'A', 'D', 'B'], ['D', 'B', 'A', 'C'], ['C', 'A', 'B', 'D']]","{'A': 4, 'C': 4, 'D': 4, 'B': 3}","[1.0, 1.0, 0.75]",3.96
95,"[3, 4, 5]","[4, 4, 3]","[0.79, 0.88, 0.58]","[['C', 'A', 'D', 'B'], ['D', 'B', 'A', 'C'], ['C', 'B', 'A', 'D']]","{'A': 4, 'C': 4, 'D': 4, 'B': 3}","[1.0, 1.0, 0.75]",3.96
95,"[3, 4, 5]","[4, 4, 3]","[0.79, 0.88, 0.58]","[['C', 'B', 'A', 'D'], ['A', 'B', 'D', 'C'], ['A', 'C', 'D', 'B']]","{'A': 4, 'C': 4, 'D': 4, 'B': 3}","[1.0, 1.0, 0.75]",3.96
95,"[3, 4, 5]","[4, 4, 3]","[0.79, 0.88, 0.58]","[['C', 'B', 'A', 'D'], ['A', 'B', 'D', 'C'], ['A', 'D', 'C', 'B']]","{'A': 4, 'C': 4, 'D': 4, 'B': 3}","[1.0, 1.0, 0.75]",3.96
95,"[3, 4, 5]","[4, 4, 3]","[0.79, 0.88, 0.58]","[['C', 'B', 'A', 'D'], ['A', 'B', 'D', 'C'], ['C', 'A', 'D', 'B']]","{'A': 4, 'C': 4, 'D': 4, 'B': 3}","[1.0, 1.0, 0.75]",3.96
95,"[3, 4, 5]","[4, 4, 3]","[0.79, 0.88, 0.58]","[['C', 'B', 'A', 'D'], ['A', 'B', 'D', 'C'], ['C', 'D', 'A', 'B']]","{'A': 4, 'C': 4, 'D': 4, 'B': 3}","[1.0, 1.0, 0.75]",3.96
95,"[3, 4, 5]","[4, 4, 3]","[0.79, 0.88, 0.58]","[['C', 'B', 'A', 'D'], ['A', 'B', 'D', 'C'], ['D', 'A', 'C', 'B']]","{'A': 4, 'C': 4, 'D': 4, 'B': 3}","[1.0, 1.0, 0.75]",3.96
95,"[3, 4, 5]","[4, 4, 3]","[0.79, 0.88, 0.58]","[['C', 'B', 'A', 'D'], ['A', 'B', 'D', 'C'], ['D', 'C', 'A', 'B']]","{'A': 4, 'C': 4, 'D': 4, 'B': 3}","[1.0, 1.0, 0.75]",3.96
95,"[3, 4, 5]","[4, 4, 3]","[0.79, 0.88, 0.58]","[['C', 'B', 'A', 'D'], ['A', 'C', 'D', 'B'], ['A', 'B', 'D', 'C']]","{'A': 4, 'C': 4, 'D': 4, 'B': 3}","[1.0, 1.0, 0.75]",3.96
95,"[3, 4, 5]","[4, 4, 3]","[0.79, 0.88, 0.58]","[['C', 'B', 'A', 'D'], ['A', 'C', 'D', 'B'], ['A', 'D', 'B', 'C']]","{'A': 4, 'C': 4, 'D': 4, 'B': 3}","[1.0, 1.0, 0.75]",3.96
95,"[3, 4, 5]","[4, 4, 3]","[0.79, 0.88, 0.58]","[['C', 'B', 'A', 'D'], ['A', 'C', 'D', 'B'], ['B', 'A', 'D', 'C']]","{'A': 4, 'C': 4, 'D': 4, 'B': 3}","[1.0, 1.0, 0.75]",3.96
95,"[3, 4, 5]","[4, 4, 3]","[0.79, 0.88, 0.58]","[['C', 'B', 'A', 'D'], ['A', 'C', 'D', 'B'], ['B', 'D', 'A', 'C']]","{'A': 4, 'C': 4, 'D': 4, 'B': 3}","[1.0, 1.0, 0.75]",3.96
95,"[3, 4, 5]","[4, 4, 3]","[0.79, 0.88, 0.58]","[['C', 'B', 'A', 'D'], ['A', 'C', 'D', 'B'], ['D', 'A', 'B', 'C']]","{'A': 4, 'C': 4, 'D': 4, 'B': 3}","[1.0, 1.0, 0.75]",3.96
95,"[3, 4, 5]","[4, 4, 3]","[0.79, 0.88, 0.58]","[['C', 'B', 'A', 'D'], ['A', 'C', 'D', 'B'], ['D', 'B', 'A', 'C']]","{'A': 4, 'C': 4, 'D': 4, 'B': 3}","[1.0, 1.0, 0.75]",3.96
95,"[3, 4, 5]","[4, 4, 3]","[0.79, 0.88, 0.58]","[['C', 'B', 'A', 'D'], ['A', 'D', 'B', 'C'], ['A', 'C', 'D', 'B']]","{'A': 4, 'C': 4, 'D': 4, 'B': 3}","[1.0, 1.0, 0.75]",3.96
95,"[3, 4, 5]","[4, 4, 3]","[0.79, 0.88, 0.58]","[['C', 'B', 'A', 'D'], ['A', 'D', 'B', 'C'], ['A', 'D', 'C', 'B']]","{'A': 4, 'C': 4, 'D': 4, 'B': 3}","[1.0, 1.0, 0.75]",3.96
95,"[3, 4, 5]","[4, 4, 3]","[0.79, 0.88, 0.58]","[['C', 'B', 'A', 'D'], ['A', 'D', 'B', 'C'], ['C', 'A', 'D', 'B']]","{'A': 4, 'C': 4, 'D': 4, 'B': 3}","[1.0, 1.0, 0.75]",3.96
95,"[3, 4, 5]","[4, 4, 3]","[0.79, 0.88, 0.58]","[['C', 'B', 'A', 'D'], ['A', 'D', 'B', 'C'], ['C', 'D', 'A', 'B']]","{'A': 4, 'C': 4, 'D': 4, 'B': 3}","[1.0, 1.0, 0.75]",3.96
95,"[3, 4, 5]","[4, 4, 3]","[0.79, 0.88, 0.58]","[['C', 'B', 'A', 'D'], ['A', 'D', 'B', 'C'], ['D', 'A', 'C', 'B']]","{'A': 4, 'C': 4, 'D': 4, 'B': 3}","[1.0, 1.0, 0.75]",3.96
95,"[3, 4, 5]","[4, 4, 3]","[0.79, 0.88, 0.58]","[['C', 'B', 'A', 'D'], ['A', 'D', 'B', 'C'], ['D', 'C', 'A', 'B']]","{'A': 4, 'C': 4, 'D': 4, 'B': 3}","[1.0, 1.0, 0.75]",3.96
95,"[3, 4, 5]","[4, 4, 3]","[0.79, 0.88, 0.58]","[['C', 'B', 'A', 'D'], ['A', 'D', 'C', 'B'], ['A', 'B', 'D', 'C']]","{'A': 4, 'C': 4, 'D': 4, 'B': 3}","[1.0, 1.0, 0.75]",3.96
95,"[3, 4, 5]","[4, 4, 3]","[0.79, 0.88, 0.58]","[['C', 'B', 'A', 'D'], ['A', 'D', 'C', 'B'], ['A', 'D', 'B', 'C']]","{'A': 4, 'C': 4, 'D': 4, 'B': 3}","[1.0, 1.0, 0.75]",3.96
95,"[3, 4, 5]","[4, 4, 3]","[0.79, 0.88, 0.58]","[['C', 'B', 'A', 'D'], ['A', 'D', 'C', 'B'], ['B', 'A', 'D', 'C']]","{'A': 4, 'C': 4, 'D': 4, 'B': 3}","[1.0, 1.0, 0.75]",3.96
95,"[3, 4, 5]","[4, 4, 3]","[0.79, 0.88, 0.58]","[['C', 'B', 'A', 'D'], ['A', 'D', 'C', 'B'], ['B', 'D', 'A', 'C']]","{'A': 4, 'C': 4, 'D': 4, 'B': 3}","[1.0, 1.0, 0.75]",3.96
95,"[3, 4, 5]","[4, 4, 3]","[0.79, 0.88, 0.58]","[['C', 'B', 'A', 'D'], ['A', 'D', 'C', 'B'], ['D', 'A', 'B', 'C']]","{'A': 4, 'C': 4, 'D': 4, 'B': 3}","[1.0, 1.0, 0.75]",3.96
95,"[3, 4, 5]","[4, 4, 3]","[0.79, 0.88, 0.58]","[['C', 'B', 'A', 'D'], ['A', 'D', 'C', 'B'], ['D', 'B', 'A', 'C']]","{'A': 4, 'C': 4, 'D': 4, 'B': 3}","[1.0, 1.0, 0.75]",3.96
95,"[3, 4, 5]","[4, 4, 3]","[0.79, 0.88, 0.58]","[['C', 'B', 'A', 'D'], ['B', 'A', 'D', 'C'], ['A', 'C', 'D', 'B']]","{'A': 4, 'C': 4, 'D': 4, 'B': 3}","[1.0, 1.0, 0.75]",3.96
95,"[3, 4, 5]","[4, 4, 3]","[0.79, 0.88, 0.58]","[['C', 'B', 'A', 'D'], ['B', 'A', 'D', 'C'], ['A', 'D', 'C', 'B']]","{'A': 4, 'C': 4, 'D': 4, 'B': 3}","[1.0, 1.0, 0.75]",3.96
95,"[3, 4, 5]","[4, 4, 3]","[0.79, 0.88, 0.58]","[['C', 'B', 'A', 'D'], ['B', 'A', 'D', 'C'], ['C', 'A', 'D', 'B']]","{'A': 4, 'C': 4, 'D': 4, 'B': 3}","[1.0, 1.0, 0.75]",3.96
95,"[3, 4, 5]","[4, 4, 3]","[0.79, 0.88, 0.58]","[['C', 'B', 'A', 'D'], ['B', 'A', 'D', 'C'], ['C', 'D', 'A', 'B']]","{'A': 4, 'C': 4, 'D': 4, 'B': 3}","[1.0, 1.0, 0.75]",3.96
95,"[3, 4, 5]","[4, 4, 3]","[0.79, 0.88, 0.58]","[['C', 'B', 'A', 'D'], ['B', 'A', 'D', 'C'], ['D', 'A', 'C', 'B']]","{'A': 4, 'C': 4, 'D': 4, 'B': 3}","[1.0, 1.0, 0.75]",3.96
95,"[3, 4, 5]","[4, 4, 3]","[0.79, 0.88, 0.58]","[['C', 'B', 'A', 'D'], ['B', 'A', 'D', 'C'], ['D', 'C', 'A', 'B']]","{'A': 4, 'C': 4, 'D': 4, 'B': 3}","[1.0, 1.0, 0.75]",3.96
95,"[3, 4, 5]","[4, 4, 3]","[0.79, 0.88, 0.58]","[['C', 'B', 'A', 'D'], ['B', 'D', 'A', 'C'], ['A', 'C', 'D', 'B']]","{'A': 4, 'C': 4, 'D': 4, 'B': 3}","[1.0, 1.0, 0.75]",3.96
95,"[3, 4, 5]","[4, 4, 3]","[0.79, 0.88, 0.58]","[['C', 'B', 'A', 'D'], ['B', 'D', 'A', 'C'], ['A', 'D', 'C', 'B']]","{'A': 4, 'C': 4, 'D': 4, 'B': 3}","[1.0, 1.0, 0.75]",3.96
95,"[3, 4, 5]","[4, 4, 3]","[0.79, 0.88, 0.58]","[['C', 'B', 'A', 'D'], ['B', 'D', 'A', 'C'], ['C', 'A', 'D', 'B']]","{'A': 4, 'C': 4, 'D': 4, 'B': 3}","[1.0, 1.0, 0.75]",3.96
95,"[3, 4, 5]","[4, 4, 3]","[0.79, 0.88, 0.58]","[['C', 'B', 'A', 'D'], ['B', 'D', 'A', 'C'], ['C', 'D', 'A', 'B']]","{'A': 4, 'C': 4, 'D': 4, 'B': 3}","[1.0, 1.0, 0.75]",3.96
95,"[3, 4, 5]","[4, 4, 3]","[0.79, 0.88, 0.58]","[['C', 'B', 'A', 'D'], ['B', 'D', 'A', 'C'], ['D', 'A', 'C', 'B']]","{'A': 4, 'C': 4, 'D': 4, 'B': 3}","[1.0, 1.0, 0.75]",3.96
95,"[3, 4, 5]","[4, 4, 3]","[0.79, 0.88, 0.58]","[['C', 'B', 'A', 'D'], ['B', 'D', 'A', 'C'], ['D', 'C', 'A', 'B']]","{'A': 4, 'C': 4, 'D': 4, 'B': 3}","[1.0, 1.0, 0.75]",3.96
95,"[3, 4, 5]","[4, 4, 3]","[0.79, 0.88, 0.58]","[['C', 'B', 'A', 'D'], ['C', 'A', 'D', 'B'], ['A', 'B', 'D', 'C']]","{'A': 4, 'C': 4, 'D': 4, 'B': 3}","[1.0, 1.0, 0.75]",3.96
95,"[3, 4, 5]","[4, 4, 3]","[0.79, 0.88, 0.58]","[['C', 'B', 'A', 'D'], ['C', 'A', 'D', 'B'], ['A', 'D', 'B', 'C']]","{'A': 4, 'C': 4, 'D': 4, 'B': 3}","[1.0, 1.0, 0.75]",3.96
95,"[3, 4, 5]","[4, 4, 3]","[0.79, 0.88, 0.58]","[['C', 'B', 'A', 'D'], ['C', 'A', 'D', 'B'], ['B', 'A', 'D', 'C']]","{'A': 4, 'C': 4, 'D': 4, 'B': 3}","[1.0, 1.0, 0.75]",3.96
95,"[3, 4, 5]","[4, 4, 3]","[0.79, 0.88, 0.58]","[['C', 'B', 'A', 'D'], ['C', 'A', 'D', 'B'], ['B', 'D', 'A', 'C']]","{'A': 4, 'C': 4, 'D': 4, 'B': 3}","[1.0, 1.0, 0.75]",3.96
95,"[3, 4, 5]","[4, 4, 3]","[0.79, 0.88, 0.58]","[['C', 'B', 'A', 'D'], ['C', 'A', 'D', 'B'], ['D', 'A', 'B', 'C']]","{'A': 4, 'C': 4, 'D': 4, 'B': 3}","[1.0, 1.0, 0.75]",3.96
95,"[3, 4, 5]","[4, 4, 3]","[0.79, 0.88, 0.58]","[['C', 'B', 'A', 'D'], ['C', 'A', 'D', 'B'], ['D', 'B', 'A', 'C']]","{'A': 4, 'C': 4, 'D': 4, 'B': 3}","[1.0, 1.0, 0.75]",3.96
95,"[3, 4, 5]","[4, 4, 3]","[0.79, 0.88, 0.58]","[['C', 'B', 'A', 'D'], ['C', 'D', 'A', 'B'], ['A', 'B', 'D', 'C']]","{'A': 4, 'C': 4, 'D': 4, 'B': 3}","[1.0, 1.0, 0.75]",3.96
95,"[3, 4, 5]","[4, 4, 3]","[0.79, 0.88, 0.58]","[['C', 'B', 'A', 'D'], ['C', 'D', 'A', 'B'], ['A', 'D', 'B', 'C']]","{'A': 4, 'C': 4, 'D': 4, 'B': 3}","[1.0, 1.0, 0.75]",3.96
95,"[3, 4, 5]","[4, 4, 3]","[0.79, 0.88, 0.58]","[['C', 'B', 'A', 'D'], ['C', 'D', 'A', 'B'], ['B', 'A', 'D', 'C']]","{'A': 4, 'C': 4, 'D': 4, 'B': 3}","[1.0, 1.0, 0.75]",3.96
95,"[3, 4, 5]","[4, 4, 3]","[0.79, 0.88, 0.58]","[['C', 'B', 'A', 'D'], ['C', 'D', 'A', 'B'], ['B', 'D', 'A', 'C']]","{'A': 4, 'C': 4, 'D': 4, 'B': 3}","[1.0, 1.0, 0.75]",3.96
95,"[3, 4, 5]","[4, 4, 3]","[0.79, 0.88, 0.58]","[['C', 'B', 'A', 'D'], ['C', 'D', 'A', 'B'], ['D', 'A', 'B', 'C']]","{'A': 4, 'C': 4, 'D': 4, 'B': 3}","[1.0, 1.0, 0.75]",3.96
95,"[3, 4, 5]","[4, 4, 3]","[0.79, 0.88, 0.58]","[['C', 'B', 'A', 'D'], ['C', 'D', 'A', 'B'], ['D', 'B', 'A', 'C']]","{'A': 4, 'C': 4, 'D': 4, 'B': 3}","[1.0, 1.0, 0.75]",3.96
95,"[3, 4, 5]","[4, 4, 3]","[0.79, 0.88, 0.58]","[['C', 'B', 'A', 'D'], ['D', 'A', 'B', 'C'], ['A', 'C', 'D', 'B']]","{'A': 4, 'C': 4, 'D': 4, 'B': 3}","[1.0, 1.0, 0.75]",3.96
95,"[3, 4, 5]","[4, 4, 3]","[0.79, 0.88, 0.58]","[['C', 'B', 'A', 'D'], ['D', 'A', 'B', 'C'], ['A', 'D', 'C', 'B']]","{'A': 4, 'C': 4, 'D': 4, 'B': 3}","[1.0, 1.0, 0.75]",3.96
95,"[3, 4, 5]","[4, 4, 3]","[0.79, 0.88, 0.58]","[['C', 'B', 'A', 'D'], ['D', 'A', 'B', 'C'], ['C', 'A', 'D', 'B']]","{'A': 4, 'C': 4, 'D': 4, 'B': 3}","[1.0, 1.0, 0.75]",3.96
95,"[3, 4, 5]","[4, 4, 3]","[0.79, 0.88, 0.58]","[['C', 'B', 'A', 'D'], ['D', 'A', 'B', 'C'], ['C', 'D', 'A', 'B']]","{'A': 4, 'C': 4, 'D': 4, 'B': 3}","[1.0, 1.0, 0.75]",3.96
95,"[3, 4, 5]","[4, 4, 3]","[0.79, 0.88, 0.58]","[['C', 'B', 'A', 'D'], ['D', 'A', 'B', 'C'], ['D', 'A', 'C', 'B']]","{'A': 4, 'C': 4, 'D': 4, 'B': 3}","[1.0, 1.0, 0.75]",3.96
95,"[3, 4, 5]","[4, 4, 3]","[0.79, 0.88, 0.58]","[['C', 'B', 'A', 'D'], ['D', 'A', 'B', 'C'], ['D', 'C', 'A', 'B']]","{'A': 4, 'C': 4, 'D': 4, 'B': 3}","[1.0, 1.0, 0.75]",3.96
95,"[3, 4, 5]","[4, 4, 3]","[0.79, 0.88, 0.58]","[['C', 'B', 'A', 'D'], ['D', 'A', 'C', 'B'], ['A', 'B', 'D', 'C']]","{'A': 4, 'C': 4, 'D': 4, 'B': 3}","[1.0, 1.0, 0.75]",3.96
95,"[3, 4, 5]","[4, 4, 3]","[0.79, 0.88, 0.58]","[['C', 'B', 'A', 'D'], ['D', 'A', 'C', 'B'], ['A', 'D', 'B', 'C']]","{'A': 4, 'C': 4, 'D': 4, 'B': 3}","[1.0, 1.0, 0.75]",3.96
95,"[3, 4, 5]","[4, 4, 3]","[0.79, 0.88, 0.58]","[['C', 'B', 'A', 'D'], ['D', 'A', 'C', 'B'], ['B', 'A', 'D', 'C']]","{'A': 4, 'C': 4, 'D': 4, 'B': 3}","[1.0, 1.0, 0.75]",3.96
95,"[3, 4, 5]","[4, 4, 3]","[0.79, 0.88, 0.58]","[['C', 'B', 'A', 'D'], ['D', 'A', 'C', 'B'], ['B', 'D', 'A', 'C']]","{'A': 4, 'C': 4, 'D': 4, 'B': 3}","[1.0, 1.0, 0.75]",3.96
95,"[3, 4, 5]","[4, 4, 3]","[0.79, 0.88, 0.58]","[['C', 'B', 'A', 'D'], ['D', 'A', 'C', 'B'], ['D', 'A', 'B', 'C']]","{'A': 4, 'C': 4, 'D': 4, 'B': 3}","[1.0, 1.0, 0.75]",3.96
95,"[3, 4, 5]","[4, 4, 3]","[0.79, 0.88, 0.58]","[['C', 'B', 'A', 'D'], ['D', 'A', 'C', 'B'], ['D', 'B', 'A', 'C']]","{'A': 4, 'C': 4, 'D': 4, 'B': 3}","[1.0, 1.0, 0.75]",3.96
95,"[3, 4, 5]","[4, 4, 3]","[0.79, 0.88, 0.58]","[['C', 'B', 'A', 'D'], ['D', 'B', 'A', 'C'], ['A', 'C', 'D', 'B']]","{'A': 4, 'C': 4, 'D': 4, 'B': 3}","[1.0, 1.0, 0.75]",3.96
95,"[3, 4, 5]","[4, 4, 3]","[0.79, 0.88, 0.58]","[['C', 'B', 'A', 'D'], ['D', 'B', 'A', 'C'], ['A', 'D', 'C', 'B']]","{'A': 4, 'C': 4, 'D': 4, 'B': 3}","[1.0, 1.0, 0.75]",3.96
95,"[3, 4, 5]","[4, 4, 3]","[0.79, 0.88, 0.58]","[['C', 'B', 'A', 'D'], ['D', 'B', 'A', 'C'], ['C', 'A', 'D', 'B']]","{'A': 4, 'C': 4, 'D': 4, 'B': 3}","[1.0, 1.0, 0.75]",3.96
95,"[3, 4, 5]","[4, 4, 3]","[0.79, 0.88, 0.58]","[['C', 'B', 'A', 'D'], ['D', 'B', 'A', 'C'], ['C', 'D', 'A', 'B']]","{'A': 4, 'C': 4, 'D': 4, 'B': 3}","[1.0, 1.0, 0.75]",3.96
95,"[3, 4, 5]","[4, 4, 3]","[0.79, 0.88, 0.58]","[['C', 'B', 'A', 'D'], ['D', 'B', 'A', 'C'], ['D', 'A', 'C', 'B']]","{'A': 4, 'C': 4, 'D': 4, 'B': 3}","[1.0, 1.0, 0.75]",3.96
95,"[3, 4, 5]","[4, 4, 3]","[0.79, 0.88, 0.58]","[['C', 'B', 'A', 'D'], ['D', 'B', 'A', 'C'], ['D', 'C', 'A', 'B']]","{'A': 4, 'C': 4, 'D': 4, 'B': 3}","[1.0, 1.0, 0.75]",3.96
95,"[3, 4, 5]","[4, 4, 3]","[0.79, 0.88, 0.58]","[['C', 'B', 'A', 'D'], ['D', 'C', 'A', 'B'], ['A', 'B', 'D', 'C']]","{'A': 4, 'C': 4, 'D': 4, 'B': 3}","[1.0, 1.0, 0.75]",3.96
95,"[3, 4, 5]","[4, 4, 3]","[0.79, 0.88, 0.58]","[['C', 'B', 'A', 'D'], ['D', 'C', 'A', 'B'], ['A', 'D', 'B', 'C']]","{'A': 4, 'C': 4, 'D': 4, 'B': 3}","[1.0, 1.0, 0.75]",3.96
95,"[3, 4, 5]","[4, 4, 3]","[0.79, 0.88, 0.58]","[['C', 'B', 'A', 'D'], ['D', 'C', 'A', 'B'], ['B', 'A', 'D', 'C']]","{'A': 4, 'C': 4, 'D': 4, 'B': 3}","[1.0, 1.0, 0.75]",3.96
95,"[3, 4, 5]","[4, 4, 3]","[0.79, 0.88, 0.58]","[['C', 'B', 'A', 'D'], ['D', 'C', 'A', 'B'], ['B', 'D', 'A', 'C']]","{'A': 4, 'C': 4, 'D': 4, 'B': 3}","[1.0, 1.0, 0.75]",3.96
95,"[3, 4, 5]","[4, 4, 3]","[0.79, 0.88, 0.58]","[['C', 'B', 'A', 'D'], ['D', 'C', 'A', 'B'], ['D', 'A', 'B', 'C']]","{'A': 4, 'C': 4, 'D': 4, 'B': 3}","[1.0, 1.0, 0.75]",3.96
95,"[3, 4, 5]","[4, 4, 3]","[0.79, 0.88, 0.58]","[['C', 'B', 'A', 'D'], ['D', 'C', 'A', 'B'], ['D', 'B', 'A', 'C']]","{'A': 4, 'C': 4, 'D': 4, 'B': 3}","[1.0, 1.0, 0.75]",3.96
95,"[3, 4, 5]","[4, 4, 3]","[0.79, 0.88, 0.58]","[['C', 'D', 'A', 'B'], ['A', 'B', 'C', 'D'], ['A', 'B', 'D', 'C']]","{'A': 4, 'C': 4, 'D': 4, 'B': 3}","[1.0, 1.0, 0.75]",3.96
95,"[3, 4, 5]","[4, 4, 3]","[0.79, 0.88, 0.58]","[['C', 'D', 'A', 'B'], ['A', 'B', 'C', 'D'], ['A', 'D', 'B', 'C']]","{'A': 4, 'C': 4, 'D': 4, 'B': 3}","[1.0, 1.0, 0.75]",3.96
95,"[3, 4, 5]","[4, 4, 3]","[0.79, 0.88, 0.58]","[['C', 'D', 'A', 'B'], ['A', 'B', 'C', 'D'], ['B', 'A', 'D', 'C']]","{'A': 4, 'C': 4, 'D': 4, 'B': 3}","[1.0, 1.0, 0.75]",3.96
95,"[3, 4, 5]","[4, 4, 3]","[0.79, 0.88, 0.58]","[['C', 'D', 'A', 'B'], ['A', 'B', 'C', 'D'], ['B', 'D', 'A', 'C']]","{'A': 4, 'C': 4, 'D': 4, 'B': 3}","[1.0, 1.0, 0.75]",3.96
95,"[3, 4, 5]","[4, 4, 3]","[0.79, 0.88, 0.58]","[['C', 'D', 'A', 'B'], ['A', 'B', 'C', 'D'], ['D', 'A', 'B', 'C']]","{'A': 4, 'C': 4, 'D': 4, 'B': 3}","[1.0, 1.0, 0.75]",3.96
95,"[3, 4, 5]","[4, 4, 3]","[0.79, 0.88, 0.58]","[['C', 'D', 'A', 'B'], ['A', 'B', 'C', 'D'], ['D', 'B', 'A', 'C']]","{'A': 4, 'C': 4, 'D': 4, 'B': 3}","[1.0, 1.0, 0.75]",3.96
95,"[3, 4, 5]","[4, 4, 3]","[0.79, 0.88, 0.58]","[['C', 'D', 'A', 'B'], ['A', 'B', 'D', 'C'], ['A', 'B', 'C', 'D']]","{'A': 4, 'C': 4, 'D': 4, 'B': 3}","[1.0, 1.0, 0.75]",3.96
95,"[3, 4, 5]","[4, 4, 3]","[0.79, 0.88, 0.58]","[['C', 'D', 'A', 'B'], ['A', 'B', 'D', 'C'], ['A', 'C', 'B', 'D']]","{'A': 4, 'C': 4, 'D': 4, 'B': 3}","[1.0, 1.0, 0.75]",3.96
95,"[3, 4, 5]","[4, 4, 3]","[0.79, 0.88, 0.58]","[['C', 'D', 'A', 'B'], ['A', 'B', 'D', 'C'], ['B', 'A', 'C', 'D']]","{'A': 4, 'C': 4, 'D': 4, 'B': 3}","[1.0, 1.0, 0.75]",3.96
95,"[3, 4, 5]","[4, 4, 3]","[0.79, 0.88, 0.58]","[['C', 'D', 'A', 'B'], ['A', 'B', 'D', 'C'], ['B', 'C', 'A', 'D']]","{'A': 4, 'C': 4, 'D': 4, 'B': 3}","[1.0, 1.0, 0.75]",3.96
95,"[3, 4, 5]","[4, 4, 3]","[0.79, 0.88, 0.58]","[['C', 'D', 'A', 'B'], ['A', 'B', 'D', 'C'], ['C', 'A', 'B', 'D']]","{'A': 4, 'C': 4, 'D': 4, 'B': 3}","[1.0, 1.0, 0.75]",3.96
95,"[3, 4, 5]","[4, 4, 3]","[0.79, 0.88, 0.58]","[['C', 'D', 'A', 'B'], ['A', 'B', 'D', 'C'], ['C', 'B', 'A', 'D']]","{'A': 4, 'C': 4, 'D': 4, 'B': 3}","[1.0, 1.0, 0.75]",3.96
95,"[3, 4, 5]","[4, 4, 3]","[0.79, 0.88, 0.58]","[['C', 'D', 'A', 'B'], ['A', 'C', 'B', 'D'], ['A', 'B', 'D', 'C']]","{'A': 4, 'C': 4, 'D': 4, 'B': 3}","[1.0, 1.0, 0.75]",3.96
95,"[3, 4, 5]","[4, 4, 3]","[0.79, 0.88, 0.58]","[['C', 'D', 'A', 'B'], ['A', 'C', 'B', 'D'], ['A', 'D', 'B', 'C']]","{'A': 4, 'C': 4, 'D': 4, 'B': 3}","[1.0, 1.0, 0.75]",3.96
95,"[3, 4, 5]","[4, 4, 3]","[0.79, 0.88, 0.58]","[['C', 'D', 'A', 'B'], ['A', 'C', 'B', 'D'], ['B', 'A', 'D', 'C']]","{'A': 4, 'C': 4, 'D': 4, 'B': 3}","[1.0, 1.0, 0.75]",3.96
95,"[3, 4, 5]","[4, 4, 3]","[0.79, 0.88, 0.58]","[['C', 'D', 'A', 'B'], ['A', 'C', 'B', 'D'], ['B', 'D', 'A', 'C']]","{'A': 4, 'C': 4, 'D': 4, 'B': 3}","[1.0, 1.0, 0.75]",3.96
95,"[3, 4, 5]","[4, 4, 3]","[0.79, 0.88, 0.58]","[['C', 'D', 'A', 'B'], ['A', 'C', 'B', 'D'], ['D', 'A', 'B', 'C']]","{'A': 4, 'C': 4, 'D': 4, 'B': 3}","[1.0, 1.0, 0.75]",3.96
95,"[3, 4, 5]","[4, 4, 3]","[0.79, 0.88, 0.58]","[['C', 'D', 'A', 'B'], ['A', 'C', 'B', 'D'], ['D', 'B', 'A', 'C']]","{'A': 4, 'C': 4, 'D': 4, 'B': 3}","[1.0, 1.0, 0.75]",3.96
95,"[3, 4, 5]","[4, 4, 3]","[0.79, 0.88, 0.58]","[['C', 'D', 'A', 'B'], ['A', 'D', 'B', 'C'], ['A', 'B', 'C', 'D']]","{'A': 4, 'C': 4, 'D': 4, 'B': 3}","[1.0, 1.0, 0.75]",3.96
95,"[3, 4, 5]","[4, 4, 3]","[0.79, 0.88, 0.58]","[['C', 'D', 'A', 'B'], ['A', 'D', 'B', 'C'], ['A', 'C', 'B', 'D']]","{'A': 4, 'C': 4, 'D': 4, 'B': 3}","[1.0, 1.0, 0.75]",3.96
95,"[3, 4, 5]","[4, 4, 3]","[0.79, 0.88, 0.58]","[['C', 'D', 'A', 'B'], ['A', 'D', 'B', 'C'], ['B', 'A', 'C', 'D']]","{'A': 4, 'C': 4, 'D': 4, 'B': 3}","[1.0, 1.0, 0.75]",3.96
95,"[3, 4, 5]","[4, 4, 3]","[0.79, 0.88, 0.58]","[['C', 'D', 'A', 'B'], ['A', 'D', 'B', 'C'], ['B', 'C', 'A', 'D']]","{'A': 4, 'C': 4, 'D': 4, 'B': 3}","[1.0, 1.0, 0.75]",3.96
95,"[3, 4, 5]","[4, 4, 3]","[0.79, 0.88, 0.58]","[['C', 'D', 'A', 'B'], ['A', 'D', 'B', 'C'], ['C', 'A', 'B', 'D']]","{'A': 4, 'C': 4, 'D': 4, 'B': 3}","[1.0, 1.0, 0.75]",3.96
95,"[3, 4, 5]","[4, 4, 3]","[0.79, 0.88, 0.58]","[['C', 'D', 'A', 'B'], ['A', 'D', 'B', 'C'], ['C', 'B', 'A', 'D']]","{'A': 4, 'C': 4, 'D': 4, 'B': 3}","[1.0, 1.0, 0.75]",3.96
95,"[3, 4, 5]","[4, 4, 3]","[0.79, 0.88, 0.58]","[['C', 'D', 'A', 'B'], ['B', 'A', 'C', 'D'], ['A', 'B', 'D', 'C']]","{'A': 4, 'C': 4, 'D': 4, 'B': 3}","[1.0, 1.0, 0.75]",3.96
95,"[3, 4, 5]","[4, 4, 3]","[0.79, 0.88, 0.58]","[['C', 'D', 'A', 'B'], ['B', 'A', 'C', 'D'], ['A', 'D', 'B', 'C']]","{'A': 4, 'C': 4, 'D': 4, 'B': 3}","[1.0, 1.0, 0.75]",3.96
95,"[3, 4, 5]","[4, 4, 3]","[0.79, 0.88, 0.58]","[['C', 'D', 'A', 'B'], ['B', 'A', 'C', 'D'], ['B', 'A', 'D', 'C']]","{'A': 4, 'C': 4, 'D': 4, 'B': 3}","[1.0, 1.0, 0.75]",3.96
95,"[3, 4, 5]","[4, 4, 3]","[0.79, 0.88, 0.58]","[['C', 'D', 'A', 'B'], ['B', 'A', 'C', 'D'], ['B', 'D', 'A', 'C']]","{'A': 4, 'C': 4, 'D': 4, 'B': 3}","[1.0, 1.0, 0.75]",3.96
95,"[3, 4, 5]","[4, 4, 3]","[0.79, 0.88, 0.58]","[['C', 'D', 'A', 'B'], ['B', 'A', 'C', 'D'], ['D', 'A', 'B', 'C']]","{'A': 4, 'C': 4, 'D': 4, 'B': 3}","[1.0, 1.0, 0.75]",3.96
95,"[3, 4, 5]","[4, 4, 3]","[0.79, 0.88, 0.58]","[['C', 'D', 'A', 'B'], ['B', 'A', 'C', 'D'], ['D', 'B', 'A', 'C']]","{'A': 4, 'C': 4, 'D': 4, 'B': 3}","[1.0, 1.0, 0.75]",3.96
95,"[3, 4, 5]","[4, 4, 3]","[0.79, 0.88, 0.58]","[['C', 'D', 'A', 'B'], ['B', 'A', 'D', 'C'], ['A', 'B', 'C', 'D']]","{'A': 4, 'C': 4, 'D': 4, 'B': 3}","[1.0, 1.0, 0.75]",3.96
95,"[3, 4, 5]","[4, 4, 3]","[0.79, 0.88, 0.58]","[['C', 'D', 'A', 'B'], ['B', 'A', 'D', 'C'], ['A', 'C', 'B', 'D']]","{'A': 4, 'C': 4, 'D': 4, 'B': 3}","[1.0, 1.0, 0.75]",3.96
95,"[3, 4, 5]","[4, 4, 3]","[0.79, 0.88, 0.58]","[['C', 'D', 'A', 'B'], ['B', 'A', 'D', 'C'], ['B', 'A', 'C', 'D']]","{'A': 4, 'C': 4, 'D': 4, 'B': 3}","[1.0, 1.0, 0.75]",3.96
95,"[3, 4, 5]","[4, 4, 3]","[0.79, 0.88, 0.58]","[['C', 'D', 'A', 'B'], ['B', 'A', 'D', 'C'], ['B', 'C', 'A', 'D']]","{'A': 4, 'C': 4, 'D': 4, 'B': 3}","[1.0, 1.0, 0.75]",3.96
95,"[3, 4, 5]","[4, 4, 3]","[0.79, 0.88, 0.58]","[['C', 'D', 'A', 'B'], ['B', 'A', 'D', 'C'], ['C', 'A', 'B', 'D']]","{'A': 4, 'C': 4, 'D': 4, 'B': 3}","[1.0, 1.0, 0.75]",3.96
95,"[3, 4, 5]","[4, 4, 3]","[0.79, 0.88, 0.58]","[['C', 'D', 'A', 'B'], ['B', 'A', 'D', 'C'], ['C', 'B', 'A', 'D']]","{'A': 4, 'C': 4, 'D': 4, 'B': 3}","[1.0, 1.0, 0.75]",3.96
95,"[3, 4, 5]","[4, 4, 3]","[0.79, 0.88, 0.58]","[['C', 'D', 'A', 'B'], ['B', 'C', 'A', 'D'], ['A', 'B', 'D', 'C']]","{'A': 4, 'C': 4, 'D': 4, 'B': 3}","[1.0, 1.0, 0.75]",3.96
95,"[3, 4, 5]","[4, 4, 3]","[0.79, 0.88, 0.58]","[['C', 'D', 'A', 'B'], ['B', 'C', 'A', 'D'], ['A', 'D', 'B', 'C']]","{'A': 4, 'C': 4, 'D': 4, 'B': 3}","[1.0, 1.0, 0.75]",3.96
95,"[3, 4, 5]","[4, 4, 3]","[0.79, 0.88, 0.58]","[['C', 'D', 'A', 'B'], ['B', 'C', 'A', 'D'], ['B', 'A', 'D', 'C']]","{'A': 4, 'C': 4, 'D': 4, 'B': 3}","[1.0, 1.0, 0.75]",3.96
95,"[3, 4, 5]","[4, 4, 3]","[0.79, 0.88, 0.58]","[['C', 'D', 'A', 'B'], ['B', 'C', 'A', 'D'], ['B', 'D', 'A', 'C']]","{'A': 4, 'C': 4, 'D': 4, 'B': 3}","[1.0, 1.0, 0.75]",3.96
95,"[3, 4, 5]","[4, 4, 3]","[0.79, 0.88, 0.58]","[['C', 'D', 'A', 'B'], ['B', 'C', 'A', 'D'], ['D', 'A', 'B', 'C']]","{'A': 4, 'C': 4, 'D': 4, 'B': 3}","[1.0, 1.0, 0.75]",3.96
95,"[3, 4, 5]","[4, 4, 3]","[0.79, 0.88, 0.58]","[['C', 'D', 'A', 'B'], ['B', 'C', 'A', 'D'], ['D', 'B', 'A', 'C']]","{'A': 4, 'C': 4, 'D': 4, 'B': 3}","[1.0, 1.0, 0.75]",3.96
95,"[3, 4, 5]","[4, 4, 3]","[0.79, 0.88, 0.58]","[['C', 'D', 'A', 'B'], ['B', 'D', 'A', 'C'], ['A', 'B', 'C', 'D']]","{'A': 4, 'C': 4, 'D': 4, 'B': 3}","[1.0, 1.0, 0.75]",3.96
95,"[3, 4, 5]","[4, 4, 3]","[0.79, 0.88, 0.58]","[['C', 'D', 'A', 'B'], ['B', 'D', 'A', 'C'], ['A', 'C', 'B', 'D']]","{'A': 4, 'C': 4, 'D': 4, 'B': 3}","[1.0, 1.0, 0.75]",3.96
95,"[3, 4, 5]","[4, 4, 3]","[0.79, 0.88, 0.58]","[['C', 'D', 'A', 'B'], ['B', 'D', 'A', 'C'], ['B', 'A', 'C', 'D']]","{'A': 4, 'C': 4, 'D': 4, 'B': 3}","[1.0, 1.0, 0.75]",3.96
95,"[3, 4, 5]","[4, 4, 3]","[0.79, 0.88, 0.58]","[['C', 'D', 'A', 'B'], ['B', 'D', 'A', 'C'], ['B', 'C', 'A', 'D']]","{'A': 4, 'C': 4, 'D': 4, 'B': 3}","[1.0, 1.0, 0.75]",3.96
95,"[3, 4, 5]","[4, 4, 3]","[0.79, 0.88, 0.58]","[['C', 'D', 'A', 'B'], ['B', 'D', 'A', 'C'], ['C', 'A', 'B', 'D']]","{'A': 4, 'C': 4, 'D': 4, 'B': 3}","[1.0, 1.0, 0.75]",3.96
95,"[3, 4, 5]","[4, 4, 3]","[0.79, 0.88, 0.58]","[['C', 'D', 'A', 'B'], ['B', 'D', 'A', 'C'], ['C', 'B', 'A', 'D']]","{'A': 4, 'C': 4, 'D': 4, 'B': 3}","[1.0, 1.0, 0.75]",3.96
95,"[3, 4, 5]","[4, 4, 3]","[0.79, 0.88, 0.58]","[['C', 'D', 'A', 'B'], ['C', 'A', 'B', 'D'], ['A', 'B', 'D', 'C']]","{'A': 4, 'C': 4, 'D': 4, 'B': 3}","[1.0, 1.0, 0.75]",3.96
95,"[3, 4, 5]","[4, 4, 3]","[0.79, 0.88, 0.58]","[['C', 'D', 'A', 'B'], ['C', 'A', 'B', 'D'], ['A', 'D', 'B', 'C']]","{'A': 4, 'C': 4, 'D': 4, 'B': 3}","[1.0, 1.0, 0.75]",3.96
95,"[3, 4, 5]","[4, 4, 3]","[0.79, 0.88, 0.58]","[['C', 'D', 'A', 'B'], ['C', 'A', 'B', 'D'], ['B', 'A', 'D', 'C']]","{'A': 4, 'C': 4, 'D': 4, 'B': 3}","[1.0, 1.0, 0.75]",3.96
95,"[3, 4, 5]","[4, 4, 3]","[0.79, 0.88, 0.58]","[['C', 'D', 'A', 'B'], ['C', 'A', 'B', 'D'], ['B', 'D', 'A', 'C']]","{'A': 4, 'C': 4, 'D': 4, 'B': 3}","[1.0, 1.0, 0.75]",3.96
95,"[3, 4, 5]","[4, 4, 3]","[0.79, 0.88, 0.58]","[['C', 'D', 'A', 'B'], ['C', 'A', 'B', 'D'], ['D', 'A', 'B', 'C']]","{'A': 4, 'C': 4, 'D': 4, 'B': 3}","[1.0, 1.0, 0.75]",3.96
95,"[3, 4, 5]","[4, 4, 3]","[0.79, 0.88, 0.58]","[['C', 'D', 'A', 'B'], ['C', 'A', 'B', 'D'], ['D', 'B', 'A', 'C']]","{'A': 4, 'C': 4, 'D': 4, 'B': 3}","[1.0, 1.0, 0.75]",3.96
95,"[3, 4, 5]","[4, 4, 3]","[0.79, 0.88, 0.58]","[['C', 'D', 'A', 'B'], ['C', 'B', 'A', 'D'], ['A', 'B', 'D', 'C']]","{'A': 4, 'C': 4, 'D': 4, 'B': 3}","[1.0, 1.0, 0.75]",3.96
95,"[3, 4, 5]","[4, 4, 3]","[0.79, 0.88, 0.58]","[['C', 'D', 'A', 'B'], ['C', 'B', 'A', 'D'], ['A', 'D', 'B', 'C']]","{'A': 4, 'C': 4, 'D': 4, 'B': 3}","[1.0, 1.0, 0.75]",3.96
95,"[3, 4, 5]","[4, 4, 3]","[0.79, 0.88, 0.58]","[['C', 'D', 'A', 'B'], ['C', 'B', 'A', 'D'], ['B', 'A', 'D', 'C']]","{'A': 4, 'C': 4, 'D': 4, 'B': 3}","[1.0, 1.0, 0.75]",3.96
95,"[3, 4, 5]","[4, 4, 3]","[0.79, 0.88, 0.58]","[['C', 'D', 'A', 'B'], ['C', 'B', 'A', 'D'], ['B', 'D', 'A', 'C']]","{'A': 4, 'C': 4, 'D': 4, 'B': 3}","[1.0, 1.0, 0.75]",3.96
95,"[3, 4, 5]","[4, 4, 3]","[0.79, 0.88, 0.58]","[['C', 'D', 'A', 'B'], ['C', 'B', 'A', 'D'], ['D', 'A', 'B', 'C']]","{'A': 4, 'C': 4, 'D': 4, 'B': 3}","[1.0, 1.0, 0.75]",3.96
95,"[3, 4, 5]","[4, 4, 3]","[0.79, 0.88, 0.58]","[['C', 'D', 'A', 'B'], ['C', 'B', 'A', 'D'], ['D', 'B', 'A', 'C']]","{'A': 4, 'C': 4, 'D': 4, 'B': 3}","[1.0, 1.0, 0.75]",3.96
95,"[3, 4, 5]","[4, 4, 3]","[0.79, 0.88, 0.58]","[['C', 'D', 'A', 'B'], ['D', 'A', 'B', 'C'], ['A', 'B', 'C', 'D']]","{'A': 4, 'C': 4, 'D': 4, 'B': 3}","[1.0, 1.0, 0.75]",3.96
95,"[3, 4, 5]","[4, 4, 3]","[0.79, 0.88, 0.58]","[['C', 'D', 'A', 'B'], ['D', 'A', 'B', 'C'], ['A', 'C', 'B', 'D']]","{'A': 4, 'C': 4, 'D': 4, 'B': 3}","[1.0, 1.0, 0.75]",3.96
95,"[3, 4, 5]","[4, 4, 3]","[0.79, 0.88, 0.58]","[['C', 'D', 'A', 'B'], ['D', 'A', 'B', 'C'], ['B', 'A', 'C', 'D']]","{'A': 4, 'C': 4, 'D': 4, 'B': 3}","[1.0, 1.0, 0.75]",3.96
95,"[3, 4, 5]","[4, 4, 3]","[0.79, 0.88, 0.58]","[['C', 'D', 'A', 'B'], ['D', 'A', 'B', 'C'], ['B', 'C', 'A', 'D']]","{'A': 4, 'C': 4, 'D': 4, 'B': 3}","[1.0, 1.0, 0.75]",3.96
95,"[3, 4, 5]","[4, 4, 3]","[0.79, 0.88, 0.58]","[['C', 'D', 'A', 'B'], ['D', 'A', 'B', 'C'], ['C', 'A', 'B', 'D']]","{'A': 4, 'C': 4, 'D': 4, 'B': 3}","[1.0, 1.0, 0.75]",3.96
95,"[3, 4, 5]","[4, 4, 3]","[0.79, 0.88, 0.58]","[['C', 'D', 'A', 'B'], ['D', 'A', 'B', 'C'], ['C', 'B', 'A', 'D']]","{'A': 4, 'C': 4, 'D': 4, 'B': 3}","[1.0, 1.0, 0.75]",3.96
95,"[3, 4, 5]","[4, 4, 3]","[0.79, 0.88, 0.58]","[['C', 'D', 'A', 'B'], ['D', 'B', 'A', 'C'], ['A', 'B', 'C', 'D']]","{'A': 4, 'C': 4, 'D': 4, 'B': 3}","[1.0, 1.0, 0.75]",3.96
95,"[3, 4, 5]","[4, 4, 3]","[0.79, 0.88, 0.58]","[['C', 'D', 'A', 'B'], ['D', 'B', 'A', 'C'], ['A', 'C', 'B', 'D']]","{'A': 4, 'C': 4, 'D': 4, 'B': 3}","[1.0, 1.0, 0.75]",3.96
95,"[3, 4, 5]","[4, 4, 3]","[0.79, 0.88, 0.58]","[['C', 'D', 'A', 'B'], ['D', 'B', 'A', 'C'], ['B', 'A', 'C', 'D']]","{'A': 4, 'C': 4, 'D': 4, 'B': 3}","[1.0, 1.0, 0.75]",3.96
95,"[3, 4, 5]","[4, 4, 3]","[0.79, 0.88, 0.58]","[['C', 'D', 'A', 'B'], ['D', 'B', 'A', 'C'], ['B', 'C', 'A', 'D']]","{'A': 4, 'C': 4, 'D': 4, 'B': 3}","[1.0, 1.0, 0.75]",3.96
95,"[3, 4, 5]","[4, 4, 3]","[0.79, 0.88, 0.58]","[['C', 'D', 'A', 'B'], ['D', 'B', 'A', 'C'], ['C', 'A', 'B', 'D']]","{'A': 4, 'C': 4, 'D': 4, 'B': 3}","[1.0, 1.0, 0.75]",3.96
95,"[3, 4, 5]","[4, 4, 3]","[0.79, 0.88, 0.58]","[['C', 'D', 'A', 'B'], ['D', 'B', 'A', 'C'], ['C', 'B', 'A', 'D']]","{'A': 4, 'C': 4, 'D': 4, 'B': 3}","[1.0, 1.0, 0.75]",3.96
95,"[3, 4, 5]","[4, 4, 3]","[0.79, 0.88, 0.58]","[['D', 'A', 'B', 'C'], ['A', 'B', 'C', 'D'], ['A', 'C', 'D', 'B']]","{'A': 4, 'C': 4, 'D': 4, 'B': 3}","[1.0, 1.0, 0.75]",3.96
95,"[3, 4, 5]","[4, 4, 3]","[0.79, 0.88, 0.58]","[['D', 'A', 'B', 'C'], ['A', 'B', 'C', 'D'], ['A', 'D', 'C', 'B']]","{'A': 4, 'C': 4, 'D': 4, 'B': 3}","[1.0, 1.0, 0.75]",3.96
95,"[3, 4, 5]","[4, 4, 3]","[0.79, 0.88, 0.58]","[['D', 'A', 'B', 'C'], ['A', 'B', 'C', 'D'], ['C', 'A', 'D', 'B']]","{'A': 4, 'C': 4, 'D': 4, 'B': 3}","[1.0, 1.0, 0.75]",3.96
95,"[3, 4, 5]","[4, 4, 3]","[0.79, 0.88, 0.58]","[['D', 'A', 'B', 'C'], ['A', 'B', 'C', 'D'], ['C', 'D', 'A', 'B']]","{'A': 4, 'C': 4, 'D': 4, 'B': 3}","[1.0, 1.0, 0.75]",3.96
95,"[3, 4, 5]","[4, 4, 3]","[0.79, 0.88, 0.58]","[['D', 'A', 'B', 'C'], ['A', 'B', 'C', 'D'], ['D', 'A', 'C', 'B']]","{'A': 4, 'C': 4, 'D': 4, 'B': 3}","[1.0, 1.0, 0.75]",3.96
95,"[3, 4, 5]","[4, 4, 3]","[0.79, 0.88, 0.58]","[['D', 'A', 'B', 'C'], ['A', 'B', 'C', 'D'], ['D', 'C', 'A', 'B']]","{'A': 4, 'C': 4, 'D': 4, 'B': 3}","[1.0, 1.0, 0.75]",3.96
95,"[3, 4, 5]","[4, 4, 3]","[0.79, 0.88, 0.58]","[['D', 'A', 'B', 'C'], ['A', 'C', 'B', 'D'], ['A', 'C', 'D', 'B']]","{'A': 4, 'C': 4, 'D': 4, 'B': 3}","[1.0, 1.0, 0.75]",3.96
95,"[3, 4, 5]","[4, 4, 3]","[0.79, 0.88, 0.58]","[['D', 'A', 'B', 'C'], ['A', 'C', 'B', 'D'], ['A', 'D', 'C', 'B']]","{'A': 4, 'C': 4, 'D': 4, 'B': 3}","[1.0, 1.0, 0.75]",3.96
95,"[3, 4, 5]","[4, 4, 3]","[0.79, 0.88, 0.58]","[['D', 'A', 'B', 'C'], ['A', 'C', 'B', 'D'], ['C', 'A', 'D', 'B']]","{'A': 4, 'C': 4, 'D': 4, 'B': 3}","[1.0, 1.0, 0.75]",3.96
95,"[3, 4, 5]","[4, 4, 3]","[0.79, 0.88, 0.58]","[['D', 'A', 'B', 'C'], ['A', 'C', 'B', 'D'], ['C', 'D', 'A', 'B']]","{'A': 4, 'C': 4, 'D': 4, 'B': 3}","[1.0, 1.0, 0.75]",3.96
95,"[3, 4, 5]","[4, 4, 3]","[0.79, 0.88, 0.58]","[['D', 'A', 'B', 'C'], ['A', 'C', 'B', 'D'], ['D', 'A', 'C', 'B']]","{'A': 4, 'C': 4, 'D': 4, 'B': 3}","[1.0, 1.0, 0.75]",3.96
95,"[3, 4, 5]","[4, 4, 3]","[0.79, 0.88, 0.58]","[['D', 'A', 'B', 'C'], ['A', 'C', 'B', 'D'], ['D', 'C', 'A', 'B']]","{'A': 4, 'C': 4, 'D': 4, 'B': 3}","[1.0, 1.0, 0.75]",3.96
95,"[3, 4, 5]","[4, 4, 3]","[0.79, 0.88, 0.58]","[['D', 'A', 'B', 'C'], ['A', 'C', 'D', 'B'], ['A', 'B', 'C', 'D']]","{'A': 4, 'C': 4, 'D': 4, 'B': 3}","[1.0, 1.0, 0.75]",3.96
95,"[3, 4, 5]","[4, 4, 3]","[0.79, 0.88, 0.58]","[['D', 'A', 'B', 'C'], ['A', 'C', 'D', 'B'], ['A', 'C', 'B', 'D']]","{'A': 4, 'C': 4, 'D': 4, 'B': 3}","[1.0, 1.0, 0.75]",3.96
95,"[3, 4, 5]","[4, 4, 3]","[0.79, 0.88, 0.58]","[['D', 'A', 'B', 'C'], ['A', 'C', 'D', 'B'], ['B', 'A', 'C', 'D']]","{'A': 4, 'C': 4, 'D': 4, 'B': 3}","[1.0, 1.0, 0.75]",3.96
95,"[3, 4, 5]","[4, 4, 3]","[0.79, 0.88, 0.58]","[['D', 'A', 'B', 'C'], ['A', 'C', 'D', 'B'], ['B', 'C', 'A', 'D']]","{'A': 4, 'C': 4, 'D': 4, 'B': 3}","[1.0, 1.0, 0.75]",3.96
95,"[3, 4, 5]","[4, 4, 3]","[0.79, 0.88, 0.58]","[['D', 'A', 'B', 'C'], ['A', 'C', 'D', 'B'], ['C', 'A', 'B', 'D']]","{'A': 4, 'C': 4, 'D': 4, 'B': 3}","[1.0, 1.0, 0.75]",3.96
95,"[3, 4, 5]","[4, 4, 3]","[0.79, 0.88, 0.58]","[['D', 'A', 'B', 'C'], ['A', 'C', 'D', 'B'], ['C', 'B', 'A', 'D']]","{'A': 4, 'C': 4, 'D': 4, 'B': 3}","[1.0, 1.0, 0.75]",3.96
95,"[3, 4, 5]","[4, 4, 3]","[0.79, 0.88, 0.58]","[['D', 'A', 'B', 'C'], ['A', 'D', 'C', 'B'], ['A', 'B', 'C', 'D']]","{'A': 4, 'C': 4, 'D': 4, 'B': 3}","[1.0, 1.0, 0.75]",3.96
95,"[3, 4, 5]","[4, 4, 3]","[0.79, 0.88, 0.58]","[['D', 'A', 'B', 'C'], ['A', 'D', 'C', 'B'], ['A', 'C', 'B', 'D']]","{'A': 4, 'C': 4, 'D': 4, 'B': 3}","[1.0, 1.0, 0.75]",3.96
95,"[3, 4, 5]","[4, 4, 3]","[0.79, 0.88, 0.58]","[['D', 'A', 'B', 'C'], ['A', 'D', 'C', 'B'], ['B', 'A', 'C', 'D']]","{'A': 4, 'C': 4, 'D': 4, 'B': 3}","[1.0, 1.0, 0.75]",3.96
95,"[3, 4, 5]","[4, 4, 3]","[0.79, 0.88, 0.58]","[['D', 'A', 'B', 'C'], ['A', 'D', 'C', 'B'], ['B', 'C', 'A', 'D']]","{'A': 4, 'C': 4, 'D': 4, 'B': 3}","[1.0, 1.0, 0.75]",3.96
95,"[3, 4, 5]","[4, 4, 3]","[0.79, 0.88, 0.58]","[['D', 'A', 'B', 'C'], ['A', 'D', 'C', 'B'], ['C', 'A', 'B', 'D']]","{'A': 4, 'C': 4, 'D': 4, 'B': 3}","[1.0, 1.0, 0.75]",3.96
95,"[3, 4, 5]","[4, 4, 3]","[0.79, 0.88, 0.58]","[['D', 'A', 'B', 'C'], ['A', 'D', 'C', 'B'], ['C', 'B', 'A', 'D']]","{'A': 4, 'C': 4, 'D': 4, 'B': 3}","[1.0, 1.0, 0.75]",3.96
95,"[3, 4, 5]","[4, 4, 3]","[0.79, 0.88, 0.58]","[['D', 'A', 'B', 'C'], ['B', 'A', 'C', 'D'], ['A', 'C', 'D', 'B']]","{'A': 4, 'C': 4, 'D': 4, 'B': 3}","[1.0, 1.0, 0.75]",3.96
95,"[3, 4, 5]","[4, 4, 3]","[0.79, 0.88, 0.58]","[['D', 'A', 'B', 'C'], ['B', 'A', 'C', 'D'], ['A', 'D', 'C', 'B']]","{'A': 4, 'C': 4, 'D': 4, 'B': 3}","[1.0, 1.0, 0.75]",3.96
95,"[3, 4, 5]","[4, 4, 3]","[0.79, 0.88, 0.58]","[['D', 'A', 'B', 'C'], ['B', 'A', 'C', 'D'], ['C', 'A', 'D', 'B']]","{'A': 4, 'C': 4, 'D': 4, 'B': 3}","[1.0, 1.0, 0.75]",3.96
95,"[3, 4, 5]","[4, 4, 3]","[0.79, 0.88, 0.58]","[['D', 'A', 'B', 'C'], ['B', 'A', 'C', 'D'], ['C', 'D', 'A', 'B']]","{'A': 4, 'C': 4, 'D': 4, 'B': 3}","[1.0, 1.0, 0.75]",3.96
95,"[3, 4, 5]","[4, 4, 3]","[0.79, 0.88, 0.58]","[['D', 'A', 'B', 'C'], ['B', 'A', 'C', 'D'], ['D', 'A', 'C', 'B']]","{'A': 4, 'C': 4, 'D': 4, 'B': 3}","[1.0, 1.0, 0.75]",3.96
95,"[3, 4, 5]","[4, 4, 3]","[0.79, 0.88, 0.58]","[['D', 'A', 'B', 'C'], ['B', 'A', 'C', 'D'], ['D', 'C', 'A', 'B']]","{'A': 4, 'C': 4, 'D': 4, 'B': 3}","[1.0, 1.0, 0.75]",3.96
95,"[3, 4, 5]","[4, 4, 3]","[0.79, 0.88, 0.58]","[['D', 'A', 'B', 'C'], ['B', 'C', 'A', 'D'], ['A', 'C', 'D', 'B']]","{'A': 4, 'C': 4, 'D': 4, 'B': 3}","[1.0, 1.0, 0.75]",3.96
95,"[3, 4, 5]","[4, 4, 3]","[0.79, 0.88, 0.58]","[['D', 'A', 'B', 'C'], ['B', 'C', 'A', 'D'], ['A', 'D', 'C', 'B']]","{'A': 4, 'C': 4, 'D': 4, 'B': 3}","[1.0, 1.0, 0.75]",3.96
95,"[3, 4, 5]","[4, 4, 3]","[0.79, 0.88, 0.58]","[['D', 'A', 'B', 'C'], ['B', 'C', 'A', 'D'], ['C', 'A', 'D', 'B']]","{'A': 4, 'C': 4, 'D': 4, 'B': 3}","[1.0, 1.0, 0.75]",3.96
95,"[3, 4, 5]","[4, 4, 3]","[0.79, 0.88, 0.58]","[['D', 'A', 'B', 'C'], ['B', 'C', 'A', 'D'], ['C', 'D', 'A', 'B']]","{'A': 4, 'C': 4, 'D': 4, 'B': 3}","[1.0, 1.0, 0.75]",3.96
95,"[3, 4, 5]","[4, 4, 3]","[0.79, 0.88, 0.58]","[['D', 'A', 'B', 'C'], ['B', 'C', 'A', 'D'], ['D', 'A', 'C', 'B']]","{'A': 4, 'C': 4, 'D': 4, 'B': 3}","[1.0, 1.0, 0.75]",3.96
95,"[3, 4, 5]","[4, 4, 3]","[0.79, 0.88, 0.58]","[['D', 'A', 'B', 'C'], ['B', 'C', 'A', 'D'], ['D', 'C', 'A', 'B']]","{'A': 4, 'C': 4, 'D': 4, 'B': 3}","[1.0, 1.0, 0.75]",3.96
95,"[3, 4, 5]","[4, 4, 3]","[0.79, 0.88, 0.58]","[['D', 'A', 'B', 'C'], ['C', 'A', 'B', 'D'], ['A', 'C', 'D', 'B']]","{'A': 4, 'C': 4, 'D': 4, 'B': 3}","[1.0, 1.0, 0.75]",3.96
95,"[3, 4, 5]","[4, 4, 3]","[0.79, 0.88, 0.58]","[['D', 'A', 'B', 'C'], ['C', 'A', 'B', 'D'], ['A', 'D', 'C', 'B']]","{'A': 4, 'C': 4, 'D': 4, 'B': 3}","[1.0, 1.0, 0.75]",3.96
95,"[3, 4, 5]","[4, 4, 3]","[0.79, 0.88, 0.58]","[['D', 'A', 'B', 'C'], ['C', 'A', 'B', 'D'], ['C', 'A', 'D', 'B']]","{'A': 4, 'C': 4, 'D': 4, 'B': 3}","[1.0, 1.0, 0.75]",3.96
95,"[3, 4, 5]","[4, 4, 3]","[0.79, 0.88, 0.58]","[['D', 'A', 'B', 'C'], ['C', 'A', 'B', 'D'], ['C', 'D', 'A', 'B']]","{'A': 4, 'C': 4, 'D': 4, 'B': 3}","[1.0, 1.0, 0.75]",3.96
95,"[3, 4, 5]","[4, 4, 3]","[0.79, 0.88, 0.58]","[['D', 'A', 'B', 'C'], ['C', 'A', 'B', 'D'], ['D', 'A', 'C', 'B']]","{'A': 4, 'C': 4, 'D': 4, 'B': 3}","[1.0, 1.0, 0.75]",3.96
95,"[3, 4, 5]","[4, 4, 3]","[0.79, 0.88, 0.58]","[['D', 'A', 'B', 'C'], ['C', 'A', 'B', 'D'], ['D', 'C', 'A', 'B']]","{'A': 4, 'C': 4, 'D': 4, 'B': 3}","[1.0, 1.0, 0.75]",3.96
95,"[3, 4, 5]","[4, 4, 3]","[0.79, 0.88, 0.58]","[['D', 'A', 'B', 'C'], ['C', 'A', 'D', 'B'], ['A', 'B', 'C', 'D']]","{'A': 4, 'C': 4, 'D': 4, 'B': 3}","[1.0, 1.0, 0.75]",3.96
95,"[3, 4, 5]","[4, 4, 3]","[0.79, 0.88, 0.58]","[['D', 'A', 'B', 'C'], ['C', 'A', 'D', 'B'], ['A', 'C', 'B', 'D']]","{'A': 4, 'C': 4, 'D': 4, 'B': 3}","[1.0, 1.0, 0.75]",3.96
95,"[3, 4, 5]","[4, 4, 3]","[0.79, 0.88, 0.58]","[['D', 'A', 'B', 'C'], ['C', 'A', 'D', 'B'], ['B', 'A', 'C', 'D']]","{'A': 4, 'C': 4, 'D': 4, 'B': 3}","[1.0, 1.0, 0.75]",3.96
95,"[3, 4, 5]","[4, 4, 3]","[0.79, 0.88, 0.58]","[['D', 'A', 'B', 'C'], ['C', 'A', 'D', 'B'], ['B', 'C', 'A', 'D']]","{'A': 4, 'C': 4, 'D': 4, 'B': 3}","[1.0, 1.0, 0.75]",3.96
95,"[3, 4, 5]","[4, 4, 3]","[0.79, 0.88, 0.58]","[['D', 'A', 'B', 'C'], ['C', 'A', 'D', 'B'], ['C', 'A', 'B', 'D']]","{'A': 4, 'C': 4, 'D': 4, 'B': 3}","[1.0, 1.0, 0.75]",3.96
95,"[3, 4, 5]","[4, 4, 3]","[0.79, 0.88, 0.58]","[['D', 'A', 'B', 'C'], ['C', 'A', 'D', 'B'], ['C', 'B', 'A', 'D']]","{'A': 4, 'C': 4, 'D': 4, 'B': 3}","[1.0, 1.0, 0.75]",3.96
95,"[3, 4, 5]","[4, 4, 3]","[0.79, 0.88, 0.58]","[['D', 'A', 'B', 'C'], ['C', 'B', 'A', 'D'], ['A', 'C', 'D', 'B']]","{'A': 4, 'C': 4, 'D': 4, 'B': 3}","[1.0, 1.0, 0.75]",3.96
95,"[3, 4, 5]","[4, 4, 3]","[0.79, 0.88, 0.58]","[['D', 'A', 'B', 'C'], ['C', 'B', 'A', 'D'], ['A', 'D', 'C', 'B']]","{'A': 4, 'C': 4, 'D': 4, 'B': 3}","[1.0, 1.0, 0.75]",3.96
95,"[3, 4, 5]","[4, 4, 3]","[0.79, 0.88, 0.58]","[['D', 'A', 'B', 'C'], ['C', 'B', 'A', 'D'], ['C', 'A', 'D', 'B']]","{'A': 4, 'C': 4, 'D': 4, 'B': 3}","[1.0, 1.0, 0.75]",3.96
95,"[3, 4, 5]","[4, 4, 3]","[0.79, 0.88, 0.58]","[['D', 'A', 'B', 'C'], ['C', 'B', 'A', 'D'], ['C', 'D', 'A', 'B']]","{'A': 4, 'C': 4, 'D': 4, 'B': 3}","[1.0, 1.0, 0.75]",3.96
95,"[3, 4, 5]","[4, 4, 3]","[0.79, 0.88, 0.58]","[['D', 'A', 'B', 'C'], ['C', 'B', 'A', 'D'], ['D', 'A', 'C', 'B']]","{'A': 4, 'C': 4, 'D': 4, 'B': 3}","[1.0, 1.0, 0.75]",3.96
95,"[3, 4, 5]","[4, 4, 3]","[0.79, 0.88, 0.58]","[['D', 'A', 'B', 'C'], ['C', 'B', 'A', 'D'], ['D', 'C', 'A', 'B']]","{'A': 4, 'C': 4, 'D': 4, 'B': 3}","[1.0, 1.0, 0.75]",3.96
95,"[3, 4, 5]","[4, 4, 3]","[0.79, 0.88, 0.58]","[['D', 'A', 'B', 'C'], ['C', 'D', 'A', 'B'], ['A', 'B', 'C', 'D']]","{'A': 4, 'C': 4, 'D': 4, 'B': 3}","[1.0, 1.0, 0.75]",3.96
95,"[3, 4, 5]","[4, 4, 3]","[0.79, 0.88, 0.58]","[['D', 'A', 'B', 'C'], ['C', 'D', 'A', 'B'], ['A', 'C', 'B', 'D']]","{'A': 4, 'C': 4, 'D': 4, 'B': 3}","[1.0, 1.0, 0.75]",3.96
95,"[3, 4, 5]","[4, 4, 3]","[0.79, 0.88, 0.58]","[['D', 'A', 'B', 'C'], ['C', 'D', 'A', 'B'], ['B', 'A', 'C', 'D']]","{'A': 4, 'C': 4, 'D': 4, 'B': 3}","[1.0, 1.0, 0.75]",3.96
95,"[3, 4, 5]","[4, 4, 3]","[0.79, 0.88, 0.58]","[['D', 'A', 'B', 'C'], ['C', 'D', 'A', 'B'], ['B', 'C', 'A', 'D']]","{'A': 4, 'C': 4, 'D': 4, 'B': 3}","[1.0, 1.0, 0.75]",3.96
95,"[3, 4, 5]","[4, 4, 3]","[0.79, 0.88, 0.58]","[['D', 'A', 'B', 'C'], ['C', 'D', 'A', 'B'], ['C', 'A', 'B', 'D']]","{'A': 4, 'C': 4, 'D': 4, 'B': 3}","[1.0, 1.0, 0.75]",3.96
95,"[3, 4, 5]","[4, 4, 3]","[0.79, 0.88, 0.58]","[['D', 'A', 'B', 'C'], ['C', 'D', 'A', 'B'], ['C', 'B', 'A', 'D']]","{'A': 4, 'C': 4, 'D': 4, 'B': 3}","[1.0, 1.0, 0.75]",3.96
95,"[3, 4, 5]","[4, 4, 3]","[0.79, 0.88, 0.58]","[['D', 'A', 'B', 'C'], ['D', 'A', 'C', 'B'], ['A', 'B', 'C', 'D']]","{'A': 4, 'C': 4, 'D': 4, 'B': 3}","[1.0, 1.0, 0.75]",3.96
95,"[3, 4, 5]","[4, 4, 3]","[0.79, 0.88, 0.58]","[['D', 'A', 'B', 'C'], ['D', 'A', 'C', 'B'], ['A', 'C', 'B', 'D']]","{'A': 4, 'C': 4, 'D': 4, 'B': 3}","[1.0, 1.0, 0.75]",3.96
95,"[3, 4, 5]","[4, 4, 3]","[0.79, 0.88, 0.58]","[['D', 'A', 'B', 'C'], ['D', 'A', 'C', 'B'], ['B', 'A', 'C', 'D']]","{'A': 4, 'C': 4, 'D': 4, 'B': 3}","[1.0, 1.0, 0.75]",3.96
95,"[3, 4, 5]","[4, 4, 3]","[0.79, 0.88, 0.58]","[['D', 'A', 'B', 'C'], ['D', 'A', 'C', 'B'], ['B', 'C', 'A', 'D']]","{'A': 4, 'C': 4, 'D': 4, 'B': 3}","[1.0, 1.0, 0.75]",3.96
95,"[3, 4, 5]","[4, 4, 3]","[0.79, 0.88, 0.58]","[['D', 'A', 'B', 'C'], ['D', 'A', 'C', 'B'], ['C', 'A', 'B', 'D']]","{'A': 4, 'C': 4, 'D': 4, 'B': 3}","[1.0, 1.0, 0.75]",3.96
95,"[3, 4, 5]","[4, 4, 3]","[0.79, 0.88, 0.58]","[['D', 'A', 'B', 'C'], ['D', 'A', 'C', 'B'], ['C', 'B', 'A', 'D']]","{'A': 4, 'C': 4, 'D': 4, 'B': 3}","[1.0, 1.0, 0.75]",3.96
95,"[3, 4, 5]","[4, 4, 3]","[0.79, 0.88, 0.58]","[['D', 'A', 'B', 'C'], ['D', 'C', 'A', 'B'], ['A', 'B', 'C', 'D']]","{'A': 4, 'C': 4, 'D': 4, 'B': 3}","[1.0, 1.0, 0.75]",3.96
95,"[3, 4, 5]","[4, 4, 3]","[0.79, 0.88, 0.58]","[['D', 'A', 'B', 'C'], ['D', 'C', 'A', 'B'], ['A', 'C', 'B', 'D']]","{'A': 4, 'C': 4, 'D': 4, 'B': 3}","[1.0, 1.0, 0.75]",3.96
95,"[3, 4, 5]","[4, 4, 3]","[0.79, 0.88, 0.58]","[['D', 'A', 'B', 'C'], ['D', 'C', 'A', 'B'], ['B', 'A', 'C', 'D']]","{'A': 4, 'C': 4, 'D': 4, 'B': 3}","[1.0, 1.0, 0.75]",3.96
95,"[3, 4, 5]","[4, 4, 3]","[0.79, 0.88, 0.58]","[['D', 'A', 'B', 'C'], ['D', 'C', 'A', 'B'], ['B', 'C', 'A', 'D']]","{'A': 4, 'C': 4, 'D': 4, 'B': 3}","[1.0, 1.0, 0.75]",3.96
95,"[3, 4, 5]","[4, 4, 3]","[0.79, 0.88, 0.58]","[['D', 'A', 'B', 'C'], ['D', 'C', 'A', 'B'], ['C', 'A', 'B', 'D']]","{'A': 4, 'C': 4, 'D': 4, 'B': 3}","[1.0, 1.0, 0.75]",3.96
95,"[3, 4, 5]","[4, 4, 3]","[0.79, 0.88, 0.58]","[['D', 'A', 'B', 'C'], ['D', 'C', 'A', 'B'], ['C', 'B', 'A', 'D']]","{'A': 4, 'C': 4, 'D': 4, 'B': 3}","[1.0, 1.0, 0.75]",3.96
95,"[3, 4, 5]","[4, 4, 3]","[0.79, 0.88, 0.58]","[['D', 'A', 'C', 'B'], ['A', 'B', 'C', 'D'], ['A', 'B', 'D', 'C']]","{'A': 4, 'C': 4, 'D': 4, 'B': 3}","[1.0, 1.0, 0.75]",3.96
95,"[3, 4, 5]","[4, 4, 3]","[0.79, 0.88, 0.58]","[['D', 'A', 'C', 'B'], ['A', 'B', 'C', 'D'], ['A', 'D', 'B', 'C']]","{'A': 4, 'C': 4, 'D': 4, 'B': 3}","[1.0, 1.0, 0.75]",3.96
95,"[3, 4, 5]","[4, 4, 3]","[0.79, 0.88, 0.58]","[['D', 'A', 'C', 'B'], ['A', 'B', 'C', 'D'], ['B', 'A', 'D', 'C']]","{'A': 4, 'C': 4, 'D': 4, 'B': 3}","[1.0, 1.0, 0.75]",3.96
95,"[3, 4, 5]","[4, 4, 3]","[0.79, 0.88, 0.58]","[['D', 'A', 'C', 'B'], ['A', 'B', 'C', 'D'], ['B', 'D', 'A', 'C']]","{'A': 4, 'C': 4, 'D': 4, 'B': 3}","[1.0, 1.0, 0.75]",3.96
95,"[3, 4, 5]","[4, 4, 3]","[0.79, 0.88, 0.58]","[['D', 'A', 'C', 'B'], ['A', 'B', 'C', 'D'], ['D', 'A', 'B', 'C']]","{'A': 4, 'C': 4, 'D': 4, 'B': 3}","[1.0, 1.0, 0.75]",3.96
95,"[3, 4, 5]","[4, 4, 3]","[0.79, 0.88, 0.58]","[['D', 'A', 'C', 'B'], ['A', 'B', 'C', 'D'], ['D', 'B', 'A', 'C']]","{'A': 4, 'C': 4, 'D': 4, 'B': 3}","[1.0, 1.0, 0.75]",3.96
95,"[3, 4, 5]","[4, 4, 3]","[0.79, 0.88, 0.58]","[['D', 'A', 'C', 'B'], ['A', 'B', 'D', 'C'], ['A', 'B', 'C', 'D']]","{'A': 4, 'C': 4, 'D': 4, 'B': 3}","[1.0, 1.0, 0.75]",3.96
95,"[3, 4, 5]","[4, 4, 3]","[0.79, 0.88, 0.58]","[['D', 'A', 'C', 'B'], ['A', 'B', 'D', 'C'], ['A', 'C', 'B', 'D']]","{'A': 4, 'C': 4, 'D': 4, 'B': 3}","[1.0, 1.0, 0.75]",3.96
95,"[3, 4, 5]","[4, 4, 3]","[0.79, 0.88, 0.58]","[['D', 'A', 'C', 'B'], ['A', 'B', 'D', 'C'], ['B', 'A', 'C', 'D']]","{'A': 4, 'C': 4, 'D': 4, 'B': 3}","[1.0, 1.0, 0.75]",3.96
95,"[3, 4, 5]","[4, 4, 3]","[0.79, 0.88, 0.58]","[['D', 'A', 'C', 'B'], ['A', 'B', 'D', 'C'], ['B', 'C', 'A', 'D']]","{'A': 4, 'C': 4, 'D': 4, 'B': 3}","[1.0, 1.0, 0.75]",3.96
95,"[3, 4, 5]","[4, 4, 3]","[0.79, 0.88, 0.58]","[['D', 'A', 'C', 'B'], ['A', 'B', 'D', 'C'], ['C', 'A', 'B', 'D']]","{'A': 4, 'C': 4, 'D': 4, 'B': 3}","[1.0, 1.0, 0.75]",3.96
95,"[3, 4, 5]","[4, 4, 3]","[0.79, 0.88, 0.58]","[['D', 'A', 'C', 'B'], ['A', 'B', 'D', 'C'], ['C', 'B', 'A', 'D']]","{'A': 4, 'C': 4, 'D': 4, 'B': 3}","[1.0, 1.0, 0.75]",3.96
95,"[3, 4, 5]","[4, 4, 3]","[0.79, 0.88, 0.58]","[['D', 'A', 'C', 'B'], ['A', 'C', 'B', 'D'], ['A', 'B', 'D', 'C']]","{'A': 4, 'C': 4, 'D': 4, 'B': 3}","[1.0, 1.0, 0.75]",3.96
95,"[3, 4, 5]","[4, 4, 3]","[0.79, 0.88, 0.58]","[['D', 'A', 'C', 'B'], ['A', 'C', 'B', 'D'], ['A', 'D', 'B', 'C']]","{'A': 4, 'C': 4, 'D': 4, 'B': 3}","[1.0, 1.0, 0.75]",3.96
95,"[3, 4, 5]","[4, 4, 3]","[0.79, 0.88, 0.58]","[['D', 'A', 'C', 'B'], ['A', 'C', 'B', 'D'], ['B', 'A', 'D', 'C']]","{'A': 4, 'C': 4, 'D': 4, 'B': 3}","[1.0, 1.0, 0.75]",3.96
95,"[3, 4, 5]","[4, 4, 3]","[0.79, 0.88, 0.58]","[['D', 'A', 'C', 'B'], ['A', 'C', 'B', 'D'], ['B', 'D', 'A', 'C']]","{'A': 4, 'C': 4, 'D': 4, 'B': 3}","[1.0, 1.0, 0.75]",3.96
95,"[3, 4, 5]","[4, 4, 3]","[0.79, 0.88, 0.58]","[['D', 'A', 'C', 'B'], ['A', 'C', 'B', 'D'], ['D', 'A', 'B', 'C']]","{'A': 4, 'C': 4, 'D': 4, 'B': 3}","[1.0, 1.0, 0.75]",3.96
95,"[3, 4, 5]","[4, 4, 3]","[0.79, 0.88, 0.58]","[['D', 'A', 'C', 'B'], ['A', 'C', 'B', 'D'], ['D', 'B', 'A', 'C']]","{'A': 4, 'C': 4, 'D': 4, 'B': 3}","[1.0, 1.0, 0.75]",3.96
95,"[3, 4, 5]","[4, 4, 3]","[0.79, 0.88, 0.58]","[['D', 'A', 'C', 'B'], ['A', 'D', 'B', 'C'], ['A', 'B', 'C', 'D']]","{'A': 4, 'C': 4, 'D': 4, 'B': 3}","[1.0, 1.0, 0.75]",3.96
95,"[3, 4, 5]","[4, 4, 3]","[0.79, 0.88, 0.58]","[['D', 'A', 'C', 'B'], ['A', 'D', 'B', 'C'], ['A', 'C', 'B', 'D']]","{'A': 4, 'C': 4, 'D': 4, 'B': 3}","[1.0, 1.0, 0.75]",3.96
95,"[3, 4, 5]","[4, 4, 3]","[0.79, 0.88, 0.58]","[['D', 'A', 'C', 'B'], ['A', 'D', 'B', 'C'], ['B', 'A', 'C', 'D']]","{'A': 4, 'C': 4, 'D': 4, 'B': 3}","[1.0, 1.0, 0.75]",3.96
95,"[3, 4, 5]","[4, 4, 3]","[0.79, 0.88, 0.58]","[['D', 'A', 'C', 'B'], ['A', 'D', 'B', 'C'], ['B', 'C', 'A', 'D']]","{'A': 4, 'C': 4, 'D': 4, 'B': 3}","[1.0, 1.0, 0.75]",3.96
95,"[3, 4, 5]","[4, 4, 3]","[0.79, 0.88, 0.58]","[['D', 'A', 'C', 'B'], ['A', 'D', 'B', 'C'], ['C', 'A', 'B', 'D']]","{'A': 4, 'C': 4, 'D': 4, 'B': 3}","[1.0, 1.0, 0.75]",3.96
95,"[3, 4, 5]","[4, 4, 3]","[0.79, 0.88, 0.58]","[['D', 'A', 'C', 'B'], ['A', 'D', 'B', 'C'], ['C', 'B', 'A', 'D']]","{'A': 4, 'C': 4, 'D': 4, 'B': 3}","[1.0, 1.0, 0.75]",3.96
95,"[3, 4, 5]","[4, 4, 3]","[0.79, 0.88, 0.58]","[['D', 'A', 'C', 'B'], ['B', 'A', 'C', 'D'], ['A', 'B', 'D', 'C']]","{'A': 4, 'C': 4, 'D': 4, 'B': 3}","[1.0, 1.0, 0.75]",3.96
95,"[3, 4, 5]","[4, 4, 3]","[0.79, 0.88, 0.58]","[['D', 'A', 'C', 'B'], ['B', 'A', 'C', 'D'], ['A', 'D', 'B', 'C']]","{'A': 4, 'C': 4, 'D': 4, 'B': 3}","[1.0, 1.0, 0.75]",3.96
95,"[3, 4, 5]","[4, 4, 3]","[0.79, 0.88, 0.58]","[['D', 'A', 'C', 'B'], ['B', 'A', 'C', 'D'], ['B', 'A', 'D', 'C']]","{'A': 4, 'C': 4, 'D': 4, 'B': 3}","[1.0, 1.0, 0.75]",3.96
95,"[3, 4, 5]","[4, 4, 3]","[0.79, 0.88, 0.58]","[['D', 'A', 'C', 'B'], ['B', 'A', 'C', 'D'], ['B', 'D', 'A', 'C']]","{'A': 4, 'C': 4, 'D': 4, 'B': 3}","[1.0, 1.0, 0.75]",3.96
95,"[3, 4, 5]","[4, 4, 3]","[0.79, 0.88, 0.58]","[['D', 'A', 'C', 'B'], ['B', 'A', 'C', 'D'], ['D', 'A', 'B', 'C']]","{'A': 4, 'C': 4, 'D': 4, 'B': 3}","[1.0, 1.0, 0.75]",3.96
95,"[3, 4, 5]","[4, 4, 3]","[0.79, 0.88, 0.58]","[['D', 'A', 'C', 'B'], ['B', 'A', 'C', 'D'], ['D', 'B', 'A', 'C']]","{'A': 4, 'C': 4, 'D': 4, 'B': 3}","[1.0, 1.0, 0.75]",3.96
95,"[3, 4, 5]","[4, 4, 3]","[0.79, 0.88, 0.58]","[['D', 'A', 'C', 'B'], ['B', 'A', 'D', 'C'], ['A', 'B', 'C', 'D']]","{'A': 4, 'C': 4, 'D': 4, 'B': 3}","[1.0, 1.0, 0.75]",3.96
95,"[3, 4, 5]","[4, 4, 3]","[0.79, 0.88, 0.58]","[['D', 'A', 'C', 'B'], ['B', 'A', 'D', 'C'], ['A', 'C', 'B', 'D']]","{'A': 4, 'C': 4, 'D': 4, 'B': 3}","[1.0, 1.0, 0.75]",3.96
95,"[3, 4, 5]","[4, 4, 3]","[0.79, 0.88, 0.58]","[['D', 'A', 'C', 'B'], ['B', 'A', 'D', 'C'], ['B', 'A', 'C', 'D']]","{'A': 4, 'C': 4, 'D': 4, 'B': 3}","[1.0, 1.0, 0.75]",3.96
95,"[3, 4, 5]","[4, 4, 3]","[0.79, 0.88, 0.58]","[['D', 'A', 'C', 'B'], ['B', 'A', 'D', 'C'], ['B', 'C', 'A', 'D']]","{'A': 4, 'C': 4, 'D': 4, 'B': 3}","[1.0, 1.0, 0.75]",3.96
95,"[3, 4, 5]","[4, 4, 3]","[0.79, 0.88, 0.58]","[['D', 'A', 'C', 'B'], ['B', 'A', 'D', 'C'], ['C', 'A', 'B', 'D']]","{'A': 4, 'C': 4, 'D': 4, 'B': 3}","[1.0, 1.0, 0.75]",3.96
95,"[3, 4, 5]","[4, 4, 3]","[0.79, 0.88, 0.58]","[['D', 'A', 'C', 'B'], ['B', 'A', 'D', 'C'], ['C', 'B', 'A', 'D']]","{'A': 4, 'C': 4, 'D': 4, 'B': 3}","[1.0, 1.0, 0.75]",3.96
95,"[3, 4, 5]","[4, 4, 3]","[0.79, 0.88, 0.58]","[['D', 'A', 'C', 'B'], ['B', 'C', 'A', 'D'], ['A', 'B', 'D', 'C']]","{'A': 4, 'C': 4, 'D': 4, 'B': 3}","[1.0, 1.0, 0.75]",3.96
95,"[3, 4, 5]","[4, 4, 3]","[0.79, 0.88, 0.58]","[['D', 'A', 'C', 'B'], ['B', 'C', 'A', 'D'], ['A', 'D', 'B', 'C']]","{'A': 4, 'C': 4, 'D': 4, 'B': 3}","[1.0, 1.0, 0.75]",3.96
95,"[3, 4, 5]","[4, 4, 3]","[0.79, 0.88, 0.58]","[['D', 'A', 'C', 'B'], ['B', 'C', 'A', 'D'], ['B', 'A', 'D', 'C']]","{'A': 4, 'C': 4, 'D': 4, 'B': 3}","[1.0, 1.0, 0.75]",3.96
95,"[3, 4, 5]","[4, 4, 3]","[0.79, 0.88, 0.58]","[['D', 'A', 'C', 'B'], ['B', 'C', 'A', 'D'], ['B', 'D', 'A', 'C']]","{'A': 4, 'C': 4, 'D': 4, 'B': 3}","[1.0, 1.0, 0.75]",3.96
95,"[3, 4, 5]","[4, 4, 3]","[0.79, 0.88, 0.58]","[['D', 'A', 'C', 'B'], ['B', 'C', 'A', 'D'], ['D', 'A', 'B', 'C']]","{'A': 4, 'C': 4, 'D': 4, 'B': 3}","[1.0, 1.0, 0.75]",3.96
95,"[3, 4, 5]","[4, 4, 3]","[0.79, 0.88, 0.58]","[['D', 'A', 'C', 'B'], ['B', 'C', 'A', 'D'], ['D', 'B', 'A', 'C']]","{'A': 4, 'C': 4, 'D': 4, 'B': 3}","[1.0, 1.0, 0.75]",3.96
95,"[3, 4, 5]","[4, 4, 3]","[0.79, 0.88, 0.58]","[['D', 'A', 'C', 'B'], ['B', 'D', 'A', 'C'], ['A', 'B', 'C', 'D']]","{'A': 4, 'C': 4, 'D': 4, 'B': 3}","[1.0, 1.0, 0.75]",3.96
95,"[3, 4, 5]","[4, 4, 3]","[0.79, 0.88, 0.58]","[['D', 'A', 'C', 'B'], ['B', 'D', 'A', 'C'], ['A', 'C', 'B', 'D']]","{'A': 4, 'C': 4, 'D': 4, 'B': 3}","[1.0, 1.0, 0.75]",3.96
95,"[3, 4, 5]","[4, 4, 3]","[0.79, 0.88, 0.58]","[['D', 'A', 'C', 'B'], ['B', 'D', 'A', 'C'], ['B', 'A', 'C', 'D']]","{'A': 4, 'C': 4, 'D': 4, 'B': 3}","[1.0, 1.0, 0.75]",3.96
95,"[3, 4, 5]","[4, 4, 3]","[0.79, 0.88, 0.58]","[['D', 'A', 'C', 'B'], ['B', 'D', 'A', 'C'], ['B', 'C', 'A', 'D']]","{'A': 4, 'C': 4, 'D': 4, 'B': 3}","[1.0, 1.0, 0.75]",3.96
95,"[3, 4, 5]","[4, 4, 3]","[0.79, 0.88, 0.58]","[['D', 'A', 'C', 'B'], ['B', 'D', 'A', 'C'], ['C', 'A', 'B', 'D']]","{'A': 4, 'C': 4, 'D': 4, 'B': 3}","[1.0, 1.0, 0.75]",3.96
95,"[3, 4, 5]","[4, 4, 3]","[0.79, 0.88, 0.58]","[['D', 'A', 'C', 'B'], ['B', 'D', 'A', 'C'], ['C', 'B', 'A', 'D']]","{'A': 4, 'C': 4, 'D': 4, 'B': 3}","[1.0, 1.0, 0.75]",3.96
95,"[3, 4, 5]","[4, 4, 3]","[0.79, 0.88, 0.58]","[['D', 'A', 'C', 'B'], ['C', 'A', 'B', 'D'], ['A', 'B', 'D', 'C']]","{'A': 4, 'C': 4, 'D': 4, 'B': 3}","[1.0, 1.0, 0.75]",3.96
95,"[3, 4, 5]","[4, 4, 3]","[0.79, 0.88, 0.58]","[['D', 'A', 'C', 'B'], ['C', 'A', 'B', 'D'], ['A', 'D', 'B', 'C']]","{'A': 4, 'C': 4, 'D': 4, 'B': 3}","[1.0, 1.0, 0.75]",3.96
95,"[3, 4, 5]","[4, 4, 3]","[0.79, 0.88, 0.58]","[['D', 'A', 'C', 'B'], ['C', 'A', 'B', 'D'], ['B', 'A', 'D', 'C']]","{'A': 4, 'C': 4, 'D': 4, 'B': 3}","[1.0, 1.0, 0.75]",3.96
95,"[3, 4, 5]","[4, 4, 3]","[0.79, 0.88, 0.58]","[['D', 'A', 'C', 'B'], ['C', 'A', 'B', 'D'], ['B', 'D', 'A', 'C']]","{'A': 4, 'C': 4, 'D': 4, 'B': 3}","[1.0, 1.0, 0.75]",3.96
95,"[3, 4, 5]","[4, 4, 3]","[0.79, 0.88, 0.58]","[['D', 'A', 'C', 'B'], ['C', 'A', 'B', 'D'], ['D', 'A', 'B', 'C']]","{'A': 4, 'C': 4, 'D': 4, 'B': 3}","[1.0, 1.0, 0.75]",3.96
95,"[3, 4, 5]","[4, 4, 3]","[0.79, 0.88, 0.58]","[['D', 'A', 'C', 'B'], ['C', 'A', 'B', 'D'], ['D', 'B', 'A', 'C']]","{'A': 4, 'C': 4, 'D': 4, 'B': 3}","[1.0, 1.0, 0.75]",3.96
95,"[3, 4, 5]","[4, 4, 3]","[0.79, 0.88, 0.58]","[['D', 'A', 'C', 'B'], ['C', 'B', 'A', 'D'], ['A', 'B', 'D', 'C']]","{'A': 4, 'C': 4, 'D': 4, 'B': 3}","[1.0, 1.0, 0.75]",3.96
95,"[3, 4, 5]","[4, 4, 3]","[0.79, 0.88, 0.58]","[['D', 'A', 'C', 'B'], ['C', 'B', 'A', 'D'], ['A', 'D', 'B', 'C']]","{'A': 4, 'C': 4, 'D': 4, 'B': 3}","[1.0, 1.0, 0.75]",3.96
95,"[3, 4, 5]","[4, 4, 3]","[0.79, 0.88, 0.58]","[['D', 'A', 'C', 'B'], ['C', 'B', 'A', 'D'], ['B', 'A', 'D', 'C']]","{'A': 4, 'C': 4, 'D': 4, 'B': 3}","[1.0, 1.0, 0.75]",3.96
95,"[3, 4, 5]","[4, 4, 3]","[0.79, 0.88, 0.58]","[['D', 'A', 'C', 'B'], ['C', 'B', 'A', 'D'], ['B', 'D', 'A', 'C']]","{'A': 4, 'C': 4, 'D': 4, 'B': 3}","[1.0, 1.0, 0.75]",3.96
95,"[3, 4, 5]","[4, 4, 3]","[0.79, 0.88, 0.58]","[['D', 'A', 'C', 'B'], ['C', 'B', 'A', 'D'], ['D', 'A', 'B', 'C']]","{'A': 4, 'C': 4, 'D': 4, 'B': 3}","[1.0, 1.0, 0.75]",3.96
95,"[3, 4, 5]","[4, 4, 3]","[0.79, 0.88, 0.58]","[['D', 'A', 'C', 'B'], ['C', 'B', 'A', 'D'], ['D', 'B', 'A', 'C']]","{'A': 4, 'C': 4, 'D': 4, 'B': 3}","[1.0, 1.0, 0.75]",3.96
95,"[3, 4, 5]","[4, 4, 3]","[0.79, 0.88, 0.58]","[['D', 'A', 'C', 'B'], ['D', 'A', 'B', 'C'], ['A', 'B', 'C', 'D']]","{'A': 4, 'C': 4, 'D': 4, 'B': 3}","[1.0, 1.0, 0.75]",3.96
95,"[3, 4, 5]","[4, 4, 3]","[0.79, 0.88, 0.58]","[['D', 'A', 'C', 'B'], ['D', 'A', 'B', 'C'], ['A', 'C', 'B', 'D']]","{'A': 4, 'C': 4, 'D': 4, 'B': 3}","[1.0, 1.0, 0.75]",3.96
95,"[3, 4, 5]","[4, 4, 3]","[0.79, 0.88, 0.58]","[['D', 'A', 'C', 'B'], ['D', 'A', 'B', 'C'], ['B', 'A', 'C', 'D']]","{'A': 4, 'C': 4, 'D': 4, 'B': 3}","[1.0, 1.0, 0.75]",3.96
95,"[3, 4, 5]","[4, 4, 3]","[0.79, 0.88, 0.58]","[['D', 'A', 'C', 'B'], ['D', 'A', 'B', 'C'], ['B', 'C', 'A', 'D']]","{'A': 4, 'C': 4, 'D': 4, 'B': 3}","[1.0, 1.0, 0.75]",3.96
95,"[3, 4, 5]","[4, 4, 3]","[0.79, 0.88, 0.58]","[['D', 'A', 'C', 'B'], ['D', 'A', 'B', 'C'], ['C', 'A', 'B', 'D']]","{'A': 4, 'C': 4, 'D': 4, 'B': 3}","[1.0, 1.0, 0.75]",3.96
95,"[3, 4, 5]","[4, 4, 3]","[0.79, 0.88, 0.58]","[['D', 'A', 'C', 'B'], ['D', 'A', 'B', 'C'], ['C', 'B', 'A', 'D']]","{'A': 4, 'C': 4, 'D': 4, 'B': 3}","[1.0, 1.0, 0.75]",3.96
95,"[3, 4, 5]","[4, 4, 3]","[0.79, 0.88, 0.58]","[['D', 'A', 'C', 'B'], ['D', 'B', 'A', 'C'], ['A', 'B', 'C', 'D']]","{'A': 4, 'C': 4, 'D': 4, 'B': 3}","[1.0, 1.0, 0.75]",3.96
95,"[3, 4, 5]","[4, 4, 3]","[0.79, 0.88, 0.58]","[['D', 'A', 'C', 'B'], ['D', 'B', 'A', 'C'], ['A', 'C', 'B', 'D']]","{'A': 4, 'C': 4, 'D': 4, 'B': 3}","[1.0, 1.0, 0.75]",3.96
95,"[3, 4, 5]","[4, 4, 3]","[0.79, 0.88, 0.58]","[['D', 'A', 'C', 'B'], ['D', 'B', 'A', 'C'], ['B', 'A', 'C', 'D']]","{'A': 4, 'C': 4, 'D': 4, 'B': 3}","[1.0, 1.0, 0.75]",3.96
95,"[3, 4, 5]","[4, 4, 3]","[0.79, 0.88, 0.58]","[['D', 'A', 'C', 'B'], ['D', 'B', 'A', 'C'], ['B', 'C', 'A', 'D']]","{'A': 4, 'C': 4, 'D': 4, 'B': 3}","[1.0, 1.0, 0.75]",3.96
95,"[3, 4, 5]","[4, 4, 3]","[0.79, 0.88, 0.58]","[['D', 'A', 'C', 'B'], ['D', 'B', 'A', 'C'], ['C', 'A', 'B', 'D']]","{'A': 4, 'C': 4, 'D': 4, 'B': 3}","[1.0, 1.0, 0.75]",3.96
95,"[3, 4, 5]","[4, 4, 3]","[0.79, 0.88, 0.58]","[['D', 'A', 'C', 'B'], ['D', 'B', 'A', 'C'], ['C', 'B', 'A', 'D']]","{'A': 4, 'C': 4, 'D': 4, 'B': 3}","[1.0, 1.0, 0.75]",3.96
95,"[3, 4, 5]","[4, 4, 3]","[0.79, 0.88, 0.58]","[['D', 'B', 'A', 'C'], ['A', 'B', 'C', 'D'], ['A', 'C', 'D', 'B']]","{'A': 4, 'C': 4, 'D': 4, 'B': 3}","[1.0, 1.0, 0.75]",3.96
95,"[3, 4, 5]","[4, 4, 3]","[0.79, 0.88, 0.58]","[['D', 'B', 'A', 'C'], ['A', 'B', 'C', 'D'], ['A', 'D', 'C', 'B']]","{'A': 4, 'C': 4, 'D': 4, 'B': 3}","[1.0, 1.0, 0.75]",3.96
95,"[3, 4, 5]","[4, 4, 3]","[0.79, 0.88, 0.58]","[['D', 'B', 'A', 'C'], ['A', 'B', 'C', 'D'], ['C', 'A', 'D', 'B']]","{'A': 4, 'C': 4, 'D': 4, 'B': 3}","[1.0, 1.0, 0.75]",3.96
95,"[3, 4, 5]","[4, 4, 3]","[0.79, 0.88, 0.58]","[['D', 'B', 'A', 'C'], ['A', 'B', 'C', 'D'], ['C', 'D', 'A', 'B']]","{'A': 4, 'C': 4, 'D': 4, 'B': 3}","[1.0, 1.0, 0.75]",3.96
95,"[3, 4, 5]","[4, 4, 3]","[0.79, 0.88, 0.58]","[['D', 'B', 'A', 'C'], ['A', 'B', 'C', 'D'], ['D', 'A', 'C', 'B']]","{'A': 4, 'C': 4, 'D': 4, 'B': 3}","[1.0, 1.0, 0.75]",3.96
95,"[3, 4, 5]","[4, 4, 3]","[0.79, 0.88, 0.58]","[['D', 'B', 'A', 'C'], ['A', 'B', 'C', 'D'], ['D', 'C', 'A', 'B']]","{'A': 4, 'C': 4, 'D': 4, 'B': 3}","[1.0, 1.0, 0.75]",3.96
95,"[3, 4, 5]","[4, 4, 3]","[0.79, 0.88, 0.58]","[['D', 'B', 'A', 'C'], ['A', 'C', 'B', 'D'], ['A', 'C', 'D', 'B']]","{'A': 4, 'C': 4, 'D': 4, 'B': 3}","[1.0, 1.0, 0.75]",3.96
95,"[3, 4, 5]","[4, 4, 3]","[0.79, 0.88, 0.58]","[['D', 'B', 'A', 'C'], ['A', 'C', 'B', 'D'], ['A', 'D', 'C', 'B']]","{'A': 4, 'C': 4, 'D': 4, 'B': 3}","[1.0, 1.0, 0.75]",3.96
95,"[3, 4, 5]","[4, 4, 3]","[0.79, 0.88, 0.58]","[['D', 'B', 'A', 'C'], ['A', 'C', 'B', 'D'], ['C', 'A', 'D', 'B']]","{'A': 4, 'C': 4, 'D': 4, 'B': 3}","[1.0, 1.0, 0.75]",3.96
95,"[3, 4, 5]","[4, 4, 3]","[0.79, 0.88, 0.58]","[['D', 'B', 'A', 'C'], ['A', 'C', 'B', 'D'], ['C', 'D', 'A', 'B']]","{'A': 4, 'C': 4, 'D': 4, 'B': 3}","[1.0, 1.0, 0.75]",3.96
95,"[3, 4, 5]","[4, 4, 3]","[0.79, 0.88, 0.58]","[['D', 'B', 'A', 'C'], ['A', 'C', 'B', 'D'], ['D', 'A', 'C', 'B']]","{'A': 4, 'C': 4, 'D': 4, 'B': 3}","[1.0, 1.0, 0.75]",3.96
95,"[3, 4, 5]","[4, 4, 3]","[0.79, 0.88, 0.58]","[['D', 'B', 'A', 'C'], ['A', 'C', 'B', 'D'], ['D', 'C', 'A', 'B']]","{'A': 4, 'C': 4, 'D': 4, 'B': 3}","[1.0, 1.0, 0.75]",3.96
95,"[3, 4, 5]","[4, 4, 3]","[0.79, 0.88, 0.58]","[['D', 'B', 'A', 'C'], ['A', 'C', 'D', 'B'], ['A', 'B', 'C', 'D']]","{'A': 4, 'C': 4, 'D': 4, 'B': 3}","[1.0, 1.0, 0.75]",3.96
95,"[3, 4, 5]","[4, 4, 3]","[0.79, 0.88, 0.58]","[['D', 'B', 'A', 'C'], ['A', 'C', 'D', 'B'], ['A', 'C', 'B', 'D']]","{'A': 4, 'C': 4, 'D': 4, 'B': 3}","[1.0, 1.0, 0.75]",3.96
95,"[3, 4, 5]","[4, 4, 3]","[0.79, 0.88, 0.58]","[['D', 'B', 'A', 'C'], ['A', 'C', 'D', 'B'], ['B', 'A', 'C', 'D']]","{'A': 4, 'C': 4, 'D': 4, 'B': 3}","[1.0, 1.0, 0.75]",3.96
95,"[3, 4, 5]","[4, 4, 3]","[0.79, 0.88, 0.58]","[['D', 'B', 'A', 'C'], ['A', 'C', 'D', 'B'], ['B', 'C', 'A', 'D']]","{'A': 4, 'C': 4, 'D': 4, 'B': 3}","[1.0, 1.0, 0.75]",3.96
95,"[3, 4, 5]","[4, 4, 3]","[0.79, 0.88, 0.58]","[['D', 'B', 'A', 'C'], ['A', 'C', 'D', 'B'], ['C', 'A', 'B', 'D']]","{'A': 4, 'C': 4, 'D': 4, 'B': 3}","[1.0, 1.0, 0.75]",3.96
95,"[3, 4, 5]","[4, 4, 3]","[0.79, 0.88, 0.58]","[['D', 'B', 'A', 'C'], ['A', 'C', 'D', 'B'], ['C', 'B', 'A', 'D']]","{'A': 4, 'C': 4, 'D': 4, 'B': 3}","[1.0, 1.0, 0.75]",3.96
95,"[3, 4, 5]","[4, 4, 3]","[0.79, 0.88, 0.58]","[['D', 'B', 'A', 'C'], ['A', 'D', 'C', 'B'], ['A', 'B', 'C', 'D']]","{'A': 4, 'C': 4, 'D': 4, 'B': 3}","[1.0, 1.0, 0.75]",3.96
95,"[3, 4, 5]","[4, 4, 3]","[0.79, 0.88, 0.58]","[['D', 'B', 'A', 'C'], ['A', 'D', 'C', 'B'], ['A', 'C', 'B', 'D']]","{'A': 4, 'C': 4, 'D': 4, 'B': 3}","[1.0, 1.0, 0.75]",3.96
95,"[3, 4, 5]","[4, 4, 3]","[0.79, 0.88, 0.58]","[['D', 'B', 'A', 'C'], ['A', 'D', 'C', 'B'], ['B', 'A', 'C', 'D']]","{'A': 4, 'C': 4, 'D': 4, 'B': 3}","[1.0, 1.0, 0.75]",3.96
95,"[3, 4, 5]","[4, 4, 3]","[0.79, 0.88, 0.58]","[['D', 'B', 'A', 'C'], ['A', 'D', 'C', 'B'], ['B', 'C', 'A', 'D']]","{'A': 4, 'C': 4, 'D': 4, 'B': 3}","[1.0, 1.0, 0.75]",3.96
95,"[3, 4, 5]","[4, 4, 3]","[0.79, 0.88, 0.58]","[['D', 'B', 'A', 'C'], ['A', 'D', 'C', 'B'], ['C', 'A', 'B', 'D']]","{'A': 4, 'C': 4, 'D': 4, 'B': 3}","[1.0, 1.0, 0.75]",3.96
95,"[3, 4, 5]","[4, 4, 3]","[0.79, 0.88, 0.58]","[['D', 'B', 'A', 'C'], ['A', 'D', 'C', 'B'], ['C', 'B', 'A', 'D']]","{'A': 4, 'C': 4, 'D': 4, 'B': 3}","[1.0, 1.0, 0.75]",3.96
95,"[3, 4, 5]","[4, 4, 3]","[0.79, 0.88, 0.58]","[['D', 'B', 'A', 'C'], ['B', 'A', 'C', 'D'], ['A', 'C', 'D', 'B']]","{'A': 4, 'C': 4, 'D': 4, 'B': 3}","[1.0, 1.0, 0.75]",3.96
95,"[3, 4, 5]","[4, 4, 3]","[0.79, 0.88, 0.58]","[['D', 'B', 'A', 'C'], ['B', 'A', 'C', 'D'], ['A', 'D', 'C', 'B']]","{'A': 4, 'C': 4, 'D': 4, 'B': 3}","[1.0, 1.0, 0.75]",3.96
95,"[3, 4, 5]","[4, 4, 3]","[0.79, 0.88, 0.58]","[['D', 'B', 'A', 'C'], ['B', 'A', 'C', 'D'], ['C', 'A', 'D', 'B']]","{'A': 4, 'C': 4, 'D': 4, 'B': 3}","[1.0, 1.0, 0.75]",3.96
95,"[3, 4, 5]","[4, 4, 3]","[0.79, 0.88, 0.58]","[['D', 'B', 'A', 'C'], ['B', 'A', 'C', 'D'], ['C', 'D', 'A', 'B']]","{'A': 4, 'C': 4, 'D': 4, 'B': 3}","[1.0, 1.0, 0.75]",3.96
95,"[3, 4, 5]","[4, 4, 3]","[0.79, 0.88, 0.58]","[['D', 'B', 'A', 'C'], ['B', 'A', 'C', 'D'], ['D', 'A', 'C', 'B']]","{'A': 4, 'C': 4, 'D': 4, 'B': 3}","[1.0, 1.0, 0.75]",3.96
95,"[3, 4, 5]","[4, 4, 3]","[0.79, 0.88, 0.58]","[['D', 'B', 'A', 'C'], ['B', 'A', 'C', 'D'], ['D', 'C', 'A', 'B']]","{'A': 4, 'C': 4, 'D': 4, 'B': 3}","[1.0, 1.0, 0.75]",3.96
95,"[3, 4, 5]","[4, 4, 3]","[0.79, 0.88, 0.58]","[['D', 'B', 'A', 'C'], ['B', 'C', 'A', 'D'], ['A', 'C', 'D', 'B']]","{'A': 4, 'C': 4, 'D': 4, 'B': 3}","[1.0, 1.0, 0.75]",3.96
95,"[3, 4, 5]","[4, 4, 3]","[0.79, 0.88, 0.58]","[['D', 'B', 'A', 'C'], ['B', 'C', 'A', 'D'], ['A', 'D', 'C', 'B']]","{'A': 4, 'C': 4, 'D': 4, 'B': 3}","[1.0, 1.0, 0.75]",3.96
95,"[3, 4, 5]","[4, 4, 3]","[0.79, 0.88, 0.58]","[['D', 'B', 'A', 'C'], ['B', 'C', 'A', 'D'], ['C', 'A', 'D', 'B']]","{'A': 4, 'C': 4, 'D': 4, 'B': 3}","[1.0, 1.0, 0.75]",3.96
95,"[3, 4, 5]","[4, 4, 3]","[0.79, 0.88, 0.58]","[['D', 'B', 'A', 'C'], ['B', 'C', 'A', 'D'], ['C', 'D', 'A', 'B']]","{'A': 4, 'C': 4, 'D': 4, 'B': 3}","[1.0, 1.0, 0.75]",3.96
95,"[3, 4, 5]","[4, 4, 3]","[0.79, 0.88, 0.58]","[['D', 'B', 'A', 'C'], ['B', 'C', 'A', 'D'], ['D', 'A', 'C', 'B']]","{'A': 4, 'C': 4, 'D': 4, 'B': 3}","[1.0, 1.0, 0.75]",3.96
95,"[3, 4, 5]","[4, 4, 3]","[0.79, 0.88, 0.58]","[['D', 'B', 'A', 'C'], ['B', 'C', 'A', 'D'], ['D', 'C', 'A', 'B']]","{'A': 4, 'C': 4, 'D': 4, 'B': 3}","[1.0, 1.0, 0.75]",3.96
95,"[3, 4, 5]","[4, 4, 3]","[0.79, 0.88, 0.58]","[['D', 'B', 'A', 'C'], ['C', 'A', 'B', 'D'], ['A', 'C', 'D', 'B']]","{'A': 4, 'C': 4, 'D': 4, 'B': 3}","[1.0, 1.0, 0.75]",3.96
95,"[3, 4, 5]","[4, 4, 3]","[0.79, 0.88, 0.58]","[['D', 'B', 'A', 'C'], ['C', 'A', 'B', 'D'], ['A', 'D', 'C', 'B']]","{'A': 4, 'C': 4, 'D': 4, 'B': 3}","[1.0, 1.0, 0.75]",3.96
95,"[3, 4, 5]","[4, 4, 3]","[0.79, 0.88, 0.58]","[['D', 'B', 'A', 'C'], ['C', 'A', 'B', 'D'], ['C', 'A', 'D', 'B']]","{'A': 4, 'C': 4, 'D': 4, 'B': 3}","[1.0, 1.0, 0.75]",3.96
95,"[3, 4, 5]","[4, 4, 3]","[0.79, 0.88, 0.58]","[['D', 'B', 'A', 'C'], ['C', 'A', 'B', 'D'], ['C', 'D', 'A', 'B']]","{'A': 4, 'C': 4, 'D': 4, 'B': 3}","[1.0, 1.0, 0.75]",3.96
95,"[3, 4, 5]","[4, 4, 3]","[0.79, 0.88, 0.58]","[['D', 'B', 'A', 'C'], ['C', 'A', 'B', 'D'], ['D', 'A', 'C', 'B']]","{'A': 4, 'C': 4, 'D': 4, 'B': 3}","[1.0, 1.0, 0.75]",3.96
95,"[3, 4, 5]","[4, 4, 3]","[0.79, 0.88, 0.58]","[['D', 'B', 'A', 'C'], ['C', 'A', 'B', 'D'], ['D', 'C', 'A', 'B']]","{'A': 4, 'C': 4, 'D': 4, 'B': 3}","[1.0, 1.0, 0.75]",3.96
95,"[3, 4, 5]","[4, 4, 3]","[0.79, 0.88, 0.58]","[['D', 'B', 'A', 'C'], ['C', 'A', 'D', 'B'], ['A', 'B', 'C', 'D']]","{'A': 4, 'C': 4, 'D': 4, 'B': 3}","[1.0, 1.0, 0.75]",3.96
95,"[3, 4, 5]","[4, 4, 3]","[0.79, 0.88, 0.58]","[['D', 'B', 'A', 'C'], ['C', 'A', 'D', 'B'], ['A', 'C', 'B', 'D']]","{'A': 4, 'C': 4, 'D': 4, 'B': 3}","[1.0, 1.0, 0.75]",3.96
95,"[3, 4, 5]","[4, 4, 3]","[0.79, 0.88, 0.58]","[['D', 'B', 'A', 'C'], ['C', 'A', 'D', 'B'], ['B', 'A', 'C', 'D']]","{'A': 4, 'C': 4, 'D': 4, 'B': 3}","[1.0, 1.0, 0.75]",3.96
95,"[3, 4, 5]","[4, 4, 3]","[0.79, 0.88, 0.58]","[['D', 'B', 'A', 'C'], ['C', 'A', 'D', 'B'], ['B', 'C', 'A', 'D']]","{'A': 4, 'C': 4, 'D': 4, 'B': 3}","[1.0, 1.0, 0.75]",3.96
95,"[3, 4, 5]","[4, 4, 3]","[0.79, 0.88, 0.58]","[['D', 'B', 'A', 'C'], ['C', 'A', 'D', 'B'], ['C', 'A', 'B', 'D']]","{'A': 4, 'C': 4, 'D': 4, 'B': 3}","[1.0, 1.0, 0.75]",3.96
95,"[3, 4, 5]","[4, 4, 3]","[0.79, 0.88, 0.58]","[['D', 'B', 'A', 'C'], ['C', 'A', 'D', 'B'], ['C', 'B', 'A', 'D']]","{'A': 4, 'C': 4, 'D': 4, 'B': 3}","[1.0, 1.0, 0.75]",3.96
95,"[3, 4, 5]","[4, 4, 3]","[0.79, 0.88, 0.58]","[['D', 'B', 'A', 'C'], ['C', 'B', 'A', 'D'], ['A', 'C', 'D', 'B']]","{'A': 4, 'C': 4, 'D': 4, 'B': 3}","[1.0, 1.0, 0.75]",3.96
95,"[3, 4, 5]","[4, 4, 3]","[0.79, 0.88, 0.58]","[['D', 'B', 'A', 'C'], ['C', 'B', 'A', 'D'], ['A', 'D', 'C', 'B']]","{'A': 4, 'C': 4, 'D': 4, 'B': 3}","[1.0, 1.0, 0.75]",3.96
95,"[3, 4, 5]","[4, 4, 3]","[0.79, 0.88, 0.58]","[['D', 'B', 'A', 'C'], ['C', 'B', 'A', 'D'], ['C', 'A', 'D', 'B']]","{'A': 4, 'C': 4, 'D': 4, 'B': 3}","[1.0, 1.0, 0.75]",3.96
95,"[3, 4, 5]","[4, 4, 3]","[0.79, 0.88, 0.58]","[['D', 'B', 'A', 'C'], ['C', 'B', 'A', 'D'], ['C', 'D', 'A', 'B']]","{'A': 4, 'C': 4, 'D': 4, 'B': 3}","[1.0, 1.0, 0.75]",3.96
95,"[3, 4, 5]","[4, 4, 3]","[0.79, 0.88, 0.58]","[['D', 'B', 'A', 'C'], ['C', 'B', 'A', 'D'], ['D', 'A', 'C', 'B']]","{'A': 4, 'C': 4, 'D': 4, 'B': 3}","[1.0, 1.0, 0.75]",3.96
95,"[3, 4, 5]","[4, 4, 3]","[0.79, 0.88, 0.58]","[['D', 'B', 'A', 'C'], ['C', 'B', 'A', 'D'], ['D', 'C', 'A', 'B']]","{'A': 4, 'C': 4, 'D': 4, 'B': 3}","[1.0, 1.0, 0.75]",3.96
95,"[3, 4, 5]","[4, 4, 3]","[0.79, 0.88, 0.58]","[['D', 'B', 'A', 'C'], ['C', 'D', 'A', 'B'], ['A', 'B', 'C', 'D']]","{'A': 4, 'C': 4, 'D': 4, 'B': 3}","[1.0, 1.0, 0.75]",3.96
95,"[3, 4, 5]","[4, 4, 3]","[0.79, 0.88, 0.58]","[['D', 'B', 'A', 'C'], ['C', 'D', 'A', 'B'], ['A', 'C', 'B', 'D']]","{'A': 4, 'C': 4, 'D': 4, 'B': 3}","[1.0, 1.0, 0.75]",3.96
95,"[3, 4, 5]","[4, 4, 3]","[0.79, 0.88, 0.58]","[['D', 'B', 'A', 'C'], ['C', 'D', 'A', 'B'], ['B', 'A', 'C', 'D']]","{'A': 4, 'C': 4, 'D': 4, 'B': 3}","[1.0, 1.0, 0.75]",3.96
95,"[3, 4, 5]","[4, 4, 3]","[0.79, 0.88, 0.58]","[['D', 'B', 'A', 'C'], ['C', 'D', 'A', 'B'], ['B', 'C', 'A', 'D']]","{'A': 4, 'C': 4, 'D': 4, 'B': 3}","[1.0, 1.0, 0.75]",3.96
95,"[3, 4, 5]","[4, 4, 3]","[0.79, 0.88, 0.58]","[['D', 'B', 'A', 'C'], ['C', 'D', 'A', 'B'], ['C', 'A', 'B', 'D']]","{'A': 4, 'C': 4, 'D': 4, 'B': 3}","[1.0, 1.0, 0.75]",3.96
95,"[3, 4, 5]","[4, 4, 3]","[0.79, 0.88, 0.58]","[['D', 'B', 'A', 'C'], ['C', 'D', 'A', 'B'], ['C', 'B', 'A', 'D']]","{'A': 4, 'C': 4, 'D': 4, 'B': 3}","[1.0, 1.0, 0.75]",3.96
95,"[3, 4, 5]","[4, 4, 3]","[0.79, 0.88, 0.58]","[['D', 'B', 'A', 'C'], ['D', 'A', 'C', 'B'], ['A', 'B', 'C', 'D']]","{'A': 4, 'C': 4, 'D': 4, 'B': 3}","[1.0, 1.0, 0.75]",3.96
95,"[3, 4, 5]","[4, 4, 3]","[0.79, 0.88, 0.58]","[['D', 'B', 'A', 'C'], ['D', 'A', 'C', 'B'], ['A', 'C', 'B', 'D']]","{'A': 4, 'C': 4, 'D': 4, 'B': 3}","[1.0, 1.0, 0.75]",3.96
95,"[3, 4, 5]","[4, 4, 3]","[0.79, 0.88, 0.58]","[['D', 'B', 'A', 'C'], ['D', 'A', 'C', 'B'], ['B', 'A', 'C', 'D']]","{'A': 4, 'C': 4, 'D': 4, 'B': 3}","[1.0, 1.0, 0.75]",3.96
95,"[3, 4, 5]","[4, 4, 3]","[0.79, 0.88, 0.58]","[['D', 'B', 'A', 'C'], ['D', 'A', 'C', 'B'], ['B', 'C', 'A', 'D']]","{'A': 4, 'C': 4, 'D': 4, 'B': 3}","[1.0, 1.0, 0.75]",3.96
95,"[3, 4, 5]","[4, 4, 3]","[0.79, 0.88, 0.58]","[['D', 'B', 'A', 'C'], ['D', 'A', 'C', 'B'], ['C', 'A', 'B', 'D']]","{'A': 4, 'C': 4, 'D': 4, 'B': 3}","[1.0, 1.0, 0.75]",3.96
95,"[3, 4, 5]","[4, 4, 3]","[0.79, 0.88, 0.58]","[['D', 'B', 'A', 'C'], ['D', 'A', 'C', 'B'], ['C', 'B', 'A', 'D']]","{'A': 4, 'C': 4, 'D': 4, 'B': 3}","[1.0, 1.0, 0.75]",3.96
95,"[3, 4, 5]","[4, 4, 3]","[0.79, 0.88, 0.58]","[['D', 'B', 'A', 'C'], ['D', 'C', 'A', 'B'], ['A', 'B', 'C', 'D']]","{'A': 4, 'C': 4, 'D': 4, 'B': 3}","[1.0, 1.0, 0.75]",3.96
95,"[3, 4, 5]","[4, 4, 3]","[0.79, 0.88, 0.58]","[['D', 'B', 'A', 'C'], ['D', 'C', 'A', 'B'], ['A', 'C', 'B', 'D']]","{'A': 4, 'C': 4, 'D': 4, 'B': 3}","[1.0, 1.0, 0.75]",3.96
95,"[3, 4, 5]","[4, 4, 3]","[0.79, 0.88, 0.58]","[['D', 'B', 'A', 'C'], ['D', 'C', 'A', 'B'], ['B', 'A', 'C', 'D']]","{'A': 4, 'C': 4, 'D': 4, 'B': 3}","[1.0, 1.0, 0.75]",3.96
95,"[3, 4, 5]","[4, 4, 3]","[0.79, 0.88, 0.58]","[['D', 'B', 'A', 'C'], ['D', 'C', 'A', 'B'], ['B', 'C', 'A', 'D']]","{'A': 4, 'C': 4, 'D': 4, 'B': 3}","[1.0, 1.0, 0.75]",3.96
95,"[3, 4, 5]","[4, 4, 3]","[0.79, 0.88, 0.58]","[['D', 'B', 'A', 'C'], ['D', 'C', 'A', 'B'], ['C', 'A', 'B', 'D']]","{'A': 4, 'C': 4, 'D': 4, 'B': 3}","[1.0, 1.0, 0.75]",3.96
95,"[3, 4, 5]","[4, 4, 3]","[0.79, 0.88, 0.58]","[['D', 'B', 'A', 'C'], ['D', 'C', 'A', 'B'], ['C', 'B', 'A', 'D']]","{'A': 4, 'C': 4, 'D': 4, 'B': 3}","[1.0, 1.0, 0.75]",3.96
95,"[3, 4, 5]","[4, 4, 3]","[0.79, 0.88, 0.58]","[['D', 'C', 'A', 'B'], ['A', 'B', 'C', 'D'], ['A', 'B', 'D', 'C']]","{'A': 4, 'C': 4, 'D': 4, 'B': 3}","[1.0, 1.0, 0.75]",3.96
95,"[3, 4, 5]","[4, 4, 3]","[0.79, 0.88, 0.58]","[['D', 'C', 'A', 'B'], ['A', 'B', 'C', 'D'], ['A', 'D', 'B', 'C']]","{'A': 4, 'C': 4, 'D': 4, 'B': 3}","[1.0, 1.0, 0.75]",3.96
95,"[3, 4, 5]","[4, 4, 3]","[0.79, 0.88, 0.58]","[['D', 'C', 'A', 'B'], ['A', 'B', 'C', 'D'], ['B', 'A', 'D', 'C']]","{'A': 4, 'C': 4, 'D': 4, 'B': 3}","[1.0, 1.0, 0.75]",3.96
95,"[3, 4, 5]","[4, 4, 3]","[0.79, 0.88, 0.58]","[['D', 'C', 'A', 'B'], ['A', 'B', 'C', 'D'], ['B', 'D', 'A', 'C']]","{'A': 4, 'C': 4, 'D': 4, 'B': 3}","[1.0, 1.0, 0.75]",3.96
95,"[3, 4, 5]","[4, 4, 3]","[0.79, 0.88, 0.58]","[['D', 'C', 'A', 'B'], ['A', 'B', 'C', 'D'], ['D', 'A', 'B', 'C']]","{'A': 4, 'C': 4, 'D': 4, 'B': 3}","[1.0, 1.0, 0.75]",3.96
95,"[3, 4, 5]","[4, 4, 3]","[0.79, 0.88, 0.58]","[['D', 'C', 'A', 'B'], ['A', 'B', 'C', 'D'], ['D', 'B', 'A', 'C']]","{'A': 4, 'C': 4, 'D': 4, 'B': 3}","[1.0, 1.0, 0.75]",3.96
95,"[3, 4, 5]","[4, 4, 3]","[0.79, 0.88, 0.58]","[['D', 'C', 'A', 'B'], ['A', 'B', 'D', 'C'], ['A', 'B', 'C', 'D']]","{'A': 4, 'C': 4, 'D': 4, 'B': 3}","[1.0, 1.0, 0.75]",3.96
95,"[3, 4, 5]","[4, 4, 3]","[0.79, 0.88, 0.58]","[['D', 'C', 'A', 'B'], ['A', 'B', 'D', 'C'], ['A', 'C', 'B', 'D']]","{'A': 4, 'C': 4, 'D': 4, 'B': 3}","[1.0, 1.0, 0.75]",3.96
95,"[3, 4, 5]","[4, 4, 3]","[0.79, 0.88, 0.58]","[['D', 'C', 'A', 'B'], ['A', 'B', 'D', 'C'], ['B', 'A', 'C', 'D']]","{'A': 4, 'C': 4, 'D': 4, 'B': 3}","[1.0, 1.0, 0.75]",3.96
95,"[3, 4, 5]","[4, 4, 3]","[0.79, 0.88, 0.58]","[['D', 'C', 'A', 'B'], ['A', 'B', 'D', 'C'], ['B', 'C', 'A', 'D']]","{'A': 4, 'C': 4, 'D': 4, 'B': 3}","[1.0, 1.0, 0.75]",3.96
95,"[3, 4, 5]","[4, 4, 3]","[0.79, 0.88, 0.58]","[['D', 'C', 'A', 'B'], ['A', 'B', 'D', 'C'], ['C', 'A', 'B', 'D']]","{'A': 4, 'C': 4, 'D': 4, 'B': 3}","[1.0, 1.0, 0.75]",3.96
95,"[3, 4, 5]","[4, 4, 3]","[0.79, 0.88, 0.58]","[['D', 'C', 'A', 'B'], ['A', 'B', 'D', 'C'], ['C', 'B', 'A', 'D']]","{'A': 4, 'C': 4, 'D': 4, 'B': 3}","[1.0, 1.0, 0.75]",3.96
95,"[3, 4, 5]","[4, 4, 3]","[0.79, 0.88, 0.58]","[['D', 'C', 'A', 'B'], ['A', 'C', 'B', 'D'], ['A', 'B', 'D', 'C']]","{'A': 4, 'C': 4, 'D': 4, 'B': 3}","[1.0, 1.0, 0.75]",3.96
95,"[3, 4, 5]","[4, 4, 3]","[0.79, 0.88, 0.58]","[['D', 'C', 'A', 'B'], ['A', 'C', 'B', 'D'], ['A', 'D', 'B', 'C']]","{'A': 4, 'C': 4, 'D': 4, 'B': 3}","[1.0, 1.0, 0.75]",3.96
95,"[3, 4, 5]","[4, 4, 3]","[0.79, 0.88, 0.58]","[['D', 'C', 'A', 'B'], ['A', 'C', 'B', 'D'], ['B', 'A', 'D', 'C']]","{'A': 4, 'C': 4, 'D': 4, 'B': 3}","[1.0, 1.0, 0.75]",3.96
95,"[3, 4, 5]","[4, 4, 3]","[0.79, 0.88, 0.58]","[['D', 'C', 'A', 'B'], ['A', 'C', 'B', 'D'], ['B', 'D', 'A', 'C']]","{'A': 4, 'C': 4, 'D': 4, 'B': 3}","[1.0, 1.0, 0.75]",3.96
95,"[3, 4, 5]","[4, 4, 3]","[0.79, 0.88, 0.58]","[['D', 'C', 'A', 'B'], ['A', 'C', 'B', 'D'], ['D', 'A', 'B', 'C']]","{'A': 4, 'C': 4, 'D': 4, 'B': 3}","[1.0, 1.0, 0.75]",3.96
95,"[3, 4, 5]","[4, 4, 3]","[0.79, 0.88, 0.58]","[['D', 'C', 'A', 'B'], ['A', 'C', 'B', 'D'], ['D', 'B', 'A', 'C']]","{'A': 4, 'C': 4, 'D': 4, 'B': 3}","[1.0, 1.0, 0.75]",3.96
95,"[3, 4, 5]","[4, 4, 3]","[0.79, 0.88, 0.58]","[['D', 'C', 'A', 'B'], ['A', 'D', 'B', 'C'], ['A', 'B', 'C', 'D']]","{'A': 4, 'C': 4, 'D': 4, 'B': 3}","[1.0, 1.0, 0.75]",3.96
95,"[3, 4, 5]","[4, 4, 3]","[0.79, 0.88, 0.58]","[['D', 'C', 'A', 'B'], ['A', 'D', 'B', 'C'], ['A', 'C', 'B', 'D']]","{'A': 4, 'C': 4, 'D': 4, 'B': 3}","[1.0, 1.0, 0.75]",3.96
95,"[3, 4, 5]","[4, 4, 3]","[0.79, 0.88, 0.58]","[['D', 'C', 'A', 'B'], ['A', 'D', 'B', 'C'], ['B', 'A', 'C', 'D']]","{'A': 4, 'C': 4, 'D': 4, 'B': 3}","[1.0, 1.0, 0.75]",3.96
95,"[3, 4, 5]","[4, 4, 3]","[0.79, 0.88, 0.58]","[['D', 'C', 'A', 'B'], ['A', 'D', 'B', 'C'], ['B', 'C', 'A', 'D']]","{'A': 4, 'C': 4, 'D': 4, 'B': 3}","[1.0, 1.0, 0.75]",3.96
95,"[3, 4, 5]","[4, 4, 3]","[0.79, 0.88, 0.58]","[['D', 'C', 'A', 'B'], ['A', 'D', 'B', 'C'], ['C', 'A', 'B', 'D']]","{'A': 4, 'C': 4, 'D': 4, 'B': 3}","[1.0, 1.0, 0.75]",3.96
95,"[3, 4, 5]","[4, 4, 3]","[0.79, 0.88, 0.58]","[['D', 'C', 'A', 'B'], ['A', 'D', 'B', 'C'], ['C', 'B', 'A', 'D']]","{'A': 4, 'C': 4, 'D': 4, 'B': 3}","[1.0, 1.0, 0.75]",3.96
95,"[3, 4, 5]","[4, 4, 3]","[0.79, 0.88, 0.58]","[['D', 'C', 'A', 'B'], ['B', 'A', 'C', 'D'], ['A', 'B', 'D', 'C']]","{'A': 4, 'C': 4, 'D': 4, 'B': 3}","[1.0, 1.0, 0.75]",3.96
95,"[3, 4, 5]","[4, 4, 3]","[0.79, 0.88, 0.58]","[['D', 'C', 'A', 'B'], ['B', 'A', 'C', 'D'], ['A', 'D', 'B', 'C']]","{'A': 4, 'C': 4, 'D': 4, 'B': 3}","[1.0, 1.0, 0.75]",3.96
95,"[3, 4, 5]","[4, 4, 3]","[0.79, 0.88, 0.58]","[['D', 'C', 'A', 'B'], ['B', 'A', 'C', 'D'], ['B', 'A', 'D', 'C']]","{'A': 4, 'C': 4, 'D': 4, 'B': 3}","[1.0, 1.0, 0.75]",3.96
95,"[3, 4, 5]","[4, 4, 3]","[0.79, 0.88, 0.58]","[['D', 'C', 'A', 'B'], ['B', 'A', 'C', 'D'], ['B', 'D', 'A', 'C']]","{'A': 4, 'C': 4, 'D': 4, 'B': 3}","[1.0, 1.0, 0.75]",3.96
95,"[3, 4, 5]","[4, 4, 3]","[0.79, 0.88, 0.58]","[['D', 'C', 'A', 'B'], ['B', 'A', 'C', 'D'], ['D', 'A', 'B', 'C']]","{'A': 4, 'C': 4, 'D': 4, 'B': 3}","[1.0, 1.0, 0.75]",3.96
95,"[3, 4, 5]","[4, 4, 3]","[0.79, 0.88, 0.58]","[['D', 'C', 'A', 'B'], ['B', 'A', 'C', 'D'], ['D', 'B', 'A', 'C']]","{'A': 4, 'C': 4, 'D': 4, 'B': 3}","[1.0, 1.0, 0.75]",3.96
95,"[3, 4, 5]","[4, 4, 3]","[0.79, 0.88, 0.58]","[['D', 'C', 'A', 'B'], ['B', 'A', 'D', 'C'], ['A', 'B', 'C', 'D']]","{'A': 4, 'C': 4, 'D': 4, 'B': 3}","[1.0, 1.0, 0.75]",3.96
95,"[3, 4, 5]","[4, 4, 3]","[0.79, 0.88, 0.58]","[['D', 'C', 'A', 'B'], ['B', 'A', 'D', 'C'], ['A', 'C', 'B', 'D']]","{'A': 4, 'C': 4, 'D': 4, 'B': 3}","[1.0, 1.0, 0.75]",3.96
95,"[3, 4, 5]","[4, 4, 3]","[0.79, 0.88, 0.58]","[['D', 'C', 'A', 'B'], ['B', 'A', 'D', 'C'], ['B', 'A', 'C', 'D']]","{'A': 4, 'C': 4, 'D': 4, 'B': 3}","[1.0, 1.0, 0.75]",3.96
95,"[3, 4, 5]","[4, 4, 3]","[0.79, 0.88, 0.58]","[['D', 'C', 'A', 'B'], ['B', 'A', 'D', 'C'], ['B', 'C', 'A', 'D']]","{'A': 4, 'C': 4, 'D': 4, 'B': 3}","[1.0, 1.0, 0.75]",3.96
95,"[3, 4, 5]","[4, 4, 3]","[0.79, 0.88, 0.58]","[['D', 'C', 'A', 'B'], ['B', 'A', 'D', 'C'], ['C', 'A', 'B', 'D']]","{'A': 4, 'C': 4, 'D': 4, 'B': 3}","[1.0, 1.0, 0.75]",3.96
95,"[3, 4, 5]","[4, 4, 3]","[0.79, 0.88, 0.58]","[['D', 'C', 'A', 'B'], ['B', 'A', 'D', 'C'], ['C', 'B', 'A', 'D']]","{'A': 4, 'C': 4, 'D': 4, 'B': 3}","[1.0, 1.0, 0.75]",3.96
95,"[3, 4, 5]","[4, 4, 3]","[0.79, 0.88, 0.58]","[['D', 'C', 'A', 'B'], ['B', 'C', 'A', 'D'], ['A', 'B', 'D', 'C']]","{'A': 4, 'C': 4, 'D': 4, 'B': 3}","[1.0, 1.0, 0.75]",3.96
95,"[3, 4, 5]","[4, 4, 3]","[0.79, 0.88, 0.58]","[['D', 'C', 'A', 'B'], ['B', 'C', 'A', 'D'], ['A', 'D', 'B', 'C']]","{'A': 4, 'C': 4, 'D': 4, 'B': 3}","[1.0, 1.0, 0.75]",3.96
95,"[3, 4, 5]","[4, 4, 3]","[0.79, 0.88, 0.58]","[['D', 'C', 'A', 'B'], ['B', 'C', 'A', 'D'], ['B', 'A', 'D', 'C']]","{'A': 4, 'C': 4, 'D': 4, 'B': 3}","[1.0, 1.0, 0.75]",3.96
95,"[3, 4, 5]","[4, 4, 3]","[0.79, 0.88, 0.58]","[['D', 'C', 'A', 'B'], ['B', 'C', 'A', 'D'], ['B', 'D', 'A', 'C']]","{'A': 4, 'C': 4, 'D': 4, 'B': 3}","[1.0, 1.0, 0.75]",3.96
95,"[3, 4, 5]","[4, 4, 3]","[0.79, 0.88, 0.58]","[['D', 'C', 'A', 'B'], ['B', 'C', 'A', 'D'], ['D', 'A', 'B', 'C']]","{'A': 4, 'C': 4, 'D': 4, 'B': 3}","[1.0, 1.0, 0.75]",3.96
95,"[3, 4, 5]","[4, 4, 3]","[0.79, 0.88, 0.58]","[['D', 'C', 'A', 'B'], ['B', 'C', 'A', 'D'], ['D', 'B', 'A', 'C']]","{'A': 4, 'C': 4, 'D': 4, 'B': 3}","[1.0, 1.0, 0.75]",3.96
95,"[3, 4, 5]","[4, 4, 3]","[0.79, 0.88, 0.58]","[['D', 'C', 'A', 'B'], ['B', 'D', 'A', 'C'], ['A', 'B', 'C', 'D']]","{'A': 4, 'C': 4, 'D': 4, 'B': 3}","[1.0, 1.0, 0.75]",3.96
95,"[3, 4, 5]","[4, 4, 3]","[0.79, 0.88, 0.58]","[['D', 'C', 'A', 'B'], ['B', 'D', 'A', 'C'], ['A', 'C', 'B', 'D']]","{'A': 4, 'C': 4, 'D': 4, 'B': 3}","[1.0, 1.0, 0.75]",3.96
95,"[3, 4, 5]","[4, 4, 3]","[0.79, 0.88, 0.58]","[['D', 'C', 'A', 'B'], ['B', 'D', 'A', 'C'], ['B', 'A', 'C', 'D']]","{'A': 4, 'C': 4, 'D': 4, 'B': 3}","[1.0, 1.0, 0.75]",3.96
95,"[3, 4, 5]","[4, 4, 3]","[0.79, 0.88, 0.58]","[['D', 'C', 'A', 'B'], ['B', 'D', 'A', 'C'], ['B', 'C', 'A', 'D']]","{'A': 4, 'C': 4, 'D': 4, 'B': 3}","[1.0, 1.0, 0.75]",3.96
95,"[3, 4, 5]","[4, 4, 3]","[0.79, 0.88, 0.58]","[['D', 'C', 'A', 'B'], ['B', 'D', 'A', 'C'], ['C', 'A', 'B', 'D']]","{'A': 4, 'C': 4, 'D': 4, 'B': 3}","[1.0, 1.0, 0.75]",3.96
95,"[3, 4, 5]","[4, 4, 3]","[0.79, 0.88, 0.58]","[['D', 'C', 'A', 'B'], ['B', 'D', 'A', 'C'], ['C', 'B', 'A', 'D']]","{'A': 4, 'C': 4, 'D': 4, 'B': 3}","[1.0, 1.0, 0.75]",3.96
95,"[3, 4, 5]","[4, 4, 3]","[0.79, 0.88, 0.58]","[['D', 'C', 'A', 'B'], ['C', 'A', 'B', 'D'], ['A', 'B', 'D', 'C']]","{'A': 4, 'C': 4, 'D': 4, 'B': 3}","[1.0, 1.0, 0.75]",3.96
95,"[3, 4, 5]","[4, 4, 3]","[0.79, 0.88, 0.58]","[['D', 'C', 'A', 'B'], ['C', 'A', 'B', 'D'], ['A', 'D', 'B', 'C']]","{'A': 4, 'C': 4, 'D': 4, 'B': 3}","[1.0, 1.0, 0.75]",3.96
95,"[3, 4, 5]","[4, 4, 3]","[0.79, 0.88, 0.58]","[['D', 'C', 'A', 'B'], ['C', 'A', 'B', 'D'], ['B', 'A', 'D', 'C']]","{'A': 4, 'C': 4, 'D': 4, 'B': 3}","[1.0, 1.0, 0.75]",3.96
95,"[3, 4, 5]","[4, 4, 3]","[0.79, 0.88, 0.58]","[['D', 'C', 'A', 'B'], ['C', 'A', 'B', 'D'], ['B', 'D', 'A', 'C']]","{'A': 4, 'C': 4, 'D': 4, 'B': 3}","[1.0, 1.0, 0.75]",3.96
95,"[3, 4, 5]","[4, 4, 3]","[0.79, 0.88, 0.58]","[['D', 'C', 'A', 'B'], ['C', 'A', 'B', 'D'], ['D', 'A', 'B', 'C']]","{'A': 4, 'C': 4, 'D': 4, 'B': 3}","[1.0, 1.0, 0.75]",3.96
95,"[3, 4, 5]","[4, 4, 3]","[0.79, 0.88, 0.58]","[['D', 'C', 'A', 'B'], ['C', 'A', 'B', 'D'], ['D', 'B', 'A', 'C']]","{'A': 4, 'C': 4, 'D': 4, 'B': 3}","[1.0, 1.0, 0.75]",3.96
95,"[3, 4, 5]","[4, 4, 3]","[0.79, 0.88, 0.58]","[['D', 'C', 'A', 'B'], ['C', 'B', 'A', 'D'], ['A', 'B', 'D', 'C']]","{'A': 4, 'C': 4, 'D': 4, 'B': 3}","[1.0, 1.0, 0.75]",3.96
95,"[3, 4, 5]","[4, 4, 3]","[0.79, 0.88, 0.58]","[['D', 'C', 'A', 'B'], ['C', 'B', 'A', 'D'], ['A', 'D', 'B', 'C']]","{'A': 4, 'C': 4, 'D': 4, 'B': 3}","[1.0, 1.0, 0.75]",3.96
95,"[3, 4, 5]","[4, 4, 3]","[0.79, 0.88, 0.58]","[['D', 'C', 'A', 'B'], ['C', 'B', 'A', 'D'], ['B', 'A', 'D', 'C']]","{'A': 4, 'C': 4, 'D': 4, 'B': 3}","[1.0, 1.0, 0.75]",3.96
95,"[3, 4, 5]","[4, 4, 3]","[0.79, 0.88, 0.58]","[['D', 'C', 'A', 'B'], ['C', 'B', 'A', 'D'], ['B', 'D', 'A', 'C']]","{'A': 4, 'C': 4, 'D': 4, 'B': 3}","[1.0, 1.0, 0.75]",3.96
95,"[3, 4, 5]","[4, 4, 3]","[0.79, 0.88, 0.58]","[['D', 'C', 'A', 'B'], ['C', 'B', 'A', 'D'], ['D', 'A', 'B', 'C']]","{'A': 4, 'C': 4, 'D': 4, 'B': 3}","[1.0, 1.0, 0.75]",3.96
95,"[3, 4, 5]","[4, 4, 3]","[0.79, 0.88, 0.58]","[['D', 'C', 'A', 'B'], ['C', 'B', 'A', 'D'], ['D', 'B', 'A', 'C']]","{'A': 4, 'C': 4, 'D': 4, 'B': 3}","[1.0, 1.0, 0.75]",3.96
95,"[3, 4, 5]","[4, 4, 3]","[0.79, 0.88, 0.58]","[['D', 'C', 'A', 'B'], ['D', 'A', 'B', 'C'], ['A', 'B', 'C', 'D']]","{'A': 4, 'C': 4, 'D': 4, 'B': 3}","[1.0, 1.0, 0.75]",3.96
95,"[3, 4, 5]","[4, 4, 3]","[0.79, 0.88, 0.58]","[['D', 'C', 'A', 'B'], ['D', 'A', 'B', 'C'], ['A', 'C', 'B', 'D']]","{'A': 4, 'C': 4, 'D': 4, 'B': 3}","[1.0, 1.0, 0.75]",3.96
95,"[3, 4, 5]","[4, 4, 3]","[0.79, 0.88, 0.58]","[['D', 'C', 'A', 'B'], ['D', 'A', 'B', 'C'], ['B', 'A', 'C', 'D']]","{'A': 4, 'C': 4, 'D': 4, 'B': 3}","[1.0, 1.0, 0.75]",3.96
95,"[3, 4, 5]","[4, 4, 3]","[0.79, 0.88, 0.58]","[['D', 'C', 'A', 'B'], ['D', 'A', 'B', 'C'], ['B', 'C', 'A', 'D']]","{'A': 4, 'C': 4, 'D': 4, 'B': 3}","[1.0, 1.0, 0.75]",3.96
95,"[3, 4, 5]","[4, 4, 3]","[0.79, 0.88, 0.58]","[['D', 'C', 'A', 'B'], ['D', 'A', 'B', 'C'], ['C', 'A', 'B', 'D']]","{'A': 4, 'C': 4, 'D': 4, 'B': 3}","[1.0, 1.0, 0.75]",3.96
95,"[3, 4, 5]","[4, 4, 3]","[0.79, 0.88, 0.58]","[['D', 'C', 'A', 'B'], ['D', 'A', 'B', 'C'], ['C', 'B', 'A', 'D']]","{'A': 4, 'C': 4, 'D': 4, 'B': 3}","[1.0, 1.0, 0.75]",3.96
95,"[3, 4, 5]","[4, 4, 3]","[0.79, 0.88, 0.58]","[['D', 'C', 'A', 'B'], ['D', 'B', 'A', 'C'], ['A', 'B', 'C', 'D']]","{'A': 4, 'C': 4, 'D': 4, 'B': 3}","[1.0, 1.0, 0.75]",3.96
95,"[3, 4, 5]","[4, 4, 3]","[0.79, 0.88, 0.58]","[['D', 'C', 'A', 'B'], ['D', 'B', 'A', 'C'], ['A', 'C', 'B', 'D']]","{'A': 4, 'C': 4, 'D': 4, 'B': 3}","[1.0, 1.0, 0.75]",3.96
95,"[3, 4, 5]","[4, 4, 3]","[0.79, 0.88, 0.58]","[['D', 'C', 'A', 'B'], ['D', 'B', 'A', 'C'], ['B', 'A', 'C', 'D']]","{'A': 4, 'C': 4, 'D': 4, 'B': 3}","[1.0, 1.0, 0.75]",3.96
95,"[3, 4, 5]","[4, 4, 3]","[0.79, 0.88, 0.58]","[['D', 'C', 'A', 'B'], ['D', 'B', 'A', 'C'], ['B', 'C', 'A', 'D']]","{'A': 4, 'C': 4, 'D': 4, 'B': 3}","[1.0, 1.0, 0.75]",3.96
95,"[3, 4, 5]","[4, 4, 3]","[0.79, 0.88, 0.58]","[['D', 'C', 'A', 'B'], ['D', 'B', 'A', 'C'], ['C', 'A', 'B', 'D']]","{'A': 4, 'C': 4, 'D': 4, 'B': 3}","[1.0, 1.0, 0.75]",3.96
95,"[3, 4, 5]","[4, 4, 3]","[0.79, 0.88, 0.58]","[['D', 'C', 'A', 'B'], ['D', 'B', 'A', 'C'], ['C', 'B', 'A', 'D']]","{'A': 4, 'C': 4, 'D': 4, 'B': 3}","[1.0, 1.0, 0.75]",3.96
96,"[1, 3]","[5, 5]","[0.75, 0.79]","[['A', 'B', 'D', 'C'], ['A', 'B', 'D', 'C']]","{'D': 5, 'A': 4, 'B': 3, 'C': 3}","[1.0, 1.0]",3.75
96,"[1, 3]","[5, 5]","[0.75, 0.79]","[['A', 'B', 'D', 'C'], ['A', 'C', 'D', 'B']]","{'D': 5, 'A': 4, 'C': 4, 'B': 2}","[1.0, 1.0]",4.0
96,"[1, 3]","[5, 5]","[0.75, 0.79]","[['A', 'B', 'D', 'C'], ['A', 'D', 'B', 'C']]","{'D': 5, 'A': 4, 'B': 3, 'C': 3}","[1.0, 1.0]",3.75
96,"[1, 3]","[5, 5]","[0.75, 0.79]","[['A', 'B', 'D', 'C'], ['A', 'D', 'C', 'B']]","{'D': 5, 'A': 4, 'C': 4, 'B': 2}","[1.0, 1.0]",4.0
96,"[1, 3]","[5, 5]","[0.75, 0.79]","[['A', 'B', 'D', 'C'], ['B', 'A', 'D', 'C']]","{'D': 5, 'A': 4, 'B': 3, 'C': 3}","[1.0, 1.0]",3.75
96,"[1, 3]","[5, 5]","[0.75, 0.79]","[['A', 'B', 'D', 'C'], ['B', 'C', 'D', 'A']]","{'D': 5, 'C': 4, 'A': 3, 'B': 3}","[1.0, 1.0]",4.12
96,"[1, 3]","[5, 5]","[0.75, 0.79]","[['A', 'B', 'D', 'C'], ['B', 'D', 'A', 'C']]","{'D': 5, 'A': 4, 'B': 3, 'C': 3}","[1.0, 1.0]",3.75
96,"[1, 3]","[5, 5]","[0.75, 0.79]","[['A', 'B', 'D', 'C'], ['B', 'D', 'C', 'A']]","{'D': 5, 'C': 4, 'A': 3, 'B': 3}","[1.0, 1.0]",4.12
96,"[1, 3]","[5, 5]","[0.75, 0.79]","[['A', 'B', 'D', 'C'], ['C', 'A', 'D', 'B']]","{'D': 5, 'A': 4, 'C': 4, 'B': 2}","[1.0, 1.0]",4.0
96,"[1, 3]","[5, 5]","[0.75, 0.79]","[['A', 'B', 'D', 'C'], ['C', 'B', 'D', 'A']]","{'D': 5, 'C': 4, 'A': 3, 'B': 3}","[1.0, 1.0]",4.12
96,"[1, 3]","[5, 5]","[0.75, 0.79]","[['A', 'B', 'D', 'C'], ['C', 'D', 'A', 'B']]","{'D': 5, 'A': 4, 'C': 4, 'B': 2}","[1.0, 1.0]",4.0
96,"[1, 3]","[5, 5]","[0.75, 0.79]","[['A', 'B', 'D', 'C'], ['C', 'D', 'B', 'A']]","{'D': 5, 'C': 4, 'A': 3, 'B': 3}","[1.0, 1.0]",4.12
96,"[1, 3]","[5, 5]","[0.75, 0.79]","[['A', 'B', 'D', 'C'], ['D', 'A', 'B', 'C']]","{'D': 5, 'A': 4, 'B': 3, 'C': 3}","[1.0, 1.0]",3.75
96,"[1, 3]","[5, 5]","[0.75, 0.79]","[['A', 'B', 'D', 'C'], ['D', 'A', 'C', 'B']]","{'D': 5, 'A': 4, 'C': 4, 'B': 2}","[1.0, 1.0]",4.0
96,"[1, 3]","[5, 5]","[0.75, 0.79]","[['A', 'B', 'D', 'C'], ['D', 'B', 'A', 'C']]","{'D': 5, 'A': 4, 'B': 3, 'C': 3}","[1.0, 1.0]",3.75
96,"[1, 3]","[5, 5]","[0.75, 0.79]","[['A', 'B', 'D', 'C'], ['D', 'B', 'C', 'A']]","{'D': 5, 'C': 4, 'A': 3, 'B': 3}","[1.0, 1.0]",4.12
96,"[1, 3]","[5, 5]","[0.75, 0.79]","[['A', 'B', 'D', 'C'], ['D', 'C', 'A', 'B']]","{'D': 5, 'A': 4, 'C': 4, 'B': 2}","[1.0, 1.0]",4.0
96,"[1, 3]","[5, 5]","[0.75, 0.79]","[['A', 'B', 'D', 'C'], ['D', 'C', 'B', 'A']]","{'D': 5, 'C': 4, 'A': 3, 'B': 3}","[1.0, 1.0]",4.12
96,"[1, 3]","[5, 5]","[0.75, 0.79]","[['A', 'C', 'D', 'B'], ['A', 'B', 'D', 'C']]","{'D': 5, 'A': 4, 'C': 4, 'B': 2}","[1.0, 1.0]",4.0
96,"[1, 3]","[5, 5]","[0.75, 0.79]","[['A', 'C', 'D', 'B'], ['A', 'D', 'B', 'C']]","{'D': 5, 'A': 4, 'C': 4, 'B': 2}","[1.0, 1.0]",4.0
96,"[1, 3]","[5, 5]","[0.75, 0.79]","[['A', 'C', 'D', 'B'], ['B', 'A', 'D', 'C']]","{'D': 5, 'A': 4, 'C': 4, 'B': 2}","[1.0, 1.0]",4.0
96,"[1, 3]","[5, 5]","[0.75, 0.79]","[['A', 'C', 'D', 'B'], ['B', 'D', 'A', 'C']]","{'D': 5, 'A': 4, 'C': 4, 'B': 2}","[1.0, 1.0]",4.0
96,"[1, 3]","[5, 5]","[0.75, 0.79]","[['A', 'C', 'D', 'B'], ['D', 'A', 'B', 'C']]","{'D': 5, 'A': 4, 'C': 4, 'B': 2}","[1.0, 1.0]",4.0
96,"[1, 3]","[5, 5]","[0.75, 0.79]","[['A', 'C', 'D', 'B'], ['D', 'B', 'A', 'C']]","{'D': 5, 'A': 4, 'C': 4, 'B': 2}","[1.0, 1.0]",4.0
96,"[1, 3]","[5, 5]","[0.75, 0.79]","[['A', 'D', 'B', 'C'], ['A', 'B', 'D', 'C']]","{'D': 5, 'A': 4, 'B': 3, 'C': 3}","[1.0, 1.0]",3.75
96,"[1, 3]","[5, 5]","[0.75, 0.79]","[['A', 'D', 'B', 'C'], ['A', 'C', 'D', 'B']]","{'D': 5, 'A': 4, 'C': 4, 'B': 2}","[1.0, 1.0]",4.0
96,"[1, 3]","[5, 5]","[0.75, 0.79]","[['A', 'D', 'B', 'C'], ['A', 'D', 'B', 'C']]","{'D': 5, 'A': 4, 'B': 3, 'C': 3}","[1.0, 1.0]",3.75
96,"[1, 3]","[5, 5]","[0.75, 0.79]","[['A', 'D', 'B', 'C'], ['A', 'D', 'C', 'B']]","{'D': 5, 'A': 4, 'C': 4, 'B': 2}","[1.0, 1.0]",4.0
96,"[1, 3]","[5, 5]","[0.75, 0.79]","[['A', 'D', 'B', 'C'], ['B', 'A', 'D', 'C']]","{'D': 5, 'A': 4, 'B': 3, 'C': 3}","[1.0, 1.0]",3.75
96,"[1, 3]","[5, 5]","[0.75, 0.79]","[['A', 'D', 'B', 'C'], ['B', 'C', 'D', 'A']]","{'D': 5, 'C': 4, 'A': 3, 'B': 3}","[1.0, 1.0]",4.12
96,"[1, 3]","[5, 5]","[0.75, 0.79]","[['A', 'D', 'B', 'C'], ['B', 'D', 'A', 'C']]","{'D': 5, 'A': 4, 'B': 3, 'C': 3}","[1.0, 1.0]",3.75
96,"[1, 3]","[5, 5]","[0.75, 0.79]","[['A', 'D', 'B', 'C'], ['B', 'D', 'C', 'A']]","{'D': 5, 'C': 4, 'A': 3, 'B': 3}","[1.0, 1.0]",4.12
96,"[1, 3]","[5, 5]","[0.75, 0.79]","[['A', 'D', 'B', 'C'], ['C', 'A', 'D', 'B']]","{'D': 5, 'A': 4, 'C': 4, 'B': 2}","[1.0, 1.0]",4.0
96,"[1, 3]","[5, 5]","[0.75, 0.79]","[['A', 'D', 'B', 'C'], ['C', 'B', 'D', 'A']]","{'D': 5, 'C': 4, 'A': 3, 'B': 3}","[1.0, 1.0]",4.12
96,"[1, 3]","[5, 5]","[0.75, 0.79]","[['A', 'D', 'B', 'C'], ['C', 'D', 'A', 'B']]","{'D': 5, 'A': 4, 'C': 4, 'B': 2}","[1.0, 1.0]",4.0
96,"[1, 3]","[5, 5]","[0.75, 0.79]","[['A', 'D', 'B', 'C'], ['C', 'D', 'B', 'A']]","{'D': 5, 'C': 4, 'A': 3, 'B': 3}","[1.0, 1.0]",4.12
96,"[1, 3]","[5, 5]","[0.75, 0.79]","[['A', 'D', 'B', 'C'], ['D', 'A', 'B', 'C']]","{'D': 5, 'A': 4, 'B': 3, 'C': 3}","[1.0, 1.0]",3.75
96,"[1, 3]","[5, 5]","[0.75, 0.79]","[['A', 'D', 'B', 'C'], ['D', 'A', 'C', 'B']]","{'D': 5, 'A': 4, 'C': 4, 'B': 2}","[1.0, 1.0]",4.0
96,"[1, 3]","[5, 5]","[0.75, 0.79]","[['A', 'D', 'B', 'C'], ['D', 'B', 'A', 'C']]","{'D': 5, 'A': 4, 'B': 3, 'C': 3}","[1.0, 1.0]",3.75
96,"[1, 3]","[5, 5]","[0.75, 0.79]","[['A', 'D', 'B', 'C'], ['D', 'B', 'C', 'A']]","{'D': 5, 'C': 4, 'A': 3, 'B': 3}","[1.0, 1.0]",4.12
96,"[1, 3]","[5, 5]","[0.75, 0.79]","[['A', 'D', 'B', 'C'], ['D', 'C', 'A', 'B']]","{'D': 5, 'A': 4, 'C': 4, 'B': 2}","[1.0, 1.0]",4.0
96,"[1, 3]","[5, 5]","[0.75, 0.79]","[['A', 'D', 'B', 'C'], ['D', 'C', 'B', 'A']]","{'D': 5, 'C': 4, 'A': 3, 'B': 3}","[1.0, 1.0]",4.12
96,"[1, 3]","[5, 5]","[0.75, 0.79]","[['A', 'D', 'C', 'B'], ['A', 'B', 'D', 'C']]","{'D': 5, 'A': 4, 'C': 4, 'B': 2}","[1.0, 1.0]",4.0
96,"[1, 3]","[5, 5]","[0.75, 0.79]","[['A', 'D', 'C', 'B'], ['A', 'D', 'B', 'C']]","{'D': 5, 'A': 4, 'C': 4, 'B': 2}","[1.0, 1.0]",4.0
96,"[1, 3]","[5, 5]","[0.75, 0.79]","[['A', 'D', 'C', 'B'], ['B', 'A', 'D', 'C']]","{'D': 5, 'A': 4, 'C': 4, 'B': 2}","[1.0, 1.0]",4.0
96,"[1, 3]","[5, 5]","[0.75, 0.79]","[['A', 'D', 'C', 'B'], ['B', 'D', 'A', 'C']]","{'D': 5, 'A': 4, 'C': 4, 'B': 2}","[1.0, 1.0]",4.0
96,"[1, 3]","[5, 5]","[0.75, 0.79]","[['A', 'D', 'C', 'B'], ['D', 'A', 'B', 'C']]","{'D': 5, 'A': 4, 'C': 4, 'B': 2}","[1.0, 1.0]",4.0
96,"[1, 3]","[5, 5]","[0.75, 0.79]","[['A', 'D', 'C', 'B'], ['D', 'B', 'A', 'C']]","{'D': 5, 'A': 4, 'C': 4, 'B': 2}","[1.0, 1.0]",4.0
96,"[1, 3]","[5, 5]","[0.75, 0.79]","[['B', 'A', 'D', 'C'], ['A', 'B', 'D', 'C']]","{'D': 5, 'A': 4, 'B': 3, 'C': 3}","[1.0, 1.0]",3.75
96,"[1, 3]","[5, 5]","[0.75, 0.79]","[['B', 'A', 'D', 'C'], ['A', 'C', 'D', 'B']]","{'D': 5, 'A': 4, 'C': 4, 'B': 2}","[1.0, 1.0]",4.0
96,"[1, 3]","[5, 5]","[0.75, 0.79]","[['B', 'A', 'D', 'C'], ['A', 'D', 'B', 'C']]","{'D': 5, 'A': 4, 'B': 3, 'C': 3}","[1.0, 1.0]",3.75
96,"[1, 3]","[5, 5]","[0.75, 0.79]","[['B', 'A', 'D', 'C'], ['A', 'D', 'C', 'B']]","{'D': 5, 'A': 4, 'C': 4, 'B': 2}","[1.0, 1.0]",4.0
96,"[1, 3]","[5, 5]","[0.75, 0.79]","[['B', 'A', 'D', 'C'], ['B', 'A', 'D', 'C']]","{'D': 5, 'A': 4, 'B': 3, 'C': 3}","[1.0, 1.0]",3.75
96,"[1, 3]","[5, 5]","[0.75, 0.79]","[['B', 'A', 'D', 'C'], ['B', 'C', 'D', 'A']]","{'D': 5, 'C': 4, 'A': 3, 'B': 3}","[1.0, 1.0]",4.12
96,"[1, 3]","[5, 5]","[0.75, 0.79]","[['B', 'A', 'D', 'C'], ['B', 'D', 'A', 'C']]","{'D': 5, 'A': 4, 'B': 3, 'C': 3}","[1.0, 1.0]",3.75
96,"[1, 3]","[5, 5]","[0.75, 0.79]","[['B', 'A', 'D', 'C'], ['B', 'D', 'C', 'A']]","{'D': 5, 'C': 4, 'A': 3, 'B': 3}","[1.0, 1.0]",4.12
96,"[1, 3]","[5, 5]","[0.75, 0.79]","[['B', 'A', 'D', 'C'], ['C', 'A', 'D', 'B']]","{'D': 5, 'A': 4, 'C': 4, 'B': 2}","[1.0, 1.0]",4.0
96,"[1, 3]","[5, 5]","[0.75, 0.79]","[['B', 'A', 'D', 'C'], ['C', 'B', 'D', 'A']]","{'D': 5, 'C': 4, 'A': 3, 'B': 3}","[1.0, 1.0]",4.12
96,"[1, 3]","[5, 5]","[0.75, 0.79]","[['B', 'A', 'D', 'C'], ['C', 'D', 'A', 'B']]","{'D': 5, 'A': 4, 'C': 4, 'B': 2}","[1.0, 1.0]",4.0
96,"[1, 3]","[5, 5]","[0.75, 0.79]","[['B', 'A', 'D', 'C'], ['C', 'D', 'B', 'A']]","{'D': 5, 'C': 4, 'A': 3, 'B': 3}","[1.0, 1.0]",4.12
96,"[1, 3]","[5, 5]","[0.75, 0.79]","[['B', 'A', 'D', 'C'], ['D', 'A', 'B', 'C']]","{'D': 5, 'A': 4, 'B': 3, 'C': 3}","[1.0, 1.0]",3.75
96,"[1, 3]","[5, 5]","[0.75, 0.79]","[['B', 'A', 'D', 'C'], ['D', 'A', 'C', 'B']]","{'D': 5, 'A': 4, 'C': 4, 'B': 2}","[1.0, 1.0]",4.0
96,"[1, 3]","[5, 5]","[0.75, 0.79]","[['B', 'A', 'D', 'C'], ['D', 'B', 'A', 'C']]","{'D': 5, 'A': 4, 'B': 3, 'C': 3}","[1.0, 1.0]",3.75
96,"[1, 3]","[5, 5]","[0.75, 0.79]","[['B', 'A', 'D', 'C'], ['D', 'B', 'C', 'A']]","{'D': 5, 'C': 4, 'A': 3, 'B': 3}","[1.0, 1.0]",4.12
96,"[1, 3]","[5, 5]","[0.75, 0.79]","[['B', 'A', 'D', 'C'], ['D', 'C', 'A', 'B']]","{'D': 5, 'A': 4, 'C': 4, 'B': 2}","[1.0, 1.0]",4.0
96,"[1, 3]","[5, 5]","[0.75, 0.79]","[['B', 'A', 'D', 'C'], ['D', 'C', 'B', 'A']]","{'D': 5, 'C': 4, 'A': 3, 'B': 3}","[1.0, 1.0]",4.12
96,"[1, 3]","[5, 5]","[0.75, 0.79]","[['B', 'C', 'D', 'A'], ['A', 'B', 'D', 'C']]","{'D': 5, 'C': 4, 'A': 3, 'B': 3}","[1.0, 1.0]",4.12
96,"[1, 3]","[5, 5]","[0.75, 0.79]","[['B', 'C', 'D', 'A'], ['A', 'D', 'B', 'C']]","{'D': 5, 'C': 4, 'A': 3, 'B': 3}","[1.0, 1.0]",4.12
96,"[1, 3]","[5, 5]","[0.75, 0.79]","[['B', 'C', 'D', 'A'], ['B', 'A', 'D', 'C']]","{'D': 5, 'C': 4, 'A': 3, 'B': 3}","[1.0, 1.0]",4.12
96,"[1, 3]","[5, 5]","[0.75, 0.79]","[['B', 'C', 'D', 'A'], ['B', 'D', 'A', 'C']]","{'D': 5, 'C': 4, 'A': 3, 'B': 3}","[1.0, 1.0]",4.12
96,"[1, 3]","[5, 5]","[0.75, 0.79]","[['B', 'C', 'D', 'A'], ['D', 'A', 'B', 'C']]","{'D': 5, 'C': 4, 'A': 3, 'B': 3}","[1.0, 1.0]",4.12
96,"[1, 3]","[5, 5]","[0.75, 0.79]","[['B', 'C', 'D', 'A'], ['D', 'B', 'A', 'C']]","{'D': 5, 'C': 4, 'A': 3, 'B': 3}","[1.0, 1.0]",4.12
96,"[1, 3]","[5, 5]","[0.75, 0.79]","[['B', 'D', 'A', 'C'], ['A', 'B', 'D', 'C']]","{'D': 5, 'A': 4, 'B': 3, 'C': 3}","[1.0, 1.0]",3.75
96,"[1, 3]","[5, 5]","[0.75, 0.79]","[['B', 'D', 'A', 'C'], ['A', 'C', 'D', 'B']]","{'D': 5, 'A': 4, 'C': 4, 'B': 2}","[1.0, 1.0]",4.0
96,"[1, 3]","[5, 5]","[0.75, 0.79]","[['B', 'D', 'A', 'C'], ['A', 'D', 'B', 'C']]","{'D': 5, 'A': 4, 'B': 3, 'C': 3}","[1.0, 1.0]",3.75
96,"[1, 3]","[5, 5]","[0.75, 0.79]","[['B', 'D', 'A', 'C'], ['A', 'D', 'C', 'B']]","{'D': 5, 'A': 4, 'C': 4, 'B': 2}","[1.0, 1.0]",4.0
96,"[1, 3]","[5, 5]","[0.75, 0.79]","[['B', 'D', 'A', 'C'], ['B', 'A', 'D', 'C']]","{'D': 5, 'A': 4, 'B': 3, 'C': 3}","[1.0, 1.0]",3.75
96,"[1, 3]","[5, 5]","[0.75, 0.79]","[['B', 'D', 'A', 'C'], ['B', 'C', 'D', 'A']]","{'D': 5, 'C': 4, 'A': 3, 'B': 3}","[1.0, 1.0]",4.12
96,"[1, 3]","[5, 5]","[0.75, 0.79]","[['B', 'D', 'A', 'C'], ['B', 'D', 'A', 'C']]","{'D': 5, 'A': 4, 'B': 3, 'C': 3}","[1.0, 1.0]",3.75
96,"[1, 3]","[5, 5]","[0.75, 0.79]","[['B', 'D', 'A', 'C'], ['B', 'D', 'C', 'A']]","{'D': 5, 'C': 4, 'A': 3, 'B': 3}","[1.0, 1.0]",4.12
96,"[1, 3]","[5, 5]","[0.75, 0.79]","[['B', 'D', 'A', 'C'], ['C', 'A', 'D', 'B']]","{'D': 5, 'A': 4, 'C': 4, 'B': 2}","[1.0, 1.0]",4.0
96,"[1, 3]","[5, 5]","[0.75, 0.79]","[['B', 'D', 'A', 'C'], ['C', 'B', 'D', 'A']]","{'D': 5, 'C': 4, 'A': 3, 'B': 3}","[1.0, 1.0]",4.12
96,"[1, 3]","[5, 5]","[0.75, 0.79]","[['B', 'D', 'A', 'C'], ['C', 'D', 'A', 'B']]","{'D': 5, 'A': 4, 'C': 4, 'B': 2}","[1.0, 1.0]",4.0
96,"[1, 3]","[5, 5]","[0.75, 0.79]","[['B', 'D', 'A', 'C'], ['C', 'D', 'B', 'A']]","{'D': 5, 'C': 4, 'A': 3, 'B': 3}","[1.0, 1.0]",4.12
96,"[1, 3]","[5, 5]","[0.75, 0.79]","[['B', 'D', 'A', 'C'], ['D', 'A', 'B', 'C']]","{'D': 5, 'A': 4, 'B': 3, 'C': 3}","[1.0, 1.0]",3.75
96,"[1, 3]","[5, 5]","[0.75, 0.79]","[['B', 'D', 'A', 'C'], ['D', 'A', 'C', 'B']]","{'D': 5, 'A': 4, 'C': 4, 'B': 2}","[1.0, 1.0]",4.0
96,"[1, 3]","[5, 5]","[0.75, 0.79]","[['B', 'D', 'A', 'C'], ['D', 'B', 'A', 'C']]","{'D': 5, 'A': 4, 'B': 3, 'C': 3}","[1.0, 1.0]",3.75
96,"[1, 3]","[5, 5]","[0.75, 0.79]","[['B', 'D', 'A', 'C'], ['D', 'B', 'C', 'A']]","{'D': 5, 'C': 4, 'A': 3, 'B': 3}","[1.0, 1.0]",4.12
96,"[1, 3]","[5, 5]","[0.75, 0.79]","[['B', 'D', 'A', 'C'], ['D', 'C', 'A', 'B']]","{'D': 5, 'A': 4, 'C': 4, 'B': 2}","[1.0, 1.0]",4.0
96,"[1, 3]","[5, 5]","[0.75, 0.79]","[['B', 'D', 'A', 'C'], ['D', 'C', 'B', 'A']]","{'D': 5, 'C': 4, 'A': 3, 'B': 3}","[1.0, 1.0]",4.12
96,"[1, 3]","[5, 5]","[0.75, 0.79]","[['B', 'D', 'C', 'A'], ['A', 'B', 'D', 'C']]","{'D': 5, 'C': 4, 'A': 3, 'B': 3}","[1.0, 1.0]",4.12
96,"[1, 3]","[5, 5]","[0.75, 0.79]","[['B', 'D', 'C', 'A'], ['A', 'D', 'B', 'C']]","{'D': 5, 'C': 4, 'A': 3, 'B': 3}","[1.0, 1.0]",4.12
96,"[1, 3]","[5, 5]","[0.75, 0.79]","[['B', 'D', 'C', 'A'], ['B', 'A', 'D', 'C']]","{'D': 5, 'C': 4, 'A': 3, 'B': 3}","[1.0, 1.0]",4.12
96,"[1, 3]","[5, 5]","[0.75, 0.79]","[['B', 'D', 'C', 'A'], ['B', 'D', 'A', 'C']]","{'D': 5, 'C': 4, 'A': 3, 'B': 3}","[1.0, 1.0]",4.12
96,"[1, 3]","[5, 5]","[0.75, 0.79]","[['B', 'D', 'C', 'A'], ['D', 'A', 'B', 'C']]","{'D': 5, 'C': 4, 'A': 3, 'B': 3}","[1.0, 1.0]",4.12
96,"[1, 3]","[5, 5]","[0.75, 0.79]","[['B', 'D', 'C', 'A'], ['D', 'B', 'A', 'C']]","{'D': 5, 'C': 4, 'A': 3, 'B': 3}","[1.0, 1.0]",4.12
96,"[1, 3]","[5, 5]","[0.75, 0.79]","[['C', 'A', 'D', 'B'], ['A', 'B', 'D', 'C']]","{'D': 5, 'A': 4, 'C': 4, 'B': 2}","[1.0, 1.0]",4.0
96,"[1, 3]","[5, 5]","[0.75, 0.79]","[['C', 'A', 'D', 'B'], ['A', 'D', 'B', 'C']]","{'D': 5, 'A': 4, 'C': 4, 'B': 2}","[1.0, 1.0]",4.0
96,"[1, 3]","[5, 5]","[0.75, 0.79]","[['C', 'A', 'D', 'B'], ['B', 'A', 'D', 'C']]","{'D': 5, 'A': 4, 'C': 4, 'B': 2}","[1.0, 1.0]",4.0
96,"[1, 3]","[5, 5]","[0.75, 0.79]","[['C', 'A', 'D', 'B'], ['B', 'D', 'A', 'C']]","{'D': 5, 'A': 4, 'C': 4, 'B': 2}","[1.0, 1.0]",4.0
96,"[1, 3]","[5, 5]","[0.75, 0.79]","[['C', 'A', 'D', 'B'], ['D', 'A', 'B', 'C']]","{'D': 5, 'A': 4, 'C': 4, 'B': 2}","[1.0, 1.0]",4.0
96,"[1, 3]","[5, 5]","[0.75, 0.79]","[['C', 'A', 'D', 'B'], ['D', 'B', 'A', 'C']]","{'D': 5, 'A': 4, 'C': 4, 'B': 2}","[1.0, 1.0]",4.0
96,"[1, 3]","[5, 5]","[0.75, 0.79]","[['C', 'B', 'D', 'A'], ['A', 'B', 'D', 'C']]","{'D': 5, 'C': 4, 'A': 3, 'B': 3}","[1.0, 1.0]",4.12
96,"[1, 3]","[5, 5]","[0.75, 0.79]","[['C', 'B', 'D', 'A'], ['A', 'D', 'B', 'C']]","{'D': 5, 'C': 4, 'A': 3, 'B': 3}","[1.0, 1.0]",4.12
96,"[1, 3]","[5, 5]","[0.75, 0.79]","[['C', 'B', 'D', 'A'], ['B', 'A', 'D', 'C']]","{'D': 5, 'C': 4, 'A': 3, 'B': 3}","[1.0, 1.0]",4.12
96,"[1, 3]","[5, 5]","[0.75, 0.79]","[['C', 'B', 'D', 'A'], ['B', 'D', 'A', 'C']]","{'D': 5, 'C': 4, 'A': 3, 'B': 3}","[1.0, 1.0]",4.12
96,"[1, 3]","[5, 5]","[0.75, 0.79]","[['C', 'B', 'D', 'A'], ['D', 'A', 'B', 'C']]","{'D': 5, 'C': 4, 'A': 3, 'B': 3}","[1.0, 1.0]",4.12
96,"[1, 3]","[5, 5]","[0.75, 0.79]","[['C', 'B', 'D', 'A'], ['D', 'B', 'A', 'C']]","{'D': 5, 'C': 4, 'A': 3, 'B': 3}","[1.0, 1.0]",4.12
96,"[1, 3]","[5, 5]","[0.75, 0.79]","[['C', 'D', 'A', 'B'], ['A', 'B', 'D', 'C']]","{'D': 5, 'A': 4, 'C': 4, 'B': 2}","[1.0, 1.0]",4.0
96,"[1, 3]","[5, 5]","[0.75, 0.79]","[['C', 'D', 'A', 'B'], ['A', 'D', 'B', 'C']]","{'D': 5, 'A': 4, 'C': 4, 'B': 2}","[1.0, 1.0]",4.0
96,"[1, 3]","[5, 5]","[0.75, 0.79]","[['C', 'D', 'A', 'B'], ['B', 'A', 'D', 'C']]","{'D': 5, 'A': 4, 'C': 4, 'B': 2}","[1.0, 1.0]",4.0
96,"[1, 3]","[5, 5]","[0.75, 0.79]","[['C', 'D', 'A', 'B'], ['B', 'D', 'A', 'C']]","{'D': 5, 'A': 4, 'C': 4, 'B': 2}","[1.0, 1.0]",4.0
96,"[1, 3]","[5, 5]","[0.75, 0.79]","[['C', 'D', 'A', 'B'], ['D', 'A', 'B', 'C']]","{'D': 5, 'A': 4, 'C': 4, 'B': 2}","[1.0, 1.0]",4.0
96,"[1, 3]","[5, 5]","[0.75, 0.79]","[['C', 'D', 'A', 'B'], ['D', 'B', 'A', 'C']]","{'D': 5, 'A': 4, 'C': 4, 'B': 2}","[1.0, 1.0]",4.0
96,"[1, 3]","[5, 5]","[0.75, 0.79]","[['C', 'D', 'B', 'A'], ['A', 'B', 'D', 'C']]","{'D': 5, 'C': 4, 'A': 3, 'B': 3}","[1.0, 1.0]",4.12
96,"[1, 3]","[5, 5]","[0.75, 0.79]","[['C', 'D', 'B', 'A'], ['A', 'D', 'B', 'C']]","{'D': 5, 'C': 4, 'A': 3, 'B': 3}","[1.0, 1.0]",4.12
96,"[1, 3]","[5, 5]","[0.75, 0.79]","[['C', 'D', 'B', 'A'], ['B', 'A', 'D', 'C']]","{'D': 5, 'C': 4, 'A': 3, 'B': 3}","[1.0, 1.0]",4.12
96,"[1, 3]","[5, 5]","[0.75, 0.79]","[['C', 'D', 'B', 'A'], ['B', 'D', 'A', 'C']]","{'D': 5, 'C': 4, 'A': 3, 'B': 3}","[1.0, 1.0]",4.12
96,"[1, 3]","[5, 5]","[0.75, 0.79]","[['C', 'D', 'B', 'A'], ['D', 'A', 'B', 'C']]","{'D': 5, 'C': 4, 'A': 3, 'B': 3}","[1.0, 1.0]",4.12
96,"[1, 3]","[5, 5]","[0.75, 0.79]","[['C', 'D', 'B', 'A'], ['D', 'B', 'A', 'C']]","{'D': 5, 'C': 4, 'A': 3, 'B': 3}","[1.0, 1.0]",4.12
96,"[1, 3]","[5, 5]","[0.75, 0.79]","[['D', 'A', 'B', 'C'], ['A', 'B', 'D', 'C']]","{'D': 5, 'A': 4, 'B': 3, 'C': 3}","[1.0, 1.0]",3.75
96,"[1, 3]","[5, 5]","[0.75, 0.79]","[['D', 'A', 'B', 'C'], ['A', 'C', 'D', 'B']]","{'D': 5, 'A': 4, 'C': 4, 'B': 2}","[1.0, 1.0]",4.0
96,"[1, 3]","[5, 5]","[0.75, 0.79]","[['D', 'A', 'B', 'C'], ['A', 'D', 'B', 'C']]","{'D': 5, 'A': 4, 'B': 3, 'C': 3}","[1.0, 1.0]",3.75
96,"[1, 3]","[5, 5]","[0.75, 0.79]","[['D', 'A', 'B', 'C'], ['A', 'D', 'C', 'B']]","{'D': 5, 'A': 4, 'C': 4, 'B': 2}","[1.0, 1.0]",4.0
96,"[1, 3]","[5, 5]","[0.75, 0.79]","[['D', 'A', 'B', 'C'], ['B', 'A', 'D', 'C']]","{'D': 5, 'A': 4, 'B': 3, 'C': 3}","[1.0, 1.0]",3.75
96,"[1, 3]","[5, 5]","[0.75, 0.79]","[['D', 'A', 'B', 'C'], ['B', 'C', 'D', 'A']]","{'D': 5, 'C': 4, 'A': 3, 'B': 3}","[1.0, 1.0]",4.12
96,"[1, 3]","[5, 5]","[0.75, 0.79]","[['D', 'A', 'B', 'C'], ['B', 'D', 'A', 'C']]","{'D': 5, 'A': 4, 'B': 3, 'C': 3}","[1.0, 1.0]",3.75
96,"[1, 3]","[5, 5]","[0.75, 0.79]","[['D', 'A', 'B', 'C'], ['B', 'D', 'C', 'A']]","{'D': 5, 'C': 4, 'A': 3, 'B': 3}","[1.0, 1.0]",4.12
96,"[1, 3]","[5, 5]","[0.75, 0.79]","[['D', 'A', 'B', 'C'], ['C', 'A', 'D', 'B']]","{'D': 5, 'A': 4, 'C': 4, 'B': 2}","[1.0, 1.0]",4.0
96,"[1, 3]","[5, 5]","[0.75, 0.79]","[['D', 'A', 'B', 'C'], ['C', 'B', 'D', 'A']]","{'D': 5, 'C': 4, 'A': 3, 'B': 3}","[1.0, 1.0]",4.12
96,"[1, 3]","[5, 5]","[0.75, 0.79]","[['D', 'A', 'B', 'C'], ['C', 'D', 'A', 'B']]","{'D': 5, 'A': 4, 'C': 4, 'B': 2}","[1.0, 1.0]",4.0
96,"[1, 3]","[5, 5]","[0.75, 0.79]","[['D', 'A', 'B', 'C'], ['C', 'D', 'B', 'A']]","{'D': 5, 'C': 4, 'A': 3, 'B': 3}","[1.0, 1.0]",4.12
96,"[1, 3]","[5, 5]","[0.75, 0.79]","[['D', 'A', 'B', 'C'], ['D', 'A', 'B', 'C']]","{'D': 5, 'A': 4, 'B': 3, 'C': 3}","[1.0, 1.0]",3.75
96,"[1, 3]","[5, 5]","[0.75, 0.79]","[['D', 'A', 'B', 'C'], ['D', 'A', 'C', 'B']]","{'D': 5, 'A': 4, 'C': 4, 'B': 2}","[1.0, 1.0]",4.0
96,"[1, 3]","[5, 5]","[0.75, 0.79]","[['D', 'A', 'B', 'C'], ['D', 'B', 'A', 'C']]","{'D': 5, 'A': 4, 'B': 3, 'C': 3}","[1.0, 1.0]",3.75
96,"[1, 3]","[5, 5]","[0.75, 0.79]","[['D', 'A', 'B', 'C'], ['D', 'B', 'C', 'A']]","{'D': 5, 'C': 4, 'A': 3, 'B': 3}","[1.0, 1.0]",4.12
96,"[1, 3]","[5, 5]","[0.75, 0.79]","[['D', 'A', 'B', 'C'], ['D', 'C', 'A', 'B']]","{'D': 5, 'A': 4, 'C': 4, 'B': 2}","[1.0, 1.0]",4.0
96,"[1, 3]","[5, 5]","[0.75, 0.79]","[['D', 'A', 'B', 'C'], ['D', 'C', 'B', 'A']]","{'D': 5, 'C': 4, 'A': 3, 'B': 3}","[1.0, 1.0]",4.12
96,"[1, 3]","[5, 5]","[0.75, 0.79]","[['D', 'A', 'C', 'B'], ['A', 'B', 'D', 'C']]","{'D': 5, 'A': 4, 'C': 4, 'B': 2}","[1.0, 1.0]",4.0
96,"[1, 3]","[5, 5]","[0.75, 0.79]","[['D', 'A', 'C', 'B'], ['A', 'D', 'B', 'C']]","{'D': 5, 'A': 4, 'C': 4, 'B': 2}","[1.0, 1.0]",4.0
96,"[1, 3]","[5, 5]","[0.75, 0.79]","[['D', 'A', 'C', 'B'], ['B', 'A', 'D', 'C']]","{'D': 5, 'A': 4, 'C': 4, 'B': 2}","[1.0, 1.0]",4.0
96,"[1, 3]","[5, 5]","[0.75, 0.79]","[['D', 'A', 'C', 'B'], ['B', 'D', 'A', 'C']]","{'D': 5, 'A': 4, 'C': 4, 'B': 2}","[1.0, 1.0]",4.0
96,"[1, 3]","[5, 5]","[0.75, 0.79]","[['D', 'A', 'C', 'B'], ['D', 'A', 'B', 'C']]","{'D': 5, 'A': 4, 'C': 4, 'B': 2}","[1.0, 1.0]",4.0
96,"[1, 3]","[5, 5]","[0.75, 0.79]","[['D', 'A', 'C', 'B'], ['D', 'B', 'A', 'C']]","{'D': 5, 'A': 4, 'C': 4, 'B': 2}","[1.0, 1.0]",4.0
96,"[1, 3]","[5, 5]","[0.75, 0.79]","[['D', 'B', 'A', 'C'], ['A', 'B', 'D', 'C']]","{'D': 5, 'A': 4, 'B': 3, 'C': 3}","[1.0, 1.0]",3.75
96,"[1, 3]","[5, 5]","[0.75, 0.79]","[['D', 'B', 'A', 'C'], ['A', 'C', 'D', 'B']]","{'D': 5, 'A': 4, 'C': 4, 'B': 2}","[1.0, 1.0]",4.0
96,"[1, 3]","[5, 5]","[0.75, 0.79]","[['D', 'B', 'A', 'C'], ['A', 'D', 'B', 'C']]","{'D': 5, 'A': 4, 'B': 3, 'C': 3}","[1.0, 1.0]",3.75
96,"[1, 3]","[5, 5]","[0.75, 0.79]","[['D', 'B', 'A', 'C'], ['A', 'D', 'C', 'B']]","{'D': 5, 'A': 4, 'C': 4, 'B': 2}","[1.0, 1.0]",4.0
96,"[1, 3]","[5, 5]","[0.75, 0.79]","[['D', 'B', 'A', 'C'], ['B', 'A', 'D', 'C']]","{'D': 5, 'A': 4, 'B': 3, 'C': 3}","[1.0, 1.0]",3.75
96,"[1, 3]","[5, 5]","[0.75, 0.79]","[['D', 'B', 'A', 'C'], ['B', 'C', 'D', 'A']]","{'D': 5, 'C': 4, 'A': 3, 'B': 3}","[1.0, 1.0]",4.12
96,"[1, 3]","[5, 5]","[0.75, 0.79]","[['D', 'B', 'A', 'C'], ['B', 'D', 'A', 'C']]","{'D': 5, 'A': 4, 'B': 3, 'C': 3}","[1.0, 1.0]",3.75
96,"[1, 3]","[5, 5]","[0.75, 0.79]","[['D', 'B', 'A', 'C'], ['B', 'D', 'C', 'A']]","{'D': 5, 'C': 4, 'A': 3, 'B': 3}","[1.0, 1.0]",4.12
96,"[1, 3]","[5, 5]","[0.75, 0.79]","[['D', 'B', 'A', 'C'], ['C', 'A', 'D', 'B']]","{'D': 5, 'A': 4, 'C': 4, 'B': 2}","[1.0, 1.0]",4.0
96,"[1, 3]","[5, 5]","[0.75, 0.79]","[['D', 'B', 'A', 'C'], ['C', 'B', 'D', 'A']]","{'D': 5, 'C': 4, 'A': 3, 'B': 3}","[1.0, 1.0]",4.12
96,"[1, 3]","[5, 5]","[0.75, 0.79]","[['D', 'B', 'A', 'C'], ['C', 'D', 'A', 'B']]","{'D': 5, 'A': 4, 'C': 4, 'B': 2}","[1.0, 1.0]",4.0
96,"[1, 3]","[5, 5]","[0.75, 0.79]","[['D', 'B', 'A', 'C'], ['C', 'D', 'B', 'A']]","{'D': 5, 'C': 4, 'A': 3, 'B': 3}","[1.0, 1.0]",4.12
96,"[1, 3]","[5, 5]","[0.75, 0.79]","[['D', 'B', 'A', 'C'], ['D', 'A', 'B', 'C']]","{'D': 5, 'A': 4, 'B': 3, 'C': 3}","[1.0, 1.0]",3.75
96,"[1, 3]","[5, 5]","[0.75, 0.79]","[['D', 'B', 'A', 'C'], ['D', 'A', 'C', 'B']]","{'D': 5, 'A': 4, 'C': 4, 'B': 2}","[1.0, 1.0]",4.0
96,"[1, 3]","[5, 5]","[0.75, 0.79]","[['D', 'B', 'A', 'C'], ['D', 'B', 'A', 'C']]","{'D': 5, 'A': 4, 'B': 3, 'C': 3}","[1.0, 1.0]",3.75
96,"[1, 3]","[5, 5]","[0.75, 0.79]","[['D', 'B', 'A', 'C'], ['D', 'B', 'C', 'A']]","{'D': 5, 'C': 4, 'A': 3, 'B': 3}","[1.0, 1.0]",4.12
96,"[1, 3]","[5, 5]","[0.75, 0.79]","[['D', 'B', 'A', 'C'], ['D', 'C', 'A', 'B']]","{'D': 5, 'A': 4, 'C': 4, 'B': 2}","[1.0, 1.0]",4.0
96,"[1, 3]","[5, 5]","[0.75, 0.79]","[['D', 'B', 'A', 'C'], ['D', 'C', 'B', 'A']]","{'D': 5, 'C': 4, 'A': 3, 'B': 3}","[1.0, 1.0]",4.12
96,"[1, 3]","[5, 5]","[0.75, 0.79]","[['D', 'B', 'C', 'A'], ['A', 'B', 'D', 'C']]","{'D': 5, 'C': 4, 'A': 3, 'B': 3}","[1.0, 1.0]",4.12
96,"[1, 3]","[5, 5]","[0.75, 0.79]","[['D', 'B', 'C', 'A'], ['A', 'D', 'B', 'C']]","{'D': 5, 'C': 4, 'A': 3, 'B': 3}","[1.0, 1.0]",4.12
96,"[1, 3]","[5, 5]","[0.75, 0.79]","[['D', 'B', 'C', 'A'], ['B', 'A', 'D', 'C']]","{'D': 5, 'C': 4, 'A': 3, 'B': 3}","[1.0, 1.0]",4.12
96,"[1, 3]","[5, 5]","[0.75, 0.79]","[['D', 'B', 'C', 'A'], ['B', 'D', 'A', 'C']]","{'D': 5, 'C': 4, 'A': 3, 'B': 3}","[1.0, 1.0]",4.12
96,"[1, 3]","[5, 5]","[0.75, 0.79]","[['D', 'B', 'C', 'A'], ['D', 'A', 'B', 'C']]","{'D': 5, 'C': 4, 'A': 3, 'B': 3}","[1.0, 1.0]",4.12
96,"[1, 3]","[5, 5]","[0.75, 0.79]","[['D', 'B', 'C', 'A'], ['D', 'B', 'A', 'C']]","{'D': 5, 'C': 4, 'A': 3, 'B': 3}","[1.0, 1.0]",4.12
96,"[1, 3]","[5, 5]","[0.75, 0.79]","[['D', 'C', 'A', 'B'], ['A', 'B', 'D', 'C']]","{'D': 5, 'A': 4, 'C': 4, 'B': 2}","[1.0, 1.0]",4.0
96,"[1, 3]","[5, 5]","[0.75, 0.79]","[['D', 'C', 'A', 'B'], ['A', 'D', 'B', 'C']]","{'D': 5, 'A': 4, 'C': 4, 'B': 2}","[1.0, 1.0]",4.0
96,"[1, 3]","[5, 5]","[0.75, 0.79]","[['D', 'C', 'A', 'B'], ['B', 'A', 'D', 'C']]","{'D': 5, 'A': 4, 'C': 4, 'B': 2}","[1.0, 1.0]",4.0
96,"[1, 3]","[5, 5]","[0.75, 0.79]","[['D', 'C', 'A', 'B'], ['B', 'D', 'A', 'C']]","{'D': 5, 'A': 4, 'C': 4, 'B': 2}","[1.0, 1.0]",4.0
96,"[1, 3]","[5, 5]","[0.75, 0.79]","[['D', 'C', 'A', 'B'], ['D', 'A', 'B', 'C']]","{'D': 5, 'A': 4, 'C': 4, 'B': 2}","[1.0, 1.0]",4.0
96,"[1, 3]","[5, 5]","[0.75, 0.79]","[['D', 'C', 'A', 'B'], ['D', 'B', 'A', 'C']]","{'D': 5, 'A': 4, 'C': 4, 'B': 2}","[1.0, 1.0]",4.0
96,"[1, 3]","[5, 5]","[0.75, 0.79]","[['D', 'C', 'B', 'A'], ['A', 'B', 'D', 'C']]","{'D': 5, 'C': 4, 'A': 3, 'B': 3}","[1.0, 1.0]",4.12
96,"[1, 3]","[5, 5]","[0.75, 0.79]","[['D', 'C', 'B', 'A'], ['A', 'D', 'B', 'C']]","{'D': 5, 'C': 4, 'A': 3, 'B': 3}","[1.0, 1.0]",4.12
96,"[1, 3]","[5, 5]","[0.75, 0.79]","[['D', 'C', 'B', 'A'], ['B', 'A', 'D', 'C']]","{'D': 5, 'C': 4, 'A': 3, 'B': 3}","[1.0, 1.0]",4.12
96,"[1, 3]","[5, 5]","[0.75, 0.79]","[['D', 'C', 'B', 'A'], ['B', 'D', 'A', 'C']]","{'D': 5, 'C': 4, 'A': 3, 'B': 3}","[1.0, 1.0]",4.12
96,"[1, 3]","[5, 5]","[0.75, 0.79]","[['D', 'C', 'B', 'A'], ['D', 'A', 'B', 'C']]","{'D': 5, 'C': 4, 'A': 3, 'B': 3}","[1.0, 1.0]",4.12
96,"[1, 3]","[5, 5]","[0.75, 0.79]","[['D', 'C', 'B', 'A'], ['D', 'B', 'A', 'C']]","{'D': 5, 'C': 4, 'A': 3, 'B': 3}","[1.0, 1.0]",4.12
96,"[1, 5]","[5, 3]","[0.75, 0.75]","[['A', 'B', 'D', 'C'], ['A', 'C', 'D', 'B']]","{'D': 5, 'A': 4, 'C': 4, 'B': 2}","[1.0, 0.79]",4.0
96,"[1, 5]","[5, 3]","[0.75, 0.75]","[['A', 'B', 'D', 'C'], ['A', 'D', 'C', 'B']]","{'D': 5, 'A': 4, 'C': 4, 'B': 2}","[1.0, 0.79]",4.0
96,"[1, 5]","[5, 3]","[0.75, 0.75]","[['A', 'B', 'D', 'C'], ['C', 'A', 'D', 'B']]","{'D': 5, 'A': 4, 'C': 4, 'B': 2}","[1.0, 0.79]",4.0
96,"[1, 5]","[5, 3]","[0.75, 0.75]","[['A', 'B', 'D', 'C'], ['C', 'D', 'A', 'B']]","{'D': 5, 'A': 4, 'C': 4, 'B': 2}","[1.0, 0.79]",4.0
96,"[1, 5]","[5, 3]","[0.75, 0.75]","[['A', 'B', 'D', 'C'], ['D', 'A', 'C', 'B']]","{'D': 5, 'A': 4, 'C': 4, 'B': 2}","[1.0, 0.79]",4.0
96,"[1, 5]","[5, 3]","[0.75, 0.75]","[['A', 'B', 'D', 'C'], ['D', 'C', 'A', 'B']]","{'D': 5, 'A': 4, 'C': 4, 'B': 2}","[1.0, 0.79]",4.0
96,"[1, 5]","[5, 3]","[0.75, 0.75]","[['A', 'C', 'D', 'B'], ['A', 'B', 'D', 'C']]","{'D': 5, 'A': 4, 'C': 4, 'B': 2}","[1.0, 0.79]",4.0
96,"[1, 5]","[5, 3]","[0.75, 0.75]","[['A', 'C', 'D', 'B'], ['A', 'D', 'B', 'C']]","{'D': 5, 'A': 4, 'C': 4, 'B': 2}","[1.0, 0.79]",4.0
96,"[1, 5]","[5, 3]","[0.75, 0.75]","[['A', 'C', 'D', 'B'], ['B', 'A', 'D', 'C']]","{'D': 5, 'A': 4, 'C': 4, 'B': 2}","[1.0, 0.79]",4.0
96,"[1, 5]","[5, 3]","[0.75, 0.75]","[['A', 'C', 'D', 'B'], ['B', 'D', 'A', 'C']]","{'D': 5, 'A': 4, 'C': 4, 'B': 2}","[1.0, 0.79]",4.0
96,"[1, 5]","[5, 3]","[0.75, 0.75]","[['A', 'C', 'D', 'B'], ['D', 'A', 'B', 'C']]","{'D': 5, 'A': 4, 'C': 4, 'B': 2}","[1.0, 0.79]",4.0
96,"[1, 5]","[5, 3]","[0.75, 0.75]","[['A', 'C', 'D', 'B'], ['D', 'B', 'A', 'C']]","{'D': 5, 'A': 4, 'C': 4, 'B': 2}","[1.0, 0.79]",4.0
96,"[1, 5]","[5, 3]","[0.75, 0.75]","[['A', 'D', 'B', 'C'], ['A', 'C', 'D', 'B']]","{'D': 5, 'A': 4, 'C': 4, 'B': 2}","[1.0, 0.79]",4.0
96,"[1, 5]","[5, 3]","[0.75, 0.75]","[['A', 'D', 'B', 'C'], ['A', 'D', 'C', 'B']]","{'D': 5, 'A': 4, 'C': 4, 'B': 2}","[1.0, 0.79]",4.0
96,"[1, 5]","[5, 3]","[0.75, 0.75]","[['A', 'D', 'B', 'C'], ['C', 'A', 'D', 'B']]","{'D': 5, 'A': 4, 'C': 4, 'B': 2}","[1.0, 0.79]",4.0
96,"[1, 5]","[5, 3]","[0.75, 0.75]","[['A', 'D', 'B', 'C'], ['C', 'D', 'A', 'B']]","{'D': 5, 'A': 4, 'C': 4, 'B': 2}","[1.0, 0.79]",4.0
96,"[1, 5]","[5, 3]","[0.75, 0.75]","[['A', 'D', 'B', 'C'], ['D', 'A', 'C', 'B']]","{'D': 5, 'A': 4, 'C': 4, 'B': 2}","[1.0, 0.79]",4.0
96,"[1, 5]","[5, 3]","[0.75, 0.75]","[['A', 'D', 'B', 'C'], ['D', 'C', 'A', 'B']]","{'D': 5, 'A': 4, 'C': 4, 'B': 2}","[1.0, 0.79]",4.0
96,"[1, 5]","[5, 3]","[0.75, 0.75]","[['A', 'D', 'C', 'B'], ['A', 'B', 'D', 'C']]","{'D': 5, 'A': 4, 'C': 4, 'B': 2}","[1.0, 0.79]",4.0
96,"[1, 5]","[5, 3]","[0.75, 0.75]","[['A', 'D', 'C', 'B'], ['A', 'D', 'B', 'C']]","{'D': 5, 'A': 4, 'C': 4, 'B': 2}","[1.0, 0.79]",4.0
96,"[1, 5]","[5, 3]","[0.75, 0.75]","[['A', 'D', 'C', 'B'], ['B', 'A', 'D', 'C']]","{'D': 5, 'A': 4, 'C': 4, 'B': 2}","[1.0, 0.79]",4.0
96,"[1, 5]","[5, 3]","[0.75, 0.75]","[['A', 'D', 'C', 'B'], ['B', 'D', 'A', 'C']]","{'D': 5, 'A': 4, 'C': 4, 'B': 2}","[1.0, 0.79]",4.0
96,"[1, 5]","[5, 3]","[0.75, 0.75]","[['A', 'D', 'C', 'B'], ['D', 'A', 'B', 'C']]","{'D': 5, 'A': 4, 'C': 4, 'B': 2}","[1.0, 0.79]",4.0
96,"[1, 5]","[5, 3]","[0.75, 0.75]","[['A', 'D', 'C', 'B'], ['D', 'B', 'A', 'C']]","{'D': 5, 'A': 4, 'C': 4, 'B': 2}","[1.0, 0.79]",4.0
96,"[1, 5]","[5, 3]","[0.75, 0.75]","[['B', 'A', 'D', 'C'], ['A', 'C', 'D', 'B']]","{'D': 5, 'A': 4, 'C': 4, 'B': 2}","[1.0, 0.79]",4.0
96,"[1, 5]","[5, 3]","[0.75, 0.75]","[['B', 'A', 'D', 'C'], ['A', 'D', 'C', 'B']]","{'D': 5, 'A': 4, 'C': 4, 'B': 2}","[1.0, 0.79]",4.0
96,"[1, 5]","[5, 3]","[0.75, 0.75]","[['B', 'A', 'D', 'C'], ['C', 'A', 'D', 'B']]","{'D': 5, 'A': 4, 'C': 4, 'B': 2}","[1.0, 0.79]",4.0
96,"[1, 5]","[5, 3]","[0.75, 0.75]","[['B', 'A', 'D', 'C'], ['C', 'D', 'A', 'B']]","{'D': 5, 'A': 4, 'C': 4, 'B': 2}","[1.0, 0.79]",4.0
96,"[1, 5]","[5, 3]","[0.75, 0.75]","[['B', 'A', 'D', 'C'], ['D', 'A', 'C', 'B']]","{'D': 5, 'A': 4, 'C': 4, 'B': 2}","[1.0, 0.79]",4.0
96,"[1, 5]","[5, 3]","[0.75, 0.75]","[['B', 'A', 'D', 'C'], ['D', 'C', 'A', 'B']]","{'D': 5, 'A': 4, 'C': 4, 'B': 2}","[1.0, 0.79]",4.0
96,"[1, 5]","[5, 3]","[0.75, 0.75]","[['B', 'D', 'A', 'C'], ['A', 'C', 'D', 'B']]","{'D': 5, 'A': 4, 'C': 4, 'B': 2}","[1.0, 0.79]",4.0
96,"[1, 5]","[5, 3]","[0.75, 0.75]","[['B', 'D', 'A', 'C'], ['A', 'D', 'C', 'B']]","{'D': 5, 'A': 4, 'C': 4, 'B': 2}","[1.0, 0.79]",4.0
96,"[1, 5]","[5, 3]","[0.75, 0.75]","[['B', 'D', 'A', 'C'], ['C', 'A', 'D', 'B']]","{'D': 5, 'A': 4, 'C': 4, 'B': 2}","[1.0, 0.79]",4.0
96,"[1, 5]","[5, 3]","[0.75, 0.75]","[['B', 'D', 'A', 'C'], ['C', 'D', 'A', 'B']]","{'D': 5, 'A': 4, 'C': 4, 'B': 2}","[1.0, 0.79]",4.0
96,"[1, 5]","[5, 3]","[0.75, 0.75]","[['B', 'D', 'A', 'C'], ['D', 'A', 'C', 'B']]","{'D': 5, 'A': 4, 'C': 4, 'B': 2}","[1.0, 0.79]",4.0
96,"[1, 5]","[5, 3]","[0.75, 0.75]","[['B', 'D', 'A', 'C'], ['D', 'C', 'A', 'B']]","{'D': 5, 'A': 4, 'C': 4, 'B': 2}","[1.0, 0.79]",4.0
96,"[1, 5]","[5, 3]","[0.75, 0.75]","[['C', 'A', 'D', 'B'], ['A', 'B', 'D', 'C']]","{'D': 5, 'A': 4, 'C': 4, 'B': 2}","[1.0, 0.79]",4.0
96,"[1, 5]","[5, 3]","[0.75, 0.75]","[['C', 'A', 'D', 'B'], ['A', 'D', 'B', 'C']]","{'D': 5, 'A': 4, 'C': 4, 'B': 2}","[1.0, 0.79]",4.0
96,"[1, 5]","[5, 3]","[0.75, 0.75]","[['C', 'A', 'D', 'B'], ['B', 'A', 'D', 'C']]","{'D': 5, 'A': 4, 'C': 4, 'B': 2}","[1.0, 0.79]",4.0
96,"[1, 5]","[5, 3]","[0.75, 0.75]","[['C', 'A', 'D', 'B'], ['B', 'D', 'A', 'C']]","{'D': 5, 'A': 4, 'C': 4, 'B': 2}","[1.0, 0.79]",4.0
96,"[1, 5]","[5, 3]","[0.75, 0.75]","[['C', 'A', 'D', 'B'], ['D', 'A', 'B', 'C']]","{'D': 5, 'A': 4, 'C': 4, 'B': 2}","[1.0, 0.79]",4.0
96,"[1, 5]","[5, 3]","[0.75, 0.75]","[['C', 'A', 'D', 'B'], ['D', 'B', 'A', 'C']]","{'D': 5, 'A': 4, 'C': 4, 'B': 2}","[1.0, 0.79]",4.0
96,"[1, 5]","[5, 3]","[0.75, 0.75]","[['C', 'D', 'A', 'B'], ['A', 'B', 'D', 'C']]","{'D': 5, 'A': 4, 'C': 4, 'B': 2}","[1.0, 0.79]",4.0
96,"[1, 5]","[5, 3]","[0.75, 0.75]","[['C', 'D', 'A', 'B'], ['A', 'D', 'B', 'C']]","{'D': 5, 'A': 4, 'C': 4, 'B': 2}","[1.0, 0.79]",4.0
96,"[1, 5]","[5, 3]","[0.75, 0.75]","[['C', 'D', 'A', 'B'], ['B', 'A', 'D', 'C']]","{'D': 5, 'A': 4, 'C': 4, 'B': 2}","[1.0, 0.79]",4.0
96,"[1, 5]","[5, 3]","[0.75, 0.75]","[['C', 'D', 'A', 'B'], ['B', 'D', 'A', 'C']]","{'D': 5, 'A': 4, 'C': 4, 'B': 2}","[1.0, 0.79]",4.0
96,"[1, 5]","[5, 3]","[0.75, 0.75]","[['C', 'D', 'A', 'B'], ['D', 'A', 'B', 'C']]","{'D': 5, 'A': 4, 'C': 4, 'B': 2}","[1.0, 0.79]",4.0
96,"[1, 5]","[5, 3]","[0.75, 0.75]","[['C', 'D', 'A', 'B'], ['D', 'B', 'A', 'C']]","{'D': 5, 'A': 4, 'C': 4, 'B': 2}","[1.0, 0.79]",4.0
96,"[1, 5]","[5, 3]","[0.75, 0.75]","[['D', 'A', 'B', 'C'], ['A', 'C', 'D', 'B']]","{'D': 5, 'A': 4, 'C': 4, 'B': 2}","[1.0, 0.79]",4.0
96,"[1, 5]","[5, 3]","[0.75, 0.75]","[['D', 'A', 'B', 'C'], ['A', 'D', 'C', 'B']]","{'D': 5, 'A': 4, 'C': 4, 'B': 2}","[1.0, 0.79]",4.0
96,"[1, 5]","[5, 3]","[0.75, 0.75]","[['D', 'A', 'B', 'C'], ['C', 'A', 'D', 'B']]","{'D': 5, 'A': 4, 'C': 4, 'B': 2}","[1.0, 0.79]",4.0
96,"[1, 5]","[5, 3]","[0.75, 0.75]","[['D', 'A', 'B', 'C'], ['C', 'D', 'A', 'B']]","{'D': 5, 'A': 4, 'C': 4, 'B': 2}","[1.0, 0.79]",4.0
96,"[1, 5]","[5, 3]","[0.75, 0.75]","[['D', 'A', 'B', 'C'], ['D', 'A', 'C', 'B']]","{'D': 5, 'A': 4, 'C': 4, 'B': 2}","[1.0, 0.79]",4.0
96,"[1, 5]","[5, 3]","[0.75, 0.75]","[['D', 'A', 'B', 'C'], ['D', 'C', 'A', 'B']]","{'D': 5, 'A': 4, 'C': 4, 'B': 2}","[1.0, 0.79]",4.0
96,"[1, 5]","[5, 3]","[0.75, 0.75]","[['D', 'A', 'C', 'B'], ['A', 'B', 'D', 'C']]","{'D': 5, 'A': 4, 'C': 4, 'B': 2}","[1.0, 0.79]",4.0
96,"[1, 5]","[5, 3]","[0.75, 0.75]","[['D', 'A', 'C', 'B'], ['A', 'D', 'B', 'C']]","{'D': 5, 'A': 4, 'C': 4, 'B': 2}","[1.0, 0.79]",4.0
96,"[1, 5]","[5, 3]","[0.75, 0.75]","[['D', 'A', 'C', 'B'], ['B', 'A', 'D', 'C']]","{'D': 5, 'A': 4, 'C': 4, 'B': 2}","[1.0, 0.79]",4.0
96,"[1, 5]","[5, 3]","[0.75, 0.75]","[['D', 'A', 'C', 'B'], ['B', 'D', 'A', 'C']]","{'D': 5, 'A': 4, 'C': 4, 'B': 2}","[1.0, 0.79]",4.0
96,"[1, 5]","[5, 3]","[0.75, 0.75]","[['D', 'A', 'C', 'B'], ['D', 'A', 'B', 'C']]","{'D': 5, 'A': 4, 'C': 4, 'B': 2}","[1.0, 0.79]",4.0
96,"[1, 5]","[5, 3]","[0.75, 0.75]","[['D', 'A', 'C', 'B'], ['D', 'B', 'A', 'C']]","{'D': 5, 'A': 4, 'C': 4, 'B': 2}","[1.0, 0.79]",4.0
96,"[1, 5]","[5, 3]","[0.75, 0.75]","[['D', 'B', 'A', 'C'], ['A', 'C', 'D', 'B']]","{'D': 5, 'A': 4, 'C': 4, 'B': 2}","[1.0, 0.79]",4.0
96,"[1, 5]","[5, 3]","[0.75, 0.75]","[['D', 'B', 'A', 'C'], ['A', 'D', 'C', 'B']]","{'D': 5, 'A': 4, 'C': 4, 'B': 2}","[1.0, 0.79]",4.0
96,"[1, 5]","[5, 3]","[0.75, 0.75]","[['D', 'B', 'A', 'C'], ['C', 'A', 'D', 'B']]","{'D': 5, 'A': 4, 'C': 4, 'B': 2}","[1.0, 0.79]",4.0
96,"[1, 5]","[5, 3]","[0.75, 0.75]","[['D', 'B', 'A', 'C'], ['C', 'D', 'A', 'B']]","{'D': 5, 'A': 4, 'C': 4, 'B': 2}","[1.0, 0.79]",4.0
96,"[1, 5]","[5, 3]","[0.75, 0.75]","[['D', 'B', 'A', 'C'], ['D', 'A', 'C', 'B']]","{'D': 5, 'A': 4, 'C': 4, 'B': 2}","[1.0, 0.79]",4.0
96,"[1, 5]","[5, 3]","[0.75, 0.75]","[['D', 'B', 'A', 'C'], ['D', 'C', 'A', 'B']]","{'D': 5, 'A': 4, 'C': 4, 'B': 2}","[1.0, 0.79]",4.0
96,"[1, 5]","[5, 3]","[0.75, 0.75]","[['D', 'C', 'A', 'B'], ['A', 'B', 'D', 'C']]","{'D': 5, 'A': 4, 'C': 4, 'B': 2}","[1.0, 0.79]",4.0
96,"[1, 5]","[5, 3]","[0.75, 0.75]","[['D', 'C', 'A', 'B'], ['A', 'D', 'B', 'C']]","{'D': 5, 'A': 4, 'C': 4, 'B': 2}","[1.0, 0.79]",4.0
96,"[1, 5]","[5, 3]","[0.75, 0.75]","[['D', 'C', 'A', 'B'], ['B', 'A', 'D', 'C']]","{'D': 5, 'A': 4, 'C': 4, 'B': 2}","[1.0, 0.79]",4.0
96,"[1, 5]","[5, 3]","[0.75, 0.75]","[['D', 'C', 'A', 'B'], ['B', 'D', 'A', 'C']]","{'D': 5, 'A': 4, 'C': 4, 'B': 2}","[1.0, 0.79]",4.0
96,"[1, 5]","[5, 3]","[0.75, 0.75]","[['D', 'C', 'A', 'B'], ['D', 'A', 'B', 'C']]","{'D': 5, 'A': 4, 'C': 4, 'B': 2}","[1.0, 0.79]",4.0
96,"[1, 5]","[5, 3]","[0.75, 0.75]","[['D', 'C', 'A', 'B'], ['D', 'B', 'A', 'C']]","{'D': 5, 'A': 4, 'C': 4, 'B': 2}","[1.0, 0.79]",4.0
96,"[1, 3, 5]","[5, 5, 3]","[0.75, 0.79, 0.75]","[['A', 'B', 'D', 'C'], ['A', 'C', 'D', 'B'], ['A', 'C', 'D', 'B']]","{'D': 5, 'A': 4, 'C': 4, 'B': 2}","[1.0, 1.0, 0.79]",4.0
96,"[1, 3, 5]","[5, 5, 3]","[0.75, 0.79, 0.75]","[['A', 'B', 'D', 'C'], ['A', 'C', 'D', 'B'], ['A', 'D', 'C', 'B']]","{'D': 5, 'A': 4, 'C': 4, 'B': 2}","[1.0, 1.0, 0.79]",4.0
96,"[1, 3, 5]","[5, 5, 3]","[0.75, 0.79, 0.75]","[['A', 'B', 'D', 'C'], ['A', 'C', 'D', 'B'], ['C', 'A', 'D', 'B']]","{'D': 5, 'A': 4, 'C': 4, 'B': 2}","[1.0, 1.0, 0.79]",4.0
96,"[1, 3, 5]","[5, 5, 3]","[0.75, 0.79, 0.75]","[['A', 'B', 'D', 'C'], ['A', 'C', 'D', 'B'], ['C', 'D', 'A', 'B']]","{'D': 5, 'A': 4, 'C': 4, 'B': 2}","[1.0, 1.0, 0.79]",4.0
96,"[1, 3, 5]","[5, 5, 3]","[0.75, 0.79, 0.75]","[['A', 'B', 'D', 'C'], ['A', 'C', 'D', 'B'], ['D', 'A', 'C', 'B']]","{'D': 5, 'A': 4, 'C': 4, 'B': 2}","[1.0, 1.0, 0.79]",4.0
96,"[1, 3, 5]","[5, 5, 3]","[0.75, 0.79, 0.75]","[['A', 'B', 'D', 'C'], ['A', 'C', 'D', 'B'], ['D', 'C', 'A', 'B']]","{'D': 5, 'A': 4, 'C': 4, 'B': 2}","[1.0, 1.0, 0.79]",4.0
96,"[1, 3, 5]","[5, 5, 3]","[0.75, 0.79, 0.75]","[['A', 'B', 'D', 'C'], ['A', 'D', 'C', 'B'], ['A', 'C', 'D', 'B']]","{'D': 5, 'A': 4, 'C': 4, 'B': 2}","[1.0, 1.0, 0.79]",4.0
96,"[1, 3, 5]","[5, 5, 3]","[0.75, 0.79, 0.75]","[['A', 'B', 'D', 'C'], ['A', 'D', 'C', 'B'], ['A', 'D', 'C', 'B']]","{'D': 5, 'A': 4, 'C': 4, 'B': 2}","[1.0, 1.0, 0.79]",4.0
96,"[1, 3, 5]","[5, 5, 3]","[0.75, 0.79, 0.75]","[['A', 'B', 'D', 'C'], ['A', 'D', 'C', 'B'], ['C', 'A', 'D', 'B']]","{'D': 5, 'A': 4, 'C': 4, 'B': 2}","[1.0, 1.0, 0.79]",4.0
96,"[1, 3, 5]","[5, 5, 3]","[0.75, 0.79, 0.75]","[['A', 'B', 'D', 'C'], ['A', 'D', 'C', 'B'], ['C', 'D', 'A', 'B']]","{'D': 5, 'A': 4, 'C': 4, 'B': 2}","[1.0, 1.0, 0.79]",4.0
96,"[1, 3, 5]","[5, 5, 3]","[0.75, 0.79, 0.75]","[['A', 'B', 'D', 'C'], ['A', 'D', 'C', 'B'], ['D', 'A', 'C', 'B']]","{'D': 5, 'A': 4, 'C': 4, 'B': 2}","[1.0, 1.0, 0.79]",4.0
96,"[1, 3, 5]","[5, 5, 3]","[0.75, 0.79, 0.75]","[['A', 'B', 'D', 'C'], ['A', 'D', 'C', 'B'], ['D', 'C', 'A', 'B']]","{'D': 5, 'A': 4, 'C': 4, 'B': 2}","[1.0, 1.0, 0.79]",4.0
96,"[1, 3, 5]","[5, 5, 3]","[0.75, 0.79, 0.75]","[['A', 'B', 'D', 'C'], ['C', 'A', 'D', 'B'], ['A', 'C', 'D', 'B']]","{'D': 5, 'A': 4, 'C': 4, 'B': 2}","[1.0, 1.0, 0.79]",4.0
96,"[1, 3, 5]","[5, 5, 3]","[0.75, 0.79, 0.75]","[['A', 'B', 'D', 'C'], ['C', 'A', 'D', 'B'], ['A', 'D', 'C', 'B']]","{'D': 5, 'A': 4, 'C': 4, 'B': 2}","[1.0, 1.0, 0.79]",4.0
96,"[1, 3, 5]","[5, 5, 3]","[0.75, 0.79, 0.75]","[['A', 'B', 'D', 'C'], ['C', 'A', 'D', 'B'], ['C', 'A', 'D', 'B']]","{'D': 5, 'A': 4, 'C': 4, 'B': 2}","[1.0, 1.0, 0.79]",4.0
96,"[1, 3, 5]","[5, 5, 3]","[0.75, 0.79, 0.75]","[['A', 'B', 'D', 'C'], ['C', 'A', 'D', 'B'], ['C', 'D', 'A', 'B']]","{'D': 5, 'A': 4, 'C': 4, 'B': 2}","[1.0, 1.0, 0.79]",4.0
96,"[1, 3, 5]","[5, 5, 3]","[0.75, 0.79, 0.75]","[['A', 'B', 'D', 'C'], ['C', 'A', 'D', 'B'], ['D', 'A', 'C', 'B']]","{'D': 5, 'A': 4, 'C': 4, 'B': 2}","[1.0, 1.0, 0.79]",4.0
96,"[1, 3, 5]","[5, 5, 3]","[0.75, 0.79, 0.75]","[['A', 'B', 'D', 'C'], ['C', 'A', 'D', 'B'], ['D', 'C', 'A', 'B']]","{'D': 5, 'A': 4, 'C': 4, 'B': 2}","[1.0, 1.0, 0.79]",4.0
96,"[1, 3, 5]","[5, 5, 3]","[0.75, 0.79, 0.75]","[['A', 'B', 'D', 'C'], ['C', 'D', 'A', 'B'], ['A', 'C', 'D', 'B']]","{'D': 5, 'A': 4, 'C': 4, 'B': 2}","[1.0, 1.0, 0.79]",4.0
96,"[1, 3, 5]","[5, 5, 3]","[0.75, 0.79, 0.75]","[['A', 'B', 'D', 'C'], ['C', 'D', 'A', 'B'], ['A', 'D', 'C', 'B']]","{'D': 5, 'A': 4, 'C': 4, 'B': 2}","[1.0, 1.0, 0.79]",4.0
96,"[1, 3, 5]","[5, 5, 3]","[0.75, 0.79, 0.75]","[['A', 'B', 'D', 'C'], ['C', 'D', 'A', 'B'], ['C', 'A', 'D', 'B']]","{'D': 5, 'A': 4, 'C': 4, 'B': 2}","[1.0, 1.0, 0.79]",4.0
96,"[1, 3, 5]","[5, 5, 3]","[0.75, 0.79, 0.75]","[['A', 'B', 'D', 'C'], ['C', 'D', 'A', 'B'], ['C', 'D', 'A', 'B']]","{'D': 5, 'A': 4, 'C': 4, 'B': 2}","[1.0, 1.0, 0.79]",4.0
96,"[1, 3, 5]","[5, 5, 3]","[0.75, 0.79, 0.75]","[['A', 'B', 'D', 'C'], ['C', 'D', 'A', 'B'], ['D', 'A', 'C', 'B']]","{'D': 5, 'A': 4, 'C': 4, 'B': 2}","[1.0, 1.0, 0.79]",4.0
96,"[1, 3, 5]","[5, 5, 3]","[0.75, 0.79, 0.75]","[['A', 'B', 'D', 'C'], ['C', 'D', 'A', 'B'], ['D', 'C', 'A', 'B']]","{'D': 5, 'A': 4, 'C': 4, 'B': 2}","[1.0, 1.0, 0.79]",4.0
96,"[1, 3, 5]","[5, 5, 3]","[0.75, 0.79, 0.75]","[['A', 'B', 'D', 'C'], ['D', 'A', 'C', 'B'], ['A', 'C', 'D', 'B']]","{'D': 5, 'A': 4, 'C': 4, 'B': 2}","[1.0, 1.0, 0.79]",4.0
96,"[1, 3, 5]","[5, 5, 3]","[0.75, 0.79, 0.75]","[['A', 'B', 'D', 'C'], ['D', 'A', 'C', 'B'], ['A', 'D', 'C', 'B']]","{'D': 5, 'A': 4, 'C': 4, 'B': 2}","[1.0, 1.0, 0.79]",4.0
96,"[1, 3, 5]","[5, 5, 3]","[0.75, 0.79, 0.75]","[['A', 'B', 'D', 'C'], ['D', 'A', 'C', 'B'], ['C', 'A', 'D', 'B']]","{'D': 5, 'A': 4, 'C': 4, 'B': 2}","[1.0, 1.0, 0.79]",4.0
96,"[1, 3, 5]","[5, 5, 3]","[0.75, 0.79, 0.75]","[['A', 'B', 'D', 'C'], ['D', 'A', 'C', 'B'], ['C', 'D', 'A', 'B']]","{'D': 5, 'A': 4, 'C': 4, 'B': 2}","[1.0, 1.0, 0.79]",4.0
96,"[1, 3, 5]","[5, 5, 3]","[0.75, 0.79, 0.75]","[['A', 'B', 'D', 'C'], ['D', 'A', 'C', 'B'], ['D', 'A', 'C', 'B']]","{'D': 5, 'A': 4, 'C': 4, 'B': 2}","[1.0, 1.0, 0.79]",4.0
96,"[1, 3, 5]","[5, 5, 3]","[0.75, 0.79, 0.75]","[['A', 'B', 'D', 'C'], ['D', 'A', 'C', 'B'], ['D', 'C', 'A', 'B']]","{'D': 5, 'A': 4, 'C': 4, 'B': 2}","[1.0, 1.0, 0.79]",4.0
96,"[1, 3, 5]","[5, 5, 3]","[0.75, 0.79, 0.75]","[['A', 'B', 'D', 'C'], ['D', 'C', 'A', 'B'], ['A', 'C', 'D', 'B']]","{'D': 5, 'A': 4, 'C': 4, 'B': 2}","[1.0, 1.0, 0.79]",4.0
96,"[1, 3, 5]","[5, 5, 3]","[0.75, 0.79, 0.75]","[['A', 'B', 'D', 'C'], ['D', 'C', 'A', 'B'], ['A', 'D', 'C', 'B']]","{'D': 5, 'A': 4, 'C': 4, 'B': 2}","[1.0, 1.0, 0.79]",4.0
96,"[1, 3, 5]","[5, 5, 3]","[0.75, 0.79, 0.75]","[['A', 'B', 'D', 'C'], ['D', 'C', 'A', 'B'], ['C', 'A', 'D', 'B']]","{'D': 5, 'A': 4, 'C': 4, 'B': 2}","[1.0, 1.0, 0.79]",4.0
96,"[1, 3, 5]","[5, 5, 3]","[0.75, 0.79, 0.75]","[['A', 'B', 'D', 'C'], ['D', 'C', 'A', 'B'], ['C', 'D', 'A', 'B']]","{'D': 5, 'A': 4, 'C': 4, 'B': 2}","[1.0, 1.0, 0.79]",4.0
96,"[1, 3, 5]","[5, 5, 3]","[0.75, 0.79, 0.75]","[['A', 'B', 'D', 'C'], ['D', 'C', 'A', 'B'], ['D', 'A', 'C', 'B']]","{'D': 5, 'A': 4, 'C': 4, 'B': 2}","[1.0, 1.0, 0.79]",4.0
96,"[1, 3, 5]","[5, 5, 3]","[0.75, 0.79, 0.75]","[['A', 'B', 'D', 'C'], ['D', 'C', 'A', 'B'], ['D', 'C', 'A', 'B']]","{'D': 5, 'A': 4, 'C': 4, 'B': 2}","[1.0, 1.0, 0.79]",4.0
96,"[1, 3, 5]","[5, 5, 3]","[0.75, 0.79, 0.75]","[['A', 'C', 'D', 'B'], ['A', 'B', 'D', 'C'], ['A', 'C', 'D', 'B']]","{'D': 5, 'A': 4, 'C': 4, 'B': 2}","[1.0, 1.0, 0.79]",4.0
96,"[1, 3, 5]","[5, 5, 3]","[0.75, 0.79, 0.75]","[['A', 'C', 'D', 'B'], ['A', 'B', 'D', 'C'], ['A', 'D', 'C', 'B']]","{'D': 5, 'A': 4, 'C': 4, 'B': 2}","[1.0, 1.0, 0.79]",4.0
96,"[1, 3, 5]","[5, 5, 3]","[0.75, 0.79, 0.75]","[['A', 'C', 'D', 'B'], ['A', 'B', 'D', 'C'], ['C', 'A', 'D', 'B']]","{'D': 5, 'A': 4, 'C': 4, 'B': 2}","[1.0, 1.0, 0.79]",4.0
96,"[1, 3, 5]","[5, 5, 3]","[0.75, 0.79, 0.75]","[['A', 'C', 'D', 'B'], ['A', 'B', 'D', 'C'], ['C', 'D', 'A', 'B']]","{'D': 5, 'A': 4, 'C': 4, 'B': 2}","[1.0, 1.0, 0.79]",4.0
96,"[1, 3, 5]","[5, 5, 3]","[0.75, 0.79, 0.75]","[['A', 'C', 'D', 'B'], ['A', 'B', 'D', 'C'], ['D', 'A', 'C', 'B']]","{'D': 5, 'A': 4, 'C': 4, 'B': 2}","[1.0, 1.0, 0.79]",4.0
96,"[1, 3, 5]","[5, 5, 3]","[0.75, 0.79, 0.75]","[['A', 'C', 'D', 'B'], ['A', 'B', 'D', 'C'], ['D', 'C', 'A', 'B']]","{'D': 5, 'A': 4, 'C': 4, 'B': 2}","[1.0, 1.0, 0.79]",4.0
96,"[1, 3, 5]","[5, 5, 3]","[0.75, 0.79, 0.75]","[['A', 'C', 'D', 'B'], ['A', 'C', 'D', 'B'], ['A', 'B', 'D', 'C']]","{'D': 5, 'A': 4, 'C': 4, 'B': 2}","[1.0, 1.0, 0.79]",4.0
96,"[1, 3, 5]","[5, 5, 3]","[0.75, 0.79, 0.75]","[['A', 'C', 'D', 'B'], ['A', 'C', 'D', 'B'], ['A', 'D', 'B', 'C']]","{'D': 5, 'A': 4, 'C': 4, 'B': 2}","[1.0, 1.0, 0.79]",4.0
96,"[1, 3, 5]","[5, 5, 3]","[0.75, 0.79, 0.75]","[['A', 'C', 'D', 'B'], ['A', 'C', 'D', 'B'], ['B', 'A', 'D', 'C']]","{'D': 5, 'A': 4, 'C': 4, 'B': 2}","[1.0, 1.0, 0.79]",4.0
96,"[1, 3, 5]","[5, 5, 3]","[0.75, 0.79, 0.75]","[['A', 'C', 'D', 'B'], ['A', 'C', 'D', 'B'], ['B', 'D', 'A', 'C']]","{'D': 5, 'A': 4, 'C': 4, 'B': 2}","[1.0, 1.0, 0.79]",4.0
96,"[1, 3, 5]","[5, 5, 3]","[0.75, 0.79, 0.75]","[['A', 'C', 'D', 'B'], ['A', 'C', 'D', 'B'], ['D', 'A', 'B', 'C']]","{'D': 5, 'A': 4, 'C': 4, 'B': 2}","[1.0, 1.0, 0.79]",4.0
96,"[1, 3, 5]","[5, 5, 3]","[0.75, 0.79, 0.75]","[['A', 'C', 'D', 'B'], ['A', 'C', 'D', 'B'], ['D', 'B', 'A', 'C']]","{'D': 5, 'A': 4, 'C': 4, 'B': 2}","[1.0, 1.0, 0.79]",4.0
96,"[1, 3, 5]","[5, 5, 3]","[0.75, 0.79, 0.75]","[['A', 'C', 'D', 'B'], ['A', 'D', 'B', 'C'], ['A', 'C', 'D', 'B']]","{'D': 5, 'A': 4, 'C': 4, 'B': 2}","[1.0, 1.0, 0.79]",4.0
96,"[1, 3, 5]","[5, 5, 3]","[0.75, 0.79, 0.75]","[['A', 'C', 'D', 'B'], ['A', 'D', 'B', 'C'], ['A', 'D', 'C', 'B']]","{'D': 5, 'A': 4, 'C': 4, 'B': 2}","[1.0, 1.0, 0.79]",4.0
96,"[1, 3, 5]","[5, 5, 3]","[0.75, 0.79, 0.75]","[['A', 'C', 'D', 'B'], ['A', 'D', 'B', 'C'], ['C', 'A', 'D', 'B']]","{'D': 5, 'A': 4, 'C': 4, 'B': 2}","[1.0, 1.0, 0.79]",4.0
96,"[1, 3, 5]","[5, 5, 3]","[0.75, 0.79, 0.75]","[['A', 'C', 'D', 'B'], ['A', 'D', 'B', 'C'], ['C', 'D', 'A', 'B']]","{'D': 5, 'A': 4, 'C': 4, 'B': 2}","[1.0, 1.0, 0.79]",4.0
96,"[1, 3, 5]","[5, 5, 3]","[0.75, 0.79, 0.75]","[['A', 'C', 'D', 'B'], ['A', 'D', 'B', 'C'], ['D', 'A', 'C', 'B']]","{'D': 5, 'A': 4, 'C': 4, 'B': 2}","[1.0, 1.0, 0.79]",4.0
96,"[1, 3, 5]","[5, 5, 3]","[0.75, 0.79, 0.75]","[['A', 'C', 'D', 'B'], ['A', 'D', 'B', 'C'], ['D', 'C', 'A', 'B']]","{'D': 5, 'A': 4, 'C': 4, 'B': 2}","[1.0, 1.0, 0.79]",4.0
96,"[1, 3, 5]","[5, 5, 3]","[0.75, 0.79, 0.75]","[['A', 'C', 'D', 'B'], ['A', 'D', 'C', 'B'], ['A', 'B', 'D', 'C']]","{'D': 5, 'A': 4, 'C': 4, 'B': 2}","[1.0, 1.0, 0.79]",4.0
96,"[1, 3, 5]","[5, 5, 3]","[0.75, 0.79, 0.75]","[['A', 'C', 'D', 'B'], ['A', 'D', 'C', 'B'], ['A', 'D', 'B', 'C']]","{'D': 5, 'A': 4, 'C': 4, 'B': 2}","[1.0, 1.0, 0.79]",4.0
96,"[1, 3, 5]","[5, 5, 3]","[0.75, 0.79, 0.75]","[['A', 'C', 'D', 'B'], ['A', 'D', 'C', 'B'], ['B', 'A', 'D', 'C']]","{'D': 5, 'A': 4, 'C': 4, 'B': 2}","[1.0, 1.0, 0.79]",4.0
96,"[1, 3, 5]","[5, 5, 3]","[0.75, 0.79, 0.75]","[['A', 'C', 'D', 'B'], ['A', 'D', 'C', 'B'], ['B', 'D', 'A', 'C']]","{'D': 5, 'A': 4, 'C': 4, 'B': 2}","[1.0, 1.0, 0.79]",4.0
96,"[1, 3, 5]","[5, 5, 3]","[0.75, 0.79, 0.75]","[['A', 'C', 'D', 'B'], ['A', 'D', 'C', 'B'], ['D', 'A', 'B', 'C']]","{'D': 5, 'A': 4, 'C': 4, 'B': 2}","[1.0, 1.0, 0.79]",4.0
96,"[1, 3, 5]","[5, 5, 3]","[0.75, 0.79, 0.75]","[['A', 'C', 'D', 'B'], ['A', 'D', 'C', 'B'], ['D', 'B', 'A', 'C']]","{'D': 5, 'A': 4, 'C': 4, 'B': 2}","[1.0, 1.0, 0.79]",4.0
96,"[1, 3, 5]","[5, 5, 3]","[0.75, 0.79, 0.75]","[['A', 'C', 'D', 'B'], ['B', 'A', 'D', 'C'], ['A', 'C', 'D', 'B']]","{'D': 5, 'A': 4, 'C': 4, 'B': 2}","[1.0, 1.0, 0.79]",4.0
96,"[1, 3, 5]","[5, 5, 3]","[0.75, 0.79, 0.75]","[['A', 'C', 'D', 'B'], ['B', 'A', 'D', 'C'], ['A', 'D', 'C', 'B']]","{'D': 5, 'A': 4, 'C': 4, 'B': 2}","[1.0, 1.0, 0.79]",4.0
96,"[1, 3, 5]","[5, 5, 3]","[0.75, 0.79, 0.75]","[['A', 'C', 'D', 'B'], ['B', 'A', 'D', 'C'], ['C', 'A', 'D', 'B']]","{'D': 5, 'A': 4, 'C': 4, 'B': 2}","[1.0, 1.0, 0.79]",4.0
96,"[1, 3, 5]","[5, 5, 3]","[0.75, 0.79, 0.75]","[['A', 'C', 'D', 'B'], ['B', 'A', 'D', 'C'], ['C', 'D', 'A', 'B']]","{'D': 5, 'A': 4, 'C': 4, 'B': 2}","[1.0, 1.0, 0.79]",4.0
96,"[1, 3, 5]","[5, 5, 3]","[0.75, 0.79, 0.75]","[['A', 'C', 'D', 'B'], ['B', 'A', 'D', 'C'], ['D', 'A', 'C', 'B']]","{'D': 5, 'A': 4, 'C': 4, 'B': 2}","[1.0, 1.0, 0.79]",4.0
96,"[1, 3, 5]","[5, 5, 3]","[0.75, 0.79, 0.75]","[['A', 'C', 'D', 'B'], ['B', 'A', 'D', 'C'], ['D', 'C', 'A', 'B']]","{'D': 5, 'A': 4, 'C': 4, 'B': 2}","[1.0, 1.0, 0.79]",4.0
96,"[1, 3, 5]","[5, 5, 3]","[0.75, 0.79, 0.75]","[['A', 'C', 'D', 'B'], ['B', 'D', 'A', 'C'], ['A', 'C', 'D', 'B']]","{'D': 5, 'A': 4, 'C': 4, 'B': 2}","[1.0, 1.0, 0.79]",4.0
96,"[1, 3, 5]","[5, 5, 3]","[0.75, 0.79, 0.75]","[['A', 'C', 'D', 'B'], ['B', 'D', 'A', 'C'], ['A', 'D', 'C', 'B']]","{'D': 5, 'A': 4, 'C': 4, 'B': 2}","[1.0, 1.0, 0.79]",4.0
96,"[1, 3, 5]","[5, 5, 3]","[0.75, 0.79, 0.75]","[['A', 'C', 'D', 'B'], ['B', 'D', 'A', 'C'], ['C', 'A', 'D', 'B']]","{'D': 5, 'A': 4, 'C': 4, 'B': 2}","[1.0, 1.0, 0.79]",4.0
96,"[1, 3, 5]","[5, 5, 3]","[0.75, 0.79, 0.75]","[['A', 'C', 'D', 'B'], ['B', 'D', 'A', 'C'], ['C', 'D', 'A', 'B']]","{'D': 5, 'A': 4, 'C': 4, 'B': 2}","[1.0, 1.0, 0.79]",4.0
96,"[1, 3, 5]","[5, 5, 3]","[0.75, 0.79, 0.75]","[['A', 'C', 'D', 'B'], ['B', 'D', 'A', 'C'], ['D', 'A', 'C', 'B']]","{'D': 5, 'A': 4, 'C': 4, 'B': 2}","[1.0, 1.0, 0.79]",4.0
96,"[1, 3, 5]","[5, 5, 3]","[0.75, 0.79, 0.75]","[['A', 'C', 'D', 'B'], ['B', 'D', 'A', 'C'], ['D', 'C', 'A', 'B']]","{'D': 5, 'A': 4, 'C': 4, 'B': 2}","[1.0, 1.0, 0.79]",4.0
96,"[1, 3, 5]","[5, 5, 3]","[0.75, 0.79, 0.75]","[['A', 'C', 'D', 'B'], ['C', 'A', 'D', 'B'], ['A', 'B', 'D', 'C']]","{'D': 5, 'A': 4, 'C': 4, 'B': 2}","[1.0, 1.0, 0.79]",4.0
96,"[1, 3, 5]","[5, 5, 3]","[0.75, 0.79, 0.75]","[['A', 'C', 'D', 'B'], ['C', 'A', 'D', 'B'], ['A', 'D', 'B', 'C']]","{'D': 5, 'A': 4, 'C': 4, 'B': 2}","[1.0, 1.0, 0.79]",4.0
96,"[1, 3, 5]","[5, 5, 3]","[0.75, 0.79, 0.75]","[['A', 'C', 'D', 'B'], ['C', 'A', 'D', 'B'], ['B', 'A', 'D', 'C']]","{'D': 5, 'A': 4, 'C': 4, 'B': 2}","[1.0, 1.0, 0.79]",4.0
96,"[1, 3, 5]","[5, 5, 3]","[0.75, 0.79, 0.75]","[['A', 'C', 'D', 'B'], ['C', 'A', 'D', 'B'], ['B', 'D', 'A', 'C']]","{'D': 5, 'A': 4, 'C': 4, 'B': 2}","[1.0, 1.0, 0.79]",4.0
96,"[1, 3, 5]","[5, 5, 3]","[0.75, 0.79, 0.75]","[['A', 'C', 'D', 'B'], ['C', 'A', 'D', 'B'], ['D', 'A', 'B', 'C']]","{'D': 5, 'A': 4, 'C': 4, 'B': 2}","[1.0, 1.0, 0.79]",4.0
96,"[1, 3, 5]","[5, 5, 3]","[0.75, 0.79, 0.75]","[['A', 'C', 'D', 'B'], ['C', 'A', 'D', 'B'], ['D', 'B', 'A', 'C']]","{'D': 5, 'A': 4, 'C': 4, 'B': 2}","[1.0, 1.0, 0.79]",4.0
96,"[1, 3, 5]","[5, 5, 3]","[0.75, 0.79, 0.75]","[['A', 'C', 'D', 'B'], ['C', 'D', 'A', 'B'], ['A', 'B', 'D', 'C']]","{'D': 5, 'A': 4, 'C': 4, 'B': 2}","[1.0, 1.0, 0.79]",4.0
96,"[1, 3, 5]","[5, 5, 3]","[0.75, 0.79, 0.75]","[['A', 'C', 'D', 'B'], ['C', 'D', 'A', 'B'], ['A', 'D', 'B', 'C']]","{'D': 5, 'A': 4, 'C': 4, 'B': 2}","[1.0, 1.0, 0.79]",4.0
96,"[1, 3, 5]","[5, 5, 3]","[0.75, 0.79, 0.75]","[['A', 'C', 'D', 'B'], ['C', 'D', 'A', 'B'], ['B', 'A', 'D', 'C']]","{'D': 5, 'A': 4, 'C': 4, 'B': 2}","[1.0, 1.0, 0.79]",4.0
96,"[1, 3, 5]","[5, 5, 3]","[0.75, 0.79, 0.75]","[['A', 'C', 'D', 'B'], ['C', 'D', 'A', 'B'], ['B', 'D', 'A', 'C']]","{'D': 5, 'A': 4, 'C': 4, 'B': 2}","[1.0, 1.0, 0.79]",4.0
96,"[1, 3, 5]","[5, 5, 3]","[0.75, 0.79, 0.75]","[['A', 'C', 'D', 'B'], ['C', 'D', 'A', 'B'], ['D', 'A', 'B', 'C']]","{'D': 5, 'A': 4, 'C': 4, 'B': 2}","[1.0, 1.0, 0.79]",4.0
96,"[1, 3, 5]","[5, 5, 3]","[0.75, 0.79, 0.75]","[['A', 'C', 'D', 'B'], ['C', 'D', 'A', 'B'], ['D', 'B', 'A', 'C']]","{'D': 5, 'A': 4, 'C': 4, 'B': 2}","[1.0, 1.0, 0.79]",4.0
96,"[1, 3, 5]","[5, 5, 3]","[0.75, 0.79, 0.75]","[['A', 'C', 'D', 'B'], ['D', 'A', 'B', 'C'], ['A', 'C', 'D', 'B']]","{'D': 5, 'A': 4, 'C': 4, 'B': 2}","[1.0, 1.0, 0.79]",4.0
96,"[1, 3, 5]","[5, 5, 3]","[0.75, 0.79, 0.75]","[['A', 'C', 'D', 'B'], ['D', 'A', 'B', 'C'], ['A', 'D', 'C', 'B']]","{'D': 5, 'A': 4, 'C': 4, 'B': 2}","[1.0, 1.0, 0.79]",4.0
96,"[1, 3, 5]","[5, 5, 3]","[0.75, 0.79, 0.75]","[['A', 'C', 'D', 'B'], ['D', 'A', 'B', 'C'], ['C', 'A', 'D', 'B']]","{'D': 5, 'A': 4, 'C': 4, 'B': 2}","[1.0, 1.0, 0.79]",4.0
96,"[1, 3, 5]","[5, 5, 3]","[0.75, 0.79, 0.75]","[['A', 'C', 'D', 'B'], ['D', 'A', 'B', 'C'], ['C', 'D', 'A', 'B']]","{'D': 5, 'A': 4, 'C': 4, 'B': 2}","[1.0, 1.0, 0.79]",4.0
96,"[1, 3, 5]","[5, 5, 3]","[0.75, 0.79, 0.75]","[['A', 'C', 'D', 'B'], ['D', 'A', 'B', 'C'], ['D', 'A', 'C', 'B']]","{'D': 5, 'A': 4, 'C': 4, 'B': 2}","[1.0, 1.0, 0.79]",4.0
96,"[1, 3, 5]","[5, 5, 3]","[0.75, 0.79, 0.75]","[['A', 'C', 'D', 'B'], ['D', 'A', 'B', 'C'], ['D', 'C', 'A', 'B']]","{'D': 5, 'A': 4, 'C': 4, 'B': 2}","[1.0, 1.0, 0.79]",4.0
96,"[1, 3, 5]","[5, 5, 3]","[0.75, 0.79, 0.75]","[['A', 'C', 'D', 'B'], ['D', 'A', 'C', 'B'], ['A', 'B', 'D', 'C']]","{'D': 5, 'A': 4, 'C': 4, 'B': 2}","[1.0, 1.0, 0.79]",4.0
96,"[1, 3, 5]","[5, 5, 3]","[0.75, 0.79, 0.75]","[['A', 'C', 'D', 'B'], ['D', 'A', 'C', 'B'], ['A', 'D', 'B', 'C']]","{'D': 5, 'A': 4, 'C': 4, 'B': 2}","[1.0, 1.0, 0.79]",4.0
96,"[1, 3, 5]","[5, 5, 3]","[0.75, 0.79, 0.75]","[['A', 'C', 'D', 'B'], ['D', 'A', 'C', 'B'], ['B', 'A', 'D', 'C']]","{'D': 5, 'A': 4, 'C': 4, 'B': 2}","[1.0, 1.0, 0.79]",4.0
96,"[1, 3, 5]","[5, 5, 3]","[0.75, 0.79, 0.75]","[['A', 'C', 'D', 'B'], ['D', 'A', 'C', 'B'], ['B', 'D', 'A', 'C']]","{'D': 5, 'A': 4, 'C': 4, 'B': 2}","[1.0, 1.0, 0.79]",4.0
96,"[1, 3, 5]","[5, 5, 3]","[0.75, 0.79, 0.75]","[['A', 'C', 'D', 'B'], ['D', 'A', 'C', 'B'], ['D', 'A', 'B', 'C']]","{'D': 5, 'A': 4, 'C': 4, 'B': 2}","[1.0, 1.0, 0.79]",4.0
96,"[1, 3, 5]","[5, 5, 3]","[0.75, 0.79, 0.75]","[['A', 'C', 'D', 'B'], ['D', 'A', 'C', 'B'], ['D', 'B', 'A', 'C']]","{'D': 5, 'A': 4, 'C': 4, 'B': 2}","[1.0, 1.0, 0.79]",4.0
96,"[1, 3, 5]","[5, 5, 3]","[0.75, 0.79, 0.75]","[['A', 'C', 'D', 'B'], ['D', 'B', 'A', 'C'], ['A', 'C', 'D', 'B']]","{'D': 5, 'A': 4, 'C': 4, 'B': 2}","[1.0, 1.0, 0.79]",4.0
96,"[1, 3, 5]","[5, 5, 3]","[0.75, 0.79, 0.75]","[['A', 'C', 'D', 'B'], ['D', 'B', 'A', 'C'], ['A', 'D', 'C', 'B']]","{'D': 5, 'A': 4, 'C': 4, 'B': 2}","[1.0, 1.0, 0.79]",4.0
96,"[1, 3, 5]","[5, 5, 3]","[0.75, 0.79, 0.75]","[['A', 'C', 'D', 'B'], ['D', 'B', 'A', 'C'], ['C', 'A', 'D', 'B']]","{'D': 5, 'A': 4, 'C': 4, 'B': 2}","[1.0, 1.0, 0.79]",4.0
96,"[1, 3, 5]","[5, 5, 3]","[0.75, 0.79, 0.75]","[['A', 'C', 'D', 'B'], ['D', 'B', 'A', 'C'], ['C', 'D', 'A', 'B']]","{'D': 5, 'A': 4, 'C': 4, 'B': 2}","[1.0, 1.0, 0.79]",4.0
96,"[1, 3, 5]","[5, 5, 3]","[0.75, 0.79, 0.75]","[['A', 'C', 'D', 'B'], ['D', 'B', 'A', 'C'], ['D', 'A', 'C', 'B']]","{'D': 5, 'A': 4, 'C': 4, 'B': 2}","[1.0, 1.0, 0.79]",4.0
96,"[1, 3, 5]","[5, 5, 3]","[0.75, 0.79, 0.75]","[['A', 'C', 'D', 'B'], ['D', 'B', 'A', 'C'], ['D', 'C', 'A', 'B']]","{'D': 5, 'A': 4, 'C': 4, 'B': 2}","[1.0, 1.0, 0.79]",4.0
96,"[1, 3, 5]","[5, 5, 3]","[0.75, 0.79, 0.75]","[['A', 'C', 'D', 'B'], ['D', 'C', 'A', 'B'], ['A', 'B', 'D', 'C']]","{'D': 5, 'A': 4, 'C': 4, 'B': 2}","[1.0, 1.0, 0.79]",4.0
96,"[1, 3, 5]","[5, 5, 3]","[0.75, 0.79, 0.75]","[['A', 'C', 'D', 'B'], ['D', 'C', 'A', 'B'], ['A', 'D', 'B', 'C']]","{'D': 5, 'A': 4, 'C': 4, 'B': 2}","[1.0, 1.0, 0.79]",4.0
96,"[1, 3, 5]","[5, 5, 3]","[0.75, 0.79, 0.75]","[['A', 'C', 'D', 'B'], ['D', 'C', 'A', 'B'], ['B', 'A', 'D', 'C']]","{'D': 5, 'A': 4, 'C': 4, 'B': 2}","[1.0, 1.0, 0.79]",4.0
96,"[1, 3, 5]","[5, 5, 3]","[0.75, 0.79, 0.75]","[['A', 'C', 'D', 'B'], ['D', 'C', 'A', 'B'], ['B', 'D', 'A', 'C']]","{'D': 5, 'A': 4, 'C': 4, 'B': 2}","[1.0, 1.0, 0.79]",4.0
96,"[1, 3, 5]","[5, 5, 3]","[0.75, 0.79, 0.75]","[['A', 'C', 'D', 'B'], ['D', 'C', 'A', 'B'], ['D', 'A', 'B', 'C']]","{'D': 5, 'A': 4, 'C': 4, 'B': 2}","[1.0, 1.0, 0.79]",4.0
96,"[1, 3, 5]","[5, 5, 3]","[0.75, 0.79, 0.75]","[['A', 'C', 'D', 'B'], ['D', 'C', 'A', 'B'], ['D', 'B', 'A', 'C']]","{'D': 5, 'A': 4, 'C': 4, 'B': 2}","[1.0, 1.0, 0.79]",4.0
96,"[1, 3, 5]","[5, 5, 3]","[0.75, 0.79, 0.75]","[['A', 'D', 'B', 'C'], ['A', 'C', 'D', 'B'], ['A', 'C', 'D', 'B']]","{'D': 5, 'A': 4, 'C': 4, 'B': 2}","[1.0, 1.0, 0.79]",4.0
96,"[1, 3, 5]","[5, 5, 3]","[0.75, 0.79, 0.75]","[['A', 'D', 'B', 'C'], ['A', 'C', 'D', 'B'], ['A', 'D', 'C', 'B']]","{'D': 5, 'A': 4, 'C': 4, 'B': 2}","[1.0, 1.0, 0.79]",4.0
96,"[1, 3, 5]","[5, 5, 3]","[0.75, 0.79, 0.75]","[['A', 'D', 'B', 'C'], ['A', 'C', 'D', 'B'], ['C', 'A', 'D', 'B']]","{'D': 5, 'A': 4, 'C': 4, 'B': 2}","[1.0, 1.0, 0.79]",4.0
96,"[1, 3, 5]","[5, 5, 3]","[0.75, 0.79, 0.75]","[['A', 'D', 'B', 'C'], ['A', 'C', 'D', 'B'], ['C', 'D', 'A', 'B']]","{'D': 5, 'A': 4, 'C': 4, 'B': 2}","[1.0, 1.0, 0.79]",4.0
96,"[1, 3, 5]","[5, 5, 3]","[0.75, 0.79, 0.75]","[['A', 'D', 'B', 'C'], ['A', 'C', 'D', 'B'], ['D', 'A', 'C', 'B']]","{'D': 5, 'A': 4, 'C': 4, 'B': 2}","[1.0, 1.0, 0.79]",4.0
96,"[1, 3, 5]","[5, 5, 3]","[0.75, 0.79, 0.75]","[['A', 'D', 'B', 'C'], ['A', 'C', 'D', 'B'], ['D', 'C', 'A', 'B']]","{'D': 5, 'A': 4, 'C': 4, 'B': 2}","[1.0, 1.0, 0.79]",4.0
96,"[1, 3, 5]","[5, 5, 3]","[0.75, 0.79, 0.75]","[['A', 'D', 'B', 'C'], ['A', 'D', 'C', 'B'], ['A', 'C', 'D', 'B']]","{'D': 5, 'A': 4, 'C': 4, 'B': 2}","[1.0, 1.0, 0.79]",4.0
96,"[1, 3, 5]","[5, 5, 3]","[0.75, 0.79, 0.75]","[['A', 'D', 'B', 'C'], ['A', 'D', 'C', 'B'], ['A', 'D', 'C', 'B']]","{'D': 5, 'A': 4, 'C': 4, 'B': 2}","[1.0, 1.0, 0.79]",4.0
96,"[1, 3, 5]","[5, 5, 3]","[0.75, 0.79, 0.75]","[['A', 'D', 'B', 'C'], ['A', 'D', 'C', 'B'], ['C', 'A', 'D', 'B']]","{'D': 5, 'A': 4, 'C': 4, 'B': 2}","[1.0, 1.0, 0.79]",4.0
96,"[1, 3, 5]","[5, 5, 3]","[0.75, 0.79, 0.75]","[['A', 'D', 'B', 'C'], ['A', 'D', 'C', 'B'], ['C', 'D', 'A', 'B']]","{'D': 5, 'A': 4, 'C': 4, 'B': 2}","[1.0, 1.0, 0.79]",4.0
96,"[1, 3, 5]","[5, 5, 3]","[0.75, 0.79, 0.75]","[['A', 'D', 'B', 'C'], ['A', 'D', 'C', 'B'], ['D', 'A', 'C', 'B']]","{'D': 5, 'A': 4, 'C': 4, 'B': 2}","[1.0, 1.0, 0.79]",4.0
96,"[1, 3, 5]","[5, 5, 3]","[0.75, 0.79, 0.75]","[['A', 'D', 'B', 'C'], ['A', 'D', 'C', 'B'], ['D', 'C', 'A', 'B']]","{'D': 5, 'A': 4, 'C': 4, 'B': 2}","[1.0, 1.0, 0.79]",4.0
96,"[1, 3, 5]","[5, 5, 3]","[0.75, 0.79, 0.75]","[['A', 'D', 'B', 'C'], ['C', 'A', 'D', 'B'], ['A', 'C', 'D', 'B']]","{'D': 5, 'A': 4, 'C': 4, 'B': 2}","[1.0, 1.0, 0.79]",4.0
96,"[1, 3, 5]","[5, 5, 3]","[0.75, 0.79, 0.75]","[['A', 'D', 'B', 'C'], ['C', 'A', 'D', 'B'], ['A', 'D', 'C', 'B']]","{'D': 5, 'A': 4, 'C': 4, 'B': 2}","[1.0, 1.0, 0.79]",4.0
96,"[1, 3, 5]","[5, 5, 3]","[0.75, 0.79, 0.75]","[['A', 'D', 'B', 'C'], ['C', 'A', 'D', 'B'], ['C', 'A', 'D', 'B']]","{'D': 5, 'A': 4, 'C': 4, 'B': 2}","[1.0, 1.0, 0.79]",4.0
96,"[1, 3, 5]","[5, 5, 3]","[0.75, 0.79, 0.75]","[['A', 'D', 'B', 'C'], ['C', 'A', 'D', 'B'], ['C', 'D', 'A', 'B']]","{'D': 5, 'A': 4, 'C': 4, 'B': 2}","[1.0, 1.0, 0.79]",4.0
96,"[1, 3, 5]","[5, 5, 3]","[0.75, 0.79, 0.75]","[['A', 'D', 'B', 'C'], ['C', 'A', 'D', 'B'], ['D', 'A', 'C', 'B']]","{'D': 5, 'A': 4, 'C': 4, 'B': 2}","[1.0, 1.0, 0.79]",4.0
96,"[1, 3, 5]","[5, 5, 3]","[0.75, 0.79, 0.75]","[['A', 'D', 'B', 'C'], ['C', 'A', 'D', 'B'], ['D', 'C', 'A', 'B']]","{'D': 5, 'A': 4, 'C': 4, 'B': 2}","[1.0, 1.0, 0.79]",4.0
96,"[1, 3, 5]","[5, 5, 3]","[0.75, 0.79, 0.75]","[['A', 'D', 'B', 'C'], ['C', 'D', 'A', 'B'], ['A', 'C', 'D', 'B']]","{'D': 5, 'A': 4, 'C': 4, 'B': 2}","[1.0, 1.0, 0.79]",4.0
96,"[1, 3, 5]","[5, 5, 3]","[0.75, 0.79, 0.75]","[['A', 'D', 'B', 'C'], ['C', 'D', 'A', 'B'], ['A', 'D', 'C', 'B']]","{'D': 5, 'A': 4, 'C': 4, 'B': 2}","[1.0, 1.0, 0.79]",4.0
96,"[1, 3, 5]","[5, 5, 3]","[0.75, 0.79, 0.75]","[['A', 'D', 'B', 'C'], ['C', 'D', 'A', 'B'], ['C', 'A', 'D', 'B']]","{'D': 5, 'A': 4, 'C': 4, 'B': 2}","[1.0, 1.0, 0.79]",4.0
96,"[1, 3, 5]","[5, 5, 3]","[0.75, 0.79, 0.75]","[['A', 'D', 'B', 'C'], ['C', 'D', 'A', 'B'], ['C', 'D', 'A', 'B']]","{'D': 5, 'A': 4, 'C': 4, 'B': 2}","[1.0, 1.0, 0.79]",4.0
96,"[1, 3, 5]","[5, 5, 3]","[0.75, 0.79, 0.75]","[['A', 'D', 'B', 'C'], ['C', 'D', 'A', 'B'], ['D', 'A', 'C', 'B']]","{'D': 5, 'A': 4, 'C': 4, 'B': 2}","[1.0, 1.0, 0.79]",4.0
96,"[1, 3, 5]","[5, 5, 3]","[0.75, 0.79, 0.75]","[['A', 'D', 'B', 'C'], ['C', 'D', 'A', 'B'], ['D', 'C', 'A', 'B']]","{'D': 5, 'A': 4, 'C': 4, 'B': 2}","[1.0, 1.0, 0.79]",4.0
96,"[1, 3, 5]","[5, 5, 3]","[0.75, 0.79, 0.75]","[['A', 'D', 'B', 'C'], ['D', 'A', 'C', 'B'], ['A', 'C', 'D', 'B']]","{'D': 5, 'A': 4, 'C': 4, 'B': 2}","[1.0, 1.0, 0.79]",4.0
96,"[1, 3, 5]","[5, 5, 3]","[0.75, 0.79, 0.75]","[['A', 'D', 'B', 'C'], ['D', 'A', 'C', 'B'], ['A', 'D', 'C', 'B']]","{'D': 5, 'A': 4, 'C': 4, 'B': 2}","[1.0, 1.0, 0.79]",4.0
96,"[1, 3, 5]","[5, 5, 3]","[0.75, 0.79, 0.75]","[['A', 'D', 'B', 'C'], ['D', 'A', 'C', 'B'], ['C', 'A', 'D', 'B']]","{'D': 5, 'A': 4, 'C': 4, 'B': 2}","[1.0, 1.0, 0.79]",4.0
96,"[1, 3, 5]","[5, 5, 3]","[0.75, 0.79, 0.75]","[['A', 'D', 'B', 'C'], ['D', 'A', 'C', 'B'], ['C', 'D', 'A', 'B']]","{'D': 5, 'A': 4, 'C': 4, 'B': 2}","[1.0, 1.0, 0.79]",4.0
96,"[1, 3, 5]","[5, 5, 3]","[0.75, 0.79, 0.75]","[['A', 'D', 'B', 'C'], ['D', 'A', 'C', 'B'], ['D', 'A', 'C', 'B']]","{'D': 5, 'A': 4, 'C': 4, 'B': 2}","[1.0, 1.0, 0.79]",4.0
96,"[1, 3, 5]","[5, 5, 3]","[0.75, 0.79, 0.75]","[['A', 'D', 'B', 'C'], ['D', 'A', 'C', 'B'], ['D', 'C', 'A', 'B']]","{'D': 5, 'A': 4, 'C': 4, 'B': 2}","[1.0, 1.0, 0.79]",4.0
96,"[1, 3, 5]","[5, 5, 3]","[0.75, 0.79, 0.75]","[['A', 'D', 'B', 'C'], ['D', 'C', 'A', 'B'], ['A', 'C', 'D', 'B']]","{'D': 5, 'A': 4, 'C': 4, 'B': 2}","[1.0, 1.0, 0.79]",4.0
96,"[1, 3, 5]","[5, 5, 3]","[0.75, 0.79, 0.75]","[['A', 'D', 'B', 'C'], ['D', 'C', 'A', 'B'], ['A', 'D', 'C', 'B']]","{'D': 5, 'A': 4, 'C': 4, 'B': 2}","[1.0, 1.0, 0.79]",4.0
96,"[1, 3, 5]","[5, 5, 3]","[0.75, 0.79, 0.75]","[['A', 'D', 'B', 'C'], ['D', 'C', 'A', 'B'], ['C', 'A', 'D', 'B']]","{'D': 5, 'A': 4, 'C': 4, 'B': 2}","[1.0, 1.0, 0.79]",4.0
96,"[1, 3, 5]","[5, 5, 3]","[0.75, 0.79, 0.75]","[['A', 'D', 'B', 'C'], ['D', 'C', 'A', 'B'], ['C', 'D', 'A', 'B']]","{'D': 5, 'A': 4, 'C': 4, 'B': 2}","[1.0, 1.0, 0.79]",4.0
96,"[1, 3, 5]","[5, 5, 3]","[0.75, 0.79, 0.75]","[['A', 'D', 'B', 'C'], ['D', 'C', 'A', 'B'], ['D', 'A', 'C', 'B']]","{'D': 5, 'A': 4, 'C': 4, 'B': 2}","[1.0, 1.0, 0.79]",4.0
96,"[1, 3, 5]","[5, 5, 3]","[0.75, 0.79, 0.75]","[['A', 'D', 'B', 'C'], ['D', 'C', 'A', 'B'], ['D', 'C', 'A', 'B']]","{'D': 5, 'A': 4, 'C': 4, 'B': 2}","[1.0, 1.0, 0.79]",4.0
96,"[1, 3, 5]","[5, 5, 3]","[0.75, 0.79, 0.75]","[['A', 'D', 'C', 'B'], ['A', 'B', 'D', 'C'], ['A', 'C', 'D', 'B']]","{'D': 5, 'A': 4, 'C': 4, 'B': 2}","[1.0, 1.0, 0.79]",4.0
96,"[1, 3, 5]","[5, 5, 3]","[0.75, 0.79, 0.75]","[['A', 'D', 'C', 'B'], ['A', 'B', 'D', 'C'], ['A', 'D', 'C', 'B']]","{'D': 5, 'A': 4, 'C': 4, 'B': 2}","[1.0, 1.0, 0.79]",4.0
96,"[1, 3, 5]","[5, 5, 3]","[0.75, 0.79, 0.75]","[['A', 'D', 'C', 'B'], ['A', 'B', 'D', 'C'], ['C', 'A', 'D', 'B']]","{'D': 5, 'A': 4, 'C': 4, 'B': 2}","[1.0, 1.0, 0.79]",4.0
96,"[1, 3, 5]","[5, 5, 3]","[0.75, 0.79, 0.75]","[['A', 'D', 'C', 'B'], ['A', 'B', 'D', 'C'], ['C', 'D', 'A', 'B']]","{'D': 5, 'A': 4, 'C': 4, 'B': 2}","[1.0, 1.0, 0.79]",4.0
96,"[1, 3, 5]","[5, 5, 3]","[0.75, 0.79, 0.75]","[['A', 'D', 'C', 'B'], ['A', 'B', 'D', 'C'], ['D', 'A', 'C', 'B']]","{'D': 5, 'A': 4, 'C': 4, 'B': 2}","[1.0, 1.0, 0.79]",4.0
96,"[1, 3, 5]","[5, 5, 3]","[0.75, 0.79, 0.75]","[['A', 'D', 'C', 'B'], ['A', 'B', 'D', 'C'], ['D', 'C', 'A', 'B']]","{'D': 5, 'A': 4, 'C': 4, 'B': 2}","[1.0, 1.0, 0.79]",4.0
96,"[1, 3, 5]","[5, 5, 3]","[0.75, 0.79, 0.75]","[['A', 'D', 'C', 'B'], ['A', 'C', 'D', 'B'], ['A', 'B', 'D', 'C']]","{'D': 5, 'A': 4, 'C': 4, 'B': 2}","[1.0, 1.0, 0.79]",4.0
96,"[1, 3, 5]","[5, 5, 3]","[0.75, 0.79, 0.75]","[['A', 'D', 'C', 'B'], ['A', 'C', 'D', 'B'], ['A', 'D', 'B', 'C']]","{'D': 5, 'A': 4, 'C': 4, 'B': 2}","[1.0, 1.0, 0.79]",4.0
96,"[1, 3, 5]","[5, 5, 3]","[0.75, 0.79, 0.75]","[['A', 'D', 'C', 'B'], ['A', 'C', 'D', 'B'], ['B', 'A', 'D', 'C']]","{'D': 5, 'A': 4, 'C': 4, 'B': 2}","[1.0, 1.0, 0.79]",4.0
96,"[1, 3, 5]","[5, 5, 3]","[0.75, 0.79, 0.75]","[['A', 'D', 'C', 'B'], ['A', 'C', 'D', 'B'], ['B', 'D', 'A', 'C']]","{'D': 5, 'A': 4, 'C': 4, 'B': 2}","[1.0, 1.0, 0.79]",4.0
96,"[1, 3, 5]","[5, 5, 3]","[0.75, 0.79, 0.75]","[['A', 'D', 'C', 'B'], ['A', 'C', 'D', 'B'], ['D', 'A', 'B', 'C']]","{'D': 5, 'A': 4, 'C': 4, 'B': 2}","[1.0, 1.0, 0.79]",4.0
96,"[1, 3, 5]","[5, 5, 3]","[0.75, 0.79, 0.75]","[['A', 'D', 'C', 'B'], ['A', 'C', 'D', 'B'], ['D', 'B', 'A', 'C']]","{'D': 5, 'A': 4, 'C': 4, 'B': 2}","[1.0, 1.0, 0.79]",4.0
96,"[1, 3, 5]","[5, 5, 3]","[0.75, 0.79, 0.75]","[['A', 'D', 'C', 'B'], ['A', 'D', 'B', 'C'], ['A', 'C', 'D', 'B']]","{'D': 5, 'A': 4, 'C': 4, 'B': 2}","[1.0, 1.0, 0.79]",4.0
96,"[1, 3, 5]","[5, 5, 3]","[0.75, 0.79, 0.75]","[['A', 'D', 'C', 'B'], ['A', 'D', 'B', 'C'], ['A', 'D', 'C', 'B']]","{'D': 5, 'A': 4, 'C': 4, 'B': 2}","[1.0, 1.0, 0.79]",4.0
96,"[1, 3, 5]","[5, 5, 3]","[0.75, 0.79, 0.75]","[['A', 'D', 'C', 'B'], ['A', 'D', 'B', 'C'], ['C', 'A', 'D', 'B']]","{'D': 5, 'A': 4, 'C': 4, 'B': 2}","[1.0, 1.0, 0.79]",4.0
96,"[1, 3, 5]","[5, 5, 3]","[0.75, 0.79, 0.75]","[['A', 'D', 'C', 'B'], ['A', 'D', 'B', 'C'], ['C', 'D', 'A', 'B']]","{'D': 5, 'A': 4, 'C': 4, 'B': 2}","[1.0, 1.0, 0.79]",4.0
96,"[1, 3, 5]","[5, 5, 3]","[0.75, 0.79, 0.75]","[['A', 'D', 'C', 'B'], ['A', 'D', 'B', 'C'], ['D', 'A', 'C', 'B']]","{'D': 5, 'A': 4, 'C': 4, 'B': 2}","[1.0, 1.0, 0.79]",4.0
96,"[1, 3, 5]","[5, 5, 3]","[0.75, 0.79, 0.75]","[['A', 'D', 'C', 'B'], ['A', 'D', 'B', 'C'], ['D', 'C', 'A', 'B']]","{'D': 5, 'A': 4, 'C': 4, 'B': 2}","[1.0, 1.0, 0.79]",4.0
96,"[1, 3, 5]","[5, 5, 3]","[0.75, 0.79, 0.75]","[['A', 'D', 'C', 'B'], ['A', 'D', 'C', 'B'], ['A', 'B', 'D', 'C']]","{'D': 5, 'A': 4, 'C': 4, 'B': 2}","[1.0, 1.0, 0.79]",4.0
96,"[1, 3, 5]","[5, 5, 3]","[0.75, 0.79, 0.75]","[['A', 'D', 'C', 'B'], ['A', 'D', 'C', 'B'], ['A', 'D', 'B', 'C']]","{'D': 5, 'A': 4, 'C': 4, 'B': 2}","[1.0, 1.0, 0.79]",4.0
96,"[1, 3, 5]","[5, 5, 3]","[0.75, 0.79, 0.75]","[['A', 'D', 'C', 'B'], ['A', 'D', 'C', 'B'], ['B', 'A', 'D', 'C']]","{'D': 5, 'A': 4, 'C': 4, 'B': 2}","[1.0, 1.0, 0.79]",4.0
96,"[1, 3, 5]","[5, 5, 3]","[0.75, 0.79, 0.75]","[['A', 'D', 'C', 'B'], ['A', 'D', 'C', 'B'], ['B', 'D', 'A', 'C']]","{'D': 5, 'A': 4, 'C': 4, 'B': 2}","[1.0, 1.0, 0.79]",4.0
96,"[1, 3, 5]","[5, 5, 3]","[0.75, 0.79, 0.75]","[['A', 'D', 'C', 'B'], ['A', 'D', 'C', 'B'], ['D', 'A', 'B', 'C']]","{'D': 5, 'A': 4, 'C': 4, 'B': 2}","[1.0, 1.0, 0.79]",4.0
96,"[1, 3, 5]","[5, 5, 3]","[0.75, 0.79, 0.75]","[['A', 'D', 'C', 'B'], ['A', 'D', 'C', 'B'], ['D', 'B', 'A', 'C']]","{'D': 5, 'A': 4, 'C': 4, 'B': 2}","[1.0, 1.0, 0.79]",4.0
96,"[1, 3, 5]","[5, 5, 3]","[0.75, 0.79, 0.75]","[['A', 'D', 'C', 'B'], ['B', 'A', 'D', 'C'], ['A', 'C', 'D', 'B']]","{'D': 5, 'A': 4, 'C': 4, 'B': 2}","[1.0, 1.0, 0.79]",4.0
96,"[1, 3, 5]","[5, 5, 3]","[0.75, 0.79, 0.75]","[['A', 'D', 'C', 'B'], ['B', 'A', 'D', 'C'], ['A', 'D', 'C', 'B']]","{'D': 5, 'A': 4, 'C': 4, 'B': 2}","[1.0, 1.0, 0.79]",4.0
96,"[1, 3, 5]","[5, 5, 3]","[0.75, 0.79, 0.75]","[['A', 'D', 'C', 'B'], ['B', 'A', 'D', 'C'], ['C', 'A', 'D', 'B']]","{'D': 5, 'A': 4, 'C': 4, 'B': 2}","[1.0, 1.0, 0.79]",4.0
96,"[1, 3, 5]","[5, 5, 3]","[0.75, 0.79, 0.75]","[['A', 'D', 'C', 'B'], ['B', 'A', 'D', 'C'], ['C', 'D', 'A', 'B']]","{'D': 5, 'A': 4, 'C': 4, 'B': 2}","[1.0, 1.0, 0.79]",4.0
96,"[1, 3, 5]","[5, 5, 3]","[0.75, 0.79, 0.75]","[['A', 'D', 'C', 'B'], ['B', 'A', 'D', 'C'], ['D', 'A', 'C', 'B']]","{'D': 5, 'A': 4, 'C': 4, 'B': 2}","[1.0, 1.0, 0.79]",4.0
96,"[1, 3, 5]","[5, 5, 3]","[0.75, 0.79, 0.75]","[['A', 'D', 'C', 'B'], ['B', 'A', 'D', 'C'], ['D', 'C', 'A', 'B']]","{'D': 5, 'A': 4, 'C': 4, 'B': 2}","[1.0, 1.0, 0.79]",4.0
96,"[1, 3, 5]","[5, 5, 3]","[0.75, 0.79, 0.75]","[['A', 'D', 'C', 'B'], ['B', 'D', 'A', 'C'], ['A', 'C', 'D', 'B']]","{'D': 5, 'A': 4, 'C': 4, 'B': 2}","[1.0, 1.0, 0.79]",4.0
96,"[1, 3, 5]","[5, 5, 3]","[0.75, 0.79, 0.75]","[['A', 'D', 'C', 'B'], ['B', 'D', 'A', 'C'], ['A', 'D', 'C', 'B']]","{'D': 5, 'A': 4, 'C': 4, 'B': 2}","[1.0, 1.0, 0.79]",4.0
96,"[1, 3, 5]","[5, 5, 3]","[0.75, 0.79, 0.75]","[['A', 'D', 'C', 'B'], ['B', 'D', 'A', 'C'], ['C', 'A', 'D', 'B']]","{'D': 5, 'A': 4, 'C': 4, 'B': 2}","[1.0, 1.0, 0.79]",4.0
96,"[1, 3, 5]","[5, 5, 3]","[0.75, 0.79, 0.75]","[['A', 'D', 'C', 'B'], ['B', 'D', 'A', 'C'], ['C', 'D', 'A', 'B']]","{'D': 5, 'A': 4, 'C': 4, 'B': 2}","[1.0, 1.0, 0.79]",4.0
96,"[1, 3, 5]","[5, 5, 3]","[0.75, 0.79, 0.75]","[['A', 'D', 'C', 'B'], ['B', 'D', 'A', 'C'], ['D', 'A', 'C', 'B']]","{'D': 5, 'A': 4, 'C': 4, 'B': 2}","[1.0, 1.0, 0.79]",4.0
96,"[1, 3, 5]","[5, 5, 3]","[0.75, 0.79, 0.75]","[['A', 'D', 'C', 'B'], ['B', 'D', 'A', 'C'], ['D', 'C', 'A', 'B']]","{'D': 5, 'A': 4, 'C': 4, 'B': 2}","[1.0, 1.0, 0.79]",4.0
96,"[1, 3, 5]","[5, 5, 3]","[0.75, 0.79, 0.75]","[['A', 'D', 'C', 'B'], ['C', 'A', 'D', 'B'], ['A', 'B', 'D', 'C']]","{'D': 5, 'A': 4, 'C': 4, 'B': 2}","[1.0, 1.0, 0.79]",4.0
96,"[1, 3, 5]","[5, 5, 3]","[0.75, 0.79, 0.75]","[['A', 'D', 'C', 'B'], ['C', 'A', 'D', 'B'], ['A', 'D', 'B', 'C']]","{'D': 5, 'A': 4, 'C': 4, 'B': 2}","[1.0, 1.0, 0.79]",4.0
96,"[1, 3, 5]","[5, 5, 3]","[0.75, 0.79, 0.75]","[['A', 'D', 'C', 'B'], ['C', 'A', 'D', 'B'], ['B', 'A', 'D', 'C']]","{'D': 5, 'A': 4, 'C': 4, 'B': 2}","[1.0, 1.0, 0.79]",4.0
96,"[1, 3, 5]","[5, 5, 3]","[0.75, 0.79, 0.75]","[['A', 'D', 'C', 'B'], ['C', 'A', 'D', 'B'], ['B', 'D', 'A', 'C']]","{'D': 5, 'A': 4, 'C': 4, 'B': 2}","[1.0, 1.0, 0.79]",4.0
96,"[1, 3, 5]","[5, 5, 3]","[0.75, 0.79, 0.75]","[['A', 'D', 'C', 'B'], ['C', 'A', 'D', 'B'], ['D', 'A', 'B', 'C']]","{'D': 5, 'A': 4, 'C': 4, 'B': 2}","[1.0, 1.0, 0.79]",4.0
96,"[1, 3, 5]","[5, 5, 3]","[0.75, 0.79, 0.75]","[['A', 'D', 'C', 'B'], ['C', 'A', 'D', 'B'], ['D', 'B', 'A', 'C']]","{'D': 5, 'A': 4, 'C': 4, 'B': 2}","[1.0, 1.0, 0.79]",4.0
96,"[1, 3, 5]","[5, 5, 3]","[0.75, 0.79, 0.75]","[['A', 'D', 'C', 'B'], ['C', 'D', 'A', 'B'], ['A', 'B', 'D', 'C']]","{'D': 5, 'A': 4, 'C': 4, 'B': 2}","[1.0, 1.0, 0.79]",4.0
96,"[1, 3, 5]","[5, 5, 3]","[0.75, 0.79, 0.75]","[['A', 'D', 'C', 'B'], ['C', 'D', 'A', 'B'], ['A', 'D', 'B', 'C']]","{'D': 5, 'A': 4, 'C': 4, 'B': 2}","[1.0, 1.0, 0.79]",4.0
96,"[1, 3, 5]","[5, 5, 3]","[0.75, 0.79, 0.75]","[['A', 'D', 'C', 'B'], ['C', 'D', 'A', 'B'], ['B', 'A', 'D', 'C']]","{'D': 5, 'A': 4, 'C': 4, 'B': 2}","[1.0, 1.0, 0.79]",4.0
96,"[1, 3, 5]","[5, 5, 3]","[0.75, 0.79, 0.75]","[['A', 'D', 'C', 'B'], ['C', 'D', 'A', 'B'], ['B', 'D', 'A', 'C']]","{'D': 5, 'A': 4, 'C': 4, 'B': 2}","[1.0, 1.0, 0.79]",4.0
96,"[1, 3, 5]","[5, 5, 3]","[0.75, 0.79, 0.75]","[['A', 'D', 'C', 'B'], ['C', 'D', 'A', 'B'], ['D', 'A', 'B', 'C']]","{'D': 5, 'A': 4, 'C': 4, 'B': 2}","[1.0, 1.0, 0.79]",4.0
96,"[1, 3, 5]","[5, 5, 3]","[0.75, 0.79, 0.75]","[['A', 'D', 'C', 'B'], ['C', 'D', 'A', 'B'], ['D', 'B', 'A', 'C']]","{'D': 5, 'A': 4, 'C': 4, 'B': 2}","[1.0, 1.0, 0.79]",4.0
96,"[1, 3, 5]","[5, 5, 3]","[0.75, 0.79, 0.75]","[['A', 'D', 'C', 'B'], ['D', 'A', 'B', 'C'], ['A', 'C', 'D', 'B']]","{'D': 5, 'A': 4, 'C': 4, 'B': 2}","[1.0, 1.0, 0.79]",4.0
96,"[1, 3, 5]","[5, 5, 3]","[0.75, 0.79, 0.75]","[['A', 'D', 'C', 'B'], ['D', 'A', 'B', 'C'], ['A', 'D', 'C', 'B']]","{'D': 5, 'A': 4, 'C': 4, 'B': 2}","[1.0, 1.0, 0.79]",4.0
96,"[1, 3, 5]","[5, 5, 3]","[0.75, 0.79, 0.75]","[['A', 'D', 'C', 'B'], ['D', 'A', 'B', 'C'], ['C', 'A', 'D', 'B']]","{'D': 5, 'A': 4, 'C': 4, 'B': 2}","[1.0, 1.0, 0.79]",4.0
96,"[1, 3, 5]","[5, 5, 3]","[0.75, 0.79, 0.75]","[['A', 'D', 'C', 'B'], ['D', 'A', 'B', 'C'], ['C', 'D', 'A', 'B']]","{'D': 5, 'A': 4, 'C': 4, 'B': 2}","[1.0, 1.0, 0.79]",4.0
96,"[1, 3, 5]","[5, 5, 3]","[0.75, 0.79, 0.75]","[['A', 'D', 'C', 'B'], ['D', 'A', 'B', 'C'], ['D', 'A', 'C', 'B']]","{'D': 5, 'A': 4, 'C': 4, 'B': 2}","[1.0, 1.0, 0.79]",4.0
96,"[1, 3, 5]","[5, 5, 3]","[0.75, 0.79, 0.75]","[['A', 'D', 'C', 'B'], ['D', 'A', 'B', 'C'], ['D', 'C', 'A', 'B']]","{'D': 5, 'A': 4, 'C': 4, 'B': 2}","[1.0, 1.0, 0.79]",4.0
96,"[1, 3, 5]","[5, 5, 3]","[0.75, 0.79, 0.75]","[['A', 'D', 'C', 'B'], ['D', 'A', 'C', 'B'], ['A', 'B', 'D', 'C']]","{'D': 5, 'A': 4, 'C': 4, 'B': 2}","[1.0, 1.0, 0.79]",4.0
96,"[1, 3, 5]","[5, 5, 3]","[0.75, 0.79, 0.75]","[['A', 'D', 'C', 'B'], ['D', 'A', 'C', 'B'], ['A', 'D', 'B', 'C']]","{'D': 5, 'A': 4, 'C': 4, 'B': 2}","[1.0, 1.0, 0.79]",4.0
96,"[1, 3, 5]","[5, 5, 3]","[0.75, 0.79, 0.75]","[['A', 'D', 'C', 'B'], ['D', 'A', 'C', 'B'], ['B', 'A', 'D', 'C']]","{'D': 5, 'A': 4, 'C': 4, 'B': 2}","[1.0, 1.0, 0.79]",4.0
96,"[1, 3, 5]","[5, 5, 3]","[0.75, 0.79, 0.75]","[['A', 'D', 'C', 'B'], ['D', 'A', 'C', 'B'], ['B', 'D', 'A', 'C']]","{'D': 5, 'A': 4, 'C': 4, 'B': 2}","[1.0, 1.0, 0.79]",4.0
96,"[1, 3, 5]","[5, 5, 3]","[0.75, 0.79, 0.75]","[['A', 'D', 'C', 'B'], ['D', 'A', 'C', 'B'], ['D', 'A', 'B', 'C']]","{'D': 5, 'A': 4, 'C': 4, 'B': 2}","[1.0, 1.0, 0.79]",4.0
96,"[1, 3, 5]","[5, 5, 3]","[0.75, 0.79, 0.75]","[['A', 'D', 'C', 'B'], ['D', 'A', 'C', 'B'], ['D', 'B', 'A', 'C']]","{'D': 5, 'A': 4, 'C': 4, 'B': 2}","[1.0, 1.0, 0.79]",4.0
96,"[1, 3, 5]","[5, 5, 3]","[0.75, 0.79, 0.75]","[['A', 'D', 'C', 'B'], ['D', 'B', 'A', 'C'], ['A', 'C', 'D', 'B']]","{'D': 5, 'A': 4, 'C': 4, 'B': 2}","[1.0, 1.0, 0.79]",4.0
96,"[1, 3, 5]","[5, 5, 3]","[0.75, 0.79, 0.75]","[['A', 'D', 'C', 'B'], ['D', 'B', 'A', 'C'], ['A', 'D', 'C', 'B']]","{'D': 5, 'A': 4, 'C': 4, 'B': 2}","[1.0, 1.0, 0.79]",4.0
96,"[1, 3, 5]","[5, 5, 3]","[0.75, 0.79, 0.75]","[['A', 'D', 'C', 'B'], ['D', 'B', 'A', 'C'], ['C', 'A', 'D', 'B']]","{'D': 5, 'A': 4, 'C': 4, 'B': 2}","[1.0, 1.0, 0.79]",4.0
96,"[1, 3, 5]","[5, 5, 3]","[0.75, 0.79, 0.75]","[['A', 'D', 'C', 'B'], ['D', 'B', 'A', 'C'], ['C', 'D', 'A', 'B']]","{'D': 5, 'A': 4, 'C': 4, 'B': 2}","[1.0, 1.0, 0.79]",4.0
96,"[1, 3, 5]","[5, 5, 3]","[0.75, 0.79, 0.75]","[['A', 'D', 'C', 'B'], ['D', 'B', 'A', 'C'], ['D', 'A', 'C', 'B']]","{'D': 5, 'A': 4, 'C': 4, 'B': 2}","[1.0, 1.0, 0.79]",4.0
96,"[1, 3, 5]","[5, 5, 3]","[0.75, 0.79, 0.75]","[['A', 'D', 'C', 'B'], ['D', 'B', 'A', 'C'], ['D', 'C', 'A', 'B']]","{'D': 5, 'A': 4, 'C': 4, 'B': 2}","[1.0, 1.0, 0.79]",4.0
96,"[1, 3, 5]","[5, 5, 3]","[0.75, 0.79, 0.75]","[['A', 'D', 'C', 'B'], ['D', 'C', 'A', 'B'], ['A', 'B', 'D', 'C']]","{'D': 5, 'A': 4, 'C': 4, 'B': 2}","[1.0, 1.0, 0.79]",4.0
96,"[1, 3, 5]","[5, 5, 3]","[0.75, 0.79, 0.75]","[['A', 'D', 'C', 'B'], ['D', 'C', 'A', 'B'], ['A', 'D', 'B', 'C']]","{'D': 5, 'A': 4, 'C': 4, 'B': 2}","[1.0, 1.0, 0.79]",4.0
96,"[1, 3, 5]","[5, 5, 3]","[0.75, 0.79, 0.75]","[['A', 'D', 'C', 'B'], ['D', 'C', 'A', 'B'], ['B', 'A', 'D', 'C']]","{'D': 5, 'A': 4, 'C': 4, 'B': 2}","[1.0, 1.0, 0.79]",4.0
96,"[1, 3, 5]","[5, 5, 3]","[0.75, 0.79, 0.75]","[['A', 'D', 'C', 'B'], ['D', 'C', 'A', 'B'], ['B', 'D', 'A', 'C']]","{'D': 5, 'A': 4, 'C': 4, 'B': 2}","[1.0, 1.0, 0.79]",4.0
96,"[1, 3, 5]","[5, 5, 3]","[0.75, 0.79, 0.75]","[['A', 'D', 'C', 'B'], ['D', 'C', 'A', 'B'], ['D', 'A', 'B', 'C']]","{'D': 5, 'A': 4, 'C': 4, 'B': 2}","[1.0, 1.0, 0.79]",4.0
96,"[1, 3, 5]","[5, 5, 3]","[0.75, 0.79, 0.75]","[['A', 'D', 'C', 'B'], ['D', 'C', 'A', 'B'], ['D', 'B', 'A', 'C']]","{'D': 5, 'A': 4, 'C': 4, 'B': 2}","[1.0, 1.0, 0.79]",4.0
96,"[1, 3, 5]","[5, 5, 3]","[0.75, 0.79, 0.75]","[['B', 'A', 'D', 'C'], ['A', 'C', 'D', 'B'], ['A', 'C', 'D', 'B']]","{'D': 5, 'A': 4, 'C': 4, 'B': 2}","[1.0, 1.0, 0.79]",4.0
96,"[1, 3, 5]","[5, 5, 3]","[0.75, 0.79, 0.75]","[['B', 'A', 'D', 'C'], ['A', 'C', 'D', 'B'], ['A', 'D', 'C', 'B']]","{'D': 5, 'A': 4, 'C': 4, 'B': 2}","[1.0, 1.0, 0.79]",4.0
96,"[1, 3, 5]","[5, 5, 3]","[0.75, 0.79, 0.75]","[['B', 'A', 'D', 'C'], ['A', 'C', 'D', 'B'], ['C', 'A', 'D', 'B']]","{'D': 5, 'A': 4, 'C': 4, 'B': 2}","[1.0, 1.0, 0.79]",4.0
96,"[1, 3, 5]","[5, 5, 3]","[0.75, 0.79, 0.75]","[['B', 'A', 'D', 'C'], ['A', 'C', 'D', 'B'], ['C', 'D', 'A', 'B']]","{'D': 5, 'A': 4, 'C': 4, 'B': 2}","[1.0, 1.0, 0.79]",4.0
96,"[1, 3, 5]","[5, 5, 3]","[0.75, 0.79, 0.75]","[['B', 'A', 'D', 'C'], ['A', 'C', 'D', 'B'], ['D', 'A', 'C', 'B']]","{'D': 5, 'A': 4, 'C': 4, 'B': 2}","[1.0, 1.0, 0.79]",4.0
96,"[1, 3, 5]","[5, 5, 3]","[0.75, 0.79, 0.75]","[['B', 'A', 'D', 'C'], ['A', 'C', 'D', 'B'], ['D', 'C', 'A', 'B']]","{'D': 5, 'A': 4, 'C': 4, 'B': 2}","[1.0, 1.0, 0.79]",4.0
96,"[1, 3, 5]","[5, 5, 3]","[0.75, 0.79, 0.75]","[['B', 'A', 'D', 'C'], ['A', 'D', 'C', 'B'], ['A', 'C', 'D', 'B']]","{'D': 5, 'A': 4, 'C': 4, 'B': 2}","[1.0, 1.0, 0.79]",4.0
96,"[1, 3, 5]","[5, 5, 3]","[0.75, 0.79, 0.75]","[['B', 'A', 'D', 'C'], ['A', 'D', 'C', 'B'], ['A', 'D', 'C', 'B']]","{'D': 5, 'A': 4, 'C': 4, 'B': 2}","[1.0, 1.0, 0.79]",4.0
96,"[1, 3, 5]","[5, 5, 3]","[0.75, 0.79, 0.75]","[['B', 'A', 'D', 'C'], ['A', 'D', 'C', 'B'], ['C', 'A', 'D', 'B']]","{'D': 5, 'A': 4, 'C': 4, 'B': 2}","[1.0, 1.0, 0.79]",4.0
96,"[1, 3, 5]","[5, 5, 3]","[0.75, 0.79, 0.75]","[['B', 'A', 'D', 'C'], ['A', 'D', 'C', 'B'], ['C', 'D', 'A', 'B']]","{'D': 5, 'A': 4, 'C': 4, 'B': 2}","[1.0, 1.0, 0.79]",4.0
96,"[1, 3, 5]","[5, 5, 3]","[0.75, 0.79, 0.75]","[['B', 'A', 'D', 'C'], ['A', 'D', 'C', 'B'], ['D', 'A', 'C', 'B']]","{'D': 5, 'A': 4, 'C': 4, 'B': 2}","[1.0, 1.0, 0.79]",4.0
96,"[1, 3, 5]","[5, 5, 3]","[0.75, 0.79, 0.75]","[['B', 'A', 'D', 'C'], ['A', 'D', 'C', 'B'], ['D', 'C', 'A', 'B']]","{'D': 5, 'A': 4, 'C': 4, 'B': 2}","[1.0, 1.0, 0.79]",4.0
96,"[1, 3, 5]","[5, 5, 3]","[0.75, 0.79, 0.75]","[['B', 'A', 'D', 'C'], ['C', 'A', 'D', 'B'], ['A', 'C', 'D', 'B']]","{'D': 5, 'A': 4, 'C': 4, 'B': 2}","[1.0, 1.0, 0.79]",4.0
96,"[1, 3, 5]","[5, 5, 3]","[0.75, 0.79, 0.75]","[['B', 'A', 'D', 'C'], ['C', 'A', 'D', 'B'], ['A', 'D', 'C', 'B']]","{'D': 5, 'A': 4, 'C': 4, 'B': 2}","[1.0, 1.0, 0.79]",4.0
96,"[1, 3, 5]","[5, 5, 3]","[0.75, 0.79, 0.75]","[['B', 'A', 'D', 'C'], ['C', 'A', 'D', 'B'], ['C', 'A', 'D', 'B']]","{'D': 5, 'A': 4, 'C': 4, 'B': 2}","[1.0, 1.0, 0.79]",4.0
96,"[1, 3, 5]","[5, 5, 3]","[0.75, 0.79, 0.75]","[['B', 'A', 'D', 'C'], ['C', 'A', 'D', 'B'], ['C', 'D', 'A', 'B']]","{'D': 5, 'A': 4, 'C': 4, 'B': 2}","[1.0, 1.0, 0.79]",4.0
96,"[1, 3, 5]","[5, 5, 3]","[0.75, 0.79, 0.75]","[['B', 'A', 'D', 'C'], ['C', 'A', 'D', 'B'], ['D', 'A', 'C', 'B']]","{'D': 5, 'A': 4, 'C': 4, 'B': 2}","[1.0, 1.0, 0.79]",4.0
96,"[1, 3, 5]","[5, 5, 3]","[0.75, 0.79, 0.75]","[['B', 'A', 'D', 'C'], ['C', 'A', 'D', 'B'], ['D', 'C', 'A', 'B']]","{'D': 5, 'A': 4, 'C': 4, 'B': 2}","[1.0, 1.0, 0.79]",4.0
96,"[1, 3, 5]","[5, 5, 3]","[0.75, 0.79, 0.75]","[['B', 'A', 'D', 'C'], ['C', 'D', 'A', 'B'], ['A', 'C', 'D', 'B']]","{'D': 5, 'A': 4, 'C': 4, 'B': 2}","[1.0, 1.0, 0.79]",4.0
96,"[1, 3, 5]","[5, 5, 3]","[0.75, 0.79, 0.75]","[['B', 'A', 'D', 'C'], ['C', 'D', 'A', 'B'], ['A', 'D', 'C', 'B']]","{'D': 5, 'A': 4, 'C': 4, 'B': 2}","[1.0, 1.0, 0.79]",4.0
96,"[1, 3, 5]","[5, 5, 3]","[0.75, 0.79, 0.75]","[['B', 'A', 'D', 'C'], ['C', 'D', 'A', 'B'], ['C', 'A', 'D', 'B']]","{'D': 5, 'A': 4, 'C': 4, 'B': 2}","[1.0, 1.0, 0.79]",4.0
96,"[1, 3, 5]","[5, 5, 3]","[0.75, 0.79, 0.75]","[['B', 'A', 'D', 'C'], ['C', 'D', 'A', 'B'], ['C', 'D', 'A', 'B']]","{'D': 5, 'A': 4, 'C': 4, 'B': 2}","[1.0, 1.0, 0.79]",4.0
96,"[1, 3, 5]","[5, 5, 3]","[0.75, 0.79, 0.75]","[['B', 'A', 'D', 'C'], ['C', 'D', 'A', 'B'], ['D', 'A', 'C', 'B']]","{'D': 5, 'A': 4, 'C': 4, 'B': 2}","[1.0, 1.0, 0.79]",4.0
96,"[1, 3, 5]","[5, 5, 3]","[0.75, 0.79, 0.75]","[['B', 'A', 'D', 'C'], ['C', 'D', 'A', 'B'], ['D', 'C', 'A', 'B']]","{'D': 5, 'A': 4, 'C': 4, 'B': 2}","[1.0, 1.0, 0.79]",4.0
96,"[1, 3, 5]","[5, 5, 3]","[0.75, 0.79, 0.75]","[['B', 'A', 'D', 'C'], ['D', 'A', 'C', 'B'], ['A', 'C', 'D', 'B']]","{'D': 5, 'A': 4, 'C': 4, 'B': 2}","[1.0, 1.0, 0.79]",4.0
96,"[1, 3, 5]","[5, 5, 3]","[0.75, 0.79, 0.75]","[['B', 'A', 'D', 'C'], ['D', 'A', 'C', 'B'], ['A', 'D', 'C', 'B']]","{'D': 5, 'A': 4, 'C': 4, 'B': 2}","[1.0, 1.0, 0.79]",4.0
96,"[1, 3, 5]","[5, 5, 3]","[0.75, 0.79, 0.75]","[['B', 'A', 'D', 'C'], ['D', 'A', 'C', 'B'], ['C', 'A', 'D', 'B']]","{'D': 5, 'A': 4, 'C': 4, 'B': 2}","[1.0, 1.0, 0.79]",4.0
96,"[1, 3, 5]","[5, 5, 3]","[0.75, 0.79, 0.75]","[['B', 'A', 'D', 'C'], ['D', 'A', 'C', 'B'], ['C', 'D', 'A', 'B']]","{'D': 5, 'A': 4, 'C': 4, 'B': 2}","[1.0, 1.0, 0.79]",4.0
96,"[1, 3, 5]","[5, 5, 3]","[0.75, 0.79, 0.75]","[['B', 'A', 'D', 'C'], ['D', 'A', 'C', 'B'], ['D', 'A', 'C', 'B']]","{'D': 5, 'A': 4, 'C': 4, 'B': 2}","[1.0, 1.0, 0.79]",4.0
96,"[1, 3, 5]","[5, 5, 3]","[0.75, 0.79, 0.75]","[['B', 'A', 'D', 'C'], ['D', 'A', 'C', 'B'], ['D', 'C', 'A', 'B']]","{'D': 5, 'A': 4, 'C': 4, 'B': 2}","[1.0, 1.0, 0.79]",4.0
96,"[1, 3, 5]","[5, 5, 3]","[0.75, 0.79, 0.75]","[['B', 'A', 'D', 'C'], ['D', 'C', 'A', 'B'], ['A', 'C', 'D', 'B']]","{'D': 5, 'A': 4, 'C': 4, 'B': 2}","[1.0, 1.0, 0.79]",4.0
96,"[1, 3, 5]","[5, 5, 3]","[0.75, 0.79, 0.75]","[['B', 'A', 'D', 'C'], ['D', 'C', 'A', 'B'], ['A', 'D', 'C', 'B']]","{'D': 5, 'A': 4, 'C': 4, 'B': 2}","[1.0, 1.0, 0.79]",4.0
96,"[1, 3, 5]","[5, 5, 3]","[0.75, 0.79, 0.75]","[['B', 'A', 'D', 'C'], ['D', 'C', 'A', 'B'], ['C', 'A', 'D', 'B']]","{'D': 5, 'A': 4, 'C': 4, 'B': 2}","[1.0, 1.0, 0.79]",4.0
96,"[1, 3, 5]","[5, 5, 3]","[0.75, 0.79, 0.75]","[['B', 'A', 'D', 'C'], ['D', 'C', 'A', 'B'], ['C', 'D', 'A', 'B']]","{'D': 5, 'A': 4, 'C': 4, 'B': 2}","[1.0, 1.0, 0.79]",4.0
96,"[1, 3, 5]","[5, 5, 3]","[0.75, 0.79, 0.75]","[['B', 'A', 'D', 'C'], ['D', 'C', 'A', 'B'], ['D', 'A', 'C', 'B']]","{'D': 5, 'A': 4, 'C': 4, 'B': 2}","[1.0, 1.0, 0.79]",4.0
96,"[1, 3, 5]","[5, 5, 3]","[0.75, 0.79, 0.75]","[['B', 'A', 'D', 'C'], ['D', 'C', 'A', 'B'], ['D', 'C', 'A', 'B']]","{'D': 5, 'A': 4, 'C': 4, 'B': 2}","[1.0, 1.0, 0.79]",4.0
96,"[1, 3, 5]","[5, 5, 3]","[0.75, 0.79, 0.75]","[['B', 'D', 'A', 'C'], ['A', 'C', 'D', 'B'], ['A', 'C', 'D', 'B']]","{'D': 5, 'A': 4, 'C': 4, 'B': 2}","[1.0, 1.0, 0.79]",4.0
96,"[1, 3, 5]","[5, 5, 3]","[0.75, 0.79, 0.75]","[['B', 'D', 'A', 'C'], ['A', 'C', 'D', 'B'], ['A', 'D', 'C', 'B']]","{'D': 5, 'A': 4, 'C': 4, 'B': 2}","[1.0, 1.0, 0.79]",4.0
96,"[1, 3, 5]","[5, 5, 3]","[0.75, 0.79, 0.75]","[['B', 'D', 'A', 'C'], ['A', 'C', 'D', 'B'], ['C', 'A', 'D', 'B']]","{'D': 5, 'A': 4, 'C': 4, 'B': 2}","[1.0, 1.0, 0.79]",4.0
96,"[1, 3, 5]","[5, 5, 3]","[0.75, 0.79, 0.75]","[['B', 'D', 'A', 'C'], ['A', 'C', 'D', 'B'], ['C', 'D', 'A', 'B']]","{'D': 5, 'A': 4, 'C': 4, 'B': 2}","[1.0, 1.0, 0.79]",4.0
96,"[1, 3, 5]","[5, 5, 3]","[0.75, 0.79, 0.75]","[['B', 'D', 'A', 'C'], ['A', 'C', 'D', 'B'], ['D', 'A', 'C', 'B']]","{'D': 5, 'A': 4, 'C': 4, 'B': 2}","[1.0, 1.0, 0.79]",4.0
96,"[1, 3, 5]","[5, 5, 3]","[0.75, 0.79, 0.75]","[['B', 'D', 'A', 'C'], ['A', 'C', 'D', 'B'], ['D', 'C', 'A', 'B']]","{'D': 5, 'A': 4, 'C': 4, 'B': 2}","[1.0, 1.0, 0.79]",4.0
96,"[1, 3, 5]","[5, 5, 3]","[0.75, 0.79, 0.75]","[['B', 'D', 'A', 'C'], ['A', 'D', 'C', 'B'], ['A', 'C', 'D', 'B']]","{'D': 5, 'A': 4, 'C': 4, 'B': 2}","[1.0, 1.0, 0.79]",4.0
96,"[1, 3, 5]","[5, 5, 3]","[0.75, 0.79, 0.75]","[['B', 'D', 'A', 'C'], ['A', 'D', 'C', 'B'], ['A', 'D', 'C', 'B']]","{'D': 5, 'A': 4, 'C': 4, 'B': 2}","[1.0, 1.0, 0.79]",4.0
96,"[1, 3, 5]","[5, 5, 3]","[0.75, 0.79, 0.75]","[['B', 'D', 'A', 'C'], ['A', 'D', 'C', 'B'], ['C', 'A', 'D', 'B']]","{'D': 5, 'A': 4, 'C': 4, 'B': 2}","[1.0, 1.0, 0.79]",4.0
96,"[1, 3, 5]","[5, 5, 3]","[0.75, 0.79, 0.75]","[['B', 'D', 'A', 'C'], ['A', 'D', 'C', 'B'], ['C', 'D', 'A', 'B']]","{'D': 5, 'A': 4, 'C': 4, 'B': 2}","[1.0, 1.0, 0.79]",4.0
96,"[1, 3, 5]","[5, 5, 3]","[0.75, 0.79, 0.75]","[['B', 'D', 'A', 'C'], ['A', 'D', 'C', 'B'], ['D', 'A', 'C', 'B']]","{'D': 5, 'A': 4, 'C': 4, 'B': 2}","[1.0, 1.0, 0.79]",4.0
96,"[1, 3, 5]","[5, 5, 3]","[0.75, 0.79, 0.75]","[['B', 'D', 'A', 'C'], ['A', 'D', 'C', 'B'], ['D', 'C', 'A', 'B']]","{'D': 5, 'A': 4, 'C': 4, 'B': 2}","[1.0, 1.0, 0.79]",4.0
96,"[1, 3, 5]","[5, 5, 3]","[0.75, 0.79, 0.75]","[['B', 'D', 'A', 'C'], ['C', 'A', 'D', 'B'], ['A', 'C', 'D', 'B']]","{'D': 5, 'A': 4, 'C': 4, 'B': 2}","[1.0, 1.0, 0.79]",4.0
96,"[1, 3, 5]","[5, 5, 3]","[0.75, 0.79, 0.75]","[['B', 'D', 'A', 'C'], ['C', 'A', 'D', 'B'], ['A', 'D', 'C', 'B']]","{'D': 5, 'A': 4, 'C': 4, 'B': 2}","[1.0, 1.0, 0.79]",4.0
96,"[1, 3, 5]","[5, 5, 3]","[0.75, 0.79, 0.75]","[['B', 'D', 'A', 'C'], ['C', 'A', 'D', 'B'], ['C', 'A', 'D', 'B']]","{'D': 5, 'A': 4, 'C': 4, 'B': 2}","[1.0, 1.0, 0.79]",4.0
96,"[1, 3, 5]","[5, 5, 3]","[0.75, 0.79, 0.75]","[['B', 'D', 'A', 'C'], ['C', 'A', 'D', 'B'], ['C', 'D', 'A', 'B']]","{'D': 5, 'A': 4, 'C': 4, 'B': 2}","[1.0, 1.0, 0.79]",4.0
96,"[1, 3, 5]","[5, 5, 3]","[0.75, 0.79, 0.75]","[['B', 'D', 'A', 'C'], ['C', 'A', 'D', 'B'], ['D', 'A', 'C', 'B']]","{'D': 5, 'A': 4, 'C': 4, 'B': 2}","[1.0, 1.0, 0.79]",4.0
96,"[1, 3, 5]","[5, 5, 3]","[0.75, 0.79, 0.75]","[['B', 'D', 'A', 'C'], ['C', 'A', 'D', 'B'], ['D', 'C', 'A', 'B']]","{'D': 5, 'A': 4, 'C': 4, 'B': 2}","[1.0, 1.0, 0.79]",4.0
96,"[1, 3, 5]","[5, 5, 3]","[0.75, 0.79, 0.75]","[['B', 'D', 'A', 'C'], ['C', 'D', 'A', 'B'], ['A', 'C', 'D', 'B']]","{'D': 5, 'A': 4, 'C': 4, 'B': 2}","[1.0, 1.0, 0.79]",4.0
96,"[1, 3, 5]","[5, 5, 3]","[0.75, 0.79, 0.75]","[['B', 'D', 'A', 'C'], ['C', 'D', 'A', 'B'], ['A', 'D', 'C', 'B']]","{'D': 5, 'A': 4, 'C': 4, 'B': 2}","[1.0, 1.0, 0.79]",4.0
96,"[1, 3, 5]","[5, 5, 3]","[0.75, 0.79, 0.75]","[['B', 'D', 'A', 'C'], ['C', 'D', 'A', 'B'], ['C', 'A', 'D', 'B']]","{'D': 5, 'A': 4, 'C': 4, 'B': 2}","[1.0, 1.0, 0.79]",4.0
96,"[1, 3, 5]","[5, 5, 3]","[0.75, 0.79, 0.75]","[['B', 'D', 'A', 'C'], ['C', 'D', 'A', 'B'], ['C', 'D', 'A', 'B']]","{'D': 5, 'A': 4, 'C': 4, 'B': 2}","[1.0, 1.0, 0.79]",4.0
96,"[1, 3, 5]","[5, 5, 3]","[0.75, 0.79, 0.75]","[['B', 'D', 'A', 'C'], ['C', 'D', 'A', 'B'], ['D', 'A', 'C', 'B']]","{'D': 5, 'A': 4, 'C': 4, 'B': 2}","[1.0, 1.0, 0.79]",4.0
96,"[1, 3, 5]","[5, 5, 3]","[0.75, 0.79, 0.75]","[['B', 'D', 'A', 'C'], ['C', 'D', 'A', 'B'], ['D', 'C', 'A', 'B']]","{'D': 5, 'A': 4, 'C': 4, 'B': 2}","[1.0, 1.0, 0.79]",4.0
96,"[1, 3, 5]","[5, 5, 3]","[0.75, 0.79, 0.75]","[['B', 'D', 'A', 'C'], ['D', 'A', 'C', 'B'], ['A', 'C', 'D', 'B']]","{'D': 5, 'A': 4, 'C': 4, 'B': 2}","[1.0, 1.0, 0.79]",4.0
96,"[1, 3, 5]","[5, 5, 3]","[0.75, 0.79, 0.75]","[['B', 'D', 'A', 'C'], ['D', 'A', 'C', 'B'], ['A', 'D', 'C', 'B']]","{'D': 5, 'A': 4, 'C': 4, 'B': 2}","[1.0, 1.0, 0.79]",4.0
96,"[1, 3, 5]","[5, 5, 3]","[0.75, 0.79, 0.75]","[['B', 'D', 'A', 'C'], ['D', 'A', 'C', 'B'], ['C', 'A', 'D', 'B']]","{'D': 5, 'A': 4, 'C': 4, 'B': 2}","[1.0, 1.0, 0.79]",4.0
96,"[1, 3, 5]","[5, 5, 3]","[0.75, 0.79, 0.75]","[['B', 'D', 'A', 'C'], ['D', 'A', 'C', 'B'], ['C', 'D', 'A', 'B']]","{'D': 5, 'A': 4, 'C': 4, 'B': 2}","[1.0, 1.0, 0.79]",4.0
96,"[1, 3, 5]","[5, 5, 3]","[0.75, 0.79, 0.75]","[['B', 'D', 'A', 'C'], ['D', 'A', 'C', 'B'], ['D', 'A', 'C', 'B']]","{'D': 5, 'A': 4, 'C': 4, 'B': 2}","[1.0, 1.0, 0.79]",4.0
96,"[1, 3, 5]","[5, 5, 3]","[0.75, 0.79, 0.75]","[['B', 'D', 'A', 'C'], ['D', 'A', 'C', 'B'], ['D', 'C', 'A', 'B']]","{'D': 5, 'A': 4, 'C': 4, 'B': 2}","[1.0, 1.0, 0.79]",4.0
96,"[1, 3, 5]","[5, 5, 3]","[0.75, 0.79, 0.75]","[['B', 'D', 'A', 'C'], ['D', 'C', 'A', 'B'], ['A', 'C', 'D', 'B']]","{'D': 5, 'A': 4, 'C': 4, 'B': 2}","[1.0, 1.0, 0.79]",4.0
96,"[1, 3, 5]","[5, 5, 3]","[0.75, 0.79, 0.75]","[['B', 'D', 'A', 'C'], ['D', 'C', 'A', 'B'], ['A', 'D', 'C', 'B']]","{'D': 5, 'A': 4, 'C': 4, 'B': 2}","[1.0, 1.0, 0.79]",4.0
96,"[1, 3, 5]","[5, 5, 3]","[0.75, 0.79, 0.75]","[['B', 'D', 'A', 'C'], ['D', 'C', 'A', 'B'], ['C', 'A', 'D', 'B']]","{'D': 5, 'A': 4, 'C': 4, 'B': 2}","[1.0, 1.0, 0.79]",4.0
96,"[1, 3, 5]","[5, 5, 3]","[0.75, 0.79, 0.75]","[['B', 'D', 'A', 'C'], ['D', 'C', 'A', 'B'], ['C', 'D', 'A', 'B']]","{'D': 5, 'A': 4, 'C': 4, 'B': 2}","[1.0, 1.0, 0.79]",4.0
96,"[1, 3, 5]","[5, 5, 3]","[0.75, 0.79, 0.75]","[['B', 'D', 'A', 'C'], ['D', 'C', 'A', 'B'], ['D', 'A', 'C', 'B']]","{'D': 5, 'A': 4, 'C': 4, 'B': 2}","[1.0, 1.0, 0.79]",4.0
96,"[1, 3, 5]","[5, 5, 3]","[0.75, 0.79, 0.75]","[['B', 'D', 'A', 'C'], ['D', 'C', 'A', 'B'], ['D', 'C', 'A', 'B']]","{'D': 5, 'A': 4, 'C': 4, 'B': 2}","[1.0, 1.0, 0.79]",4.0
96,"[1, 3, 5]","[5, 5, 3]","[0.75, 0.79, 0.75]","[['C', 'A', 'D', 'B'], ['A', 'B', 'D', 'C'], ['A', 'C', 'D', 'B']]","{'D': 5, 'A': 4, 'C': 4, 'B': 2}","[1.0, 1.0, 0.79]",4.0
96,"[1, 3, 5]","[5, 5, 3]","[0.75, 0.79, 0.75]","[['C', 'A', 'D', 'B'], ['A', 'B', 'D', 'C'], ['A', 'D', 'C', 'B']]","{'D': 5, 'A': 4, 'C': 4, 'B': 2}","[1.0, 1.0, 0.79]",4.0
96,"[1, 3, 5]","[5, 5, 3]","[0.75, 0.79, 0.75]","[['C', 'A', 'D', 'B'], ['A', 'B', 'D', 'C'], ['C', 'A', 'D', 'B']]","{'D': 5, 'A': 4, 'C': 4, 'B': 2}","[1.0, 1.0, 0.79]",4.0
96,"[1, 3, 5]","[5, 5, 3]","[0.75, 0.79, 0.75]","[['C', 'A', 'D', 'B'], ['A', 'B', 'D', 'C'], ['C', 'D', 'A', 'B']]","{'D': 5, 'A': 4, 'C': 4, 'B': 2}","[1.0, 1.0, 0.79]",4.0
96,"[1, 3, 5]","[5, 5, 3]","[0.75, 0.79, 0.75]","[['C', 'A', 'D', 'B'], ['A', 'B', 'D', 'C'], ['D', 'A', 'C', 'B']]","{'D': 5, 'A': 4, 'C': 4, 'B': 2}","[1.0, 1.0, 0.79]",4.0
96,"[1, 3, 5]","[5, 5, 3]","[0.75, 0.79, 0.75]","[['C', 'A', 'D', 'B'], ['A', 'B', 'D', 'C'], ['D', 'C', 'A', 'B']]","{'D': 5, 'A': 4, 'C': 4, 'B': 2}","[1.0, 1.0, 0.79]",4.0
96,"[1, 3, 5]","[5, 5, 3]","[0.75, 0.79, 0.75]","[['C', 'A', 'D', 'B'], ['A', 'C', 'D', 'B'], ['A', 'B', 'D', 'C']]","{'D': 5, 'A': 4, 'C': 4, 'B': 2}","[1.0, 1.0, 0.79]",4.0
96,"[1, 3, 5]","[5, 5, 3]","[0.75, 0.79, 0.75]","[['C', 'A', 'D', 'B'], ['A', 'C', 'D', 'B'], ['A', 'D', 'B', 'C']]","{'D': 5, 'A': 4, 'C': 4, 'B': 2}","[1.0, 1.0, 0.79]",4.0
96,"[1, 3, 5]","[5, 5, 3]","[0.75, 0.79, 0.75]","[['C', 'A', 'D', 'B'], ['A', 'C', 'D', 'B'], ['B', 'A', 'D', 'C']]","{'D': 5, 'A': 4, 'C': 4, 'B': 2}","[1.0, 1.0, 0.79]",4.0
96,"[1, 3, 5]","[5, 5, 3]","[0.75, 0.79, 0.75]","[['C', 'A', 'D', 'B'], ['A', 'C', 'D', 'B'], ['B', 'D', 'A', 'C']]","{'D': 5, 'A': 4, 'C': 4, 'B': 2}","[1.0, 1.0, 0.79]",4.0
96,"[1, 3, 5]","[5, 5, 3]","[0.75, 0.79, 0.75]","[['C', 'A', 'D', 'B'], ['A', 'C', 'D', 'B'], ['D', 'A', 'B', 'C']]","{'D': 5, 'A': 4, 'C': 4, 'B': 2}","[1.0, 1.0, 0.79]",4.0
96,"[1, 3, 5]","[5, 5, 3]","[0.75, 0.79, 0.75]","[['C', 'A', 'D', 'B'], ['A', 'C', 'D', 'B'], ['D', 'B', 'A', 'C']]","{'D': 5, 'A': 4, 'C': 4, 'B': 2}","[1.0, 1.0, 0.79]",4.0
96,"[1, 3, 5]","[5, 5, 3]","[0.75, 0.79, 0.75]","[['C', 'A', 'D', 'B'], ['A', 'D', 'B', 'C'], ['A', 'C', 'D', 'B']]","{'D': 5, 'A': 4, 'C': 4, 'B': 2}","[1.0, 1.0, 0.79]",4.0
96,"[1, 3, 5]","[5, 5, 3]","[0.75, 0.79, 0.75]","[['C', 'A', 'D', 'B'], ['A', 'D', 'B', 'C'], ['A', 'D', 'C', 'B']]","{'D': 5, 'A': 4, 'C': 4, 'B': 2}","[1.0, 1.0, 0.79]",4.0
96,"[1, 3, 5]","[5, 5, 3]","[0.75, 0.79, 0.75]","[['C', 'A', 'D', 'B'], ['A', 'D', 'B', 'C'], ['C', 'A', 'D', 'B']]","{'D': 5, 'A': 4, 'C': 4, 'B': 2}","[1.0, 1.0, 0.79]",4.0
96,"[1, 3, 5]","[5, 5, 3]","[0.75, 0.79, 0.75]","[['C', 'A', 'D', 'B'], ['A', 'D', 'B', 'C'], ['C', 'D', 'A', 'B']]","{'D': 5, 'A': 4, 'C': 4, 'B': 2}","[1.0, 1.0, 0.79]",4.0
96,"[1, 3, 5]","[5, 5, 3]","[0.75, 0.79, 0.75]","[['C', 'A', 'D', 'B'], ['A', 'D', 'B', 'C'], ['D', 'A', 'C', 'B']]","{'D': 5, 'A': 4, 'C': 4, 'B': 2}","[1.0, 1.0, 0.79]",4.0
96,"[1, 3, 5]","[5, 5, 3]","[0.75, 0.79, 0.75]","[['C', 'A', 'D', 'B'], ['A', 'D', 'B', 'C'], ['D', 'C', 'A', 'B']]","{'D': 5, 'A': 4, 'C': 4, 'B': 2}","[1.0, 1.0, 0.79]",4.0
96,"[1, 3, 5]","[5, 5, 3]","[0.75, 0.79, 0.75]","[['C', 'A', 'D', 'B'], ['A', 'D', 'C', 'B'], ['A', 'B', 'D', 'C']]","{'D': 5, 'A': 4, 'C': 4, 'B': 2}","[1.0, 1.0, 0.79]",4.0
96,"[1, 3, 5]","[5, 5, 3]","[0.75, 0.79, 0.75]","[['C', 'A', 'D', 'B'], ['A', 'D', 'C', 'B'], ['A', 'D', 'B', 'C']]","{'D': 5, 'A': 4, 'C': 4, 'B': 2}","[1.0, 1.0, 0.79]",4.0
96,"[1, 3, 5]","[5, 5, 3]","[0.75, 0.79, 0.75]","[['C', 'A', 'D', 'B'], ['A', 'D', 'C', 'B'], ['B', 'A', 'D', 'C']]","{'D': 5, 'A': 4, 'C': 4, 'B': 2}","[1.0, 1.0, 0.79]",4.0
96,"[1, 3, 5]","[5, 5, 3]","[0.75, 0.79, 0.75]","[['C', 'A', 'D', 'B'], ['A', 'D', 'C', 'B'], ['B', 'D', 'A', 'C']]","{'D': 5, 'A': 4, 'C': 4, 'B': 2}","[1.0, 1.0, 0.79]",4.0
96,"[1, 3, 5]","[5, 5, 3]","[0.75, 0.79, 0.75]","[['C', 'A', 'D', 'B'], ['A', 'D', 'C', 'B'], ['D', 'A', 'B', 'C']]","{'D': 5, 'A': 4, 'C': 4, 'B': 2}","[1.0, 1.0, 0.79]",4.0
96,"[1, 3, 5]","[5, 5, 3]","[0.75, 0.79, 0.75]","[['C', 'A', 'D', 'B'], ['A', 'D', 'C', 'B'], ['D', 'B', 'A', 'C']]","{'D': 5, 'A': 4, 'C': 4, 'B': 2}","[1.0, 1.0, 0.79]",4.0
96,"[1, 3, 5]","[5, 5, 3]","[0.75, 0.79, 0.75]","[['C', 'A', 'D', 'B'], ['B', 'A', 'D', 'C'], ['A', 'C', 'D', 'B']]","{'D': 5, 'A': 4, 'C': 4, 'B': 2}","[1.0, 1.0, 0.79]",4.0
96,"[1, 3, 5]","[5, 5, 3]","[0.75, 0.79, 0.75]","[['C', 'A', 'D', 'B'], ['B', 'A', 'D', 'C'], ['A', 'D', 'C', 'B']]","{'D': 5, 'A': 4, 'C': 4, 'B': 2}","[1.0, 1.0, 0.79]",4.0
96,"[1, 3, 5]","[5, 5, 3]","[0.75, 0.79, 0.75]","[['C', 'A', 'D', 'B'], ['B', 'A', 'D', 'C'], ['C', 'A', 'D', 'B']]","{'D': 5, 'A': 4, 'C': 4, 'B': 2}","[1.0, 1.0, 0.79]",4.0
96,"[1, 3, 5]","[5, 5, 3]","[0.75, 0.79, 0.75]","[['C', 'A', 'D', 'B'], ['B', 'A', 'D', 'C'], ['C', 'D', 'A', 'B']]","{'D': 5, 'A': 4, 'C': 4, 'B': 2}","[1.0, 1.0, 0.79]",4.0
96,"[1, 3, 5]","[5, 5, 3]","[0.75, 0.79, 0.75]","[['C', 'A', 'D', 'B'], ['B', 'A', 'D', 'C'], ['D', 'A', 'C', 'B']]","{'D': 5, 'A': 4, 'C': 4, 'B': 2}","[1.0, 1.0, 0.79]",4.0
96,"[1, 3, 5]","[5, 5, 3]","[0.75, 0.79, 0.75]","[['C', 'A', 'D', 'B'], ['B', 'A', 'D', 'C'], ['D', 'C', 'A', 'B']]","{'D': 5, 'A': 4, 'C': 4, 'B': 2}","[1.0, 1.0, 0.79]",4.0
96,"[1, 3, 5]","[5, 5, 3]","[0.75, 0.79, 0.75]","[['C', 'A', 'D', 'B'], ['B', 'D', 'A', 'C'], ['A', 'C', 'D', 'B']]","{'D': 5, 'A': 4, 'C': 4, 'B': 2}","[1.0, 1.0, 0.79]",4.0
96,"[1, 3, 5]","[5, 5, 3]","[0.75, 0.79, 0.75]","[['C', 'A', 'D', 'B'], ['B', 'D', 'A', 'C'], ['A', 'D', 'C', 'B']]","{'D': 5, 'A': 4, 'C': 4, 'B': 2}","[1.0, 1.0, 0.79]",4.0
96,"[1, 3, 5]","[5, 5, 3]","[0.75, 0.79, 0.75]","[['C', 'A', 'D', 'B'], ['B', 'D', 'A', 'C'], ['C', 'A', 'D', 'B']]","{'D': 5, 'A': 4, 'C': 4, 'B': 2}","[1.0, 1.0, 0.79]",4.0
96,"[1, 3, 5]","[5, 5, 3]","[0.75, 0.79, 0.75]","[['C', 'A', 'D', 'B'], ['B', 'D', 'A', 'C'], ['C', 'D', 'A', 'B']]","{'D': 5, 'A': 4, 'C': 4, 'B': 2}","[1.0, 1.0, 0.79]",4.0
96,"[1, 3, 5]","[5, 5, 3]","[0.75, 0.79, 0.75]","[['C', 'A', 'D', 'B'], ['B', 'D', 'A', 'C'], ['D', 'A', 'C', 'B']]","{'D': 5, 'A': 4, 'C': 4, 'B': 2}","[1.0, 1.0, 0.79]",4.0
96,"[1, 3, 5]","[5, 5, 3]","[0.75, 0.79, 0.75]","[['C', 'A', 'D', 'B'], ['B', 'D', 'A', 'C'], ['D', 'C', 'A', 'B']]","{'D': 5, 'A': 4, 'C': 4, 'B': 2}","[1.0, 1.0, 0.79]",4.0
96,"[1, 3, 5]","[5, 5, 3]","[0.75, 0.79, 0.75]","[['C', 'A', 'D', 'B'], ['C', 'A', 'D', 'B'], ['A', 'B', 'D', 'C']]","{'D': 5, 'A': 4, 'C': 4, 'B': 2}","[1.0, 1.0, 0.79]",4.0
96,"[1, 3, 5]","[5, 5, 3]","[0.75, 0.79, 0.75]","[['C', 'A', 'D', 'B'], ['C', 'A', 'D', 'B'], ['A', 'D', 'B', 'C']]","{'D': 5, 'A': 4, 'C': 4, 'B': 2}","[1.0, 1.0, 0.79]",4.0
96,"[1, 3, 5]","[5, 5, 3]","[0.75, 0.79, 0.75]","[['C', 'A', 'D', 'B'], ['C', 'A', 'D', 'B'], ['B', 'A', 'D', 'C']]","{'D': 5, 'A': 4, 'C': 4, 'B': 2}","[1.0, 1.0, 0.79]",4.0
96,"[1, 3, 5]","[5, 5, 3]","[0.75, 0.79, 0.75]","[['C', 'A', 'D', 'B'], ['C', 'A', 'D', 'B'], ['B', 'D', 'A', 'C']]","{'D': 5, 'A': 4, 'C': 4, 'B': 2}","[1.0, 1.0, 0.79]",4.0
96,"[1, 3, 5]","[5, 5, 3]","[0.75, 0.79, 0.75]","[['C', 'A', 'D', 'B'], ['C', 'A', 'D', 'B'], ['D', 'A', 'B', 'C']]","{'D': 5, 'A': 4, 'C': 4, 'B': 2}","[1.0, 1.0, 0.79]",4.0
96,"[1, 3, 5]","[5, 5, 3]","[0.75, 0.79, 0.75]","[['C', 'A', 'D', 'B'], ['C', 'A', 'D', 'B'], ['D', 'B', 'A', 'C']]","{'D': 5, 'A': 4, 'C': 4, 'B': 2}","[1.0, 1.0, 0.79]",4.0
96,"[1, 3, 5]","[5, 5, 3]","[0.75, 0.79, 0.75]","[['C', 'A', 'D', 'B'], ['C', 'D', 'A', 'B'], ['A', 'B', 'D', 'C']]","{'D': 5, 'A': 4, 'C': 4, 'B': 2}","[1.0, 1.0, 0.79]",4.0
96,"[1, 3, 5]","[5, 5, 3]","[0.75, 0.79, 0.75]","[['C', 'A', 'D', 'B'], ['C', 'D', 'A', 'B'], ['A', 'D', 'B', 'C']]","{'D': 5, 'A': 4, 'C': 4, 'B': 2}","[1.0, 1.0, 0.79]",4.0
96,"[1, 3, 5]","[5, 5, 3]","[0.75, 0.79, 0.75]","[['C', 'A', 'D', 'B'], ['C', 'D', 'A', 'B'], ['B', 'A', 'D', 'C']]","{'D': 5, 'A': 4, 'C': 4, 'B': 2}","[1.0, 1.0, 0.79]",4.0
96,"[1, 3, 5]","[5, 5, 3]","[0.75, 0.79, 0.75]","[['C', 'A', 'D', 'B'], ['C', 'D', 'A', 'B'], ['B', 'D', 'A', 'C']]","{'D': 5, 'A': 4, 'C': 4, 'B': 2}","[1.0, 1.0, 0.79]",4.0
96,"[1, 3, 5]","[5, 5, 3]","[0.75, 0.79, 0.75]","[['C', 'A', 'D', 'B'], ['C', 'D', 'A', 'B'], ['D', 'A', 'B', 'C']]","{'D': 5, 'A': 4, 'C': 4, 'B': 2}","[1.0, 1.0, 0.79]",4.0
96,"[1, 3, 5]","[5, 5, 3]","[0.75, 0.79, 0.75]","[['C', 'A', 'D', 'B'], ['C', 'D', 'A', 'B'], ['D', 'B', 'A', 'C']]","{'D': 5, 'A': 4, 'C': 4, 'B': 2}","[1.0, 1.0, 0.79]",4.0
96,"[1, 3, 5]","[5, 5, 3]","[0.75, 0.79, 0.75]","[['C', 'A', 'D', 'B'], ['D', 'A', 'B', 'C'], ['A', 'C', 'D', 'B']]","{'D': 5, 'A': 4, 'C': 4, 'B': 2}","[1.0, 1.0, 0.79]",4.0
96,"[1, 3, 5]","[5, 5, 3]","[0.75, 0.79, 0.75]","[['C', 'A', 'D', 'B'], ['D', 'A', 'B', 'C'], ['A', 'D', 'C', 'B']]","{'D': 5, 'A': 4, 'C': 4, 'B': 2}","[1.0, 1.0, 0.79]",4.0
96,"[1, 3, 5]","[5, 5, 3]","[0.75, 0.79, 0.75]","[['C', 'A', 'D', 'B'], ['D', 'A', 'B', 'C'], ['C', 'A', 'D', 'B']]","{'D': 5, 'A': 4, 'C': 4, 'B': 2}","[1.0, 1.0, 0.79]",4.0
96,"[1, 3, 5]","[5, 5, 3]","[0.75, 0.79, 0.75]","[['C', 'A', 'D', 'B'], ['D', 'A', 'B', 'C'], ['C', 'D', 'A', 'B']]","{'D': 5, 'A': 4, 'C': 4, 'B': 2}","[1.0, 1.0, 0.79]",4.0
96,"[1, 3, 5]","[5, 5, 3]","[0.75, 0.79, 0.75]","[['C', 'A', 'D', 'B'], ['D', 'A', 'B', 'C'], ['D', 'A', 'C', 'B']]","{'D': 5, 'A': 4, 'C': 4, 'B': 2}","[1.0, 1.0, 0.79]",4.0
96,"[1, 3, 5]","[5, 5, 3]","[0.75, 0.79, 0.75]","[['C', 'A', 'D', 'B'], ['D', 'A', 'B', 'C'], ['D', 'C', 'A', 'B']]","{'D': 5, 'A': 4, 'C': 4, 'B': 2}","[1.0, 1.0, 0.79]",4.0
96,"[1, 3, 5]","[5, 5, 3]","[0.75, 0.79, 0.75]","[['C', 'A', 'D', 'B'], ['D', 'A', 'C', 'B'], ['A', 'B', 'D', 'C']]","{'D': 5, 'A': 4, 'C': 4, 'B': 2}","[1.0, 1.0, 0.79]",4.0
96,"[1, 3, 5]","[5, 5, 3]","[0.75, 0.79, 0.75]","[['C', 'A', 'D', 'B'], ['D', 'A', 'C', 'B'], ['A', 'D', 'B', 'C']]","{'D': 5, 'A': 4, 'C': 4, 'B': 2}","[1.0, 1.0, 0.79]",4.0
96,"[1, 3, 5]","[5, 5, 3]","[0.75, 0.79, 0.75]","[['C', 'A', 'D', 'B'], ['D', 'A', 'C', 'B'], ['B', 'A', 'D', 'C']]","{'D': 5, 'A': 4, 'C': 4, 'B': 2}","[1.0, 1.0, 0.79]",4.0
96,"[1, 3, 5]","[5, 5, 3]","[0.75, 0.79, 0.75]","[['C', 'A', 'D', 'B'], ['D', 'A', 'C', 'B'], ['B', 'D', 'A', 'C']]","{'D': 5, 'A': 4, 'C': 4, 'B': 2}","[1.0, 1.0, 0.79]",4.0
96,"[1, 3, 5]","[5, 5, 3]","[0.75, 0.79, 0.75]","[['C', 'A', 'D', 'B'], ['D', 'A', 'C', 'B'], ['D', 'A', 'B', 'C']]","{'D': 5, 'A': 4, 'C': 4, 'B': 2}","[1.0, 1.0, 0.79]",4.0
96,"[1, 3, 5]","[5, 5, 3]","[0.75, 0.79, 0.75]","[['C', 'A', 'D', 'B'], ['D', 'A', 'C', 'B'], ['D', 'B', 'A', 'C']]","{'D': 5, 'A': 4, 'C': 4, 'B': 2}","[1.0, 1.0, 0.79]",4.0
96,"[1, 3, 5]","[5, 5, 3]","[0.75, 0.79, 0.75]","[['C', 'A', 'D', 'B'], ['D', 'B', 'A', 'C'], ['A', 'C', 'D', 'B']]","{'D': 5, 'A': 4, 'C': 4, 'B': 2}","[1.0, 1.0, 0.79]",4.0
96,"[1, 3, 5]","[5, 5, 3]","[0.75, 0.79, 0.75]","[['C', 'A', 'D', 'B'], ['D', 'B', 'A', 'C'], ['A', 'D', 'C', 'B']]","{'D': 5, 'A': 4, 'C': 4, 'B': 2}","[1.0, 1.0, 0.79]",4.0
96,"[1, 3, 5]","[5, 5, 3]","[0.75, 0.79, 0.75]","[['C', 'A', 'D', 'B'], ['D', 'B', 'A', 'C'], ['C', 'A', 'D', 'B']]","{'D': 5, 'A': 4, 'C': 4, 'B': 2}","[1.0, 1.0, 0.79]",4.0
96,"[1, 3, 5]","[5, 5, 3]","[0.75, 0.79, 0.75]","[['C', 'A', 'D', 'B'], ['D', 'B', 'A', 'C'], ['C', 'D', 'A', 'B']]","{'D': 5, 'A': 4, 'C': 4, 'B': 2}","[1.0, 1.0, 0.79]",4.0
96,"[1, 3, 5]","[5, 5, 3]","[0.75, 0.79, 0.75]","[['C', 'A', 'D', 'B'], ['D', 'B', 'A', 'C'], ['D', 'A', 'C', 'B']]","{'D': 5, 'A': 4, 'C': 4, 'B': 2}","[1.0, 1.0, 0.79]",4.0
96,"[1, 3, 5]","[5, 5, 3]","[0.75, 0.79, 0.75]","[['C', 'A', 'D', 'B'], ['D', 'B', 'A', 'C'], ['D', 'C', 'A', 'B']]","{'D': 5, 'A': 4, 'C': 4, 'B': 2}","[1.0, 1.0, 0.79]",4.0
96,"[1, 3, 5]","[5, 5, 3]","[0.75, 0.79, 0.75]","[['C', 'A', 'D', 'B'], ['D', 'C', 'A', 'B'], ['A', 'B', 'D', 'C']]","{'D': 5, 'A': 4, 'C': 4, 'B': 2}","[1.0, 1.0, 0.79]",4.0
96,"[1, 3, 5]","[5, 5, 3]","[0.75, 0.79, 0.75]","[['C', 'A', 'D', 'B'], ['D', 'C', 'A', 'B'], ['A', 'D', 'B', 'C']]","{'D': 5, 'A': 4, 'C': 4, 'B': 2}","[1.0, 1.0, 0.79]",4.0
96,"[1, 3, 5]","[5, 5, 3]","[0.75, 0.79, 0.75]","[['C', 'A', 'D', 'B'], ['D', 'C', 'A', 'B'], ['B', 'A', 'D', 'C']]","{'D': 5, 'A': 4, 'C': 4, 'B': 2}","[1.0, 1.0, 0.79]",4.0
96,"[1, 3, 5]","[5, 5, 3]","[0.75, 0.79, 0.75]","[['C', 'A', 'D', 'B'], ['D', 'C', 'A', 'B'], ['B', 'D', 'A', 'C']]","{'D': 5, 'A': 4, 'C': 4, 'B': 2}","[1.0, 1.0, 0.79]",4.0
96,"[1, 3, 5]","[5, 5, 3]","[0.75, 0.79, 0.75]","[['C', 'A', 'D', 'B'], ['D', 'C', 'A', 'B'], ['D', 'A', 'B', 'C']]","{'D': 5, 'A': 4, 'C': 4, 'B': 2}","[1.0, 1.0, 0.79]",4.0
96,"[1, 3, 5]","[5, 5, 3]","[0.75, 0.79, 0.75]","[['C', 'A', 'D', 'B'], ['D', 'C', 'A', 'B'], ['D', 'B', 'A', 'C']]","{'D': 5, 'A': 4, 'C': 4, 'B': 2}","[1.0, 1.0, 0.79]",4.0
96,"[1, 3, 5]","[5, 5, 3]","[0.75, 0.79, 0.75]","[['C', 'D', 'A', 'B'], ['A', 'B', 'D', 'C'], ['A', 'C', 'D', 'B']]","{'D': 5, 'A': 4, 'C': 4, 'B': 2}","[1.0, 1.0, 0.79]",4.0
96,"[1, 3, 5]","[5, 5, 3]","[0.75, 0.79, 0.75]","[['C', 'D', 'A', 'B'], ['A', 'B', 'D', 'C'], ['A', 'D', 'C', 'B']]","{'D': 5, 'A': 4, 'C': 4, 'B': 2}","[1.0, 1.0, 0.79]",4.0
96,"[1, 3, 5]","[5, 5, 3]","[0.75, 0.79, 0.75]","[['C', 'D', 'A', 'B'], ['A', 'B', 'D', 'C'], ['C', 'A', 'D', 'B']]","{'D': 5, 'A': 4, 'C': 4, 'B': 2}","[1.0, 1.0, 0.79]",4.0
96,"[1, 3, 5]","[5, 5, 3]","[0.75, 0.79, 0.75]","[['C', 'D', 'A', 'B'], ['A', 'B', 'D', 'C'], ['C', 'D', 'A', 'B']]","{'D': 5, 'A': 4, 'C': 4, 'B': 2}","[1.0, 1.0, 0.79]",4.0
96,"[1, 3, 5]","[5, 5, 3]","[0.75, 0.79, 0.75]","[['C', 'D', 'A', 'B'], ['A', 'B', 'D', 'C'], ['D', 'A', 'C', 'B']]","{'D': 5, 'A': 4, 'C': 4, 'B': 2}","[1.0, 1.0, 0.79]",4.0
96,"[1, 3, 5]","[5, 5, 3]","[0.75, 0.79, 0.75]","[['C', 'D', 'A', 'B'], ['A', 'B', 'D', 'C'], ['D', 'C', 'A', 'B']]","{'D': 5, 'A': 4, 'C': 4, 'B': 2}","[1.0, 1.0, 0.79]",4.0
96,"[1, 3, 5]","[5, 5, 3]","[0.75, 0.79, 0.75]","[['C', 'D', 'A', 'B'], ['A', 'C', 'D', 'B'], ['A', 'B', 'D', 'C']]","{'D': 5, 'A': 4, 'C': 4, 'B': 2}","[1.0, 1.0, 0.79]",4.0
96,"[1, 3, 5]","[5, 5, 3]","[0.75, 0.79, 0.75]","[['C', 'D', 'A', 'B'], ['A', 'C', 'D', 'B'], ['A', 'D', 'B', 'C']]","{'D': 5, 'A': 4, 'C': 4, 'B': 2}","[1.0, 1.0, 0.79]",4.0
96,"[1, 3, 5]","[5, 5, 3]","[0.75, 0.79, 0.75]","[['C', 'D', 'A', 'B'], ['A', 'C', 'D', 'B'], ['B', 'A', 'D', 'C']]","{'D': 5, 'A': 4, 'C': 4, 'B': 2}","[1.0, 1.0, 0.79]",4.0
96,"[1, 3, 5]","[5, 5, 3]","[0.75, 0.79, 0.75]","[['C', 'D', 'A', 'B'], ['A', 'C', 'D', 'B'], ['B', 'D', 'A', 'C']]","{'D': 5, 'A': 4, 'C': 4, 'B': 2}","[1.0, 1.0, 0.79]",4.0
96,"[1, 3, 5]","[5, 5, 3]","[0.75, 0.79, 0.75]","[['C', 'D', 'A', 'B'], ['A', 'C', 'D', 'B'], ['D', 'A', 'B', 'C']]","{'D': 5, 'A': 4, 'C': 4, 'B': 2}","[1.0, 1.0, 0.79]",4.0
96,"[1, 3, 5]","[5, 5, 3]","[0.75, 0.79, 0.75]","[['C', 'D', 'A', 'B'], ['A', 'C', 'D', 'B'], ['D', 'B', 'A', 'C']]","{'D': 5, 'A': 4, 'C': 4, 'B': 2}","[1.0, 1.0, 0.79]",4.0
96,"[1, 3, 5]","[5, 5, 3]","[0.75, 0.79, 0.75]","[['C', 'D', 'A', 'B'], ['A', 'D', 'B', 'C'], ['A', 'C', 'D', 'B']]","{'D': 5, 'A': 4, 'C': 4, 'B': 2}","[1.0, 1.0, 0.79]",4.0
96,"[1, 3, 5]","[5, 5, 3]","[0.75, 0.79, 0.75]","[['C', 'D', 'A', 'B'], ['A', 'D', 'B', 'C'], ['A', 'D', 'C', 'B']]","{'D': 5, 'A': 4, 'C': 4, 'B': 2}","[1.0, 1.0, 0.79]",4.0
96,"[1, 3, 5]","[5, 5, 3]","[0.75, 0.79, 0.75]","[['C', 'D', 'A', 'B'], ['A', 'D', 'B', 'C'], ['C', 'A', 'D', 'B']]","{'D': 5, 'A': 4, 'C': 4, 'B': 2}","[1.0, 1.0, 0.79]",4.0
96,"[1, 3, 5]","[5, 5, 3]","[0.75, 0.79, 0.75]","[['C', 'D', 'A', 'B'], ['A', 'D', 'B', 'C'], ['C', 'D', 'A', 'B']]","{'D': 5, 'A': 4, 'C': 4, 'B': 2}","[1.0, 1.0, 0.79]",4.0
96,"[1, 3, 5]","[5, 5, 3]","[0.75, 0.79, 0.75]","[['C', 'D', 'A', 'B'], ['A', 'D', 'B', 'C'], ['D', 'A', 'C', 'B']]","{'D': 5, 'A': 4, 'C': 4, 'B': 2}","[1.0, 1.0, 0.79]",4.0
96,"[1, 3, 5]","[5, 5, 3]","[0.75, 0.79, 0.75]","[['C', 'D', 'A', 'B'], ['A', 'D', 'B', 'C'], ['D', 'C', 'A', 'B']]","{'D': 5, 'A': 4, 'C': 4, 'B': 2}","[1.0, 1.0, 0.79]",4.0
96,"[1, 3, 5]","[5, 5, 3]","[0.75, 0.79, 0.75]","[['C', 'D', 'A', 'B'], ['A', 'D', 'C', 'B'], ['A', 'B', 'D', 'C']]","{'D': 5, 'A': 4, 'C': 4, 'B': 2}","[1.0, 1.0, 0.79]",4.0
96,"[1, 3, 5]","[5, 5, 3]","[0.75, 0.79, 0.75]","[['C', 'D', 'A', 'B'], ['A', 'D', 'C', 'B'], ['A', 'D', 'B', 'C']]","{'D': 5, 'A': 4, 'C': 4, 'B': 2}","[1.0, 1.0, 0.79]",4.0
96,"[1, 3, 5]","[5, 5, 3]","[0.75, 0.79, 0.75]","[['C', 'D', 'A', 'B'], ['A', 'D', 'C', 'B'], ['B', 'A', 'D', 'C']]","{'D': 5, 'A': 4, 'C': 4, 'B': 2}","[1.0, 1.0, 0.79]",4.0
96,"[1, 3, 5]","[5, 5, 3]","[0.75, 0.79, 0.75]","[['C', 'D', 'A', 'B'], ['A', 'D', 'C', 'B'], ['B', 'D', 'A', 'C']]","{'D': 5, 'A': 4, 'C': 4, 'B': 2}","[1.0, 1.0, 0.79]",4.0
96,"[1, 3, 5]","[5, 5, 3]","[0.75, 0.79, 0.75]","[['C', 'D', 'A', 'B'], ['A', 'D', 'C', 'B'], ['D', 'A', 'B', 'C']]","{'D': 5, 'A': 4, 'C': 4, 'B': 2}","[1.0, 1.0, 0.79]",4.0
96,"[1, 3, 5]","[5, 5, 3]","[0.75, 0.79, 0.75]","[['C', 'D', 'A', 'B'], ['A', 'D', 'C', 'B'], ['D', 'B', 'A', 'C']]","{'D': 5, 'A': 4, 'C': 4, 'B': 2}","[1.0, 1.0, 0.79]",4.0
96,"[1, 3, 5]","[5, 5, 3]","[0.75, 0.79, 0.75]","[['C', 'D', 'A', 'B'], ['B', 'A', 'D', 'C'], ['A', 'C', 'D', 'B']]","{'D': 5, 'A': 4, 'C': 4, 'B': 2}","[1.0, 1.0, 0.79]",4.0
96,"[1, 3, 5]","[5, 5, 3]","[0.75, 0.79, 0.75]","[['C', 'D', 'A', 'B'], ['B', 'A', 'D', 'C'], ['A', 'D', 'C', 'B']]","{'D': 5, 'A': 4, 'C': 4, 'B': 2}","[1.0, 1.0, 0.79]",4.0
96,"[1, 3, 5]","[5, 5, 3]","[0.75, 0.79, 0.75]","[['C', 'D', 'A', 'B'], ['B', 'A', 'D', 'C'], ['C', 'A', 'D', 'B']]","{'D': 5, 'A': 4, 'C': 4, 'B': 2}","[1.0, 1.0, 0.79]",4.0
96,"[1, 3, 5]","[5, 5, 3]","[0.75, 0.79, 0.75]","[['C', 'D', 'A', 'B'], ['B', 'A', 'D', 'C'], ['C', 'D', 'A', 'B']]","{'D': 5, 'A': 4, 'C': 4, 'B': 2}","[1.0, 1.0, 0.79]",4.0
96,"[1, 3, 5]","[5, 5, 3]","[0.75, 0.79, 0.75]","[['C', 'D', 'A', 'B'], ['B', 'A', 'D', 'C'], ['D', 'A', 'C', 'B']]","{'D': 5, 'A': 4, 'C': 4, 'B': 2}","[1.0, 1.0, 0.79]",4.0
96,"[1, 3, 5]","[5, 5, 3]","[0.75, 0.79, 0.75]","[['C', 'D', 'A', 'B'], ['B', 'A', 'D', 'C'], ['D', 'C', 'A', 'B']]","{'D': 5, 'A': 4, 'C': 4, 'B': 2}","[1.0, 1.0, 0.79]",4.0
96,"[1, 3, 5]","[5, 5, 3]","[0.75, 0.79, 0.75]","[['C', 'D', 'A', 'B'], ['B', 'D', 'A', 'C'], ['A', 'C', 'D', 'B']]","{'D': 5, 'A': 4, 'C': 4, 'B': 2}","[1.0, 1.0, 0.79]",4.0
96,"[1, 3, 5]","[5, 5, 3]","[0.75, 0.79, 0.75]","[['C', 'D', 'A', 'B'], ['B', 'D', 'A', 'C'], ['A', 'D', 'C', 'B']]","{'D': 5, 'A': 4, 'C': 4, 'B': 2}","[1.0, 1.0, 0.79]",4.0
96,"[1, 3, 5]","[5, 5, 3]","[0.75, 0.79, 0.75]","[['C', 'D', 'A', 'B'], ['B', 'D', 'A', 'C'], ['C', 'A', 'D', 'B']]","{'D': 5, 'A': 4, 'C': 4, 'B': 2}","[1.0, 1.0, 0.79]",4.0
96,"[1, 3, 5]","[5, 5, 3]","[0.75, 0.79, 0.75]","[['C', 'D', 'A', 'B'], ['B', 'D', 'A', 'C'], ['C', 'D', 'A', 'B']]","{'D': 5, 'A': 4, 'C': 4, 'B': 2}","[1.0, 1.0, 0.79]",4.0
96,"[1, 3, 5]","[5, 5, 3]","[0.75, 0.79, 0.75]","[['C', 'D', 'A', 'B'], ['B', 'D', 'A', 'C'], ['D', 'A', 'C', 'B']]","{'D': 5, 'A': 4, 'C': 4, 'B': 2}","[1.0, 1.0, 0.79]",4.0
96,"[1, 3, 5]","[5, 5, 3]","[0.75, 0.79, 0.75]","[['C', 'D', 'A', 'B'], ['B', 'D', 'A', 'C'], ['D', 'C', 'A', 'B']]","{'D': 5, 'A': 4, 'C': 4, 'B': 2}","[1.0, 1.0, 0.79]",4.0
96,"[1, 3, 5]","[5, 5, 3]","[0.75, 0.79, 0.75]","[['C', 'D', 'A', 'B'], ['C', 'A', 'D', 'B'], ['A', 'B', 'D', 'C']]","{'D': 5, 'A': 4, 'C': 4, 'B': 2}","[1.0, 1.0, 0.79]",4.0
96,"[1, 3, 5]","[5, 5, 3]","[0.75, 0.79, 0.75]","[['C', 'D', 'A', 'B'], ['C', 'A', 'D', 'B'], ['A', 'D', 'B', 'C']]","{'D': 5, 'A': 4, 'C': 4, 'B': 2}","[1.0, 1.0, 0.79]",4.0
96,"[1, 3, 5]","[5, 5, 3]","[0.75, 0.79, 0.75]","[['C', 'D', 'A', 'B'], ['C', 'A', 'D', 'B'], ['B', 'A', 'D', 'C']]","{'D': 5, 'A': 4, 'C': 4, 'B': 2}","[1.0, 1.0, 0.79]",4.0
96,"[1, 3, 5]","[5, 5, 3]","[0.75, 0.79, 0.75]","[['C', 'D', 'A', 'B'], ['C', 'A', 'D', 'B'], ['B', 'D', 'A', 'C']]","{'D': 5, 'A': 4, 'C': 4, 'B': 2}","[1.0, 1.0, 0.79]",4.0
96,"[1, 3, 5]","[5, 5, 3]","[0.75, 0.79, 0.75]","[['C', 'D', 'A', 'B'], ['C', 'A', 'D', 'B'], ['D', 'A', 'B', 'C']]","{'D': 5, 'A': 4, 'C': 4, 'B': 2}","[1.0, 1.0, 0.79]",4.0
96,"[1, 3, 5]","[5, 5, 3]","[0.75, 0.79, 0.75]","[['C', 'D', 'A', 'B'], ['C', 'A', 'D', 'B'], ['D', 'B', 'A', 'C']]","{'D': 5, 'A': 4, 'C': 4, 'B': 2}","[1.0, 1.0, 0.79]",4.0
96,"[1, 3, 5]","[5, 5, 3]","[0.75, 0.79, 0.75]","[['C', 'D', 'A', 'B'], ['C', 'D', 'A', 'B'], ['A', 'B', 'D', 'C']]","{'D': 5, 'A': 4, 'C': 4, 'B': 2}","[1.0, 1.0, 0.79]",4.0
96,"[1, 3, 5]","[5, 5, 3]","[0.75, 0.79, 0.75]","[['C', 'D', 'A', 'B'], ['C', 'D', 'A', 'B'], ['A', 'D', 'B', 'C']]","{'D': 5, 'A': 4, 'C': 4, 'B': 2}","[1.0, 1.0, 0.79]",4.0
96,"[1, 3, 5]","[5, 5, 3]","[0.75, 0.79, 0.75]","[['C', 'D', 'A', 'B'], ['C', 'D', 'A', 'B'], ['B', 'A', 'D', 'C']]","{'D': 5, 'A': 4, 'C': 4, 'B': 2}","[1.0, 1.0, 0.79]",4.0
96,"[1, 3, 5]","[5, 5, 3]","[0.75, 0.79, 0.75]","[['C', 'D', 'A', 'B'], ['C', 'D', 'A', 'B'], ['B', 'D', 'A', 'C']]","{'D': 5, 'A': 4, 'C': 4, 'B': 2}","[1.0, 1.0, 0.79]",4.0
96,"[1, 3, 5]","[5, 5, 3]","[0.75, 0.79, 0.75]","[['C', 'D', 'A', 'B'], ['C', 'D', 'A', 'B'], ['D', 'A', 'B', 'C']]","{'D': 5, 'A': 4, 'C': 4, 'B': 2}","[1.0, 1.0, 0.79]",4.0
96,"[1, 3, 5]","[5, 5, 3]","[0.75, 0.79, 0.75]","[['C', 'D', 'A', 'B'], ['C', 'D', 'A', 'B'], ['D', 'B', 'A', 'C']]","{'D': 5, 'A': 4, 'C': 4, 'B': 2}","[1.0, 1.0, 0.79]",4.0
96,"[1, 3, 5]","[5, 5, 3]","[0.75, 0.79, 0.75]","[['C', 'D', 'A', 'B'], ['D', 'A', 'B', 'C'], ['A', 'C', 'D', 'B']]","{'D': 5, 'A': 4, 'C': 4, 'B': 2}","[1.0, 1.0, 0.79]",4.0
96,"[1, 3, 5]","[5, 5, 3]","[0.75, 0.79, 0.75]","[['C', 'D', 'A', 'B'], ['D', 'A', 'B', 'C'], ['A', 'D', 'C', 'B']]","{'D': 5, 'A': 4, 'C': 4, 'B': 2}","[1.0, 1.0, 0.79]",4.0
96,"[1, 3, 5]","[5, 5, 3]","[0.75, 0.79, 0.75]","[['C', 'D', 'A', 'B'], ['D', 'A', 'B', 'C'], ['C', 'A', 'D', 'B']]","{'D': 5, 'A': 4, 'C': 4, 'B': 2}","[1.0, 1.0, 0.79]",4.0
96,"[1, 3, 5]","[5, 5, 3]","[0.75, 0.79, 0.75]","[['C', 'D', 'A', 'B'], ['D', 'A', 'B', 'C'], ['C', 'D', 'A', 'B']]","{'D': 5, 'A': 4, 'C': 4, 'B': 2}","[1.0, 1.0, 0.79]",4.0
96,"[1, 3, 5]","[5, 5, 3]","[0.75, 0.79, 0.75]","[['C', 'D', 'A', 'B'], ['D', 'A', 'B', 'C'], ['D', 'A', 'C', 'B']]","{'D': 5, 'A': 4, 'C': 4, 'B': 2}","[1.0, 1.0, 0.79]",4.0
96,"[1, 3, 5]","[5, 5, 3]","[0.75, 0.79, 0.75]","[['C', 'D', 'A', 'B'], ['D', 'A', 'B', 'C'], ['D', 'C', 'A', 'B']]","{'D': 5, 'A': 4, 'C': 4, 'B': 2}","[1.0, 1.0, 0.79]",4.0
96,"[1, 3, 5]","[5, 5, 3]","[0.75, 0.79, 0.75]","[['C', 'D', 'A', 'B'], ['D', 'A', 'C', 'B'], ['A', 'B', 'D', 'C']]","{'D': 5, 'A': 4, 'C': 4, 'B': 2}","[1.0, 1.0, 0.79]",4.0
96,"[1, 3, 5]","[5, 5, 3]","[0.75, 0.79, 0.75]","[['C', 'D', 'A', 'B'], ['D', 'A', 'C', 'B'], ['A', 'D', 'B', 'C']]","{'D': 5, 'A': 4, 'C': 4, 'B': 2}","[1.0, 1.0, 0.79]",4.0
96,"[1, 3, 5]","[5, 5, 3]","[0.75, 0.79, 0.75]","[['C', 'D', 'A', 'B'], ['D', 'A', 'C', 'B'], ['B', 'A', 'D', 'C']]","{'D': 5, 'A': 4, 'C': 4, 'B': 2}","[1.0, 1.0, 0.79]",4.0
96,"[1, 3, 5]","[5, 5, 3]","[0.75, 0.79, 0.75]","[['C', 'D', 'A', 'B'], ['D', 'A', 'C', 'B'], ['B', 'D', 'A', 'C']]","{'D': 5, 'A': 4, 'C': 4, 'B': 2}","[1.0, 1.0, 0.79]",4.0
96,"[1, 3, 5]","[5, 5, 3]","[0.75, 0.79, 0.75]","[['C', 'D', 'A', 'B'], ['D', 'A', 'C', 'B'], ['D', 'A', 'B', 'C']]","{'D': 5, 'A': 4, 'C': 4, 'B': 2}","[1.0, 1.0, 0.79]",4.0
96,"[1, 3, 5]","[5, 5, 3]","[0.75, 0.79, 0.75]","[['C', 'D', 'A', 'B'], ['D', 'A', 'C', 'B'], ['D', 'B', 'A', 'C']]","{'D': 5, 'A': 4, 'C': 4, 'B': 2}","[1.0, 1.0, 0.79]",4.0
96,"[1, 3, 5]","[5, 5, 3]","[0.75, 0.79, 0.75]","[['C', 'D', 'A', 'B'], ['D', 'B', 'A', 'C'], ['A', 'C', 'D', 'B']]","{'D': 5, 'A': 4, 'C': 4, 'B': 2}","[1.0, 1.0, 0.79]",4.0
96,"[1, 3, 5]","[5, 5, 3]","[0.75, 0.79, 0.75]","[['C', 'D', 'A', 'B'], ['D', 'B', 'A', 'C'], ['A', 'D', 'C', 'B']]","{'D': 5, 'A': 4, 'C': 4, 'B': 2}","[1.0, 1.0, 0.79]",4.0
96,"[1, 3, 5]","[5, 5, 3]","[0.75, 0.79, 0.75]","[['C', 'D', 'A', 'B'], ['D', 'B', 'A', 'C'], ['C', 'A', 'D', 'B']]","{'D': 5, 'A': 4, 'C': 4, 'B': 2}","[1.0, 1.0, 0.79]",4.0
96,"[1, 3, 5]","[5, 5, 3]","[0.75, 0.79, 0.75]","[['C', 'D', 'A', 'B'], ['D', 'B', 'A', 'C'], ['C', 'D', 'A', 'B']]","{'D': 5, 'A': 4, 'C': 4, 'B': 2}","[1.0, 1.0, 0.79]",4.0
96,"[1, 3, 5]","[5, 5, 3]","[0.75, 0.79, 0.75]","[['C', 'D', 'A', 'B'], ['D', 'B', 'A', 'C'], ['D', 'A', 'C', 'B']]","{'D': 5, 'A': 4, 'C': 4, 'B': 2}","[1.0, 1.0, 0.79]",4.0
96,"[1, 3, 5]","[5, 5, 3]","[0.75, 0.79, 0.75]","[['C', 'D', 'A', 'B'], ['D', 'B', 'A', 'C'], ['D', 'C', 'A', 'B']]","{'D': 5, 'A': 4, 'C': 4, 'B': 2}","[1.0, 1.0, 0.79]",4.0
96,"[1, 3, 5]","[5, 5, 3]","[0.75, 0.79, 0.75]","[['C', 'D', 'A', 'B'], ['D', 'C', 'A', 'B'], ['A', 'B', 'D', 'C']]","{'D': 5, 'A': 4, 'C': 4, 'B': 2}","[1.0, 1.0, 0.79]",4.0
96,"[1, 3, 5]","[5, 5, 3]","[0.75, 0.79, 0.75]","[['C', 'D', 'A', 'B'], ['D', 'C', 'A', 'B'], ['A', 'D', 'B', 'C']]","{'D': 5, 'A': 4, 'C': 4, 'B': 2}","[1.0, 1.0, 0.79]",4.0
96,"[1, 3, 5]","[5, 5, 3]","[0.75, 0.79, 0.75]","[['C', 'D', 'A', 'B'], ['D', 'C', 'A', 'B'], ['B', 'A', 'D', 'C']]","{'D': 5, 'A': 4, 'C': 4, 'B': 2}","[1.0, 1.0, 0.79]",4.0
96,"[1, 3, 5]","[5, 5, 3]","[0.75, 0.79, 0.75]","[['C', 'D', 'A', 'B'], ['D', 'C', 'A', 'B'], ['B', 'D', 'A', 'C']]","{'D': 5, 'A': 4, 'C': 4, 'B': 2}","[1.0, 1.0, 0.79]",4.0
96,"[1, 3, 5]","[5, 5, 3]","[0.75, 0.79, 0.75]","[['C', 'D', 'A', 'B'], ['D', 'C', 'A', 'B'], ['D', 'A', 'B', 'C']]","{'D': 5, 'A': 4, 'C': 4, 'B': 2}","[1.0, 1.0, 0.79]",4.0
96,"[1, 3, 5]","[5, 5, 3]","[0.75, 0.79, 0.75]","[['C', 'D', 'A', 'B'], ['D', 'C', 'A', 'B'], ['D', 'B', 'A', 'C']]","{'D': 5, 'A': 4, 'C': 4, 'B': 2}","[1.0, 1.0, 0.79]",4.0
96,"[1, 3, 5]","[5, 5, 3]","[0.75, 0.79, 0.75]","[['D', 'A', 'B', 'C'], ['A', 'C', 'D', 'B'], ['A', 'C', 'D', 'B']]","{'D': 5, 'A': 4, 'C': 4, 'B': 2}","[1.0, 1.0, 0.79]",4.0
96,"[1, 3, 5]","[5, 5, 3]","[0.75, 0.79, 0.75]","[['D', 'A', 'B', 'C'], ['A', 'C', 'D', 'B'], ['A', 'D', 'C', 'B']]","{'D': 5, 'A': 4, 'C': 4, 'B': 2}","[1.0, 1.0, 0.79]",4.0
96,"[1, 3, 5]","[5, 5, 3]","[0.75, 0.79, 0.75]","[['D', 'A', 'B', 'C'], ['A', 'C', 'D', 'B'], ['C', 'A', 'D', 'B']]","{'D': 5, 'A': 4, 'C': 4, 'B': 2}","[1.0, 1.0, 0.79]",4.0
96,"[1, 3, 5]","[5, 5, 3]","[0.75, 0.79, 0.75]","[['D', 'A', 'B', 'C'], ['A', 'C', 'D', 'B'], ['C', 'D', 'A', 'B']]","{'D': 5, 'A': 4, 'C': 4, 'B': 2}","[1.0, 1.0, 0.79]",4.0
96,"[1, 3, 5]","[5, 5, 3]","[0.75, 0.79, 0.75]","[['D', 'A', 'B', 'C'], ['A', 'C', 'D', 'B'], ['D', 'A', 'C', 'B']]","{'D': 5, 'A': 4, 'C': 4, 'B': 2}","[1.0, 1.0, 0.79]",4.0
96,"[1, 3, 5]","[5, 5, 3]","[0.75, 0.79, 0.75]","[['D', 'A', 'B', 'C'], ['A', 'C', 'D', 'B'], ['D', 'C', 'A', 'B']]","{'D': 5, 'A': 4, 'C': 4, 'B': 2}","[1.0, 1.0, 0.79]",4.0
96,"[1, 3, 5]","[5, 5, 3]","[0.75, 0.79, 0.75]","[['D', 'A', 'B', 'C'], ['A', 'D', 'C', 'B'], ['A', 'C', 'D', 'B']]","{'D': 5, 'A': 4, 'C': 4, 'B': 2}","[1.0, 1.0, 0.79]",4.0
96,"[1, 3, 5]","[5, 5, 3]","[0.75, 0.79, 0.75]","[['D', 'A', 'B', 'C'], ['A', 'D', 'C', 'B'], ['A', 'D', 'C', 'B']]","{'D': 5, 'A': 4, 'C': 4, 'B': 2}","[1.0, 1.0, 0.79]",4.0
96,"[1, 3, 5]","[5, 5, 3]","[0.75, 0.79, 0.75]","[['D', 'A', 'B', 'C'], ['A', 'D', 'C', 'B'], ['C', 'A', 'D', 'B']]","{'D': 5, 'A': 4, 'C': 4, 'B': 2}","[1.0, 1.0, 0.79]",4.0
96,"[1, 3, 5]","[5, 5, 3]","[0.75, 0.79, 0.75]","[['D', 'A', 'B', 'C'], ['A', 'D', 'C', 'B'], ['C', 'D', 'A', 'B']]","{'D': 5, 'A': 4, 'C': 4, 'B': 2}","[1.0, 1.0, 0.79]",4.0
96,"[1, 3, 5]","[5, 5, 3]","[0.75, 0.79, 0.75]","[['D', 'A', 'B', 'C'], ['A', 'D', 'C', 'B'], ['D', 'A', 'C', 'B']]","{'D': 5, 'A': 4, 'C': 4, 'B': 2}","[1.0, 1.0, 0.79]",4.0
96,"[1, 3, 5]","[5, 5, 3]","[0.75, 0.79, 0.75]","[['D', 'A', 'B', 'C'], ['A', 'D', 'C', 'B'], ['D', 'C', 'A', 'B']]","{'D': 5, 'A': 4, 'C': 4, 'B': 2}","[1.0, 1.0, 0.79]",4.0
96,"[1, 3, 5]","[5, 5, 3]","[0.75, 0.79, 0.75]","[['D', 'A', 'B', 'C'], ['C', 'A', 'D', 'B'], ['A', 'C', 'D', 'B']]","{'D': 5, 'A': 4, 'C': 4, 'B': 2}","[1.0, 1.0, 0.79]",4.0
96,"[1, 3, 5]","[5, 5, 3]","[0.75, 0.79, 0.75]","[['D', 'A', 'B', 'C'], ['C', 'A', 'D', 'B'], ['A', 'D', 'C', 'B']]","{'D': 5, 'A': 4, 'C': 4, 'B': 2}","[1.0, 1.0, 0.79]",4.0
96,"[1, 3, 5]","[5, 5, 3]","[0.75, 0.79, 0.75]","[['D', 'A', 'B', 'C'], ['C', 'A', 'D', 'B'], ['C', 'A', 'D', 'B']]","{'D': 5, 'A': 4, 'C': 4, 'B': 2}","[1.0, 1.0, 0.79]",4.0
96,"[1, 3, 5]","[5, 5, 3]","[0.75, 0.79, 0.75]","[['D', 'A', 'B', 'C'], ['C', 'A', 'D', 'B'], ['C', 'D', 'A', 'B']]","{'D': 5, 'A': 4, 'C': 4, 'B': 2}","[1.0, 1.0, 0.79]",4.0
96,"[1, 3, 5]","[5, 5, 3]","[0.75, 0.79, 0.75]","[['D', 'A', 'B', 'C'], ['C', 'A', 'D', 'B'], ['D', 'A', 'C', 'B']]","{'D': 5, 'A': 4, 'C': 4, 'B': 2}","[1.0, 1.0, 0.79]",4.0
96,"[1, 3, 5]","[5, 5, 3]","[0.75, 0.79, 0.75]","[['D', 'A', 'B', 'C'], ['C', 'A', 'D', 'B'], ['D', 'C', 'A', 'B']]","{'D': 5, 'A': 4, 'C': 4, 'B': 2}","[1.0, 1.0, 0.79]",4.0
96,"[1, 3, 5]","[5, 5, 3]","[0.75, 0.79, 0.75]","[['D', 'A', 'B', 'C'], ['C', 'D', 'A', 'B'], ['A', 'C', 'D', 'B']]","{'D': 5, 'A': 4, 'C': 4, 'B': 2}","[1.0, 1.0, 0.79]",4.0
96,"[1, 3, 5]","[5, 5, 3]","[0.75, 0.79, 0.75]","[['D', 'A', 'B', 'C'], ['C', 'D', 'A', 'B'], ['A', 'D', 'C', 'B']]","{'D': 5, 'A': 4, 'C': 4, 'B': 2}","[1.0, 1.0, 0.79]",4.0
96,"[1, 3, 5]","[5, 5, 3]","[0.75, 0.79, 0.75]","[['D', 'A', 'B', 'C'], ['C', 'D', 'A', 'B'], ['C', 'A', 'D', 'B']]","{'D': 5, 'A': 4, 'C': 4, 'B': 2}","[1.0, 1.0, 0.79]",4.0
96,"[1, 3, 5]","[5, 5, 3]","[0.75, 0.79, 0.75]","[['D', 'A', 'B', 'C'], ['C', 'D', 'A', 'B'], ['C', 'D', 'A', 'B']]","{'D': 5, 'A': 4, 'C': 4, 'B': 2}","[1.0, 1.0, 0.79]",4.0
96,"[1, 3, 5]","[5, 5, 3]","[0.75, 0.79, 0.75]","[['D', 'A', 'B', 'C'], ['C', 'D', 'A', 'B'], ['D', 'A', 'C', 'B']]","{'D': 5, 'A': 4, 'C': 4, 'B': 2}","[1.0, 1.0, 0.79]",4.0
96,"[1, 3, 5]","[5, 5, 3]","[0.75, 0.79, 0.75]","[['D', 'A', 'B', 'C'], ['C', 'D', 'A', 'B'], ['D', 'C', 'A', 'B']]","{'D': 5, 'A': 4, 'C': 4, 'B': 2}","[1.0, 1.0, 0.79]",4.0
96,"[1, 3, 5]","[5, 5, 3]","[0.75, 0.79, 0.75]","[['D', 'A', 'B', 'C'], ['D', 'A', 'C', 'B'], ['A', 'C', 'D', 'B']]","{'D': 5, 'A': 4, 'C': 4, 'B': 2}","[1.0, 1.0, 0.79]",4.0
96,"[1, 3, 5]","[5, 5, 3]","[0.75, 0.79, 0.75]","[['D', 'A', 'B', 'C'], ['D', 'A', 'C', 'B'], ['A', 'D', 'C', 'B']]","{'D': 5, 'A': 4, 'C': 4, 'B': 2}","[1.0, 1.0, 0.79]",4.0
96,"[1, 3, 5]","[5, 5, 3]","[0.75, 0.79, 0.75]","[['D', 'A', 'B', 'C'], ['D', 'A', 'C', 'B'], ['C', 'A', 'D', 'B']]","{'D': 5, 'A': 4, 'C': 4, 'B': 2}","[1.0, 1.0, 0.79]",4.0
96,"[1, 3, 5]","[5, 5, 3]","[0.75, 0.79, 0.75]","[['D', 'A', 'B', 'C'], ['D', 'A', 'C', 'B'], ['C', 'D', 'A', 'B']]","{'D': 5, 'A': 4, 'C': 4, 'B': 2}","[1.0, 1.0, 0.79]",4.0
96,"[1, 3, 5]","[5, 5, 3]","[0.75, 0.79, 0.75]","[['D', 'A', 'B', 'C'], ['D', 'A', 'C', 'B'], ['D', 'A', 'C', 'B']]","{'D': 5, 'A': 4, 'C': 4, 'B': 2}","[1.0, 1.0, 0.79]",4.0
96,"[1, 3, 5]","[5, 5, 3]","[0.75, 0.79, 0.75]","[['D', 'A', 'B', 'C'], ['D', 'A', 'C', 'B'], ['D', 'C', 'A', 'B']]","{'D': 5, 'A': 4, 'C': 4, 'B': 2}","[1.0, 1.0, 0.79]",4.0
96,"[1, 3, 5]","[5, 5, 3]","[0.75, 0.79, 0.75]","[['D', 'A', 'B', 'C'], ['D', 'C', 'A', 'B'], ['A', 'C', 'D', 'B']]","{'D': 5, 'A': 4, 'C': 4, 'B': 2}","[1.0, 1.0, 0.79]",4.0
96,"[1, 3, 5]","[5, 5, 3]","[0.75, 0.79, 0.75]","[['D', 'A', 'B', 'C'], ['D', 'C', 'A', 'B'], ['A', 'D', 'C', 'B']]","{'D': 5, 'A': 4, 'C': 4, 'B': 2}","[1.0, 1.0, 0.79]",4.0
96,"[1, 3, 5]","[5, 5, 3]","[0.75, 0.79, 0.75]","[['D', 'A', 'B', 'C'], ['D', 'C', 'A', 'B'], ['C', 'A', 'D', 'B']]","{'D': 5, 'A': 4, 'C': 4, 'B': 2}","[1.0, 1.0, 0.79]",4.0
96,"[1, 3, 5]","[5, 5, 3]","[0.75, 0.79, 0.75]","[['D', 'A', 'B', 'C'], ['D', 'C', 'A', 'B'], ['C', 'D', 'A', 'B']]","{'D': 5, 'A': 4, 'C': 4, 'B': 2}","[1.0, 1.0, 0.79]",4.0
96,"[1, 3, 5]","[5, 5, 3]","[0.75, 0.79, 0.75]","[['D', 'A', 'B', 'C'], ['D', 'C', 'A', 'B'], ['D', 'A', 'C', 'B']]","{'D': 5, 'A': 4, 'C': 4, 'B': 2}","[1.0, 1.0, 0.79]",4.0
96,"[1, 3, 5]","[5, 5, 3]","[0.75, 0.79, 0.75]","[['D', 'A', 'B', 'C'], ['D', 'C', 'A', 'B'], ['D', 'C', 'A', 'B']]","{'D': 5, 'A': 4, 'C': 4, 'B': 2}","[1.0, 1.0, 0.79]",4.0
96,"[1, 3, 5]","[5, 5, 3]","[0.75, 0.79, 0.75]","[['D', 'A', 'C', 'B'], ['A', 'B', 'D', 'C'], ['A', 'C', 'D', 'B']]","{'D': 5, 'A': 4, 'C': 4, 'B': 2}","[1.0, 1.0, 0.79]",4.0
96,"[1, 3, 5]","[5, 5, 3]","[0.75, 0.79, 0.75]","[['D', 'A', 'C', 'B'], ['A', 'B', 'D', 'C'], ['A', 'D', 'C', 'B']]","{'D': 5, 'A': 4, 'C': 4, 'B': 2}","[1.0, 1.0, 0.79]",4.0
96,"[1, 3, 5]","[5, 5, 3]","[0.75, 0.79, 0.75]","[['D', 'A', 'C', 'B'], ['A', 'B', 'D', 'C'], ['C', 'A', 'D', 'B']]","{'D': 5, 'A': 4, 'C': 4, 'B': 2}","[1.0, 1.0, 0.79]",4.0
96,"[1, 3, 5]","[5, 5, 3]","[0.75, 0.79, 0.75]","[['D', 'A', 'C', 'B'], ['A', 'B', 'D', 'C'], ['C', 'D', 'A', 'B']]","{'D': 5, 'A': 4, 'C': 4, 'B': 2}","[1.0, 1.0, 0.79]",4.0
96,"[1, 3, 5]","[5, 5, 3]","[0.75, 0.79, 0.75]","[['D', 'A', 'C', 'B'], ['A', 'B', 'D', 'C'], ['D', 'A', 'C', 'B']]","{'D': 5, 'A': 4, 'C': 4, 'B': 2}","[1.0, 1.0, 0.79]",4.0
96,"[1, 3, 5]","[5, 5, 3]","[0.75, 0.79, 0.75]","[['D', 'A', 'C', 'B'], ['A', 'B', 'D', 'C'], ['D', 'C', 'A', 'B']]","{'D': 5, 'A': 4, 'C': 4, 'B': 2}","[1.0, 1.0, 0.79]",4.0
96,"[1, 3, 5]","[5, 5, 3]","[0.75, 0.79, 0.75]","[['D', 'A', 'C', 'B'], ['A', 'C', 'D', 'B'], ['A', 'B', 'D', 'C']]","{'D': 5, 'A': 4, 'C': 4, 'B': 2}","[1.0, 1.0, 0.79]",4.0
96,"[1, 3, 5]","[5, 5, 3]","[0.75, 0.79, 0.75]","[['D', 'A', 'C', 'B'], ['A', 'C', 'D', 'B'], ['A', 'D', 'B', 'C']]","{'D': 5, 'A': 4, 'C': 4, 'B': 2}","[1.0, 1.0, 0.79]",4.0
96,"[1, 3, 5]","[5, 5, 3]","[0.75, 0.79, 0.75]","[['D', 'A', 'C', 'B'], ['A', 'C', 'D', 'B'], ['B', 'A', 'D', 'C']]","{'D': 5, 'A': 4, 'C': 4, 'B': 2}","[1.0, 1.0, 0.79]",4.0
96,"[1, 3, 5]","[5, 5, 3]","[0.75, 0.79, 0.75]","[['D', 'A', 'C', 'B'], ['A', 'C', 'D', 'B'], ['B', 'D', 'A', 'C']]","{'D': 5, 'A': 4, 'C': 4, 'B': 2}","[1.0, 1.0, 0.79]",4.0
96,"[1, 3, 5]","[5, 5, 3]","[0.75, 0.79, 0.75]","[['D', 'A', 'C', 'B'], ['A', 'C', 'D', 'B'], ['D', 'A', 'B', 'C']]","{'D': 5, 'A': 4, 'C': 4, 'B': 2}","[1.0, 1.0, 0.79]",4.0
96,"[1, 3, 5]","[5, 5, 3]","[0.75, 0.79, 0.75]","[['D', 'A', 'C', 'B'], ['A', 'C', 'D', 'B'], ['D', 'B', 'A', 'C']]","{'D': 5, 'A': 4, 'C': 4, 'B': 2}","[1.0, 1.0, 0.79]",4.0
96,"[1, 3, 5]","[5, 5, 3]","[0.75, 0.79, 0.75]","[['D', 'A', 'C', 'B'], ['A', 'D', 'B', 'C'], ['A', 'C', 'D', 'B']]","{'D': 5, 'A': 4, 'C': 4, 'B': 2}","[1.0, 1.0, 0.79]",4.0
96,"[1, 3, 5]","[5, 5, 3]","[0.75, 0.79, 0.75]","[['D', 'A', 'C', 'B'], ['A', 'D', 'B', 'C'], ['A', 'D', 'C', 'B']]","{'D': 5, 'A': 4, 'C': 4, 'B': 2}","[1.0, 1.0, 0.79]",4.0
96,"[1, 3, 5]","[5, 5, 3]","[0.75, 0.79, 0.75]","[['D', 'A', 'C', 'B'], ['A', 'D', 'B', 'C'], ['C', 'A', 'D', 'B']]","{'D': 5, 'A': 4, 'C': 4, 'B': 2}","[1.0, 1.0, 0.79]",4.0
96,"[1, 3, 5]","[5, 5, 3]","[0.75, 0.79, 0.75]","[['D', 'A', 'C', 'B'], ['A', 'D', 'B', 'C'], ['C', 'D', 'A', 'B']]","{'D': 5, 'A': 4, 'C': 4, 'B': 2}","[1.0, 1.0, 0.79]",4.0
96,"[1, 3, 5]","[5, 5, 3]","[0.75, 0.79, 0.75]","[['D', 'A', 'C', 'B'], ['A', 'D', 'B', 'C'], ['D', 'A', 'C', 'B']]","{'D': 5, 'A': 4, 'C': 4, 'B': 2}","[1.0, 1.0, 0.79]",4.0
96,"[1, 3, 5]","[5, 5, 3]","[0.75, 0.79, 0.75]","[['D', 'A', 'C', 'B'], ['A', 'D', 'B', 'C'], ['D', 'C', 'A', 'B']]","{'D': 5, 'A': 4, 'C': 4, 'B': 2}","[1.0, 1.0, 0.79]",4.0
96,"[1, 3, 5]","[5, 5, 3]","[0.75, 0.79, 0.75]","[['D', 'A', 'C', 'B'], ['A', 'D', 'C', 'B'], ['A', 'B', 'D', 'C']]","{'D': 5, 'A': 4, 'C': 4, 'B': 2}","[1.0, 1.0, 0.79]",4.0
96,"[1, 3, 5]","[5, 5, 3]","[0.75, 0.79, 0.75]","[['D', 'A', 'C', 'B'], ['A', 'D', 'C', 'B'], ['A', 'D', 'B', 'C']]","{'D': 5, 'A': 4, 'C': 4, 'B': 2}","[1.0, 1.0, 0.79]",4.0
96,"[1, 3, 5]","[5, 5, 3]","[0.75, 0.79, 0.75]","[['D', 'A', 'C', 'B'], ['A', 'D', 'C', 'B'], ['B', 'A', 'D', 'C']]","{'D': 5, 'A': 4, 'C': 4, 'B': 2}","[1.0, 1.0, 0.79]",4.0
96,"[1, 3, 5]","[5, 5, 3]","[0.75, 0.79, 0.75]","[['D', 'A', 'C', 'B'], ['A', 'D', 'C', 'B'], ['B', 'D', 'A', 'C']]","{'D': 5, 'A': 4, 'C': 4, 'B': 2}","[1.0, 1.0, 0.79]",4.0
96,"[1, 3, 5]","[5, 5, 3]","[0.75, 0.79, 0.75]","[['D', 'A', 'C', 'B'], ['A', 'D', 'C', 'B'], ['D', 'A', 'B', 'C']]","{'D': 5, 'A': 4, 'C': 4, 'B': 2}","[1.0, 1.0, 0.79]",4.0
96,"[1, 3, 5]","[5, 5, 3]","[0.75, 0.79, 0.75]","[['D', 'A', 'C', 'B'], ['A', 'D', 'C', 'B'], ['D', 'B', 'A', 'C']]","{'D': 5, 'A': 4, 'C': 4, 'B': 2}","[1.0, 1.0, 0.79]",4.0
96,"[1, 3, 5]","[5, 5, 3]","[0.75, 0.79, 0.75]","[['D', 'A', 'C', 'B'], ['B', 'A', 'D', 'C'], ['A', 'C', 'D', 'B']]","{'D': 5, 'A': 4, 'C': 4, 'B': 2}","[1.0, 1.0, 0.79]",4.0
96,"[1, 3, 5]","[5, 5, 3]","[0.75, 0.79, 0.75]","[['D', 'A', 'C', 'B'], ['B', 'A', 'D', 'C'], ['A', 'D', 'C', 'B']]","{'D': 5, 'A': 4, 'C': 4, 'B': 2}","[1.0, 1.0, 0.79]",4.0
96,"[1, 3, 5]","[5, 5, 3]","[0.75, 0.79, 0.75]","[['D', 'A', 'C', 'B'], ['B', 'A', 'D', 'C'], ['C', 'A', 'D', 'B']]","{'D': 5, 'A': 4, 'C': 4, 'B': 2}","[1.0, 1.0, 0.79]",4.0
96,"[1, 3, 5]","[5, 5, 3]","[0.75, 0.79, 0.75]","[['D', 'A', 'C', 'B'], ['B', 'A', 'D', 'C'], ['C', 'D', 'A', 'B']]","{'D': 5, 'A': 4, 'C': 4, 'B': 2}","[1.0, 1.0, 0.79]",4.0
96,"[1, 3, 5]","[5, 5, 3]","[0.75, 0.79, 0.75]","[['D', 'A', 'C', 'B'], ['B', 'A', 'D', 'C'], ['D', 'A', 'C', 'B']]","{'D': 5, 'A': 4, 'C': 4, 'B': 2}","[1.0, 1.0, 0.79]",4.0
96,"[1, 3, 5]","[5, 5, 3]","[0.75, 0.79, 0.75]","[['D', 'A', 'C', 'B'], ['B', 'A', 'D', 'C'], ['D', 'C', 'A', 'B']]","{'D': 5, 'A': 4, 'C': 4, 'B': 2}","[1.0, 1.0, 0.79]",4.0
96,"[1, 3, 5]","[5, 5, 3]","[0.75, 0.79, 0.75]","[['D', 'A', 'C', 'B'], ['B', 'D', 'A', 'C'], ['A', 'C', 'D', 'B']]","{'D': 5, 'A': 4, 'C': 4, 'B': 2}","[1.0, 1.0, 0.79]",4.0
96,"[1, 3, 5]","[5, 5, 3]","[0.75, 0.79, 0.75]","[['D', 'A', 'C', 'B'], ['B', 'D', 'A', 'C'], ['A', 'D', 'C', 'B']]","{'D': 5, 'A': 4, 'C': 4, 'B': 2}","[1.0, 1.0, 0.79]",4.0
96,"[1, 3, 5]","[5, 5, 3]","[0.75, 0.79, 0.75]","[['D', 'A', 'C', 'B'], ['B', 'D', 'A', 'C'], ['C', 'A', 'D', 'B']]","{'D': 5, 'A': 4, 'C': 4, 'B': 2}","[1.0, 1.0, 0.79]",4.0
96,"[1, 3, 5]","[5, 5, 3]","[0.75, 0.79, 0.75]","[['D', 'A', 'C', 'B'], ['B', 'D', 'A', 'C'], ['C', 'D', 'A', 'B']]","{'D': 5, 'A': 4, 'C': 4, 'B': 2}","[1.0, 1.0, 0.79]",4.0
96,"[1, 3, 5]","[5, 5, 3]","[0.75, 0.79, 0.75]","[['D', 'A', 'C', 'B'], ['B', 'D', 'A', 'C'], ['D', 'A', 'C', 'B']]","{'D': 5, 'A': 4, 'C': 4, 'B': 2}","[1.0, 1.0, 0.79]",4.0
96,"[1, 3, 5]","[5, 5, 3]","[0.75, 0.79, 0.75]","[['D', 'A', 'C', 'B'], ['B', 'D', 'A', 'C'], ['D', 'C', 'A', 'B']]","{'D': 5, 'A': 4, 'C': 4, 'B': 2}","[1.0, 1.0, 0.79]",4.0
96,"[1, 3, 5]","[5, 5, 3]","[0.75, 0.79, 0.75]","[['D', 'A', 'C', 'B'], ['C', 'A', 'D', 'B'], ['A', 'B', 'D', 'C']]","{'D': 5, 'A': 4, 'C': 4, 'B': 2}","[1.0, 1.0, 0.79]",4.0
96,"[1, 3, 5]","[5, 5, 3]","[0.75, 0.79, 0.75]","[['D', 'A', 'C', 'B'], ['C', 'A', 'D', 'B'], ['A', 'D', 'B', 'C']]","{'D': 5, 'A': 4, 'C': 4, 'B': 2}","[1.0, 1.0, 0.79]",4.0
96,"[1, 3, 5]","[5, 5, 3]","[0.75, 0.79, 0.75]","[['D', 'A', 'C', 'B'], ['C', 'A', 'D', 'B'], ['B', 'A', 'D', 'C']]","{'D': 5, 'A': 4, 'C': 4, 'B': 2}","[1.0, 1.0, 0.79]",4.0
96,"[1, 3, 5]","[5, 5, 3]","[0.75, 0.79, 0.75]","[['D', 'A', 'C', 'B'], ['C', 'A', 'D', 'B'], ['B', 'D', 'A', 'C']]","{'D': 5, 'A': 4, 'C': 4, 'B': 2}","[1.0, 1.0, 0.79]",4.0
96,"[1, 3, 5]","[5, 5, 3]","[0.75, 0.79, 0.75]","[['D', 'A', 'C', 'B'], ['C', 'A', 'D', 'B'], ['D', 'A', 'B', 'C']]","{'D': 5, 'A': 4, 'C': 4, 'B': 2}","[1.0, 1.0, 0.79]",4.0
96,"[1, 3, 5]","[5, 5, 3]","[0.75, 0.79, 0.75]","[['D', 'A', 'C', 'B'], ['C', 'A', 'D', 'B'], ['D', 'B', 'A', 'C']]","{'D': 5, 'A': 4, 'C': 4, 'B': 2}","[1.0, 1.0, 0.79]",4.0
96,"[1, 3, 5]","[5, 5, 3]","[0.75, 0.79, 0.75]","[['D', 'A', 'C', 'B'], ['C', 'D', 'A', 'B'], ['A', 'B', 'D', 'C']]","{'D': 5, 'A': 4, 'C': 4, 'B': 2}","[1.0, 1.0, 0.79]",4.0
96,"[1, 3, 5]","[5, 5, 3]","[0.75, 0.79, 0.75]","[['D', 'A', 'C', 'B'], ['C', 'D', 'A', 'B'], ['A', 'D', 'B', 'C']]","{'D': 5, 'A': 4, 'C': 4, 'B': 2}","[1.0, 1.0, 0.79]",4.0
96,"[1, 3, 5]","[5, 5, 3]","[0.75, 0.79, 0.75]","[['D', 'A', 'C', 'B'], ['C', 'D', 'A', 'B'], ['B', 'A', 'D', 'C']]","{'D': 5, 'A': 4, 'C': 4, 'B': 2}","[1.0, 1.0, 0.79]",4.0
96,"[1, 3, 5]","[5, 5, 3]","[0.75, 0.79, 0.75]","[['D', 'A', 'C', 'B'], ['C', 'D', 'A', 'B'], ['B', 'D', 'A', 'C']]","{'D': 5, 'A': 4, 'C': 4, 'B': 2}","[1.0, 1.0, 0.79]",4.0
96,"[1, 3, 5]","[5, 5, 3]","[0.75, 0.79, 0.75]","[['D', 'A', 'C', 'B'], ['C', 'D', 'A', 'B'], ['D', 'A', 'B', 'C']]","{'D': 5, 'A': 4, 'C': 4, 'B': 2}","[1.0, 1.0, 0.79]",4.0
96,"[1, 3, 5]","[5, 5, 3]","[0.75, 0.79, 0.75]","[['D', 'A', 'C', 'B'], ['C', 'D', 'A', 'B'], ['D', 'B', 'A', 'C']]","{'D': 5, 'A': 4, 'C': 4, 'B': 2}","[1.0, 1.0, 0.79]",4.0
96,"[1, 3, 5]","[5, 5, 3]","[0.75, 0.79, 0.75]","[['D', 'A', 'C', 'B'], ['D', 'A', 'B', 'C'], ['A', 'C', 'D', 'B']]","{'D': 5, 'A': 4, 'C': 4, 'B': 2}","[1.0, 1.0, 0.79]",4.0
96,"[1, 3, 5]","[5, 5, 3]","[0.75, 0.79, 0.75]","[['D', 'A', 'C', 'B'], ['D', 'A', 'B', 'C'], ['A', 'D', 'C', 'B']]","{'D': 5, 'A': 4, 'C': 4, 'B': 2}","[1.0, 1.0, 0.79]",4.0
96,"[1, 3, 5]","[5, 5, 3]","[0.75, 0.79, 0.75]","[['D', 'A', 'C', 'B'], ['D', 'A', 'B', 'C'], ['C', 'A', 'D', 'B']]","{'D': 5, 'A': 4, 'C': 4, 'B': 2}","[1.0, 1.0, 0.79]",4.0
96,"[1, 3, 5]","[5, 5, 3]","[0.75, 0.79, 0.75]","[['D', 'A', 'C', 'B'], ['D', 'A', 'B', 'C'], ['C', 'D', 'A', 'B']]","{'D': 5, 'A': 4, 'C': 4, 'B': 2}","[1.0, 1.0, 0.79]",4.0
96,"[1, 3, 5]","[5, 5, 3]","[0.75, 0.79, 0.75]","[['D', 'A', 'C', 'B'], ['D', 'A', 'B', 'C'], ['D', 'A', 'C', 'B']]","{'D': 5, 'A': 4, 'C': 4, 'B': 2}","[1.0, 1.0, 0.79]",4.0
96,"[1, 3, 5]","[5, 5, 3]","[0.75, 0.79, 0.75]","[['D', 'A', 'C', 'B'], ['D', 'A', 'B', 'C'], ['D', 'C', 'A', 'B']]","{'D': 5, 'A': 4, 'C': 4, 'B': 2}","[1.0, 1.0, 0.79]",4.0
96,"[1, 3, 5]","[5, 5, 3]","[0.75, 0.79, 0.75]","[['D', 'A', 'C', 'B'], ['D', 'A', 'C', 'B'], ['A', 'B', 'D', 'C']]","{'D': 5, 'A': 4, 'C': 4, 'B': 2}","[1.0, 1.0, 0.79]",4.0
96,"[1, 3, 5]","[5, 5, 3]","[0.75, 0.79, 0.75]","[['D', 'A', 'C', 'B'], ['D', 'A', 'C', 'B'], ['A', 'D', 'B', 'C']]","{'D': 5, 'A': 4, 'C': 4, 'B': 2}","[1.0, 1.0, 0.79]",4.0
96,"[1, 3, 5]","[5, 5, 3]","[0.75, 0.79, 0.75]","[['D', 'A', 'C', 'B'], ['D', 'A', 'C', 'B'], ['B', 'A', 'D', 'C']]","{'D': 5, 'A': 4, 'C': 4, 'B': 2}","[1.0, 1.0, 0.79]",4.0
96,"[1, 3, 5]","[5, 5, 3]","[0.75, 0.79, 0.75]","[['D', 'A', 'C', 'B'], ['D', 'A', 'C', 'B'], ['B', 'D', 'A', 'C']]","{'D': 5, 'A': 4, 'C': 4, 'B': 2}","[1.0, 1.0, 0.79]",4.0
96,"[1, 3, 5]","[5, 5, 3]","[0.75, 0.79, 0.75]","[['D', 'A', 'C', 'B'], ['D', 'A', 'C', 'B'], ['D', 'A', 'B', 'C']]","{'D': 5, 'A': 4, 'C': 4, 'B': 2}","[1.0, 1.0, 0.79]",4.0
96,"[1, 3, 5]","[5, 5, 3]","[0.75, 0.79, 0.75]","[['D', 'A', 'C', 'B'], ['D', 'A', 'C', 'B'], ['D', 'B', 'A', 'C']]","{'D': 5, 'A': 4, 'C': 4, 'B': 2}","[1.0, 1.0, 0.79]",4.0
96,"[1, 3, 5]","[5, 5, 3]","[0.75, 0.79, 0.75]","[['D', 'A', 'C', 'B'], ['D', 'B', 'A', 'C'], ['A', 'C', 'D', 'B']]","{'D': 5, 'A': 4, 'C': 4, 'B': 2}","[1.0, 1.0, 0.79]",4.0
96,"[1, 3, 5]","[5, 5, 3]","[0.75, 0.79, 0.75]","[['D', 'A', 'C', 'B'], ['D', 'B', 'A', 'C'], ['A', 'D', 'C', 'B']]","{'D': 5, 'A': 4, 'C': 4, 'B': 2}","[1.0, 1.0, 0.79]",4.0
96,"[1, 3, 5]","[5, 5, 3]","[0.75, 0.79, 0.75]","[['D', 'A', 'C', 'B'], ['D', 'B', 'A', 'C'], ['C', 'A', 'D', 'B']]","{'D': 5, 'A': 4, 'C': 4, 'B': 2}","[1.0, 1.0, 0.79]",4.0
96,"[1, 3, 5]","[5, 5, 3]","[0.75, 0.79, 0.75]","[['D', 'A', 'C', 'B'], ['D', 'B', 'A', 'C'], ['C', 'D', 'A', 'B']]","{'D': 5, 'A': 4, 'C': 4, 'B': 2}","[1.0, 1.0, 0.79]",4.0
96,"[1, 3, 5]","[5, 5, 3]","[0.75, 0.79, 0.75]","[['D', 'A', 'C', 'B'], ['D', 'B', 'A', 'C'], ['D', 'A', 'C', 'B']]","{'D': 5, 'A': 4, 'C': 4, 'B': 2}","[1.0, 1.0, 0.79]",4.0
96,"[1, 3, 5]","[5, 5, 3]","[0.75, 0.79, 0.75]","[['D', 'A', 'C', 'B'], ['D', 'B', 'A', 'C'], ['D', 'C', 'A', 'B']]","{'D': 5, 'A': 4, 'C': 4, 'B': 2}","[1.0, 1.0, 0.79]",4.0
96,"[1, 3, 5]","[5, 5, 3]","[0.75, 0.79, 0.75]","[['D', 'A', 'C', 'B'], ['D', 'C', 'A', 'B'], ['A', 'B', 'D', 'C']]","{'D': 5, 'A': 4, 'C': 4, 'B': 2}","[1.0, 1.0, 0.79]",4.0
96,"[1, 3, 5]","[5, 5, 3]","[0.75, 0.79, 0.75]","[['D', 'A', 'C', 'B'], ['D', 'C', 'A', 'B'], ['A', 'D', 'B', 'C']]","{'D': 5, 'A': 4, 'C': 4, 'B': 2}","[1.0, 1.0, 0.79]",4.0
96,"[1, 3, 5]","[5, 5, 3]","[0.75, 0.79, 0.75]","[['D', 'A', 'C', 'B'], ['D', 'C', 'A', 'B'], ['B', 'A', 'D', 'C']]","{'D': 5, 'A': 4, 'C': 4, 'B': 2}","[1.0, 1.0, 0.79]",4.0
96,"[1, 3, 5]","[5, 5, 3]","[0.75, 0.79, 0.75]","[['D', 'A', 'C', 'B'], ['D', 'C', 'A', 'B'], ['B', 'D', 'A', 'C']]","{'D': 5, 'A': 4, 'C': 4, 'B': 2}","[1.0, 1.0, 0.79]",4.0
96,"[1, 3, 5]","[5, 5, 3]","[0.75, 0.79, 0.75]","[['D', 'A', 'C', 'B'], ['D', 'C', 'A', 'B'], ['D', 'A', 'B', 'C']]","{'D': 5, 'A': 4, 'C': 4, 'B': 2}","[1.0, 1.0, 0.79]",4.0
96,"[1, 3, 5]","[5, 5, 3]","[0.75, 0.79, 0.75]","[['D', 'A', 'C', 'B'], ['D', 'C', 'A', 'B'], ['D', 'B', 'A', 'C']]","{'D': 5, 'A': 4, 'C': 4, 'B': 2}","[1.0, 1.0, 0.79]",4.0
96,"[1, 3, 5]","[5, 5, 3]","[0.75, 0.79, 0.75]","[['D', 'B', 'A', 'C'], ['A', 'C', 'D', 'B'], ['A', 'C', 'D', 'B']]","{'D': 5, 'A': 4, 'C': 4, 'B': 2}","[1.0, 1.0, 0.79]",4.0
96,"[1, 3, 5]","[5, 5, 3]","[0.75, 0.79, 0.75]","[['D', 'B', 'A', 'C'], ['A', 'C', 'D', 'B'], ['A', 'D', 'C', 'B']]","{'D': 5, 'A': 4, 'C': 4, 'B': 2}","[1.0, 1.0, 0.79]",4.0
96,"[1, 3, 5]","[5, 5, 3]","[0.75, 0.79, 0.75]","[['D', 'B', 'A', 'C'], ['A', 'C', 'D', 'B'], ['C', 'A', 'D', 'B']]","{'D': 5, 'A': 4, 'C': 4, 'B': 2}","[1.0, 1.0, 0.79]",4.0
96,"[1, 3, 5]","[5, 5, 3]","[0.75, 0.79, 0.75]","[['D', 'B', 'A', 'C'], ['A', 'C', 'D', 'B'], ['C', 'D', 'A', 'B']]","{'D': 5, 'A': 4, 'C': 4, 'B': 2}","[1.0, 1.0, 0.79]",4.0
96,"[1, 3, 5]","[5, 5, 3]","[0.75, 0.79, 0.75]","[['D', 'B', 'A', 'C'], ['A', 'C', 'D', 'B'], ['D', 'A', 'C', 'B']]","{'D': 5, 'A': 4, 'C': 4, 'B': 2}","[1.0, 1.0, 0.79]",4.0
96,"[1, 3, 5]","[5, 5, 3]","[0.75, 0.79, 0.75]","[['D', 'B', 'A', 'C'], ['A', 'C', 'D', 'B'], ['D', 'C', 'A', 'B']]","{'D': 5, 'A': 4, 'C': 4, 'B': 2}","[1.0, 1.0, 0.79]",4.0
96,"[1, 3, 5]","[5, 5, 3]","[0.75, 0.79, 0.75]","[['D', 'B', 'A', 'C'], ['A', 'D', 'C', 'B'], ['A', 'C', 'D', 'B']]","{'D': 5, 'A': 4, 'C': 4, 'B': 2}","[1.0, 1.0, 0.79]",4.0
96,"[1, 3, 5]","[5, 5, 3]","[0.75, 0.79, 0.75]","[['D', 'B', 'A', 'C'], ['A', 'D', 'C', 'B'], ['A', 'D', 'C', 'B']]","{'D': 5, 'A': 4, 'C': 4, 'B': 2}","[1.0, 1.0, 0.79]",4.0
96,"[1, 3, 5]","[5, 5, 3]","[0.75, 0.79, 0.75]","[['D', 'B', 'A', 'C'], ['A', 'D', 'C', 'B'], ['C', 'A', 'D', 'B']]","{'D': 5, 'A': 4, 'C': 4, 'B': 2}","[1.0, 1.0, 0.79]",4.0
96,"[1, 3, 5]","[5, 5, 3]","[0.75, 0.79, 0.75]","[['D', 'B', 'A', 'C'], ['A', 'D', 'C', 'B'], ['C', 'D', 'A', 'B']]","{'D': 5, 'A': 4, 'C': 4, 'B': 2}","[1.0, 1.0, 0.79]",4.0
96,"[1, 3, 5]","[5, 5, 3]","[0.75, 0.79, 0.75]","[['D', 'B', 'A', 'C'], ['A', 'D', 'C', 'B'], ['D', 'A', 'C', 'B']]","{'D': 5, 'A': 4, 'C': 4, 'B': 2}","[1.0, 1.0, 0.79]",4.0
96,"[1, 3, 5]","[5, 5, 3]","[0.75, 0.79, 0.75]","[['D', 'B', 'A', 'C'], ['A', 'D', 'C', 'B'], ['D', 'C', 'A', 'B']]","{'D': 5, 'A': 4, 'C': 4, 'B': 2}","[1.0, 1.0, 0.79]",4.0
96,"[1, 3, 5]","[5, 5, 3]","[0.75, 0.79, 0.75]","[['D', 'B', 'A', 'C'], ['C', 'A', 'D', 'B'], ['A', 'C', 'D', 'B']]","{'D': 5, 'A': 4, 'C': 4, 'B': 2}","[1.0, 1.0, 0.79]",4.0
96,"[1, 3, 5]","[5, 5, 3]","[0.75, 0.79, 0.75]","[['D', 'B', 'A', 'C'], ['C', 'A', 'D', 'B'], ['A', 'D', 'C', 'B']]","{'D': 5, 'A': 4, 'C': 4, 'B': 2}","[1.0, 1.0, 0.79]",4.0
96,"[1, 3, 5]","[5, 5, 3]","[0.75, 0.79, 0.75]","[['D', 'B', 'A', 'C'], ['C', 'A', 'D', 'B'], ['C', 'A', 'D', 'B']]","{'D': 5, 'A': 4, 'C': 4, 'B': 2}","[1.0, 1.0, 0.79]",4.0
96,"[1, 3, 5]","[5, 5, 3]","[0.75, 0.79, 0.75]","[['D', 'B', 'A', 'C'], ['C', 'A', 'D', 'B'], ['C', 'D', 'A', 'B']]","{'D': 5, 'A': 4, 'C': 4, 'B': 2}","[1.0, 1.0, 0.79]",4.0
96,"[1, 3, 5]","[5, 5, 3]","[0.75, 0.79, 0.75]","[['D', 'B', 'A', 'C'], ['C', 'A', 'D', 'B'], ['D', 'A', 'C', 'B']]","{'D': 5, 'A': 4, 'C': 4, 'B': 2}","[1.0, 1.0, 0.79]",4.0
96,"[1, 3, 5]","[5, 5, 3]","[0.75, 0.79, 0.75]","[['D', 'B', 'A', 'C'], ['C', 'A', 'D', 'B'], ['D', 'C', 'A', 'B']]","{'D': 5, 'A': 4, 'C': 4, 'B': 2}","[1.0, 1.0, 0.79]",4.0
96,"[1, 3, 5]","[5, 5, 3]","[0.75, 0.79, 0.75]","[['D', 'B', 'A', 'C'], ['C', 'D', 'A', 'B'], ['A', 'C', 'D', 'B']]","{'D': 5, 'A': 4, 'C': 4, 'B': 2}","[1.0, 1.0, 0.79]",4.0
96,"[1, 3, 5]","[5, 5, 3]","[0.75, 0.79, 0.75]","[['D', 'B', 'A', 'C'], ['C', 'D', 'A', 'B'], ['A', 'D', 'C', 'B']]","{'D': 5, 'A': 4, 'C': 4, 'B': 2}","[1.0, 1.0, 0.79]",4.0
96,"[1, 3, 5]","[5, 5, 3]","[0.75, 0.79, 0.75]","[['D', 'B', 'A', 'C'], ['C', 'D', 'A', 'B'], ['C', 'A', 'D', 'B']]","{'D': 5, 'A': 4, 'C': 4, 'B': 2}","[1.0, 1.0, 0.79]",4.0
96,"[1, 3, 5]","[5, 5, 3]","[0.75, 0.79, 0.75]","[['D', 'B', 'A', 'C'], ['C', 'D', 'A', 'B'], ['C', 'D', 'A', 'B']]","{'D': 5, 'A': 4, 'C': 4, 'B': 2}","[1.0, 1.0, 0.79]",4.0
96,"[1, 3, 5]","[5, 5, 3]","[0.75, 0.79, 0.75]","[['D', 'B', 'A', 'C'], ['C', 'D', 'A', 'B'], ['D', 'A', 'C', 'B']]","{'D': 5, 'A': 4, 'C': 4, 'B': 2}","[1.0, 1.0, 0.79]",4.0
96,"[1, 3, 5]","[5, 5, 3]","[0.75, 0.79, 0.75]","[['D', 'B', 'A', 'C'], ['C', 'D', 'A', 'B'], ['D', 'C', 'A', 'B']]","{'D': 5, 'A': 4, 'C': 4, 'B': 2}","[1.0, 1.0, 0.79]",4.0
96,"[1, 3, 5]","[5, 5, 3]","[0.75, 0.79, 0.75]","[['D', 'B', 'A', 'C'], ['D', 'A', 'C', 'B'], ['A', 'C', 'D', 'B']]","{'D': 5, 'A': 4, 'C': 4, 'B': 2}","[1.0, 1.0, 0.79]",4.0
96,"[1, 3, 5]","[5, 5, 3]","[0.75, 0.79, 0.75]","[['D', 'B', 'A', 'C'], ['D', 'A', 'C', 'B'], ['A', 'D', 'C', 'B']]","{'D': 5, 'A': 4, 'C': 4, 'B': 2}","[1.0, 1.0, 0.79]",4.0
96,"[1, 3, 5]","[5, 5, 3]","[0.75, 0.79, 0.75]","[['D', 'B', 'A', 'C'], ['D', 'A', 'C', 'B'], ['C', 'A', 'D', 'B']]","{'D': 5, 'A': 4, 'C': 4, 'B': 2}","[1.0, 1.0, 0.79]",4.0
96,"[1, 3, 5]","[5, 5, 3]","[0.75, 0.79, 0.75]","[['D', 'B', 'A', 'C'], ['D', 'A', 'C', 'B'], ['C', 'D', 'A', 'B']]","{'D': 5, 'A': 4, 'C': 4, 'B': 2}","[1.0, 1.0, 0.79]",4.0
96,"[1, 3, 5]","[5, 5, 3]","[0.75, 0.79, 0.75]","[['D', 'B', 'A', 'C'], ['D', 'A', 'C', 'B'], ['D', 'A', 'C', 'B']]","{'D': 5, 'A': 4, 'C': 4, 'B': 2}","[1.0, 1.0, 0.79]",4.0
96,"[1, 3, 5]","[5, 5, 3]","[0.75, 0.79, 0.75]","[['D', 'B', 'A', 'C'], ['D', 'A', 'C', 'B'], ['D', 'C', 'A', 'B']]","{'D': 5, 'A': 4, 'C': 4, 'B': 2}","[1.0, 1.0, 0.79]",4.0
96,"[1, 3, 5]","[5, 5, 3]","[0.75, 0.79, 0.75]","[['D', 'B', 'A', 'C'], ['D', 'C', 'A', 'B'], ['A', 'C', 'D', 'B']]","{'D': 5, 'A': 4, 'C': 4, 'B': 2}","[1.0, 1.0, 0.79]",4.0
96,"[1, 3, 5]","[5, 5, 3]","[0.75, 0.79, 0.75]","[['D', 'B', 'A', 'C'], ['D', 'C', 'A', 'B'], ['A', 'D', 'C', 'B']]","{'D': 5, 'A': 4, 'C': 4, 'B': 2}","[1.0, 1.0, 0.79]",4.0
96,"[1, 3, 5]","[5, 5, 3]","[0.75, 0.79, 0.75]","[['D', 'B', 'A', 'C'], ['D', 'C', 'A', 'B'], ['C', 'A', 'D', 'B']]","{'D': 5, 'A': 4, 'C': 4, 'B': 2}","[1.0, 1.0, 0.79]",4.0
96,"[1, 3, 5]","[5, 5, 3]","[0.75, 0.79, 0.75]","[['D', 'B', 'A', 'C'], ['D', 'C', 'A', 'B'], ['C', 'D', 'A', 'B']]","{'D': 5, 'A': 4, 'C': 4, 'B': 2}","[1.0, 1.0, 0.79]",4.0
96,"[1, 3, 5]","[5, 5, 3]","[0.75, 0.79, 0.75]","[['D', 'B', 'A', 'C'], ['D', 'C', 'A', 'B'], ['D', 'A', 'C', 'B']]","{'D': 5, 'A': 4, 'C': 4, 'B': 2}","[1.0, 1.0, 0.79]",4.0
96,"[1, 3, 5]","[5, 5, 3]","[0.75, 0.79, 0.75]","[['D', 'B', 'A', 'C'], ['D', 'C', 'A', 'B'], ['D', 'C', 'A', 'B']]","{'D': 5, 'A': 4, 'C': 4, 'B': 2}","[1.0, 1.0, 0.79]",4.0
96,"[1, 3, 5]","[5, 5, 3]","[0.75, 0.79, 0.75]","[['D', 'C', 'A', 'B'], ['A', 'B', 'D', 'C'], ['A', 'C', 'D', 'B']]","{'D': 5, 'A': 4, 'C': 4, 'B': 2}","[1.0, 1.0, 0.79]",4.0
96,"[1, 3, 5]","[5, 5, 3]","[0.75, 0.79, 0.75]","[['D', 'C', 'A', 'B'], ['A', 'B', 'D', 'C'], ['A', 'D', 'C', 'B']]","{'D': 5, 'A': 4, 'C': 4, 'B': 2}","[1.0, 1.0, 0.79]",4.0
96,"[1, 3, 5]","[5, 5, 3]","[0.75, 0.79, 0.75]","[['D', 'C', 'A', 'B'], ['A', 'B', 'D', 'C'], ['C', 'A', 'D', 'B']]","{'D': 5, 'A': 4, 'C': 4, 'B': 2}","[1.0, 1.0, 0.79]",4.0
96,"[1, 3, 5]","[5, 5, 3]","[0.75, 0.79, 0.75]","[['D', 'C', 'A', 'B'], ['A', 'B', 'D', 'C'], ['C', 'D', 'A', 'B']]","{'D': 5, 'A': 4, 'C': 4, 'B': 2}","[1.0, 1.0, 0.79]",4.0
96,"[1, 3, 5]","[5, 5, 3]","[0.75, 0.79, 0.75]","[['D', 'C', 'A', 'B'], ['A', 'B', 'D', 'C'], ['D', 'A', 'C', 'B']]","{'D': 5, 'A': 4, 'C': 4, 'B': 2}","[1.0, 1.0, 0.79]",4.0
96,"[1, 3, 5]","[5, 5, 3]","[0.75, 0.79, 0.75]","[['D', 'C', 'A', 'B'], ['A', 'B', 'D', 'C'], ['D', 'C', 'A', 'B']]","{'D': 5, 'A': 4, 'C': 4, 'B': 2}","[1.0, 1.0, 0.79]",4.0
96,"[1, 3, 5]","[5, 5, 3]","[0.75, 0.79, 0.75]","[['D', 'C', 'A', 'B'], ['A', 'C', 'D', 'B'], ['A', 'B', 'D', 'C']]","{'D': 5, 'A': 4, 'C': 4, 'B': 2}","[1.0, 1.0, 0.79]",4.0
96,"[1, 3, 5]","[5, 5, 3]","[0.75, 0.79, 0.75]","[['D', 'C', 'A', 'B'], ['A', 'C', 'D', 'B'], ['A', 'D', 'B', 'C']]","{'D': 5, 'A': 4, 'C': 4, 'B': 2}","[1.0, 1.0, 0.79]",4.0
96,"[1, 3, 5]","[5, 5, 3]","[0.75, 0.79, 0.75]","[['D', 'C', 'A', 'B'], ['A', 'C', 'D', 'B'], ['B', 'A', 'D', 'C']]","{'D': 5, 'A': 4, 'C': 4, 'B': 2}","[1.0, 1.0, 0.79]",4.0
96,"[1, 3, 5]","[5, 5, 3]","[0.75, 0.79, 0.75]","[['D', 'C', 'A', 'B'], ['A', 'C', 'D', 'B'], ['B', 'D', 'A', 'C']]","{'D': 5, 'A': 4, 'C': 4, 'B': 2}","[1.0, 1.0, 0.79]",4.0
96,"[1, 3, 5]","[5, 5, 3]","[0.75, 0.79, 0.75]","[['D', 'C', 'A', 'B'], ['A', 'C', 'D', 'B'], ['D', 'A', 'B', 'C']]","{'D': 5, 'A': 4, 'C': 4, 'B': 2}","[1.0, 1.0, 0.79]",4.0
96,"[1, 3, 5]","[5, 5, 3]","[0.75, 0.79, 0.75]","[['D', 'C', 'A', 'B'], ['A', 'C', 'D', 'B'], ['D', 'B', 'A', 'C']]","{'D': 5, 'A': 4, 'C': 4, 'B': 2}","[1.0, 1.0, 0.79]",4.0
96,"[1, 3, 5]","[5, 5, 3]","[0.75, 0.79, 0.75]","[['D', 'C', 'A', 'B'], ['A', 'D', 'B', 'C'], ['A', 'C', 'D', 'B']]","{'D': 5, 'A': 4, 'C': 4, 'B': 2}","[1.0, 1.0, 0.79]",4.0
96,"[1, 3, 5]","[5, 5, 3]","[0.75, 0.79, 0.75]","[['D', 'C', 'A', 'B'], ['A', 'D', 'B', 'C'], ['A', 'D', 'C', 'B']]","{'D': 5, 'A': 4, 'C': 4, 'B': 2}","[1.0, 1.0, 0.79]",4.0
96,"[1, 3, 5]","[5, 5, 3]","[0.75, 0.79, 0.75]","[['D', 'C', 'A', 'B'], ['A', 'D', 'B', 'C'], ['C', 'A', 'D', 'B']]","{'D': 5, 'A': 4, 'C': 4, 'B': 2}","[1.0, 1.0, 0.79]",4.0
96,"[1, 3, 5]","[5, 5, 3]","[0.75, 0.79, 0.75]","[['D', 'C', 'A', 'B'], ['A', 'D', 'B', 'C'], ['C', 'D', 'A', 'B']]","{'D': 5, 'A': 4, 'C': 4, 'B': 2}","[1.0, 1.0, 0.79]",4.0
96,"[1, 3, 5]","[5, 5, 3]","[0.75, 0.79, 0.75]","[['D', 'C', 'A', 'B'], ['A', 'D', 'B', 'C'], ['D', 'A', 'C', 'B']]","{'D': 5, 'A': 4, 'C': 4, 'B': 2}","[1.0, 1.0, 0.79]",4.0
96,"[1, 3, 5]","[5, 5, 3]","[0.75, 0.79, 0.75]","[['D', 'C', 'A', 'B'], ['A', 'D', 'B', 'C'], ['D', 'C', 'A', 'B']]","{'D': 5, 'A': 4, 'C': 4, 'B': 2}","[1.0, 1.0, 0.79]",4.0
96,"[1, 3, 5]","[5, 5, 3]","[0.75, 0.79, 0.75]","[['D', 'C', 'A', 'B'], ['A', 'D', 'C', 'B'], ['A', 'B', 'D', 'C']]","{'D': 5, 'A': 4, 'C': 4, 'B': 2}","[1.0, 1.0, 0.79]",4.0
96,"[1, 3, 5]","[5, 5, 3]","[0.75, 0.79, 0.75]","[['D', 'C', 'A', 'B'], ['A', 'D', 'C', 'B'], ['A', 'D', 'B', 'C']]","{'D': 5, 'A': 4, 'C': 4, 'B': 2}","[1.0, 1.0, 0.79]",4.0
96,"[1, 3, 5]","[5, 5, 3]","[0.75, 0.79, 0.75]","[['D', 'C', 'A', 'B'], ['A', 'D', 'C', 'B'], ['B', 'A', 'D', 'C']]","{'D': 5, 'A': 4, 'C': 4, 'B': 2}","[1.0, 1.0, 0.79]",4.0
96,"[1, 3, 5]","[5, 5, 3]","[0.75, 0.79, 0.75]","[['D', 'C', 'A', 'B'], ['A', 'D', 'C', 'B'], ['B', 'D', 'A', 'C']]","{'D': 5, 'A': 4, 'C': 4, 'B': 2}","[1.0, 1.0, 0.79]",4.0
96,"[1, 3, 5]","[5, 5, 3]","[0.75, 0.79, 0.75]","[['D', 'C', 'A', 'B'], ['A', 'D', 'C', 'B'], ['D', 'A', 'B', 'C']]","{'D': 5, 'A': 4, 'C': 4, 'B': 2}","[1.0, 1.0, 0.79]",4.0
96,"[1, 3, 5]","[5, 5, 3]","[0.75, 0.79, 0.75]","[['D', 'C', 'A', 'B'], ['A', 'D', 'C', 'B'], ['D', 'B', 'A', 'C']]","{'D': 5, 'A': 4, 'C': 4, 'B': 2}","[1.0, 1.0, 0.79]",4.0
96,"[1, 3, 5]","[5, 5, 3]","[0.75, 0.79, 0.75]","[['D', 'C', 'A', 'B'], ['B', 'A', 'D', 'C'], ['A', 'C', 'D', 'B']]","{'D': 5, 'A': 4, 'C': 4, 'B': 2}","[1.0, 1.0, 0.79]",4.0
96,"[1, 3, 5]","[5, 5, 3]","[0.75, 0.79, 0.75]","[['D', 'C', 'A', 'B'], ['B', 'A', 'D', 'C'], ['A', 'D', 'C', 'B']]","{'D': 5, 'A': 4, 'C': 4, 'B': 2}","[1.0, 1.0, 0.79]",4.0
96,"[1, 3, 5]","[5, 5, 3]","[0.75, 0.79, 0.75]","[['D', 'C', 'A', 'B'], ['B', 'A', 'D', 'C'], ['C', 'A', 'D', 'B']]","{'D': 5, 'A': 4, 'C': 4, 'B': 2}","[1.0, 1.0, 0.79]",4.0
96,"[1, 3, 5]","[5, 5, 3]","[0.75, 0.79, 0.75]","[['D', 'C', 'A', 'B'], ['B', 'A', 'D', 'C'], ['C', 'D', 'A', 'B']]","{'D': 5, 'A': 4, 'C': 4, 'B': 2}","[1.0, 1.0, 0.79]",4.0
96,"[1, 3, 5]","[5, 5, 3]","[0.75, 0.79, 0.75]","[['D', 'C', 'A', 'B'], ['B', 'A', 'D', 'C'], ['D', 'A', 'C', 'B']]","{'D': 5, 'A': 4, 'C': 4, 'B': 2}","[1.0, 1.0, 0.79]",4.0
96,"[1, 3, 5]","[5, 5, 3]","[0.75, 0.79, 0.75]","[['D', 'C', 'A', 'B'], ['B', 'A', 'D', 'C'], ['D', 'C', 'A', 'B']]","{'D': 5, 'A': 4, 'C': 4, 'B': 2}","[1.0, 1.0, 0.79]",4.0
96,"[1, 3, 5]","[5, 5, 3]","[0.75, 0.79, 0.75]","[['D', 'C', 'A', 'B'], ['B', 'D', 'A', 'C'], ['A', 'C', 'D', 'B']]","{'D': 5, 'A': 4, 'C': 4, 'B': 2}","[1.0, 1.0, 0.79]",4.0
96,"[1, 3, 5]","[5, 5, 3]","[0.75, 0.79, 0.75]","[['D', 'C', 'A', 'B'], ['B', 'D', 'A', 'C'], ['A', 'D', 'C', 'B']]","{'D': 5, 'A': 4, 'C': 4, 'B': 2}","[1.0, 1.0, 0.79]",4.0
96,"[1, 3, 5]","[5, 5, 3]","[0.75, 0.79, 0.75]","[['D', 'C', 'A', 'B'], ['B', 'D', 'A', 'C'], ['C', 'A', 'D', 'B']]","{'D': 5, 'A': 4, 'C': 4, 'B': 2}","[1.0, 1.0, 0.79]",4.0
96,"[1, 3, 5]","[5, 5, 3]","[0.75, 0.79, 0.75]","[['D', 'C', 'A', 'B'], ['B', 'D', 'A', 'C'], ['C', 'D', 'A', 'B']]","{'D': 5, 'A': 4, 'C': 4, 'B': 2}","[1.0, 1.0, 0.79]",4.0
96,"[1, 3, 5]","[5, 5, 3]","[0.75, 0.79, 0.75]","[['D', 'C', 'A', 'B'], ['B', 'D', 'A', 'C'], ['D', 'A', 'C', 'B']]","{'D': 5, 'A': 4, 'C': 4, 'B': 2}","[1.0, 1.0, 0.79]",4.0
96,"[1, 3, 5]","[5, 5, 3]","[0.75, 0.79, 0.75]","[['D', 'C', 'A', 'B'], ['B', 'D', 'A', 'C'], ['D', 'C', 'A', 'B']]","{'D': 5, 'A': 4, 'C': 4, 'B': 2}","[1.0, 1.0, 0.79]",4.0
96,"[1, 3, 5]","[5, 5, 3]","[0.75, 0.79, 0.75]","[['D', 'C', 'A', 'B'], ['C', 'A', 'D', 'B'], ['A', 'B', 'D', 'C']]","{'D': 5, 'A': 4, 'C': 4, 'B': 2}","[1.0, 1.0, 0.79]",4.0
96,"[1, 3, 5]","[5, 5, 3]","[0.75, 0.79, 0.75]","[['D', 'C', 'A', 'B'], ['C', 'A', 'D', 'B'], ['A', 'D', 'B', 'C']]","{'D': 5, 'A': 4, 'C': 4, 'B': 2}","[1.0, 1.0, 0.79]",4.0
96,"[1, 3, 5]","[5, 5, 3]","[0.75, 0.79, 0.75]","[['D', 'C', 'A', 'B'], ['C', 'A', 'D', 'B'], ['B', 'A', 'D', 'C']]","{'D': 5, 'A': 4, 'C': 4, 'B': 2}","[1.0, 1.0, 0.79]",4.0
96,"[1, 3, 5]","[5, 5, 3]","[0.75, 0.79, 0.75]","[['D', 'C', 'A', 'B'], ['C', 'A', 'D', 'B'], ['B', 'D', 'A', 'C']]","{'D': 5, 'A': 4, 'C': 4, 'B': 2}","[1.0, 1.0, 0.79]",4.0
96,"[1, 3, 5]","[5, 5, 3]","[0.75, 0.79, 0.75]","[['D', 'C', 'A', 'B'], ['C', 'A', 'D', 'B'], ['D', 'A', 'B', 'C']]","{'D': 5, 'A': 4, 'C': 4, 'B': 2}","[1.0, 1.0, 0.79]",4.0
96,"[1, 3, 5]","[5, 5, 3]","[0.75, 0.79, 0.75]","[['D', 'C', 'A', 'B'], ['C', 'A', 'D', 'B'], ['D', 'B', 'A', 'C']]","{'D': 5, 'A': 4, 'C': 4, 'B': 2}","[1.0, 1.0, 0.79]",4.0
96,"[1, 3, 5]","[5, 5, 3]","[0.75, 0.79, 0.75]","[['D', 'C', 'A', 'B'], ['C', 'D', 'A', 'B'], ['A', 'B', 'D', 'C']]","{'D': 5, 'A': 4, 'C': 4, 'B': 2}","[1.0, 1.0, 0.79]",4.0
96,"[1, 3, 5]","[5, 5, 3]","[0.75, 0.79, 0.75]","[['D', 'C', 'A', 'B'], ['C', 'D', 'A', 'B'], ['A', 'D', 'B', 'C']]","{'D': 5, 'A': 4, 'C': 4, 'B': 2}","[1.0, 1.0, 0.79]",4.0
96,"[1, 3, 5]","[5, 5, 3]","[0.75, 0.79, 0.75]","[['D', 'C', 'A', 'B'], ['C', 'D', 'A', 'B'], ['B', 'A', 'D', 'C']]","{'D': 5, 'A': 4, 'C': 4, 'B': 2}","[1.0, 1.0, 0.79]",4.0
96,"[1, 3, 5]","[5, 5, 3]","[0.75, 0.79, 0.75]","[['D', 'C', 'A', 'B'], ['C', 'D', 'A', 'B'], ['B', 'D', 'A', 'C']]","{'D': 5, 'A': 4, 'C': 4, 'B': 2}","[1.0, 1.0, 0.79]",4.0
96,"[1, 3, 5]","[5, 5, 3]","[0.75, 0.79, 0.75]","[['D', 'C', 'A', 'B'], ['C', 'D', 'A', 'B'], ['D', 'A', 'B', 'C']]","{'D': 5, 'A': 4, 'C': 4, 'B': 2}","[1.0, 1.0, 0.79]",4.0
96,"[1, 3, 5]","[5, 5, 3]","[0.75, 0.79, 0.75]","[['D', 'C', 'A', 'B'], ['C', 'D', 'A', 'B'], ['D', 'B', 'A', 'C']]","{'D': 5, 'A': 4, 'C': 4, 'B': 2}","[1.0, 1.0, 0.79]",4.0
96,"[1, 3, 5]","[5, 5, 3]","[0.75, 0.79, 0.75]","[['D', 'C', 'A', 'B'], ['D', 'A', 'B', 'C'], ['A', 'C', 'D', 'B']]","{'D': 5, 'A': 4, 'C': 4, 'B': 2}","[1.0, 1.0, 0.79]",4.0
96,"[1, 3, 5]","[5, 5, 3]","[0.75, 0.79, 0.75]","[['D', 'C', 'A', 'B'], ['D', 'A', 'B', 'C'], ['A', 'D', 'C', 'B']]","{'D': 5, 'A': 4, 'C': 4, 'B': 2}","[1.0, 1.0, 0.79]",4.0
96,"[1, 3, 5]","[5, 5, 3]","[0.75, 0.79, 0.75]","[['D', 'C', 'A', 'B'], ['D', 'A', 'B', 'C'], ['C', 'A', 'D', 'B']]","{'D': 5, 'A': 4, 'C': 4, 'B': 2}","[1.0, 1.0, 0.79]",4.0
96,"[1, 3, 5]","[5, 5, 3]","[0.75, 0.79, 0.75]","[['D', 'C', 'A', 'B'], ['D', 'A', 'B', 'C'], ['C', 'D', 'A', 'B']]","{'D': 5, 'A': 4, 'C': 4, 'B': 2}","[1.0, 1.0, 0.79]",4.0
96,"[1, 3, 5]","[5, 5, 3]","[0.75, 0.79, 0.75]","[['D', 'C', 'A', 'B'], ['D', 'A', 'B', 'C'], ['D', 'A', 'C', 'B']]","{'D': 5, 'A': 4, 'C': 4, 'B': 2}","[1.0, 1.0, 0.79]",4.0
96,"[1, 3, 5]","[5, 5, 3]","[0.75, 0.79, 0.75]","[['D', 'C', 'A', 'B'], ['D', 'A', 'B', 'C'], ['D', 'C', 'A', 'B']]","{'D': 5, 'A': 4, 'C': 4, 'B': 2}","[1.0, 1.0, 0.79]",4.0
96,"[1, 3, 5]","[5, 5, 3]","[0.75, 0.79, 0.75]","[['D', 'C', 'A', 'B'], ['D', 'A', 'C', 'B'], ['A', 'B', 'D', 'C']]","{'D': 5, 'A': 4, 'C': 4, 'B': 2}","[1.0, 1.0, 0.79]",4.0
96,"[1, 3, 5]","[5, 5, 3]","[0.75, 0.79, 0.75]","[['D', 'C', 'A', 'B'], ['D', 'A', 'C', 'B'], ['A', 'D', 'B', 'C']]","{'D': 5, 'A': 4, 'C': 4, 'B': 2}","[1.0, 1.0, 0.79]",4.0
96,"[1, 3, 5]","[5, 5, 3]","[0.75, 0.79, 0.75]","[['D', 'C', 'A', 'B'], ['D', 'A', 'C', 'B'], ['B', 'A', 'D', 'C']]","{'D': 5, 'A': 4, 'C': 4, 'B': 2}","[1.0, 1.0, 0.79]",4.0
96,"[1, 3, 5]","[5, 5, 3]","[0.75, 0.79, 0.75]","[['D', 'C', 'A', 'B'], ['D', 'A', 'C', 'B'], ['B', 'D', 'A', 'C']]","{'D': 5, 'A': 4, 'C': 4, 'B': 2}","[1.0, 1.0, 0.79]",4.0
96,"[1, 3, 5]","[5, 5, 3]","[0.75, 0.79, 0.75]","[['D', 'C', 'A', 'B'], ['D', 'A', 'C', 'B'], ['D', 'A', 'B', 'C']]","{'D': 5, 'A': 4, 'C': 4, 'B': 2}","[1.0, 1.0, 0.79]",4.0
96,"[1, 3, 5]","[5, 5, 3]","[0.75, 0.79, 0.75]","[['D', 'C', 'A', 'B'], ['D', 'A', 'C', 'B'], ['D', 'B', 'A', 'C']]","{'D': 5, 'A': 4, 'C': 4, 'B': 2}","[1.0, 1.0, 0.79]",4.0
96,"[1, 3, 5]","[5, 5, 3]","[0.75, 0.79, 0.75]","[['D', 'C', 'A', 'B'], ['D', 'B', 'A', 'C'], ['A', 'C', 'D', 'B']]","{'D': 5, 'A': 4, 'C': 4, 'B': 2}","[1.0, 1.0, 0.79]",4.0
96,"[1, 3, 5]","[5, 5, 3]","[0.75, 0.79, 0.75]","[['D', 'C', 'A', 'B'], ['D', 'B', 'A', 'C'], ['A', 'D', 'C', 'B']]","{'D': 5, 'A': 4, 'C': 4, 'B': 2}","[1.0, 1.0, 0.79]",4.0
96,"[1, 3, 5]","[5, 5, 3]","[0.75, 0.79, 0.75]","[['D', 'C', 'A', 'B'], ['D', 'B', 'A', 'C'], ['C', 'A', 'D', 'B']]","{'D': 5, 'A': 4, 'C': 4, 'B': 2}","[1.0, 1.0, 0.79]",4.0
96,"[1, 3, 5]","[5, 5, 3]","[0.75, 0.79, 0.75]","[['D', 'C', 'A', 'B'], ['D', 'B', 'A', 'C'], ['C', 'D', 'A', 'B']]","{'D': 5, 'A': 4, 'C': 4, 'B': 2}","[1.0, 1.0, 0.79]",4.0
96,"[1, 3, 5]","[5, 5, 3]","[0.75, 0.79, 0.75]","[['D', 'C', 'A', 'B'], ['D', 'B', 'A', 'C'], ['D', 'A', 'C', 'B']]","{'D': 5, 'A': 4, 'C': 4, 'B': 2}","[1.0, 1.0, 0.79]",4.0
96,"[1, 3, 5]","[5, 5, 3]","[0.75, 0.79, 0.75]","[['D', 'C', 'A', 'B'], ['D', 'B', 'A', 'C'], ['D', 'C', 'A', 'B']]","{'D': 5, 'A': 4, 'C': 4, 'B': 2}","[1.0, 1.0, 0.79]",4.0
96,"[1, 3, 5]","[5, 5, 3]","[0.75, 0.79, 0.75]","[['D', 'C', 'A', 'B'], ['D', 'C', 'A', 'B'], ['A', 'B', 'D', 'C']]","{'D': 5, 'A': 4, 'C': 4, 'B': 2}","[1.0, 1.0, 0.79]",4.0
96,"[1, 3, 5]","[5, 5, 3]","[0.75, 0.79, 0.75]","[['D', 'C', 'A', 'B'], ['D', 'C', 'A', 'B'], ['A', 'D', 'B', 'C']]","{'D': 5, 'A': 4, 'C': 4, 'B': 2}","[1.0, 1.0, 0.79]",4.0
96,"[1, 3, 5]","[5, 5, 3]","[0.75, 0.79, 0.75]","[['D', 'C', 'A', 'B'], ['D', 'C', 'A', 'B'], ['B', 'A', 'D', 'C']]","{'D': 5, 'A': 4, 'C': 4, 'B': 2}","[1.0, 1.0, 0.79]",4.0
96,"[1, 3, 5]","[5, 5, 3]","[0.75, 0.79, 0.75]","[['D', 'C', 'A', 'B'], ['D', 'C', 'A', 'B'], ['B', 'D', 'A', 'C']]","{'D': 5, 'A': 4, 'C': 4, 'B': 2}","[1.0, 1.0, 0.79]",4.0
96,"[1, 3, 5]","[5, 5, 3]","[0.75, 0.79, 0.75]","[['D', 'C', 'A', 'B'], ['D', 'C', 'A', 'B'], ['D', 'A', 'B', 'C']]","{'D': 5, 'A': 4, 'C': 4, 'B': 2}","[1.0, 1.0, 0.79]",4.0
96,"[1, 3, 5]","[5, 5, 3]","[0.75, 0.79, 0.75]","[['D', 'C', 'A', 'B'], ['D', 'C', 'A', 'B'], ['D', 'B', 'A', 'C']]","{'D': 5, 'A': 4, 'C': 4, 'B': 2}","[1.0, 1.0, 0.79]",4.0
97,"[1, 3]","[5, 5]","[0.79, 0.79]","[['A', 'B', 'C', 'D'], ['B', 'C', 'D', 'A']]","{'C': 5, 'A': 4, 'B': 3, 'D': 3}","[1.0, 1.0]",4.21
97,"[1, 3]","[5, 5]","[0.79, 0.79]","[['A', 'B', 'C', 'D'], ['B', 'D', 'C', 'A']]","{'C': 5, 'A': 4, 'B': 3, 'D': 3}","[1.0, 1.0]",4.21
97,"[1, 3]","[5, 5]","[0.79, 0.79]","[['A', 'B', 'C', 'D'], ['C', 'B', 'D', 'A']]","{'C': 5, 'A': 4, 'B': 3, 'D': 3}","[1.0, 1.0]",4.21
97,"[1, 3]","[5, 5]","[0.79, 0.79]","[['A', 'B', 'C', 'D'], ['C', 'D', 'B', 'A']]","{'C': 5, 'A': 4, 'B': 3, 'D': 3}","[1.0, 1.0]",4.21
97,"[1, 3]","[5, 5]","[0.79, 0.79]","[['A', 'B', 'C', 'D'], ['D', 'B', 'C', 'A']]","{'C': 5, 'A': 4, 'B': 3, 'D': 3}","[1.0, 1.0]",4.21
97,"[1, 3]","[5, 5]","[0.79, 0.79]","[['A', 'B', 'C', 'D'], ['D', 'C', 'B', 'A']]","{'C': 5, 'A': 4, 'B': 3, 'D': 3}","[1.0, 1.0]",4.21
97,"[1, 3]","[5, 5]","[0.79, 0.79]","[['A', 'C', 'B', 'D'], ['B', 'C', 'D', 'A']]","{'C': 5, 'A': 4, 'B': 3, 'D': 3}","[1.0, 1.0]",4.21
97,"[1, 3]","[5, 5]","[0.79, 0.79]","[['A', 'C', 'B', 'D'], ['B', 'D', 'C', 'A']]","{'C': 5, 'A': 4, 'B': 3, 'D': 3}","[1.0, 1.0]",4.21
97,"[1, 3]","[5, 5]","[0.79, 0.79]","[['A', 'C', 'B', 'D'], ['C', 'B', 'D', 'A']]","{'C': 5, 'A': 4, 'B': 3, 'D': 3}","[1.0, 1.0]",4.21
97,"[1, 3]","[5, 5]","[0.79, 0.79]","[['A', 'C', 'B', 'D'], ['C', 'D', 'B', 'A']]","{'C': 5, 'A': 4, 'B': 3, 'D': 3}","[1.0, 1.0]",4.21
97,"[1, 3]","[5, 5]","[0.79, 0.79]","[['A', 'C', 'B', 'D'], ['D', 'B', 'C', 'A']]","{'C': 5, 'A': 4, 'B': 3, 'D': 3}","[1.0, 1.0]",4.21
97,"[1, 3]","[5, 5]","[0.79, 0.79]","[['A', 'C', 'B', 'D'], ['D', 'C', 'B', 'A']]","{'C': 5, 'A': 4, 'B': 3, 'D': 3}","[1.0, 1.0]",4.21
97,"[1, 3]","[5, 5]","[0.79, 0.79]","[['A', 'C', 'D', 'B'], ['B', 'C', 'D', 'A']]","{'C': 5, 'A': 4, 'D': 4, 'B': 2}","[1.0, 1.0]",4.34
97,"[1, 3]","[5, 5]","[0.79, 0.79]","[['A', 'C', 'D', 'B'], ['B', 'D', 'C', 'A']]","{'C': 5, 'A': 4, 'D': 4, 'B': 2}","[1.0, 1.0]",4.34
97,"[1, 3]","[5, 5]","[0.79, 0.79]","[['A', 'C', 'D', 'B'], ['C', 'B', 'D', 'A']]","{'C': 5, 'A': 4, 'D': 4, 'B': 2}","[1.0, 1.0]",4.34
97,"[1, 3]","[5, 5]","[0.79, 0.79]","[['A', 'C', 'D', 'B'], ['C', 'D', 'B', 'A']]","{'C': 5, 'A': 4, 'D': 4, 'B': 2}","[1.0, 1.0]",4.34
97,"[1, 3]","[5, 5]","[0.79, 0.79]","[['A', 'C', 'D', 'B'], ['D', 'B', 'C', 'A']]","{'C': 5, 'A': 4, 'D': 4, 'B': 2}","[1.0, 1.0]",4.34
97,"[1, 3]","[5, 5]","[0.79, 0.79]","[['A', 'C', 'D', 'B'], ['D', 'C', 'B', 'A']]","{'C': 5, 'A': 4, 'D': 4, 'B': 2}","[1.0, 1.0]",4.34
97,"[1, 3]","[5, 5]","[0.79, 0.79]","[['A', 'D', 'C', 'B'], ['B', 'C', 'D', 'A']]","{'C': 5, 'A': 4, 'D': 4, 'B': 2}","[1.0, 1.0]",4.34
97,"[1, 3]","[5, 5]","[0.79, 0.79]","[['A', 'D', 'C', 'B'], ['B', 'D', 'C', 'A']]","{'C': 5, 'A': 4, 'D': 4, 'B': 2}","[1.0, 1.0]",4.34
97,"[1, 3]","[5, 5]","[0.79, 0.79]","[['A', 'D', 'C', 'B'], ['C', 'B', 'D', 'A']]","{'C': 5, 'A': 4, 'D': 4, 'B': 2}","[1.0, 1.0]",4.34
97,"[1, 3]","[5, 5]","[0.79, 0.79]","[['A', 'D', 'C', 'B'], ['C', 'D', 'B', 'A']]","{'C': 5, 'A': 4, 'D': 4, 'B': 2}","[1.0, 1.0]",4.34
97,"[1, 3]","[5, 5]","[0.79, 0.79]","[['A', 'D', 'C', 'B'], ['D', 'B', 'C', 'A']]","{'C': 5, 'A': 4, 'D': 4, 'B': 2}","[1.0, 1.0]",4.34
97,"[1, 3]","[5, 5]","[0.79, 0.79]","[['A', 'D', 'C', 'B'], ['D', 'C', 'B', 'A']]","{'C': 5, 'A': 4, 'D': 4, 'B': 2}","[1.0, 1.0]",4.34
97,"[1, 3]","[5, 5]","[0.79, 0.79]","[['B', 'A', 'C', 'D'], ['B', 'C', 'D', 'A']]","{'C': 5, 'A': 4, 'B': 3, 'D': 3}","[1.0, 1.0]",4.21
97,"[1, 3]","[5, 5]","[0.79, 0.79]","[['B', 'A', 'C', 'D'], ['B', 'D', 'C', 'A']]","{'C': 5, 'A': 4, 'B': 3, 'D': 3}","[1.0, 1.0]",4.21
97,"[1, 3]","[5, 5]","[0.79, 0.79]","[['B', 'A', 'C', 'D'], ['C', 'B', 'D', 'A']]","{'C': 5, 'A': 4, 'B': 3, 'D': 3}","[1.0, 1.0]",4.21
97,"[1, 3]","[5, 5]","[0.79, 0.79]","[['B', 'A', 'C', 'D'], ['C', 'D', 'B', 'A']]","{'C': 5, 'A': 4, 'B': 3, 'D': 3}","[1.0, 1.0]",4.21
97,"[1, 3]","[5, 5]","[0.79, 0.79]","[['B', 'A', 'C', 'D'], ['D', 'B', 'C', 'A']]","{'C': 5, 'A': 4, 'B': 3, 'D': 3}","[1.0, 1.0]",4.21
97,"[1, 3]","[5, 5]","[0.79, 0.79]","[['B', 'A', 'C', 'D'], ['D', 'C', 'B', 'A']]","{'C': 5, 'A': 4, 'B': 3, 'D': 3}","[1.0, 1.0]",4.21
97,"[1, 3]","[5, 5]","[0.79, 0.79]","[['B', 'C', 'A', 'D'], ['B', 'C', 'D', 'A']]","{'C': 5, 'A': 4, 'B': 3, 'D': 3}","[1.0, 1.0]",4.21
97,"[1, 3]","[5, 5]","[0.79, 0.79]","[['B', 'C', 'A', 'D'], ['B', 'D', 'C', 'A']]","{'C': 5, 'A': 4, 'B': 3, 'D': 3}","[1.0, 1.0]",4.21
97,"[1, 3]","[5, 5]","[0.79, 0.79]","[['B', 'C', 'A', 'D'], ['C', 'B', 'D', 'A']]","{'C': 5, 'A': 4, 'B': 3, 'D': 3}","[1.0, 1.0]",4.21
97,"[1, 3]","[5, 5]","[0.79, 0.79]","[['B', 'C', 'A', 'D'], ['C', 'D', 'B', 'A']]","{'C': 5, 'A': 4, 'B': 3, 'D': 3}","[1.0, 1.0]",4.21
97,"[1, 3]","[5, 5]","[0.79, 0.79]","[['B', 'C', 'A', 'D'], ['D', 'B', 'C', 'A']]","{'C': 5, 'A': 4, 'B': 3, 'D': 3}","[1.0, 1.0]",4.21
97,"[1, 3]","[5, 5]","[0.79, 0.79]","[['B', 'C', 'A', 'D'], ['D', 'C', 'B', 'A']]","{'C': 5, 'A': 4, 'B': 3, 'D': 3}","[1.0, 1.0]",4.21
97,"[1, 3]","[5, 5]","[0.79, 0.79]","[['B', 'C', 'D', 'A'], ['A', 'B', 'C', 'D']]","{'C': 5, 'A': 4, 'B': 3, 'D': 3}","[1.0, 1.0]",4.21
97,"[1, 3]","[5, 5]","[0.79, 0.79]","[['B', 'C', 'D', 'A'], ['A', 'C', 'B', 'D']]","{'C': 5, 'A': 4, 'B': 3, 'D': 3}","[1.0, 1.0]",4.21
97,"[1, 3]","[5, 5]","[0.79, 0.79]","[['B', 'C', 'D', 'A'], ['A', 'C', 'D', 'B']]","{'C': 5, 'A': 4, 'D': 4, 'B': 2}","[1.0, 1.0]",4.34
97,"[1, 3]","[5, 5]","[0.79, 0.79]","[['B', 'C', 'D', 'A'], ['A', 'D', 'C', 'B']]","{'C': 5, 'A': 4, 'D': 4, 'B': 2}","[1.0, 1.0]",4.34
97,"[1, 3]","[5, 5]","[0.79, 0.79]","[['B', 'C', 'D', 'A'], ['B', 'A', 'C', 'D']]","{'C': 5, 'A': 4, 'B': 3, 'D': 3}","[1.0, 1.0]",4.21
97,"[1, 3]","[5, 5]","[0.79, 0.79]","[['B', 'C', 'D', 'A'], ['B', 'C', 'A', 'D']]","{'C': 5, 'A': 4, 'B': 3, 'D': 3}","[1.0, 1.0]",4.21
97,"[1, 3]","[5, 5]","[0.79, 0.79]","[['B', 'C', 'D', 'A'], ['B', 'C', 'D', 'A']]","{'C': 5, 'D': 4, 'A': 3, 'B': 3}","[1.0, 1.0]",4.0
97,"[1, 3]","[5, 5]","[0.79, 0.79]","[['B', 'C', 'D', 'A'], ['B', 'D', 'C', 'A']]","{'C': 5, 'D': 4, 'A': 3, 'B': 3}","[1.0, 1.0]",4.0
97,"[1, 3]","[5, 5]","[0.79, 0.79]","[['B', 'C', 'D', 'A'], ['C', 'A', 'B', 'D']]","{'C': 5, 'A': 4, 'B': 3, 'D': 3}","[1.0, 1.0]",4.21
97,"[1, 3]","[5, 5]","[0.79, 0.79]","[['B', 'C', 'D', 'A'], ['C', 'A', 'D', 'B']]","{'C': 5, 'A': 4, 'D': 4, 'B': 2}","[1.0, 1.0]",4.34
97,"[1, 3]","[5, 5]","[0.79, 0.79]","[['B', 'C', 'D', 'A'], ['C', 'B', 'A', 'D']]","{'C': 5, 'A': 4, 'B': 3, 'D': 3}","[1.0, 1.0]",4.21
97,"[1, 3]","[5, 5]","[0.79, 0.79]","[['B', 'C', 'D', 'A'], ['C', 'B', 'D', 'A']]","{'C': 5, 'D': 4, 'A': 3, 'B': 3}","[1.0, 1.0]",4.0
97,"[1, 3]","[5, 5]","[0.79, 0.79]","[['B', 'C', 'D', 'A'], ['C', 'D', 'A', 'B']]","{'C': 5, 'A': 4, 'D': 4, 'B': 2}","[1.0, 1.0]",4.34
97,"[1, 3]","[5, 5]","[0.79, 0.79]","[['B', 'C', 'D', 'A'], ['C', 'D', 'B', 'A']]","{'C': 5, 'D': 4, 'A': 3, 'B': 3}","[1.0, 1.0]",4.0
97,"[1, 3]","[5, 5]","[0.79, 0.79]","[['B', 'C', 'D', 'A'], ['D', 'A', 'C', 'B']]","{'C': 5, 'A': 4, 'D': 4, 'B': 2}","[1.0, 1.0]",4.34
97,"[1, 3]","[5, 5]","[0.79, 0.79]","[['B', 'C', 'D', 'A'], ['D', 'B', 'C', 'A']]","{'C': 5, 'D': 4, 'A': 3, 'B': 3}","[1.0, 1.0]",4.0
97,"[1, 3]","[5, 5]","[0.79, 0.79]","[['B', 'C', 'D', 'A'], ['D', 'C', 'A', 'B']]","{'C': 5, 'A': 4, 'D': 4, 'B': 2}","[1.0, 1.0]",4.34
97,"[1, 3]","[5, 5]","[0.79, 0.79]","[['B', 'C', 'D', 'A'], ['D', 'C', 'B', 'A']]","{'C': 5, 'D': 4, 'A': 3, 'B': 3}","[1.0, 1.0]",4.0
97,"[1, 3]","[5, 5]","[0.79, 0.79]","[['B', 'D', 'C', 'A'], ['A', 'B', 'C', 'D']]","{'C': 5, 'A': 4, 'B': 3, 'D': 3}","[1.0, 1.0]",4.21
97,"[1, 3]","[5, 5]","[0.79, 0.79]","[['B', 'D', 'C', 'A'], ['A', 'C', 'B', 'D']]","{'C': 5, 'A': 4, 'B': 3, 'D': 3}","[1.0, 1.0]",4.21
97,"[1, 3]","[5, 5]","[0.79, 0.79]","[['B', 'D', 'C', 'A'], ['A', 'C', 'D', 'B']]","{'C': 5, 'A': 4, 'D': 4, 'B': 2}","[1.0, 1.0]",4.34
97,"[1, 3]","[5, 5]","[0.79, 0.79]","[['B', 'D', 'C', 'A'], ['A', 'D', 'C', 'B']]","{'C': 5, 'A': 4, 'D': 4, 'B': 2}","[1.0, 1.0]",4.34
97,"[1, 3]","[5, 5]","[0.79, 0.79]","[['B', 'D', 'C', 'A'], ['B', 'A', 'C', 'D']]","{'C': 5, 'A': 4, 'B': 3, 'D': 3}","[1.0, 1.0]",4.21
97,"[1, 3]","[5, 5]","[0.79, 0.79]","[['B', 'D', 'C', 'A'], ['B', 'C', 'A', 'D']]","{'C': 5, 'A': 4, 'B': 3, 'D': 3}","[1.0, 1.0]",4.21
97,"[1, 3]","[5, 5]","[0.79, 0.79]","[['B', 'D', 'C', 'A'], ['B', 'C', 'D', 'A']]","{'C': 5, 'D': 4, 'A': 3, 'B': 3}","[1.0, 1.0]",4.0
97,"[1, 3]","[5, 5]","[0.79, 0.79]","[['B', 'D', 'C', 'A'], ['B', 'D', 'C', 'A']]","{'C': 5, 'D': 4, 'A': 3, 'B': 3}","[1.0, 1.0]",4.0
97,"[1, 3]","[5, 5]","[0.79, 0.79]","[['B', 'D', 'C', 'A'], ['C', 'A', 'B', 'D']]","{'C': 5, 'A': 4, 'B': 3, 'D': 3}","[1.0, 1.0]",4.21
97,"[1, 3]","[5, 5]","[0.79, 0.79]","[['B', 'D', 'C', 'A'], ['C', 'A', 'D', 'B']]","{'C': 5, 'A': 4, 'D': 4, 'B': 2}","[1.0, 1.0]",4.34
97,"[1, 3]","[5, 5]","[0.79, 0.79]","[['B', 'D', 'C', 'A'], ['C', 'B', 'A', 'D']]","{'C': 5, 'A': 4, 'B': 3, 'D': 3}","[1.0, 1.0]",4.21
97,"[1, 3]","[5, 5]","[0.79, 0.79]","[['B', 'D', 'C', 'A'], ['C', 'B', 'D', 'A']]","{'C': 5, 'D': 4, 'A': 3, 'B': 3}","[1.0, 1.0]",4.0
97,"[1, 3]","[5, 5]","[0.79, 0.79]","[['B', 'D', 'C', 'A'], ['C', 'D', 'A', 'B']]","{'C': 5, 'A': 4, 'D': 4, 'B': 2}","[1.0, 1.0]",4.34
97,"[1, 3]","[5, 5]","[0.79, 0.79]","[['B', 'D', 'C', 'A'], ['C', 'D', 'B', 'A']]","{'C': 5, 'D': 4, 'A': 3, 'B': 3}","[1.0, 1.0]",4.0
97,"[1, 3]","[5, 5]","[0.79, 0.79]","[['B', 'D', 'C', 'A'], ['D', 'A', 'C', 'B']]","{'C': 5, 'A': 4, 'D': 4, 'B': 2}","[1.0, 1.0]",4.34
97,"[1, 3]","[5, 5]","[0.79, 0.79]","[['B', 'D', 'C', 'A'], ['D', 'B', 'C', 'A']]","{'C': 5, 'D': 4, 'A': 3, 'B': 3}","[1.0, 1.0]",4.0
97,"[1, 3]","[5, 5]","[0.79, 0.79]","[['B', 'D', 'C', 'A'], ['D', 'C', 'A', 'B']]","{'C': 5, 'A': 4, 'D': 4, 'B': 2}","[1.0, 1.0]",4.34
97,"[1, 3]","[5, 5]","[0.79, 0.79]","[['B', 'D', 'C', 'A'], ['D', 'C', 'B', 'A']]","{'C': 5, 'D': 4, 'A': 3, 'B': 3}","[1.0, 1.0]",4.0
97,"[1, 3]","[5, 5]","[0.79, 0.79]","[['C', 'A', 'B', 'D'], ['B', 'C', 'D', 'A']]","{'C': 5, 'A': 4, 'B': 3, 'D': 3}","[1.0, 1.0]",4.21
97,"[1, 3]","[5, 5]","[0.79, 0.79]","[['C', 'A', 'B', 'D'], ['B', 'D', 'C', 'A']]","{'C': 5, 'A': 4, 'B': 3, 'D': 3}","[1.0, 1.0]",4.21
97,"[1, 3]","[5, 5]","[0.79, 0.79]","[['C', 'A', 'B', 'D'], ['C', 'B', 'D', 'A']]","{'C': 5, 'A': 4, 'B': 3, 'D': 3}","[1.0, 1.0]",4.21
97,"[1, 3]","[5, 5]","[0.79, 0.79]","[['C', 'A', 'B', 'D'], ['C', 'D', 'B', 'A']]","{'C': 5, 'A': 4, 'B': 3, 'D': 3}","[1.0, 1.0]",4.21
97,"[1, 3]","[5, 5]","[0.79, 0.79]","[['C', 'A', 'B', 'D'], ['D', 'B', 'C', 'A']]","{'C': 5, 'A': 4, 'B': 3, 'D': 3}","[1.0, 1.0]",4.21
97,"[1, 3]","[5, 5]","[0.79, 0.79]","[['C', 'A', 'B', 'D'], ['D', 'C', 'B', 'A']]","{'C': 5, 'A': 4, 'B': 3, 'D': 3}","[1.0, 1.0]",4.21
97,"[1, 3]","[5, 5]","[0.79, 0.79]","[['C', 'A', 'D', 'B'], ['B', 'C', 'D', 'A']]","{'C': 5, 'A': 4, 'D': 4, 'B': 2}","[1.0, 1.0]",4.34
97,"[1, 3]","[5, 5]","[0.79, 0.79]","[['C', 'A', 'D', 'B'], ['B', 'D', 'C', 'A']]","{'C': 5, 'A': 4, 'D': 4, 'B': 2}","[1.0, 1.0]",4.34
97,"[1, 3]","[5, 5]","[0.79, 0.79]","[['C', 'A', 'D', 'B'], ['C', 'B', 'D', 'A']]","{'C': 5, 'A': 4, 'D': 4, 'B': 2}","[1.0, 1.0]",4.34
97,"[1, 3]","[5, 5]","[0.79, 0.79]","[['C', 'A', 'D', 'B'], ['C', 'D', 'B', 'A']]","{'C': 5, 'A': 4, 'D': 4, 'B': 2}","[1.0, 1.0]",4.34
97,"[1, 3]","[5, 5]","[0.79, 0.79]","[['C', 'A', 'D', 'B'], ['D', 'B', 'C', 'A']]","{'C': 5, 'A': 4, 'D': 4, 'B': 2}","[1.0, 1.0]",4.34
97,"[1, 3]","[5, 5]","[0.79, 0.79]","[['C', 'A', 'D', 'B'], ['D', 'C', 'B', 'A']]","{'C': 5, 'A': 4, 'D': 4, 'B': 2}","[1.0, 1.0]",4.34
97,"[1, 3]","[5, 5]","[0.79, 0.79]","[['C', 'B', 'A', 'D'], ['B', 'C', 'D', 'A']]","{'C': 5, 'A': 4, 'B': 3, 'D': 3}","[1.0, 1.0]",4.21
97,"[1, 3]","[5, 5]","[0.79, 0.79]","[['C', 'B', 'A', 'D'], ['B', 'D', 'C', 'A']]","{'C': 5, 'A': 4, 'B': 3, 'D': 3}","[1.0, 1.0]",4.21
97,"[1, 3]","[5, 5]","[0.79, 0.79]","[['C', 'B', 'A', 'D'], ['C', 'B', 'D', 'A']]","{'C': 5, 'A': 4, 'B': 3, 'D': 3}","[1.0, 1.0]",4.21
97,"[1, 3]","[5, 5]","[0.79, 0.79]","[['C', 'B', 'A', 'D'], ['C', 'D', 'B', 'A']]","{'C': 5, 'A': 4, 'B': 3, 'D': 3}","[1.0, 1.0]",4.21
97,"[1, 3]","[5, 5]","[0.79, 0.79]","[['C', 'B', 'A', 'D'], ['D', 'B', 'C', 'A']]","{'C': 5, 'A': 4, 'B': 3, 'D': 3}","[1.0, 1.0]",4.21
97,"[1, 3]","[5, 5]","[0.79, 0.79]","[['C', 'B', 'A', 'D'], ['D', 'C', 'B', 'A']]","{'C': 5, 'A': 4, 'B': 3, 'D': 3}","[1.0, 1.0]",4.21
97,"[1, 3]","[5, 5]","[0.79, 0.79]","[['C', 'B', 'D', 'A'], ['A', 'B', 'C', 'D']]","{'C': 5, 'A': 4, 'B': 3, 'D': 3}","[1.0, 1.0]",4.21
97,"[1, 3]","[5, 5]","[0.79, 0.79]","[['C', 'B', 'D', 'A'], ['A', 'C', 'B', 'D']]","{'C': 5, 'A': 4, 'B': 3, 'D': 3}","[1.0, 1.0]",4.21
97,"[1, 3]","[5, 5]","[0.79, 0.79]","[['C', 'B', 'D', 'A'], ['A', 'C', 'D', 'B']]","{'C': 5, 'A': 4, 'D': 4, 'B': 2}","[1.0, 1.0]",4.34
97,"[1, 3]","[5, 5]","[0.79, 0.79]","[['C', 'B', 'D', 'A'], ['A', 'D', 'C', 'B']]","{'C': 5, 'A': 4, 'D': 4, 'B': 2}","[1.0, 1.0]",4.34
97,"[1, 3]","[5, 5]","[0.79, 0.79]","[['C', 'B', 'D', 'A'], ['B', 'A', 'C', 'D']]","{'C': 5, 'A': 4, 'B': 3, 'D': 3}","[1.0, 1.0]",4.21
97,"[1, 3]","[5, 5]","[0.79, 0.79]","[['C', 'B', 'D', 'A'], ['B', 'C', 'A', 'D']]","{'C': 5, 'A': 4, 'B': 3, 'D': 3}","[1.0, 1.0]",4.21
97,"[1, 3]","[5, 5]","[0.79, 0.79]","[['C', 'B', 'D', 'A'], ['B', 'C', 'D', 'A']]","{'C': 5, 'D': 4, 'A': 3, 'B': 3}","[1.0, 1.0]",4.0
97,"[1, 3]","[5, 5]","[0.79, 0.79]","[['C', 'B', 'D', 'A'], ['B', 'D', 'C', 'A']]","{'C': 5, 'D': 4, 'A': 3, 'B': 3}","[1.0, 1.0]",4.0
97,"[1, 3]","[5, 5]","[0.79, 0.79]","[['C', 'B', 'D', 'A'], ['C', 'A', 'B', 'D']]","{'C': 5, 'A': 4, 'B': 3, 'D': 3}","[1.0, 1.0]",4.21
97,"[1, 3]","[5, 5]","[0.79, 0.79]","[['C', 'B', 'D', 'A'], ['C', 'A', 'D', 'B']]","{'C': 5, 'A': 4, 'D': 4, 'B': 2}","[1.0, 1.0]",4.34
97,"[1, 3]","[5, 5]","[0.79, 0.79]","[['C', 'B', 'D', 'A'], ['C', 'B', 'A', 'D']]","{'C': 5, 'A': 4, 'B': 3, 'D': 3}","[1.0, 1.0]",4.21
97,"[1, 3]","[5, 5]","[0.79, 0.79]","[['C', 'B', 'D', 'A'], ['C', 'B', 'D', 'A']]","{'C': 5, 'D': 4, 'A': 3, 'B': 3}","[1.0, 1.0]",4.0
97,"[1, 3]","[5, 5]","[0.79, 0.79]","[['C', 'B', 'D', 'A'], ['C', 'D', 'A', 'B']]","{'C': 5, 'A': 4, 'D': 4, 'B': 2}","[1.0, 1.0]",4.34
97,"[1, 3]","[5, 5]","[0.79, 0.79]","[['C', 'B', 'D', 'A'], ['C', 'D', 'B', 'A']]","{'C': 5, 'D': 4, 'A': 3, 'B': 3}","[1.0, 1.0]",4.0
97,"[1, 3]","[5, 5]","[0.79, 0.79]","[['C', 'B', 'D', 'A'], ['D', 'A', 'C', 'B']]","{'C': 5, 'A': 4, 'D': 4, 'B': 2}","[1.0, 1.0]",4.34
97,"[1, 3]","[5, 5]","[0.79, 0.79]","[['C', 'B', 'D', 'A'], ['D', 'B', 'C', 'A']]","{'C': 5, 'D': 4, 'A': 3, 'B': 3}","[1.0, 1.0]",4.0
97,"[1, 3]","[5, 5]","[0.79, 0.79]","[['C', 'B', 'D', 'A'], ['D', 'C', 'A', 'B']]","{'C': 5, 'A': 4, 'D': 4, 'B': 2}","[1.0, 1.0]",4.34
97,"[1, 3]","[5, 5]","[0.79, 0.79]","[['C', 'B', 'D', 'A'], ['D', 'C', 'B', 'A']]","{'C': 5, 'D': 4, 'A': 3, 'B': 3}","[1.0, 1.0]",4.0
97,"[1, 3]","[5, 5]","[0.79, 0.79]","[['C', 'D', 'A', 'B'], ['B', 'C', 'D', 'A']]","{'C': 5, 'A': 4, 'D': 4, 'B': 2}","[1.0, 1.0]",4.34
97,"[1, 3]","[5, 5]","[0.79, 0.79]","[['C', 'D', 'A', 'B'], ['B', 'D', 'C', 'A']]","{'C': 5, 'A': 4, 'D': 4, 'B': 2}","[1.0, 1.0]",4.34
97,"[1, 3]","[5, 5]","[0.79, 0.79]","[['C', 'D', 'A', 'B'], ['C', 'B', 'D', 'A']]","{'C': 5, 'A': 4, 'D': 4, 'B': 2}","[1.0, 1.0]",4.34
97,"[1, 3]","[5, 5]","[0.79, 0.79]","[['C', 'D', 'A', 'B'], ['C', 'D', 'B', 'A']]","{'C': 5, 'A': 4, 'D': 4, 'B': 2}","[1.0, 1.0]",4.34
97,"[1, 3]","[5, 5]","[0.79, 0.79]","[['C', 'D', 'A', 'B'], ['D', 'B', 'C', 'A']]","{'C': 5, 'A': 4, 'D': 4, 'B': 2}","[1.0, 1.0]",4.34
97,"[1, 3]","[5, 5]","[0.79, 0.79]","[['C', 'D', 'A', 'B'], ['D', 'C', 'B', 'A']]","{'C': 5, 'A': 4, 'D': 4, 'B': 2}","[1.0, 1.0]",4.34
97,"[1, 3]","[5, 5]","[0.79, 0.79]","[['C', 'D', 'B', 'A'], ['A', 'B', 'C', 'D']]","{'C': 5, 'A': 4, 'B': 3, 'D': 3}","[1.0, 1.0]",4.21
97,"[1, 3]","[5, 5]","[0.79, 0.79]","[['C', 'D', 'B', 'A'], ['A', 'C', 'B', 'D']]","{'C': 5, 'A': 4, 'B': 3, 'D': 3}","[1.0, 1.0]",4.21
97,"[1, 3]","[5, 5]","[0.79, 0.79]","[['C', 'D', 'B', 'A'], ['A', 'C', 'D', 'B']]","{'C': 5, 'A': 4, 'D': 4, 'B': 2}","[1.0, 1.0]",4.34
97,"[1, 3]","[5, 5]","[0.79, 0.79]","[['C', 'D', 'B', 'A'], ['A', 'D', 'C', 'B']]","{'C': 5, 'A': 4, 'D': 4, 'B': 2}","[1.0, 1.0]",4.34
97,"[1, 3]","[5, 5]","[0.79, 0.79]","[['C', 'D', 'B', 'A'], ['B', 'A', 'C', 'D']]","{'C': 5, 'A': 4, 'B': 3, 'D': 3}","[1.0, 1.0]",4.21
97,"[1, 3]","[5, 5]","[0.79, 0.79]","[['C', 'D', 'B', 'A'], ['B', 'C', 'A', 'D']]","{'C': 5, 'A': 4, 'B': 3, 'D': 3}","[1.0, 1.0]",4.21
97,"[1, 3]","[5, 5]","[0.79, 0.79]","[['C', 'D', 'B', 'A'], ['B', 'C', 'D', 'A']]","{'C': 5, 'D': 4, 'A': 3, 'B': 3}","[1.0, 1.0]",4.0
97,"[1, 3]","[5, 5]","[0.79, 0.79]","[['C', 'D', 'B', 'A'], ['B', 'D', 'C', 'A']]","{'C': 5, 'D': 4, 'A': 3, 'B': 3}","[1.0, 1.0]",4.0
97,"[1, 3]","[5, 5]","[0.79, 0.79]","[['C', 'D', 'B', 'A'], ['C', 'A', 'B', 'D']]","{'C': 5, 'A': 4, 'B': 3, 'D': 3}","[1.0, 1.0]",4.21
97,"[1, 3]","[5, 5]","[0.79, 0.79]","[['C', 'D', 'B', 'A'], ['C', 'A', 'D', 'B']]","{'C': 5, 'A': 4, 'D': 4, 'B': 2}","[1.0, 1.0]",4.34
97,"[1, 3]","[5, 5]","[0.79, 0.79]","[['C', 'D', 'B', 'A'], ['C', 'B', 'A', 'D']]","{'C': 5, 'A': 4, 'B': 3, 'D': 3}","[1.0, 1.0]",4.21
97,"[1, 3]","[5, 5]","[0.79, 0.79]","[['C', 'D', 'B', 'A'], ['C', 'B', 'D', 'A']]","{'C': 5, 'D': 4, 'A': 3, 'B': 3}","[1.0, 1.0]",4.0
97,"[1, 3]","[5, 5]","[0.79, 0.79]","[['C', 'D', 'B', 'A'], ['C', 'D', 'A', 'B']]","{'C': 5, 'A': 4, 'D': 4, 'B': 2}","[1.0, 1.0]",4.34
97,"[1, 3]","[5, 5]","[0.79, 0.79]","[['C', 'D', 'B', 'A'], ['C', 'D', 'B', 'A']]","{'C': 5, 'D': 4, 'A': 3, 'B': 3}","[1.0, 1.0]",4.0
97,"[1, 3]","[5, 5]","[0.79, 0.79]","[['C', 'D', 'B', 'A'], ['D', 'A', 'C', 'B']]","{'C': 5, 'A': 4, 'D': 4, 'B': 2}","[1.0, 1.0]",4.34
97,"[1, 3]","[5, 5]","[0.79, 0.79]","[['C', 'D', 'B', 'A'], ['D', 'B', 'C', 'A']]","{'C': 5, 'D': 4, 'A': 3, 'B': 3}","[1.0, 1.0]",4.0
97,"[1, 3]","[5, 5]","[0.79, 0.79]","[['C', 'D', 'B', 'A'], ['D', 'C', 'A', 'B']]","{'C': 5, 'A': 4, 'D': 4, 'B': 2}","[1.0, 1.0]",4.34
97,"[1, 3]","[5, 5]","[0.79, 0.79]","[['C', 'D', 'B', 'A'], ['D', 'C', 'B', 'A']]","{'C': 5, 'D': 4, 'A': 3, 'B': 3}","[1.0, 1.0]",4.0
97,"[1, 3]","[5, 5]","[0.79, 0.79]","[['D', 'A', 'C', 'B'], ['B', 'C', 'D', 'A']]","{'C': 5, 'A': 4, 'D': 4, 'B': 2}","[1.0, 1.0]",4.34
97,"[1, 3]","[5, 5]","[0.79, 0.79]","[['D', 'A', 'C', 'B'], ['B', 'D', 'C', 'A']]","{'C': 5, 'A': 4, 'D': 4, 'B': 2}","[1.0, 1.0]",4.34
97,"[1, 3]","[5, 5]","[0.79, 0.79]","[['D', 'A', 'C', 'B'], ['C', 'B', 'D', 'A']]","{'C': 5, 'A': 4, 'D': 4, 'B': 2}","[1.0, 1.0]",4.34
97,"[1, 3]","[5, 5]","[0.79, 0.79]","[['D', 'A', 'C', 'B'], ['C', 'D', 'B', 'A']]","{'C': 5, 'A': 4, 'D': 4, 'B': 2}","[1.0, 1.0]",4.34
97,"[1, 3]","[5, 5]","[0.79, 0.79]","[['D', 'A', 'C', 'B'], ['D', 'B', 'C', 'A']]","{'C': 5, 'A': 4, 'D': 4, 'B': 2}","[1.0, 1.0]",4.34
97,"[1, 3]","[5, 5]","[0.79, 0.79]","[['D', 'A', 'C', 'B'], ['D', 'C', 'B', 'A']]","{'C': 5, 'A': 4, 'D': 4, 'B': 2}","[1.0, 1.0]",4.34
97,"[1, 3]","[5, 5]","[0.79, 0.79]","[['D', 'B', 'C', 'A'], ['A', 'B', 'C', 'D']]","{'C': 5, 'A': 4, 'B': 3, 'D': 3}","[1.0, 1.0]",4.21
97,"[1, 3]","[5, 5]","[0.79, 0.79]","[['D', 'B', 'C', 'A'], ['A', 'C', 'B', 'D']]","{'C': 5, 'A': 4, 'B': 3, 'D': 3}","[1.0, 1.0]",4.21
97,"[1, 3]","[5, 5]","[0.79, 0.79]","[['D', 'B', 'C', 'A'], ['A', 'C', 'D', 'B']]","{'C': 5, 'A': 4, 'D': 4, 'B': 2}","[1.0, 1.0]",4.34
97,"[1, 3]","[5, 5]","[0.79, 0.79]","[['D', 'B', 'C', 'A'], ['A', 'D', 'C', 'B']]","{'C': 5, 'A': 4, 'D': 4, 'B': 2}","[1.0, 1.0]",4.34
97,"[1, 3]","[5, 5]","[0.79, 0.79]","[['D', 'B', 'C', 'A'], ['B', 'A', 'C', 'D']]","{'C': 5, 'A': 4, 'B': 3, 'D': 3}","[1.0, 1.0]",4.21
97,"[1, 3]","[5, 5]","[0.79, 0.79]","[['D', 'B', 'C', 'A'], ['B', 'C', 'A', 'D']]","{'C': 5, 'A': 4, 'B': 3, 'D': 3}","[1.0, 1.0]",4.21
97,"[1, 3]","[5, 5]","[0.79, 0.79]","[['D', 'B', 'C', 'A'], ['B', 'C', 'D', 'A']]","{'C': 5, 'D': 4, 'A': 3, 'B': 3}","[1.0, 1.0]",4.0
97,"[1, 3]","[5, 5]","[0.79, 0.79]","[['D', 'B', 'C', 'A'], ['B', 'D', 'C', 'A']]","{'C': 5, 'D': 4, 'A': 3, 'B': 3}","[1.0, 1.0]",4.0
97,"[1, 3]","[5, 5]","[0.79, 0.79]","[['D', 'B', 'C', 'A'], ['C', 'A', 'B', 'D']]","{'C': 5, 'A': 4, 'B': 3, 'D': 3}","[1.0, 1.0]",4.21
97,"[1, 3]","[5, 5]","[0.79, 0.79]","[['D', 'B', 'C', 'A'], ['C', 'A', 'D', 'B']]","{'C': 5, 'A': 4, 'D': 4, 'B': 2}","[1.0, 1.0]",4.34
97,"[1, 3]","[5, 5]","[0.79, 0.79]","[['D', 'B', 'C', 'A'], ['C', 'B', 'A', 'D']]","{'C': 5, 'A': 4, 'B': 3, 'D': 3}","[1.0, 1.0]",4.21
97,"[1, 3]","[5, 5]","[0.79, 0.79]","[['D', 'B', 'C', 'A'], ['C', 'B', 'D', 'A']]","{'C': 5, 'D': 4, 'A': 3, 'B': 3}","[1.0, 1.0]",4.0
97,"[1, 3]","[5, 5]","[0.79, 0.79]","[['D', 'B', 'C', 'A'], ['C', 'D', 'A', 'B']]","{'C': 5, 'A': 4, 'D': 4, 'B': 2}","[1.0, 1.0]",4.34
97,"[1, 3]","[5, 5]","[0.79, 0.79]","[['D', 'B', 'C', 'A'], ['C', 'D', 'B', 'A']]","{'C': 5, 'D': 4, 'A': 3, 'B': 3}","[1.0, 1.0]",4.0
97,"[1, 3]","[5, 5]","[0.79, 0.79]","[['D', 'B', 'C', 'A'], ['D', 'A', 'C', 'B']]","{'C': 5, 'A': 4, 'D': 4, 'B': 2}","[1.0, 1.0]",4.34
97,"[1, 3]","[5, 5]","[0.79, 0.79]","[['D', 'B', 'C', 'A'], ['D', 'B', 'C', 'A']]","{'C': 5, 'D': 4, 'A': 3, 'B': 3}","[1.0, 1.0]",4.0
97,"[1, 3]","[5, 5]","[0.79, 0.79]","[['D', 'B', 'C', 'A'], ['D', 'C', 'A', 'B']]","{'C': 5, 'A': 4, 'D': 4, 'B': 2}","[1.0, 1.0]",4.34
97,"[1, 3]","[5, 5]","[0.79, 0.79]","[['D', 'B', 'C', 'A'], ['D', 'C', 'B', 'A']]","{'C': 5, 'D': 4, 'A': 3, 'B': 3}","[1.0, 1.0]",4.0
97,"[1, 3]","[5, 5]","[0.79, 0.79]","[['D', 'C', 'A', 'B'], ['B', 'C', 'D', 'A']]","{'C': 5, 'A': 4, 'D': 4, 'B': 2}","[1.0, 1.0]",4.34
97,"[1, 3]","[5, 5]","[0.79, 0.79]","[['D', 'C', 'A', 'B'], ['B', 'D', 'C', 'A']]","{'C': 5, 'A': 4, 'D': 4, 'B': 2}","[1.0, 1.0]",4.34
97,"[1, 3]","[5, 5]","[0.79, 0.79]","[['D', 'C', 'A', 'B'], ['C', 'B', 'D', 'A']]","{'C': 5, 'A': 4, 'D': 4, 'B': 2}","[1.0, 1.0]",4.34
97,"[1, 3]","[5, 5]","[0.79, 0.79]","[['D', 'C', 'A', 'B'], ['C', 'D', 'B', 'A']]","{'C': 5, 'A': 4, 'D': 4, 'B': 2}","[1.0, 1.0]",4.34
97,"[1, 3]","[5, 5]","[0.79, 0.79]","[['D', 'C', 'A', 'B'], ['D', 'B', 'C', 'A']]","{'C': 5, 'A': 4, 'D': 4, 'B': 2}","[1.0, 1.0]",4.34
97,"[1, 3]","[5, 5]","[0.79, 0.79]","[['D', 'C', 'A', 'B'], ['D', 'C', 'B', 'A']]","{'C': 5, 'A': 4, 'D': 4, 'B': 2}","[1.0, 1.0]",4.34
97,"[1, 3]","[5, 5]","[0.79, 0.79]","[['D', 'C', 'B', 'A'], ['A', 'B', 'C', 'D']]","{'C': 5, 'A': 4, 'B': 3, 'D': 3}","[1.0, 1.0]",4.21
97,"[1, 3]","[5, 5]","[0.79, 0.79]","[['D', 'C', 'B', 'A'], ['A', 'C', 'B', 'D']]","{'C': 5, 'A': 4, 'B': 3, 'D': 3}","[1.0, 1.0]",4.21
97,"[1, 3]","[5, 5]","[0.79, 0.79]","[['D', 'C', 'B', 'A'], ['A', 'C', 'D', 'B']]","{'C': 5, 'A': 4, 'D': 4, 'B': 2}","[1.0, 1.0]",4.34
97,"[1, 3]","[5, 5]","[0.79, 0.79]","[['D', 'C', 'B', 'A'], ['A', 'D', 'C', 'B']]","{'C': 5, 'A': 4, 'D': 4, 'B': 2}","[1.0, 1.0]",4.34
97,"[1, 3]","[5, 5]","[0.79, 0.79]","[['D', 'C', 'B', 'A'], ['B', 'A', 'C', 'D']]","{'C': 5, 'A': 4, 'B': 3, 'D': 3}","[1.0, 1.0]",4.21
97,"[1, 3]","[5, 5]","[0.79, 0.79]","[['D', 'C', 'B', 'A'], ['B', 'C', 'A', 'D']]","{'C': 5, 'A': 4, 'B': 3, 'D': 3}","[1.0, 1.0]",4.21
97,"[1, 3]","[5, 5]","[0.79, 0.79]","[['D', 'C', 'B', 'A'], ['B', 'C', 'D', 'A']]","{'C': 5, 'D': 4, 'A': 3, 'B': 3}","[1.0, 1.0]",4.0
97,"[1, 3]","[5, 5]","[0.79, 0.79]","[['D', 'C', 'B', 'A'], ['B', 'D', 'C', 'A']]","{'C': 5, 'D': 4, 'A': 3, 'B': 3}","[1.0, 1.0]",4.0
97,"[1, 3]","[5, 5]","[0.79, 0.79]","[['D', 'C', 'B', 'A'], ['C', 'A', 'B', 'D']]","{'C': 5, 'A': 4, 'B': 3, 'D': 3}","[1.0, 1.0]",4.21
97,"[1, 3]","[5, 5]","[0.79, 0.79]","[['D', 'C', 'B', 'A'], ['C', 'A', 'D', 'B']]","{'C': 5, 'A': 4, 'D': 4, 'B': 2}","[1.0, 1.0]",4.34
97,"[1, 3]","[5, 5]","[0.79, 0.79]","[['D', 'C', 'B', 'A'], ['C', 'B', 'A', 'D']]","{'C': 5, 'A': 4, 'B': 3, 'D': 3}","[1.0, 1.0]",4.21
97,"[1, 3]","[5, 5]","[0.79, 0.79]","[['D', 'C', 'B', 'A'], ['C', 'B', 'D', 'A']]","{'C': 5, 'D': 4, 'A': 3, 'B': 3}","[1.0, 1.0]",4.0
97,"[1, 3]","[5, 5]","[0.79, 0.79]","[['D', 'C', 'B', 'A'], ['C', 'D', 'A', 'B']]","{'C': 5, 'A': 4, 'D': 4, 'B': 2}","[1.0, 1.0]",4.34
97,"[1, 3]","[5, 5]","[0.79, 0.79]","[['D', 'C', 'B', 'A'], ['C', 'D', 'B', 'A']]","{'C': 5, 'D': 4, 'A': 3, 'B': 3}","[1.0, 1.0]",4.0
97,"[1, 3]","[5, 5]","[0.79, 0.79]","[['D', 'C', 'B', 'A'], ['D', 'A', 'C', 'B']]","{'C': 5, 'A': 4, 'D': 4, 'B': 2}","[1.0, 1.0]",4.34
97,"[1, 3]","[5, 5]","[0.79, 0.79]","[['D', 'C', 'B', 'A'], ['D', 'B', 'C', 'A']]","{'C': 5, 'D': 4, 'A': 3, 'B': 3}","[1.0, 1.0]",4.0
97,"[1, 3]","[5, 5]","[0.79, 0.79]","[['D', 'C', 'B', 'A'], ['D', 'C', 'A', 'B']]","{'C': 5, 'A': 4, 'D': 4, 'B': 2}","[1.0, 1.0]",4.34
97,"[1, 3]","[5, 5]","[0.79, 0.79]","[['D', 'C', 'B', 'A'], ['D', 'C', 'B', 'A']]","{'C': 5, 'D': 4, 'A': 3, 'B': 3}","[1.0, 1.0]",4.0
98,"[2, 5]","[4, 3]","[0.88, 0.46]","[['B', 'C', 'D', 'A'], ['B', 'C', 'D', 'A']]","{'C': 5, 'D': 4, 'A': 3, 'B': 3}","[1.0, 0.58]",4.08
98,"[2, 5]","[4, 3]","[0.88, 0.46]","[['B', 'C', 'D', 'A'], ['B', 'D', 'C', 'A']]","{'C': 5, 'D': 4, 'A': 3, 'B': 3}","[1.0, 0.58]",4.08
98,"[2, 5]","[4, 3]","[0.88, 0.46]","[['B', 'C', 'D', 'A'], ['C', 'B', 'D', 'A']]","{'C': 5, 'D': 4, 'A': 3, 'B': 3}","[1.0, 0.58]",4.08
98,"[2, 5]","[4, 3]","[0.88, 0.46]","[['B', 'C', 'D', 'A'], ['C', 'D', 'B', 'A']]","{'C': 5, 'D': 4, 'A': 3, 'B': 3}","[1.0, 0.58]",4.08
98,"[2, 5]","[4, 3]","[0.88, 0.46]","[['B', 'C', 'D', 'A'], ['D', 'B', 'C', 'A']]","{'C': 5, 'D': 4, 'A': 3, 'B': 3}","[1.0, 0.58]",4.08
98,"[2, 5]","[4, 3]","[0.88, 0.46]","[['B', 'C', 'D', 'A'], ['D', 'C', 'B', 'A']]","{'C': 5, 'D': 4, 'A': 3, 'B': 3}","[1.0, 0.58]",4.08
98,"[2, 5]","[4, 3]","[0.88, 0.46]","[['B', 'D', 'C', 'A'], ['B', 'C', 'D', 'A']]","{'C': 5, 'D': 4, 'A': 3, 'B': 3}","[1.0, 0.58]",4.08
98,"[2, 5]","[4, 3]","[0.88, 0.46]","[['B', 'D', 'C', 'A'], ['B', 'D', 'C', 'A']]","{'C': 5, 'D': 4, 'A': 3, 'B': 3}","[1.0, 0.58]",4.08
98,"[2, 5]","[4, 3]","[0.88, 0.46]","[['B', 'D', 'C', 'A'], ['C', 'B', 'D', 'A']]","{'C': 5, 'D': 4, 'A': 3, 'B': 3}","[1.0, 0.58]",4.08
98,"[2, 5]","[4, 3]","[0.88, 0.46]","[['B', 'D', 'C', 'A'], ['C', 'D', 'B', 'A']]","{'C': 5, 'D': 4, 'A': 3, 'B': 3}","[1.0, 0.58]",4.08
98,"[2, 5]","[4, 3]","[0.88, 0.46]","[['B', 'D', 'C', 'A'], ['D', 'B', 'C', 'A']]","{'C': 5, 'D': 4, 'A': 3, 'B': 3}","[1.0, 0.58]",4.08
98,"[2, 5]","[4, 3]","[0.88, 0.46]","[['B', 'D', 'C', 'A'], ['D', 'C', 'B', 'A']]","{'C': 5, 'D': 4, 'A': 3, 'B': 3}","[1.0, 0.58]",4.08
98,"[2, 5]","[4, 3]","[0.88, 0.46]","[['C', 'B', 'D', 'A'], ['B', 'C', 'D', 'A']]","{'C': 5, 'D': 4, 'A': 3, 'B': 3}","[1.0, 0.58]",4.08
98,"[2, 5]","[4, 3]","[0.88, 0.46]","[['C', 'B', 'D', 'A'], ['B', 'D', 'C', 'A']]","{'C': 5, 'D': 4, 'A': 3, 'B': 3}","[1.0, 0.58]",4.08
98,"[2, 5]","[4, 3]","[0.88, 0.46]","[['C', 'B', 'D', 'A'], ['C', 'B', 'D', 'A']]","{'C': 5, 'D': 4, 'A': 3, 'B': 3}","[1.0, 0.58]",4.08
98,"[2, 5]","[4, 3]","[0.88, 0.46]","[['C', 'B', 'D', 'A'], ['C', 'D', 'B', 'A']]","{'C': 5, 'D': 4, 'A': 3, 'B': 3}","[1.0, 0.58]",4.08
98,"[2, 5]","[4, 3]","[0.88, 0.46]","[['C', 'B', 'D', 'A'], ['D', 'B', 'C', 'A']]","{'C': 5, 'D': 4, 'A': 3, 'B': 3}","[1.0, 0.58]",4.08
98,"[2, 5]","[4, 3]","[0.88, 0.46]","[['C', 'B', 'D', 'A'], ['D', 'C', 'B', 'A']]","{'C': 5, 'D': 4, 'A': 3, 'B': 3}","[1.0, 0.58]",4.08
98,"[2, 5]","[4, 3]","[0.88, 0.46]","[['C', 'D', 'B', 'A'], ['B', 'C', 'D', 'A']]","{'C': 5, 'D': 4, 'A': 3, 'B': 3}","[1.0, 0.58]",4.08
98,"[2, 5]","[4, 3]","[0.88, 0.46]","[['C', 'D', 'B', 'A'], ['B', 'D', 'C', 'A']]","{'C': 5, 'D': 4, 'A': 3, 'B': 3}","[1.0, 0.58]",4.08
98,"[2, 5]","[4, 3]","[0.88, 0.46]","[['C', 'D', 'B', 'A'], ['C', 'B', 'D', 'A']]","{'C': 5, 'D': 4, 'A': 3, 'B': 3}","[1.0, 0.58]",4.08
98,"[2, 5]","[4, 3]","[0.88, 0.46]","[['C', 'D', 'B', 'A'], ['C', 'D', 'B', 'A']]","{'C': 5, 'D': 4, 'A': 3, 'B': 3}","[1.0, 0.58]",4.08
98,"[2, 5]","[4, 3]","[0.88, 0.46]","[['C', 'D', 'B', 'A'], ['D', 'B', 'C', 'A']]","{'C': 5, 'D': 4, 'A': 3, 'B': 3}","[1.0, 0.58]",4.08
98,"[2, 5]","[4, 3]","[0.88, 0.46]","[['C', 'D', 'B', 'A'], ['D', 'C', 'B', 'A']]","{'C': 5, 'D': 4, 'A': 3, 'B': 3}","[1.0, 0.58]",4.08
98,"[2, 5]","[4, 3]","[0.88, 0.46]","[['D', 'B', 'C', 'A'], ['B', 'C', 'D', 'A']]","{'C': 5, 'D': 4, 'A': 3, 'B': 3}","[1.0, 0.58]",4.08
98,"[2, 5]","[4, 3]","[0.88, 0.46]","[['D', 'B', 'C', 'A'], ['B', 'D', 'C', 'A']]","{'C': 5, 'D': 4, 'A': 3, 'B': 3}","[1.0, 0.58]",4.08
98,"[2, 5]","[4, 3]","[0.88, 0.46]","[['D', 'B', 'C', 'A'], ['C', 'B', 'D', 'A']]","{'C': 5, 'D': 4, 'A': 3, 'B': 3}","[1.0, 0.58]",4.08
98,"[2, 5]","[4, 3]","[0.88, 0.46]","[['D', 'B', 'C', 'A'], ['C', 'D', 'B', 'A']]","{'C': 5, 'D': 4, 'A': 3, 'B': 3}","[1.0, 0.58]",4.08
98,"[2, 5]","[4, 3]","[0.88, 0.46]","[['D', 'B', 'C', 'A'], ['D', 'B', 'C', 'A']]","{'C': 5, 'D': 4, 'A': 3, 'B': 3}","[1.0, 0.58]",4.08
98,"[2, 5]","[4, 3]","[0.88, 0.46]","[['D', 'B', 'C', 'A'], ['D', 'C', 'B', 'A']]","{'C': 5, 'D': 4, 'A': 3, 'B': 3}","[1.0, 0.58]",4.08
98,"[2, 5]","[4, 3]","[0.88, 0.46]","[['D', 'C', 'B', 'A'], ['B', 'C', 'D', 'A']]","{'C': 5, 'D': 4, 'A': 3, 'B': 3}","[1.0, 0.58]",4.08
98,"[2, 5]","[4, 3]","[0.88, 0.46]","[['D', 'C', 'B', 'A'], ['B', 'D', 'C', 'A']]","{'C': 5, 'D': 4, 'A': 3, 'B': 3}","[1.0, 0.58]",4.08
98,"[2, 5]","[4, 3]","[0.88, 0.46]","[['D', 'C', 'B', 'A'], ['C', 'B', 'D', 'A']]","{'C': 5, 'D': 4, 'A': 3, 'B': 3}","[1.0, 0.58]",4.08
98,"[2, 5]","[4, 3]","[0.88, 0.46]","[['D', 'C', 'B', 'A'], ['C', 'D', 'B', 'A']]","{'C': 5, 'D': 4, 'A': 3, 'B': 3}","[1.0, 0.58]",4.08
98,"[2, 5]","[4, 3]","[0.88, 0.46]","[['D', 'C', 'B', 'A'], ['D', 'B', 'C', 'A']]","{'C': 5, 'D': 4, 'A': 3, 'B': 3}","[1.0, 0.58]",4.08
98,"[2, 5]","[4, 3]","[0.88, 0.46]","[['D', 'C', 'B', 'A'], ['D', 'C', 'B', 'A']]","{'C': 5, 'D': 4, 'A': 3, 'B': 3}","[1.0, 0.58]",4.08
98,"[4, 5]","[4, 3]","[0.88, 0.46]","[['B', 'C', 'D', 'A'], ['B', 'C', 'D', 'A']]","{'C': 5, 'D': 4, 'A': 3, 'B': 3}","[1.0, 0.58]",4.08
98,"[4, 5]","[4, 3]","[0.88, 0.46]","[['B', 'C', 'D', 'A'], ['B', 'D', 'C', 'A']]","{'C': 5, 'D': 4, 'A': 3, 'B': 3}","[1.0, 0.58]",4.08
98,"[4, 5]","[4, 3]","[0.88, 0.46]","[['B', 'C', 'D', 'A'], ['C', 'B', 'D', 'A']]","{'C': 5, 'D': 4, 'A': 3, 'B': 3}","[1.0, 0.58]",4.08
98,"[4, 5]","[4, 3]","[0.88, 0.46]","[['B', 'C', 'D', 'A'], ['C', 'D', 'B', 'A']]","{'C': 5, 'D': 4, 'A': 3, 'B': 3}","[1.0, 0.58]",4.08
98,"[4, 5]","[4, 3]","[0.88, 0.46]","[['B', 'C', 'D', 'A'], ['D', 'B', 'C', 'A']]","{'C': 5, 'D': 4, 'A': 3, 'B': 3}","[1.0, 0.58]",4.08
98,"[4, 5]","[4, 3]","[0.88, 0.46]","[['B', 'C', 'D', 'A'], ['D', 'C', 'B', 'A']]","{'C': 5, 'D': 4, 'A': 3, 'B': 3}","[1.0, 0.58]",4.08
98,"[4, 5]","[4, 3]","[0.88, 0.46]","[['B', 'D', 'C', 'A'], ['B', 'C', 'D', 'A']]","{'C': 5, 'D': 4, 'A': 3, 'B': 3}","[1.0, 0.58]",4.08
98,"[4, 5]","[4, 3]","[0.88, 0.46]","[['B', 'D', 'C', 'A'], ['B', 'D', 'C', 'A']]","{'C': 5, 'D': 4, 'A': 3, 'B': 3}","[1.0, 0.58]",4.08
98,"[4, 5]","[4, 3]","[0.88, 0.46]","[['B', 'D', 'C', 'A'], ['C', 'B', 'D', 'A']]","{'C': 5, 'D': 4, 'A': 3, 'B': 3}","[1.0, 0.58]",4.08
98,"[4, 5]","[4, 3]","[0.88, 0.46]","[['B', 'D', 'C', 'A'], ['C', 'D', 'B', 'A']]","{'C': 5, 'D': 4, 'A': 3, 'B': 3}","[1.0, 0.58]",4.08
98,"[4, 5]","[4, 3]","[0.88, 0.46]","[['B', 'D', 'C', 'A'], ['D', 'B', 'C', 'A']]","{'C': 5, 'D': 4, 'A': 3, 'B': 3}","[1.0, 0.58]",4.08
98,"[4, 5]","[4, 3]","[0.88, 0.46]","[['B', 'D', 'C', 'A'], ['D', 'C', 'B', 'A']]","{'C': 5, 'D': 4, 'A': 3, 'B': 3}","[1.0, 0.58]",4.08
98,"[4, 5]","[4, 3]","[0.88, 0.46]","[['C', 'B', 'D', 'A'], ['B', 'C', 'D', 'A']]","{'C': 5, 'D': 4, 'A': 3, 'B': 3}","[1.0, 0.58]",4.08
98,"[4, 5]","[4, 3]","[0.88, 0.46]","[['C', 'B', 'D', 'A'], ['B', 'D', 'C', 'A']]","{'C': 5, 'D': 4, 'A': 3, 'B': 3}","[1.0, 0.58]",4.08
98,"[4, 5]","[4, 3]","[0.88, 0.46]","[['C', 'B', 'D', 'A'], ['C', 'B', 'D', 'A']]","{'C': 5, 'D': 4, 'A': 3, 'B': 3}","[1.0, 0.58]",4.08
98,"[4, 5]","[4, 3]","[0.88, 0.46]","[['C', 'B', 'D', 'A'], ['C', 'D', 'B', 'A']]","{'C': 5, 'D': 4, 'A': 3, 'B': 3}","[1.0, 0.58]",4.08
98,"[4, 5]","[4, 3]","[0.88, 0.46]","[['C', 'B', 'D', 'A'], ['D', 'B', 'C', 'A']]","{'C': 5, 'D': 4, 'A': 3, 'B': 3}","[1.0, 0.58]",4.08
98,"[4, 5]","[4, 3]","[0.88, 0.46]","[['C', 'B', 'D', 'A'], ['D', 'C', 'B', 'A']]","{'C': 5, 'D': 4, 'A': 3, 'B': 3}","[1.0, 0.58]",4.08
98,"[4, 5]","[4, 3]","[0.88, 0.46]","[['C', 'D', 'B', 'A'], ['B', 'C', 'D', 'A']]","{'C': 5, 'D': 4, 'A': 3, 'B': 3}","[1.0, 0.58]",4.08
98,"[4, 5]","[4, 3]","[0.88, 0.46]","[['C', 'D', 'B', 'A'], ['B', 'D', 'C', 'A']]","{'C': 5, 'D': 4, 'A': 3, 'B': 3}","[1.0, 0.58]",4.08
98,"[4, 5]","[4, 3]","[0.88, 0.46]","[['C', 'D', 'B', 'A'], ['C', 'B', 'D', 'A']]","{'C': 5, 'D': 4, 'A': 3, 'B': 3}","[1.0, 0.58]",4.08
98,"[4, 5]","[4, 3]","[0.88, 0.46]","[['C', 'D', 'B', 'A'], ['C', 'D', 'B', 'A']]","{'C': 5, 'D': 4, 'A': 3, 'B': 3}","[1.0, 0.58]",4.08
98,"[4, 5]","[4, 3]","[0.88, 0.46]","[['C', 'D', 'B', 'A'], ['D', 'B', 'C', 'A']]","{'C': 5, 'D': 4, 'A': 3, 'B': 3}","[1.0, 0.58]",4.08
98,"[4, 5]","[4, 3]","[0.88, 0.46]","[['C', 'D', 'B', 'A'], ['D', 'C', 'B', 'A']]","{'C': 5, 'D': 4, 'A': 3, 'B': 3}","[1.0, 0.58]",4.08
98,"[4, 5]","[4, 3]","[0.88, 0.46]","[['D', 'B', 'C', 'A'], ['B', 'C', 'D', 'A']]","{'C': 5, 'D': 4, 'A': 3, 'B': 3}","[1.0, 0.58]",4.08
98,"[4, 5]","[4, 3]","[0.88, 0.46]","[['D', 'B', 'C', 'A'], ['B', 'D', 'C', 'A']]","{'C': 5, 'D': 4, 'A': 3, 'B': 3}","[1.0, 0.58]",4.08
98,"[4, 5]","[4, 3]","[0.88, 0.46]","[['D', 'B', 'C', 'A'], ['C', 'B', 'D', 'A']]","{'C': 5, 'D': 4, 'A': 3, 'B': 3}","[1.0, 0.58]",4.08
98,"[4, 5]","[4, 3]","[0.88, 0.46]","[['D', 'B', 'C', 'A'], ['C', 'D', 'B', 'A']]","{'C': 5, 'D': 4, 'A': 3, 'B': 3}","[1.0, 0.58]",4.08
98,"[4, 5]","[4, 3]","[0.88, 0.46]","[['D', 'B', 'C', 'A'], ['D', 'B', 'C', 'A']]","{'C': 5, 'D': 4, 'A': 3, 'B': 3}","[1.0, 0.58]",4.08
98,"[4, 5]","[4, 3]","[0.88, 0.46]","[['D', 'B', 'C', 'A'], ['D', 'C', 'B', 'A']]","{'C': 5, 'D': 4, 'A': 3, 'B': 3}","[1.0, 0.58]",4.08
98,"[4, 5]","[4, 3]","[0.88, 0.46]","[['D', 'C', 'B', 'A'], ['B', 'C', 'D', 'A']]","{'C': 5, 'D': 4, 'A': 3, 'B': 3}","[1.0, 0.58]",4.08
98,"[4, 5]","[4, 3]","[0.88, 0.46]","[['D', 'C', 'B', 'A'], ['B', 'D', 'C', 'A']]","{'C': 5, 'D': 4, 'A': 3, 'B': 3}","[1.0, 0.58]",4.08
98,"[4, 5]","[4, 3]","[0.88, 0.46]","[['D', 'C', 'B', 'A'], ['C', 'B', 'D', 'A']]","{'C': 5, 'D': 4, 'A': 3, 'B': 3}","[1.0, 0.58]",4.08
98,"[4, 5]","[4, 3]","[0.88, 0.46]","[['D', 'C', 'B', 'A'], ['C', 'D', 'B', 'A']]","{'C': 5, 'D': 4, 'A': 3, 'B': 3}","[1.0, 0.58]",4.08
98,"[4, 5]","[4, 3]","[0.88, 0.46]","[['D', 'C', 'B', 'A'], ['D', 'B', 'C', 'A']]","{'C': 5, 'D': 4, 'A': 3, 'B': 3}","[1.0, 0.58]",4.08
98,"[4, 5]","[4, 3]","[0.88, 0.46]","[['D', 'C', 'B', 'A'], ['D', 'C', 'B', 'A']]","{'C': 5, 'D': 4, 'A': 3, 'B': 3}","[1.0, 0.58]",4.08
98,"[2, 4, 5]","[4, 4, 3]","[0.88, 0.88, 0.46]","[['A', 'B', 'C', 'D'], ['B', 'C', 'D', 'A'], ['B', 'C', 'D', 'A']]","{'C': 5, 'D': 4, 'A': 3, 'B': 3}","[1.0, 1.0, 0.58]",4.08
98,"[2, 4, 5]","[4, 4, 3]","[0.88, 0.88, 0.46]","[['A', 'B', 'C', 'D'], ['B', 'C', 'D', 'A'], ['B', 'D', 'C', 'A']]","{'C': 5, 'D': 4, 'A': 3, 'B': 3}","[1.0, 1.0, 0.58]",4.08
98,"[2, 4, 5]","[4, 4, 3]","[0.88, 0.88, 0.46]","[['A', 'B', 'C', 'D'], ['B', 'C', 'D', 'A'], ['C', 'B', 'D', 'A']]","{'C': 5, 'D': 4, 'A': 3, 'B': 3}","[1.0, 1.0, 0.58]",4.08
98,"[2, 4, 5]","[4, 4, 3]","[0.88, 0.88, 0.46]","[['A', 'B', 'C', 'D'], ['B', 'C', 'D', 'A'], ['C', 'D', 'B', 'A']]","{'C': 5, 'D': 4, 'A': 3, 'B': 3}","[1.0, 1.0, 0.58]",4.08
98,"[2, 4, 5]","[4, 4, 3]","[0.88, 0.88, 0.46]","[['A', 'B', 'C', 'D'], ['B', 'C', 'D', 'A'], ['D', 'B', 'C', 'A']]","{'C': 5, 'D': 4, 'A': 3, 'B': 3}","[1.0, 1.0, 0.58]",4.08
98,"[2, 4, 5]","[4, 4, 3]","[0.88, 0.88, 0.46]","[['A', 'B', 'C', 'D'], ['B', 'C', 'D', 'A'], ['D', 'C', 'B', 'A']]","{'C': 5, 'D': 4, 'A': 3, 'B': 3}","[1.0, 1.0, 0.58]",4.08
98,"[2, 4, 5]","[4, 4, 3]","[0.88, 0.88, 0.46]","[['A', 'B', 'C', 'D'], ['B', 'D', 'C', 'A'], ['B', 'C', 'D', 'A']]","{'C': 5, 'D': 4, 'A': 3, 'B': 3}","[1.0, 1.0, 0.58]",4.08
98,"[2, 4, 5]","[4, 4, 3]","[0.88, 0.88, 0.46]","[['A', 'B', 'C', 'D'], ['B', 'D', 'C', 'A'], ['B', 'D', 'C', 'A']]","{'C': 5, 'D': 4, 'A': 3, 'B': 3}","[1.0, 1.0, 0.58]",4.08
98,"[2, 4, 5]","[4, 4, 3]","[0.88, 0.88, 0.46]","[['A', 'B', 'C', 'D'], ['B', 'D', 'C', 'A'], ['C', 'B', 'D', 'A']]","{'C': 5, 'D': 4, 'A': 3, 'B': 3}","[1.0, 1.0, 0.58]",4.08
98,"[2, 4, 5]","[4, 4, 3]","[0.88, 0.88, 0.46]","[['A', 'B', 'C', 'D'], ['B', 'D', 'C', 'A'], ['C', 'D', 'B', 'A']]","{'C': 5, 'D': 4, 'A': 3, 'B': 3}","[1.0, 1.0, 0.58]",4.08
98,"[2, 4, 5]","[4, 4, 3]","[0.88, 0.88, 0.46]","[['A', 'B', 'C', 'D'], ['B', 'D', 'C', 'A'], ['D', 'B', 'C', 'A']]","{'C': 5, 'D': 4, 'A': 3, 'B': 3}","[1.0, 1.0, 0.58]",4.08
98,"[2, 4, 5]","[4, 4, 3]","[0.88, 0.88, 0.46]","[['A', 'B', 'C', 'D'], ['B', 'D', 'C', 'A'], ['D', 'C', 'B', 'A']]","{'C': 5, 'D': 4, 'A': 3, 'B': 3}","[1.0, 1.0, 0.58]",4.08
98,"[2, 4, 5]","[4, 4, 3]","[0.88, 0.88, 0.46]","[['A', 'B', 'C', 'D'], ['C', 'B', 'D', 'A'], ['B', 'C', 'D', 'A']]","{'C': 5, 'D': 4, 'A': 3, 'B': 3}","[1.0, 1.0, 0.58]",4.08
98,"[2, 4, 5]","[4, 4, 3]","[0.88, 0.88, 0.46]","[['A', 'B', 'C', 'D'], ['C', 'B', 'D', 'A'], ['B', 'D', 'C', 'A']]","{'C': 5, 'D': 4, 'A': 3, 'B': 3}","[1.0, 1.0, 0.58]",4.08
98,"[2, 4, 5]","[4, 4, 3]","[0.88, 0.88, 0.46]","[['A', 'B', 'C', 'D'], ['C', 'B', 'D', 'A'], ['C', 'B', 'D', 'A']]","{'C': 5, 'D': 4, 'A': 3, 'B': 3}","[1.0, 1.0, 0.58]",4.08
98,"[2, 4, 5]","[4, 4, 3]","[0.88, 0.88, 0.46]","[['A', 'B', 'C', 'D'], ['C', 'B', 'D', 'A'], ['C', 'D', 'B', 'A']]","{'C': 5, 'D': 4, 'A': 3, 'B': 3}","[1.0, 1.0, 0.58]",4.08
98,"[2, 4, 5]","[4, 4, 3]","[0.88, 0.88, 0.46]","[['A', 'B', 'C', 'D'], ['C', 'B', 'D', 'A'], ['D', 'B', 'C', 'A']]","{'C': 5, 'D': 4, 'A': 3, 'B': 3}","[1.0, 1.0, 0.58]",4.08
98,"[2, 4, 5]","[4, 4, 3]","[0.88, 0.88, 0.46]","[['A', 'B', 'C', 'D'], ['C', 'B', 'D', 'A'], ['D', 'C', 'B', 'A']]","{'C': 5, 'D': 4, 'A': 3, 'B': 3}","[1.0, 1.0, 0.58]",4.08
98,"[2, 4, 5]","[4, 4, 3]","[0.88, 0.88, 0.46]","[['A', 'B', 'C', 'D'], ['C', 'D', 'B', 'A'], ['B', 'C', 'D', 'A']]","{'C': 5, 'D': 4, 'A': 3, 'B': 3}","[1.0, 1.0, 0.58]",4.08
98,"[2, 4, 5]","[4, 4, 3]","[0.88, 0.88, 0.46]","[['A', 'B', 'C', 'D'], ['C', 'D', 'B', 'A'], ['B', 'D', 'C', 'A']]","{'C': 5, 'D': 4, 'A': 3, 'B': 3}","[1.0, 1.0, 0.58]",4.08
98,"[2, 4, 5]","[4, 4, 3]","[0.88, 0.88, 0.46]","[['A', 'B', 'C', 'D'], ['C', 'D', 'B', 'A'], ['C', 'B', 'D', 'A']]","{'C': 5, 'D': 4, 'A': 3, 'B': 3}","[1.0, 1.0, 0.58]",4.08
98,"[2, 4, 5]","[4, 4, 3]","[0.88, 0.88, 0.46]","[['A', 'B', 'C', 'D'], ['C', 'D', 'B', 'A'], ['C', 'D', 'B', 'A']]","{'C': 5, 'D': 4, 'A': 3, 'B': 3}","[1.0, 1.0, 0.58]",4.08
98,"[2, 4, 5]","[4, 4, 3]","[0.88, 0.88, 0.46]","[['A', 'B', 'C', 'D'], ['C', 'D', 'B', 'A'], ['D', 'B', 'C', 'A']]","{'C': 5, 'D': 4, 'A': 3, 'B': 3}","[1.0, 1.0, 0.58]",4.08
98,"[2, 4, 5]","[4, 4, 3]","[0.88, 0.88, 0.46]","[['A', 'B', 'C', 'D'], ['C', 'D', 'B', 'A'], ['D', 'C', 'B', 'A']]","{'C': 5, 'D': 4, 'A': 3, 'B': 3}","[1.0, 1.0, 0.58]",4.08
98,"[2, 4, 5]","[4, 4, 3]","[0.88, 0.88, 0.46]","[['A', 'B', 'C', 'D'], ['D', 'B', 'C', 'A'], ['B', 'C', 'D', 'A']]","{'C': 5, 'D': 4, 'A': 3, 'B': 3}","[1.0, 1.0, 0.58]",4.08
98,"[2, 4, 5]","[4, 4, 3]","[0.88, 0.88, 0.46]","[['A', 'B', 'C', 'D'], ['D', 'B', 'C', 'A'], ['B', 'D', 'C', 'A']]","{'C': 5, 'D': 4, 'A': 3, 'B': 3}","[1.0, 1.0, 0.58]",4.08
98,"[2, 4, 5]","[4, 4, 3]","[0.88, 0.88, 0.46]","[['A', 'B', 'C', 'D'], ['D', 'B', 'C', 'A'], ['C', 'B', 'D', 'A']]","{'C': 5, 'D': 4, 'A': 3, 'B': 3}","[1.0, 1.0, 0.58]",4.08
98,"[2, 4, 5]","[4, 4, 3]","[0.88, 0.88, 0.46]","[['A', 'B', 'C', 'D'], ['D', 'B', 'C', 'A'], ['C', 'D', 'B', 'A']]","{'C': 5, 'D': 4, 'A': 3, 'B': 3}","[1.0, 1.0, 0.58]",4.08
98,"[2, 4, 5]","[4, 4, 3]","[0.88, 0.88, 0.46]","[['A', 'B', 'C', 'D'], ['D', 'B', 'C', 'A'], ['D', 'B', 'C', 'A']]","{'C': 5, 'D': 4, 'A': 3, 'B': 3}","[1.0, 1.0, 0.58]",4.08
98,"[2, 4, 5]","[4, 4, 3]","[0.88, 0.88, 0.46]","[['A', 'B', 'C', 'D'], ['D', 'B', 'C', 'A'], ['D', 'C', 'B', 'A']]","{'C': 5, 'D': 4, 'A': 3, 'B': 3}","[1.0, 1.0, 0.58]",4.08
98,"[2, 4, 5]","[4, 4, 3]","[0.88, 0.88, 0.46]","[['A', 'B', 'C', 'D'], ['D', 'C', 'B', 'A'], ['B', 'C', 'D', 'A']]","{'C': 5, 'D': 4, 'A': 3, 'B': 3}","[1.0, 1.0, 0.58]",4.08
98,"[2, 4, 5]","[4, 4, 3]","[0.88, 0.88, 0.46]","[['A', 'B', 'C', 'D'], ['D', 'C', 'B', 'A'], ['B', 'D', 'C', 'A']]","{'C': 5, 'D': 4, 'A': 3, 'B': 3}","[1.0, 1.0, 0.58]",4.08
98,"[2, 4, 5]","[4, 4, 3]","[0.88, 0.88, 0.46]","[['A', 'B', 'C', 'D'], ['D', 'C', 'B', 'A'], ['C', 'B', 'D', 'A']]","{'C': 5, 'D': 4, 'A': 3, 'B': 3}","[1.0, 1.0, 0.58]",4.08
98,"[2, 4, 5]","[4, 4, 3]","[0.88, 0.88, 0.46]","[['A', 'B', 'C', 'D'], ['D', 'C', 'B', 'A'], ['C', 'D', 'B', 'A']]","{'C': 5, 'D': 4, 'A': 3, 'B': 3}","[1.0, 1.0, 0.58]",4.08
98,"[2, 4, 5]","[4, 4, 3]","[0.88, 0.88, 0.46]","[['A', 'B', 'C', 'D'], ['D', 'C', 'B', 'A'], ['D', 'B', 'C', 'A']]","{'C': 5, 'D': 4, 'A': 3, 'B': 3}","[1.0, 1.0, 0.58]",4.08
98,"[2, 4, 5]","[4, 4, 3]","[0.88, 0.88, 0.46]","[['A', 'B', 'C', 'D'], ['D', 'C', 'B', 'A'], ['D', 'C', 'B', 'A']]","{'C': 5, 'D': 4, 'A': 3, 'B': 3}","[1.0, 1.0, 0.58]",4.08
98,"[2, 4, 5]","[4, 4, 3]","[0.88, 0.88, 0.46]","[['A', 'C', 'B', 'D'], ['B', 'C', 'D', 'A'], ['B', 'C', 'D', 'A']]","{'C': 5, 'D': 4, 'A': 3, 'B': 3}","[1.0, 1.0, 0.58]",4.08
98,"[2, 4, 5]","[4, 4, 3]","[0.88, 0.88, 0.46]","[['A', 'C', 'B', 'D'], ['B', 'C', 'D', 'A'], ['B', 'D', 'C', 'A']]","{'C': 5, 'D': 4, 'A': 3, 'B': 3}","[1.0, 1.0, 0.58]",4.08
98,"[2, 4, 5]","[4, 4, 3]","[0.88, 0.88, 0.46]","[['A', 'C', 'B', 'D'], ['B', 'C', 'D', 'A'], ['C', 'B', 'D', 'A']]","{'C': 5, 'D': 4, 'A': 3, 'B': 3}","[1.0, 1.0, 0.58]",4.08
98,"[2, 4, 5]","[4, 4, 3]","[0.88, 0.88, 0.46]","[['A', 'C', 'B', 'D'], ['B', 'C', 'D', 'A'], ['C', 'D', 'B', 'A']]","{'C': 5, 'D': 4, 'A': 3, 'B': 3}","[1.0, 1.0, 0.58]",4.08
98,"[2, 4, 5]","[4, 4, 3]","[0.88, 0.88, 0.46]","[['A', 'C', 'B', 'D'], ['B', 'C', 'D', 'A'], ['D', 'B', 'C', 'A']]","{'C': 5, 'D': 4, 'A': 3, 'B': 3}","[1.0, 1.0, 0.58]",4.08
98,"[2, 4, 5]","[4, 4, 3]","[0.88, 0.88, 0.46]","[['A', 'C', 'B', 'D'], ['B', 'C', 'D', 'A'], ['D', 'C', 'B', 'A']]","{'C': 5, 'D': 4, 'A': 3, 'B': 3}","[1.0, 1.0, 0.58]",4.08
98,"[2, 4, 5]","[4, 4, 3]","[0.88, 0.88, 0.46]","[['A', 'C', 'B', 'D'], ['B', 'D', 'C', 'A'], ['B', 'C', 'D', 'A']]","{'C': 5, 'D': 4, 'A': 3, 'B': 3}","[1.0, 1.0, 0.58]",4.08
98,"[2, 4, 5]","[4, 4, 3]","[0.88, 0.88, 0.46]","[['A', 'C', 'B', 'D'], ['B', 'D', 'C', 'A'], ['B', 'D', 'C', 'A']]","{'C': 5, 'D': 4, 'A': 3, 'B': 3}","[1.0, 1.0, 0.58]",4.08
98,"[2, 4, 5]","[4, 4, 3]","[0.88, 0.88, 0.46]","[['A', 'C', 'B', 'D'], ['B', 'D', 'C', 'A'], ['C', 'B', 'D', 'A']]","{'C': 5, 'D': 4, 'A': 3, 'B': 3}","[1.0, 1.0, 0.58]",4.08
98,"[2, 4, 5]","[4, 4, 3]","[0.88, 0.88, 0.46]","[['A', 'C', 'B', 'D'], ['B', 'D', 'C', 'A'], ['C', 'D', 'B', 'A']]","{'C': 5, 'D': 4, 'A': 3, 'B': 3}","[1.0, 1.0, 0.58]",4.08
98,"[2, 4, 5]","[4, 4, 3]","[0.88, 0.88, 0.46]","[['A', 'C', 'B', 'D'], ['B', 'D', 'C', 'A'], ['D', 'B', 'C', 'A']]","{'C': 5, 'D': 4, 'A': 3, 'B': 3}","[1.0, 1.0, 0.58]",4.08
98,"[2, 4, 5]","[4, 4, 3]","[0.88, 0.88, 0.46]","[['A', 'C', 'B', 'D'], ['B', 'D', 'C', 'A'], ['D', 'C', 'B', 'A']]","{'C': 5, 'D': 4, 'A': 3, 'B': 3}","[1.0, 1.0, 0.58]",4.08
98,"[2, 4, 5]","[4, 4, 3]","[0.88, 0.88, 0.46]","[['A', 'C', 'B', 'D'], ['C', 'B', 'D', 'A'], ['B', 'C', 'D', 'A']]","{'C': 5, 'D': 4, 'A': 3, 'B': 3}","[1.0, 1.0, 0.58]",4.08
98,"[2, 4, 5]","[4, 4, 3]","[0.88, 0.88, 0.46]","[['A', 'C', 'B', 'D'], ['C', 'B', 'D', 'A'], ['B', 'D', 'C', 'A']]","{'C': 5, 'D': 4, 'A': 3, 'B': 3}","[1.0, 1.0, 0.58]",4.08
98,"[2, 4, 5]","[4, 4, 3]","[0.88, 0.88, 0.46]","[['A', 'C', 'B', 'D'], ['C', 'B', 'D', 'A'], ['C', 'B', 'D', 'A']]","{'C': 5, 'D': 4, 'A': 3, 'B': 3}","[1.0, 1.0, 0.58]",4.08
98,"[2, 4, 5]","[4, 4, 3]","[0.88, 0.88, 0.46]","[['A', 'C', 'B', 'D'], ['C', 'B', 'D', 'A'], ['C', 'D', 'B', 'A']]","{'C': 5, 'D': 4, 'A': 3, 'B': 3}","[1.0, 1.0, 0.58]",4.08
98,"[2, 4, 5]","[4, 4, 3]","[0.88, 0.88, 0.46]","[['A', 'C', 'B', 'D'], ['C', 'B', 'D', 'A'], ['D', 'B', 'C', 'A']]","{'C': 5, 'D': 4, 'A': 3, 'B': 3}","[1.0, 1.0, 0.58]",4.08
98,"[2, 4, 5]","[4, 4, 3]","[0.88, 0.88, 0.46]","[['A', 'C', 'B', 'D'], ['C', 'B', 'D', 'A'], ['D', 'C', 'B', 'A']]","{'C': 5, 'D': 4, 'A': 3, 'B': 3}","[1.0, 1.0, 0.58]",4.08
98,"[2, 4, 5]","[4, 4, 3]","[0.88, 0.88, 0.46]","[['A', 'C', 'B', 'D'], ['C', 'D', 'B', 'A'], ['B', 'C', 'D', 'A']]","{'C': 5, 'D': 4, 'A': 3, 'B': 3}","[1.0, 1.0, 0.58]",4.08
98,"[2, 4, 5]","[4, 4, 3]","[0.88, 0.88, 0.46]","[['A', 'C', 'B', 'D'], ['C', 'D', 'B', 'A'], ['B', 'D', 'C', 'A']]","{'C': 5, 'D': 4, 'A': 3, 'B': 3}","[1.0, 1.0, 0.58]",4.08
98,"[2, 4, 5]","[4, 4, 3]","[0.88, 0.88, 0.46]","[['A', 'C', 'B', 'D'], ['C', 'D', 'B', 'A'], ['C', 'B', 'D', 'A']]","{'C': 5, 'D': 4, 'A': 3, 'B': 3}","[1.0, 1.0, 0.58]",4.08
98,"[2, 4, 5]","[4, 4, 3]","[0.88, 0.88, 0.46]","[['A', 'C', 'B', 'D'], ['C', 'D', 'B', 'A'], ['C', 'D', 'B', 'A']]","{'C': 5, 'D': 4, 'A': 3, 'B': 3}","[1.0, 1.0, 0.58]",4.08
98,"[2, 4, 5]","[4, 4, 3]","[0.88, 0.88, 0.46]","[['A', 'C', 'B', 'D'], ['C', 'D', 'B', 'A'], ['D', 'B', 'C', 'A']]","{'C': 5, 'D': 4, 'A': 3, 'B': 3}","[1.0, 1.0, 0.58]",4.08
98,"[2, 4, 5]","[4, 4, 3]","[0.88, 0.88, 0.46]","[['A', 'C', 'B', 'D'], ['C', 'D', 'B', 'A'], ['D', 'C', 'B', 'A']]","{'C': 5, 'D': 4, 'A': 3, 'B': 3}","[1.0, 1.0, 0.58]",4.08
98,"[2, 4, 5]","[4, 4, 3]","[0.88, 0.88, 0.46]","[['A', 'C', 'B', 'D'], ['D', 'B', 'C', 'A'], ['B', 'C', 'D', 'A']]","{'C': 5, 'D': 4, 'A': 3, 'B': 3}","[1.0, 1.0, 0.58]",4.08
98,"[2, 4, 5]","[4, 4, 3]","[0.88, 0.88, 0.46]","[['A', 'C', 'B', 'D'], ['D', 'B', 'C', 'A'], ['B', 'D', 'C', 'A']]","{'C': 5, 'D': 4, 'A': 3, 'B': 3}","[1.0, 1.0, 0.58]",4.08
98,"[2, 4, 5]","[4, 4, 3]","[0.88, 0.88, 0.46]","[['A', 'C', 'B', 'D'], ['D', 'B', 'C', 'A'], ['C', 'B', 'D', 'A']]","{'C': 5, 'D': 4, 'A': 3, 'B': 3}","[1.0, 1.0, 0.58]",4.08
98,"[2, 4, 5]","[4, 4, 3]","[0.88, 0.88, 0.46]","[['A', 'C', 'B', 'D'], ['D', 'B', 'C', 'A'], ['C', 'D', 'B', 'A']]","{'C': 5, 'D': 4, 'A': 3, 'B': 3}","[1.0, 1.0, 0.58]",4.08
98,"[2, 4, 5]","[4, 4, 3]","[0.88, 0.88, 0.46]","[['A', 'C', 'B', 'D'], ['D', 'B', 'C', 'A'], ['D', 'B', 'C', 'A']]","{'C': 5, 'D': 4, 'A': 3, 'B': 3}","[1.0, 1.0, 0.58]",4.08
98,"[2, 4, 5]","[4, 4, 3]","[0.88, 0.88, 0.46]","[['A', 'C', 'B', 'D'], ['D', 'B', 'C', 'A'], ['D', 'C', 'B', 'A']]","{'C': 5, 'D': 4, 'A': 3, 'B': 3}","[1.0, 1.0, 0.58]",4.08
98,"[2, 4, 5]","[4, 4, 3]","[0.88, 0.88, 0.46]","[['A', 'C', 'B', 'D'], ['D', 'C', 'B', 'A'], ['B', 'C', 'D', 'A']]","{'C': 5, 'D': 4, 'A': 3, 'B': 3}","[1.0, 1.0, 0.58]",4.08
98,"[2, 4, 5]","[4, 4, 3]","[0.88, 0.88, 0.46]","[['A', 'C', 'B', 'D'], ['D', 'C', 'B', 'A'], ['B', 'D', 'C', 'A']]","{'C': 5, 'D': 4, 'A': 3, 'B': 3}","[1.0, 1.0, 0.58]",4.08
98,"[2, 4, 5]","[4, 4, 3]","[0.88, 0.88, 0.46]","[['A', 'C', 'B', 'D'], ['D', 'C', 'B', 'A'], ['C', 'B', 'D', 'A']]","{'C': 5, 'D': 4, 'A': 3, 'B': 3}","[1.0, 1.0, 0.58]",4.08
98,"[2, 4, 5]","[4, 4, 3]","[0.88, 0.88, 0.46]","[['A', 'C', 'B', 'D'], ['D', 'C', 'B', 'A'], ['C', 'D', 'B', 'A']]","{'C': 5, 'D': 4, 'A': 3, 'B': 3}","[1.0, 1.0, 0.58]",4.08
98,"[2, 4, 5]","[4, 4, 3]","[0.88, 0.88, 0.46]","[['A', 'C', 'B', 'D'], ['D', 'C', 'B', 'A'], ['D', 'B', 'C', 'A']]","{'C': 5, 'D': 4, 'A': 3, 'B': 3}","[1.0, 1.0, 0.58]",4.08
98,"[2, 4, 5]","[4, 4, 3]","[0.88, 0.88, 0.46]","[['A', 'C', 'B', 'D'], ['D', 'C', 'B', 'A'], ['D', 'C', 'B', 'A']]","{'C': 5, 'D': 4, 'A': 3, 'B': 3}","[1.0, 1.0, 0.58]",4.08
98,"[2, 4, 5]","[4, 4, 3]","[0.88, 0.88, 0.46]","[['A', 'C', 'D', 'B'], ['A', 'C', 'D', 'B'], ['B', 'C', 'D', 'A']]","{'C': 5, 'D': 5, 'A': 4, 'B': 1}","[1.0, 1.0, 0.58]",4.08
98,"[2, 4, 5]","[4, 4, 3]","[0.88, 0.88, 0.46]","[['A', 'C', 'D', 'B'], ['A', 'C', 'D', 'B'], ['B', 'D', 'C', 'A']]","{'C': 5, 'D': 5, 'A': 4, 'B': 1}","[1.0, 1.0, 0.58]",4.08
98,"[2, 4, 5]","[4, 4, 3]","[0.88, 0.88, 0.46]","[['A', 'C', 'D', 'B'], ['A', 'C', 'D', 'B'], ['C', 'B', 'D', 'A']]","{'C': 5, 'D': 5, 'A': 4, 'B': 1}","[1.0, 1.0, 0.58]",4.08
98,"[2, 4, 5]","[4, 4, 3]","[0.88, 0.88, 0.46]","[['A', 'C', 'D', 'B'], ['A', 'C', 'D', 'B'], ['C', 'D', 'B', 'A']]","{'C': 5, 'D': 5, 'A': 4, 'B': 1}","[1.0, 1.0, 0.58]",4.08
98,"[2, 4, 5]","[4, 4, 3]","[0.88, 0.88, 0.46]","[['A', 'C', 'D', 'B'], ['A', 'C', 'D', 'B'], ['D', 'B', 'C', 'A']]","{'C': 5, 'D': 5, 'A': 4, 'B': 1}","[1.0, 1.0, 0.58]",4.08
98,"[2, 4, 5]","[4, 4, 3]","[0.88, 0.88, 0.46]","[['A', 'C', 'D', 'B'], ['A', 'C', 'D', 'B'], ['D', 'C', 'B', 'A']]","{'C': 5, 'D': 5, 'A': 4, 'B': 1}","[1.0, 1.0, 0.58]",4.08
98,"[2, 4, 5]","[4, 4, 3]","[0.88, 0.88, 0.46]","[['A', 'C', 'D', 'B'], ['A', 'D', 'C', 'B'], ['B', 'C', 'D', 'A']]","{'C': 5, 'D': 5, 'A': 4, 'B': 1}","[1.0, 1.0, 0.58]",4.08
98,"[2, 4, 5]","[4, 4, 3]","[0.88, 0.88, 0.46]","[['A', 'C', 'D', 'B'], ['A', 'D', 'C', 'B'], ['B', 'D', 'C', 'A']]","{'C': 5, 'D': 5, 'A': 4, 'B': 1}","[1.0, 1.0, 0.58]",4.08
98,"[2, 4, 5]","[4, 4, 3]","[0.88, 0.88, 0.46]","[['A', 'C', 'D', 'B'], ['A', 'D', 'C', 'B'], ['C', 'B', 'D', 'A']]","{'C': 5, 'D': 5, 'A': 4, 'B': 1}","[1.0, 1.0, 0.58]",4.08
98,"[2, 4, 5]","[4, 4, 3]","[0.88, 0.88, 0.46]","[['A', 'C', 'D', 'B'], ['A', 'D', 'C', 'B'], ['C', 'D', 'B', 'A']]","{'C': 5, 'D': 5, 'A': 4, 'B': 1}","[1.0, 1.0, 0.58]",4.08
98,"[2, 4, 5]","[4, 4, 3]","[0.88, 0.88, 0.46]","[['A', 'C', 'D', 'B'], ['A', 'D', 'C', 'B'], ['D', 'B', 'C', 'A']]","{'C': 5, 'D': 5, 'A': 4, 'B': 1}","[1.0, 1.0, 0.58]",4.08
98,"[2, 4, 5]","[4, 4, 3]","[0.88, 0.88, 0.46]","[['A', 'C', 'D', 'B'], ['A', 'D', 'C', 'B'], ['D', 'C', 'B', 'A']]","{'C': 5, 'D': 5, 'A': 4, 'B': 1}","[1.0, 1.0, 0.58]",4.08
98,"[2, 4, 5]","[4, 4, 3]","[0.88, 0.88, 0.46]","[['A', 'C', 'D', 'B'], ['B', 'C', 'D', 'A'], ['A', 'C', 'D', 'B']]","{'C': 5, 'D': 5, 'A': 4, 'B': 1}","[1.0, 1.0, 0.58]",4.08
98,"[2, 4, 5]","[4, 4, 3]","[0.88, 0.88, 0.46]","[['A', 'C', 'D', 'B'], ['B', 'C', 'D', 'A'], ['A', 'D', 'C', 'B']]","{'C': 5, 'D': 5, 'A': 4, 'B': 1}","[1.0, 1.0, 0.58]",4.08
98,"[2, 4, 5]","[4, 4, 3]","[0.88, 0.88, 0.46]","[['A', 'C', 'D', 'B'], ['B', 'C', 'D', 'A'], ['B', 'C', 'D', 'A']]","{'C': 5, 'D': 5, 'A': 3, 'B': 2}","[1.0, 1.0, 0.58]",4.08
98,"[2, 4, 5]","[4, 4, 3]","[0.88, 0.88, 0.46]","[['A', 'C', 'D', 'B'], ['B', 'C', 'D', 'A'], ['B', 'D', 'C', 'A']]","{'C': 5, 'D': 5, 'A': 3, 'B': 2}","[1.0, 1.0, 0.58]",4.08
98,"[2, 4, 5]","[4, 4, 3]","[0.88, 0.88, 0.46]","[['A', 'C', 'D', 'B'], ['B', 'C', 'D', 'A'], ['C', 'A', 'D', 'B']]","{'C': 5, 'D': 5, 'A': 4, 'B': 1}","[1.0, 1.0, 0.58]",4.08
98,"[2, 4, 5]","[4, 4, 3]","[0.88, 0.88, 0.46]","[['A', 'C', 'D', 'B'], ['B', 'C', 'D', 'A'], ['C', 'B', 'D', 'A']]","{'C': 5, 'D': 5, 'A': 3, 'B': 2}","[1.0, 1.0, 0.58]",4.08
98,"[2, 4, 5]","[4, 4, 3]","[0.88, 0.88, 0.46]","[['A', 'C', 'D', 'B'], ['B', 'C', 'D', 'A'], ['C', 'D', 'A', 'B']]","{'C': 5, 'D': 5, 'A': 4, 'B': 1}","[1.0, 1.0, 0.58]",4.08
98,"[2, 4, 5]","[4, 4, 3]","[0.88, 0.88, 0.46]","[['A', 'C', 'D', 'B'], ['B', 'C', 'D', 'A'], ['C', 'D', 'B', 'A']]","{'C': 5, 'D': 5, 'A': 3, 'B': 2}","[1.0, 1.0, 0.58]",4.08
98,"[2, 4, 5]","[4, 4, 3]","[0.88, 0.88, 0.46]","[['A', 'C', 'D', 'B'], ['B', 'C', 'D', 'A'], ['D', 'A', 'C', 'B']]","{'C': 5, 'D': 5, 'A': 4, 'B': 1}","[1.0, 1.0, 0.58]",4.08
98,"[2, 4, 5]","[4, 4, 3]","[0.88, 0.88, 0.46]","[['A', 'C', 'D', 'B'], ['B', 'C', 'D', 'A'], ['D', 'B', 'C', 'A']]","{'C': 5, 'D': 5, 'A': 3, 'B': 2}","[1.0, 1.0, 0.58]",4.08
98,"[2, 4, 5]","[4, 4, 3]","[0.88, 0.88, 0.46]","[['A', 'C', 'D', 'B'], ['B', 'C', 'D', 'A'], ['D', 'C', 'A', 'B']]","{'C': 5, 'D': 5, 'A': 4, 'B': 1}","[1.0, 1.0, 0.58]",4.08
98,"[2, 4, 5]","[4, 4, 3]","[0.88, 0.88, 0.46]","[['A', 'C', 'D', 'B'], ['B', 'C', 'D', 'A'], ['D', 'C', 'B', 'A']]","{'C': 5, 'D': 5, 'A': 3, 'B': 2}","[1.0, 1.0, 0.58]",4.08
98,"[2, 4, 5]","[4, 4, 3]","[0.88, 0.88, 0.46]","[['A', 'C', 'D', 'B'], ['B', 'D', 'C', 'A'], ['A', 'C', 'D', 'B']]","{'C': 5, 'D': 5, 'A': 4, 'B': 1}","[1.0, 1.0, 0.58]",4.08
98,"[2, 4, 5]","[4, 4, 3]","[0.88, 0.88, 0.46]","[['A', 'C', 'D', 'B'], ['B', 'D', 'C', 'A'], ['A', 'D', 'C', 'B']]","{'C': 5, 'D': 5, 'A': 4, 'B': 1}","[1.0, 1.0, 0.58]",4.08
98,"[2, 4, 5]","[4, 4, 3]","[0.88, 0.88, 0.46]","[['A', 'C', 'D', 'B'], ['B', 'D', 'C', 'A'], ['B', 'C', 'D', 'A']]","{'C': 5, 'D': 5, 'A': 3, 'B': 2}","[1.0, 1.0, 0.58]",4.08
98,"[2, 4, 5]","[4, 4, 3]","[0.88, 0.88, 0.46]","[['A', 'C', 'D', 'B'], ['B', 'D', 'C', 'A'], ['B', 'D', 'C', 'A']]","{'C': 5, 'D': 5, 'A': 3, 'B': 2}","[1.0, 1.0, 0.58]",4.08
98,"[2, 4, 5]","[4, 4, 3]","[0.88, 0.88, 0.46]","[['A', 'C', 'D', 'B'], ['B', 'D', 'C', 'A'], ['C', 'A', 'D', 'B']]","{'C': 5, 'D': 5, 'A': 4, 'B': 1}","[1.0, 1.0, 0.58]",4.08
98,"[2, 4, 5]","[4, 4, 3]","[0.88, 0.88, 0.46]","[['A', 'C', 'D', 'B'], ['B', 'D', 'C', 'A'], ['C', 'B', 'D', 'A']]","{'C': 5, 'D': 5, 'A': 3, 'B': 2}","[1.0, 1.0, 0.58]",4.08
98,"[2, 4, 5]","[4, 4, 3]","[0.88, 0.88, 0.46]","[['A', 'C', 'D', 'B'], ['B', 'D', 'C', 'A'], ['C', 'D', 'A', 'B']]","{'C': 5, 'D': 5, 'A': 4, 'B': 1}","[1.0, 1.0, 0.58]",4.08
98,"[2, 4, 5]","[4, 4, 3]","[0.88, 0.88, 0.46]","[['A', 'C', 'D', 'B'], ['B', 'D', 'C', 'A'], ['C', 'D', 'B', 'A']]","{'C': 5, 'D': 5, 'A': 3, 'B': 2}","[1.0, 1.0, 0.58]",4.08
98,"[2, 4, 5]","[4, 4, 3]","[0.88, 0.88, 0.46]","[['A', 'C', 'D', 'B'], ['B', 'D', 'C', 'A'], ['D', 'A', 'C', 'B']]","{'C': 5, 'D': 5, 'A': 4, 'B': 1}","[1.0, 1.0, 0.58]",4.08
98,"[2, 4, 5]","[4, 4, 3]","[0.88, 0.88, 0.46]","[['A', 'C', 'D', 'B'], ['B', 'D', 'C', 'A'], ['D', 'B', 'C', 'A']]","{'C': 5, 'D': 5, 'A': 3, 'B': 2}","[1.0, 1.0, 0.58]",4.08
98,"[2, 4, 5]","[4, 4, 3]","[0.88, 0.88, 0.46]","[['A', 'C', 'D', 'B'], ['B', 'D', 'C', 'A'], ['D', 'C', 'A', 'B']]","{'C': 5, 'D': 5, 'A': 4, 'B': 1}","[1.0, 1.0, 0.58]",4.08
98,"[2, 4, 5]","[4, 4, 3]","[0.88, 0.88, 0.46]","[['A', 'C', 'D', 'B'], ['B', 'D', 'C', 'A'], ['D', 'C', 'B', 'A']]","{'C': 5, 'D': 5, 'A': 3, 'B': 2}","[1.0, 1.0, 0.58]",4.08
98,"[2, 4, 5]","[4, 4, 3]","[0.88, 0.88, 0.46]","[['A', 'C', 'D', 'B'], ['C', 'A', 'D', 'B'], ['B', 'C', 'D', 'A']]","{'C': 5, 'D': 5, 'A': 4, 'B': 1}","[1.0, 1.0, 0.58]",4.08
98,"[2, 4, 5]","[4, 4, 3]","[0.88, 0.88, 0.46]","[['A', 'C', 'D', 'B'], ['C', 'A', 'D', 'B'], ['B', 'D', 'C', 'A']]","{'C': 5, 'D': 5, 'A': 4, 'B': 1}","[1.0, 1.0, 0.58]",4.08
98,"[2, 4, 5]","[4, 4, 3]","[0.88, 0.88, 0.46]","[['A', 'C', 'D', 'B'], ['C', 'A', 'D', 'B'], ['C', 'B', 'D', 'A']]","{'C': 5, 'D': 5, 'A': 4, 'B': 1}","[1.0, 1.0, 0.58]",4.08
98,"[2, 4, 5]","[4, 4, 3]","[0.88, 0.88, 0.46]","[['A', 'C', 'D', 'B'], ['C', 'A', 'D', 'B'], ['C', 'D', 'B', 'A']]","{'C': 5, 'D': 5, 'A': 4, 'B': 1}","[1.0, 1.0, 0.58]",4.08
98,"[2, 4, 5]","[4, 4, 3]","[0.88, 0.88, 0.46]","[['A', 'C', 'D', 'B'], ['C', 'A', 'D', 'B'], ['D', 'B', 'C', 'A']]","{'C': 5, 'D': 5, 'A': 4, 'B': 1}","[1.0, 1.0, 0.58]",4.08
98,"[2, 4, 5]","[4, 4, 3]","[0.88, 0.88, 0.46]","[['A', 'C', 'D', 'B'], ['C', 'A', 'D', 'B'], ['D', 'C', 'B', 'A']]","{'C': 5, 'D': 5, 'A': 4, 'B': 1}","[1.0, 1.0, 0.58]",4.08
98,"[2, 4, 5]","[4, 4, 3]","[0.88, 0.88, 0.46]","[['A', 'C', 'D', 'B'], ['C', 'B', 'D', 'A'], ['A', 'C', 'D', 'B']]","{'C': 5, 'D': 5, 'A': 4, 'B': 1}","[1.0, 1.0, 0.58]",4.08
98,"[2, 4, 5]","[4, 4, 3]","[0.88, 0.88, 0.46]","[['A', 'C', 'D', 'B'], ['C', 'B', 'D', 'A'], ['A', 'D', 'C', 'B']]","{'C': 5, 'D': 5, 'A': 4, 'B': 1}","[1.0, 1.0, 0.58]",4.08
98,"[2, 4, 5]","[4, 4, 3]","[0.88, 0.88, 0.46]","[['A', 'C', 'D', 'B'], ['C', 'B', 'D', 'A'], ['B', 'C', 'D', 'A']]","{'C': 5, 'D': 5, 'A': 3, 'B': 2}","[1.0, 1.0, 0.58]",4.08
98,"[2, 4, 5]","[4, 4, 3]","[0.88, 0.88, 0.46]","[['A', 'C', 'D', 'B'], ['C', 'B', 'D', 'A'], ['B', 'D', 'C', 'A']]","{'C': 5, 'D': 5, 'A': 3, 'B': 2}","[1.0, 1.0, 0.58]",4.08
98,"[2, 4, 5]","[4, 4, 3]","[0.88, 0.88, 0.46]","[['A', 'C', 'D', 'B'], ['C', 'B', 'D', 'A'], ['C', 'A', 'D', 'B']]","{'C': 5, 'D': 5, 'A': 4, 'B': 1}","[1.0, 1.0, 0.58]",4.08
98,"[2, 4, 5]","[4, 4, 3]","[0.88, 0.88, 0.46]","[['A', 'C', 'D', 'B'], ['C', 'B', 'D', 'A'], ['C', 'B', 'D', 'A']]","{'C': 5, 'D': 5, 'A': 3, 'B': 2}","[1.0, 1.0, 0.58]",4.08
98,"[2, 4, 5]","[4, 4, 3]","[0.88, 0.88, 0.46]","[['A', 'C', 'D', 'B'], ['C', 'B', 'D', 'A'], ['C', 'D', 'A', 'B']]","{'C': 5, 'D': 5, 'A': 4, 'B': 1}","[1.0, 1.0, 0.58]",4.08
98,"[2, 4, 5]","[4, 4, 3]","[0.88, 0.88, 0.46]","[['A', 'C', 'D', 'B'], ['C', 'B', 'D', 'A'], ['C', 'D', 'B', 'A']]","{'C': 5, 'D': 5, 'A': 3, 'B': 2}","[1.0, 1.0, 0.58]",4.08
98,"[2, 4, 5]","[4, 4, 3]","[0.88, 0.88, 0.46]","[['A', 'C', 'D', 'B'], ['C', 'B', 'D', 'A'], ['D', 'A', 'C', 'B']]","{'C': 5, 'D': 5, 'A': 4, 'B': 1}","[1.0, 1.0, 0.58]",4.08
98,"[2, 4, 5]","[4, 4, 3]","[0.88, 0.88, 0.46]","[['A', 'C', 'D', 'B'], ['C', 'B', 'D', 'A'], ['D', 'B', 'C', 'A']]","{'C': 5, 'D': 5, 'A': 3, 'B': 2}","[1.0, 1.0, 0.58]",4.08
98,"[2, 4, 5]","[4, 4, 3]","[0.88, 0.88, 0.46]","[['A', 'C', 'D', 'B'], ['C', 'B', 'D', 'A'], ['D', 'C', 'A', 'B']]","{'C': 5, 'D': 5, 'A': 4, 'B': 1}","[1.0, 1.0, 0.58]",4.08
98,"[2, 4, 5]","[4, 4, 3]","[0.88, 0.88, 0.46]","[['A', 'C', 'D', 'B'], ['C', 'B', 'D', 'A'], ['D', 'C', 'B', 'A']]","{'C': 5, 'D': 5, 'A': 3, 'B': 2}","[1.0, 1.0, 0.58]",4.08
98,"[2, 4, 5]","[4, 4, 3]","[0.88, 0.88, 0.46]","[['A', 'C', 'D', 'B'], ['C', 'D', 'A', 'B'], ['B', 'C', 'D', 'A']]","{'C': 5, 'D': 5, 'A': 4, 'B': 1}","[1.0, 1.0, 0.58]",4.08
98,"[2, 4, 5]","[4, 4, 3]","[0.88, 0.88, 0.46]","[['A', 'C', 'D', 'B'], ['C', 'D', 'A', 'B'], ['B', 'D', 'C', 'A']]","{'C': 5, 'D': 5, 'A': 4, 'B': 1}","[1.0, 1.0, 0.58]",4.08
98,"[2, 4, 5]","[4, 4, 3]","[0.88, 0.88, 0.46]","[['A', 'C', 'D', 'B'], ['C', 'D', 'A', 'B'], ['C', 'B', 'D', 'A']]","{'C': 5, 'D': 5, 'A': 4, 'B': 1}","[1.0, 1.0, 0.58]",4.08
98,"[2, 4, 5]","[4, 4, 3]","[0.88, 0.88, 0.46]","[['A', 'C', 'D', 'B'], ['C', 'D', 'A', 'B'], ['C', 'D', 'B', 'A']]","{'C': 5, 'D': 5, 'A': 4, 'B': 1}","[1.0, 1.0, 0.58]",4.08
98,"[2, 4, 5]","[4, 4, 3]","[0.88, 0.88, 0.46]","[['A', 'C', 'D', 'B'], ['C', 'D', 'A', 'B'], ['D', 'B', 'C', 'A']]","{'C': 5, 'D': 5, 'A': 4, 'B': 1}","[1.0, 1.0, 0.58]",4.08
98,"[2, 4, 5]","[4, 4, 3]","[0.88, 0.88, 0.46]","[['A', 'C', 'D', 'B'], ['C', 'D', 'A', 'B'], ['D', 'C', 'B', 'A']]","{'C': 5, 'D': 5, 'A': 4, 'B': 1}","[1.0, 1.0, 0.58]",4.08
98,"[2, 4, 5]","[4, 4, 3]","[0.88, 0.88, 0.46]","[['A', 'C', 'D', 'B'], ['C', 'D', 'B', 'A'], ['A', 'C', 'D', 'B']]","{'C': 5, 'D': 5, 'A': 4, 'B': 1}","[1.0, 1.0, 0.58]",4.08
98,"[2, 4, 5]","[4, 4, 3]","[0.88, 0.88, 0.46]","[['A', 'C', 'D', 'B'], ['C', 'D', 'B', 'A'], ['A', 'D', 'C', 'B']]","{'C': 5, 'D': 5, 'A': 4, 'B': 1}","[1.0, 1.0, 0.58]",4.08
98,"[2, 4, 5]","[4, 4, 3]","[0.88, 0.88, 0.46]","[['A', 'C', 'D', 'B'], ['C', 'D', 'B', 'A'], ['B', 'C', 'D', 'A']]","{'C': 5, 'D': 5, 'A': 3, 'B': 2}","[1.0, 1.0, 0.58]",4.08
98,"[2, 4, 5]","[4, 4, 3]","[0.88, 0.88, 0.46]","[['A', 'C', 'D', 'B'], ['C', 'D', 'B', 'A'], ['B', 'D', 'C', 'A']]","{'C': 5, 'D': 5, 'A': 3, 'B': 2}","[1.0, 1.0, 0.58]",4.08
98,"[2, 4, 5]","[4, 4, 3]","[0.88, 0.88, 0.46]","[['A', 'C', 'D', 'B'], ['C', 'D', 'B', 'A'], ['C', 'A', 'D', 'B']]","{'C': 5, 'D': 5, 'A': 4, 'B': 1}","[1.0, 1.0, 0.58]",4.08
98,"[2, 4, 5]","[4, 4, 3]","[0.88, 0.88, 0.46]","[['A', 'C', 'D', 'B'], ['C', 'D', 'B', 'A'], ['C', 'B', 'D', 'A']]","{'C': 5, 'D': 5, 'A': 3, 'B': 2}","[1.0, 1.0, 0.58]",4.08
98,"[2, 4, 5]","[4, 4, 3]","[0.88, 0.88, 0.46]","[['A', 'C', 'D', 'B'], ['C', 'D', 'B', 'A'], ['C', 'D', 'A', 'B']]","{'C': 5, 'D': 5, 'A': 4, 'B': 1}","[1.0, 1.0, 0.58]",4.08
98,"[2, 4, 5]","[4, 4, 3]","[0.88, 0.88, 0.46]","[['A', 'C', 'D', 'B'], ['C', 'D', 'B', 'A'], ['C', 'D', 'B', 'A']]","{'C': 5, 'D': 5, 'A': 3, 'B': 2}","[1.0, 1.0, 0.58]",4.08
98,"[2, 4, 5]","[4, 4, 3]","[0.88, 0.88, 0.46]","[['A', 'C', 'D', 'B'], ['C', 'D', 'B', 'A'], ['D', 'A', 'C', 'B']]","{'C': 5, 'D': 5, 'A': 4, 'B': 1}","[1.0, 1.0, 0.58]",4.08
98,"[2, 4, 5]","[4, 4, 3]","[0.88, 0.88, 0.46]","[['A', 'C', 'D', 'B'], ['C', 'D', 'B', 'A'], ['D', 'B', 'C', 'A']]","{'C': 5, 'D': 5, 'A': 3, 'B': 2}","[1.0, 1.0, 0.58]",4.08
98,"[2, 4, 5]","[4, 4, 3]","[0.88, 0.88, 0.46]","[['A', 'C', 'D', 'B'], ['C', 'D', 'B', 'A'], ['D', 'C', 'A', 'B']]","{'C': 5, 'D': 5, 'A': 4, 'B': 1}","[1.0, 1.0, 0.58]",4.08
98,"[2, 4, 5]","[4, 4, 3]","[0.88, 0.88, 0.46]","[['A', 'C', 'D', 'B'], ['C', 'D', 'B', 'A'], ['D', 'C', 'B', 'A']]","{'C': 5, 'D': 5, 'A': 3, 'B': 2}","[1.0, 1.0, 0.58]",4.08
98,"[2, 4, 5]","[4, 4, 3]","[0.88, 0.88, 0.46]","[['A', 'C', 'D', 'B'], ['D', 'A', 'C', 'B'], ['B', 'C', 'D', 'A']]","{'C': 5, 'D': 5, 'A': 4, 'B': 1}","[1.0, 1.0, 0.58]",4.08
98,"[2, 4, 5]","[4, 4, 3]","[0.88, 0.88, 0.46]","[['A', 'C', 'D', 'B'], ['D', 'A', 'C', 'B'], ['B', 'D', 'C', 'A']]","{'C': 5, 'D': 5, 'A': 4, 'B': 1}","[1.0, 1.0, 0.58]",4.08
98,"[2, 4, 5]","[4, 4, 3]","[0.88, 0.88, 0.46]","[['A', 'C', 'D', 'B'], ['D', 'A', 'C', 'B'], ['C', 'B', 'D', 'A']]","{'C': 5, 'D': 5, 'A': 4, 'B': 1}","[1.0, 1.0, 0.58]",4.08
98,"[2, 4, 5]","[4, 4, 3]","[0.88, 0.88, 0.46]","[['A', 'C', 'D', 'B'], ['D', 'A', 'C', 'B'], ['C', 'D', 'B', 'A']]","{'C': 5, 'D': 5, 'A': 4, 'B': 1}","[1.0, 1.0, 0.58]",4.08
98,"[2, 4, 5]","[4, 4, 3]","[0.88, 0.88, 0.46]","[['A', 'C', 'D', 'B'], ['D', 'A', 'C', 'B'], ['D', 'B', 'C', 'A']]","{'C': 5, 'D': 5, 'A': 4, 'B': 1}","[1.0, 1.0, 0.58]",4.08
98,"[2, 4, 5]","[4, 4, 3]","[0.88, 0.88, 0.46]","[['A', 'C', 'D', 'B'], ['D', 'A', 'C', 'B'], ['D', 'C', 'B', 'A']]","{'C': 5, 'D': 5, 'A': 4, 'B': 1}","[1.0, 1.0, 0.58]",4.08
98,"[2, 4, 5]","[4, 4, 3]","[0.88, 0.88, 0.46]","[['A', 'C', 'D', 'B'], ['D', 'B', 'C', 'A'], ['A', 'C', 'D', 'B']]","{'C': 5, 'D': 5, 'A': 4, 'B': 1}","[1.0, 1.0, 0.58]",4.08
98,"[2, 4, 5]","[4, 4, 3]","[0.88, 0.88, 0.46]","[['A', 'C', 'D', 'B'], ['D', 'B', 'C', 'A'], ['A', 'D', 'C', 'B']]","{'C': 5, 'D': 5, 'A': 4, 'B': 1}","[1.0, 1.0, 0.58]",4.08
98,"[2, 4, 5]","[4, 4, 3]","[0.88, 0.88, 0.46]","[['A', 'C', 'D', 'B'], ['D', 'B', 'C', 'A'], ['B', 'C', 'D', 'A']]","{'C': 5, 'D': 5, 'A': 3, 'B': 2}","[1.0, 1.0, 0.58]",4.08
98,"[2, 4, 5]","[4, 4, 3]","[0.88, 0.88, 0.46]","[['A', 'C', 'D', 'B'], ['D', 'B', 'C', 'A'], ['B', 'D', 'C', 'A']]","{'C': 5, 'D': 5, 'A': 3, 'B': 2}","[1.0, 1.0, 0.58]",4.08
98,"[2, 4, 5]","[4, 4, 3]","[0.88, 0.88, 0.46]","[['A', 'C', 'D', 'B'], ['D', 'B', 'C', 'A'], ['C', 'A', 'D', 'B']]","{'C': 5, 'D': 5, 'A': 4, 'B': 1}","[1.0, 1.0, 0.58]",4.08
98,"[2, 4, 5]","[4, 4, 3]","[0.88, 0.88, 0.46]","[['A', 'C', 'D', 'B'], ['D', 'B', 'C', 'A'], ['C', 'B', 'D', 'A']]","{'C': 5, 'D': 5, 'A': 3, 'B': 2}","[1.0, 1.0, 0.58]",4.08
98,"[2, 4, 5]","[4, 4, 3]","[0.88, 0.88, 0.46]","[['A', 'C', 'D', 'B'], ['D', 'B', 'C', 'A'], ['C', 'D', 'A', 'B']]","{'C': 5, 'D': 5, 'A': 4, 'B': 1}","[1.0, 1.0, 0.58]",4.08
98,"[2, 4, 5]","[4, 4, 3]","[0.88, 0.88, 0.46]","[['A', 'C', 'D', 'B'], ['D', 'B', 'C', 'A'], ['C', 'D', 'B', 'A']]","{'C': 5, 'D': 5, 'A': 3, 'B': 2}","[1.0, 1.0, 0.58]",4.08
98,"[2, 4, 5]","[4, 4, 3]","[0.88, 0.88, 0.46]","[['A', 'C', 'D', 'B'], ['D', 'B', 'C', 'A'], ['D', 'A', 'C', 'B']]","{'C': 5, 'D': 5, 'A': 4, 'B': 1}","[1.0, 1.0, 0.58]",4.08
98,"[2, 4, 5]","[4, 4, 3]","[0.88, 0.88, 0.46]","[['A', 'C', 'D', 'B'], ['D', 'B', 'C', 'A'], ['D', 'B', 'C', 'A']]","{'C': 5, 'D': 5, 'A': 3, 'B': 2}","[1.0, 1.0, 0.58]",4.08
98,"[2, 4, 5]","[4, 4, 3]","[0.88, 0.88, 0.46]","[['A', 'C', 'D', 'B'], ['D', 'B', 'C', 'A'], ['D', 'C', 'A', 'B']]","{'C': 5, 'D': 5, 'A': 4, 'B': 1}","[1.0, 1.0, 0.58]",4.08
98,"[2, 4, 5]","[4, 4, 3]","[0.88, 0.88, 0.46]","[['A', 'C', 'D', 'B'], ['D', 'B', 'C', 'A'], ['D', 'C', 'B', 'A']]","{'C': 5, 'D': 5, 'A': 3, 'B': 2}","[1.0, 1.0, 0.58]",4.08
98,"[2, 4, 5]","[4, 4, 3]","[0.88, 0.88, 0.46]","[['A', 'C', 'D', 'B'], ['D', 'C', 'A', 'B'], ['B', 'C', 'D', 'A']]","{'C': 5, 'D': 5, 'A': 4, 'B': 1}","[1.0, 1.0, 0.58]",4.08
98,"[2, 4, 5]","[4, 4, 3]","[0.88, 0.88, 0.46]","[['A', 'C', 'D', 'B'], ['D', 'C', 'A', 'B'], ['B', 'D', 'C', 'A']]","{'C': 5, 'D': 5, 'A': 4, 'B': 1}","[1.0, 1.0, 0.58]",4.08
98,"[2, 4, 5]","[4, 4, 3]","[0.88, 0.88, 0.46]","[['A', 'C', 'D', 'B'], ['D', 'C', 'A', 'B'], ['C', 'B', 'D', 'A']]","{'C': 5, 'D': 5, 'A': 4, 'B': 1}","[1.0, 1.0, 0.58]",4.08
98,"[2, 4, 5]","[4, 4, 3]","[0.88, 0.88, 0.46]","[['A', 'C', 'D', 'B'], ['D', 'C', 'A', 'B'], ['C', 'D', 'B', 'A']]","{'C': 5, 'D': 5, 'A': 4, 'B': 1}","[1.0, 1.0, 0.58]",4.08
98,"[2, 4, 5]","[4, 4, 3]","[0.88, 0.88, 0.46]","[['A', 'C', 'D', 'B'], ['D', 'C', 'A', 'B'], ['D', 'B', 'C', 'A']]","{'C': 5, 'D': 5, 'A': 4, 'B': 1}","[1.0, 1.0, 0.58]",4.08
98,"[2, 4, 5]","[4, 4, 3]","[0.88, 0.88, 0.46]","[['A', 'C', 'D', 'B'], ['D', 'C', 'A', 'B'], ['D', 'C', 'B', 'A']]","{'C': 5, 'D': 5, 'A': 4, 'B': 1}","[1.0, 1.0, 0.58]",4.08
98,"[2, 4, 5]","[4, 4, 3]","[0.88, 0.88, 0.46]","[['A', 'C', 'D', 'B'], ['D', 'C', 'B', 'A'], ['A', 'C', 'D', 'B']]","{'C': 5, 'D': 5, 'A': 4, 'B': 1}","[1.0, 1.0, 0.58]",4.08
98,"[2, 4, 5]","[4, 4, 3]","[0.88, 0.88, 0.46]","[['A', 'C', 'D', 'B'], ['D', 'C', 'B', 'A'], ['A', 'D', 'C', 'B']]","{'C': 5, 'D': 5, 'A': 4, 'B': 1}","[1.0, 1.0, 0.58]",4.08
98,"[2, 4, 5]","[4, 4, 3]","[0.88, 0.88, 0.46]","[['A', 'C', 'D', 'B'], ['D', 'C', 'B', 'A'], ['B', 'C', 'D', 'A']]","{'C': 5, 'D': 5, 'A': 3, 'B': 2}","[1.0, 1.0, 0.58]",4.08
98,"[2, 4, 5]","[4, 4, 3]","[0.88, 0.88, 0.46]","[['A', 'C', 'D', 'B'], ['D', 'C', 'B', 'A'], ['B', 'D', 'C', 'A']]","{'C': 5, 'D': 5, 'A': 3, 'B': 2}","[1.0, 1.0, 0.58]",4.08
98,"[2, 4, 5]","[4, 4, 3]","[0.88, 0.88, 0.46]","[['A', 'C', 'D', 'B'], ['D', 'C', 'B', 'A'], ['C', 'A', 'D', 'B']]","{'C': 5, 'D': 5, 'A': 4, 'B': 1}","[1.0, 1.0, 0.58]",4.08
98,"[2, 4, 5]","[4, 4, 3]","[0.88, 0.88, 0.46]","[['A', 'C', 'D', 'B'], ['D', 'C', 'B', 'A'], ['C', 'B', 'D', 'A']]","{'C': 5, 'D': 5, 'A': 3, 'B': 2}","[1.0, 1.0, 0.58]",4.08
98,"[2, 4, 5]","[4, 4, 3]","[0.88, 0.88, 0.46]","[['A', 'C', 'D', 'B'], ['D', 'C', 'B', 'A'], ['C', 'D', 'A', 'B']]","{'C': 5, 'D': 5, 'A': 4, 'B': 1}","[1.0, 1.0, 0.58]",4.08
98,"[2, 4, 5]","[4, 4, 3]","[0.88, 0.88, 0.46]","[['A', 'C', 'D', 'B'], ['D', 'C', 'B', 'A'], ['C', 'D', 'B', 'A']]","{'C': 5, 'D': 5, 'A': 3, 'B': 2}","[1.0, 1.0, 0.58]",4.08
98,"[2, 4, 5]","[4, 4, 3]","[0.88, 0.88, 0.46]","[['A', 'C', 'D', 'B'], ['D', 'C', 'B', 'A'], ['D', 'A', 'C', 'B']]","{'C': 5, 'D': 5, 'A': 4, 'B': 1}","[1.0, 1.0, 0.58]",4.08
98,"[2, 4, 5]","[4, 4, 3]","[0.88, 0.88, 0.46]","[['A', 'C', 'D', 'B'], ['D', 'C', 'B', 'A'], ['D', 'B', 'C', 'A']]","{'C': 5, 'D': 5, 'A': 3, 'B': 2}","[1.0, 1.0, 0.58]",4.08
98,"[2, 4, 5]","[4, 4, 3]","[0.88, 0.88, 0.46]","[['A', 'C', 'D', 'B'], ['D', 'C', 'B', 'A'], ['D', 'C', 'A', 'B']]","{'C': 5, 'D': 5, 'A': 4, 'B': 1}","[1.0, 1.0, 0.58]",4.08
98,"[2, 4, 5]","[4, 4, 3]","[0.88, 0.88, 0.46]","[['A', 'C', 'D', 'B'], ['D', 'C', 'B', 'A'], ['D', 'C', 'B', 'A']]","{'C': 5, 'D': 5, 'A': 3, 'B': 2}","[1.0, 1.0, 0.58]",4.08
98,"[2, 4, 5]","[4, 4, 3]","[0.88, 0.88, 0.46]","[['A', 'D', 'C', 'B'], ['A', 'C', 'D', 'B'], ['B', 'C', 'D', 'A']]","{'C': 5, 'D': 5, 'A': 4, 'B': 1}","[1.0, 1.0, 0.58]",4.08
98,"[2, 4, 5]","[4, 4, 3]","[0.88, 0.88, 0.46]","[['A', 'D', 'C', 'B'], ['A', 'C', 'D', 'B'], ['B', 'D', 'C', 'A']]","{'C': 5, 'D': 5, 'A': 4, 'B': 1}","[1.0, 1.0, 0.58]",4.08
98,"[2, 4, 5]","[4, 4, 3]","[0.88, 0.88, 0.46]","[['A', 'D', 'C', 'B'], ['A', 'C', 'D', 'B'], ['C', 'B', 'D', 'A']]","{'C': 5, 'D': 5, 'A': 4, 'B': 1}","[1.0, 1.0, 0.58]",4.08
98,"[2, 4, 5]","[4, 4, 3]","[0.88, 0.88, 0.46]","[['A', 'D', 'C', 'B'], ['A', 'C', 'D', 'B'], ['C', 'D', 'B', 'A']]","{'C': 5, 'D': 5, 'A': 4, 'B': 1}","[1.0, 1.0, 0.58]",4.08
98,"[2, 4, 5]","[4, 4, 3]","[0.88, 0.88, 0.46]","[['A', 'D', 'C', 'B'], ['A', 'C', 'D', 'B'], ['D', 'B', 'C', 'A']]","{'C': 5, 'D': 5, 'A': 4, 'B': 1}","[1.0, 1.0, 0.58]",4.08
98,"[2, 4, 5]","[4, 4, 3]","[0.88, 0.88, 0.46]","[['A', 'D', 'C', 'B'], ['A', 'C', 'D', 'B'], ['D', 'C', 'B', 'A']]","{'C': 5, 'D': 5, 'A': 4, 'B': 1}","[1.0, 1.0, 0.58]",4.08
98,"[2, 4, 5]","[4, 4, 3]","[0.88, 0.88, 0.46]","[['A', 'D', 'C', 'B'], ['A', 'D', 'C', 'B'], ['B', 'C', 'D', 'A']]","{'C': 5, 'D': 5, 'A': 4, 'B': 1}","[1.0, 1.0, 0.58]",4.08
98,"[2, 4, 5]","[4, 4, 3]","[0.88, 0.88, 0.46]","[['A', 'D', 'C', 'B'], ['A', 'D', 'C', 'B'], ['B', 'D', 'C', 'A']]","{'C': 5, 'D': 5, 'A': 4, 'B': 1}","[1.0, 1.0, 0.58]",4.08
98,"[2, 4, 5]","[4, 4, 3]","[0.88, 0.88, 0.46]","[['A', 'D', 'C', 'B'], ['A', 'D', 'C', 'B'], ['C', 'B', 'D', 'A']]","{'C': 5, 'D': 5, 'A': 4, 'B': 1}","[1.0, 1.0, 0.58]",4.08
98,"[2, 4, 5]","[4, 4, 3]","[0.88, 0.88, 0.46]","[['A', 'D', 'C', 'B'], ['A', 'D', 'C', 'B'], ['C', 'D', 'B', 'A']]","{'C': 5, 'D': 5, 'A': 4, 'B': 1}","[1.0, 1.0, 0.58]",4.08
98,"[2, 4, 5]","[4, 4, 3]","[0.88, 0.88, 0.46]","[['A', 'D', 'C', 'B'], ['A', 'D', 'C', 'B'], ['D', 'B', 'C', 'A']]","{'C': 5, 'D': 5, 'A': 4, 'B': 1}","[1.0, 1.0, 0.58]",4.08
98,"[2, 4, 5]","[4, 4, 3]","[0.88, 0.88, 0.46]","[['A', 'D', 'C', 'B'], ['A', 'D', 'C', 'B'], ['D', 'C', 'B', 'A']]","{'C': 5, 'D': 5, 'A': 4, 'B': 1}","[1.0, 1.0, 0.58]",4.08
98,"[2, 4, 5]","[4, 4, 3]","[0.88, 0.88, 0.46]","[['A', 'D', 'C', 'B'], ['B', 'C', 'D', 'A'], ['A', 'C', 'D', 'B']]","{'C': 5, 'D': 5, 'A': 4, 'B': 1}","[1.0, 1.0, 0.58]",4.08
98,"[2, 4, 5]","[4, 4, 3]","[0.88, 0.88, 0.46]","[['A', 'D', 'C', 'B'], ['B', 'C', 'D', 'A'], ['A', 'D', 'C', 'B']]","{'C': 5, 'D': 5, 'A': 4, 'B': 1}","[1.0, 1.0, 0.58]",4.08
98,"[2, 4, 5]","[4, 4, 3]","[0.88, 0.88, 0.46]","[['A', 'D', 'C', 'B'], ['B', 'C', 'D', 'A'], ['B', 'C', 'D', 'A']]","{'C': 5, 'D': 5, 'A': 3, 'B': 2}","[1.0, 1.0, 0.58]",4.08
98,"[2, 4, 5]","[4, 4, 3]","[0.88, 0.88, 0.46]","[['A', 'D', 'C', 'B'], ['B', 'C', 'D', 'A'], ['B', 'D', 'C', 'A']]","{'C': 5, 'D': 5, 'A': 3, 'B': 2}","[1.0, 1.0, 0.58]",4.08
98,"[2, 4, 5]","[4, 4, 3]","[0.88, 0.88, 0.46]","[['A', 'D', 'C', 'B'], ['B', 'C', 'D', 'A'], ['C', 'A', 'D', 'B']]","{'C': 5, 'D': 5, 'A': 4, 'B': 1}","[1.0, 1.0, 0.58]",4.08
98,"[2, 4, 5]","[4, 4, 3]","[0.88, 0.88, 0.46]","[['A', 'D', 'C', 'B'], ['B', 'C', 'D', 'A'], ['C', 'B', 'D', 'A']]","{'C': 5, 'D': 5, 'A': 3, 'B': 2}","[1.0, 1.0, 0.58]",4.08
98,"[2, 4, 5]","[4, 4, 3]","[0.88, 0.88, 0.46]","[['A', 'D', 'C', 'B'], ['B', 'C', 'D', 'A'], ['C', 'D', 'A', 'B']]","{'C': 5, 'D': 5, 'A': 4, 'B': 1}","[1.0, 1.0, 0.58]",4.08
98,"[2, 4, 5]","[4, 4, 3]","[0.88, 0.88, 0.46]","[['A', 'D', 'C', 'B'], ['B', 'C', 'D', 'A'], ['C', 'D', 'B', 'A']]","{'C': 5, 'D': 5, 'A': 3, 'B': 2}","[1.0, 1.0, 0.58]",4.08
98,"[2, 4, 5]","[4, 4, 3]","[0.88, 0.88, 0.46]","[['A', 'D', 'C', 'B'], ['B', 'C', 'D', 'A'], ['D', 'A', 'C', 'B']]","{'C': 5, 'D': 5, 'A': 4, 'B': 1}","[1.0, 1.0, 0.58]",4.08
98,"[2, 4, 5]","[4, 4, 3]","[0.88, 0.88, 0.46]","[['A', 'D', 'C', 'B'], ['B', 'C', 'D', 'A'], ['D', 'B', 'C', 'A']]","{'C': 5, 'D': 5, 'A': 3, 'B': 2}","[1.0, 1.0, 0.58]",4.08
98,"[2, 4, 5]","[4, 4, 3]","[0.88, 0.88, 0.46]","[['A', 'D', 'C', 'B'], ['B', 'C', 'D', 'A'], ['D', 'C', 'A', 'B']]","{'C': 5, 'D': 5, 'A': 4, 'B': 1}","[1.0, 1.0, 0.58]",4.08
98,"[2, 4, 5]","[4, 4, 3]","[0.88, 0.88, 0.46]","[['A', 'D', 'C', 'B'], ['B', 'C', 'D', 'A'], ['D', 'C', 'B', 'A']]","{'C': 5, 'D': 5, 'A': 3, 'B': 2}","[1.0, 1.0, 0.58]",4.08
98,"[2, 4, 5]","[4, 4, 3]","[0.88, 0.88, 0.46]","[['A', 'D', 'C', 'B'], ['B', 'D', 'C', 'A'], ['A', 'C', 'D', 'B']]","{'C': 5, 'D': 5, 'A': 4, 'B': 1}","[1.0, 1.0, 0.58]",4.08
98,"[2, 4, 5]","[4, 4, 3]","[0.88, 0.88, 0.46]","[['A', 'D', 'C', 'B'], ['B', 'D', 'C', 'A'], ['A', 'D', 'C', 'B']]","{'C': 5, 'D': 5, 'A': 4, 'B': 1}","[1.0, 1.0, 0.58]",4.08
98,"[2, 4, 5]","[4, 4, 3]","[0.88, 0.88, 0.46]","[['A', 'D', 'C', 'B'], ['B', 'D', 'C', 'A'], ['B', 'C', 'D', 'A']]","{'C': 5, 'D': 5, 'A': 3, 'B': 2}","[1.0, 1.0, 0.58]",4.08
98,"[2, 4, 5]","[4, 4, 3]","[0.88, 0.88, 0.46]","[['A', 'D', 'C', 'B'], ['B', 'D', 'C', 'A'], ['B', 'D', 'C', 'A']]","{'C': 5, 'D': 5, 'A': 3, 'B': 2}","[1.0, 1.0, 0.58]",4.08
98,"[2, 4, 5]","[4, 4, 3]","[0.88, 0.88, 0.46]","[['A', 'D', 'C', 'B'], ['B', 'D', 'C', 'A'], ['C', 'A', 'D', 'B']]","{'C': 5, 'D': 5, 'A': 4, 'B': 1}","[1.0, 1.0, 0.58]",4.08
98,"[2, 4, 5]","[4, 4, 3]","[0.88, 0.88, 0.46]","[['A', 'D', 'C', 'B'], ['B', 'D', 'C', 'A'], ['C', 'B', 'D', 'A']]","{'C': 5, 'D': 5, 'A': 3, 'B': 2}","[1.0, 1.0, 0.58]",4.08
98,"[2, 4, 5]","[4, 4, 3]","[0.88, 0.88, 0.46]","[['A', 'D', 'C', 'B'], ['B', 'D', 'C', 'A'], ['C', 'D', 'A', 'B']]","{'C': 5, 'D': 5, 'A': 4, 'B': 1}","[1.0, 1.0, 0.58]",4.08
98,"[2, 4, 5]","[4, 4, 3]","[0.88, 0.88, 0.46]","[['A', 'D', 'C', 'B'], ['B', 'D', 'C', 'A'], ['C', 'D', 'B', 'A']]","{'C': 5, 'D': 5, 'A': 3, 'B': 2}","[1.0, 1.0, 0.58]",4.08
98,"[2, 4, 5]","[4, 4, 3]","[0.88, 0.88, 0.46]","[['A', 'D', 'C', 'B'], ['B', 'D', 'C', 'A'], ['D', 'A', 'C', 'B']]","{'C': 5, 'D': 5, 'A': 4, 'B': 1}","[1.0, 1.0, 0.58]",4.08
98,"[2, 4, 5]","[4, 4, 3]","[0.88, 0.88, 0.46]","[['A', 'D', 'C', 'B'], ['B', 'D', 'C', 'A'], ['D', 'B', 'C', 'A']]","{'C': 5, 'D': 5, 'A': 3, 'B': 2}","[1.0, 1.0, 0.58]",4.08
98,"[2, 4, 5]","[4, 4, 3]","[0.88, 0.88, 0.46]","[['A', 'D', 'C', 'B'], ['B', 'D', 'C', 'A'], ['D', 'C', 'A', 'B']]","{'C': 5, 'D': 5, 'A': 4, 'B': 1}","[1.0, 1.0, 0.58]",4.08
98,"[2, 4, 5]","[4, 4, 3]","[0.88, 0.88, 0.46]","[['A', 'D', 'C', 'B'], ['B', 'D', 'C', 'A'], ['D', 'C', 'B', 'A']]","{'C': 5, 'D': 5, 'A': 3, 'B': 2}","[1.0, 1.0, 0.58]",4.08
98,"[2, 4, 5]","[4, 4, 3]","[0.88, 0.88, 0.46]","[['A', 'D', 'C', 'B'], ['C', 'A', 'D', 'B'], ['B', 'C', 'D', 'A']]","{'C': 5, 'D': 5, 'A': 4, 'B': 1}","[1.0, 1.0, 0.58]",4.08
98,"[2, 4, 5]","[4, 4, 3]","[0.88, 0.88, 0.46]","[['A', 'D', 'C', 'B'], ['C', 'A', 'D', 'B'], ['B', 'D', 'C', 'A']]","{'C': 5, 'D': 5, 'A': 4, 'B': 1}","[1.0, 1.0, 0.58]",4.08
98,"[2, 4, 5]","[4, 4, 3]","[0.88, 0.88, 0.46]","[['A', 'D', 'C', 'B'], ['C', 'A', 'D', 'B'], ['C', 'B', 'D', 'A']]","{'C': 5, 'D': 5, 'A': 4, 'B': 1}","[1.0, 1.0, 0.58]",4.08
98,"[2, 4, 5]","[4, 4, 3]","[0.88, 0.88, 0.46]","[['A', 'D', 'C', 'B'], ['C', 'A', 'D', 'B'], ['C', 'D', 'B', 'A']]","{'C': 5, 'D': 5, 'A': 4, 'B': 1}","[1.0, 1.0, 0.58]",4.08
98,"[2, 4, 5]","[4, 4, 3]","[0.88, 0.88, 0.46]","[['A', 'D', 'C', 'B'], ['C', 'A', 'D', 'B'], ['D', 'B', 'C', 'A']]","{'C': 5, 'D': 5, 'A': 4, 'B': 1}","[1.0, 1.0, 0.58]",4.08
98,"[2, 4, 5]","[4, 4, 3]","[0.88, 0.88, 0.46]","[['A', 'D', 'C', 'B'], ['C', 'A', 'D', 'B'], ['D', 'C', 'B', 'A']]","{'C': 5, 'D': 5, 'A': 4, 'B': 1}","[1.0, 1.0, 0.58]",4.08
98,"[2, 4, 5]","[4, 4, 3]","[0.88, 0.88, 0.46]","[['A', 'D', 'C', 'B'], ['C', 'B', 'D', 'A'], ['A', 'C', 'D', 'B']]","{'C': 5, 'D': 5, 'A': 4, 'B': 1}","[1.0, 1.0, 0.58]",4.08
98,"[2, 4, 5]","[4, 4, 3]","[0.88, 0.88, 0.46]","[['A', 'D', 'C', 'B'], ['C', 'B', 'D', 'A'], ['A', 'D', 'C', 'B']]","{'C': 5, 'D': 5, 'A': 4, 'B': 1}","[1.0, 1.0, 0.58]",4.08
98,"[2, 4, 5]","[4, 4, 3]","[0.88, 0.88, 0.46]","[['A', 'D', 'C', 'B'], ['C', 'B', 'D', 'A'], ['B', 'C', 'D', 'A']]","{'C': 5, 'D': 5, 'A': 3, 'B': 2}","[1.0, 1.0, 0.58]",4.08
98,"[2, 4, 5]","[4, 4, 3]","[0.88, 0.88, 0.46]","[['A', 'D', 'C', 'B'], ['C', 'B', 'D', 'A'], ['B', 'D', 'C', 'A']]","{'C': 5, 'D': 5, 'A': 3, 'B': 2}","[1.0, 1.0, 0.58]",4.08
98,"[2, 4, 5]","[4, 4, 3]","[0.88, 0.88, 0.46]","[['A', 'D', 'C', 'B'], ['C', 'B', 'D', 'A'], ['C', 'A', 'D', 'B']]","{'C': 5, 'D': 5, 'A': 4, 'B': 1}","[1.0, 1.0, 0.58]",4.08
98,"[2, 4, 5]","[4, 4, 3]","[0.88, 0.88, 0.46]","[['A', 'D', 'C', 'B'], ['C', 'B', 'D', 'A'], ['C', 'B', 'D', 'A']]","{'C': 5, 'D': 5, 'A': 3, 'B': 2}","[1.0, 1.0, 0.58]",4.08
98,"[2, 4, 5]","[4, 4, 3]","[0.88, 0.88, 0.46]","[['A', 'D', 'C', 'B'], ['C', 'B', 'D', 'A'], ['C', 'D', 'A', 'B']]","{'C': 5, 'D': 5, 'A': 4, 'B': 1}","[1.0, 1.0, 0.58]",4.08
98,"[2, 4, 5]","[4, 4, 3]","[0.88, 0.88, 0.46]","[['A', 'D', 'C', 'B'], ['C', 'B', 'D', 'A'], ['C', 'D', 'B', 'A']]","{'C': 5, 'D': 5, 'A': 3, 'B': 2}","[1.0, 1.0, 0.58]",4.08
98,"[2, 4, 5]","[4, 4, 3]","[0.88, 0.88, 0.46]","[['A', 'D', 'C', 'B'], ['C', 'B', 'D', 'A'], ['D', 'A', 'C', 'B']]","{'C': 5, 'D': 5, 'A': 4, 'B': 1}","[1.0, 1.0, 0.58]",4.08
98,"[2, 4, 5]","[4, 4, 3]","[0.88, 0.88, 0.46]","[['A', 'D', 'C', 'B'], ['C', 'B', 'D', 'A'], ['D', 'B', 'C', 'A']]","{'C': 5, 'D': 5, 'A': 3, 'B': 2}","[1.0, 1.0, 0.58]",4.08
98,"[2, 4, 5]","[4, 4, 3]","[0.88, 0.88, 0.46]","[['A', 'D', 'C', 'B'], ['C', 'B', 'D', 'A'], ['D', 'C', 'A', 'B']]","{'C': 5, 'D': 5, 'A': 4, 'B': 1}","[1.0, 1.0, 0.58]",4.08
98,"[2, 4, 5]","[4, 4, 3]","[0.88, 0.88, 0.46]","[['A', 'D', 'C', 'B'], ['C', 'B', 'D', 'A'], ['D', 'C', 'B', 'A']]","{'C': 5, 'D': 5, 'A': 3, 'B': 2}","[1.0, 1.0, 0.58]",4.08
98,"[2, 4, 5]","[4, 4, 3]","[0.88, 0.88, 0.46]","[['A', 'D', 'C', 'B'], ['C', 'D', 'A', 'B'], ['B', 'C', 'D', 'A']]","{'C': 5, 'D': 5, 'A': 4, 'B': 1}","[1.0, 1.0, 0.58]",4.08
98,"[2, 4, 5]","[4, 4, 3]","[0.88, 0.88, 0.46]","[['A', 'D', 'C', 'B'], ['C', 'D', 'A', 'B'], ['B', 'D', 'C', 'A']]","{'C': 5, 'D': 5, 'A': 4, 'B': 1}","[1.0, 1.0, 0.58]",4.08
98,"[2, 4, 5]","[4, 4, 3]","[0.88, 0.88, 0.46]","[['A', 'D', 'C', 'B'], ['C', 'D', 'A', 'B'], ['C', 'B', 'D', 'A']]","{'C': 5, 'D': 5, 'A': 4, 'B': 1}","[1.0, 1.0, 0.58]",4.08
98,"[2, 4, 5]","[4, 4, 3]","[0.88, 0.88, 0.46]","[['A', 'D', 'C', 'B'], ['C', 'D', 'A', 'B'], ['C', 'D', 'B', 'A']]","{'C': 5, 'D': 5, 'A': 4, 'B': 1}","[1.0, 1.0, 0.58]",4.08
98,"[2, 4, 5]","[4, 4, 3]","[0.88, 0.88, 0.46]","[['A', 'D', 'C', 'B'], ['C', 'D', 'A', 'B'], ['D', 'B', 'C', 'A']]","{'C': 5, 'D': 5, 'A': 4, 'B': 1}","[1.0, 1.0, 0.58]",4.08
98,"[2, 4, 5]","[4, 4, 3]","[0.88, 0.88, 0.46]","[['A', 'D', 'C', 'B'], ['C', 'D', 'A', 'B'], ['D', 'C', 'B', 'A']]","{'C': 5, 'D': 5, 'A': 4, 'B': 1}","[1.0, 1.0, 0.58]",4.08
98,"[2, 4, 5]","[4, 4, 3]","[0.88, 0.88, 0.46]","[['A', 'D', 'C', 'B'], ['C', 'D', 'B', 'A'], ['A', 'C', 'D', 'B']]","{'C': 5, 'D': 5, 'A': 4, 'B': 1}","[1.0, 1.0, 0.58]",4.08
98,"[2, 4, 5]","[4, 4, 3]","[0.88, 0.88, 0.46]","[['A', 'D', 'C', 'B'], ['C', 'D', 'B', 'A'], ['A', 'D', 'C', 'B']]","{'C': 5, 'D': 5, 'A': 4, 'B': 1}","[1.0, 1.0, 0.58]",4.08
98,"[2, 4, 5]","[4, 4, 3]","[0.88, 0.88, 0.46]","[['A', 'D', 'C', 'B'], ['C', 'D', 'B', 'A'], ['B', 'C', 'D', 'A']]","{'C': 5, 'D': 5, 'A': 3, 'B': 2}","[1.0, 1.0, 0.58]",4.08
98,"[2, 4, 5]","[4, 4, 3]","[0.88, 0.88, 0.46]","[['A', 'D', 'C', 'B'], ['C', 'D', 'B', 'A'], ['B', 'D', 'C', 'A']]","{'C': 5, 'D': 5, 'A': 3, 'B': 2}","[1.0, 1.0, 0.58]",4.08
98,"[2, 4, 5]","[4, 4, 3]","[0.88, 0.88, 0.46]","[['A', 'D', 'C', 'B'], ['C', 'D', 'B', 'A'], ['C', 'A', 'D', 'B']]","{'C': 5, 'D': 5, 'A': 4, 'B': 1}","[1.0, 1.0, 0.58]",4.08
98,"[2, 4, 5]","[4, 4, 3]","[0.88, 0.88, 0.46]","[['A', 'D', 'C', 'B'], ['C', 'D', 'B', 'A'], ['C', 'B', 'D', 'A']]","{'C': 5, 'D': 5, 'A': 3, 'B': 2}","[1.0, 1.0, 0.58]",4.08
98,"[2, 4, 5]","[4, 4, 3]","[0.88, 0.88, 0.46]","[['A', 'D', 'C', 'B'], ['C', 'D', 'B', 'A'], ['C', 'D', 'A', 'B']]","{'C': 5, 'D': 5, 'A': 4, 'B': 1}","[1.0, 1.0, 0.58]",4.08
98,"[2, 4, 5]","[4, 4, 3]","[0.88, 0.88, 0.46]","[['A', 'D', 'C', 'B'], ['C', 'D', 'B', 'A'], ['C', 'D', 'B', 'A']]","{'C': 5, 'D': 5, 'A': 3, 'B': 2}","[1.0, 1.0, 0.58]",4.08
98,"[2, 4, 5]","[4, 4, 3]","[0.88, 0.88, 0.46]","[['A', 'D', 'C', 'B'], ['C', 'D', 'B', 'A'], ['D', 'A', 'C', 'B']]","{'C': 5, 'D': 5, 'A': 4, 'B': 1}","[1.0, 1.0, 0.58]",4.08
98,"[2, 4, 5]","[4, 4, 3]","[0.88, 0.88, 0.46]","[['A', 'D', 'C', 'B'], ['C', 'D', 'B', 'A'], ['D', 'B', 'C', 'A']]","{'C': 5, 'D': 5, 'A': 3, 'B': 2}","[1.0, 1.0, 0.58]",4.08
98,"[2, 4, 5]","[4, 4, 3]","[0.88, 0.88, 0.46]","[['A', 'D', 'C', 'B'], ['C', 'D', 'B', 'A'], ['D', 'C', 'A', 'B']]","{'C': 5, 'D': 5, 'A': 4, 'B': 1}","[1.0, 1.0, 0.58]",4.08
98,"[2, 4, 5]","[4, 4, 3]","[0.88, 0.88, 0.46]","[['A', 'D', 'C', 'B'], ['C', 'D', 'B', 'A'], ['D', 'C', 'B', 'A']]","{'C': 5, 'D': 5, 'A': 3, 'B': 2}","[1.0, 1.0, 0.58]",4.08
98,"[2, 4, 5]","[4, 4, 3]","[0.88, 0.88, 0.46]","[['A', 'D', 'C', 'B'], ['D', 'A', 'C', 'B'], ['B', 'C', 'D', 'A']]","{'C': 5, 'D': 5, 'A': 4, 'B': 1}","[1.0, 1.0, 0.58]",4.08
98,"[2, 4, 5]","[4, 4, 3]","[0.88, 0.88, 0.46]","[['A', 'D', 'C', 'B'], ['D', 'A', 'C', 'B'], ['B', 'D', 'C', 'A']]","{'C': 5, 'D': 5, 'A': 4, 'B': 1}","[1.0, 1.0, 0.58]",4.08
98,"[2, 4, 5]","[4, 4, 3]","[0.88, 0.88, 0.46]","[['A', 'D', 'C', 'B'], ['D', 'A', 'C', 'B'], ['C', 'B', 'D', 'A']]","{'C': 5, 'D': 5, 'A': 4, 'B': 1}","[1.0, 1.0, 0.58]",4.08
98,"[2, 4, 5]","[4, 4, 3]","[0.88, 0.88, 0.46]","[['A', 'D', 'C', 'B'], ['D', 'A', 'C', 'B'], ['C', 'D', 'B', 'A']]","{'C': 5, 'D': 5, 'A': 4, 'B': 1}","[1.0, 1.0, 0.58]",4.08
98,"[2, 4, 5]","[4, 4, 3]","[0.88, 0.88, 0.46]","[['A', 'D', 'C', 'B'], ['D', 'A', 'C', 'B'], ['D', 'B', 'C', 'A']]","{'C': 5, 'D': 5, 'A': 4, 'B': 1}","[1.0, 1.0, 0.58]",4.08
98,"[2, 4, 5]","[4, 4, 3]","[0.88, 0.88, 0.46]","[['A', 'D', 'C', 'B'], ['D', 'A', 'C', 'B'], ['D', 'C', 'B', 'A']]","{'C': 5, 'D': 5, 'A': 4, 'B': 1}","[1.0, 1.0, 0.58]",4.08
98,"[2, 4, 5]","[4, 4, 3]","[0.88, 0.88, 0.46]","[['A', 'D', 'C', 'B'], ['D', 'B', 'C', 'A'], ['A', 'C', 'D', 'B']]","{'C': 5, 'D': 5, 'A': 4, 'B': 1}","[1.0, 1.0, 0.58]",4.08
98,"[2, 4, 5]","[4, 4, 3]","[0.88, 0.88, 0.46]","[['A', 'D', 'C', 'B'], ['D', 'B', 'C', 'A'], ['A', 'D', 'C', 'B']]","{'C': 5, 'D': 5, 'A': 4, 'B': 1}","[1.0, 1.0, 0.58]",4.08
98,"[2, 4, 5]","[4, 4, 3]","[0.88, 0.88, 0.46]","[['A', 'D', 'C', 'B'], ['D', 'B', 'C', 'A'], ['B', 'C', 'D', 'A']]","{'C': 5, 'D': 5, 'A': 3, 'B': 2}","[1.0, 1.0, 0.58]",4.08
98,"[2, 4, 5]","[4, 4, 3]","[0.88, 0.88, 0.46]","[['A', 'D', 'C', 'B'], ['D', 'B', 'C', 'A'], ['B', 'D', 'C', 'A']]","{'C': 5, 'D': 5, 'A': 3, 'B': 2}","[1.0, 1.0, 0.58]",4.08
98,"[2, 4, 5]","[4, 4, 3]","[0.88, 0.88, 0.46]","[['A', 'D', 'C', 'B'], ['D', 'B', 'C', 'A'], ['C', 'A', 'D', 'B']]","{'C': 5, 'D': 5, 'A': 4, 'B': 1}","[1.0, 1.0, 0.58]",4.08
98,"[2, 4, 5]","[4, 4, 3]","[0.88, 0.88, 0.46]","[['A', 'D', 'C', 'B'], ['D', 'B', 'C', 'A'], ['C', 'B', 'D', 'A']]","{'C': 5, 'D': 5, 'A': 3, 'B': 2}","[1.0, 1.0, 0.58]",4.08
98,"[2, 4, 5]","[4, 4, 3]","[0.88, 0.88, 0.46]","[['A', 'D', 'C', 'B'], ['D', 'B', 'C', 'A'], ['C', 'D', 'A', 'B']]","{'C': 5, 'D': 5, 'A': 4, 'B': 1}","[1.0, 1.0, 0.58]",4.08
98,"[2, 4, 5]","[4, 4, 3]","[0.88, 0.88, 0.46]","[['A', 'D', 'C', 'B'], ['D', 'B', 'C', 'A'], ['C', 'D', 'B', 'A']]","{'C': 5, 'D': 5, 'A': 3, 'B': 2}","[1.0, 1.0, 0.58]",4.08
98,"[2, 4, 5]","[4, 4, 3]","[0.88, 0.88, 0.46]","[['A', 'D', 'C', 'B'], ['D', 'B', 'C', 'A'], ['D', 'A', 'C', 'B']]","{'C': 5, 'D': 5, 'A': 4, 'B': 1}","[1.0, 1.0, 0.58]",4.08
98,"[2, 4, 5]","[4, 4, 3]","[0.88, 0.88, 0.46]","[['A', 'D', 'C', 'B'], ['D', 'B', 'C', 'A'], ['D', 'B', 'C', 'A']]","{'C': 5, 'D': 5, 'A': 3, 'B': 2}","[1.0, 1.0, 0.58]",4.08
98,"[2, 4, 5]","[4, 4, 3]","[0.88, 0.88, 0.46]","[['A', 'D', 'C', 'B'], ['D', 'B', 'C', 'A'], ['D', 'C', 'A', 'B']]","{'C': 5, 'D': 5, 'A': 4, 'B': 1}","[1.0, 1.0, 0.58]",4.08
98,"[2, 4, 5]","[4, 4, 3]","[0.88, 0.88, 0.46]","[['A', 'D', 'C', 'B'], ['D', 'B', 'C', 'A'], ['D', 'C', 'B', 'A']]","{'C': 5, 'D': 5, 'A': 3, 'B': 2}","[1.0, 1.0, 0.58]",4.08
98,"[2, 4, 5]","[4, 4, 3]","[0.88, 0.88, 0.46]","[['A', 'D', 'C', 'B'], ['D', 'C', 'A', 'B'], ['B', 'C', 'D', 'A']]","{'C': 5, 'D': 5, 'A': 4, 'B': 1}","[1.0, 1.0, 0.58]",4.08
98,"[2, 4, 5]","[4, 4, 3]","[0.88, 0.88, 0.46]","[['A', 'D', 'C', 'B'], ['D', 'C', 'A', 'B'], ['B', 'D', 'C', 'A']]","{'C': 5, 'D': 5, 'A': 4, 'B': 1}","[1.0, 1.0, 0.58]",4.08
98,"[2, 4, 5]","[4, 4, 3]","[0.88, 0.88, 0.46]","[['A', 'D', 'C', 'B'], ['D', 'C', 'A', 'B'], ['C', 'B', 'D', 'A']]","{'C': 5, 'D': 5, 'A': 4, 'B': 1}","[1.0, 1.0, 0.58]",4.08
98,"[2, 4, 5]","[4, 4, 3]","[0.88, 0.88, 0.46]","[['A', 'D', 'C', 'B'], ['D', 'C', 'A', 'B'], ['C', 'D', 'B', 'A']]","{'C': 5, 'D': 5, 'A': 4, 'B': 1}","[1.0, 1.0, 0.58]",4.08
98,"[2, 4, 5]","[4, 4, 3]","[0.88, 0.88, 0.46]","[['A', 'D', 'C', 'B'], ['D', 'C', 'A', 'B'], ['D', 'B', 'C', 'A']]","{'C': 5, 'D': 5, 'A': 4, 'B': 1}","[1.0, 1.0, 0.58]",4.08
98,"[2, 4, 5]","[4, 4, 3]","[0.88, 0.88, 0.46]","[['A', 'D', 'C', 'B'], ['D', 'C', 'A', 'B'], ['D', 'C', 'B', 'A']]","{'C': 5, 'D': 5, 'A': 4, 'B': 1}","[1.0, 1.0, 0.58]",4.08
98,"[2, 4, 5]","[4, 4, 3]","[0.88, 0.88, 0.46]","[['A', 'D', 'C', 'B'], ['D', 'C', 'B', 'A'], ['A', 'C', 'D', 'B']]","{'C': 5, 'D': 5, 'A': 4, 'B': 1}","[1.0, 1.0, 0.58]",4.08
98,"[2, 4, 5]","[4, 4, 3]","[0.88, 0.88, 0.46]","[['A', 'D', 'C', 'B'], ['D', 'C', 'B', 'A'], ['A', 'D', 'C', 'B']]","{'C': 5, 'D': 5, 'A': 4, 'B': 1}","[1.0, 1.0, 0.58]",4.08
98,"[2, 4, 5]","[4, 4, 3]","[0.88, 0.88, 0.46]","[['A', 'D', 'C', 'B'], ['D', 'C', 'B', 'A'], ['B', 'C', 'D', 'A']]","{'C': 5, 'D': 5, 'A': 3, 'B': 2}","[1.0, 1.0, 0.58]",4.08
98,"[2, 4, 5]","[4, 4, 3]","[0.88, 0.88, 0.46]","[['A', 'D', 'C', 'B'], ['D', 'C', 'B', 'A'], ['B', 'D', 'C', 'A']]","{'C': 5, 'D': 5, 'A': 3, 'B': 2}","[1.0, 1.0, 0.58]",4.08
98,"[2, 4, 5]","[4, 4, 3]","[0.88, 0.88, 0.46]","[['A', 'D', 'C', 'B'], ['D', 'C', 'B', 'A'], ['C', 'A', 'D', 'B']]","{'C': 5, 'D': 5, 'A': 4, 'B': 1}","[1.0, 1.0, 0.58]",4.08
98,"[2, 4, 5]","[4, 4, 3]","[0.88, 0.88, 0.46]","[['A', 'D', 'C', 'B'], ['D', 'C', 'B', 'A'], ['C', 'B', 'D', 'A']]","{'C': 5, 'D': 5, 'A': 3, 'B': 2}","[1.0, 1.0, 0.58]",4.08
98,"[2, 4, 5]","[4, 4, 3]","[0.88, 0.88, 0.46]","[['A', 'D', 'C', 'B'], ['D', 'C', 'B', 'A'], ['C', 'D', 'A', 'B']]","{'C': 5, 'D': 5, 'A': 4, 'B': 1}","[1.0, 1.0, 0.58]",4.08
98,"[2, 4, 5]","[4, 4, 3]","[0.88, 0.88, 0.46]","[['A', 'D', 'C', 'B'], ['D', 'C', 'B', 'A'], ['C', 'D', 'B', 'A']]","{'C': 5, 'D': 5, 'A': 3, 'B': 2}","[1.0, 1.0, 0.58]",4.08
98,"[2, 4, 5]","[4, 4, 3]","[0.88, 0.88, 0.46]","[['A', 'D', 'C', 'B'], ['D', 'C', 'B', 'A'], ['D', 'A', 'C', 'B']]","{'C': 5, 'D': 5, 'A': 4, 'B': 1}","[1.0, 1.0, 0.58]",4.08
98,"[2, 4, 5]","[4, 4, 3]","[0.88, 0.88, 0.46]","[['A', 'D', 'C', 'B'], ['D', 'C', 'B', 'A'], ['D', 'B', 'C', 'A']]","{'C': 5, 'D': 5, 'A': 3, 'B': 2}","[1.0, 1.0, 0.58]",4.08
98,"[2, 4, 5]","[4, 4, 3]","[0.88, 0.88, 0.46]","[['A', 'D', 'C', 'B'], ['D', 'C', 'B', 'A'], ['D', 'C', 'A', 'B']]","{'C': 5, 'D': 5, 'A': 4, 'B': 1}","[1.0, 1.0, 0.58]",4.08
98,"[2, 4, 5]","[4, 4, 3]","[0.88, 0.88, 0.46]","[['A', 'D', 'C', 'B'], ['D', 'C', 'B', 'A'], ['D', 'C', 'B', 'A']]","{'C': 5, 'D': 5, 'A': 3, 'B': 2}","[1.0, 1.0, 0.58]",4.08
98,"[2, 4, 5]","[4, 4, 3]","[0.88, 0.88, 0.46]","[['B', 'A', 'C', 'D'], ['B', 'C', 'D', 'A'], ['B', 'C', 'D', 'A']]","{'C': 5, 'D': 4, 'A': 3, 'B': 3}","[1.0, 1.0, 0.58]",4.08
98,"[2, 4, 5]","[4, 4, 3]","[0.88, 0.88, 0.46]","[['B', 'A', 'C', 'D'], ['B', 'C', 'D', 'A'], ['B', 'D', 'C', 'A']]","{'C': 5, 'D': 4, 'A': 3, 'B': 3}","[1.0, 1.0, 0.58]",4.08
98,"[2, 4, 5]","[4, 4, 3]","[0.88, 0.88, 0.46]","[['B', 'A', 'C', 'D'], ['B', 'C', 'D', 'A'], ['C', 'B', 'D', 'A']]","{'C': 5, 'D': 4, 'A': 3, 'B': 3}","[1.0, 1.0, 0.58]",4.08
98,"[2, 4, 5]","[4, 4, 3]","[0.88, 0.88, 0.46]","[['B', 'A', 'C', 'D'], ['B', 'C', 'D', 'A'], ['C', 'D', 'B', 'A']]","{'C': 5, 'D': 4, 'A': 3, 'B': 3}","[1.0, 1.0, 0.58]",4.08
98,"[2, 4, 5]","[4, 4, 3]","[0.88, 0.88, 0.46]","[['B', 'A', 'C', 'D'], ['B', 'C', 'D', 'A'], ['D', 'B', 'C', 'A']]","{'C': 5, 'D': 4, 'A': 3, 'B': 3}","[1.0, 1.0, 0.58]",4.08
98,"[2, 4, 5]","[4, 4, 3]","[0.88, 0.88, 0.46]","[['B', 'A', 'C', 'D'], ['B', 'C', 'D', 'A'], ['D', 'C', 'B', 'A']]","{'C': 5, 'D': 4, 'A': 3, 'B': 3}","[1.0, 1.0, 0.58]",4.08
98,"[2, 4, 5]","[4, 4, 3]","[0.88, 0.88, 0.46]","[['B', 'A', 'C', 'D'], ['B', 'D', 'C', 'A'], ['B', 'C', 'D', 'A']]","{'C': 5, 'D': 4, 'A': 3, 'B': 3}","[1.0, 1.0, 0.58]",4.08
98,"[2, 4, 5]","[4, 4, 3]","[0.88, 0.88, 0.46]","[['B', 'A', 'C', 'D'], ['B', 'D', 'C', 'A'], ['B', 'D', 'C', 'A']]","{'C': 5, 'D': 4, 'A': 3, 'B': 3}","[1.0, 1.0, 0.58]",4.08
98,"[2, 4, 5]","[4, 4, 3]","[0.88, 0.88, 0.46]","[['B', 'A', 'C', 'D'], ['B', 'D', 'C', 'A'], ['C', 'B', 'D', 'A']]","{'C': 5, 'D': 4, 'A': 3, 'B': 3}","[1.0, 1.0, 0.58]",4.08
98,"[2, 4, 5]","[4, 4, 3]","[0.88, 0.88, 0.46]","[['B', 'A', 'C', 'D'], ['B', 'D', 'C', 'A'], ['C', 'D', 'B', 'A']]","{'C': 5, 'D': 4, 'A': 3, 'B': 3}","[1.0, 1.0, 0.58]",4.08
98,"[2, 4, 5]","[4, 4, 3]","[0.88, 0.88, 0.46]","[['B', 'A', 'C', 'D'], ['B', 'D', 'C', 'A'], ['D', 'B', 'C', 'A']]","{'C': 5, 'D': 4, 'A': 3, 'B': 3}","[1.0, 1.0, 0.58]",4.08
98,"[2, 4, 5]","[4, 4, 3]","[0.88, 0.88, 0.46]","[['B', 'A', 'C', 'D'], ['B', 'D', 'C', 'A'], ['D', 'C', 'B', 'A']]","{'C': 5, 'D': 4, 'A': 3, 'B': 3}","[1.0, 1.0, 0.58]",4.08
98,"[2, 4, 5]","[4, 4, 3]","[0.88, 0.88, 0.46]","[['B', 'A', 'C', 'D'], ['C', 'B', 'D', 'A'], ['B', 'C', 'D', 'A']]","{'C': 5, 'D': 4, 'A': 3, 'B': 3}","[1.0, 1.0, 0.58]",4.08
98,"[2, 4, 5]","[4, 4, 3]","[0.88, 0.88, 0.46]","[['B', 'A', 'C', 'D'], ['C', 'B', 'D', 'A'], ['B', 'D', 'C', 'A']]","{'C': 5, 'D': 4, 'A': 3, 'B': 3}","[1.0, 1.0, 0.58]",4.08
98,"[2, 4, 5]","[4, 4, 3]","[0.88, 0.88, 0.46]","[['B', 'A', 'C', 'D'], ['C', 'B', 'D', 'A'], ['C', 'B', 'D', 'A']]","{'C': 5, 'D': 4, 'A': 3, 'B': 3}","[1.0, 1.0, 0.58]",4.08
98,"[2, 4, 5]","[4, 4, 3]","[0.88, 0.88, 0.46]","[['B', 'A', 'C', 'D'], ['C', 'B', 'D', 'A'], ['C', 'D', 'B', 'A']]","{'C': 5, 'D': 4, 'A': 3, 'B': 3}","[1.0, 1.0, 0.58]",4.08
98,"[2, 4, 5]","[4, 4, 3]","[0.88, 0.88, 0.46]","[['B', 'A', 'C', 'D'], ['C', 'B', 'D', 'A'], ['D', 'B', 'C', 'A']]","{'C': 5, 'D': 4, 'A': 3, 'B': 3}","[1.0, 1.0, 0.58]",4.08
98,"[2, 4, 5]","[4, 4, 3]","[0.88, 0.88, 0.46]","[['B', 'A', 'C', 'D'], ['C', 'B', 'D', 'A'], ['D', 'C', 'B', 'A']]","{'C': 5, 'D': 4, 'A': 3, 'B': 3}","[1.0, 1.0, 0.58]",4.08
98,"[2, 4, 5]","[4, 4, 3]","[0.88, 0.88, 0.46]","[['B', 'A', 'C', 'D'], ['C', 'D', 'B', 'A'], ['B', 'C', 'D', 'A']]","{'C': 5, 'D': 4, 'A': 3, 'B': 3}","[1.0, 1.0, 0.58]",4.08
98,"[2, 4, 5]","[4, 4, 3]","[0.88, 0.88, 0.46]","[['B', 'A', 'C', 'D'], ['C', 'D', 'B', 'A'], ['B', 'D', 'C', 'A']]","{'C': 5, 'D': 4, 'A': 3, 'B': 3}","[1.0, 1.0, 0.58]",4.08
98,"[2, 4, 5]","[4, 4, 3]","[0.88, 0.88, 0.46]","[['B', 'A', 'C', 'D'], ['C', 'D', 'B', 'A'], ['C', 'B', 'D', 'A']]","{'C': 5, 'D': 4, 'A': 3, 'B': 3}","[1.0, 1.0, 0.58]",4.08
98,"[2, 4, 5]","[4, 4, 3]","[0.88, 0.88, 0.46]","[['B', 'A', 'C', 'D'], ['C', 'D', 'B', 'A'], ['C', 'D', 'B', 'A']]","{'C': 5, 'D': 4, 'A': 3, 'B': 3}","[1.0, 1.0, 0.58]",4.08
98,"[2, 4, 5]","[4, 4, 3]","[0.88, 0.88, 0.46]","[['B', 'A', 'C', 'D'], ['C', 'D', 'B', 'A'], ['D', 'B', 'C', 'A']]","{'C': 5, 'D': 4, 'A': 3, 'B': 3}","[1.0, 1.0, 0.58]",4.08
98,"[2, 4, 5]","[4, 4, 3]","[0.88, 0.88, 0.46]","[['B', 'A', 'C', 'D'], ['C', 'D', 'B', 'A'], ['D', 'C', 'B', 'A']]","{'C': 5, 'D': 4, 'A': 3, 'B': 3}","[1.0, 1.0, 0.58]",4.08
98,"[2, 4, 5]","[4, 4, 3]","[0.88, 0.88, 0.46]","[['B', 'A', 'C', 'D'], ['D', 'B', 'C', 'A'], ['B', 'C', 'D', 'A']]","{'C': 5, 'D': 4, 'A': 3, 'B': 3}","[1.0, 1.0, 0.58]",4.08
98,"[2, 4, 5]","[4, 4, 3]","[0.88, 0.88, 0.46]","[['B', 'A', 'C', 'D'], ['D', 'B', 'C', 'A'], ['B', 'D', 'C', 'A']]","{'C': 5, 'D': 4, 'A': 3, 'B': 3}","[1.0, 1.0, 0.58]",4.08
98,"[2, 4, 5]","[4, 4, 3]","[0.88, 0.88, 0.46]","[['B', 'A', 'C', 'D'], ['D', 'B', 'C', 'A'], ['C', 'B', 'D', 'A']]","{'C': 5, 'D': 4, 'A': 3, 'B': 3}","[1.0, 1.0, 0.58]",4.08
98,"[2, 4, 5]","[4, 4, 3]","[0.88, 0.88, 0.46]","[['B', 'A', 'C', 'D'], ['D', 'B', 'C', 'A'], ['C', 'D', 'B', 'A']]","{'C': 5, 'D': 4, 'A': 3, 'B': 3}","[1.0, 1.0, 0.58]",4.08
98,"[2, 4, 5]","[4, 4, 3]","[0.88, 0.88, 0.46]","[['B', 'A', 'C', 'D'], ['D', 'B', 'C', 'A'], ['D', 'B', 'C', 'A']]","{'C': 5, 'D': 4, 'A': 3, 'B': 3}","[1.0, 1.0, 0.58]",4.08
98,"[2, 4, 5]","[4, 4, 3]","[0.88, 0.88, 0.46]","[['B', 'A', 'C', 'D'], ['D', 'B', 'C', 'A'], ['D', 'C', 'B', 'A']]","{'C': 5, 'D': 4, 'A': 3, 'B': 3}","[1.0, 1.0, 0.58]",4.08
98,"[2, 4, 5]","[4, 4, 3]","[0.88, 0.88, 0.46]","[['B', 'A', 'C', 'D'], ['D', 'C', 'B', 'A'], ['B', 'C', 'D', 'A']]","{'C': 5, 'D': 4, 'A': 3, 'B': 3}","[1.0, 1.0, 0.58]",4.08
98,"[2, 4, 5]","[4, 4, 3]","[0.88, 0.88, 0.46]","[['B', 'A', 'C', 'D'], ['D', 'C', 'B', 'A'], ['B', 'D', 'C', 'A']]","{'C': 5, 'D': 4, 'A': 3, 'B': 3}","[1.0, 1.0, 0.58]",4.08
98,"[2, 4, 5]","[4, 4, 3]","[0.88, 0.88, 0.46]","[['B', 'A', 'C', 'D'], ['D', 'C', 'B', 'A'], ['C', 'B', 'D', 'A']]","{'C': 5, 'D': 4, 'A': 3, 'B': 3}","[1.0, 1.0, 0.58]",4.08
98,"[2, 4, 5]","[4, 4, 3]","[0.88, 0.88, 0.46]","[['B', 'A', 'C', 'D'], ['D', 'C', 'B', 'A'], ['C', 'D', 'B', 'A']]","{'C': 5, 'D': 4, 'A': 3, 'B': 3}","[1.0, 1.0, 0.58]",4.08
98,"[2, 4, 5]","[4, 4, 3]","[0.88, 0.88, 0.46]","[['B', 'A', 'C', 'D'], ['D', 'C', 'B', 'A'], ['D', 'B', 'C', 'A']]","{'C': 5, 'D': 4, 'A': 3, 'B': 3}","[1.0, 1.0, 0.58]",4.08
98,"[2, 4, 5]","[4, 4, 3]","[0.88, 0.88, 0.46]","[['B', 'A', 'C', 'D'], ['D', 'C', 'B', 'A'], ['D', 'C', 'B', 'A']]","{'C': 5, 'D': 4, 'A': 3, 'B': 3}","[1.0, 1.0, 0.58]",4.08
98,"[2, 4, 5]","[4, 4, 3]","[0.88, 0.88, 0.46]","[['B', 'C', 'A', 'D'], ['B', 'C', 'D', 'A'], ['B', 'C', 'D', 'A']]","{'C': 5, 'D': 4, 'A': 3, 'B': 3}","[1.0, 1.0, 0.58]",4.08
98,"[2, 4, 5]","[4, 4, 3]","[0.88, 0.88, 0.46]","[['B', 'C', 'A', 'D'], ['B', 'C', 'D', 'A'], ['B', 'D', 'C', 'A']]","{'C': 5, 'D': 4, 'A': 3, 'B': 3}","[1.0, 1.0, 0.58]",4.08
98,"[2, 4, 5]","[4, 4, 3]","[0.88, 0.88, 0.46]","[['B', 'C', 'A', 'D'], ['B', 'C', 'D', 'A'], ['C', 'B', 'D', 'A']]","{'C': 5, 'D': 4, 'A': 3, 'B': 3}","[1.0, 1.0, 0.58]",4.08
98,"[2, 4, 5]","[4, 4, 3]","[0.88, 0.88, 0.46]","[['B', 'C', 'A', 'D'], ['B', 'C', 'D', 'A'], ['C', 'D', 'B', 'A']]","{'C': 5, 'D': 4, 'A': 3, 'B': 3}","[1.0, 1.0, 0.58]",4.08
98,"[2, 4, 5]","[4, 4, 3]","[0.88, 0.88, 0.46]","[['B', 'C', 'A', 'D'], ['B', 'C', 'D', 'A'], ['D', 'B', 'C', 'A']]","{'C': 5, 'D': 4, 'A': 3, 'B': 3}","[1.0, 1.0, 0.58]",4.08
98,"[2, 4, 5]","[4, 4, 3]","[0.88, 0.88, 0.46]","[['B', 'C', 'A', 'D'], ['B', 'C', 'D', 'A'], ['D', 'C', 'B', 'A']]","{'C': 5, 'D': 4, 'A': 3, 'B': 3}","[1.0, 1.0, 0.58]",4.08
98,"[2, 4, 5]","[4, 4, 3]","[0.88, 0.88, 0.46]","[['B', 'C', 'A', 'D'], ['B', 'D', 'C', 'A'], ['B', 'C', 'D', 'A']]","{'C': 5, 'D': 4, 'A': 3, 'B': 3}","[1.0, 1.0, 0.58]",4.08
98,"[2, 4, 5]","[4, 4, 3]","[0.88, 0.88, 0.46]","[['B', 'C', 'A', 'D'], ['B', 'D', 'C', 'A'], ['B', 'D', 'C', 'A']]","{'C': 5, 'D': 4, 'A': 3, 'B': 3}","[1.0, 1.0, 0.58]",4.08
98,"[2, 4, 5]","[4, 4, 3]","[0.88, 0.88, 0.46]","[['B', 'C', 'A', 'D'], ['B', 'D', 'C', 'A'], ['C', 'B', 'D', 'A']]","{'C': 5, 'D': 4, 'A': 3, 'B': 3}","[1.0, 1.0, 0.58]",4.08
98,"[2, 4, 5]","[4, 4, 3]","[0.88, 0.88, 0.46]","[['B', 'C', 'A', 'D'], ['B', 'D', 'C', 'A'], ['C', 'D', 'B', 'A']]","{'C': 5, 'D': 4, 'A': 3, 'B': 3}","[1.0, 1.0, 0.58]",4.08
98,"[2, 4, 5]","[4, 4, 3]","[0.88, 0.88, 0.46]","[['B', 'C', 'A', 'D'], ['B', 'D', 'C', 'A'], ['D', 'B', 'C', 'A']]","{'C': 5, 'D': 4, 'A': 3, 'B': 3}","[1.0, 1.0, 0.58]",4.08
98,"[2, 4, 5]","[4, 4, 3]","[0.88, 0.88, 0.46]","[['B', 'C', 'A', 'D'], ['B', 'D', 'C', 'A'], ['D', 'C', 'B', 'A']]","{'C': 5, 'D': 4, 'A': 3, 'B': 3}","[1.0, 1.0, 0.58]",4.08
98,"[2, 4, 5]","[4, 4, 3]","[0.88, 0.88, 0.46]","[['B', 'C', 'A', 'D'], ['C', 'B', 'D', 'A'], ['B', 'C', 'D', 'A']]","{'C': 5, 'D': 4, 'A': 3, 'B': 3}","[1.0, 1.0, 0.58]",4.08
98,"[2, 4, 5]","[4, 4, 3]","[0.88, 0.88, 0.46]","[['B', 'C', 'A', 'D'], ['C', 'B', 'D', 'A'], ['B', 'D', 'C', 'A']]","{'C': 5, 'D': 4, 'A': 3, 'B': 3}","[1.0, 1.0, 0.58]",4.08
98,"[2, 4, 5]","[4, 4, 3]","[0.88, 0.88, 0.46]","[['B', 'C', 'A', 'D'], ['C', 'B', 'D', 'A'], ['C', 'B', 'D', 'A']]","{'C': 5, 'D': 4, 'A': 3, 'B': 3}","[1.0, 1.0, 0.58]",4.08
98,"[2, 4, 5]","[4, 4, 3]","[0.88, 0.88, 0.46]","[['B', 'C', 'A', 'D'], ['C', 'B', 'D', 'A'], ['C', 'D', 'B', 'A']]","{'C': 5, 'D': 4, 'A': 3, 'B': 3}","[1.0, 1.0, 0.58]",4.08
98,"[2, 4, 5]","[4, 4, 3]","[0.88, 0.88, 0.46]","[['B', 'C', 'A', 'D'], ['C', 'B', 'D', 'A'], ['D', 'B', 'C', 'A']]","{'C': 5, 'D': 4, 'A': 3, 'B': 3}","[1.0, 1.0, 0.58]",4.08
98,"[2, 4, 5]","[4, 4, 3]","[0.88, 0.88, 0.46]","[['B', 'C', 'A', 'D'], ['C', 'B', 'D', 'A'], ['D', 'C', 'B', 'A']]","{'C': 5, 'D': 4, 'A': 3, 'B': 3}","[1.0, 1.0, 0.58]",4.08
98,"[2, 4, 5]","[4, 4, 3]","[0.88, 0.88, 0.46]","[['B', 'C', 'A', 'D'], ['C', 'D', 'B', 'A'], ['B', 'C', 'D', 'A']]","{'C': 5, 'D': 4, 'A': 3, 'B': 3}","[1.0, 1.0, 0.58]",4.08
98,"[2, 4, 5]","[4, 4, 3]","[0.88, 0.88, 0.46]","[['B', 'C', 'A', 'D'], ['C', 'D', 'B', 'A'], ['B', 'D', 'C', 'A']]","{'C': 5, 'D': 4, 'A': 3, 'B': 3}","[1.0, 1.0, 0.58]",4.08
98,"[2, 4, 5]","[4, 4, 3]","[0.88, 0.88, 0.46]","[['B', 'C', 'A', 'D'], ['C', 'D', 'B', 'A'], ['C', 'B', 'D', 'A']]","{'C': 5, 'D': 4, 'A': 3, 'B': 3}","[1.0, 1.0, 0.58]",4.08
98,"[2, 4, 5]","[4, 4, 3]","[0.88, 0.88, 0.46]","[['B', 'C', 'A', 'D'], ['C', 'D', 'B', 'A'], ['C', 'D', 'B', 'A']]","{'C': 5, 'D': 4, 'A': 3, 'B': 3}","[1.0, 1.0, 0.58]",4.08
98,"[2, 4, 5]","[4, 4, 3]","[0.88, 0.88, 0.46]","[['B', 'C', 'A', 'D'], ['C', 'D', 'B', 'A'], ['D', 'B', 'C', 'A']]","{'C': 5, 'D': 4, 'A': 3, 'B': 3}","[1.0, 1.0, 0.58]",4.08
98,"[2, 4, 5]","[4, 4, 3]","[0.88, 0.88, 0.46]","[['B', 'C', 'A', 'D'], ['C', 'D', 'B', 'A'], ['D', 'C', 'B', 'A']]","{'C': 5, 'D': 4, 'A': 3, 'B': 3}","[1.0, 1.0, 0.58]",4.08
98,"[2, 4, 5]","[4, 4, 3]","[0.88, 0.88, 0.46]","[['B', 'C', 'A', 'D'], ['D', 'B', 'C', 'A'], ['B', 'C', 'D', 'A']]","{'C': 5, 'D': 4, 'A': 3, 'B': 3}","[1.0, 1.0, 0.58]",4.08
98,"[2, 4, 5]","[4, 4, 3]","[0.88, 0.88, 0.46]","[['B', 'C', 'A', 'D'], ['D', 'B', 'C', 'A'], ['B', 'D', 'C', 'A']]","{'C': 5, 'D': 4, 'A': 3, 'B': 3}","[1.0, 1.0, 0.58]",4.08
98,"[2, 4, 5]","[4, 4, 3]","[0.88, 0.88, 0.46]","[['B', 'C', 'A', 'D'], ['D', 'B', 'C', 'A'], ['C', 'B', 'D', 'A']]","{'C': 5, 'D': 4, 'A': 3, 'B': 3}","[1.0, 1.0, 0.58]",4.08
98,"[2, 4, 5]","[4, 4, 3]","[0.88, 0.88, 0.46]","[['B', 'C', 'A', 'D'], ['D', 'B', 'C', 'A'], ['C', 'D', 'B', 'A']]","{'C': 5, 'D': 4, 'A': 3, 'B': 3}","[1.0, 1.0, 0.58]",4.08
98,"[2, 4, 5]","[4, 4, 3]","[0.88, 0.88, 0.46]","[['B', 'C', 'A', 'D'], ['D', 'B', 'C', 'A'], ['D', 'B', 'C', 'A']]","{'C': 5, 'D': 4, 'A': 3, 'B': 3}","[1.0, 1.0, 0.58]",4.08
98,"[2, 4, 5]","[4, 4, 3]","[0.88, 0.88, 0.46]","[['B', 'C', 'A', 'D'], ['D', 'B', 'C', 'A'], ['D', 'C', 'B', 'A']]","{'C': 5, 'D': 4, 'A': 3, 'B': 3}","[1.0, 1.0, 0.58]",4.08
98,"[2, 4, 5]","[4, 4, 3]","[0.88, 0.88, 0.46]","[['B', 'C', 'A', 'D'], ['D', 'C', 'B', 'A'], ['B', 'C', 'D', 'A']]","{'C': 5, 'D': 4, 'A': 3, 'B': 3}","[1.0, 1.0, 0.58]",4.08
98,"[2, 4, 5]","[4, 4, 3]","[0.88, 0.88, 0.46]","[['B', 'C', 'A', 'D'], ['D', 'C', 'B', 'A'], ['B', 'D', 'C', 'A']]","{'C': 5, 'D': 4, 'A': 3, 'B': 3}","[1.0, 1.0, 0.58]",4.08
98,"[2, 4, 5]","[4, 4, 3]","[0.88, 0.88, 0.46]","[['B', 'C', 'A', 'D'], ['D', 'C', 'B', 'A'], ['C', 'B', 'D', 'A']]","{'C': 5, 'D': 4, 'A': 3, 'B': 3}","[1.0, 1.0, 0.58]",4.08
98,"[2, 4, 5]","[4, 4, 3]","[0.88, 0.88, 0.46]","[['B', 'C', 'A', 'D'], ['D', 'C', 'B', 'A'], ['C', 'D', 'B', 'A']]","{'C': 5, 'D': 4, 'A': 3, 'B': 3}","[1.0, 1.0, 0.58]",4.08
98,"[2, 4, 5]","[4, 4, 3]","[0.88, 0.88, 0.46]","[['B', 'C', 'A', 'D'], ['D', 'C', 'B', 'A'], ['D', 'B', 'C', 'A']]","{'C': 5, 'D': 4, 'A': 3, 'B': 3}","[1.0, 1.0, 0.58]",4.08
98,"[2, 4, 5]","[4, 4, 3]","[0.88, 0.88, 0.46]","[['B', 'C', 'A', 'D'], ['D', 'C', 'B', 'A'], ['D', 'C', 'B', 'A']]","{'C': 5, 'D': 4, 'A': 3, 'B': 3}","[1.0, 1.0, 0.58]",4.08
98,"[2, 4, 5]","[4, 4, 3]","[0.88, 0.88, 0.46]","[['B', 'C', 'D', 'A'], ['A', 'B', 'C', 'D'], ['B', 'C', 'D', 'A']]","{'C': 5, 'D': 4, 'A': 3, 'B': 3}","[1.0, 1.0, 0.58]",4.08
98,"[2, 4, 5]","[4, 4, 3]","[0.88, 0.88, 0.46]","[['B', 'C', 'D', 'A'], ['A', 'B', 'C', 'D'], ['B', 'D', 'C', 'A']]","{'C': 5, 'D': 4, 'A': 3, 'B': 3}","[1.0, 1.0, 0.58]",4.08
98,"[2, 4, 5]","[4, 4, 3]","[0.88, 0.88, 0.46]","[['B', 'C', 'D', 'A'], ['A', 'B', 'C', 'D'], ['C', 'B', 'D', 'A']]","{'C': 5, 'D': 4, 'A': 3, 'B': 3}","[1.0, 1.0, 0.58]",4.08
98,"[2, 4, 5]","[4, 4, 3]","[0.88, 0.88, 0.46]","[['B', 'C', 'D', 'A'], ['A', 'B', 'C', 'D'], ['C', 'D', 'B', 'A']]","{'C': 5, 'D': 4, 'A': 3, 'B': 3}","[1.0, 1.0, 0.58]",4.08
98,"[2, 4, 5]","[4, 4, 3]","[0.88, 0.88, 0.46]","[['B', 'C', 'D', 'A'], ['A', 'B', 'C', 'D'], ['D', 'B', 'C', 'A']]","{'C': 5, 'D': 4, 'A': 3, 'B': 3}","[1.0, 1.0, 0.58]",4.08
98,"[2, 4, 5]","[4, 4, 3]","[0.88, 0.88, 0.46]","[['B', 'C', 'D', 'A'], ['A', 'B', 'C', 'D'], ['D', 'C', 'B', 'A']]","{'C': 5, 'D': 4, 'A': 3, 'B': 3}","[1.0, 1.0, 0.58]",4.08
98,"[2, 4, 5]","[4, 4, 3]","[0.88, 0.88, 0.46]","[['B', 'C', 'D', 'A'], ['A', 'C', 'B', 'D'], ['B', 'C', 'D', 'A']]","{'C': 5, 'D': 4, 'A': 3, 'B': 3}","[1.0, 1.0, 0.58]",4.08
98,"[2, 4, 5]","[4, 4, 3]","[0.88, 0.88, 0.46]","[['B', 'C', 'D', 'A'], ['A', 'C', 'B', 'D'], ['B', 'D', 'C', 'A']]","{'C': 5, 'D': 4, 'A': 3, 'B': 3}","[1.0, 1.0, 0.58]",4.08
98,"[2, 4, 5]","[4, 4, 3]","[0.88, 0.88, 0.46]","[['B', 'C', 'D', 'A'], ['A', 'C', 'B', 'D'], ['C', 'B', 'D', 'A']]","{'C': 5, 'D': 4, 'A': 3, 'B': 3}","[1.0, 1.0, 0.58]",4.08
98,"[2, 4, 5]","[4, 4, 3]","[0.88, 0.88, 0.46]","[['B', 'C', 'D', 'A'], ['A', 'C', 'B', 'D'], ['C', 'D', 'B', 'A']]","{'C': 5, 'D': 4, 'A': 3, 'B': 3}","[1.0, 1.0, 0.58]",4.08
98,"[2, 4, 5]","[4, 4, 3]","[0.88, 0.88, 0.46]","[['B', 'C', 'D', 'A'], ['A', 'C', 'B', 'D'], ['D', 'B', 'C', 'A']]","{'C': 5, 'D': 4, 'A': 3, 'B': 3}","[1.0, 1.0, 0.58]",4.08
98,"[2, 4, 5]","[4, 4, 3]","[0.88, 0.88, 0.46]","[['B', 'C', 'D', 'A'], ['A', 'C', 'B', 'D'], ['D', 'C', 'B', 'A']]","{'C': 5, 'D': 4, 'A': 3, 'B': 3}","[1.0, 1.0, 0.58]",4.08
98,"[2, 4, 5]","[4, 4, 3]","[0.88, 0.88, 0.46]","[['B', 'C', 'D', 'A'], ['A', 'C', 'D', 'B'], ['A', 'C', 'D', 'B']]","{'C': 5, 'D': 5, 'A': 4, 'B': 1}","[1.0, 1.0, 0.58]",4.08
98,"[2, 4, 5]","[4, 4, 3]","[0.88, 0.88, 0.46]","[['B', 'C', 'D', 'A'], ['A', 'C', 'D', 'B'], ['A', 'D', 'C', 'B']]","{'C': 5, 'D': 5, 'A': 4, 'B': 1}","[1.0, 1.0, 0.58]",4.08
98,"[2, 4, 5]","[4, 4, 3]","[0.88, 0.88, 0.46]","[['B', 'C', 'D', 'A'], ['A', 'C', 'D', 'B'], ['B', 'C', 'D', 'A']]","{'C': 5, 'D': 5, 'A': 3, 'B': 2}","[1.0, 1.0, 0.58]",4.08
98,"[2, 4, 5]","[4, 4, 3]","[0.88, 0.88, 0.46]","[['B', 'C', 'D', 'A'], ['A', 'C', 'D', 'B'], ['B', 'D', 'C', 'A']]","{'C': 5, 'D': 5, 'A': 3, 'B': 2}","[1.0, 1.0, 0.58]",4.08
98,"[2, 4, 5]","[4, 4, 3]","[0.88, 0.88, 0.46]","[['B', 'C', 'D', 'A'], ['A', 'C', 'D', 'B'], ['C', 'A', 'D', 'B']]","{'C': 5, 'D': 5, 'A': 4, 'B': 1}","[1.0, 1.0, 0.58]",4.08
98,"[2, 4, 5]","[4, 4, 3]","[0.88, 0.88, 0.46]","[['B', 'C', 'D', 'A'], ['A', 'C', 'D', 'B'], ['C', 'B', 'D', 'A']]","{'C': 5, 'D': 5, 'A': 3, 'B': 2}","[1.0, 1.0, 0.58]",4.08
98,"[2, 4, 5]","[4, 4, 3]","[0.88, 0.88, 0.46]","[['B', 'C', 'D', 'A'], ['A', 'C', 'D', 'B'], ['C', 'D', 'A', 'B']]","{'C': 5, 'D': 5, 'A': 4, 'B': 1}","[1.0, 1.0, 0.58]",4.08
98,"[2, 4, 5]","[4, 4, 3]","[0.88, 0.88, 0.46]","[['B', 'C', 'D', 'A'], ['A', 'C', 'D', 'B'], ['C', 'D', 'B', 'A']]","{'C': 5, 'D': 5, 'A': 3, 'B': 2}","[1.0, 1.0, 0.58]",4.08
98,"[2, 4, 5]","[4, 4, 3]","[0.88, 0.88, 0.46]","[['B', 'C', 'D', 'A'], ['A', 'C', 'D', 'B'], ['D', 'A', 'C', 'B']]","{'C': 5, 'D': 5, 'A': 4, 'B': 1}","[1.0, 1.0, 0.58]",4.08
98,"[2, 4, 5]","[4, 4, 3]","[0.88, 0.88, 0.46]","[['B', 'C', 'D', 'A'], ['A', 'C', 'D', 'B'], ['D', 'B', 'C', 'A']]","{'C': 5, 'D': 5, 'A': 3, 'B': 2}","[1.0, 1.0, 0.58]",4.08
98,"[2, 4, 5]","[4, 4, 3]","[0.88, 0.88, 0.46]","[['B', 'C', 'D', 'A'], ['A', 'C', 'D', 'B'], ['D', 'C', 'A', 'B']]","{'C': 5, 'D': 5, 'A': 4, 'B': 1}","[1.0, 1.0, 0.58]",4.08
98,"[2, 4, 5]","[4, 4, 3]","[0.88, 0.88, 0.46]","[['B', 'C', 'D', 'A'], ['A', 'C', 'D', 'B'], ['D', 'C', 'B', 'A']]","{'C': 5, 'D': 5, 'A': 3, 'B': 2}","[1.0, 1.0, 0.58]",4.08
98,"[2, 4, 5]","[4, 4, 3]","[0.88, 0.88, 0.46]","[['B', 'C', 'D', 'A'], ['A', 'D', 'C', 'B'], ['A', 'C', 'D', 'B']]","{'C': 5, 'D': 5, 'A': 4, 'B': 1}","[1.0, 1.0, 0.58]",4.08
98,"[2, 4, 5]","[4, 4, 3]","[0.88, 0.88, 0.46]","[['B', 'C', 'D', 'A'], ['A', 'D', 'C', 'B'], ['A', 'D', 'C', 'B']]","{'C': 5, 'D': 5, 'A': 4, 'B': 1}","[1.0, 1.0, 0.58]",4.08
98,"[2, 4, 5]","[4, 4, 3]","[0.88, 0.88, 0.46]","[['B', 'C', 'D', 'A'], ['A', 'D', 'C', 'B'], ['B', 'C', 'D', 'A']]","{'C': 5, 'D': 5, 'A': 3, 'B': 2}","[1.0, 1.0, 0.58]",4.08
98,"[2, 4, 5]","[4, 4, 3]","[0.88, 0.88, 0.46]","[['B', 'C', 'D', 'A'], ['A', 'D', 'C', 'B'], ['B', 'D', 'C', 'A']]","{'C': 5, 'D': 5, 'A': 3, 'B': 2}","[1.0, 1.0, 0.58]",4.08
98,"[2, 4, 5]","[4, 4, 3]","[0.88, 0.88, 0.46]","[['B', 'C', 'D', 'A'], ['A', 'D', 'C', 'B'], ['C', 'A', 'D', 'B']]","{'C': 5, 'D': 5, 'A': 4, 'B': 1}","[1.0, 1.0, 0.58]",4.08
98,"[2, 4, 5]","[4, 4, 3]","[0.88, 0.88, 0.46]","[['B', 'C', 'D', 'A'], ['A', 'D', 'C', 'B'], ['C', 'B', 'D', 'A']]","{'C': 5, 'D': 5, 'A': 3, 'B': 2}","[1.0, 1.0, 0.58]",4.08
98,"[2, 4, 5]","[4, 4, 3]","[0.88, 0.88, 0.46]","[['B', 'C', 'D', 'A'], ['A', 'D', 'C', 'B'], ['C', 'D', 'A', 'B']]","{'C': 5, 'D': 5, 'A': 4, 'B': 1}","[1.0, 1.0, 0.58]",4.08
98,"[2, 4, 5]","[4, 4, 3]","[0.88, 0.88, 0.46]","[['B', 'C', 'D', 'A'], ['A', 'D', 'C', 'B'], ['C', 'D', 'B', 'A']]","{'C': 5, 'D': 5, 'A': 3, 'B': 2}","[1.0, 1.0, 0.58]",4.08
98,"[2, 4, 5]","[4, 4, 3]","[0.88, 0.88, 0.46]","[['B', 'C', 'D', 'A'], ['A', 'D', 'C', 'B'], ['D', 'A', 'C', 'B']]","{'C': 5, 'D': 5, 'A': 4, 'B': 1}","[1.0, 1.0, 0.58]",4.08
98,"[2, 4, 5]","[4, 4, 3]","[0.88, 0.88, 0.46]","[['B', 'C', 'D', 'A'], ['A', 'D', 'C', 'B'], ['D', 'B', 'C', 'A']]","{'C': 5, 'D': 5, 'A': 3, 'B': 2}","[1.0, 1.0, 0.58]",4.08
98,"[2, 4, 5]","[4, 4, 3]","[0.88, 0.88, 0.46]","[['B', 'C', 'D', 'A'], ['A', 'D', 'C', 'B'], ['D', 'C', 'A', 'B']]","{'C': 5, 'D': 5, 'A': 4, 'B': 1}","[1.0, 1.0, 0.58]",4.08
98,"[2, 4, 5]","[4, 4, 3]","[0.88, 0.88, 0.46]","[['B', 'C', 'D', 'A'], ['A', 'D', 'C', 'B'], ['D', 'C', 'B', 'A']]","{'C': 5, 'D': 5, 'A': 3, 'B': 2}","[1.0, 1.0, 0.58]",4.08
98,"[2, 4, 5]","[4, 4, 3]","[0.88, 0.88, 0.46]","[['B', 'C', 'D', 'A'], ['B', 'A', 'C', 'D'], ['B', 'C', 'D', 'A']]","{'C': 5, 'D': 4, 'A': 3, 'B': 3}","[1.0, 1.0, 0.58]",4.08
98,"[2, 4, 5]","[4, 4, 3]","[0.88, 0.88, 0.46]","[['B', 'C', 'D', 'A'], ['B', 'A', 'C', 'D'], ['B', 'D', 'C', 'A']]","{'C': 5, 'D': 4, 'A': 3, 'B': 3}","[1.0, 1.0, 0.58]",4.08
98,"[2, 4, 5]","[4, 4, 3]","[0.88, 0.88, 0.46]","[['B', 'C', 'D', 'A'], ['B', 'A', 'C', 'D'], ['C', 'B', 'D', 'A']]","{'C': 5, 'D': 4, 'A': 3, 'B': 3}","[1.0, 1.0, 0.58]",4.08
98,"[2, 4, 5]","[4, 4, 3]","[0.88, 0.88, 0.46]","[['B', 'C', 'D', 'A'], ['B', 'A', 'C', 'D'], ['C', 'D', 'B', 'A']]","{'C': 5, 'D': 4, 'A': 3, 'B': 3}","[1.0, 1.0, 0.58]",4.08
98,"[2, 4, 5]","[4, 4, 3]","[0.88, 0.88, 0.46]","[['B', 'C', 'D', 'A'], ['B', 'A', 'C', 'D'], ['D', 'B', 'C', 'A']]","{'C': 5, 'D': 4, 'A': 3, 'B': 3}","[1.0, 1.0, 0.58]",4.08
98,"[2, 4, 5]","[4, 4, 3]","[0.88, 0.88, 0.46]","[['B', 'C', 'D', 'A'], ['B', 'A', 'C', 'D'], ['D', 'C', 'B', 'A']]","{'C': 5, 'D': 4, 'A': 3, 'B': 3}","[1.0, 1.0, 0.58]",4.08
98,"[2, 4, 5]","[4, 4, 3]","[0.88, 0.88, 0.46]","[['B', 'C', 'D', 'A'], ['B', 'C', 'A', 'D'], ['B', 'C', 'D', 'A']]","{'C': 5, 'D': 4, 'A': 3, 'B': 3}","[1.0, 1.0, 0.58]",4.08
98,"[2, 4, 5]","[4, 4, 3]","[0.88, 0.88, 0.46]","[['B', 'C', 'D', 'A'], ['B', 'C', 'A', 'D'], ['B', 'D', 'C', 'A']]","{'C': 5, 'D': 4, 'A': 3, 'B': 3}","[1.0, 1.0, 0.58]",4.08
98,"[2, 4, 5]","[4, 4, 3]","[0.88, 0.88, 0.46]","[['B', 'C', 'D', 'A'], ['B', 'C', 'A', 'D'], ['C', 'B', 'D', 'A']]","{'C': 5, 'D': 4, 'A': 3, 'B': 3}","[1.0, 1.0, 0.58]",4.08
98,"[2, 4, 5]","[4, 4, 3]","[0.88, 0.88, 0.46]","[['B', 'C', 'D', 'A'], ['B', 'C', 'A', 'D'], ['C', 'D', 'B', 'A']]","{'C': 5, 'D': 4, 'A': 3, 'B': 3}","[1.0, 1.0, 0.58]",4.08
98,"[2, 4, 5]","[4, 4, 3]","[0.88, 0.88, 0.46]","[['B', 'C', 'D', 'A'], ['B', 'C', 'A', 'D'], ['D', 'B', 'C', 'A']]","{'C': 5, 'D': 4, 'A': 3, 'B': 3}","[1.0, 1.0, 0.58]",4.08
98,"[2, 4, 5]","[4, 4, 3]","[0.88, 0.88, 0.46]","[['B', 'C', 'D', 'A'], ['B', 'C', 'A', 'D'], ['D', 'C', 'B', 'A']]","{'C': 5, 'D': 4, 'A': 3, 'B': 3}","[1.0, 1.0, 0.58]",4.08
98,"[2, 4, 5]","[4, 4, 3]","[0.88, 0.88, 0.46]","[['B', 'C', 'D', 'A'], ['B', 'C', 'D', 'A'], ['A', 'B', 'C', 'D']]","{'C': 5, 'D': 4, 'A': 3, 'B': 3}","[1.0, 1.0, 0.58]",4.08
98,"[2, 4, 5]","[4, 4, 3]","[0.88, 0.88, 0.46]","[['B', 'C', 'D', 'A'], ['B', 'C', 'D', 'A'], ['A', 'C', 'B', 'D']]","{'C': 5, 'D': 4, 'A': 3, 'B': 3}","[1.0, 1.0, 0.58]",4.08
98,"[2, 4, 5]","[4, 4, 3]","[0.88, 0.88, 0.46]","[['B', 'C', 'D', 'A'], ['B', 'C', 'D', 'A'], ['A', 'C', 'D', 'B']]","{'C': 5, 'D': 5, 'A': 3, 'B': 2}","[1.0, 1.0, 0.58]",4.08
98,"[2, 4, 5]","[4, 4, 3]","[0.88, 0.88, 0.46]","[['B', 'C', 'D', 'A'], ['B', 'C', 'D', 'A'], ['A', 'D', 'C', 'B']]","{'C': 5, 'D': 5, 'A': 3, 'B': 2}","[1.0, 1.0, 0.58]",4.08
98,"[2, 4, 5]","[4, 4, 3]","[0.88, 0.88, 0.46]","[['B', 'C', 'D', 'A'], ['B', 'C', 'D', 'A'], ['B', 'A', 'C', 'D']]","{'C': 5, 'D': 4, 'A': 3, 'B': 3}","[1.0, 1.0, 0.58]",4.08
98,"[2, 4, 5]","[4, 4, 3]","[0.88, 0.88, 0.46]","[['B', 'C', 'D', 'A'], ['B', 'C', 'D', 'A'], ['B', 'C', 'A', 'D']]","{'C': 5, 'D': 4, 'A': 3, 'B': 3}","[1.0, 1.0, 0.58]",4.08
98,"[2, 4, 5]","[4, 4, 3]","[0.88, 0.88, 0.46]","[['B', 'C', 'D', 'A'], ['B', 'C', 'D', 'A'], ['B', 'C', 'D', 'A']]","{'C': 5, 'D': 5, 'B': 3, 'A': 2}","[1.0, 1.0, 0.58]",3.7399999999999998
98,"[2, 4, 5]","[4, 4, 3]","[0.88, 0.88, 0.46]","[['B', 'C', 'D', 'A'], ['B', 'C', 'D', 'A'], ['B', 'D', 'C', 'A']]","{'C': 5, 'D': 5, 'B': 3, 'A': 2}","[1.0, 1.0, 0.58]",3.7399999999999998
98,"[2, 4, 5]","[4, 4, 3]","[0.88, 0.88, 0.46]","[['B', 'C', 'D', 'A'], ['B', 'C', 'D', 'A'], ['C', 'A', 'B', 'D']]","{'C': 5, 'D': 4, 'A': 3, 'B': 3}","[1.0, 1.0, 0.58]",4.08
98,"[2, 4, 5]","[4, 4, 3]","[0.88, 0.88, 0.46]","[['B', 'C', 'D', 'A'], ['B', 'C', 'D', 'A'], ['C', 'A', 'D', 'B']]","{'C': 5, 'D': 5, 'A': 3, 'B': 2}","[1.0, 1.0, 0.58]",4.08
98,"[2, 4, 5]","[4, 4, 3]","[0.88, 0.88, 0.46]","[['B', 'C', 'D', 'A'], ['B', 'C', 'D', 'A'], ['C', 'B', 'A', 'D']]","{'C': 5, 'D': 4, 'A': 3, 'B': 3}","[1.0, 1.0, 0.58]",4.08
98,"[2, 4, 5]","[4, 4, 3]","[0.88, 0.88, 0.46]","[['B', 'C', 'D', 'A'], ['B', 'C', 'D', 'A'], ['C', 'B', 'D', 'A']]","{'C': 5, 'D': 5, 'B': 3, 'A': 2}","[1.0, 1.0, 0.58]",3.7399999999999998
98,"[2, 4, 5]","[4, 4, 3]","[0.88, 0.88, 0.46]","[['B', 'C', 'D', 'A'], ['B', 'C', 'D', 'A'], ['C', 'D', 'A', 'B']]","{'C': 5, 'D': 5, 'A': 3, 'B': 2}","[1.0, 1.0, 0.58]",4.08
98,"[2, 4, 5]","[4, 4, 3]","[0.88, 0.88, 0.46]","[['B', 'C', 'D', 'A'], ['B', 'C', 'D', 'A'], ['C', 'D', 'B', 'A']]","{'C': 5, 'D': 5, 'B': 3, 'A': 2}","[1.0, 1.0, 0.58]",3.7399999999999998
98,"[2, 4, 5]","[4, 4, 3]","[0.88, 0.88, 0.46]","[['B', 'C', 'D', 'A'], ['B', 'C', 'D', 'A'], ['D', 'A', 'C', 'B']]","{'C': 5, 'D': 5, 'A': 3, 'B': 2}","[1.0, 1.0, 0.58]",4.08
98,"[2, 4, 5]","[4, 4, 3]","[0.88, 0.88, 0.46]","[['B', 'C', 'D', 'A'], ['B', 'C', 'D', 'A'], ['D', 'B', 'C', 'A']]","{'C': 5, 'D': 5, 'B': 3, 'A': 2}","[1.0, 1.0, 0.58]",3.7399999999999998
98,"[2, 4, 5]","[4, 4, 3]","[0.88, 0.88, 0.46]","[['B', 'C', 'D', 'A'], ['B', 'C', 'D', 'A'], ['D', 'C', 'A', 'B']]","{'C': 5, 'D': 5, 'A': 3, 'B': 2}","[1.0, 1.0, 0.58]",4.08
98,"[2, 4, 5]","[4, 4, 3]","[0.88, 0.88, 0.46]","[['B', 'C', 'D', 'A'], ['B', 'C', 'D', 'A'], ['D', 'C', 'B', 'A']]","{'C': 5, 'D': 5, 'B': 3, 'A': 2}","[1.0, 1.0, 0.58]",3.7399999999999998
98,"[2, 4, 5]","[4, 4, 3]","[0.88, 0.88, 0.46]","[['B', 'C', 'D', 'A'], ['B', 'D', 'C', 'A'], ['A', 'B', 'C', 'D']]","{'C': 5, 'D': 4, 'A': 3, 'B': 3}","[1.0, 1.0, 0.58]",4.08
98,"[2, 4, 5]","[4, 4, 3]","[0.88, 0.88, 0.46]","[['B', 'C', 'D', 'A'], ['B', 'D', 'C', 'A'], ['A', 'C', 'B', 'D']]","{'C': 5, 'D': 4, 'A': 3, 'B': 3}","[1.0, 1.0, 0.58]",4.08
98,"[2, 4, 5]","[4, 4, 3]","[0.88, 0.88, 0.46]","[['B', 'C', 'D', 'A'], ['B', 'D', 'C', 'A'], ['A', 'C', 'D', 'B']]","{'C': 5, 'D': 5, 'A': 3, 'B': 2}","[1.0, 1.0, 0.58]",4.08
98,"[2, 4, 5]","[4, 4, 3]","[0.88, 0.88, 0.46]","[['B', 'C', 'D', 'A'], ['B', 'D', 'C', 'A'], ['A', 'D', 'C', 'B']]","{'C': 5, 'D': 5, 'A': 3, 'B': 2}","[1.0, 1.0, 0.58]",4.08
98,"[2, 4, 5]","[4, 4, 3]","[0.88, 0.88, 0.46]","[['B', 'C', 'D', 'A'], ['B', 'D', 'C', 'A'], ['B', 'A', 'C', 'D']]","{'C': 5, 'D': 4, 'A': 3, 'B': 3}","[1.0, 1.0, 0.58]",4.08
98,"[2, 4, 5]","[4, 4, 3]","[0.88, 0.88, 0.46]","[['B', 'C', 'D', 'A'], ['B', 'D', 'C', 'A'], ['B', 'C', 'A', 'D']]","{'C': 5, 'D': 4, 'A': 3, 'B': 3}","[1.0, 1.0, 0.58]",4.08
98,"[2, 4, 5]","[4, 4, 3]","[0.88, 0.88, 0.46]","[['B', 'C', 'D', 'A'], ['B', 'D', 'C', 'A'], ['B', 'C', 'D', 'A']]","{'C': 5, 'D': 5, 'B': 3, 'A': 2}","[1.0, 1.0, 0.58]",3.7399999999999998
98,"[2, 4, 5]","[4, 4, 3]","[0.88, 0.88, 0.46]","[['B', 'C', 'D', 'A'], ['B', 'D', 'C', 'A'], ['B', 'D', 'C', 'A']]","{'C': 5, 'D': 5, 'B': 3, 'A': 2}","[1.0, 1.0, 0.58]",3.7399999999999998
98,"[2, 4, 5]","[4, 4, 3]","[0.88, 0.88, 0.46]","[['B', 'C', 'D', 'A'], ['B', 'D', 'C', 'A'], ['C', 'A', 'B', 'D']]","{'C': 5, 'D': 4, 'A': 3, 'B': 3}","[1.0, 1.0, 0.58]",4.08
98,"[2, 4, 5]","[4, 4, 3]","[0.88, 0.88, 0.46]","[['B', 'C', 'D', 'A'], ['B', 'D', 'C', 'A'], ['C', 'A', 'D', 'B']]","{'C': 5, 'D': 5, 'A': 3, 'B': 2}","[1.0, 1.0, 0.58]",4.08
98,"[2, 4, 5]","[4, 4, 3]","[0.88, 0.88, 0.46]","[['B', 'C', 'D', 'A'], ['B', 'D', 'C', 'A'], ['C', 'B', 'A', 'D']]","{'C': 5, 'D': 4, 'A': 3, 'B': 3}","[1.0, 1.0, 0.58]",4.08
98,"[2, 4, 5]","[4, 4, 3]","[0.88, 0.88, 0.46]","[['B', 'C', 'D', 'A'], ['B', 'D', 'C', 'A'], ['C', 'B', 'D', 'A']]","{'C': 5, 'D': 5, 'B': 3, 'A': 2}","[1.0, 1.0, 0.58]",3.7399999999999998
98,"[2, 4, 5]","[4, 4, 3]","[0.88, 0.88, 0.46]","[['B', 'C', 'D', 'A'], ['B', 'D', 'C', 'A'], ['C', 'D', 'A', 'B']]","{'C': 5, 'D': 5, 'A': 3, 'B': 2}","[1.0, 1.0, 0.58]",4.08
98,"[2, 4, 5]","[4, 4, 3]","[0.88, 0.88, 0.46]","[['B', 'C', 'D', 'A'], ['B', 'D', 'C', 'A'], ['C', 'D', 'B', 'A']]","{'C': 5, 'D': 5, 'B': 3, 'A': 2}","[1.0, 1.0, 0.58]",3.7399999999999998
98,"[2, 4, 5]","[4, 4, 3]","[0.88, 0.88, 0.46]","[['B', 'C', 'D', 'A'], ['B', 'D', 'C', 'A'], ['D', 'A', 'C', 'B']]","{'C': 5, 'D': 5, 'A': 3, 'B': 2}","[1.0, 1.0, 0.58]",4.08
98,"[2, 4, 5]","[4, 4, 3]","[0.88, 0.88, 0.46]","[['B', 'C', 'D', 'A'], ['B', 'D', 'C', 'A'], ['D', 'B', 'C', 'A']]","{'C': 5, 'D': 5, 'B': 3, 'A': 2}","[1.0, 1.0, 0.58]",3.7399999999999998
98,"[2, 4, 5]","[4, 4, 3]","[0.88, 0.88, 0.46]","[['B', 'C', 'D', 'A'], ['B', 'D', 'C', 'A'], ['D', 'C', 'A', 'B']]","{'C': 5, 'D': 5, 'A': 3, 'B': 2}","[1.0, 1.0, 0.58]",4.08
98,"[2, 4, 5]","[4, 4, 3]","[0.88, 0.88, 0.46]","[['B', 'C', 'D', 'A'], ['B', 'D', 'C', 'A'], ['D', 'C', 'B', 'A']]","{'C': 5, 'D': 5, 'B': 3, 'A': 2}","[1.0, 1.0, 0.58]",3.7399999999999998
98,"[2, 4, 5]","[4, 4, 3]","[0.88, 0.88, 0.46]","[['B', 'C', 'D', 'A'], ['C', 'A', 'B', 'D'], ['B', 'C', 'D', 'A']]","{'C': 5, 'D': 4, 'A': 3, 'B': 3}","[1.0, 1.0, 0.58]",4.08
98,"[2, 4, 5]","[4, 4, 3]","[0.88, 0.88, 0.46]","[['B', 'C', 'D', 'A'], ['C', 'A', 'B', 'D'], ['B', 'D', 'C', 'A']]","{'C': 5, 'D': 4, 'A': 3, 'B': 3}","[1.0, 1.0, 0.58]",4.08
98,"[2, 4, 5]","[4, 4, 3]","[0.88, 0.88, 0.46]","[['B', 'C', 'D', 'A'], ['C', 'A', 'B', 'D'], ['C', 'B', 'D', 'A']]","{'C': 5, 'D': 4, 'A': 3, 'B': 3}","[1.0, 1.0, 0.58]",4.08
98,"[2, 4, 5]","[4, 4, 3]","[0.88, 0.88, 0.46]","[['B', 'C', 'D', 'A'], ['C', 'A', 'B', 'D'], ['C', 'D', 'B', 'A']]","{'C': 5, 'D': 4, 'A': 3, 'B': 3}","[1.0, 1.0, 0.58]",4.08
98,"[2, 4, 5]","[4, 4, 3]","[0.88, 0.88, 0.46]","[['B', 'C', 'D', 'A'], ['C', 'A', 'B', 'D'], ['D', 'B', 'C', 'A']]","{'C': 5, 'D': 4, 'A': 3, 'B': 3}","[1.0, 1.0, 0.58]",4.08
98,"[2, 4, 5]","[4, 4, 3]","[0.88, 0.88, 0.46]","[['B', 'C', 'D', 'A'], ['C', 'A', 'B', 'D'], ['D', 'C', 'B', 'A']]","{'C': 5, 'D': 4, 'A': 3, 'B': 3}","[1.0, 1.0, 0.58]",4.08
98,"[2, 4, 5]","[4, 4, 3]","[0.88, 0.88, 0.46]","[['B', 'C', 'D', 'A'], ['C', 'A', 'D', 'B'], ['A', 'C', 'D', 'B']]","{'C': 5, 'D': 5, 'A': 4, 'B': 1}","[1.0, 1.0, 0.58]",4.08
98,"[2, 4, 5]","[4, 4, 3]","[0.88, 0.88, 0.46]","[['B', 'C', 'D', 'A'], ['C', 'A', 'D', 'B'], ['A', 'D', 'C', 'B']]","{'C': 5, 'D': 5, 'A': 4, 'B': 1}","[1.0, 1.0, 0.58]",4.08
98,"[2, 4, 5]","[4, 4, 3]","[0.88, 0.88, 0.46]","[['B', 'C', 'D', 'A'], ['C', 'A', 'D', 'B'], ['B', 'C', 'D', 'A']]","{'C': 5, 'D': 5, 'A': 3, 'B': 2}","[1.0, 1.0, 0.58]",4.08
98,"[2, 4, 5]","[4, 4, 3]","[0.88, 0.88, 0.46]","[['B', 'C', 'D', 'A'], ['C', 'A', 'D', 'B'], ['B', 'D', 'C', 'A']]","{'C': 5, 'D': 5, 'A': 3, 'B': 2}","[1.0, 1.0, 0.58]",4.08
98,"[2, 4, 5]","[4, 4, 3]","[0.88, 0.88, 0.46]","[['B', 'C', 'D', 'A'], ['C', 'A', 'D', 'B'], ['C', 'A', 'D', 'B']]","{'C': 5, 'D': 5, 'A': 4, 'B': 1}","[1.0, 1.0, 0.58]",4.08
98,"[2, 4, 5]","[4, 4, 3]","[0.88, 0.88, 0.46]","[['B', 'C', 'D', 'A'], ['C', 'A', 'D', 'B'], ['C', 'B', 'D', 'A']]","{'C': 5, 'D': 5, 'A': 3, 'B': 2}","[1.0, 1.0, 0.58]",4.08
98,"[2, 4, 5]","[4, 4, 3]","[0.88, 0.88, 0.46]","[['B', 'C', 'D', 'A'], ['C', 'A', 'D', 'B'], ['C', 'D', 'A', 'B']]","{'C': 5, 'D': 5, 'A': 4, 'B': 1}","[1.0, 1.0, 0.58]",4.08
98,"[2, 4, 5]","[4, 4, 3]","[0.88, 0.88, 0.46]","[['B', 'C', 'D', 'A'], ['C', 'A', 'D', 'B'], ['C', 'D', 'B', 'A']]","{'C': 5, 'D': 5, 'A': 3, 'B': 2}","[1.0, 1.0, 0.58]",4.08
98,"[2, 4, 5]","[4, 4, 3]","[0.88, 0.88, 0.46]","[['B', 'C', 'D', 'A'], ['C', 'A', 'D', 'B'], ['D', 'A', 'C', 'B']]","{'C': 5, 'D': 5, 'A': 4, 'B': 1}","[1.0, 1.0, 0.58]",4.08
98,"[2, 4, 5]","[4, 4, 3]","[0.88, 0.88, 0.46]","[['B', 'C', 'D', 'A'], ['C', 'A', 'D', 'B'], ['D', 'B', 'C', 'A']]","{'C': 5, 'D': 5, 'A': 3, 'B': 2}","[1.0, 1.0, 0.58]",4.08
98,"[2, 4, 5]","[4, 4, 3]","[0.88, 0.88, 0.46]","[['B', 'C', 'D', 'A'], ['C', 'A', 'D', 'B'], ['D', 'C', 'A', 'B']]","{'C': 5, 'D': 5, 'A': 4, 'B': 1}","[1.0, 1.0, 0.58]",4.08
98,"[2, 4, 5]","[4, 4, 3]","[0.88, 0.88, 0.46]","[['B', 'C', 'D', 'A'], ['C', 'A', 'D', 'B'], ['D', 'C', 'B', 'A']]","{'C': 5, 'D': 5, 'A': 3, 'B': 2}","[1.0, 1.0, 0.58]",4.08
98,"[2, 4, 5]","[4, 4, 3]","[0.88, 0.88, 0.46]","[['B', 'C', 'D', 'A'], ['C', 'B', 'A', 'D'], ['B', 'C', 'D', 'A']]","{'C': 5, 'D': 4, 'A': 3, 'B': 3}","[1.0, 1.0, 0.58]",4.08
98,"[2, 4, 5]","[4, 4, 3]","[0.88, 0.88, 0.46]","[['B', 'C', 'D', 'A'], ['C', 'B', 'A', 'D'], ['B', 'D', 'C', 'A']]","{'C': 5, 'D': 4, 'A': 3, 'B': 3}","[1.0, 1.0, 0.58]",4.08
98,"[2, 4, 5]","[4, 4, 3]","[0.88, 0.88, 0.46]","[['B', 'C', 'D', 'A'], ['C', 'B', 'A', 'D'], ['C', 'B', 'D', 'A']]","{'C': 5, 'D': 4, 'A': 3, 'B': 3}","[1.0, 1.0, 0.58]",4.08
98,"[2, 4, 5]","[4, 4, 3]","[0.88, 0.88, 0.46]","[['B', 'C', 'D', 'A'], ['C', 'B', 'A', 'D'], ['C', 'D', 'B', 'A']]","{'C': 5, 'D': 4, 'A': 3, 'B': 3}","[1.0, 1.0, 0.58]",4.08
98,"[2, 4, 5]","[4, 4, 3]","[0.88, 0.88, 0.46]","[['B', 'C', 'D', 'A'], ['C', 'B', 'A', 'D'], ['D', 'B', 'C', 'A']]","{'C': 5, 'D': 4, 'A': 3, 'B': 3}","[1.0, 1.0, 0.58]",4.08
98,"[2, 4, 5]","[4, 4, 3]","[0.88, 0.88, 0.46]","[['B', 'C', 'D', 'A'], ['C', 'B', 'A', 'D'], ['D', 'C', 'B', 'A']]","{'C': 5, 'D': 4, 'A': 3, 'B': 3}","[1.0, 1.0, 0.58]",4.08
98,"[2, 4, 5]","[4, 4, 3]","[0.88, 0.88, 0.46]","[['B', 'C', 'D', 'A'], ['C', 'B', 'D', 'A'], ['A', 'B', 'C', 'D']]","{'C': 5, 'D': 4, 'A': 3, 'B': 3}","[1.0, 1.0, 0.58]",4.08
98,"[2, 4, 5]","[4, 4, 3]","[0.88, 0.88, 0.46]","[['B', 'C', 'D', 'A'], ['C', 'B', 'D', 'A'], ['A', 'C', 'B', 'D']]","{'C': 5, 'D': 4, 'A': 3, 'B': 3}","[1.0, 1.0, 0.58]",4.08
98,"[2, 4, 5]","[4, 4, 3]","[0.88, 0.88, 0.46]","[['B', 'C', 'D', 'A'], ['C', 'B', 'D', 'A'], ['A', 'C', 'D', 'B']]","{'C': 5, 'D': 5, 'A': 3, 'B': 2}","[1.0, 1.0, 0.58]",4.08
98,"[2, 4, 5]","[4, 4, 3]","[0.88, 0.88, 0.46]","[['B', 'C', 'D', 'A'], ['C', 'B', 'D', 'A'], ['A', 'D', 'C', 'B']]","{'C': 5, 'D': 5, 'A': 3, 'B': 2}","[1.0, 1.0, 0.58]",4.08
98,"[2, 4, 5]","[4, 4, 3]","[0.88, 0.88, 0.46]","[['B', 'C', 'D', 'A'], ['C', 'B', 'D', 'A'], ['B', 'A', 'C', 'D']]","{'C': 5, 'D': 4, 'A': 3, 'B': 3}","[1.0, 1.0, 0.58]",4.08
98,"[2, 4, 5]","[4, 4, 3]","[0.88, 0.88, 0.46]","[['B', 'C', 'D', 'A'], ['C', 'B', 'D', 'A'], ['B', 'C', 'A', 'D']]","{'C': 5, 'D': 4, 'A': 3, 'B': 3}","[1.0, 1.0, 0.58]",4.08
98,"[2, 4, 5]","[4, 4, 3]","[0.88, 0.88, 0.46]","[['B', 'C', 'D', 'A'], ['C', 'B', 'D', 'A'], ['B', 'C', 'D', 'A']]","{'C': 5, 'D': 5, 'B': 3, 'A': 2}","[1.0, 1.0, 0.58]",3.7399999999999998
98,"[2, 4, 5]","[4, 4, 3]","[0.88, 0.88, 0.46]","[['B', 'C', 'D', 'A'], ['C', 'B', 'D', 'A'], ['B', 'D', 'C', 'A']]","{'C': 5, 'D': 5, 'B': 3, 'A': 2}","[1.0, 1.0, 0.58]",3.7399999999999998
98,"[2, 4, 5]","[4, 4, 3]","[0.88, 0.88, 0.46]","[['B', 'C', 'D', 'A'], ['C', 'B', 'D', 'A'], ['C', 'A', 'B', 'D']]","{'C': 5, 'D': 4, 'A': 3, 'B': 3}","[1.0, 1.0, 0.58]",4.08
98,"[2, 4, 5]","[4, 4, 3]","[0.88, 0.88, 0.46]","[['B', 'C', 'D', 'A'], ['C', 'B', 'D', 'A'], ['C', 'A', 'D', 'B']]","{'C': 5, 'D': 5, 'A': 3, 'B': 2}","[1.0, 1.0, 0.58]",4.08
98,"[2, 4, 5]","[4, 4, 3]","[0.88, 0.88, 0.46]","[['B', 'C', 'D', 'A'], ['C', 'B', 'D', 'A'], ['C', 'B', 'A', 'D']]","{'C': 5, 'D': 4, 'A': 3, 'B': 3}","[1.0, 1.0, 0.58]",4.08
98,"[2, 4, 5]","[4, 4, 3]","[0.88, 0.88, 0.46]","[['B', 'C', 'D', 'A'], ['C', 'B', 'D', 'A'], ['C', 'B', 'D', 'A']]","{'C': 5, 'D': 5, 'B': 3, 'A': 2}","[1.0, 1.0, 0.58]",3.7399999999999998
98,"[2, 4, 5]","[4, 4, 3]","[0.88, 0.88, 0.46]","[['B', 'C', 'D', 'A'], ['C', 'B', 'D', 'A'], ['C', 'D', 'A', 'B']]","{'C': 5, 'D': 5, 'A': 3, 'B': 2}","[1.0, 1.0, 0.58]",4.08
98,"[2, 4, 5]","[4, 4, 3]","[0.88, 0.88, 0.46]","[['B', 'C', 'D', 'A'], ['C', 'B', 'D', 'A'], ['C', 'D', 'B', 'A']]","{'C': 5, 'D': 5, 'B': 3, 'A': 2}","[1.0, 1.0, 0.58]",3.7399999999999998
98,"[2, 4, 5]","[4, 4, 3]","[0.88, 0.88, 0.46]","[['B', 'C', 'D', 'A'], ['C', 'B', 'D', 'A'], ['D', 'A', 'C', 'B']]","{'C': 5, 'D': 5, 'A': 3, 'B': 2}","[1.0, 1.0, 0.58]",4.08
98,"[2, 4, 5]","[4, 4, 3]","[0.88, 0.88, 0.46]","[['B', 'C', 'D', 'A'], ['C', 'B', 'D', 'A'], ['D', 'B', 'C', 'A']]","{'C': 5, 'D': 5, 'B': 3, 'A': 2}","[1.0, 1.0, 0.58]",3.7399999999999998
98,"[2, 4, 5]","[4, 4, 3]","[0.88, 0.88, 0.46]","[['B', 'C', 'D', 'A'], ['C', 'B', 'D', 'A'], ['D', 'C', 'A', 'B']]","{'C': 5, 'D': 5, 'A': 3, 'B': 2}","[1.0, 1.0, 0.58]",4.08
98,"[2, 4, 5]","[4, 4, 3]","[0.88, 0.88, 0.46]","[['B', 'C', 'D', 'A'], ['C', 'B', 'D', 'A'], ['D', 'C', 'B', 'A']]","{'C': 5, 'D': 5, 'B': 3, 'A': 2}","[1.0, 1.0, 0.58]",3.7399999999999998
98,"[2, 4, 5]","[4, 4, 3]","[0.88, 0.88, 0.46]","[['B', 'C', 'D', 'A'], ['C', 'D', 'A', 'B'], ['A', 'C', 'D', 'B']]","{'C': 5, 'D': 5, 'A': 4, 'B': 1}","[1.0, 1.0, 0.58]",4.08
98,"[2, 4, 5]","[4, 4, 3]","[0.88, 0.88, 0.46]","[['B', 'C', 'D', 'A'], ['C', 'D', 'A', 'B'], ['A', 'D', 'C', 'B']]","{'C': 5, 'D': 5, 'A': 4, 'B': 1}","[1.0, 1.0, 0.58]",4.08
98,"[2, 4, 5]","[4, 4, 3]","[0.88, 0.88, 0.46]","[['B', 'C', 'D', 'A'], ['C', 'D', 'A', 'B'], ['B', 'C', 'D', 'A']]","{'C': 5, 'D': 5, 'A': 3, 'B': 2}","[1.0, 1.0, 0.58]",4.08
98,"[2, 4, 5]","[4, 4, 3]","[0.88, 0.88, 0.46]","[['B', 'C', 'D', 'A'], ['C', 'D', 'A', 'B'], ['B', 'D', 'C', 'A']]","{'C': 5, 'D': 5, 'A': 3, 'B': 2}","[1.0, 1.0, 0.58]",4.08
98,"[2, 4, 5]","[4, 4, 3]","[0.88, 0.88, 0.46]","[['B', 'C', 'D', 'A'], ['C', 'D', 'A', 'B'], ['C', 'A', 'D', 'B']]","{'C': 5, 'D': 5, 'A': 4, 'B': 1}","[1.0, 1.0, 0.58]",4.08
98,"[2, 4, 5]","[4, 4, 3]","[0.88, 0.88, 0.46]","[['B', 'C', 'D', 'A'], ['C', 'D', 'A', 'B'], ['C', 'B', 'D', 'A']]","{'C': 5, 'D': 5, 'A': 3, 'B': 2}","[1.0, 1.0, 0.58]",4.08
98,"[2, 4, 5]","[4, 4, 3]","[0.88, 0.88, 0.46]","[['B', 'C', 'D', 'A'], ['C', 'D', 'A', 'B'], ['C', 'D', 'A', 'B']]","{'C': 5, 'D': 5, 'A': 4, 'B': 1}","[1.0, 1.0, 0.58]",4.08
98,"[2, 4, 5]","[4, 4, 3]","[0.88, 0.88, 0.46]","[['B', 'C', 'D', 'A'], ['C', 'D', 'A', 'B'], ['C', 'D', 'B', 'A']]","{'C': 5, 'D': 5, 'A': 3, 'B': 2}","[1.0, 1.0, 0.58]",4.08
98,"[2, 4, 5]","[4, 4, 3]","[0.88, 0.88, 0.46]","[['B', 'C', 'D', 'A'], ['C', 'D', 'A', 'B'], ['D', 'A', 'C', 'B']]","{'C': 5, 'D': 5, 'A': 4, 'B': 1}","[1.0, 1.0, 0.58]",4.08
98,"[2, 4, 5]","[4, 4, 3]","[0.88, 0.88, 0.46]","[['B', 'C', 'D', 'A'], ['C', 'D', 'A', 'B'], ['D', 'B', 'C', 'A']]","{'C': 5, 'D': 5, 'A': 3, 'B': 2}","[1.0, 1.0, 0.58]",4.08
98,"[2, 4, 5]","[4, 4, 3]","[0.88, 0.88, 0.46]","[['B', 'C', 'D', 'A'], ['C', 'D', 'A', 'B'], ['D', 'C', 'A', 'B']]","{'C': 5, 'D': 5, 'A': 4, 'B': 1}","[1.0, 1.0, 0.58]",4.08
98,"[2, 4, 5]","[4, 4, 3]","[0.88, 0.88, 0.46]","[['B', 'C', 'D', 'A'], ['C', 'D', 'A', 'B'], ['D', 'C', 'B', 'A']]","{'C': 5, 'D': 5, 'A': 3, 'B': 2}","[1.0, 1.0, 0.58]",4.08
98,"[2, 4, 5]","[4, 4, 3]","[0.88, 0.88, 0.46]","[['B', 'C', 'D', 'A'], ['C', 'D', 'B', 'A'], ['A', 'B', 'C', 'D']]","{'C': 5, 'D': 4, 'A': 3, 'B': 3}","[1.0, 1.0, 0.58]",4.08
98,"[2, 4, 5]","[4, 4, 3]","[0.88, 0.88, 0.46]","[['B', 'C', 'D', 'A'], ['C', 'D', 'B', 'A'], ['A', 'C', 'B', 'D']]","{'C': 5, 'D': 4, 'A': 3, 'B': 3}","[1.0, 1.0, 0.58]",4.08
98,"[2, 4, 5]","[4, 4, 3]","[0.88, 0.88, 0.46]","[['B', 'C', 'D', 'A'], ['C', 'D', 'B', 'A'], ['A', 'C', 'D', 'B']]","{'C': 5, 'D': 5, 'A': 3, 'B': 2}","[1.0, 1.0, 0.58]",4.08
98,"[2, 4, 5]","[4, 4, 3]","[0.88, 0.88, 0.46]","[['B', 'C', 'D', 'A'], ['C', 'D', 'B', 'A'], ['A', 'D', 'C', 'B']]","{'C': 5, 'D': 5, 'A': 3, 'B': 2}","[1.0, 1.0, 0.58]",4.08
98,"[2, 4, 5]","[4, 4, 3]","[0.88, 0.88, 0.46]","[['B', 'C', 'D', 'A'], ['C', 'D', 'B', 'A'], ['B', 'A', 'C', 'D']]","{'C': 5, 'D': 4, 'A': 3, 'B': 3}","[1.0, 1.0, 0.58]",4.08
98,"[2, 4, 5]","[4, 4, 3]","[0.88, 0.88, 0.46]","[['B', 'C', 'D', 'A'], ['C', 'D', 'B', 'A'], ['B', 'C', 'A', 'D']]","{'C': 5, 'D': 4, 'A': 3, 'B': 3}","[1.0, 1.0, 0.58]",4.08
98,"[2, 4, 5]","[4, 4, 3]","[0.88, 0.88, 0.46]","[['B', 'C', 'D', 'A'], ['C', 'D', 'B', 'A'], ['B', 'C', 'D', 'A']]","{'C': 5, 'D': 5, 'B': 3, 'A': 2}","[1.0, 1.0, 0.58]",3.7399999999999998
98,"[2, 4, 5]","[4, 4, 3]","[0.88, 0.88, 0.46]","[['B', 'C', 'D', 'A'], ['C', 'D', 'B', 'A'], ['B', 'D', 'C', 'A']]","{'C': 5, 'D': 5, 'B': 3, 'A': 2}","[1.0, 1.0, 0.58]",3.7399999999999998
98,"[2, 4, 5]","[4, 4, 3]","[0.88, 0.88, 0.46]","[['B', 'C', 'D', 'A'], ['C', 'D', 'B', 'A'], ['C', 'A', 'B', 'D']]","{'C': 5, 'D': 4, 'A': 3, 'B': 3}","[1.0, 1.0, 0.58]",4.08
98,"[2, 4, 5]","[4, 4, 3]","[0.88, 0.88, 0.46]","[['B', 'C', 'D', 'A'], ['C', 'D', 'B', 'A'], ['C', 'A', 'D', 'B']]","{'C': 5, 'D': 5, 'A': 3, 'B': 2}","[1.0, 1.0, 0.58]",4.08
98,"[2, 4, 5]","[4, 4, 3]","[0.88, 0.88, 0.46]","[['B', 'C', 'D', 'A'], ['C', 'D', 'B', 'A'], ['C', 'B', 'A', 'D']]","{'C': 5, 'D': 4, 'A': 3, 'B': 3}","[1.0, 1.0, 0.58]",4.08
98,"[2, 4, 5]","[4, 4, 3]","[0.88, 0.88, 0.46]","[['B', 'C', 'D', 'A'], ['C', 'D', 'B', 'A'], ['C', 'B', 'D', 'A']]","{'C': 5, 'D': 5, 'B': 3, 'A': 2}","[1.0, 1.0, 0.58]",3.7399999999999998
98,"[2, 4, 5]","[4, 4, 3]","[0.88, 0.88, 0.46]","[['B', 'C', 'D', 'A'], ['C', 'D', 'B', 'A'], ['C', 'D', 'A', 'B']]","{'C': 5, 'D': 5, 'A': 3, 'B': 2}","[1.0, 1.0, 0.58]",4.08
98,"[2, 4, 5]","[4, 4, 3]","[0.88, 0.88, 0.46]","[['B', 'C', 'D', 'A'], ['C', 'D', 'B', 'A'], ['C', 'D', 'B', 'A']]","{'C': 5, 'D': 5, 'B': 3, 'A': 2}","[1.0, 1.0, 0.58]",3.7399999999999998
98,"[2, 4, 5]","[4, 4, 3]","[0.88, 0.88, 0.46]","[['B', 'C', 'D', 'A'], ['C', 'D', 'B', 'A'], ['D', 'A', 'C', 'B']]","{'C': 5, 'D': 5, 'A': 3, 'B': 2}","[1.0, 1.0, 0.58]",4.08
98,"[2, 4, 5]","[4, 4, 3]","[0.88, 0.88, 0.46]","[['B', 'C', 'D', 'A'], ['C', 'D', 'B', 'A'], ['D', 'B', 'C', 'A']]","{'C': 5, 'D': 5, 'B': 3, 'A': 2}","[1.0, 1.0, 0.58]",3.7399999999999998
98,"[2, 4, 5]","[4, 4, 3]","[0.88, 0.88, 0.46]","[['B', 'C', 'D', 'A'], ['C', 'D', 'B', 'A'], ['D', 'C', 'A', 'B']]","{'C': 5, 'D': 5, 'A': 3, 'B': 2}","[1.0, 1.0, 0.58]",4.08
98,"[2, 4, 5]","[4, 4, 3]","[0.88, 0.88, 0.46]","[['B', 'C', 'D', 'A'], ['C', 'D', 'B', 'A'], ['D', 'C', 'B', 'A']]","{'C': 5, 'D': 5, 'B': 3, 'A': 2}","[1.0, 1.0, 0.58]",3.7399999999999998
98,"[2, 4, 5]","[4, 4, 3]","[0.88, 0.88, 0.46]","[['B', 'C', 'D', 'A'], ['D', 'A', 'C', 'B'], ['A', 'C', 'D', 'B']]","{'C': 5, 'D': 5, 'A': 4, 'B': 1}","[1.0, 1.0, 0.58]",4.08
98,"[2, 4, 5]","[4, 4, 3]","[0.88, 0.88, 0.46]","[['B', 'C', 'D', 'A'], ['D', 'A', 'C', 'B'], ['A', 'D', 'C', 'B']]","{'C': 5, 'D': 5, 'A': 4, 'B': 1}","[1.0, 1.0, 0.58]",4.08
98,"[2, 4, 5]","[4, 4, 3]","[0.88, 0.88, 0.46]","[['B', 'C', 'D', 'A'], ['D', 'A', 'C', 'B'], ['B', 'C', 'D', 'A']]","{'C': 5, 'D': 5, 'A': 3, 'B': 2}","[1.0, 1.0, 0.58]",4.08
98,"[2, 4, 5]","[4, 4, 3]","[0.88, 0.88, 0.46]","[['B', 'C', 'D', 'A'], ['D', 'A', 'C', 'B'], ['B', 'D', 'C', 'A']]","{'C': 5, 'D': 5, 'A': 3, 'B': 2}","[1.0, 1.0, 0.58]",4.08
98,"[2, 4, 5]","[4, 4, 3]","[0.88, 0.88, 0.46]","[['B', 'C', 'D', 'A'], ['D', 'A', 'C', 'B'], ['C', 'A', 'D', 'B']]","{'C': 5, 'D': 5, 'A': 4, 'B': 1}","[1.0, 1.0, 0.58]",4.08
98,"[2, 4, 5]","[4, 4, 3]","[0.88, 0.88, 0.46]","[['B', 'C', 'D', 'A'], ['D', 'A', 'C', 'B'], ['C', 'B', 'D', 'A']]","{'C': 5, 'D': 5, 'A': 3, 'B': 2}","[1.0, 1.0, 0.58]",4.08
98,"[2, 4, 5]","[4, 4, 3]","[0.88, 0.88, 0.46]","[['B', 'C', 'D', 'A'], ['D', 'A', 'C', 'B'], ['C', 'D', 'A', 'B']]","{'C': 5, 'D': 5, 'A': 4, 'B': 1}","[1.0, 1.0, 0.58]",4.08
98,"[2, 4, 5]","[4, 4, 3]","[0.88, 0.88, 0.46]","[['B', 'C', 'D', 'A'], ['D', 'A', 'C', 'B'], ['C', 'D', 'B', 'A']]","{'C': 5, 'D': 5, 'A': 3, 'B': 2}","[1.0, 1.0, 0.58]",4.08
98,"[2, 4, 5]","[4, 4, 3]","[0.88, 0.88, 0.46]","[['B', 'C', 'D', 'A'], ['D', 'A', 'C', 'B'], ['D', 'A', 'C', 'B']]","{'C': 5, 'D': 5, 'A': 4, 'B': 1}","[1.0, 1.0, 0.58]",4.08
98,"[2, 4, 5]","[4, 4, 3]","[0.88, 0.88, 0.46]","[['B', 'C', 'D', 'A'], ['D', 'A', 'C', 'B'], ['D', 'B', 'C', 'A']]","{'C': 5, 'D': 5, 'A': 3, 'B': 2}","[1.0, 1.0, 0.58]",4.08
98,"[2, 4, 5]","[4, 4, 3]","[0.88, 0.88, 0.46]","[['B', 'C', 'D', 'A'], ['D', 'A', 'C', 'B'], ['D', 'C', 'A', 'B']]","{'C': 5, 'D': 5, 'A': 4, 'B': 1}","[1.0, 1.0, 0.58]",4.08
98,"[2, 4, 5]","[4, 4, 3]","[0.88, 0.88, 0.46]","[['B', 'C', 'D', 'A'], ['D', 'A', 'C', 'B'], ['D', 'C', 'B', 'A']]","{'C': 5, 'D': 5, 'A': 3, 'B': 2}","[1.0, 1.0, 0.58]",4.08
98,"[2, 4, 5]","[4, 4, 3]","[0.88, 0.88, 0.46]","[['B', 'C', 'D', 'A'], ['D', 'B', 'C', 'A'], ['A', 'B', 'C', 'D']]","{'C': 5, 'D': 4, 'A': 3, 'B': 3}","[1.0, 1.0, 0.58]",4.08
98,"[2, 4, 5]","[4, 4, 3]","[0.88, 0.88, 0.46]","[['B', 'C', 'D', 'A'], ['D', 'B', 'C', 'A'], ['A', 'C', 'B', 'D']]","{'C': 5, 'D': 4, 'A': 3, 'B': 3}","[1.0, 1.0, 0.58]",4.08
98,"[2, 4, 5]","[4, 4, 3]","[0.88, 0.88, 0.46]","[['B', 'C', 'D', 'A'], ['D', 'B', 'C', 'A'], ['A', 'C', 'D', 'B']]","{'C': 5, 'D': 5, 'A': 3, 'B': 2}","[1.0, 1.0, 0.58]",4.08
98,"[2, 4, 5]","[4, 4, 3]","[0.88, 0.88, 0.46]","[['B', 'C', 'D', 'A'], ['D', 'B', 'C', 'A'], ['A', 'D', 'C', 'B']]","{'C': 5, 'D': 5, 'A': 3, 'B': 2}","[1.0, 1.0, 0.58]",4.08
98,"[2, 4, 5]","[4, 4, 3]","[0.88, 0.88, 0.46]","[['B', 'C', 'D', 'A'], ['D', 'B', 'C', 'A'], ['B', 'A', 'C', 'D']]","{'C': 5, 'D': 4, 'A': 3, 'B': 3}","[1.0, 1.0, 0.58]",4.08
98,"[2, 4, 5]","[4, 4, 3]","[0.88, 0.88, 0.46]","[['B', 'C', 'D', 'A'], ['D', 'B', 'C', 'A'], ['B', 'C', 'A', 'D']]","{'C': 5, 'D': 4, 'A': 3, 'B': 3}","[1.0, 1.0, 0.58]",4.08
98,"[2, 4, 5]","[4, 4, 3]","[0.88, 0.88, 0.46]","[['B', 'C', 'D', 'A'], ['D', 'B', 'C', 'A'], ['B', 'C', 'D', 'A']]","{'C': 5, 'D': 5, 'B': 3, 'A': 2}","[1.0, 1.0, 0.58]",3.7399999999999998
98,"[2, 4, 5]","[4, 4, 3]","[0.88, 0.88, 0.46]","[['B', 'C', 'D', 'A'], ['D', 'B', 'C', 'A'], ['B', 'D', 'C', 'A']]","{'C': 5, 'D': 5, 'B': 3, 'A': 2}","[1.0, 1.0, 0.58]",3.7399999999999998
98,"[2, 4, 5]","[4, 4, 3]","[0.88, 0.88, 0.46]","[['B', 'C', 'D', 'A'], ['D', 'B', 'C', 'A'], ['C', 'A', 'B', 'D']]","{'C': 5, 'D': 4, 'A': 3, 'B': 3}","[1.0, 1.0, 0.58]",4.08
98,"[2, 4, 5]","[4, 4, 3]","[0.88, 0.88, 0.46]","[['B', 'C', 'D', 'A'], ['D', 'B', 'C', 'A'], ['C', 'A', 'D', 'B']]","{'C': 5, 'D': 5, 'A': 3, 'B': 2}","[1.0, 1.0, 0.58]",4.08
98,"[2, 4, 5]","[4, 4, 3]","[0.88, 0.88, 0.46]","[['B', 'C', 'D', 'A'], ['D', 'B', 'C', 'A'], ['C', 'B', 'A', 'D']]","{'C': 5, 'D': 4, 'A': 3, 'B': 3}","[1.0, 1.0, 0.58]",4.08
98,"[2, 4, 5]","[4, 4, 3]","[0.88, 0.88, 0.46]","[['B', 'C', 'D', 'A'], ['D', 'B', 'C', 'A'], ['C', 'B', 'D', 'A']]","{'C': 5, 'D': 5, 'B': 3, 'A': 2}","[1.0, 1.0, 0.58]",3.7399999999999998
98,"[2, 4, 5]","[4, 4, 3]","[0.88, 0.88, 0.46]","[['B', 'C', 'D', 'A'], ['D', 'B', 'C', 'A'], ['C', 'D', 'A', 'B']]","{'C': 5, 'D': 5, 'A': 3, 'B': 2}","[1.0, 1.0, 0.58]",4.08
98,"[2, 4, 5]","[4, 4, 3]","[0.88, 0.88, 0.46]","[['B', 'C', 'D', 'A'], ['D', 'B', 'C', 'A'], ['C', 'D', 'B', 'A']]","{'C': 5, 'D': 5, 'B': 3, 'A': 2}","[1.0, 1.0, 0.58]",3.7399999999999998
98,"[2, 4, 5]","[4, 4, 3]","[0.88, 0.88, 0.46]","[['B', 'C', 'D', 'A'], ['D', 'B', 'C', 'A'], ['D', 'A', 'C', 'B']]","{'C': 5, 'D': 5, 'A': 3, 'B': 2}","[1.0, 1.0, 0.58]",4.08
98,"[2, 4, 5]","[4, 4, 3]","[0.88, 0.88, 0.46]","[['B', 'C', 'D', 'A'], ['D', 'B', 'C', 'A'], ['D', 'B', 'C', 'A']]","{'C': 5, 'D': 5, 'B': 3, 'A': 2}","[1.0, 1.0, 0.58]",3.7399999999999998
98,"[2, 4, 5]","[4, 4, 3]","[0.88, 0.88, 0.46]","[['B', 'C', 'D', 'A'], ['D', 'B', 'C', 'A'], ['D', 'C', 'A', 'B']]","{'C': 5, 'D': 5, 'A': 3, 'B': 2}","[1.0, 1.0, 0.58]",4.08
98,"[2, 4, 5]","[4, 4, 3]","[0.88, 0.88, 0.46]","[['B', 'C', 'D', 'A'], ['D', 'B', 'C', 'A'], ['D', 'C', 'B', 'A']]","{'C': 5, 'D': 5, 'B': 3, 'A': 2}","[1.0, 1.0, 0.58]",3.7399999999999998
98,"[2, 4, 5]","[4, 4, 3]","[0.88, 0.88, 0.46]","[['B', 'C', 'D', 'A'], ['D', 'C', 'A', 'B'], ['A', 'C', 'D', 'B']]","{'C': 5, 'D': 5, 'A': 4, 'B': 1}","[1.0, 1.0, 0.58]",4.08
98,"[2, 4, 5]","[4, 4, 3]","[0.88, 0.88, 0.46]","[['B', 'C', 'D', 'A'], ['D', 'C', 'A', 'B'], ['A', 'D', 'C', 'B']]","{'C': 5, 'D': 5, 'A': 4, 'B': 1}","[1.0, 1.0, 0.58]",4.08
98,"[2, 4, 5]","[4, 4, 3]","[0.88, 0.88, 0.46]","[['B', 'C', 'D', 'A'], ['D', 'C', 'A', 'B'], ['B', 'C', 'D', 'A']]","{'C': 5, 'D': 5, 'A': 3, 'B': 2}","[1.0, 1.0, 0.58]",4.08
98,"[2, 4, 5]","[4, 4, 3]","[0.88, 0.88, 0.46]","[['B', 'C', 'D', 'A'], ['D', 'C', 'A', 'B'], ['B', 'D', 'C', 'A']]","{'C': 5, 'D': 5, 'A': 3, 'B': 2}","[1.0, 1.0, 0.58]",4.08
98,"[2, 4, 5]","[4, 4, 3]","[0.88, 0.88, 0.46]","[['B', 'C', 'D', 'A'], ['D', 'C', 'A', 'B'], ['C', 'A', 'D', 'B']]","{'C': 5, 'D': 5, 'A': 4, 'B': 1}","[1.0, 1.0, 0.58]",4.08
98,"[2, 4, 5]","[4, 4, 3]","[0.88, 0.88, 0.46]","[['B', 'C', 'D', 'A'], ['D', 'C', 'A', 'B'], ['C', 'B', 'D', 'A']]","{'C': 5, 'D': 5, 'A': 3, 'B': 2}","[1.0, 1.0, 0.58]",4.08
98,"[2, 4, 5]","[4, 4, 3]","[0.88, 0.88, 0.46]","[['B', 'C', 'D', 'A'], ['D', 'C', 'A', 'B'], ['C', 'D', 'A', 'B']]","{'C': 5, 'D': 5, 'A': 4, 'B': 1}","[1.0, 1.0, 0.58]",4.08
98,"[2, 4, 5]","[4, 4, 3]","[0.88, 0.88, 0.46]","[['B', 'C', 'D', 'A'], ['D', 'C', 'A', 'B'], ['C', 'D', 'B', 'A']]","{'C': 5, 'D': 5, 'A': 3, 'B': 2}","[1.0, 1.0, 0.58]",4.08
98,"[2, 4, 5]","[4, 4, 3]","[0.88, 0.88, 0.46]","[['B', 'C', 'D', 'A'], ['D', 'C', 'A', 'B'], ['D', 'A', 'C', 'B']]","{'C': 5, 'D': 5, 'A': 4, 'B': 1}","[1.0, 1.0, 0.58]",4.08
98,"[2, 4, 5]","[4, 4, 3]","[0.88, 0.88, 0.46]","[['B', 'C', 'D', 'A'], ['D', 'C', 'A', 'B'], ['D', 'B', 'C', 'A']]","{'C': 5, 'D': 5, 'A': 3, 'B': 2}","[1.0, 1.0, 0.58]",4.08
98,"[2, 4, 5]","[4, 4, 3]","[0.88, 0.88, 0.46]","[['B', 'C', 'D', 'A'], ['D', 'C', 'A', 'B'], ['D', 'C', 'A', 'B']]","{'C': 5, 'D': 5, 'A': 4, 'B': 1}","[1.0, 1.0, 0.58]",4.08
98,"[2, 4, 5]","[4, 4, 3]","[0.88, 0.88, 0.46]","[['B', 'C', 'D', 'A'], ['D', 'C', 'A', 'B'], ['D', 'C', 'B', 'A']]","{'C': 5, 'D': 5, 'A': 3, 'B': 2}","[1.0, 1.0, 0.58]",4.08
98,"[2, 4, 5]","[4, 4, 3]","[0.88, 0.88, 0.46]","[['B', 'C', 'D', 'A'], ['D', 'C', 'B', 'A'], ['A', 'B', 'C', 'D']]","{'C': 5, 'D': 4, 'A': 3, 'B': 3}","[1.0, 1.0, 0.58]",4.08
98,"[2, 4, 5]","[4, 4, 3]","[0.88, 0.88, 0.46]","[['B', 'C', 'D', 'A'], ['D', 'C', 'B', 'A'], ['A', 'C', 'B', 'D']]","{'C': 5, 'D': 4, 'A': 3, 'B': 3}","[1.0, 1.0, 0.58]",4.08
98,"[2, 4, 5]","[4, 4, 3]","[0.88, 0.88, 0.46]","[['B', 'C', 'D', 'A'], ['D', 'C', 'B', 'A'], ['A', 'C', 'D', 'B']]","{'C': 5, 'D': 5, 'A': 3, 'B': 2}","[1.0, 1.0, 0.58]",4.08
98,"[2, 4, 5]","[4, 4, 3]","[0.88, 0.88, 0.46]","[['B', 'C', 'D', 'A'], ['D', 'C', 'B', 'A'], ['A', 'D', 'C', 'B']]","{'C': 5, 'D': 5, 'A': 3, 'B': 2}","[1.0, 1.0, 0.58]",4.08
98,"[2, 4, 5]","[4, 4, 3]","[0.88, 0.88, 0.46]","[['B', 'C', 'D', 'A'], ['D', 'C', 'B', 'A'], ['B', 'A', 'C', 'D']]","{'C': 5, 'D': 4, 'A': 3, 'B': 3}","[1.0, 1.0, 0.58]",4.08
98,"[2, 4, 5]","[4, 4, 3]","[0.88, 0.88, 0.46]","[['B', 'C', 'D', 'A'], ['D', 'C', 'B', 'A'], ['B', 'C', 'A', 'D']]","{'C': 5, 'D': 4, 'A': 3, 'B': 3}","[1.0, 1.0, 0.58]",4.08
98,"[2, 4, 5]","[4, 4, 3]","[0.88, 0.88, 0.46]","[['B', 'C', 'D', 'A'], ['D', 'C', 'B', 'A'], ['B', 'C', 'D', 'A']]","{'C': 5, 'D': 5, 'B': 3, 'A': 2}","[1.0, 1.0, 0.58]",3.7399999999999998
98,"[2, 4, 5]","[4, 4, 3]","[0.88, 0.88, 0.46]","[['B', 'C', 'D', 'A'], ['D', 'C', 'B', 'A'], ['B', 'D', 'C', 'A']]","{'C': 5, 'D': 5, 'B': 3, 'A': 2}","[1.0, 1.0, 0.58]",3.7399999999999998
98,"[2, 4, 5]","[4, 4, 3]","[0.88, 0.88, 0.46]","[['B', 'C', 'D', 'A'], ['D', 'C', 'B', 'A'], ['C', 'A', 'B', 'D']]","{'C': 5, 'D': 4, 'A': 3, 'B': 3}","[1.0, 1.0, 0.58]",4.08
98,"[2, 4, 5]","[4, 4, 3]","[0.88, 0.88, 0.46]","[['B', 'C', 'D', 'A'], ['D', 'C', 'B', 'A'], ['C', 'A', 'D', 'B']]","{'C': 5, 'D': 5, 'A': 3, 'B': 2}","[1.0, 1.0, 0.58]",4.08
98,"[2, 4, 5]","[4, 4, 3]","[0.88, 0.88, 0.46]","[['B', 'C', 'D', 'A'], ['D', 'C', 'B', 'A'], ['C', 'B', 'A', 'D']]","{'C': 5, 'D': 4, 'A': 3, 'B': 3}","[1.0, 1.0, 0.58]",4.08
98,"[2, 4, 5]","[4, 4, 3]","[0.88, 0.88, 0.46]","[['B', 'C', 'D', 'A'], ['D', 'C', 'B', 'A'], ['C', 'B', 'D', 'A']]","{'C': 5, 'D': 5, 'B': 3, 'A': 2}","[1.0, 1.0, 0.58]",3.7399999999999998
98,"[2, 4, 5]","[4, 4, 3]","[0.88, 0.88, 0.46]","[['B', 'C', 'D', 'A'], ['D', 'C', 'B', 'A'], ['C', 'D', 'A', 'B']]","{'C': 5, 'D': 5, 'A': 3, 'B': 2}","[1.0, 1.0, 0.58]",4.08
98,"[2, 4, 5]","[4, 4, 3]","[0.88, 0.88, 0.46]","[['B', 'C', 'D', 'A'], ['D', 'C', 'B', 'A'], ['C', 'D', 'B', 'A']]","{'C': 5, 'D': 5, 'B': 3, 'A': 2}","[1.0, 1.0, 0.58]",3.7399999999999998
98,"[2, 4, 5]","[4, 4, 3]","[0.88, 0.88, 0.46]","[['B', 'C', 'D', 'A'], ['D', 'C', 'B', 'A'], ['D', 'A', 'C', 'B']]","{'C': 5, 'D': 5, 'A': 3, 'B': 2}","[1.0, 1.0, 0.58]",4.08
98,"[2, 4, 5]","[4, 4, 3]","[0.88, 0.88, 0.46]","[['B', 'C', 'D', 'A'], ['D', 'C', 'B', 'A'], ['D', 'B', 'C', 'A']]","{'C': 5, 'D': 5, 'B': 3, 'A': 2}","[1.0, 1.0, 0.58]",3.7399999999999998
98,"[2, 4, 5]","[4, 4, 3]","[0.88, 0.88, 0.46]","[['B', 'C', 'D', 'A'], ['D', 'C', 'B', 'A'], ['D', 'C', 'A', 'B']]","{'C': 5, 'D': 5, 'A': 3, 'B': 2}","[1.0, 1.0, 0.58]",4.08
98,"[2, 4, 5]","[4, 4, 3]","[0.88, 0.88, 0.46]","[['B', 'C', 'D', 'A'], ['D', 'C', 'B', 'A'], ['D', 'C', 'B', 'A']]","{'C': 5, 'D': 5, 'B': 3, 'A': 2}","[1.0, 1.0, 0.58]",3.7399999999999998
98,"[2, 4, 5]","[4, 4, 3]","[0.88, 0.88, 0.46]","[['B', 'D', 'C', 'A'], ['A', 'B', 'C', 'D'], ['B', 'C', 'D', 'A']]","{'C': 5, 'D': 4, 'A': 3, 'B': 3}","[1.0, 1.0, 0.58]",4.08
98,"[2, 4, 5]","[4, 4, 3]","[0.88, 0.88, 0.46]","[['B', 'D', 'C', 'A'], ['A', 'B', 'C', 'D'], ['B', 'D', 'C', 'A']]","{'C': 5, 'D': 4, 'A': 3, 'B': 3}","[1.0, 1.0, 0.58]",4.08
98,"[2, 4, 5]","[4, 4, 3]","[0.88, 0.88, 0.46]","[['B', 'D', 'C', 'A'], ['A', 'B', 'C', 'D'], ['C', 'B', 'D', 'A']]","{'C': 5, 'D': 4, 'A': 3, 'B': 3}","[1.0, 1.0, 0.58]",4.08
98,"[2, 4, 5]","[4, 4, 3]","[0.88, 0.88, 0.46]","[['B', 'D', 'C', 'A'], ['A', 'B', 'C', 'D'], ['C', 'D', 'B', 'A']]","{'C': 5, 'D': 4, 'A': 3, 'B': 3}","[1.0, 1.0, 0.58]",4.08
98,"[2, 4, 5]","[4, 4, 3]","[0.88, 0.88, 0.46]","[['B', 'D', 'C', 'A'], ['A', 'B', 'C', 'D'], ['D', 'B', 'C', 'A']]","{'C': 5, 'D': 4, 'A': 3, 'B': 3}","[1.0, 1.0, 0.58]",4.08
98,"[2, 4, 5]","[4, 4, 3]","[0.88, 0.88, 0.46]","[['B', 'D', 'C', 'A'], ['A', 'B', 'C', 'D'], ['D', 'C', 'B', 'A']]","{'C': 5, 'D': 4, 'A': 3, 'B': 3}","[1.0, 1.0, 0.58]",4.08
98,"[2, 4, 5]","[4, 4, 3]","[0.88, 0.88, 0.46]","[['B', 'D', 'C', 'A'], ['A', 'C', 'B', 'D'], ['B', 'C', 'D', 'A']]","{'C': 5, 'D': 4, 'A': 3, 'B': 3}","[1.0, 1.0, 0.58]",4.08
98,"[2, 4, 5]","[4, 4, 3]","[0.88, 0.88, 0.46]","[['B', 'D', 'C', 'A'], ['A', 'C', 'B', 'D'], ['B', 'D', 'C', 'A']]","{'C': 5, 'D': 4, 'A': 3, 'B': 3}","[1.0, 1.0, 0.58]",4.08
98,"[2, 4, 5]","[4, 4, 3]","[0.88, 0.88, 0.46]","[['B', 'D', 'C', 'A'], ['A', 'C', 'B', 'D'], ['C', 'B', 'D', 'A']]","{'C': 5, 'D': 4, 'A': 3, 'B': 3}","[1.0, 1.0, 0.58]",4.08
98,"[2, 4, 5]","[4, 4, 3]","[0.88, 0.88, 0.46]","[['B', 'D', 'C', 'A'], ['A', 'C', 'B', 'D'], ['C', 'D', 'B', 'A']]","{'C': 5, 'D': 4, 'A': 3, 'B': 3}","[1.0, 1.0, 0.58]",4.08
98,"[2, 4, 5]","[4, 4, 3]","[0.88, 0.88, 0.46]","[['B', 'D', 'C', 'A'], ['A', 'C', 'B', 'D'], ['D', 'B', 'C', 'A']]","{'C': 5, 'D': 4, 'A': 3, 'B': 3}","[1.0, 1.0, 0.58]",4.08
98,"[2, 4, 5]","[4, 4, 3]","[0.88, 0.88, 0.46]","[['B', 'D', 'C', 'A'], ['A', 'C', 'B', 'D'], ['D', 'C', 'B', 'A']]","{'C': 5, 'D': 4, 'A': 3, 'B': 3}","[1.0, 1.0, 0.58]",4.08
98,"[2, 4, 5]","[4, 4, 3]","[0.88, 0.88, 0.46]","[['B', 'D', 'C', 'A'], ['A', 'C', 'D', 'B'], ['A', 'C', 'D', 'B']]","{'C': 5, 'D': 5, 'A': 4, 'B': 1}","[1.0, 1.0, 0.58]",4.08
98,"[2, 4, 5]","[4, 4, 3]","[0.88, 0.88, 0.46]","[['B', 'D', 'C', 'A'], ['A', 'C', 'D', 'B'], ['A', 'D', 'C', 'B']]","{'C': 5, 'D': 5, 'A': 4, 'B': 1}","[1.0, 1.0, 0.58]",4.08
98,"[2, 4, 5]","[4, 4, 3]","[0.88, 0.88, 0.46]","[['B', 'D', 'C', 'A'], ['A', 'C', 'D', 'B'], ['B', 'C', 'D', 'A']]","{'C': 5, 'D': 5, 'A': 3, 'B': 2}","[1.0, 1.0, 0.58]",4.08
98,"[2, 4, 5]","[4, 4, 3]","[0.88, 0.88, 0.46]","[['B', 'D', 'C', 'A'], ['A', 'C', 'D', 'B'], ['B', 'D', 'C', 'A']]","{'C': 5, 'D': 5, 'A': 3, 'B': 2}","[1.0, 1.0, 0.58]",4.08
98,"[2, 4, 5]","[4, 4, 3]","[0.88, 0.88, 0.46]","[['B', 'D', 'C', 'A'], ['A', 'C', 'D', 'B'], ['C', 'A', 'D', 'B']]","{'C': 5, 'D': 5, 'A': 4, 'B': 1}","[1.0, 1.0, 0.58]",4.08
98,"[2, 4, 5]","[4, 4, 3]","[0.88, 0.88, 0.46]","[['B', 'D', 'C', 'A'], ['A', 'C', 'D', 'B'], ['C', 'B', 'D', 'A']]","{'C': 5, 'D': 5, 'A': 3, 'B': 2}","[1.0, 1.0, 0.58]",4.08
98,"[2, 4, 5]","[4, 4, 3]","[0.88, 0.88, 0.46]","[['B', 'D', 'C', 'A'], ['A', 'C', 'D', 'B'], ['C', 'D', 'A', 'B']]","{'C': 5, 'D': 5, 'A': 4, 'B': 1}","[1.0, 1.0, 0.58]",4.08
98,"[2, 4, 5]","[4, 4, 3]","[0.88, 0.88, 0.46]","[['B', 'D', 'C', 'A'], ['A', 'C', 'D', 'B'], ['C', 'D', 'B', 'A']]","{'C': 5, 'D': 5, 'A': 3, 'B': 2}","[1.0, 1.0, 0.58]",4.08
98,"[2, 4, 5]","[4, 4, 3]","[0.88, 0.88, 0.46]","[['B', 'D', 'C', 'A'], ['A', 'C', 'D', 'B'], ['D', 'A', 'C', 'B']]","{'C': 5, 'D': 5, 'A': 4, 'B': 1}","[1.0, 1.0, 0.58]",4.08
98,"[2, 4, 5]","[4, 4, 3]","[0.88, 0.88, 0.46]","[['B', 'D', 'C', 'A'], ['A', 'C', 'D', 'B'], ['D', 'B', 'C', 'A']]","{'C': 5, 'D': 5, 'A': 3, 'B': 2}","[1.0, 1.0, 0.58]",4.08
98,"[2, 4, 5]","[4, 4, 3]","[0.88, 0.88, 0.46]","[['B', 'D', 'C', 'A'], ['A', 'C', 'D', 'B'], ['D', 'C', 'A', 'B']]","{'C': 5, 'D': 5, 'A': 4, 'B': 1}","[1.0, 1.0, 0.58]",4.08
98,"[2, 4, 5]","[4, 4, 3]","[0.88, 0.88, 0.46]","[['B', 'D', 'C', 'A'], ['A', 'C', 'D', 'B'], ['D', 'C', 'B', 'A']]","{'C': 5, 'D': 5, 'A': 3, 'B': 2}","[1.0, 1.0, 0.58]",4.08
98,"[2, 4, 5]","[4, 4, 3]","[0.88, 0.88, 0.46]","[['B', 'D', 'C', 'A'], ['A', 'D', 'C', 'B'], ['A', 'C', 'D', 'B']]","{'C': 5, 'D': 5, 'A': 4, 'B': 1}","[1.0, 1.0, 0.58]",4.08
98,"[2, 4, 5]","[4, 4, 3]","[0.88, 0.88, 0.46]","[['B', 'D', 'C', 'A'], ['A', 'D', 'C', 'B'], ['A', 'D', 'C', 'B']]","{'C': 5, 'D': 5, 'A': 4, 'B': 1}","[1.0, 1.0, 0.58]",4.08
98,"[2, 4, 5]","[4, 4, 3]","[0.88, 0.88, 0.46]","[['B', 'D', 'C', 'A'], ['A', 'D', 'C', 'B'], ['B', 'C', 'D', 'A']]","{'C': 5, 'D': 5, 'A': 3, 'B': 2}","[1.0, 1.0, 0.58]",4.08
98,"[2, 4, 5]","[4, 4, 3]","[0.88, 0.88, 0.46]","[['B', 'D', 'C', 'A'], ['A', 'D', 'C', 'B'], ['B', 'D', 'C', 'A']]","{'C': 5, 'D': 5, 'A': 3, 'B': 2}","[1.0, 1.0, 0.58]",4.08
98,"[2, 4, 5]","[4, 4, 3]","[0.88, 0.88, 0.46]","[['B', 'D', 'C', 'A'], ['A', 'D', 'C', 'B'], ['C', 'A', 'D', 'B']]","{'C': 5, 'D': 5, 'A': 4, 'B': 1}","[1.0, 1.0, 0.58]",4.08
98,"[2, 4, 5]","[4, 4, 3]","[0.88, 0.88, 0.46]","[['B', 'D', 'C', 'A'], ['A', 'D', 'C', 'B'], ['C', 'B', 'D', 'A']]","{'C': 5, 'D': 5, 'A': 3, 'B': 2}","[1.0, 1.0, 0.58]",4.08
98,"[2, 4, 5]","[4, 4, 3]","[0.88, 0.88, 0.46]","[['B', 'D', 'C', 'A'], ['A', 'D', 'C', 'B'], ['C', 'D', 'A', 'B']]","{'C': 5, 'D': 5, 'A': 4, 'B': 1}","[1.0, 1.0, 0.58]",4.08
98,"[2, 4, 5]","[4, 4, 3]","[0.88, 0.88, 0.46]","[['B', 'D', 'C', 'A'], ['A', 'D', 'C', 'B'], ['C', 'D', 'B', 'A']]","{'C': 5, 'D': 5, 'A': 3, 'B': 2}","[1.0, 1.0, 0.58]",4.08
98,"[2, 4, 5]","[4, 4, 3]","[0.88, 0.88, 0.46]","[['B', 'D', 'C', 'A'], ['A', 'D', 'C', 'B'], ['D', 'A', 'C', 'B']]","{'C': 5, 'D': 5, 'A': 4, 'B': 1}","[1.0, 1.0, 0.58]",4.08
98,"[2, 4, 5]","[4, 4, 3]","[0.88, 0.88, 0.46]","[['B', 'D', 'C', 'A'], ['A', 'D', 'C', 'B'], ['D', 'B', 'C', 'A']]","{'C': 5, 'D': 5, 'A': 3, 'B': 2}","[1.0, 1.0, 0.58]",4.08
98,"[2, 4, 5]","[4, 4, 3]","[0.88, 0.88, 0.46]","[['B', 'D', 'C', 'A'], ['A', 'D', 'C', 'B'], ['D', 'C', 'A', 'B']]","{'C': 5, 'D': 5, 'A': 4, 'B': 1}","[1.0, 1.0, 0.58]",4.08
98,"[2, 4, 5]","[4, 4, 3]","[0.88, 0.88, 0.46]","[['B', 'D', 'C', 'A'], ['A', 'D', 'C', 'B'], ['D', 'C', 'B', 'A']]","{'C': 5, 'D': 5, 'A': 3, 'B': 2}","[1.0, 1.0, 0.58]",4.08
98,"[2, 4, 5]","[4, 4, 3]","[0.88, 0.88, 0.46]","[['B', 'D', 'C', 'A'], ['B', 'A', 'C', 'D'], ['B', 'C', 'D', 'A']]","{'C': 5, 'D': 4, 'A': 3, 'B': 3}","[1.0, 1.0, 0.58]",4.08
98,"[2, 4, 5]","[4, 4, 3]","[0.88, 0.88, 0.46]","[['B', 'D', 'C', 'A'], ['B', 'A', 'C', 'D'], ['B', 'D', 'C', 'A']]","{'C': 5, 'D': 4, 'A': 3, 'B': 3}","[1.0, 1.0, 0.58]",4.08
98,"[2, 4, 5]","[4, 4, 3]","[0.88, 0.88, 0.46]","[['B', 'D', 'C', 'A'], ['B', 'A', 'C', 'D'], ['C', 'B', 'D', 'A']]","{'C': 5, 'D': 4, 'A': 3, 'B': 3}","[1.0, 1.0, 0.58]",4.08
98,"[2, 4, 5]","[4, 4, 3]","[0.88, 0.88, 0.46]","[['B', 'D', 'C', 'A'], ['B', 'A', 'C', 'D'], ['C', 'D', 'B', 'A']]","{'C': 5, 'D': 4, 'A': 3, 'B': 3}","[1.0, 1.0, 0.58]",4.08
98,"[2, 4, 5]","[4, 4, 3]","[0.88, 0.88, 0.46]","[['B', 'D', 'C', 'A'], ['B', 'A', 'C', 'D'], ['D', 'B', 'C', 'A']]","{'C': 5, 'D': 4, 'A': 3, 'B': 3}","[1.0, 1.0, 0.58]",4.08
98,"[2, 4, 5]","[4, 4, 3]","[0.88, 0.88, 0.46]","[['B', 'D', 'C', 'A'], ['B', 'A', 'C', 'D'], ['D', 'C', 'B', 'A']]","{'C': 5, 'D': 4, 'A': 3, 'B': 3}","[1.0, 1.0, 0.58]",4.08
98,"[2, 4, 5]","[4, 4, 3]","[0.88, 0.88, 0.46]","[['B', 'D', 'C', 'A'], ['B', 'C', 'A', 'D'], ['B', 'C', 'D', 'A']]","{'C': 5, 'D': 4, 'A': 3, 'B': 3}","[1.0, 1.0, 0.58]",4.08
98,"[2, 4, 5]","[4, 4, 3]","[0.88, 0.88, 0.46]","[['B', 'D', 'C', 'A'], ['B', 'C', 'A', 'D'], ['B', 'D', 'C', 'A']]","{'C': 5, 'D': 4, 'A': 3, 'B': 3}","[1.0, 1.0, 0.58]",4.08
98,"[2, 4, 5]","[4, 4, 3]","[0.88, 0.88, 0.46]","[['B', 'D', 'C', 'A'], ['B', 'C', 'A', 'D'], ['C', 'B', 'D', 'A']]","{'C': 5, 'D': 4, 'A': 3, 'B': 3}","[1.0, 1.0, 0.58]",4.08
98,"[2, 4, 5]","[4, 4, 3]","[0.88, 0.88, 0.46]","[['B', 'D', 'C', 'A'], ['B', 'C', 'A', 'D'], ['C', 'D', 'B', 'A']]","{'C': 5, 'D': 4, 'A': 3, 'B': 3}","[1.0, 1.0, 0.58]",4.08
98,"[2, 4, 5]","[4, 4, 3]","[0.88, 0.88, 0.46]","[['B', 'D', 'C', 'A'], ['B', 'C', 'A', 'D'], ['D', 'B', 'C', 'A']]","{'C': 5, 'D': 4, 'A': 3, 'B': 3}","[1.0, 1.0, 0.58]",4.08
98,"[2, 4, 5]","[4, 4, 3]","[0.88, 0.88, 0.46]","[['B', 'D', 'C', 'A'], ['B', 'C', 'A', 'D'], ['D', 'C', 'B', 'A']]","{'C': 5, 'D': 4, 'A': 3, 'B': 3}","[1.0, 1.0, 0.58]",4.08
98,"[2, 4, 5]","[4, 4, 3]","[0.88, 0.88, 0.46]","[['B', 'D', 'C', 'A'], ['B', 'C', 'D', 'A'], ['A', 'B', 'C', 'D']]","{'C': 5, 'D': 4, 'A': 3, 'B': 3}","[1.0, 1.0, 0.58]",4.08
98,"[2, 4, 5]","[4, 4, 3]","[0.88, 0.88, 0.46]","[['B', 'D', 'C', 'A'], ['B', 'C', 'D', 'A'], ['A', 'C', 'B', 'D']]","{'C': 5, 'D': 4, 'A': 3, 'B': 3}","[1.0, 1.0, 0.58]",4.08
98,"[2, 4, 5]","[4, 4, 3]","[0.88, 0.88, 0.46]","[['B', 'D', 'C', 'A'], ['B', 'C', 'D', 'A'], ['A', 'C', 'D', 'B']]","{'C': 5, 'D': 5, 'A': 3, 'B': 2}","[1.0, 1.0, 0.58]",4.08
98,"[2, 4, 5]","[4, 4, 3]","[0.88, 0.88, 0.46]","[['B', 'D', 'C', 'A'], ['B', 'C', 'D', 'A'], ['A', 'D', 'C', 'B']]","{'C': 5, 'D': 5, 'A': 3, 'B': 2}","[1.0, 1.0, 0.58]",4.08
98,"[2, 4, 5]","[4, 4, 3]","[0.88, 0.88, 0.46]","[['B', 'D', 'C', 'A'], ['B', 'C', 'D', 'A'], ['B', 'A', 'C', 'D']]","{'C': 5, 'D': 4, 'A': 3, 'B': 3}","[1.0, 1.0, 0.58]",4.08
98,"[2, 4, 5]","[4, 4, 3]","[0.88, 0.88, 0.46]","[['B', 'D', 'C', 'A'], ['B', 'C', 'D', 'A'], ['B', 'C', 'A', 'D']]","{'C': 5, 'D': 4, 'A': 3, 'B': 3}","[1.0, 1.0, 0.58]",4.08
98,"[2, 4, 5]","[4, 4, 3]","[0.88, 0.88, 0.46]","[['B', 'D', 'C', 'A'], ['B', 'C', 'D', 'A'], ['B', 'C', 'D', 'A']]","{'C': 5, 'D': 5, 'B': 3, 'A': 2}","[1.0, 1.0, 0.58]",3.7399999999999998
98,"[2, 4, 5]","[4, 4, 3]","[0.88, 0.88, 0.46]","[['B', 'D', 'C', 'A'], ['B', 'C', 'D', 'A'], ['B', 'D', 'C', 'A']]","{'C': 5, 'D': 5, 'B': 3, 'A': 2}","[1.0, 1.0, 0.58]",3.7399999999999998
98,"[2, 4, 5]","[4, 4, 3]","[0.88, 0.88, 0.46]","[['B', 'D', 'C', 'A'], ['B', 'C', 'D', 'A'], ['C', 'A', 'B', 'D']]","{'C': 5, 'D': 4, 'A': 3, 'B': 3}","[1.0, 1.0, 0.58]",4.08
98,"[2, 4, 5]","[4, 4, 3]","[0.88, 0.88, 0.46]","[['B', 'D', 'C', 'A'], ['B', 'C', 'D', 'A'], ['C', 'A', 'D', 'B']]","{'C': 5, 'D': 5, 'A': 3, 'B': 2}","[1.0, 1.0, 0.58]",4.08
98,"[2, 4, 5]","[4, 4, 3]","[0.88, 0.88, 0.46]","[['B', 'D', 'C', 'A'], ['B', 'C', 'D', 'A'], ['C', 'B', 'A', 'D']]","{'C': 5, 'D': 4, 'A': 3, 'B': 3}","[1.0, 1.0, 0.58]",4.08
98,"[2, 4, 5]","[4, 4, 3]","[0.88, 0.88, 0.46]","[['B', 'D', 'C', 'A'], ['B', 'C', 'D', 'A'], ['C', 'B', 'D', 'A']]","{'C': 5, 'D': 5, 'B': 3, 'A': 2}","[1.0, 1.0, 0.58]",3.7399999999999998
98,"[2, 4, 5]","[4, 4, 3]","[0.88, 0.88, 0.46]","[['B', 'D', 'C', 'A'], ['B', 'C', 'D', 'A'], ['C', 'D', 'A', 'B']]","{'C': 5, 'D': 5, 'A': 3, 'B': 2}","[1.0, 1.0, 0.58]",4.08
98,"[2, 4, 5]","[4, 4, 3]","[0.88, 0.88, 0.46]","[['B', 'D', 'C', 'A'], ['B', 'C', 'D', 'A'], ['C', 'D', 'B', 'A']]","{'C': 5, 'D': 5, 'B': 3, 'A': 2}","[1.0, 1.0, 0.58]",3.7399999999999998
98,"[2, 4, 5]","[4, 4, 3]","[0.88, 0.88, 0.46]","[['B', 'D', 'C', 'A'], ['B', 'C', 'D', 'A'], ['D', 'A', 'C', 'B']]","{'C': 5, 'D': 5, 'A': 3, 'B': 2}","[1.0, 1.0, 0.58]",4.08
98,"[2, 4, 5]","[4, 4, 3]","[0.88, 0.88, 0.46]","[['B', 'D', 'C', 'A'], ['B', 'C', 'D', 'A'], ['D', 'B', 'C', 'A']]","{'C': 5, 'D': 5, 'B': 3, 'A': 2}","[1.0, 1.0, 0.58]",3.7399999999999998
98,"[2, 4, 5]","[4, 4, 3]","[0.88, 0.88, 0.46]","[['B', 'D', 'C', 'A'], ['B', 'C', 'D', 'A'], ['D', 'C', 'A', 'B']]","{'C': 5, 'D': 5, 'A': 3, 'B': 2}","[1.0, 1.0, 0.58]",4.08
98,"[2, 4, 5]","[4, 4, 3]","[0.88, 0.88, 0.46]","[['B', 'D', 'C', 'A'], ['B', 'C', 'D', 'A'], ['D', 'C', 'B', 'A']]","{'C': 5, 'D': 5, 'B': 3, 'A': 2}","[1.0, 1.0, 0.58]",3.7399999999999998
98,"[2, 4, 5]","[4, 4, 3]","[0.88, 0.88, 0.46]","[['B', 'D', 'C', 'A'], ['B', 'D', 'C', 'A'], ['A', 'B', 'C', 'D']]","{'C': 5, 'D': 4, 'A': 3, 'B': 3}","[1.0, 1.0, 0.58]",4.08
98,"[2, 4, 5]","[4, 4, 3]","[0.88, 0.88, 0.46]","[['B', 'D', 'C', 'A'], ['B', 'D', 'C', 'A'], ['A', 'C', 'B', 'D']]","{'C': 5, 'D': 4, 'A': 3, 'B': 3}","[1.0, 1.0, 0.58]",4.08
98,"[2, 4, 5]","[4, 4, 3]","[0.88, 0.88, 0.46]","[['B', 'D', 'C', 'A'], ['B', 'D', 'C', 'A'], ['A', 'C', 'D', 'B']]","{'C': 5, 'D': 5, 'A': 3, 'B': 2}","[1.0, 1.0, 0.58]",4.08
98,"[2, 4, 5]","[4, 4, 3]","[0.88, 0.88, 0.46]","[['B', 'D', 'C', 'A'], ['B', 'D', 'C', 'A'], ['A', 'D', 'C', 'B']]","{'C': 5, 'D': 5, 'A': 3, 'B': 2}","[1.0, 1.0, 0.58]",4.08
98,"[2, 4, 5]","[4, 4, 3]","[0.88, 0.88, 0.46]","[['B', 'D', 'C', 'A'], ['B', 'D', 'C', 'A'], ['B', 'A', 'C', 'D']]","{'C': 5, 'D': 4, 'A': 3, 'B': 3}","[1.0, 1.0, 0.58]",4.08
98,"[2, 4, 5]","[4, 4, 3]","[0.88, 0.88, 0.46]","[['B', 'D', 'C', 'A'], ['B', 'D', 'C', 'A'], ['B', 'C', 'A', 'D']]","{'C': 5, 'D': 4, 'A': 3, 'B': 3}","[1.0, 1.0, 0.58]",4.08
98,"[2, 4, 5]","[4, 4, 3]","[0.88, 0.88, 0.46]","[['B', 'D', 'C', 'A'], ['B', 'D', 'C', 'A'], ['B', 'C', 'D', 'A']]","{'C': 5, 'D': 5, 'B': 3, 'A': 2}","[1.0, 1.0, 0.58]",3.7399999999999998
98,"[2, 4, 5]","[4, 4, 3]","[0.88, 0.88, 0.46]","[['B', 'D', 'C', 'A'], ['B', 'D', 'C', 'A'], ['B', 'D', 'C', 'A']]","{'C': 5, 'D': 5, 'B': 3, 'A': 2}","[1.0, 1.0, 0.58]",3.7399999999999998
98,"[2, 4, 5]","[4, 4, 3]","[0.88, 0.88, 0.46]","[['B', 'D', 'C', 'A'], ['B', 'D', 'C', 'A'], ['C', 'A', 'B', 'D']]","{'C': 5, 'D': 4, 'A': 3, 'B': 3}","[1.0, 1.0, 0.58]",4.08
98,"[2, 4, 5]","[4, 4, 3]","[0.88, 0.88, 0.46]","[['B', 'D', 'C', 'A'], ['B', 'D', 'C', 'A'], ['C', 'A', 'D', 'B']]","{'C': 5, 'D': 5, 'A': 3, 'B': 2}","[1.0, 1.0, 0.58]",4.08
98,"[2, 4, 5]","[4, 4, 3]","[0.88, 0.88, 0.46]","[['B', 'D', 'C', 'A'], ['B', 'D', 'C', 'A'], ['C', 'B', 'A', 'D']]","{'C': 5, 'D': 4, 'A': 3, 'B': 3}","[1.0, 1.0, 0.58]",4.08
98,"[2, 4, 5]","[4, 4, 3]","[0.88, 0.88, 0.46]","[['B', 'D', 'C', 'A'], ['B', 'D', 'C', 'A'], ['C', 'B', 'D', 'A']]","{'C': 5, 'D': 5, 'B': 3, 'A': 2}","[1.0, 1.0, 0.58]",3.7399999999999998
98,"[2, 4, 5]","[4, 4, 3]","[0.88, 0.88, 0.46]","[['B', 'D', 'C', 'A'], ['B', 'D', 'C', 'A'], ['C', 'D', 'A', 'B']]","{'C': 5, 'D': 5, 'A': 3, 'B': 2}","[1.0, 1.0, 0.58]",4.08
98,"[2, 4, 5]","[4, 4, 3]","[0.88, 0.88, 0.46]","[['B', 'D', 'C', 'A'], ['B', 'D', 'C', 'A'], ['C', 'D', 'B', 'A']]","{'C': 5, 'D': 5, 'B': 3, 'A': 2}","[1.0, 1.0, 0.58]",3.7399999999999998
98,"[2, 4, 5]","[4, 4, 3]","[0.88, 0.88, 0.46]","[['B', 'D', 'C', 'A'], ['B', 'D', 'C', 'A'], ['D', 'A', 'C', 'B']]","{'C': 5, 'D': 5, 'A': 3, 'B': 2}","[1.0, 1.0, 0.58]",4.08
98,"[2, 4, 5]","[4, 4, 3]","[0.88, 0.88, 0.46]","[['B', 'D', 'C', 'A'], ['B', 'D', 'C', 'A'], ['D', 'B', 'C', 'A']]","{'C': 5, 'D': 5, 'B': 3, 'A': 2}","[1.0, 1.0, 0.58]",3.7399999999999998
98,"[2, 4, 5]","[4, 4, 3]","[0.88, 0.88, 0.46]","[['B', 'D', 'C', 'A'], ['B', 'D', 'C', 'A'], ['D', 'C', 'A', 'B']]","{'C': 5, 'D': 5, 'A': 3, 'B': 2}","[1.0, 1.0, 0.58]",4.08
98,"[2, 4, 5]","[4, 4, 3]","[0.88, 0.88, 0.46]","[['B', 'D', 'C', 'A'], ['B', 'D', 'C', 'A'], ['D', 'C', 'B', 'A']]","{'C': 5, 'D': 5, 'B': 3, 'A': 2}","[1.0, 1.0, 0.58]",3.7399999999999998
98,"[2, 4, 5]","[4, 4, 3]","[0.88, 0.88, 0.46]","[['B', 'D', 'C', 'A'], ['C', 'A', 'B', 'D'], ['B', 'C', 'D', 'A']]","{'C': 5, 'D': 4, 'A': 3, 'B': 3}","[1.0, 1.0, 0.58]",4.08
98,"[2, 4, 5]","[4, 4, 3]","[0.88, 0.88, 0.46]","[['B', 'D', 'C', 'A'], ['C', 'A', 'B', 'D'], ['B', 'D', 'C', 'A']]","{'C': 5, 'D': 4, 'A': 3, 'B': 3}","[1.0, 1.0, 0.58]",4.08
98,"[2, 4, 5]","[4, 4, 3]","[0.88, 0.88, 0.46]","[['B', 'D', 'C', 'A'], ['C', 'A', 'B', 'D'], ['C', 'B', 'D', 'A']]","{'C': 5, 'D': 4, 'A': 3, 'B': 3}","[1.0, 1.0, 0.58]",4.08
98,"[2, 4, 5]","[4, 4, 3]","[0.88, 0.88, 0.46]","[['B', 'D', 'C', 'A'], ['C', 'A', 'B', 'D'], ['C', 'D', 'B', 'A']]","{'C': 5, 'D': 4, 'A': 3, 'B': 3}","[1.0, 1.0, 0.58]",4.08
98,"[2, 4, 5]","[4, 4, 3]","[0.88, 0.88, 0.46]","[['B', 'D', 'C', 'A'], ['C', 'A', 'B', 'D'], ['D', 'B', 'C', 'A']]","{'C': 5, 'D': 4, 'A': 3, 'B': 3}","[1.0, 1.0, 0.58]",4.08
98,"[2, 4, 5]","[4, 4, 3]","[0.88, 0.88, 0.46]","[['B', 'D', 'C', 'A'], ['C', 'A', 'B', 'D'], ['D', 'C', 'B', 'A']]","{'C': 5, 'D': 4, 'A': 3, 'B': 3}","[1.0, 1.0, 0.58]",4.08
98,"[2, 4, 5]","[4, 4, 3]","[0.88, 0.88, 0.46]","[['B', 'D', 'C', 'A'], ['C', 'A', 'D', 'B'], ['A', 'C', 'D', 'B']]","{'C': 5, 'D': 5, 'A': 4, 'B': 1}","[1.0, 1.0, 0.58]",4.08
98,"[2, 4, 5]","[4, 4, 3]","[0.88, 0.88, 0.46]","[['B', 'D', 'C', 'A'], ['C', 'A', 'D', 'B'], ['A', 'D', 'C', 'B']]","{'C': 5, 'D': 5, 'A': 4, 'B': 1}","[1.0, 1.0, 0.58]",4.08
98,"[2, 4, 5]","[4, 4, 3]","[0.88, 0.88, 0.46]","[['B', 'D', 'C', 'A'], ['C', 'A', 'D', 'B'], ['B', 'C', 'D', 'A']]","{'C': 5, 'D': 5, 'A': 3, 'B': 2}","[1.0, 1.0, 0.58]",4.08
98,"[2, 4, 5]","[4, 4, 3]","[0.88, 0.88, 0.46]","[['B', 'D', 'C', 'A'], ['C', 'A', 'D', 'B'], ['B', 'D', 'C', 'A']]","{'C': 5, 'D': 5, 'A': 3, 'B': 2}","[1.0, 1.0, 0.58]",4.08
98,"[2, 4, 5]","[4, 4, 3]","[0.88, 0.88, 0.46]","[['B', 'D', 'C', 'A'], ['C', 'A', 'D', 'B'], ['C', 'A', 'D', 'B']]","{'C': 5, 'D': 5, 'A': 4, 'B': 1}","[1.0, 1.0, 0.58]",4.08
98,"[2, 4, 5]","[4, 4, 3]","[0.88, 0.88, 0.46]","[['B', 'D', 'C', 'A'], ['C', 'A', 'D', 'B'], ['C', 'B', 'D', 'A']]","{'C': 5, 'D': 5, 'A': 3, 'B': 2}","[1.0, 1.0, 0.58]",4.08
98,"[2, 4, 5]","[4, 4, 3]","[0.88, 0.88, 0.46]","[['B', 'D', 'C', 'A'], ['C', 'A', 'D', 'B'], ['C', 'D', 'A', 'B']]","{'C': 5, 'D': 5, 'A': 4, 'B': 1}","[1.0, 1.0, 0.58]",4.08
98,"[2, 4, 5]","[4, 4, 3]","[0.88, 0.88, 0.46]","[['B', 'D', 'C', 'A'], ['C', 'A', 'D', 'B'], ['C', 'D', 'B', 'A']]","{'C': 5, 'D': 5, 'A': 3, 'B': 2}","[1.0, 1.0, 0.58]",4.08
98,"[2, 4, 5]","[4, 4, 3]","[0.88, 0.88, 0.46]","[['B', 'D', 'C', 'A'], ['C', 'A', 'D', 'B'], ['D', 'A', 'C', 'B']]","{'C': 5, 'D': 5, 'A': 4, 'B': 1}","[1.0, 1.0, 0.58]",4.08
98,"[2, 4, 5]","[4, 4, 3]","[0.88, 0.88, 0.46]","[['B', 'D', 'C', 'A'], ['C', 'A', 'D', 'B'], ['D', 'B', 'C', 'A']]","{'C': 5, 'D': 5, 'A': 3, 'B': 2}","[1.0, 1.0, 0.58]",4.08
98,"[2, 4, 5]","[4, 4, 3]","[0.88, 0.88, 0.46]","[['B', 'D', 'C', 'A'], ['C', 'A', 'D', 'B'], ['D', 'C', 'A', 'B']]","{'C': 5, 'D': 5, 'A': 4, 'B': 1}","[1.0, 1.0, 0.58]",4.08
98,"[2, 4, 5]","[4, 4, 3]","[0.88, 0.88, 0.46]","[['B', 'D', 'C', 'A'], ['C', 'A', 'D', 'B'], ['D', 'C', 'B', 'A']]","{'C': 5, 'D': 5, 'A': 3, 'B': 2}","[1.0, 1.0, 0.58]",4.08
98,"[2, 4, 5]","[4, 4, 3]","[0.88, 0.88, 0.46]","[['B', 'D', 'C', 'A'], ['C', 'B', 'A', 'D'], ['B', 'C', 'D', 'A']]","{'C': 5, 'D': 4, 'A': 3, 'B': 3}","[1.0, 1.0, 0.58]",4.08
98,"[2, 4, 5]","[4, 4, 3]","[0.88, 0.88, 0.46]","[['B', 'D', 'C', 'A'], ['C', 'B', 'A', 'D'], ['B', 'D', 'C', 'A']]","{'C': 5, 'D': 4, 'A': 3, 'B': 3}","[1.0, 1.0, 0.58]",4.08
98,"[2, 4, 5]","[4, 4, 3]","[0.88, 0.88, 0.46]","[['B', 'D', 'C', 'A'], ['C', 'B', 'A', 'D'], ['C', 'B', 'D', 'A']]","{'C': 5, 'D': 4, 'A': 3, 'B': 3}","[1.0, 1.0, 0.58]",4.08
98,"[2, 4, 5]","[4, 4, 3]","[0.88, 0.88, 0.46]","[['B', 'D', 'C', 'A'], ['C', 'B', 'A', 'D'], ['C', 'D', 'B', 'A']]","{'C': 5, 'D': 4, 'A': 3, 'B': 3}","[1.0, 1.0, 0.58]",4.08
98,"[2, 4, 5]","[4, 4, 3]","[0.88, 0.88, 0.46]","[['B', 'D', 'C', 'A'], ['C', 'B', 'A', 'D'], ['D', 'B', 'C', 'A']]","{'C': 5, 'D': 4, 'A': 3, 'B': 3}","[1.0, 1.0, 0.58]",4.08
98,"[2, 4, 5]","[4, 4, 3]","[0.88, 0.88, 0.46]","[['B', 'D', 'C', 'A'], ['C', 'B', 'A', 'D'], ['D', 'C', 'B', 'A']]","{'C': 5, 'D': 4, 'A': 3, 'B': 3}","[1.0, 1.0, 0.58]",4.08
98,"[2, 4, 5]","[4, 4, 3]","[0.88, 0.88, 0.46]","[['B', 'D', 'C', 'A'], ['C', 'B', 'D', 'A'], ['A', 'B', 'C', 'D']]","{'C': 5, 'D': 4, 'A': 3, 'B': 3}","[1.0, 1.0, 0.58]",4.08
98,"[2, 4, 5]","[4, 4, 3]","[0.88, 0.88, 0.46]","[['B', 'D', 'C', 'A'], ['C', 'B', 'D', 'A'], ['A', 'C', 'B', 'D']]","{'C': 5, 'D': 4, 'A': 3, 'B': 3}","[1.0, 1.0, 0.58]",4.08
98,"[2, 4, 5]","[4, 4, 3]","[0.88, 0.88, 0.46]","[['B', 'D', 'C', 'A'], ['C', 'B', 'D', 'A'], ['A', 'C', 'D', 'B']]","{'C': 5, 'D': 5, 'A': 3, 'B': 2}","[1.0, 1.0, 0.58]",4.08
98,"[2, 4, 5]","[4, 4, 3]","[0.88, 0.88, 0.46]","[['B', 'D', 'C', 'A'], ['C', 'B', 'D', 'A'], ['A', 'D', 'C', 'B']]","{'C': 5, 'D': 5, 'A': 3, 'B': 2}","[1.0, 1.0, 0.58]",4.08
98,"[2, 4, 5]","[4, 4, 3]","[0.88, 0.88, 0.46]","[['B', 'D', 'C', 'A'], ['C', 'B', 'D', 'A'], ['B', 'A', 'C', 'D']]","{'C': 5, 'D': 4, 'A': 3, 'B': 3}","[1.0, 1.0, 0.58]",4.08
98,"[2, 4, 5]","[4, 4, 3]","[0.88, 0.88, 0.46]","[['B', 'D', 'C', 'A'], ['C', 'B', 'D', 'A'], ['B', 'C', 'A', 'D']]","{'C': 5, 'D': 4, 'A': 3, 'B': 3}","[1.0, 1.0, 0.58]",4.08
98,"[2, 4, 5]","[4, 4, 3]","[0.88, 0.88, 0.46]","[['B', 'D', 'C', 'A'], ['C', 'B', 'D', 'A'], ['B', 'C', 'D', 'A']]","{'C': 5, 'D': 5, 'B': 3, 'A': 2}","[1.0, 1.0, 0.58]",3.7399999999999998
98,"[2, 4, 5]","[4, 4, 3]","[0.88, 0.88, 0.46]","[['B', 'D', 'C', 'A'], ['C', 'B', 'D', 'A'], ['B', 'D', 'C', 'A']]","{'C': 5, 'D': 5, 'B': 3, 'A': 2}","[1.0, 1.0, 0.58]",3.7399999999999998
98,"[2, 4, 5]","[4, 4, 3]","[0.88, 0.88, 0.46]","[['B', 'D', 'C', 'A'], ['C', 'B', 'D', 'A'], ['C', 'A', 'B', 'D']]","{'C': 5, 'D': 4, 'A': 3, 'B': 3}","[1.0, 1.0, 0.58]",4.08
98,"[2, 4, 5]","[4, 4, 3]","[0.88, 0.88, 0.46]","[['B', 'D', 'C', 'A'], ['C', 'B', 'D', 'A'], ['C', 'A', 'D', 'B']]","{'C': 5, 'D': 5, 'A': 3, 'B': 2}","[1.0, 1.0, 0.58]",4.08
98,"[2, 4, 5]","[4, 4, 3]","[0.88, 0.88, 0.46]","[['B', 'D', 'C', 'A'], ['C', 'B', 'D', 'A'], ['C', 'B', 'A', 'D']]","{'C': 5, 'D': 4, 'A': 3, 'B': 3}","[1.0, 1.0, 0.58]",4.08
98,"[2, 4, 5]","[4, 4, 3]","[0.88, 0.88, 0.46]","[['B', 'D', 'C', 'A'], ['C', 'B', 'D', 'A'], ['C', 'B', 'D', 'A']]","{'C': 5, 'D': 5, 'B': 3, 'A': 2}","[1.0, 1.0, 0.58]",3.7399999999999998
98,"[2, 4, 5]","[4, 4, 3]","[0.88, 0.88, 0.46]","[['B', 'D', 'C', 'A'], ['C', 'B', 'D', 'A'], ['C', 'D', 'A', 'B']]","{'C': 5, 'D': 5, 'A': 3, 'B': 2}","[1.0, 1.0, 0.58]",4.08
98,"[2, 4, 5]","[4, 4, 3]","[0.88, 0.88, 0.46]","[['B', 'D', 'C', 'A'], ['C', 'B', 'D', 'A'], ['C', 'D', 'B', 'A']]","{'C': 5, 'D': 5, 'B': 3, 'A': 2}","[1.0, 1.0, 0.58]",3.7399999999999998
98,"[2, 4, 5]","[4, 4, 3]","[0.88, 0.88, 0.46]","[['B', 'D', 'C', 'A'], ['C', 'B', 'D', 'A'], ['D', 'A', 'C', 'B']]","{'C': 5, 'D': 5, 'A': 3, 'B': 2}","[1.0, 1.0, 0.58]",4.08
98,"[2, 4, 5]","[4, 4, 3]","[0.88, 0.88, 0.46]","[['B', 'D', 'C', 'A'], ['C', 'B', 'D', 'A'], ['D', 'B', 'C', 'A']]","{'C': 5, 'D': 5, 'B': 3, 'A': 2}","[1.0, 1.0, 0.58]",3.7399999999999998
98,"[2, 4, 5]","[4, 4, 3]","[0.88, 0.88, 0.46]","[['B', 'D', 'C', 'A'], ['C', 'B', 'D', 'A'], ['D', 'C', 'A', 'B']]","{'C': 5, 'D': 5, 'A': 3, 'B': 2}","[1.0, 1.0, 0.58]",4.08
98,"[2, 4, 5]","[4, 4, 3]","[0.88, 0.88, 0.46]","[['B', 'D', 'C', 'A'], ['C', 'B', 'D', 'A'], ['D', 'C', 'B', 'A']]","{'C': 5, 'D': 5, 'B': 3, 'A': 2}","[1.0, 1.0, 0.58]",3.7399999999999998
98,"[2, 4, 5]","[4, 4, 3]","[0.88, 0.88, 0.46]","[['B', 'D', 'C', 'A'], ['C', 'D', 'A', 'B'], ['A', 'C', 'D', 'B']]","{'C': 5, 'D': 5, 'A': 4, 'B': 1}","[1.0, 1.0, 0.58]",4.08
98,"[2, 4, 5]","[4, 4, 3]","[0.88, 0.88, 0.46]","[['B', 'D', 'C', 'A'], ['C', 'D', 'A', 'B'], ['A', 'D', 'C', 'B']]","{'C': 5, 'D': 5, 'A': 4, 'B': 1}","[1.0, 1.0, 0.58]",4.08
98,"[2, 4, 5]","[4, 4, 3]","[0.88, 0.88, 0.46]","[['B', 'D', 'C', 'A'], ['C', 'D', 'A', 'B'], ['B', 'C', 'D', 'A']]","{'C': 5, 'D': 5, 'A': 3, 'B': 2}","[1.0, 1.0, 0.58]",4.08
98,"[2, 4, 5]","[4, 4, 3]","[0.88, 0.88, 0.46]","[['B', 'D', 'C', 'A'], ['C', 'D', 'A', 'B'], ['B', 'D', 'C', 'A']]","{'C': 5, 'D': 5, 'A': 3, 'B': 2}","[1.0, 1.0, 0.58]",4.08
98,"[2, 4, 5]","[4, 4, 3]","[0.88, 0.88, 0.46]","[['B', 'D', 'C', 'A'], ['C', 'D', 'A', 'B'], ['C', 'A', 'D', 'B']]","{'C': 5, 'D': 5, 'A': 4, 'B': 1}","[1.0, 1.0, 0.58]",4.08
98,"[2, 4, 5]","[4, 4, 3]","[0.88, 0.88, 0.46]","[['B', 'D', 'C', 'A'], ['C', 'D', 'A', 'B'], ['C', 'B', 'D', 'A']]","{'C': 5, 'D': 5, 'A': 3, 'B': 2}","[1.0, 1.0, 0.58]",4.08
98,"[2, 4, 5]","[4, 4, 3]","[0.88, 0.88, 0.46]","[['B', 'D', 'C', 'A'], ['C', 'D', 'A', 'B'], ['C', 'D', 'A', 'B']]","{'C': 5, 'D': 5, 'A': 4, 'B': 1}","[1.0, 1.0, 0.58]",4.08
98,"[2, 4, 5]","[4, 4, 3]","[0.88, 0.88, 0.46]","[['B', 'D', 'C', 'A'], ['C', 'D', 'A', 'B'], ['C', 'D', 'B', 'A']]","{'C': 5, 'D': 5, 'A': 3, 'B': 2}","[1.0, 1.0, 0.58]",4.08
98,"[2, 4, 5]","[4, 4, 3]","[0.88, 0.88, 0.46]","[['B', 'D', 'C', 'A'], ['C', 'D', 'A', 'B'], ['D', 'A', 'C', 'B']]","{'C': 5, 'D': 5, 'A': 4, 'B': 1}","[1.0, 1.0, 0.58]",4.08
98,"[2, 4, 5]","[4, 4, 3]","[0.88, 0.88, 0.46]","[['B', 'D', 'C', 'A'], ['C', 'D', 'A', 'B'], ['D', 'B', 'C', 'A']]","{'C': 5, 'D': 5, 'A': 3, 'B': 2}","[1.0, 1.0, 0.58]",4.08
98,"[2, 4, 5]","[4, 4, 3]","[0.88, 0.88, 0.46]","[['B', 'D', 'C', 'A'], ['C', 'D', 'A', 'B'], ['D', 'C', 'A', 'B']]","{'C': 5, 'D': 5, 'A': 4, 'B': 1}","[1.0, 1.0, 0.58]",4.08
98,"[2, 4, 5]","[4, 4, 3]","[0.88, 0.88, 0.46]","[['B', 'D', 'C', 'A'], ['C', 'D', 'A', 'B'], ['D', 'C', 'B', 'A']]","{'C': 5, 'D': 5, 'A': 3, 'B': 2}","[1.0, 1.0, 0.58]",4.08
98,"[2, 4, 5]","[4, 4, 3]","[0.88, 0.88, 0.46]","[['B', 'D', 'C', 'A'], ['C', 'D', 'B', 'A'], ['A', 'B', 'C', 'D']]","{'C': 5, 'D': 4, 'A': 3, 'B': 3}","[1.0, 1.0, 0.58]",4.08
98,"[2, 4, 5]","[4, 4, 3]","[0.88, 0.88, 0.46]","[['B', 'D', 'C', 'A'], ['C', 'D', 'B', 'A'], ['A', 'C', 'B', 'D']]","{'C': 5, 'D': 4, 'A': 3, 'B': 3}","[1.0, 1.0, 0.58]",4.08
98,"[2, 4, 5]","[4, 4, 3]","[0.88, 0.88, 0.46]","[['B', 'D', 'C', 'A'], ['C', 'D', 'B', 'A'], ['A', 'C', 'D', 'B']]","{'C': 5, 'D': 5, 'A': 3, 'B': 2}","[1.0, 1.0, 0.58]",4.08
98,"[2, 4, 5]","[4, 4, 3]","[0.88, 0.88, 0.46]","[['B', 'D', 'C', 'A'], ['C', 'D', 'B', 'A'], ['A', 'D', 'C', 'B']]","{'C': 5, 'D': 5, 'A': 3, 'B': 2}","[1.0, 1.0, 0.58]",4.08
98,"[2, 4, 5]","[4, 4, 3]","[0.88, 0.88, 0.46]","[['B', 'D', 'C', 'A'], ['C', 'D', 'B', 'A'], ['B', 'A', 'C', 'D']]","{'C': 5, 'D': 4, 'A': 3, 'B': 3}","[1.0, 1.0, 0.58]",4.08
98,"[2, 4, 5]","[4, 4, 3]","[0.88, 0.88, 0.46]","[['B', 'D', 'C', 'A'], ['C', 'D', 'B', 'A'], ['B', 'C', 'A', 'D']]","{'C': 5, 'D': 4, 'A': 3, 'B': 3}","[1.0, 1.0, 0.58]",4.08
98,"[2, 4, 5]","[4, 4, 3]","[0.88, 0.88, 0.46]","[['B', 'D', 'C', 'A'], ['C', 'D', 'B', 'A'], ['B', 'C', 'D', 'A']]","{'C': 5, 'D': 5, 'B': 3, 'A': 2}","[1.0, 1.0, 0.58]",3.7399999999999998
98,"[2, 4, 5]","[4, 4, 3]","[0.88, 0.88, 0.46]","[['B', 'D', 'C', 'A'], ['C', 'D', 'B', 'A'], ['B', 'D', 'C', 'A']]","{'C': 5, 'D': 5, 'B': 3, 'A': 2}","[1.0, 1.0, 0.58]",3.7399999999999998
98,"[2, 4, 5]","[4, 4, 3]","[0.88, 0.88, 0.46]","[['B', 'D', 'C', 'A'], ['C', 'D', 'B', 'A'], ['C', 'A', 'B', 'D']]","{'C': 5, 'D': 4, 'A': 3, 'B': 3}","[1.0, 1.0, 0.58]",4.08
98,"[2, 4, 5]","[4, 4, 3]","[0.88, 0.88, 0.46]","[['B', 'D', 'C', 'A'], ['C', 'D', 'B', 'A'], ['C', 'A', 'D', 'B']]","{'C': 5, 'D': 5, 'A': 3, 'B': 2}","[1.0, 1.0, 0.58]",4.08
98,"[2, 4, 5]","[4, 4, 3]","[0.88, 0.88, 0.46]","[['B', 'D', 'C', 'A'], ['C', 'D', 'B', 'A'], ['C', 'B', 'A', 'D']]","{'C': 5, 'D': 4, 'A': 3, 'B': 3}","[1.0, 1.0, 0.58]",4.08
98,"[2, 4, 5]","[4, 4, 3]","[0.88, 0.88, 0.46]","[['B', 'D', 'C', 'A'], ['C', 'D', 'B', 'A'], ['C', 'B', 'D', 'A']]","{'C': 5, 'D': 5, 'B': 3, 'A': 2}","[1.0, 1.0, 0.58]",3.7399999999999998
98,"[2, 4, 5]","[4, 4, 3]","[0.88, 0.88, 0.46]","[['B', 'D', 'C', 'A'], ['C', 'D', 'B', 'A'], ['C', 'D', 'A', 'B']]","{'C': 5, 'D': 5, 'A': 3, 'B': 2}","[1.0, 1.0, 0.58]",4.08
98,"[2, 4, 5]","[4, 4, 3]","[0.88, 0.88, 0.46]","[['B', 'D', 'C', 'A'], ['C', 'D', 'B', 'A'], ['C', 'D', 'B', 'A']]","{'C': 5, 'D': 5, 'B': 3, 'A': 2}","[1.0, 1.0, 0.58]",3.7399999999999998
98,"[2, 4, 5]","[4, 4, 3]","[0.88, 0.88, 0.46]","[['B', 'D', 'C', 'A'], ['C', 'D', 'B', 'A'], ['D', 'A', 'C', 'B']]","{'C': 5, 'D': 5, 'A': 3, 'B': 2}","[1.0, 1.0, 0.58]",4.08
98,"[2, 4, 5]","[4, 4, 3]","[0.88, 0.88, 0.46]","[['B', 'D', 'C', 'A'], ['C', 'D', 'B', 'A'], ['D', 'B', 'C', 'A']]","{'C': 5, 'D': 5, 'B': 3, 'A': 2}","[1.0, 1.0, 0.58]",3.7399999999999998
98,"[2, 4, 5]","[4, 4, 3]","[0.88, 0.88, 0.46]","[['B', 'D', 'C', 'A'], ['C', 'D', 'B', 'A'], ['D', 'C', 'A', 'B']]","{'C': 5, 'D': 5, 'A': 3, 'B': 2}","[1.0, 1.0, 0.58]",4.08
98,"[2, 4, 5]","[4, 4, 3]","[0.88, 0.88, 0.46]","[['B', 'D', 'C', 'A'], ['C', 'D', 'B', 'A'], ['D', 'C', 'B', 'A']]","{'C': 5, 'D': 5, 'B': 3, 'A': 2}","[1.0, 1.0, 0.58]",3.7399999999999998
98,"[2, 4, 5]","[4, 4, 3]","[0.88, 0.88, 0.46]","[['B', 'D', 'C', 'A'], ['D', 'A', 'C', 'B'], ['A', 'C', 'D', 'B']]","{'C': 5, 'D': 5, 'A': 4, 'B': 1}","[1.0, 1.0, 0.58]",4.08
98,"[2, 4, 5]","[4, 4, 3]","[0.88, 0.88, 0.46]","[['B', 'D', 'C', 'A'], ['D', 'A', 'C', 'B'], ['A', 'D', 'C', 'B']]","{'C': 5, 'D': 5, 'A': 4, 'B': 1}","[1.0, 1.0, 0.58]",4.08
98,"[2, 4, 5]","[4, 4, 3]","[0.88, 0.88, 0.46]","[['B', 'D', 'C', 'A'], ['D', 'A', 'C', 'B'], ['B', 'C', 'D', 'A']]","{'C': 5, 'D': 5, 'A': 3, 'B': 2}","[1.0, 1.0, 0.58]",4.08
98,"[2, 4, 5]","[4, 4, 3]","[0.88, 0.88, 0.46]","[['B', 'D', 'C', 'A'], ['D', 'A', 'C', 'B'], ['B', 'D', 'C', 'A']]","{'C': 5, 'D': 5, 'A': 3, 'B': 2}","[1.0, 1.0, 0.58]",4.08
98,"[2, 4, 5]","[4, 4, 3]","[0.88, 0.88, 0.46]","[['B', 'D', 'C', 'A'], ['D', 'A', 'C', 'B'], ['C', 'A', 'D', 'B']]","{'C': 5, 'D': 5, 'A': 4, 'B': 1}","[1.0, 1.0, 0.58]",4.08
98,"[2, 4, 5]","[4, 4, 3]","[0.88, 0.88, 0.46]","[['B', 'D', 'C', 'A'], ['D', 'A', 'C', 'B'], ['C', 'B', 'D', 'A']]","{'C': 5, 'D': 5, 'A': 3, 'B': 2}","[1.0, 1.0, 0.58]",4.08
98,"[2, 4, 5]","[4, 4, 3]","[0.88, 0.88, 0.46]","[['B', 'D', 'C', 'A'], ['D', 'A', 'C', 'B'], ['C', 'D', 'A', 'B']]","{'C': 5, 'D': 5, 'A': 4, 'B': 1}","[1.0, 1.0, 0.58]",4.08
98,"[2, 4, 5]","[4, 4, 3]","[0.88, 0.88, 0.46]","[['B', 'D', 'C', 'A'], ['D', 'A', 'C', 'B'], ['C', 'D', 'B', 'A']]","{'C': 5, 'D': 5, 'A': 3, 'B': 2}","[1.0, 1.0, 0.58]",4.08
98,"[2, 4, 5]","[4, 4, 3]","[0.88, 0.88, 0.46]","[['B', 'D', 'C', 'A'], ['D', 'A', 'C', 'B'], ['D', 'A', 'C', 'B']]","{'C': 5, 'D': 5, 'A': 4, 'B': 1}","[1.0, 1.0, 0.58]",4.08
98,"[2, 4, 5]","[4, 4, 3]","[0.88, 0.88, 0.46]","[['B', 'D', 'C', 'A'], ['D', 'A', 'C', 'B'], ['D', 'B', 'C', 'A']]","{'C': 5, 'D': 5, 'A': 3, 'B': 2}","[1.0, 1.0, 0.58]",4.08
98,"[2, 4, 5]","[4, 4, 3]","[0.88, 0.88, 0.46]","[['B', 'D', 'C', 'A'], ['D', 'A', 'C', 'B'], ['D', 'C', 'A', 'B']]","{'C': 5, 'D': 5, 'A': 4, 'B': 1}","[1.0, 1.0, 0.58]",4.08
98,"[2, 4, 5]","[4, 4, 3]","[0.88, 0.88, 0.46]","[['B', 'D', 'C', 'A'], ['D', 'A', 'C', 'B'], ['D', 'C', 'B', 'A']]","{'C': 5, 'D': 5, 'A': 3, 'B': 2}","[1.0, 1.0, 0.58]",4.08
98,"[2, 4, 5]","[4, 4, 3]","[0.88, 0.88, 0.46]","[['B', 'D', 'C', 'A'], ['D', 'B', 'C', 'A'], ['A', 'B', 'C', 'D']]","{'C': 5, 'D': 4, 'A': 3, 'B': 3}","[1.0, 1.0, 0.58]",4.08
98,"[2, 4, 5]","[4, 4, 3]","[0.88, 0.88, 0.46]","[['B', 'D', 'C', 'A'], ['D', 'B', 'C', 'A'], ['A', 'C', 'B', 'D']]","{'C': 5, 'D': 4, 'A': 3, 'B': 3}","[1.0, 1.0, 0.58]",4.08
98,"[2, 4, 5]","[4, 4, 3]","[0.88, 0.88, 0.46]","[['B', 'D', 'C', 'A'], ['D', 'B', 'C', 'A'], ['A', 'C', 'D', 'B']]","{'C': 5, 'D': 5, 'A': 3, 'B': 2}","[1.0, 1.0, 0.58]",4.08
98,"[2, 4, 5]","[4, 4, 3]","[0.88, 0.88, 0.46]","[['B', 'D', 'C', 'A'], ['D', 'B', 'C', 'A'], ['A', 'D', 'C', 'B']]","{'C': 5, 'D': 5, 'A': 3, 'B': 2}","[1.0, 1.0, 0.58]",4.08
98,"[2, 4, 5]","[4, 4, 3]","[0.88, 0.88, 0.46]","[['B', 'D', 'C', 'A'], ['D', 'B', 'C', 'A'], ['B', 'A', 'C', 'D']]","{'C': 5, 'D': 4, 'A': 3, 'B': 3}","[1.0, 1.0, 0.58]",4.08
98,"[2, 4, 5]","[4, 4, 3]","[0.88, 0.88, 0.46]","[['B', 'D', 'C', 'A'], ['D', 'B', 'C', 'A'], ['B', 'C', 'A', 'D']]","{'C': 5, 'D': 4, 'A': 3, 'B': 3}","[1.0, 1.0, 0.58]",4.08
98,"[2, 4, 5]","[4, 4, 3]","[0.88, 0.88, 0.46]","[['B', 'D', 'C', 'A'], ['D', 'B', 'C', 'A'], ['B', 'C', 'D', 'A']]","{'C': 5, 'D': 5, 'B': 3, 'A': 2}","[1.0, 1.0, 0.58]",3.7399999999999998
98,"[2, 4, 5]","[4, 4, 3]","[0.88, 0.88, 0.46]","[['B', 'D', 'C', 'A'], ['D', 'B', 'C', 'A'], ['B', 'D', 'C', 'A']]","{'C': 5, 'D': 5, 'B': 3, 'A': 2}","[1.0, 1.0, 0.58]",3.7399999999999998
98,"[2, 4, 5]","[4, 4, 3]","[0.88, 0.88, 0.46]","[['B', 'D', 'C', 'A'], ['D', 'B', 'C', 'A'], ['C', 'A', 'B', 'D']]","{'C': 5, 'D': 4, 'A': 3, 'B': 3}","[1.0, 1.0, 0.58]",4.08
98,"[2, 4, 5]","[4, 4, 3]","[0.88, 0.88, 0.46]","[['B', 'D', 'C', 'A'], ['D', 'B', 'C', 'A'], ['C', 'A', 'D', 'B']]","{'C': 5, 'D': 5, 'A': 3, 'B': 2}","[1.0, 1.0, 0.58]",4.08
98,"[2, 4, 5]","[4, 4, 3]","[0.88, 0.88, 0.46]","[['B', 'D', 'C', 'A'], ['D', 'B', 'C', 'A'], ['C', 'B', 'A', 'D']]","{'C': 5, 'D': 4, 'A': 3, 'B': 3}","[1.0, 1.0, 0.58]",4.08
98,"[2, 4, 5]","[4, 4, 3]","[0.88, 0.88, 0.46]","[['B', 'D', 'C', 'A'], ['D', 'B', 'C', 'A'], ['C', 'B', 'D', 'A']]","{'C': 5, 'D': 5, 'B': 3, 'A': 2}","[1.0, 1.0, 0.58]",3.7399999999999998
98,"[2, 4, 5]","[4, 4, 3]","[0.88, 0.88, 0.46]","[['B', 'D', 'C', 'A'], ['D', 'B', 'C', 'A'], ['C', 'D', 'A', 'B']]","{'C': 5, 'D': 5, 'A': 3, 'B': 2}","[1.0, 1.0, 0.58]",4.08
98,"[2, 4, 5]","[4, 4, 3]","[0.88, 0.88, 0.46]","[['B', 'D', 'C', 'A'], ['D', 'B', 'C', 'A'], ['C', 'D', 'B', 'A']]","{'C': 5, 'D': 5, 'B': 3, 'A': 2}","[1.0, 1.0, 0.58]",3.7399999999999998
98,"[2, 4, 5]","[4, 4, 3]","[0.88, 0.88, 0.46]","[['B', 'D', 'C', 'A'], ['D', 'B', 'C', 'A'], ['D', 'A', 'C', 'B']]","{'C': 5, 'D': 5, 'A': 3, 'B': 2}","[1.0, 1.0, 0.58]",4.08
98,"[2, 4, 5]","[4, 4, 3]","[0.88, 0.88, 0.46]","[['B', 'D', 'C', 'A'], ['D', 'B', 'C', 'A'], ['D', 'B', 'C', 'A']]","{'C': 5, 'D': 5, 'B': 3, 'A': 2}","[1.0, 1.0, 0.58]",3.7399999999999998
98,"[2, 4, 5]","[4, 4, 3]","[0.88, 0.88, 0.46]","[['B', 'D', 'C', 'A'], ['D', 'B', 'C', 'A'], ['D', 'C', 'A', 'B']]","{'C': 5, 'D': 5, 'A': 3, 'B': 2}","[1.0, 1.0, 0.58]",4.08
98,"[2, 4, 5]","[4, 4, 3]","[0.88, 0.88, 0.46]","[['B', 'D', 'C', 'A'], ['D', 'B', 'C', 'A'], ['D', 'C', 'B', 'A']]","{'C': 5, 'D': 5, 'B': 3, 'A': 2}","[1.0, 1.0, 0.58]",3.7399999999999998
98,"[2, 4, 5]","[4, 4, 3]","[0.88, 0.88, 0.46]","[['B', 'D', 'C', 'A'], ['D', 'C', 'A', 'B'], ['A', 'C', 'D', 'B']]","{'C': 5, 'D': 5, 'A': 4, 'B': 1}","[1.0, 1.0, 0.58]",4.08
98,"[2, 4, 5]","[4, 4, 3]","[0.88, 0.88, 0.46]","[['B', 'D', 'C', 'A'], ['D', 'C', 'A', 'B'], ['A', 'D', 'C', 'B']]","{'C': 5, 'D': 5, 'A': 4, 'B': 1}","[1.0, 1.0, 0.58]",4.08
98,"[2, 4, 5]","[4, 4, 3]","[0.88, 0.88, 0.46]","[['B', 'D', 'C', 'A'], ['D', 'C', 'A', 'B'], ['B', 'C', 'D', 'A']]","{'C': 5, 'D': 5, 'A': 3, 'B': 2}","[1.0, 1.0, 0.58]",4.08
98,"[2, 4, 5]","[4, 4, 3]","[0.88, 0.88, 0.46]","[['B', 'D', 'C', 'A'], ['D', 'C', 'A', 'B'], ['B', 'D', 'C', 'A']]","{'C': 5, 'D': 5, 'A': 3, 'B': 2}","[1.0, 1.0, 0.58]",4.08
98,"[2, 4, 5]","[4, 4, 3]","[0.88, 0.88, 0.46]","[['B', 'D', 'C', 'A'], ['D', 'C', 'A', 'B'], ['C', 'A', 'D', 'B']]","{'C': 5, 'D': 5, 'A': 4, 'B': 1}","[1.0, 1.0, 0.58]",4.08
98,"[2, 4, 5]","[4, 4, 3]","[0.88, 0.88, 0.46]","[['B', 'D', 'C', 'A'], ['D', 'C', 'A', 'B'], ['C', 'B', 'D', 'A']]","{'C': 5, 'D': 5, 'A': 3, 'B': 2}","[1.0, 1.0, 0.58]",4.08
98,"[2, 4, 5]","[4, 4, 3]","[0.88, 0.88, 0.46]","[['B', 'D', 'C', 'A'], ['D', 'C', 'A', 'B'], ['C', 'D', 'A', 'B']]","{'C': 5, 'D': 5, 'A': 4, 'B': 1}","[1.0, 1.0, 0.58]",4.08
98,"[2, 4, 5]","[4, 4, 3]","[0.88, 0.88, 0.46]","[['B', 'D', 'C', 'A'], ['D', 'C', 'A', 'B'], ['C', 'D', 'B', 'A']]","{'C': 5, 'D': 5, 'A': 3, 'B': 2}","[1.0, 1.0, 0.58]",4.08
98,"[2, 4, 5]","[4, 4, 3]","[0.88, 0.88, 0.46]","[['B', 'D', 'C', 'A'], ['D', 'C', 'A', 'B'], ['D', 'A', 'C', 'B']]","{'C': 5, 'D': 5, 'A': 4, 'B': 1}","[1.0, 1.0, 0.58]",4.08
98,"[2, 4, 5]","[4, 4, 3]","[0.88, 0.88, 0.46]","[['B', 'D', 'C', 'A'], ['D', 'C', 'A', 'B'], ['D', 'B', 'C', 'A']]","{'C': 5, 'D': 5, 'A': 3, 'B': 2}","[1.0, 1.0, 0.58]",4.08
98,"[2, 4, 5]","[4, 4, 3]","[0.88, 0.88, 0.46]","[['B', 'D', 'C', 'A'], ['D', 'C', 'A', 'B'], ['D', 'C', 'A', 'B']]","{'C': 5, 'D': 5, 'A': 4, 'B': 1}","[1.0, 1.0, 0.58]",4.08
98,"[2, 4, 5]","[4, 4, 3]","[0.88, 0.88, 0.46]","[['B', 'D', 'C', 'A'], ['D', 'C', 'A', 'B'], ['D', 'C', 'B', 'A']]","{'C': 5, 'D': 5, 'A': 3, 'B': 2}","[1.0, 1.0, 0.58]",4.08
98,"[2, 4, 5]","[4, 4, 3]","[0.88, 0.88, 0.46]","[['B', 'D', 'C', 'A'], ['D', 'C', 'B', 'A'], ['A', 'B', 'C', 'D']]","{'C': 5, 'D': 4, 'A': 3, 'B': 3}","[1.0, 1.0, 0.58]",4.08
98,"[2, 4, 5]","[4, 4, 3]","[0.88, 0.88, 0.46]","[['B', 'D', 'C', 'A'], ['D', 'C', 'B', 'A'], ['A', 'C', 'B', 'D']]","{'C': 5, 'D': 4, 'A': 3, 'B': 3}","[1.0, 1.0, 0.58]",4.08
98,"[2, 4, 5]","[4, 4, 3]","[0.88, 0.88, 0.46]","[['B', 'D', 'C', 'A'], ['D', 'C', 'B', 'A'], ['A', 'C', 'D', 'B']]","{'C': 5, 'D': 5, 'A': 3, 'B': 2}","[1.0, 1.0, 0.58]",4.08
98,"[2, 4, 5]","[4, 4, 3]","[0.88, 0.88, 0.46]","[['B', 'D', 'C', 'A'], ['D', 'C', 'B', 'A'], ['A', 'D', 'C', 'B']]","{'C': 5, 'D': 5, 'A': 3, 'B': 2}","[1.0, 1.0, 0.58]",4.08
98,"[2, 4, 5]","[4, 4, 3]","[0.88, 0.88, 0.46]","[['B', 'D', 'C', 'A'], ['D', 'C', 'B', 'A'], ['B', 'A', 'C', 'D']]","{'C': 5, 'D': 4, 'A': 3, 'B': 3}","[1.0, 1.0, 0.58]",4.08
98,"[2, 4, 5]","[4, 4, 3]","[0.88, 0.88, 0.46]","[['B', 'D', 'C', 'A'], ['D', 'C', 'B', 'A'], ['B', 'C', 'A', 'D']]","{'C': 5, 'D': 4, 'A': 3, 'B': 3}","[1.0, 1.0, 0.58]",4.08
98,"[2, 4, 5]","[4, 4, 3]","[0.88, 0.88, 0.46]","[['B', 'D', 'C', 'A'], ['D', 'C', 'B', 'A'], ['B', 'C', 'D', 'A']]","{'C': 5, 'D': 5, 'B': 3, 'A': 2}","[1.0, 1.0, 0.58]",3.7399999999999998
98,"[2, 4, 5]","[4, 4, 3]","[0.88, 0.88, 0.46]","[['B', 'D', 'C', 'A'], ['D', 'C', 'B', 'A'], ['B', 'D', 'C', 'A']]","{'C': 5, 'D': 5, 'B': 3, 'A': 2}","[1.0, 1.0, 0.58]",3.7399999999999998
98,"[2, 4, 5]","[4, 4, 3]","[0.88, 0.88, 0.46]","[['B', 'D', 'C', 'A'], ['D', 'C', 'B', 'A'], ['C', 'A', 'B', 'D']]","{'C': 5, 'D': 4, 'A': 3, 'B': 3}","[1.0, 1.0, 0.58]",4.08
98,"[2, 4, 5]","[4, 4, 3]","[0.88, 0.88, 0.46]","[['B', 'D', 'C', 'A'], ['D', 'C', 'B', 'A'], ['C', 'A', 'D', 'B']]","{'C': 5, 'D': 5, 'A': 3, 'B': 2}","[1.0, 1.0, 0.58]",4.08
98,"[2, 4, 5]","[4, 4, 3]","[0.88, 0.88, 0.46]","[['B', 'D', 'C', 'A'], ['D', 'C', 'B', 'A'], ['C', 'B', 'A', 'D']]","{'C': 5, 'D': 4, 'A': 3, 'B': 3}","[1.0, 1.0, 0.58]",4.08
98,"[2, 4, 5]","[4, 4, 3]","[0.88, 0.88, 0.46]","[['B', 'D', 'C', 'A'], ['D', 'C', 'B', 'A'], ['C', 'B', 'D', 'A']]","{'C': 5, 'D': 5, 'B': 3, 'A': 2}","[1.0, 1.0, 0.58]",3.7399999999999998
98,"[2, 4, 5]","[4, 4, 3]","[0.88, 0.88, 0.46]","[['B', 'D', 'C', 'A'], ['D', 'C', 'B', 'A'], ['C', 'D', 'A', 'B']]","{'C': 5, 'D': 5, 'A': 3, 'B': 2}","[1.0, 1.0, 0.58]",4.08
98,"[2, 4, 5]","[4, 4, 3]","[0.88, 0.88, 0.46]","[['B', 'D', 'C', 'A'], ['D', 'C', 'B', 'A'], ['C', 'D', 'B', 'A']]","{'C': 5, 'D': 5, 'B': 3, 'A': 2}","[1.0, 1.0, 0.58]",3.7399999999999998
98,"[2, 4, 5]","[4, 4, 3]","[0.88, 0.88, 0.46]","[['B', 'D', 'C', 'A'], ['D', 'C', 'B', 'A'], ['D', 'A', 'C', 'B']]","{'C': 5, 'D': 5, 'A': 3, 'B': 2}","[1.0, 1.0, 0.58]",4.08
98,"[2, 4, 5]","[4, 4, 3]","[0.88, 0.88, 0.46]","[['B', 'D', 'C', 'A'], ['D', 'C', 'B', 'A'], ['D', 'B', 'C', 'A']]","{'C': 5, 'D': 5, 'B': 3, 'A': 2}","[1.0, 1.0, 0.58]",3.7399999999999998
98,"[2, 4, 5]","[4, 4, 3]","[0.88, 0.88, 0.46]","[['B', 'D', 'C', 'A'], ['D', 'C', 'B', 'A'], ['D', 'C', 'A', 'B']]","{'C': 5, 'D': 5, 'A': 3, 'B': 2}","[1.0, 1.0, 0.58]",4.08
98,"[2, 4, 5]","[4, 4, 3]","[0.88, 0.88, 0.46]","[['B', 'D', 'C', 'A'], ['D', 'C', 'B', 'A'], ['D', 'C', 'B', 'A']]","{'C': 5, 'D': 5, 'B': 3, 'A': 2}","[1.0, 1.0, 0.58]",3.7399999999999998
98,"[2, 4, 5]","[4, 4, 3]","[0.88, 0.88, 0.46]","[['C', 'A', 'B', 'D'], ['B', 'C', 'D', 'A'], ['B', 'C', 'D', 'A']]","{'C': 5, 'D': 4, 'A': 3, 'B': 3}","[1.0, 1.0, 0.58]",4.08
98,"[2, 4, 5]","[4, 4, 3]","[0.88, 0.88, 0.46]","[['C', 'A', 'B', 'D'], ['B', 'C', 'D', 'A'], ['B', 'D', 'C', 'A']]","{'C': 5, 'D': 4, 'A': 3, 'B': 3}","[1.0, 1.0, 0.58]",4.08
98,"[2, 4, 5]","[4, 4, 3]","[0.88, 0.88, 0.46]","[['C', 'A', 'B', 'D'], ['B', 'C', 'D', 'A'], ['C', 'B', 'D', 'A']]","{'C': 5, 'D': 4, 'A': 3, 'B': 3}","[1.0, 1.0, 0.58]",4.08
98,"[2, 4, 5]","[4, 4, 3]","[0.88, 0.88, 0.46]","[['C', 'A', 'B', 'D'], ['B', 'C', 'D', 'A'], ['C', 'D', 'B', 'A']]","{'C': 5, 'D': 4, 'A': 3, 'B': 3}","[1.0, 1.0, 0.58]",4.08
98,"[2, 4, 5]","[4, 4, 3]","[0.88, 0.88, 0.46]","[['C', 'A', 'B', 'D'], ['B', 'C', 'D', 'A'], ['D', 'B', 'C', 'A']]","{'C': 5, 'D': 4, 'A': 3, 'B': 3}","[1.0, 1.0, 0.58]",4.08
98,"[2, 4, 5]","[4, 4, 3]","[0.88, 0.88, 0.46]","[['C', 'A', 'B', 'D'], ['B', 'C', 'D', 'A'], ['D', 'C', 'B', 'A']]","{'C': 5, 'D': 4, 'A': 3, 'B': 3}","[1.0, 1.0, 0.58]",4.08
98,"[2, 4, 5]","[4, 4, 3]","[0.88, 0.88, 0.46]","[['C', 'A', 'B', 'D'], ['B', 'D', 'C', 'A'], ['B', 'C', 'D', 'A']]","{'C': 5, 'D': 4, 'A': 3, 'B': 3}","[1.0, 1.0, 0.58]",4.08
98,"[2, 4, 5]","[4, 4, 3]","[0.88, 0.88, 0.46]","[['C', 'A', 'B', 'D'], ['B', 'D', 'C', 'A'], ['B', 'D', 'C', 'A']]","{'C': 5, 'D': 4, 'A': 3, 'B': 3}","[1.0, 1.0, 0.58]",4.08
98,"[2, 4, 5]","[4, 4, 3]","[0.88, 0.88, 0.46]","[['C', 'A', 'B', 'D'], ['B', 'D', 'C', 'A'], ['C', 'B', 'D', 'A']]","{'C': 5, 'D': 4, 'A': 3, 'B': 3}","[1.0, 1.0, 0.58]",4.08
98,"[2, 4, 5]","[4, 4, 3]","[0.88, 0.88, 0.46]","[['C', 'A', 'B', 'D'], ['B', 'D', 'C', 'A'], ['C', 'D', 'B', 'A']]","{'C': 5, 'D': 4, 'A': 3, 'B': 3}","[1.0, 1.0, 0.58]",4.08
98,"[2, 4, 5]","[4, 4, 3]","[0.88, 0.88, 0.46]","[['C', 'A', 'B', 'D'], ['B', 'D', 'C', 'A'], ['D', 'B', 'C', 'A']]","{'C': 5, 'D': 4, 'A': 3, 'B': 3}","[1.0, 1.0, 0.58]",4.08
98,"[2, 4, 5]","[4, 4, 3]","[0.88, 0.88, 0.46]","[['C', 'A', 'B', 'D'], ['B', 'D', 'C', 'A'], ['D', 'C', 'B', 'A']]","{'C': 5, 'D': 4, 'A': 3, 'B': 3}","[1.0, 1.0, 0.58]",4.08
98,"[2, 4, 5]","[4, 4, 3]","[0.88, 0.88, 0.46]","[['C', 'A', 'B', 'D'], ['C', 'B', 'D', 'A'], ['B', 'C', 'D', 'A']]","{'C': 5, 'D': 4, 'A': 3, 'B': 3}","[1.0, 1.0, 0.58]",4.08
98,"[2, 4, 5]","[4, 4, 3]","[0.88, 0.88, 0.46]","[['C', 'A', 'B', 'D'], ['C', 'B', 'D', 'A'], ['B', 'D', 'C', 'A']]","{'C': 5, 'D': 4, 'A': 3, 'B': 3}","[1.0, 1.0, 0.58]",4.08
98,"[2, 4, 5]","[4, 4, 3]","[0.88, 0.88, 0.46]","[['C', 'A', 'B', 'D'], ['C', 'B', 'D', 'A'], ['C', 'B', 'D', 'A']]","{'C': 5, 'D': 4, 'A': 3, 'B': 3}","[1.0, 1.0, 0.58]",4.08
98,"[2, 4, 5]","[4, 4, 3]","[0.88, 0.88, 0.46]","[['C', 'A', 'B', 'D'], ['C', 'B', 'D', 'A'], ['C', 'D', 'B', 'A']]","{'C': 5, 'D': 4, 'A': 3, 'B': 3}","[1.0, 1.0, 0.58]",4.08
98,"[2, 4, 5]","[4, 4, 3]","[0.88, 0.88, 0.46]","[['C', 'A', 'B', 'D'], ['C', 'B', 'D', 'A'], ['D', 'B', 'C', 'A']]","{'C': 5, 'D': 4, 'A': 3, 'B': 3}","[1.0, 1.0, 0.58]",4.08
98,"[2, 4, 5]","[4, 4, 3]","[0.88, 0.88, 0.46]","[['C', 'A', 'B', 'D'], ['C', 'B', 'D', 'A'], ['D', 'C', 'B', 'A']]","{'C': 5, 'D': 4, 'A': 3, 'B': 3}","[1.0, 1.0, 0.58]",4.08
98,"[2, 4, 5]","[4, 4, 3]","[0.88, 0.88, 0.46]","[['C', 'A', 'B', 'D'], ['C', 'D', 'B', 'A'], ['B', 'C', 'D', 'A']]","{'C': 5, 'D': 4, 'A': 3, 'B': 3}","[1.0, 1.0, 0.58]",4.08
98,"[2, 4, 5]","[4, 4, 3]","[0.88, 0.88, 0.46]","[['C', 'A', 'B', 'D'], ['C', 'D', 'B', 'A'], ['B', 'D', 'C', 'A']]","{'C': 5, 'D': 4, 'A': 3, 'B': 3}","[1.0, 1.0, 0.58]",4.08
98,"[2, 4, 5]","[4, 4, 3]","[0.88, 0.88, 0.46]","[['C', 'A', 'B', 'D'], ['C', 'D', 'B', 'A'], ['C', 'B', 'D', 'A']]","{'C': 5, 'D': 4, 'A': 3, 'B': 3}","[1.0, 1.0, 0.58]",4.08
98,"[2, 4, 5]","[4, 4, 3]","[0.88, 0.88, 0.46]","[['C', 'A', 'B', 'D'], ['C', 'D', 'B', 'A'], ['C', 'D', 'B', 'A']]","{'C': 5, 'D': 4, 'A': 3, 'B': 3}","[1.0, 1.0, 0.58]",4.08
98,"[2, 4, 5]","[4, 4, 3]","[0.88, 0.88, 0.46]","[['C', 'A', 'B', 'D'], ['C', 'D', 'B', 'A'], ['D', 'B', 'C', 'A']]","{'C': 5, 'D': 4, 'A': 3, 'B': 3}","[1.0, 1.0, 0.58]",4.08
98,"[2, 4, 5]","[4, 4, 3]","[0.88, 0.88, 0.46]","[['C', 'A', 'B', 'D'], ['C', 'D', 'B', 'A'], ['D', 'C', 'B', 'A']]","{'C': 5, 'D': 4, 'A': 3, 'B': 3}","[1.0, 1.0, 0.58]",4.08
98,"[2, 4, 5]","[4, 4, 3]","[0.88, 0.88, 0.46]","[['C', 'A', 'B', 'D'], ['D', 'B', 'C', 'A'], ['B', 'C', 'D', 'A']]","{'C': 5, 'D': 4, 'A': 3, 'B': 3}","[1.0, 1.0, 0.58]",4.08
98,"[2, 4, 5]","[4, 4, 3]","[0.88, 0.88, 0.46]","[['C', 'A', 'B', 'D'], ['D', 'B', 'C', 'A'], ['B', 'D', 'C', 'A']]","{'C': 5, 'D': 4, 'A': 3, 'B': 3}","[1.0, 1.0, 0.58]",4.08
98,"[2, 4, 5]","[4, 4, 3]","[0.88, 0.88, 0.46]","[['C', 'A', 'B', 'D'], ['D', 'B', 'C', 'A'], ['C', 'B', 'D', 'A']]","{'C': 5, 'D': 4, 'A': 3, 'B': 3}","[1.0, 1.0, 0.58]",4.08
98,"[2, 4, 5]","[4, 4, 3]","[0.88, 0.88, 0.46]","[['C', 'A', 'B', 'D'], ['D', 'B', 'C', 'A'], ['C', 'D', 'B', 'A']]","{'C': 5, 'D': 4, 'A': 3, 'B': 3}","[1.0, 1.0, 0.58]",4.08
98,"[2, 4, 5]","[4, 4, 3]","[0.88, 0.88, 0.46]","[['C', 'A', 'B', 'D'], ['D', 'B', 'C', 'A'], ['D', 'B', 'C', 'A']]","{'C': 5, 'D': 4, 'A': 3, 'B': 3}","[1.0, 1.0, 0.58]",4.08
98,"[2, 4, 5]","[4, 4, 3]","[0.88, 0.88, 0.46]","[['C', 'A', 'B', 'D'], ['D', 'B', 'C', 'A'], ['D', 'C', 'B', 'A']]","{'C': 5, 'D': 4, 'A': 3, 'B': 3}","[1.0, 1.0, 0.58]",4.08
98,"[2, 4, 5]","[4, 4, 3]","[0.88, 0.88, 0.46]","[['C', 'A', 'B', 'D'], ['D', 'C', 'B', 'A'], ['B', 'C', 'D', 'A']]","{'C': 5, 'D': 4, 'A': 3, 'B': 3}","[1.0, 1.0, 0.58]",4.08
98,"[2, 4, 5]","[4, 4, 3]","[0.88, 0.88, 0.46]","[['C', 'A', 'B', 'D'], ['D', 'C', 'B', 'A'], ['B', 'D', 'C', 'A']]","{'C': 5, 'D': 4, 'A': 3, 'B': 3}","[1.0, 1.0, 0.58]",4.08
98,"[2, 4, 5]","[4, 4, 3]","[0.88, 0.88, 0.46]","[['C', 'A', 'B', 'D'], ['D', 'C', 'B', 'A'], ['C', 'B', 'D', 'A']]","{'C': 5, 'D': 4, 'A': 3, 'B': 3}","[1.0, 1.0, 0.58]",4.08
98,"[2, 4, 5]","[4, 4, 3]","[0.88, 0.88, 0.46]","[['C', 'A', 'B', 'D'], ['D', 'C', 'B', 'A'], ['C', 'D', 'B', 'A']]","{'C': 5, 'D': 4, 'A': 3, 'B': 3}","[1.0, 1.0, 0.58]",4.08
98,"[2, 4, 5]","[4, 4, 3]","[0.88, 0.88, 0.46]","[['C', 'A', 'B', 'D'], ['D', 'C', 'B', 'A'], ['D', 'B', 'C', 'A']]","{'C': 5, 'D': 4, 'A': 3, 'B': 3}","[1.0, 1.0, 0.58]",4.08
98,"[2, 4, 5]","[4, 4, 3]","[0.88, 0.88, 0.46]","[['C', 'A', 'B', 'D'], ['D', 'C', 'B', 'A'], ['D', 'C', 'B', 'A']]","{'C': 5, 'D': 4, 'A': 3, 'B': 3}","[1.0, 1.0, 0.58]",4.08
98,"[2, 4, 5]","[4, 4, 3]","[0.88, 0.88, 0.46]","[['C', 'A', 'D', 'B'], ['A', 'C', 'D', 'B'], ['B', 'C', 'D', 'A']]","{'C': 5, 'D': 5, 'A': 4, 'B': 1}","[1.0, 1.0, 0.58]",4.08
98,"[2, 4, 5]","[4, 4, 3]","[0.88, 0.88, 0.46]","[['C', 'A', 'D', 'B'], ['A', 'C', 'D', 'B'], ['B', 'D', 'C', 'A']]","{'C': 5, 'D': 5, 'A': 4, 'B': 1}","[1.0, 1.0, 0.58]",4.08
98,"[2, 4, 5]","[4, 4, 3]","[0.88, 0.88, 0.46]","[['C', 'A', 'D', 'B'], ['A', 'C', 'D', 'B'], ['C', 'B', 'D', 'A']]","{'C': 5, 'D': 5, 'A': 4, 'B': 1}","[1.0, 1.0, 0.58]",4.08
98,"[2, 4, 5]","[4, 4, 3]","[0.88, 0.88, 0.46]","[['C', 'A', 'D', 'B'], ['A', 'C', 'D', 'B'], ['C', 'D', 'B', 'A']]","{'C': 5, 'D': 5, 'A': 4, 'B': 1}","[1.0, 1.0, 0.58]",4.08
98,"[2, 4, 5]","[4, 4, 3]","[0.88, 0.88, 0.46]","[['C', 'A', 'D', 'B'], ['A', 'C', 'D', 'B'], ['D', 'B', 'C', 'A']]","{'C': 5, 'D': 5, 'A': 4, 'B': 1}","[1.0, 1.0, 0.58]",4.08
98,"[2, 4, 5]","[4, 4, 3]","[0.88, 0.88, 0.46]","[['C', 'A', 'D', 'B'], ['A', 'C', 'D', 'B'], ['D', 'C', 'B', 'A']]","{'C': 5, 'D': 5, 'A': 4, 'B': 1}","[1.0, 1.0, 0.58]",4.08
98,"[2, 4, 5]","[4, 4, 3]","[0.88, 0.88, 0.46]","[['C', 'A', 'D', 'B'], ['A', 'D', 'C', 'B'], ['B', 'C', 'D', 'A']]","{'C': 5, 'D': 5, 'A': 4, 'B': 1}","[1.0, 1.0, 0.58]",4.08
98,"[2, 4, 5]","[4, 4, 3]","[0.88, 0.88, 0.46]","[['C', 'A', 'D', 'B'], ['A', 'D', 'C', 'B'], ['B', 'D', 'C', 'A']]","{'C': 5, 'D': 5, 'A': 4, 'B': 1}","[1.0, 1.0, 0.58]",4.08
98,"[2, 4, 5]","[4, 4, 3]","[0.88, 0.88, 0.46]","[['C', 'A', 'D', 'B'], ['A', 'D', 'C', 'B'], ['C', 'B', 'D', 'A']]","{'C': 5, 'D': 5, 'A': 4, 'B': 1}","[1.0, 1.0, 0.58]",4.08
98,"[2, 4, 5]","[4, 4, 3]","[0.88, 0.88, 0.46]","[['C', 'A', 'D', 'B'], ['A', 'D', 'C', 'B'], ['C', 'D', 'B', 'A']]","{'C': 5, 'D': 5, 'A': 4, 'B': 1}","[1.0, 1.0, 0.58]",4.08
98,"[2, 4, 5]","[4, 4, 3]","[0.88, 0.88, 0.46]","[['C', 'A', 'D', 'B'], ['A', 'D', 'C', 'B'], ['D', 'B', 'C', 'A']]","{'C': 5, 'D': 5, 'A': 4, 'B': 1}","[1.0, 1.0, 0.58]",4.08
98,"[2, 4, 5]","[4, 4, 3]","[0.88, 0.88, 0.46]","[['C', 'A', 'D', 'B'], ['A', 'D', 'C', 'B'], ['D', 'C', 'B', 'A']]","{'C': 5, 'D': 5, 'A': 4, 'B': 1}","[1.0, 1.0, 0.58]",4.08
98,"[2, 4, 5]","[4, 4, 3]","[0.88, 0.88, 0.46]","[['C', 'A', 'D', 'B'], ['B', 'C', 'D', 'A'], ['A', 'C', 'D', 'B']]","{'C': 5, 'D': 5, 'A': 4, 'B': 1}","[1.0, 1.0, 0.58]",4.08
98,"[2, 4, 5]","[4, 4, 3]","[0.88, 0.88, 0.46]","[['C', 'A', 'D', 'B'], ['B', 'C', 'D', 'A'], ['A', 'D', 'C', 'B']]","{'C': 5, 'D': 5, 'A': 4, 'B': 1}","[1.0, 1.0, 0.58]",4.08
98,"[2, 4, 5]","[4, 4, 3]","[0.88, 0.88, 0.46]","[['C', 'A', 'D', 'B'], ['B', 'C', 'D', 'A'], ['B', 'C', 'D', 'A']]","{'C': 5, 'D': 5, 'A': 3, 'B': 2}","[1.0, 1.0, 0.58]",4.08
98,"[2, 4, 5]","[4, 4, 3]","[0.88, 0.88, 0.46]","[['C', 'A', 'D', 'B'], ['B', 'C', 'D', 'A'], ['B', 'D', 'C', 'A']]","{'C': 5, 'D': 5, 'A': 3, 'B': 2}","[1.0, 1.0, 0.58]",4.08
98,"[2, 4, 5]","[4, 4, 3]","[0.88, 0.88, 0.46]","[['C', 'A', 'D', 'B'], ['B', 'C', 'D', 'A'], ['C', 'A', 'D', 'B']]","{'C': 5, 'D': 5, 'A': 4, 'B': 1}","[1.0, 1.0, 0.58]",4.08
98,"[2, 4, 5]","[4, 4, 3]","[0.88, 0.88, 0.46]","[['C', 'A', 'D', 'B'], ['B', 'C', 'D', 'A'], ['C', 'B', 'D', 'A']]","{'C': 5, 'D': 5, 'A': 3, 'B': 2}","[1.0, 1.0, 0.58]",4.08
98,"[2, 4, 5]","[4, 4, 3]","[0.88, 0.88, 0.46]","[['C', 'A', 'D', 'B'], ['B', 'C', 'D', 'A'], ['C', 'D', 'A', 'B']]","{'C': 5, 'D': 5, 'A': 4, 'B': 1}","[1.0, 1.0, 0.58]",4.08
98,"[2, 4, 5]","[4, 4, 3]","[0.88, 0.88, 0.46]","[['C', 'A', 'D', 'B'], ['B', 'C', 'D', 'A'], ['C', 'D', 'B', 'A']]","{'C': 5, 'D': 5, 'A': 3, 'B': 2}","[1.0, 1.0, 0.58]",4.08
98,"[2, 4, 5]","[4, 4, 3]","[0.88, 0.88, 0.46]","[['C', 'A', 'D', 'B'], ['B', 'C', 'D', 'A'], ['D', 'A', 'C', 'B']]","{'C': 5, 'D': 5, 'A': 4, 'B': 1}","[1.0, 1.0, 0.58]",4.08
98,"[2, 4, 5]","[4, 4, 3]","[0.88, 0.88, 0.46]","[['C', 'A', 'D', 'B'], ['B', 'C', 'D', 'A'], ['D', 'B', 'C', 'A']]","{'C': 5, 'D': 5, 'A': 3, 'B': 2}","[1.0, 1.0, 0.58]",4.08
98,"[2, 4, 5]","[4, 4, 3]","[0.88, 0.88, 0.46]","[['C', 'A', 'D', 'B'], ['B', 'C', 'D', 'A'], ['D', 'C', 'A', 'B']]","{'C': 5, 'D': 5, 'A': 4, 'B': 1}","[1.0, 1.0, 0.58]",4.08
98,"[2, 4, 5]","[4, 4, 3]","[0.88, 0.88, 0.46]","[['C', 'A', 'D', 'B'], ['B', 'C', 'D', 'A'], ['D', 'C', 'B', 'A']]","{'C': 5, 'D': 5, 'A': 3, 'B': 2}","[1.0, 1.0, 0.58]",4.08
98,"[2, 4, 5]","[4, 4, 3]","[0.88, 0.88, 0.46]","[['C', 'A', 'D', 'B'], ['B', 'D', 'C', 'A'], ['A', 'C', 'D', 'B']]","{'C': 5, 'D': 5, 'A': 4, 'B': 1}","[1.0, 1.0, 0.58]",4.08
98,"[2, 4, 5]","[4, 4, 3]","[0.88, 0.88, 0.46]","[['C', 'A', 'D', 'B'], ['B', 'D', 'C', 'A'], ['A', 'D', 'C', 'B']]","{'C': 5, 'D': 5, 'A': 4, 'B': 1}","[1.0, 1.0, 0.58]",4.08
98,"[2, 4, 5]","[4, 4, 3]","[0.88, 0.88, 0.46]","[['C', 'A', 'D', 'B'], ['B', 'D', 'C', 'A'], ['B', 'C', 'D', 'A']]","{'C': 5, 'D': 5, 'A': 3, 'B': 2}","[1.0, 1.0, 0.58]",4.08
98,"[2, 4, 5]","[4, 4, 3]","[0.88, 0.88, 0.46]","[['C', 'A', 'D', 'B'], ['B', 'D', 'C', 'A'], ['B', 'D', 'C', 'A']]","{'C': 5, 'D': 5, 'A': 3, 'B': 2}","[1.0, 1.0, 0.58]",4.08
98,"[2, 4, 5]","[4, 4, 3]","[0.88, 0.88, 0.46]","[['C', 'A', 'D', 'B'], ['B', 'D', 'C', 'A'], ['C', 'A', 'D', 'B']]","{'C': 5, 'D': 5, 'A': 4, 'B': 1}","[1.0, 1.0, 0.58]",4.08
98,"[2, 4, 5]","[4, 4, 3]","[0.88, 0.88, 0.46]","[['C', 'A', 'D', 'B'], ['B', 'D', 'C', 'A'], ['C', 'B', 'D', 'A']]","{'C': 5, 'D': 5, 'A': 3, 'B': 2}","[1.0, 1.0, 0.58]",4.08
98,"[2, 4, 5]","[4, 4, 3]","[0.88, 0.88, 0.46]","[['C', 'A', 'D', 'B'], ['B', 'D', 'C', 'A'], ['C', 'D', 'A', 'B']]","{'C': 5, 'D': 5, 'A': 4, 'B': 1}","[1.0, 1.0, 0.58]",4.08
98,"[2, 4, 5]","[4, 4, 3]","[0.88, 0.88, 0.46]","[['C', 'A', 'D', 'B'], ['B', 'D', 'C', 'A'], ['C', 'D', 'B', 'A']]","{'C': 5, 'D': 5, 'A': 3, 'B': 2}","[1.0, 1.0, 0.58]",4.08
98,"[2, 4, 5]","[4, 4, 3]","[0.88, 0.88, 0.46]","[['C', 'A', 'D', 'B'], ['B', 'D', 'C', 'A'], ['D', 'A', 'C', 'B']]","{'C': 5, 'D': 5, 'A': 4, 'B': 1}","[1.0, 1.0, 0.58]",4.08
98,"[2, 4, 5]","[4, 4, 3]","[0.88, 0.88, 0.46]","[['C', 'A', 'D', 'B'], ['B', 'D', 'C', 'A'], ['D', 'B', 'C', 'A']]","{'C': 5, 'D': 5, 'A': 3, 'B': 2}","[1.0, 1.0, 0.58]",4.08
98,"[2, 4, 5]","[4, 4, 3]","[0.88, 0.88, 0.46]","[['C', 'A', 'D', 'B'], ['B', 'D', 'C', 'A'], ['D', 'C', 'A', 'B']]","{'C': 5, 'D': 5, 'A': 4, 'B': 1}","[1.0, 1.0, 0.58]",4.08
98,"[2, 4, 5]","[4, 4, 3]","[0.88, 0.88, 0.46]","[['C', 'A', 'D', 'B'], ['B', 'D', 'C', 'A'], ['D', 'C', 'B', 'A']]","{'C': 5, 'D': 5, 'A': 3, 'B': 2}","[1.0, 1.0, 0.58]",4.08
98,"[2, 4, 5]","[4, 4, 3]","[0.88, 0.88, 0.46]","[['C', 'A', 'D', 'B'], ['C', 'A', 'D', 'B'], ['B', 'C', 'D', 'A']]","{'C': 5, 'D': 5, 'A': 4, 'B': 1}","[1.0, 1.0, 0.58]",4.08
98,"[2, 4, 5]","[4, 4, 3]","[0.88, 0.88, 0.46]","[['C', 'A', 'D', 'B'], ['C', 'A', 'D', 'B'], ['B', 'D', 'C', 'A']]","{'C': 5, 'D': 5, 'A': 4, 'B': 1}","[1.0, 1.0, 0.58]",4.08
98,"[2, 4, 5]","[4, 4, 3]","[0.88, 0.88, 0.46]","[['C', 'A', 'D', 'B'], ['C', 'A', 'D', 'B'], ['C', 'B', 'D', 'A']]","{'C': 5, 'D': 5, 'A': 4, 'B': 1}","[1.0, 1.0, 0.58]",4.08
98,"[2, 4, 5]","[4, 4, 3]","[0.88, 0.88, 0.46]","[['C', 'A', 'D', 'B'], ['C', 'A', 'D', 'B'], ['C', 'D', 'B', 'A']]","{'C': 5, 'D': 5, 'A': 4, 'B': 1}","[1.0, 1.0, 0.58]",4.08
98,"[2, 4, 5]","[4, 4, 3]","[0.88, 0.88, 0.46]","[['C', 'A', 'D', 'B'], ['C', 'A', 'D', 'B'], ['D', 'B', 'C', 'A']]","{'C': 5, 'D': 5, 'A': 4, 'B': 1}","[1.0, 1.0, 0.58]",4.08
98,"[2, 4, 5]","[4, 4, 3]","[0.88, 0.88, 0.46]","[['C', 'A', 'D', 'B'], ['C', 'A', 'D', 'B'], ['D', 'C', 'B', 'A']]","{'C': 5, 'D': 5, 'A': 4, 'B': 1}","[1.0, 1.0, 0.58]",4.08
98,"[2, 4, 5]","[4, 4, 3]","[0.88, 0.88, 0.46]","[['C', 'A', 'D', 'B'], ['C', 'B', 'D', 'A'], ['A', 'C', 'D', 'B']]","{'C': 5, 'D': 5, 'A': 4, 'B': 1}","[1.0, 1.0, 0.58]",4.08
98,"[2, 4, 5]","[4, 4, 3]","[0.88, 0.88, 0.46]","[['C', 'A', 'D', 'B'], ['C', 'B', 'D', 'A'], ['A', 'D', 'C', 'B']]","{'C': 5, 'D': 5, 'A': 4, 'B': 1}","[1.0, 1.0, 0.58]",4.08
98,"[2, 4, 5]","[4, 4, 3]","[0.88, 0.88, 0.46]","[['C', 'A', 'D', 'B'], ['C', 'B', 'D', 'A'], ['B', 'C', 'D', 'A']]","{'C': 5, 'D': 5, 'A': 3, 'B': 2}","[1.0, 1.0, 0.58]",4.08
98,"[2, 4, 5]","[4, 4, 3]","[0.88, 0.88, 0.46]","[['C', 'A', 'D', 'B'], ['C', 'B', 'D', 'A'], ['B', 'D', 'C', 'A']]","{'C': 5, 'D': 5, 'A': 3, 'B': 2}","[1.0, 1.0, 0.58]",4.08
98,"[2, 4, 5]","[4, 4, 3]","[0.88, 0.88, 0.46]","[['C', 'A', 'D', 'B'], ['C', 'B', 'D', 'A'], ['C', 'A', 'D', 'B']]","{'C': 5, 'D': 5, 'A': 4, 'B': 1}","[1.0, 1.0, 0.58]",4.08
98,"[2, 4, 5]","[4, 4, 3]","[0.88, 0.88, 0.46]","[['C', 'A', 'D', 'B'], ['C', 'B', 'D', 'A'], ['C', 'B', 'D', 'A']]","{'C': 5, 'D': 5, 'A': 3, 'B': 2}","[1.0, 1.0, 0.58]",4.08
98,"[2, 4, 5]","[4, 4, 3]","[0.88, 0.88, 0.46]","[['C', 'A', 'D', 'B'], ['C', 'B', 'D', 'A'], ['C', 'D', 'A', 'B']]","{'C': 5, 'D': 5, 'A': 4, 'B': 1}","[1.0, 1.0, 0.58]",4.08
98,"[2, 4, 5]","[4, 4, 3]","[0.88, 0.88, 0.46]","[['C', 'A', 'D', 'B'], ['C', 'B', 'D', 'A'], ['C', 'D', 'B', 'A']]","{'C': 5, 'D': 5, 'A': 3, 'B': 2}","[1.0, 1.0, 0.58]",4.08
98,"[2, 4, 5]","[4, 4, 3]","[0.88, 0.88, 0.46]","[['C', 'A', 'D', 'B'], ['C', 'B', 'D', 'A'], ['D', 'A', 'C', 'B']]","{'C': 5, 'D': 5, 'A': 4, 'B': 1}","[1.0, 1.0, 0.58]",4.08
98,"[2, 4, 5]","[4, 4, 3]","[0.88, 0.88, 0.46]","[['C', 'A', 'D', 'B'], ['C', 'B', 'D', 'A'], ['D', 'B', 'C', 'A']]","{'C': 5, 'D': 5, 'A': 3, 'B': 2}","[1.0, 1.0, 0.58]",4.08
98,"[2, 4, 5]","[4, 4, 3]","[0.88, 0.88, 0.46]","[['C', 'A', 'D', 'B'], ['C', 'B', 'D', 'A'], ['D', 'C', 'A', 'B']]","{'C': 5, 'D': 5, 'A': 4, 'B': 1}","[1.0, 1.0, 0.58]",4.08
98,"[2, 4, 5]","[4, 4, 3]","[0.88, 0.88, 0.46]","[['C', 'A', 'D', 'B'], ['C', 'B', 'D', 'A'], ['D', 'C', 'B', 'A']]","{'C': 5, 'D': 5, 'A': 3, 'B': 2}","[1.0, 1.0, 0.58]",4.08
98,"[2, 4, 5]","[4, 4, 3]","[0.88, 0.88, 0.46]","[['C', 'A', 'D', 'B'], ['C', 'D', 'A', 'B'], ['B', 'C', 'D', 'A']]","{'C': 5, 'D': 5, 'A': 4, 'B': 1}","[1.0, 1.0, 0.58]",4.08
98,"[2, 4, 5]","[4, 4, 3]","[0.88, 0.88, 0.46]","[['C', 'A', 'D', 'B'], ['C', 'D', 'A', 'B'], ['B', 'D', 'C', 'A']]","{'C': 5, 'D': 5, 'A': 4, 'B': 1}","[1.0, 1.0, 0.58]",4.08
98,"[2, 4, 5]","[4, 4, 3]","[0.88, 0.88, 0.46]","[['C', 'A', 'D', 'B'], ['C', 'D', 'A', 'B'], ['C', 'B', 'D', 'A']]","{'C': 5, 'D': 5, 'A': 4, 'B': 1}","[1.0, 1.0, 0.58]",4.08
98,"[2, 4, 5]","[4, 4, 3]","[0.88, 0.88, 0.46]","[['C', 'A', 'D', 'B'], ['C', 'D', 'A', 'B'], ['C', 'D', 'B', 'A']]","{'C': 5, 'D': 5, 'A': 4, 'B': 1}","[1.0, 1.0, 0.58]",4.08
98,"[2, 4, 5]","[4, 4, 3]","[0.88, 0.88, 0.46]","[['C', 'A', 'D', 'B'], ['C', 'D', 'A', 'B'], ['D', 'B', 'C', 'A']]","{'C': 5, 'D': 5, 'A': 4, 'B': 1}","[1.0, 1.0, 0.58]",4.08
98,"[2, 4, 5]","[4, 4, 3]","[0.88, 0.88, 0.46]","[['C', 'A', 'D', 'B'], ['C', 'D', 'A', 'B'], ['D', 'C', 'B', 'A']]","{'C': 5, 'D': 5, 'A': 4, 'B': 1}","[1.0, 1.0, 0.58]",4.08
98,"[2, 4, 5]","[4, 4, 3]","[0.88, 0.88, 0.46]","[['C', 'A', 'D', 'B'], ['C', 'D', 'B', 'A'], ['A', 'C', 'D', 'B']]","{'C': 5, 'D': 5, 'A': 4, 'B': 1}","[1.0, 1.0, 0.58]",4.08
98,"[2, 4, 5]","[4, 4, 3]","[0.88, 0.88, 0.46]","[['C', 'A', 'D', 'B'], ['C', 'D', 'B', 'A'], ['A', 'D', 'C', 'B']]","{'C': 5, 'D': 5, 'A': 4, 'B': 1}","[1.0, 1.0, 0.58]",4.08
98,"[2, 4, 5]","[4, 4, 3]","[0.88, 0.88, 0.46]","[['C', 'A', 'D', 'B'], ['C', 'D', 'B', 'A'], ['B', 'C', 'D', 'A']]","{'C': 5, 'D': 5, 'A': 3, 'B': 2}","[1.0, 1.0, 0.58]",4.08
98,"[2, 4, 5]","[4, 4, 3]","[0.88, 0.88, 0.46]","[['C', 'A', 'D', 'B'], ['C', 'D', 'B', 'A'], ['B', 'D', 'C', 'A']]","{'C': 5, 'D': 5, 'A': 3, 'B': 2}","[1.0, 1.0, 0.58]",4.08
98,"[2, 4, 5]","[4, 4, 3]","[0.88, 0.88, 0.46]","[['C', 'A', 'D', 'B'], ['C', 'D', 'B', 'A'], ['C', 'A', 'D', 'B']]","{'C': 5, 'D': 5, 'A': 4, 'B': 1}","[1.0, 1.0, 0.58]",4.08
98,"[2, 4, 5]","[4, 4, 3]","[0.88, 0.88, 0.46]","[['C', 'A', 'D', 'B'], ['C', 'D', 'B', 'A'], ['C', 'B', 'D', 'A']]","{'C': 5, 'D': 5, 'A': 3, 'B': 2}","[1.0, 1.0, 0.58]",4.08
98,"[2, 4, 5]","[4, 4, 3]","[0.88, 0.88, 0.46]","[['C', 'A', 'D', 'B'], ['C', 'D', 'B', 'A'], ['C', 'D', 'A', 'B']]","{'C': 5, 'D': 5, 'A': 4, 'B': 1}","[1.0, 1.0, 0.58]",4.08
98,"[2, 4, 5]","[4, 4, 3]","[0.88, 0.88, 0.46]","[['C', 'A', 'D', 'B'], ['C', 'D', 'B', 'A'], ['C', 'D', 'B', 'A']]","{'C': 5, 'D': 5, 'A': 3, 'B': 2}","[1.0, 1.0, 0.58]",4.08
98,"[2, 4, 5]","[4, 4, 3]","[0.88, 0.88, 0.46]","[['C', 'A', 'D', 'B'], ['C', 'D', 'B', 'A'], ['D', 'A', 'C', 'B']]","{'C': 5, 'D': 5, 'A': 4, 'B': 1}","[1.0, 1.0, 0.58]",4.08
98,"[2, 4, 5]","[4, 4, 3]","[0.88, 0.88, 0.46]","[['C', 'A', 'D', 'B'], ['C', 'D', 'B', 'A'], ['D', 'B', 'C', 'A']]","{'C': 5, 'D': 5, 'A': 3, 'B': 2}","[1.0, 1.0, 0.58]",4.08
98,"[2, 4, 5]","[4, 4, 3]","[0.88, 0.88, 0.46]","[['C', 'A', 'D', 'B'], ['C', 'D', 'B', 'A'], ['D', 'C', 'A', 'B']]","{'C': 5, 'D': 5, 'A': 4, 'B': 1}","[1.0, 1.0, 0.58]",4.08
98,"[2, 4, 5]","[4, 4, 3]","[0.88, 0.88, 0.46]","[['C', 'A', 'D', 'B'], ['C', 'D', 'B', 'A'], ['D', 'C', 'B', 'A']]","{'C': 5, 'D': 5, 'A': 3, 'B': 2}","[1.0, 1.0, 0.58]",4.08
98,"[2, 4, 5]","[4, 4, 3]","[0.88, 0.88, 0.46]","[['C', 'A', 'D', 'B'], ['D', 'A', 'C', 'B'], ['B', 'C', 'D', 'A']]","{'C': 5, 'D': 5, 'A': 4, 'B': 1}","[1.0, 1.0, 0.58]",4.08
98,"[2, 4, 5]","[4, 4, 3]","[0.88, 0.88, 0.46]","[['C', 'A', 'D', 'B'], ['D', 'A', 'C', 'B'], ['B', 'D', 'C', 'A']]","{'C': 5, 'D': 5, 'A': 4, 'B': 1}","[1.0, 1.0, 0.58]",4.08
98,"[2, 4, 5]","[4, 4, 3]","[0.88, 0.88, 0.46]","[['C', 'A', 'D', 'B'], ['D', 'A', 'C', 'B'], ['C', 'B', 'D', 'A']]","{'C': 5, 'D': 5, 'A': 4, 'B': 1}","[1.0, 1.0, 0.58]",4.08
98,"[2, 4, 5]","[4, 4, 3]","[0.88, 0.88, 0.46]","[['C', 'A', 'D', 'B'], ['D', 'A', 'C', 'B'], ['C', 'D', 'B', 'A']]","{'C': 5, 'D': 5, 'A': 4, 'B': 1}","[1.0, 1.0, 0.58]",4.08
98,"[2, 4, 5]","[4, 4, 3]","[0.88, 0.88, 0.46]","[['C', 'A', 'D', 'B'], ['D', 'A', 'C', 'B'], ['D', 'B', 'C', 'A']]","{'C': 5, 'D': 5, 'A': 4, 'B': 1}","[1.0, 1.0, 0.58]",4.08
98,"[2, 4, 5]","[4, 4, 3]","[0.88, 0.88, 0.46]","[['C', 'A', 'D', 'B'], ['D', 'A', 'C', 'B'], ['D', 'C', 'B', 'A']]","{'C': 5, 'D': 5, 'A': 4, 'B': 1}","[1.0, 1.0, 0.58]",4.08
98,"[2, 4, 5]","[4, 4, 3]","[0.88, 0.88, 0.46]","[['C', 'A', 'D', 'B'], ['D', 'B', 'C', 'A'], ['A', 'C', 'D', 'B']]","{'C': 5, 'D': 5, 'A': 4, 'B': 1}","[1.0, 1.0, 0.58]",4.08
98,"[2, 4, 5]","[4, 4, 3]","[0.88, 0.88, 0.46]","[['C', 'A', 'D', 'B'], ['D', 'B', 'C', 'A'], ['A', 'D', 'C', 'B']]","{'C': 5, 'D': 5, 'A': 4, 'B': 1}","[1.0, 1.0, 0.58]",4.08
98,"[2, 4, 5]","[4, 4, 3]","[0.88, 0.88, 0.46]","[['C', 'A', 'D', 'B'], ['D', 'B', 'C', 'A'], ['B', 'C', 'D', 'A']]","{'C': 5, 'D': 5, 'A': 3, 'B': 2}","[1.0, 1.0, 0.58]",4.08
98,"[2, 4, 5]","[4, 4, 3]","[0.88, 0.88, 0.46]","[['C', 'A', 'D', 'B'], ['D', 'B', 'C', 'A'], ['B', 'D', 'C', 'A']]","{'C': 5, 'D': 5, 'A': 3, 'B': 2}","[1.0, 1.0, 0.58]",4.08
98,"[2, 4, 5]","[4, 4, 3]","[0.88, 0.88, 0.46]","[['C', 'A', 'D', 'B'], ['D', 'B', 'C', 'A'], ['C', 'A', 'D', 'B']]","{'C': 5, 'D': 5, 'A': 4, 'B': 1}","[1.0, 1.0, 0.58]",4.08
98,"[2, 4, 5]","[4, 4, 3]","[0.88, 0.88, 0.46]","[['C', 'A', 'D', 'B'], ['D', 'B', 'C', 'A'], ['C', 'B', 'D', 'A']]","{'C': 5, 'D': 5, 'A': 3, 'B': 2}","[1.0, 1.0, 0.58]",4.08
98,"[2, 4, 5]","[4, 4, 3]","[0.88, 0.88, 0.46]","[['C', 'A', 'D', 'B'], ['D', 'B', 'C', 'A'], ['C', 'D', 'A', 'B']]","{'C': 5, 'D': 5, 'A': 4, 'B': 1}","[1.0, 1.0, 0.58]",4.08
98,"[2, 4, 5]","[4, 4, 3]","[0.88, 0.88, 0.46]","[['C', 'A', 'D', 'B'], ['D', 'B', 'C', 'A'], ['C', 'D', 'B', 'A']]","{'C': 5, 'D': 5, 'A': 3, 'B': 2}","[1.0, 1.0, 0.58]",4.08
98,"[2, 4, 5]","[4, 4, 3]","[0.88, 0.88, 0.46]","[['C', 'A', 'D', 'B'], ['D', 'B', 'C', 'A'], ['D', 'A', 'C', 'B']]","{'C': 5, 'D': 5, 'A': 4, 'B': 1}","[1.0, 1.0, 0.58]",4.08
98,"[2, 4, 5]","[4, 4, 3]","[0.88, 0.88, 0.46]","[['C', 'A', 'D', 'B'], ['D', 'B', 'C', 'A'], ['D', 'B', 'C', 'A']]","{'C': 5, 'D': 5, 'A': 3, 'B': 2}","[1.0, 1.0, 0.58]",4.08
98,"[2, 4, 5]","[4, 4, 3]","[0.88, 0.88, 0.46]","[['C', 'A', 'D', 'B'], ['D', 'B', 'C', 'A'], ['D', 'C', 'A', 'B']]","{'C': 5, 'D': 5, 'A': 4, 'B': 1}","[1.0, 1.0, 0.58]",4.08
98,"[2, 4, 5]","[4, 4, 3]","[0.88, 0.88, 0.46]","[['C', 'A', 'D', 'B'], ['D', 'B', 'C', 'A'], ['D', 'C', 'B', 'A']]","{'C': 5, 'D': 5, 'A': 3, 'B': 2}","[1.0, 1.0, 0.58]",4.08
98,"[2, 4, 5]","[4, 4, 3]","[0.88, 0.88, 0.46]","[['C', 'A', 'D', 'B'], ['D', 'C', 'A', 'B'], ['B', 'C', 'D', 'A']]","{'C': 5, 'D': 5, 'A': 4, 'B': 1}","[1.0, 1.0, 0.58]",4.08
98,"[2, 4, 5]","[4, 4, 3]","[0.88, 0.88, 0.46]","[['C', 'A', 'D', 'B'], ['D', 'C', 'A', 'B'], ['B', 'D', 'C', 'A']]","{'C': 5, 'D': 5, 'A': 4, 'B': 1}","[1.0, 1.0, 0.58]",4.08
98,"[2, 4, 5]","[4, 4, 3]","[0.88, 0.88, 0.46]","[['C', 'A', 'D', 'B'], ['D', 'C', 'A', 'B'], ['C', 'B', 'D', 'A']]","{'C': 5, 'D': 5, 'A': 4, 'B': 1}","[1.0, 1.0, 0.58]",4.08
98,"[2, 4, 5]","[4, 4, 3]","[0.88, 0.88, 0.46]","[['C', 'A', 'D', 'B'], ['D', 'C', 'A', 'B'], ['C', 'D', 'B', 'A']]","{'C': 5, 'D': 5, 'A': 4, 'B': 1}","[1.0, 1.0, 0.58]",4.08
98,"[2, 4, 5]","[4, 4, 3]","[0.88, 0.88, 0.46]","[['C', 'A', 'D', 'B'], ['D', 'C', 'A', 'B'], ['D', 'B', 'C', 'A']]","{'C': 5, 'D': 5, 'A': 4, 'B': 1}","[1.0, 1.0, 0.58]",4.08
98,"[2, 4, 5]","[4, 4, 3]","[0.88, 0.88, 0.46]","[['C', 'A', 'D', 'B'], ['D', 'C', 'A', 'B'], ['D', 'C', 'B', 'A']]","{'C': 5, 'D': 5, 'A': 4, 'B': 1}","[1.0, 1.0, 0.58]",4.08
98,"[2, 4, 5]","[4, 4, 3]","[0.88, 0.88, 0.46]","[['C', 'A', 'D', 'B'], ['D', 'C', 'B', 'A'], ['A', 'C', 'D', 'B']]","{'C': 5, 'D': 5, 'A': 4, 'B': 1}","[1.0, 1.0, 0.58]",4.08
98,"[2, 4, 5]","[4, 4, 3]","[0.88, 0.88, 0.46]","[['C', 'A', 'D', 'B'], ['D', 'C', 'B', 'A'], ['A', 'D', 'C', 'B']]","{'C': 5, 'D': 5, 'A': 4, 'B': 1}","[1.0, 1.0, 0.58]",4.08
98,"[2, 4, 5]","[4, 4, 3]","[0.88, 0.88, 0.46]","[['C', 'A', 'D', 'B'], ['D', 'C', 'B', 'A'], ['B', 'C', 'D', 'A']]","{'C': 5, 'D': 5, 'A': 3, 'B': 2}","[1.0, 1.0, 0.58]",4.08
98,"[2, 4, 5]","[4, 4, 3]","[0.88, 0.88, 0.46]","[['C', 'A', 'D', 'B'], ['D', 'C', 'B', 'A'], ['B', 'D', 'C', 'A']]","{'C': 5, 'D': 5, 'A': 3, 'B': 2}","[1.0, 1.0, 0.58]",4.08
98,"[2, 4, 5]","[4, 4, 3]","[0.88, 0.88, 0.46]","[['C', 'A', 'D', 'B'], ['D', 'C', 'B', 'A'], ['C', 'A', 'D', 'B']]","{'C': 5, 'D': 5, 'A': 4, 'B': 1}","[1.0, 1.0, 0.58]",4.08
98,"[2, 4, 5]","[4, 4, 3]","[0.88, 0.88, 0.46]","[['C', 'A', 'D', 'B'], ['D', 'C', 'B', 'A'], ['C', 'B', 'D', 'A']]","{'C': 5, 'D': 5, 'A': 3, 'B': 2}","[1.0, 1.0, 0.58]",4.08
98,"[2, 4, 5]","[4, 4, 3]","[0.88, 0.88, 0.46]","[['C', 'A', 'D', 'B'], ['D', 'C', 'B', 'A'], ['C', 'D', 'A', 'B']]","{'C': 5, 'D': 5, 'A': 4, 'B': 1}","[1.0, 1.0, 0.58]",4.08
98,"[2, 4, 5]","[4, 4, 3]","[0.88, 0.88, 0.46]","[['C', 'A', 'D', 'B'], ['D', 'C', 'B', 'A'], ['C', 'D', 'B', 'A']]","{'C': 5, 'D': 5, 'A': 3, 'B': 2}","[1.0, 1.0, 0.58]",4.08
98,"[2, 4, 5]","[4, 4, 3]","[0.88, 0.88, 0.46]","[['C', 'A', 'D', 'B'], ['D', 'C', 'B', 'A'], ['D', 'A', 'C', 'B']]","{'C': 5, 'D': 5, 'A': 4, 'B': 1}","[1.0, 1.0, 0.58]",4.08
98,"[2, 4, 5]","[4, 4, 3]","[0.88, 0.88, 0.46]","[['C', 'A', 'D', 'B'], ['D', 'C', 'B', 'A'], ['D', 'B', 'C', 'A']]","{'C': 5, 'D': 5, 'A': 3, 'B': 2}","[1.0, 1.0, 0.58]",4.08
98,"[2, 4, 5]","[4, 4, 3]","[0.88, 0.88, 0.46]","[['C', 'A', 'D', 'B'], ['D', 'C', 'B', 'A'], ['D', 'C', 'A', 'B']]","{'C': 5, 'D': 5, 'A': 4, 'B': 1}","[1.0, 1.0, 0.58]",4.08
98,"[2, 4, 5]","[4, 4, 3]","[0.88, 0.88, 0.46]","[['C', 'A', 'D', 'B'], ['D', 'C', 'B', 'A'], ['D', 'C', 'B', 'A']]","{'C': 5, 'D': 5, 'A': 3, 'B': 2}","[1.0, 1.0, 0.58]",4.08
98,"[2, 4, 5]","[4, 4, 3]","[0.88, 0.88, 0.46]","[['C', 'B', 'A', 'D'], ['B', 'C', 'D', 'A'], ['B', 'C', 'D', 'A']]","{'C': 5, 'D': 4, 'A': 3, 'B': 3}","[1.0, 1.0, 0.58]",4.08
98,"[2, 4, 5]","[4, 4, 3]","[0.88, 0.88, 0.46]","[['C', 'B', 'A', 'D'], ['B', 'C', 'D', 'A'], ['B', 'D', 'C', 'A']]","{'C': 5, 'D': 4, 'A': 3, 'B': 3}","[1.0, 1.0, 0.58]",4.08
98,"[2, 4, 5]","[4, 4, 3]","[0.88, 0.88, 0.46]","[['C', 'B', 'A', 'D'], ['B', 'C', 'D', 'A'], ['C', 'B', 'D', 'A']]","{'C': 5, 'D': 4, 'A': 3, 'B': 3}","[1.0, 1.0, 0.58]",4.08
98,"[2, 4, 5]","[4, 4, 3]","[0.88, 0.88, 0.46]","[['C', 'B', 'A', 'D'], ['B', 'C', 'D', 'A'], ['C', 'D', 'B', 'A']]","{'C': 5, 'D': 4, 'A': 3, 'B': 3}","[1.0, 1.0, 0.58]",4.08
98,"[2, 4, 5]","[4, 4, 3]","[0.88, 0.88, 0.46]","[['C', 'B', 'A', 'D'], ['B', 'C', 'D', 'A'], ['D', 'B', 'C', 'A']]","{'C': 5, 'D': 4, 'A': 3, 'B': 3}","[1.0, 1.0, 0.58]",4.08
98,"[2, 4, 5]","[4, 4, 3]","[0.88, 0.88, 0.46]","[['C', 'B', 'A', 'D'], ['B', 'C', 'D', 'A'], ['D', 'C', 'B', 'A']]","{'C': 5, 'D': 4, 'A': 3, 'B': 3}","[1.0, 1.0, 0.58]",4.08
98,"[2, 4, 5]","[4, 4, 3]","[0.88, 0.88, 0.46]","[['C', 'B', 'A', 'D'], ['B', 'D', 'C', 'A'], ['B', 'C', 'D', 'A']]","{'C': 5, 'D': 4, 'A': 3, 'B': 3}","[1.0, 1.0, 0.58]",4.08
98,"[2, 4, 5]","[4, 4, 3]","[0.88, 0.88, 0.46]","[['C', 'B', 'A', 'D'], ['B', 'D', 'C', 'A'], ['B', 'D', 'C', 'A']]","{'C': 5, 'D': 4, 'A': 3, 'B': 3}","[1.0, 1.0, 0.58]",4.08
98,"[2, 4, 5]","[4, 4, 3]","[0.88, 0.88, 0.46]","[['C', 'B', 'A', 'D'], ['B', 'D', 'C', 'A'], ['C', 'B', 'D', 'A']]","{'C': 5, 'D': 4, 'A': 3, 'B': 3}","[1.0, 1.0, 0.58]",4.08
98,"[2, 4, 5]","[4, 4, 3]","[0.88, 0.88, 0.46]","[['C', 'B', 'A', 'D'], ['B', 'D', 'C', 'A'], ['C', 'D', 'B', 'A']]","{'C': 5, 'D': 4, 'A': 3, 'B': 3}","[1.0, 1.0, 0.58]",4.08
98,"[2, 4, 5]","[4, 4, 3]","[0.88, 0.88, 0.46]","[['C', 'B', 'A', 'D'], ['B', 'D', 'C', 'A'], ['D', 'B', 'C', 'A']]","{'C': 5, 'D': 4, 'A': 3, 'B': 3}","[1.0, 1.0, 0.58]",4.08
98,"[2, 4, 5]","[4, 4, 3]","[0.88, 0.88, 0.46]","[['C', 'B', 'A', 'D'], ['B', 'D', 'C', 'A'], ['D', 'C', 'B', 'A']]","{'C': 5, 'D': 4, 'A': 3, 'B': 3}","[1.0, 1.0, 0.58]",4.08
98,"[2, 4, 5]","[4, 4, 3]","[0.88, 0.88, 0.46]","[['C', 'B', 'A', 'D'], ['C', 'B', 'D', 'A'], ['B', 'C', 'D', 'A']]","{'C': 5, 'D': 4, 'A': 3, 'B': 3}","[1.0, 1.0, 0.58]",4.08
98,"[2, 4, 5]","[4, 4, 3]","[0.88, 0.88, 0.46]","[['C', 'B', 'A', 'D'], ['C', 'B', 'D', 'A'], ['B', 'D', 'C', 'A']]","{'C': 5, 'D': 4, 'A': 3, 'B': 3}","[1.0, 1.0, 0.58]",4.08
98,"[2, 4, 5]","[4, 4, 3]","[0.88, 0.88, 0.46]","[['C', 'B', 'A', 'D'], ['C', 'B', 'D', 'A'], ['C', 'B', 'D', 'A']]","{'C': 5, 'D': 4, 'A': 3, 'B': 3}","[1.0, 1.0, 0.58]",4.08
98,"[2, 4, 5]","[4, 4, 3]","[0.88, 0.88, 0.46]","[['C', 'B', 'A', 'D'], ['C', 'B', 'D', 'A'], ['C', 'D', 'B', 'A']]","{'C': 5, 'D': 4, 'A': 3, 'B': 3}","[1.0, 1.0, 0.58]",4.08
98,"[2, 4, 5]","[4, 4, 3]","[0.88, 0.88, 0.46]","[['C', 'B', 'A', 'D'], ['C', 'B', 'D', 'A'], ['D', 'B', 'C', 'A']]","{'C': 5, 'D': 4, 'A': 3, 'B': 3}","[1.0, 1.0, 0.58]",4.08
98,"[2, 4, 5]","[4, 4, 3]","[0.88, 0.88, 0.46]","[['C', 'B', 'A', 'D'], ['C', 'B', 'D', 'A'], ['D', 'C', 'B', 'A']]","{'C': 5, 'D': 4, 'A': 3, 'B': 3}","[1.0, 1.0, 0.58]",4.08
98,"[2, 4, 5]","[4, 4, 3]","[0.88, 0.88, 0.46]","[['C', 'B', 'A', 'D'], ['C', 'D', 'B', 'A'], ['B', 'C', 'D', 'A']]","{'C': 5, 'D': 4, 'A': 3, 'B': 3}","[1.0, 1.0, 0.58]",4.08
98,"[2, 4, 5]","[4, 4, 3]","[0.88, 0.88, 0.46]","[['C', 'B', 'A', 'D'], ['C', 'D', 'B', 'A'], ['B', 'D', 'C', 'A']]","{'C': 5, 'D': 4, 'A': 3, 'B': 3}","[1.0, 1.0, 0.58]",4.08
98,"[2, 4, 5]","[4, 4, 3]","[0.88, 0.88, 0.46]","[['C', 'B', 'A', 'D'], ['C', 'D', 'B', 'A'], ['C', 'B', 'D', 'A']]","{'C': 5, 'D': 4, 'A': 3, 'B': 3}","[1.0, 1.0, 0.58]",4.08
98,"[2, 4, 5]","[4, 4, 3]","[0.88, 0.88, 0.46]","[['C', 'B', 'A', 'D'], ['C', 'D', 'B', 'A'], ['C', 'D', 'B', 'A']]","{'C': 5, 'D': 4, 'A': 3, 'B': 3}","[1.0, 1.0, 0.58]",4.08
98,"[2, 4, 5]","[4, 4, 3]","[0.88, 0.88, 0.46]","[['C', 'B', 'A', 'D'], ['C', 'D', 'B', 'A'], ['D', 'B', 'C', 'A']]","{'C': 5, 'D': 4, 'A': 3, 'B': 3}","[1.0, 1.0, 0.58]",4.08
98,"[2, 4, 5]","[4, 4, 3]","[0.88, 0.88, 0.46]","[['C', 'B', 'A', 'D'], ['C', 'D', 'B', 'A'], ['D', 'C', 'B', 'A']]","{'C': 5, 'D': 4, 'A': 3, 'B': 3}","[1.0, 1.0, 0.58]",4.08
98,"[2, 4, 5]","[4, 4, 3]","[0.88, 0.88, 0.46]","[['C', 'B', 'A', 'D'], ['D', 'B', 'C', 'A'], ['B', 'C', 'D', 'A']]","{'C': 5, 'D': 4, 'A': 3, 'B': 3}","[1.0, 1.0, 0.58]",4.08
98,"[2, 4, 5]","[4, 4, 3]","[0.88, 0.88, 0.46]","[['C', 'B', 'A', 'D'], ['D', 'B', 'C', 'A'], ['B', 'D', 'C', 'A']]","{'C': 5, 'D': 4, 'A': 3, 'B': 3}","[1.0, 1.0, 0.58]",4.08
98,"[2, 4, 5]","[4, 4, 3]","[0.88, 0.88, 0.46]","[['C', 'B', 'A', 'D'], ['D', 'B', 'C', 'A'], ['C', 'B', 'D', 'A']]","{'C': 5, 'D': 4, 'A': 3, 'B': 3}","[1.0, 1.0, 0.58]",4.08
98,"[2, 4, 5]","[4, 4, 3]","[0.88, 0.88, 0.46]","[['C', 'B', 'A', 'D'], ['D', 'B', 'C', 'A'], ['C', 'D', 'B', 'A']]","{'C': 5, 'D': 4, 'A': 3, 'B': 3}","[1.0, 1.0, 0.58]",4.08
98,"[2, 4, 5]","[4, 4, 3]","[0.88, 0.88, 0.46]","[['C', 'B', 'A', 'D'], ['D', 'B', 'C', 'A'], ['D', 'B', 'C', 'A']]","{'C': 5, 'D': 4, 'A': 3, 'B': 3}","[1.0, 1.0, 0.58]",4.08
98,"[2, 4, 5]","[4, 4, 3]","[0.88, 0.88, 0.46]","[['C', 'B', 'A', 'D'], ['D', 'B', 'C', 'A'], ['D', 'C', 'B', 'A']]","{'C': 5, 'D': 4, 'A': 3, 'B': 3}","[1.0, 1.0, 0.58]",4.08
98,"[2, 4, 5]","[4, 4, 3]","[0.88, 0.88, 0.46]","[['C', 'B', 'A', 'D'], ['D', 'C', 'B', 'A'], ['B', 'C', 'D', 'A']]","{'C': 5, 'D': 4, 'A': 3, 'B': 3}","[1.0, 1.0, 0.58]",4.08
98,"[2, 4, 5]","[4, 4, 3]","[0.88, 0.88, 0.46]","[['C', 'B', 'A', 'D'], ['D', 'C', 'B', 'A'], ['B', 'D', 'C', 'A']]","{'C': 5, 'D': 4, 'A': 3, 'B': 3}","[1.0, 1.0, 0.58]",4.08
98,"[2, 4, 5]","[4, 4, 3]","[0.88, 0.88, 0.46]","[['C', 'B', 'A', 'D'], ['D', 'C', 'B', 'A'], ['C', 'B', 'D', 'A']]","{'C': 5, 'D': 4, 'A': 3, 'B': 3}","[1.0, 1.0, 0.58]",4.08
98,"[2, 4, 5]","[4, 4, 3]","[0.88, 0.88, 0.46]","[['C', 'B', 'A', 'D'], ['D', 'C', 'B', 'A'], ['C', 'D', 'B', 'A']]","{'C': 5, 'D': 4, 'A': 3, 'B': 3}","[1.0, 1.0, 0.58]",4.08
98,"[2, 4, 5]","[4, 4, 3]","[0.88, 0.88, 0.46]","[['C', 'B', 'A', 'D'], ['D', 'C', 'B', 'A'], ['D', 'B', 'C', 'A']]","{'C': 5, 'D': 4, 'A': 3, 'B': 3}","[1.0, 1.0, 0.58]",4.08
98,"[2, 4, 5]","[4, 4, 3]","[0.88, 0.88, 0.46]","[['C', 'B', 'A', 'D'], ['D', 'C', 'B', 'A'], ['D', 'C', 'B', 'A']]","{'C': 5, 'D': 4, 'A': 3, 'B': 3}","[1.0, 1.0, 0.58]",4.08
98,"[2, 4, 5]","[4, 4, 3]","[0.88, 0.88, 0.46]","[['C', 'B', 'D', 'A'], ['A', 'B', 'C', 'D'], ['B', 'C', 'D', 'A']]","{'C': 5, 'D': 4, 'A': 3, 'B': 3}","[1.0, 1.0, 0.58]",4.08
98,"[2, 4, 5]","[4, 4, 3]","[0.88, 0.88, 0.46]","[['C', 'B', 'D', 'A'], ['A', 'B', 'C', 'D'], ['B', 'D', 'C', 'A']]","{'C': 5, 'D': 4, 'A': 3, 'B': 3}","[1.0, 1.0, 0.58]",4.08
98,"[2, 4, 5]","[4, 4, 3]","[0.88, 0.88, 0.46]","[['C', 'B', 'D', 'A'], ['A', 'B', 'C', 'D'], ['C', 'B', 'D', 'A']]","{'C': 5, 'D': 4, 'A': 3, 'B': 3}","[1.0, 1.0, 0.58]",4.08
98,"[2, 4, 5]","[4, 4, 3]","[0.88, 0.88, 0.46]","[['C', 'B', 'D', 'A'], ['A', 'B', 'C', 'D'], ['C', 'D', 'B', 'A']]","{'C': 5, 'D': 4, 'A': 3, 'B': 3}","[1.0, 1.0, 0.58]",4.08
98,"[2, 4, 5]","[4, 4, 3]","[0.88, 0.88, 0.46]","[['C', 'B', 'D', 'A'], ['A', 'B', 'C', 'D'], ['D', 'B', 'C', 'A']]","{'C': 5, 'D': 4, 'A': 3, 'B': 3}","[1.0, 1.0, 0.58]",4.08
98,"[2, 4, 5]","[4, 4, 3]","[0.88, 0.88, 0.46]","[['C', 'B', 'D', 'A'], ['A', 'B', 'C', 'D'], ['D', 'C', 'B', 'A']]","{'C': 5, 'D': 4, 'A': 3, 'B': 3}","[1.0, 1.0, 0.58]",4.08
98,"[2, 4, 5]","[4, 4, 3]","[0.88, 0.88, 0.46]","[['C', 'B', 'D', 'A'], ['A', 'C', 'B', 'D'], ['B', 'C', 'D', 'A']]","{'C': 5, 'D': 4, 'A': 3, 'B': 3}","[1.0, 1.0, 0.58]",4.08
98,"[2, 4, 5]","[4, 4, 3]","[0.88, 0.88, 0.46]","[['C', 'B', 'D', 'A'], ['A', 'C', 'B', 'D'], ['B', 'D', 'C', 'A']]","{'C': 5, 'D': 4, 'A': 3, 'B': 3}","[1.0, 1.0, 0.58]",4.08
98,"[2, 4, 5]","[4, 4, 3]","[0.88, 0.88, 0.46]","[['C', 'B', 'D', 'A'], ['A', 'C', 'B', 'D'], ['C', 'B', 'D', 'A']]","{'C': 5, 'D': 4, 'A': 3, 'B': 3}","[1.0, 1.0, 0.58]",4.08
98,"[2, 4, 5]","[4, 4, 3]","[0.88, 0.88, 0.46]","[['C', 'B', 'D', 'A'], ['A', 'C', 'B', 'D'], ['C', 'D', 'B', 'A']]","{'C': 5, 'D': 4, 'A': 3, 'B': 3}","[1.0, 1.0, 0.58]",4.08
98,"[2, 4, 5]","[4, 4, 3]","[0.88, 0.88, 0.46]","[['C', 'B', 'D', 'A'], ['A', 'C', 'B', 'D'], ['D', 'B', 'C', 'A']]","{'C': 5, 'D': 4, 'A': 3, 'B': 3}","[1.0, 1.0, 0.58]",4.08
98,"[2, 4, 5]","[4, 4, 3]","[0.88, 0.88, 0.46]","[['C', 'B', 'D', 'A'], ['A', 'C', 'B', 'D'], ['D', 'C', 'B', 'A']]","{'C': 5, 'D': 4, 'A': 3, 'B': 3}","[1.0, 1.0, 0.58]",4.08
98,"[2, 4, 5]","[4, 4, 3]","[0.88, 0.88, 0.46]","[['C', 'B', 'D', 'A'], ['A', 'C', 'D', 'B'], ['A', 'C', 'D', 'B']]","{'C': 5, 'D': 5, 'A': 4, 'B': 1}","[1.0, 1.0, 0.58]",4.08
98,"[2, 4, 5]","[4, 4, 3]","[0.88, 0.88, 0.46]","[['C', 'B', 'D', 'A'], ['A', 'C', 'D', 'B'], ['A', 'D', 'C', 'B']]","{'C': 5, 'D': 5, 'A': 4, 'B': 1}","[1.0, 1.0, 0.58]",4.08
98,"[2, 4, 5]","[4, 4, 3]","[0.88, 0.88, 0.46]","[['C', 'B', 'D', 'A'], ['A', 'C', 'D', 'B'], ['B', 'C', 'D', 'A']]","{'C': 5, 'D': 5, 'A': 3, 'B': 2}","[1.0, 1.0, 0.58]",4.08
98,"[2, 4, 5]","[4, 4, 3]","[0.88, 0.88, 0.46]","[['C', 'B', 'D', 'A'], ['A', 'C', 'D', 'B'], ['B', 'D', 'C', 'A']]","{'C': 5, 'D': 5, 'A': 3, 'B': 2}","[1.0, 1.0, 0.58]",4.08
98,"[2, 4, 5]","[4, 4, 3]","[0.88, 0.88, 0.46]","[['C', 'B', 'D', 'A'], ['A', 'C', 'D', 'B'], ['C', 'A', 'D', 'B']]","{'C': 5, 'D': 5, 'A': 4, 'B': 1}","[1.0, 1.0, 0.58]",4.08
98,"[2, 4, 5]","[4, 4, 3]","[0.88, 0.88, 0.46]","[['C', 'B', 'D', 'A'], ['A', 'C', 'D', 'B'], ['C', 'B', 'D', 'A']]","{'C': 5, 'D': 5, 'A': 3, 'B': 2}","[1.0, 1.0, 0.58]",4.08
98,"[2, 4, 5]","[4, 4, 3]","[0.88, 0.88, 0.46]","[['C', 'B', 'D', 'A'], ['A', 'C', 'D', 'B'], ['C', 'D', 'A', 'B']]","{'C': 5, 'D': 5, 'A': 4, 'B': 1}","[1.0, 1.0, 0.58]",4.08
98,"[2, 4, 5]","[4, 4, 3]","[0.88, 0.88, 0.46]","[['C', 'B', 'D', 'A'], ['A', 'C', 'D', 'B'], ['C', 'D', 'B', 'A']]","{'C': 5, 'D': 5, 'A': 3, 'B': 2}","[1.0, 1.0, 0.58]",4.08
98,"[2, 4, 5]","[4, 4, 3]","[0.88, 0.88, 0.46]","[['C', 'B', 'D', 'A'], ['A', 'C', 'D', 'B'], ['D', 'A', 'C', 'B']]","{'C': 5, 'D': 5, 'A': 4, 'B': 1}","[1.0, 1.0, 0.58]",4.08
98,"[2, 4, 5]","[4, 4, 3]","[0.88, 0.88, 0.46]","[['C', 'B', 'D', 'A'], ['A', 'C', 'D', 'B'], ['D', 'B', 'C', 'A']]","{'C': 5, 'D': 5, 'A': 3, 'B': 2}","[1.0, 1.0, 0.58]",4.08
98,"[2, 4, 5]","[4, 4, 3]","[0.88, 0.88, 0.46]","[['C', 'B', 'D', 'A'], ['A', 'C', 'D', 'B'], ['D', 'C', 'A', 'B']]","{'C': 5, 'D': 5, 'A': 4, 'B': 1}","[1.0, 1.0, 0.58]",4.08
98,"[2, 4, 5]","[4, 4, 3]","[0.88, 0.88, 0.46]","[['C', 'B', 'D', 'A'], ['A', 'C', 'D', 'B'], ['D', 'C', 'B', 'A']]","{'C': 5, 'D': 5, 'A': 3, 'B': 2}","[1.0, 1.0, 0.58]",4.08
98,"[2, 4, 5]","[4, 4, 3]","[0.88, 0.88, 0.46]","[['C', 'B', 'D', 'A'], ['A', 'D', 'C', 'B'], ['A', 'C', 'D', 'B']]","{'C': 5, 'D': 5, 'A': 4, 'B': 1}","[1.0, 1.0, 0.58]",4.08
98,"[2, 4, 5]","[4, 4, 3]","[0.88, 0.88, 0.46]","[['C', 'B', 'D', 'A'], ['A', 'D', 'C', 'B'], ['A', 'D', 'C', 'B']]","{'C': 5, 'D': 5, 'A': 4, 'B': 1}","[1.0, 1.0, 0.58]",4.08
98,"[2, 4, 5]","[4, 4, 3]","[0.88, 0.88, 0.46]","[['C', 'B', 'D', 'A'], ['A', 'D', 'C', 'B'], ['B', 'C', 'D', 'A']]","{'C': 5, 'D': 5, 'A': 3, 'B': 2}","[1.0, 1.0, 0.58]",4.08
98,"[2, 4, 5]","[4, 4, 3]","[0.88, 0.88, 0.46]","[['C', 'B', 'D', 'A'], ['A', 'D', 'C', 'B'], ['B', 'D', 'C', 'A']]","{'C': 5, 'D': 5, 'A': 3, 'B': 2}","[1.0, 1.0, 0.58]",4.08
98,"[2, 4, 5]","[4, 4, 3]","[0.88, 0.88, 0.46]","[['C', 'B', 'D', 'A'], ['A', 'D', 'C', 'B'], ['C', 'A', 'D', 'B']]","{'C': 5, 'D': 5, 'A': 4, 'B': 1}","[1.0, 1.0, 0.58]",4.08
98,"[2, 4, 5]","[4, 4, 3]","[0.88, 0.88, 0.46]","[['C', 'B', 'D', 'A'], ['A', 'D', 'C', 'B'], ['C', 'B', 'D', 'A']]","{'C': 5, 'D': 5, 'A': 3, 'B': 2}","[1.0, 1.0, 0.58]",4.08
98,"[2, 4, 5]","[4, 4, 3]","[0.88, 0.88, 0.46]","[['C', 'B', 'D', 'A'], ['A', 'D', 'C', 'B'], ['C', 'D', 'A', 'B']]","{'C': 5, 'D': 5, 'A': 4, 'B': 1}","[1.0, 1.0, 0.58]",4.08
98,"[2, 4, 5]","[4, 4, 3]","[0.88, 0.88, 0.46]","[['C', 'B', 'D', 'A'], ['A', 'D', 'C', 'B'], ['C', 'D', 'B', 'A']]","{'C': 5, 'D': 5, 'A': 3, 'B': 2}","[1.0, 1.0, 0.58]",4.08
98,"[2, 4, 5]","[4, 4, 3]","[0.88, 0.88, 0.46]","[['C', 'B', 'D', 'A'], ['A', 'D', 'C', 'B'], ['D', 'A', 'C', 'B']]","{'C': 5, 'D': 5, 'A': 4, 'B': 1}","[1.0, 1.0, 0.58]",4.08
98,"[2, 4, 5]","[4, 4, 3]","[0.88, 0.88, 0.46]","[['C', 'B', 'D', 'A'], ['A', 'D', 'C', 'B'], ['D', 'B', 'C', 'A']]","{'C': 5, 'D': 5, 'A': 3, 'B': 2}","[1.0, 1.0, 0.58]",4.08
98,"[2, 4, 5]","[4, 4, 3]","[0.88, 0.88, 0.46]","[['C', 'B', 'D', 'A'], ['A', 'D', 'C', 'B'], ['D', 'C', 'A', 'B']]","{'C': 5, 'D': 5, 'A': 4, 'B': 1}","[1.0, 1.0, 0.58]",4.08
98,"[2, 4, 5]","[4, 4, 3]","[0.88, 0.88, 0.46]","[['C', 'B', 'D', 'A'], ['A', 'D', 'C', 'B'], ['D', 'C', 'B', 'A']]","{'C': 5, 'D': 5, 'A': 3, 'B': 2}","[1.0, 1.0, 0.58]",4.08
98,"[2, 4, 5]","[4, 4, 3]","[0.88, 0.88, 0.46]","[['C', 'B', 'D', 'A'], ['B', 'A', 'C', 'D'], ['B', 'C', 'D', 'A']]","{'C': 5, 'D': 4, 'A': 3, 'B': 3}","[1.0, 1.0, 0.58]",4.08
98,"[2, 4, 5]","[4, 4, 3]","[0.88, 0.88, 0.46]","[['C', 'B', 'D', 'A'], ['B', 'A', 'C', 'D'], ['B', 'D', 'C', 'A']]","{'C': 5, 'D': 4, 'A': 3, 'B': 3}","[1.0, 1.0, 0.58]",4.08
98,"[2, 4, 5]","[4, 4, 3]","[0.88, 0.88, 0.46]","[['C', 'B', 'D', 'A'], ['B', 'A', 'C', 'D'], ['C', 'B', 'D', 'A']]","{'C': 5, 'D': 4, 'A': 3, 'B': 3}","[1.0, 1.0, 0.58]",4.08
98,"[2, 4, 5]","[4, 4, 3]","[0.88, 0.88, 0.46]","[['C', 'B', 'D', 'A'], ['B', 'A', 'C', 'D'], ['C', 'D', 'B', 'A']]","{'C': 5, 'D': 4, 'A': 3, 'B': 3}","[1.0, 1.0, 0.58]",4.08
98,"[2, 4, 5]","[4, 4, 3]","[0.88, 0.88, 0.46]","[['C', 'B', 'D', 'A'], ['B', 'A', 'C', 'D'], ['D', 'B', 'C', 'A']]","{'C': 5, 'D': 4, 'A': 3, 'B': 3}","[1.0, 1.0, 0.58]",4.08
98,"[2, 4, 5]","[4, 4, 3]","[0.88, 0.88, 0.46]","[['C', 'B', 'D', 'A'], ['B', 'A', 'C', 'D'], ['D', 'C', 'B', 'A']]","{'C': 5, 'D': 4, 'A': 3, 'B': 3}","[1.0, 1.0, 0.58]",4.08
98,"[2, 4, 5]","[4, 4, 3]","[0.88, 0.88, 0.46]","[['C', 'B', 'D', 'A'], ['B', 'C', 'A', 'D'], ['B', 'C', 'D', 'A']]","{'C': 5, 'D': 4, 'A': 3, 'B': 3}","[1.0, 1.0, 0.58]",4.08
98,"[2, 4, 5]","[4, 4, 3]","[0.88, 0.88, 0.46]","[['C', 'B', 'D', 'A'], ['B', 'C', 'A', 'D'], ['B', 'D', 'C', 'A']]","{'C': 5, 'D': 4, 'A': 3, 'B': 3}","[1.0, 1.0, 0.58]",4.08
98,"[2, 4, 5]","[4, 4, 3]","[0.88, 0.88, 0.46]","[['C', 'B', 'D', 'A'], ['B', 'C', 'A', 'D'], ['C', 'B', 'D', 'A']]","{'C': 5, 'D': 4, 'A': 3, 'B': 3}","[1.0, 1.0, 0.58]",4.08
98,"[2, 4, 5]","[4, 4, 3]","[0.88, 0.88, 0.46]","[['C', 'B', 'D', 'A'], ['B', 'C', 'A', 'D'], ['C', 'D', 'B', 'A']]","{'C': 5, 'D': 4, 'A': 3, 'B': 3}","[1.0, 1.0, 0.58]",4.08
98,"[2, 4, 5]","[4, 4, 3]","[0.88, 0.88, 0.46]","[['C', 'B', 'D', 'A'], ['B', 'C', 'A', 'D'], ['D', 'B', 'C', 'A']]","{'C': 5, 'D': 4, 'A': 3, 'B': 3}","[1.0, 1.0, 0.58]",4.08
98,"[2, 4, 5]","[4, 4, 3]","[0.88, 0.88, 0.46]","[['C', 'B', 'D', 'A'], ['B', 'C', 'A', 'D'], ['D', 'C', 'B', 'A']]","{'C': 5, 'D': 4, 'A': 3, 'B': 3}","[1.0, 1.0, 0.58]",4.08
98,"[2, 4, 5]","[4, 4, 3]","[0.88, 0.88, 0.46]","[['C', 'B', 'D', 'A'], ['B', 'C', 'D', 'A'], ['A', 'B', 'C', 'D']]","{'C': 5, 'D': 4, 'A': 3, 'B': 3}","[1.0, 1.0, 0.58]",4.08
98,"[2, 4, 5]","[4, 4, 3]","[0.88, 0.88, 0.46]","[['C', 'B', 'D', 'A'], ['B', 'C', 'D', 'A'], ['A', 'C', 'B', 'D']]","{'C': 5, 'D': 4, 'A': 3, 'B': 3}","[1.0, 1.0, 0.58]",4.08
98,"[2, 4, 5]","[4, 4, 3]","[0.88, 0.88, 0.46]","[['C', 'B', 'D', 'A'], ['B', 'C', 'D', 'A'], ['A', 'C', 'D', 'B']]","{'C': 5, 'D': 5, 'A': 3, 'B': 2}","[1.0, 1.0, 0.58]",4.08
98,"[2, 4, 5]","[4, 4, 3]","[0.88, 0.88, 0.46]","[['C', 'B', 'D', 'A'], ['B', 'C', 'D', 'A'], ['A', 'D', 'C', 'B']]","{'C': 5, 'D': 5, 'A': 3, 'B': 2}","[1.0, 1.0, 0.58]",4.08
98,"[2, 4, 5]","[4, 4, 3]","[0.88, 0.88, 0.46]","[['C', 'B', 'D', 'A'], ['B', 'C', 'D', 'A'], ['B', 'A', 'C', 'D']]","{'C': 5, 'D': 4, 'A': 3, 'B': 3}","[1.0, 1.0, 0.58]",4.08
98,"[2, 4, 5]","[4, 4, 3]","[0.88, 0.88, 0.46]","[['C', 'B', 'D', 'A'], ['B', 'C', 'D', 'A'], ['B', 'C', 'A', 'D']]","{'C': 5, 'D': 4, 'A': 3, 'B': 3}","[1.0, 1.0, 0.58]",4.08
98,"[2, 4, 5]","[4, 4, 3]","[0.88, 0.88, 0.46]","[['C', 'B', 'D', 'A'], ['B', 'C', 'D', 'A'], ['B', 'C', 'D', 'A']]","{'C': 5, 'D': 5, 'B': 3, 'A': 2}","[1.0, 1.0, 0.58]",3.7399999999999998
98,"[2, 4, 5]","[4, 4, 3]","[0.88, 0.88, 0.46]","[['C', 'B', 'D', 'A'], ['B', 'C', 'D', 'A'], ['B', 'D', 'C', 'A']]","{'C': 5, 'D': 5, 'B': 3, 'A': 2}","[1.0, 1.0, 0.58]",3.7399999999999998
98,"[2, 4, 5]","[4, 4, 3]","[0.88, 0.88, 0.46]","[['C', 'B', 'D', 'A'], ['B', 'C', 'D', 'A'], ['C', 'A', 'B', 'D']]","{'C': 5, 'D': 4, 'A': 3, 'B': 3}","[1.0, 1.0, 0.58]",4.08
98,"[2, 4, 5]","[4, 4, 3]","[0.88, 0.88, 0.46]","[['C', 'B', 'D', 'A'], ['B', 'C', 'D', 'A'], ['C', 'A', 'D', 'B']]","{'C': 5, 'D': 5, 'A': 3, 'B': 2}","[1.0, 1.0, 0.58]",4.08
98,"[2, 4, 5]","[4, 4, 3]","[0.88, 0.88, 0.46]","[['C', 'B', 'D', 'A'], ['B', 'C', 'D', 'A'], ['C', 'B', 'A', 'D']]","{'C': 5, 'D': 4, 'A': 3, 'B': 3}","[1.0, 1.0, 0.58]",4.08
98,"[2, 4, 5]","[4, 4, 3]","[0.88, 0.88, 0.46]","[['C', 'B', 'D', 'A'], ['B', 'C', 'D', 'A'], ['C', 'B', 'D', 'A']]","{'C': 5, 'D': 5, 'B': 3, 'A': 2}","[1.0, 1.0, 0.58]",3.7399999999999998
98,"[2, 4, 5]","[4, 4, 3]","[0.88, 0.88, 0.46]","[['C', 'B', 'D', 'A'], ['B', 'C', 'D', 'A'], ['C', 'D', 'A', 'B']]","{'C': 5, 'D': 5, 'A': 3, 'B': 2}","[1.0, 1.0, 0.58]",4.08
98,"[2, 4, 5]","[4, 4, 3]","[0.88, 0.88, 0.46]","[['C', 'B', 'D', 'A'], ['B', 'C', 'D', 'A'], ['C', 'D', 'B', 'A']]","{'C': 5, 'D': 5, 'B': 3, 'A': 2}","[1.0, 1.0, 0.58]",3.7399999999999998
98,"[2, 4, 5]","[4, 4, 3]","[0.88, 0.88, 0.46]","[['C', 'B', 'D', 'A'], ['B', 'C', 'D', 'A'], ['D', 'A', 'C', 'B']]","{'C': 5, 'D': 5, 'A': 3, 'B': 2}","[1.0, 1.0, 0.58]",4.08
98,"[2, 4, 5]","[4, 4, 3]","[0.88, 0.88, 0.46]","[['C', 'B', 'D', 'A'], ['B', 'C', 'D', 'A'], ['D', 'B', 'C', 'A']]","{'C': 5, 'D': 5, 'B': 3, 'A': 2}","[1.0, 1.0, 0.58]",3.7399999999999998
98,"[2, 4, 5]","[4, 4, 3]","[0.88, 0.88, 0.46]","[['C', 'B', 'D', 'A'], ['B', 'C', 'D', 'A'], ['D', 'C', 'A', 'B']]","{'C': 5, 'D': 5, 'A': 3, 'B': 2}","[1.0, 1.0, 0.58]",4.08
98,"[2, 4, 5]","[4, 4, 3]","[0.88, 0.88, 0.46]","[['C', 'B', 'D', 'A'], ['B', 'C', 'D', 'A'], ['D', 'C', 'B', 'A']]","{'C': 5, 'D': 5, 'B': 3, 'A': 2}","[1.0, 1.0, 0.58]",3.7399999999999998
98,"[2, 4, 5]","[4, 4, 3]","[0.88, 0.88, 0.46]","[['C', 'B', 'D', 'A'], ['B', 'D', 'C', 'A'], ['A', 'B', 'C', 'D']]","{'C': 5, 'D': 4, 'A': 3, 'B': 3}","[1.0, 1.0, 0.58]",4.08
98,"[2, 4, 5]","[4, 4, 3]","[0.88, 0.88, 0.46]","[['C', 'B', 'D', 'A'], ['B', 'D', 'C', 'A'], ['A', 'C', 'B', 'D']]","{'C': 5, 'D': 4, 'A': 3, 'B': 3}","[1.0, 1.0, 0.58]",4.08
98,"[2, 4, 5]","[4, 4, 3]","[0.88, 0.88, 0.46]","[['C', 'B', 'D', 'A'], ['B', 'D', 'C', 'A'], ['A', 'C', 'D', 'B']]","{'C': 5, 'D': 5, 'A': 3, 'B': 2}","[1.0, 1.0, 0.58]",4.08
98,"[2, 4, 5]","[4, 4, 3]","[0.88, 0.88, 0.46]","[['C', 'B', 'D', 'A'], ['B', 'D', 'C', 'A'], ['A', 'D', 'C', 'B']]","{'C': 5, 'D': 5, 'A': 3, 'B': 2}","[1.0, 1.0, 0.58]",4.08
98,"[2, 4, 5]","[4, 4, 3]","[0.88, 0.88, 0.46]","[['C', 'B', 'D', 'A'], ['B', 'D', 'C', 'A'], ['B', 'A', 'C', 'D']]","{'C': 5, 'D': 4, 'A': 3, 'B': 3}","[1.0, 1.0, 0.58]",4.08
98,"[2, 4, 5]","[4, 4, 3]","[0.88, 0.88, 0.46]","[['C', 'B', 'D', 'A'], ['B', 'D', 'C', 'A'], ['B', 'C', 'A', 'D']]","{'C': 5, 'D': 4, 'A': 3, 'B': 3}","[1.0, 1.0, 0.58]",4.08
98,"[2, 4, 5]","[4, 4, 3]","[0.88, 0.88, 0.46]","[['C', 'B', 'D', 'A'], ['B', 'D', 'C', 'A'], ['B', 'C', 'D', 'A']]","{'C': 5, 'D': 5, 'B': 3, 'A': 2}","[1.0, 1.0, 0.58]",3.7399999999999998
98,"[2, 4, 5]","[4, 4, 3]","[0.88, 0.88, 0.46]","[['C', 'B', 'D', 'A'], ['B', 'D', 'C', 'A'], ['B', 'D', 'C', 'A']]","{'C': 5, 'D': 5, 'B': 3, 'A': 2}","[1.0, 1.0, 0.58]",3.7399999999999998
98,"[2, 4, 5]","[4, 4, 3]","[0.88, 0.88, 0.46]","[['C', 'B', 'D', 'A'], ['B', 'D', 'C', 'A'], ['C', 'A', 'B', 'D']]","{'C': 5, 'D': 4, 'A': 3, 'B': 3}","[1.0, 1.0, 0.58]",4.08
98,"[2, 4, 5]","[4, 4, 3]","[0.88, 0.88, 0.46]","[['C', 'B', 'D', 'A'], ['B', 'D', 'C', 'A'], ['C', 'A', 'D', 'B']]","{'C': 5, 'D': 5, 'A': 3, 'B': 2}","[1.0, 1.0, 0.58]",4.08
98,"[2, 4, 5]","[4, 4, 3]","[0.88, 0.88, 0.46]","[['C', 'B', 'D', 'A'], ['B', 'D', 'C', 'A'], ['C', 'B', 'A', 'D']]","{'C': 5, 'D': 4, 'A': 3, 'B': 3}","[1.0, 1.0, 0.58]",4.08
98,"[2, 4, 5]","[4, 4, 3]","[0.88, 0.88, 0.46]","[['C', 'B', 'D', 'A'], ['B', 'D', 'C', 'A'], ['C', 'B', 'D', 'A']]","{'C': 5, 'D': 5, 'B': 3, 'A': 2}","[1.0, 1.0, 0.58]",3.7399999999999998
98,"[2, 4, 5]","[4, 4, 3]","[0.88, 0.88, 0.46]","[['C', 'B', 'D', 'A'], ['B', 'D', 'C', 'A'], ['C', 'D', 'A', 'B']]","{'C': 5, 'D': 5, 'A': 3, 'B': 2}","[1.0, 1.0, 0.58]",4.08
98,"[2, 4, 5]","[4, 4, 3]","[0.88, 0.88, 0.46]","[['C', 'B', 'D', 'A'], ['B', 'D', 'C', 'A'], ['C', 'D', 'B', 'A']]","{'C': 5, 'D': 5, 'B': 3, 'A': 2}","[1.0, 1.0, 0.58]",3.7399999999999998
98,"[2, 4, 5]","[4, 4, 3]","[0.88, 0.88, 0.46]","[['C', 'B', 'D', 'A'], ['B', 'D', 'C', 'A'], ['D', 'A', 'C', 'B']]","{'C': 5, 'D': 5, 'A': 3, 'B': 2}","[1.0, 1.0, 0.58]",4.08
98,"[2, 4, 5]","[4, 4, 3]","[0.88, 0.88, 0.46]","[['C', 'B', 'D', 'A'], ['B', 'D', 'C', 'A'], ['D', 'B', 'C', 'A']]","{'C': 5, 'D': 5, 'B': 3, 'A': 2}","[1.0, 1.0, 0.58]",3.7399999999999998
98,"[2, 4, 5]","[4, 4, 3]","[0.88, 0.88, 0.46]","[['C', 'B', 'D', 'A'], ['B', 'D', 'C', 'A'], ['D', 'C', 'A', 'B']]","{'C': 5, 'D': 5, 'A': 3, 'B': 2}","[1.0, 1.0, 0.58]",4.08
98,"[2, 4, 5]","[4, 4, 3]","[0.88, 0.88, 0.46]","[['C', 'B', 'D', 'A'], ['B', 'D', 'C', 'A'], ['D', 'C', 'B', 'A']]","{'C': 5, 'D': 5, 'B': 3, 'A': 2}","[1.0, 1.0, 0.58]",3.7399999999999998
98,"[2, 4, 5]","[4, 4, 3]","[0.88, 0.88, 0.46]","[['C', 'B', 'D', 'A'], ['C', 'A', 'B', 'D'], ['B', 'C', 'D', 'A']]","{'C': 5, 'D': 4, 'A': 3, 'B': 3}","[1.0, 1.0, 0.58]",4.08
98,"[2, 4, 5]","[4, 4, 3]","[0.88, 0.88, 0.46]","[['C', 'B', 'D', 'A'], ['C', 'A', 'B', 'D'], ['B', 'D', 'C', 'A']]","{'C': 5, 'D': 4, 'A': 3, 'B': 3}","[1.0, 1.0, 0.58]",4.08
98,"[2, 4, 5]","[4, 4, 3]","[0.88, 0.88, 0.46]","[['C', 'B', 'D', 'A'], ['C', 'A', 'B', 'D'], ['C', 'B', 'D', 'A']]","{'C': 5, 'D': 4, 'A': 3, 'B': 3}","[1.0, 1.0, 0.58]",4.08
98,"[2, 4, 5]","[4, 4, 3]","[0.88, 0.88, 0.46]","[['C', 'B', 'D', 'A'], ['C', 'A', 'B', 'D'], ['C', 'D', 'B', 'A']]","{'C': 5, 'D': 4, 'A': 3, 'B': 3}","[1.0, 1.0, 0.58]",4.08
98,"[2, 4, 5]","[4, 4, 3]","[0.88, 0.88, 0.46]","[['C', 'B', 'D', 'A'], ['C', 'A', 'B', 'D'], ['D', 'B', 'C', 'A']]","{'C': 5, 'D': 4, 'A': 3, 'B': 3}","[1.0, 1.0, 0.58]",4.08
98,"[2, 4, 5]","[4, 4, 3]","[0.88, 0.88, 0.46]","[['C', 'B', 'D', 'A'], ['C', 'A', 'B', 'D'], ['D', 'C', 'B', 'A']]","{'C': 5, 'D': 4, 'A': 3, 'B': 3}","[1.0, 1.0, 0.58]",4.08
98,"[2, 4, 5]","[4, 4, 3]","[0.88, 0.88, 0.46]","[['C', 'B', 'D', 'A'], ['C', 'A', 'D', 'B'], ['A', 'C', 'D', 'B']]","{'C': 5, 'D': 5, 'A': 4, 'B': 1}","[1.0, 1.0, 0.58]",4.08
98,"[2, 4, 5]","[4, 4, 3]","[0.88, 0.88, 0.46]","[['C', 'B', 'D', 'A'], ['C', 'A', 'D', 'B'], ['A', 'D', 'C', 'B']]","{'C': 5, 'D': 5, 'A': 4, 'B': 1}","[1.0, 1.0, 0.58]",4.08
98,"[2, 4, 5]","[4, 4, 3]","[0.88, 0.88, 0.46]","[['C', 'B', 'D', 'A'], ['C', 'A', 'D', 'B'], ['B', 'C', 'D', 'A']]","{'C': 5, 'D': 5, 'A': 3, 'B': 2}","[1.0, 1.0, 0.58]",4.08
98,"[2, 4, 5]","[4, 4, 3]","[0.88, 0.88, 0.46]","[['C', 'B', 'D', 'A'], ['C', 'A', 'D', 'B'], ['B', 'D', 'C', 'A']]","{'C': 5, 'D': 5, 'A': 3, 'B': 2}","[1.0, 1.0, 0.58]",4.08
98,"[2, 4, 5]","[4, 4, 3]","[0.88, 0.88, 0.46]","[['C', 'B', 'D', 'A'], ['C', 'A', 'D', 'B'], ['C', 'A', 'D', 'B']]","{'C': 5, 'D': 5, 'A': 4, 'B': 1}","[1.0, 1.0, 0.58]",4.08
98,"[2, 4, 5]","[4, 4, 3]","[0.88, 0.88, 0.46]","[['C', 'B', 'D', 'A'], ['C', 'A', 'D', 'B'], ['C', 'B', 'D', 'A']]","{'C': 5, 'D': 5, 'A': 3, 'B': 2}","[1.0, 1.0, 0.58]",4.08
98,"[2, 4, 5]","[4, 4, 3]","[0.88, 0.88, 0.46]","[['C', 'B', 'D', 'A'], ['C', 'A', 'D', 'B'], ['C', 'D', 'A', 'B']]","{'C': 5, 'D': 5, 'A': 4, 'B': 1}","[1.0, 1.0, 0.58]",4.08
98,"[2, 4, 5]","[4, 4, 3]","[0.88, 0.88, 0.46]","[['C', 'B', 'D', 'A'], ['C', 'A', 'D', 'B'], ['C', 'D', 'B', 'A']]","{'C': 5, 'D': 5, 'A': 3, 'B': 2}","[1.0, 1.0, 0.58]",4.08
98,"[2, 4, 5]","[4, 4, 3]","[0.88, 0.88, 0.46]","[['C', 'B', 'D', 'A'], ['C', 'A', 'D', 'B'], ['D', 'A', 'C', 'B']]","{'C': 5, 'D': 5, 'A': 4, 'B': 1}","[1.0, 1.0, 0.58]",4.08
98,"[2, 4, 5]","[4, 4, 3]","[0.88, 0.88, 0.46]","[['C', 'B', 'D', 'A'], ['C', 'A', 'D', 'B'], ['D', 'B', 'C', 'A']]","{'C': 5, 'D': 5, 'A': 3, 'B': 2}","[1.0, 1.0, 0.58]",4.08
98,"[2, 4, 5]","[4, 4, 3]","[0.88, 0.88, 0.46]","[['C', 'B', 'D', 'A'], ['C', 'A', 'D', 'B'], ['D', 'C', 'A', 'B']]","{'C': 5, 'D': 5, 'A': 4, 'B': 1}","[1.0, 1.0, 0.58]",4.08
98,"[2, 4, 5]","[4, 4, 3]","[0.88, 0.88, 0.46]","[['C', 'B', 'D', 'A'], ['C', 'A', 'D', 'B'], ['D', 'C', 'B', 'A']]","{'C': 5, 'D': 5, 'A': 3, 'B': 2}","[1.0, 1.0, 0.58]",4.08
98,"[2, 4, 5]","[4, 4, 3]","[0.88, 0.88, 0.46]","[['C', 'B', 'D', 'A'], ['C', 'B', 'A', 'D'], ['B', 'C', 'D', 'A']]","{'C': 5, 'D': 4, 'A': 3, 'B': 3}","[1.0, 1.0, 0.58]",4.08
98,"[2, 4, 5]","[4, 4, 3]","[0.88, 0.88, 0.46]","[['C', 'B', 'D', 'A'], ['C', 'B', 'A', 'D'], ['B', 'D', 'C', 'A']]","{'C': 5, 'D': 4, 'A': 3, 'B': 3}","[1.0, 1.0, 0.58]",4.08
98,"[2, 4, 5]","[4, 4, 3]","[0.88, 0.88, 0.46]","[['C', 'B', 'D', 'A'], ['C', 'B', 'A', 'D'], ['C', 'B', 'D', 'A']]","{'C': 5, 'D': 4, 'A': 3, 'B': 3}","[1.0, 1.0, 0.58]",4.08
98,"[2, 4, 5]","[4, 4, 3]","[0.88, 0.88, 0.46]","[['C', 'B', 'D', 'A'], ['C', 'B', 'A', 'D'], ['C', 'D', 'B', 'A']]","{'C': 5, 'D': 4, 'A': 3, 'B': 3}","[1.0, 1.0, 0.58]",4.08
98,"[2, 4, 5]","[4, 4, 3]","[0.88, 0.88, 0.46]","[['C', 'B', 'D', 'A'], ['C', 'B', 'A', 'D'], ['D', 'B', 'C', 'A']]","{'C': 5, 'D': 4, 'A': 3, 'B': 3}","[1.0, 1.0, 0.58]",4.08
98,"[2, 4, 5]","[4, 4, 3]","[0.88, 0.88, 0.46]","[['C', 'B', 'D', 'A'], ['C', 'B', 'A', 'D'], ['D', 'C', 'B', 'A']]","{'C': 5, 'D': 4, 'A': 3, 'B': 3}","[1.0, 1.0, 0.58]",4.08
98,"[2, 4, 5]","[4, 4, 3]","[0.88, 0.88, 0.46]","[['C', 'B', 'D', 'A'], ['C', 'B', 'D', 'A'], ['A', 'B', 'C', 'D']]","{'C': 5, 'D': 4, 'A': 3, 'B': 3}","[1.0, 1.0, 0.58]",4.08
98,"[2, 4, 5]","[4, 4, 3]","[0.88, 0.88, 0.46]","[['C', 'B', 'D', 'A'], ['C', 'B', 'D', 'A'], ['A', 'C', 'B', 'D']]","{'C': 5, 'D': 4, 'A': 3, 'B': 3}","[1.0, 1.0, 0.58]",4.08
98,"[2, 4, 5]","[4, 4, 3]","[0.88, 0.88, 0.46]","[['C', 'B', 'D', 'A'], ['C', 'B', 'D', 'A'], ['A', 'C', 'D', 'B']]","{'C': 5, 'D': 5, 'A': 3, 'B': 2}","[1.0, 1.0, 0.58]",4.08
98,"[2, 4, 5]","[4, 4, 3]","[0.88, 0.88, 0.46]","[['C', 'B', 'D', 'A'], ['C', 'B', 'D', 'A'], ['A', 'D', 'C', 'B']]","{'C': 5, 'D': 5, 'A': 3, 'B': 2}","[1.0, 1.0, 0.58]",4.08
98,"[2, 4, 5]","[4, 4, 3]","[0.88, 0.88, 0.46]","[['C', 'B', 'D', 'A'], ['C', 'B', 'D', 'A'], ['B', 'A', 'C', 'D']]","{'C': 5, 'D': 4, 'A': 3, 'B': 3}","[1.0, 1.0, 0.58]",4.08
98,"[2, 4, 5]","[4, 4, 3]","[0.88, 0.88, 0.46]","[['C', 'B', 'D', 'A'], ['C', 'B', 'D', 'A'], ['B', 'C', 'A', 'D']]","{'C': 5, 'D': 4, 'A': 3, 'B': 3}","[1.0, 1.0, 0.58]",4.08
98,"[2, 4, 5]","[4, 4, 3]","[0.88, 0.88, 0.46]","[['C', 'B', 'D', 'A'], ['C', 'B', 'D', 'A'], ['B', 'C', 'D', 'A']]","{'C': 5, 'D': 5, 'B': 3, 'A': 2}","[1.0, 1.0, 0.58]",3.7399999999999998
98,"[2, 4, 5]","[4, 4, 3]","[0.88, 0.88, 0.46]","[['C', 'B', 'D', 'A'], ['C', 'B', 'D', 'A'], ['B', 'D', 'C', 'A']]","{'C': 5, 'D': 5, 'B': 3, 'A': 2}","[1.0, 1.0, 0.58]",3.7399999999999998
98,"[2, 4, 5]","[4, 4, 3]","[0.88, 0.88, 0.46]","[['C', 'B', 'D', 'A'], ['C', 'B', 'D', 'A'], ['C', 'A', 'B', 'D']]","{'C': 5, 'D': 4, 'A': 3, 'B': 3}","[1.0, 1.0, 0.58]",4.08
98,"[2, 4, 5]","[4, 4, 3]","[0.88, 0.88, 0.46]","[['C', 'B', 'D', 'A'], ['C', 'B', 'D', 'A'], ['C', 'A', 'D', 'B']]","{'C': 5, 'D': 5, 'A': 3, 'B': 2}","[1.0, 1.0, 0.58]",4.08
98,"[2, 4, 5]","[4, 4, 3]","[0.88, 0.88, 0.46]","[['C', 'B', 'D', 'A'], ['C', 'B', 'D', 'A'], ['C', 'B', 'A', 'D']]","{'C': 5, 'D': 4, 'A': 3, 'B': 3}","[1.0, 1.0, 0.58]",4.08
98,"[2, 4, 5]","[4, 4, 3]","[0.88, 0.88, 0.46]","[['C', 'B', 'D', 'A'], ['C', 'B', 'D', 'A'], ['C', 'B', 'D', 'A']]","{'C': 5, 'D': 5, 'B': 3, 'A': 2}","[1.0, 1.0, 0.58]",3.7399999999999998
98,"[2, 4, 5]","[4, 4, 3]","[0.88, 0.88, 0.46]","[['C', 'B', 'D', 'A'], ['C', 'B', 'D', 'A'], ['C', 'D', 'A', 'B']]","{'C': 5, 'D': 5, 'A': 3, 'B': 2}","[1.0, 1.0, 0.58]",4.08
98,"[2, 4, 5]","[4, 4, 3]","[0.88, 0.88, 0.46]","[['C', 'B', 'D', 'A'], ['C', 'B', 'D', 'A'], ['C', 'D', 'B', 'A']]","{'C': 5, 'D': 5, 'B': 3, 'A': 2}","[1.0, 1.0, 0.58]",3.7399999999999998
98,"[2, 4, 5]","[4, 4, 3]","[0.88, 0.88, 0.46]","[['C', 'B', 'D', 'A'], ['C', 'B', 'D', 'A'], ['D', 'A', 'C', 'B']]","{'C': 5, 'D': 5, 'A': 3, 'B': 2}","[1.0, 1.0, 0.58]",4.08
98,"[2, 4, 5]","[4, 4, 3]","[0.88, 0.88, 0.46]","[['C', 'B', 'D', 'A'], ['C', 'B', 'D', 'A'], ['D', 'B', 'C', 'A']]","{'C': 5, 'D': 5, 'B': 3, 'A': 2}","[1.0, 1.0, 0.58]",3.7399999999999998
98,"[2, 4, 5]","[4, 4, 3]","[0.88, 0.88, 0.46]","[['C', 'B', 'D', 'A'], ['C', 'B', 'D', 'A'], ['D', 'C', 'A', 'B']]","{'C': 5, 'D': 5, 'A': 3, 'B': 2}","[1.0, 1.0, 0.58]",4.08
98,"[2, 4, 5]","[4, 4, 3]","[0.88, 0.88, 0.46]","[['C', 'B', 'D', 'A'], ['C', 'B', 'D', 'A'], ['D', 'C', 'B', 'A']]","{'C': 5, 'D': 5, 'B': 3, 'A': 2}","[1.0, 1.0, 0.58]",3.7399999999999998
98,"[2, 4, 5]","[4, 4, 3]","[0.88, 0.88, 0.46]","[['C', 'B', 'D', 'A'], ['C', 'D', 'A', 'B'], ['A', 'C', 'D', 'B']]","{'C': 5, 'D': 5, 'A': 4, 'B': 1}","[1.0, 1.0, 0.58]",4.08
98,"[2, 4, 5]","[4, 4, 3]","[0.88, 0.88, 0.46]","[['C', 'B', 'D', 'A'], ['C', 'D', 'A', 'B'], ['A', 'D', 'C', 'B']]","{'C': 5, 'D': 5, 'A': 4, 'B': 1}","[1.0, 1.0, 0.58]",4.08
98,"[2, 4, 5]","[4, 4, 3]","[0.88, 0.88, 0.46]","[['C', 'B', 'D', 'A'], ['C', 'D', 'A', 'B'], ['B', 'C', 'D', 'A']]","{'C': 5, 'D': 5, 'A': 3, 'B': 2}","[1.0, 1.0, 0.58]",4.08
98,"[2, 4, 5]","[4, 4, 3]","[0.88, 0.88, 0.46]","[['C', 'B', 'D', 'A'], ['C', 'D', 'A', 'B'], ['B', 'D', 'C', 'A']]","{'C': 5, 'D': 5, 'A': 3, 'B': 2}","[1.0, 1.0, 0.58]",4.08
98,"[2, 4, 5]","[4, 4, 3]","[0.88, 0.88, 0.46]","[['C', 'B', 'D', 'A'], ['C', 'D', 'A', 'B'], ['C', 'A', 'D', 'B']]","{'C': 5, 'D': 5, 'A': 4, 'B': 1}","[1.0, 1.0, 0.58]",4.08
98,"[2, 4, 5]","[4, 4, 3]","[0.88, 0.88, 0.46]","[['C', 'B', 'D', 'A'], ['C', 'D', 'A', 'B'], ['C', 'B', 'D', 'A']]","{'C': 5, 'D': 5, 'A': 3, 'B': 2}","[1.0, 1.0, 0.58]",4.08
98,"[2, 4, 5]","[4, 4, 3]","[0.88, 0.88, 0.46]","[['C', 'B', 'D', 'A'], ['C', 'D', 'A', 'B'], ['C', 'D', 'A', 'B']]","{'C': 5, 'D': 5, 'A': 4, 'B': 1}","[1.0, 1.0, 0.58]",4.08
98,"[2, 4, 5]","[4, 4, 3]","[0.88, 0.88, 0.46]","[['C', 'B', 'D', 'A'], ['C', 'D', 'A', 'B'], ['C', 'D', 'B', 'A']]","{'C': 5, 'D': 5, 'A': 3, 'B': 2}","[1.0, 1.0, 0.58]",4.08
98,"[2, 4, 5]","[4, 4, 3]","[0.88, 0.88, 0.46]","[['C', 'B', 'D', 'A'], ['C', 'D', 'A', 'B'], ['D', 'A', 'C', 'B']]","{'C': 5, 'D': 5, 'A': 4, 'B': 1}","[1.0, 1.0, 0.58]",4.08
98,"[2, 4, 5]","[4, 4, 3]","[0.88, 0.88, 0.46]","[['C', 'B', 'D', 'A'], ['C', 'D', 'A', 'B'], ['D', 'B', 'C', 'A']]","{'C': 5, 'D': 5, 'A': 3, 'B': 2}","[1.0, 1.0, 0.58]",4.08
98,"[2, 4, 5]","[4, 4, 3]","[0.88, 0.88, 0.46]","[['C', 'B', 'D', 'A'], ['C', 'D', 'A', 'B'], ['D', 'C', 'A', 'B']]","{'C': 5, 'D': 5, 'A': 4, 'B': 1}","[1.0, 1.0, 0.58]",4.08
98,"[2, 4, 5]","[4, 4, 3]","[0.88, 0.88, 0.46]","[['C', 'B', 'D', 'A'], ['C', 'D', 'A', 'B'], ['D', 'C', 'B', 'A']]","{'C': 5, 'D': 5, 'A': 3, 'B': 2}","[1.0, 1.0, 0.58]",4.08
98,"[2, 4, 5]","[4, 4, 3]","[0.88, 0.88, 0.46]","[['C', 'B', 'D', 'A'], ['C', 'D', 'B', 'A'], ['A', 'B', 'C', 'D']]","{'C': 5, 'D': 4, 'A': 3, 'B': 3}","[1.0, 1.0, 0.58]",4.08
98,"[2, 4, 5]","[4, 4, 3]","[0.88, 0.88, 0.46]","[['C', 'B', 'D', 'A'], ['C', 'D', 'B', 'A'], ['A', 'C', 'B', 'D']]","{'C': 5, 'D': 4, 'A': 3, 'B': 3}","[1.0, 1.0, 0.58]",4.08
98,"[2, 4, 5]","[4, 4, 3]","[0.88, 0.88, 0.46]","[['C', 'B', 'D', 'A'], ['C', 'D', 'B', 'A'], ['A', 'C', 'D', 'B']]","{'C': 5, 'D': 5, 'A': 3, 'B': 2}","[1.0, 1.0, 0.58]",4.08
98,"[2, 4, 5]","[4, 4, 3]","[0.88, 0.88, 0.46]","[['C', 'B', 'D', 'A'], ['C', 'D', 'B', 'A'], ['A', 'D', 'C', 'B']]","{'C': 5, 'D': 5, 'A': 3, 'B': 2}","[1.0, 1.0, 0.58]",4.08
98,"[2, 4, 5]","[4, 4, 3]","[0.88, 0.88, 0.46]","[['C', 'B', 'D', 'A'], ['C', 'D', 'B', 'A'], ['B', 'A', 'C', 'D']]","{'C': 5, 'D': 4, 'A': 3, 'B': 3}","[1.0, 1.0, 0.58]",4.08
98,"[2, 4, 5]","[4, 4, 3]","[0.88, 0.88, 0.46]","[['C', 'B', 'D', 'A'], ['C', 'D', 'B', 'A'], ['B', 'C', 'A', 'D']]","{'C': 5, 'D': 4, 'A': 3, 'B': 3}","[1.0, 1.0, 0.58]",4.08
98,"[2, 4, 5]","[4, 4, 3]","[0.88, 0.88, 0.46]","[['C', 'B', 'D', 'A'], ['C', 'D', 'B', 'A'], ['B', 'C', 'D', 'A']]","{'C': 5, 'D': 5, 'B': 3, 'A': 2}","[1.0, 1.0, 0.58]",3.7399999999999998
98,"[2, 4, 5]","[4, 4, 3]","[0.88, 0.88, 0.46]","[['C', 'B', 'D', 'A'], ['C', 'D', 'B', 'A'], ['B', 'D', 'C', 'A']]","{'C': 5, 'D': 5, 'B': 3, 'A': 2}","[1.0, 1.0, 0.58]",3.7399999999999998
98,"[2, 4, 5]","[4, 4, 3]","[0.88, 0.88, 0.46]","[['C', 'B', 'D', 'A'], ['C', 'D', 'B', 'A'], ['C', 'A', 'B', 'D']]","{'C': 5, 'D': 4, 'A': 3, 'B': 3}","[1.0, 1.0, 0.58]",4.08
98,"[2, 4, 5]","[4, 4, 3]","[0.88, 0.88, 0.46]","[['C', 'B', 'D', 'A'], ['C', 'D', 'B', 'A'], ['C', 'A', 'D', 'B']]","{'C': 5, 'D': 5, 'A': 3, 'B': 2}","[1.0, 1.0, 0.58]",4.08
98,"[2, 4, 5]","[4, 4, 3]","[0.88, 0.88, 0.46]","[['C', 'B', 'D', 'A'], ['C', 'D', 'B', 'A'], ['C', 'B', 'A', 'D']]","{'C': 5, 'D': 4, 'A': 3, 'B': 3}","[1.0, 1.0, 0.58]",4.08
98,"[2, 4, 5]","[4, 4, 3]","[0.88, 0.88, 0.46]","[['C', 'B', 'D', 'A'], ['C', 'D', 'B', 'A'], ['C', 'B', 'D', 'A']]","{'C': 5, 'D': 5, 'B': 3, 'A': 2}","[1.0, 1.0, 0.58]",3.7399999999999998
98,"[2, 4, 5]","[4, 4, 3]","[0.88, 0.88, 0.46]","[['C', 'B', 'D', 'A'], ['C', 'D', 'B', 'A'], ['C', 'D', 'A', 'B']]","{'C': 5, 'D': 5, 'A': 3, 'B': 2}","[1.0, 1.0, 0.58]",4.08
98,"[2, 4, 5]","[4, 4, 3]","[0.88, 0.88, 0.46]","[['C', 'B', 'D', 'A'], ['C', 'D', 'B', 'A'], ['C', 'D', 'B', 'A']]","{'C': 5, 'D': 5, 'B': 3, 'A': 2}","[1.0, 1.0, 0.58]",3.7399999999999998
98,"[2, 4, 5]","[4, 4, 3]","[0.88, 0.88, 0.46]","[['C', 'B', 'D', 'A'], ['C', 'D', 'B', 'A'], ['D', 'A', 'C', 'B']]","{'C': 5, 'D': 5, 'A': 3, 'B': 2}","[1.0, 1.0, 0.58]",4.08
98,"[2, 4, 5]","[4, 4, 3]","[0.88, 0.88, 0.46]","[['C', 'B', 'D', 'A'], ['C', 'D', 'B', 'A'], ['D', 'B', 'C', 'A']]","{'C': 5, 'D': 5, 'B': 3, 'A': 2}","[1.0, 1.0, 0.58]",3.7399999999999998
98,"[2, 4, 5]","[4, 4, 3]","[0.88, 0.88, 0.46]","[['C', 'B', 'D', 'A'], ['C', 'D', 'B', 'A'], ['D', 'C', 'A', 'B']]","{'C': 5, 'D': 5, 'A': 3, 'B': 2}","[1.0, 1.0, 0.58]",4.08
98,"[2, 4, 5]","[4, 4, 3]","[0.88, 0.88, 0.46]","[['C', 'B', 'D', 'A'], ['C', 'D', 'B', 'A'], ['D', 'C', 'B', 'A']]","{'C': 5, 'D': 5, 'B': 3, 'A': 2}","[1.0, 1.0, 0.58]",3.7399999999999998
98,"[2, 4, 5]","[4, 4, 3]","[0.88, 0.88, 0.46]","[['C', 'B', 'D', 'A'], ['D', 'A', 'C', 'B'], ['A', 'C', 'D', 'B']]","{'C': 5, 'D': 5, 'A': 4, 'B': 1}","[1.0, 1.0, 0.58]",4.08
98,"[2, 4, 5]","[4, 4, 3]","[0.88, 0.88, 0.46]","[['C', 'B', 'D', 'A'], ['D', 'A', 'C', 'B'], ['A', 'D', 'C', 'B']]","{'C': 5, 'D': 5, 'A': 4, 'B': 1}","[1.0, 1.0, 0.58]",4.08
98,"[2, 4, 5]","[4, 4, 3]","[0.88, 0.88, 0.46]","[['C', 'B', 'D', 'A'], ['D', 'A', 'C', 'B'], ['B', 'C', 'D', 'A']]","{'C': 5, 'D': 5, 'A': 3, 'B': 2}","[1.0, 1.0, 0.58]",4.08
98,"[2, 4, 5]","[4, 4, 3]","[0.88, 0.88, 0.46]","[['C', 'B', 'D', 'A'], ['D', 'A', 'C', 'B'], ['B', 'D', 'C', 'A']]","{'C': 5, 'D': 5, 'A': 3, 'B': 2}","[1.0, 1.0, 0.58]",4.08
98,"[2, 4, 5]","[4, 4, 3]","[0.88, 0.88, 0.46]","[['C', 'B', 'D', 'A'], ['D', 'A', 'C', 'B'], ['C', 'A', 'D', 'B']]","{'C': 5, 'D': 5, 'A': 4, 'B': 1}","[1.0, 1.0, 0.58]",4.08
98,"[2, 4, 5]","[4, 4, 3]","[0.88, 0.88, 0.46]","[['C', 'B', 'D', 'A'], ['D', 'A', 'C', 'B'], ['C', 'B', 'D', 'A']]","{'C': 5, 'D': 5, 'A': 3, 'B': 2}","[1.0, 1.0, 0.58]",4.08
98,"[2, 4, 5]","[4, 4, 3]","[0.88, 0.88, 0.46]","[['C', 'B', 'D', 'A'], ['D', 'A', 'C', 'B'], ['C', 'D', 'A', 'B']]","{'C': 5, 'D': 5, 'A': 4, 'B': 1}","[1.0, 1.0, 0.58]",4.08
98,"[2, 4, 5]","[4, 4, 3]","[0.88, 0.88, 0.46]","[['C', 'B', 'D', 'A'], ['D', 'A', 'C', 'B'], ['C', 'D', 'B', 'A']]","{'C': 5, 'D': 5, 'A': 3, 'B': 2}","[1.0, 1.0, 0.58]",4.08
98,"[2, 4, 5]","[4, 4, 3]","[0.88, 0.88, 0.46]","[['C', 'B', 'D', 'A'], ['D', 'A', 'C', 'B'], ['D', 'A', 'C', 'B']]","{'C': 5, 'D': 5, 'A': 4, 'B': 1}","[1.0, 1.0, 0.58]",4.08
98,"[2, 4, 5]","[4, 4, 3]","[0.88, 0.88, 0.46]","[['C', 'B', 'D', 'A'], ['D', 'A', 'C', 'B'], ['D', 'B', 'C', 'A']]","{'C': 5, 'D': 5, 'A': 3, 'B': 2}","[1.0, 1.0, 0.58]",4.08
98,"[2, 4, 5]","[4, 4, 3]","[0.88, 0.88, 0.46]","[['C', 'B', 'D', 'A'], ['D', 'A', 'C', 'B'], ['D', 'C', 'A', 'B']]","{'C': 5, 'D': 5, 'A': 4, 'B': 1}","[1.0, 1.0, 0.58]",4.08
98,"[2, 4, 5]","[4, 4, 3]","[0.88, 0.88, 0.46]","[['C', 'B', 'D', 'A'], ['D', 'A', 'C', 'B'], ['D', 'C', 'B', 'A']]","{'C': 5, 'D': 5, 'A': 3, 'B': 2}","[1.0, 1.0, 0.58]",4.08
98,"[2, 4, 5]","[4, 4, 3]","[0.88, 0.88, 0.46]","[['C', 'B', 'D', 'A'], ['D', 'B', 'C', 'A'], ['A', 'B', 'C', 'D']]","{'C': 5, 'D': 4, 'A': 3, 'B': 3}","[1.0, 1.0, 0.58]",4.08
98,"[2, 4, 5]","[4, 4, 3]","[0.88, 0.88, 0.46]","[['C', 'B', 'D', 'A'], ['D', 'B', 'C', 'A'], ['A', 'C', 'B', 'D']]","{'C': 5, 'D': 4, 'A': 3, 'B': 3}","[1.0, 1.0, 0.58]",4.08
98,"[2, 4, 5]","[4, 4, 3]","[0.88, 0.88, 0.46]","[['C', 'B', 'D', 'A'], ['D', 'B', 'C', 'A'], ['A', 'C', 'D', 'B']]","{'C': 5, 'D': 5, 'A': 3, 'B': 2}","[1.0, 1.0, 0.58]",4.08
98,"[2, 4, 5]","[4, 4, 3]","[0.88, 0.88, 0.46]","[['C', 'B', 'D', 'A'], ['D', 'B', 'C', 'A'], ['A', 'D', 'C', 'B']]","{'C': 5, 'D': 5, 'A': 3, 'B': 2}","[1.0, 1.0, 0.58]",4.08
98,"[2, 4, 5]","[4, 4, 3]","[0.88, 0.88, 0.46]","[['C', 'B', 'D', 'A'], ['D', 'B', 'C', 'A'], ['B', 'A', 'C', 'D']]","{'C': 5, 'D': 4, 'A': 3, 'B': 3}","[1.0, 1.0, 0.58]",4.08
98,"[2, 4, 5]","[4, 4, 3]","[0.88, 0.88, 0.46]","[['C', 'B', 'D', 'A'], ['D', 'B', 'C', 'A'], ['B', 'C', 'A', 'D']]","{'C': 5, 'D': 4, 'A': 3, 'B': 3}","[1.0, 1.0, 0.58]",4.08
98,"[2, 4, 5]","[4, 4, 3]","[0.88, 0.88, 0.46]","[['C', 'B', 'D', 'A'], ['D', 'B', 'C', 'A'], ['B', 'C', 'D', 'A']]","{'C': 5, 'D': 5, 'B': 3, 'A': 2}","[1.0, 1.0, 0.58]",3.7399999999999998
98,"[2, 4, 5]","[4, 4, 3]","[0.88, 0.88, 0.46]","[['C', 'B', 'D', 'A'], ['D', 'B', 'C', 'A'], ['B', 'D', 'C', 'A']]","{'C': 5, 'D': 5, 'B': 3, 'A': 2}","[1.0, 1.0, 0.58]",3.7399999999999998
98,"[2, 4, 5]","[4, 4, 3]","[0.88, 0.88, 0.46]","[['C', 'B', 'D', 'A'], ['D', 'B', 'C', 'A'], ['C', 'A', 'B', 'D']]","{'C': 5, 'D': 4, 'A': 3, 'B': 3}","[1.0, 1.0, 0.58]",4.08
98,"[2, 4, 5]","[4, 4, 3]","[0.88, 0.88, 0.46]","[['C', 'B', 'D', 'A'], ['D', 'B', 'C', 'A'], ['C', 'A', 'D', 'B']]","{'C': 5, 'D': 5, 'A': 3, 'B': 2}","[1.0, 1.0, 0.58]",4.08
98,"[2, 4, 5]","[4, 4, 3]","[0.88, 0.88, 0.46]","[['C', 'B', 'D', 'A'], ['D', 'B', 'C', 'A'], ['C', 'B', 'A', 'D']]","{'C': 5, 'D': 4, 'A': 3, 'B': 3}","[1.0, 1.0, 0.58]",4.08
98,"[2, 4, 5]","[4, 4, 3]","[0.88, 0.88, 0.46]","[['C', 'B', 'D', 'A'], ['D', 'B', 'C', 'A'], ['C', 'B', 'D', 'A']]","{'C': 5, 'D': 5, 'B': 3, 'A': 2}","[1.0, 1.0, 0.58]",3.7399999999999998
98,"[2, 4, 5]","[4, 4, 3]","[0.88, 0.88, 0.46]","[['C', 'B', 'D', 'A'], ['D', 'B', 'C', 'A'], ['C', 'D', 'A', 'B']]","{'C': 5, 'D': 5, 'A': 3, 'B': 2}","[1.0, 1.0, 0.58]",4.08
98,"[2, 4, 5]","[4, 4, 3]","[0.88, 0.88, 0.46]","[['C', 'B', 'D', 'A'], ['D', 'B', 'C', 'A'], ['C', 'D', 'B', 'A']]","{'C': 5, 'D': 5, 'B': 3, 'A': 2}","[1.0, 1.0, 0.58]",3.7399999999999998
98,"[2, 4, 5]","[4, 4, 3]","[0.88, 0.88, 0.46]","[['C', 'B', 'D', 'A'], ['D', 'B', 'C', 'A'], ['D', 'A', 'C', 'B']]","{'C': 5, 'D': 5, 'A': 3, 'B': 2}","[1.0, 1.0, 0.58]",4.08
98,"[2, 4, 5]","[4, 4, 3]","[0.88, 0.88, 0.46]","[['C', 'B', 'D', 'A'], ['D', 'B', 'C', 'A'], ['D', 'B', 'C', 'A']]","{'C': 5, 'D': 5, 'B': 3, 'A': 2}","[1.0, 1.0, 0.58]",3.7399999999999998
98,"[2, 4, 5]","[4, 4, 3]","[0.88, 0.88, 0.46]","[['C', 'B', 'D', 'A'], ['D', 'B', 'C', 'A'], ['D', 'C', 'A', 'B']]","{'C': 5, 'D': 5, 'A': 3, 'B': 2}","[1.0, 1.0, 0.58]",4.08
98,"[2, 4, 5]","[4, 4, 3]","[0.88, 0.88, 0.46]","[['C', 'B', 'D', 'A'], ['D', 'B', 'C', 'A'], ['D', 'C', 'B', 'A']]","{'C': 5, 'D': 5, 'B': 3, 'A': 2}","[1.0, 1.0, 0.58]",3.7399999999999998
98,"[2, 4, 5]","[4, 4, 3]","[0.88, 0.88, 0.46]","[['C', 'B', 'D', 'A'], ['D', 'C', 'A', 'B'], ['A', 'C', 'D', 'B']]","{'C': 5, 'D': 5, 'A': 4, 'B': 1}","[1.0, 1.0, 0.58]",4.08
98,"[2, 4, 5]","[4, 4, 3]","[0.88, 0.88, 0.46]","[['C', 'B', 'D', 'A'], ['D', 'C', 'A', 'B'], ['A', 'D', 'C', 'B']]","{'C': 5, 'D': 5, 'A': 4, 'B': 1}","[1.0, 1.0, 0.58]",4.08
98,"[2, 4, 5]","[4, 4, 3]","[0.88, 0.88, 0.46]","[['C', 'B', 'D', 'A'], ['D', 'C', 'A', 'B'], ['B', 'C', 'D', 'A']]","{'C': 5, 'D': 5, 'A': 3, 'B': 2}","[1.0, 1.0, 0.58]",4.08
98,"[2, 4, 5]","[4, 4, 3]","[0.88, 0.88, 0.46]","[['C', 'B', 'D', 'A'], ['D', 'C', 'A', 'B'], ['B', 'D', 'C', 'A']]","{'C': 5, 'D': 5, 'A': 3, 'B': 2}","[1.0, 1.0, 0.58]",4.08
98,"[2, 4, 5]","[4, 4, 3]","[0.88, 0.88, 0.46]","[['C', 'B', 'D', 'A'], ['D', 'C', 'A', 'B'], ['C', 'A', 'D', 'B']]","{'C': 5, 'D': 5, 'A': 4, 'B': 1}","[1.0, 1.0, 0.58]",4.08
98,"[2, 4, 5]","[4, 4, 3]","[0.88, 0.88, 0.46]","[['C', 'B', 'D', 'A'], ['D', 'C', 'A', 'B'], ['C', 'B', 'D', 'A']]","{'C': 5, 'D': 5, 'A': 3, 'B': 2}","[1.0, 1.0, 0.58]",4.08
98,"[2, 4, 5]","[4, 4, 3]","[0.88, 0.88, 0.46]","[['C', 'B', 'D', 'A'], ['D', 'C', 'A', 'B'], ['C', 'D', 'A', 'B']]","{'C': 5, 'D': 5, 'A': 4, 'B': 1}","[1.0, 1.0, 0.58]",4.08
98,"[2, 4, 5]","[4, 4, 3]","[0.88, 0.88, 0.46]","[['C', 'B', 'D', 'A'], ['D', 'C', 'A', 'B'], ['C', 'D', 'B', 'A']]","{'C': 5, 'D': 5, 'A': 3, 'B': 2}","[1.0, 1.0, 0.58]",4.08
98,"[2, 4, 5]","[4, 4, 3]","[0.88, 0.88, 0.46]","[['C', 'B', 'D', 'A'], ['D', 'C', 'A', 'B'], ['D', 'A', 'C', 'B']]","{'C': 5, 'D': 5, 'A': 4, 'B': 1}","[1.0, 1.0, 0.58]",4.08
98,"[2, 4, 5]","[4, 4, 3]","[0.88, 0.88, 0.46]","[['C', 'B', 'D', 'A'], ['D', 'C', 'A', 'B'], ['D', 'B', 'C', 'A']]","{'C': 5, 'D': 5, 'A': 3, 'B': 2}","[1.0, 1.0, 0.58]",4.08
98,"[2, 4, 5]","[4, 4, 3]","[0.88, 0.88, 0.46]","[['C', 'B', 'D', 'A'], ['D', 'C', 'A', 'B'], ['D', 'C', 'A', 'B']]","{'C': 5, 'D': 5, 'A': 4, 'B': 1}","[1.0, 1.0, 0.58]",4.08
98,"[2, 4, 5]","[4, 4, 3]","[0.88, 0.88, 0.46]","[['C', 'B', 'D', 'A'], ['D', 'C', 'A', 'B'], ['D', 'C', 'B', 'A']]","{'C': 5, 'D': 5, 'A': 3, 'B': 2}","[1.0, 1.0, 0.58]",4.08
98,"[2, 4, 5]","[4, 4, 3]","[0.88, 0.88, 0.46]","[['C', 'B', 'D', 'A'], ['D', 'C', 'B', 'A'], ['A', 'B', 'C', 'D']]","{'C': 5, 'D': 4, 'A': 3, 'B': 3}","[1.0, 1.0, 0.58]",4.08
98,"[2, 4, 5]","[4, 4, 3]","[0.88, 0.88, 0.46]","[['C', 'B', 'D', 'A'], ['D', 'C', 'B', 'A'], ['A', 'C', 'B', 'D']]","{'C': 5, 'D': 4, 'A': 3, 'B': 3}","[1.0, 1.0, 0.58]",4.08
98,"[2, 4, 5]","[4, 4, 3]","[0.88, 0.88, 0.46]","[['C', 'B', 'D', 'A'], ['D', 'C', 'B', 'A'], ['A', 'C', 'D', 'B']]","{'C': 5, 'D': 5, 'A': 3, 'B': 2}","[1.0, 1.0, 0.58]",4.08
98,"[2, 4, 5]","[4, 4, 3]","[0.88, 0.88, 0.46]","[['C', 'B', 'D', 'A'], ['D', 'C', 'B', 'A'], ['A', 'D', 'C', 'B']]","{'C': 5, 'D': 5, 'A': 3, 'B': 2}","[1.0, 1.0, 0.58]",4.08
98,"[2, 4, 5]","[4, 4, 3]","[0.88, 0.88, 0.46]","[['C', 'B', 'D', 'A'], ['D', 'C', 'B', 'A'], ['B', 'A', 'C', 'D']]","{'C': 5, 'D': 4, 'A': 3, 'B': 3}","[1.0, 1.0, 0.58]",4.08
98,"[2, 4, 5]","[4, 4, 3]","[0.88, 0.88, 0.46]","[['C', 'B', 'D', 'A'], ['D', 'C', 'B', 'A'], ['B', 'C', 'A', 'D']]","{'C': 5, 'D': 4, 'A': 3, 'B': 3}","[1.0, 1.0, 0.58]",4.08
98,"[2, 4, 5]","[4, 4, 3]","[0.88, 0.88, 0.46]","[['C', 'B', 'D', 'A'], ['D', 'C', 'B', 'A'], ['B', 'C', 'D', 'A']]","{'C': 5, 'D': 5, 'B': 3, 'A': 2}","[1.0, 1.0, 0.58]",3.7399999999999998
98,"[2, 4, 5]","[4, 4, 3]","[0.88, 0.88, 0.46]","[['C', 'B', 'D', 'A'], ['D', 'C', 'B', 'A'], ['B', 'D', 'C', 'A']]","{'C': 5, 'D': 5, 'B': 3, 'A': 2}","[1.0, 1.0, 0.58]",3.7399999999999998
98,"[2, 4, 5]","[4, 4, 3]","[0.88, 0.88, 0.46]","[['C', 'B', 'D', 'A'], ['D', 'C', 'B', 'A'], ['C', 'A', 'B', 'D']]","{'C': 5, 'D': 4, 'A': 3, 'B': 3}","[1.0, 1.0, 0.58]",4.08
98,"[2, 4, 5]","[4, 4, 3]","[0.88, 0.88, 0.46]","[['C', 'B', 'D', 'A'], ['D', 'C', 'B', 'A'], ['C', 'A', 'D', 'B']]","{'C': 5, 'D': 5, 'A': 3, 'B': 2}","[1.0, 1.0, 0.58]",4.08
98,"[2, 4, 5]","[4, 4, 3]","[0.88, 0.88, 0.46]","[['C', 'B', 'D', 'A'], ['D', 'C', 'B', 'A'], ['C', 'B', 'A', 'D']]","{'C': 5, 'D': 4, 'A': 3, 'B': 3}","[1.0, 1.0, 0.58]",4.08
98,"[2, 4, 5]","[4, 4, 3]","[0.88, 0.88, 0.46]","[['C', 'B', 'D', 'A'], ['D', 'C', 'B', 'A'], ['C', 'B', 'D', 'A']]","{'C': 5, 'D': 5, 'B': 3, 'A': 2}","[1.0, 1.0, 0.58]",3.7399999999999998
98,"[2, 4, 5]","[4, 4, 3]","[0.88, 0.88, 0.46]","[['C', 'B', 'D', 'A'], ['D', 'C', 'B', 'A'], ['C', 'D', 'A', 'B']]","{'C': 5, 'D': 5, 'A': 3, 'B': 2}","[1.0, 1.0, 0.58]",4.08
98,"[2, 4, 5]","[4, 4, 3]","[0.88, 0.88, 0.46]","[['C', 'B', 'D', 'A'], ['D', 'C', 'B', 'A'], ['C', 'D', 'B', 'A']]","{'C': 5, 'D': 5, 'B': 3, 'A': 2}","[1.0, 1.0, 0.58]",3.7399999999999998
98,"[2, 4, 5]","[4, 4, 3]","[0.88, 0.88, 0.46]","[['C', 'B', 'D', 'A'], ['D', 'C', 'B', 'A'], ['D', 'A', 'C', 'B']]","{'C': 5, 'D': 5, 'A': 3, 'B': 2}","[1.0, 1.0, 0.58]",4.08
98,"[2, 4, 5]","[4, 4, 3]","[0.88, 0.88, 0.46]","[['C', 'B', 'D', 'A'], ['D', 'C', 'B', 'A'], ['D', 'B', 'C', 'A']]","{'C': 5, 'D': 5, 'B': 3, 'A': 2}","[1.0, 1.0, 0.58]",3.7399999999999998
98,"[2, 4, 5]","[4, 4, 3]","[0.88, 0.88, 0.46]","[['C', 'B', 'D', 'A'], ['D', 'C', 'B', 'A'], ['D', 'C', 'A', 'B']]","{'C': 5, 'D': 5, 'A': 3, 'B': 2}","[1.0, 1.0, 0.58]",4.08
98,"[2, 4, 5]","[4, 4, 3]","[0.88, 0.88, 0.46]","[['C', 'B', 'D', 'A'], ['D', 'C', 'B', 'A'], ['D', 'C', 'B', 'A']]","{'C': 5, 'D': 5, 'B': 3, 'A': 2}","[1.0, 1.0, 0.58]",3.7399999999999998
98,"[2, 4, 5]","[4, 4, 3]","[0.88, 0.88, 0.46]","[['C', 'D', 'A', 'B'], ['A', 'C', 'D', 'B'], ['B', 'C', 'D', 'A']]","{'C': 5, 'D': 5, 'A': 4, 'B': 1}","[1.0, 1.0, 0.58]",4.08
98,"[2, 4, 5]","[4, 4, 3]","[0.88, 0.88, 0.46]","[['C', 'D', 'A', 'B'], ['A', 'C', 'D', 'B'], ['B', 'D', 'C', 'A']]","{'C': 5, 'D': 5, 'A': 4, 'B': 1}","[1.0, 1.0, 0.58]",4.08
98,"[2, 4, 5]","[4, 4, 3]","[0.88, 0.88, 0.46]","[['C', 'D', 'A', 'B'], ['A', 'C', 'D', 'B'], ['C', 'B', 'D', 'A']]","{'C': 5, 'D': 5, 'A': 4, 'B': 1}","[1.0, 1.0, 0.58]",4.08
98,"[2, 4, 5]","[4, 4, 3]","[0.88, 0.88, 0.46]","[['C', 'D', 'A', 'B'], ['A', 'C', 'D', 'B'], ['C', 'D', 'B', 'A']]","{'C': 5, 'D': 5, 'A': 4, 'B': 1}","[1.0, 1.0, 0.58]",4.08
98,"[2, 4, 5]","[4, 4, 3]","[0.88, 0.88, 0.46]","[['C', 'D', 'A', 'B'], ['A', 'C', 'D', 'B'], ['D', 'B', 'C', 'A']]","{'C': 5, 'D': 5, 'A': 4, 'B': 1}","[1.0, 1.0, 0.58]",4.08
98,"[2, 4, 5]","[4, 4, 3]","[0.88, 0.88, 0.46]","[['C', 'D', 'A', 'B'], ['A', 'C', 'D', 'B'], ['D', 'C', 'B', 'A']]","{'C': 5, 'D': 5, 'A': 4, 'B': 1}","[1.0, 1.0, 0.58]",4.08
98,"[2, 4, 5]","[4, 4, 3]","[0.88, 0.88, 0.46]","[['C', 'D', 'A', 'B'], ['A', 'D', 'C', 'B'], ['B', 'C', 'D', 'A']]","{'C': 5, 'D': 5, 'A': 4, 'B': 1}","[1.0, 1.0, 0.58]",4.08
98,"[2, 4, 5]","[4, 4, 3]","[0.88, 0.88, 0.46]","[['C', 'D', 'A', 'B'], ['A', 'D', 'C', 'B'], ['B', 'D', 'C', 'A']]","{'C': 5, 'D': 5, 'A': 4, 'B': 1}","[1.0, 1.0, 0.58]",4.08
98,"[2, 4, 5]","[4, 4, 3]","[0.88, 0.88, 0.46]","[['C', 'D', 'A', 'B'], ['A', 'D', 'C', 'B'], ['C', 'B', 'D', 'A']]","{'C': 5, 'D': 5, 'A': 4, 'B': 1}","[1.0, 1.0, 0.58]",4.08
98,"[2, 4, 5]","[4, 4, 3]","[0.88, 0.88, 0.46]","[['C', 'D', 'A', 'B'], ['A', 'D', 'C', 'B'], ['C', 'D', 'B', 'A']]","{'C': 5, 'D': 5, 'A': 4, 'B': 1}","[1.0, 1.0, 0.58]",4.08
98,"[2, 4, 5]","[4, 4, 3]","[0.88, 0.88, 0.46]","[['C', 'D', 'A', 'B'], ['A', 'D', 'C', 'B'], ['D', 'B', 'C', 'A']]","{'C': 5, 'D': 5, 'A': 4, 'B': 1}","[1.0, 1.0, 0.58]",4.08
98,"[2, 4, 5]","[4, 4, 3]","[0.88, 0.88, 0.46]","[['C', 'D', 'A', 'B'], ['A', 'D', 'C', 'B'], ['D', 'C', 'B', 'A']]","{'C': 5, 'D': 5, 'A': 4, 'B': 1}","[1.0, 1.0, 0.58]",4.08
98,"[2, 4, 5]","[4, 4, 3]","[0.88, 0.88, 0.46]","[['C', 'D', 'A', 'B'], ['B', 'C', 'D', 'A'], ['A', 'C', 'D', 'B']]","{'C': 5, 'D': 5, 'A': 4, 'B': 1}","[1.0, 1.0, 0.58]",4.08
98,"[2, 4, 5]","[4, 4, 3]","[0.88, 0.88, 0.46]","[['C', 'D', 'A', 'B'], ['B', 'C', 'D', 'A'], ['A', 'D', 'C', 'B']]","{'C': 5, 'D': 5, 'A': 4, 'B': 1}","[1.0, 1.0, 0.58]",4.08
98,"[2, 4, 5]","[4, 4, 3]","[0.88, 0.88, 0.46]","[['C', 'D', 'A', 'B'], ['B', 'C', 'D', 'A'], ['B', 'C', 'D', 'A']]","{'C': 5, 'D': 5, 'A': 3, 'B': 2}","[1.0, 1.0, 0.58]",4.08
98,"[2, 4, 5]","[4, 4, 3]","[0.88, 0.88, 0.46]","[['C', 'D', 'A', 'B'], ['B', 'C', 'D', 'A'], ['B', 'D', 'C', 'A']]","{'C': 5, 'D': 5, 'A': 3, 'B': 2}","[1.0, 1.0, 0.58]",4.08
98,"[2, 4, 5]","[4, 4, 3]","[0.88, 0.88, 0.46]","[['C', 'D', 'A', 'B'], ['B', 'C', 'D', 'A'], ['C', 'A', 'D', 'B']]","{'C': 5, 'D': 5, 'A': 4, 'B': 1}","[1.0, 1.0, 0.58]",4.08
98,"[2, 4, 5]","[4, 4, 3]","[0.88, 0.88, 0.46]","[['C', 'D', 'A', 'B'], ['B', 'C', 'D', 'A'], ['C', 'B', 'D', 'A']]","{'C': 5, 'D': 5, 'A': 3, 'B': 2}","[1.0, 1.0, 0.58]",4.08
98,"[2, 4, 5]","[4, 4, 3]","[0.88, 0.88, 0.46]","[['C', 'D', 'A', 'B'], ['B', 'C', 'D', 'A'], ['C', 'D', 'A', 'B']]","{'C': 5, 'D': 5, 'A': 4, 'B': 1}","[1.0, 1.0, 0.58]",4.08
98,"[2, 4, 5]","[4, 4, 3]","[0.88, 0.88, 0.46]","[['C', 'D', 'A', 'B'], ['B', 'C', 'D', 'A'], ['C', 'D', 'B', 'A']]","{'C': 5, 'D': 5, 'A': 3, 'B': 2}","[1.0, 1.0, 0.58]",4.08
98,"[2, 4, 5]","[4, 4, 3]","[0.88, 0.88, 0.46]","[['C', 'D', 'A', 'B'], ['B', 'C', 'D', 'A'], ['D', 'A', 'C', 'B']]","{'C': 5, 'D': 5, 'A': 4, 'B': 1}","[1.0, 1.0, 0.58]",4.08
98,"[2, 4, 5]","[4, 4, 3]","[0.88, 0.88, 0.46]","[['C', 'D', 'A', 'B'], ['B', 'C', 'D', 'A'], ['D', 'B', 'C', 'A']]","{'C': 5, 'D': 5, 'A': 3, 'B': 2}","[1.0, 1.0, 0.58]",4.08
98,"[2, 4, 5]","[4, 4, 3]","[0.88, 0.88, 0.46]","[['C', 'D', 'A', 'B'], ['B', 'C', 'D', 'A'], ['D', 'C', 'A', 'B']]","{'C': 5, 'D': 5, 'A': 4, 'B': 1}","[1.0, 1.0, 0.58]",4.08
98,"[2, 4, 5]","[4, 4, 3]","[0.88, 0.88, 0.46]","[['C', 'D', 'A', 'B'], ['B', 'C', 'D', 'A'], ['D', 'C', 'B', 'A']]","{'C': 5, 'D': 5, 'A': 3, 'B': 2}","[1.0, 1.0, 0.58]",4.08
98,"[2, 4, 5]","[4, 4, 3]","[0.88, 0.88, 0.46]","[['C', 'D', 'A', 'B'], ['B', 'D', 'C', 'A'], ['A', 'C', 'D', 'B']]","{'C': 5, 'D': 5, 'A': 4, 'B': 1}","[1.0, 1.0, 0.58]",4.08
98,"[2, 4, 5]","[4, 4, 3]","[0.88, 0.88, 0.46]","[['C', 'D', 'A', 'B'], ['B', 'D', 'C', 'A'], ['A', 'D', 'C', 'B']]","{'C': 5, 'D': 5, 'A': 4, 'B': 1}","[1.0, 1.0, 0.58]",4.08
98,"[2, 4, 5]","[4, 4, 3]","[0.88, 0.88, 0.46]","[['C', 'D', 'A', 'B'], ['B', 'D', 'C', 'A'], ['B', 'C', 'D', 'A']]","{'C': 5, 'D': 5, 'A': 3, 'B': 2}","[1.0, 1.0, 0.58]",4.08
98,"[2, 4, 5]","[4, 4, 3]","[0.88, 0.88, 0.46]","[['C', 'D', 'A', 'B'], ['B', 'D', 'C', 'A'], ['B', 'D', 'C', 'A']]","{'C': 5, 'D': 5, 'A': 3, 'B': 2}","[1.0, 1.0, 0.58]",4.08
98,"[2, 4, 5]","[4, 4, 3]","[0.88, 0.88, 0.46]","[['C', 'D', 'A', 'B'], ['B', 'D', 'C', 'A'], ['C', 'A', 'D', 'B']]","{'C': 5, 'D': 5, 'A': 4, 'B': 1}","[1.0, 1.0, 0.58]",4.08
98,"[2, 4, 5]","[4, 4, 3]","[0.88, 0.88, 0.46]","[['C', 'D', 'A', 'B'], ['B', 'D', 'C', 'A'], ['C', 'B', 'D', 'A']]","{'C': 5, 'D': 5, 'A': 3, 'B': 2}","[1.0, 1.0, 0.58]",4.08
98,"[2, 4, 5]","[4, 4, 3]","[0.88, 0.88, 0.46]","[['C', 'D', 'A', 'B'], ['B', 'D', 'C', 'A'], ['C', 'D', 'A', 'B']]","{'C': 5, 'D': 5, 'A': 4, 'B': 1}","[1.0, 1.0, 0.58]",4.08
98,"[2, 4, 5]","[4, 4, 3]","[0.88, 0.88, 0.46]","[['C', 'D', 'A', 'B'], ['B', 'D', 'C', 'A'], ['C', 'D', 'B', 'A']]","{'C': 5, 'D': 5, 'A': 3, 'B': 2}","[1.0, 1.0, 0.58]",4.08
98,"[2, 4, 5]","[4, 4, 3]","[0.88, 0.88, 0.46]","[['C', 'D', 'A', 'B'], ['B', 'D', 'C', 'A'], ['D', 'A', 'C', 'B']]","{'C': 5, 'D': 5, 'A': 4, 'B': 1}","[1.0, 1.0, 0.58]",4.08
98,"[2, 4, 5]","[4, 4, 3]","[0.88, 0.88, 0.46]","[['C', 'D', 'A', 'B'], ['B', 'D', 'C', 'A'], ['D', 'B', 'C', 'A']]","{'C': 5, 'D': 5, 'A': 3, 'B': 2}","[1.0, 1.0, 0.58]",4.08
98,"[2, 4, 5]","[4, 4, 3]","[0.88, 0.88, 0.46]","[['C', 'D', 'A', 'B'], ['B', 'D', 'C', 'A'], ['D', 'C', 'A', 'B']]","{'C': 5, 'D': 5, 'A': 4, 'B': 1}","[1.0, 1.0, 0.58]",4.08
98,"[2, 4, 5]","[4, 4, 3]","[0.88, 0.88, 0.46]","[['C', 'D', 'A', 'B'], ['B', 'D', 'C', 'A'], ['D', 'C', 'B', 'A']]","{'C': 5, 'D': 5, 'A': 3, 'B': 2}","[1.0, 1.0, 0.58]",4.08
98,"[2, 4, 5]","[4, 4, 3]","[0.88, 0.88, 0.46]","[['C', 'D', 'A', 'B'], ['C', 'A', 'D', 'B'], ['B', 'C', 'D', 'A']]","{'C': 5, 'D': 5, 'A': 4, 'B': 1}","[1.0, 1.0, 0.58]",4.08
98,"[2, 4, 5]","[4, 4, 3]","[0.88, 0.88, 0.46]","[['C', 'D', 'A', 'B'], ['C', 'A', 'D', 'B'], ['B', 'D', 'C', 'A']]","{'C': 5, 'D': 5, 'A': 4, 'B': 1}","[1.0, 1.0, 0.58]",4.08
98,"[2, 4, 5]","[4, 4, 3]","[0.88, 0.88, 0.46]","[['C', 'D', 'A', 'B'], ['C', 'A', 'D', 'B'], ['C', 'B', 'D', 'A']]","{'C': 5, 'D': 5, 'A': 4, 'B': 1}","[1.0, 1.0, 0.58]",4.08
98,"[2, 4, 5]","[4, 4, 3]","[0.88, 0.88, 0.46]","[['C', 'D', 'A', 'B'], ['C', 'A', 'D', 'B'], ['C', 'D', 'B', 'A']]","{'C': 5, 'D': 5, 'A': 4, 'B': 1}","[1.0, 1.0, 0.58]",4.08
98,"[2, 4, 5]","[4, 4, 3]","[0.88, 0.88, 0.46]","[['C', 'D', 'A', 'B'], ['C', 'A', 'D', 'B'], ['D', 'B', 'C', 'A']]","{'C': 5, 'D': 5, 'A': 4, 'B': 1}","[1.0, 1.0, 0.58]",4.08
98,"[2, 4, 5]","[4, 4, 3]","[0.88, 0.88, 0.46]","[['C', 'D', 'A', 'B'], ['C', 'A', 'D', 'B'], ['D', 'C', 'B', 'A']]","{'C': 5, 'D': 5, 'A': 4, 'B': 1}","[1.0, 1.0, 0.58]",4.08
98,"[2, 4, 5]","[4, 4, 3]","[0.88, 0.88, 0.46]","[['C', 'D', 'A', 'B'], ['C', 'B', 'D', 'A'], ['A', 'C', 'D', 'B']]","{'C': 5, 'D': 5, 'A': 4, 'B': 1}","[1.0, 1.0, 0.58]",4.08
98,"[2, 4, 5]","[4, 4, 3]","[0.88, 0.88, 0.46]","[['C', 'D', 'A', 'B'], ['C', 'B', 'D', 'A'], ['A', 'D', 'C', 'B']]","{'C': 5, 'D': 5, 'A': 4, 'B': 1}","[1.0, 1.0, 0.58]",4.08
98,"[2, 4, 5]","[4, 4, 3]","[0.88, 0.88, 0.46]","[['C', 'D', 'A', 'B'], ['C', 'B', 'D', 'A'], ['B', 'C', 'D', 'A']]","{'C': 5, 'D': 5, 'A': 3, 'B': 2}","[1.0, 1.0, 0.58]",4.08
98,"[2, 4, 5]","[4, 4, 3]","[0.88, 0.88, 0.46]","[['C', 'D', 'A', 'B'], ['C', 'B', 'D', 'A'], ['B', 'D', 'C', 'A']]","{'C': 5, 'D': 5, 'A': 3, 'B': 2}","[1.0, 1.0, 0.58]",4.08
98,"[2, 4, 5]","[4, 4, 3]","[0.88, 0.88, 0.46]","[['C', 'D', 'A', 'B'], ['C', 'B', 'D', 'A'], ['C', 'A', 'D', 'B']]","{'C': 5, 'D': 5, 'A': 4, 'B': 1}","[1.0, 1.0, 0.58]",4.08
98,"[2, 4, 5]","[4, 4, 3]","[0.88, 0.88, 0.46]","[['C', 'D', 'A', 'B'], ['C', 'B', 'D', 'A'], ['C', 'B', 'D', 'A']]","{'C': 5, 'D': 5, 'A': 3, 'B': 2}","[1.0, 1.0, 0.58]",4.08
98,"[2, 4, 5]","[4, 4, 3]","[0.88, 0.88, 0.46]","[['C', 'D', 'A', 'B'], ['C', 'B', 'D', 'A'], ['C', 'D', 'A', 'B']]","{'C': 5, 'D': 5, 'A': 4, 'B': 1}","[1.0, 1.0, 0.58]",4.08
98,"[2, 4, 5]","[4, 4, 3]","[0.88, 0.88, 0.46]","[['C', 'D', 'A', 'B'], ['C', 'B', 'D', 'A'], ['C', 'D', 'B', 'A']]","{'C': 5, 'D': 5, 'A': 3, 'B': 2}","[1.0, 1.0, 0.58]",4.08
98,"[2, 4, 5]","[4, 4, 3]","[0.88, 0.88, 0.46]","[['C', 'D', 'A', 'B'], ['C', 'B', 'D', 'A'], ['D', 'A', 'C', 'B']]","{'C': 5, 'D': 5, 'A': 4, 'B': 1}","[1.0, 1.0, 0.58]",4.08
98,"[2, 4, 5]","[4, 4, 3]","[0.88, 0.88, 0.46]","[['C', 'D', 'A', 'B'], ['C', 'B', 'D', 'A'], ['D', 'B', 'C', 'A']]","{'C': 5, 'D': 5, 'A': 3, 'B': 2}","[1.0, 1.0, 0.58]",4.08
98,"[2, 4, 5]","[4, 4, 3]","[0.88, 0.88, 0.46]","[['C', 'D', 'A', 'B'], ['C', 'B', 'D', 'A'], ['D', 'C', 'A', 'B']]","{'C': 5, 'D': 5, 'A': 4, 'B': 1}","[1.0, 1.0, 0.58]",4.08
98,"[2, 4, 5]","[4, 4, 3]","[0.88, 0.88, 0.46]","[['C', 'D', 'A', 'B'], ['C', 'B', 'D', 'A'], ['D', 'C', 'B', 'A']]","{'C': 5, 'D': 5, 'A': 3, 'B': 2}","[1.0, 1.0, 0.58]",4.08
98,"[2, 4, 5]","[4, 4, 3]","[0.88, 0.88, 0.46]","[['C', 'D', 'A', 'B'], ['C', 'D', 'A', 'B'], ['B', 'C', 'D', 'A']]","{'C': 5, 'D': 5, 'A': 4, 'B': 1}","[1.0, 1.0, 0.58]",4.08
98,"[2, 4, 5]","[4, 4, 3]","[0.88, 0.88, 0.46]","[['C', 'D', 'A', 'B'], ['C', 'D', 'A', 'B'], ['B', 'D', 'C', 'A']]","{'C': 5, 'D': 5, 'A': 4, 'B': 1}","[1.0, 1.0, 0.58]",4.08
98,"[2, 4, 5]","[4, 4, 3]","[0.88, 0.88, 0.46]","[['C', 'D', 'A', 'B'], ['C', 'D', 'A', 'B'], ['C', 'B', 'D', 'A']]","{'C': 5, 'D': 5, 'A': 4, 'B': 1}","[1.0, 1.0, 0.58]",4.08
98,"[2, 4, 5]","[4, 4, 3]","[0.88, 0.88, 0.46]","[['C', 'D', 'A', 'B'], ['C', 'D', 'A', 'B'], ['C', 'D', 'B', 'A']]","{'C': 5, 'D': 5, 'A': 4, 'B': 1}","[1.0, 1.0, 0.58]",4.08
98,"[2, 4, 5]","[4, 4, 3]","[0.88, 0.88, 0.46]","[['C', 'D', 'A', 'B'], ['C', 'D', 'A', 'B'], ['D', 'B', 'C', 'A']]","{'C': 5, 'D': 5, 'A': 4, 'B': 1}","[1.0, 1.0, 0.58]",4.08
98,"[2, 4, 5]","[4, 4, 3]","[0.88, 0.88, 0.46]","[['C', 'D', 'A', 'B'], ['C', 'D', 'A', 'B'], ['D', 'C', 'B', 'A']]","{'C': 5, 'D': 5, 'A': 4, 'B': 1}","[1.0, 1.0, 0.58]",4.08
98,"[2, 4, 5]","[4, 4, 3]","[0.88, 0.88, 0.46]","[['C', 'D', 'A', 'B'], ['C', 'D', 'B', 'A'], ['A', 'C', 'D', 'B']]","{'C': 5, 'D': 5, 'A': 4, 'B': 1}","[1.0, 1.0, 0.58]",4.08
98,"[2, 4, 5]","[4, 4, 3]","[0.88, 0.88, 0.46]","[['C', 'D', 'A', 'B'], ['C', 'D', 'B', 'A'], ['A', 'D', 'C', 'B']]","{'C': 5, 'D': 5, 'A': 4, 'B': 1}","[1.0, 1.0, 0.58]",4.08
98,"[2, 4, 5]","[4, 4, 3]","[0.88, 0.88, 0.46]","[['C', 'D', 'A', 'B'], ['C', 'D', 'B', 'A'], ['B', 'C', 'D', 'A']]","{'C': 5, 'D': 5, 'A': 3, 'B': 2}","[1.0, 1.0, 0.58]",4.08
98,"[2, 4, 5]","[4, 4, 3]","[0.88, 0.88, 0.46]","[['C', 'D', 'A', 'B'], ['C', 'D', 'B', 'A'], ['B', 'D', 'C', 'A']]","{'C': 5, 'D': 5, 'A': 3, 'B': 2}","[1.0, 1.0, 0.58]",4.08
98,"[2, 4, 5]","[4, 4, 3]","[0.88, 0.88, 0.46]","[['C', 'D', 'A', 'B'], ['C', 'D', 'B', 'A'], ['C', 'A', 'D', 'B']]","{'C': 5, 'D': 5, 'A': 4, 'B': 1}","[1.0, 1.0, 0.58]",4.08
98,"[2, 4, 5]","[4, 4, 3]","[0.88, 0.88, 0.46]","[['C', 'D', 'A', 'B'], ['C', 'D', 'B', 'A'], ['C', 'B', 'D', 'A']]","{'C': 5, 'D': 5, 'A': 3, 'B': 2}","[1.0, 1.0, 0.58]",4.08
98,"[2, 4, 5]","[4, 4, 3]","[0.88, 0.88, 0.46]","[['C', 'D', 'A', 'B'], ['C', 'D', 'B', 'A'], ['C', 'D', 'A', 'B']]","{'C': 5, 'D': 5, 'A': 4, 'B': 1}","[1.0, 1.0, 0.58]",4.08
98,"[2, 4, 5]","[4, 4, 3]","[0.88, 0.88, 0.46]","[['C', 'D', 'A', 'B'], ['C', 'D', 'B', 'A'], ['C', 'D', 'B', 'A']]","{'C': 5, 'D': 5, 'A': 3, 'B': 2}","[1.0, 1.0, 0.58]",4.08
98,"[2, 4, 5]","[4, 4, 3]","[0.88, 0.88, 0.46]","[['C', 'D', 'A', 'B'], ['C', 'D', 'B', 'A'], ['D', 'A', 'C', 'B']]","{'C': 5, 'D': 5, 'A': 4, 'B': 1}","[1.0, 1.0, 0.58]",4.08
98,"[2, 4, 5]","[4, 4, 3]","[0.88, 0.88, 0.46]","[['C', 'D', 'A', 'B'], ['C', 'D', 'B', 'A'], ['D', 'B', 'C', 'A']]","{'C': 5, 'D': 5, 'A': 3, 'B': 2}","[1.0, 1.0, 0.58]",4.08
98,"[2, 4, 5]","[4, 4, 3]","[0.88, 0.88, 0.46]","[['C', 'D', 'A', 'B'], ['C', 'D', 'B', 'A'], ['D', 'C', 'A', 'B']]","{'C': 5, 'D': 5, 'A': 4, 'B': 1}","[1.0, 1.0, 0.58]",4.08
98,"[2, 4, 5]","[4, 4, 3]","[0.88, 0.88, 0.46]","[['C', 'D', 'A', 'B'], ['C', 'D', 'B', 'A'], ['D', 'C', 'B', 'A']]","{'C': 5, 'D': 5, 'A': 3, 'B': 2}","[1.0, 1.0, 0.58]",4.08
98,"[2, 4, 5]","[4, 4, 3]","[0.88, 0.88, 0.46]","[['C', 'D', 'A', 'B'], ['D', 'A', 'C', 'B'], ['B', 'C', 'D', 'A']]","{'C': 5, 'D': 5, 'A': 4, 'B': 1}","[1.0, 1.0, 0.58]",4.08
98,"[2, 4, 5]","[4, 4, 3]","[0.88, 0.88, 0.46]","[['C', 'D', 'A', 'B'], ['D', 'A', 'C', 'B'], ['B', 'D', 'C', 'A']]","{'C': 5, 'D': 5, 'A': 4, 'B': 1}","[1.0, 1.0, 0.58]",4.08
98,"[2, 4, 5]","[4, 4, 3]","[0.88, 0.88, 0.46]","[['C', 'D', 'A', 'B'], ['D', 'A', 'C', 'B'], ['C', 'B', 'D', 'A']]","{'C': 5, 'D': 5, 'A': 4, 'B': 1}","[1.0, 1.0, 0.58]",4.08
98,"[2, 4, 5]","[4, 4, 3]","[0.88, 0.88, 0.46]","[['C', 'D', 'A', 'B'], ['D', 'A', 'C', 'B'], ['C', 'D', 'B', 'A']]","{'C': 5, 'D': 5, 'A': 4, 'B': 1}","[1.0, 1.0, 0.58]",4.08
98,"[2, 4, 5]","[4, 4, 3]","[0.88, 0.88, 0.46]","[['C', 'D', 'A', 'B'], ['D', 'A', 'C', 'B'], ['D', 'B', 'C', 'A']]","{'C': 5, 'D': 5, 'A': 4, 'B': 1}","[1.0, 1.0, 0.58]",4.08
98,"[2, 4, 5]","[4, 4, 3]","[0.88, 0.88, 0.46]","[['C', 'D', 'A', 'B'], ['D', 'A', 'C', 'B'], ['D', 'C', 'B', 'A']]","{'C': 5, 'D': 5, 'A': 4, 'B': 1}","[1.0, 1.0, 0.58]",4.08
98,"[2, 4, 5]","[4, 4, 3]","[0.88, 0.88, 0.46]","[['C', 'D', 'A', 'B'], ['D', 'B', 'C', 'A'], ['A', 'C', 'D', 'B']]","{'C': 5, 'D': 5, 'A': 4, 'B': 1}","[1.0, 1.0, 0.58]",4.08
98,"[2, 4, 5]","[4, 4, 3]","[0.88, 0.88, 0.46]","[['C', 'D', 'A', 'B'], ['D', 'B', 'C', 'A'], ['A', 'D', 'C', 'B']]","{'C': 5, 'D': 5, 'A': 4, 'B': 1}","[1.0, 1.0, 0.58]",4.08
98,"[2, 4, 5]","[4, 4, 3]","[0.88, 0.88, 0.46]","[['C', 'D', 'A', 'B'], ['D', 'B', 'C', 'A'], ['B', 'C', 'D', 'A']]","{'C': 5, 'D': 5, 'A': 3, 'B': 2}","[1.0, 1.0, 0.58]",4.08
98,"[2, 4, 5]","[4, 4, 3]","[0.88, 0.88, 0.46]","[['C', 'D', 'A', 'B'], ['D', 'B', 'C', 'A'], ['B', 'D', 'C', 'A']]","{'C': 5, 'D': 5, 'A': 3, 'B': 2}","[1.0, 1.0, 0.58]",4.08
98,"[2, 4, 5]","[4, 4, 3]","[0.88, 0.88, 0.46]","[['C', 'D', 'A', 'B'], ['D', 'B', 'C', 'A'], ['C', 'A', 'D', 'B']]","{'C': 5, 'D': 5, 'A': 4, 'B': 1}","[1.0, 1.0, 0.58]",4.08
98,"[2, 4, 5]","[4, 4, 3]","[0.88, 0.88, 0.46]","[['C', 'D', 'A', 'B'], ['D', 'B', 'C', 'A'], ['C', 'B', 'D', 'A']]","{'C': 5, 'D': 5, 'A': 3, 'B': 2}","[1.0, 1.0, 0.58]",4.08
98,"[2, 4, 5]","[4, 4, 3]","[0.88, 0.88, 0.46]","[['C', 'D', 'A', 'B'], ['D', 'B', 'C', 'A'], ['C', 'D', 'A', 'B']]","{'C': 5, 'D': 5, 'A': 4, 'B': 1}","[1.0, 1.0, 0.58]",4.08
98,"[2, 4, 5]","[4, 4, 3]","[0.88, 0.88, 0.46]","[['C', 'D', 'A', 'B'], ['D', 'B', 'C', 'A'], ['C', 'D', 'B', 'A']]","{'C': 5, 'D': 5, 'A': 3, 'B': 2}","[1.0, 1.0, 0.58]",4.08
98,"[2, 4, 5]","[4, 4, 3]","[0.88, 0.88, 0.46]","[['C', 'D', 'A', 'B'], ['D', 'B', 'C', 'A'], ['D', 'A', 'C', 'B']]","{'C': 5, 'D': 5, 'A': 4, 'B': 1}","[1.0, 1.0, 0.58]",4.08
98,"[2, 4, 5]","[4, 4, 3]","[0.88, 0.88, 0.46]","[['C', 'D', 'A', 'B'], ['D', 'B', 'C', 'A'], ['D', 'B', 'C', 'A']]","{'C': 5, 'D': 5, 'A': 3, 'B': 2}","[1.0, 1.0, 0.58]",4.08
98,"[2, 4, 5]","[4, 4, 3]","[0.88, 0.88, 0.46]","[['C', 'D', 'A', 'B'], ['D', 'B', 'C', 'A'], ['D', 'C', 'A', 'B']]","{'C': 5, 'D': 5, 'A': 4, 'B': 1}","[1.0, 1.0, 0.58]",4.08
98,"[2, 4, 5]","[4, 4, 3]","[0.88, 0.88, 0.46]","[['C', 'D', 'A', 'B'], ['D', 'B', 'C', 'A'], ['D', 'C', 'B', 'A']]","{'C': 5, 'D': 5, 'A': 3, 'B': 2}","[1.0, 1.0, 0.58]",4.08
98,"[2, 4, 5]","[4, 4, 3]","[0.88, 0.88, 0.46]","[['C', 'D', 'A', 'B'], ['D', 'C', 'A', 'B'], ['B', 'C', 'D', 'A']]","{'C': 5, 'D': 5, 'A': 4, 'B': 1}","[1.0, 1.0, 0.58]",4.08
98,"[2, 4, 5]","[4, 4, 3]","[0.88, 0.88, 0.46]","[['C', 'D', 'A', 'B'], ['D', 'C', 'A', 'B'], ['B', 'D', 'C', 'A']]","{'C': 5, 'D': 5, 'A': 4, 'B': 1}","[1.0, 1.0, 0.58]",4.08
98,"[2, 4, 5]","[4, 4, 3]","[0.88, 0.88, 0.46]","[['C', 'D', 'A', 'B'], ['D', 'C', 'A', 'B'], ['C', 'B', 'D', 'A']]","{'C': 5, 'D': 5, 'A': 4, 'B': 1}","[1.0, 1.0, 0.58]",4.08
98,"[2, 4, 5]","[4, 4, 3]","[0.88, 0.88, 0.46]","[['C', 'D', 'A', 'B'], ['D', 'C', 'A', 'B'], ['C', 'D', 'B', 'A']]","{'C': 5, 'D': 5, 'A': 4, 'B': 1}","[1.0, 1.0, 0.58]",4.08
98,"[2, 4, 5]","[4, 4, 3]","[0.88, 0.88, 0.46]","[['C', 'D', 'A', 'B'], ['D', 'C', 'A', 'B'], ['D', 'B', 'C', 'A']]","{'C': 5, 'D': 5, 'A': 4, 'B': 1}","[1.0, 1.0, 0.58]",4.08
98,"[2, 4, 5]","[4, 4, 3]","[0.88, 0.88, 0.46]","[['C', 'D', 'A', 'B'], ['D', 'C', 'A', 'B'], ['D', 'C', 'B', 'A']]","{'C': 5, 'D': 5, 'A': 4, 'B': 1}","[1.0, 1.0, 0.58]",4.08
98,"[2, 4, 5]","[4, 4, 3]","[0.88, 0.88, 0.46]","[['C', 'D', 'A', 'B'], ['D', 'C', 'B', 'A'], ['A', 'C', 'D', 'B']]","{'C': 5, 'D': 5, 'A': 4, 'B': 1}","[1.0, 1.0, 0.58]",4.08
98,"[2, 4, 5]","[4, 4, 3]","[0.88, 0.88, 0.46]","[['C', 'D', 'A', 'B'], ['D', 'C', 'B', 'A'], ['A', 'D', 'C', 'B']]","{'C': 5, 'D': 5, 'A': 4, 'B': 1}","[1.0, 1.0, 0.58]",4.08
98,"[2, 4, 5]","[4, 4, 3]","[0.88, 0.88, 0.46]","[['C', 'D', 'A', 'B'], ['D', 'C', 'B', 'A'], ['B', 'C', 'D', 'A']]","{'C': 5, 'D': 5, 'A': 3, 'B': 2}","[1.0, 1.0, 0.58]",4.08
98,"[2, 4, 5]","[4, 4, 3]","[0.88, 0.88, 0.46]","[['C', 'D', 'A', 'B'], ['D', 'C', 'B', 'A'], ['B', 'D', 'C', 'A']]","{'C': 5, 'D': 5, 'A': 3, 'B': 2}","[1.0, 1.0, 0.58]",4.08
98,"[2, 4, 5]","[4, 4, 3]","[0.88, 0.88, 0.46]","[['C', 'D', 'A', 'B'], ['D', 'C', 'B', 'A'], ['C', 'A', 'D', 'B']]","{'C': 5, 'D': 5, 'A': 4, 'B': 1}","[1.0, 1.0, 0.58]",4.08
98,"[2, 4, 5]","[4, 4, 3]","[0.88, 0.88, 0.46]","[['C', 'D', 'A', 'B'], ['D', 'C', 'B', 'A'], ['C', 'B', 'D', 'A']]","{'C': 5, 'D': 5, 'A': 3, 'B': 2}","[1.0, 1.0, 0.58]",4.08
98,"[2, 4, 5]","[4, 4, 3]","[0.88, 0.88, 0.46]","[['C', 'D', 'A', 'B'], ['D', 'C', 'B', 'A'], ['C', 'D', 'A', 'B']]","{'C': 5, 'D': 5, 'A': 4, 'B': 1}","[1.0, 1.0, 0.58]",4.08
98,"[2, 4, 5]","[4, 4, 3]","[0.88, 0.88, 0.46]","[['C', 'D', 'A', 'B'], ['D', 'C', 'B', 'A'], ['C', 'D', 'B', 'A']]","{'C': 5, 'D': 5, 'A': 3, 'B': 2}","[1.0, 1.0, 0.58]",4.08
98,"[2, 4, 5]","[4, 4, 3]","[0.88, 0.88, 0.46]","[['C', 'D', 'A', 'B'], ['D', 'C', 'B', 'A'], ['D', 'A', 'C', 'B']]","{'C': 5, 'D': 5, 'A': 4, 'B': 1}","[1.0, 1.0, 0.58]",4.08
98,"[2, 4, 5]","[4, 4, 3]","[0.88, 0.88, 0.46]","[['C', 'D', 'A', 'B'], ['D', 'C', 'B', 'A'], ['D', 'B', 'C', 'A']]","{'C': 5, 'D': 5, 'A': 3, 'B': 2}","[1.0, 1.0, 0.58]",4.08
98,"[2, 4, 5]","[4, 4, 3]","[0.88, 0.88, 0.46]","[['C', 'D', 'A', 'B'], ['D', 'C', 'B', 'A'], ['D', 'C', 'A', 'B']]","{'C': 5, 'D': 5, 'A': 4, 'B': 1}","[1.0, 1.0, 0.58]",4.08
98,"[2, 4, 5]","[4, 4, 3]","[0.88, 0.88, 0.46]","[['C', 'D', 'A', 'B'], ['D', 'C', 'B', 'A'], ['D', 'C', 'B', 'A']]","{'C': 5, 'D': 5, 'A': 3, 'B': 2}","[1.0, 1.0, 0.58]",4.08
98,"[2, 4, 5]","[4, 4, 3]","[0.88, 0.88, 0.46]","[['C', 'D', 'B', 'A'], ['A', 'B', 'C', 'D'], ['B', 'C', 'D', 'A']]","{'C': 5, 'D': 4, 'A': 3, 'B': 3}","[1.0, 1.0, 0.58]",4.08
98,"[2, 4, 5]","[4, 4, 3]","[0.88, 0.88, 0.46]","[['C', 'D', 'B', 'A'], ['A', 'B', 'C', 'D'], ['B', 'D', 'C', 'A']]","{'C': 5, 'D': 4, 'A': 3, 'B': 3}","[1.0, 1.0, 0.58]",4.08
98,"[2, 4, 5]","[4, 4, 3]","[0.88, 0.88, 0.46]","[['C', 'D', 'B', 'A'], ['A', 'B', 'C', 'D'], ['C', 'B', 'D', 'A']]","{'C': 5, 'D': 4, 'A': 3, 'B': 3}","[1.0, 1.0, 0.58]",4.08
98,"[2, 4, 5]","[4, 4, 3]","[0.88, 0.88, 0.46]","[['C', 'D', 'B', 'A'], ['A', 'B', 'C', 'D'], ['C', 'D', 'B', 'A']]","{'C': 5, 'D': 4, 'A': 3, 'B': 3}","[1.0, 1.0, 0.58]",4.08
98,"[2, 4, 5]","[4, 4, 3]","[0.88, 0.88, 0.46]","[['C', 'D', 'B', 'A'], ['A', 'B', 'C', 'D'], ['D', 'B', 'C', 'A']]","{'C': 5, 'D': 4, 'A': 3, 'B': 3}","[1.0, 1.0, 0.58]",4.08
98,"[2, 4, 5]","[4, 4, 3]","[0.88, 0.88, 0.46]","[['C', 'D', 'B', 'A'], ['A', 'B', 'C', 'D'], ['D', 'C', 'B', 'A']]","{'C': 5, 'D': 4, 'A': 3, 'B': 3}","[1.0, 1.0, 0.58]",4.08
98,"[2, 4, 5]","[4, 4, 3]","[0.88, 0.88, 0.46]","[['C', 'D', 'B', 'A'], ['A', 'C', 'B', 'D'], ['B', 'C', 'D', 'A']]","{'C': 5, 'D': 4, 'A': 3, 'B': 3}","[1.0, 1.0, 0.58]",4.08
98,"[2, 4, 5]","[4, 4, 3]","[0.88, 0.88, 0.46]","[['C', 'D', 'B', 'A'], ['A', 'C', 'B', 'D'], ['B', 'D', 'C', 'A']]","{'C': 5, 'D': 4, 'A': 3, 'B': 3}","[1.0, 1.0, 0.58]",4.08
98,"[2, 4, 5]","[4, 4, 3]","[0.88, 0.88, 0.46]","[['C', 'D', 'B', 'A'], ['A', 'C', 'B', 'D'], ['C', 'B', 'D', 'A']]","{'C': 5, 'D': 4, 'A': 3, 'B': 3}","[1.0, 1.0, 0.58]",4.08
98,"[2, 4, 5]","[4, 4, 3]","[0.88, 0.88, 0.46]","[['C', 'D', 'B', 'A'], ['A', 'C', 'B', 'D'], ['C', 'D', 'B', 'A']]","{'C': 5, 'D': 4, 'A': 3, 'B': 3}","[1.0, 1.0, 0.58]",4.08
98,"[2, 4, 5]","[4, 4, 3]","[0.88, 0.88, 0.46]","[['C', 'D', 'B', 'A'], ['A', 'C', 'B', 'D'], ['D', 'B', 'C', 'A']]","{'C': 5, 'D': 4, 'A': 3, 'B': 3}","[1.0, 1.0, 0.58]",4.08
98,"[2, 4, 5]","[4, 4, 3]","[0.88, 0.88, 0.46]","[['C', 'D', 'B', 'A'], ['A', 'C', 'B', 'D'], ['D', 'C', 'B', 'A']]","{'C': 5, 'D': 4, 'A': 3, 'B': 3}","[1.0, 1.0, 0.58]",4.08
98,"[2, 4, 5]","[4, 4, 3]","[0.88, 0.88, 0.46]","[['C', 'D', 'B', 'A'], ['A', 'C', 'D', 'B'], ['A', 'C', 'D', 'B']]","{'C': 5, 'D': 5, 'A': 4, 'B': 1}","[1.0, 1.0, 0.58]",4.08
98,"[2, 4, 5]","[4, 4, 3]","[0.88, 0.88, 0.46]","[['C', 'D', 'B', 'A'], ['A', 'C', 'D', 'B'], ['A', 'D', 'C', 'B']]","{'C': 5, 'D': 5, 'A': 4, 'B': 1}","[1.0, 1.0, 0.58]",4.08
98,"[2, 4, 5]","[4, 4, 3]","[0.88, 0.88, 0.46]","[['C', 'D', 'B', 'A'], ['A', 'C', 'D', 'B'], ['B', 'C', 'D', 'A']]","{'C': 5, 'D': 5, 'A': 3, 'B': 2}","[1.0, 1.0, 0.58]",4.08
98,"[2, 4, 5]","[4, 4, 3]","[0.88, 0.88, 0.46]","[['C', 'D', 'B', 'A'], ['A', 'C', 'D', 'B'], ['B', 'D', 'C', 'A']]","{'C': 5, 'D': 5, 'A': 3, 'B': 2}","[1.0, 1.0, 0.58]",4.08
98,"[2, 4, 5]","[4, 4, 3]","[0.88, 0.88, 0.46]","[['C', 'D', 'B', 'A'], ['A', 'C', 'D', 'B'], ['C', 'A', 'D', 'B']]","{'C': 5, 'D': 5, 'A': 4, 'B': 1}","[1.0, 1.0, 0.58]",4.08
98,"[2, 4, 5]","[4, 4, 3]","[0.88, 0.88, 0.46]","[['C', 'D', 'B', 'A'], ['A', 'C', 'D', 'B'], ['C', 'B', 'D', 'A']]","{'C': 5, 'D': 5, 'A': 3, 'B': 2}","[1.0, 1.0, 0.58]",4.08
98,"[2, 4, 5]","[4, 4, 3]","[0.88, 0.88, 0.46]","[['C', 'D', 'B', 'A'], ['A', 'C', 'D', 'B'], ['C', 'D', 'A', 'B']]","{'C': 5, 'D': 5, 'A': 4, 'B': 1}","[1.0, 1.0, 0.58]",4.08
98,"[2, 4, 5]","[4, 4, 3]","[0.88, 0.88, 0.46]","[['C', 'D', 'B', 'A'], ['A', 'C', 'D', 'B'], ['C', 'D', 'B', 'A']]","{'C': 5, 'D': 5, 'A': 3, 'B': 2}","[1.0, 1.0, 0.58]",4.08
98,"[2, 4, 5]","[4, 4, 3]","[0.88, 0.88, 0.46]","[['C', 'D', 'B', 'A'], ['A', 'C', 'D', 'B'], ['D', 'A', 'C', 'B']]","{'C': 5, 'D': 5, 'A': 4, 'B': 1}","[1.0, 1.0, 0.58]",4.08
98,"[2, 4, 5]","[4, 4, 3]","[0.88, 0.88, 0.46]","[['C', 'D', 'B', 'A'], ['A', 'C', 'D', 'B'], ['D', 'B', 'C', 'A']]","{'C': 5, 'D': 5, 'A': 3, 'B': 2}","[1.0, 1.0, 0.58]",4.08
98,"[2, 4, 5]","[4, 4, 3]","[0.88, 0.88, 0.46]","[['C', 'D', 'B', 'A'], ['A', 'C', 'D', 'B'], ['D', 'C', 'A', 'B']]","{'C': 5, 'D': 5, 'A': 4, 'B': 1}","[1.0, 1.0, 0.58]",4.08
98,"[2, 4, 5]","[4, 4, 3]","[0.88, 0.88, 0.46]","[['C', 'D', 'B', 'A'], ['A', 'C', 'D', 'B'], ['D', 'C', 'B', 'A']]","{'C': 5, 'D': 5, 'A': 3, 'B': 2}","[1.0, 1.0, 0.58]",4.08
98,"[2, 4, 5]","[4, 4, 3]","[0.88, 0.88, 0.46]","[['C', 'D', 'B', 'A'], ['A', 'D', 'C', 'B'], ['A', 'C', 'D', 'B']]","{'C': 5, 'D': 5, 'A': 4, 'B': 1}","[1.0, 1.0, 0.58]",4.08
98,"[2, 4, 5]","[4, 4, 3]","[0.88, 0.88, 0.46]","[['C', 'D', 'B', 'A'], ['A', 'D', 'C', 'B'], ['A', 'D', 'C', 'B']]","{'C': 5, 'D': 5, 'A': 4, 'B': 1}","[1.0, 1.0, 0.58]",4.08
98,"[2, 4, 5]","[4, 4, 3]","[0.88, 0.88, 0.46]","[['C', 'D', 'B', 'A'], ['A', 'D', 'C', 'B'], ['B', 'C', 'D', 'A']]","{'C': 5, 'D': 5, 'A': 3, 'B': 2}","[1.0, 1.0, 0.58]",4.08
98,"[2, 4, 5]","[4, 4, 3]","[0.88, 0.88, 0.46]","[['C', 'D', 'B', 'A'], ['A', 'D', 'C', 'B'], ['B', 'D', 'C', 'A']]","{'C': 5, 'D': 5, 'A': 3, 'B': 2}","[1.0, 1.0, 0.58]",4.08
98,"[2, 4, 5]","[4, 4, 3]","[0.88, 0.88, 0.46]","[['C', 'D', 'B', 'A'], ['A', 'D', 'C', 'B'], ['C', 'A', 'D', 'B']]","{'C': 5, 'D': 5, 'A': 4, 'B': 1}","[1.0, 1.0, 0.58]",4.08
98,"[2, 4, 5]","[4, 4, 3]","[0.88, 0.88, 0.46]","[['C', 'D', 'B', 'A'], ['A', 'D', 'C', 'B'], ['C', 'B', 'D', 'A']]","{'C': 5, 'D': 5, 'A': 3, 'B': 2}","[1.0, 1.0, 0.58]",4.08
98,"[2, 4, 5]","[4, 4, 3]","[0.88, 0.88, 0.46]","[['C', 'D', 'B', 'A'], ['A', 'D', 'C', 'B'], ['C', 'D', 'A', 'B']]","{'C': 5, 'D': 5, 'A': 4, 'B': 1}","[1.0, 1.0, 0.58]",4.08
98,"[2, 4, 5]","[4, 4, 3]","[0.88, 0.88, 0.46]","[['C', 'D', 'B', 'A'], ['A', 'D', 'C', 'B'], ['C', 'D', 'B', 'A']]","{'C': 5, 'D': 5, 'A': 3, 'B': 2}","[1.0, 1.0, 0.58]",4.08
98,"[2, 4, 5]","[4, 4, 3]","[0.88, 0.88, 0.46]","[['C', 'D', 'B', 'A'], ['A', 'D', 'C', 'B'], ['D', 'A', 'C', 'B']]","{'C': 5, 'D': 5, 'A': 4, 'B': 1}","[1.0, 1.0, 0.58]",4.08
98,"[2, 4, 5]","[4, 4, 3]","[0.88, 0.88, 0.46]","[['C', 'D', 'B', 'A'], ['A', 'D', 'C', 'B'], ['D', 'B', 'C', 'A']]","{'C': 5, 'D': 5, 'A': 3, 'B': 2}","[1.0, 1.0, 0.58]",4.08
98,"[2, 4, 5]","[4, 4, 3]","[0.88, 0.88, 0.46]","[['C', 'D', 'B', 'A'], ['A', 'D', 'C', 'B'], ['D', 'C', 'A', 'B']]","{'C': 5, 'D': 5, 'A': 4, 'B': 1}","[1.0, 1.0, 0.58]",4.08
98,"[2, 4, 5]","[4, 4, 3]","[0.88, 0.88, 0.46]","[['C', 'D', 'B', 'A'], ['A', 'D', 'C', 'B'], ['D', 'C', 'B', 'A']]","{'C': 5, 'D': 5, 'A': 3, 'B': 2}","[1.0, 1.0, 0.58]",4.08
98,"[2, 4, 5]","[4, 4, 3]","[0.88, 0.88, 0.46]","[['C', 'D', 'B', 'A'], ['B', 'A', 'C', 'D'], ['B', 'C', 'D', 'A']]","{'C': 5, 'D': 4, 'A': 3, 'B': 3}","[1.0, 1.0, 0.58]",4.08
98,"[2, 4, 5]","[4, 4, 3]","[0.88, 0.88, 0.46]","[['C', 'D', 'B', 'A'], ['B', 'A', 'C', 'D'], ['B', 'D', 'C', 'A']]","{'C': 5, 'D': 4, 'A': 3, 'B': 3}","[1.0, 1.0, 0.58]",4.08
98,"[2, 4, 5]","[4, 4, 3]","[0.88, 0.88, 0.46]","[['C', 'D', 'B', 'A'], ['B', 'A', 'C', 'D'], ['C', 'B', 'D', 'A']]","{'C': 5, 'D': 4, 'A': 3, 'B': 3}","[1.0, 1.0, 0.58]",4.08
98,"[2, 4, 5]","[4, 4, 3]","[0.88, 0.88, 0.46]","[['C', 'D', 'B', 'A'], ['B', 'A', 'C', 'D'], ['C', 'D', 'B', 'A']]","{'C': 5, 'D': 4, 'A': 3, 'B': 3}","[1.0, 1.0, 0.58]",4.08
98,"[2, 4, 5]","[4, 4, 3]","[0.88, 0.88, 0.46]","[['C', 'D', 'B', 'A'], ['B', 'A', 'C', 'D'], ['D', 'B', 'C', 'A']]","{'C': 5, 'D': 4, 'A': 3, 'B': 3}","[1.0, 1.0, 0.58]",4.08
98,"[2, 4, 5]","[4, 4, 3]","[0.88, 0.88, 0.46]","[['C', 'D', 'B', 'A'], ['B', 'A', 'C', 'D'], ['D', 'C', 'B', 'A']]","{'C': 5, 'D': 4, 'A': 3, 'B': 3}","[1.0, 1.0, 0.58]",4.08
98,"[2, 4, 5]","[4, 4, 3]","[0.88, 0.88, 0.46]","[['C', 'D', 'B', 'A'], ['B', 'C', 'A', 'D'], ['B', 'C', 'D', 'A']]","{'C': 5, 'D': 4, 'A': 3, 'B': 3}","[1.0, 1.0, 0.58]",4.08
98,"[2, 4, 5]","[4, 4, 3]","[0.88, 0.88, 0.46]","[['C', 'D', 'B', 'A'], ['B', 'C', 'A', 'D'], ['B', 'D', 'C', 'A']]","{'C': 5, 'D': 4, 'A': 3, 'B': 3}","[1.0, 1.0, 0.58]",4.08
98,"[2, 4, 5]","[4, 4, 3]","[0.88, 0.88, 0.46]","[['C', 'D', 'B', 'A'], ['B', 'C', 'A', 'D'], ['C', 'B', 'D', 'A']]","{'C': 5, 'D': 4, 'A': 3, 'B': 3}","[1.0, 1.0, 0.58]",4.08
98,"[2, 4, 5]","[4, 4, 3]","[0.88, 0.88, 0.46]","[['C', 'D', 'B', 'A'], ['B', 'C', 'A', 'D'], ['C', 'D', 'B', 'A']]","{'C': 5, 'D': 4, 'A': 3, 'B': 3}","[1.0, 1.0, 0.58]",4.08
98,"[2, 4, 5]","[4, 4, 3]","[0.88, 0.88, 0.46]","[['C', 'D', 'B', 'A'], ['B', 'C', 'A', 'D'], ['D', 'B', 'C', 'A']]","{'C': 5, 'D': 4, 'A': 3, 'B': 3}","[1.0, 1.0, 0.58]",4.08
98,"[2, 4, 5]","[4, 4, 3]","[0.88, 0.88, 0.46]","[['C', 'D', 'B', 'A'], ['B', 'C', 'A', 'D'], ['D', 'C', 'B', 'A']]","{'C': 5, 'D': 4, 'A': 3, 'B': 3}","[1.0, 1.0, 0.58]",4.08
98,"[2, 4, 5]","[4, 4, 3]","[0.88, 0.88, 0.46]","[['C', 'D', 'B', 'A'], ['B', 'C', 'D', 'A'], ['A', 'B', 'C', 'D']]","{'C': 5, 'D': 4, 'A': 3, 'B': 3}","[1.0, 1.0, 0.58]",4.08
98,"[2, 4, 5]","[4, 4, 3]","[0.88, 0.88, 0.46]","[['C', 'D', 'B', 'A'], ['B', 'C', 'D', 'A'], ['A', 'C', 'B', 'D']]","{'C': 5, 'D': 4, 'A': 3, 'B': 3}","[1.0, 1.0, 0.58]",4.08
98,"[2, 4, 5]","[4, 4, 3]","[0.88, 0.88, 0.46]","[['C', 'D', 'B', 'A'], ['B', 'C', 'D', 'A'], ['A', 'C', 'D', 'B']]","{'C': 5, 'D': 5, 'A': 3, 'B': 2}","[1.0, 1.0, 0.58]",4.08
98,"[2, 4, 5]","[4, 4, 3]","[0.88, 0.88, 0.46]","[['C', 'D', 'B', 'A'], ['B', 'C', 'D', 'A'], ['A', 'D', 'C', 'B']]","{'C': 5, 'D': 5, 'A': 3, 'B': 2}","[1.0, 1.0, 0.58]",4.08
98,"[2, 4, 5]","[4, 4, 3]","[0.88, 0.88, 0.46]","[['C', 'D', 'B', 'A'], ['B', 'C', 'D', 'A'], ['B', 'A', 'C', 'D']]","{'C': 5, 'D': 4, 'A': 3, 'B': 3}","[1.0, 1.0, 0.58]",4.08
98,"[2, 4, 5]","[4, 4, 3]","[0.88, 0.88, 0.46]","[['C', 'D', 'B', 'A'], ['B', 'C', 'D', 'A'], ['B', 'C', 'A', 'D']]","{'C': 5, 'D': 4, 'A': 3, 'B': 3}","[1.0, 1.0, 0.58]",4.08
98,"[2, 4, 5]","[4, 4, 3]","[0.88, 0.88, 0.46]","[['C', 'D', 'B', 'A'], ['B', 'C', 'D', 'A'], ['B', 'C', 'D', 'A']]","{'C': 5, 'D': 5, 'B': 3, 'A': 2}","[1.0, 1.0, 0.58]",3.7399999999999998
98,"[2, 4, 5]","[4, 4, 3]","[0.88, 0.88, 0.46]","[['C', 'D', 'B', 'A'], ['B', 'C', 'D', 'A'], ['B', 'D', 'C', 'A']]","{'C': 5, 'D': 5, 'B': 3, 'A': 2}","[1.0, 1.0, 0.58]",3.7399999999999998
98,"[2, 4, 5]","[4, 4, 3]","[0.88, 0.88, 0.46]","[['C', 'D', 'B', 'A'], ['B', 'C', 'D', 'A'], ['C', 'A', 'B', 'D']]","{'C': 5, 'D': 4, 'A': 3, 'B': 3}","[1.0, 1.0, 0.58]",4.08
98,"[2, 4, 5]","[4, 4, 3]","[0.88, 0.88, 0.46]","[['C', 'D', 'B', 'A'], ['B', 'C', 'D', 'A'], ['C', 'A', 'D', 'B']]","{'C': 5, 'D': 5, 'A': 3, 'B': 2}","[1.0, 1.0, 0.58]",4.08
98,"[2, 4, 5]","[4, 4, 3]","[0.88, 0.88, 0.46]","[['C', 'D', 'B', 'A'], ['B', 'C', 'D', 'A'], ['C', 'B', 'A', 'D']]","{'C': 5, 'D': 4, 'A': 3, 'B': 3}","[1.0, 1.0, 0.58]",4.08
98,"[2, 4, 5]","[4, 4, 3]","[0.88, 0.88, 0.46]","[['C', 'D', 'B', 'A'], ['B', 'C', 'D', 'A'], ['C', 'B', 'D', 'A']]","{'C': 5, 'D': 5, 'B': 3, 'A': 2}","[1.0, 1.0, 0.58]",3.7399999999999998
98,"[2, 4, 5]","[4, 4, 3]","[0.88, 0.88, 0.46]","[['C', 'D', 'B', 'A'], ['B', 'C', 'D', 'A'], ['C', 'D', 'A', 'B']]","{'C': 5, 'D': 5, 'A': 3, 'B': 2}","[1.0, 1.0, 0.58]",4.08
98,"[2, 4, 5]","[4, 4, 3]","[0.88, 0.88, 0.46]","[['C', 'D', 'B', 'A'], ['B', 'C', 'D', 'A'], ['C', 'D', 'B', 'A']]","{'C': 5, 'D': 5, 'B': 3, 'A': 2}","[1.0, 1.0, 0.58]",3.7399999999999998
98,"[2, 4, 5]","[4, 4, 3]","[0.88, 0.88, 0.46]","[['C', 'D', 'B', 'A'], ['B', 'C', 'D', 'A'], ['D', 'A', 'C', 'B']]","{'C': 5, 'D': 5, 'A': 3, 'B': 2}","[1.0, 1.0, 0.58]",4.08
98,"[2, 4, 5]","[4, 4, 3]","[0.88, 0.88, 0.46]","[['C', 'D', 'B', 'A'], ['B', 'C', 'D', 'A'], ['D', 'B', 'C', 'A']]","{'C': 5, 'D': 5, 'B': 3, 'A': 2}","[1.0, 1.0, 0.58]",3.7399999999999998
98,"[2, 4, 5]","[4, 4, 3]","[0.88, 0.88, 0.46]","[['C', 'D', 'B', 'A'], ['B', 'C', 'D', 'A'], ['D', 'C', 'A', 'B']]","{'C': 5, 'D': 5, 'A': 3, 'B': 2}","[1.0, 1.0, 0.58]",4.08
98,"[2, 4, 5]","[4, 4, 3]","[0.88, 0.88, 0.46]","[['C', 'D', 'B', 'A'], ['B', 'C', 'D', 'A'], ['D', 'C', 'B', 'A']]","{'C': 5, 'D': 5, 'B': 3, 'A': 2}","[1.0, 1.0, 0.58]",3.7399999999999998
98,"[2, 4, 5]","[4, 4, 3]","[0.88, 0.88, 0.46]","[['C', 'D', 'B', 'A'], ['B', 'D', 'C', 'A'], ['A', 'B', 'C', 'D']]","{'C': 5, 'D': 4, 'A': 3, 'B': 3}","[1.0, 1.0, 0.58]",4.08
98,"[2, 4, 5]","[4, 4, 3]","[0.88, 0.88, 0.46]","[['C', 'D', 'B', 'A'], ['B', 'D', 'C', 'A'], ['A', 'C', 'B', 'D']]","{'C': 5, 'D': 4, 'A': 3, 'B': 3}","[1.0, 1.0, 0.58]",4.08
98,"[2, 4, 5]","[4, 4, 3]","[0.88, 0.88, 0.46]","[['C', 'D', 'B', 'A'], ['B', 'D', 'C', 'A'], ['A', 'C', 'D', 'B']]","{'C': 5, 'D': 5, 'A': 3, 'B': 2}","[1.0, 1.0, 0.58]",4.08
98,"[2, 4, 5]","[4, 4, 3]","[0.88, 0.88, 0.46]","[['C', 'D', 'B', 'A'], ['B', 'D', 'C', 'A'], ['A', 'D', 'C', 'B']]","{'C': 5, 'D': 5, 'A': 3, 'B': 2}","[1.0, 1.0, 0.58]",4.08
98,"[2, 4, 5]","[4, 4, 3]","[0.88, 0.88, 0.46]","[['C', 'D', 'B', 'A'], ['B', 'D', 'C', 'A'], ['B', 'A', 'C', 'D']]","{'C': 5, 'D': 4, 'A': 3, 'B': 3}","[1.0, 1.0, 0.58]",4.08
98,"[2, 4, 5]","[4, 4, 3]","[0.88, 0.88, 0.46]","[['C', 'D', 'B', 'A'], ['B', 'D', 'C', 'A'], ['B', 'C', 'A', 'D']]","{'C': 5, 'D': 4, 'A': 3, 'B': 3}","[1.0, 1.0, 0.58]",4.08
98,"[2, 4, 5]","[4, 4, 3]","[0.88, 0.88, 0.46]","[['C', 'D', 'B', 'A'], ['B', 'D', 'C', 'A'], ['B', 'C', 'D', 'A']]","{'C': 5, 'D': 5, 'B': 3, 'A': 2}","[1.0, 1.0, 0.58]",3.7399999999999998
98,"[2, 4, 5]","[4, 4, 3]","[0.88, 0.88, 0.46]","[['C', 'D', 'B', 'A'], ['B', 'D', 'C', 'A'], ['B', 'D', 'C', 'A']]","{'C': 5, 'D': 5, 'B': 3, 'A': 2}","[1.0, 1.0, 0.58]",3.7399999999999998
98,"[2, 4, 5]","[4, 4, 3]","[0.88, 0.88, 0.46]","[['C', 'D', 'B', 'A'], ['B', 'D', 'C', 'A'], ['C', 'A', 'B', 'D']]","{'C': 5, 'D': 4, 'A': 3, 'B': 3}","[1.0, 1.0, 0.58]",4.08
98,"[2, 4, 5]","[4, 4, 3]","[0.88, 0.88, 0.46]","[['C', 'D', 'B', 'A'], ['B', 'D', 'C', 'A'], ['C', 'A', 'D', 'B']]","{'C': 5, 'D': 5, 'A': 3, 'B': 2}","[1.0, 1.0, 0.58]",4.08
98,"[2, 4, 5]","[4, 4, 3]","[0.88, 0.88, 0.46]","[['C', 'D', 'B', 'A'], ['B', 'D', 'C', 'A'], ['C', 'B', 'A', 'D']]","{'C': 5, 'D': 4, 'A': 3, 'B': 3}","[1.0, 1.0, 0.58]",4.08
98,"[2, 4, 5]","[4, 4, 3]","[0.88, 0.88, 0.46]","[['C', 'D', 'B', 'A'], ['B', 'D', 'C', 'A'], ['C', 'B', 'D', 'A']]","{'C': 5, 'D': 5, 'B': 3, 'A': 2}","[1.0, 1.0, 0.58]",3.7399999999999998
98,"[2, 4, 5]","[4, 4, 3]","[0.88, 0.88, 0.46]","[['C', 'D', 'B', 'A'], ['B', 'D', 'C', 'A'], ['C', 'D', 'A', 'B']]","{'C': 5, 'D': 5, 'A': 3, 'B': 2}","[1.0, 1.0, 0.58]",4.08
98,"[2, 4, 5]","[4, 4, 3]","[0.88, 0.88, 0.46]","[['C', 'D', 'B', 'A'], ['B', 'D', 'C', 'A'], ['C', 'D', 'B', 'A']]","{'C': 5, 'D': 5, 'B': 3, 'A': 2}","[1.0, 1.0, 0.58]",3.7399999999999998
98,"[2, 4, 5]","[4, 4, 3]","[0.88, 0.88, 0.46]","[['C', 'D', 'B', 'A'], ['B', 'D', 'C', 'A'], ['D', 'A', 'C', 'B']]","{'C': 5, 'D': 5, 'A': 3, 'B': 2}","[1.0, 1.0, 0.58]",4.08
98,"[2, 4, 5]","[4, 4, 3]","[0.88, 0.88, 0.46]","[['C', 'D', 'B', 'A'], ['B', 'D', 'C', 'A'], ['D', 'B', 'C', 'A']]","{'C': 5, 'D': 5, 'B': 3, 'A': 2}","[1.0, 1.0, 0.58]",3.7399999999999998
98,"[2, 4, 5]","[4, 4, 3]","[0.88, 0.88, 0.46]","[['C', 'D', 'B', 'A'], ['B', 'D', 'C', 'A'], ['D', 'C', 'A', 'B']]","{'C': 5, 'D': 5, 'A': 3, 'B': 2}","[1.0, 1.0, 0.58]",4.08
98,"[2, 4, 5]","[4, 4, 3]","[0.88, 0.88, 0.46]","[['C', 'D', 'B', 'A'], ['B', 'D', 'C', 'A'], ['D', 'C', 'B', 'A']]","{'C': 5, 'D': 5, 'B': 3, 'A': 2}","[1.0, 1.0, 0.58]",3.7399999999999998
98,"[2, 4, 5]","[4, 4, 3]","[0.88, 0.88, 0.46]","[['C', 'D', 'B', 'A'], ['C', 'A', 'B', 'D'], ['B', 'C', 'D', 'A']]","{'C': 5, 'D': 4, 'A': 3, 'B': 3}","[1.0, 1.0, 0.58]",4.08
98,"[2, 4, 5]","[4, 4, 3]","[0.88, 0.88, 0.46]","[['C', 'D', 'B', 'A'], ['C', 'A', 'B', 'D'], ['B', 'D', 'C', 'A']]","{'C': 5, 'D': 4, 'A': 3, 'B': 3}","[1.0, 1.0, 0.58]",4.08
98,"[2, 4, 5]","[4, 4, 3]","[0.88, 0.88, 0.46]","[['C', 'D', 'B', 'A'], ['C', 'A', 'B', 'D'], ['C', 'B', 'D', 'A']]","{'C': 5, 'D': 4, 'A': 3, 'B': 3}","[1.0, 1.0, 0.58]",4.08
98,"[2, 4, 5]","[4, 4, 3]","[0.88, 0.88, 0.46]","[['C', 'D', 'B', 'A'], ['C', 'A', 'B', 'D'], ['C', 'D', 'B', 'A']]","{'C': 5, 'D': 4, 'A': 3, 'B': 3}","[1.0, 1.0, 0.58]",4.08
98,"[2, 4, 5]","[4, 4, 3]","[0.88, 0.88, 0.46]","[['C', 'D', 'B', 'A'], ['C', 'A', 'B', 'D'], ['D', 'B', 'C', 'A']]","{'C': 5, 'D': 4, 'A': 3, 'B': 3}","[1.0, 1.0, 0.58]",4.08
98,"[2, 4, 5]","[4, 4, 3]","[0.88, 0.88, 0.46]","[['C', 'D', 'B', 'A'], ['C', 'A', 'B', 'D'], ['D', 'C', 'B', 'A']]","{'C': 5, 'D': 4, 'A': 3, 'B': 3}","[1.0, 1.0, 0.58]",4.08
98,"[2, 4, 5]","[4, 4, 3]","[0.88, 0.88, 0.46]","[['C', 'D', 'B', 'A'], ['C', 'A', 'D', 'B'], ['A', 'C', 'D', 'B']]","{'C': 5, 'D': 5, 'A': 4, 'B': 1}","[1.0, 1.0, 0.58]",4.08
98,"[2, 4, 5]","[4, 4, 3]","[0.88, 0.88, 0.46]","[['C', 'D', 'B', 'A'], ['C', 'A', 'D', 'B'], ['A', 'D', 'C', 'B']]","{'C': 5, 'D': 5, 'A': 4, 'B': 1}","[1.0, 1.0, 0.58]",4.08
98,"[2, 4, 5]","[4, 4, 3]","[0.88, 0.88, 0.46]","[['C', 'D', 'B', 'A'], ['C', 'A', 'D', 'B'], ['B', 'C', 'D', 'A']]","{'C': 5, 'D': 5, 'A': 3, 'B': 2}","[1.0, 1.0, 0.58]",4.08
98,"[2, 4, 5]","[4, 4, 3]","[0.88, 0.88, 0.46]","[['C', 'D', 'B', 'A'], ['C', 'A', 'D', 'B'], ['B', 'D', 'C', 'A']]","{'C': 5, 'D': 5, 'A': 3, 'B': 2}","[1.0, 1.0, 0.58]",4.08
98,"[2, 4, 5]","[4, 4, 3]","[0.88, 0.88, 0.46]","[['C', 'D', 'B', 'A'], ['C', 'A', 'D', 'B'], ['C', 'A', 'D', 'B']]","{'C': 5, 'D': 5, 'A': 4, 'B': 1}","[1.0, 1.0, 0.58]",4.08
98,"[2, 4, 5]","[4, 4, 3]","[0.88, 0.88, 0.46]","[['C', 'D', 'B', 'A'], ['C', 'A', 'D', 'B'], ['C', 'B', 'D', 'A']]","{'C': 5, 'D': 5, 'A': 3, 'B': 2}","[1.0, 1.0, 0.58]",4.08
98,"[2, 4, 5]","[4, 4, 3]","[0.88, 0.88, 0.46]","[['C', 'D', 'B', 'A'], ['C', 'A', 'D', 'B'], ['C', 'D', 'A', 'B']]","{'C': 5, 'D': 5, 'A': 4, 'B': 1}","[1.0, 1.0, 0.58]",4.08
98,"[2, 4, 5]","[4, 4, 3]","[0.88, 0.88, 0.46]","[['C', 'D', 'B', 'A'], ['C', 'A', 'D', 'B'], ['C', 'D', 'B', 'A']]","{'C': 5, 'D': 5, 'A': 3, 'B': 2}","[1.0, 1.0, 0.58]",4.08
98,"[2, 4, 5]","[4, 4, 3]","[0.88, 0.88, 0.46]","[['C', 'D', 'B', 'A'], ['C', 'A', 'D', 'B'], ['D', 'A', 'C', 'B']]","{'C': 5, 'D': 5, 'A': 4, 'B': 1}","[1.0, 1.0, 0.58]",4.08
98,"[2, 4, 5]","[4, 4, 3]","[0.88, 0.88, 0.46]","[['C', 'D', 'B', 'A'], ['C', 'A', 'D', 'B'], ['D', 'B', 'C', 'A']]","{'C': 5, 'D': 5, 'A': 3, 'B': 2}","[1.0, 1.0, 0.58]",4.08
98,"[2, 4, 5]","[4, 4, 3]","[0.88, 0.88, 0.46]","[['C', 'D', 'B', 'A'], ['C', 'A', 'D', 'B'], ['D', 'C', 'A', 'B']]","{'C': 5, 'D': 5, 'A': 4, 'B': 1}","[1.0, 1.0, 0.58]",4.08
98,"[2, 4, 5]","[4, 4, 3]","[0.88, 0.88, 0.46]","[['C', 'D', 'B', 'A'], ['C', 'A', 'D', 'B'], ['D', 'C', 'B', 'A']]","{'C': 5, 'D': 5, 'A': 3, 'B': 2}","[1.0, 1.0, 0.58]",4.08
98,"[2, 4, 5]","[4, 4, 3]","[0.88, 0.88, 0.46]","[['C', 'D', 'B', 'A'], ['C', 'B', 'A', 'D'], ['B', 'C', 'D', 'A']]","{'C': 5, 'D': 4, 'A': 3, 'B': 3}","[1.0, 1.0, 0.58]",4.08
98,"[2, 4, 5]","[4, 4, 3]","[0.88, 0.88, 0.46]","[['C', 'D', 'B', 'A'], ['C', 'B', 'A', 'D'], ['B', 'D', 'C', 'A']]","{'C': 5, 'D': 4, 'A': 3, 'B': 3}","[1.0, 1.0, 0.58]",4.08
98,"[2, 4, 5]","[4, 4, 3]","[0.88, 0.88, 0.46]","[['C', 'D', 'B', 'A'], ['C', 'B', 'A', 'D'], ['C', 'B', 'D', 'A']]","{'C': 5, 'D': 4, 'A': 3, 'B': 3}","[1.0, 1.0, 0.58]",4.08
98,"[2, 4, 5]","[4, 4, 3]","[0.88, 0.88, 0.46]","[['C', 'D', 'B', 'A'], ['C', 'B', 'A', 'D'], ['C', 'D', 'B', 'A']]","{'C': 5, 'D': 4, 'A': 3, 'B': 3}","[1.0, 1.0, 0.58]",4.08
98,"[2, 4, 5]","[4, 4, 3]","[0.88, 0.88, 0.46]","[['C', 'D', 'B', 'A'], ['C', 'B', 'A', 'D'], ['D', 'B', 'C', 'A']]","{'C': 5, 'D': 4, 'A': 3, 'B': 3}","[1.0, 1.0, 0.58]",4.08
98,"[2, 4, 5]","[4, 4, 3]","[0.88, 0.88, 0.46]","[['C', 'D', 'B', 'A'], ['C', 'B', 'A', 'D'], ['D', 'C', 'B', 'A']]","{'C': 5, 'D': 4, 'A': 3, 'B': 3}","[1.0, 1.0, 0.58]",4.08
98,"[2, 4, 5]","[4, 4, 3]","[0.88, 0.88, 0.46]","[['C', 'D', 'B', 'A'], ['C', 'B', 'D', 'A'], ['A', 'B', 'C', 'D']]","{'C': 5, 'D': 4, 'A': 3, 'B': 3}","[1.0, 1.0, 0.58]",4.08
98,"[2, 4, 5]","[4, 4, 3]","[0.88, 0.88, 0.46]","[['C', 'D', 'B', 'A'], ['C', 'B', 'D', 'A'], ['A', 'C', 'B', 'D']]","{'C': 5, 'D': 4, 'A': 3, 'B': 3}","[1.0, 1.0, 0.58]",4.08
98,"[2, 4, 5]","[4, 4, 3]","[0.88, 0.88, 0.46]","[['C', 'D', 'B', 'A'], ['C', 'B', 'D', 'A'], ['A', 'C', 'D', 'B']]","{'C': 5, 'D': 5, 'A': 3, 'B': 2}","[1.0, 1.0, 0.58]",4.08
98,"[2, 4, 5]","[4, 4, 3]","[0.88, 0.88, 0.46]","[['C', 'D', 'B', 'A'], ['C', 'B', 'D', 'A'], ['A', 'D', 'C', 'B']]","{'C': 5, 'D': 5, 'A': 3, 'B': 2}","[1.0, 1.0, 0.58]",4.08
98,"[2, 4, 5]","[4, 4, 3]","[0.88, 0.88, 0.46]","[['C', 'D', 'B', 'A'], ['C', 'B', 'D', 'A'], ['B', 'A', 'C', 'D']]","{'C': 5, 'D': 4, 'A': 3, 'B': 3}","[1.0, 1.0, 0.58]",4.08
98,"[2, 4, 5]","[4, 4, 3]","[0.88, 0.88, 0.46]","[['C', 'D', 'B', 'A'], ['C', 'B', 'D', 'A'], ['B', 'C', 'A', 'D']]","{'C': 5, 'D': 4, 'A': 3, 'B': 3}","[1.0, 1.0, 0.58]",4.08
98,"[2, 4, 5]","[4, 4, 3]","[0.88, 0.88, 0.46]","[['C', 'D', 'B', 'A'], ['C', 'B', 'D', 'A'], ['B', 'C', 'D', 'A']]","{'C': 5, 'D': 5, 'B': 3, 'A': 2}","[1.0, 1.0, 0.58]",3.7399999999999998
98,"[2, 4, 5]","[4, 4, 3]","[0.88, 0.88, 0.46]","[['C', 'D', 'B', 'A'], ['C', 'B', 'D', 'A'], ['B', 'D', 'C', 'A']]","{'C': 5, 'D': 5, 'B': 3, 'A': 2}","[1.0, 1.0, 0.58]",3.7399999999999998
98,"[2, 4, 5]","[4, 4, 3]","[0.88, 0.88, 0.46]","[['C', 'D', 'B', 'A'], ['C', 'B', 'D', 'A'], ['C', 'A', 'B', 'D']]","{'C': 5, 'D': 4, 'A': 3, 'B': 3}","[1.0, 1.0, 0.58]",4.08
98,"[2, 4, 5]","[4, 4, 3]","[0.88, 0.88, 0.46]","[['C', 'D', 'B', 'A'], ['C', 'B', 'D', 'A'], ['C', 'A', 'D', 'B']]","{'C': 5, 'D': 5, 'A': 3, 'B': 2}","[1.0, 1.0, 0.58]",4.08
98,"[2, 4, 5]","[4, 4, 3]","[0.88, 0.88, 0.46]","[['C', 'D', 'B', 'A'], ['C', 'B', 'D', 'A'], ['C', 'B', 'A', 'D']]","{'C': 5, 'D': 4, 'A': 3, 'B': 3}","[1.0, 1.0, 0.58]",4.08
98,"[2, 4, 5]","[4, 4, 3]","[0.88, 0.88, 0.46]","[['C', 'D', 'B', 'A'], ['C', 'B', 'D', 'A'], ['C', 'B', 'D', 'A']]","{'C': 5, 'D': 5, 'B': 3, 'A': 2}","[1.0, 1.0, 0.58]",3.7399999999999998
98,"[2, 4, 5]","[4, 4, 3]","[0.88, 0.88, 0.46]","[['C', 'D', 'B', 'A'], ['C', 'B', 'D', 'A'], ['C', 'D', 'A', 'B']]","{'C': 5, 'D': 5, 'A': 3, 'B': 2}","[1.0, 1.0, 0.58]",4.08
98,"[2, 4, 5]","[4, 4, 3]","[0.88, 0.88, 0.46]","[['C', 'D', 'B', 'A'], ['C', 'B', 'D', 'A'], ['C', 'D', 'B', 'A']]","{'C': 5, 'D': 5, 'B': 3, 'A': 2}","[1.0, 1.0, 0.58]",3.7399999999999998
98,"[2, 4, 5]","[4, 4, 3]","[0.88, 0.88, 0.46]","[['C', 'D', 'B', 'A'], ['C', 'B', 'D', 'A'], ['D', 'A', 'C', 'B']]","{'C': 5, 'D': 5, 'A': 3, 'B': 2}","[1.0, 1.0, 0.58]",4.08
98,"[2, 4, 5]","[4, 4, 3]","[0.88, 0.88, 0.46]","[['C', 'D', 'B', 'A'], ['C', 'B', 'D', 'A'], ['D', 'B', 'C', 'A']]","{'C': 5, 'D': 5, 'B': 3, 'A': 2}","[1.0, 1.0, 0.58]",3.7399999999999998
98,"[2, 4, 5]","[4, 4, 3]","[0.88, 0.88, 0.46]","[['C', 'D', 'B', 'A'], ['C', 'B', 'D', 'A'], ['D', 'C', 'A', 'B']]","{'C': 5, 'D': 5, 'A': 3, 'B': 2}","[1.0, 1.0, 0.58]",4.08
98,"[2, 4, 5]","[4, 4, 3]","[0.88, 0.88, 0.46]","[['C', 'D', 'B', 'A'], ['C', 'B', 'D', 'A'], ['D', 'C', 'B', 'A']]","{'C': 5, 'D': 5, 'B': 3, 'A': 2}","[1.0, 1.0, 0.58]",3.7399999999999998
98,"[2, 4, 5]","[4, 4, 3]","[0.88, 0.88, 0.46]","[['C', 'D', 'B', 'A'], ['C', 'D', 'A', 'B'], ['A', 'C', 'D', 'B']]","{'C': 5, 'D': 5, 'A': 4, 'B': 1}","[1.0, 1.0, 0.58]",4.08
98,"[2, 4, 5]","[4, 4, 3]","[0.88, 0.88, 0.46]","[['C', 'D', 'B', 'A'], ['C', 'D', 'A', 'B'], ['A', 'D', 'C', 'B']]","{'C': 5, 'D': 5, 'A': 4, 'B': 1}","[1.0, 1.0, 0.58]",4.08
98,"[2, 4, 5]","[4, 4, 3]","[0.88, 0.88, 0.46]","[['C', 'D', 'B', 'A'], ['C', 'D', 'A', 'B'], ['B', 'C', 'D', 'A']]","{'C': 5, 'D': 5, 'A': 3, 'B': 2}","[1.0, 1.0, 0.58]",4.08
98,"[2, 4, 5]","[4, 4, 3]","[0.88, 0.88, 0.46]","[['C', 'D', 'B', 'A'], ['C', 'D', 'A', 'B'], ['B', 'D', 'C', 'A']]","{'C': 5, 'D': 5, 'A': 3, 'B': 2}","[1.0, 1.0, 0.58]",4.08
98,"[2, 4, 5]","[4, 4, 3]","[0.88, 0.88, 0.46]","[['C', 'D', 'B', 'A'], ['C', 'D', 'A', 'B'], ['C', 'A', 'D', 'B']]","{'C': 5, 'D': 5, 'A': 4, 'B': 1}","[1.0, 1.0, 0.58]",4.08
98,"[2, 4, 5]","[4, 4, 3]","[0.88, 0.88, 0.46]","[['C', 'D', 'B', 'A'], ['C', 'D', 'A', 'B'], ['C', 'B', 'D', 'A']]","{'C': 5, 'D': 5, 'A': 3, 'B': 2}","[1.0, 1.0, 0.58]",4.08
98,"[2, 4, 5]","[4, 4, 3]","[0.88, 0.88, 0.46]","[['C', 'D', 'B', 'A'], ['C', 'D', 'A', 'B'], ['C', 'D', 'A', 'B']]","{'C': 5, 'D': 5, 'A': 4, 'B': 1}","[1.0, 1.0, 0.58]",4.08
98,"[2, 4, 5]","[4, 4, 3]","[0.88, 0.88, 0.46]","[['C', 'D', 'B', 'A'], ['C', 'D', 'A', 'B'], ['C', 'D', 'B', 'A']]","{'C': 5, 'D': 5, 'A': 3, 'B': 2}","[1.0, 1.0, 0.58]",4.08
98,"[2, 4, 5]","[4, 4, 3]","[0.88, 0.88, 0.46]","[['C', 'D', 'B', 'A'], ['C', 'D', 'A', 'B'], ['D', 'A', 'C', 'B']]","{'C': 5, 'D': 5, 'A': 4, 'B': 1}","[1.0, 1.0, 0.58]",4.08
98,"[2, 4, 5]","[4, 4, 3]","[0.88, 0.88, 0.46]","[['C', 'D', 'B', 'A'], ['C', 'D', 'A', 'B'], ['D', 'B', 'C', 'A']]","{'C': 5, 'D': 5, 'A': 3, 'B': 2}","[1.0, 1.0, 0.58]",4.08
98,"[2, 4, 5]","[4, 4, 3]","[0.88, 0.88, 0.46]","[['C', 'D', 'B', 'A'], ['C', 'D', 'A', 'B'], ['D', 'C', 'A', 'B']]","{'C': 5, 'D': 5, 'A': 4, 'B': 1}","[1.0, 1.0, 0.58]",4.08
98,"[2, 4, 5]","[4, 4, 3]","[0.88, 0.88, 0.46]","[['C', 'D', 'B', 'A'], ['C', 'D', 'A', 'B'], ['D', 'C', 'B', 'A']]","{'C': 5, 'D': 5, 'A': 3, 'B': 2}","[1.0, 1.0, 0.58]",4.08
98,"[2, 4, 5]","[4, 4, 3]","[0.88, 0.88, 0.46]","[['C', 'D', 'B', 'A'], ['C', 'D', 'B', 'A'], ['A', 'B', 'C', 'D']]","{'C': 5, 'D': 4, 'A': 3, 'B': 3}","[1.0, 1.0, 0.58]",4.08
98,"[2, 4, 5]","[4, 4, 3]","[0.88, 0.88, 0.46]","[['C', 'D', 'B', 'A'], ['C', 'D', 'B', 'A'], ['A', 'C', 'B', 'D']]","{'C': 5, 'D': 4, 'A': 3, 'B': 3}","[1.0, 1.0, 0.58]",4.08
98,"[2, 4, 5]","[4, 4, 3]","[0.88, 0.88, 0.46]","[['C', 'D', 'B', 'A'], ['C', 'D', 'B', 'A'], ['A', 'C', 'D', 'B']]","{'C': 5, 'D': 5, 'A': 3, 'B': 2}","[1.0, 1.0, 0.58]",4.08
98,"[2, 4, 5]","[4, 4, 3]","[0.88, 0.88, 0.46]","[['C', 'D', 'B', 'A'], ['C', 'D', 'B', 'A'], ['A', 'D', 'C', 'B']]","{'C': 5, 'D': 5, 'A': 3, 'B': 2}","[1.0, 1.0, 0.58]",4.08
98,"[2, 4, 5]","[4, 4, 3]","[0.88, 0.88, 0.46]","[['C', 'D', 'B', 'A'], ['C', 'D', 'B', 'A'], ['B', 'A', 'C', 'D']]","{'C': 5, 'D': 4, 'A': 3, 'B': 3}","[1.0, 1.0, 0.58]",4.08
98,"[2, 4, 5]","[4, 4, 3]","[0.88, 0.88, 0.46]","[['C', 'D', 'B', 'A'], ['C', 'D', 'B', 'A'], ['B', 'C', 'A', 'D']]","{'C': 5, 'D': 4, 'A': 3, 'B': 3}","[1.0, 1.0, 0.58]",4.08
98,"[2, 4, 5]","[4, 4, 3]","[0.88, 0.88, 0.46]","[['C', 'D', 'B', 'A'], ['C', 'D', 'B', 'A'], ['B', 'C', 'D', 'A']]","{'C': 5, 'D': 5, 'B': 3, 'A': 2}","[1.0, 1.0, 0.58]",3.7399999999999998
98,"[2, 4, 5]","[4, 4, 3]","[0.88, 0.88, 0.46]","[['C', 'D', 'B', 'A'], ['C', 'D', 'B', 'A'], ['B', 'D', 'C', 'A']]","{'C': 5, 'D': 5, 'B': 3, 'A': 2}","[1.0, 1.0, 0.58]",3.7399999999999998
98,"[2, 4, 5]","[4, 4, 3]","[0.88, 0.88, 0.46]","[['C', 'D', 'B', 'A'], ['C', 'D', 'B', 'A'], ['C', 'A', 'B', 'D']]","{'C': 5, 'D': 4, 'A': 3, 'B': 3}","[1.0, 1.0, 0.58]",4.08
98,"[2, 4, 5]","[4, 4, 3]","[0.88, 0.88, 0.46]","[['C', 'D', 'B', 'A'], ['C', 'D', 'B', 'A'], ['C', 'A', 'D', 'B']]","{'C': 5, 'D': 5, 'A': 3, 'B': 2}","[1.0, 1.0, 0.58]",4.08
98,"[2, 4, 5]","[4, 4, 3]","[0.88, 0.88, 0.46]","[['C', 'D', 'B', 'A'], ['C', 'D', 'B', 'A'], ['C', 'B', 'A', 'D']]","{'C': 5, 'D': 4, 'A': 3, 'B': 3}","[1.0, 1.0, 0.58]",4.08
98,"[2, 4, 5]","[4, 4, 3]","[0.88, 0.88, 0.46]","[['C', 'D', 'B', 'A'], ['C', 'D', 'B', 'A'], ['C', 'B', 'D', 'A']]","{'C': 5, 'D': 5, 'B': 3, 'A': 2}","[1.0, 1.0, 0.58]",3.7399999999999998
98,"[2, 4, 5]","[4, 4, 3]","[0.88, 0.88, 0.46]","[['C', 'D', 'B', 'A'], ['C', 'D', 'B', 'A'], ['C', 'D', 'A', 'B']]","{'C': 5, 'D': 5, 'A': 3, 'B': 2}","[1.0, 1.0, 0.58]",4.08
98,"[2, 4, 5]","[4, 4, 3]","[0.88, 0.88, 0.46]","[['C', 'D', 'B', 'A'], ['C', 'D', 'B', 'A'], ['C', 'D', 'B', 'A']]","{'C': 5, 'D': 5, 'B': 3, 'A': 2}","[1.0, 1.0, 0.58]",3.7399999999999998
98,"[2, 4, 5]","[4, 4, 3]","[0.88, 0.88, 0.46]","[['C', 'D', 'B', 'A'], ['C', 'D', 'B', 'A'], ['D', 'A', 'C', 'B']]","{'C': 5, 'D': 5, 'A': 3, 'B': 2}","[1.0, 1.0, 0.58]",4.08
98,"[2, 4, 5]","[4, 4, 3]","[0.88, 0.88, 0.46]","[['C', 'D', 'B', 'A'], ['C', 'D', 'B', 'A'], ['D', 'B', 'C', 'A']]","{'C': 5, 'D': 5, 'B': 3, 'A': 2}","[1.0, 1.0, 0.58]",3.7399999999999998
98,"[2, 4, 5]","[4, 4, 3]","[0.88, 0.88, 0.46]","[['C', 'D', 'B', 'A'], ['C', 'D', 'B', 'A'], ['D', 'C', 'A', 'B']]","{'C': 5, 'D': 5, 'A': 3, 'B': 2}","[1.0, 1.0, 0.58]",4.08
98,"[2, 4, 5]","[4, 4, 3]","[0.88, 0.88, 0.46]","[['C', 'D', 'B', 'A'], ['C', 'D', 'B', 'A'], ['D', 'C', 'B', 'A']]","{'C': 5, 'D': 5, 'B': 3, 'A': 2}","[1.0, 1.0, 0.58]",3.7399999999999998
98,"[2, 4, 5]","[4, 4, 3]","[0.88, 0.88, 0.46]","[['C', 'D', 'B', 'A'], ['D', 'A', 'C', 'B'], ['A', 'C', 'D', 'B']]","{'C': 5, 'D': 5, 'A': 4, 'B': 1}","[1.0, 1.0, 0.58]",4.08
98,"[2, 4, 5]","[4, 4, 3]","[0.88, 0.88, 0.46]","[['C', 'D', 'B', 'A'], ['D', 'A', 'C', 'B'], ['A', 'D', 'C', 'B']]","{'C': 5, 'D': 5, 'A': 4, 'B': 1}","[1.0, 1.0, 0.58]",4.08
98,"[2, 4, 5]","[4, 4, 3]","[0.88, 0.88, 0.46]","[['C', 'D', 'B', 'A'], ['D', 'A', 'C', 'B'], ['B', 'C', 'D', 'A']]","{'C': 5, 'D': 5, 'A': 3, 'B': 2}","[1.0, 1.0, 0.58]",4.08
98,"[2, 4, 5]","[4, 4, 3]","[0.88, 0.88, 0.46]","[['C', 'D', 'B', 'A'], ['D', 'A', 'C', 'B'], ['B', 'D', 'C', 'A']]","{'C': 5, 'D': 5, 'A': 3, 'B': 2}","[1.0, 1.0, 0.58]",4.08
98,"[2, 4, 5]","[4, 4, 3]","[0.88, 0.88, 0.46]","[['C', 'D', 'B', 'A'], ['D', 'A', 'C', 'B'], ['C', 'A', 'D', 'B']]","{'C': 5, 'D': 5, 'A': 4, 'B': 1}","[1.0, 1.0, 0.58]",4.08
98,"[2, 4, 5]","[4, 4, 3]","[0.88, 0.88, 0.46]","[['C', 'D', 'B', 'A'], ['D', 'A', 'C', 'B'], ['C', 'B', 'D', 'A']]","{'C': 5, 'D': 5, 'A': 3, 'B': 2}","[1.0, 1.0, 0.58]",4.08
98,"[2, 4, 5]","[4, 4, 3]","[0.88, 0.88, 0.46]","[['C', 'D', 'B', 'A'], ['D', 'A', 'C', 'B'], ['C', 'D', 'A', 'B']]","{'C': 5, 'D': 5, 'A': 4, 'B': 1}","[1.0, 1.0, 0.58]",4.08
98,"[2, 4, 5]","[4, 4, 3]","[0.88, 0.88, 0.46]","[['C', 'D', 'B', 'A'], ['D', 'A', 'C', 'B'], ['C', 'D', 'B', 'A']]","{'C': 5, 'D': 5, 'A': 3, 'B': 2}","[1.0, 1.0, 0.58]",4.08
98,"[2, 4, 5]","[4, 4, 3]","[0.88, 0.88, 0.46]","[['C', 'D', 'B', 'A'], ['D', 'A', 'C', 'B'], ['D', 'A', 'C', 'B']]","{'C': 5, 'D': 5, 'A': 4, 'B': 1}","[1.0, 1.0, 0.58]",4.08
98,"[2, 4, 5]","[4, 4, 3]","[0.88, 0.88, 0.46]","[['C', 'D', 'B', 'A'], ['D', 'A', 'C', 'B'], ['D', 'B', 'C', 'A']]","{'C': 5, 'D': 5, 'A': 3, 'B': 2}","[1.0, 1.0, 0.58]",4.08
98,"[2, 4, 5]","[4, 4, 3]","[0.88, 0.88, 0.46]","[['C', 'D', 'B', 'A'], ['D', 'A', 'C', 'B'], ['D', 'C', 'A', 'B']]","{'C': 5, 'D': 5, 'A': 4, 'B': 1}","[1.0, 1.0, 0.58]",4.08
98,"[2, 4, 5]","[4, 4, 3]","[0.88, 0.88, 0.46]","[['C', 'D', 'B', 'A'], ['D', 'A', 'C', 'B'], ['D', 'C', 'B', 'A']]","{'C': 5, 'D': 5, 'A': 3, 'B': 2}","[1.0, 1.0, 0.58]",4.08
98,"[2, 4, 5]","[4, 4, 3]","[0.88, 0.88, 0.46]","[['C', 'D', 'B', 'A'], ['D', 'B', 'C', 'A'], ['A', 'B', 'C', 'D']]","{'C': 5, 'D': 4, 'A': 3, 'B': 3}","[1.0, 1.0, 0.58]",4.08
98,"[2, 4, 5]","[4, 4, 3]","[0.88, 0.88, 0.46]","[['C', 'D', 'B', 'A'], ['D', 'B', 'C', 'A'], ['A', 'C', 'B', 'D']]","{'C': 5, 'D': 4, 'A': 3, 'B': 3}","[1.0, 1.0, 0.58]",4.08
98,"[2, 4, 5]","[4, 4, 3]","[0.88, 0.88, 0.46]","[['C', 'D', 'B', 'A'], ['D', 'B', 'C', 'A'], ['A', 'C', 'D', 'B']]","{'C': 5, 'D': 5, 'A': 3, 'B': 2}","[1.0, 1.0, 0.58]",4.08
98,"[2, 4, 5]","[4, 4, 3]","[0.88, 0.88, 0.46]","[['C', 'D', 'B', 'A'], ['D', 'B', 'C', 'A'], ['A', 'D', 'C', 'B']]","{'C': 5, 'D': 5, 'A': 3, 'B': 2}","[1.0, 1.0, 0.58]",4.08
98,"[2, 4, 5]","[4, 4, 3]","[0.88, 0.88, 0.46]","[['C', 'D', 'B', 'A'], ['D', 'B', 'C', 'A'], ['B', 'A', 'C', 'D']]","{'C': 5, 'D': 4, 'A': 3, 'B': 3}","[1.0, 1.0, 0.58]",4.08
98,"[2, 4, 5]","[4, 4, 3]","[0.88, 0.88, 0.46]","[['C', 'D', 'B', 'A'], ['D', 'B', 'C', 'A'], ['B', 'C', 'A', 'D']]","{'C': 5, 'D': 4, 'A': 3, 'B': 3}","[1.0, 1.0, 0.58]",4.08
98,"[2, 4, 5]","[4, 4, 3]","[0.88, 0.88, 0.46]","[['C', 'D', 'B', 'A'], ['D', 'B', 'C', 'A'], ['B', 'C', 'D', 'A']]","{'C': 5, 'D': 5, 'B': 3, 'A': 2}","[1.0, 1.0, 0.58]",3.7399999999999998
98,"[2, 4, 5]","[4, 4, 3]","[0.88, 0.88, 0.46]","[['C', 'D', 'B', 'A'], ['D', 'B', 'C', 'A'], ['B', 'D', 'C', 'A']]","{'C': 5, 'D': 5, 'B': 3, 'A': 2}","[1.0, 1.0, 0.58]",3.7399999999999998
98,"[2, 4, 5]","[4, 4, 3]","[0.88, 0.88, 0.46]","[['C', 'D', 'B', 'A'], ['D', 'B', 'C', 'A'], ['C', 'A', 'B', 'D']]","{'C': 5, 'D': 4, 'A': 3, 'B': 3}","[1.0, 1.0, 0.58]",4.08
98,"[2, 4, 5]","[4, 4, 3]","[0.88, 0.88, 0.46]","[['C', 'D', 'B', 'A'], ['D', 'B', 'C', 'A'], ['C', 'A', 'D', 'B']]","{'C': 5, 'D': 5, 'A': 3, 'B': 2}","[1.0, 1.0, 0.58]",4.08
98,"[2, 4, 5]","[4, 4, 3]","[0.88, 0.88, 0.46]","[['C', 'D', 'B', 'A'], ['D', 'B', 'C', 'A'], ['C', 'B', 'A', 'D']]","{'C': 5, 'D': 4, 'A': 3, 'B': 3}","[1.0, 1.0, 0.58]",4.08
98,"[2, 4, 5]","[4, 4, 3]","[0.88, 0.88, 0.46]","[['C', 'D', 'B', 'A'], ['D', 'B', 'C', 'A'], ['C', 'B', 'D', 'A']]","{'C': 5, 'D': 5, 'B': 3, 'A': 2}","[1.0, 1.0, 0.58]",3.7399999999999998
98,"[2, 4, 5]","[4, 4, 3]","[0.88, 0.88, 0.46]","[['C', 'D', 'B', 'A'], ['D', 'B', 'C', 'A'], ['C', 'D', 'A', 'B']]","{'C': 5, 'D': 5, 'A': 3, 'B': 2}","[1.0, 1.0, 0.58]",4.08
98,"[2, 4, 5]","[4, 4, 3]","[0.88, 0.88, 0.46]","[['C', 'D', 'B', 'A'], ['D', 'B', 'C', 'A'], ['C', 'D', 'B', 'A']]","{'C': 5, 'D': 5, 'B': 3, 'A': 2}","[1.0, 1.0, 0.58]",3.7399999999999998
98,"[2, 4, 5]","[4, 4, 3]","[0.88, 0.88, 0.46]","[['C', 'D', 'B', 'A'], ['D', 'B', 'C', 'A'], ['D', 'A', 'C', 'B']]","{'C': 5, 'D': 5, 'A': 3, 'B': 2}","[1.0, 1.0, 0.58]",4.08
98,"[2, 4, 5]","[4, 4, 3]","[0.88, 0.88, 0.46]","[['C', 'D', 'B', 'A'], ['D', 'B', 'C', 'A'], ['D', 'B', 'C', 'A']]","{'C': 5, 'D': 5, 'B': 3, 'A': 2}","[1.0, 1.0, 0.58]",3.7399999999999998
98,"[2, 4, 5]","[4, 4, 3]","[0.88, 0.88, 0.46]","[['C', 'D', 'B', 'A'], ['D', 'B', 'C', 'A'], ['D', 'C', 'A', 'B']]","{'C': 5, 'D': 5, 'A': 3, 'B': 2}","[1.0, 1.0, 0.58]",4.08
98,"[2, 4, 5]","[4, 4, 3]","[0.88, 0.88, 0.46]","[['C', 'D', 'B', 'A'], ['D', 'B', 'C', 'A'], ['D', 'C', 'B', 'A']]","{'C': 5, 'D': 5, 'B': 3, 'A': 2}","[1.0, 1.0, 0.58]",3.7399999999999998
98,"[2, 4, 5]","[4, 4, 3]","[0.88, 0.88, 0.46]","[['C', 'D', 'B', 'A'], ['D', 'C', 'A', 'B'], ['A', 'C', 'D', 'B']]","{'C': 5, 'D': 5, 'A': 4, 'B': 1}","[1.0, 1.0, 0.58]",4.08
98,"[2, 4, 5]","[4, 4, 3]","[0.88, 0.88, 0.46]","[['C', 'D', 'B', 'A'], ['D', 'C', 'A', 'B'], ['A', 'D', 'C', 'B']]","{'C': 5, 'D': 5, 'A': 4, 'B': 1}","[1.0, 1.0, 0.58]",4.08
98,"[2, 4, 5]","[4, 4, 3]","[0.88, 0.88, 0.46]","[['C', 'D', 'B', 'A'], ['D', 'C', 'A', 'B'], ['B', 'C', 'D', 'A']]","{'C': 5, 'D': 5, 'A': 3, 'B': 2}","[1.0, 1.0, 0.58]",4.08
98,"[2, 4, 5]","[4, 4, 3]","[0.88, 0.88, 0.46]","[['C', 'D', 'B', 'A'], ['D', 'C', 'A', 'B'], ['B', 'D', 'C', 'A']]","{'C': 5, 'D': 5, 'A': 3, 'B': 2}","[1.0, 1.0, 0.58]",4.08
98,"[2, 4, 5]","[4, 4, 3]","[0.88, 0.88, 0.46]","[['C', 'D', 'B', 'A'], ['D', 'C', 'A', 'B'], ['C', 'A', 'D', 'B']]","{'C': 5, 'D': 5, 'A': 4, 'B': 1}","[1.0, 1.0, 0.58]",4.08
98,"[2, 4, 5]","[4, 4, 3]","[0.88, 0.88, 0.46]","[['C', 'D', 'B', 'A'], ['D', 'C', 'A', 'B'], ['C', 'B', 'D', 'A']]","{'C': 5, 'D': 5, 'A': 3, 'B': 2}","[1.0, 1.0, 0.58]",4.08
98,"[2, 4, 5]","[4, 4, 3]","[0.88, 0.88, 0.46]","[['C', 'D', 'B', 'A'], ['D', 'C', 'A', 'B'], ['C', 'D', 'A', 'B']]","{'C': 5, 'D': 5, 'A': 4, 'B': 1}","[1.0, 1.0, 0.58]",4.08
98,"[2, 4, 5]","[4, 4, 3]","[0.88, 0.88, 0.46]","[['C', 'D', 'B', 'A'], ['D', 'C', 'A', 'B'], ['C', 'D', 'B', 'A']]","{'C': 5, 'D': 5, 'A': 3, 'B': 2}","[1.0, 1.0, 0.58]",4.08
98,"[2, 4, 5]","[4, 4, 3]","[0.88, 0.88, 0.46]","[['C', 'D', 'B', 'A'], ['D', 'C', 'A', 'B'], ['D', 'A', 'C', 'B']]","{'C': 5, 'D': 5, 'A': 4, 'B': 1}","[1.0, 1.0, 0.58]",4.08
98,"[2, 4, 5]","[4, 4, 3]","[0.88, 0.88, 0.46]","[['C', 'D', 'B', 'A'], ['D', 'C', 'A', 'B'], ['D', 'B', 'C', 'A']]","{'C': 5, 'D': 5, 'A': 3, 'B': 2}","[1.0, 1.0, 0.58]",4.08
98,"[2, 4, 5]","[4, 4, 3]","[0.88, 0.88, 0.46]","[['C', 'D', 'B', 'A'], ['D', 'C', 'A', 'B'], ['D', 'C', 'A', 'B']]","{'C': 5, 'D': 5, 'A': 4, 'B': 1}","[1.0, 1.0, 0.58]",4.08
98,"[2, 4, 5]","[4, 4, 3]","[0.88, 0.88, 0.46]","[['C', 'D', 'B', 'A'], ['D', 'C', 'A', 'B'], ['D', 'C', 'B', 'A']]","{'C': 5, 'D': 5, 'A': 3, 'B': 2}","[1.0, 1.0, 0.58]",4.08
98,"[2, 4, 5]","[4, 4, 3]","[0.88, 0.88, 0.46]","[['C', 'D', 'B', 'A'], ['D', 'C', 'B', 'A'], ['A', 'B', 'C', 'D']]","{'C': 5, 'D': 4, 'A': 3, 'B': 3}","[1.0, 1.0, 0.58]",4.08
98,"[2, 4, 5]","[4, 4, 3]","[0.88, 0.88, 0.46]","[['C', 'D', 'B', 'A'], ['D', 'C', 'B', 'A'], ['A', 'C', 'B', 'D']]","{'C': 5, 'D': 4, 'A': 3, 'B': 3}","[1.0, 1.0, 0.58]",4.08
98,"[2, 4, 5]","[4, 4, 3]","[0.88, 0.88, 0.46]","[['C', 'D', 'B', 'A'], ['D', 'C', 'B', 'A'], ['A', 'C', 'D', 'B']]","{'C': 5, 'D': 5, 'A': 3, 'B': 2}","[1.0, 1.0, 0.58]",4.08
98,"[2, 4, 5]","[4, 4, 3]","[0.88, 0.88, 0.46]","[['C', 'D', 'B', 'A'], ['D', 'C', 'B', 'A'], ['A', 'D', 'C', 'B']]","{'C': 5, 'D': 5, 'A': 3, 'B': 2}","[1.0, 1.0, 0.58]",4.08
98,"[2, 4, 5]","[4, 4, 3]","[0.88, 0.88, 0.46]","[['C', 'D', 'B', 'A'], ['D', 'C', 'B', 'A'], ['B', 'A', 'C', 'D']]","{'C': 5, 'D': 4, 'A': 3, 'B': 3}","[1.0, 1.0, 0.58]",4.08
98,"[2, 4, 5]","[4, 4, 3]","[0.88, 0.88, 0.46]","[['C', 'D', 'B', 'A'], ['D', 'C', 'B', 'A'], ['B', 'C', 'A', 'D']]","{'C': 5, 'D': 4, 'A': 3, 'B': 3}","[1.0, 1.0, 0.58]",4.08
98,"[2, 4, 5]","[4, 4, 3]","[0.88, 0.88, 0.46]","[['C', 'D', 'B', 'A'], ['D', 'C', 'B', 'A'], ['B', 'C', 'D', 'A']]","{'C': 5, 'D': 5, 'B': 3, 'A': 2}","[1.0, 1.0, 0.58]",3.7399999999999998
98,"[2, 4, 5]","[4, 4, 3]","[0.88, 0.88, 0.46]","[['C', 'D', 'B', 'A'], ['D', 'C', 'B', 'A'], ['B', 'D', 'C', 'A']]","{'C': 5, 'D': 5, 'B': 3, 'A': 2}","[1.0, 1.0, 0.58]",3.7399999999999998
98,"[2, 4, 5]","[4, 4, 3]","[0.88, 0.88, 0.46]","[['C', 'D', 'B', 'A'], ['D', 'C', 'B', 'A'], ['C', 'A', 'B', 'D']]","{'C': 5, 'D': 4, 'A': 3, 'B': 3}","[1.0, 1.0, 0.58]",4.08
98,"[2, 4, 5]","[4, 4, 3]","[0.88, 0.88, 0.46]","[['C', 'D', 'B', 'A'], ['D', 'C', 'B', 'A'], ['C', 'A', 'D', 'B']]","{'C': 5, 'D': 5, 'A': 3, 'B': 2}","[1.0, 1.0, 0.58]",4.08
98,"[2, 4, 5]","[4, 4, 3]","[0.88, 0.88, 0.46]","[['C', 'D', 'B', 'A'], ['D', 'C', 'B', 'A'], ['C', 'B', 'A', 'D']]","{'C': 5, 'D': 4, 'A': 3, 'B': 3}","[1.0, 1.0, 0.58]",4.08
98,"[2, 4, 5]","[4, 4, 3]","[0.88, 0.88, 0.46]","[['C', 'D', 'B', 'A'], ['D', 'C', 'B', 'A'], ['C', 'B', 'D', 'A']]","{'C': 5, 'D': 5, 'B': 3, 'A': 2}","[1.0, 1.0, 0.58]",3.7399999999999998
98,"[2, 4, 5]","[4, 4, 3]","[0.88, 0.88, 0.46]","[['C', 'D', 'B', 'A'], ['D', 'C', 'B', 'A'], ['C', 'D', 'A', 'B']]","{'C': 5, 'D': 5, 'A': 3, 'B': 2}","[1.0, 1.0, 0.58]",4.08
98,"[2, 4, 5]","[4, 4, 3]","[0.88, 0.88, 0.46]","[['C', 'D', 'B', 'A'], ['D', 'C', 'B', 'A'], ['C', 'D', 'B', 'A']]","{'C': 5, 'D': 5, 'B': 3, 'A': 2}","[1.0, 1.0, 0.58]",3.7399999999999998
98,"[2, 4, 5]","[4, 4, 3]","[0.88, 0.88, 0.46]","[['C', 'D', 'B', 'A'], ['D', 'C', 'B', 'A'], ['D', 'A', 'C', 'B']]","{'C': 5, 'D': 5, 'A': 3, 'B': 2}","[1.0, 1.0, 0.58]",4.08
98,"[2, 4, 5]","[4, 4, 3]","[0.88, 0.88, 0.46]","[['C', 'D', 'B', 'A'], ['D', 'C', 'B', 'A'], ['D', 'B', 'C', 'A']]","{'C': 5, 'D': 5, 'B': 3, 'A': 2}","[1.0, 1.0, 0.58]",3.7399999999999998
98,"[2, 4, 5]","[4, 4, 3]","[0.88, 0.88, 0.46]","[['C', 'D', 'B', 'A'], ['D', 'C', 'B', 'A'], ['D', 'C', 'A', 'B']]","{'C': 5, 'D': 5, 'A': 3, 'B': 2}","[1.0, 1.0, 0.58]",4.08
98,"[2, 4, 5]","[4, 4, 3]","[0.88, 0.88, 0.46]","[['C', 'D', 'B', 'A'], ['D', 'C', 'B', 'A'], ['D', 'C', 'B', 'A']]","{'C': 5, 'D': 5, 'B': 3, 'A': 2}","[1.0, 1.0, 0.58]",3.7399999999999998
98,"[2, 4, 5]","[4, 4, 3]","[0.88, 0.88, 0.46]","[['D', 'A', 'C', 'B'], ['A', 'C', 'D', 'B'], ['B', 'C', 'D', 'A']]","{'C': 5, 'D': 5, 'A': 4, 'B': 1}","[1.0, 1.0, 0.58]",4.08
98,"[2, 4, 5]","[4, 4, 3]","[0.88, 0.88, 0.46]","[['D', 'A', 'C', 'B'], ['A', 'C', 'D', 'B'], ['B', 'D', 'C', 'A']]","{'C': 5, 'D': 5, 'A': 4, 'B': 1}","[1.0, 1.0, 0.58]",4.08
98,"[2, 4, 5]","[4, 4, 3]","[0.88, 0.88, 0.46]","[['D', 'A', 'C', 'B'], ['A', 'C', 'D', 'B'], ['C', 'B', 'D', 'A']]","{'C': 5, 'D': 5, 'A': 4, 'B': 1}","[1.0, 1.0, 0.58]",4.08
98,"[2, 4, 5]","[4, 4, 3]","[0.88, 0.88, 0.46]","[['D', 'A', 'C', 'B'], ['A', 'C', 'D', 'B'], ['C', 'D', 'B', 'A']]","{'C': 5, 'D': 5, 'A': 4, 'B': 1}","[1.0, 1.0, 0.58]",4.08
98,"[2, 4, 5]","[4, 4, 3]","[0.88, 0.88, 0.46]","[['D', 'A', 'C', 'B'], ['A', 'C', 'D', 'B'], ['D', 'B', 'C', 'A']]","{'C': 5, 'D': 5, 'A': 4, 'B': 1}","[1.0, 1.0, 0.58]",4.08
98,"[2, 4, 5]","[4, 4, 3]","[0.88, 0.88, 0.46]","[['D', 'A', 'C', 'B'], ['A', 'C', 'D', 'B'], ['D', 'C', 'B', 'A']]","{'C': 5, 'D': 5, 'A': 4, 'B': 1}","[1.0, 1.0, 0.58]",4.08
98,"[2, 4, 5]","[4, 4, 3]","[0.88, 0.88, 0.46]","[['D', 'A', 'C', 'B'], ['A', 'D', 'C', 'B'], ['B', 'C', 'D', 'A']]","{'C': 5, 'D': 5, 'A': 4, 'B': 1}","[1.0, 1.0, 0.58]",4.08
98,"[2, 4, 5]","[4, 4, 3]","[0.88, 0.88, 0.46]","[['D', 'A', 'C', 'B'], ['A', 'D', 'C', 'B'], ['B', 'D', 'C', 'A']]","{'C': 5, 'D': 5, 'A': 4, 'B': 1}","[1.0, 1.0, 0.58]",4.08
98,"[2, 4, 5]","[4, 4, 3]","[0.88, 0.88, 0.46]","[['D', 'A', 'C', 'B'], ['A', 'D', 'C', 'B'], ['C', 'B', 'D', 'A']]","{'C': 5, 'D': 5, 'A': 4, 'B': 1}","[1.0, 1.0, 0.58]",4.08
98,"[2, 4, 5]","[4, 4, 3]","[0.88, 0.88, 0.46]","[['D', 'A', 'C', 'B'], ['A', 'D', 'C', 'B'], ['C', 'D', 'B', 'A']]","{'C': 5, 'D': 5, 'A': 4, 'B': 1}","[1.0, 1.0, 0.58]",4.08
98,"[2, 4, 5]","[4, 4, 3]","[0.88, 0.88, 0.46]","[['D', 'A', 'C', 'B'], ['A', 'D', 'C', 'B'], ['D', 'B', 'C', 'A']]","{'C': 5, 'D': 5, 'A': 4, 'B': 1}","[1.0, 1.0, 0.58]",4.08
98,"[2, 4, 5]","[4, 4, 3]","[0.88, 0.88, 0.46]","[['D', 'A', 'C', 'B'], ['A', 'D', 'C', 'B'], ['D', 'C', 'B', 'A']]","{'C': 5, 'D': 5, 'A': 4, 'B': 1}","[1.0, 1.0, 0.58]",4.08
98,"[2, 4, 5]","[4, 4, 3]","[0.88, 0.88, 0.46]","[['D', 'A', 'C', 'B'], ['B', 'C', 'D', 'A'], ['A', 'C', 'D', 'B']]","{'C': 5, 'D': 5, 'A': 4, 'B': 1}","[1.0, 1.0, 0.58]",4.08
98,"[2, 4, 5]","[4, 4, 3]","[0.88, 0.88, 0.46]","[['D', 'A', 'C', 'B'], ['B', 'C', 'D', 'A'], ['A', 'D', 'C', 'B']]","{'C': 5, 'D': 5, 'A': 4, 'B': 1}","[1.0, 1.0, 0.58]",4.08
98,"[2, 4, 5]","[4, 4, 3]","[0.88, 0.88, 0.46]","[['D', 'A', 'C', 'B'], ['B', 'C', 'D', 'A'], ['B', 'C', 'D', 'A']]","{'C': 5, 'D': 5, 'A': 3, 'B': 2}","[1.0, 1.0, 0.58]",4.08
98,"[2, 4, 5]","[4, 4, 3]","[0.88, 0.88, 0.46]","[['D', 'A', 'C', 'B'], ['B', 'C', 'D', 'A'], ['B', 'D', 'C', 'A']]","{'C': 5, 'D': 5, 'A': 3, 'B': 2}","[1.0, 1.0, 0.58]",4.08
98,"[2, 4, 5]","[4, 4, 3]","[0.88, 0.88, 0.46]","[['D', 'A', 'C', 'B'], ['B', 'C', 'D', 'A'], ['C', 'A', 'D', 'B']]","{'C': 5, 'D': 5, 'A': 4, 'B': 1}","[1.0, 1.0, 0.58]",4.08
98,"[2, 4, 5]","[4, 4, 3]","[0.88, 0.88, 0.46]","[['D', 'A', 'C', 'B'], ['B', 'C', 'D', 'A'], ['C', 'B', 'D', 'A']]","{'C': 5, 'D': 5, 'A': 3, 'B': 2}","[1.0, 1.0, 0.58]",4.08
98,"[2, 4, 5]","[4, 4, 3]","[0.88, 0.88, 0.46]","[['D', 'A', 'C', 'B'], ['B', 'C', 'D', 'A'], ['C', 'D', 'A', 'B']]","{'C': 5, 'D': 5, 'A': 4, 'B': 1}","[1.0, 1.0, 0.58]",4.08
98,"[2, 4, 5]","[4, 4, 3]","[0.88, 0.88, 0.46]","[['D', 'A', 'C', 'B'], ['B', 'C', 'D', 'A'], ['C', 'D', 'B', 'A']]","{'C': 5, 'D': 5, 'A': 3, 'B': 2}","[1.0, 1.0, 0.58]",4.08
98,"[2, 4, 5]","[4, 4, 3]","[0.88, 0.88, 0.46]","[['D', 'A', 'C', 'B'], ['B', 'C', 'D', 'A'], ['D', 'A', 'C', 'B']]","{'C': 5, 'D': 5, 'A': 4, 'B': 1}","[1.0, 1.0, 0.58]",4.08
98,"[2, 4, 5]","[4, 4, 3]","[0.88, 0.88, 0.46]","[['D', 'A', 'C', 'B'], ['B', 'C', 'D', 'A'], ['D', 'B', 'C', 'A']]","{'C': 5, 'D': 5, 'A': 3, 'B': 2}","[1.0, 1.0, 0.58]",4.08
98,"[2, 4, 5]","[4, 4, 3]","[0.88, 0.88, 0.46]","[['D', 'A', 'C', 'B'], ['B', 'C', 'D', 'A'], ['D', 'C', 'A', 'B']]","{'C': 5, 'D': 5, 'A': 4, 'B': 1}","[1.0, 1.0, 0.58]",4.08
98,"[2, 4, 5]","[4, 4, 3]","[0.88, 0.88, 0.46]","[['D', 'A', 'C', 'B'], ['B', 'C', 'D', 'A'], ['D', 'C', 'B', 'A']]","{'C': 5, 'D': 5, 'A': 3, 'B': 2}","[1.0, 1.0, 0.58]",4.08
98,"[2, 4, 5]","[4, 4, 3]","[0.88, 0.88, 0.46]","[['D', 'A', 'C', 'B'], ['B', 'D', 'C', 'A'], ['A', 'C', 'D', 'B']]","{'C': 5, 'D': 5, 'A': 4, 'B': 1}","[1.0, 1.0, 0.58]",4.08
98,"[2, 4, 5]","[4, 4, 3]","[0.88, 0.88, 0.46]","[['D', 'A', 'C', 'B'], ['B', 'D', 'C', 'A'], ['A', 'D', 'C', 'B']]","{'C': 5, 'D': 5, 'A': 4, 'B': 1}","[1.0, 1.0, 0.58]",4.08
98,"[2, 4, 5]","[4, 4, 3]","[0.88, 0.88, 0.46]","[['D', 'A', 'C', 'B'], ['B', 'D', 'C', 'A'], ['B', 'C', 'D', 'A']]","{'C': 5, 'D': 5, 'A': 3, 'B': 2}","[1.0, 1.0, 0.58]",4.08
98,"[2, 4, 5]","[4, 4, 3]","[0.88, 0.88, 0.46]","[['D', 'A', 'C', 'B'], ['B', 'D', 'C', 'A'], ['B', 'D', 'C', 'A']]","{'C': 5, 'D': 5, 'A': 3, 'B': 2}","[1.0, 1.0, 0.58]",4.08
98,"[2, 4, 5]","[4, 4, 3]","[0.88, 0.88, 0.46]","[['D', 'A', 'C', 'B'], ['B', 'D', 'C', 'A'], ['C', 'A', 'D', 'B']]","{'C': 5, 'D': 5, 'A': 4, 'B': 1}","[1.0, 1.0, 0.58]",4.08
98,"[2, 4, 5]","[4, 4, 3]","[0.88, 0.88, 0.46]","[['D', 'A', 'C', 'B'], ['B', 'D', 'C', 'A'], ['C', 'B', 'D', 'A']]","{'C': 5, 'D': 5, 'A': 3, 'B': 2}","[1.0, 1.0, 0.58]",4.08
98,"[2, 4, 5]","[4, 4, 3]","[0.88, 0.88, 0.46]","[['D', 'A', 'C', 'B'], ['B', 'D', 'C', 'A'], ['C', 'D', 'A', 'B']]","{'C': 5, 'D': 5, 'A': 4, 'B': 1}","[1.0, 1.0, 0.58]",4.08
98,"[2, 4, 5]","[4, 4, 3]","[0.88, 0.88, 0.46]","[['D', 'A', 'C', 'B'], ['B', 'D', 'C', 'A'], ['C', 'D', 'B', 'A']]","{'C': 5, 'D': 5, 'A': 3, 'B': 2}","[1.0, 1.0, 0.58]",4.08
98,"[2, 4, 5]","[4, 4, 3]","[0.88, 0.88, 0.46]","[['D', 'A', 'C', 'B'], ['B', 'D', 'C', 'A'], ['D', 'A', 'C', 'B']]","{'C': 5, 'D': 5, 'A': 4, 'B': 1}","[1.0, 1.0, 0.58]",4.08
98,"[2, 4, 5]","[4, 4, 3]","[0.88, 0.88, 0.46]","[['D', 'A', 'C', 'B'], ['B', 'D', 'C', 'A'], ['D', 'B', 'C', 'A']]","{'C': 5, 'D': 5, 'A': 3, 'B': 2}","[1.0, 1.0, 0.58]",4.08
98,"[2, 4, 5]","[4, 4, 3]","[0.88, 0.88, 0.46]","[['D', 'A', 'C', 'B'], ['B', 'D', 'C', 'A'], ['D', 'C', 'A', 'B']]","{'C': 5, 'D': 5, 'A': 4, 'B': 1}","[1.0, 1.0, 0.58]",4.08
98,"[2, 4, 5]","[4, 4, 3]","[0.88, 0.88, 0.46]","[['D', 'A', 'C', 'B'], ['B', 'D', 'C', 'A'], ['D', 'C', 'B', 'A']]","{'C': 5, 'D': 5, 'A': 3, 'B': 2}","[1.0, 1.0, 0.58]",4.08
98,"[2, 4, 5]","[4, 4, 3]","[0.88, 0.88, 0.46]","[['D', 'A', 'C', 'B'], ['C', 'A', 'D', 'B'], ['B', 'C', 'D', 'A']]","{'C': 5, 'D': 5, 'A': 4, 'B': 1}","[1.0, 1.0, 0.58]",4.08
98,"[2, 4, 5]","[4, 4, 3]","[0.88, 0.88, 0.46]","[['D', 'A', 'C', 'B'], ['C', 'A', 'D', 'B'], ['B', 'D', 'C', 'A']]","{'C': 5, 'D': 5, 'A': 4, 'B': 1}","[1.0, 1.0, 0.58]",4.08
98,"[2, 4, 5]","[4, 4, 3]","[0.88, 0.88, 0.46]","[['D', 'A', 'C', 'B'], ['C', 'A', 'D', 'B'], ['C', 'B', 'D', 'A']]","{'C': 5, 'D': 5, 'A': 4, 'B': 1}","[1.0, 1.0, 0.58]",4.08
98,"[2, 4, 5]","[4, 4, 3]","[0.88, 0.88, 0.46]","[['D', 'A', 'C', 'B'], ['C', 'A', 'D', 'B'], ['C', 'D', 'B', 'A']]","{'C': 5, 'D': 5, 'A': 4, 'B': 1}","[1.0, 1.0, 0.58]",4.08
98,"[2, 4, 5]","[4, 4, 3]","[0.88, 0.88, 0.46]","[['D', 'A', 'C', 'B'], ['C', 'A', 'D', 'B'], ['D', 'B', 'C', 'A']]","{'C': 5, 'D': 5, 'A': 4, 'B': 1}","[1.0, 1.0, 0.58]",4.08
98,"[2, 4, 5]","[4, 4, 3]","[0.88, 0.88, 0.46]","[['D', 'A', 'C', 'B'], ['C', 'A', 'D', 'B'], ['D', 'C', 'B', 'A']]","{'C': 5, 'D': 5, 'A': 4, 'B': 1}","[1.0, 1.0, 0.58]",4.08
98,"[2, 4, 5]","[4, 4, 3]","[0.88, 0.88, 0.46]","[['D', 'A', 'C', 'B'], ['C', 'B', 'D', 'A'], ['A', 'C', 'D', 'B']]","{'C': 5, 'D': 5, 'A': 4, 'B': 1}","[1.0, 1.0, 0.58]",4.08
98,"[2, 4, 5]","[4, 4, 3]","[0.88, 0.88, 0.46]","[['D', 'A', 'C', 'B'], ['C', 'B', 'D', 'A'], ['A', 'D', 'C', 'B']]","{'C': 5, 'D': 5, 'A': 4, 'B': 1}","[1.0, 1.0, 0.58]",4.08
98,"[2, 4, 5]","[4, 4, 3]","[0.88, 0.88, 0.46]","[['D', 'A', 'C', 'B'], ['C', 'B', 'D', 'A'], ['B', 'C', 'D', 'A']]","{'C': 5, 'D': 5, 'A': 3, 'B': 2}","[1.0, 1.0, 0.58]",4.08
98,"[2, 4, 5]","[4, 4, 3]","[0.88, 0.88, 0.46]","[['D', 'A', 'C', 'B'], ['C', 'B', 'D', 'A'], ['B', 'D', 'C', 'A']]","{'C': 5, 'D': 5, 'A': 3, 'B': 2}","[1.0, 1.0, 0.58]",4.08
98,"[2, 4, 5]","[4, 4, 3]","[0.88, 0.88, 0.46]","[['D', 'A', 'C', 'B'], ['C', 'B', 'D', 'A'], ['C', 'A', 'D', 'B']]","{'C': 5, 'D': 5, 'A': 4, 'B': 1}","[1.0, 1.0, 0.58]",4.08
98,"[2, 4, 5]","[4, 4, 3]","[0.88, 0.88, 0.46]","[['D', 'A', 'C', 'B'], ['C', 'B', 'D', 'A'], ['C', 'B', 'D', 'A']]","{'C': 5, 'D': 5, 'A': 3, 'B': 2}","[1.0, 1.0, 0.58]",4.08
98,"[2, 4, 5]","[4, 4, 3]","[0.88, 0.88, 0.46]","[['D', 'A', 'C', 'B'], ['C', 'B', 'D', 'A'], ['C', 'D', 'A', 'B']]","{'C': 5, 'D': 5, 'A': 4, 'B': 1}","[1.0, 1.0, 0.58]",4.08
98,"[2, 4, 5]","[4, 4, 3]","[0.88, 0.88, 0.46]","[['D', 'A', 'C', 'B'], ['C', 'B', 'D', 'A'], ['C', 'D', 'B', 'A']]","{'C': 5, 'D': 5, 'A': 3, 'B': 2}","[1.0, 1.0, 0.58]",4.08
98,"[2, 4, 5]","[4, 4, 3]","[0.88, 0.88, 0.46]","[['D', 'A', 'C', 'B'], ['C', 'B', 'D', 'A'], ['D', 'A', 'C', 'B']]","{'C': 5, 'D': 5, 'A': 4, 'B': 1}","[1.0, 1.0, 0.58]",4.08
98,"[2, 4, 5]","[4, 4, 3]","[0.88, 0.88, 0.46]","[['D', 'A', 'C', 'B'], ['C', 'B', 'D', 'A'], ['D', 'B', 'C', 'A']]","{'C': 5, 'D': 5, 'A': 3, 'B': 2}","[1.0, 1.0, 0.58]",4.08
98,"[2, 4, 5]","[4, 4, 3]","[0.88, 0.88, 0.46]","[['D', 'A', 'C', 'B'], ['C', 'B', 'D', 'A'], ['D', 'C', 'A', 'B']]","{'C': 5, 'D': 5, 'A': 4, 'B': 1}","[1.0, 1.0, 0.58]",4.08
98,"[2, 4, 5]","[4, 4, 3]","[0.88, 0.88, 0.46]","[['D', 'A', 'C', 'B'], ['C', 'B', 'D', 'A'], ['D', 'C', 'B', 'A']]","{'C': 5, 'D': 5, 'A': 3, 'B': 2}","[1.0, 1.0, 0.58]",4.08
98,"[2, 4, 5]","[4, 4, 3]","[0.88, 0.88, 0.46]","[['D', 'A', 'C', 'B'], ['C', 'D', 'A', 'B'], ['B', 'C', 'D', 'A']]","{'C': 5, 'D': 5, 'A': 4, 'B': 1}","[1.0, 1.0, 0.58]",4.08
98,"[2, 4, 5]","[4, 4, 3]","[0.88, 0.88, 0.46]","[['D', 'A', 'C', 'B'], ['C', 'D', 'A', 'B'], ['B', 'D', 'C', 'A']]","{'C': 5, 'D': 5, 'A': 4, 'B': 1}","[1.0, 1.0, 0.58]",4.08
98,"[2, 4, 5]","[4, 4, 3]","[0.88, 0.88, 0.46]","[['D', 'A', 'C', 'B'], ['C', 'D', 'A', 'B'], ['C', 'B', 'D', 'A']]","{'C': 5, 'D': 5, 'A': 4, 'B': 1}","[1.0, 1.0, 0.58]",4.08
98,"[2, 4, 5]","[4, 4, 3]","[0.88, 0.88, 0.46]","[['D', 'A', 'C', 'B'], ['C', 'D', 'A', 'B'], ['C', 'D', 'B', 'A']]","{'C': 5, 'D': 5, 'A': 4, 'B': 1}","[1.0, 1.0, 0.58]",4.08
98,"[2, 4, 5]","[4, 4, 3]","[0.88, 0.88, 0.46]","[['D', 'A', 'C', 'B'], ['C', 'D', 'A', 'B'], ['D', 'B', 'C', 'A']]","{'C': 5, 'D': 5, 'A': 4, 'B': 1}","[1.0, 1.0, 0.58]",4.08
98,"[2, 4, 5]","[4, 4, 3]","[0.88, 0.88, 0.46]","[['D', 'A', 'C', 'B'], ['C', 'D', 'A', 'B'], ['D', 'C', 'B', 'A']]","{'C': 5, 'D': 5, 'A': 4, 'B': 1}","[1.0, 1.0, 0.58]",4.08
98,"[2, 4, 5]","[4, 4, 3]","[0.88, 0.88, 0.46]","[['D', 'A', 'C', 'B'], ['C', 'D', 'B', 'A'], ['A', 'C', 'D', 'B']]","{'C': 5, 'D': 5, 'A': 4, 'B': 1}","[1.0, 1.0, 0.58]",4.08
98,"[2, 4, 5]","[4, 4, 3]","[0.88, 0.88, 0.46]","[['D', 'A', 'C', 'B'], ['C', 'D', 'B', 'A'], ['A', 'D', 'C', 'B']]","{'C': 5, 'D': 5, 'A': 4, 'B': 1}","[1.0, 1.0, 0.58]",4.08
98,"[2, 4, 5]","[4, 4, 3]","[0.88, 0.88, 0.46]","[['D', 'A', 'C', 'B'], ['C', 'D', 'B', 'A'], ['B', 'C', 'D', 'A']]","{'C': 5, 'D': 5, 'A': 3, 'B': 2}","[1.0, 1.0, 0.58]",4.08
98,"[2, 4, 5]","[4, 4, 3]","[0.88, 0.88, 0.46]","[['D', 'A', 'C', 'B'], ['C', 'D', 'B', 'A'], ['B', 'D', 'C', 'A']]","{'C': 5, 'D': 5, 'A': 3, 'B': 2}","[1.0, 1.0, 0.58]",4.08
98,"[2, 4, 5]","[4, 4, 3]","[0.88, 0.88, 0.46]","[['D', 'A', 'C', 'B'], ['C', 'D', 'B', 'A'], ['C', 'A', 'D', 'B']]","{'C': 5, 'D': 5, 'A': 4, 'B': 1}","[1.0, 1.0, 0.58]",4.08
98,"[2, 4, 5]","[4, 4, 3]","[0.88, 0.88, 0.46]","[['D', 'A', 'C', 'B'], ['C', 'D', 'B', 'A'], ['C', 'B', 'D', 'A']]","{'C': 5, 'D': 5, 'A': 3, 'B': 2}","[1.0, 1.0, 0.58]",4.08
98,"[2, 4, 5]","[4, 4, 3]","[0.88, 0.88, 0.46]","[['D', 'A', 'C', 'B'], ['C', 'D', 'B', 'A'], ['C', 'D', 'A', 'B']]","{'C': 5, 'D': 5, 'A': 4, 'B': 1}","[1.0, 1.0, 0.58]",4.08
98,"[2, 4, 5]","[4, 4, 3]","[0.88, 0.88, 0.46]","[['D', 'A', 'C', 'B'], ['C', 'D', 'B', 'A'], ['C', 'D', 'B', 'A']]","{'C': 5, 'D': 5, 'A': 3, 'B': 2}","[1.0, 1.0, 0.58]",4.08
98,"[2, 4, 5]","[4, 4, 3]","[0.88, 0.88, 0.46]","[['D', 'A', 'C', 'B'], ['C', 'D', 'B', 'A'], ['D', 'A', 'C', 'B']]","{'C': 5, 'D': 5, 'A': 4, 'B': 1}","[1.0, 1.0, 0.58]",4.08
98,"[2, 4, 5]","[4, 4, 3]","[0.88, 0.88, 0.46]","[['D', 'A', 'C', 'B'], ['C', 'D', 'B', 'A'], ['D', 'B', 'C', 'A']]","{'C': 5, 'D': 5, 'A': 3, 'B': 2}","[1.0, 1.0, 0.58]",4.08
98,"[2, 4, 5]","[4, 4, 3]","[0.88, 0.88, 0.46]","[['D', 'A', 'C', 'B'], ['C', 'D', 'B', 'A'], ['D', 'C', 'A', 'B']]","{'C': 5, 'D': 5, 'A': 4, 'B': 1}","[1.0, 1.0, 0.58]",4.08
98,"[2, 4, 5]","[4, 4, 3]","[0.88, 0.88, 0.46]","[['D', 'A', 'C', 'B'], ['C', 'D', 'B', 'A'], ['D', 'C', 'B', 'A']]","{'C': 5, 'D': 5, 'A': 3, 'B': 2}","[1.0, 1.0, 0.58]",4.08
98,"[2, 4, 5]","[4, 4, 3]","[0.88, 0.88, 0.46]","[['D', 'A', 'C', 'B'], ['D', 'A', 'C', 'B'], ['B', 'C', 'D', 'A']]","{'C': 5, 'D': 5, 'A': 4, 'B': 1}","[1.0, 1.0, 0.58]",4.08
98,"[2, 4, 5]","[4, 4, 3]","[0.88, 0.88, 0.46]","[['D', 'A', 'C', 'B'], ['D', 'A', 'C', 'B'], ['B', 'D', 'C', 'A']]","{'C': 5, 'D': 5, 'A': 4, 'B': 1}","[1.0, 1.0, 0.58]",4.08
98,"[2, 4, 5]","[4, 4, 3]","[0.88, 0.88, 0.46]","[['D', 'A', 'C', 'B'], ['D', 'A', 'C', 'B'], ['C', 'B', 'D', 'A']]","{'C': 5, 'D': 5, 'A': 4, 'B': 1}","[1.0, 1.0, 0.58]",4.08
98,"[2, 4, 5]","[4, 4, 3]","[0.88, 0.88, 0.46]","[['D', 'A', 'C', 'B'], ['D', 'A', 'C', 'B'], ['C', 'D', 'B', 'A']]","{'C': 5, 'D': 5, 'A': 4, 'B': 1}","[1.0, 1.0, 0.58]",4.08
98,"[2, 4, 5]","[4, 4, 3]","[0.88, 0.88, 0.46]","[['D', 'A', 'C', 'B'], ['D', 'A', 'C', 'B'], ['D', 'B', 'C', 'A']]","{'C': 5, 'D': 5, 'A': 4, 'B': 1}","[1.0, 1.0, 0.58]",4.08
98,"[2, 4, 5]","[4, 4, 3]","[0.88, 0.88, 0.46]","[['D', 'A', 'C', 'B'], ['D', 'A', 'C', 'B'], ['D', 'C', 'B', 'A']]","{'C': 5, 'D': 5, 'A': 4, 'B': 1}","[1.0, 1.0, 0.58]",4.08
98,"[2, 4, 5]","[4, 4, 3]","[0.88, 0.88, 0.46]","[['D', 'A', 'C', 'B'], ['D', 'B', 'C', 'A'], ['A', 'C', 'D', 'B']]","{'C': 5, 'D': 5, 'A': 4, 'B': 1}","[1.0, 1.0, 0.58]",4.08
98,"[2, 4, 5]","[4, 4, 3]","[0.88, 0.88, 0.46]","[['D', 'A', 'C', 'B'], ['D', 'B', 'C', 'A'], ['A', 'D', 'C', 'B']]","{'C': 5, 'D': 5, 'A': 4, 'B': 1}","[1.0, 1.0, 0.58]",4.08
98,"[2, 4, 5]","[4, 4, 3]","[0.88, 0.88, 0.46]","[['D', 'A', 'C', 'B'], ['D', 'B', 'C', 'A'], ['B', 'C', 'D', 'A']]","{'C': 5, 'D': 5, 'A': 3, 'B': 2}","[1.0, 1.0, 0.58]",4.08
98,"[2, 4, 5]","[4, 4, 3]","[0.88, 0.88, 0.46]","[['D', 'A', 'C', 'B'], ['D', 'B', 'C', 'A'], ['B', 'D', 'C', 'A']]","{'C': 5, 'D': 5, 'A': 3, 'B': 2}","[1.0, 1.0, 0.58]",4.08
98,"[2, 4, 5]","[4, 4, 3]","[0.88, 0.88, 0.46]","[['D', 'A', 'C', 'B'], ['D', 'B', 'C', 'A'], ['C', 'A', 'D', 'B']]","{'C': 5, 'D': 5, 'A': 4, 'B': 1}","[1.0, 1.0, 0.58]",4.08
98,"[2, 4, 5]","[4, 4, 3]","[0.88, 0.88, 0.46]","[['D', 'A', 'C', 'B'], ['D', 'B', 'C', 'A'], ['C', 'B', 'D', 'A']]","{'C': 5, 'D': 5, 'A': 3, 'B': 2}","[1.0, 1.0, 0.58]",4.08
98,"[2, 4, 5]","[4, 4, 3]","[0.88, 0.88, 0.46]","[['D', 'A', 'C', 'B'], ['D', 'B', 'C', 'A'], ['C', 'D', 'A', 'B']]","{'C': 5, 'D': 5, 'A': 4, 'B': 1}","[1.0, 1.0, 0.58]",4.08
98,"[2, 4, 5]","[4, 4, 3]","[0.88, 0.88, 0.46]","[['D', 'A', 'C', 'B'], ['D', 'B', 'C', 'A'], ['C', 'D', 'B', 'A']]","{'C': 5, 'D': 5, 'A': 3, 'B': 2}","[1.0, 1.0, 0.58]",4.08
98,"[2, 4, 5]","[4, 4, 3]","[0.88, 0.88, 0.46]","[['D', 'A', 'C', 'B'], ['D', 'B', 'C', 'A'], ['D', 'A', 'C', 'B']]","{'C': 5, 'D': 5, 'A': 4, 'B': 1}","[1.0, 1.0, 0.58]",4.08
98,"[2, 4, 5]","[4, 4, 3]","[0.88, 0.88, 0.46]","[['D', 'A', 'C', 'B'], ['D', 'B', 'C', 'A'], ['D', 'B', 'C', 'A']]","{'C': 5, 'D': 5, 'A': 3, 'B': 2}","[1.0, 1.0, 0.58]",4.08
98,"[2, 4, 5]","[4, 4, 3]","[0.88, 0.88, 0.46]","[['D', 'A', 'C', 'B'], ['D', 'B', 'C', 'A'], ['D', 'C', 'A', 'B']]","{'C': 5, 'D': 5, 'A': 4, 'B': 1}","[1.0, 1.0, 0.58]",4.08
98,"[2, 4, 5]","[4, 4, 3]","[0.88, 0.88, 0.46]","[['D', 'A', 'C', 'B'], ['D', 'B', 'C', 'A'], ['D', 'C', 'B', 'A']]","{'C': 5, 'D': 5, 'A': 3, 'B': 2}","[1.0, 1.0, 0.58]",4.08
98,"[2, 4, 5]","[4, 4, 3]","[0.88, 0.88, 0.46]","[['D', 'A', 'C', 'B'], ['D', 'C', 'A', 'B'], ['B', 'C', 'D', 'A']]","{'C': 5, 'D': 5, 'A': 4, 'B': 1}","[1.0, 1.0, 0.58]",4.08
98,"[2, 4, 5]","[4, 4, 3]","[0.88, 0.88, 0.46]","[['D', 'A', 'C', 'B'], ['D', 'C', 'A', 'B'], ['B', 'D', 'C', 'A']]","{'C': 5, 'D': 5, 'A': 4, 'B': 1}","[1.0, 1.0, 0.58]",4.08
98,"[2, 4, 5]","[4, 4, 3]","[0.88, 0.88, 0.46]","[['D', 'A', 'C', 'B'], ['D', 'C', 'A', 'B'], ['C', 'B', 'D', 'A']]","{'C': 5, 'D': 5, 'A': 4, 'B': 1}","[1.0, 1.0, 0.58]",4.08
98,"[2, 4, 5]","[4, 4, 3]","[0.88, 0.88, 0.46]","[['D', 'A', 'C', 'B'], ['D', 'C', 'A', 'B'], ['C', 'D', 'B', 'A']]","{'C': 5, 'D': 5, 'A': 4, 'B': 1}","[1.0, 1.0, 0.58]",4.08
98,"[2, 4, 5]","[4, 4, 3]","[0.88, 0.88, 0.46]","[['D', 'A', 'C', 'B'], ['D', 'C', 'A', 'B'], ['D', 'B', 'C', 'A']]","{'C': 5, 'D': 5, 'A': 4, 'B': 1}","[1.0, 1.0, 0.58]",4.08
98,"[2, 4, 5]","[4, 4, 3]","[0.88, 0.88, 0.46]","[['D', 'A', 'C', 'B'], ['D', 'C', 'A', 'B'], ['D', 'C', 'B', 'A']]","{'C': 5, 'D': 5, 'A': 4, 'B': 1}","[1.0, 1.0, 0.58]",4.08
98,"[2, 4, 5]","[4, 4, 3]","[0.88, 0.88, 0.46]","[['D', 'A', 'C', 'B'], ['D', 'C', 'B', 'A'], ['A', 'C', 'D', 'B']]","{'C': 5, 'D': 5, 'A': 4, 'B': 1}","[1.0, 1.0, 0.58]",4.08
98,"[2, 4, 5]","[4, 4, 3]","[0.88, 0.88, 0.46]","[['D', 'A', 'C', 'B'], ['D', 'C', 'B', 'A'], ['A', 'D', 'C', 'B']]","{'C': 5, 'D': 5, 'A': 4, 'B': 1}","[1.0, 1.0, 0.58]",4.08
98,"[2, 4, 5]","[4, 4, 3]","[0.88, 0.88, 0.46]","[['D', 'A', 'C', 'B'], ['D', 'C', 'B', 'A'], ['B', 'C', 'D', 'A']]","{'C': 5, 'D': 5, 'A': 3, 'B': 2}","[1.0, 1.0, 0.58]",4.08
98,"[2, 4, 5]","[4, 4, 3]","[0.88, 0.88, 0.46]","[['D', 'A', 'C', 'B'], ['D', 'C', 'B', 'A'], ['B', 'D', 'C', 'A']]","{'C': 5, 'D': 5, 'A': 3, 'B': 2}","[1.0, 1.0, 0.58]",4.08
98,"[2, 4, 5]","[4, 4, 3]","[0.88, 0.88, 0.46]","[['D', 'A', 'C', 'B'], ['D', 'C', 'B', 'A'], ['C', 'A', 'D', 'B']]","{'C': 5, 'D': 5, 'A': 4, 'B': 1}","[1.0, 1.0, 0.58]",4.08
98,"[2, 4, 5]","[4, 4, 3]","[0.88, 0.88, 0.46]","[['D', 'A', 'C', 'B'], ['D', 'C', 'B', 'A'], ['C', 'B', 'D', 'A']]","{'C': 5, 'D': 5, 'A': 3, 'B': 2}","[1.0, 1.0, 0.58]",4.08
98,"[2, 4, 5]","[4, 4, 3]","[0.88, 0.88, 0.46]","[['D', 'A', 'C', 'B'], ['D', 'C', 'B', 'A'], ['C', 'D', 'A', 'B']]","{'C': 5, 'D': 5, 'A': 4, 'B': 1}","[1.0, 1.0, 0.58]",4.08
98,"[2, 4, 5]","[4, 4, 3]","[0.88, 0.88, 0.46]","[['D', 'A', 'C', 'B'], ['D', 'C', 'B', 'A'], ['C', 'D', 'B', 'A']]","{'C': 5, 'D': 5, 'A': 3, 'B': 2}","[1.0, 1.0, 0.58]",4.08
98,"[2, 4, 5]","[4, 4, 3]","[0.88, 0.88, 0.46]","[['D', 'A', 'C', 'B'], ['D', 'C', 'B', 'A'], ['D', 'A', 'C', 'B']]","{'C': 5, 'D': 5, 'A': 4, 'B': 1}","[1.0, 1.0, 0.58]",4.08
98,"[2, 4, 5]","[4, 4, 3]","[0.88, 0.88, 0.46]","[['D', 'A', 'C', 'B'], ['D', 'C', 'B', 'A'], ['D', 'B', 'C', 'A']]","{'C': 5, 'D': 5, 'A': 3, 'B': 2}","[1.0, 1.0, 0.58]",4.08
98,"[2, 4, 5]","[4, 4, 3]","[0.88, 0.88, 0.46]","[['D', 'A', 'C', 'B'], ['D', 'C', 'B', 'A'], ['D', 'C', 'A', 'B']]","{'C': 5, 'D': 5, 'A': 4, 'B': 1}","[1.0, 1.0, 0.58]",4.08
98,"[2, 4, 5]","[4, 4, 3]","[0.88, 0.88, 0.46]","[['D', 'A', 'C', 'B'], ['D', 'C', 'B', 'A'], ['D', 'C', 'B', 'A']]","{'C': 5, 'D': 5, 'A': 3, 'B': 2}","[1.0, 1.0, 0.58]",4.08
98,"[2, 4, 5]","[4, 4, 3]","[0.88, 0.88, 0.46]","[['D', 'B', 'C', 'A'], ['A', 'B', 'C', 'D'], ['B', 'C', 'D', 'A']]","{'C': 5, 'D': 4, 'A': 3, 'B': 3}","[1.0, 1.0, 0.58]",4.08
98,"[2, 4, 5]","[4, 4, 3]","[0.88, 0.88, 0.46]","[['D', 'B', 'C', 'A'], ['A', 'B', 'C', 'D'], ['B', 'D', 'C', 'A']]","{'C': 5, 'D': 4, 'A': 3, 'B': 3}","[1.0, 1.0, 0.58]",4.08
98,"[2, 4, 5]","[4, 4, 3]","[0.88, 0.88, 0.46]","[['D', 'B', 'C', 'A'], ['A', 'B', 'C', 'D'], ['C', 'B', 'D', 'A']]","{'C': 5, 'D': 4, 'A': 3, 'B': 3}","[1.0, 1.0, 0.58]",4.08
98,"[2, 4, 5]","[4, 4, 3]","[0.88, 0.88, 0.46]","[['D', 'B', 'C', 'A'], ['A', 'B', 'C', 'D'], ['C', 'D', 'B', 'A']]","{'C': 5, 'D': 4, 'A': 3, 'B': 3}","[1.0, 1.0, 0.58]",4.08
98,"[2, 4, 5]","[4, 4, 3]","[0.88, 0.88, 0.46]","[['D', 'B', 'C', 'A'], ['A', 'B', 'C', 'D'], ['D', 'B', 'C', 'A']]","{'C': 5, 'D': 4, 'A': 3, 'B': 3}","[1.0, 1.0, 0.58]",4.08
98,"[2, 4, 5]","[4, 4, 3]","[0.88, 0.88, 0.46]","[['D', 'B', 'C', 'A'], ['A', 'B', 'C', 'D'], ['D', 'C', 'B', 'A']]","{'C': 5, 'D': 4, 'A': 3, 'B': 3}","[1.0, 1.0, 0.58]",4.08
98,"[2, 4, 5]","[4, 4, 3]","[0.88, 0.88, 0.46]","[['D', 'B', 'C', 'A'], ['A', 'C', 'B', 'D'], ['B', 'C', 'D', 'A']]","{'C': 5, 'D': 4, 'A': 3, 'B': 3}","[1.0, 1.0, 0.58]",4.08
98,"[2, 4, 5]","[4, 4, 3]","[0.88, 0.88, 0.46]","[['D', 'B', 'C', 'A'], ['A', 'C', 'B', 'D'], ['B', 'D', 'C', 'A']]","{'C': 5, 'D': 4, 'A': 3, 'B': 3}","[1.0, 1.0, 0.58]",4.08
98,"[2, 4, 5]","[4, 4, 3]","[0.88, 0.88, 0.46]","[['D', 'B', 'C', 'A'], ['A', 'C', 'B', 'D'], ['C', 'B', 'D', 'A']]","{'C': 5, 'D': 4, 'A': 3, 'B': 3}","[1.0, 1.0, 0.58]",4.08
98,"[2, 4, 5]","[4, 4, 3]","[0.88, 0.88, 0.46]","[['D', 'B', 'C', 'A'], ['A', 'C', 'B', 'D'], ['C', 'D', 'B', 'A']]","{'C': 5, 'D': 4, 'A': 3, 'B': 3}","[1.0, 1.0, 0.58]",4.08
98,"[2, 4, 5]","[4, 4, 3]","[0.88, 0.88, 0.46]","[['D', 'B', 'C', 'A'], ['A', 'C', 'B', 'D'], ['D', 'B', 'C', 'A']]","{'C': 5, 'D': 4, 'A': 3, 'B': 3}","[1.0, 1.0, 0.58]",4.08
98,"[2, 4, 5]","[4, 4, 3]","[0.88, 0.88, 0.46]","[['D', 'B', 'C', 'A'], ['A', 'C', 'B', 'D'], ['D', 'C', 'B', 'A']]","{'C': 5, 'D': 4, 'A': 3, 'B': 3}","[1.0, 1.0, 0.58]",4.08
98,"[2, 4, 5]","[4, 4, 3]","[0.88, 0.88, 0.46]","[['D', 'B', 'C', 'A'], ['A', 'C', 'D', 'B'], ['A', 'C', 'D', 'B']]","{'C': 5, 'D': 5, 'A': 4, 'B': 1}","[1.0, 1.0, 0.58]",4.08
98,"[2, 4, 5]","[4, 4, 3]","[0.88, 0.88, 0.46]","[['D', 'B', 'C', 'A'], ['A', 'C', 'D', 'B'], ['A', 'D', 'C', 'B']]","{'C': 5, 'D': 5, 'A': 4, 'B': 1}","[1.0, 1.0, 0.58]",4.08
98,"[2, 4, 5]","[4, 4, 3]","[0.88, 0.88, 0.46]","[['D', 'B', 'C', 'A'], ['A', 'C', 'D', 'B'], ['B', 'C', 'D', 'A']]","{'C': 5, 'D': 5, 'A': 3, 'B': 2}","[1.0, 1.0, 0.58]",4.08
98,"[2, 4, 5]","[4, 4, 3]","[0.88, 0.88, 0.46]","[['D', 'B', 'C', 'A'], ['A', 'C', 'D', 'B'], ['B', 'D', 'C', 'A']]","{'C': 5, 'D': 5, 'A': 3, 'B': 2}","[1.0, 1.0, 0.58]",4.08
98,"[2, 4, 5]","[4, 4, 3]","[0.88, 0.88, 0.46]","[['D', 'B', 'C', 'A'], ['A', 'C', 'D', 'B'], ['C', 'A', 'D', 'B']]","{'C': 5, 'D': 5, 'A': 4, 'B': 1}","[1.0, 1.0, 0.58]",4.08
98,"[2, 4, 5]","[4, 4, 3]","[0.88, 0.88, 0.46]","[['D', 'B', 'C', 'A'], ['A', 'C', 'D', 'B'], ['C', 'B', 'D', 'A']]","{'C': 5, 'D': 5, 'A': 3, 'B': 2}","[1.0, 1.0, 0.58]",4.08
98,"[2, 4, 5]","[4, 4, 3]","[0.88, 0.88, 0.46]","[['D', 'B', 'C', 'A'], ['A', 'C', 'D', 'B'], ['C', 'D', 'A', 'B']]","{'C': 5, 'D': 5, 'A': 4, 'B': 1}","[1.0, 1.0, 0.58]",4.08
98,"[2, 4, 5]","[4, 4, 3]","[0.88, 0.88, 0.46]","[['D', 'B', 'C', 'A'], ['A', 'C', 'D', 'B'], ['C', 'D', 'B', 'A']]","{'C': 5, 'D': 5, 'A': 3, 'B': 2}","[1.0, 1.0, 0.58]",4.08
98,"[2, 4, 5]","[4, 4, 3]","[0.88, 0.88, 0.46]","[['D', 'B', 'C', 'A'], ['A', 'C', 'D', 'B'], ['D', 'A', 'C', 'B']]","{'C': 5, 'D': 5, 'A': 4, 'B': 1}","[1.0, 1.0, 0.58]",4.08
98,"[2, 4, 5]","[4, 4, 3]","[0.88, 0.88, 0.46]","[['D', 'B', 'C', 'A'], ['A', 'C', 'D', 'B'], ['D', 'B', 'C', 'A']]","{'C': 5, 'D': 5, 'A': 3, 'B': 2}","[1.0, 1.0, 0.58]",4.08
98,"[2, 4, 5]","[4, 4, 3]","[0.88, 0.88, 0.46]","[['D', 'B', 'C', 'A'], ['A', 'C', 'D', 'B'], ['D', 'C', 'A', 'B']]","{'C': 5, 'D': 5, 'A': 4, 'B': 1}","[1.0, 1.0, 0.58]",4.08
98,"[2, 4, 5]","[4, 4, 3]","[0.88, 0.88, 0.46]","[['D', 'B', 'C', 'A'], ['A', 'C', 'D', 'B'], ['D', 'C', 'B', 'A']]","{'C': 5, 'D': 5, 'A': 3, 'B': 2}","[1.0, 1.0, 0.58]",4.08
98,"[2, 4, 5]","[4, 4, 3]","[0.88, 0.88, 0.46]","[['D', 'B', 'C', 'A'], ['A', 'D', 'C', 'B'], ['A', 'C', 'D', 'B']]","{'C': 5, 'D': 5, 'A': 4, 'B': 1}","[1.0, 1.0, 0.58]",4.08
98,"[2, 4, 5]","[4, 4, 3]","[0.88, 0.88, 0.46]","[['D', 'B', 'C', 'A'], ['A', 'D', 'C', 'B'], ['A', 'D', 'C', 'B']]","{'C': 5, 'D': 5, 'A': 4, 'B': 1}","[1.0, 1.0, 0.58]",4.08
98,"[2, 4, 5]","[4, 4, 3]","[0.88, 0.88, 0.46]","[['D', 'B', 'C', 'A'], ['A', 'D', 'C', 'B'], ['B', 'C', 'D', 'A']]","{'C': 5, 'D': 5, 'A': 3, 'B': 2}","[1.0, 1.0, 0.58]",4.08
98,"[2, 4, 5]","[4, 4, 3]","[0.88, 0.88, 0.46]","[['D', 'B', 'C', 'A'], ['A', 'D', 'C', 'B'], ['B', 'D', 'C', 'A']]","{'C': 5, 'D': 5, 'A': 3, 'B': 2}","[1.0, 1.0, 0.58]",4.08
98,"[2, 4, 5]","[4, 4, 3]","[0.88, 0.88, 0.46]","[['D', 'B', 'C', 'A'], ['A', 'D', 'C', 'B'], ['C', 'A', 'D', 'B']]","{'C': 5, 'D': 5, 'A': 4, 'B': 1}","[1.0, 1.0, 0.58]",4.08
98,"[2, 4, 5]","[4, 4, 3]","[0.88, 0.88, 0.46]","[['D', 'B', 'C', 'A'], ['A', 'D', 'C', 'B'], ['C', 'B', 'D', 'A']]","{'C': 5, 'D': 5, 'A': 3, 'B': 2}","[1.0, 1.0, 0.58]",4.08
98,"[2, 4, 5]","[4, 4, 3]","[0.88, 0.88, 0.46]","[['D', 'B', 'C', 'A'], ['A', 'D', 'C', 'B'], ['C', 'D', 'A', 'B']]","{'C': 5, 'D': 5, 'A': 4, 'B': 1}","[1.0, 1.0, 0.58]",4.08
98,"[2, 4, 5]","[4, 4, 3]","[0.88, 0.88, 0.46]","[['D', 'B', 'C', 'A'], ['A', 'D', 'C', 'B'], ['C', 'D', 'B', 'A']]","{'C': 5, 'D': 5, 'A': 3, 'B': 2}","[1.0, 1.0, 0.58]",4.08
98,"[2, 4, 5]","[4, 4, 3]","[0.88, 0.88, 0.46]","[['D', 'B', 'C', 'A'], ['A', 'D', 'C', 'B'], ['D', 'A', 'C', 'B']]","{'C': 5, 'D': 5, 'A': 4, 'B': 1}","[1.0, 1.0, 0.58]",4.08
98,"[2, 4, 5]","[4, 4, 3]","[0.88, 0.88, 0.46]","[['D', 'B', 'C', 'A'], ['A', 'D', 'C', 'B'], ['D', 'B', 'C', 'A']]","{'C': 5, 'D': 5, 'A': 3, 'B': 2}","[1.0, 1.0, 0.58]",4.08
98,"[2, 4, 5]","[4, 4, 3]","[0.88, 0.88, 0.46]","[['D', 'B', 'C', 'A'], ['A', 'D', 'C', 'B'], ['D', 'C', 'A', 'B']]","{'C': 5, 'D': 5, 'A': 4, 'B': 1}","[1.0, 1.0, 0.58]",4.08
98,"[2, 4, 5]","[4, 4, 3]","[0.88, 0.88, 0.46]","[['D', 'B', 'C', 'A'], ['A', 'D', 'C', 'B'], ['D', 'C', 'B', 'A']]","{'C': 5, 'D': 5, 'A': 3, 'B': 2}","[1.0, 1.0, 0.58]",4.08
98,"[2, 4, 5]","[4, 4, 3]","[0.88, 0.88, 0.46]","[['D', 'B', 'C', 'A'], ['B', 'A', 'C', 'D'], ['B', 'C', 'D', 'A']]","{'C': 5, 'D': 4, 'A': 3, 'B': 3}","[1.0, 1.0, 0.58]",4.08
98,"[2, 4, 5]","[4, 4, 3]","[0.88, 0.88, 0.46]","[['D', 'B', 'C', 'A'], ['B', 'A', 'C', 'D'], ['B', 'D', 'C', 'A']]","{'C': 5, 'D': 4, 'A': 3, 'B': 3}","[1.0, 1.0, 0.58]",4.08
98,"[2, 4, 5]","[4, 4, 3]","[0.88, 0.88, 0.46]","[['D', 'B', 'C', 'A'], ['B', 'A', 'C', 'D'], ['C', 'B', 'D', 'A']]","{'C': 5, 'D': 4, 'A': 3, 'B': 3}","[1.0, 1.0, 0.58]",4.08
98,"[2, 4, 5]","[4, 4, 3]","[0.88, 0.88, 0.46]","[['D', 'B', 'C', 'A'], ['B', 'A', 'C', 'D'], ['C', 'D', 'B', 'A']]","{'C': 5, 'D': 4, 'A': 3, 'B': 3}","[1.0, 1.0, 0.58]",4.08
98,"[2, 4, 5]","[4, 4, 3]","[0.88, 0.88, 0.46]","[['D', 'B', 'C', 'A'], ['B', 'A', 'C', 'D'], ['D', 'B', 'C', 'A']]","{'C': 5, 'D': 4, 'A': 3, 'B': 3}","[1.0, 1.0, 0.58]",4.08
98,"[2, 4, 5]","[4, 4, 3]","[0.88, 0.88, 0.46]","[['D', 'B', 'C', 'A'], ['B', 'A', 'C', 'D'], ['D', 'C', 'B', 'A']]","{'C': 5, 'D': 4, 'A': 3, 'B': 3}","[1.0, 1.0, 0.58]",4.08
98,"[2, 4, 5]","[4, 4, 3]","[0.88, 0.88, 0.46]","[['D', 'B', 'C', 'A'], ['B', 'C', 'A', 'D'], ['B', 'C', 'D', 'A']]","{'C': 5, 'D': 4, 'A': 3, 'B': 3}","[1.0, 1.0, 0.58]",4.08
98,"[2, 4, 5]","[4, 4, 3]","[0.88, 0.88, 0.46]","[['D', 'B', 'C', 'A'], ['B', 'C', 'A', 'D'], ['B', 'D', 'C', 'A']]","{'C': 5, 'D': 4, 'A': 3, 'B': 3}","[1.0, 1.0, 0.58]",4.08
98,"[2, 4, 5]","[4, 4, 3]","[0.88, 0.88, 0.46]","[['D', 'B', 'C', 'A'], ['B', 'C', 'A', 'D'], ['C', 'B', 'D', 'A']]","{'C': 5, 'D': 4, 'A': 3, 'B': 3}","[1.0, 1.0, 0.58]",4.08
98,"[2, 4, 5]","[4, 4, 3]","[0.88, 0.88, 0.46]","[['D', 'B', 'C', 'A'], ['B', 'C', 'A', 'D'], ['C', 'D', 'B', 'A']]","{'C': 5, 'D': 4, 'A': 3, 'B': 3}","[1.0, 1.0, 0.58]",4.08
98,"[2, 4, 5]","[4, 4, 3]","[0.88, 0.88, 0.46]","[['D', 'B', 'C', 'A'], ['B', 'C', 'A', 'D'], ['D', 'B', 'C', 'A']]","{'C': 5, 'D': 4, 'A': 3, 'B': 3}","[1.0, 1.0, 0.58]",4.08
98,"[2, 4, 5]","[4, 4, 3]","[0.88, 0.88, 0.46]","[['D', 'B', 'C', 'A'], ['B', 'C', 'A', 'D'], ['D', 'C', 'B', 'A']]","{'C': 5, 'D': 4, 'A': 3, 'B': 3}","[1.0, 1.0, 0.58]",4.08
98,"[2, 4, 5]","[4, 4, 3]","[0.88, 0.88, 0.46]","[['D', 'B', 'C', 'A'], ['B', 'C', 'D', 'A'], ['A', 'B', 'C', 'D']]","{'C': 5, 'D': 4, 'A': 3, 'B': 3}","[1.0, 1.0, 0.58]",4.08
98,"[2, 4, 5]","[4, 4, 3]","[0.88, 0.88, 0.46]","[['D', 'B', 'C', 'A'], ['B', 'C', 'D', 'A'], ['A', 'C', 'B', 'D']]","{'C': 5, 'D': 4, 'A': 3, 'B': 3}","[1.0, 1.0, 0.58]",4.08
98,"[2, 4, 5]","[4, 4, 3]","[0.88, 0.88, 0.46]","[['D', 'B', 'C', 'A'], ['B', 'C', 'D', 'A'], ['A', 'C', 'D', 'B']]","{'C': 5, 'D': 5, 'A': 3, 'B': 2}","[1.0, 1.0, 0.58]",4.08
98,"[2, 4, 5]","[4, 4, 3]","[0.88, 0.88, 0.46]","[['D', 'B', 'C', 'A'], ['B', 'C', 'D', 'A'], ['A', 'D', 'C', 'B']]","{'C': 5, 'D': 5, 'A': 3, 'B': 2}","[1.0, 1.0, 0.58]",4.08
98,"[2, 4, 5]","[4, 4, 3]","[0.88, 0.88, 0.46]","[['D', 'B', 'C', 'A'], ['B', 'C', 'D', 'A'], ['B', 'A', 'C', 'D']]","{'C': 5, 'D': 4, 'A': 3, 'B': 3}","[1.0, 1.0, 0.58]",4.08
98,"[2, 4, 5]","[4, 4, 3]","[0.88, 0.88, 0.46]","[['D', 'B', 'C', 'A'], ['B', 'C', 'D', 'A'], ['B', 'C', 'A', 'D']]","{'C': 5, 'D': 4, 'A': 3, 'B': 3}","[1.0, 1.0, 0.58]",4.08
98,"[2, 4, 5]","[4, 4, 3]","[0.88, 0.88, 0.46]","[['D', 'B', 'C', 'A'], ['B', 'C', 'D', 'A'], ['B', 'C', 'D', 'A']]","{'C': 5, 'D': 5, 'B': 3, 'A': 2}","[1.0, 1.0, 0.58]",3.7399999999999998
98,"[2, 4, 5]","[4, 4, 3]","[0.88, 0.88, 0.46]","[['D', 'B', 'C', 'A'], ['B', 'C', 'D', 'A'], ['B', 'D', 'C', 'A']]","{'C': 5, 'D': 5, 'B': 3, 'A': 2}","[1.0, 1.0, 0.58]",3.7399999999999998
98,"[2, 4, 5]","[4, 4, 3]","[0.88, 0.88, 0.46]","[['D', 'B', 'C', 'A'], ['B', 'C', 'D', 'A'], ['C', 'A', 'B', 'D']]","{'C': 5, 'D': 4, 'A': 3, 'B': 3}","[1.0, 1.0, 0.58]",4.08
98,"[2, 4, 5]","[4, 4, 3]","[0.88, 0.88, 0.46]","[['D', 'B', 'C', 'A'], ['B', 'C', 'D', 'A'], ['C', 'A', 'D', 'B']]","{'C': 5, 'D': 5, 'A': 3, 'B': 2}","[1.0, 1.0, 0.58]",4.08
98,"[2, 4, 5]","[4, 4, 3]","[0.88, 0.88, 0.46]","[['D', 'B', 'C', 'A'], ['B', 'C', 'D', 'A'], ['C', 'B', 'A', 'D']]","{'C': 5, 'D': 4, 'A': 3, 'B': 3}","[1.0, 1.0, 0.58]",4.08
98,"[2, 4, 5]","[4, 4, 3]","[0.88, 0.88, 0.46]","[['D', 'B', 'C', 'A'], ['B', 'C', 'D', 'A'], ['C', 'B', 'D', 'A']]","{'C': 5, 'D': 5, 'B': 3, 'A': 2}","[1.0, 1.0, 0.58]",3.7399999999999998
98,"[2, 4, 5]","[4, 4, 3]","[0.88, 0.88, 0.46]","[['D', 'B', 'C', 'A'], ['B', 'C', 'D', 'A'], ['C', 'D', 'A', 'B']]","{'C': 5, 'D': 5, 'A': 3, 'B': 2}","[1.0, 1.0, 0.58]",4.08
98,"[2, 4, 5]","[4, 4, 3]","[0.88, 0.88, 0.46]","[['D', 'B', 'C', 'A'], ['B', 'C', 'D', 'A'], ['C', 'D', 'B', 'A']]","{'C': 5, 'D': 5, 'B': 3, 'A': 2}","[1.0, 1.0, 0.58]",3.7399999999999998
98,"[2, 4, 5]","[4, 4, 3]","[0.88, 0.88, 0.46]","[['D', 'B', 'C', 'A'], ['B', 'C', 'D', 'A'], ['D', 'A', 'C', 'B']]","{'C': 5, 'D': 5, 'A': 3, 'B': 2}","[1.0, 1.0, 0.58]",4.08
98,"[2, 4, 5]","[4, 4, 3]","[0.88, 0.88, 0.46]","[['D', 'B', 'C', 'A'], ['B', 'C', 'D', 'A'], ['D', 'B', 'C', 'A']]","{'C': 5, 'D': 5, 'B': 3, 'A': 2}","[1.0, 1.0, 0.58]",3.7399999999999998
98,"[2, 4, 5]","[4, 4, 3]","[0.88, 0.88, 0.46]","[['D', 'B', 'C', 'A'], ['B', 'C', 'D', 'A'], ['D', 'C', 'A', 'B']]","{'C': 5, 'D': 5, 'A': 3, 'B': 2}","[1.0, 1.0, 0.58]",4.08
98,"[2, 4, 5]","[4, 4, 3]","[0.88, 0.88, 0.46]","[['D', 'B', 'C', 'A'], ['B', 'C', 'D', 'A'], ['D', 'C', 'B', 'A']]","{'C': 5, 'D': 5, 'B': 3, 'A': 2}","[1.0, 1.0, 0.58]",3.7399999999999998
98,"[2, 4, 5]","[4, 4, 3]","[0.88, 0.88, 0.46]","[['D', 'B', 'C', 'A'], ['B', 'D', 'C', 'A'], ['A', 'B', 'C', 'D']]","{'C': 5, 'D': 4, 'A': 3, 'B': 3}","[1.0, 1.0, 0.58]",4.08
98,"[2, 4, 5]","[4, 4, 3]","[0.88, 0.88, 0.46]","[['D', 'B', 'C', 'A'], ['B', 'D', 'C', 'A'], ['A', 'C', 'B', 'D']]","{'C': 5, 'D': 4, 'A': 3, 'B': 3}","[1.0, 1.0, 0.58]",4.08
98,"[2, 4, 5]","[4, 4, 3]","[0.88, 0.88, 0.46]","[['D', 'B', 'C', 'A'], ['B', 'D', 'C', 'A'], ['A', 'C', 'D', 'B']]","{'C': 5, 'D': 5, 'A': 3, 'B': 2}","[1.0, 1.0, 0.58]",4.08
98,"[2, 4, 5]","[4, 4, 3]","[0.88, 0.88, 0.46]","[['D', 'B', 'C', 'A'], ['B', 'D', 'C', 'A'], ['A', 'D', 'C', 'B']]","{'C': 5, 'D': 5, 'A': 3, 'B': 2}","[1.0, 1.0, 0.58]",4.08
98,"[2, 4, 5]","[4, 4, 3]","[0.88, 0.88, 0.46]","[['D', 'B', 'C', 'A'], ['B', 'D', 'C', 'A'], ['B', 'A', 'C', 'D']]","{'C': 5, 'D': 4, 'A': 3, 'B': 3}","[1.0, 1.0, 0.58]",4.08
98,"[2, 4, 5]","[4, 4, 3]","[0.88, 0.88, 0.46]","[['D', 'B', 'C', 'A'], ['B', 'D', 'C', 'A'], ['B', 'C', 'A', 'D']]","{'C': 5, 'D': 4, 'A': 3, 'B': 3}","[1.0, 1.0, 0.58]",4.08
98,"[2, 4, 5]","[4, 4, 3]","[0.88, 0.88, 0.46]","[['D', 'B', 'C', 'A'], ['B', 'D', 'C', 'A'], ['B', 'C', 'D', 'A']]","{'C': 5, 'D': 5, 'B': 3, 'A': 2}","[1.0, 1.0, 0.58]",3.7399999999999998
98,"[2, 4, 5]","[4, 4, 3]","[0.88, 0.88, 0.46]","[['D', 'B', 'C', 'A'], ['B', 'D', 'C', 'A'], ['B', 'D', 'C', 'A']]","{'C': 5, 'D': 5, 'B': 3, 'A': 2}","[1.0, 1.0, 0.58]",3.7399999999999998
98,"[2, 4, 5]","[4, 4, 3]","[0.88, 0.88, 0.46]","[['D', 'B', 'C', 'A'], ['B', 'D', 'C', 'A'], ['C', 'A', 'B', 'D']]","{'C': 5, 'D': 4, 'A': 3, 'B': 3}","[1.0, 1.0, 0.58]",4.08
98,"[2, 4, 5]","[4, 4, 3]","[0.88, 0.88, 0.46]","[['D', 'B', 'C', 'A'], ['B', 'D', 'C', 'A'], ['C', 'A', 'D', 'B']]","{'C': 5, 'D': 5, 'A': 3, 'B': 2}","[1.0, 1.0, 0.58]",4.08
98,"[2, 4, 5]","[4, 4, 3]","[0.88, 0.88, 0.46]","[['D', 'B', 'C', 'A'], ['B', 'D', 'C', 'A'], ['C', 'B', 'A', 'D']]","{'C': 5, 'D': 4, 'A': 3, 'B': 3}","[1.0, 1.0, 0.58]",4.08
98,"[2, 4, 5]","[4, 4, 3]","[0.88, 0.88, 0.46]","[['D', 'B', 'C', 'A'], ['B', 'D', 'C', 'A'], ['C', 'B', 'D', 'A']]","{'C': 5, 'D': 5, 'B': 3, 'A': 2}","[1.0, 1.0, 0.58]",3.7399999999999998
98,"[2, 4, 5]","[4, 4, 3]","[0.88, 0.88, 0.46]","[['D', 'B', 'C', 'A'], ['B', 'D', 'C', 'A'], ['C', 'D', 'A', 'B']]","{'C': 5, 'D': 5, 'A': 3, 'B': 2}","[1.0, 1.0, 0.58]",4.08
98,"[2, 4, 5]","[4, 4, 3]","[0.88, 0.88, 0.46]","[['D', 'B', 'C', 'A'], ['B', 'D', 'C', 'A'], ['C', 'D', 'B', 'A']]","{'C': 5, 'D': 5, 'B': 3, 'A': 2}","[1.0, 1.0, 0.58]",3.7399999999999998
98,"[2, 4, 5]","[4, 4, 3]","[0.88, 0.88, 0.46]","[['D', 'B', 'C', 'A'], ['B', 'D', 'C', 'A'], ['D', 'A', 'C', 'B']]","{'C': 5, 'D': 5, 'A': 3, 'B': 2}","[1.0, 1.0, 0.58]",4.08
98,"[2, 4, 5]","[4, 4, 3]","[0.88, 0.88, 0.46]","[['D', 'B', 'C', 'A'], ['B', 'D', 'C', 'A'], ['D', 'B', 'C', 'A']]","{'C': 5, 'D': 5, 'B': 3, 'A': 2}","[1.0, 1.0, 0.58]",3.7399999999999998
98,"[2, 4, 5]","[4, 4, 3]","[0.88, 0.88, 0.46]","[['D', 'B', 'C', 'A'], ['B', 'D', 'C', 'A'], ['D', 'C', 'A', 'B']]","{'C': 5, 'D': 5, 'A': 3, 'B': 2}","[1.0, 1.0, 0.58]",4.08
98,"[2, 4, 5]","[4, 4, 3]","[0.88, 0.88, 0.46]","[['D', 'B', 'C', 'A'], ['B', 'D', 'C', 'A'], ['D', 'C', 'B', 'A']]","{'C': 5, 'D': 5, 'B': 3, 'A': 2}","[1.0, 1.0, 0.58]",3.7399999999999998
98,"[2, 4, 5]","[4, 4, 3]","[0.88, 0.88, 0.46]","[['D', 'B', 'C', 'A'], ['C', 'A', 'B', 'D'], ['B', 'C', 'D', 'A']]","{'C': 5, 'D': 4, 'A': 3, 'B': 3}","[1.0, 1.0, 0.58]",4.08
98,"[2, 4, 5]","[4, 4, 3]","[0.88, 0.88, 0.46]","[['D', 'B', 'C', 'A'], ['C', 'A', 'B', 'D'], ['B', 'D', 'C', 'A']]","{'C': 5, 'D': 4, 'A': 3, 'B': 3}","[1.0, 1.0, 0.58]",4.08
98,"[2, 4, 5]","[4, 4, 3]","[0.88, 0.88, 0.46]","[['D', 'B', 'C', 'A'], ['C', 'A', 'B', 'D'], ['C', 'B', 'D', 'A']]","{'C': 5, 'D': 4, 'A': 3, 'B': 3}","[1.0, 1.0, 0.58]",4.08
98,"[2, 4, 5]","[4, 4, 3]","[0.88, 0.88, 0.46]","[['D', 'B', 'C', 'A'], ['C', 'A', 'B', 'D'], ['C', 'D', 'B', 'A']]","{'C': 5, 'D': 4, 'A': 3, 'B': 3}","[1.0, 1.0, 0.58]",4.08
98,"[2, 4, 5]","[4, 4, 3]","[0.88, 0.88, 0.46]","[['D', 'B', 'C', 'A'], ['C', 'A', 'B', 'D'], ['D', 'B', 'C', 'A']]","{'C': 5, 'D': 4, 'A': 3, 'B': 3}","[1.0, 1.0, 0.58]",4.08
98,"[2, 4, 5]","[4, 4, 3]","[0.88, 0.88, 0.46]","[['D', 'B', 'C', 'A'], ['C', 'A', 'B', 'D'], ['D', 'C', 'B', 'A']]","{'C': 5, 'D': 4, 'A': 3, 'B': 3}","[1.0, 1.0, 0.58]",4.08
98,"[2, 4, 5]","[4, 4, 3]","[0.88, 0.88, 0.46]","[['D', 'B', 'C', 'A'], ['C', 'A', 'D', 'B'], ['A', 'C', 'D', 'B']]","{'C': 5, 'D': 5, 'A': 4, 'B': 1}","[1.0, 1.0, 0.58]",4.08
98,"[2, 4, 5]","[4, 4, 3]","[0.88, 0.88, 0.46]","[['D', 'B', 'C', 'A'], ['C', 'A', 'D', 'B'], ['A', 'D', 'C', 'B']]","{'C': 5, 'D': 5, 'A': 4, 'B': 1}","[1.0, 1.0, 0.58]",4.08
98,"[2, 4, 5]","[4, 4, 3]","[0.88, 0.88, 0.46]","[['D', 'B', 'C', 'A'], ['C', 'A', 'D', 'B'], ['B', 'C', 'D', 'A']]","{'C': 5, 'D': 5, 'A': 3, 'B': 2}","[1.0, 1.0, 0.58]",4.08
98,"[2, 4, 5]","[4, 4, 3]","[0.88, 0.88, 0.46]","[['D', 'B', 'C', 'A'], ['C', 'A', 'D', 'B'], ['B', 'D', 'C', 'A']]","{'C': 5, 'D': 5, 'A': 3, 'B': 2}","[1.0, 1.0, 0.58]",4.08
98,"[2, 4, 5]","[4, 4, 3]","[0.88, 0.88, 0.46]","[['D', 'B', 'C', 'A'], ['C', 'A', 'D', 'B'], ['C', 'A', 'D', 'B']]","{'C': 5, 'D': 5, 'A': 4, 'B': 1}","[1.0, 1.0, 0.58]",4.08
98,"[2, 4, 5]","[4, 4, 3]","[0.88, 0.88, 0.46]","[['D', 'B', 'C', 'A'], ['C', 'A', 'D', 'B'], ['C', 'B', 'D', 'A']]","{'C': 5, 'D': 5, 'A': 3, 'B': 2}","[1.0, 1.0, 0.58]",4.08
98,"[2, 4, 5]","[4, 4, 3]","[0.88, 0.88, 0.46]","[['D', 'B', 'C', 'A'], ['C', 'A', 'D', 'B'], ['C', 'D', 'A', 'B']]","{'C': 5, 'D': 5, 'A': 4, 'B': 1}","[1.0, 1.0, 0.58]",4.08
98,"[2, 4, 5]","[4, 4, 3]","[0.88, 0.88, 0.46]","[['D', 'B', 'C', 'A'], ['C', 'A', 'D', 'B'], ['C', 'D', 'B', 'A']]","{'C': 5, 'D': 5, 'A': 3, 'B': 2}","[1.0, 1.0, 0.58]",4.08
98,"[2, 4, 5]","[4, 4, 3]","[0.88, 0.88, 0.46]","[['D', 'B', 'C', 'A'], ['C', 'A', 'D', 'B'], ['D', 'A', 'C', 'B']]","{'C': 5, 'D': 5, 'A': 4, 'B': 1}","[1.0, 1.0, 0.58]",4.08
98,"[2, 4, 5]","[4, 4, 3]","[0.88, 0.88, 0.46]","[['D', 'B', 'C', 'A'], ['C', 'A', 'D', 'B'], ['D', 'B', 'C', 'A']]","{'C': 5, 'D': 5, 'A': 3, 'B': 2}","[1.0, 1.0, 0.58]",4.08
98,"[2, 4, 5]","[4, 4, 3]","[0.88, 0.88, 0.46]","[['D', 'B', 'C', 'A'], ['C', 'A', 'D', 'B'], ['D', 'C', 'A', 'B']]","{'C': 5, 'D': 5, 'A': 4, 'B': 1}","[1.0, 1.0, 0.58]",4.08
98,"[2, 4, 5]","[4, 4, 3]","[0.88, 0.88, 0.46]","[['D', 'B', 'C', 'A'], ['C', 'A', 'D', 'B'], ['D', 'C', 'B', 'A']]","{'C': 5, 'D': 5, 'A': 3, 'B': 2}","[1.0, 1.0, 0.58]",4.08
98,"[2, 4, 5]","[4, 4, 3]","[0.88, 0.88, 0.46]","[['D', 'B', 'C', 'A'], ['C', 'B', 'A', 'D'], ['B', 'C', 'D', 'A']]","{'C': 5, 'D': 4, 'A': 3, 'B': 3}","[1.0, 1.0, 0.58]",4.08
98,"[2, 4, 5]","[4, 4, 3]","[0.88, 0.88, 0.46]","[['D', 'B', 'C', 'A'], ['C', 'B', 'A', 'D'], ['B', 'D', 'C', 'A']]","{'C': 5, 'D': 4, 'A': 3, 'B': 3}","[1.0, 1.0, 0.58]",4.08
98,"[2, 4, 5]","[4, 4, 3]","[0.88, 0.88, 0.46]","[['D', 'B', 'C', 'A'], ['C', 'B', 'A', 'D'], ['C', 'B', 'D', 'A']]","{'C': 5, 'D': 4, 'A': 3, 'B': 3}","[1.0, 1.0, 0.58]",4.08
98,"[2, 4, 5]","[4, 4, 3]","[0.88, 0.88, 0.46]","[['D', 'B', 'C', 'A'], ['C', 'B', 'A', 'D'], ['C', 'D', 'B', 'A']]","{'C': 5, 'D': 4, 'A': 3, 'B': 3}","[1.0, 1.0, 0.58]",4.08
98,"[2, 4, 5]","[4, 4, 3]","[0.88, 0.88, 0.46]","[['D', 'B', 'C', 'A'], ['C', 'B', 'A', 'D'], ['D', 'B', 'C', 'A']]","{'C': 5, 'D': 4, 'A': 3, 'B': 3}","[1.0, 1.0, 0.58]",4.08
98,"[2, 4, 5]","[4, 4, 3]","[0.88, 0.88, 0.46]","[['D', 'B', 'C', 'A'], ['C', 'B', 'A', 'D'], ['D', 'C', 'B', 'A']]","{'C': 5, 'D': 4, 'A': 3, 'B': 3}","[1.0, 1.0, 0.58]",4.08
98,"[2, 4, 5]","[4, 4, 3]","[0.88, 0.88, 0.46]","[['D', 'B', 'C', 'A'], ['C', 'B', 'D', 'A'], ['A', 'B', 'C', 'D']]","{'C': 5, 'D': 4, 'A': 3, 'B': 3}","[1.0, 1.0, 0.58]",4.08
98,"[2, 4, 5]","[4, 4, 3]","[0.88, 0.88, 0.46]","[['D', 'B', 'C', 'A'], ['C', 'B', 'D', 'A'], ['A', 'C', 'B', 'D']]","{'C': 5, 'D': 4, 'A': 3, 'B': 3}","[1.0, 1.0, 0.58]",4.08
98,"[2, 4, 5]","[4, 4, 3]","[0.88, 0.88, 0.46]","[['D', 'B', 'C', 'A'], ['C', 'B', 'D', 'A'], ['A', 'C', 'D', 'B']]","{'C': 5, 'D': 5, 'A': 3, 'B': 2}","[1.0, 1.0, 0.58]",4.08
98,"[2, 4, 5]","[4, 4, 3]","[0.88, 0.88, 0.46]","[['D', 'B', 'C', 'A'], ['C', 'B', 'D', 'A'], ['A', 'D', 'C', 'B']]","{'C': 5, 'D': 5, 'A': 3, 'B': 2}","[1.0, 1.0, 0.58]",4.08
98,"[2, 4, 5]","[4, 4, 3]","[0.88, 0.88, 0.46]","[['D', 'B', 'C', 'A'], ['C', 'B', 'D', 'A'], ['B', 'A', 'C', 'D']]","{'C': 5, 'D': 4, 'A': 3, 'B': 3}","[1.0, 1.0, 0.58]",4.08
98,"[2, 4, 5]","[4, 4, 3]","[0.88, 0.88, 0.46]","[['D', 'B', 'C', 'A'], ['C', 'B', 'D', 'A'], ['B', 'C', 'A', 'D']]","{'C': 5, 'D': 4, 'A': 3, 'B': 3}","[1.0, 1.0, 0.58]",4.08
98,"[2, 4, 5]","[4, 4, 3]","[0.88, 0.88, 0.46]","[['D', 'B', 'C', 'A'], ['C', 'B', 'D', 'A'], ['B', 'C', 'D', 'A']]","{'C': 5, 'D': 5, 'B': 3, 'A': 2}","[1.0, 1.0, 0.58]",3.7399999999999998
98,"[2, 4, 5]","[4, 4, 3]","[0.88, 0.88, 0.46]","[['D', 'B', 'C', 'A'], ['C', 'B', 'D', 'A'], ['B', 'D', 'C', 'A']]","{'C': 5, 'D': 5, 'B': 3, 'A': 2}","[1.0, 1.0, 0.58]",3.7399999999999998
98,"[2, 4, 5]","[4, 4, 3]","[0.88, 0.88, 0.46]","[['D', 'B', 'C', 'A'], ['C', 'B', 'D', 'A'], ['C', 'A', 'B', 'D']]","{'C': 5, 'D': 4, 'A': 3, 'B': 3}","[1.0, 1.0, 0.58]",4.08
98,"[2, 4, 5]","[4, 4, 3]","[0.88, 0.88, 0.46]","[['D', 'B', 'C', 'A'], ['C', 'B', 'D', 'A'], ['C', 'A', 'D', 'B']]","{'C': 5, 'D': 5, 'A': 3, 'B': 2}","[1.0, 1.0, 0.58]",4.08
98,"[2, 4, 5]","[4, 4, 3]","[0.88, 0.88, 0.46]","[['D', 'B', 'C', 'A'], ['C', 'B', 'D', 'A'], ['C', 'B', 'A', 'D']]","{'C': 5, 'D': 4, 'A': 3, 'B': 3}","[1.0, 1.0, 0.58]",4.08
98,"[2, 4, 5]","[4, 4, 3]","[0.88, 0.88, 0.46]","[['D', 'B', 'C', 'A'], ['C', 'B', 'D', 'A'], ['C', 'B', 'D', 'A']]","{'C': 5, 'D': 5, 'B': 3, 'A': 2}","[1.0, 1.0, 0.58]",3.7399999999999998
98,"[2, 4, 5]","[4, 4, 3]","[0.88, 0.88, 0.46]","[['D', 'B', 'C', 'A'], ['C', 'B', 'D', 'A'], ['C', 'D', 'A', 'B']]","{'C': 5, 'D': 5, 'A': 3, 'B': 2}","[1.0, 1.0, 0.58]",4.08
98,"[2, 4, 5]","[4, 4, 3]","[0.88, 0.88, 0.46]","[['D', 'B', 'C', 'A'], ['C', 'B', 'D', 'A'], ['C', 'D', 'B', 'A']]","{'C': 5, 'D': 5, 'B': 3, 'A': 2}","[1.0, 1.0, 0.58]",3.7399999999999998
98,"[2, 4, 5]","[4, 4, 3]","[0.88, 0.88, 0.46]","[['D', 'B', 'C', 'A'], ['C', 'B', 'D', 'A'], ['D', 'A', 'C', 'B']]","{'C': 5, 'D': 5, 'A': 3, 'B': 2}","[1.0, 1.0, 0.58]",4.08
98,"[2, 4, 5]","[4, 4, 3]","[0.88, 0.88, 0.46]","[['D', 'B', 'C', 'A'], ['C', 'B', 'D', 'A'], ['D', 'B', 'C', 'A']]","{'C': 5, 'D': 5, 'B': 3, 'A': 2}","[1.0, 1.0, 0.58]",3.7399999999999998
98,"[2, 4, 5]","[4, 4, 3]","[0.88, 0.88, 0.46]","[['D', 'B', 'C', 'A'], ['C', 'B', 'D', 'A'], ['D', 'C', 'A', 'B']]","{'C': 5, 'D': 5, 'A': 3, 'B': 2}","[1.0, 1.0, 0.58]",4.08
98,"[2, 4, 5]","[4, 4, 3]","[0.88, 0.88, 0.46]","[['D', 'B', 'C', 'A'], ['C', 'B', 'D', 'A'], ['D', 'C', 'B', 'A']]","{'C': 5, 'D': 5, 'B': 3, 'A': 2}","[1.0, 1.0, 0.58]",3.7399999999999998
98,"[2, 4, 5]","[4, 4, 3]","[0.88, 0.88, 0.46]","[['D', 'B', 'C', 'A'], ['C', 'D', 'A', 'B'], ['A', 'C', 'D', 'B']]","{'C': 5, 'D': 5, 'A': 4, 'B': 1}","[1.0, 1.0, 0.58]",4.08
98,"[2, 4, 5]","[4, 4, 3]","[0.88, 0.88, 0.46]","[['D', 'B', 'C', 'A'], ['C', 'D', 'A', 'B'], ['A', 'D', 'C', 'B']]","{'C': 5, 'D': 5, 'A': 4, 'B': 1}","[1.0, 1.0, 0.58]",4.08
98,"[2, 4, 5]","[4, 4, 3]","[0.88, 0.88, 0.46]","[['D', 'B', 'C', 'A'], ['C', 'D', 'A', 'B'], ['B', 'C', 'D', 'A']]","{'C': 5, 'D': 5, 'A': 3, 'B': 2}","[1.0, 1.0, 0.58]",4.08
98,"[2, 4, 5]","[4, 4, 3]","[0.88, 0.88, 0.46]","[['D', 'B', 'C', 'A'], ['C', 'D', 'A', 'B'], ['B', 'D', 'C', 'A']]","{'C': 5, 'D': 5, 'A': 3, 'B': 2}","[1.0, 1.0, 0.58]",4.08
98,"[2, 4, 5]","[4, 4, 3]","[0.88, 0.88, 0.46]","[['D', 'B', 'C', 'A'], ['C', 'D', 'A', 'B'], ['C', 'A', 'D', 'B']]","{'C': 5, 'D': 5, 'A': 4, 'B': 1}","[1.0, 1.0, 0.58]",4.08
98,"[2, 4, 5]","[4, 4, 3]","[0.88, 0.88, 0.46]","[['D', 'B', 'C', 'A'], ['C', 'D', 'A', 'B'], ['C', 'B', 'D', 'A']]","{'C': 5, 'D': 5, 'A': 3, 'B': 2}","[1.0, 1.0, 0.58]",4.08
98,"[2, 4, 5]","[4, 4, 3]","[0.88, 0.88, 0.46]","[['D', 'B', 'C', 'A'], ['C', 'D', 'A', 'B'], ['C', 'D', 'A', 'B']]","{'C': 5, 'D': 5, 'A': 4, 'B': 1}","[1.0, 1.0, 0.58]",4.08
98,"[2, 4, 5]","[4, 4, 3]","[0.88, 0.88, 0.46]","[['D', 'B', 'C', 'A'], ['C', 'D', 'A', 'B'], ['C', 'D', 'B', 'A']]","{'C': 5, 'D': 5, 'A': 3, 'B': 2}","[1.0, 1.0, 0.58]",4.08
98,"[2, 4, 5]","[4, 4, 3]","[0.88, 0.88, 0.46]","[['D', 'B', 'C', 'A'], ['C', 'D', 'A', 'B'], ['D', 'A', 'C', 'B']]","{'C': 5, 'D': 5, 'A': 4, 'B': 1}","[1.0, 1.0, 0.58]",4.08
98,"[2, 4, 5]","[4, 4, 3]","[0.88, 0.88, 0.46]","[['D', 'B', 'C', 'A'], ['C', 'D', 'A', 'B'], ['D', 'B', 'C', 'A']]","{'C': 5, 'D': 5, 'A': 3, 'B': 2}","[1.0, 1.0, 0.58]",4.08
98,"[2, 4, 5]","[4, 4, 3]","[0.88, 0.88, 0.46]","[['D', 'B', 'C', 'A'], ['C', 'D', 'A', 'B'], ['D', 'C', 'A', 'B']]","{'C': 5, 'D': 5, 'A': 4, 'B': 1}","[1.0, 1.0, 0.58]",4.08
98,"[2, 4, 5]","[4, 4, 3]","[0.88, 0.88, 0.46]","[['D', 'B', 'C', 'A'], ['C', 'D', 'A', 'B'], ['D', 'C', 'B', 'A']]","{'C': 5, 'D': 5, 'A': 3, 'B': 2}","[1.0, 1.0, 0.58]",4.08
98,"[2, 4, 5]","[4, 4, 3]","[0.88, 0.88, 0.46]","[['D', 'B', 'C', 'A'], ['C', 'D', 'B', 'A'], ['A', 'B', 'C', 'D']]","{'C': 5, 'D': 4, 'A': 3, 'B': 3}","[1.0, 1.0, 0.58]",4.08
98,"[2, 4, 5]","[4, 4, 3]","[0.88, 0.88, 0.46]","[['D', 'B', 'C', 'A'], ['C', 'D', 'B', 'A'], ['A', 'C', 'B', 'D']]","{'C': 5, 'D': 4, 'A': 3, 'B': 3}","[1.0, 1.0, 0.58]",4.08
98,"[2, 4, 5]","[4, 4, 3]","[0.88, 0.88, 0.46]","[['D', 'B', 'C', 'A'], ['C', 'D', 'B', 'A'], ['A', 'C', 'D', 'B']]","{'C': 5, 'D': 5, 'A': 3, 'B': 2}","[1.0, 1.0, 0.58]",4.08
98,"[2, 4, 5]","[4, 4, 3]","[0.88, 0.88, 0.46]","[['D', 'B', 'C', 'A'], ['C', 'D', 'B', 'A'], ['A', 'D', 'C', 'B']]","{'C': 5, 'D': 5, 'A': 3, 'B': 2}","[1.0, 1.0, 0.58]",4.08
98,"[2, 4, 5]","[4, 4, 3]","[0.88, 0.88, 0.46]","[['D', 'B', 'C', 'A'], ['C', 'D', 'B', 'A'], ['B', 'A', 'C', 'D']]","{'C': 5, 'D': 4, 'A': 3, 'B': 3}","[1.0, 1.0, 0.58]",4.08
98,"[2, 4, 5]","[4, 4, 3]","[0.88, 0.88, 0.46]","[['D', 'B', 'C', 'A'], ['C', 'D', 'B', 'A'], ['B', 'C', 'A', 'D']]","{'C': 5, 'D': 4, 'A': 3, 'B': 3}","[1.0, 1.0, 0.58]",4.08
98,"[2, 4, 5]","[4, 4, 3]","[0.88, 0.88, 0.46]","[['D', 'B', 'C', 'A'], ['C', 'D', 'B', 'A'], ['B', 'C', 'D', 'A']]","{'C': 5, 'D': 5, 'B': 3, 'A': 2}","[1.0, 1.0, 0.58]",3.7399999999999998
98,"[2, 4, 5]","[4, 4, 3]","[0.88, 0.88, 0.46]","[['D', 'B', 'C', 'A'], ['C', 'D', 'B', 'A'], ['B', 'D', 'C', 'A']]","{'C': 5, 'D': 5, 'B': 3, 'A': 2}","[1.0, 1.0, 0.58]",3.7399999999999998
98,"[2, 4, 5]","[4, 4, 3]","[0.88, 0.88, 0.46]","[['D', 'B', 'C', 'A'], ['C', 'D', 'B', 'A'], ['C', 'A', 'B', 'D']]","{'C': 5, 'D': 4, 'A': 3, 'B': 3}","[1.0, 1.0, 0.58]",4.08
98,"[2, 4, 5]","[4, 4, 3]","[0.88, 0.88, 0.46]","[['D', 'B', 'C', 'A'], ['C', 'D', 'B', 'A'], ['C', 'A', 'D', 'B']]","{'C': 5, 'D': 5, 'A': 3, 'B': 2}","[1.0, 1.0, 0.58]",4.08
98,"[2, 4, 5]","[4, 4, 3]","[0.88, 0.88, 0.46]","[['D', 'B', 'C', 'A'], ['C', 'D', 'B', 'A'], ['C', 'B', 'A', 'D']]","{'C': 5, 'D': 4, 'A': 3, 'B': 3}","[1.0, 1.0, 0.58]",4.08
98,"[2, 4, 5]","[4, 4, 3]","[0.88, 0.88, 0.46]","[['D', 'B', 'C', 'A'], ['C', 'D', 'B', 'A'], ['C', 'B', 'D', 'A']]","{'C': 5, 'D': 5, 'B': 3, 'A': 2}","[1.0, 1.0, 0.58]",3.7399999999999998
98,"[2, 4, 5]","[4, 4, 3]","[0.88, 0.88, 0.46]","[['D', 'B', 'C', 'A'], ['C', 'D', 'B', 'A'], ['C', 'D', 'A', 'B']]","{'C': 5, 'D': 5, 'A': 3, 'B': 2}","[1.0, 1.0, 0.58]",4.08
98,"[2, 4, 5]","[4, 4, 3]","[0.88, 0.88, 0.46]","[['D', 'B', 'C', 'A'], ['C', 'D', 'B', 'A'], ['C', 'D', 'B', 'A']]","{'C': 5, 'D': 5, 'B': 3, 'A': 2}","[1.0, 1.0, 0.58]",3.7399999999999998
98,"[2, 4, 5]","[4, 4, 3]","[0.88, 0.88, 0.46]","[['D', 'B', 'C', 'A'], ['C', 'D', 'B', 'A'], ['D', 'A', 'C', 'B']]","{'C': 5, 'D': 5, 'A': 3, 'B': 2}","[1.0, 1.0, 0.58]",4.08
98,"[2, 4, 5]","[4, 4, 3]","[0.88, 0.88, 0.46]","[['D', 'B', 'C', 'A'], ['C', 'D', 'B', 'A'], ['D', 'B', 'C', 'A']]","{'C': 5, 'D': 5, 'B': 3, 'A': 2}","[1.0, 1.0, 0.58]",3.7399999999999998
98,"[2, 4, 5]","[4, 4, 3]","[0.88, 0.88, 0.46]","[['D', 'B', 'C', 'A'], ['C', 'D', 'B', 'A'], ['D', 'C', 'A', 'B']]","{'C': 5, 'D': 5, 'A': 3, 'B': 2}","[1.0, 1.0, 0.58]",4.08
98,"[2, 4, 5]","[4, 4, 3]","[0.88, 0.88, 0.46]","[['D', 'B', 'C', 'A'], ['C', 'D', 'B', 'A'], ['D', 'C', 'B', 'A']]","{'C': 5, 'D': 5, 'B': 3, 'A': 2}","[1.0, 1.0, 0.58]",3.7399999999999998
98,"[2, 4, 5]","[4, 4, 3]","[0.88, 0.88, 0.46]","[['D', 'B', 'C', 'A'], ['D', 'A', 'C', 'B'], ['A', 'C', 'D', 'B']]","{'C': 5, 'D': 5, 'A': 4, 'B': 1}","[1.0, 1.0, 0.58]",4.08
98,"[2, 4, 5]","[4, 4, 3]","[0.88, 0.88, 0.46]","[['D', 'B', 'C', 'A'], ['D', 'A', 'C', 'B'], ['A', 'D', 'C', 'B']]","{'C': 5, 'D': 5, 'A': 4, 'B': 1}","[1.0, 1.0, 0.58]",4.08
98,"[2, 4, 5]","[4, 4, 3]","[0.88, 0.88, 0.46]","[['D', 'B', 'C', 'A'], ['D', 'A', 'C', 'B'], ['B', 'C', 'D', 'A']]","{'C': 5, 'D': 5, 'A': 3, 'B': 2}","[1.0, 1.0, 0.58]",4.08
98,"[2, 4, 5]","[4, 4, 3]","[0.88, 0.88, 0.46]","[['D', 'B', 'C', 'A'], ['D', 'A', 'C', 'B'], ['B', 'D', 'C', 'A']]","{'C': 5, 'D': 5, 'A': 3, 'B': 2}","[1.0, 1.0, 0.58]",4.08
98,"[2, 4, 5]","[4, 4, 3]","[0.88, 0.88, 0.46]","[['D', 'B', 'C', 'A'], ['D', 'A', 'C', 'B'], ['C', 'A', 'D', 'B']]","{'C': 5, 'D': 5, 'A': 4, 'B': 1}","[1.0, 1.0, 0.58]",4.08
98,"[2, 4, 5]","[4, 4, 3]","[0.88, 0.88, 0.46]","[['D', 'B', 'C', 'A'], ['D', 'A', 'C', 'B'], ['C', 'B', 'D', 'A']]","{'C': 5, 'D': 5, 'A': 3, 'B': 2}","[1.0, 1.0, 0.58]",4.08
98,"[2, 4, 5]","[4, 4, 3]","[0.88, 0.88, 0.46]","[['D', 'B', 'C', 'A'], ['D', 'A', 'C', 'B'], ['C', 'D', 'A', 'B']]","{'C': 5, 'D': 5, 'A': 4, 'B': 1}","[1.0, 1.0, 0.58]",4.08
98,"[2, 4, 5]","[4, 4, 3]","[0.88, 0.88, 0.46]","[['D', 'B', 'C', 'A'], ['D', 'A', 'C', 'B'], ['C', 'D', 'B', 'A']]","{'C': 5, 'D': 5, 'A': 3, 'B': 2}","[1.0, 1.0, 0.58]",4.08
98,"[2, 4, 5]","[4, 4, 3]","[0.88, 0.88, 0.46]","[['D', 'B', 'C', 'A'], ['D', 'A', 'C', 'B'], ['D', 'A', 'C', 'B']]","{'C': 5, 'D': 5, 'A': 4, 'B': 1}","[1.0, 1.0, 0.58]",4.08
98,"[2, 4, 5]","[4, 4, 3]","[0.88, 0.88, 0.46]","[['D', 'B', 'C', 'A'], ['D', 'A', 'C', 'B'], ['D', 'B', 'C', 'A']]","{'C': 5, 'D': 5, 'A': 3, 'B': 2}","[1.0, 1.0, 0.58]",4.08
98,"[2, 4, 5]","[4, 4, 3]","[0.88, 0.88, 0.46]","[['D', 'B', 'C', 'A'], ['D', 'A', 'C', 'B'], ['D', 'C', 'A', 'B']]","{'C': 5, 'D': 5, 'A': 4, 'B': 1}","[1.0, 1.0, 0.58]",4.08
98,"[2, 4, 5]","[4, 4, 3]","[0.88, 0.88, 0.46]","[['D', 'B', 'C', 'A'], ['D', 'A', 'C', 'B'], ['D', 'C', 'B', 'A']]","{'C': 5, 'D': 5, 'A': 3, 'B': 2}","[1.0, 1.0, 0.58]",4.08
98,"[2, 4, 5]","[4, 4, 3]","[0.88, 0.88, 0.46]","[['D', 'B', 'C', 'A'], ['D', 'B', 'C', 'A'], ['A', 'B', 'C', 'D']]","{'C': 5, 'D': 4, 'A': 3, 'B': 3}","[1.0, 1.0, 0.58]",4.08
98,"[2, 4, 5]","[4, 4, 3]","[0.88, 0.88, 0.46]","[['D', 'B', 'C', 'A'], ['D', 'B', 'C', 'A'], ['A', 'C', 'B', 'D']]","{'C': 5, 'D': 4, 'A': 3, 'B': 3}","[1.0, 1.0, 0.58]",4.08
98,"[2, 4, 5]","[4, 4, 3]","[0.88, 0.88, 0.46]","[['D', 'B', 'C', 'A'], ['D', 'B', 'C', 'A'], ['A', 'C', 'D', 'B']]","{'C': 5, 'D': 5, 'A': 3, 'B': 2}","[1.0, 1.0, 0.58]",4.08
98,"[2, 4, 5]","[4, 4, 3]","[0.88, 0.88, 0.46]","[['D', 'B', 'C', 'A'], ['D', 'B', 'C', 'A'], ['A', 'D', 'C', 'B']]","{'C': 5, 'D': 5, 'A': 3, 'B': 2}","[1.0, 1.0, 0.58]",4.08
98,"[2, 4, 5]","[4, 4, 3]","[0.88, 0.88, 0.46]","[['D', 'B', 'C', 'A'], ['D', 'B', 'C', 'A'], ['B', 'A', 'C', 'D']]","{'C': 5, 'D': 4, 'A': 3, 'B': 3}","[1.0, 1.0, 0.58]",4.08
98,"[2, 4, 5]","[4, 4, 3]","[0.88, 0.88, 0.46]","[['D', 'B', 'C', 'A'], ['D', 'B', 'C', 'A'], ['B', 'C', 'A', 'D']]","{'C': 5, 'D': 4, 'A': 3, 'B': 3}","[1.0, 1.0, 0.58]",4.08
98,"[2, 4, 5]","[4, 4, 3]","[0.88, 0.88, 0.46]","[['D', 'B', 'C', 'A'], ['D', 'B', 'C', 'A'], ['B', 'C', 'D', 'A']]","{'C': 5, 'D': 5, 'B': 3, 'A': 2}","[1.0, 1.0, 0.58]",3.7399999999999998
98,"[2, 4, 5]","[4, 4, 3]","[0.88, 0.88, 0.46]","[['D', 'B', 'C', 'A'], ['D', 'B', 'C', 'A'], ['B', 'D', 'C', 'A']]","{'C': 5, 'D': 5, 'B': 3, 'A': 2}","[1.0, 1.0, 0.58]",3.7399999999999998
98,"[2, 4, 5]","[4, 4, 3]","[0.88, 0.88, 0.46]","[['D', 'B', 'C', 'A'], ['D', 'B', 'C', 'A'], ['C', 'A', 'B', 'D']]","{'C': 5, 'D': 4, 'A': 3, 'B': 3}","[1.0, 1.0, 0.58]",4.08
98,"[2, 4, 5]","[4, 4, 3]","[0.88, 0.88, 0.46]","[['D', 'B', 'C', 'A'], ['D', 'B', 'C', 'A'], ['C', 'A', 'D', 'B']]","{'C': 5, 'D': 5, 'A': 3, 'B': 2}","[1.0, 1.0, 0.58]",4.08
98,"[2, 4, 5]","[4, 4, 3]","[0.88, 0.88, 0.46]","[['D', 'B', 'C', 'A'], ['D', 'B', 'C', 'A'], ['C', 'B', 'A', 'D']]","{'C': 5, 'D': 4, 'A': 3, 'B': 3}","[1.0, 1.0, 0.58]",4.08
98,"[2, 4, 5]","[4, 4, 3]","[0.88, 0.88, 0.46]","[['D', 'B', 'C', 'A'], ['D', 'B', 'C', 'A'], ['C', 'B', 'D', 'A']]","{'C': 5, 'D': 5, 'B': 3, 'A': 2}","[1.0, 1.0, 0.58]",3.7399999999999998
98,"[2, 4, 5]","[4, 4, 3]","[0.88, 0.88, 0.46]","[['D', 'B', 'C', 'A'], ['D', 'B', 'C', 'A'], ['C', 'D', 'A', 'B']]","{'C': 5, 'D': 5, 'A': 3, 'B': 2}","[1.0, 1.0, 0.58]",4.08
98,"[2, 4, 5]","[4, 4, 3]","[0.88, 0.88, 0.46]","[['D', 'B', 'C', 'A'], ['D', 'B', 'C', 'A'], ['C', 'D', 'B', 'A']]","{'C': 5, 'D': 5, 'B': 3, 'A': 2}","[1.0, 1.0, 0.58]",3.7399999999999998
98,"[2, 4, 5]","[4, 4, 3]","[0.88, 0.88, 0.46]","[['D', 'B', 'C', 'A'], ['D', 'B', 'C', 'A'], ['D', 'A', 'C', 'B']]","{'C': 5, 'D': 5, 'A': 3, 'B': 2}","[1.0, 1.0, 0.58]",4.08
98,"[2, 4, 5]","[4, 4, 3]","[0.88, 0.88, 0.46]","[['D', 'B', 'C', 'A'], ['D', 'B', 'C', 'A'], ['D', 'B', 'C', 'A']]","{'C': 5, 'D': 5, 'B': 3, 'A': 2}","[1.0, 1.0, 0.58]",3.7399999999999998
98,"[2, 4, 5]","[4, 4, 3]","[0.88, 0.88, 0.46]","[['D', 'B', 'C', 'A'], ['D', 'B', 'C', 'A'], ['D', 'C', 'A', 'B']]","{'C': 5, 'D': 5, 'A': 3, 'B': 2}","[1.0, 1.0, 0.58]",4.08
98,"[2, 4, 5]","[4, 4, 3]","[0.88, 0.88, 0.46]","[['D', 'B', 'C', 'A'], ['D', 'B', 'C', 'A'], ['D', 'C', 'B', 'A']]","{'C': 5, 'D': 5, 'B': 3, 'A': 2}","[1.0, 1.0, 0.58]",3.7399999999999998
98,"[2, 4, 5]","[4, 4, 3]","[0.88, 0.88, 0.46]","[['D', 'B', 'C', 'A'], ['D', 'C', 'A', 'B'], ['A', 'C', 'D', 'B']]","{'C': 5, 'D': 5, 'A': 4, 'B': 1}","[1.0, 1.0, 0.58]",4.08
98,"[2, 4, 5]","[4, 4, 3]","[0.88, 0.88, 0.46]","[['D', 'B', 'C', 'A'], ['D', 'C', 'A', 'B'], ['A', 'D', 'C', 'B']]","{'C': 5, 'D': 5, 'A': 4, 'B': 1}","[1.0, 1.0, 0.58]",4.08
98,"[2, 4, 5]","[4, 4, 3]","[0.88, 0.88, 0.46]","[['D', 'B', 'C', 'A'], ['D', 'C', 'A', 'B'], ['B', 'C', 'D', 'A']]","{'C': 5, 'D': 5, 'A': 3, 'B': 2}","[1.0, 1.0, 0.58]",4.08
98,"[2, 4, 5]","[4, 4, 3]","[0.88, 0.88, 0.46]","[['D', 'B', 'C', 'A'], ['D', 'C', 'A', 'B'], ['B', 'D', 'C', 'A']]","{'C': 5, 'D': 5, 'A': 3, 'B': 2}","[1.0, 1.0, 0.58]",4.08
98,"[2, 4, 5]","[4, 4, 3]","[0.88, 0.88, 0.46]","[['D', 'B', 'C', 'A'], ['D', 'C', 'A', 'B'], ['C', 'A', 'D', 'B']]","{'C': 5, 'D': 5, 'A': 4, 'B': 1}","[1.0, 1.0, 0.58]",4.08
98,"[2, 4, 5]","[4, 4, 3]","[0.88, 0.88, 0.46]","[['D', 'B', 'C', 'A'], ['D', 'C', 'A', 'B'], ['C', 'B', 'D', 'A']]","{'C': 5, 'D': 5, 'A': 3, 'B': 2}","[1.0, 1.0, 0.58]",4.08
98,"[2, 4, 5]","[4, 4, 3]","[0.88, 0.88, 0.46]","[['D', 'B', 'C', 'A'], ['D', 'C', 'A', 'B'], ['C', 'D', 'A', 'B']]","{'C': 5, 'D': 5, 'A': 4, 'B': 1}","[1.0, 1.0, 0.58]",4.08
98,"[2, 4, 5]","[4, 4, 3]","[0.88, 0.88, 0.46]","[['D', 'B', 'C', 'A'], ['D', 'C', 'A', 'B'], ['C', 'D', 'B', 'A']]","{'C': 5, 'D': 5, 'A': 3, 'B': 2}","[1.0, 1.0, 0.58]",4.08
98,"[2, 4, 5]","[4, 4, 3]","[0.88, 0.88, 0.46]","[['D', 'B', 'C', 'A'], ['D', 'C', 'A', 'B'], ['D', 'A', 'C', 'B']]","{'C': 5, 'D': 5, 'A': 4, 'B': 1}","[1.0, 1.0, 0.58]",4.08
98,"[2, 4, 5]","[4, 4, 3]","[0.88, 0.88, 0.46]","[['D', 'B', 'C', 'A'], ['D', 'C', 'A', 'B'], ['D', 'B', 'C', 'A']]","{'C': 5, 'D': 5, 'A': 3, 'B': 2}","[1.0, 1.0, 0.58]",4.08
98,"[2, 4, 5]","[4, 4, 3]","[0.88, 0.88, 0.46]","[['D', 'B', 'C', 'A'], ['D', 'C', 'A', 'B'], ['D', 'C', 'A', 'B']]","{'C': 5, 'D': 5, 'A': 4, 'B': 1}","[1.0, 1.0, 0.58]",4.08
98,"[2, 4, 5]","[4, 4, 3]","[0.88, 0.88, 0.46]","[['D', 'B', 'C', 'A'], ['D', 'C', 'A', 'B'], ['D', 'C', 'B', 'A']]","{'C': 5, 'D': 5, 'A': 3, 'B': 2}","[1.0, 1.0, 0.58]",4.08
98,"[2, 4, 5]","[4, 4, 3]","[0.88, 0.88, 0.46]","[['D', 'B', 'C', 'A'], ['D', 'C', 'B', 'A'], ['A', 'B', 'C', 'D']]","{'C': 5, 'D': 4, 'A': 3, 'B': 3}","[1.0, 1.0, 0.58]",4.08
98,"[2, 4, 5]","[4, 4, 3]","[0.88, 0.88, 0.46]","[['D', 'B', 'C', 'A'], ['D', 'C', 'B', 'A'], ['A', 'C', 'B', 'D']]","{'C': 5, 'D': 4, 'A': 3, 'B': 3}","[1.0, 1.0, 0.58]",4.08
98,"[2, 4, 5]","[4, 4, 3]","[0.88, 0.88, 0.46]","[['D', 'B', 'C', 'A'], ['D', 'C', 'B', 'A'], ['A', 'C', 'D', 'B']]","{'C': 5, 'D': 5, 'A': 3, 'B': 2}","[1.0, 1.0, 0.58]",4.08
98,"[2, 4, 5]","[4, 4, 3]","[0.88, 0.88, 0.46]","[['D', 'B', 'C', 'A'], ['D', 'C', 'B', 'A'], ['A', 'D', 'C', 'B']]","{'C': 5, 'D': 5, 'A': 3, 'B': 2}","[1.0, 1.0, 0.58]",4.08
98,"[2, 4, 5]","[4, 4, 3]","[0.88, 0.88, 0.46]","[['D', 'B', 'C', 'A'], ['D', 'C', 'B', 'A'], ['B', 'A', 'C', 'D']]","{'C': 5, 'D': 4, 'A': 3, 'B': 3}","[1.0, 1.0, 0.58]",4.08
98,"[2, 4, 5]","[4, 4, 3]","[0.88, 0.88, 0.46]","[['D', 'B', 'C', 'A'], ['D', 'C', 'B', 'A'], ['B', 'C', 'A', 'D']]","{'C': 5, 'D': 4, 'A': 3, 'B': 3}","[1.0, 1.0, 0.58]",4.08
98,"[2, 4, 5]","[4, 4, 3]","[0.88, 0.88, 0.46]","[['D', 'B', 'C', 'A'], ['D', 'C', 'B', 'A'], ['B', 'C', 'D', 'A']]","{'C': 5, 'D': 5, 'B': 3, 'A': 2}","[1.0, 1.0, 0.58]",3.7399999999999998
98,"[2, 4, 5]","[4, 4, 3]","[0.88, 0.88, 0.46]","[['D', 'B', 'C', 'A'], ['D', 'C', 'B', 'A'], ['B', 'D', 'C', 'A']]","{'C': 5, 'D': 5, 'B': 3, 'A': 2}","[1.0, 1.0, 0.58]",3.7399999999999998
98,"[2, 4, 5]","[4, 4, 3]","[0.88, 0.88, 0.46]","[['D', 'B', 'C', 'A'], ['D', 'C', 'B', 'A'], ['C', 'A', 'B', 'D']]","{'C': 5, 'D': 4, 'A': 3, 'B': 3}","[1.0, 1.0, 0.58]",4.08
98,"[2, 4, 5]","[4, 4, 3]","[0.88, 0.88, 0.46]","[['D', 'B', 'C', 'A'], ['D', 'C', 'B', 'A'], ['C', 'A', 'D', 'B']]","{'C': 5, 'D': 5, 'A': 3, 'B': 2}","[1.0, 1.0, 0.58]",4.08
98,"[2, 4, 5]","[4, 4, 3]","[0.88, 0.88, 0.46]","[['D', 'B', 'C', 'A'], ['D', 'C', 'B', 'A'], ['C', 'B', 'A', 'D']]","{'C': 5, 'D': 4, 'A': 3, 'B': 3}","[1.0, 1.0, 0.58]",4.08
98,"[2, 4, 5]","[4, 4, 3]","[0.88, 0.88, 0.46]","[['D', 'B', 'C', 'A'], ['D', 'C', 'B', 'A'], ['C', 'B', 'D', 'A']]","{'C': 5, 'D': 5, 'B': 3, 'A': 2}","[1.0, 1.0, 0.58]",3.7399999999999998
98,"[2, 4, 5]","[4, 4, 3]","[0.88, 0.88, 0.46]","[['D', 'B', 'C', 'A'], ['D', 'C', 'B', 'A'], ['C', 'D', 'A', 'B']]","{'C': 5, 'D': 5, 'A': 3, 'B': 2}","[1.0, 1.0, 0.58]",4.08
98,"[2, 4, 5]","[4, 4, 3]","[0.88, 0.88, 0.46]","[['D', 'B', 'C', 'A'], ['D', 'C', 'B', 'A'], ['C', 'D', 'B', 'A']]","{'C': 5, 'D': 5, 'B': 3, 'A': 2}","[1.0, 1.0, 0.58]",3.7399999999999998
98,"[2, 4, 5]","[4, 4, 3]","[0.88, 0.88, 0.46]","[['D', 'B', 'C', 'A'], ['D', 'C', 'B', 'A'], ['D', 'A', 'C', 'B']]","{'C': 5, 'D': 5, 'A': 3, 'B': 2}","[1.0, 1.0, 0.58]",4.08
98,"[2, 4, 5]","[4, 4, 3]","[0.88, 0.88, 0.46]","[['D', 'B', 'C', 'A'], ['D', 'C', 'B', 'A'], ['D', 'B', 'C', 'A']]","{'C': 5, 'D': 5, 'B': 3, 'A': 2}","[1.0, 1.0, 0.58]",3.7399999999999998
98,"[2, 4, 5]","[4, 4, 3]","[0.88, 0.88, 0.46]","[['D', 'B', 'C', 'A'], ['D', 'C', 'B', 'A'], ['D', 'C', 'A', 'B']]","{'C': 5, 'D': 5, 'A': 3, 'B': 2}","[1.0, 1.0, 0.58]",4.08
98,"[2, 4, 5]","[4, 4, 3]","[0.88, 0.88, 0.46]","[['D', 'B', 'C', 'A'], ['D', 'C', 'B', 'A'], ['D', 'C', 'B', 'A']]","{'C': 5, 'D': 5, 'B': 3, 'A': 2}","[1.0, 1.0, 0.58]",3.7399999999999998
98,"[2, 4, 5]","[4, 4, 3]","[0.88, 0.88, 0.46]","[['D', 'C', 'A', 'B'], ['A', 'C', 'D', 'B'], ['B', 'C', 'D', 'A']]","{'C': 5, 'D': 5, 'A': 4, 'B': 1}","[1.0, 1.0, 0.58]",4.08
98,"[2, 4, 5]","[4, 4, 3]","[0.88, 0.88, 0.46]","[['D', 'C', 'A', 'B'], ['A', 'C', 'D', 'B'], ['B', 'D', 'C', 'A']]","{'C': 5, 'D': 5, 'A': 4, 'B': 1}","[1.0, 1.0, 0.58]",4.08
98,"[2, 4, 5]","[4, 4, 3]","[0.88, 0.88, 0.46]","[['D', 'C', 'A', 'B'], ['A', 'C', 'D', 'B'], ['C', 'B', 'D', 'A']]","{'C': 5, 'D': 5, 'A': 4, 'B': 1}","[1.0, 1.0, 0.58]",4.08
98,"[2, 4, 5]","[4, 4, 3]","[0.88, 0.88, 0.46]","[['D', 'C', 'A', 'B'], ['A', 'C', 'D', 'B'], ['C', 'D', 'B', 'A']]","{'C': 5, 'D': 5, 'A': 4, 'B': 1}","[1.0, 1.0, 0.58]",4.08
98,"[2, 4, 5]","[4, 4, 3]","[0.88, 0.88, 0.46]","[['D', 'C', 'A', 'B'], ['A', 'C', 'D', 'B'], ['D', 'B', 'C', 'A']]","{'C': 5, 'D': 5, 'A': 4, 'B': 1}","[1.0, 1.0, 0.58]",4.08
98,"[2, 4, 5]","[4, 4, 3]","[0.88, 0.88, 0.46]","[['D', 'C', 'A', 'B'], ['A', 'C', 'D', 'B'], ['D', 'C', 'B', 'A']]","{'C': 5, 'D': 5, 'A': 4, 'B': 1}","[1.0, 1.0, 0.58]",4.08
98,"[2, 4, 5]","[4, 4, 3]","[0.88, 0.88, 0.46]","[['D', 'C', 'A', 'B'], ['A', 'D', 'C', 'B'], ['B', 'C', 'D', 'A']]","{'C': 5, 'D': 5, 'A': 4, 'B': 1}","[1.0, 1.0, 0.58]",4.08
98,"[2, 4, 5]","[4, 4, 3]","[0.88, 0.88, 0.46]","[['D', 'C', 'A', 'B'], ['A', 'D', 'C', 'B'], ['B', 'D', 'C', 'A']]","{'C': 5, 'D': 5, 'A': 4, 'B': 1}","[1.0, 1.0, 0.58]",4.08
98,"[2, 4, 5]","[4, 4, 3]","[0.88, 0.88, 0.46]","[['D', 'C', 'A', 'B'], ['A', 'D', 'C', 'B'], ['C', 'B', 'D', 'A']]","{'C': 5, 'D': 5, 'A': 4, 'B': 1}","[1.0, 1.0, 0.58]",4.08
98,"[2, 4, 5]","[4, 4, 3]","[0.88, 0.88, 0.46]","[['D', 'C', 'A', 'B'], ['A', 'D', 'C', 'B'], ['C', 'D', 'B', 'A']]","{'C': 5, 'D': 5, 'A': 4, 'B': 1}","[1.0, 1.0, 0.58]",4.08
98,"[2, 4, 5]","[4, 4, 3]","[0.88, 0.88, 0.46]","[['D', 'C', 'A', 'B'], ['A', 'D', 'C', 'B'], ['D', 'B', 'C', 'A']]","{'C': 5, 'D': 5, 'A': 4, 'B': 1}","[1.0, 1.0, 0.58]",4.08
98,"[2, 4, 5]","[4, 4, 3]","[0.88, 0.88, 0.46]","[['D', 'C', 'A', 'B'], ['A', 'D', 'C', 'B'], ['D', 'C', 'B', 'A']]","{'C': 5, 'D': 5, 'A': 4, 'B': 1}","[1.0, 1.0, 0.58]",4.08
98,"[2, 4, 5]","[4, 4, 3]","[0.88, 0.88, 0.46]","[['D', 'C', 'A', 'B'], ['B', 'C', 'D', 'A'], ['A', 'C', 'D', 'B']]","{'C': 5, 'D': 5, 'A': 4, 'B': 1}","[1.0, 1.0, 0.58]",4.08
98,"[2, 4, 5]","[4, 4, 3]","[0.88, 0.88, 0.46]","[['D', 'C', 'A', 'B'], ['B', 'C', 'D', 'A'], ['A', 'D', 'C', 'B']]","{'C': 5, 'D': 5, 'A': 4, 'B': 1}","[1.0, 1.0, 0.58]",4.08
98,"[2, 4, 5]","[4, 4, 3]","[0.88, 0.88, 0.46]","[['D', 'C', 'A', 'B'], ['B', 'C', 'D', 'A'], ['B', 'C', 'D', 'A']]","{'C': 5, 'D': 5, 'A': 3, 'B': 2}","[1.0, 1.0, 0.58]",4.08
98,"[2, 4, 5]","[4, 4, 3]","[0.88, 0.88, 0.46]","[['D', 'C', 'A', 'B'], ['B', 'C', 'D', 'A'], ['B', 'D', 'C', 'A']]","{'C': 5, 'D': 5, 'A': 3, 'B': 2}","[1.0, 1.0, 0.58]",4.08
98,"[2, 4, 5]","[4, 4, 3]","[0.88, 0.88, 0.46]","[['D', 'C', 'A', 'B'], ['B', 'C', 'D', 'A'], ['C', 'A', 'D', 'B']]","{'C': 5, 'D': 5, 'A': 4, 'B': 1}","[1.0, 1.0, 0.58]",4.08
98,"[2, 4, 5]","[4, 4, 3]","[0.88, 0.88, 0.46]","[['D', 'C', 'A', 'B'], ['B', 'C', 'D', 'A'], ['C', 'B', 'D', 'A']]","{'C': 5, 'D': 5, 'A': 3, 'B': 2}","[1.0, 1.0, 0.58]",4.08
98,"[2, 4, 5]","[4, 4, 3]","[0.88, 0.88, 0.46]","[['D', 'C', 'A', 'B'], ['B', 'C', 'D', 'A'], ['C', 'D', 'A', 'B']]","{'C': 5, 'D': 5, 'A': 4, 'B': 1}","[1.0, 1.0, 0.58]",4.08
98,"[2, 4, 5]","[4, 4, 3]","[0.88, 0.88, 0.46]","[['D', 'C', 'A', 'B'], ['B', 'C', 'D', 'A'], ['C', 'D', 'B', 'A']]","{'C': 5, 'D': 5, 'A': 3, 'B': 2}","[1.0, 1.0, 0.58]",4.08
98,"[2, 4, 5]","[4, 4, 3]","[0.88, 0.88, 0.46]","[['D', 'C', 'A', 'B'], ['B', 'C', 'D', 'A'], ['D', 'A', 'C', 'B']]","{'C': 5, 'D': 5, 'A': 4, 'B': 1}","[1.0, 1.0, 0.58]",4.08
98,"[2, 4, 5]","[4, 4, 3]","[0.88, 0.88, 0.46]","[['D', 'C', 'A', 'B'], ['B', 'C', 'D', 'A'], ['D', 'B', 'C', 'A']]","{'C': 5, 'D': 5, 'A': 3, 'B': 2}","[1.0, 1.0, 0.58]",4.08
98,"[2, 4, 5]","[4, 4, 3]","[0.88, 0.88, 0.46]","[['D', 'C', 'A', 'B'], ['B', 'C', 'D', 'A'], ['D', 'C', 'A', 'B']]","{'C': 5, 'D': 5, 'A': 4, 'B': 1}","[1.0, 1.0, 0.58]",4.08
98,"[2, 4, 5]","[4, 4, 3]","[0.88, 0.88, 0.46]","[['D', 'C', 'A', 'B'], ['B', 'C', 'D', 'A'], ['D', 'C', 'B', 'A']]","{'C': 5, 'D': 5, 'A': 3, 'B': 2}","[1.0, 1.0, 0.58]",4.08
98,"[2, 4, 5]","[4, 4, 3]","[0.88, 0.88, 0.46]","[['D', 'C', 'A', 'B'], ['B', 'D', 'C', 'A'], ['A', 'C', 'D', 'B']]","{'C': 5, 'D': 5, 'A': 4, 'B': 1}","[1.0, 1.0, 0.58]",4.08
98,"[2, 4, 5]","[4, 4, 3]","[0.88, 0.88, 0.46]","[['D', 'C', 'A', 'B'], ['B', 'D', 'C', 'A'], ['A', 'D', 'C', 'B']]","{'C': 5, 'D': 5, 'A': 4, 'B': 1}","[1.0, 1.0, 0.58]",4.08
98,"[2, 4, 5]","[4, 4, 3]","[0.88, 0.88, 0.46]","[['D', 'C', 'A', 'B'], ['B', 'D', 'C', 'A'], ['B', 'C', 'D', 'A']]","{'C': 5, 'D': 5, 'A': 3, 'B': 2}","[1.0, 1.0, 0.58]",4.08
98,"[2, 4, 5]","[4, 4, 3]","[0.88, 0.88, 0.46]","[['D', 'C', 'A', 'B'], ['B', 'D', 'C', 'A'], ['B', 'D', 'C', 'A']]","{'C': 5, 'D': 5, 'A': 3, 'B': 2}","[1.0, 1.0, 0.58]",4.08
98,"[2, 4, 5]","[4, 4, 3]","[0.88, 0.88, 0.46]","[['D', 'C', 'A', 'B'], ['B', 'D', 'C', 'A'], ['C', 'A', 'D', 'B']]","{'C': 5, 'D': 5, 'A': 4, 'B': 1}","[1.0, 1.0, 0.58]",4.08
98,"[2, 4, 5]","[4, 4, 3]","[0.88, 0.88, 0.46]","[['D', 'C', 'A', 'B'], ['B', 'D', 'C', 'A'], ['C', 'B', 'D', 'A']]","{'C': 5, 'D': 5, 'A': 3, 'B': 2}","[1.0, 1.0, 0.58]",4.08
98,"[2, 4, 5]","[4, 4, 3]","[0.88, 0.88, 0.46]","[['D', 'C', 'A', 'B'], ['B', 'D', 'C', 'A'], ['C', 'D', 'A', 'B']]","{'C': 5, 'D': 5, 'A': 4, 'B': 1}","[1.0, 1.0, 0.58]",4.08
98,"[2, 4, 5]","[4, 4, 3]","[0.88, 0.88, 0.46]","[['D', 'C', 'A', 'B'], ['B', 'D', 'C', 'A'], ['C', 'D', 'B', 'A']]","{'C': 5, 'D': 5, 'A': 3, 'B': 2}","[1.0, 1.0, 0.58]",4.08
98,"[2, 4, 5]","[4, 4, 3]","[0.88, 0.88, 0.46]","[['D', 'C', 'A', 'B'], ['B', 'D', 'C', 'A'], ['D', 'A', 'C', 'B']]","{'C': 5, 'D': 5, 'A': 4, 'B': 1}","[1.0, 1.0, 0.58]",4.08
98,"[2, 4, 5]","[4, 4, 3]","[0.88, 0.88, 0.46]","[['D', 'C', 'A', 'B'], ['B', 'D', 'C', 'A'], ['D', 'B', 'C', 'A']]","{'C': 5, 'D': 5, 'A': 3, 'B': 2}","[1.0, 1.0, 0.58]",4.08
98,"[2, 4, 5]","[4, 4, 3]","[0.88, 0.88, 0.46]","[['D', 'C', 'A', 'B'], ['B', 'D', 'C', 'A'], ['D', 'C', 'A', 'B']]","{'C': 5, 'D': 5, 'A': 4, 'B': 1}","[1.0, 1.0, 0.58]",4.08
98,"[2, 4, 5]","[4, 4, 3]","[0.88, 0.88, 0.46]","[['D', 'C', 'A', 'B'], ['B', 'D', 'C', 'A'], ['D', 'C', 'B', 'A']]","{'C': 5, 'D': 5, 'A': 3, 'B': 2}","[1.0, 1.0, 0.58]",4.08
98,"[2, 4, 5]","[4, 4, 3]","[0.88, 0.88, 0.46]","[['D', 'C', 'A', 'B'], ['C', 'A', 'D', 'B'], ['B', 'C', 'D', 'A']]","{'C': 5, 'D': 5, 'A': 4, 'B': 1}","[1.0, 1.0, 0.58]",4.08
98,"[2, 4, 5]","[4, 4, 3]","[0.88, 0.88, 0.46]","[['D', 'C', 'A', 'B'], ['C', 'A', 'D', 'B'], ['B', 'D', 'C', 'A']]","{'C': 5, 'D': 5, 'A': 4, 'B': 1}","[1.0, 1.0, 0.58]",4.08
98,"[2, 4, 5]","[4, 4, 3]","[0.88, 0.88, 0.46]","[['D', 'C', 'A', 'B'], ['C', 'A', 'D', 'B'], ['C', 'B', 'D', 'A']]","{'C': 5, 'D': 5, 'A': 4, 'B': 1}","[1.0, 1.0, 0.58]",4.08
98,"[2, 4, 5]","[4, 4, 3]","[0.88, 0.88, 0.46]","[['D', 'C', 'A', 'B'], ['C', 'A', 'D', 'B'], ['C', 'D', 'B', 'A']]","{'C': 5, 'D': 5, 'A': 4, 'B': 1}","[1.0, 1.0, 0.58]",4.08
98,"[2, 4, 5]","[4, 4, 3]","[0.88, 0.88, 0.46]","[['D', 'C', 'A', 'B'], ['C', 'A', 'D', 'B'], ['D', 'B', 'C', 'A']]","{'C': 5, 'D': 5, 'A': 4, 'B': 1}","[1.0, 1.0, 0.58]",4.08
98,"[2, 4, 5]","[4, 4, 3]","[0.88, 0.88, 0.46]","[['D', 'C', 'A', 'B'], ['C', 'A', 'D', 'B'], ['D', 'C', 'B', 'A']]","{'C': 5, 'D': 5, 'A': 4, 'B': 1}","[1.0, 1.0, 0.58]",4.08
98,"[2, 4, 5]","[4, 4, 3]","[0.88, 0.88, 0.46]","[['D', 'C', 'A', 'B'], ['C', 'B', 'D', 'A'], ['A', 'C', 'D', 'B']]","{'C': 5, 'D': 5, 'A': 4, 'B': 1}","[1.0, 1.0, 0.58]",4.08
98,"[2, 4, 5]","[4, 4, 3]","[0.88, 0.88, 0.46]","[['D', 'C', 'A', 'B'], ['C', 'B', 'D', 'A'], ['A', 'D', 'C', 'B']]","{'C': 5, 'D': 5, 'A': 4, 'B': 1}","[1.0, 1.0, 0.58]",4.08
98,"[2, 4, 5]","[4, 4, 3]","[0.88, 0.88, 0.46]","[['D', 'C', 'A', 'B'], ['C', 'B', 'D', 'A'], ['B', 'C', 'D', 'A']]","{'C': 5, 'D': 5, 'A': 3, 'B': 2}","[1.0, 1.0, 0.58]",4.08
98,"[2, 4, 5]","[4, 4, 3]","[0.88, 0.88, 0.46]","[['D', 'C', 'A', 'B'], ['C', 'B', 'D', 'A'], ['B', 'D', 'C', 'A']]","{'C': 5, 'D': 5, 'A': 3, 'B': 2}","[1.0, 1.0, 0.58]",4.08
98,"[2, 4, 5]","[4, 4, 3]","[0.88, 0.88, 0.46]","[['D', 'C', 'A', 'B'], ['C', 'B', 'D', 'A'], ['C', 'A', 'D', 'B']]","{'C': 5, 'D': 5, 'A': 4, 'B': 1}","[1.0, 1.0, 0.58]",4.08
98,"[2, 4, 5]","[4, 4, 3]","[0.88, 0.88, 0.46]","[['D', 'C', 'A', 'B'], ['C', 'B', 'D', 'A'], ['C', 'B', 'D', 'A']]","{'C': 5, 'D': 5, 'A': 3, 'B': 2}","[1.0, 1.0, 0.58]",4.08
98,"[2, 4, 5]","[4, 4, 3]","[0.88, 0.88, 0.46]","[['D', 'C', 'A', 'B'], ['C', 'B', 'D', 'A'], ['C', 'D', 'A', 'B']]","{'C': 5, 'D': 5, 'A': 4, 'B': 1}","[1.0, 1.0, 0.58]",4.08
98,"[2, 4, 5]","[4, 4, 3]","[0.88, 0.88, 0.46]","[['D', 'C', 'A', 'B'], ['C', 'B', 'D', 'A'], ['C', 'D', 'B', 'A']]","{'C': 5, 'D': 5, 'A': 3, 'B': 2}","[1.0, 1.0, 0.58]",4.08
98,"[2, 4, 5]","[4, 4, 3]","[0.88, 0.88, 0.46]","[['D', 'C', 'A', 'B'], ['C', 'B', 'D', 'A'], ['D', 'A', 'C', 'B']]","{'C': 5, 'D': 5, 'A': 4, 'B': 1}","[1.0, 1.0, 0.58]",4.08
98,"[2, 4, 5]","[4, 4, 3]","[0.88, 0.88, 0.46]","[['D', 'C', 'A', 'B'], ['C', 'B', 'D', 'A'], ['D', 'B', 'C', 'A']]","{'C': 5, 'D': 5, 'A': 3, 'B': 2}","[1.0, 1.0, 0.58]",4.08
98,"[2, 4, 5]","[4, 4, 3]","[0.88, 0.88, 0.46]","[['D', 'C', 'A', 'B'], ['C', 'B', 'D', 'A'], ['D', 'C', 'A', 'B']]","{'C': 5, 'D': 5, 'A': 4, 'B': 1}","[1.0, 1.0, 0.58]",4.08
98,"[2, 4, 5]","[4, 4, 3]","[0.88, 0.88, 0.46]","[['D', 'C', 'A', 'B'], ['C', 'B', 'D', 'A'], ['D', 'C', 'B', 'A']]","{'C': 5, 'D': 5, 'A': 3, 'B': 2}","[1.0, 1.0, 0.58]",4.08
98,"[2, 4, 5]","[4, 4, 3]","[0.88, 0.88, 0.46]","[['D', 'C', 'A', 'B'], ['C', 'D', 'A', 'B'], ['B', 'C', 'D', 'A']]","{'C': 5, 'D': 5, 'A': 4, 'B': 1}","[1.0, 1.0, 0.58]",4.08
98,"[2, 4, 5]","[4, 4, 3]","[0.88, 0.88, 0.46]","[['D', 'C', 'A', 'B'], ['C', 'D', 'A', 'B'], ['B', 'D', 'C', 'A']]","{'C': 5, 'D': 5, 'A': 4, 'B': 1}","[1.0, 1.0, 0.58]",4.08
98,"[2, 4, 5]","[4, 4, 3]","[0.88, 0.88, 0.46]","[['D', 'C', 'A', 'B'], ['C', 'D', 'A', 'B'], ['C', 'B', 'D', 'A']]","{'C': 5, 'D': 5, 'A': 4, 'B': 1}","[1.0, 1.0, 0.58]",4.08
98,"[2, 4, 5]","[4, 4, 3]","[0.88, 0.88, 0.46]","[['D', 'C', 'A', 'B'], ['C', 'D', 'A', 'B'], ['C', 'D', 'B', 'A']]","{'C': 5, 'D': 5, 'A': 4, 'B': 1}","[1.0, 1.0, 0.58]",4.08
98,"[2, 4, 5]","[4, 4, 3]","[0.88, 0.88, 0.46]","[['D', 'C', 'A', 'B'], ['C', 'D', 'A', 'B'], ['D', 'B', 'C', 'A']]","{'C': 5, 'D': 5, 'A': 4, 'B': 1}","[1.0, 1.0, 0.58]",4.08
98,"[2, 4, 5]","[4, 4, 3]","[0.88, 0.88, 0.46]","[['D', 'C', 'A', 'B'], ['C', 'D', 'A', 'B'], ['D', 'C', 'B', 'A']]","{'C': 5, 'D': 5, 'A': 4, 'B': 1}","[1.0, 1.0, 0.58]",4.08
98,"[2, 4, 5]","[4, 4, 3]","[0.88, 0.88, 0.46]","[['D', 'C', 'A', 'B'], ['C', 'D', 'B', 'A'], ['A', 'C', 'D', 'B']]","{'C': 5, 'D': 5, 'A': 4, 'B': 1}","[1.0, 1.0, 0.58]",4.08
98,"[2, 4, 5]","[4, 4, 3]","[0.88, 0.88, 0.46]","[['D', 'C', 'A', 'B'], ['C', 'D', 'B', 'A'], ['A', 'D', 'C', 'B']]","{'C': 5, 'D': 5, 'A': 4, 'B': 1}","[1.0, 1.0, 0.58]",4.08
98,"[2, 4, 5]","[4, 4, 3]","[0.88, 0.88, 0.46]","[['D', 'C', 'A', 'B'], ['C', 'D', 'B', 'A'], ['B', 'C', 'D', 'A']]","{'C': 5, 'D': 5, 'A': 3, 'B': 2}","[1.0, 1.0, 0.58]",4.08
98,"[2, 4, 5]","[4, 4, 3]","[0.88, 0.88, 0.46]","[['D', 'C', 'A', 'B'], ['C', 'D', 'B', 'A'], ['B', 'D', 'C', 'A']]","{'C': 5, 'D': 5, 'A': 3, 'B': 2}","[1.0, 1.0, 0.58]",4.08
98,"[2, 4, 5]","[4, 4, 3]","[0.88, 0.88, 0.46]","[['D', 'C', 'A', 'B'], ['C', 'D', 'B', 'A'], ['C', 'A', 'D', 'B']]","{'C': 5, 'D': 5, 'A': 4, 'B': 1}","[1.0, 1.0, 0.58]",4.08
98,"[2, 4, 5]","[4, 4, 3]","[0.88, 0.88, 0.46]","[['D', 'C', 'A', 'B'], ['C', 'D', 'B', 'A'], ['C', 'B', 'D', 'A']]","{'C': 5, 'D': 5, 'A': 3, 'B': 2}","[1.0, 1.0, 0.58]",4.08
98,"[2, 4, 5]","[4, 4, 3]","[0.88, 0.88, 0.46]","[['D', 'C', 'A', 'B'], ['C', 'D', 'B', 'A'], ['C', 'D', 'A', 'B']]","{'C': 5, 'D': 5, 'A': 4, 'B': 1}","[1.0, 1.0, 0.58]",4.08
98,"[2, 4, 5]","[4, 4, 3]","[0.88, 0.88, 0.46]","[['D', 'C', 'A', 'B'], ['C', 'D', 'B', 'A'], ['C', 'D', 'B', 'A']]","{'C': 5, 'D': 5, 'A': 3, 'B': 2}","[1.0, 1.0, 0.58]",4.08
98,"[2, 4, 5]","[4, 4, 3]","[0.88, 0.88, 0.46]","[['D', 'C', 'A', 'B'], ['C', 'D', 'B', 'A'], ['D', 'A', 'C', 'B']]","{'C': 5, 'D': 5, 'A': 4, 'B': 1}","[1.0, 1.0, 0.58]",4.08
98,"[2, 4, 5]","[4, 4, 3]","[0.88, 0.88, 0.46]","[['D', 'C', 'A', 'B'], ['C', 'D', 'B', 'A'], ['D', 'B', 'C', 'A']]","{'C': 5, 'D': 5, 'A': 3, 'B': 2}","[1.0, 1.0, 0.58]",4.08
98,"[2, 4, 5]","[4, 4, 3]","[0.88, 0.88, 0.46]","[['D', 'C', 'A', 'B'], ['C', 'D', 'B', 'A'], ['D', 'C', 'A', 'B']]","{'C': 5, 'D': 5, 'A': 4, 'B': 1}","[1.0, 1.0, 0.58]",4.08
98,"[2, 4, 5]","[4, 4, 3]","[0.88, 0.88, 0.46]","[['D', 'C', 'A', 'B'], ['C', 'D', 'B', 'A'], ['D', 'C', 'B', 'A']]","{'C': 5, 'D': 5, 'A': 3, 'B': 2}","[1.0, 1.0, 0.58]",4.08
98,"[2, 4, 5]","[4, 4, 3]","[0.88, 0.88, 0.46]","[['D', 'C', 'A', 'B'], ['D', 'A', 'C', 'B'], ['B', 'C', 'D', 'A']]","{'C': 5, 'D': 5, 'A': 4, 'B': 1}","[1.0, 1.0, 0.58]",4.08
98,"[2, 4, 5]","[4, 4, 3]","[0.88, 0.88, 0.46]","[['D', 'C', 'A', 'B'], ['D', 'A', 'C', 'B'], ['B', 'D', 'C', 'A']]","{'C': 5, 'D': 5, 'A': 4, 'B': 1}","[1.0, 1.0, 0.58]",4.08
98,"[2, 4, 5]","[4, 4, 3]","[0.88, 0.88, 0.46]","[['D', 'C', 'A', 'B'], ['D', 'A', 'C', 'B'], ['C', 'B', 'D', 'A']]","{'C': 5, 'D': 5, 'A': 4, 'B': 1}","[1.0, 1.0, 0.58]",4.08
98,"[2, 4, 5]","[4, 4, 3]","[0.88, 0.88, 0.46]","[['D', 'C', 'A', 'B'], ['D', 'A', 'C', 'B'], ['C', 'D', 'B', 'A']]","{'C': 5, 'D': 5, 'A': 4, 'B': 1}","[1.0, 1.0, 0.58]",4.08
98,"[2, 4, 5]","[4, 4, 3]","[0.88, 0.88, 0.46]","[['D', 'C', 'A', 'B'], ['D', 'A', 'C', 'B'], ['D', 'B', 'C', 'A']]","{'C': 5, 'D': 5, 'A': 4, 'B': 1}","[1.0, 1.0, 0.58]",4.08
98,"[2, 4, 5]","[4, 4, 3]","[0.88, 0.88, 0.46]","[['D', 'C', 'A', 'B'], ['D', 'A', 'C', 'B'], ['D', 'C', 'B', 'A']]","{'C': 5, 'D': 5, 'A': 4, 'B': 1}","[1.0, 1.0, 0.58]",4.08
98,"[2, 4, 5]","[4, 4, 3]","[0.88, 0.88, 0.46]","[['D', 'C', 'A', 'B'], ['D', 'B', 'C', 'A'], ['A', 'C', 'D', 'B']]","{'C': 5, 'D': 5, 'A': 4, 'B': 1}","[1.0, 1.0, 0.58]",4.08
98,"[2, 4, 5]","[4, 4, 3]","[0.88, 0.88, 0.46]","[['D', 'C', 'A', 'B'], ['D', 'B', 'C', 'A'], ['A', 'D', 'C', 'B']]","{'C': 5, 'D': 5, 'A': 4, 'B': 1}","[1.0, 1.0, 0.58]",4.08
98,"[2, 4, 5]","[4, 4, 3]","[0.88, 0.88, 0.46]","[['D', 'C', 'A', 'B'], ['D', 'B', 'C', 'A'], ['B', 'C', 'D', 'A']]","{'C': 5, 'D': 5, 'A': 3, 'B': 2}","[1.0, 1.0, 0.58]",4.08
98,"[2, 4, 5]","[4, 4, 3]","[0.88, 0.88, 0.46]","[['D', 'C', 'A', 'B'], ['D', 'B', 'C', 'A'], ['B', 'D', 'C', 'A']]","{'C': 5, 'D': 5, 'A': 3, 'B': 2}","[1.0, 1.0, 0.58]",4.08
98,"[2, 4, 5]","[4, 4, 3]","[0.88, 0.88, 0.46]","[['D', 'C', 'A', 'B'], ['D', 'B', 'C', 'A'], ['C', 'A', 'D', 'B']]","{'C': 5, 'D': 5, 'A': 4, 'B': 1}","[1.0, 1.0, 0.58]",4.08
98,"[2, 4, 5]","[4, 4, 3]","[0.88, 0.88, 0.46]","[['D', 'C', 'A', 'B'], ['D', 'B', 'C', 'A'], ['C', 'B', 'D', 'A']]","{'C': 5, 'D': 5, 'A': 3, 'B': 2}","[1.0, 1.0, 0.58]",4.08
98,"[2, 4, 5]","[4, 4, 3]","[0.88, 0.88, 0.46]","[['D', 'C', 'A', 'B'], ['D', 'B', 'C', 'A'], ['C', 'D', 'A', 'B']]","{'C': 5, 'D': 5, 'A': 4, 'B': 1}","[1.0, 1.0, 0.58]",4.08
98,"[2, 4, 5]","[4, 4, 3]","[0.88, 0.88, 0.46]","[['D', 'C', 'A', 'B'], ['D', 'B', 'C', 'A'], ['C', 'D', 'B', 'A']]","{'C': 5, 'D': 5, 'A': 3, 'B': 2}","[1.0, 1.0, 0.58]",4.08
98,"[2, 4, 5]","[4, 4, 3]","[0.88, 0.88, 0.46]","[['D', 'C', 'A', 'B'], ['D', 'B', 'C', 'A'], ['D', 'A', 'C', 'B']]","{'C': 5, 'D': 5, 'A': 4, 'B': 1}","[1.0, 1.0, 0.58]",4.08
98,"[2, 4, 5]","[4, 4, 3]","[0.88, 0.88, 0.46]","[['D', 'C', 'A', 'B'], ['D', 'B', 'C', 'A'], ['D', 'B', 'C', 'A']]","{'C': 5, 'D': 5, 'A': 3, 'B': 2}","[1.0, 1.0, 0.58]",4.08
98,"[2, 4, 5]","[4, 4, 3]","[0.88, 0.88, 0.46]","[['D', 'C', 'A', 'B'], ['D', 'B', 'C', 'A'], ['D', 'C', 'A', 'B']]","{'C': 5, 'D': 5, 'A': 4, 'B': 1}","[1.0, 1.0, 0.58]",4.08
98,"[2, 4, 5]","[4, 4, 3]","[0.88, 0.88, 0.46]","[['D', 'C', 'A', 'B'], ['D', 'B', 'C', 'A'], ['D', 'C', 'B', 'A']]","{'C': 5, 'D': 5, 'A': 3, 'B': 2}","[1.0, 1.0, 0.58]",4.08
98,"[2, 4, 5]","[4, 4, 3]","[0.88, 0.88, 0.46]","[['D', 'C', 'A', 'B'], ['D', 'C', 'A', 'B'], ['B', 'C', 'D', 'A']]","{'C': 5, 'D': 5, 'A': 4, 'B': 1}","[1.0, 1.0, 0.58]",4.08
98,"[2, 4, 5]","[4, 4, 3]","[0.88, 0.88, 0.46]","[['D', 'C', 'A', 'B'], ['D', 'C', 'A', 'B'], ['B', 'D', 'C', 'A']]","{'C': 5, 'D': 5, 'A': 4, 'B': 1}","[1.0, 1.0, 0.58]",4.08
98,"[2, 4, 5]","[4, 4, 3]","[0.88, 0.88, 0.46]","[['D', 'C', 'A', 'B'], ['D', 'C', 'A', 'B'], ['C', 'B', 'D', 'A']]","{'C': 5, 'D': 5, 'A': 4, 'B': 1}","[1.0, 1.0, 0.58]",4.08
98,"[2, 4, 5]","[4, 4, 3]","[0.88, 0.88, 0.46]","[['D', 'C', 'A', 'B'], ['D', 'C', 'A', 'B'], ['C', 'D', 'B', 'A']]","{'C': 5, 'D': 5, 'A': 4, 'B': 1}","[1.0, 1.0, 0.58]",4.08
98,"[2, 4, 5]","[4, 4, 3]","[0.88, 0.88, 0.46]","[['D', 'C', 'A', 'B'], ['D', 'C', 'A', 'B'], ['D', 'B', 'C', 'A']]","{'C': 5, 'D': 5, 'A': 4, 'B': 1}","[1.0, 1.0, 0.58]",4.08
98,"[2, 4, 5]","[4, 4, 3]","[0.88, 0.88, 0.46]","[['D', 'C', 'A', 'B'], ['D', 'C', 'A', 'B'], ['D', 'C', 'B', 'A']]","{'C': 5, 'D': 5, 'A': 4, 'B': 1}","[1.0, 1.0, 0.58]",4.08
98,"[2, 4, 5]","[4, 4, 3]","[0.88, 0.88, 0.46]","[['D', 'C', 'A', 'B'], ['D', 'C', 'B', 'A'], ['A', 'C', 'D', 'B']]","{'C': 5, 'D': 5, 'A': 4, 'B': 1}","[1.0, 1.0, 0.58]",4.08
98,"[2, 4, 5]","[4, 4, 3]","[0.88, 0.88, 0.46]","[['D', 'C', 'A', 'B'], ['D', 'C', 'B', 'A'], ['A', 'D', 'C', 'B']]","{'C': 5, 'D': 5, 'A': 4, 'B': 1}","[1.0, 1.0, 0.58]",4.08
98,"[2, 4, 5]","[4, 4, 3]","[0.88, 0.88, 0.46]","[['D', 'C', 'A', 'B'], ['D', 'C', 'B', 'A'], ['B', 'C', 'D', 'A']]","{'C': 5, 'D': 5, 'A': 3, 'B': 2}","[1.0, 1.0, 0.58]",4.08
98,"[2, 4, 5]","[4, 4, 3]","[0.88, 0.88, 0.46]","[['D', 'C', 'A', 'B'], ['D', 'C', 'B', 'A'], ['B', 'D', 'C', 'A']]","{'C': 5, 'D': 5, 'A': 3, 'B': 2}","[1.0, 1.0, 0.58]",4.08
98,"[2, 4, 5]","[4, 4, 3]","[0.88, 0.88, 0.46]","[['D', 'C', 'A', 'B'], ['D', 'C', 'B', 'A'], ['C', 'A', 'D', 'B']]","{'C': 5, 'D': 5, 'A': 4, 'B': 1}","[1.0, 1.0, 0.58]",4.08
98,"[2, 4, 5]","[4, 4, 3]","[0.88, 0.88, 0.46]","[['D', 'C', 'A', 'B'], ['D', 'C', 'B', 'A'], ['C', 'B', 'D', 'A']]","{'C': 5, 'D': 5, 'A': 3, 'B': 2}","[1.0, 1.0, 0.58]",4.08
98,"[2, 4, 5]","[4, 4, 3]","[0.88, 0.88, 0.46]","[['D', 'C', 'A', 'B'], ['D', 'C', 'B', 'A'], ['C', 'D', 'A', 'B']]","{'C': 5, 'D': 5, 'A': 4, 'B': 1}","[1.0, 1.0, 0.58]",4.08
98,"[2, 4, 5]","[4, 4, 3]","[0.88, 0.88, 0.46]","[['D', 'C', 'A', 'B'], ['D', 'C', 'B', 'A'], ['C', 'D', 'B', 'A']]","{'C': 5, 'D': 5, 'A': 3, 'B': 2}","[1.0, 1.0, 0.58]",4.08
98,"[2, 4, 5]","[4, 4, 3]","[0.88, 0.88, 0.46]","[['D', 'C', 'A', 'B'], ['D', 'C', 'B', 'A'], ['D', 'A', 'C', 'B']]","{'C': 5, 'D': 5, 'A': 4, 'B': 1}","[1.0, 1.0, 0.58]",4.08
98,"[2, 4, 5]","[4, 4, 3]","[0.88, 0.88, 0.46]","[['D', 'C', 'A', 'B'], ['D', 'C', 'B', 'A'], ['D', 'B', 'C', 'A']]","{'C': 5, 'D': 5, 'A': 3, 'B': 2}","[1.0, 1.0, 0.58]",4.08
98,"[2, 4, 5]","[4, 4, 3]","[0.88, 0.88, 0.46]","[['D', 'C', 'A', 'B'], ['D', 'C', 'B', 'A'], ['D', 'C', 'A', 'B']]","{'C': 5, 'D': 5, 'A': 4, 'B': 1}","[1.0, 1.0, 0.58]",4.08
98,"[2, 4, 5]","[4, 4, 3]","[0.88, 0.88, 0.46]","[['D', 'C', 'A', 'B'], ['D', 'C', 'B', 'A'], ['D', 'C', 'B', 'A']]","{'C': 5, 'D': 5, 'A': 3, 'B': 2}","[1.0, 1.0, 0.58]",4.08
98,"[2, 4, 5]","[4, 4, 3]","[0.88, 0.88, 0.46]","[['D', 'C', 'B', 'A'], ['A', 'B', 'C', 'D'], ['B', 'C', 'D', 'A']]","{'C': 5, 'D': 4, 'A': 3, 'B': 3}","[1.0, 1.0, 0.58]",4.08
98,"[2, 4, 5]","[4, 4, 3]","[0.88, 0.88, 0.46]","[['D', 'C', 'B', 'A'], ['A', 'B', 'C', 'D'], ['B', 'D', 'C', 'A']]","{'C': 5, 'D': 4, 'A': 3, 'B': 3}","[1.0, 1.0, 0.58]",4.08
98,"[2, 4, 5]","[4, 4, 3]","[0.88, 0.88, 0.46]","[['D', 'C', 'B', 'A'], ['A', 'B', 'C', 'D'], ['C', 'B', 'D', 'A']]","{'C': 5, 'D': 4, 'A': 3, 'B': 3}","[1.0, 1.0, 0.58]",4.08
98,"[2, 4, 5]","[4, 4, 3]","[0.88, 0.88, 0.46]","[['D', 'C', 'B', 'A'], ['A', 'B', 'C', 'D'], ['C', 'D', 'B', 'A']]","{'C': 5, 'D': 4, 'A': 3, 'B': 3}","[1.0, 1.0, 0.58]",4.08
98,"[2, 4, 5]","[4, 4, 3]","[0.88, 0.88, 0.46]","[['D', 'C', 'B', 'A'], ['A', 'B', 'C', 'D'], ['D', 'B', 'C', 'A']]","{'C': 5, 'D': 4, 'A': 3, 'B': 3}","[1.0, 1.0, 0.58]",4.08
98,"[2, 4, 5]","[4, 4, 3]","[0.88, 0.88, 0.46]","[['D', 'C', 'B', 'A'], ['A', 'B', 'C', 'D'], ['D', 'C', 'B', 'A']]","{'C': 5, 'D': 4, 'A': 3, 'B': 3}","[1.0, 1.0, 0.58]",4.08
98,"[2, 4, 5]","[4, 4, 3]","[0.88, 0.88, 0.46]","[['D', 'C', 'B', 'A'], ['A', 'C', 'B', 'D'], ['B', 'C', 'D', 'A']]","{'C': 5, 'D': 4, 'A': 3, 'B': 3}","[1.0, 1.0, 0.58]",4.08
98,"[2, 4, 5]","[4, 4, 3]","[0.88, 0.88, 0.46]","[['D', 'C', 'B', 'A'], ['A', 'C', 'B', 'D'], ['B', 'D', 'C', 'A']]","{'C': 5, 'D': 4, 'A': 3, 'B': 3}","[1.0, 1.0, 0.58]",4.08
98,"[2, 4, 5]","[4, 4, 3]","[0.88, 0.88, 0.46]","[['D', 'C', 'B', 'A'], ['A', 'C', 'B', 'D'], ['C', 'B', 'D', 'A']]","{'C': 5, 'D': 4, 'A': 3, 'B': 3}","[1.0, 1.0, 0.58]",4.08
98,"[2, 4, 5]","[4, 4, 3]","[0.88, 0.88, 0.46]","[['D', 'C', 'B', 'A'], ['A', 'C', 'B', 'D'], ['C', 'D', 'B', 'A']]","{'C': 5, 'D': 4, 'A': 3, 'B': 3}","[1.0, 1.0, 0.58]",4.08
98,"[2, 4, 5]","[4, 4, 3]","[0.88, 0.88, 0.46]","[['D', 'C', 'B', 'A'], ['A', 'C', 'B', 'D'], ['D', 'B', 'C', 'A']]","{'C': 5, 'D': 4, 'A': 3, 'B': 3}","[1.0, 1.0, 0.58]",4.08
98,"[2, 4, 5]","[4, 4, 3]","[0.88, 0.88, 0.46]","[['D', 'C', 'B', 'A'], ['A', 'C', 'B', 'D'], ['D', 'C', 'B', 'A']]","{'C': 5, 'D': 4, 'A': 3, 'B': 3}","[1.0, 1.0, 0.58]",4.08
98,"[2, 4, 5]","[4, 4, 3]","[0.88, 0.88, 0.46]","[['D', 'C', 'B', 'A'], ['A', 'C', 'D', 'B'], ['A', 'C', 'D', 'B']]","{'C': 5, 'D': 5, 'A': 4, 'B': 1}","[1.0, 1.0, 0.58]",4.08
98,"[2, 4, 5]","[4, 4, 3]","[0.88, 0.88, 0.46]","[['D', 'C', 'B', 'A'], ['A', 'C', 'D', 'B'], ['A', 'D', 'C', 'B']]","{'C': 5, 'D': 5, 'A': 4, 'B': 1}","[1.0, 1.0, 0.58]",4.08
98,"[2, 4, 5]","[4, 4, 3]","[0.88, 0.88, 0.46]","[['D', 'C', 'B', 'A'], ['A', 'C', 'D', 'B'], ['B', 'C', 'D', 'A']]","{'C': 5, 'D': 5, 'A': 3, 'B': 2}","[1.0, 1.0, 0.58]",4.08
98,"[2, 4, 5]","[4, 4, 3]","[0.88, 0.88, 0.46]","[['D', 'C', 'B', 'A'], ['A', 'C', 'D', 'B'], ['B', 'D', 'C', 'A']]","{'C': 5, 'D': 5, 'A': 3, 'B': 2}","[1.0, 1.0, 0.58]",4.08
98,"[2, 4, 5]","[4, 4, 3]","[0.88, 0.88, 0.46]","[['D', 'C', 'B', 'A'], ['A', 'C', 'D', 'B'], ['C', 'A', 'D', 'B']]","{'C': 5, 'D': 5, 'A': 4, 'B': 1}","[1.0, 1.0, 0.58]",4.08
98,"[2, 4, 5]","[4, 4, 3]","[0.88, 0.88, 0.46]","[['D', 'C', 'B', 'A'], ['A', 'C', 'D', 'B'], ['C', 'B', 'D', 'A']]","{'C': 5, 'D': 5, 'A': 3, 'B': 2}","[1.0, 1.0, 0.58]",4.08
98,"[2, 4, 5]","[4, 4, 3]","[0.88, 0.88, 0.46]","[['D', 'C', 'B', 'A'], ['A', 'C', 'D', 'B'], ['C', 'D', 'A', 'B']]","{'C': 5, 'D': 5, 'A': 4, 'B': 1}","[1.0, 1.0, 0.58]",4.08
98,"[2, 4, 5]","[4, 4, 3]","[0.88, 0.88, 0.46]","[['D', 'C', 'B', 'A'], ['A', 'C', 'D', 'B'], ['C', 'D', 'B', 'A']]","{'C': 5, 'D': 5, 'A': 3, 'B': 2}","[1.0, 1.0, 0.58]",4.08
98,"[2, 4, 5]","[4, 4, 3]","[0.88, 0.88, 0.46]","[['D', 'C', 'B', 'A'], ['A', 'C', 'D', 'B'], ['D', 'A', 'C', 'B']]","{'C': 5, 'D': 5, 'A': 4, 'B': 1}","[1.0, 1.0, 0.58]",4.08
98,"[2, 4, 5]","[4, 4, 3]","[0.88, 0.88, 0.46]","[['D', 'C', 'B', 'A'], ['A', 'C', 'D', 'B'], ['D', 'B', 'C', 'A']]","{'C': 5, 'D': 5, 'A': 3, 'B': 2}","[1.0, 1.0, 0.58]",4.08
98,"[2, 4, 5]","[4, 4, 3]","[0.88, 0.88, 0.46]","[['D', 'C', 'B', 'A'], ['A', 'C', 'D', 'B'], ['D', 'C', 'A', 'B']]","{'C': 5, 'D': 5, 'A': 4, 'B': 1}","[1.0, 1.0, 0.58]",4.08
98,"[2, 4, 5]","[4, 4, 3]","[0.88, 0.88, 0.46]","[['D', 'C', 'B', 'A'], ['A', 'C', 'D', 'B'], ['D', 'C', 'B', 'A']]","{'C': 5, 'D': 5, 'A': 3, 'B': 2}","[1.0, 1.0, 0.58]",4.08
98,"[2, 4, 5]","[4, 4, 3]","[0.88, 0.88, 0.46]","[['D', 'C', 'B', 'A'], ['A', 'D', 'C', 'B'], ['A', 'C', 'D', 'B']]","{'C': 5, 'D': 5, 'A': 4, 'B': 1}","[1.0, 1.0, 0.58]",4.08
98,"[2, 4, 5]","[4, 4, 3]","[0.88, 0.88, 0.46]","[['D', 'C', 'B', 'A'], ['A', 'D', 'C', 'B'], ['A', 'D', 'C', 'B']]","{'C': 5, 'D': 5, 'A': 4, 'B': 1}","[1.0, 1.0, 0.58]",4.08
98,"[2, 4, 5]","[4, 4, 3]","[0.88, 0.88, 0.46]","[['D', 'C', 'B', 'A'], ['A', 'D', 'C', 'B'], ['B', 'C', 'D', 'A']]","{'C': 5, 'D': 5, 'A': 3, 'B': 2}","[1.0, 1.0, 0.58]",4.08
98,"[2, 4, 5]","[4, 4, 3]","[0.88, 0.88, 0.46]","[['D', 'C', 'B', 'A'], ['A', 'D', 'C', 'B'], ['B', 'D', 'C', 'A']]","{'C': 5, 'D': 5, 'A': 3, 'B': 2}","[1.0, 1.0, 0.58]",4.08
98,"[2, 4, 5]","[4, 4, 3]","[0.88, 0.88, 0.46]","[['D', 'C', 'B', 'A'], ['A', 'D', 'C', 'B'], ['C', 'A', 'D', 'B']]","{'C': 5, 'D': 5, 'A': 4, 'B': 1}","[1.0, 1.0, 0.58]",4.08
98,"[2, 4, 5]","[4, 4, 3]","[0.88, 0.88, 0.46]","[['D', 'C', 'B', 'A'], ['A', 'D', 'C', 'B'], ['C', 'B', 'D', 'A']]","{'C': 5, 'D': 5, 'A': 3, 'B': 2}","[1.0, 1.0, 0.58]",4.08
98,"[2, 4, 5]","[4, 4, 3]","[0.88, 0.88, 0.46]","[['D', 'C', 'B', 'A'], ['A', 'D', 'C', 'B'], ['C', 'D', 'A', 'B']]","{'C': 5, 'D': 5, 'A': 4, 'B': 1}","[1.0, 1.0, 0.58]",4.08
98,"[2, 4, 5]","[4, 4, 3]","[0.88, 0.88, 0.46]","[['D', 'C', 'B', 'A'], ['A', 'D', 'C', 'B'], ['C', 'D', 'B', 'A']]","{'C': 5, 'D': 5, 'A': 3, 'B': 2}","[1.0, 1.0, 0.58]",4.08
98,"[2, 4, 5]","[4, 4, 3]","[0.88, 0.88, 0.46]","[['D', 'C', 'B', 'A'], ['A', 'D', 'C', 'B'], ['D', 'A', 'C', 'B']]","{'C': 5, 'D': 5, 'A': 4, 'B': 1}","[1.0, 1.0, 0.58]",4.08
98,"[2, 4, 5]","[4, 4, 3]","[0.88, 0.88, 0.46]","[['D', 'C', 'B', 'A'], ['A', 'D', 'C', 'B'], ['D', 'B', 'C', 'A']]","{'C': 5, 'D': 5, 'A': 3, 'B': 2}","[1.0, 1.0, 0.58]",4.08
98,"[2, 4, 5]","[4, 4, 3]","[0.88, 0.88, 0.46]","[['D', 'C', 'B', 'A'], ['A', 'D', 'C', 'B'], ['D', 'C', 'A', 'B']]","{'C': 5, 'D': 5, 'A': 4, 'B': 1}","[1.0, 1.0, 0.58]",4.08
98,"[2, 4, 5]","[4, 4, 3]","[0.88, 0.88, 0.46]","[['D', 'C', 'B', 'A'], ['A', 'D', 'C', 'B'], ['D', 'C', 'B', 'A']]","{'C': 5, 'D': 5, 'A': 3, 'B': 2}","[1.0, 1.0, 0.58]",4.08
98,"[2, 4, 5]","[4, 4, 3]","[0.88, 0.88, 0.46]","[['D', 'C', 'B', 'A'], ['B', 'A', 'C', 'D'], ['B', 'C', 'D', 'A']]","{'C': 5, 'D': 4, 'A': 3, 'B': 3}","[1.0, 1.0, 0.58]",4.08
98,"[2, 4, 5]","[4, 4, 3]","[0.88, 0.88, 0.46]","[['D', 'C', 'B', 'A'], ['B', 'A', 'C', 'D'], ['B', 'D', 'C', 'A']]","{'C': 5, 'D': 4, 'A': 3, 'B': 3}","[1.0, 1.0, 0.58]",4.08
98,"[2, 4, 5]","[4, 4, 3]","[0.88, 0.88, 0.46]","[['D', 'C', 'B', 'A'], ['B', 'A', 'C', 'D'], ['C', 'B', 'D', 'A']]","{'C': 5, 'D': 4, 'A': 3, 'B': 3}","[1.0, 1.0, 0.58]",4.08
98,"[2, 4, 5]","[4, 4, 3]","[0.88, 0.88, 0.46]","[['D', 'C', 'B', 'A'], ['B', 'A', 'C', 'D'], ['C', 'D', 'B', 'A']]","{'C': 5, 'D': 4, 'A': 3, 'B': 3}","[1.0, 1.0, 0.58]",4.08
98,"[2, 4, 5]","[4, 4, 3]","[0.88, 0.88, 0.46]","[['D', 'C', 'B', 'A'], ['B', 'A', 'C', 'D'], ['D', 'B', 'C', 'A']]","{'C': 5, 'D': 4, 'A': 3, 'B': 3}","[1.0, 1.0, 0.58]",4.08
98,"[2, 4, 5]","[4, 4, 3]","[0.88, 0.88, 0.46]","[['D', 'C', 'B', 'A'], ['B', 'A', 'C', 'D'], ['D', 'C', 'B', 'A']]","{'C': 5, 'D': 4, 'A': 3, 'B': 3}","[1.0, 1.0, 0.58]",4.08
98,"[2, 4, 5]","[4, 4, 3]","[0.88, 0.88, 0.46]","[['D', 'C', 'B', 'A'], ['B', 'C', 'A', 'D'], ['B', 'C', 'D', 'A']]","{'C': 5, 'D': 4, 'A': 3, 'B': 3}","[1.0, 1.0, 0.58]",4.08
98,"[2, 4, 5]","[4, 4, 3]","[0.88, 0.88, 0.46]","[['D', 'C', 'B', 'A'], ['B', 'C', 'A', 'D'], ['B', 'D', 'C', 'A']]","{'C': 5, 'D': 4, 'A': 3, 'B': 3}","[1.0, 1.0, 0.58]",4.08
98,"[2, 4, 5]","[4, 4, 3]","[0.88, 0.88, 0.46]","[['D', 'C', 'B', 'A'], ['B', 'C', 'A', 'D'], ['C', 'B', 'D', 'A']]","{'C': 5, 'D': 4, 'A': 3, 'B': 3}","[1.0, 1.0, 0.58]",4.08
98,"[2, 4, 5]","[4, 4, 3]","[0.88, 0.88, 0.46]","[['D', 'C', 'B', 'A'], ['B', 'C', 'A', 'D'], ['C', 'D', 'B', 'A']]","{'C': 5, 'D': 4, 'A': 3, 'B': 3}","[1.0, 1.0, 0.58]",4.08
98,"[2, 4, 5]","[4, 4, 3]","[0.88, 0.88, 0.46]","[['D', 'C', 'B', 'A'], ['B', 'C', 'A', 'D'], ['D', 'B', 'C', 'A']]","{'C': 5, 'D': 4, 'A': 3, 'B': 3}","[1.0, 1.0, 0.58]",4.08
98,"[2, 4, 5]","[4, 4, 3]","[0.88, 0.88, 0.46]","[['D', 'C', 'B', 'A'], ['B', 'C', 'A', 'D'], ['D', 'C', 'B', 'A']]","{'C': 5, 'D': 4, 'A': 3, 'B': 3}","[1.0, 1.0, 0.58]",4.08
98,"[2, 4, 5]","[4, 4, 3]","[0.88, 0.88, 0.46]","[['D', 'C', 'B', 'A'], ['B', 'C', 'D', 'A'], ['A', 'B', 'C', 'D']]","{'C': 5, 'D': 4, 'A': 3, 'B': 3}","[1.0, 1.0, 0.58]",4.08
98,"[2, 4, 5]","[4, 4, 3]","[0.88, 0.88, 0.46]","[['D', 'C', 'B', 'A'], ['B', 'C', 'D', 'A'], ['A', 'C', 'B', 'D']]","{'C': 5, 'D': 4, 'A': 3, 'B': 3}","[1.0, 1.0, 0.58]",4.08
98,"[2, 4, 5]","[4, 4, 3]","[0.88, 0.88, 0.46]","[['D', 'C', 'B', 'A'], ['B', 'C', 'D', 'A'], ['A', 'C', 'D', 'B']]","{'C': 5, 'D': 5, 'A': 3, 'B': 2}","[1.0, 1.0, 0.58]",4.08
98,"[2, 4, 5]","[4, 4, 3]","[0.88, 0.88, 0.46]","[['D', 'C', 'B', 'A'], ['B', 'C', 'D', 'A'], ['A', 'D', 'C', 'B']]","{'C': 5, 'D': 5, 'A': 3, 'B': 2}","[1.0, 1.0, 0.58]",4.08
98,"[2, 4, 5]","[4, 4, 3]","[0.88, 0.88, 0.46]","[['D', 'C', 'B', 'A'], ['B', 'C', 'D', 'A'], ['B', 'A', 'C', 'D']]","{'C': 5, 'D': 4, 'A': 3, 'B': 3}","[1.0, 1.0, 0.58]",4.08
98,"[2, 4, 5]","[4, 4, 3]","[0.88, 0.88, 0.46]","[['D', 'C', 'B', 'A'], ['B', 'C', 'D', 'A'], ['B', 'C', 'A', 'D']]","{'C': 5, 'D': 4, 'A': 3, 'B': 3}","[1.0, 1.0, 0.58]",4.08
98,"[2, 4, 5]","[4, 4, 3]","[0.88, 0.88, 0.46]","[['D', 'C', 'B', 'A'], ['B', 'C', 'D', 'A'], ['B', 'C', 'D', 'A']]","{'C': 5, 'D': 5, 'B': 3, 'A': 2}","[1.0, 1.0, 0.58]",3.7399999999999998
98,"[2, 4, 5]","[4, 4, 3]","[0.88, 0.88, 0.46]","[['D', 'C', 'B', 'A'], ['B', 'C', 'D', 'A'], ['B', 'D', 'C', 'A']]","{'C': 5, 'D': 5, 'B': 3, 'A': 2}","[1.0, 1.0, 0.58]",3.7399999999999998
98,"[2, 4, 5]","[4, 4, 3]","[0.88, 0.88, 0.46]","[['D', 'C', 'B', 'A'], ['B', 'C', 'D', 'A'], ['C', 'A', 'B', 'D']]","{'C': 5, 'D': 4, 'A': 3, 'B': 3}","[1.0, 1.0, 0.58]",4.08
98,"[2, 4, 5]","[4, 4, 3]","[0.88, 0.88, 0.46]","[['D', 'C', 'B', 'A'], ['B', 'C', 'D', 'A'], ['C', 'A', 'D', 'B']]","{'C': 5, 'D': 5, 'A': 3, 'B': 2}","[1.0, 1.0, 0.58]",4.08
98,"[2, 4, 5]","[4, 4, 3]","[0.88, 0.88, 0.46]","[['D', 'C', 'B', 'A'], ['B', 'C', 'D', 'A'], ['C', 'B', 'A', 'D']]","{'C': 5, 'D': 4, 'A': 3, 'B': 3}","[1.0, 1.0, 0.58]",4.08
98,"[2, 4, 5]","[4, 4, 3]","[0.88, 0.88, 0.46]","[['D', 'C', 'B', 'A'], ['B', 'C', 'D', 'A'], ['C', 'B', 'D', 'A']]","{'C': 5, 'D': 5, 'B': 3, 'A': 2}","[1.0, 1.0, 0.58]",3.7399999999999998
98,"[2, 4, 5]","[4, 4, 3]","[0.88, 0.88, 0.46]","[['D', 'C', 'B', 'A'], ['B', 'C', 'D', 'A'], ['C', 'D', 'A', 'B']]","{'C': 5, 'D': 5, 'A': 3, 'B': 2}","[1.0, 1.0, 0.58]",4.08
98,"[2, 4, 5]","[4, 4, 3]","[0.88, 0.88, 0.46]","[['D', 'C', 'B', 'A'], ['B', 'C', 'D', 'A'], ['C', 'D', 'B', 'A']]","{'C': 5, 'D': 5, 'B': 3, 'A': 2}","[1.0, 1.0, 0.58]",3.7399999999999998
98,"[2, 4, 5]","[4, 4, 3]","[0.88, 0.88, 0.46]","[['D', 'C', 'B', 'A'], ['B', 'C', 'D', 'A'], ['D', 'A', 'C', 'B']]","{'C': 5, 'D': 5, 'A': 3, 'B': 2}","[1.0, 1.0, 0.58]",4.08
98,"[2, 4, 5]","[4, 4, 3]","[0.88, 0.88, 0.46]","[['D', 'C', 'B', 'A'], ['B', 'C', 'D', 'A'], ['D', 'B', 'C', 'A']]","{'C': 5, 'D': 5, 'B': 3, 'A': 2}","[1.0, 1.0, 0.58]",3.7399999999999998
98,"[2, 4, 5]","[4, 4, 3]","[0.88, 0.88, 0.46]","[['D', 'C', 'B', 'A'], ['B', 'C', 'D', 'A'], ['D', 'C', 'A', 'B']]","{'C': 5, 'D': 5, 'A': 3, 'B': 2}","[1.0, 1.0, 0.58]",4.08
98,"[2, 4, 5]","[4, 4, 3]","[0.88, 0.88, 0.46]","[['D', 'C', 'B', 'A'], ['B', 'C', 'D', 'A'], ['D', 'C', 'B', 'A']]","{'C': 5, 'D': 5, 'B': 3, 'A': 2}","[1.0, 1.0, 0.58]",3.7399999999999998
98,"[2, 4, 5]","[4, 4, 3]","[0.88, 0.88, 0.46]","[['D', 'C', 'B', 'A'], ['B', 'D', 'C', 'A'], ['A', 'B', 'C', 'D']]","{'C': 5, 'D': 4, 'A': 3, 'B': 3}","[1.0, 1.0, 0.58]",4.08
98,"[2, 4, 5]","[4, 4, 3]","[0.88, 0.88, 0.46]","[['D', 'C', 'B', 'A'], ['B', 'D', 'C', 'A'], ['A', 'C', 'B', 'D']]","{'C': 5, 'D': 4, 'A': 3, 'B': 3}","[1.0, 1.0, 0.58]",4.08
98,"[2, 4, 5]","[4, 4, 3]","[0.88, 0.88, 0.46]","[['D', 'C', 'B', 'A'], ['B', 'D', 'C', 'A'], ['A', 'C', 'D', 'B']]","{'C': 5, 'D': 5, 'A': 3, 'B': 2}","[1.0, 1.0, 0.58]",4.08
98,"[2, 4, 5]","[4, 4, 3]","[0.88, 0.88, 0.46]","[['D', 'C', 'B', 'A'], ['B', 'D', 'C', 'A'], ['A', 'D', 'C', 'B']]","{'C': 5, 'D': 5, 'A': 3, 'B': 2}","[1.0, 1.0, 0.58]",4.08
98,"[2, 4, 5]","[4, 4, 3]","[0.88, 0.88, 0.46]","[['D', 'C', 'B', 'A'], ['B', 'D', 'C', 'A'], ['B', 'A', 'C', 'D']]","{'C': 5, 'D': 4, 'A': 3, 'B': 3}","[1.0, 1.0, 0.58]",4.08
98,"[2, 4, 5]","[4, 4, 3]","[0.88, 0.88, 0.46]","[['D', 'C', 'B', 'A'], ['B', 'D', 'C', 'A'], ['B', 'C', 'A', 'D']]","{'C': 5, 'D': 4, 'A': 3, 'B': 3}","[1.0, 1.0, 0.58]",4.08
98,"[2, 4, 5]","[4, 4, 3]","[0.88, 0.88, 0.46]","[['D', 'C', 'B', 'A'], ['B', 'D', 'C', 'A'], ['B', 'C', 'D', 'A']]","{'C': 5, 'D': 5, 'B': 3, 'A': 2}","[1.0, 1.0, 0.58]",3.7399999999999998
98,"[2, 4, 5]","[4, 4, 3]","[0.88, 0.88, 0.46]","[['D', 'C', 'B', 'A'], ['B', 'D', 'C', 'A'], ['B', 'D', 'C', 'A']]","{'C': 5, 'D': 5, 'B': 3, 'A': 2}","[1.0, 1.0, 0.58]",3.7399999999999998
98,"[2, 4, 5]","[4, 4, 3]","[0.88, 0.88, 0.46]","[['D', 'C', 'B', 'A'], ['B', 'D', 'C', 'A'], ['C', 'A', 'B', 'D']]","{'C': 5, 'D': 4, 'A': 3, 'B': 3}","[1.0, 1.0, 0.58]",4.08
98,"[2, 4, 5]","[4, 4, 3]","[0.88, 0.88, 0.46]","[['D', 'C', 'B', 'A'], ['B', 'D', 'C', 'A'], ['C', 'A', 'D', 'B']]","{'C': 5, 'D': 5, 'A': 3, 'B': 2}","[1.0, 1.0, 0.58]",4.08
98,"[2, 4, 5]","[4, 4, 3]","[0.88, 0.88, 0.46]","[['D', 'C', 'B', 'A'], ['B', 'D', 'C', 'A'], ['C', 'B', 'A', 'D']]","{'C': 5, 'D': 4, 'A': 3, 'B': 3}","[1.0, 1.0, 0.58]",4.08
98,"[2, 4, 5]","[4, 4, 3]","[0.88, 0.88, 0.46]","[['D', 'C', 'B', 'A'], ['B', 'D', 'C', 'A'], ['C', 'B', 'D', 'A']]","{'C': 5, 'D': 5, 'B': 3, 'A': 2}","[1.0, 1.0, 0.58]",3.7399999999999998
98,"[2, 4, 5]","[4, 4, 3]","[0.88, 0.88, 0.46]","[['D', 'C', 'B', 'A'], ['B', 'D', 'C', 'A'], ['C', 'D', 'A', 'B']]","{'C': 5, 'D': 5, 'A': 3, 'B': 2}","[1.0, 1.0, 0.58]",4.08
98,"[2, 4, 5]","[4, 4, 3]","[0.88, 0.88, 0.46]","[['D', 'C', 'B', 'A'], ['B', 'D', 'C', 'A'], ['C', 'D', 'B', 'A']]","{'C': 5, 'D': 5, 'B': 3, 'A': 2}","[1.0, 1.0, 0.58]",3.7399999999999998
98,"[2, 4, 5]","[4, 4, 3]","[0.88, 0.88, 0.46]","[['D', 'C', 'B', 'A'], ['B', 'D', 'C', 'A'], ['D', 'A', 'C', 'B']]","{'C': 5, 'D': 5, 'A': 3, 'B': 2}","[1.0, 1.0, 0.58]",4.08
98,"[2, 4, 5]","[4, 4, 3]","[0.88, 0.88, 0.46]","[['D', 'C', 'B', 'A'], ['B', 'D', 'C', 'A'], ['D', 'B', 'C', 'A']]","{'C': 5, 'D': 5, 'B': 3, 'A': 2}","[1.0, 1.0, 0.58]",3.7399999999999998
98,"[2, 4, 5]","[4, 4, 3]","[0.88, 0.88, 0.46]","[['D', 'C', 'B', 'A'], ['B', 'D', 'C', 'A'], ['D', 'C', 'A', 'B']]","{'C': 5, 'D': 5, 'A': 3, 'B': 2}","[1.0, 1.0, 0.58]",4.08
98,"[2, 4, 5]","[4, 4, 3]","[0.88, 0.88, 0.46]","[['D', 'C', 'B', 'A'], ['B', 'D', 'C', 'A'], ['D', 'C', 'B', 'A']]","{'C': 5, 'D': 5, 'B': 3, 'A': 2}","[1.0, 1.0, 0.58]",3.7399999999999998
98,"[2, 4, 5]","[4, 4, 3]","[0.88, 0.88, 0.46]","[['D', 'C', 'B', 'A'], ['C', 'A', 'B', 'D'], ['B', 'C', 'D', 'A']]","{'C': 5, 'D': 4, 'A': 3, 'B': 3}","[1.0, 1.0, 0.58]",4.08
98,"[2, 4, 5]","[4, 4, 3]","[0.88, 0.88, 0.46]","[['D', 'C', 'B', 'A'], ['C', 'A', 'B', 'D'], ['B', 'D', 'C', 'A']]","{'C': 5, 'D': 4, 'A': 3, 'B': 3}","[1.0, 1.0, 0.58]",4.08
98,"[2, 4, 5]","[4, 4, 3]","[0.88, 0.88, 0.46]","[['D', 'C', 'B', 'A'], ['C', 'A', 'B', 'D'], ['C', 'B', 'D', 'A']]","{'C': 5, 'D': 4, 'A': 3, 'B': 3}","[1.0, 1.0, 0.58]",4.08
98,"[2, 4, 5]","[4, 4, 3]","[0.88, 0.88, 0.46]","[['D', 'C', 'B', 'A'], ['C', 'A', 'B', 'D'], ['C', 'D', 'B', 'A']]","{'C': 5, 'D': 4, 'A': 3, 'B': 3}","[1.0, 1.0, 0.58]",4.08
98,"[2, 4, 5]","[4, 4, 3]","[0.88, 0.88, 0.46]","[['D', 'C', 'B', 'A'], ['C', 'A', 'B', 'D'], ['D', 'B', 'C', 'A']]","{'C': 5, 'D': 4, 'A': 3, 'B': 3}","[1.0, 1.0, 0.58]",4.08
98,"[2, 4, 5]","[4, 4, 3]","[0.88, 0.88, 0.46]","[['D', 'C', 'B', 'A'], ['C', 'A', 'B', 'D'], ['D', 'C', 'B', 'A']]","{'C': 5, 'D': 4, 'A': 3, 'B': 3}","[1.0, 1.0, 0.58]",4.08
98,"[2, 4, 5]","[4, 4, 3]","[0.88, 0.88, 0.46]","[['D', 'C', 'B', 'A'], ['C', 'A', 'D', 'B'], ['A', 'C', 'D', 'B']]","{'C': 5, 'D': 5, 'A': 4, 'B': 1}","[1.0, 1.0, 0.58]",4.08
98,"[2, 4, 5]","[4, 4, 3]","[0.88, 0.88, 0.46]","[['D', 'C', 'B', 'A'], ['C', 'A', 'D', 'B'], ['A', 'D', 'C', 'B']]","{'C': 5, 'D': 5, 'A': 4, 'B': 1}","[1.0, 1.0, 0.58]",4.08
98,"[2, 4, 5]","[4, 4, 3]","[0.88, 0.88, 0.46]","[['D', 'C', 'B', 'A'], ['C', 'A', 'D', 'B'], ['B', 'C', 'D', 'A']]","{'C': 5, 'D': 5, 'A': 3, 'B': 2}","[1.0, 1.0, 0.58]",4.08
98,"[2, 4, 5]","[4, 4, 3]","[0.88, 0.88, 0.46]","[['D', 'C', 'B', 'A'], ['C', 'A', 'D', 'B'], ['B', 'D', 'C', 'A']]","{'C': 5, 'D': 5, 'A': 3, 'B': 2}","[1.0, 1.0, 0.58]",4.08
98,"[2, 4, 5]","[4, 4, 3]","[0.88, 0.88, 0.46]","[['D', 'C', 'B', 'A'], ['C', 'A', 'D', 'B'], ['C', 'A', 'D', 'B']]","{'C': 5, 'D': 5, 'A': 4, 'B': 1}","[1.0, 1.0, 0.58]",4.08
98,"[2, 4, 5]","[4, 4, 3]","[0.88, 0.88, 0.46]","[['D', 'C', 'B', 'A'], ['C', 'A', 'D', 'B'], ['C', 'B', 'D', 'A']]","{'C': 5, 'D': 5, 'A': 3, 'B': 2}","[1.0, 1.0, 0.58]",4.08
98,"[2, 4, 5]","[4, 4, 3]","[0.88, 0.88, 0.46]","[['D', 'C', 'B', 'A'], ['C', 'A', 'D', 'B'], ['C', 'D', 'A', 'B']]","{'C': 5, 'D': 5, 'A': 4, 'B': 1}","[1.0, 1.0, 0.58]",4.08
98,"[2, 4, 5]","[4, 4, 3]","[0.88, 0.88, 0.46]","[['D', 'C', 'B', 'A'], ['C', 'A', 'D', 'B'], ['C', 'D', 'B', 'A']]","{'C': 5, 'D': 5, 'A': 3, 'B': 2}","[1.0, 1.0, 0.58]",4.08
98,"[2, 4, 5]","[4, 4, 3]","[0.88, 0.88, 0.46]","[['D', 'C', 'B', 'A'], ['C', 'A', 'D', 'B'], ['D', 'A', 'C', 'B']]","{'C': 5, 'D': 5, 'A': 4, 'B': 1}","[1.0, 1.0, 0.58]",4.08
98,"[2, 4, 5]","[4, 4, 3]","[0.88, 0.88, 0.46]","[['D', 'C', 'B', 'A'], ['C', 'A', 'D', 'B'], ['D', 'B', 'C', 'A']]","{'C': 5, 'D': 5, 'A': 3, 'B': 2}","[1.0, 1.0, 0.58]",4.08
98,"[2, 4, 5]","[4, 4, 3]","[0.88, 0.88, 0.46]","[['D', 'C', 'B', 'A'], ['C', 'A', 'D', 'B'], ['D', 'C', 'A', 'B']]","{'C': 5, 'D': 5, 'A': 4, 'B': 1}","[1.0, 1.0, 0.58]",4.08
98,"[2, 4, 5]","[4, 4, 3]","[0.88, 0.88, 0.46]","[['D', 'C', 'B', 'A'], ['C', 'A', 'D', 'B'], ['D', 'C', 'B', 'A']]","{'C': 5, 'D': 5, 'A': 3, 'B': 2}","[1.0, 1.0, 0.58]",4.08
98,"[2, 4, 5]","[4, 4, 3]","[0.88, 0.88, 0.46]","[['D', 'C', 'B', 'A'], ['C', 'B', 'A', 'D'], ['B', 'C', 'D', 'A']]","{'C': 5, 'D': 4, 'A': 3, 'B': 3}","[1.0, 1.0, 0.58]",4.08
98,"[2, 4, 5]","[4, 4, 3]","[0.88, 0.88, 0.46]","[['D', 'C', 'B', 'A'], ['C', 'B', 'A', 'D'], ['B', 'D', 'C', 'A']]","{'C': 5, 'D': 4, 'A': 3, 'B': 3}","[1.0, 1.0, 0.58]",4.08
98,"[2, 4, 5]","[4, 4, 3]","[0.88, 0.88, 0.46]","[['D', 'C', 'B', 'A'], ['C', 'B', 'A', 'D'], ['C', 'B', 'D', 'A']]","{'C': 5, 'D': 4, 'A': 3, 'B': 3}","[1.0, 1.0, 0.58]",4.08
98,"[2, 4, 5]","[4, 4, 3]","[0.88, 0.88, 0.46]","[['D', 'C', 'B', 'A'], ['C', 'B', 'A', 'D'], ['C', 'D', 'B', 'A']]","{'C': 5, 'D': 4, 'A': 3, 'B': 3}","[1.0, 1.0, 0.58]",4.08
98,"[2, 4, 5]","[4, 4, 3]","[0.88, 0.88, 0.46]","[['D', 'C', 'B', 'A'], ['C', 'B', 'A', 'D'], ['D', 'B', 'C', 'A']]","{'C': 5, 'D': 4, 'A': 3, 'B': 3}","[1.0, 1.0, 0.58]",4.08
98,"[2, 4, 5]","[4, 4, 3]","[0.88, 0.88, 0.46]","[['D', 'C', 'B', 'A'], ['C', 'B', 'A', 'D'], ['D', 'C', 'B', 'A']]","{'C': 5, 'D': 4, 'A': 3, 'B': 3}","[1.0, 1.0, 0.58]",4.08
98,"[2, 4, 5]","[4, 4, 3]","[0.88, 0.88, 0.46]","[['D', 'C', 'B', 'A'], ['C', 'B', 'D', 'A'], ['A', 'B', 'C', 'D']]","{'C': 5, 'D': 4, 'A': 3, 'B': 3}","[1.0, 1.0, 0.58]",4.08
98,"[2, 4, 5]","[4, 4, 3]","[0.88, 0.88, 0.46]","[['D', 'C', 'B', 'A'], ['C', 'B', 'D', 'A'], ['A', 'C', 'B', 'D']]","{'C': 5, 'D': 4, 'A': 3, 'B': 3}","[1.0, 1.0, 0.58]",4.08
98,"[2, 4, 5]","[4, 4, 3]","[0.88, 0.88, 0.46]","[['D', 'C', 'B', 'A'], ['C', 'B', 'D', 'A'], ['A', 'C', 'D', 'B']]","{'C': 5, 'D': 5, 'A': 3, 'B': 2}","[1.0, 1.0, 0.58]",4.08
98,"[2, 4, 5]","[4, 4, 3]","[0.88, 0.88, 0.46]","[['D', 'C', 'B', 'A'], ['C', 'B', 'D', 'A'], ['A', 'D', 'C', 'B']]","{'C': 5, 'D': 5, 'A': 3, 'B': 2}","[1.0, 1.0, 0.58]",4.08
98,"[2, 4, 5]","[4, 4, 3]","[0.88, 0.88, 0.46]","[['D', 'C', 'B', 'A'], ['C', 'B', 'D', 'A'], ['B', 'A', 'C', 'D']]","{'C': 5, 'D': 4, 'A': 3, 'B': 3}","[1.0, 1.0, 0.58]",4.08
98,"[2, 4, 5]","[4, 4, 3]","[0.88, 0.88, 0.46]","[['D', 'C', 'B', 'A'], ['C', 'B', 'D', 'A'], ['B', 'C', 'A', 'D']]","{'C': 5, 'D': 4, 'A': 3, 'B': 3}","[1.0, 1.0, 0.58]",4.08
98,"[2, 4, 5]","[4, 4, 3]","[0.88, 0.88, 0.46]","[['D', 'C', 'B', 'A'], ['C', 'B', 'D', 'A'], ['B', 'C', 'D', 'A']]","{'C': 5, 'D': 5, 'B': 3, 'A': 2}","[1.0, 1.0, 0.58]",3.7399999999999998
98,"[2, 4, 5]","[4, 4, 3]","[0.88, 0.88, 0.46]","[['D', 'C', 'B', 'A'], ['C', 'B', 'D', 'A'], ['B', 'D', 'C', 'A']]","{'C': 5, 'D': 5, 'B': 3, 'A': 2}","[1.0, 1.0, 0.58]",3.7399999999999998
98,"[2, 4, 5]","[4, 4, 3]","[0.88, 0.88, 0.46]","[['D', 'C', 'B', 'A'], ['C', 'B', 'D', 'A'], ['C', 'A', 'B', 'D']]","{'C': 5, 'D': 4, 'A': 3, 'B': 3}","[1.0, 1.0, 0.58]",4.08
98,"[2, 4, 5]","[4, 4, 3]","[0.88, 0.88, 0.46]","[['D', 'C', 'B', 'A'], ['C', 'B', 'D', 'A'], ['C', 'A', 'D', 'B']]","{'C': 5, 'D': 5, 'A': 3, 'B': 2}","[1.0, 1.0, 0.58]",4.08
98,"[2, 4, 5]","[4, 4, 3]","[0.88, 0.88, 0.46]","[['D', 'C', 'B', 'A'], ['C', 'B', 'D', 'A'], ['C', 'B', 'A', 'D']]","{'C': 5, 'D': 4, 'A': 3, 'B': 3}","[1.0, 1.0, 0.58]",4.08
98,"[2, 4, 5]","[4, 4, 3]","[0.88, 0.88, 0.46]","[['D', 'C', 'B', 'A'], ['C', 'B', 'D', 'A'], ['C', 'B', 'D', 'A']]","{'C': 5, 'D': 5, 'B': 3, 'A': 2}","[1.0, 1.0, 0.58]",3.7399999999999998
98,"[2, 4, 5]","[4, 4, 3]","[0.88, 0.88, 0.46]","[['D', 'C', 'B', 'A'], ['C', 'B', 'D', 'A'], ['C', 'D', 'A', 'B']]","{'C': 5, 'D': 5, 'A': 3, 'B': 2}","[1.0, 1.0, 0.58]",4.08
98,"[2, 4, 5]","[4, 4, 3]","[0.88, 0.88, 0.46]","[['D', 'C', 'B', 'A'], ['C', 'B', 'D', 'A'], ['C', 'D', 'B', 'A']]","{'C': 5, 'D': 5, 'B': 3, 'A': 2}","[1.0, 1.0, 0.58]",3.7399999999999998
98,"[2, 4, 5]","[4, 4, 3]","[0.88, 0.88, 0.46]","[['D', 'C', 'B', 'A'], ['C', 'B', 'D', 'A'], ['D', 'A', 'C', 'B']]","{'C': 5, 'D': 5, 'A': 3, 'B': 2}","[1.0, 1.0, 0.58]",4.08
98,"[2, 4, 5]","[4, 4, 3]","[0.88, 0.88, 0.46]","[['D', 'C', 'B', 'A'], ['C', 'B', 'D', 'A'], ['D', 'B', 'C', 'A']]","{'C': 5, 'D': 5, 'B': 3, 'A': 2}","[1.0, 1.0, 0.58]",3.7399999999999998
98,"[2, 4, 5]","[4, 4, 3]","[0.88, 0.88, 0.46]","[['D', 'C', 'B', 'A'], ['C', 'B', 'D', 'A'], ['D', 'C', 'A', 'B']]","{'C': 5, 'D': 5, 'A': 3, 'B': 2}","[1.0, 1.0, 0.58]",4.08
98,"[2, 4, 5]","[4, 4, 3]","[0.88, 0.88, 0.46]","[['D', 'C', 'B', 'A'], ['C', 'B', 'D', 'A'], ['D', 'C', 'B', 'A']]","{'C': 5, 'D': 5, 'B': 3, 'A': 2}","[1.0, 1.0, 0.58]",3.7399999999999998
98,"[2, 4, 5]","[4, 4, 3]","[0.88, 0.88, 0.46]","[['D', 'C', 'B', 'A'], ['C', 'D', 'A', 'B'], ['A', 'C', 'D', 'B']]","{'C': 5, 'D': 5, 'A': 4, 'B': 1}","[1.0, 1.0, 0.58]",4.08
98,"[2, 4, 5]","[4, 4, 3]","[0.88, 0.88, 0.46]","[['D', 'C', 'B', 'A'], ['C', 'D', 'A', 'B'], ['A', 'D', 'C', 'B']]","{'C': 5, 'D': 5, 'A': 4, 'B': 1}","[1.0, 1.0, 0.58]",4.08
98,"[2, 4, 5]","[4, 4, 3]","[0.88, 0.88, 0.46]","[['D', 'C', 'B', 'A'], ['C', 'D', 'A', 'B'], ['B', 'C', 'D', 'A']]","{'C': 5, 'D': 5, 'A': 3, 'B': 2}","[1.0, 1.0, 0.58]",4.08
98,"[2, 4, 5]","[4, 4, 3]","[0.88, 0.88, 0.46]","[['D', 'C', 'B', 'A'], ['C', 'D', 'A', 'B'], ['B', 'D', 'C', 'A']]","{'C': 5, 'D': 5, 'A': 3, 'B': 2}","[1.0, 1.0, 0.58]",4.08
98,"[2, 4, 5]","[4, 4, 3]","[0.88, 0.88, 0.46]","[['D', 'C', 'B', 'A'], ['C', 'D', 'A', 'B'], ['C', 'A', 'D', 'B']]","{'C': 5, 'D': 5, 'A': 4, 'B': 1}","[1.0, 1.0, 0.58]",4.08
98,"[2, 4, 5]","[4, 4, 3]","[0.88, 0.88, 0.46]","[['D', 'C', 'B', 'A'], ['C', 'D', 'A', 'B'], ['C', 'B', 'D', 'A']]","{'C': 5, 'D': 5, 'A': 3, 'B': 2}","[1.0, 1.0, 0.58]",4.08
98,"[2, 4, 5]","[4, 4, 3]","[0.88, 0.88, 0.46]","[['D', 'C', 'B', 'A'], ['C', 'D', 'A', 'B'], ['C', 'D', 'A', 'B']]","{'C': 5, 'D': 5, 'A': 4, 'B': 1}","[1.0, 1.0, 0.58]",4.08
98,"[2, 4, 5]","[4, 4, 3]","[0.88, 0.88, 0.46]","[['D', 'C', 'B', 'A'], ['C', 'D', 'A', 'B'], ['C', 'D', 'B', 'A']]","{'C': 5, 'D': 5, 'A': 3, 'B': 2}","[1.0, 1.0, 0.58]",4.08
98,"[2, 4, 5]","[4, 4, 3]","[0.88, 0.88, 0.46]","[['D', 'C', 'B', 'A'], ['C', 'D', 'A', 'B'], ['D', 'A', 'C', 'B']]","{'C': 5, 'D': 5, 'A': 4, 'B': 1}","[1.0, 1.0, 0.58]",4.08
98,"[2, 4, 5]","[4, 4, 3]","[0.88, 0.88, 0.46]","[['D', 'C', 'B', 'A'], ['C', 'D', 'A', 'B'], ['D', 'B', 'C', 'A']]","{'C': 5, 'D': 5, 'A': 3, 'B': 2}","[1.0, 1.0, 0.58]",4.08
98,"[2, 4, 5]","[4, 4, 3]","[0.88, 0.88, 0.46]","[['D', 'C', 'B', 'A'], ['C', 'D', 'A', 'B'], ['D', 'C', 'A', 'B']]","{'C': 5, 'D': 5, 'A': 4, 'B': 1}","[1.0, 1.0, 0.58]",4.08
98,"[2, 4, 5]","[4, 4, 3]","[0.88, 0.88, 0.46]","[['D', 'C', 'B', 'A'], ['C', 'D', 'A', 'B'], ['D', 'C', 'B', 'A']]","{'C': 5, 'D': 5, 'A': 3, 'B': 2}","[1.0, 1.0, 0.58]",4.08
98,"[2, 4, 5]","[4, 4, 3]","[0.88, 0.88, 0.46]","[['D', 'C', 'B', 'A'], ['C', 'D', 'B', 'A'], ['A', 'B', 'C', 'D']]","{'C': 5, 'D': 4, 'A': 3, 'B': 3}","[1.0, 1.0, 0.58]",4.08
98,"[2, 4, 5]","[4, 4, 3]","[0.88, 0.88, 0.46]","[['D', 'C', 'B', 'A'], ['C', 'D', 'B', 'A'], ['A', 'C', 'B', 'D']]","{'C': 5, 'D': 4, 'A': 3, 'B': 3}","[1.0, 1.0, 0.58]",4.08
98,"[2, 4, 5]","[4, 4, 3]","[0.88, 0.88, 0.46]","[['D', 'C', 'B', 'A'], ['C', 'D', 'B', 'A'], ['A', 'C', 'D', 'B']]","{'C': 5, 'D': 5, 'A': 3, 'B': 2}","[1.0, 1.0, 0.58]",4.08
98,"[2, 4, 5]","[4, 4, 3]","[0.88, 0.88, 0.46]","[['D', 'C', 'B', 'A'], ['C', 'D', 'B', 'A'], ['A', 'D', 'C', 'B']]","{'C': 5, 'D': 5, 'A': 3, 'B': 2}","[1.0, 1.0, 0.58]",4.08
98,"[2, 4, 5]","[4, 4, 3]","[0.88, 0.88, 0.46]","[['D', 'C', 'B', 'A'], ['C', 'D', 'B', 'A'], ['B', 'A', 'C', 'D']]","{'C': 5, 'D': 4, 'A': 3, 'B': 3}","[1.0, 1.0, 0.58]",4.08
98,"[2, 4, 5]","[4, 4, 3]","[0.88, 0.88, 0.46]","[['D', 'C', 'B', 'A'], ['C', 'D', 'B', 'A'], ['B', 'C', 'A', 'D']]","{'C': 5, 'D': 4, 'A': 3, 'B': 3}","[1.0, 1.0, 0.58]",4.08
98,"[2, 4, 5]","[4, 4, 3]","[0.88, 0.88, 0.46]","[['D', 'C', 'B', 'A'], ['C', 'D', 'B', 'A'], ['B', 'C', 'D', 'A']]","{'C': 5, 'D': 5, 'B': 3, 'A': 2}","[1.0, 1.0, 0.58]",3.7399999999999998
98,"[2, 4, 5]","[4, 4, 3]","[0.88, 0.88, 0.46]","[['D', 'C', 'B', 'A'], ['C', 'D', 'B', 'A'], ['B', 'D', 'C', 'A']]","{'C': 5, 'D': 5, 'B': 3, 'A': 2}","[1.0, 1.0, 0.58]",3.7399999999999998
98,"[2, 4, 5]","[4, 4, 3]","[0.88, 0.88, 0.46]","[['D', 'C', 'B', 'A'], ['C', 'D', 'B', 'A'], ['C', 'A', 'B', 'D']]","{'C': 5, 'D': 4, 'A': 3, 'B': 3}","[1.0, 1.0, 0.58]",4.08
98,"[2, 4, 5]","[4, 4, 3]","[0.88, 0.88, 0.46]","[['D', 'C', 'B', 'A'], ['C', 'D', 'B', 'A'], ['C', 'A', 'D', 'B']]","{'C': 5, 'D': 5, 'A': 3, 'B': 2}","[1.0, 1.0, 0.58]",4.08
98,"[2, 4, 5]","[4, 4, 3]","[0.88, 0.88, 0.46]","[['D', 'C', 'B', 'A'], ['C', 'D', 'B', 'A'], ['C', 'B', 'A', 'D']]","{'C': 5, 'D': 4, 'A': 3, 'B': 3}","[1.0, 1.0, 0.58]",4.08
98,"[2, 4, 5]","[4, 4, 3]","[0.88, 0.88, 0.46]","[['D', 'C', 'B', 'A'], ['C', 'D', 'B', 'A'], ['C', 'B', 'D', 'A']]","{'C': 5, 'D': 5, 'B': 3, 'A': 2}","[1.0, 1.0, 0.58]",3.7399999999999998
98,"[2, 4, 5]","[4, 4, 3]","[0.88, 0.88, 0.46]","[['D', 'C', 'B', 'A'], ['C', 'D', 'B', 'A'], ['C', 'D', 'A', 'B']]","{'C': 5, 'D': 5, 'A': 3, 'B': 2}","[1.0, 1.0, 0.58]",4.08
98,"[2, 4, 5]","[4, 4, 3]","[0.88, 0.88, 0.46]","[['D', 'C', 'B', 'A'], ['C', 'D', 'B', 'A'], ['C', 'D', 'B', 'A']]","{'C': 5, 'D': 5, 'B': 3, 'A': 2}","[1.0, 1.0, 0.58]",3.7399999999999998
98,"[2, 4, 5]","[4, 4, 3]","[0.88, 0.88, 0.46]","[['D', 'C', 'B', 'A'], ['C', 'D', 'B', 'A'], ['D', 'A', 'C', 'B']]","{'C': 5, 'D': 5, 'A': 3, 'B': 2}","[1.0, 1.0, 0.58]",4.08
98,"[2, 4, 5]","[4, 4, 3]","[0.88, 0.88, 0.46]","[['D', 'C', 'B', 'A'], ['C', 'D', 'B', 'A'], ['D', 'B', 'C', 'A']]","{'C': 5, 'D': 5, 'B': 3, 'A': 2}","[1.0, 1.0, 0.58]",3.7399999999999998
98,"[2, 4, 5]","[4, 4, 3]","[0.88, 0.88, 0.46]","[['D', 'C', 'B', 'A'], ['C', 'D', 'B', 'A'], ['D', 'C', 'A', 'B']]","{'C': 5, 'D': 5, 'A': 3, 'B': 2}","[1.0, 1.0, 0.58]",4.08
98,"[2, 4, 5]","[4, 4, 3]","[0.88, 0.88, 0.46]","[['D', 'C', 'B', 'A'], ['C', 'D', 'B', 'A'], ['D', 'C', 'B', 'A']]","{'C': 5, 'D': 5, 'B': 3, 'A': 2}","[1.0, 1.0, 0.58]",3.7399999999999998
98,"[2, 4, 5]","[4, 4, 3]","[0.88, 0.88, 0.46]","[['D', 'C', 'B', 'A'], ['D', 'A', 'C', 'B'], ['A', 'C', 'D', 'B']]","{'C': 5, 'D': 5, 'A': 4, 'B': 1}","[1.0, 1.0, 0.58]",4.08
98,"[2, 4, 5]","[4, 4, 3]","[0.88, 0.88, 0.46]","[['D', 'C', 'B', 'A'], ['D', 'A', 'C', 'B'], ['A', 'D', 'C', 'B']]","{'C': 5, 'D': 5, 'A': 4, 'B': 1}","[1.0, 1.0, 0.58]",4.08
98,"[2, 4, 5]","[4, 4, 3]","[0.88, 0.88, 0.46]","[['D', 'C', 'B', 'A'], ['D', 'A', 'C', 'B'], ['B', 'C', 'D', 'A']]","{'C': 5, 'D': 5, 'A': 3, 'B': 2}","[1.0, 1.0, 0.58]",4.08
98,"[2, 4, 5]","[4, 4, 3]","[0.88, 0.88, 0.46]","[['D', 'C', 'B', 'A'], ['D', 'A', 'C', 'B'], ['B', 'D', 'C', 'A']]","{'C': 5, 'D': 5, 'A': 3, 'B': 2}","[1.0, 1.0, 0.58]",4.08
98,"[2, 4, 5]","[4, 4, 3]","[0.88, 0.88, 0.46]","[['D', 'C', 'B', 'A'], ['D', 'A', 'C', 'B'], ['C', 'A', 'D', 'B']]","{'C': 5, 'D': 5, 'A': 4, 'B': 1}","[1.0, 1.0, 0.58]",4.08
98,"[2, 4, 5]","[4, 4, 3]","[0.88, 0.88, 0.46]","[['D', 'C', 'B', 'A'], ['D', 'A', 'C', 'B'], ['C', 'B', 'D', 'A']]","{'C': 5, 'D': 5, 'A': 3, 'B': 2}","[1.0, 1.0, 0.58]",4.08
98,"[2, 4, 5]","[4, 4, 3]","[0.88, 0.88, 0.46]","[['D', 'C', 'B', 'A'], ['D', 'A', 'C', 'B'], ['C', 'D', 'A', 'B']]","{'C': 5, 'D': 5, 'A': 4, 'B': 1}","[1.0, 1.0, 0.58]",4.08
98,"[2, 4, 5]","[4, 4, 3]","[0.88, 0.88, 0.46]","[['D', 'C', 'B', 'A'], ['D', 'A', 'C', 'B'], ['C', 'D', 'B', 'A']]","{'C': 5, 'D': 5, 'A': 3, 'B': 2}","[1.0, 1.0, 0.58]",4.08
98,"[2, 4, 5]","[4, 4, 3]","[0.88, 0.88, 0.46]","[['D', 'C', 'B', 'A'], ['D', 'A', 'C', 'B'], ['D', 'A', 'C', 'B']]","{'C': 5, 'D': 5, 'A': 4, 'B': 1}","[1.0, 1.0, 0.58]",4.08
98,"[2, 4, 5]","[4, 4, 3]","[0.88, 0.88, 0.46]","[['D', 'C', 'B', 'A'], ['D', 'A', 'C', 'B'], ['D', 'B', 'C', 'A']]","{'C': 5, 'D': 5, 'A': 3, 'B': 2}","[1.0, 1.0, 0.58]",4.08
98,"[2, 4, 5]","[4, 4, 3]","[0.88, 0.88, 0.46]","[['D', 'C', 'B', 'A'], ['D', 'A', 'C', 'B'], ['D', 'C', 'A', 'B']]","{'C': 5, 'D': 5, 'A': 4, 'B': 1}","[1.0, 1.0, 0.58]",4.08
98,"[2, 4, 5]","[4, 4, 3]","[0.88, 0.88, 0.46]","[['D', 'C', 'B', 'A'], ['D', 'A', 'C', 'B'], ['D', 'C', 'B', 'A']]","{'C': 5, 'D': 5, 'A': 3, 'B': 2}","[1.0, 1.0, 0.58]",4.08
98,"[2, 4, 5]","[4, 4, 3]","[0.88, 0.88, 0.46]","[['D', 'C', 'B', 'A'], ['D', 'B', 'C', 'A'], ['A', 'B', 'C', 'D']]","{'C': 5, 'D': 4, 'A': 3, 'B': 3}","[1.0, 1.0, 0.58]",4.08
98,"[2, 4, 5]","[4, 4, 3]","[0.88, 0.88, 0.46]","[['D', 'C', 'B', 'A'], ['D', 'B', 'C', 'A'], ['A', 'C', 'B', 'D']]","{'C': 5, 'D': 4, 'A': 3, 'B': 3}","[1.0, 1.0, 0.58]",4.08
98,"[2, 4, 5]","[4, 4, 3]","[0.88, 0.88, 0.46]","[['D', 'C', 'B', 'A'], ['D', 'B', 'C', 'A'], ['A', 'C', 'D', 'B']]","{'C': 5, 'D': 5, 'A': 3, 'B': 2}","[1.0, 1.0, 0.58]",4.08
98,"[2, 4, 5]","[4, 4, 3]","[0.88, 0.88, 0.46]","[['D', 'C', 'B', 'A'], ['D', 'B', 'C', 'A'], ['A', 'D', 'C', 'B']]","{'C': 5, 'D': 5, 'A': 3, 'B': 2}","[1.0, 1.0, 0.58]",4.08
98,"[2, 4, 5]","[4, 4, 3]","[0.88, 0.88, 0.46]","[['D', 'C', 'B', 'A'], ['D', 'B', 'C', 'A'], ['B', 'A', 'C', 'D']]","{'C': 5, 'D': 4, 'A': 3, 'B': 3}","[1.0, 1.0, 0.58]",4.08
98,"[2, 4, 5]","[4, 4, 3]","[0.88, 0.88, 0.46]","[['D', 'C', 'B', 'A'], ['D', 'B', 'C', 'A'], ['B', 'C', 'A', 'D']]","{'C': 5, 'D': 4, 'A': 3, 'B': 3}","[1.0, 1.0, 0.58]",4.08
98,"[2, 4, 5]","[4, 4, 3]","[0.88, 0.88, 0.46]","[['D', 'C', 'B', 'A'], ['D', 'B', 'C', 'A'], ['B', 'C', 'D', 'A']]","{'C': 5, 'D': 5, 'B': 3, 'A': 2}","[1.0, 1.0, 0.58]",3.7399999999999998
98,"[2, 4, 5]","[4, 4, 3]","[0.88, 0.88, 0.46]","[['D', 'C', 'B', 'A'], ['D', 'B', 'C', 'A'], ['B', 'D', 'C', 'A']]","{'C': 5, 'D': 5, 'B': 3, 'A': 2}","[1.0, 1.0, 0.58]",3.7399999999999998
98,"[2, 4, 5]","[4, 4, 3]","[0.88, 0.88, 0.46]","[['D', 'C', 'B', 'A'], ['D', 'B', 'C', 'A'], ['C', 'A', 'B', 'D']]","{'C': 5, 'D': 4, 'A': 3, 'B': 3}","[1.0, 1.0, 0.58]",4.08
98,"[2, 4, 5]","[4, 4, 3]","[0.88, 0.88, 0.46]","[['D', 'C', 'B', 'A'], ['D', 'B', 'C', 'A'], ['C', 'A', 'D', 'B']]","{'C': 5, 'D': 5, 'A': 3, 'B': 2}","[1.0, 1.0, 0.58]",4.08
98,"[2, 4, 5]","[4, 4, 3]","[0.88, 0.88, 0.46]","[['D', 'C', 'B', 'A'], ['D', 'B', 'C', 'A'], ['C', 'B', 'A', 'D']]","{'C': 5, 'D': 4, 'A': 3, 'B': 3}","[1.0, 1.0, 0.58]",4.08
98,"[2, 4, 5]","[4, 4, 3]","[0.88, 0.88, 0.46]","[['D', 'C', 'B', 'A'], ['D', 'B', 'C', 'A'], ['C', 'B', 'D', 'A']]","{'C': 5, 'D': 5, 'B': 3, 'A': 2}","[1.0, 1.0, 0.58]",3.7399999999999998
98,"[2, 4, 5]","[4, 4, 3]","[0.88, 0.88, 0.46]","[['D', 'C', 'B', 'A'], ['D', 'B', 'C', 'A'], ['C', 'D', 'A', 'B']]","{'C': 5, 'D': 5, 'A': 3, 'B': 2}","[1.0, 1.0, 0.58]",4.08
98,"[2, 4, 5]","[4, 4, 3]","[0.88, 0.88, 0.46]","[['D', 'C', 'B', 'A'], ['D', 'B', 'C', 'A'], ['C', 'D', 'B', 'A']]","{'C': 5, 'D': 5, 'B': 3, 'A': 2}","[1.0, 1.0, 0.58]",3.7399999999999998
98,"[2, 4, 5]","[4, 4, 3]","[0.88, 0.88, 0.46]","[['D', 'C', 'B', 'A'], ['D', 'B', 'C', 'A'], ['D', 'A', 'C', 'B']]","{'C': 5, 'D': 5, 'A': 3, 'B': 2}","[1.0, 1.0, 0.58]",4.08
98,"[2, 4, 5]","[4, 4, 3]","[0.88, 0.88, 0.46]","[['D', 'C', 'B', 'A'], ['D', 'B', 'C', 'A'], ['D', 'B', 'C', 'A']]","{'C': 5, 'D': 5, 'B': 3, 'A': 2}","[1.0, 1.0, 0.58]",3.7399999999999998
98,"[2, 4, 5]","[4, 4, 3]","[0.88, 0.88, 0.46]","[['D', 'C', 'B', 'A'], ['D', 'B', 'C', 'A'], ['D', 'C', 'A', 'B']]","{'C': 5, 'D': 5, 'A': 3, 'B': 2}","[1.0, 1.0, 0.58]",4.08
98,"[2, 4, 5]","[4, 4, 3]","[0.88, 0.88, 0.46]","[['D', 'C', 'B', 'A'], ['D', 'B', 'C', 'A'], ['D', 'C', 'B', 'A']]","{'C': 5, 'D': 5, 'B': 3, 'A': 2}","[1.0, 1.0, 0.58]",3.7399999999999998
98,"[2, 4, 5]","[4, 4, 3]","[0.88, 0.88, 0.46]","[['D', 'C', 'B', 'A'], ['D', 'C', 'A', 'B'], ['A', 'C', 'D', 'B']]","{'C': 5, 'D': 5, 'A': 4, 'B': 1}","[1.0, 1.0, 0.58]",4.08
98,"[2, 4, 5]","[4, 4, 3]","[0.88, 0.88, 0.46]","[['D', 'C', 'B', 'A'], ['D', 'C', 'A', 'B'], ['A', 'D', 'C', 'B']]","{'C': 5, 'D': 5, 'A': 4, 'B': 1}","[1.0, 1.0, 0.58]",4.08
98,"[2, 4, 5]","[4, 4, 3]","[0.88, 0.88, 0.46]","[['D', 'C', 'B', 'A'], ['D', 'C', 'A', 'B'], ['B', 'C', 'D', 'A']]","{'C': 5, 'D': 5, 'A': 3, 'B': 2}","[1.0, 1.0, 0.58]",4.08
98,"[2, 4, 5]","[4, 4, 3]","[0.88, 0.88, 0.46]","[['D', 'C', 'B', 'A'], ['D', 'C', 'A', 'B'], ['B', 'D', 'C', 'A']]","{'C': 5, 'D': 5, 'A': 3, 'B': 2}","[1.0, 1.0, 0.58]",4.08
98,"[2, 4, 5]","[4, 4, 3]","[0.88, 0.88, 0.46]","[['D', 'C', 'B', 'A'], ['D', 'C', 'A', 'B'], ['C', 'A', 'D', 'B']]","{'C': 5, 'D': 5, 'A': 4, 'B': 1}","[1.0, 1.0, 0.58]",4.08
98,"[2, 4, 5]","[4, 4, 3]","[0.88, 0.88, 0.46]","[['D', 'C', 'B', 'A'], ['D', 'C', 'A', 'B'], ['C', 'B', 'D', 'A']]","{'C': 5, 'D': 5, 'A': 3, 'B': 2}","[1.0, 1.0, 0.58]",4.08
98,"[2, 4, 5]","[4, 4, 3]","[0.88, 0.88, 0.46]","[['D', 'C', 'B', 'A'], ['D', 'C', 'A', 'B'], ['C', 'D', 'A', 'B']]","{'C': 5, 'D': 5, 'A': 4, 'B': 1}","[1.0, 1.0, 0.58]",4.08
98,"[2, 4, 5]","[4, 4, 3]","[0.88, 0.88, 0.46]","[['D', 'C', 'B', 'A'], ['D', 'C', 'A', 'B'], ['C', 'D', 'B', 'A']]","{'C': 5, 'D': 5, 'A': 3, 'B': 2}","[1.0, 1.0, 0.58]",4.08
98,"[2, 4, 5]","[4, 4, 3]","[0.88, 0.88, 0.46]","[['D', 'C', 'B', 'A'], ['D', 'C', 'A', 'B'], ['D', 'A', 'C', 'B']]","{'C': 5, 'D': 5, 'A': 4, 'B': 1}","[1.0, 1.0, 0.58]",4.08
98,"[2, 4, 5]","[4, 4, 3]","[0.88, 0.88, 0.46]","[['D', 'C', 'B', 'A'], ['D', 'C', 'A', 'B'], ['D', 'B', 'C', 'A']]","{'C': 5, 'D': 5, 'A': 3, 'B': 2}","[1.0, 1.0, 0.58]",4.08
98,"[2, 4, 5]","[4, 4, 3]","[0.88, 0.88, 0.46]","[['D', 'C', 'B', 'A'], ['D', 'C', 'A', 'B'], ['D', 'C', 'A', 'B']]","{'C': 5, 'D': 5, 'A': 4, 'B': 1}","[1.0, 1.0, 0.58]",4.08
98,"[2, 4, 5]","[4, 4, 3]","[0.88, 0.88, 0.46]","[['D', 'C', 'B', 'A'], ['D', 'C', 'A', 'B'], ['D', 'C', 'B', 'A']]","{'C': 5, 'D': 5, 'A': 3, 'B': 2}","[1.0, 1.0, 0.58]",4.08
98,"[2, 4, 5]","[4, 4, 3]","[0.88, 0.88, 0.46]","[['D', 'C', 'B', 'A'], ['D', 'C', 'B', 'A'], ['A', 'B', 'C', 'D']]","{'C': 5, 'D': 4, 'A': 3, 'B': 3}","[1.0, 1.0, 0.58]",4.08
98,"[2, 4, 5]","[4, 4, 3]","[0.88, 0.88, 0.46]","[['D', 'C', 'B', 'A'], ['D', 'C', 'B', 'A'], ['A', 'C', 'B', 'D']]","{'C': 5, 'D': 4, 'A': 3, 'B': 3}","[1.0, 1.0, 0.58]",4.08
98,"[2, 4, 5]","[4, 4, 3]","[0.88, 0.88, 0.46]","[['D', 'C', 'B', 'A'], ['D', 'C', 'B', 'A'], ['A', 'C', 'D', 'B']]","{'C': 5, 'D': 5, 'A': 3, 'B': 2}","[1.0, 1.0, 0.58]",4.08
98,"[2, 4, 5]","[4, 4, 3]","[0.88, 0.88, 0.46]","[['D', 'C', 'B', 'A'], ['D', 'C', 'B', 'A'], ['A', 'D', 'C', 'B']]","{'C': 5, 'D': 5, 'A': 3, 'B': 2}","[1.0, 1.0, 0.58]",4.08
98,"[2, 4, 5]","[4, 4, 3]","[0.88, 0.88, 0.46]","[['D', 'C', 'B', 'A'], ['D', 'C', 'B', 'A'], ['B', 'A', 'C', 'D']]","{'C': 5, 'D': 4, 'A': 3, 'B': 3}","[1.0, 1.0, 0.58]",4.08
98,"[2, 4, 5]","[4, 4, 3]","[0.88, 0.88, 0.46]","[['D', 'C', 'B', 'A'], ['D', 'C', 'B', 'A'], ['B', 'C', 'A', 'D']]","{'C': 5, 'D': 4, 'A': 3, 'B': 3}","[1.0, 1.0, 0.58]",4.08
98,"[2, 4, 5]","[4, 4, 3]","[0.88, 0.88, 0.46]","[['D', 'C', 'B', 'A'], ['D', 'C', 'B', 'A'], ['B', 'C', 'D', 'A']]","{'C': 5, 'D': 5, 'B': 3, 'A': 2}","[1.0, 1.0, 0.58]",3.7399999999999998
98,"[2, 4, 5]","[4, 4, 3]","[0.88, 0.88, 0.46]","[['D', 'C', 'B', 'A'], ['D', 'C', 'B', 'A'], ['B', 'D', 'C', 'A']]","{'C': 5, 'D': 5, 'B': 3, 'A': 2}","[1.0, 1.0, 0.58]",3.7399999999999998
98,"[2, 4, 5]","[4, 4, 3]","[0.88, 0.88, 0.46]","[['D', 'C', 'B', 'A'], ['D', 'C', 'B', 'A'], ['C', 'A', 'B', 'D']]","{'C': 5, 'D': 4, 'A': 3, 'B': 3}","[1.0, 1.0, 0.58]",4.08
98,"[2, 4, 5]","[4, 4, 3]","[0.88, 0.88, 0.46]","[['D', 'C', 'B', 'A'], ['D', 'C', 'B', 'A'], ['C', 'A', 'D', 'B']]","{'C': 5, 'D': 5, 'A': 3, 'B': 2}","[1.0, 1.0, 0.58]",4.08
98,"[2, 4, 5]","[4, 4, 3]","[0.88, 0.88, 0.46]","[['D', 'C', 'B', 'A'], ['D', 'C', 'B', 'A'], ['C', 'B', 'A', 'D']]","{'C': 5, 'D': 4, 'A': 3, 'B': 3}","[1.0, 1.0, 0.58]",4.08
98,"[2, 4, 5]","[4, 4, 3]","[0.88, 0.88, 0.46]","[['D', 'C', 'B', 'A'], ['D', 'C', 'B', 'A'], ['C', 'B', 'D', 'A']]","{'C': 5, 'D': 5, 'B': 3, 'A': 2}","[1.0, 1.0, 0.58]",3.7399999999999998
98,"[2, 4, 5]","[4, 4, 3]","[0.88, 0.88, 0.46]","[['D', 'C', 'B', 'A'], ['D', 'C', 'B', 'A'], ['C', 'D', 'A', 'B']]","{'C': 5, 'D': 5, 'A': 3, 'B': 2}","[1.0, 1.0, 0.58]",4.08
98,"[2, 4, 5]","[4, 4, 3]","[0.88, 0.88, 0.46]","[['D', 'C', 'B', 'A'], ['D', 'C', 'B', 'A'], ['C', 'D', 'B', 'A']]","{'C': 5, 'D': 5, 'B': 3, 'A': 2}","[1.0, 1.0, 0.58]",3.7399999999999998
98,"[2, 4, 5]","[4, 4, 3]","[0.88, 0.88, 0.46]","[['D', 'C', 'B', 'A'], ['D', 'C', 'B', 'A'], ['D', 'A', 'C', 'B']]","{'C': 5, 'D': 5, 'A': 3, 'B': 2}","[1.0, 1.0, 0.58]",4.08
98,"[2, 4, 5]","[4, 4, 3]","[0.88, 0.88, 0.46]","[['D', 'C', 'B', 'A'], ['D', 'C', 'B', 'A'], ['D', 'B', 'C', 'A']]","{'C': 5, 'D': 5, 'B': 3, 'A': 2}","[1.0, 1.0, 0.58]",3.7399999999999998
98,"[2, 4, 5]","[4, 4, 3]","[0.88, 0.88, 0.46]","[['D', 'C', 'B', 'A'], ['D', 'C', 'B', 'A'], ['D', 'C', 'A', 'B']]","{'C': 5, 'D': 5, 'A': 3, 'B': 2}","[1.0, 1.0, 0.58]",4.08
98,"[2, 4, 5]","[4, 4, 3]","[0.88, 0.88, 0.46]","[['D', 'C', 'B', 'A'], ['D', 'C', 'B', 'A'], ['D', 'C', 'B', 'A']]","{'C': 5, 'D': 5, 'B': 3, 'A': 2}","[1.0, 1.0, 0.58]",3.7399999999999998
99,"[1, 3]","[3, 3]","[0.54, 0.5]","[['A', 'B', 'C', 'D'], ['A', 'B', 'C', 'D']]","{'B': 5, 'C': 5, 'A': 3, 'D': 2}","[0.58, 0.54]",3.67
99,"[1, 3]","[3, 3]","[0.54, 0.5]","[['A', 'B', 'C', 'D'], ['A', 'B', 'D', 'C']]","{'B': 5, 'C': 4, 'A': 3, 'D': 3}","[0.58, 0.54]",3.67
99,"[1, 3]","[3, 3]","[0.54, 0.5]","[['A', 'B', 'C', 'D'], ['A', 'C', 'B', 'D']]","{'B': 5, 'C': 5, 'A': 3, 'D': 2}","[0.58, 0.54]",3.67
99,"[1, 3]","[3, 3]","[0.54, 0.5]","[['A', 'B', 'C', 'D'], ['A', 'D', 'B', 'C']]","{'B': 5, 'C': 4, 'A': 3, 'D': 3}","[0.58, 0.54]",3.67
99,"[1, 3]","[3, 3]","[0.54, 0.5]","[['A', 'B', 'C', 'D'], ['B', 'A', 'C', 'D']]","{'B': 5, 'C': 5, 'A': 3, 'D': 2}","[0.58, 0.54]",3.67
99,"[1, 3]","[3, 3]","[0.54, 0.5]","[['A', 'B', 'C', 'D'], ['B', 'A', 'D', 'C']]","{'B': 5, 'C': 4, 'A': 3, 'D': 3}","[0.58, 0.54]",3.67
99,"[1, 3]","[3, 3]","[0.54, 0.5]","[['A', 'B', 'C', 'D'], ['B', 'C', 'A', 'D']]","{'B': 5, 'C': 5, 'A': 3, 'D': 2}","[0.58, 0.54]",3.67
99,"[1, 3]","[3, 3]","[0.54, 0.5]","[['A', 'B', 'C', 'D'], ['B', 'D', 'A', 'C']]","{'B': 5, 'C': 4, 'A': 3, 'D': 3}","[0.58, 0.54]",3.67
99,"[1, 3]","[3, 3]","[0.54, 0.5]","[['A', 'B', 'C', 'D'], ['C', 'A', 'B', 'D']]","{'B': 5, 'C': 5, 'A': 3, 'D': 2}","[0.58, 0.54]",3.67
99,"[1, 3]","[3, 3]","[0.54, 0.5]","[['A', 'B', 'C', 'D'], ['C', 'B', 'A', 'D']]","{'B': 5, 'C': 5, 'A': 3, 'D': 2}","[0.58, 0.54]",3.67
99,"[1, 3]","[3, 3]","[0.54, 0.5]","[['A', 'B', 'C', 'D'], ['D', 'A', 'B', 'C']]","{'B': 5, 'C': 4, 'A': 3, 'D': 3}","[0.58, 0.54]",3.67
99,"[1, 3]","[3, 3]","[0.54, 0.5]","[['A', 'B', 'C', 'D'], ['D', 'B', 'A', 'C']]","{'B': 5, 'C': 4, 'A': 3, 'D': 3}","[0.58, 0.54]",3.67
99,"[1, 3]","[3, 3]","[0.54, 0.5]","[['A', 'B', 'D', 'C'], ['A', 'B', 'C', 'D']]","{'B': 5, 'C': 4, 'A': 3, 'D': 3}","[0.58, 0.54]",3.67
99,"[1, 3]","[3, 3]","[0.54, 0.5]","[['A', 'B', 'D', 'C'], ['A', 'C', 'B', 'D']]","{'B': 5, 'C': 4, 'A': 3, 'D': 3}","[0.58, 0.54]",3.67
99,"[1, 3]","[3, 3]","[0.54, 0.5]","[['A', 'B', 'D', 'C'], ['B', 'A', 'C', 'D']]","{'B': 5, 'C': 4, 'A': 3, 'D': 3}","[0.58, 0.54]",3.67
99,"[1, 3]","[3, 3]","[0.54, 0.5]","[['A', 'B', 'D', 'C'], ['B', 'C', 'A', 'D']]","{'B': 5, 'C': 4, 'A': 3, 'D': 3}","[0.58, 0.54]",3.67
99,"[1, 3]","[3, 3]","[0.54, 0.5]","[['A', 'B', 'D', 'C'], ['C', 'A', 'B', 'D']]","{'B': 5, 'C': 4, 'A': 3, 'D': 3}","[0.58, 0.54]",3.67
99,"[1, 3]","[3, 3]","[0.54, 0.5]","[['A', 'B', 'D', 'C'], ['C', 'B', 'A', 'D']]","{'B': 5, 'C': 4, 'A': 3, 'D': 3}","[0.58, 0.54]",3.67
99,"[1, 3]","[3, 3]","[0.54, 0.5]","[['A', 'C', 'B', 'D'], ['A', 'B', 'C', 'D']]","{'B': 5, 'C': 5, 'A': 3, 'D': 2}","[0.58, 0.54]",3.67
99,"[1, 3]","[3, 3]","[0.54, 0.5]","[['A', 'C', 'B', 'D'], ['A', 'B', 'D', 'C']]","{'B': 5, 'C': 4, 'A': 3, 'D': 3}","[0.58, 0.54]",3.67
99,"[1, 3]","[3, 3]","[0.54, 0.5]","[['A', 'C', 'B', 'D'], ['A', 'C', 'B', 'D']]","{'B': 5, 'C': 5, 'A': 3, 'D': 2}","[0.58, 0.54]",3.67
99,"[1, 3]","[3, 3]","[0.54, 0.5]","[['A', 'C', 'B', 'D'], ['A', 'D', 'B', 'C']]","{'B': 5, 'C': 4, 'A': 3, 'D': 3}","[0.58, 0.54]",3.67
99,"[1, 3]","[3, 3]","[0.54, 0.5]","[['A', 'C', 'B', 'D'], ['B', 'A', 'C', 'D']]","{'B': 5, 'C': 5, 'A': 3, 'D': 2}","[0.58, 0.54]",3.67
99,"[1, 3]","[3, 3]","[0.54, 0.5]","[['A', 'C', 'B', 'D'], ['B', 'A', 'D', 'C']]","{'B': 5, 'C': 4, 'A': 3, 'D': 3}","[0.58, 0.54]",3.67
99,"[1, 3]","[3, 3]","[0.54, 0.5]","[['A', 'C', 'B', 'D'], ['B', 'C', 'A', 'D']]","{'B': 5, 'C': 5, 'A': 3, 'D': 2}","[0.58, 0.54]",3.67
99,"[1, 3]","[3, 3]","[0.54, 0.5]","[['A', 'C', 'B', 'D'], ['B', 'D', 'A', 'C']]","{'B': 5, 'C': 4, 'A': 3, 'D': 3}","[0.58, 0.54]",3.67
99,"[1, 3]","[3, 3]","[0.54, 0.5]","[['A', 'C', 'B', 'D'], ['C', 'A', 'B', 'D']]","{'B': 5, 'C': 5, 'A': 3, 'D': 2}","[0.58, 0.54]",3.67
99,"[1, 3]","[3, 3]","[0.54, 0.5]","[['A', 'C', 'B', 'D'], ['C', 'B', 'A', 'D']]","{'B': 5, 'C': 5, 'A': 3, 'D': 2}","[0.58, 0.54]",3.67
99,"[1, 3]","[3, 3]","[0.54, 0.5]","[['A', 'C', 'B', 'D'], ['D', 'A', 'B', 'C']]","{'B': 5, 'C': 4, 'A': 3, 'D': 3}","[0.58, 0.54]",3.67
99,"[1, 3]","[3, 3]","[0.54, 0.5]","[['A', 'C', 'B', 'D'], ['D', 'B', 'A', 'C']]","{'B': 5, 'C': 4, 'A': 3, 'D': 3}","[0.58, 0.54]",3.67
99,"[1, 3]","[3, 3]","[0.54, 0.5]","[['A', 'D', 'B', 'C'], ['A', 'B', 'C', 'D']]","{'B': 5, 'C': 4, 'A': 3, 'D': 3}","[0.58, 0.54]",3.67
99,"[1, 3]","[3, 3]","[0.54, 0.5]","[['A', 'D', 'B', 'C'], ['A', 'C', 'B', 'D']]","{'B': 5, 'C': 4, 'A': 3, 'D': 3}","[0.58, 0.54]",3.67
99,"[1, 3]","[3, 3]","[0.54, 0.5]","[['A', 'D', 'B', 'C'], ['B', 'A', 'C', 'D']]","{'B': 5, 'C': 4, 'A': 3, 'D': 3}","[0.58, 0.54]",3.67
99,"[1, 3]","[3, 3]","[0.54, 0.5]","[['A', 'D', 'B', 'C'], ['B', 'C', 'A', 'D']]","{'B': 5, 'C': 4, 'A': 3, 'D': 3}","[0.58, 0.54]",3.67
99,"[1, 3]","[3, 3]","[0.54, 0.5]","[['A', 'D', 'B', 'C'], ['C', 'A', 'B', 'D']]","{'B': 5, 'C': 4, 'A': 3, 'D': 3}","[0.58, 0.54]",3.67
99,"[1, 3]","[3, 3]","[0.54, 0.5]","[['A', 'D', 'B', 'C'], ['C', 'B', 'A', 'D']]","{'B': 5, 'C': 4, 'A': 3, 'D': 3}","[0.58, 0.54]",3.67
99,"[1, 3]","[3, 3]","[0.54, 0.5]","[['B', 'A', 'C', 'D'], ['A', 'B', 'C', 'D']]","{'B': 5, 'C': 5, 'A': 3, 'D': 2}","[0.58, 0.54]",3.67
99,"[1, 3]","[3, 3]","[0.54, 0.5]","[['B', 'A', 'C', 'D'], ['A', 'B', 'D', 'C']]","{'B': 5, 'C': 4, 'A': 3, 'D': 3}","[0.58, 0.54]",3.67
99,"[1, 3]","[3, 3]","[0.54, 0.5]","[['B', 'A', 'C', 'D'], ['A', 'C', 'B', 'D']]","{'B': 5, 'C': 5, 'A': 3, 'D': 2}","[0.58, 0.54]",3.67
99,"[1, 3]","[3, 3]","[0.54, 0.5]","[['B', 'A', 'C', 'D'], ['A', 'D', 'B', 'C']]","{'B': 5, 'C': 4, 'A': 3, 'D': 3}","[0.58, 0.54]",3.67
99,"[1, 3]","[3, 3]","[0.54, 0.5]","[['B', 'A', 'C', 'D'], ['B', 'A', 'C', 'D']]","{'B': 5, 'C': 5, 'A': 3, 'D': 2}","[0.58, 0.54]",3.67
99,"[1, 3]","[3, 3]","[0.54, 0.5]","[['B', 'A', 'C', 'D'], ['B', 'A', 'D', 'C']]","{'B': 5, 'C': 4, 'A': 3, 'D': 3}","[0.58, 0.54]",3.67
99,"[1, 3]","[3, 3]","[0.54, 0.5]","[['B', 'A', 'C', 'D'], ['B', 'C', 'A', 'D']]","{'B': 5, 'C': 5, 'A': 3, 'D': 2}","[0.58, 0.54]",3.67
99,"[1, 3]","[3, 3]","[0.54, 0.5]","[['B', 'A', 'C', 'D'], ['B', 'D', 'A', 'C']]","{'B': 5, 'C': 4, 'A': 3, 'D': 3}","[0.58, 0.54]",3.67
99,"[1, 3]","[3, 3]","[0.54, 0.5]","[['B', 'A', 'C', 'D'], ['C', 'A', 'B', 'D']]","{'B': 5, 'C': 5, 'A': 3, 'D': 2}","[0.58, 0.54]",3.67
99,"[1, 3]","[3, 3]","[0.54, 0.5]","[['B', 'A', 'C', 'D'], ['C', 'B', 'A', 'D']]","{'B': 5, 'C': 5, 'A': 3, 'D': 2}","[0.58, 0.54]",3.67
99,"[1, 3]","[3, 3]","[0.54, 0.5]","[['B', 'A', 'C', 'D'], ['D', 'A', 'B', 'C']]","{'B': 5, 'C': 4, 'A': 3, 'D': 3}","[0.58, 0.54]",3.67
99,"[1, 3]","[3, 3]","[0.54, 0.5]","[['B', 'A', 'C', 'D'], ['D', 'B', 'A', 'C']]","{'B': 5, 'C': 4, 'A': 3, 'D': 3}","[0.58, 0.54]",3.67
99,"[1, 3]","[3, 3]","[0.54, 0.5]","[['B', 'A', 'D', 'C'], ['A', 'B', 'C', 'D']]","{'B': 5, 'C': 4, 'A': 3, 'D': 3}","[0.58, 0.54]",3.67
99,"[1, 3]","[3, 3]","[0.54, 0.5]","[['B', 'A', 'D', 'C'], ['A', 'C', 'B', 'D']]","{'B': 5, 'C': 4, 'A': 3, 'D': 3}","[0.58, 0.54]",3.67
99,"[1, 3]","[3, 3]","[0.54, 0.5]","[['B', 'A', 'D', 'C'], ['B', 'A', 'C', 'D']]","{'B': 5, 'C': 4, 'A': 3, 'D': 3}","[0.58, 0.54]",3.67
99,"[1, 3]","[3, 3]","[0.54, 0.5]","[['B', 'A', 'D', 'C'], ['B', 'C', 'A', 'D']]","{'B': 5, 'C': 4, 'A': 3, 'D': 3}","[0.58, 0.54]",3.67
99,"[1, 3]","[3, 3]","[0.54, 0.5]","[['B', 'A', 'D', 'C'], ['C', 'A', 'B', 'D']]","{'B': 5, 'C': 4, 'A': 3, 'D': 3}","[0.58, 0.54]",3.67
99,"[1, 3]","[3, 3]","[0.54, 0.5]","[['B', 'A', 'D', 'C'], ['C', 'B', 'A', 'D']]","{'B': 5, 'C': 4, 'A': 3, 'D': 3}","[0.58, 0.54]",3.67
99,"[1, 3]","[3, 3]","[0.54, 0.5]","[['B', 'C', 'A', 'D'], ['A', 'B', 'C', 'D']]","{'B': 5, 'C': 5, 'A': 3, 'D': 2}","[0.58, 0.54]",3.67
99,"[1, 3]","[3, 3]","[0.54, 0.5]","[['B', 'C', 'A', 'D'], ['A', 'B', 'D', 'C']]","{'B': 5, 'C': 4, 'A': 3, 'D': 3}","[0.58, 0.54]",3.67
99,"[1, 3]","[3, 3]","[0.54, 0.5]","[['B', 'C', 'A', 'D'], ['A', 'C', 'B', 'D']]","{'B': 5, 'C': 5, 'A': 3, 'D': 2}","[0.58, 0.54]",3.67
99,"[1, 3]","[3, 3]","[0.54, 0.5]","[['B', 'C', 'A', 'D'], ['A', 'D', 'B', 'C']]","{'B': 5, 'C': 4, 'A': 3, 'D': 3}","[0.58, 0.54]",3.67
99,"[1, 3]","[3, 3]","[0.54, 0.5]","[['B', 'C', 'A', 'D'], ['B', 'A', 'C', 'D']]","{'B': 5, 'C': 5, 'A': 3, 'D': 2}","[0.58, 0.54]",3.67
99,"[1, 3]","[3, 3]","[0.54, 0.5]","[['B', 'C', 'A', 'D'], ['B', 'A', 'D', 'C']]","{'B': 5, 'C': 4, 'A': 3, 'D': 3}","[0.58, 0.54]",3.67
99,"[1, 3]","[3, 3]","[0.54, 0.5]","[['B', 'C', 'A', 'D'], ['B', 'C', 'A', 'D']]","{'B': 5, 'C': 5, 'A': 3, 'D': 2}","[0.58, 0.54]",3.67
99,"[1, 3]","[3, 3]","[0.54, 0.5]","[['B', 'C', 'A', 'D'], ['B', 'D', 'A', 'C']]","{'B': 5, 'C': 4, 'A': 3, 'D': 3}","[0.58, 0.54]",3.67
99,"[1, 3]","[3, 3]","[0.54, 0.5]","[['B', 'C', 'A', 'D'], ['C', 'A', 'B', 'D']]","{'B': 5, 'C': 5, 'A': 3, 'D': 2}","[0.58, 0.54]",3.67
99,"[1, 3]","[3, 3]","[0.54, 0.5]","[['B', 'C', 'A', 'D'], ['C', 'B', 'A', 'D']]","{'B': 5, 'C': 5, 'A': 3, 'D': 2}","[0.58, 0.54]",3.67
99,"[1, 3]","[3, 3]","[0.54, 0.5]","[['B', 'C', 'A', 'D'], ['D', 'A', 'B', 'C']]","{'B': 5, 'C': 4, 'A': 3, 'D': 3}","[0.58, 0.54]",3.67
99,"[1, 3]","[3, 3]","[0.54, 0.5]","[['B', 'C', 'A', 'D'], ['D', 'B', 'A', 'C']]","{'B': 5, 'C': 4, 'A': 3, 'D': 3}","[0.58, 0.54]",3.67
99,"[1, 3]","[3, 3]","[0.54, 0.5]","[['B', 'D', 'A', 'C'], ['A', 'B', 'C', 'D']]","{'B': 5, 'C': 4, 'A': 3, 'D': 3}","[0.58, 0.54]",3.67
99,"[1, 3]","[3, 3]","[0.54, 0.5]","[['B', 'D', 'A', 'C'], ['A', 'C', 'B', 'D']]","{'B': 5, 'C': 4, 'A': 3, 'D': 3}","[0.58, 0.54]",3.67
99,"[1, 3]","[3, 3]","[0.54, 0.5]","[['B', 'D', 'A', 'C'], ['B', 'A', 'C', 'D']]","{'B': 5, 'C': 4, 'A': 3, 'D': 3}","[0.58, 0.54]",3.67
99,"[1, 3]","[3, 3]","[0.54, 0.5]","[['B', 'D', 'A', 'C'], ['B', 'C', 'A', 'D']]","{'B': 5, 'C': 4, 'A': 3, 'D': 3}","[0.58, 0.54]",3.67
99,"[1, 3]","[3, 3]","[0.54, 0.5]","[['B', 'D', 'A', 'C'], ['C', 'A', 'B', 'D']]","{'B': 5, 'C': 4, 'A': 3, 'D': 3}","[0.58, 0.54]",3.67
99,"[1, 3]","[3, 3]","[0.54, 0.5]","[['B', 'D', 'A', 'C'], ['C', 'B', 'A', 'D']]","{'B': 5, 'C': 4, 'A': 3, 'D': 3}","[0.58, 0.54]",3.67
99,"[1, 3]","[3, 3]","[0.54, 0.5]","[['C', 'A', 'B', 'D'], ['A', 'B', 'C', 'D']]","{'B': 5, 'C': 5, 'A': 3, 'D': 2}","[0.58, 0.54]",3.67
99,"[1, 3]","[3, 3]","[0.54, 0.5]","[['C', 'A', 'B', 'D'], ['A', 'B', 'D', 'C']]","{'B': 5, 'C': 4, 'A': 3, 'D': 3}","[0.58, 0.54]",3.67
99,"[1, 3]","[3, 3]","[0.54, 0.5]","[['C', 'A', 'B', 'D'], ['A', 'C', 'B', 'D']]","{'B': 5, 'C': 5, 'A': 3, 'D': 2}","[0.58, 0.54]",3.67
99,"[1, 3]","[3, 3]","[0.54, 0.5]","[['C', 'A', 'B', 'D'], ['A', 'D', 'B', 'C']]","{'B': 5, 'C': 4, 'A': 3, 'D': 3}","[0.58, 0.54]",3.67
99,"[1, 3]","[3, 3]","[0.54, 0.5]","[['C', 'A', 'B', 'D'], ['B', 'A', 'C', 'D']]","{'B': 5, 'C': 5, 'A': 3, 'D': 2}","[0.58, 0.54]",3.67
99,"[1, 3]","[3, 3]","[0.54, 0.5]","[['C', 'A', 'B', 'D'], ['B', 'A', 'D', 'C']]","{'B': 5, 'C': 4, 'A': 3, 'D': 3}","[0.58, 0.54]",3.67
99,"[1, 3]","[3, 3]","[0.54, 0.5]","[['C', 'A', 'B', 'D'], ['B', 'C', 'A', 'D']]","{'B': 5, 'C': 5, 'A': 3, 'D': 2}","[0.58, 0.54]",3.67
99,"[1, 3]","[3, 3]","[0.54, 0.5]","[['C', 'A', 'B', 'D'], ['B', 'D', 'A', 'C']]","{'B': 5, 'C': 4, 'A': 3, 'D': 3}","[0.58, 0.54]",3.67
99,"[1, 3]","[3, 3]","[0.54, 0.5]","[['C', 'A', 'B', 'D'], ['C', 'A', 'B', 'D']]","{'B': 5, 'C': 5, 'A': 3, 'D': 2}","[0.58, 0.54]",3.67
99,"[1, 3]","[3, 3]","[0.54, 0.5]","[['C', 'A', 'B', 'D'], ['C', 'B', 'A', 'D']]","{'B': 5, 'C': 5, 'A': 3, 'D': 2}","[0.58, 0.54]",3.67
99,"[1, 3]","[3, 3]","[0.54, 0.5]","[['C', 'A', 'B', 'D'], ['D', 'A', 'B', 'C']]","{'B': 5, 'C': 4, 'A': 3, 'D': 3}","[0.58, 0.54]",3.67
99,"[1, 3]","[3, 3]","[0.54, 0.5]","[['C', 'A', 'B', 'D'], ['D', 'B', 'A', 'C']]","{'B': 5, 'C': 4, 'A': 3, 'D': 3}","[0.58, 0.54]",3.67
99,"[1, 3]","[3, 3]","[0.54, 0.5]","[['C', 'B', 'A', 'D'], ['A', 'B', 'C', 'D']]","{'B': 5, 'C': 5, 'A': 3, 'D': 2}","[0.58, 0.54]",3.67
99,"[1, 3]","[3, 3]","[0.54, 0.5]","[['C', 'B', 'A', 'D'], ['A', 'B', 'D', 'C']]","{'B': 5, 'C': 4, 'A': 3, 'D': 3}","[0.58, 0.54]",3.67
99,"[1, 3]","[3, 3]","[0.54, 0.5]","[['C', 'B', 'A', 'D'], ['A', 'C', 'B', 'D']]","{'B': 5, 'C': 5, 'A': 3, 'D': 2}","[0.58, 0.54]",3.67
99,"[1, 3]","[3, 3]","[0.54, 0.5]","[['C', 'B', 'A', 'D'], ['A', 'D', 'B', 'C']]","{'B': 5, 'C': 4, 'A': 3, 'D': 3}","[0.58, 0.54]",3.67
99,"[1, 3]","[3, 3]","[0.54, 0.5]","[['C', 'B', 'A', 'D'], ['B', 'A', 'C', 'D']]","{'B': 5, 'C': 5, 'A': 3, 'D': 2}","[0.58, 0.54]",3.67
99,"[1, 3]","[3, 3]","[0.54, 0.5]","[['C', 'B', 'A', 'D'], ['B', 'A', 'D', 'C']]","{'B': 5, 'C': 4, 'A': 3, 'D': 3}","[0.58, 0.54]",3.67
99,"[1, 3]","[3, 3]","[0.54, 0.5]","[['C', 'B', 'A', 'D'], ['B', 'C', 'A', 'D']]","{'B': 5, 'C': 5, 'A': 3, 'D': 2}","[0.58, 0.54]",3.67
99,"[1, 3]","[3, 3]","[0.54, 0.5]","[['C', 'B', 'A', 'D'], ['B', 'D', 'A', 'C']]","{'B': 5, 'C': 4, 'A': 3, 'D': 3}","[0.58, 0.54]",3.67
99,"[1, 3]","[3, 3]","[0.54, 0.5]","[['C', 'B', 'A', 'D'], ['C', 'A', 'B', 'D']]","{'B': 5, 'C': 5, 'A': 3, 'D': 2}","[0.58, 0.54]",3.67
99,"[1, 3]","[3, 3]","[0.54, 0.5]","[['C', 'B', 'A', 'D'], ['C', 'B', 'A', 'D']]","{'B': 5, 'C': 5, 'A': 3, 'D': 2}","[0.58, 0.54]",3.67
99,"[1, 3]","[3, 3]","[0.54, 0.5]","[['C', 'B', 'A', 'D'], ['D', 'A', 'B', 'C']]","{'B': 5, 'C': 4, 'A': 3, 'D': 3}","[0.58, 0.54]",3.67
99,"[1, 3]","[3, 3]","[0.54, 0.5]","[['C', 'B', 'A', 'D'], ['D', 'B', 'A', 'C']]","{'B': 5, 'C': 4, 'A': 3, 'D': 3}","[0.58, 0.54]",3.67
99,"[1, 3]","[3, 3]","[0.54, 0.5]","[['D', 'A', 'B', 'C'], ['A', 'B', 'C', 'D']]","{'B': 5, 'C': 4, 'A': 3, 'D': 3}","[0.58, 0.54]",3.67
99,"[1, 3]","[3, 3]","[0.54, 0.5]","[['D', 'A', 'B', 'C'], ['A', 'C', 'B', 'D']]","{'B': 5, 'C': 4, 'A': 3, 'D': 3}","[0.58, 0.54]",3.67
99,"[1, 3]","[3, 3]","[0.54, 0.5]","[['D', 'A', 'B', 'C'], ['B', 'A', 'C', 'D']]","{'B': 5, 'C': 4, 'A': 3, 'D': 3}","[0.58, 0.54]",3.67
99,"[1, 3]","[3, 3]","[0.54, 0.5]","[['D', 'A', 'B', 'C'], ['B', 'C', 'A', 'D']]","{'B': 5, 'C': 4, 'A': 3, 'D': 3}","[0.58, 0.54]",3.67
99,"[1, 3]","[3, 3]","[0.54, 0.5]","[['D', 'A', 'B', 'C'], ['C', 'A', 'B', 'D']]","{'B': 5, 'C': 4, 'A': 3, 'D': 3}","[0.58, 0.54]",3.67
99,"[1, 3]","[3, 3]","[0.54, 0.5]","[['D', 'A', 'B', 'C'], ['C', 'B', 'A', 'D']]","{'B': 5, 'C': 4, 'A': 3, 'D': 3}","[0.58, 0.54]",3.67
99,"[1, 3]","[3, 3]","[0.54, 0.5]","[['D', 'B', 'A', 'C'], ['A', 'B', 'C', 'D']]","{'B': 5, 'C': 4, 'A': 3, 'D': 3}","[0.58, 0.54]",3.67
99,"[1, 3]","[3, 3]","[0.54, 0.5]","[['D', 'B', 'A', 'C'], ['A', 'C', 'B', 'D']]","{'B': 5, 'C': 4, 'A': 3, 'D': 3}","[0.58, 0.54]",3.67
99,"[1, 3]","[3, 3]","[0.54, 0.5]","[['D', 'B', 'A', 'C'], ['B', 'A', 'C', 'D']]","{'B': 5, 'C': 4, 'A': 3, 'D': 3}","[0.58, 0.54]",3.67
99,"[1, 3]","[3, 3]","[0.54, 0.5]","[['D', 'B', 'A', 'C'], ['B', 'C', 'A', 'D']]","{'B': 5, 'C': 4, 'A': 3, 'D': 3}","[0.58, 0.54]",3.67
99,"[1, 3]","[3, 3]","[0.54, 0.5]","[['D', 'B', 'A', 'C'], ['C', 'A', 'B', 'D']]","{'B': 5, 'C': 4, 'A': 3, 'D': 3}","[0.58, 0.54]",3.67
99,"[1, 3]","[3, 3]","[0.54, 0.5]","[['D', 'B', 'A', 'C'], ['C', 'B', 'A', 'D']]","{'B': 5, 'C': 4, 'A': 3, 'D': 3}","[0.58, 0.54]",3.67
99,"[1, 4]","[3, 4]","[0.54, 0.79]","[['A', 'B', 'C', 'D'], ['A', 'B', 'C', 'D']]","{'C': 5, 'A': 4, 'B': 4, 'D': 2}","[0.58, 1.0]",3.91
99,"[1, 4]","[3, 4]","[0.54, 0.79]","[['A', 'B', 'C', 'D'], ['A', 'C', 'B', 'D']]","{'C': 5, 'A': 4, 'B': 4, 'D': 2}","[0.58, 1.0]",3.91
99,"[1, 4]","[3, 4]","[0.54, 0.79]","[['A', 'B', 'C', 'D'], ['A', 'C', 'D', 'B']]","{'C': 5, 'A': 4, 'B': 3, 'D': 3}","[0.58, 1.0]",3.91
99,"[1, 4]","[3, 4]","[0.54, 0.79]","[['A', 'B', 'C', 'D'], ['A', 'D', 'C', 'B']]","{'C': 5, 'A': 4, 'B': 3, 'D': 3}","[0.58, 1.0]",3.91
99,"[1, 4]","[3, 4]","[0.54, 0.79]","[['A', 'B', 'C', 'D'], ['B', 'A', 'C', 'D']]","{'C': 5, 'A': 4, 'B': 4, 'D': 2}","[0.58, 1.0]",3.91
99,"[1, 4]","[3, 4]","[0.54, 0.79]","[['A', 'B', 'C', 'D'], ['B', 'C', 'A', 'D']]","{'C': 5, 'A': 4, 'B': 4, 'D': 2}","[0.58, 1.0]",3.91
99,"[1, 4]","[3, 4]","[0.54, 0.79]","[['A', 'B', 'C', 'D'], ['C', 'A', 'B', 'D']]","{'C': 5, 'A': 4, 'B': 4, 'D': 2}","[0.58, 1.0]",3.91
99,"[1, 4]","[3, 4]","[0.54, 0.79]","[['A', 'B', 'C', 'D'], ['C', 'A', 'D', 'B']]","{'C': 5, 'A': 4, 'B': 3, 'D': 3}","[0.58, 1.0]",3.91
99,"[1, 4]","[3, 4]","[0.54, 0.79]","[['A', 'B', 'C', 'D'], ['C', 'B', 'A', 'D']]","{'C': 5, 'A': 4, 'B': 4, 'D': 2}","[0.58, 1.0]",3.91
99,"[1, 4]","[3, 4]","[0.54, 0.79]","[['A', 'B', 'C', 'D'], ['C', 'D', 'A', 'B']]","{'C': 5, 'A': 4, 'B': 3, 'D': 3}","[0.58, 1.0]",3.91
99,"[1, 4]","[3, 4]","[0.54, 0.79]","[['A', 'B', 'C', 'D'], ['D', 'A', 'C', 'B']]","{'C': 5, 'A': 4, 'B': 3, 'D': 3}","[0.58, 1.0]",3.91
99,"[1, 4]","[3, 4]","[0.54, 0.79]","[['A', 'B', 'C', 'D'], ['D', 'C', 'A', 'B']]","{'C': 5, 'A': 4, 'B': 3, 'D': 3}","[0.58, 1.0]",3.91
99,"[1, 4]","[3, 4]","[0.54, 0.79]","[['A', 'C', 'B', 'D'], ['A', 'B', 'C', 'D']]","{'C': 5, 'A': 4, 'B': 4, 'D': 2}","[0.58, 1.0]",3.91
99,"[1, 4]","[3, 4]","[0.54, 0.79]","[['A', 'C', 'B', 'D'], ['A', 'C', 'B', 'D']]","{'C': 5, 'A': 4, 'B': 4, 'D': 2}","[0.58, 1.0]",3.91
99,"[1, 4]","[3, 4]","[0.54, 0.79]","[['A', 'C', 'B', 'D'], ['A', 'C', 'D', 'B']]","{'C': 5, 'A': 4, 'B': 3, 'D': 3}","[0.58, 1.0]",3.91
99,"[1, 4]","[3, 4]","[0.54, 0.79]","[['A', 'C', 'B', 'D'], ['A', 'D', 'C', 'B']]","{'C': 5, 'A': 4, 'B': 3, 'D': 3}","[0.58, 1.0]",3.91
99,"[1, 4]","[3, 4]","[0.54, 0.79]","[['A', 'C', 'B', 'D'], ['B', 'A', 'C', 'D']]","{'C': 5, 'A': 4, 'B': 4, 'D': 2}","[0.58, 1.0]",3.91
99,"[1, 4]","[3, 4]","[0.54, 0.79]","[['A', 'C', 'B', 'D'], ['B', 'C', 'A', 'D']]","{'C': 5, 'A': 4, 'B': 4, 'D': 2}","[0.58, 1.0]",3.91
99,"[1, 4]","[3, 4]","[0.54, 0.79]","[['A', 'C', 'B', 'D'], ['C', 'A', 'B', 'D']]","{'C': 5, 'A': 4, 'B': 4, 'D': 2}","[0.58, 1.0]",3.91
99,"[1, 4]","[3, 4]","[0.54, 0.79]","[['A', 'C', 'B', 'D'], ['C', 'A', 'D', 'B']]","{'C': 5, 'A': 4, 'B': 3, 'D': 3}","[0.58, 1.0]",3.91
99,"[1, 4]","[3, 4]","[0.54, 0.79]","[['A', 'C', 'B', 'D'], ['C', 'B', 'A', 'D']]","{'C': 5, 'A': 4, 'B': 4, 'D': 2}","[0.58, 1.0]",3.91
99,"[1, 4]","[3, 4]","[0.54, 0.79]","[['A', 'C', 'B', 'D'], ['C', 'D', 'A', 'B']]","{'C': 5, 'A': 4, 'B': 3, 'D': 3}","[0.58, 1.0]",3.91
99,"[1, 4]","[3, 4]","[0.54, 0.79]","[['A', 'C', 'B', 'D'], ['D', 'A', 'C', 'B']]","{'C': 5, 'A': 4, 'B': 3, 'D': 3}","[0.58, 1.0]",3.91
99,"[1, 4]","[3, 4]","[0.54, 0.79]","[['A', 'C', 'B', 'D'], ['D', 'C', 'A', 'B']]","{'C': 5, 'A': 4, 'B': 3, 'D': 3}","[0.58, 1.0]",3.91
99,"[1, 4]","[3, 4]","[0.54, 0.79]","[['A', 'C', 'D', 'B'], ['A', 'B', 'C', 'D']]","{'C': 5, 'A': 4, 'B': 3, 'D': 3}","[0.58, 1.0]",3.91
99,"[1, 4]","[3, 4]","[0.54, 0.79]","[['A', 'C', 'D', 'B'], ['A', 'C', 'B', 'D']]","{'C': 5, 'A': 4, 'B': 3, 'D': 3}","[0.58, 1.0]",3.91
99,"[1, 4]","[3, 4]","[0.54, 0.79]","[['A', 'C', 'D', 'B'], ['A', 'C', 'D', 'B']]","{'C': 5, 'A': 4, 'D': 4, 'B': 2}","[0.58, 1.0]",4.0
99,"[1, 4]","[3, 4]","[0.54, 0.79]","[['A', 'C', 'D', 'B'], ['A', 'D', 'C', 'B']]","{'C': 5, 'A': 4, 'D': 4, 'B': 2}","[0.58, 1.0]",4.0
99,"[1, 4]","[3, 4]","[0.54, 0.79]","[['A', 'C', 'D', 'B'], ['B', 'A', 'C', 'D']]","{'C': 5, 'A': 4, 'B': 3, 'D': 3}","[0.58, 1.0]",3.91
99,"[1, 4]","[3, 4]","[0.54, 0.79]","[['A', 'C', 'D', 'B'], ['B', 'C', 'A', 'D']]","{'C': 5, 'A': 4, 'B': 3, 'D': 3}","[0.58, 1.0]",3.91
99,"[1, 4]","[3, 4]","[0.54, 0.79]","[['A', 'C', 'D', 'B'], ['C', 'A', 'B', 'D']]","{'C': 5, 'A': 4, 'B': 3, 'D': 3}","[0.58, 1.0]",3.91
99,"[1, 4]","[3, 4]","[0.54, 0.79]","[['A', 'C', 'D', 'B'], ['C', 'A', 'D', 'B']]","{'C': 5, 'A': 4, 'D': 4, 'B': 2}","[0.58, 1.0]",4.0
99,"[1, 4]","[3, 4]","[0.54, 0.79]","[['A', 'C', 'D', 'B'], ['C', 'B', 'A', 'D']]","{'C': 5, 'A': 4, 'B': 3, 'D': 3}","[0.58, 1.0]",3.91
99,"[1, 4]","[3, 4]","[0.54, 0.79]","[['A', 'C', 'D', 'B'], ['C', 'D', 'A', 'B']]","{'C': 5, 'A': 4, 'D': 4, 'B': 2}","[0.58, 1.0]",4.0
99,"[1, 4]","[3, 4]","[0.54, 0.79]","[['A', 'C', 'D', 'B'], ['D', 'A', 'C', 'B']]","{'C': 5, 'A': 4, 'D': 4, 'B': 2}","[0.58, 1.0]",4.0
99,"[1, 4]","[3, 4]","[0.54, 0.79]","[['A', 'C', 'D', 'B'], ['D', 'C', 'A', 'B']]","{'C': 5, 'A': 4, 'D': 4, 'B': 2}","[0.58, 1.0]",4.0
99,"[1, 4]","[3, 4]","[0.54, 0.79]","[['A', 'D', 'C', 'B'], ['A', 'B', 'C', 'D']]","{'C': 5, 'A': 4, 'B': 3, 'D': 3}","[0.58, 1.0]",3.91
99,"[1, 4]","[3, 4]","[0.54, 0.79]","[['A', 'D', 'C', 'B'], ['A', 'C', 'B', 'D']]","{'C': 5, 'A': 4, 'B': 3, 'D': 3}","[0.58, 1.0]",3.91
99,"[1, 4]","[3, 4]","[0.54, 0.79]","[['A', 'D', 'C', 'B'], ['A', 'C', 'D', 'B']]","{'C': 5, 'A': 4, 'D': 4, 'B': 2}","[0.58, 1.0]",4.0
99,"[1, 4]","[3, 4]","[0.54, 0.79]","[['A', 'D', 'C', 'B'], ['A', 'D', 'C', 'B']]","{'C': 5, 'A': 4, 'D': 4, 'B': 2}","[0.58, 1.0]",4.0
99,"[1, 4]","[3, 4]","[0.54, 0.79]","[['A', 'D', 'C', 'B'], ['B', 'A', 'C', 'D']]","{'C': 5, 'A': 4, 'B': 3, 'D': 3}","[0.58, 1.0]",3.91
99,"[1, 4]","[3, 4]","[0.54, 0.79]","[['A', 'D', 'C', 'B'], ['B', 'C', 'A', 'D']]","{'C': 5, 'A': 4, 'B': 3, 'D': 3}","[0.58, 1.0]",3.91
99,"[1, 4]","[3, 4]","[0.54, 0.79]","[['A', 'D', 'C', 'B'], ['C', 'A', 'B', 'D']]","{'C': 5, 'A': 4, 'B': 3, 'D': 3}","[0.58, 1.0]",3.91
99,"[1, 4]","[3, 4]","[0.54, 0.79]","[['A', 'D', 'C', 'B'], ['C', 'A', 'D', 'B']]","{'C': 5, 'A': 4, 'D': 4, 'B': 2}","[0.58, 1.0]",4.0
99,"[1, 4]","[3, 4]","[0.54, 0.79]","[['A', 'D', 'C', 'B'], ['C', 'B', 'A', 'D']]","{'C': 5, 'A': 4, 'B': 3, 'D': 3}","[0.58, 1.0]",3.91
99,"[1, 4]","[3, 4]","[0.54, 0.79]","[['A', 'D', 'C', 'B'], ['C', 'D', 'A', 'B']]","{'C': 5, 'A': 4, 'D': 4, 'B': 2}","[0.58, 1.0]",4.0
99,"[1, 4]","[3, 4]","[0.54, 0.79]","[['A', 'D', 'C', 'B'], ['D', 'A', 'C', 'B']]","{'C': 5, 'A': 4, 'D': 4, 'B': 2}","[0.58, 1.0]",4.0
99,"[1, 4]","[3, 4]","[0.54, 0.79]","[['A', 'D', 'C', 'B'], ['D', 'C', 'A', 'B']]","{'C': 5, 'A': 4, 'D': 4, 'B': 2}","[0.58, 1.0]",4.0
99,"[1, 4]","[3, 4]","[0.54, 0.79]","[['B', 'A', 'C', 'D'], ['A', 'B', 'C', 'D']]","{'C': 5, 'A': 4, 'B': 4, 'D': 2}","[0.58, 1.0]",3.91
99,"[1, 4]","[3, 4]","[0.54, 0.79]","[['B', 'A', 'C', 'D'], ['A', 'C', 'B', 'D']]","{'C': 5, 'A': 4, 'B': 4, 'D': 2}","[0.58, 1.0]",3.91
99,"[1, 4]","[3, 4]","[0.54, 0.79]","[['B', 'A', 'C', 'D'], ['A', 'C', 'D', 'B']]","{'C': 5, 'A': 4, 'B': 3, 'D': 3}","[0.58, 1.0]",3.91
99,"[1, 4]","[3, 4]","[0.54, 0.79]","[['B', 'A', 'C', 'D'], ['A', 'D', 'C', 'B']]","{'C': 5, 'A': 4, 'B': 3, 'D': 3}","[0.58, 1.0]",3.91
99,"[1, 4]","[3, 4]","[0.54, 0.79]","[['B', 'A', 'C', 'D'], ['B', 'A', 'C', 'D']]","{'C': 5, 'A': 4, 'B': 4, 'D': 2}","[0.58, 1.0]",3.91
99,"[1, 4]","[3, 4]","[0.54, 0.79]","[['B', 'A', 'C', 'D'], ['B', 'C', 'A', 'D']]","{'C': 5, 'A': 4, 'B': 4, 'D': 2}","[0.58, 1.0]",3.91
99,"[1, 4]","[3, 4]","[0.54, 0.79]","[['B', 'A', 'C', 'D'], ['C', 'A', 'B', 'D']]","{'C': 5, 'A': 4, 'B': 4, 'D': 2}","[0.58, 1.0]",3.91
99,"[1, 4]","[3, 4]","[0.54, 0.79]","[['B', 'A', 'C', 'D'], ['C', 'A', 'D', 'B']]","{'C': 5, 'A': 4, 'B': 3, 'D': 3}","[0.58, 1.0]",3.91
99,"[1, 4]","[3, 4]","[0.54, 0.79]","[['B', 'A', 'C', 'D'], ['C', 'B', 'A', 'D']]","{'C': 5, 'A': 4, 'B': 4, 'D': 2}","[0.58, 1.0]",3.91
99,"[1, 4]","[3, 4]","[0.54, 0.79]","[['B', 'A', 'C', 'D'], ['C', 'D', 'A', 'B']]","{'C': 5, 'A': 4, 'B': 3, 'D': 3}","[0.58, 1.0]",3.91
99,"[1, 4]","[3, 4]","[0.54, 0.79]","[['B', 'A', 'C', 'D'], ['D', 'A', 'C', 'B']]","{'C': 5, 'A': 4, 'B': 3, 'D': 3}","[0.58, 1.0]",3.91
99,"[1, 4]","[3, 4]","[0.54, 0.79]","[['B', 'A', 'C', 'D'], ['D', 'C', 'A', 'B']]","{'C': 5, 'A': 4, 'B': 3, 'D': 3}","[0.58, 1.0]",3.91
99,"[1, 4]","[3, 4]","[0.54, 0.79]","[['B', 'C', 'A', 'D'], ['A', 'B', 'C', 'D']]","{'C': 5, 'A': 4, 'B': 4, 'D': 2}","[0.58, 1.0]",3.91
99,"[1, 4]","[3, 4]","[0.54, 0.79]","[['B', 'C', 'A', 'D'], ['A', 'C', 'B', 'D']]","{'C': 5, 'A': 4, 'B': 4, 'D': 2}","[0.58, 1.0]",3.91
99,"[1, 4]","[3, 4]","[0.54, 0.79]","[['B', 'C', 'A', 'D'], ['A', 'C', 'D', 'B']]","{'C': 5, 'A': 4, 'B': 3, 'D': 3}","[0.58, 1.0]",3.91
99,"[1, 4]","[3, 4]","[0.54, 0.79]","[['B', 'C', 'A', 'D'], ['A', 'D', 'C', 'B']]","{'C': 5, 'A': 4, 'B': 3, 'D': 3}","[0.58, 1.0]",3.91
99,"[1, 4]","[3, 4]","[0.54, 0.79]","[['B', 'C', 'A', 'D'], ['B', 'A', 'C', 'D']]","{'C': 5, 'A': 4, 'B': 4, 'D': 2}","[0.58, 1.0]",3.91
99,"[1, 4]","[3, 4]","[0.54, 0.79]","[['B', 'C', 'A', 'D'], ['B', 'C', 'A', 'D']]","{'C': 5, 'A': 4, 'B': 4, 'D': 2}","[0.58, 1.0]",3.91
99,"[1, 4]","[3, 4]","[0.54, 0.79]","[['B', 'C', 'A', 'D'], ['C', 'A', 'B', 'D']]","{'C': 5, 'A': 4, 'B': 4, 'D': 2}","[0.58, 1.0]",3.91
99,"[1, 4]","[3, 4]","[0.54, 0.79]","[['B', 'C', 'A', 'D'], ['C', 'A', 'D', 'B']]","{'C': 5, 'A': 4, 'B': 3, 'D': 3}","[0.58, 1.0]",3.91
99,"[1, 4]","[3, 4]","[0.54, 0.79]","[['B', 'C', 'A', 'D'], ['C', 'B', 'A', 'D']]","{'C': 5, 'A': 4, 'B': 4, 'D': 2}","[0.58, 1.0]",3.91
99,"[1, 4]","[3, 4]","[0.54, 0.79]","[['B', 'C', 'A', 'D'], ['C', 'D', 'A', 'B']]","{'C': 5, 'A': 4, 'B': 3, 'D': 3}","[0.58, 1.0]",3.91
99,"[1, 4]","[3, 4]","[0.54, 0.79]","[['B', 'C', 'A', 'D'], ['D', 'A', 'C', 'B']]","{'C': 5, 'A': 4, 'B': 3, 'D': 3}","[0.58, 1.0]",3.91
99,"[1, 4]","[3, 4]","[0.54, 0.79]","[['B', 'C', 'A', 'D'], ['D', 'C', 'A', 'B']]","{'C': 5, 'A': 4, 'B': 3, 'D': 3}","[0.58, 1.0]",3.91
99,"[1, 4]","[3, 4]","[0.54, 0.79]","[['C', 'A', 'B', 'D'], ['A', 'B', 'C', 'D']]","{'C': 5, 'A': 4, 'B': 4, 'D': 2}","[0.58, 1.0]",3.91
99,"[1, 4]","[3, 4]","[0.54, 0.79]","[['C', 'A', 'B', 'D'], ['A', 'C', 'B', 'D']]","{'C': 5, 'A': 4, 'B': 4, 'D': 2}","[0.58, 1.0]",3.91
99,"[1, 4]","[3, 4]","[0.54, 0.79]","[['C', 'A', 'B', 'D'], ['A', 'C', 'D', 'B']]","{'C': 5, 'A': 4, 'B': 3, 'D': 3}","[0.58, 1.0]",3.91
99,"[1, 4]","[3, 4]","[0.54, 0.79]","[['C', 'A', 'B', 'D'], ['A', 'D', 'C', 'B']]","{'C': 5, 'A': 4, 'B': 3, 'D': 3}","[0.58, 1.0]",3.91
99,"[1, 4]","[3, 4]","[0.54, 0.79]","[['C', 'A', 'B', 'D'], ['B', 'A', 'C', 'D']]","{'C': 5, 'A': 4, 'B': 4, 'D': 2}","[0.58, 1.0]",3.91
99,"[1, 4]","[3, 4]","[0.54, 0.79]","[['C', 'A', 'B', 'D'], ['B', 'C', 'A', 'D']]","{'C': 5, 'A': 4, 'B': 4, 'D': 2}","[0.58, 1.0]",3.91
99,"[1, 4]","[3, 4]","[0.54, 0.79]","[['C', 'A', 'B', 'D'], ['C', 'A', 'B', 'D']]","{'C': 5, 'A': 4, 'B': 4, 'D': 2}","[0.58, 1.0]",3.91
99,"[1, 4]","[3, 4]","[0.54, 0.79]","[['C', 'A', 'B', 'D'], ['C', 'A', 'D', 'B']]","{'C': 5, 'A': 4, 'B': 3, 'D': 3}","[0.58, 1.0]",3.91
99,"[1, 4]","[3, 4]","[0.54, 0.79]","[['C', 'A', 'B', 'D'], ['C', 'B', 'A', 'D']]","{'C': 5, 'A': 4, 'B': 4, 'D': 2}","[0.58, 1.0]",3.91
99,"[1, 4]","[3, 4]","[0.54, 0.79]","[['C', 'A', 'B', 'D'], ['C', 'D', 'A', 'B']]","{'C': 5, 'A': 4, 'B': 3, 'D': 3}","[0.58, 1.0]",3.91
99,"[1, 4]","[3, 4]","[0.54, 0.79]","[['C', 'A', 'B', 'D'], ['D', 'A', 'C', 'B']]","{'C': 5, 'A': 4, 'B': 3, 'D': 3}","[0.58, 1.0]",3.91
99,"[1, 4]","[3, 4]","[0.54, 0.79]","[['C', 'A', 'B', 'D'], ['D', 'C', 'A', 'B']]","{'C': 5, 'A': 4, 'B': 3, 'D': 3}","[0.58, 1.0]",3.91
99,"[1, 4]","[3, 4]","[0.54, 0.79]","[['C', 'A', 'D', 'B'], ['A', 'B', 'C', 'D']]","{'C': 5, 'A': 4, 'B': 3, 'D': 3}","[0.58, 1.0]",3.91
99,"[1, 4]","[3, 4]","[0.54, 0.79]","[['C', 'A', 'D', 'B'], ['A', 'C', 'B', 'D']]","{'C': 5, 'A': 4, 'B': 3, 'D': 3}","[0.58, 1.0]",3.91
99,"[1, 4]","[3, 4]","[0.54, 0.79]","[['C', 'A', 'D', 'B'], ['A', 'C', 'D', 'B']]","{'C': 5, 'A': 4, 'D': 4, 'B': 2}","[0.58, 1.0]",4.0
99,"[1, 4]","[3, 4]","[0.54, 0.79]","[['C', 'A', 'D', 'B'], ['A', 'D', 'C', 'B']]","{'C': 5, 'A': 4, 'D': 4, 'B': 2}","[0.58, 1.0]",4.0
99,"[1, 4]","[3, 4]","[0.54, 0.79]","[['C', 'A', 'D', 'B'], ['B', 'A', 'C', 'D']]","{'C': 5, 'A': 4, 'B': 3, 'D': 3}","[0.58, 1.0]",3.91
99,"[1, 4]","[3, 4]","[0.54, 0.79]","[['C', 'A', 'D', 'B'], ['B', 'C', 'A', 'D']]","{'C': 5, 'A': 4, 'B': 3, 'D': 3}","[0.58, 1.0]",3.91
99,"[1, 4]","[3, 4]","[0.54, 0.79]","[['C', 'A', 'D', 'B'], ['C', 'A', 'B', 'D']]","{'C': 5, 'A': 4, 'B': 3, 'D': 3}","[0.58, 1.0]",3.91
99,"[1, 4]","[3, 4]","[0.54, 0.79]","[['C', 'A', 'D', 'B'], ['C', 'A', 'D', 'B']]","{'C': 5, 'A': 4, 'D': 4, 'B': 2}","[0.58, 1.0]",4.0
99,"[1, 4]","[3, 4]","[0.54, 0.79]","[['C', 'A', 'D', 'B'], ['C', 'B', 'A', 'D']]","{'C': 5, 'A': 4, 'B': 3, 'D': 3}","[0.58, 1.0]",3.91
99,"[1, 4]","[3, 4]","[0.54, 0.79]","[['C', 'A', 'D', 'B'], ['C', 'D', 'A', 'B']]","{'C': 5, 'A': 4, 'D': 4, 'B': 2}","[0.58, 1.0]",4.0
99,"[1, 4]","[3, 4]","[0.54, 0.79]","[['C', 'A', 'D', 'B'], ['D', 'A', 'C', 'B']]","{'C': 5, 'A': 4, 'D': 4, 'B': 2}","[0.58, 1.0]",4.0
99,"[1, 4]","[3, 4]","[0.54, 0.79]","[['C', 'A', 'D', 'B'], ['D', 'C', 'A', 'B']]","{'C': 5, 'A': 4, 'D': 4, 'B': 2}","[0.58, 1.0]",4.0
99,"[1, 4]","[3, 4]","[0.54, 0.79]","[['C', 'B', 'A', 'D'], ['A', 'B', 'C', 'D']]","{'C': 5, 'A': 4, 'B': 4, 'D': 2}","[0.58, 1.0]",3.91
99,"[1, 4]","[3, 4]","[0.54, 0.79]","[['C', 'B', 'A', 'D'], ['A', 'C', 'B', 'D']]","{'C': 5, 'A': 4, 'B': 4, 'D': 2}","[0.58, 1.0]",3.91
99,"[1, 4]","[3, 4]","[0.54, 0.79]","[['C', 'B', 'A', 'D'], ['A', 'C', 'D', 'B']]","{'C': 5, 'A': 4, 'B': 3, 'D': 3}","[0.58, 1.0]",3.91
99,"[1, 4]","[3, 4]","[0.54, 0.79]","[['C', 'B', 'A', 'D'], ['A', 'D', 'C', 'B']]","{'C': 5, 'A': 4, 'B': 3, 'D': 3}","[0.58, 1.0]",3.91
99,"[1, 4]","[3, 4]","[0.54, 0.79]","[['C', 'B', 'A', 'D'], ['B', 'A', 'C', 'D']]","{'C': 5, 'A': 4, 'B': 4, 'D': 2}","[0.58, 1.0]",3.91
99,"[1, 4]","[3, 4]","[0.54, 0.79]","[['C', 'B', 'A', 'D'], ['B', 'C', 'A', 'D']]","{'C': 5, 'A': 4, 'B': 4, 'D': 2}","[0.58, 1.0]",3.91
99,"[1, 4]","[3, 4]","[0.54, 0.79]","[['C', 'B', 'A', 'D'], ['C', 'A', 'B', 'D']]","{'C': 5, 'A': 4, 'B': 4, 'D': 2}","[0.58, 1.0]",3.91
99,"[1, 4]","[3, 4]","[0.54, 0.79]","[['C', 'B', 'A', 'D'], ['C', 'A', 'D', 'B']]","{'C': 5, 'A': 4, 'B': 3, 'D': 3}","[0.58, 1.0]",3.91
99,"[1, 4]","[3, 4]","[0.54, 0.79]","[['C', 'B', 'A', 'D'], ['C', 'B', 'A', 'D']]","{'C': 5, 'A': 4, 'B': 4, 'D': 2}","[0.58, 1.0]",3.91
99,"[1, 4]","[3, 4]","[0.54, 0.79]","[['C', 'B', 'A', 'D'], ['C', 'D', 'A', 'B']]","{'C': 5, 'A': 4, 'B': 3, 'D': 3}","[0.58, 1.0]",3.91
99,"[1, 4]","[3, 4]","[0.54, 0.79]","[['C', 'B', 'A', 'D'], ['D', 'A', 'C', 'B']]","{'C': 5, 'A': 4, 'B': 3, 'D': 3}","[0.58, 1.0]",3.91
99,"[1, 4]","[3, 4]","[0.54, 0.79]","[['C', 'B', 'A', 'D'], ['D', 'C', 'A', 'B']]","{'C': 5, 'A': 4, 'B': 3, 'D': 3}","[0.58, 1.0]",3.91
99,"[1, 4]","[3, 4]","[0.54, 0.79]","[['C', 'D', 'A', 'B'], ['A', 'B', 'C', 'D']]","{'C': 5, 'A': 4, 'B': 3, 'D': 3}","[0.58, 1.0]",3.91
99,"[1, 4]","[3, 4]","[0.54, 0.79]","[['C', 'D', 'A', 'B'], ['A', 'C', 'B', 'D']]","{'C': 5, 'A': 4, 'B': 3, 'D': 3}","[0.58, 1.0]",3.91
99,"[1, 4]","[3, 4]","[0.54, 0.79]","[['C', 'D', 'A', 'B'], ['A', 'C', 'D', 'B']]","{'C': 5, 'A': 4, 'D': 4, 'B': 2}","[0.58, 1.0]",4.0
99,"[1, 4]","[3, 4]","[0.54, 0.79]","[['C', 'D', 'A', 'B'], ['A', 'D', 'C', 'B']]","{'C': 5, 'A': 4, 'D': 4, 'B': 2}","[0.58, 1.0]",4.0
99,"[1, 4]","[3, 4]","[0.54, 0.79]","[['C', 'D', 'A', 'B'], ['B', 'A', 'C', 'D']]","{'C': 5, 'A': 4, 'B': 3, 'D': 3}","[0.58, 1.0]",3.91
99,"[1, 4]","[3, 4]","[0.54, 0.79]","[['C', 'D', 'A', 'B'], ['B', 'C', 'A', 'D']]","{'C': 5, 'A': 4, 'B': 3, 'D': 3}","[0.58, 1.0]",3.91
99,"[1, 4]","[3, 4]","[0.54, 0.79]","[['C', 'D', 'A', 'B'], ['C', 'A', 'B', 'D']]","{'C': 5, 'A': 4, 'B': 3, 'D': 3}","[0.58, 1.0]",3.91
99,"[1, 4]","[3, 4]","[0.54, 0.79]","[['C', 'D', 'A', 'B'], ['C', 'A', 'D', 'B']]","{'C': 5, 'A': 4, 'D': 4, 'B': 2}","[0.58, 1.0]",4.0
99,"[1, 4]","[3, 4]","[0.54, 0.79]","[['C', 'D', 'A', 'B'], ['C', 'B', 'A', 'D']]","{'C': 5, 'A': 4, 'B': 3, 'D': 3}","[0.58, 1.0]",3.91
99,"[1, 4]","[3, 4]","[0.54, 0.79]","[['C', 'D', 'A', 'B'], ['C', 'D', 'A', 'B']]","{'C': 5, 'A': 4, 'D': 4, 'B': 2}","[0.58, 1.0]",4.0
99,"[1, 4]","[3, 4]","[0.54, 0.79]","[['C', 'D', 'A', 'B'], ['D', 'A', 'C', 'B']]","{'C': 5, 'A': 4, 'D': 4, 'B': 2}","[0.58, 1.0]",4.0
99,"[1, 4]","[3, 4]","[0.54, 0.79]","[['C', 'D', 'A', 'B'], ['D', 'C', 'A', 'B']]","{'C': 5, 'A': 4, 'D': 4, 'B': 2}","[0.58, 1.0]",4.0
99,"[1, 4]","[3, 4]","[0.54, 0.79]","[['D', 'A', 'C', 'B'], ['A', 'B', 'C', 'D']]","{'C': 5, 'A': 4, 'B': 3, 'D': 3}","[0.58, 1.0]",3.91
99,"[1, 4]","[3, 4]","[0.54, 0.79]","[['D', 'A', 'C', 'B'], ['A', 'C', 'B', 'D']]","{'C': 5, 'A': 4, 'B': 3, 'D': 3}","[0.58, 1.0]",3.91
99,"[1, 4]","[3, 4]","[0.54, 0.79]","[['D', 'A', 'C', 'B'], ['A', 'C', 'D', 'B']]","{'C': 5, 'A': 4, 'D': 4, 'B': 2}","[0.58, 1.0]",4.0
99,"[1, 4]","[3, 4]","[0.54, 0.79]","[['D', 'A', 'C', 'B'], ['A', 'D', 'C', 'B']]","{'C': 5, 'A': 4, 'D': 4, 'B': 2}","[0.58, 1.0]",4.0
99,"[1, 4]","[3, 4]","[0.54, 0.79]","[['D', 'A', 'C', 'B'], ['B', 'A', 'C', 'D']]","{'C': 5, 'A': 4, 'B': 3, 'D': 3}","[0.58, 1.0]",3.91
99,"[1, 4]","[3, 4]","[0.54, 0.79]","[['D', 'A', 'C', 'B'], ['B', 'C', 'A', 'D']]","{'C': 5, 'A': 4, 'B': 3, 'D': 3}","[0.58, 1.0]",3.91
99,"[1, 4]","[3, 4]","[0.54, 0.79]","[['D', 'A', 'C', 'B'], ['C', 'A', 'B', 'D']]","{'C': 5, 'A': 4, 'B': 3, 'D': 3}","[0.58, 1.0]",3.91
99,"[1, 4]","[3, 4]","[0.54, 0.79]","[['D', 'A', 'C', 'B'], ['C', 'A', 'D', 'B']]","{'C': 5, 'A': 4, 'D': 4, 'B': 2}","[0.58, 1.0]",4.0
99,"[1, 4]","[3, 4]","[0.54, 0.79]","[['D', 'A', 'C', 'B'], ['C', 'B', 'A', 'D']]","{'C': 5, 'A': 4, 'B': 3, 'D': 3}","[0.58, 1.0]",3.91
99,"[1, 4]","[3, 4]","[0.54, 0.79]","[['D', 'A', 'C', 'B'], ['C', 'D', 'A', 'B']]","{'C': 5, 'A': 4, 'D': 4, 'B': 2}","[0.58, 1.0]",4.0
99,"[1, 4]","[3, 4]","[0.54, 0.79]","[['D', 'A', 'C', 'B'], ['D', 'A', 'C', 'B']]","{'C': 5, 'A': 4, 'D': 4, 'B': 2}","[0.58, 1.0]",4.0
99,"[1, 4]","[3, 4]","[0.54, 0.79]","[['D', 'A', 'C', 'B'], ['D', 'C', 'A', 'B']]","{'C': 5, 'A': 4, 'D': 4, 'B': 2}","[0.58, 1.0]",4.0
99,"[1, 4]","[3, 4]","[0.54, 0.79]","[['D', 'C', 'A', 'B'], ['A', 'B', 'C', 'D']]","{'C': 5, 'A': 4, 'B': 3, 'D': 3}","[0.58, 1.0]",3.91
99,"[1, 4]","[3, 4]","[0.54, 0.79]","[['D', 'C', 'A', 'B'], ['A', 'C', 'B', 'D']]","{'C': 5, 'A': 4, 'B': 3, 'D': 3}","[0.58, 1.0]",3.91
99,"[1, 4]","[3, 4]","[0.54, 0.79]","[['D', 'C', 'A', 'B'], ['A', 'C', 'D', 'B']]","{'C': 5, 'A': 4, 'D': 4, 'B': 2}","[0.58, 1.0]",4.0
99,"[1, 4]","[3, 4]","[0.54, 0.79]","[['D', 'C', 'A', 'B'], ['A', 'D', 'C', 'B']]","{'C': 5, 'A': 4, 'D': 4, 'B': 2}","[0.58, 1.0]",4.0
99,"[1, 4]","[3, 4]","[0.54, 0.79]","[['D', 'C', 'A', 'B'], ['B', 'A', 'C', 'D']]","{'C': 5, 'A': 4, 'B': 3, 'D': 3}","[0.58, 1.0]",3.91
99,"[1, 4]","[3, 4]","[0.54, 0.79]","[['D', 'C', 'A', 'B'], ['B', 'C', 'A', 'D']]","{'C': 5, 'A': 4, 'B': 3, 'D': 3}","[0.58, 1.0]",3.91
99,"[1, 4]","[3, 4]","[0.54, 0.79]","[['D', 'C', 'A', 'B'], ['C', 'A', 'B', 'D']]","{'C': 5, 'A': 4, 'B': 3, 'D': 3}","[0.58, 1.0]",3.91
99,"[1, 4]","[3, 4]","[0.54, 0.79]","[['D', 'C', 'A', 'B'], ['C', 'A', 'D', 'B']]","{'C': 5, 'A': 4, 'D': 4, 'B': 2}","[0.58, 1.0]",4.0
99,"[1, 4]","[3, 4]","[0.54, 0.79]","[['D', 'C', 'A', 'B'], ['C', 'B', 'A', 'D']]","{'C': 5, 'A': 4, 'B': 3, 'D': 3}","[0.58, 1.0]",3.91
99,"[1, 4]","[3, 4]","[0.54, 0.79]","[['D', 'C', 'A', 'B'], ['C', 'D', 'A', 'B']]","{'C': 5, 'A': 4, 'D': 4, 'B': 2}","[0.58, 1.0]",4.0
99,"[1, 4]","[3, 4]","[0.54, 0.79]","[['D', 'C', 'A', 'B'], ['D', 'A', 'C', 'B']]","{'C': 5, 'A': 4, 'D': 4, 'B': 2}","[0.58, 1.0]",4.0
99,"[1, 4]","[3, 4]","[0.54, 0.79]","[['D', 'C', 'A', 'B'], ['D', 'C', 'A', 'B']]","{'C': 5, 'A': 4, 'D': 4, 'B': 2}","[0.58, 1.0]",4.0
99,"[3, 5]","[3, 4]","[0.5, 0.75]","[['A', 'B', 'C', 'D'], ['A', 'B', 'C', 'D']]","{'B': 5, 'C': 4, 'A': 3, 'D': 3}","[0.54, 0.88]",3.67
99,"[3, 5]","[3, 4]","[0.5, 0.75]","[['A', 'B', 'C', 'D'], ['A', 'C', 'B', 'D']]","{'B': 5, 'C': 4, 'A': 3, 'D': 3}","[0.54, 0.88]",3.67
99,"[3, 5]","[3, 4]","[0.5, 0.75]","[['A', 'B', 'C', 'D'], ['B', 'A', 'C', 'D']]","{'B': 5, 'C': 4, 'A': 3, 'D': 3}","[0.54, 0.88]",3.67
99,"[3, 5]","[3, 4]","[0.5, 0.75]","[['A', 'B', 'C', 'D'], ['B', 'C', 'A', 'D']]","{'B': 5, 'C': 4, 'A': 3, 'D': 3}","[0.54, 0.88]",3.67
99,"[3, 5]","[3, 4]","[0.5, 0.75]","[['A', 'B', 'C', 'D'], ['C', 'A', 'B', 'D']]","{'B': 5, 'C': 4, 'A': 3, 'D': 3}","[0.54, 0.88]",3.67
99,"[3, 5]","[3, 4]","[0.5, 0.75]","[['A', 'B', 'C', 'D'], ['C', 'B', 'A', 'D']]","{'B': 5, 'C': 4, 'A': 3, 'D': 3}","[0.54, 0.88]",3.67
99,"[3, 5]","[3, 4]","[0.5, 0.75]","[['A', 'C', 'B', 'D'], ['A', 'B', 'C', 'D']]","{'B': 5, 'C': 4, 'A': 3, 'D': 3}","[0.54, 0.88]",3.67
99,"[3, 5]","[3, 4]","[0.5, 0.75]","[['A', 'C', 'B', 'D'], ['A', 'C', 'B', 'D']]","{'B': 5, 'C': 4, 'A': 3, 'D': 3}","[0.54, 0.88]",3.67
99,"[3, 5]","[3, 4]","[0.5, 0.75]","[['A', 'C', 'B', 'D'], ['B', 'A', 'C', 'D']]","{'B': 5, 'C': 4, 'A': 3, 'D': 3}","[0.54, 0.88]",3.67
99,"[3, 5]","[3, 4]","[0.5, 0.75]","[['A', 'C', 'B', 'D'], ['B', 'C', 'A', 'D']]","{'B': 5, 'C': 4, 'A': 3, 'D': 3}","[0.54, 0.88]",3.67
99,"[3, 5]","[3, 4]","[0.5, 0.75]","[['A', 'C', 'B', 'D'], ['C', 'A', 'B', 'D']]","{'B': 5, 'C': 4, 'A': 3, 'D': 3}","[0.54, 0.88]",3.67
99,"[3, 5]","[3, 4]","[0.5, 0.75]","[['A', 'C', 'B', 'D'], ['C', 'B', 'A', 'D']]","{'B': 5, 'C': 4, 'A': 3, 'D': 3}","[0.54, 0.88]",3.67
99,"[3, 5]","[3, 4]","[0.5, 0.75]","[['B', 'A', 'C', 'D'], ['A', 'B', 'C', 'D']]","{'B': 5, 'C': 4, 'A': 3, 'D': 3}","[0.54, 0.88]",3.67
99,"[3, 5]","[3, 4]","[0.5, 0.75]","[['B', 'A', 'C', 'D'], ['A', 'C', 'B', 'D']]","{'B': 5, 'C': 4, 'A': 3, 'D': 3}","[0.54, 0.88]",3.67
99,"[3, 5]","[3, 4]","[0.5, 0.75]","[['B', 'A', 'C', 'D'], ['B', 'A', 'C', 'D']]","{'B': 5, 'C': 4, 'A': 3, 'D': 3}","[0.54, 0.88]",3.67
99,"[3, 5]","[3, 4]","[0.5, 0.75]","[['B', 'A', 'C', 'D'], ['B', 'C', 'A', 'D']]","{'B': 5, 'C': 4, 'A': 3, 'D': 3}","[0.54, 0.88]",3.67
99,"[3, 5]","[3, 4]","[0.5, 0.75]","[['B', 'A', 'C', 'D'], ['C', 'A', 'B', 'D']]","{'B': 5, 'C': 4, 'A': 3, 'D': 3}","[0.54, 0.88]",3.67
99,"[3, 5]","[3, 4]","[0.5, 0.75]","[['B', 'A', 'C', 'D'], ['C', 'B', 'A', 'D']]","{'B': 5, 'C': 4, 'A': 3, 'D': 3}","[0.54, 0.88]",3.67
99,"[3, 5]","[3, 4]","[0.5, 0.75]","[['B', 'C', 'A', 'D'], ['A', 'B', 'C', 'D']]","{'B': 5, 'C': 4, 'A': 3, 'D': 3}","[0.54, 0.88]",3.67
99,"[3, 5]","[3, 4]","[0.5, 0.75]","[['B', 'C', 'A', 'D'], ['A', 'C', 'B', 'D']]","{'B': 5, 'C': 4, 'A': 3, 'D': 3}","[0.54, 0.88]",3.67
99,"[3, 5]","[3, 4]","[0.5, 0.75]","[['B', 'C', 'A', 'D'], ['B', 'A', 'C', 'D']]","{'B': 5, 'C': 4, 'A': 3, 'D': 3}","[0.54, 0.88]",3.67
99,"[3, 5]","[3, 4]","[0.5, 0.75]","[['B', 'C', 'A', 'D'], ['B', 'C', 'A', 'D']]","{'B': 5, 'C': 4, 'A': 3, 'D': 3}","[0.54, 0.88]",3.67
99,"[3, 5]","[3, 4]","[0.5, 0.75]","[['B', 'C', 'A', 'D'], ['C', 'A', 'B', 'D']]","{'B': 5, 'C': 4, 'A': 3, 'D': 3}","[0.54, 0.88]",3.67
99,"[3, 5]","[3, 4]","[0.5, 0.75]","[['B', 'C', 'A', 'D'], ['C', 'B', 'A', 'D']]","{'B': 5, 'C': 4, 'A': 3, 'D': 3}","[0.54, 0.88]",3.67
99,"[3, 5]","[3, 4]","[0.5, 0.75]","[['C', 'A', 'B', 'D'], ['A', 'B', 'C', 'D']]","{'B': 5, 'C': 4, 'A': 3, 'D': 3}","[0.54, 0.88]",3.67
99,"[3, 5]","[3, 4]","[0.5, 0.75]","[['C', 'A', 'B', 'D'], ['A', 'C', 'B', 'D']]","{'B': 5, 'C': 4, 'A': 3, 'D': 3}","[0.54, 0.88]",3.67
99,"[3, 5]","[3, 4]","[0.5, 0.75]","[['C', 'A', 'B', 'D'], ['B', 'A', 'C', 'D']]","{'B': 5, 'C': 4, 'A': 3, 'D': 3}","[0.54, 0.88]",3.67
99,"[3, 5]","[3, 4]","[0.5, 0.75]","[['C', 'A', 'B', 'D'], ['B', 'C', 'A', 'D']]","{'B': 5, 'C': 4, 'A': 3, 'D': 3}","[0.54, 0.88]",3.67
99,"[3, 5]","[3, 4]","[0.5, 0.75]","[['C', 'A', 'B', 'D'], ['C', 'A', 'B', 'D']]","{'B': 5, 'C': 4, 'A': 3, 'D': 3}","[0.54, 0.88]",3.67
99,"[3, 5]","[3, 4]","[0.5, 0.75]","[['C', 'A', 'B', 'D'], ['C', 'B', 'A', 'D']]","{'B': 5, 'C': 4, 'A': 3, 'D': 3}","[0.54, 0.88]",3.67
99,"[3, 5]","[3, 4]","[0.5, 0.75]","[['C', 'B', 'A', 'D'], ['A', 'B', 'C', 'D']]","{'B': 5, 'C': 4, 'A': 3, 'D': 3}","[0.54, 0.88]",3.67
99,"[3, 5]","[3, 4]","[0.5, 0.75]","[['C', 'B', 'A', 'D'], ['A', 'C', 'B', 'D']]","{'B': 5, 'C': 4, 'A': 3, 'D': 3}","[0.54, 0.88]",3.67
99,"[3, 5]","[3, 4]","[0.5, 0.75]","[['C', 'B', 'A', 'D'], ['B', 'A', 'C', 'D']]","{'B': 5, 'C': 4, 'A': 3, 'D': 3}","[0.54, 0.88]",3.67
99,"[3, 5]","[3, 4]","[0.5, 0.75]","[['C', 'B', 'A', 'D'], ['B', 'C', 'A', 'D']]","{'B': 5, 'C': 4, 'A': 3, 'D': 3}","[0.54, 0.88]",3.67
99,"[3, 5]","[3, 4]","[0.5, 0.75]","[['C', 'B', 'A', 'D'], ['C', 'A', 'B', 'D']]","{'B': 5, 'C': 4, 'A': 3, 'D': 3}","[0.54, 0.88]",3.67
99,"[3, 5]","[3, 4]","[0.5, 0.75]","[['C', 'B', 'A', 'D'], ['C', 'B', 'A', 'D']]","{'B': 5, 'C': 4, 'A': 3, 'D': 3}","[0.54, 0.88]",3.67
99,"[1, 3, 4]","[3, 3, 4]","[0.54, 0.5, 0.79]","[['A', 'B', 'C', 'D'], ['A', 'B', 'C', 'D'], ['A', 'C', 'D', 'B']]","{'C': 5, 'A': 4, 'B': 4, 'D': 2}","[0.58, 0.75, 1.0]",3.91
99,"[1, 3, 4]","[3, 3, 4]","[0.54, 0.5, 0.79]","[['A', 'B', 'C', 'D'], ['A', 'B', 'C', 'D'], ['A', 'D', 'C', 'B']]","{'C': 5, 'A': 4, 'B': 4, 'D': 2}","[0.58, 0.75, 1.0]",3.91
99,"[1, 3, 4]","[3, 3, 4]","[0.54, 0.5, 0.79]","[['A', 'B', 'C', 'D'], ['A', 'B', 'C', 'D'], ['C', 'A', 'D', 'B']]","{'C': 5, 'A': 4, 'B': 4, 'D': 2}","[0.58, 0.75, 1.0]",3.91
99,"[1, 3, 4]","[3, 3, 4]","[0.54, 0.5, 0.79]","[['A', 'B', 'C', 'D'], ['A', 'B', 'C', 'D'], ['C', 'D', 'A', 'B']]","{'C': 5, 'A': 4, 'B': 4, 'D': 2}","[0.58, 0.75, 1.0]",3.91
99,"[1, 3, 4]","[3, 3, 4]","[0.54, 0.5, 0.79]","[['A', 'B', 'C', 'D'], ['A', 'B', 'C', 'D'], ['D', 'A', 'C', 'B']]","{'C': 5, 'A': 4, 'B': 4, 'D': 2}","[0.58, 0.75, 1.0]",3.91
99,"[1, 3, 4]","[3, 3, 4]","[0.54, 0.5, 0.79]","[['A', 'B', 'C', 'D'], ['A', 'B', 'C', 'D'], ['D', 'C', 'A', 'B']]","{'C': 5, 'A': 4, 'B': 4, 'D': 2}","[0.58, 0.75, 1.0]",3.91
99,"[1, 3, 4]","[3, 3, 4]","[0.54, 0.5, 0.79]","[['A', 'B', 'C', 'D'], ['A', 'C', 'B', 'D'], ['A', 'C', 'D', 'B']]","{'C': 5, 'A': 4, 'B': 4, 'D': 2}","[0.58, 0.75, 1.0]",3.91
99,"[1, 3, 4]","[3, 3, 4]","[0.54, 0.5, 0.79]","[['A', 'B', 'C', 'D'], ['A', 'C', 'B', 'D'], ['A', 'D', 'C', 'B']]","{'C': 5, 'A': 4, 'B': 4, 'D': 2}","[0.58, 0.75, 1.0]",3.91
99,"[1, 3, 4]","[3, 3, 4]","[0.54, 0.5, 0.79]","[['A', 'B', 'C', 'D'], ['A', 'C', 'B', 'D'], ['C', 'A', 'D', 'B']]","{'C': 5, 'A': 4, 'B': 4, 'D': 2}","[0.58, 0.75, 1.0]",3.91
99,"[1, 3, 4]","[3, 3, 4]","[0.54, 0.5, 0.79]","[['A', 'B', 'C', 'D'], ['A', 'C', 'B', 'D'], ['C', 'D', 'A', 'B']]","{'C': 5, 'A': 4, 'B': 4, 'D': 2}","[0.58, 0.75, 1.0]",3.91
99,"[1, 3, 4]","[3, 3, 4]","[0.54, 0.5, 0.79]","[['A', 'B', 'C', 'D'], ['A', 'C', 'B', 'D'], ['D', 'A', 'C', 'B']]","{'C': 5, 'A': 4, 'B': 4, 'D': 2}","[0.58, 0.75, 1.0]",3.91
99,"[1, 3, 4]","[3, 3, 4]","[0.54, 0.5, 0.79]","[['A', 'B', 'C', 'D'], ['A', 'C', 'B', 'D'], ['D', 'C', 'A', 'B']]","{'C': 5, 'A': 4, 'B': 4, 'D': 2}","[0.58, 0.75, 1.0]",3.91
99,"[1, 3, 4]","[3, 3, 4]","[0.54, 0.5, 0.79]","[['A', 'B', 'C', 'D'], ['A', 'C', 'D', 'B'], ['A', 'B', 'C', 'D']]","{'C': 5, 'A': 4, 'B': 4, 'D': 2}","[0.58, 0.75, 1.0]",3.91
99,"[1, 3, 4]","[3, 3, 4]","[0.54, 0.5, 0.79]","[['A', 'B', 'C', 'D'], ['A', 'C', 'D', 'B'], ['A', 'C', 'B', 'D']]","{'C': 5, 'A': 4, 'B': 4, 'D': 2}","[0.58, 0.75, 1.0]",3.91
99,"[1, 3, 4]","[3, 3, 4]","[0.54, 0.5, 0.79]","[['A', 'B', 'C', 'D'], ['A', 'C', 'D', 'B'], ['A', 'C', 'D', 'B']]","{'C': 5, 'A': 4, 'B': 3, 'D': 3}","[0.58, 0.75, 1.0]",3.91
99,"[1, 3, 4]","[3, 3, 4]","[0.54, 0.5, 0.79]","[['A', 'B', 'C', 'D'], ['A', 'C', 'D', 'B'], ['A', 'D', 'C', 'B']]","{'C': 5, 'A': 4, 'B': 3, 'D': 3}","[0.58, 0.75, 1.0]",3.91
99,"[1, 3, 4]","[3, 3, 4]","[0.54, 0.5, 0.79]","[['A', 'B', 'C', 'D'], ['A', 'C', 'D', 'B'], ['B', 'A', 'C', 'D']]","{'C': 5, 'A': 4, 'B': 4, 'D': 2}","[0.58, 0.75, 1.0]",3.91
99,"[1, 3, 4]","[3, 3, 4]","[0.54, 0.5, 0.79]","[['A', 'B', 'C', 'D'], ['A', 'C', 'D', 'B'], ['B', 'C', 'A', 'D']]","{'C': 5, 'A': 4, 'B': 4, 'D': 2}","[0.58, 0.75, 1.0]",3.91
99,"[1, 3, 4]","[3, 3, 4]","[0.54, 0.5, 0.79]","[['A', 'B', 'C', 'D'], ['A', 'C', 'D', 'B'], ['C', 'A', 'B', 'D']]","{'C': 5, 'A': 4, 'B': 4, 'D': 2}","[0.58, 0.75, 1.0]",3.91
99,"[1, 3, 4]","[3, 3, 4]","[0.54, 0.5, 0.79]","[['A', 'B', 'C', 'D'], ['A', 'C', 'D', 'B'], ['C', 'A', 'D', 'B']]","{'C': 5, 'A': 4, 'B': 3, 'D': 3}","[0.58, 0.75, 1.0]",3.91
99,"[1, 3, 4]","[3, 3, 4]","[0.54, 0.5, 0.79]","[['A', 'B', 'C', 'D'], ['A', 'C', 'D', 'B'], ['C', 'B', 'A', 'D']]","{'C': 5, 'A': 4, 'B': 4, 'D': 2}","[0.58, 0.75, 1.0]",3.91
99,"[1, 3, 4]","[3, 3, 4]","[0.54, 0.5, 0.79]","[['A', 'B', 'C', 'D'], ['A', 'C', 'D', 'B'], ['C', 'D', 'A', 'B']]","{'C': 5, 'A': 4, 'B': 3, 'D': 3}","[0.58, 0.75, 1.0]",3.91
99,"[1, 3, 4]","[3, 3, 4]","[0.54, 0.5, 0.79]","[['A', 'B', 'C', 'D'], ['A', 'C', 'D', 'B'], ['D', 'A', 'C', 'B']]","{'C': 5, 'A': 4, 'B': 3, 'D': 3}","[0.58, 0.75, 1.0]",3.91
99,"[1, 3, 4]","[3, 3, 4]","[0.54, 0.5, 0.79]","[['A', 'B', 'C', 'D'], ['A', 'C', 'D', 'B'], ['D', 'C', 'A', 'B']]","{'C': 5, 'A': 4, 'B': 3, 'D': 3}","[0.58, 0.75, 1.0]",3.91
99,"[1, 3, 4]","[3, 3, 4]","[0.54, 0.5, 0.79]","[['A', 'B', 'C', 'D'], ['A', 'D', 'C', 'B'], ['A', 'B', 'C', 'D']]","{'C': 5, 'A': 4, 'B': 4, 'D': 2}","[0.58, 0.75, 1.0]",3.91
99,"[1, 3, 4]","[3, 3, 4]","[0.54, 0.5, 0.79]","[['A', 'B', 'C', 'D'], ['A', 'D', 'C', 'B'], ['A', 'C', 'B', 'D']]","{'C': 5, 'A': 4, 'B': 4, 'D': 2}","[0.58, 0.75, 1.0]",3.91
99,"[1, 3, 4]","[3, 3, 4]","[0.54, 0.5, 0.79]","[['A', 'B', 'C', 'D'], ['A', 'D', 'C', 'B'], ['A', 'C', 'D', 'B']]","{'C': 5, 'A': 4, 'B': 3, 'D': 3}","[0.58, 0.75, 1.0]",3.91
99,"[1, 3, 4]","[3, 3, 4]","[0.54, 0.5, 0.79]","[['A', 'B', 'C', 'D'], ['A', 'D', 'C', 'B'], ['A', 'D', 'C', 'B']]","{'C': 5, 'A': 4, 'B': 3, 'D': 3}","[0.58, 0.75, 1.0]",3.91
99,"[1, 3, 4]","[3, 3, 4]","[0.54, 0.5, 0.79]","[['A', 'B', 'C', 'D'], ['A', 'D', 'C', 'B'], ['B', 'A', 'C', 'D']]","{'C': 5, 'A': 4, 'B': 4, 'D': 2}","[0.58, 0.75, 1.0]",3.91
99,"[1, 3, 4]","[3, 3, 4]","[0.54, 0.5, 0.79]","[['A', 'B', 'C', 'D'], ['A', 'D', 'C', 'B'], ['B', 'C', 'A', 'D']]","{'C': 5, 'A': 4, 'B': 4, 'D': 2}","[0.58, 0.75, 1.0]",3.91
99,"[1, 3, 4]","[3, 3, 4]","[0.54, 0.5, 0.79]","[['A', 'B', 'C', 'D'], ['A', 'D', 'C', 'B'], ['C', 'A', 'B', 'D']]","{'C': 5, 'A': 4, 'B': 4, 'D': 2}","[0.58, 0.75, 1.0]",3.91
99,"[1, 3, 4]","[3, 3, 4]","[0.54, 0.5, 0.79]","[['A', 'B', 'C', 'D'], ['A', 'D', 'C', 'B'], ['C', 'A', 'D', 'B']]","{'C': 5, 'A': 4, 'B': 3, 'D': 3}","[0.58, 0.75, 1.0]",3.91
99,"[1, 3, 4]","[3, 3, 4]","[0.54, 0.5, 0.79]","[['A', 'B', 'C', 'D'], ['A', 'D', 'C', 'B'], ['C', 'B', 'A', 'D']]","{'C': 5, 'A': 4, 'B': 4, 'D': 2}","[0.58, 0.75, 1.0]",3.91
99,"[1, 3, 4]","[3, 3, 4]","[0.54, 0.5, 0.79]","[['A', 'B', 'C', 'D'], ['A', 'D', 'C', 'B'], ['C', 'D', 'A', 'B']]","{'C': 5, 'A': 4, 'B': 3, 'D': 3}","[0.58, 0.75, 1.0]",3.91
99,"[1, 3, 4]","[3, 3, 4]","[0.54, 0.5, 0.79]","[['A', 'B', 'C', 'D'], ['A', 'D', 'C', 'B'], ['D', 'A', 'C', 'B']]","{'C': 5, 'A': 4, 'B': 3, 'D': 3}","[0.58, 0.75, 1.0]",3.91
99,"[1, 3, 4]","[3, 3, 4]","[0.54, 0.5, 0.79]","[['A', 'B', 'C', 'D'], ['A', 'D', 'C', 'B'], ['D', 'C', 'A', 'B']]","{'C': 5, 'A': 4, 'B': 3, 'D': 3}","[0.58, 0.75, 1.0]",3.91
99,"[1, 3, 4]","[3, 3, 4]","[0.54, 0.5, 0.79]","[['A', 'B', 'C', 'D'], ['B', 'A', 'C', 'D'], ['A', 'C', 'D', 'B']]","{'C': 5, 'A': 4, 'B': 4, 'D': 2}","[0.58, 0.75, 1.0]",3.91
99,"[1, 3, 4]","[3, 3, 4]","[0.54, 0.5, 0.79]","[['A', 'B', 'C', 'D'], ['B', 'A', 'C', 'D'], ['A', 'D', 'C', 'B']]","{'C': 5, 'A': 4, 'B': 4, 'D': 2}","[0.58, 0.75, 1.0]",3.91
99,"[1, 3, 4]","[3, 3, 4]","[0.54, 0.5, 0.79]","[['A', 'B', 'C', 'D'], ['B', 'A', 'C', 'D'], ['C', 'A', 'D', 'B']]","{'C': 5, 'A': 4, 'B': 4, 'D': 2}","[0.58, 0.75, 1.0]",3.91
99,"[1, 3, 4]","[3, 3, 4]","[0.54, 0.5, 0.79]","[['A', 'B', 'C', 'D'], ['B', 'A', 'C', 'D'], ['C', 'D', 'A', 'B']]","{'C': 5, 'A': 4, 'B': 4, 'D': 2}","[0.58, 0.75, 1.0]",3.91
99,"[1, 3, 4]","[3, 3, 4]","[0.54, 0.5, 0.79]","[['A', 'B', 'C', 'D'], ['B', 'A', 'C', 'D'], ['D', 'A', 'C', 'B']]","{'C': 5, 'A': 4, 'B': 4, 'D': 2}","[0.58, 0.75, 1.0]",3.91
99,"[1, 3, 4]","[3, 3, 4]","[0.54, 0.5, 0.79]","[['A', 'B', 'C', 'D'], ['B', 'A', 'C', 'D'], ['D', 'C', 'A', 'B']]","{'C': 5, 'A': 4, 'B': 4, 'D': 2}","[0.58, 0.75, 1.0]",3.91
99,"[1, 3, 4]","[3, 3, 4]","[0.54, 0.5, 0.79]","[['A', 'B', 'C', 'D'], ['B', 'C', 'A', 'D'], ['A', 'C', 'D', 'B']]","{'C': 5, 'A': 4, 'B': 4, 'D': 2}","[0.58, 0.75, 1.0]",3.91
99,"[1, 3, 4]","[3, 3, 4]","[0.54, 0.5, 0.79]","[['A', 'B', 'C', 'D'], ['B', 'C', 'A', 'D'], ['A', 'D', 'C', 'B']]","{'C': 5, 'A': 4, 'B': 4, 'D': 2}","[0.58, 0.75, 1.0]",3.91
99,"[1, 3, 4]","[3, 3, 4]","[0.54, 0.5, 0.79]","[['A', 'B', 'C', 'D'], ['B', 'C', 'A', 'D'], ['C', 'A', 'D', 'B']]","{'C': 5, 'A': 4, 'B': 4, 'D': 2}","[0.58, 0.75, 1.0]",3.91
99,"[1, 3, 4]","[3, 3, 4]","[0.54, 0.5, 0.79]","[['A', 'B', 'C', 'D'], ['B', 'C', 'A', 'D'], ['C', 'D', 'A', 'B']]","{'C': 5, 'A': 4, 'B': 4, 'D': 2}","[0.58, 0.75, 1.0]",3.91
99,"[1, 3, 4]","[3, 3, 4]","[0.54, 0.5, 0.79]","[['A', 'B', 'C', 'D'], ['B', 'C', 'A', 'D'], ['D', 'A', 'C', 'B']]","{'C': 5, 'A': 4, 'B': 4, 'D': 2}","[0.58, 0.75, 1.0]",3.91
99,"[1, 3, 4]","[3, 3, 4]","[0.54, 0.5, 0.79]","[['A', 'B', 'C', 'D'], ['B', 'C', 'A', 'D'], ['D', 'C', 'A', 'B']]","{'C': 5, 'A': 4, 'B': 4, 'D': 2}","[0.58, 0.75, 1.0]",3.91
99,"[1, 3, 4]","[3, 3, 4]","[0.54, 0.5, 0.79]","[['A', 'B', 'C', 'D'], ['C', 'A', 'B', 'D'], ['A', 'C', 'D', 'B']]","{'C': 5, 'A': 4, 'B': 4, 'D': 2}","[0.58, 0.75, 1.0]",3.91
99,"[1, 3, 4]","[3, 3, 4]","[0.54, 0.5, 0.79]","[['A', 'B', 'C', 'D'], ['C', 'A', 'B', 'D'], ['A', 'D', 'C', 'B']]","{'C': 5, 'A': 4, 'B': 4, 'D': 2}","[0.58, 0.75, 1.0]",3.91
99,"[1, 3, 4]","[3, 3, 4]","[0.54, 0.5, 0.79]","[['A', 'B', 'C', 'D'], ['C', 'A', 'B', 'D'], ['C', 'A', 'D', 'B']]","{'C': 5, 'A': 4, 'B': 4, 'D': 2}","[0.58, 0.75, 1.0]",3.91
99,"[1, 3, 4]","[3, 3, 4]","[0.54, 0.5, 0.79]","[['A', 'B', 'C', 'D'], ['C', 'A', 'B', 'D'], ['C', 'D', 'A', 'B']]","{'C': 5, 'A': 4, 'B': 4, 'D': 2}","[0.58, 0.75, 1.0]",3.91
99,"[1, 3, 4]","[3, 3, 4]","[0.54, 0.5, 0.79]","[['A', 'B', 'C', 'D'], ['C', 'A', 'B', 'D'], ['D', 'A', 'C', 'B']]","{'C': 5, 'A': 4, 'B': 4, 'D': 2}","[0.58, 0.75, 1.0]",3.91
99,"[1, 3, 4]","[3, 3, 4]","[0.54, 0.5, 0.79]","[['A', 'B', 'C', 'D'], ['C', 'A', 'B', 'D'], ['D', 'C', 'A', 'B']]","{'C': 5, 'A': 4, 'B': 4, 'D': 2}","[0.58, 0.75, 1.0]",3.91
99,"[1, 3, 4]","[3, 3, 4]","[0.54, 0.5, 0.79]","[['A', 'B', 'C', 'D'], ['C', 'A', 'D', 'B'], ['A', 'B', 'C', 'D']]","{'C': 5, 'A': 4, 'B': 4, 'D': 2}","[0.58, 0.75, 1.0]",3.91
99,"[1, 3, 4]","[3, 3, 4]","[0.54, 0.5, 0.79]","[['A', 'B', 'C', 'D'], ['C', 'A', 'D', 'B'], ['A', 'C', 'B', 'D']]","{'C': 5, 'A': 4, 'B': 4, 'D': 2}","[0.58, 0.75, 1.0]",3.91
99,"[1, 3, 4]","[3, 3, 4]","[0.54, 0.5, 0.79]","[['A', 'B', 'C', 'D'], ['C', 'A', 'D', 'B'], ['A', 'C', 'D', 'B']]","{'C': 5, 'A': 4, 'B': 3, 'D': 3}","[0.58, 0.75, 1.0]",3.91
99,"[1, 3, 4]","[3, 3, 4]","[0.54, 0.5, 0.79]","[['A', 'B', 'C', 'D'], ['C', 'A', 'D', 'B'], ['A', 'D', 'C', 'B']]","{'C': 5, 'A': 4, 'B': 3, 'D': 3}","[0.58, 0.75, 1.0]",3.91
99,"[1, 3, 4]","[3, 3, 4]","[0.54, 0.5, 0.79]","[['A', 'B', 'C', 'D'], ['C', 'A', 'D', 'B'], ['B', 'A', 'C', 'D']]","{'C': 5, 'A': 4, 'B': 4, 'D': 2}","[0.58, 0.75, 1.0]",3.91
99,"[1, 3, 4]","[3, 3, 4]","[0.54, 0.5, 0.79]","[['A', 'B', 'C', 'D'], ['C', 'A', 'D', 'B'], ['B', 'C', 'A', 'D']]","{'C': 5, 'A': 4, 'B': 4, 'D': 2}","[0.58, 0.75, 1.0]",3.91
99,"[1, 3, 4]","[3, 3, 4]","[0.54, 0.5, 0.79]","[['A', 'B', 'C', 'D'], ['C', 'A', 'D', 'B'], ['C', 'A', 'B', 'D']]","{'C': 5, 'A': 4, 'B': 4, 'D': 2}","[0.58, 0.75, 1.0]",3.91
99,"[1, 3, 4]","[3, 3, 4]","[0.54, 0.5, 0.79]","[['A', 'B', 'C', 'D'], ['C', 'A', 'D', 'B'], ['C', 'A', 'D', 'B']]","{'C': 5, 'A': 4, 'B': 3, 'D': 3}","[0.58, 0.75, 1.0]",3.91
99,"[1, 3, 4]","[3, 3, 4]","[0.54, 0.5, 0.79]","[['A', 'B', 'C', 'D'], ['C', 'A', 'D', 'B'], ['C', 'B', 'A', 'D']]","{'C': 5, 'A': 4, 'B': 4, 'D': 2}","[0.58, 0.75, 1.0]",3.91
99,"[1, 3, 4]","[3, 3, 4]","[0.54, 0.5, 0.79]","[['A', 'B', 'C', 'D'], ['C', 'A', 'D', 'B'], ['C', 'D', 'A', 'B']]","{'C': 5, 'A': 4, 'B': 3, 'D': 3}","[0.58, 0.75, 1.0]",3.91
99,"[1, 3, 4]","[3, 3, 4]","[0.54, 0.5, 0.79]","[['A', 'B', 'C', 'D'], ['C', 'A', 'D', 'B'], ['D', 'A', 'C', 'B']]","{'C': 5, 'A': 4, 'B': 3, 'D': 3}","[0.58, 0.75, 1.0]",3.91
99,"[1, 3, 4]","[3, 3, 4]","[0.54, 0.5, 0.79]","[['A', 'B', 'C', 'D'], ['C', 'A', 'D', 'B'], ['D', 'C', 'A', 'B']]","{'C': 5, 'A': 4, 'B': 3, 'D': 3}","[0.58, 0.75, 1.0]",3.91
99,"[1, 3, 4]","[3, 3, 4]","[0.54, 0.5, 0.79]","[['A', 'B', 'C', 'D'], ['C', 'B', 'A', 'D'], ['A', 'C', 'D', 'B']]","{'C': 5, 'A': 4, 'B': 4, 'D': 2}","[0.58, 0.75, 1.0]",3.91
99,"[1, 3, 4]","[3, 3, 4]","[0.54, 0.5, 0.79]","[['A', 'B', 'C', 'D'], ['C', 'B', 'A', 'D'], ['A', 'D', 'C', 'B']]","{'C': 5, 'A': 4, 'B': 4, 'D': 2}","[0.58, 0.75, 1.0]",3.91
99,"[1, 3, 4]","[3, 3, 4]","[0.54, 0.5, 0.79]","[['A', 'B', 'C', 'D'], ['C', 'B', 'A', 'D'], ['C', 'A', 'D', 'B']]","{'C': 5, 'A': 4, 'B': 4, 'D': 2}","[0.58, 0.75, 1.0]",3.91
99,"[1, 3, 4]","[3, 3, 4]","[0.54, 0.5, 0.79]","[['A', 'B', 'C', 'D'], ['C', 'B', 'A', 'D'], ['C', 'D', 'A', 'B']]","{'C': 5, 'A': 4, 'B': 4, 'D': 2}","[0.58, 0.75, 1.0]",3.91
99,"[1, 3, 4]","[3, 3, 4]","[0.54, 0.5, 0.79]","[['A', 'B', 'C', 'D'], ['C', 'B', 'A', 'D'], ['D', 'A', 'C', 'B']]","{'C': 5, 'A': 4, 'B': 4, 'D': 2}","[0.58, 0.75, 1.0]",3.91
99,"[1, 3, 4]","[3, 3, 4]","[0.54, 0.5, 0.79]","[['A', 'B', 'C', 'D'], ['C', 'B', 'A', 'D'], ['D', 'C', 'A', 'B']]","{'C': 5, 'A': 4, 'B': 4, 'D': 2}","[0.58, 0.75, 1.0]",3.91
99,"[1, 3, 4]","[3, 3, 4]","[0.54, 0.5, 0.79]","[['A', 'B', 'C', 'D'], ['C', 'D', 'A', 'B'], ['A', 'B', 'C', 'D']]","{'C': 5, 'A': 4, 'B': 4, 'D': 2}","[0.58, 0.75, 1.0]",3.91
99,"[1, 3, 4]","[3, 3, 4]","[0.54, 0.5, 0.79]","[['A', 'B', 'C', 'D'], ['C', 'D', 'A', 'B'], ['A', 'C', 'B', 'D']]","{'C': 5, 'A': 4, 'B': 4, 'D': 2}","[0.58, 0.75, 1.0]",3.91
99,"[1, 3, 4]","[3, 3, 4]","[0.54, 0.5, 0.79]","[['A', 'B', 'C', 'D'], ['C', 'D', 'A', 'B'], ['A', 'C', 'D', 'B']]","{'C': 5, 'A': 4, 'B': 3, 'D': 3}","[0.58, 0.75, 1.0]",3.91
99,"[1, 3, 4]","[3, 3, 4]","[0.54, 0.5, 0.79]","[['A', 'B', 'C', 'D'], ['C', 'D', 'A', 'B'], ['A', 'D', 'C', 'B']]","{'C': 5, 'A': 4, 'B': 3, 'D': 3}","[0.58, 0.75, 1.0]",3.91
99,"[1, 3, 4]","[3, 3, 4]","[0.54, 0.5, 0.79]","[['A', 'B', 'C', 'D'], ['C', 'D', 'A', 'B'], ['B', 'A', 'C', 'D']]","{'C': 5, 'A': 4, 'B': 4, 'D': 2}","[0.58, 0.75, 1.0]",3.91
99,"[1, 3, 4]","[3, 3, 4]","[0.54, 0.5, 0.79]","[['A', 'B', 'C', 'D'], ['C', 'D', 'A', 'B'], ['B', 'C', 'A', 'D']]","{'C': 5, 'A': 4, 'B': 4, 'D': 2}","[0.58, 0.75, 1.0]",3.91
99,"[1, 3, 4]","[3, 3, 4]","[0.54, 0.5, 0.79]","[['A', 'B', 'C', 'D'], ['C', 'D', 'A', 'B'], ['C', 'A', 'B', 'D']]","{'C': 5, 'A': 4, 'B': 4, 'D': 2}","[0.58, 0.75, 1.0]",3.91
99,"[1, 3, 4]","[3, 3, 4]","[0.54, 0.5, 0.79]","[['A', 'B', 'C', 'D'], ['C', 'D', 'A', 'B'], ['C', 'A', 'D', 'B']]","{'C': 5, 'A': 4, 'B': 3, 'D': 3}","[0.58, 0.75, 1.0]",3.91
99,"[1, 3, 4]","[3, 3, 4]","[0.54, 0.5, 0.79]","[['A', 'B', 'C', 'D'], ['C', 'D', 'A', 'B'], ['C', 'B', 'A', 'D']]","{'C': 5, 'A': 4, 'B': 4, 'D': 2}","[0.58, 0.75, 1.0]",3.91
99,"[1, 3, 4]","[3, 3, 4]","[0.54, 0.5, 0.79]","[['A', 'B', 'C', 'D'], ['C', 'D', 'A', 'B'], ['C', 'D', 'A', 'B']]","{'C': 5, 'A': 4, 'B': 3, 'D': 3}","[0.58, 0.75, 1.0]",3.91
99,"[1, 3, 4]","[3, 3, 4]","[0.54, 0.5, 0.79]","[['A', 'B', 'C', 'D'], ['C', 'D', 'A', 'B'], ['D', 'A', 'C', 'B']]","{'C': 5, 'A': 4, 'B': 3, 'D': 3}","[0.58, 0.75, 1.0]",3.91
99,"[1, 3, 4]","[3, 3, 4]","[0.54, 0.5, 0.79]","[['A', 'B', 'C', 'D'], ['C', 'D', 'A', 'B'], ['D', 'C', 'A', 'B']]","{'C': 5, 'A': 4, 'B': 3, 'D': 3}","[0.58, 0.75, 1.0]",3.91
99,"[1, 3, 4]","[3, 3, 4]","[0.54, 0.5, 0.79]","[['A', 'B', 'C', 'D'], ['D', 'A', 'C', 'B'], ['A', 'B', 'C', 'D']]","{'C': 5, 'A': 4, 'B': 4, 'D': 2}","[0.58, 0.75, 1.0]",3.91
99,"[1, 3, 4]","[3, 3, 4]","[0.54, 0.5, 0.79]","[['A', 'B', 'C', 'D'], ['D', 'A', 'C', 'B'], ['A', 'C', 'B', 'D']]","{'C': 5, 'A': 4, 'B': 4, 'D': 2}","[0.58, 0.75, 1.0]",3.91
99,"[1, 3, 4]","[3, 3, 4]","[0.54, 0.5, 0.79]","[['A', 'B', 'C', 'D'], ['D', 'A', 'C', 'B'], ['A', 'C', 'D', 'B']]","{'C': 5, 'A': 4, 'B': 3, 'D': 3}","[0.58, 0.75, 1.0]",3.91
99,"[1, 3, 4]","[3, 3, 4]","[0.54, 0.5, 0.79]","[['A', 'B', 'C', 'D'], ['D', 'A', 'C', 'B'], ['A', 'D', 'C', 'B']]","{'C': 5, 'A': 4, 'B': 3, 'D': 3}","[0.58, 0.75, 1.0]",3.91
99,"[1, 3, 4]","[3, 3, 4]","[0.54, 0.5, 0.79]","[['A', 'B', 'C', 'D'], ['D', 'A', 'C', 'B'], ['B', 'A', 'C', 'D']]","{'C': 5, 'A': 4, 'B': 4, 'D': 2}","[0.58, 0.75, 1.0]",3.91
99,"[1, 3, 4]","[3, 3, 4]","[0.54, 0.5, 0.79]","[['A', 'B', 'C', 'D'], ['D', 'A', 'C', 'B'], ['B', 'C', 'A', 'D']]","{'C': 5, 'A': 4, 'B': 4, 'D': 2}","[0.58, 0.75, 1.0]",3.91
99,"[1, 3, 4]","[3, 3, 4]","[0.54, 0.5, 0.79]","[['A', 'B', 'C', 'D'], ['D', 'A', 'C', 'B'], ['C', 'A', 'B', 'D']]","{'C': 5, 'A': 4, 'B': 4, 'D': 2}","[0.58, 0.75, 1.0]",3.91
99,"[1, 3, 4]","[3, 3, 4]","[0.54, 0.5, 0.79]","[['A', 'B', 'C', 'D'], ['D', 'A', 'C', 'B'], ['C', 'A', 'D', 'B']]","{'C': 5, 'A': 4, 'B': 3, 'D': 3}","[0.58, 0.75, 1.0]",3.91
99,"[1, 3, 4]","[3, 3, 4]","[0.54, 0.5, 0.79]","[['A', 'B', 'C', 'D'], ['D', 'A', 'C', 'B'], ['C', 'B', 'A', 'D']]","{'C': 5, 'A': 4, 'B': 4, 'D': 2}","[0.58, 0.75, 1.0]",3.91
99,"[1, 3, 4]","[3, 3, 4]","[0.54, 0.5, 0.79]","[['A', 'B', 'C', 'D'], ['D', 'A', 'C', 'B'], ['C', 'D', 'A', 'B']]","{'C': 5, 'A': 4, 'B': 3, 'D': 3}","[0.58, 0.75, 1.0]",3.91
99,"[1, 3, 4]","[3, 3, 4]","[0.54, 0.5, 0.79]","[['A', 'B', 'C', 'D'], ['D', 'A', 'C', 'B'], ['D', 'A', 'C', 'B']]","{'C': 5, 'A': 4, 'B': 3, 'D': 3}","[0.58, 0.75, 1.0]",3.91
99,"[1, 3, 4]","[3, 3, 4]","[0.54, 0.5, 0.79]","[['A', 'B', 'C', 'D'], ['D', 'A', 'C', 'B'], ['D', 'C', 'A', 'B']]","{'C': 5, 'A': 4, 'B': 3, 'D': 3}","[0.58, 0.75, 1.0]",3.91
99,"[1, 3, 4]","[3, 3, 4]","[0.54, 0.5, 0.79]","[['A', 'B', 'C', 'D'], ['D', 'C', 'A', 'B'], ['A', 'B', 'C', 'D']]","{'C': 5, 'A': 4, 'B': 4, 'D': 2}","[0.58, 0.75, 1.0]",3.91
99,"[1, 3, 4]","[3, 3, 4]","[0.54, 0.5, 0.79]","[['A', 'B', 'C', 'D'], ['D', 'C', 'A', 'B'], ['A', 'C', 'B', 'D']]","{'C': 5, 'A': 4, 'B': 4, 'D': 2}","[0.58, 0.75, 1.0]",3.91
99,"[1, 3, 4]","[3, 3, 4]","[0.54, 0.5, 0.79]","[['A', 'B', 'C', 'D'], ['D', 'C', 'A', 'B'], ['A', 'C', 'D', 'B']]","{'C': 5, 'A': 4, 'B': 3, 'D': 3}","[0.58, 0.75, 1.0]",3.91
99,"[1, 3, 4]","[3, 3, 4]","[0.54, 0.5, 0.79]","[['A', 'B', 'C', 'D'], ['D', 'C', 'A', 'B'], ['A', 'D', 'C', 'B']]","{'C': 5, 'A': 4, 'B': 3, 'D': 3}","[0.58, 0.75, 1.0]",3.91
99,"[1, 3, 4]","[3, 3, 4]","[0.54, 0.5, 0.79]","[['A', 'B', 'C', 'D'], ['D', 'C', 'A', 'B'], ['B', 'A', 'C', 'D']]","{'C': 5, 'A': 4, 'B': 4, 'D': 2}","[0.58, 0.75, 1.0]",3.91
99,"[1, 3, 4]","[3, 3, 4]","[0.54, 0.5, 0.79]","[['A', 'B', 'C', 'D'], ['D', 'C', 'A', 'B'], ['B', 'C', 'A', 'D']]","{'C': 5, 'A': 4, 'B': 4, 'D': 2}","[0.58, 0.75, 1.0]",3.91
99,"[1, 3, 4]","[3, 3, 4]","[0.54, 0.5, 0.79]","[['A', 'B', 'C', 'D'], ['D', 'C', 'A', 'B'], ['C', 'A', 'B', 'D']]","{'C': 5, 'A': 4, 'B': 4, 'D': 2}","[0.58, 0.75, 1.0]",3.91
99,"[1, 3, 4]","[3, 3, 4]","[0.54, 0.5, 0.79]","[['A', 'B', 'C', 'D'], ['D', 'C', 'A', 'B'], ['C', 'A', 'D', 'B']]","{'C': 5, 'A': 4, 'B': 3, 'D': 3}","[0.58, 0.75, 1.0]",3.91
99,"[1, 3, 4]","[3, 3, 4]","[0.54, 0.5, 0.79]","[['A', 'B', 'C', 'D'], ['D', 'C', 'A', 'B'], ['C', 'B', 'A', 'D']]","{'C': 5, 'A': 4, 'B': 4, 'D': 2}","[0.58, 0.75, 1.0]",3.91
99,"[1, 3, 4]","[3, 3, 4]","[0.54, 0.5, 0.79]","[['A', 'B', 'C', 'D'], ['D', 'C', 'A', 'B'], ['C', 'D', 'A', 'B']]","{'C': 5, 'A': 4, 'B': 3, 'D': 3}","[0.58, 0.75, 1.0]",3.91
99,"[1, 3, 4]","[3, 3, 4]","[0.54, 0.5, 0.79]","[['A', 'B', 'C', 'D'], ['D', 'C', 'A', 'B'], ['D', 'A', 'C', 'B']]","{'C': 5, 'A': 4, 'B': 3, 'D': 3}","[0.58, 0.75, 1.0]",3.91
99,"[1, 3, 4]","[3, 3, 4]","[0.54, 0.5, 0.79]","[['A', 'B', 'C', 'D'], ['D', 'C', 'A', 'B'], ['D', 'C', 'A', 'B']]","{'C': 5, 'A': 4, 'B': 3, 'D': 3}","[0.58, 0.75, 1.0]",3.91
99,"[1, 3, 4]","[3, 3, 4]","[0.54, 0.5, 0.79]","[['A', 'C', 'B', 'D'], ['A', 'B', 'C', 'D'], ['A', 'C', 'D', 'B']]","{'C': 5, 'A': 4, 'B': 4, 'D': 2}","[0.58, 0.75, 1.0]",3.91
99,"[1, 3, 4]","[3, 3, 4]","[0.54, 0.5, 0.79]","[['A', 'C', 'B', 'D'], ['A', 'B', 'C', 'D'], ['A', 'D', 'C', 'B']]","{'C': 5, 'A': 4, 'B': 4, 'D': 2}","[0.58, 0.75, 1.0]",3.91
99,"[1, 3, 4]","[3, 3, 4]","[0.54, 0.5, 0.79]","[['A', 'C', 'B', 'D'], ['A', 'B', 'C', 'D'], ['C', 'A', 'D', 'B']]","{'C': 5, 'A': 4, 'B': 4, 'D': 2}","[0.58, 0.75, 1.0]",3.91
99,"[1, 3, 4]","[3, 3, 4]","[0.54, 0.5, 0.79]","[['A', 'C', 'B', 'D'], ['A', 'B', 'C', 'D'], ['C', 'D', 'A', 'B']]","{'C': 5, 'A': 4, 'B': 4, 'D': 2}","[0.58, 0.75, 1.0]",3.91
99,"[1, 3, 4]","[3, 3, 4]","[0.54, 0.5, 0.79]","[['A', 'C', 'B', 'D'], ['A', 'B', 'C', 'D'], ['D', 'A', 'C', 'B']]","{'C': 5, 'A': 4, 'B': 4, 'D': 2}","[0.58, 0.75, 1.0]",3.91
99,"[1, 3, 4]","[3, 3, 4]","[0.54, 0.5, 0.79]","[['A', 'C', 'B', 'D'], ['A', 'B', 'C', 'D'], ['D', 'C', 'A', 'B']]","{'C': 5, 'A': 4, 'B': 4, 'D': 2}","[0.58, 0.75, 1.0]",3.91
99,"[1, 3, 4]","[3, 3, 4]","[0.54, 0.5, 0.79]","[['A', 'C', 'B', 'D'], ['A', 'C', 'B', 'D'], ['A', 'C', 'D', 'B']]","{'C': 5, 'A': 4, 'B': 4, 'D': 2}","[0.58, 0.75, 1.0]",3.91
99,"[1, 3, 4]","[3, 3, 4]","[0.54, 0.5, 0.79]","[['A', 'C', 'B', 'D'], ['A', 'C', 'B', 'D'], ['A', 'D', 'C', 'B']]","{'C': 5, 'A': 4, 'B': 4, 'D': 2}","[0.58, 0.75, 1.0]",3.91
99,"[1, 3, 4]","[3, 3, 4]","[0.54, 0.5, 0.79]","[['A', 'C', 'B', 'D'], ['A', 'C', 'B', 'D'], ['C', 'A', 'D', 'B']]","{'C': 5, 'A': 4, 'B': 4, 'D': 2}","[0.58, 0.75, 1.0]",3.91
99,"[1, 3, 4]","[3, 3, 4]","[0.54, 0.5, 0.79]","[['A', 'C', 'B', 'D'], ['A', 'C', 'B', 'D'], ['C', 'D', 'A', 'B']]","{'C': 5, 'A': 4, 'B': 4, 'D': 2}","[0.58, 0.75, 1.0]",3.91
99,"[1, 3, 4]","[3, 3, 4]","[0.54, 0.5, 0.79]","[['A', 'C', 'B', 'D'], ['A', 'C', 'B', 'D'], ['D', 'A', 'C', 'B']]","{'C': 5, 'A': 4, 'B': 4, 'D': 2}","[0.58, 0.75, 1.0]",3.91
99,"[1, 3, 4]","[3, 3, 4]","[0.54, 0.5, 0.79]","[['A', 'C', 'B', 'D'], ['A', 'C', 'B', 'D'], ['D', 'C', 'A', 'B']]","{'C': 5, 'A': 4, 'B': 4, 'D': 2}","[0.58, 0.75, 1.0]",3.91
99,"[1, 3, 4]","[3, 3, 4]","[0.54, 0.5, 0.79]","[['A', 'C', 'B', 'D'], ['A', 'C', 'D', 'B'], ['A', 'B', 'C', 'D']]","{'C': 5, 'A': 4, 'B': 4, 'D': 2}","[0.58, 0.75, 1.0]",3.91
99,"[1, 3, 4]","[3, 3, 4]","[0.54, 0.5, 0.79]","[['A', 'C', 'B', 'D'], ['A', 'C', 'D', 'B'], ['A', 'C', 'B', 'D']]","{'C': 5, 'A': 4, 'B': 4, 'D': 2}","[0.58, 0.75, 1.0]",3.91
99,"[1, 3, 4]","[3, 3, 4]","[0.54, 0.5, 0.79]","[['A', 'C', 'B', 'D'], ['A', 'C', 'D', 'B'], ['A', 'C', 'D', 'B']]","{'C': 5, 'A': 4, 'B': 3, 'D': 3}","[0.58, 0.75, 1.0]",3.91
99,"[1, 3, 4]","[3, 3, 4]","[0.54, 0.5, 0.79]","[['A', 'C', 'B', 'D'], ['A', 'C', 'D', 'B'], ['A', 'D', 'C', 'B']]","{'C': 5, 'A': 4, 'B': 3, 'D': 3}","[0.58, 0.75, 1.0]",3.91
99,"[1, 3, 4]","[3, 3, 4]","[0.54, 0.5, 0.79]","[['A', 'C', 'B', 'D'], ['A', 'C', 'D', 'B'], ['B', 'A', 'C', 'D']]","{'C': 5, 'A': 4, 'B': 4, 'D': 2}","[0.58, 0.75, 1.0]",3.91
99,"[1, 3, 4]","[3, 3, 4]","[0.54, 0.5, 0.79]","[['A', 'C', 'B', 'D'], ['A', 'C', 'D', 'B'], ['B', 'C', 'A', 'D']]","{'C': 5, 'A': 4, 'B': 4, 'D': 2}","[0.58, 0.75, 1.0]",3.91
99,"[1, 3, 4]","[3, 3, 4]","[0.54, 0.5, 0.79]","[['A', 'C', 'B', 'D'], ['A', 'C', 'D', 'B'], ['C', 'A', 'B', 'D']]","{'C': 5, 'A': 4, 'B': 4, 'D': 2}","[0.58, 0.75, 1.0]",3.91
99,"[1, 3, 4]","[3, 3, 4]","[0.54, 0.5, 0.79]","[['A', 'C', 'B', 'D'], ['A', 'C', 'D', 'B'], ['C', 'A', 'D', 'B']]","{'C': 5, 'A': 4, 'B': 3, 'D': 3}","[0.58, 0.75, 1.0]",3.91
99,"[1, 3, 4]","[3, 3, 4]","[0.54, 0.5, 0.79]","[['A', 'C', 'B', 'D'], ['A', 'C', 'D', 'B'], ['C', 'B', 'A', 'D']]","{'C': 5, 'A': 4, 'B': 4, 'D': 2}","[0.58, 0.75, 1.0]",3.91
99,"[1, 3, 4]","[3, 3, 4]","[0.54, 0.5, 0.79]","[['A', 'C', 'B', 'D'], ['A', 'C', 'D', 'B'], ['C', 'D', 'A', 'B']]","{'C': 5, 'A': 4, 'B': 3, 'D': 3}","[0.58, 0.75, 1.0]",3.91
99,"[1, 3, 4]","[3, 3, 4]","[0.54, 0.5, 0.79]","[['A', 'C', 'B', 'D'], ['A', 'C', 'D', 'B'], ['D', 'A', 'C', 'B']]","{'C': 5, 'A': 4, 'B': 3, 'D': 3}","[0.58, 0.75, 1.0]",3.91
99,"[1, 3, 4]","[3, 3, 4]","[0.54, 0.5, 0.79]","[['A', 'C', 'B', 'D'], ['A', 'C', 'D', 'B'], ['D', 'C', 'A', 'B']]","{'C': 5, 'A': 4, 'B': 3, 'D': 3}","[0.58, 0.75, 1.0]",3.91
99,"[1, 3, 4]","[3, 3, 4]","[0.54, 0.5, 0.79]","[['A', 'C', 'B', 'D'], ['A', 'D', 'C', 'B'], ['A', 'B', 'C', 'D']]","{'C': 5, 'A': 4, 'B': 4, 'D': 2}","[0.58, 0.75, 1.0]",3.91
99,"[1, 3, 4]","[3, 3, 4]","[0.54, 0.5, 0.79]","[['A', 'C', 'B', 'D'], ['A', 'D', 'C', 'B'], ['A', 'C', 'B', 'D']]","{'C': 5, 'A': 4, 'B': 4, 'D': 2}","[0.58, 0.75, 1.0]",3.91
99,"[1, 3, 4]","[3, 3, 4]","[0.54, 0.5, 0.79]","[['A', 'C', 'B', 'D'], ['A', 'D', 'C', 'B'], ['A', 'C', 'D', 'B']]","{'C': 5, 'A': 4, 'B': 3, 'D': 3}","[0.58, 0.75, 1.0]",3.91
99,"[1, 3, 4]","[3, 3, 4]","[0.54, 0.5, 0.79]","[['A', 'C', 'B', 'D'], ['A', 'D', 'C', 'B'], ['A', 'D', 'C', 'B']]","{'C': 5, 'A': 4, 'B': 3, 'D': 3}","[0.58, 0.75, 1.0]",3.91
99,"[1, 3, 4]","[3, 3, 4]","[0.54, 0.5, 0.79]","[['A', 'C', 'B', 'D'], ['A', 'D', 'C', 'B'], ['B', 'A', 'C', 'D']]","{'C': 5, 'A': 4, 'B': 4, 'D': 2}","[0.58, 0.75, 1.0]",3.91
99,"[1, 3, 4]","[3, 3, 4]","[0.54, 0.5, 0.79]","[['A', 'C', 'B', 'D'], ['A', 'D', 'C', 'B'], ['B', 'C', 'A', 'D']]","{'C': 5, 'A': 4, 'B': 4, 'D': 2}","[0.58, 0.75, 1.0]",3.91
99,"[1, 3, 4]","[3, 3, 4]","[0.54, 0.5, 0.79]","[['A', 'C', 'B', 'D'], ['A', 'D', 'C', 'B'], ['C', 'A', 'B', 'D']]","{'C': 5, 'A': 4, 'B': 4, 'D': 2}","[0.58, 0.75, 1.0]",3.91
99,"[1, 3, 4]","[3, 3, 4]","[0.54, 0.5, 0.79]","[['A', 'C', 'B', 'D'], ['A', 'D', 'C', 'B'], ['C', 'A', 'D', 'B']]","{'C': 5, 'A': 4, 'B': 3, 'D': 3}","[0.58, 0.75, 1.0]",3.91
99,"[1, 3, 4]","[3, 3, 4]","[0.54, 0.5, 0.79]","[['A', 'C', 'B', 'D'], ['A', 'D', 'C', 'B'], ['C', 'B', 'A', 'D']]","{'C': 5, 'A': 4, 'B': 4, 'D': 2}","[0.58, 0.75, 1.0]",3.91
99,"[1, 3, 4]","[3, 3, 4]","[0.54, 0.5, 0.79]","[['A', 'C', 'B', 'D'], ['A', 'D', 'C', 'B'], ['C', 'D', 'A', 'B']]","{'C': 5, 'A': 4, 'B': 3, 'D': 3}","[0.58, 0.75, 1.0]",3.91
99,"[1, 3, 4]","[3, 3, 4]","[0.54, 0.5, 0.79]","[['A', 'C', 'B', 'D'], ['A', 'D', 'C', 'B'], ['D', 'A', 'C', 'B']]","{'C': 5, 'A': 4, 'B': 3, 'D': 3}","[0.58, 0.75, 1.0]",3.91
99,"[1, 3, 4]","[3, 3, 4]","[0.54, 0.5, 0.79]","[['A', 'C', 'B', 'D'], ['A', 'D', 'C', 'B'], ['D', 'C', 'A', 'B']]","{'C': 5, 'A': 4, 'B': 3, 'D': 3}","[0.58, 0.75, 1.0]",3.91
99,"[1, 3, 4]","[3, 3, 4]","[0.54, 0.5, 0.79]","[['A', 'C', 'B', 'D'], ['B', 'A', 'C', 'D'], ['A', 'C', 'D', 'B']]","{'C': 5, 'A': 4, 'B': 4, 'D': 2}","[0.58, 0.75, 1.0]",3.91
99,"[1, 3, 4]","[3, 3, 4]","[0.54, 0.5, 0.79]","[['A', 'C', 'B', 'D'], ['B', 'A', 'C', 'D'], ['A', 'D', 'C', 'B']]","{'C': 5, 'A': 4, 'B': 4, 'D': 2}","[0.58, 0.75, 1.0]",3.91
99,"[1, 3, 4]","[3, 3, 4]","[0.54, 0.5, 0.79]","[['A', 'C', 'B', 'D'], ['B', 'A', 'C', 'D'], ['C', 'A', 'D', 'B']]","{'C': 5, 'A': 4, 'B': 4, 'D': 2}","[0.58, 0.75, 1.0]",3.91
99,"[1, 3, 4]","[3, 3, 4]","[0.54, 0.5, 0.79]","[['A', 'C', 'B', 'D'], ['B', 'A', 'C', 'D'], ['C', 'D', 'A', 'B']]","{'C': 5, 'A': 4, 'B': 4, 'D': 2}","[0.58, 0.75, 1.0]",3.91
99,"[1, 3, 4]","[3, 3, 4]","[0.54, 0.5, 0.79]","[['A', 'C', 'B', 'D'], ['B', 'A', 'C', 'D'], ['D', 'A', 'C', 'B']]","{'C': 5, 'A': 4, 'B': 4, 'D': 2}","[0.58, 0.75, 1.0]",3.91
99,"[1, 3, 4]","[3, 3, 4]","[0.54, 0.5, 0.79]","[['A', 'C', 'B', 'D'], ['B', 'A', 'C', 'D'], ['D', 'C', 'A', 'B']]","{'C': 5, 'A': 4, 'B': 4, 'D': 2}","[0.58, 0.75, 1.0]",3.91
99,"[1, 3, 4]","[3, 3, 4]","[0.54, 0.5, 0.79]","[['A', 'C', 'B', 'D'], ['B', 'C', 'A', 'D'], ['A', 'C', 'D', 'B']]","{'C': 5, 'A': 4, 'B': 4, 'D': 2}","[0.58, 0.75, 1.0]",3.91
99,"[1, 3, 4]","[3, 3, 4]","[0.54, 0.5, 0.79]","[['A', 'C', 'B', 'D'], ['B', 'C', 'A', 'D'], ['A', 'D', 'C', 'B']]","{'C': 5, 'A': 4, 'B': 4, 'D': 2}","[0.58, 0.75, 1.0]",3.91
99,"[1, 3, 4]","[3, 3, 4]","[0.54, 0.5, 0.79]","[['A', 'C', 'B', 'D'], ['B', 'C', 'A', 'D'], ['C', 'A', 'D', 'B']]","{'C': 5, 'A': 4, 'B': 4, 'D': 2}","[0.58, 0.75, 1.0]",3.91
99,"[1, 3, 4]","[3, 3, 4]","[0.54, 0.5, 0.79]","[['A', 'C', 'B', 'D'], ['B', 'C', 'A', 'D'], ['C', 'D', 'A', 'B']]","{'C': 5, 'A': 4, 'B': 4, 'D': 2}","[0.58, 0.75, 1.0]",3.91
99,"[1, 3, 4]","[3, 3, 4]","[0.54, 0.5, 0.79]","[['A', 'C', 'B', 'D'], ['B', 'C', 'A', 'D'], ['D', 'A', 'C', 'B']]","{'C': 5, 'A': 4, 'B': 4, 'D': 2}","[0.58, 0.75, 1.0]",3.91
99,"[1, 3, 4]","[3, 3, 4]","[0.54, 0.5, 0.79]","[['A', 'C', 'B', 'D'], ['B', 'C', 'A', 'D'], ['D', 'C', 'A', 'B']]","{'C': 5, 'A': 4, 'B': 4, 'D': 2}","[0.58, 0.75, 1.0]",3.91
99,"[1, 3, 4]","[3, 3, 4]","[0.54, 0.5, 0.79]","[['A', 'C', 'B', 'D'], ['C', 'A', 'B', 'D'], ['A', 'C', 'D', 'B']]","{'C': 5, 'A': 4, 'B': 4, 'D': 2}","[0.58, 0.75, 1.0]",3.91
99,"[1, 3, 4]","[3, 3, 4]","[0.54, 0.5, 0.79]","[['A', 'C', 'B', 'D'], ['C', 'A', 'B', 'D'], ['A', 'D', 'C', 'B']]","{'C': 5, 'A': 4, 'B': 4, 'D': 2}","[0.58, 0.75, 1.0]",3.91
99,"[1, 3, 4]","[3, 3, 4]","[0.54, 0.5, 0.79]","[['A', 'C', 'B', 'D'], ['C', 'A', 'B', 'D'], ['C', 'A', 'D', 'B']]","{'C': 5, 'A': 4, 'B': 4, 'D': 2}","[0.58, 0.75, 1.0]",3.91
99,"[1, 3, 4]","[3, 3, 4]","[0.54, 0.5, 0.79]","[['A', 'C', 'B', 'D'], ['C', 'A', 'B', 'D'], ['C', 'D', 'A', 'B']]","{'C': 5, 'A': 4, 'B': 4, 'D': 2}","[0.58, 0.75, 1.0]",3.91
99,"[1, 3, 4]","[3, 3, 4]","[0.54, 0.5, 0.79]","[['A', 'C', 'B', 'D'], ['C', 'A', 'B', 'D'], ['D', 'A', 'C', 'B']]","{'C': 5, 'A': 4, 'B': 4, 'D': 2}","[0.58, 0.75, 1.0]",3.91
99,"[1, 3, 4]","[3, 3, 4]","[0.54, 0.5, 0.79]","[['A', 'C', 'B', 'D'], ['C', 'A', 'B', 'D'], ['D', 'C', 'A', 'B']]","{'C': 5, 'A': 4, 'B': 4, 'D': 2}","[0.58, 0.75, 1.0]",3.91
99,"[1, 3, 4]","[3, 3, 4]","[0.54, 0.5, 0.79]","[['A', 'C', 'B', 'D'], ['C', 'A', 'D', 'B'], ['A', 'B', 'C', 'D']]","{'C': 5, 'A': 4, 'B': 4, 'D': 2}","[0.58, 0.75, 1.0]",3.91
99,"[1, 3, 4]","[3, 3, 4]","[0.54, 0.5, 0.79]","[['A', 'C', 'B', 'D'], ['C', 'A', 'D', 'B'], ['A', 'C', 'B', 'D']]","{'C': 5, 'A': 4, 'B': 4, 'D': 2}","[0.58, 0.75, 1.0]",3.91
99,"[1, 3, 4]","[3, 3, 4]","[0.54, 0.5, 0.79]","[['A', 'C', 'B', 'D'], ['C', 'A', 'D', 'B'], ['A', 'C', 'D', 'B']]","{'C': 5, 'A': 4, 'B': 3, 'D': 3}","[0.58, 0.75, 1.0]",3.91
99,"[1, 3, 4]","[3, 3, 4]","[0.54, 0.5, 0.79]","[['A', 'C', 'B', 'D'], ['C', 'A', 'D', 'B'], ['A', 'D', 'C', 'B']]","{'C': 5, 'A': 4, 'B': 3, 'D': 3}","[0.58, 0.75, 1.0]",3.91
99,"[1, 3, 4]","[3, 3, 4]","[0.54, 0.5, 0.79]","[['A', 'C', 'B', 'D'], ['C', 'A', 'D', 'B'], ['B', 'A', 'C', 'D']]","{'C': 5, 'A': 4, 'B': 4, 'D': 2}","[0.58, 0.75, 1.0]",3.91
99,"[1, 3, 4]","[3, 3, 4]","[0.54, 0.5, 0.79]","[['A', 'C', 'B', 'D'], ['C', 'A', 'D', 'B'], ['B', 'C', 'A', 'D']]","{'C': 5, 'A': 4, 'B': 4, 'D': 2}","[0.58, 0.75, 1.0]",3.91
99,"[1, 3, 4]","[3, 3, 4]","[0.54, 0.5, 0.79]","[['A', 'C', 'B', 'D'], ['C', 'A', 'D', 'B'], ['C', 'A', 'B', 'D']]","{'C': 5, 'A': 4, 'B': 4, 'D': 2}","[0.58, 0.75, 1.0]",3.91
99,"[1, 3, 4]","[3, 3, 4]","[0.54, 0.5, 0.79]","[['A', 'C', 'B', 'D'], ['C', 'A', 'D', 'B'], ['C', 'A', 'D', 'B']]","{'C': 5, 'A': 4, 'B': 3, 'D': 3}","[0.58, 0.75, 1.0]",3.91
99,"[1, 3, 4]","[3, 3, 4]","[0.54, 0.5, 0.79]","[['A', 'C', 'B', 'D'], ['C', 'A', 'D', 'B'], ['C', 'B', 'A', 'D']]","{'C': 5, 'A': 4, 'B': 4, 'D': 2}","[0.58, 0.75, 1.0]",3.91
99,"[1, 3, 4]","[3, 3, 4]","[0.54, 0.5, 0.79]","[['A', 'C', 'B', 'D'], ['C', 'A', 'D', 'B'], ['C', 'D', 'A', 'B']]","{'C': 5, 'A': 4, 'B': 3, 'D': 3}","[0.58, 0.75, 1.0]",3.91
99,"[1, 3, 4]","[3, 3, 4]","[0.54, 0.5, 0.79]","[['A', 'C', 'B', 'D'], ['C', 'A', 'D', 'B'], ['D', 'A', 'C', 'B']]","{'C': 5, 'A': 4, 'B': 3, 'D': 3}","[0.58, 0.75, 1.0]",3.91
99,"[1, 3, 4]","[3, 3, 4]","[0.54, 0.5, 0.79]","[['A', 'C', 'B', 'D'], ['C', 'A', 'D', 'B'], ['D', 'C', 'A', 'B']]","{'C': 5, 'A': 4, 'B': 3, 'D': 3}","[0.58, 0.75, 1.0]",3.91
99,"[1, 3, 4]","[3, 3, 4]","[0.54, 0.5, 0.79]","[['A', 'C', 'B', 'D'], ['C', 'B', 'A', 'D'], ['A', 'C', 'D', 'B']]","{'C': 5, 'A': 4, 'B': 4, 'D': 2}","[0.58, 0.75, 1.0]",3.91
99,"[1, 3, 4]","[3, 3, 4]","[0.54, 0.5, 0.79]","[['A', 'C', 'B', 'D'], ['C', 'B', 'A', 'D'], ['A', 'D', 'C', 'B']]","{'C': 5, 'A': 4, 'B': 4, 'D': 2}","[0.58, 0.75, 1.0]",3.91
99,"[1, 3, 4]","[3, 3, 4]","[0.54, 0.5, 0.79]","[['A', 'C', 'B', 'D'], ['C', 'B', 'A', 'D'], ['C', 'A', 'D', 'B']]","{'C': 5, 'A': 4, 'B': 4, 'D': 2}","[0.58, 0.75, 1.0]",3.91
99,"[1, 3, 4]","[3, 3, 4]","[0.54, 0.5, 0.79]","[['A', 'C', 'B', 'D'], ['C', 'B', 'A', 'D'], ['C', 'D', 'A', 'B']]","{'C': 5, 'A': 4, 'B': 4, 'D': 2}","[0.58, 0.75, 1.0]",3.91
99,"[1, 3, 4]","[3, 3, 4]","[0.54, 0.5, 0.79]","[['A', 'C', 'B', 'D'], ['C', 'B', 'A', 'D'], ['D', 'A', 'C', 'B']]","{'C': 5, 'A': 4, 'B': 4, 'D': 2}","[0.58, 0.75, 1.0]",3.91
99,"[1, 3, 4]","[3, 3, 4]","[0.54, 0.5, 0.79]","[['A', 'C', 'B', 'D'], ['C', 'B', 'A', 'D'], ['D', 'C', 'A', 'B']]","{'C': 5, 'A': 4, 'B': 4, 'D': 2}","[0.58, 0.75, 1.0]",3.91
99,"[1, 3, 4]","[3, 3, 4]","[0.54, 0.5, 0.79]","[['A', 'C', 'B', 'D'], ['C', 'D', 'A', 'B'], ['A', 'B', 'C', 'D']]","{'C': 5, 'A': 4, 'B': 4, 'D': 2}","[0.58, 0.75, 1.0]",3.91
99,"[1, 3, 4]","[3, 3, 4]","[0.54, 0.5, 0.79]","[['A', 'C', 'B', 'D'], ['C', 'D', 'A', 'B'], ['A', 'C', 'B', 'D']]","{'C': 5, 'A': 4, 'B': 4, 'D': 2}","[0.58, 0.75, 1.0]",3.91
99,"[1, 3, 4]","[3, 3, 4]","[0.54, 0.5, 0.79]","[['A', 'C', 'B', 'D'], ['C', 'D', 'A', 'B'], ['A', 'C', 'D', 'B']]","{'C': 5, 'A': 4, 'B': 3, 'D': 3}","[0.58, 0.75, 1.0]",3.91
99,"[1, 3, 4]","[3, 3, 4]","[0.54, 0.5, 0.79]","[['A', 'C', 'B', 'D'], ['C', 'D', 'A', 'B'], ['A', 'D', 'C', 'B']]","{'C': 5, 'A': 4, 'B': 3, 'D': 3}","[0.58, 0.75, 1.0]",3.91
99,"[1, 3, 4]","[3, 3, 4]","[0.54, 0.5, 0.79]","[['A', 'C', 'B', 'D'], ['C', 'D', 'A', 'B'], ['B', 'A', 'C', 'D']]","{'C': 5, 'A': 4, 'B': 4, 'D': 2}","[0.58, 0.75, 1.0]",3.91
99,"[1, 3, 4]","[3, 3, 4]","[0.54, 0.5, 0.79]","[['A', 'C', 'B', 'D'], ['C', 'D', 'A', 'B'], ['B', 'C', 'A', 'D']]","{'C': 5, 'A': 4, 'B': 4, 'D': 2}","[0.58, 0.75, 1.0]",3.91
99,"[1, 3, 4]","[3, 3, 4]","[0.54, 0.5, 0.79]","[['A', 'C', 'B', 'D'], ['C', 'D', 'A', 'B'], ['C', 'A', 'B', 'D']]","{'C': 5, 'A': 4, 'B': 4, 'D': 2}","[0.58, 0.75, 1.0]",3.91
99,"[1, 3, 4]","[3, 3, 4]","[0.54, 0.5, 0.79]","[['A', 'C', 'B', 'D'], ['C', 'D', 'A', 'B'], ['C', 'A', 'D', 'B']]","{'C': 5, 'A': 4, 'B': 3, 'D': 3}","[0.58, 0.75, 1.0]",3.91
99,"[1, 3, 4]","[3, 3, 4]","[0.54, 0.5, 0.79]","[['A', 'C', 'B', 'D'], ['C', 'D', 'A', 'B'], ['C', 'B', 'A', 'D']]","{'C': 5, 'A': 4, 'B': 4, 'D': 2}","[0.58, 0.75, 1.0]",3.91
99,"[1, 3, 4]","[3, 3, 4]","[0.54, 0.5, 0.79]","[['A', 'C', 'B', 'D'], ['C', 'D', 'A', 'B'], ['C', 'D', 'A', 'B']]","{'C': 5, 'A': 4, 'B': 3, 'D': 3}","[0.58, 0.75, 1.0]",3.91
99,"[1, 3, 4]","[3, 3, 4]","[0.54, 0.5, 0.79]","[['A', 'C', 'B', 'D'], ['C', 'D', 'A', 'B'], ['D', 'A', 'C', 'B']]","{'C': 5, 'A': 4, 'B': 3, 'D': 3}","[0.58, 0.75, 1.0]",3.91
99,"[1, 3, 4]","[3, 3, 4]","[0.54, 0.5, 0.79]","[['A', 'C', 'B', 'D'], ['C', 'D', 'A', 'B'], ['D', 'C', 'A', 'B']]","{'C': 5, 'A': 4, 'B': 3, 'D': 3}","[0.58, 0.75, 1.0]",3.91
99,"[1, 3, 4]","[3, 3, 4]","[0.54, 0.5, 0.79]","[['A', 'C', 'B', 'D'], ['D', 'A', 'C', 'B'], ['A', 'B', 'C', 'D']]","{'C': 5, 'A': 4, 'B': 4, 'D': 2}","[0.58, 0.75, 1.0]",3.91
99,"[1, 3, 4]","[3, 3, 4]","[0.54, 0.5, 0.79]","[['A', 'C', 'B', 'D'], ['D', 'A', 'C', 'B'], ['A', 'C', 'B', 'D']]","{'C': 5, 'A': 4, 'B': 4, 'D': 2}","[0.58, 0.75, 1.0]",3.91
99,"[1, 3, 4]","[3, 3, 4]","[0.54, 0.5, 0.79]","[['A', 'C', 'B', 'D'], ['D', 'A', 'C', 'B'], ['A', 'C', 'D', 'B']]","{'C': 5, 'A': 4, 'B': 3, 'D': 3}","[0.58, 0.75, 1.0]",3.91
99,"[1, 3, 4]","[3, 3, 4]","[0.54, 0.5, 0.79]","[['A', 'C', 'B', 'D'], ['D', 'A', 'C', 'B'], ['A', 'D', 'C', 'B']]","{'C': 5, 'A': 4, 'B': 3, 'D': 3}","[0.58, 0.75, 1.0]",3.91
99,"[1, 3, 4]","[3, 3, 4]","[0.54, 0.5, 0.79]","[['A', 'C', 'B', 'D'], ['D', 'A', 'C', 'B'], ['B', 'A', 'C', 'D']]","{'C': 5, 'A': 4, 'B': 4, 'D': 2}","[0.58, 0.75, 1.0]",3.91
99,"[1, 3, 4]","[3, 3, 4]","[0.54, 0.5, 0.79]","[['A', 'C', 'B', 'D'], ['D', 'A', 'C', 'B'], ['B', 'C', 'A', 'D']]","{'C': 5, 'A': 4, 'B': 4, 'D': 2}","[0.58, 0.75, 1.0]",3.91
99,"[1, 3, 4]","[3, 3, 4]","[0.54, 0.5, 0.79]","[['A', 'C', 'B', 'D'], ['D', 'A', 'C', 'B'], ['C', 'A', 'B', 'D']]","{'C': 5, 'A': 4, 'B': 4, 'D': 2}","[0.58, 0.75, 1.0]",3.91
99,"[1, 3, 4]","[3, 3, 4]","[0.54, 0.5, 0.79]","[['A', 'C', 'B', 'D'], ['D', 'A', 'C', 'B'], ['C', 'A', 'D', 'B']]","{'C': 5, 'A': 4, 'B': 3, 'D': 3}","[0.58, 0.75, 1.0]",3.91
99,"[1, 3, 4]","[3, 3, 4]","[0.54, 0.5, 0.79]","[['A', 'C', 'B', 'D'], ['D', 'A', 'C', 'B'], ['C', 'B', 'A', 'D']]","{'C': 5, 'A': 4, 'B': 4, 'D': 2}","[0.58, 0.75, 1.0]",3.91
99,"[1, 3, 4]","[3, 3, 4]","[0.54, 0.5, 0.79]","[['A', 'C', 'B', 'D'], ['D', 'A', 'C', 'B'], ['C', 'D', 'A', 'B']]","{'C': 5, 'A': 4, 'B': 3, 'D': 3}","[0.58, 0.75, 1.0]",3.91
99,"[1, 3, 4]","[3, 3, 4]","[0.54, 0.5, 0.79]","[['A', 'C', 'B', 'D'], ['D', 'A', 'C', 'B'], ['D', 'A', 'C', 'B']]","{'C': 5, 'A': 4, 'B': 3, 'D': 3}","[0.58, 0.75, 1.0]",3.91
99,"[1, 3, 4]","[3, 3, 4]","[0.54, 0.5, 0.79]","[['A', 'C', 'B', 'D'], ['D', 'A', 'C', 'B'], ['D', 'C', 'A', 'B']]","{'C': 5, 'A': 4, 'B': 3, 'D': 3}","[0.58, 0.75, 1.0]",3.91
99,"[1, 3, 4]","[3, 3, 4]","[0.54, 0.5, 0.79]","[['A', 'C', 'B', 'D'], ['D', 'C', 'A', 'B'], ['A', 'B', 'C', 'D']]","{'C': 5, 'A': 4, 'B': 4, 'D': 2}","[0.58, 0.75, 1.0]",3.91
99,"[1, 3, 4]","[3, 3, 4]","[0.54, 0.5, 0.79]","[['A', 'C', 'B', 'D'], ['D', 'C', 'A', 'B'], ['A', 'C', 'B', 'D']]","{'C': 5, 'A': 4, 'B': 4, 'D': 2}","[0.58, 0.75, 1.0]",3.91
99,"[1, 3, 4]","[3, 3, 4]","[0.54, 0.5, 0.79]","[['A', 'C', 'B', 'D'], ['D', 'C', 'A', 'B'], ['A', 'C', 'D', 'B']]","{'C': 5, 'A': 4, 'B': 3, 'D': 3}","[0.58, 0.75, 1.0]",3.91
99,"[1, 3, 4]","[3, 3, 4]","[0.54, 0.5, 0.79]","[['A', 'C', 'B', 'D'], ['D', 'C', 'A', 'B'], ['A', 'D', 'C', 'B']]","{'C': 5, 'A': 4, 'B': 3, 'D': 3}","[0.58, 0.75, 1.0]",3.91
99,"[1, 3, 4]","[3, 3, 4]","[0.54, 0.5, 0.79]","[['A', 'C', 'B', 'D'], ['D', 'C', 'A', 'B'], ['B', 'A', 'C', 'D']]","{'C': 5, 'A': 4, 'B': 4, 'D': 2}","[0.58, 0.75, 1.0]",3.91
99,"[1, 3, 4]","[3, 3, 4]","[0.54, 0.5, 0.79]","[['A', 'C', 'B', 'D'], ['D', 'C', 'A', 'B'], ['B', 'C', 'A', 'D']]","{'C': 5, 'A': 4, 'B': 4, 'D': 2}","[0.58, 0.75, 1.0]",3.91
99,"[1, 3, 4]","[3, 3, 4]","[0.54, 0.5, 0.79]","[['A', 'C', 'B', 'D'], ['D', 'C', 'A', 'B'], ['C', 'A', 'B', 'D']]","{'C': 5, 'A': 4, 'B': 4, 'D': 2}","[0.58, 0.75, 1.0]",3.91
99,"[1, 3, 4]","[3, 3, 4]","[0.54, 0.5, 0.79]","[['A', 'C', 'B', 'D'], ['D', 'C', 'A', 'B'], ['C', 'A', 'D', 'B']]","{'C': 5, 'A': 4, 'B': 3, 'D': 3}","[0.58, 0.75, 1.0]",3.91
99,"[1, 3, 4]","[3, 3, 4]","[0.54, 0.5, 0.79]","[['A', 'C', 'B', 'D'], ['D', 'C', 'A', 'B'], ['C', 'B', 'A', 'D']]","{'C': 5, 'A': 4, 'B': 4, 'D': 2}","[0.58, 0.75, 1.0]",3.91
99,"[1, 3, 4]","[3, 3, 4]","[0.54, 0.5, 0.79]","[['A', 'C', 'B', 'D'], ['D', 'C', 'A', 'B'], ['C', 'D', 'A', 'B']]","{'C': 5, 'A': 4, 'B': 3, 'D': 3}","[0.58, 0.75, 1.0]",3.91
99,"[1, 3, 4]","[3, 3, 4]","[0.54, 0.5, 0.79]","[['A', 'C', 'B', 'D'], ['D', 'C', 'A', 'B'], ['D', 'A', 'C', 'B']]","{'C': 5, 'A': 4, 'B': 3, 'D': 3}","[0.58, 0.75, 1.0]",3.91
99,"[1, 3, 4]","[3, 3, 4]","[0.54, 0.5, 0.79]","[['A', 'C', 'B', 'D'], ['D', 'C', 'A', 'B'], ['D', 'C', 'A', 'B']]","{'C': 5, 'A': 4, 'B': 3, 'D': 3}","[0.58, 0.75, 1.0]",3.91
99,"[1, 3, 4]","[3, 3, 4]","[0.54, 0.5, 0.79]","[['A', 'C', 'D', 'B'], ['A', 'B', 'C', 'D'], ['A', 'B', 'C', 'D']]","{'C': 5, 'A': 4, 'B': 4, 'D': 2}","[0.58, 0.75, 1.0]",3.91
99,"[1, 3, 4]","[3, 3, 4]","[0.54, 0.5, 0.79]","[['A', 'C', 'D', 'B'], ['A', 'B', 'C', 'D'], ['A', 'C', 'B', 'D']]","{'C': 5, 'A': 4, 'B': 4, 'D': 2}","[0.58, 0.75, 1.0]",3.91
99,"[1, 3, 4]","[3, 3, 4]","[0.54, 0.5, 0.79]","[['A', 'C', 'D', 'B'], ['A', 'B', 'C', 'D'], ['A', 'C', 'D', 'B']]","{'C': 5, 'A': 4, 'B': 3, 'D': 3}","[0.58, 0.75, 1.0]",3.91
99,"[1, 3, 4]","[3, 3, 4]","[0.54, 0.5, 0.79]","[['A', 'C', 'D', 'B'], ['A', 'B', 'C', 'D'], ['A', 'D', 'C', 'B']]","{'C': 5, 'A': 4, 'B': 3, 'D': 3}","[0.58, 0.75, 1.0]",3.91
99,"[1, 3, 4]","[3, 3, 4]","[0.54, 0.5, 0.79]","[['A', 'C', 'D', 'B'], ['A', 'B', 'C', 'D'], ['B', 'A', 'C', 'D']]","{'C': 5, 'A': 4, 'B': 4, 'D': 2}","[0.58, 0.75, 1.0]",3.91
99,"[1, 3, 4]","[3, 3, 4]","[0.54, 0.5, 0.79]","[['A', 'C', 'D', 'B'], ['A', 'B', 'C', 'D'], ['B', 'C', 'A', 'D']]","{'C': 5, 'A': 4, 'B': 4, 'D': 2}","[0.58, 0.75, 1.0]",3.91
99,"[1, 3, 4]","[3, 3, 4]","[0.54, 0.5, 0.79]","[['A', 'C', 'D', 'B'], ['A', 'B', 'C', 'D'], ['C', 'A', 'B', 'D']]","{'C': 5, 'A': 4, 'B': 4, 'D': 2}","[0.58, 0.75, 1.0]",3.91
99,"[1, 3, 4]","[3, 3, 4]","[0.54, 0.5, 0.79]","[['A', 'C', 'D', 'B'], ['A', 'B', 'C', 'D'], ['C', 'A', 'D', 'B']]","{'C': 5, 'A': 4, 'B': 3, 'D': 3}","[0.58, 0.75, 1.0]",3.91
99,"[1, 3, 4]","[3, 3, 4]","[0.54, 0.5, 0.79]","[['A', 'C', 'D', 'B'], ['A', 'B', 'C', 'D'], ['C', 'B', 'A', 'D']]","{'C': 5, 'A': 4, 'B': 4, 'D': 2}","[0.58, 0.75, 1.0]",3.91
99,"[1, 3, 4]","[3, 3, 4]","[0.54, 0.5, 0.79]","[['A', 'C', 'D', 'B'], ['A', 'B', 'C', 'D'], ['C', 'D', 'A', 'B']]","{'C': 5, 'A': 4, 'B': 3, 'D': 3}","[0.58, 0.75, 1.0]",3.91
99,"[1, 3, 4]","[3, 3, 4]","[0.54, 0.5, 0.79]","[['A', 'C', 'D', 'B'], ['A', 'B', 'C', 'D'], ['D', 'A', 'C', 'B']]","{'C': 5, 'A': 4, 'B': 3, 'D': 3}","[0.58, 0.75, 1.0]",3.91
99,"[1, 3, 4]","[3, 3, 4]","[0.54, 0.5, 0.79]","[['A', 'C', 'D', 'B'], ['A', 'B', 'C', 'D'], ['D', 'C', 'A', 'B']]","{'C': 5, 'A': 4, 'B': 3, 'D': 3}","[0.58, 0.75, 1.0]",3.91
99,"[1, 3, 4]","[3, 3, 4]","[0.54, 0.5, 0.79]","[['A', 'C', 'D', 'B'], ['A', 'C', 'B', 'D'], ['A', 'B', 'C', 'D']]","{'C': 5, 'A': 4, 'B': 4, 'D': 2}","[0.58, 0.75, 1.0]",3.91
99,"[1, 3, 4]","[3, 3, 4]","[0.54, 0.5, 0.79]","[['A', 'C', 'D', 'B'], ['A', 'C', 'B', 'D'], ['A', 'C', 'B', 'D']]","{'C': 5, 'A': 4, 'B': 4, 'D': 2}","[0.58, 0.75, 1.0]",3.91
99,"[1, 3, 4]","[3, 3, 4]","[0.54, 0.5, 0.79]","[['A', 'C', 'D', 'B'], ['A', 'C', 'B', 'D'], ['A', 'C', 'D', 'B']]","{'C': 5, 'A': 4, 'B': 3, 'D': 3}","[0.58, 0.75, 1.0]",3.91
99,"[1, 3, 4]","[3, 3, 4]","[0.54, 0.5, 0.79]","[['A', 'C', 'D', 'B'], ['A', 'C', 'B', 'D'], ['A', 'D', 'C', 'B']]","{'C': 5, 'A': 4, 'B': 3, 'D': 3}","[0.58, 0.75, 1.0]",3.91
99,"[1, 3, 4]","[3, 3, 4]","[0.54, 0.5, 0.79]","[['A', 'C', 'D', 'B'], ['A', 'C', 'B', 'D'], ['B', 'A', 'C', 'D']]","{'C': 5, 'A': 4, 'B': 4, 'D': 2}","[0.58, 0.75, 1.0]",3.91
99,"[1, 3, 4]","[3, 3, 4]","[0.54, 0.5, 0.79]","[['A', 'C', 'D', 'B'], ['A', 'C', 'B', 'D'], ['B', 'C', 'A', 'D']]","{'C': 5, 'A': 4, 'B': 4, 'D': 2}","[0.58, 0.75, 1.0]",3.91
99,"[1, 3, 4]","[3, 3, 4]","[0.54, 0.5, 0.79]","[['A', 'C', 'D', 'B'], ['A', 'C', 'B', 'D'], ['C', 'A', 'B', 'D']]","{'C': 5, 'A': 4, 'B': 4, 'D': 2}","[0.58, 0.75, 1.0]",3.91
99,"[1, 3, 4]","[3, 3, 4]","[0.54, 0.5, 0.79]","[['A', 'C', 'D', 'B'], ['A', 'C', 'B', 'D'], ['C', 'A', 'D', 'B']]","{'C': 5, 'A': 4, 'B': 3, 'D': 3}","[0.58, 0.75, 1.0]",3.91
99,"[1, 3, 4]","[3, 3, 4]","[0.54, 0.5, 0.79]","[['A', 'C', 'D', 'B'], ['A', 'C', 'B', 'D'], ['C', 'B', 'A', 'D']]","{'C': 5, 'A': 4, 'B': 4, 'D': 2}","[0.58, 0.75, 1.0]",3.91
99,"[1, 3, 4]","[3, 3, 4]","[0.54, 0.5, 0.79]","[['A', 'C', 'D', 'B'], ['A', 'C', 'B', 'D'], ['C', 'D', 'A', 'B']]","{'C': 5, 'A': 4, 'B': 3, 'D': 3}","[0.58, 0.75, 1.0]",3.91
99,"[1, 3, 4]","[3, 3, 4]","[0.54, 0.5, 0.79]","[['A', 'C', 'D', 'B'], ['A', 'C', 'B', 'D'], ['D', 'A', 'C', 'B']]","{'C': 5, 'A': 4, 'B': 3, 'D': 3}","[0.58, 0.75, 1.0]",3.91
99,"[1, 3, 4]","[3, 3, 4]","[0.54, 0.5, 0.79]","[['A', 'C', 'D', 'B'], ['A', 'C', 'B', 'D'], ['D', 'C', 'A', 'B']]","{'C': 5, 'A': 4, 'B': 3, 'D': 3}","[0.58, 0.75, 1.0]",3.91
99,"[1, 3, 4]","[3, 3, 4]","[0.54, 0.5, 0.79]","[['A', 'C', 'D', 'B'], ['A', 'C', 'D', 'B'], ['A', 'B', 'C', 'D']]","{'C': 5, 'A': 4, 'B': 3, 'D': 3}","[0.58, 0.75, 1.0]",3.91
99,"[1, 3, 4]","[3, 3, 4]","[0.54, 0.5, 0.79]","[['A', 'C', 'D', 'B'], ['A', 'C', 'D', 'B'], ['A', 'C', 'B', 'D']]","{'C': 5, 'A': 4, 'B': 3, 'D': 3}","[0.58, 0.75, 1.0]",3.91
99,"[1, 3, 4]","[3, 3, 4]","[0.54, 0.5, 0.79]","[['A', 'C', 'D', 'B'], ['A', 'C', 'D', 'B'], ['A', 'C', 'D', 'B']]","{'C': 5, 'A': 4, 'D': 4, 'B': 2}","[0.58, 0.88, 1.0]",4.0
99,"[1, 3, 4]","[3, 3, 4]","[0.54, 0.5, 0.79]","[['A', 'C', 'D', 'B'], ['A', 'C', 'D', 'B'], ['A', 'D', 'C', 'B']]","{'C': 5, 'A': 4, 'D': 4, 'B': 2}","[0.58, 0.88, 1.0]",4.0
99,"[1, 3, 4]","[3, 3, 4]","[0.54, 0.5, 0.79]","[['A', 'C', 'D', 'B'], ['A', 'C', 'D', 'B'], ['B', 'A', 'C', 'D']]","{'C': 5, 'A': 4, 'B': 3, 'D': 3}","[0.58, 0.75, 1.0]",3.91
99,"[1, 3, 4]","[3, 3, 4]","[0.54, 0.5, 0.79]","[['A', 'C', 'D', 'B'], ['A', 'C', 'D', 'B'], ['B', 'C', 'A', 'D']]","{'C': 5, 'A': 4, 'B': 3, 'D': 3}","[0.58, 0.75, 1.0]",3.91
99,"[1, 3, 4]","[3, 3, 4]","[0.54, 0.5, 0.79]","[['A', 'C', 'D', 'B'], ['A', 'C', 'D', 'B'], ['C', 'A', 'B', 'D']]","{'C': 5, 'A': 4, 'B': 3, 'D': 3}","[0.58, 0.75, 1.0]",3.91
99,"[1, 3, 4]","[3, 3, 4]","[0.54, 0.5, 0.79]","[['A', 'C', 'D', 'B'], ['A', 'C', 'D', 'B'], ['C', 'A', 'D', 'B']]","{'C': 5, 'A': 4, 'D': 4, 'B': 2}","[0.58, 0.88, 1.0]",4.0
99,"[1, 3, 4]","[3, 3, 4]","[0.54, 0.5, 0.79]","[['A', 'C', 'D', 'B'], ['A', 'C', 'D', 'B'], ['C', 'B', 'A', 'D']]","{'C': 5, 'A': 4, 'B': 3, 'D': 3}","[0.58, 0.75, 1.0]",3.91
99,"[1, 3, 4]","[3, 3, 4]","[0.54, 0.5, 0.79]","[['A', 'C', 'D', 'B'], ['A', 'C', 'D', 'B'], ['C', 'D', 'A', 'B']]","{'C': 5, 'A': 4, 'D': 4, 'B': 2}","[0.58, 0.88, 1.0]",4.0
99,"[1, 3, 4]","[3, 3, 4]","[0.54, 0.5, 0.79]","[['A', 'C', 'D', 'B'], ['A', 'C', 'D', 'B'], ['D', 'A', 'C', 'B']]","{'C': 5, 'A': 4, 'D': 4, 'B': 2}","[0.58, 0.88, 1.0]",4.0
99,"[1, 3, 4]","[3, 3, 4]","[0.54, 0.5, 0.79]","[['A', 'C', 'D', 'B'], ['A', 'C', 'D', 'B'], ['D', 'C', 'A', 'B']]","{'C': 5, 'A': 4, 'D': 4, 'B': 2}","[0.58, 0.88, 1.0]",4.0
99,"[1, 3, 4]","[3, 3, 4]","[0.54, 0.5, 0.79]","[['A', 'C', 'D', 'B'], ['A', 'D', 'C', 'B'], ['A', 'B', 'C', 'D']]","{'C': 5, 'A': 4, 'B': 3, 'D': 3}","[0.58, 0.75, 1.0]",3.91
99,"[1, 3, 4]","[3, 3, 4]","[0.54, 0.5, 0.79]","[['A', 'C', 'D', 'B'], ['A', 'D', 'C', 'B'], ['A', 'C', 'B', 'D']]","{'C': 5, 'A': 4, 'B': 3, 'D': 3}","[0.58, 0.75, 1.0]",3.91
99,"[1, 3, 4]","[3, 3, 4]","[0.54, 0.5, 0.79]","[['A', 'C', 'D', 'B'], ['A', 'D', 'C', 'B'], ['A', 'C', 'D', 'B']]","{'C': 5, 'A': 4, 'D': 4, 'B': 2}","[0.58, 0.88, 1.0]",4.0
99,"[1, 3, 4]","[3, 3, 4]","[0.54, 0.5, 0.79]","[['A', 'C', 'D', 'B'], ['A', 'D', 'C', 'B'], ['A', 'D', 'C', 'B']]","{'C': 5, 'A': 4, 'D': 4, 'B': 2}","[0.58, 0.88, 1.0]",4.0
99,"[1, 3, 4]","[3, 3, 4]","[0.54, 0.5, 0.79]","[['A', 'C', 'D', 'B'], ['A', 'D', 'C', 'B'], ['B', 'A', 'C', 'D']]","{'C': 5, 'A': 4, 'B': 3, 'D': 3}","[0.58, 0.75, 1.0]",3.91
99,"[1, 3, 4]","[3, 3, 4]","[0.54, 0.5, 0.79]","[['A', 'C', 'D', 'B'], ['A', 'D', 'C', 'B'], ['B', 'C', 'A', 'D']]","{'C': 5, 'A': 4, 'B': 3, 'D': 3}","[0.58, 0.75, 1.0]",3.91
99,"[1, 3, 4]","[3, 3, 4]","[0.54, 0.5, 0.79]","[['A', 'C', 'D', 'B'], ['A', 'D', 'C', 'B'], ['C', 'A', 'B', 'D']]","{'C': 5, 'A': 4, 'B': 3, 'D': 3}","[0.58, 0.75, 1.0]",3.91
99,"[1, 3, 4]","[3, 3, 4]","[0.54, 0.5, 0.79]","[['A', 'C', 'D', 'B'], ['A', 'D', 'C', 'B'], ['C', 'A', 'D', 'B']]","{'C': 5, 'A': 4, 'D': 4, 'B': 2}","[0.58, 0.88, 1.0]",4.0
99,"[1, 3, 4]","[3, 3, 4]","[0.54, 0.5, 0.79]","[['A', 'C', 'D', 'B'], ['A', 'D', 'C', 'B'], ['C', 'B', 'A', 'D']]","{'C': 5, 'A': 4, 'B': 3, 'D': 3}","[0.58, 0.75, 1.0]",3.91
99,"[1, 3, 4]","[3, 3, 4]","[0.54, 0.5, 0.79]","[['A', 'C', 'D', 'B'], ['A', 'D', 'C', 'B'], ['C', 'D', 'A', 'B']]","{'C': 5, 'A': 4, 'D': 4, 'B': 2}","[0.58, 0.88, 1.0]",4.0
99,"[1, 3, 4]","[3, 3, 4]","[0.54, 0.5, 0.79]","[['A', 'C', 'D', 'B'], ['A', 'D', 'C', 'B'], ['D', 'A', 'C', 'B']]","{'C': 5, 'A': 4, 'D': 4, 'B': 2}","[0.58, 0.88, 1.0]",4.0
99,"[1, 3, 4]","[3, 3, 4]","[0.54, 0.5, 0.79]","[['A', 'C', 'D', 'B'], ['A', 'D', 'C', 'B'], ['D', 'C', 'A', 'B']]","{'C': 5, 'A': 4, 'D': 4, 'B': 2}","[0.58, 0.88, 1.0]",4.0
99,"[1, 3, 4]","[3, 3, 4]","[0.54, 0.5, 0.79]","[['A', 'C', 'D', 'B'], ['B', 'A', 'C', 'D'], ['A', 'B', 'C', 'D']]","{'C': 5, 'A': 4, 'B': 4, 'D': 2}","[0.58, 0.75, 1.0]",3.91
99,"[1, 3, 4]","[3, 3, 4]","[0.54, 0.5, 0.79]","[['A', 'C', 'D', 'B'], ['B', 'A', 'C', 'D'], ['A', 'C', 'B', 'D']]","{'C': 5, 'A': 4, 'B': 4, 'D': 2}","[0.58, 0.75, 1.0]",3.91
99,"[1, 3, 4]","[3, 3, 4]","[0.54, 0.5, 0.79]","[['A', 'C', 'D', 'B'], ['B', 'A', 'C', 'D'], ['A', 'C', 'D', 'B']]","{'C': 5, 'A': 4, 'B': 3, 'D': 3}","[0.58, 0.75, 1.0]",3.91
99,"[1, 3, 4]","[3, 3, 4]","[0.54, 0.5, 0.79]","[['A', 'C', 'D', 'B'], ['B', 'A', 'C', 'D'], ['A', 'D', 'C', 'B']]","{'C': 5, 'A': 4, 'B': 3, 'D': 3}","[0.58, 0.75, 1.0]",3.91
99,"[1, 3, 4]","[3, 3, 4]","[0.54, 0.5, 0.79]","[['A', 'C', 'D', 'B'], ['B', 'A', 'C', 'D'], ['B', 'A', 'C', 'D']]","{'C': 5, 'A': 4, 'B': 4, 'D': 2}","[0.58, 0.75, 1.0]",3.91
99,"[1, 3, 4]","[3, 3, 4]","[0.54, 0.5, 0.79]","[['A', 'C', 'D', 'B'], ['B', 'A', 'C', 'D'], ['B', 'C', 'A', 'D']]","{'C': 5, 'A': 4, 'B': 4, 'D': 2}","[0.58, 0.75, 1.0]",3.91
99,"[1, 3, 4]","[3, 3, 4]","[0.54, 0.5, 0.79]","[['A', 'C', 'D', 'B'], ['B', 'A', 'C', 'D'], ['C', 'A', 'B', 'D']]","{'C': 5, 'A': 4, 'B': 4, 'D': 2}","[0.58, 0.75, 1.0]",3.91
99,"[1, 3, 4]","[3, 3, 4]","[0.54, 0.5, 0.79]","[['A', 'C', 'D', 'B'], ['B', 'A', 'C', 'D'], ['C', 'A', 'D', 'B']]","{'C': 5, 'A': 4, 'B': 3, 'D': 3}","[0.58, 0.75, 1.0]",3.91
99,"[1, 3, 4]","[3, 3, 4]","[0.54, 0.5, 0.79]","[['A', 'C', 'D', 'B'], ['B', 'A', 'C', 'D'], ['C', 'B', 'A', 'D']]","{'C': 5, 'A': 4, 'B': 4, 'D': 2}","[0.58, 0.75, 1.0]",3.91
99,"[1, 3, 4]","[3, 3, 4]","[0.54, 0.5, 0.79]","[['A', 'C', 'D', 'B'], ['B', 'A', 'C', 'D'], ['C', 'D', 'A', 'B']]","{'C': 5, 'A': 4, 'B': 3, 'D': 3}","[0.58, 0.75, 1.0]",3.91
99,"[1, 3, 4]","[3, 3, 4]","[0.54, 0.5, 0.79]","[['A', 'C', 'D', 'B'], ['B', 'A', 'C', 'D'], ['D', 'A', 'C', 'B']]","{'C': 5, 'A': 4, 'B': 3, 'D': 3}","[0.58, 0.75, 1.0]",3.91
99,"[1, 3, 4]","[3, 3, 4]","[0.54, 0.5, 0.79]","[['A', 'C', 'D', 'B'], ['B', 'A', 'C', 'D'], ['D', 'C', 'A', 'B']]","{'C': 5, 'A': 4, 'B': 3, 'D': 3}","[0.58, 0.75, 1.0]",3.91
99,"[1, 3, 4]","[3, 3, 4]","[0.54, 0.5, 0.79]","[['A', 'C', 'D', 'B'], ['B', 'C', 'A', 'D'], ['A', 'B', 'C', 'D']]","{'C': 5, 'A': 4, 'B': 4, 'D': 2}","[0.58, 0.75, 1.0]",3.91
99,"[1, 3, 4]","[3, 3, 4]","[0.54, 0.5, 0.79]","[['A', 'C', 'D', 'B'], ['B', 'C', 'A', 'D'], ['A', 'C', 'B', 'D']]","{'C': 5, 'A': 4, 'B': 4, 'D': 2}","[0.58, 0.75, 1.0]",3.91
99,"[1, 3, 4]","[3, 3, 4]","[0.54, 0.5, 0.79]","[['A', 'C', 'D', 'B'], ['B', 'C', 'A', 'D'], ['A', 'C', 'D', 'B']]","{'C': 5, 'A': 4, 'B': 3, 'D': 3}","[0.58, 0.75, 1.0]",3.91
99,"[1, 3, 4]","[3, 3, 4]","[0.54, 0.5, 0.79]","[['A', 'C', 'D', 'B'], ['B', 'C', 'A', 'D'], ['A', 'D', 'C', 'B']]","{'C': 5, 'A': 4, 'B': 3, 'D': 3}","[0.58, 0.75, 1.0]",3.91
99,"[1, 3, 4]","[3, 3, 4]","[0.54, 0.5, 0.79]","[['A', 'C', 'D', 'B'], ['B', 'C', 'A', 'D'], ['B', 'A', 'C', 'D']]","{'C': 5, 'A': 4, 'B': 4, 'D': 2}","[0.58, 0.75, 1.0]",3.91
99,"[1, 3, 4]","[3, 3, 4]","[0.54, 0.5, 0.79]","[['A', 'C', 'D', 'B'], ['B', 'C', 'A', 'D'], ['B', 'C', 'A', 'D']]","{'C': 5, 'A': 4, 'B': 4, 'D': 2}","[0.58, 0.75, 1.0]",3.91
99,"[1, 3, 4]","[3, 3, 4]","[0.54, 0.5, 0.79]","[['A', 'C', 'D', 'B'], ['B', 'C', 'A', 'D'], ['C', 'A', 'B', 'D']]","{'C': 5, 'A': 4, 'B': 4, 'D': 2}","[0.58, 0.75, 1.0]",3.91
99,"[1, 3, 4]","[3, 3, 4]","[0.54, 0.5, 0.79]","[['A', 'C', 'D', 'B'], ['B', 'C', 'A', 'D'], ['C', 'A', 'D', 'B']]","{'C': 5, 'A': 4, 'B': 3, 'D': 3}","[0.58, 0.75, 1.0]",3.91
99,"[1, 3, 4]","[3, 3, 4]","[0.54, 0.5, 0.79]","[['A', 'C', 'D', 'B'], ['B', 'C', 'A', 'D'], ['C', 'B', 'A', 'D']]","{'C': 5, 'A': 4, 'B': 4, 'D': 2}","[0.58, 0.75, 1.0]",3.91
99,"[1, 3, 4]","[3, 3, 4]","[0.54, 0.5, 0.79]","[['A', 'C', 'D', 'B'], ['B', 'C', 'A', 'D'], ['C', 'D', 'A', 'B']]","{'C': 5, 'A': 4, 'B': 3, 'D': 3}","[0.58, 0.75, 1.0]",3.91
99,"[1, 3, 4]","[3, 3, 4]","[0.54, 0.5, 0.79]","[['A', 'C', 'D', 'B'], ['B', 'C', 'A', 'D'], ['D', 'A', 'C', 'B']]","{'C': 5, 'A': 4, 'B': 3, 'D': 3}","[0.58, 0.75, 1.0]",3.91
99,"[1, 3, 4]","[3, 3, 4]","[0.54, 0.5, 0.79]","[['A', 'C', 'D', 'B'], ['B', 'C', 'A', 'D'], ['D', 'C', 'A', 'B']]","{'C': 5, 'A': 4, 'B': 3, 'D': 3}","[0.58, 0.75, 1.0]",3.91
99,"[1, 3, 4]","[3, 3, 4]","[0.54, 0.5, 0.79]","[['A', 'C', 'D', 'B'], ['C', 'A', 'B', 'D'], ['A', 'B', 'C', 'D']]","{'C': 5, 'A': 4, 'B': 4, 'D': 2}","[0.58, 0.75, 1.0]",3.91
99,"[1, 3, 4]","[3, 3, 4]","[0.54, 0.5, 0.79]","[['A', 'C', 'D', 'B'], ['C', 'A', 'B', 'D'], ['A', 'C', 'B', 'D']]","{'C': 5, 'A': 4, 'B': 4, 'D': 2}","[0.58, 0.75, 1.0]",3.91
99,"[1, 3, 4]","[3, 3, 4]","[0.54, 0.5, 0.79]","[['A', 'C', 'D', 'B'], ['C', 'A', 'B', 'D'], ['A', 'C', 'D', 'B']]","{'C': 5, 'A': 4, 'B': 3, 'D': 3}","[0.58, 0.75, 1.0]",3.91
99,"[1, 3, 4]","[3, 3, 4]","[0.54, 0.5, 0.79]","[['A', 'C', 'D', 'B'], ['C', 'A', 'B', 'D'], ['A', 'D', 'C', 'B']]","{'C': 5, 'A': 4, 'B': 3, 'D': 3}","[0.58, 0.75, 1.0]",3.91
99,"[1, 3, 4]","[3, 3, 4]","[0.54, 0.5, 0.79]","[['A', 'C', 'D', 'B'], ['C', 'A', 'B', 'D'], ['B', 'A', 'C', 'D']]","{'C': 5, 'A': 4, 'B': 4, 'D': 2}","[0.58, 0.75, 1.0]",3.91
99,"[1, 3, 4]","[3, 3, 4]","[0.54, 0.5, 0.79]","[['A', 'C', 'D', 'B'], ['C', 'A', 'B', 'D'], ['B', 'C', 'A', 'D']]","{'C': 5, 'A': 4, 'B': 4, 'D': 2}","[0.58, 0.75, 1.0]",3.91
99,"[1, 3, 4]","[3, 3, 4]","[0.54, 0.5, 0.79]","[['A', 'C', 'D', 'B'], ['C', 'A', 'B', 'D'], ['C', 'A', 'B', 'D']]","{'C': 5, 'A': 4, 'B': 4, 'D': 2}","[0.58, 0.75, 1.0]",3.91
99,"[1, 3, 4]","[3, 3, 4]","[0.54, 0.5, 0.79]","[['A', 'C', 'D', 'B'], ['C', 'A', 'B', 'D'], ['C', 'A', 'D', 'B']]","{'C': 5, 'A': 4, 'B': 3, 'D': 3}","[0.58, 0.75, 1.0]",3.91
99,"[1, 3, 4]","[3, 3, 4]","[0.54, 0.5, 0.79]","[['A', 'C', 'D', 'B'], ['C', 'A', 'B', 'D'], ['C', 'B', 'A', 'D']]","{'C': 5, 'A': 4, 'B': 4, 'D': 2}","[0.58, 0.75, 1.0]",3.91
99,"[1, 3, 4]","[3, 3, 4]","[0.54, 0.5, 0.79]","[['A', 'C', 'D', 'B'], ['C', 'A', 'B', 'D'], ['C', 'D', 'A', 'B']]","{'C': 5, 'A': 4, 'B': 3, 'D': 3}","[0.58, 0.75, 1.0]",3.91
99,"[1, 3, 4]","[3, 3, 4]","[0.54, 0.5, 0.79]","[['A', 'C', 'D', 'B'], ['C', 'A', 'B', 'D'], ['D', 'A', 'C', 'B']]","{'C': 5, 'A': 4, 'B': 3, 'D': 3}","[0.58, 0.75, 1.0]",3.91
99,"[1, 3, 4]","[3, 3, 4]","[0.54, 0.5, 0.79]","[['A', 'C', 'D', 'B'], ['C', 'A', 'B', 'D'], ['D', 'C', 'A', 'B']]","{'C': 5, 'A': 4, 'B': 3, 'D': 3}","[0.58, 0.75, 1.0]",3.91
99,"[1, 3, 4]","[3, 3, 4]","[0.54, 0.5, 0.79]","[['A', 'C', 'D', 'B'], ['C', 'A', 'D', 'B'], ['A', 'B', 'C', 'D']]","{'C': 5, 'A': 4, 'B': 3, 'D': 3}","[0.58, 0.75, 1.0]",3.91
99,"[1, 3, 4]","[3, 3, 4]","[0.54, 0.5, 0.79]","[['A', 'C', 'D', 'B'], ['C', 'A', 'D', 'B'], ['A', 'C', 'B', 'D']]","{'C': 5, 'A': 4, 'B': 3, 'D': 3}","[0.58, 0.75, 1.0]",3.91
99,"[1, 3, 4]","[3, 3, 4]","[0.54, 0.5, 0.79]","[['A', 'C', 'D', 'B'], ['C', 'A', 'D', 'B'], ['A', 'C', 'D', 'B']]","{'C': 5, 'A': 4, 'D': 4, 'B': 2}","[0.58, 0.88, 1.0]",4.0
99,"[1, 3, 4]","[3, 3, 4]","[0.54, 0.5, 0.79]","[['A', 'C', 'D', 'B'], ['C', 'A', 'D', 'B'], ['A', 'D', 'C', 'B']]","{'C': 5, 'A': 4, 'D': 4, 'B': 2}","[0.58, 0.88, 1.0]",4.0
99,"[1, 3, 4]","[3, 3, 4]","[0.54, 0.5, 0.79]","[['A', 'C', 'D', 'B'], ['C', 'A', 'D', 'B'], ['B', 'A', 'C', 'D']]","{'C': 5, 'A': 4, 'B': 3, 'D': 3}","[0.58, 0.75, 1.0]",3.91
99,"[1, 3, 4]","[3, 3, 4]","[0.54, 0.5, 0.79]","[['A', 'C', 'D', 'B'], ['C', 'A', 'D', 'B'], ['B', 'C', 'A', 'D']]","{'C': 5, 'A': 4, 'B': 3, 'D': 3}","[0.58, 0.75, 1.0]",3.91
99,"[1, 3, 4]","[3, 3, 4]","[0.54, 0.5, 0.79]","[['A', 'C', 'D', 'B'], ['C', 'A', 'D', 'B'], ['C', 'A', 'B', 'D']]","{'C': 5, 'A': 4, 'B': 3, 'D': 3}","[0.58, 0.75, 1.0]",3.91
99,"[1, 3, 4]","[3, 3, 4]","[0.54, 0.5, 0.79]","[['A', 'C', 'D', 'B'], ['C', 'A', 'D', 'B'], ['C', 'A', 'D', 'B']]","{'C': 5, 'A': 4, 'D': 4, 'B': 2}","[0.58, 0.88, 1.0]",4.0
99,"[1, 3, 4]","[3, 3, 4]","[0.54, 0.5, 0.79]","[['A', 'C', 'D', 'B'], ['C', 'A', 'D', 'B'], ['C', 'B', 'A', 'D']]","{'C': 5, 'A': 4, 'B': 3, 'D': 3}","[0.58, 0.75, 1.0]",3.91
99,"[1, 3, 4]","[3, 3, 4]","[0.54, 0.5, 0.79]","[['A', 'C', 'D', 'B'], ['C', 'A', 'D', 'B'], ['C', 'D', 'A', 'B']]","{'C': 5, 'A': 4, 'D': 4, 'B': 2}","[0.58, 0.88, 1.0]",4.0
99,"[1, 3, 4]","[3, 3, 4]","[0.54, 0.5, 0.79]","[['A', 'C', 'D', 'B'], ['C', 'A', 'D', 'B'], ['D', 'A', 'C', 'B']]","{'C': 5, 'A': 4, 'D': 4, 'B': 2}","[0.58, 0.88, 1.0]",4.0
99,"[1, 3, 4]","[3, 3, 4]","[0.54, 0.5, 0.79]","[['A', 'C', 'D', 'B'], ['C', 'A', 'D', 'B'], ['D', 'C', 'A', 'B']]","{'C': 5, 'A': 4, 'D': 4, 'B': 2}","[0.58, 0.88, 1.0]",4.0
99,"[1, 3, 4]","[3, 3, 4]","[0.54, 0.5, 0.79]","[['A', 'C', 'D', 'B'], ['C', 'B', 'A', 'D'], ['A', 'B', 'C', 'D']]","{'C': 5, 'A': 4, 'B': 4, 'D': 2}","[0.58, 0.75, 1.0]",3.91
99,"[1, 3, 4]","[3, 3, 4]","[0.54, 0.5, 0.79]","[['A', 'C', 'D', 'B'], ['C', 'B', 'A', 'D'], ['A', 'C', 'B', 'D']]","{'C': 5, 'A': 4, 'B': 4, 'D': 2}","[0.58, 0.75, 1.0]",3.91
99,"[1, 3, 4]","[3, 3, 4]","[0.54, 0.5, 0.79]","[['A', 'C', 'D', 'B'], ['C', 'B', 'A', 'D'], ['A', 'C', 'D', 'B']]","{'C': 5, 'A': 4, 'B': 3, 'D': 3}","[0.58, 0.75, 1.0]",3.91
99,"[1, 3, 4]","[3, 3, 4]","[0.54, 0.5, 0.79]","[['A', 'C', 'D', 'B'], ['C', 'B', 'A', 'D'], ['A', 'D', 'C', 'B']]","{'C': 5, 'A': 4, 'B': 3, 'D': 3}","[0.58, 0.75, 1.0]",3.91
99,"[1, 3, 4]","[3, 3, 4]","[0.54, 0.5, 0.79]","[['A', 'C', 'D', 'B'], ['C', 'B', 'A', 'D'], ['B', 'A', 'C', 'D']]","{'C': 5, 'A': 4, 'B': 4, 'D': 2}","[0.58, 0.75, 1.0]",3.91
99,"[1, 3, 4]","[3, 3, 4]","[0.54, 0.5, 0.79]","[['A', 'C', 'D', 'B'], ['C', 'B', 'A', 'D'], ['B', 'C', 'A', 'D']]","{'C': 5, 'A': 4, 'B': 4, 'D': 2}","[0.58, 0.75, 1.0]",3.91
99,"[1, 3, 4]","[3, 3, 4]","[0.54, 0.5, 0.79]","[['A', 'C', 'D', 'B'], ['C', 'B', 'A', 'D'], ['C', 'A', 'B', 'D']]","{'C': 5, 'A': 4, 'B': 4, 'D': 2}","[0.58, 0.75, 1.0]",3.91
99,"[1, 3, 4]","[3, 3, 4]","[0.54, 0.5, 0.79]","[['A', 'C', 'D', 'B'], ['C', 'B', 'A', 'D'], ['C', 'A', 'D', 'B']]","{'C': 5, 'A': 4, 'B': 3, 'D': 3}","[0.58, 0.75, 1.0]",3.91
99,"[1, 3, 4]","[3, 3, 4]","[0.54, 0.5, 0.79]","[['A', 'C', 'D', 'B'], ['C', 'B', 'A', 'D'], ['C', 'B', 'A', 'D']]","{'C': 5, 'A': 4, 'B': 4, 'D': 2}","[0.58, 0.75, 1.0]",3.91
99,"[1, 3, 4]","[3, 3, 4]","[0.54, 0.5, 0.79]","[['A', 'C', 'D', 'B'], ['C', 'B', 'A', 'D'], ['C', 'D', 'A', 'B']]","{'C': 5, 'A': 4, 'B': 3, 'D': 3}","[0.58, 0.75, 1.0]",3.91
99,"[1, 3, 4]","[3, 3, 4]","[0.54, 0.5, 0.79]","[['A', 'C', 'D', 'B'], ['C', 'B', 'A', 'D'], ['D', 'A', 'C', 'B']]","{'C': 5, 'A': 4, 'B': 3, 'D': 3}","[0.58, 0.75, 1.0]",3.91
99,"[1, 3, 4]","[3, 3, 4]","[0.54, 0.5, 0.79]","[['A', 'C', 'D', 'B'], ['C', 'B', 'A', 'D'], ['D', 'C', 'A', 'B']]","{'C': 5, 'A': 4, 'B': 3, 'D': 3}","[0.58, 0.75, 1.0]",3.91
99,"[1, 3, 4]","[3, 3, 4]","[0.54, 0.5, 0.79]","[['A', 'C', 'D', 'B'], ['C', 'D', 'A', 'B'], ['A', 'B', 'C', 'D']]","{'C': 5, 'A': 4, 'B': 3, 'D': 3}","[0.58, 0.75, 1.0]",3.91
99,"[1, 3, 4]","[3, 3, 4]","[0.54, 0.5, 0.79]","[['A', 'C', 'D', 'B'], ['C', 'D', 'A', 'B'], ['A', 'C', 'B', 'D']]","{'C': 5, 'A': 4, 'B': 3, 'D': 3}","[0.58, 0.75, 1.0]",3.91
99,"[1, 3, 4]","[3, 3, 4]","[0.54, 0.5, 0.79]","[['A', 'C', 'D', 'B'], ['C', 'D', 'A', 'B'], ['A', 'C', 'D', 'B']]","{'C': 5, 'A': 4, 'D': 4, 'B': 2}","[0.58, 0.88, 1.0]",4.0
99,"[1, 3, 4]","[3, 3, 4]","[0.54, 0.5, 0.79]","[['A', 'C', 'D', 'B'], ['C', 'D', 'A', 'B'], ['A', 'D', 'C', 'B']]","{'C': 5, 'A': 4, 'D': 4, 'B': 2}","[0.58, 0.88, 1.0]",4.0
99,"[1, 3, 4]","[3, 3, 4]","[0.54, 0.5, 0.79]","[['A', 'C', 'D', 'B'], ['C', 'D', 'A', 'B'], ['B', 'A', 'C', 'D']]","{'C': 5, 'A': 4, 'B': 3, 'D': 3}","[0.58, 0.75, 1.0]",3.91
99,"[1, 3, 4]","[3, 3, 4]","[0.54, 0.5, 0.79]","[['A', 'C', 'D', 'B'], ['C', 'D', 'A', 'B'], ['B', 'C', 'A', 'D']]","{'C': 5, 'A': 4, 'B': 3, 'D': 3}","[0.58, 0.75, 1.0]",3.91
99,"[1, 3, 4]","[3, 3, 4]","[0.54, 0.5, 0.79]","[['A', 'C', 'D', 'B'], ['C', 'D', 'A', 'B'], ['C', 'A', 'B', 'D']]","{'C': 5, 'A': 4, 'B': 3, 'D': 3}","[0.58, 0.75, 1.0]",3.91
99,"[1, 3, 4]","[3, 3, 4]","[0.54, 0.5, 0.79]","[['A', 'C', 'D', 'B'], ['C', 'D', 'A', 'B'], ['C', 'A', 'D', 'B']]","{'C': 5, 'A': 4, 'D': 4, 'B': 2}","[0.58, 0.88, 1.0]",4.0
99,"[1, 3, 4]","[3, 3, 4]","[0.54, 0.5, 0.79]","[['A', 'C', 'D', 'B'], ['C', 'D', 'A', 'B'], ['C', 'B', 'A', 'D']]","{'C': 5, 'A': 4, 'B': 3, 'D': 3}","[0.58, 0.75, 1.0]",3.91
99,"[1, 3, 4]","[3, 3, 4]","[0.54, 0.5, 0.79]","[['A', 'C', 'D', 'B'], ['C', 'D', 'A', 'B'], ['C', 'D', 'A', 'B']]","{'C': 5, 'A': 4, 'D': 4, 'B': 2}","[0.58, 0.88, 1.0]",4.0
99,"[1, 3, 4]","[3, 3, 4]","[0.54, 0.5, 0.79]","[['A', 'C', 'D', 'B'], ['C', 'D', 'A', 'B'], ['D', 'A', 'C', 'B']]","{'C': 5, 'A': 4, 'D': 4, 'B': 2}","[0.58, 0.88, 1.0]",4.0
99,"[1, 3, 4]","[3, 3, 4]","[0.54, 0.5, 0.79]","[['A', 'C', 'D', 'B'], ['C', 'D', 'A', 'B'], ['D', 'C', 'A', 'B']]","{'C': 5, 'A': 4, 'D': 4, 'B': 2}","[0.58, 0.88, 1.0]",4.0
99,"[1, 3, 4]","[3, 3, 4]","[0.54, 0.5, 0.79]","[['A', 'C', 'D', 'B'], ['D', 'A', 'C', 'B'], ['A', 'B', 'C', 'D']]","{'C': 5, 'A': 4, 'B': 3, 'D': 3}","[0.58, 0.75, 1.0]",3.91
99,"[1, 3, 4]","[3, 3, 4]","[0.54, 0.5, 0.79]","[['A', 'C', 'D', 'B'], ['D', 'A', 'C', 'B'], ['A', 'C', 'B', 'D']]","{'C': 5, 'A': 4, 'B': 3, 'D': 3}","[0.58, 0.75, 1.0]",3.91
99,"[1, 3, 4]","[3, 3, 4]","[0.54, 0.5, 0.79]","[['A', 'C', 'D', 'B'], ['D', 'A', 'C', 'B'], ['A', 'C', 'D', 'B']]","{'C': 5, 'A': 4, 'D': 4, 'B': 2}","[0.58, 0.88, 1.0]",4.0
99,"[1, 3, 4]","[3, 3, 4]","[0.54, 0.5, 0.79]","[['A', 'C', 'D', 'B'], ['D', 'A', 'C', 'B'], ['A', 'D', 'C', 'B']]","{'C': 5, 'A': 4, 'D': 4, 'B': 2}","[0.58, 0.88, 1.0]",4.0
99,"[1, 3, 4]","[3, 3, 4]","[0.54, 0.5, 0.79]","[['A', 'C', 'D', 'B'], ['D', 'A', 'C', 'B'], ['B', 'A', 'C', 'D']]","{'C': 5, 'A': 4, 'B': 3, 'D': 3}","[0.58, 0.75, 1.0]",3.91
99,"[1, 3, 4]","[3, 3, 4]","[0.54, 0.5, 0.79]","[['A', 'C', 'D', 'B'], ['D', 'A', 'C', 'B'], ['B', 'C', 'A', 'D']]","{'C': 5, 'A': 4, 'B': 3, 'D': 3}","[0.58, 0.75, 1.0]",3.91
99,"[1, 3, 4]","[3, 3, 4]","[0.54, 0.5, 0.79]","[['A', 'C', 'D', 'B'], ['D', 'A', 'C', 'B'], ['C', 'A', 'B', 'D']]","{'C': 5, 'A': 4, 'B': 3, 'D': 3}","[0.58, 0.75, 1.0]",3.91
99,"[1, 3, 4]","[3, 3, 4]","[0.54, 0.5, 0.79]","[['A', 'C', 'D', 'B'], ['D', 'A', 'C', 'B'], ['C', 'A', 'D', 'B']]","{'C': 5, 'A': 4, 'D': 4, 'B': 2}","[0.58, 0.88, 1.0]",4.0
99,"[1, 3, 4]","[3, 3, 4]","[0.54, 0.5, 0.79]","[['A', 'C', 'D', 'B'], ['D', 'A', 'C', 'B'], ['C', 'B', 'A', 'D']]","{'C': 5, 'A': 4, 'B': 3, 'D': 3}","[0.58, 0.75, 1.0]",3.91
99,"[1, 3, 4]","[3, 3, 4]","[0.54, 0.5, 0.79]","[['A', 'C', 'D', 'B'], ['D', 'A', 'C', 'B'], ['C', 'D', 'A', 'B']]","{'C': 5, 'A': 4, 'D': 4, 'B': 2}","[0.58, 0.88, 1.0]",4.0
99,"[1, 3, 4]","[3, 3, 4]","[0.54, 0.5, 0.79]","[['A', 'C', 'D', 'B'], ['D', 'A', 'C', 'B'], ['D', 'A', 'C', 'B']]","{'C': 5, 'A': 4, 'D': 4, 'B': 2}","[0.58, 0.88, 1.0]",4.0
99,"[1, 3, 4]","[3, 3, 4]","[0.54, 0.5, 0.79]","[['A', 'C', 'D', 'B'], ['D', 'A', 'C', 'B'], ['D', 'C', 'A', 'B']]","{'C': 5, 'A': 4, 'D': 4, 'B': 2}","[0.58, 0.88, 1.0]",4.0
99,"[1, 3, 4]","[3, 3, 4]","[0.54, 0.5, 0.79]","[['A', 'C', 'D', 'B'], ['D', 'C', 'A', 'B'], ['A', 'B', 'C', 'D']]","{'C': 5, 'A': 4, 'B': 3, 'D': 3}","[0.58, 0.75, 1.0]",3.91
99,"[1, 3, 4]","[3, 3, 4]","[0.54, 0.5, 0.79]","[['A', 'C', 'D', 'B'], ['D', 'C', 'A', 'B'], ['A', 'C', 'B', 'D']]","{'C': 5, 'A': 4, 'B': 3, 'D': 3}","[0.58, 0.75, 1.0]",3.91
99,"[1, 3, 4]","[3, 3, 4]","[0.54, 0.5, 0.79]","[['A', 'C', 'D', 'B'], ['D', 'C', 'A', 'B'], ['A', 'C', 'D', 'B']]","{'C': 5, 'A': 4, 'D': 4, 'B': 2}","[0.58, 0.88, 1.0]",4.0
99,"[1, 3, 4]","[3, 3, 4]","[0.54, 0.5, 0.79]","[['A', 'C', 'D', 'B'], ['D', 'C', 'A', 'B'], ['A', 'D', 'C', 'B']]","{'C': 5, 'A': 4, 'D': 4, 'B': 2}","[0.58, 0.88, 1.0]",4.0
99,"[1, 3, 4]","[3, 3, 4]","[0.54, 0.5, 0.79]","[['A', 'C', 'D', 'B'], ['D', 'C', 'A', 'B'], ['B', 'A', 'C', 'D']]","{'C': 5, 'A': 4, 'B': 3, 'D': 3}","[0.58, 0.75, 1.0]",3.91
99,"[1, 3, 4]","[3, 3, 4]","[0.54, 0.5, 0.79]","[['A', 'C', 'D', 'B'], ['D', 'C', 'A', 'B'], ['B', 'C', 'A', 'D']]","{'C': 5, 'A': 4, 'B': 3, 'D': 3}","[0.58, 0.75, 1.0]",3.91
99,"[1, 3, 4]","[3, 3, 4]","[0.54, 0.5, 0.79]","[['A', 'C', 'D', 'B'], ['D', 'C', 'A', 'B'], ['C', 'A', 'B', 'D']]","{'C': 5, 'A': 4, 'B': 3, 'D': 3}","[0.58, 0.75, 1.0]",3.91
99,"[1, 3, 4]","[3, 3, 4]","[0.54, 0.5, 0.79]","[['A', 'C', 'D', 'B'], ['D', 'C', 'A', 'B'], ['C', 'A', 'D', 'B']]","{'C': 5, 'A': 4, 'D': 4, 'B': 2}","[0.58, 0.88, 1.0]",4.0
99,"[1, 3, 4]","[3, 3, 4]","[0.54, 0.5, 0.79]","[['A', 'C', 'D', 'B'], ['D', 'C', 'A', 'B'], ['C', 'B', 'A', 'D']]","{'C': 5, 'A': 4, 'B': 3, 'D': 3}","[0.58, 0.75, 1.0]",3.91
99,"[1, 3, 4]","[3, 3, 4]","[0.54, 0.5, 0.79]","[['A', 'C', 'D', 'B'], ['D', 'C', 'A', 'B'], ['C', 'D', 'A', 'B']]","{'C': 5, 'A': 4, 'D': 4, 'B': 2}","[0.58, 0.88, 1.0]",4.0
99,"[1, 3, 4]","[3, 3, 4]","[0.54, 0.5, 0.79]","[['A', 'C', 'D', 'B'], ['D', 'C', 'A', 'B'], ['D', 'A', 'C', 'B']]","{'C': 5, 'A': 4, 'D': 4, 'B': 2}","[0.58, 0.88, 1.0]",4.0
99,"[1, 3, 4]","[3, 3, 4]","[0.54, 0.5, 0.79]","[['A', 'C', 'D', 'B'], ['D', 'C', 'A', 'B'], ['D', 'C', 'A', 'B']]","{'C': 5, 'A': 4, 'D': 4, 'B': 2}","[0.58, 0.88, 1.0]",4.0
99,"[1, 3, 4]","[3, 3, 4]","[0.54, 0.5, 0.79]","[['A', 'D', 'C', 'B'], ['A', 'B', 'C', 'D'], ['A', 'B', 'C', 'D']]","{'C': 5, 'A': 4, 'B': 4, 'D': 2}","[0.58, 0.75, 1.0]",3.91
99,"[1, 3, 4]","[3, 3, 4]","[0.54, 0.5, 0.79]","[['A', 'D', 'C', 'B'], ['A', 'B', 'C', 'D'], ['A', 'C', 'B', 'D']]","{'C': 5, 'A': 4, 'B': 4, 'D': 2}","[0.58, 0.75, 1.0]",3.91
99,"[1, 3, 4]","[3, 3, 4]","[0.54, 0.5, 0.79]","[['A', 'D', 'C', 'B'], ['A', 'B', 'C', 'D'], ['A', 'C', 'D', 'B']]","{'C': 5, 'A': 4, 'B': 3, 'D': 3}","[0.58, 0.75, 1.0]",3.91
99,"[1, 3, 4]","[3, 3, 4]","[0.54, 0.5, 0.79]","[['A', 'D', 'C', 'B'], ['A', 'B', 'C', 'D'], ['A', 'D', 'C', 'B']]","{'C': 5, 'A': 4, 'B': 3, 'D': 3}","[0.58, 0.75, 1.0]",3.91
99,"[1, 3, 4]","[3, 3, 4]","[0.54, 0.5, 0.79]","[['A', 'D', 'C', 'B'], ['A', 'B', 'C', 'D'], ['B', 'A', 'C', 'D']]","{'C': 5, 'A': 4, 'B': 4, 'D': 2}","[0.58, 0.75, 1.0]",3.91
99,"[1, 3, 4]","[3, 3, 4]","[0.54, 0.5, 0.79]","[['A', 'D', 'C', 'B'], ['A', 'B', 'C', 'D'], ['B', 'C', 'A', 'D']]","{'C': 5, 'A': 4, 'B': 4, 'D': 2}","[0.58, 0.75, 1.0]",3.91
99,"[1, 3, 4]","[3, 3, 4]","[0.54, 0.5, 0.79]","[['A', 'D', 'C', 'B'], ['A', 'B', 'C', 'D'], ['C', 'A', 'B', 'D']]","{'C': 5, 'A': 4, 'B': 4, 'D': 2}","[0.58, 0.75, 1.0]",3.91
99,"[1, 3, 4]","[3, 3, 4]","[0.54, 0.5, 0.79]","[['A', 'D', 'C', 'B'], ['A', 'B', 'C', 'D'], ['C', 'A', 'D', 'B']]","{'C': 5, 'A': 4, 'B': 3, 'D': 3}","[0.58, 0.75, 1.0]",3.91
99,"[1, 3, 4]","[3, 3, 4]","[0.54, 0.5, 0.79]","[['A', 'D', 'C', 'B'], ['A', 'B', 'C', 'D'], ['C', 'B', 'A', 'D']]","{'C': 5, 'A': 4, 'B': 4, 'D': 2}","[0.58, 0.75, 1.0]",3.91
99,"[1, 3, 4]","[3, 3, 4]","[0.54, 0.5, 0.79]","[['A', 'D', 'C', 'B'], ['A', 'B', 'C', 'D'], ['C', 'D', 'A', 'B']]","{'C': 5, 'A': 4, 'B': 3, 'D': 3}","[0.58, 0.75, 1.0]",3.91
99,"[1, 3, 4]","[3, 3, 4]","[0.54, 0.5, 0.79]","[['A', 'D', 'C', 'B'], ['A', 'B', 'C', 'D'], ['D', 'A', 'C', 'B']]","{'C': 5, 'A': 4, 'B': 3, 'D': 3}","[0.58, 0.75, 1.0]",3.91
99,"[1, 3, 4]","[3, 3, 4]","[0.54, 0.5, 0.79]","[['A', 'D', 'C', 'B'], ['A', 'B', 'C', 'D'], ['D', 'C', 'A', 'B']]","{'C': 5, 'A': 4, 'B': 3, 'D': 3}","[0.58, 0.75, 1.0]",3.91
99,"[1, 3, 4]","[3, 3, 4]","[0.54, 0.5, 0.79]","[['A', 'D', 'C', 'B'], ['A', 'C', 'B', 'D'], ['A', 'B', 'C', 'D']]","{'C': 5, 'A': 4, 'B': 4, 'D': 2}","[0.58, 0.75, 1.0]",3.91
99,"[1, 3, 4]","[3, 3, 4]","[0.54, 0.5, 0.79]","[['A', 'D', 'C', 'B'], ['A', 'C', 'B', 'D'], ['A', 'C', 'B', 'D']]","{'C': 5, 'A': 4, 'B': 4, 'D': 2}","[0.58, 0.75, 1.0]",3.91
99,"[1, 3, 4]","[3, 3, 4]","[0.54, 0.5, 0.79]","[['A', 'D', 'C', 'B'], ['A', 'C', 'B', 'D'], ['A', 'C', 'D', 'B']]","{'C': 5, 'A': 4, 'B': 3, 'D': 3}","[0.58, 0.75, 1.0]",3.91
99,"[1, 3, 4]","[3, 3, 4]","[0.54, 0.5, 0.79]","[['A', 'D', 'C', 'B'], ['A', 'C', 'B', 'D'], ['A', 'D', 'C', 'B']]","{'C': 5, 'A': 4, 'B': 3, 'D': 3}","[0.58, 0.75, 1.0]",3.91
99,"[1, 3, 4]","[3, 3, 4]","[0.54, 0.5, 0.79]","[['A', 'D', 'C', 'B'], ['A', 'C', 'B', 'D'], ['B', 'A', 'C', 'D']]","{'C': 5, 'A': 4, 'B': 4, 'D': 2}","[0.58, 0.75, 1.0]",3.91
99,"[1, 3, 4]","[3, 3, 4]","[0.54, 0.5, 0.79]","[['A', 'D', 'C', 'B'], ['A', 'C', 'B', 'D'], ['B', 'C', 'A', 'D']]","{'C': 5, 'A': 4, 'B': 4, 'D': 2}","[0.58, 0.75, 1.0]",3.91
99,"[1, 3, 4]","[3, 3, 4]","[0.54, 0.5, 0.79]","[['A', 'D', 'C', 'B'], ['A', 'C', 'B', 'D'], ['C', 'A', 'B', 'D']]","{'C': 5, 'A': 4, 'B': 4, 'D': 2}","[0.58, 0.75, 1.0]",3.91
99,"[1, 3, 4]","[3, 3, 4]","[0.54, 0.5, 0.79]","[['A', 'D', 'C', 'B'], ['A', 'C', 'B', 'D'], ['C', 'A', 'D', 'B']]","{'C': 5, 'A': 4, 'B': 3, 'D': 3}","[0.58, 0.75, 1.0]",3.91
99,"[1, 3, 4]","[3, 3, 4]","[0.54, 0.5, 0.79]","[['A', 'D', 'C', 'B'], ['A', 'C', 'B', 'D'], ['C', 'B', 'A', 'D']]","{'C': 5, 'A': 4, 'B': 4, 'D': 2}","[0.58, 0.75, 1.0]",3.91
99,"[1, 3, 4]","[3, 3, 4]","[0.54, 0.5, 0.79]","[['A', 'D', 'C', 'B'], ['A', 'C', 'B', 'D'], ['C', 'D', 'A', 'B']]","{'C': 5, 'A': 4, 'B': 3, 'D': 3}","[0.58, 0.75, 1.0]",3.91
99,"[1, 3, 4]","[3, 3, 4]","[0.54, 0.5, 0.79]","[['A', 'D', 'C', 'B'], ['A', 'C', 'B', 'D'], ['D', 'A', 'C', 'B']]","{'C': 5, 'A': 4, 'B': 3, 'D': 3}","[0.58, 0.75, 1.0]",3.91
99,"[1, 3, 4]","[3, 3, 4]","[0.54, 0.5, 0.79]","[['A', 'D', 'C', 'B'], ['A', 'C', 'B', 'D'], ['D', 'C', 'A', 'B']]","{'C': 5, 'A': 4, 'B': 3, 'D': 3}","[0.58, 0.75, 1.0]",3.91
99,"[1, 3, 4]","[3, 3, 4]","[0.54, 0.5, 0.79]","[['A', 'D', 'C', 'B'], ['A', 'C', 'D', 'B'], ['A', 'B', 'C', 'D']]","{'C': 5, 'A': 4, 'B': 3, 'D': 3}","[0.58, 0.75, 1.0]",3.91
99,"[1, 3, 4]","[3, 3, 4]","[0.54, 0.5, 0.79]","[['A', 'D', 'C', 'B'], ['A', 'C', 'D', 'B'], ['A', 'C', 'B', 'D']]","{'C': 5, 'A': 4, 'B': 3, 'D': 3}","[0.58, 0.75, 1.0]",3.91
99,"[1, 3, 4]","[3, 3, 4]","[0.54, 0.5, 0.79]","[['A', 'D', 'C', 'B'], ['A', 'C', 'D', 'B'], ['A', 'C', 'D', 'B']]","{'C': 5, 'A': 4, 'D': 4, 'B': 2}","[0.58, 0.88, 1.0]",4.0
99,"[1, 3, 4]","[3, 3, 4]","[0.54, 0.5, 0.79]","[['A', 'D', 'C', 'B'], ['A', 'C', 'D', 'B'], ['A', 'D', 'C', 'B']]","{'C': 5, 'A': 4, 'D': 4, 'B': 2}","[0.58, 0.88, 1.0]",4.0
99,"[1, 3, 4]","[3, 3, 4]","[0.54, 0.5, 0.79]","[['A', 'D', 'C', 'B'], ['A', 'C', 'D', 'B'], ['B', 'A', 'C', 'D']]","{'C': 5, 'A': 4, 'B': 3, 'D': 3}","[0.58, 0.75, 1.0]",3.91
99,"[1, 3, 4]","[3, 3, 4]","[0.54, 0.5, 0.79]","[['A', 'D', 'C', 'B'], ['A', 'C', 'D', 'B'], ['B', 'C', 'A', 'D']]","{'C': 5, 'A': 4, 'B': 3, 'D': 3}","[0.58, 0.75, 1.0]",3.91
99,"[1, 3, 4]","[3, 3, 4]","[0.54, 0.5, 0.79]","[['A', 'D', 'C', 'B'], ['A', 'C', 'D', 'B'], ['C', 'A', 'B', 'D']]","{'C': 5, 'A': 4, 'B': 3, 'D': 3}","[0.58, 0.75, 1.0]",3.91
99,"[1, 3, 4]","[3, 3, 4]","[0.54, 0.5, 0.79]","[['A', 'D', 'C', 'B'], ['A', 'C', 'D', 'B'], ['C', 'A', 'D', 'B']]","{'C': 5, 'A': 4, 'D': 4, 'B': 2}","[0.58, 0.88, 1.0]",4.0
99,"[1, 3, 4]","[3, 3, 4]","[0.54, 0.5, 0.79]","[['A', 'D', 'C', 'B'], ['A', 'C', 'D', 'B'], ['C', 'B', 'A', 'D']]","{'C': 5, 'A': 4, 'B': 3, 'D': 3}","[0.58, 0.75, 1.0]",3.91
99,"[1, 3, 4]","[3, 3, 4]","[0.54, 0.5, 0.79]","[['A', 'D', 'C', 'B'], ['A', 'C', 'D', 'B'], ['C', 'D', 'A', 'B']]","{'C': 5, 'A': 4, 'D': 4, 'B': 2}","[0.58, 0.88, 1.0]",4.0
99,"[1, 3, 4]","[3, 3, 4]","[0.54, 0.5, 0.79]","[['A', 'D', 'C', 'B'], ['A', 'C', 'D', 'B'], ['D', 'A', 'C', 'B']]","{'C': 5, 'A': 4, 'D': 4, 'B': 2}","[0.58, 0.88, 1.0]",4.0
99,"[1, 3, 4]","[3, 3, 4]","[0.54, 0.5, 0.79]","[['A', 'D', 'C', 'B'], ['A', 'C', 'D', 'B'], ['D', 'C', 'A', 'B']]","{'C': 5, 'A': 4, 'D': 4, 'B': 2}","[0.58, 0.88, 1.0]",4.0
99,"[1, 3, 4]","[3, 3, 4]","[0.54, 0.5, 0.79]","[['A', 'D', 'C', 'B'], ['A', 'D', 'C', 'B'], ['A', 'B', 'C', 'D']]","{'C': 5, 'A': 4, 'B': 3, 'D': 3}","[0.58, 0.75, 1.0]",3.91
99,"[1, 3, 4]","[3, 3, 4]","[0.54, 0.5, 0.79]","[['A', 'D', 'C', 'B'], ['A', 'D', 'C', 'B'], ['A', 'C', 'B', 'D']]","{'C': 5, 'A': 4, 'B': 3, 'D': 3}","[0.58, 0.75, 1.0]",3.91
99,"[1, 3, 4]","[3, 3, 4]","[0.54, 0.5, 0.79]","[['A', 'D', 'C', 'B'], ['A', 'D', 'C', 'B'], ['A', 'C', 'D', 'B']]","{'C': 5, 'A': 4, 'D': 4, 'B': 2}","[0.58, 0.88, 1.0]",4.0
99,"[1, 3, 4]","[3, 3, 4]","[0.54, 0.5, 0.79]","[['A', 'D', 'C', 'B'], ['A', 'D', 'C', 'B'], ['A', 'D', 'C', 'B']]","{'C': 5, 'A': 4, 'D': 4, 'B': 2}","[0.58, 0.88, 1.0]",4.0
99,"[1, 3, 4]","[3, 3, 4]","[0.54, 0.5, 0.79]","[['A', 'D', 'C', 'B'], ['A', 'D', 'C', 'B'], ['B', 'A', 'C', 'D']]","{'C': 5, 'A': 4, 'B': 3, 'D': 3}","[0.58, 0.75, 1.0]",3.91
99,"[1, 3, 4]","[3, 3, 4]","[0.54, 0.5, 0.79]","[['A', 'D', 'C', 'B'], ['A', 'D', 'C', 'B'], ['B', 'C', 'A', 'D']]","{'C': 5, 'A': 4, 'B': 3, 'D': 3}","[0.58, 0.75, 1.0]",3.91
99,"[1, 3, 4]","[3, 3, 4]","[0.54, 0.5, 0.79]","[['A', 'D', 'C', 'B'], ['A', 'D', 'C', 'B'], ['C', 'A', 'B', 'D']]","{'C': 5, 'A': 4, 'B': 3, 'D': 3}","[0.58, 0.75, 1.0]",3.91
99,"[1, 3, 4]","[3, 3, 4]","[0.54, 0.5, 0.79]","[['A', 'D', 'C', 'B'], ['A', 'D', 'C', 'B'], ['C', 'A', 'D', 'B']]","{'C': 5, 'A': 4, 'D': 4, 'B': 2}","[0.58, 0.88, 1.0]",4.0
99,"[1, 3, 4]","[3, 3, 4]","[0.54, 0.5, 0.79]","[['A', 'D', 'C', 'B'], ['A', 'D', 'C', 'B'], ['C', 'B', 'A', 'D']]","{'C': 5, 'A': 4, 'B': 3, 'D': 3}","[0.58, 0.75, 1.0]",3.91
99,"[1, 3, 4]","[3, 3, 4]","[0.54, 0.5, 0.79]","[['A', 'D', 'C', 'B'], ['A', 'D', 'C', 'B'], ['C', 'D', 'A', 'B']]","{'C': 5, 'A': 4, 'D': 4, 'B': 2}","[0.58, 0.88, 1.0]",4.0
99,"[1, 3, 4]","[3, 3, 4]","[0.54, 0.5, 0.79]","[['A', 'D', 'C', 'B'], ['A', 'D', 'C', 'B'], ['D', 'A', 'C', 'B']]","{'C': 5, 'A': 4, 'D': 4, 'B': 2}","[0.58, 0.88, 1.0]",4.0
99,"[1, 3, 4]","[3, 3, 4]","[0.54, 0.5, 0.79]","[['A', 'D', 'C', 'B'], ['A', 'D', 'C', 'B'], ['D', 'C', 'A', 'B']]","{'C': 5, 'A': 4, 'D': 4, 'B': 2}","[0.58, 0.88, 1.0]",4.0
99,"[1, 3, 4]","[3, 3, 4]","[0.54, 0.5, 0.79]","[['A', 'D', 'C', 'B'], ['B', 'A', 'C', 'D'], ['A', 'B', 'C', 'D']]","{'C': 5, 'A': 4, 'B': 4, 'D': 2}","[0.58, 0.75, 1.0]",3.91
99,"[1, 3, 4]","[3, 3, 4]","[0.54, 0.5, 0.79]","[['A', 'D', 'C', 'B'], ['B', 'A', 'C', 'D'], ['A', 'C', 'B', 'D']]","{'C': 5, 'A': 4, 'B': 4, 'D': 2}","[0.58, 0.75, 1.0]",3.91
99,"[1, 3, 4]","[3, 3, 4]","[0.54, 0.5, 0.79]","[['A', 'D', 'C', 'B'], ['B', 'A', 'C', 'D'], ['A', 'C', 'D', 'B']]","{'C': 5, 'A': 4, 'B': 3, 'D': 3}","[0.58, 0.75, 1.0]",3.91
99,"[1, 3, 4]","[3, 3, 4]","[0.54, 0.5, 0.79]","[['A', 'D', 'C', 'B'], ['B', 'A', 'C', 'D'], ['A', 'D', 'C', 'B']]","{'C': 5, 'A': 4, 'B': 3, 'D': 3}","[0.58, 0.75, 1.0]",3.91
99,"[1, 3, 4]","[3, 3, 4]","[0.54, 0.5, 0.79]","[['A', 'D', 'C', 'B'], ['B', 'A', 'C', 'D'], ['B', 'A', 'C', 'D']]","{'C': 5, 'A': 4, 'B': 4, 'D': 2}","[0.58, 0.75, 1.0]",3.91
99,"[1, 3, 4]","[3, 3, 4]","[0.54, 0.5, 0.79]","[['A', 'D', 'C', 'B'], ['B', 'A', 'C', 'D'], ['B', 'C', 'A', 'D']]","{'C': 5, 'A': 4, 'B': 4, 'D': 2}","[0.58, 0.75, 1.0]",3.91
99,"[1, 3, 4]","[3, 3, 4]","[0.54, 0.5, 0.79]","[['A', 'D', 'C', 'B'], ['B', 'A', 'C', 'D'], ['C', 'A', 'B', 'D']]","{'C': 5, 'A': 4, 'B': 4, 'D': 2}","[0.58, 0.75, 1.0]",3.91
99,"[1, 3, 4]","[3, 3, 4]","[0.54, 0.5, 0.79]","[['A', 'D', 'C', 'B'], ['B', 'A', 'C', 'D'], ['C', 'A', 'D', 'B']]","{'C': 5, 'A': 4, 'B': 3, 'D': 3}","[0.58, 0.75, 1.0]",3.91
99,"[1, 3, 4]","[3, 3, 4]","[0.54, 0.5, 0.79]","[['A', 'D', 'C', 'B'], ['B', 'A', 'C', 'D'], ['C', 'B', 'A', 'D']]","{'C': 5, 'A': 4, 'B': 4, 'D': 2}","[0.58, 0.75, 1.0]",3.91
99,"[1, 3, 4]","[3, 3, 4]","[0.54, 0.5, 0.79]","[['A', 'D', 'C', 'B'], ['B', 'A', 'C', 'D'], ['C', 'D', 'A', 'B']]","{'C': 5, 'A': 4, 'B': 3, 'D': 3}","[0.58, 0.75, 1.0]",3.91
99,"[1, 3, 4]","[3, 3, 4]","[0.54, 0.5, 0.79]","[['A', 'D', 'C', 'B'], ['B', 'A', 'C', 'D'], ['D', 'A', 'C', 'B']]","{'C': 5, 'A': 4, 'B': 3, 'D': 3}","[0.58, 0.75, 1.0]",3.91
99,"[1, 3, 4]","[3, 3, 4]","[0.54, 0.5, 0.79]","[['A', 'D', 'C', 'B'], ['B', 'A', 'C', 'D'], ['D', 'C', 'A', 'B']]","{'C': 5, 'A': 4, 'B': 3, 'D': 3}","[0.58, 0.75, 1.0]",3.91
99,"[1, 3, 4]","[3, 3, 4]","[0.54, 0.5, 0.79]","[['A', 'D', 'C', 'B'], ['B', 'C', 'A', 'D'], ['A', 'B', 'C', 'D']]","{'C': 5, 'A': 4, 'B': 4, 'D': 2}","[0.58, 0.75, 1.0]",3.91
99,"[1, 3, 4]","[3, 3, 4]","[0.54, 0.5, 0.79]","[['A', 'D', 'C', 'B'], ['B', 'C', 'A', 'D'], ['A', 'C', 'B', 'D']]","{'C': 5, 'A': 4, 'B': 4, 'D': 2}","[0.58, 0.75, 1.0]",3.91
99,"[1, 3, 4]","[3, 3, 4]","[0.54, 0.5, 0.79]","[['A', 'D', 'C', 'B'], ['B', 'C', 'A', 'D'], ['A', 'C', 'D', 'B']]","{'C': 5, 'A': 4, 'B': 3, 'D': 3}","[0.58, 0.75, 1.0]",3.91
99,"[1, 3, 4]","[3, 3, 4]","[0.54, 0.5, 0.79]","[['A', 'D', 'C', 'B'], ['B', 'C', 'A', 'D'], ['A', 'D', 'C', 'B']]","{'C': 5, 'A': 4, 'B': 3, 'D': 3}","[0.58, 0.75, 1.0]",3.91
99,"[1, 3, 4]","[3, 3, 4]","[0.54, 0.5, 0.79]","[['A', 'D', 'C', 'B'], ['B', 'C', 'A', 'D'], ['B', 'A', 'C', 'D']]","{'C': 5, 'A': 4, 'B': 4, 'D': 2}","[0.58, 0.75, 1.0]",3.91
99,"[1, 3, 4]","[3, 3, 4]","[0.54, 0.5, 0.79]","[['A', 'D', 'C', 'B'], ['B', 'C', 'A', 'D'], ['B', 'C', 'A', 'D']]","{'C': 5, 'A': 4, 'B': 4, 'D': 2}","[0.58, 0.75, 1.0]",3.91
99,"[1, 3, 4]","[3, 3, 4]","[0.54, 0.5, 0.79]","[['A', 'D', 'C', 'B'], ['B', 'C', 'A', 'D'], ['C', 'A', 'B', 'D']]","{'C': 5, 'A': 4, 'B': 4, 'D': 2}","[0.58, 0.75, 1.0]",3.91
99,"[1, 3, 4]","[3, 3, 4]","[0.54, 0.5, 0.79]","[['A', 'D', 'C', 'B'], ['B', 'C', 'A', 'D'], ['C', 'A', 'D', 'B']]","{'C': 5, 'A': 4, 'B': 3, 'D': 3}","[0.58, 0.75, 1.0]",3.91
99,"[1, 3, 4]","[3, 3, 4]","[0.54, 0.5, 0.79]","[['A', 'D', 'C', 'B'], ['B', 'C', 'A', 'D'], ['C', 'B', 'A', 'D']]","{'C': 5, 'A': 4, 'B': 4, 'D': 2}","[0.58, 0.75, 1.0]",3.91
99,"[1, 3, 4]","[3, 3, 4]","[0.54, 0.5, 0.79]","[['A', 'D', 'C', 'B'], ['B', 'C', 'A', 'D'], ['C', 'D', 'A', 'B']]","{'C': 5, 'A': 4, 'B': 3, 'D': 3}","[0.58, 0.75, 1.0]",3.91
99,"[1, 3, 4]","[3, 3, 4]","[0.54, 0.5, 0.79]","[['A', 'D', 'C', 'B'], ['B', 'C', 'A', 'D'], ['D', 'A', 'C', 'B']]","{'C': 5, 'A': 4, 'B': 3, 'D': 3}","[0.58, 0.75, 1.0]",3.91
99,"[1, 3, 4]","[3, 3, 4]","[0.54, 0.5, 0.79]","[['A', 'D', 'C', 'B'], ['B', 'C', 'A', 'D'], ['D', 'C', 'A', 'B']]","{'C': 5, 'A': 4, 'B': 3, 'D': 3}","[0.58, 0.75, 1.0]",3.91
99,"[1, 3, 4]","[3, 3, 4]","[0.54, 0.5, 0.79]","[['A', 'D', 'C', 'B'], ['C', 'A', 'B', 'D'], ['A', 'B', 'C', 'D']]","{'C': 5, 'A': 4, 'B': 4, 'D': 2}","[0.58, 0.75, 1.0]",3.91
99,"[1, 3, 4]","[3, 3, 4]","[0.54, 0.5, 0.79]","[['A', 'D', 'C', 'B'], ['C', 'A', 'B', 'D'], ['A', 'C', 'B', 'D']]","{'C': 5, 'A': 4, 'B': 4, 'D': 2}","[0.58, 0.75, 1.0]",3.91
99,"[1, 3, 4]","[3, 3, 4]","[0.54, 0.5, 0.79]","[['A', 'D', 'C', 'B'], ['C', 'A', 'B', 'D'], ['A', 'C', 'D', 'B']]","{'C': 5, 'A': 4, 'B': 3, 'D': 3}","[0.58, 0.75, 1.0]",3.91
99,"[1, 3, 4]","[3, 3, 4]","[0.54, 0.5, 0.79]","[['A', 'D', 'C', 'B'], ['C', 'A', 'B', 'D'], ['A', 'D', 'C', 'B']]","{'C': 5, 'A': 4, 'B': 3, 'D': 3}","[0.58, 0.75, 1.0]",3.91
99,"[1, 3, 4]","[3, 3, 4]","[0.54, 0.5, 0.79]","[['A', 'D', 'C', 'B'], ['C', 'A', 'B', 'D'], ['B', 'A', 'C', 'D']]","{'C': 5, 'A': 4, 'B': 4, 'D': 2}","[0.58, 0.75, 1.0]",3.91
99,"[1, 3, 4]","[3, 3, 4]","[0.54, 0.5, 0.79]","[['A', 'D', 'C', 'B'], ['C', 'A', 'B', 'D'], ['B', 'C', 'A', 'D']]","{'C': 5, 'A': 4, 'B': 4, 'D': 2}","[0.58, 0.75, 1.0]",3.91
99,"[1, 3, 4]","[3, 3, 4]","[0.54, 0.5, 0.79]","[['A', 'D', 'C', 'B'], ['C', 'A', 'B', 'D'], ['C', 'A', 'B', 'D']]","{'C': 5, 'A': 4, 'B': 4, 'D': 2}","[0.58, 0.75, 1.0]",3.91
99,"[1, 3, 4]","[3, 3, 4]","[0.54, 0.5, 0.79]","[['A', 'D', 'C', 'B'], ['C', 'A', 'B', 'D'], ['C', 'A', 'D', 'B']]","{'C': 5, 'A': 4, 'B': 3, 'D': 3}","[0.58, 0.75, 1.0]",3.91
99,"[1, 3, 4]","[3, 3, 4]","[0.54, 0.5, 0.79]","[['A', 'D', 'C', 'B'], ['C', 'A', 'B', 'D'], ['C', 'B', 'A', 'D']]","{'C': 5, 'A': 4, 'B': 4, 'D': 2}","[0.58, 0.75, 1.0]",3.91
99,"[1, 3, 4]","[3, 3, 4]","[0.54, 0.5, 0.79]","[['A', 'D', 'C', 'B'], ['C', 'A', 'B', 'D'], ['C', 'D', 'A', 'B']]","{'C': 5, 'A': 4, 'B': 3, 'D': 3}","[0.58, 0.75, 1.0]",3.91
99,"[1, 3, 4]","[3, 3, 4]","[0.54, 0.5, 0.79]","[['A', 'D', 'C', 'B'], ['C', 'A', 'B', 'D'], ['D', 'A', 'C', 'B']]","{'C': 5, 'A': 4, 'B': 3, 'D': 3}","[0.58, 0.75, 1.0]",3.91
99,"[1, 3, 4]","[3, 3, 4]","[0.54, 0.5, 0.79]","[['A', 'D', 'C', 'B'], ['C', 'A', 'B', 'D'], ['D', 'C', 'A', 'B']]","{'C': 5, 'A': 4, 'B': 3, 'D': 3}","[0.58, 0.75, 1.0]",3.91
99,"[1, 3, 4]","[3, 3, 4]","[0.54, 0.5, 0.79]","[['A', 'D', 'C', 'B'], ['C', 'A', 'D', 'B'], ['A', 'B', 'C', 'D']]","{'C': 5, 'A': 4, 'B': 3, 'D': 3}","[0.58, 0.75, 1.0]",3.91
99,"[1, 3, 4]","[3, 3, 4]","[0.54, 0.5, 0.79]","[['A', 'D', 'C', 'B'], ['C', 'A', 'D', 'B'], ['A', 'C', 'B', 'D']]","{'C': 5, 'A': 4, 'B': 3, 'D': 3}","[0.58, 0.75, 1.0]",3.91
99,"[1, 3, 4]","[3, 3, 4]","[0.54, 0.5, 0.79]","[['A', 'D', 'C', 'B'], ['C', 'A', 'D', 'B'], ['A', 'C', 'D', 'B']]","{'C': 5, 'A': 4, 'D': 4, 'B': 2}","[0.58, 0.88, 1.0]",4.0
99,"[1, 3, 4]","[3, 3, 4]","[0.54, 0.5, 0.79]","[['A', 'D', 'C', 'B'], ['C', 'A', 'D', 'B'], ['A', 'D', 'C', 'B']]","{'C': 5, 'A': 4, 'D': 4, 'B': 2}","[0.58, 0.88, 1.0]",4.0
99,"[1, 3, 4]","[3, 3, 4]","[0.54, 0.5, 0.79]","[['A', 'D', 'C', 'B'], ['C', 'A', 'D', 'B'], ['B', 'A', 'C', 'D']]","{'C': 5, 'A': 4, 'B': 3, 'D': 3}","[0.58, 0.75, 1.0]",3.91
99,"[1, 3, 4]","[3, 3, 4]","[0.54, 0.5, 0.79]","[['A', 'D', 'C', 'B'], ['C', 'A', 'D', 'B'], ['B', 'C', 'A', 'D']]","{'C': 5, 'A': 4, 'B': 3, 'D': 3}","[0.58, 0.75, 1.0]",3.91
99,"[1, 3, 4]","[3, 3, 4]","[0.54, 0.5, 0.79]","[['A', 'D', 'C', 'B'], ['C', 'A', 'D', 'B'], ['C', 'A', 'B', 'D']]","{'C': 5, 'A': 4, 'B': 3, 'D': 3}","[0.58, 0.75, 1.0]",3.91
99,"[1, 3, 4]","[3, 3, 4]","[0.54, 0.5, 0.79]","[['A', 'D', 'C', 'B'], ['C', 'A', 'D', 'B'], ['C', 'A', 'D', 'B']]","{'C': 5, 'A': 4, 'D': 4, 'B': 2}","[0.58, 0.88, 1.0]",4.0
99,"[1, 3, 4]","[3, 3, 4]","[0.54, 0.5, 0.79]","[['A', 'D', 'C', 'B'], ['C', 'A', 'D', 'B'], ['C', 'B', 'A', 'D']]","{'C': 5, 'A': 4, 'B': 3, 'D': 3}","[0.58, 0.75, 1.0]",3.91
99,"[1, 3, 4]","[3, 3, 4]","[0.54, 0.5, 0.79]","[['A', 'D', 'C', 'B'], ['C', 'A', 'D', 'B'], ['C', 'D', 'A', 'B']]","{'C': 5, 'A': 4, 'D': 4, 'B': 2}","[0.58, 0.88, 1.0]",4.0
99,"[1, 3, 4]","[3, 3, 4]","[0.54, 0.5, 0.79]","[['A', 'D', 'C', 'B'], ['C', 'A', 'D', 'B'], ['D', 'A', 'C', 'B']]","{'C': 5, 'A': 4, 'D': 4, 'B': 2}","[0.58, 0.88, 1.0]",4.0
99,"[1, 3, 4]","[3, 3, 4]","[0.54, 0.5, 0.79]","[['A', 'D', 'C', 'B'], ['C', 'A', 'D', 'B'], ['D', 'C', 'A', 'B']]","{'C': 5, 'A': 4, 'D': 4, 'B': 2}","[0.58, 0.88, 1.0]",4.0
99,"[1, 3, 4]","[3, 3, 4]","[0.54, 0.5, 0.79]","[['A', 'D', 'C', 'B'], ['C', 'B', 'A', 'D'], ['A', 'B', 'C', 'D']]","{'C': 5, 'A': 4, 'B': 4, 'D': 2}","[0.58, 0.75, 1.0]",3.91
99,"[1, 3, 4]","[3, 3, 4]","[0.54, 0.5, 0.79]","[['A', 'D', 'C', 'B'], ['C', 'B', 'A', 'D'], ['A', 'C', 'B', 'D']]","{'C': 5, 'A': 4, 'B': 4, 'D': 2}","[0.58, 0.75, 1.0]",3.91
99,"[1, 3, 4]","[3, 3, 4]","[0.54, 0.5, 0.79]","[['A', 'D', 'C', 'B'], ['C', 'B', 'A', 'D'], ['A', 'C', 'D', 'B']]","{'C': 5, 'A': 4, 'B': 3, 'D': 3}","[0.58, 0.75, 1.0]",3.91
99,"[1, 3, 4]","[3, 3, 4]","[0.54, 0.5, 0.79]","[['A', 'D', 'C', 'B'], ['C', 'B', 'A', 'D'], ['A', 'D', 'C', 'B']]","{'C': 5, 'A': 4, 'B': 3, 'D': 3}","[0.58, 0.75, 1.0]",3.91
99,"[1, 3, 4]","[3, 3, 4]","[0.54, 0.5, 0.79]","[['A', 'D', 'C', 'B'], ['C', 'B', 'A', 'D'], ['B', 'A', 'C', 'D']]","{'C': 5, 'A': 4, 'B': 4, 'D': 2}","[0.58, 0.75, 1.0]",3.91
99,"[1, 3, 4]","[3, 3, 4]","[0.54, 0.5, 0.79]","[['A', 'D', 'C', 'B'], ['C', 'B', 'A', 'D'], ['B', 'C', 'A', 'D']]","{'C': 5, 'A': 4, 'B': 4, 'D': 2}","[0.58, 0.75, 1.0]",3.91
99,"[1, 3, 4]","[3, 3, 4]","[0.54, 0.5, 0.79]","[['A', 'D', 'C', 'B'], ['C', 'B', 'A', 'D'], ['C', 'A', 'B', 'D']]","{'C': 5, 'A': 4, 'B': 4, 'D': 2}","[0.58, 0.75, 1.0]",3.91
99,"[1, 3, 4]","[3, 3, 4]","[0.54, 0.5, 0.79]","[['A', 'D', 'C', 'B'], ['C', 'B', 'A', 'D'], ['C', 'A', 'D', 'B']]","{'C': 5, 'A': 4, 'B': 3, 'D': 3}","[0.58, 0.75, 1.0]",3.91
99,"[1, 3, 4]","[3, 3, 4]","[0.54, 0.5, 0.79]","[['A', 'D', 'C', 'B'], ['C', 'B', 'A', 'D'], ['C', 'B', 'A', 'D']]","{'C': 5, 'A': 4, 'B': 4, 'D': 2}","[0.58, 0.75, 1.0]",3.91
99,"[1, 3, 4]","[3, 3, 4]","[0.54, 0.5, 0.79]","[['A', 'D', 'C', 'B'], ['C', 'B', 'A', 'D'], ['C', 'D', 'A', 'B']]","{'C': 5, 'A': 4, 'B': 3, 'D': 3}","[0.58, 0.75, 1.0]",3.91
99,"[1, 3, 4]","[3, 3, 4]","[0.54, 0.5, 0.79]","[['A', 'D', 'C', 'B'], ['C', 'B', 'A', 'D'], ['D', 'A', 'C', 'B']]","{'C': 5, 'A': 4, 'B': 3, 'D': 3}","[0.58, 0.75, 1.0]",3.91
99,"[1, 3, 4]","[3, 3, 4]","[0.54, 0.5, 0.79]","[['A', 'D', 'C', 'B'], ['C', 'B', 'A', 'D'], ['D', 'C', 'A', 'B']]","{'C': 5, 'A': 4, 'B': 3, 'D': 3}","[0.58, 0.75, 1.0]",3.91
99,"[1, 3, 4]","[3, 3, 4]","[0.54, 0.5, 0.79]","[['A', 'D', 'C', 'B'], ['C', 'D', 'A', 'B'], ['A', 'B', 'C', 'D']]","{'C': 5, 'A': 4, 'B': 3, 'D': 3}","[0.58, 0.75, 1.0]",3.91
99,"[1, 3, 4]","[3, 3, 4]","[0.54, 0.5, 0.79]","[['A', 'D', 'C', 'B'], ['C', 'D', 'A', 'B'], ['A', 'C', 'B', 'D']]","{'C': 5, 'A': 4, 'B': 3, 'D': 3}","[0.58, 0.75, 1.0]",3.91
99,"[1, 3, 4]","[3, 3, 4]","[0.54, 0.5, 0.79]","[['A', 'D', 'C', 'B'], ['C', 'D', 'A', 'B'], ['A', 'C', 'D', 'B']]","{'C': 5, 'A': 4, 'D': 4, 'B': 2}","[0.58, 0.88, 1.0]",4.0
99,"[1, 3, 4]","[3, 3, 4]","[0.54, 0.5, 0.79]","[['A', 'D', 'C', 'B'], ['C', 'D', 'A', 'B'], ['A', 'D', 'C', 'B']]","{'C': 5, 'A': 4, 'D': 4, 'B': 2}","[0.58, 0.88, 1.0]",4.0
99,"[1, 3, 4]","[3, 3, 4]","[0.54, 0.5, 0.79]","[['A', 'D', 'C', 'B'], ['C', 'D', 'A', 'B'], ['B', 'A', 'C', 'D']]","{'C': 5, 'A': 4, 'B': 3, 'D': 3}","[0.58, 0.75, 1.0]",3.91
99,"[1, 3, 4]","[3, 3, 4]","[0.54, 0.5, 0.79]","[['A', 'D', 'C', 'B'], ['C', 'D', 'A', 'B'], ['B', 'C', 'A', 'D']]","{'C': 5, 'A': 4, 'B': 3, 'D': 3}","[0.58, 0.75, 1.0]",3.91
99,"[1, 3, 4]","[3, 3, 4]","[0.54, 0.5, 0.79]","[['A', 'D', 'C', 'B'], ['C', 'D', 'A', 'B'], ['C', 'A', 'B', 'D']]","{'C': 5, 'A': 4, 'B': 3, 'D': 3}","[0.58, 0.75, 1.0]",3.91
99,"[1, 3, 4]","[3, 3, 4]","[0.54, 0.5, 0.79]","[['A', 'D', 'C', 'B'], ['C', 'D', 'A', 'B'], ['C', 'A', 'D', 'B']]","{'C': 5, 'A': 4, 'D': 4, 'B': 2}","[0.58, 0.88, 1.0]",4.0
99,"[1, 3, 4]","[3, 3, 4]","[0.54, 0.5, 0.79]","[['A', 'D', 'C', 'B'], ['C', 'D', 'A', 'B'], ['C', 'B', 'A', 'D']]","{'C': 5, 'A': 4, 'B': 3, 'D': 3}","[0.58, 0.75, 1.0]",3.91
99,"[1, 3, 4]","[3, 3, 4]","[0.54, 0.5, 0.79]","[['A', 'D', 'C', 'B'], ['C', 'D', 'A', 'B'], ['C', 'D', 'A', 'B']]","{'C': 5, 'A': 4, 'D': 4, 'B': 2}","[0.58, 0.88, 1.0]",4.0
99,"[1, 3, 4]","[3, 3, 4]","[0.54, 0.5, 0.79]","[['A', 'D', 'C', 'B'], ['C', 'D', 'A', 'B'], ['D', 'A', 'C', 'B']]","{'C': 5, 'A': 4, 'D': 4, 'B': 2}","[0.58, 0.88, 1.0]",4.0
99,"[1, 3, 4]","[3, 3, 4]","[0.54, 0.5, 0.79]","[['A', 'D', 'C', 'B'], ['C', 'D', 'A', 'B'], ['D', 'C', 'A', 'B']]","{'C': 5, 'A': 4, 'D': 4, 'B': 2}","[0.58, 0.88, 1.0]",4.0
99,"[1, 3, 4]","[3, 3, 4]","[0.54, 0.5, 0.79]","[['A', 'D', 'C', 'B'], ['D', 'A', 'C', 'B'], ['A', 'B', 'C', 'D']]","{'C': 5, 'A': 4, 'B': 3, 'D': 3}","[0.58, 0.75, 1.0]",3.91
99,"[1, 3, 4]","[3, 3, 4]","[0.54, 0.5, 0.79]","[['A', 'D', 'C', 'B'], ['D', 'A', 'C', 'B'], ['A', 'C', 'B', 'D']]","{'C': 5, 'A': 4, 'B': 3, 'D': 3}","[0.58, 0.75, 1.0]",3.91
99,"[1, 3, 4]","[3, 3, 4]","[0.54, 0.5, 0.79]","[['A', 'D', 'C', 'B'], ['D', 'A', 'C', 'B'], ['A', 'C', 'D', 'B']]","{'C': 5, 'A': 4, 'D': 4, 'B': 2}","[0.58, 0.88, 1.0]",4.0
99,"[1, 3, 4]","[3, 3, 4]","[0.54, 0.5, 0.79]","[['A', 'D', 'C', 'B'], ['D', 'A', 'C', 'B'], ['A', 'D', 'C', 'B']]","{'C': 5, 'A': 4, 'D': 4, 'B': 2}","[0.58, 0.88, 1.0]",4.0
99,"[1, 3, 4]","[3, 3, 4]","[0.54, 0.5, 0.79]","[['A', 'D', 'C', 'B'], ['D', 'A', 'C', 'B'], ['B', 'A', 'C', 'D']]","{'C': 5, 'A': 4, 'B': 3, 'D': 3}","[0.58, 0.75, 1.0]",3.91
99,"[1, 3, 4]","[3, 3, 4]","[0.54, 0.5, 0.79]","[['A', 'D', 'C', 'B'], ['D', 'A', 'C', 'B'], ['B', 'C', 'A', 'D']]","{'C': 5, 'A': 4, 'B': 3, 'D': 3}","[0.58, 0.75, 1.0]",3.91
99,"[1, 3, 4]","[3, 3, 4]","[0.54, 0.5, 0.79]","[['A', 'D', 'C', 'B'], ['D', 'A', 'C', 'B'], ['C', 'A', 'B', 'D']]","{'C': 5, 'A': 4, 'B': 3, 'D': 3}","[0.58, 0.75, 1.0]",3.91
99,"[1, 3, 4]","[3, 3, 4]","[0.54, 0.5, 0.79]","[['A', 'D', 'C', 'B'], ['D', 'A', 'C', 'B'], ['C', 'A', 'D', 'B']]","{'C': 5, 'A': 4, 'D': 4, 'B': 2}","[0.58, 0.88, 1.0]",4.0
99,"[1, 3, 4]","[3, 3, 4]","[0.54, 0.5, 0.79]","[['A', 'D', 'C', 'B'], ['D', 'A', 'C', 'B'], ['C', 'B', 'A', 'D']]","{'C': 5, 'A': 4, 'B': 3, 'D': 3}","[0.58, 0.75, 1.0]",3.91
99,"[1, 3, 4]","[3, 3, 4]","[0.54, 0.5, 0.79]","[['A', 'D', 'C', 'B'], ['D', 'A', 'C', 'B'], ['C', 'D', 'A', 'B']]","{'C': 5, 'A': 4, 'D': 4, 'B': 2}","[0.58, 0.88, 1.0]",4.0
99,"[1, 3, 4]","[3, 3, 4]","[0.54, 0.5, 0.79]","[['A', 'D', 'C', 'B'], ['D', 'A', 'C', 'B'], ['D', 'A', 'C', 'B']]","{'C': 5, 'A': 4, 'D': 4, 'B': 2}","[0.58, 0.88, 1.0]",4.0
99,"[1, 3, 4]","[3, 3, 4]","[0.54, 0.5, 0.79]","[['A', 'D', 'C', 'B'], ['D', 'A', 'C', 'B'], ['D', 'C', 'A', 'B']]","{'C': 5, 'A': 4, 'D': 4, 'B': 2}","[0.58, 0.88, 1.0]",4.0
99,"[1, 3, 4]","[3, 3, 4]","[0.54, 0.5, 0.79]","[['A', 'D', 'C', 'B'], ['D', 'C', 'A', 'B'], ['A', 'B', 'C', 'D']]","{'C': 5, 'A': 4, 'B': 3, 'D': 3}","[0.58, 0.75, 1.0]",3.91
99,"[1, 3, 4]","[3, 3, 4]","[0.54, 0.5, 0.79]","[['A', 'D', 'C', 'B'], ['D', 'C', 'A', 'B'], ['A', 'C', 'B', 'D']]","{'C': 5, 'A': 4, 'B': 3, 'D': 3}","[0.58, 0.75, 1.0]",3.91
99,"[1, 3, 4]","[3, 3, 4]","[0.54, 0.5, 0.79]","[['A', 'D', 'C', 'B'], ['D', 'C', 'A', 'B'], ['A', 'C', 'D', 'B']]","{'C': 5, 'A': 4, 'D': 4, 'B': 2}","[0.58, 0.88, 1.0]",4.0
99,"[1, 3, 4]","[3, 3, 4]","[0.54, 0.5, 0.79]","[['A', 'D', 'C', 'B'], ['D', 'C', 'A', 'B'], ['A', 'D', 'C', 'B']]","{'C': 5, 'A': 4, 'D': 4, 'B': 2}","[0.58, 0.88, 1.0]",4.0
99,"[1, 3, 4]","[3, 3, 4]","[0.54, 0.5, 0.79]","[['A', 'D', 'C', 'B'], ['D', 'C', 'A', 'B'], ['B', 'A', 'C', 'D']]","{'C': 5, 'A': 4, 'B': 3, 'D': 3}","[0.58, 0.75, 1.0]",3.91
99,"[1, 3, 4]","[3, 3, 4]","[0.54, 0.5, 0.79]","[['A', 'D', 'C', 'B'], ['D', 'C', 'A', 'B'], ['B', 'C', 'A', 'D']]","{'C': 5, 'A': 4, 'B': 3, 'D': 3}","[0.58, 0.75, 1.0]",3.91
99,"[1, 3, 4]","[3, 3, 4]","[0.54, 0.5, 0.79]","[['A', 'D', 'C', 'B'], ['D', 'C', 'A', 'B'], ['C', 'A', 'B', 'D']]","{'C': 5, 'A': 4, 'B': 3, 'D': 3}","[0.58, 0.75, 1.0]",3.91
99,"[1, 3, 4]","[3, 3, 4]","[0.54, 0.5, 0.79]","[['A', 'D', 'C', 'B'], ['D', 'C', 'A', 'B'], ['C', 'A', 'D', 'B']]","{'C': 5, 'A': 4, 'D': 4, 'B': 2}","[0.58, 0.88, 1.0]",4.0
99,"[1, 3, 4]","[3, 3, 4]","[0.54, 0.5, 0.79]","[['A', 'D', 'C', 'B'], ['D', 'C', 'A', 'B'], ['C', 'B', 'A', 'D']]","{'C': 5, 'A': 4, 'B': 3, 'D': 3}","[0.58, 0.75, 1.0]",3.91
99,"[1, 3, 4]","[3, 3, 4]","[0.54, 0.5, 0.79]","[['A', 'D', 'C', 'B'], ['D', 'C', 'A', 'B'], ['C', 'D', 'A', 'B']]","{'C': 5, 'A': 4, 'D': 4, 'B': 2}","[0.58, 0.88, 1.0]",4.0
99,"[1, 3, 4]","[3, 3, 4]","[0.54, 0.5, 0.79]","[['A', 'D', 'C', 'B'], ['D', 'C', 'A', 'B'], ['D', 'A', 'C', 'B']]","{'C': 5, 'A': 4, 'D': 4, 'B': 2}","[0.58, 0.88, 1.0]",4.0
99,"[1, 3, 4]","[3, 3, 4]","[0.54, 0.5, 0.79]","[['A', 'D', 'C', 'B'], ['D', 'C', 'A', 'B'], ['D', 'C', 'A', 'B']]","{'C': 5, 'A': 4, 'D': 4, 'B': 2}","[0.58, 0.88, 1.0]",4.0
99,"[1, 3, 4]","[3, 3, 4]","[0.54, 0.5, 0.79]","[['B', 'A', 'C', 'D'], ['A', 'B', 'C', 'D'], ['A', 'C', 'D', 'B']]","{'C': 5, 'A': 4, 'B': 4, 'D': 2}","[0.58, 0.75, 1.0]",3.91
99,"[1, 3, 4]","[3, 3, 4]","[0.54, 0.5, 0.79]","[['B', 'A', 'C', 'D'], ['A', 'B', 'C', 'D'], ['A', 'D', 'C', 'B']]","{'C': 5, 'A': 4, 'B': 4, 'D': 2}","[0.58, 0.75, 1.0]",3.91
99,"[1, 3, 4]","[3, 3, 4]","[0.54, 0.5, 0.79]","[['B', 'A', 'C', 'D'], ['A', 'B', 'C', 'D'], ['C', 'A', 'D', 'B']]","{'C': 5, 'A': 4, 'B': 4, 'D': 2}","[0.58, 0.75, 1.0]",3.91
99,"[1, 3, 4]","[3, 3, 4]","[0.54, 0.5, 0.79]","[['B', 'A', 'C', 'D'], ['A', 'B', 'C', 'D'], ['C', 'D', 'A', 'B']]","{'C': 5, 'A': 4, 'B': 4, 'D': 2}","[0.58, 0.75, 1.0]",3.91
99,"[1, 3, 4]","[3, 3, 4]","[0.54, 0.5, 0.79]","[['B', 'A', 'C', 'D'], ['A', 'B', 'C', 'D'], ['D', 'A', 'C', 'B']]","{'C': 5, 'A': 4, 'B': 4, 'D': 2}","[0.58, 0.75, 1.0]",3.91
99,"[1, 3, 4]","[3, 3, 4]","[0.54, 0.5, 0.79]","[['B', 'A', 'C', 'D'], ['A', 'B', 'C', 'D'], ['D', 'C', 'A', 'B']]","{'C': 5, 'A': 4, 'B': 4, 'D': 2}","[0.58, 0.75, 1.0]",3.91
99,"[1, 3, 4]","[3, 3, 4]","[0.54, 0.5, 0.79]","[['B', 'A', 'C', 'D'], ['A', 'C', 'B', 'D'], ['A', 'C', 'D', 'B']]","{'C': 5, 'A': 4, 'B': 4, 'D': 2}","[0.58, 0.75, 1.0]",3.91
99,"[1, 3, 4]","[3, 3, 4]","[0.54, 0.5, 0.79]","[['B', 'A', 'C', 'D'], ['A', 'C', 'B', 'D'], ['A', 'D', 'C', 'B']]","{'C': 5, 'A': 4, 'B': 4, 'D': 2}","[0.58, 0.75, 1.0]",3.91
99,"[1, 3, 4]","[3, 3, 4]","[0.54, 0.5, 0.79]","[['B', 'A', 'C', 'D'], ['A', 'C', 'B', 'D'], ['C', 'A', 'D', 'B']]","{'C': 5, 'A': 4, 'B': 4, 'D': 2}","[0.58, 0.75, 1.0]",3.91
99,"[1, 3, 4]","[3, 3, 4]","[0.54, 0.5, 0.79]","[['B', 'A', 'C', 'D'], ['A', 'C', 'B', 'D'], ['C', 'D', 'A', 'B']]","{'C': 5, 'A': 4, 'B': 4, 'D': 2}","[0.58, 0.75, 1.0]",3.91
99,"[1, 3, 4]","[3, 3, 4]","[0.54, 0.5, 0.79]","[['B', 'A', 'C', 'D'], ['A', 'C', 'B', 'D'], ['D', 'A', 'C', 'B']]","{'C': 5, 'A': 4, 'B': 4, 'D': 2}","[0.58, 0.75, 1.0]",3.91
99,"[1, 3, 4]","[3, 3, 4]","[0.54, 0.5, 0.79]","[['B', 'A', 'C', 'D'], ['A', 'C', 'B', 'D'], ['D', 'C', 'A', 'B']]","{'C': 5, 'A': 4, 'B': 4, 'D': 2}","[0.58, 0.75, 1.0]",3.91
99,"[1, 3, 4]","[3, 3, 4]","[0.54, 0.5, 0.79]","[['B', 'A', 'C', 'D'], ['A', 'C', 'D', 'B'], ['A', 'B', 'C', 'D']]","{'C': 5, 'A': 4, 'B': 4, 'D': 2}","[0.58, 0.75, 1.0]",3.91
99,"[1, 3, 4]","[3, 3, 4]","[0.54, 0.5, 0.79]","[['B', 'A', 'C', 'D'], ['A', 'C', 'D', 'B'], ['A', 'C', 'B', 'D']]","{'C': 5, 'A': 4, 'B': 4, 'D': 2}","[0.58, 0.75, 1.0]",3.91
99,"[1, 3, 4]","[3, 3, 4]","[0.54, 0.5, 0.79]","[['B', 'A', 'C', 'D'], ['A', 'C', 'D', 'B'], ['A', 'C', 'D', 'B']]","{'C': 5, 'A': 4, 'B': 3, 'D': 3}","[0.58, 0.75, 1.0]",3.91
99,"[1, 3, 4]","[3, 3, 4]","[0.54, 0.5, 0.79]","[['B', 'A', 'C', 'D'], ['A', 'C', 'D', 'B'], ['A', 'D', 'C', 'B']]","{'C': 5, 'A': 4, 'B': 3, 'D': 3}","[0.58, 0.75, 1.0]",3.91
99,"[1, 3, 4]","[3, 3, 4]","[0.54, 0.5, 0.79]","[['B', 'A', 'C', 'D'], ['A', 'C', 'D', 'B'], ['B', 'A', 'C', 'D']]","{'C': 5, 'A': 4, 'B': 4, 'D': 2}","[0.58, 0.75, 1.0]",3.91
99,"[1, 3, 4]","[3, 3, 4]","[0.54, 0.5, 0.79]","[['B', 'A', 'C', 'D'], ['A', 'C', 'D', 'B'], ['B', 'C', 'A', 'D']]","{'C': 5, 'A': 4, 'B': 4, 'D': 2}","[0.58, 0.75, 1.0]",3.91
99,"[1, 3, 4]","[3, 3, 4]","[0.54, 0.5, 0.79]","[['B', 'A', 'C', 'D'], ['A', 'C', 'D', 'B'], ['C', 'A', 'B', 'D']]","{'C': 5, 'A': 4, 'B': 4, 'D': 2}","[0.58, 0.75, 1.0]",3.91
99,"[1, 3, 4]","[3, 3, 4]","[0.54, 0.5, 0.79]","[['B', 'A', 'C', 'D'], ['A', 'C', 'D', 'B'], ['C', 'A', 'D', 'B']]","{'C': 5, 'A': 4, 'B': 3, 'D': 3}","[0.58, 0.75, 1.0]",3.91
99,"[1, 3, 4]","[3, 3, 4]","[0.54, 0.5, 0.79]","[['B', 'A', 'C', 'D'], ['A', 'C', 'D', 'B'], ['C', 'B', 'A', 'D']]","{'C': 5, 'A': 4, 'B': 4, 'D': 2}","[0.58, 0.75, 1.0]",3.91
99,"[1, 3, 4]","[3, 3, 4]","[0.54, 0.5, 0.79]","[['B', 'A', 'C', 'D'], ['A', 'C', 'D', 'B'], ['C', 'D', 'A', 'B']]","{'C': 5, 'A': 4, 'B': 3, 'D': 3}","[0.58, 0.75, 1.0]",3.91
99,"[1, 3, 4]","[3, 3, 4]","[0.54, 0.5, 0.79]","[['B', 'A', 'C', 'D'], ['A', 'C', 'D', 'B'], ['D', 'A', 'C', 'B']]","{'C': 5, 'A': 4, 'B': 3, 'D': 3}","[0.58, 0.75, 1.0]",3.91
99,"[1, 3, 4]","[3, 3, 4]","[0.54, 0.5, 0.79]","[['B', 'A', 'C', 'D'], ['A', 'C', 'D', 'B'], ['D', 'C', 'A', 'B']]","{'C': 5, 'A': 4, 'B': 3, 'D': 3}","[0.58, 0.75, 1.0]",3.91
99,"[1, 3, 4]","[3, 3, 4]","[0.54, 0.5, 0.79]","[['B', 'A', 'C', 'D'], ['A', 'D', 'C', 'B'], ['A', 'B', 'C', 'D']]","{'C': 5, 'A': 4, 'B': 4, 'D': 2}","[0.58, 0.75, 1.0]",3.91
99,"[1, 3, 4]","[3, 3, 4]","[0.54, 0.5, 0.79]","[['B', 'A', 'C', 'D'], ['A', 'D', 'C', 'B'], ['A', 'C', 'B', 'D']]","{'C': 5, 'A': 4, 'B': 4, 'D': 2}","[0.58, 0.75, 1.0]",3.91
99,"[1, 3, 4]","[3, 3, 4]","[0.54, 0.5, 0.79]","[['B', 'A', 'C', 'D'], ['A', 'D', 'C', 'B'], ['A', 'C', 'D', 'B']]","{'C': 5, 'A': 4, 'B': 3, 'D': 3}","[0.58, 0.75, 1.0]",3.91
99,"[1, 3, 4]","[3, 3, 4]","[0.54, 0.5, 0.79]","[['B', 'A', 'C', 'D'], ['A', 'D', 'C', 'B'], ['A', 'D', 'C', 'B']]","{'C': 5, 'A': 4, 'B': 3, 'D': 3}","[0.58, 0.75, 1.0]",3.91
99,"[1, 3, 4]","[3, 3, 4]","[0.54, 0.5, 0.79]","[['B', 'A', 'C', 'D'], ['A', 'D', 'C', 'B'], ['B', 'A', 'C', 'D']]","{'C': 5, 'A': 4, 'B': 4, 'D': 2}","[0.58, 0.75, 1.0]",3.91
99,"[1, 3, 4]","[3, 3, 4]","[0.54, 0.5, 0.79]","[['B', 'A', 'C', 'D'], ['A', 'D', 'C', 'B'], ['B', 'C', 'A', 'D']]","{'C': 5, 'A': 4, 'B': 4, 'D': 2}","[0.58, 0.75, 1.0]",3.91
99,"[1, 3, 4]","[3, 3, 4]","[0.54, 0.5, 0.79]","[['B', 'A', 'C', 'D'], ['A', 'D', 'C', 'B'], ['C', 'A', 'B', 'D']]","{'C': 5, 'A': 4, 'B': 4, 'D': 2}","[0.58, 0.75, 1.0]",3.91
99,"[1, 3, 4]","[3, 3, 4]","[0.54, 0.5, 0.79]","[['B', 'A', 'C', 'D'], ['A', 'D', 'C', 'B'], ['C', 'A', 'D', 'B']]","{'C': 5, 'A': 4, 'B': 3, 'D': 3}","[0.58, 0.75, 1.0]",3.91
99,"[1, 3, 4]","[3, 3, 4]","[0.54, 0.5, 0.79]","[['B', 'A', 'C', 'D'], ['A', 'D', 'C', 'B'], ['C', 'B', 'A', 'D']]","{'C': 5, 'A': 4, 'B': 4, 'D': 2}","[0.58, 0.75, 1.0]",3.91
99,"[1, 3, 4]","[3, 3, 4]","[0.54, 0.5, 0.79]","[['B', 'A', 'C', 'D'], ['A', 'D', 'C', 'B'], ['C', 'D', 'A', 'B']]","{'C': 5, 'A': 4, 'B': 3, 'D': 3}","[0.58, 0.75, 1.0]",3.91
99,"[1, 3, 4]","[3, 3, 4]","[0.54, 0.5, 0.79]","[['B', 'A', 'C', 'D'], ['A', 'D', 'C', 'B'], ['D', 'A', 'C', 'B']]","{'C': 5, 'A': 4, 'B': 3, 'D': 3}","[0.58, 0.75, 1.0]",3.91
99,"[1, 3, 4]","[3, 3, 4]","[0.54, 0.5, 0.79]","[['B', 'A', 'C', 'D'], ['A', 'D', 'C', 'B'], ['D', 'C', 'A', 'B']]","{'C': 5, 'A': 4, 'B': 3, 'D': 3}","[0.58, 0.75, 1.0]",3.91
99,"[1, 3, 4]","[3, 3, 4]","[0.54, 0.5, 0.79]","[['B', 'A', 'C', 'D'], ['B', 'A', 'C', 'D'], ['A', 'C', 'D', 'B']]","{'C': 5, 'A': 4, 'B': 4, 'D': 2}","[0.58, 0.75, 1.0]",3.91
99,"[1, 3, 4]","[3, 3, 4]","[0.54, 0.5, 0.79]","[['B', 'A', 'C', 'D'], ['B', 'A', 'C', 'D'], ['A', 'D', 'C', 'B']]","{'C': 5, 'A': 4, 'B': 4, 'D': 2}","[0.58, 0.75, 1.0]",3.91
99,"[1, 3, 4]","[3, 3, 4]","[0.54, 0.5, 0.79]","[['B', 'A', 'C', 'D'], ['B', 'A', 'C', 'D'], ['C', 'A', 'D', 'B']]","{'C': 5, 'A': 4, 'B': 4, 'D': 2}","[0.58, 0.75, 1.0]",3.91
99,"[1, 3, 4]","[3, 3, 4]","[0.54, 0.5, 0.79]","[['B', 'A', 'C', 'D'], ['B', 'A', 'C', 'D'], ['C', 'D', 'A', 'B']]","{'C': 5, 'A': 4, 'B': 4, 'D': 2}","[0.58, 0.75, 1.0]",3.91
99,"[1, 3, 4]","[3, 3, 4]","[0.54, 0.5, 0.79]","[['B', 'A', 'C', 'D'], ['B', 'A', 'C', 'D'], ['D', 'A', 'C', 'B']]","{'C': 5, 'A': 4, 'B': 4, 'D': 2}","[0.58, 0.75, 1.0]",3.91
99,"[1, 3, 4]","[3, 3, 4]","[0.54, 0.5, 0.79]","[['B', 'A', 'C', 'D'], ['B', 'A', 'C', 'D'], ['D', 'C', 'A', 'B']]","{'C': 5, 'A': 4, 'B': 4, 'D': 2}","[0.58, 0.75, 1.0]",3.91
99,"[1, 3, 4]","[3, 3, 4]","[0.54, 0.5, 0.79]","[['B', 'A', 'C', 'D'], ['B', 'C', 'A', 'D'], ['A', 'C', 'D', 'B']]","{'C': 5, 'A': 4, 'B': 4, 'D': 2}","[0.58, 0.75, 1.0]",3.91
99,"[1, 3, 4]","[3, 3, 4]","[0.54, 0.5, 0.79]","[['B', 'A', 'C', 'D'], ['B', 'C', 'A', 'D'], ['A', 'D', 'C', 'B']]","{'C': 5, 'A': 4, 'B': 4, 'D': 2}","[0.58, 0.75, 1.0]",3.91
99,"[1, 3, 4]","[3, 3, 4]","[0.54, 0.5, 0.79]","[['B', 'A', 'C', 'D'], ['B', 'C', 'A', 'D'], ['C', 'A', 'D', 'B']]","{'C': 5, 'A': 4, 'B': 4, 'D': 2}","[0.58, 0.75, 1.0]",3.91
99,"[1, 3, 4]","[3, 3, 4]","[0.54, 0.5, 0.79]","[['B', 'A', 'C', 'D'], ['B', 'C', 'A', 'D'], ['C', 'D', 'A', 'B']]","{'C': 5, 'A': 4, 'B': 4, 'D': 2}","[0.58, 0.75, 1.0]",3.91
99,"[1, 3, 4]","[3, 3, 4]","[0.54, 0.5, 0.79]","[['B', 'A', 'C', 'D'], ['B', 'C', 'A', 'D'], ['D', 'A', 'C', 'B']]","{'C': 5, 'A': 4, 'B': 4, 'D': 2}","[0.58, 0.75, 1.0]",3.91
99,"[1, 3, 4]","[3, 3, 4]","[0.54, 0.5, 0.79]","[['B', 'A', 'C', 'D'], ['B', 'C', 'A', 'D'], ['D', 'C', 'A', 'B']]","{'C': 5, 'A': 4, 'B': 4, 'D': 2}","[0.58, 0.75, 1.0]",3.91
99,"[1, 3, 4]","[3, 3, 4]","[0.54, 0.5, 0.79]","[['B', 'A', 'C', 'D'], ['C', 'A', 'B', 'D'], ['A', 'C', 'D', 'B']]","{'C': 5, 'A': 4, 'B': 4, 'D': 2}","[0.58, 0.75, 1.0]",3.91
99,"[1, 3, 4]","[3, 3, 4]","[0.54, 0.5, 0.79]","[['B', 'A', 'C', 'D'], ['C', 'A', 'B', 'D'], ['A', 'D', 'C', 'B']]","{'C': 5, 'A': 4, 'B': 4, 'D': 2}","[0.58, 0.75, 1.0]",3.91
99,"[1, 3, 4]","[3, 3, 4]","[0.54, 0.5, 0.79]","[['B', 'A', 'C', 'D'], ['C', 'A', 'B', 'D'], ['C', 'A', 'D', 'B']]","{'C': 5, 'A': 4, 'B': 4, 'D': 2}","[0.58, 0.75, 1.0]",3.91
99,"[1, 3, 4]","[3, 3, 4]","[0.54, 0.5, 0.79]","[['B', 'A', 'C', 'D'], ['C', 'A', 'B', 'D'], ['C', 'D', 'A', 'B']]","{'C': 5, 'A': 4, 'B': 4, 'D': 2}","[0.58, 0.75, 1.0]",3.91
99,"[1, 3, 4]","[3, 3, 4]","[0.54, 0.5, 0.79]","[['B', 'A', 'C', 'D'], ['C', 'A', 'B', 'D'], ['D', 'A', 'C', 'B']]","{'C': 5, 'A': 4, 'B': 4, 'D': 2}","[0.58, 0.75, 1.0]",3.91
99,"[1, 3, 4]","[3, 3, 4]","[0.54, 0.5, 0.79]","[['B', 'A', 'C', 'D'], ['C', 'A', 'B', 'D'], ['D', 'C', 'A', 'B']]","{'C': 5, 'A': 4, 'B': 4, 'D': 2}","[0.58, 0.75, 1.0]",3.91
99,"[1, 3, 4]","[3, 3, 4]","[0.54, 0.5, 0.79]","[['B', 'A', 'C', 'D'], ['C', 'A', 'D', 'B'], ['A', 'B', 'C', 'D']]","{'C': 5, 'A': 4, 'B': 4, 'D': 2}","[0.58, 0.75, 1.0]",3.91
99,"[1, 3, 4]","[3, 3, 4]","[0.54, 0.5, 0.79]","[['B', 'A', 'C', 'D'], ['C', 'A', 'D', 'B'], ['A', 'C', 'B', 'D']]","{'C': 5, 'A': 4, 'B': 4, 'D': 2}","[0.58, 0.75, 1.0]",3.91
99,"[1, 3, 4]","[3, 3, 4]","[0.54, 0.5, 0.79]","[['B', 'A', 'C', 'D'], ['C', 'A', 'D', 'B'], ['A', 'C', 'D', 'B']]","{'C': 5, 'A': 4, 'B': 3, 'D': 3}","[0.58, 0.75, 1.0]",3.91
99,"[1, 3, 4]","[3, 3, 4]","[0.54, 0.5, 0.79]","[['B', 'A', 'C', 'D'], ['C', 'A', 'D', 'B'], ['A', 'D', 'C', 'B']]","{'C': 5, 'A': 4, 'B': 3, 'D': 3}","[0.58, 0.75, 1.0]",3.91
99,"[1, 3, 4]","[3, 3, 4]","[0.54, 0.5, 0.79]","[['B', 'A', 'C', 'D'], ['C', 'A', 'D', 'B'], ['B', 'A', 'C', 'D']]","{'C': 5, 'A': 4, 'B': 4, 'D': 2}","[0.58, 0.75, 1.0]",3.91
99,"[1, 3, 4]","[3, 3, 4]","[0.54, 0.5, 0.79]","[['B', 'A', 'C', 'D'], ['C', 'A', 'D', 'B'], ['B', 'C', 'A', 'D']]","{'C': 5, 'A': 4, 'B': 4, 'D': 2}","[0.58, 0.75, 1.0]",3.91
99,"[1, 3, 4]","[3, 3, 4]","[0.54, 0.5, 0.79]","[['B', 'A', 'C', 'D'], ['C', 'A', 'D', 'B'], ['C', 'A', 'B', 'D']]","{'C': 5, 'A': 4, 'B': 4, 'D': 2}","[0.58, 0.75, 1.0]",3.91
99,"[1, 3, 4]","[3, 3, 4]","[0.54, 0.5, 0.79]","[['B', 'A', 'C', 'D'], ['C', 'A', 'D', 'B'], ['C', 'A', 'D', 'B']]","{'C': 5, 'A': 4, 'B': 3, 'D': 3}","[0.58, 0.75, 1.0]",3.91
99,"[1, 3, 4]","[3, 3, 4]","[0.54, 0.5, 0.79]","[['B', 'A', 'C', 'D'], ['C', 'A', 'D', 'B'], ['C', 'B', 'A', 'D']]","{'C': 5, 'A': 4, 'B': 4, 'D': 2}","[0.58, 0.75, 1.0]",3.91
99,"[1, 3, 4]","[3, 3, 4]","[0.54, 0.5, 0.79]","[['B', 'A', 'C', 'D'], ['C', 'A', 'D', 'B'], ['C', 'D', 'A', 'B']]","{'C': 5, 'A': 4, 'B': 3, 'D': 3}","[0.58, 0.75, 1.0]",3.91
99,"[1, 3, 4]","[3, 3, 4]","[0.54, 0.5, 0.79]","[['B', 'A', 'C', 'D'], ['C', 'A', 'D', 'B'], ['D', 'A', 'C', 'B']]","{'C': 5, 'A': 4, 'B': 3, 'D': 3}","[0.58, 0.75, 1.0]",3.91
99,"[1, 3, 4]","[3, 3, 4]","[0.54, 0.5, 0.79]","[['B', 'A', 'C', 'D'], ['C', 'A', 'D', 'B'], ['D', 'C', 'A', 'B']]","{'C': 5, 'A': 4, 'B': 3, 'D': 3}","[0.58, 0.75, 1.0]",3.91
99,"[1, 3, 4]","[3, 3, 4]","[0.54, 0.5, 0.79]","[['B', 'A', 'C', 'D'], ['C', 'B', 'A', 'D'], ['A', 'C', 'D', 'B']]","{'C': 5, 'A': 4, 'B': 4, 'D': 2}","[0.58, 0.75, 1.0]",3.91
99,"[1, 3, 4]","[3, 3, 4]","[0.54, 0.5, 0.79]","[['B', 'A', 'C', 'D'], ['C', 'B', 'A', 'D'], ['A', 'D', 'C', 'B']]","{'C': 5, 'A': 4, 'B': 4, 'D': 2}","[0.58, 0.75, 1.0]",3.91
99,"[1, 3, 4]","[3, 3, 4]","[0.54, 0.5, 0.79]","[['B', 'A', 'C', 'D'], ['C', 'B', 'A', 'D'], ['C', 'A', 'D', 'B']]","{'C': 5, 'A': 4, 'B': 4, 'D': 2}","[0.58, 0.75, 1.0]",3.91
99,"[1, 3, 4]","[3, 3, 4]","[0.54, 0.5, 0.79]","[['B', 'A', 'C', 'D'], ['C', 'B', 'A', 'D'], ['C', 'D', 'A', 'B']]","{'C': 5, 'A': 4, 'B': 4, 'D': 2}","[0.58, 0.75, 1.0]",3.91
99,"[1, 3, 4]","[3, 3, 4]","[0.54, 0.5, 0.79]","[['B', 'A', 'C', 'D'], ['C', 'B', 'A', 'D'], ['D', 'A', 'C', 'B']]","{'C': 5, 'A': 4, 'B': 4, 'D': 2}","[0.58, 0.75, 1.0]",3.91
99,"[1, 3, 4]","[3, 3, 4]","[0.54, 0.5, 0.79]","[['B', 'A', 'C', 'D'], ['C', 'B', 'A', 'D'], ['D', 'C', 'A', 'B']]","{'C': 5, 'A': 4, 'B': 4, 'D': 2}","[0.58, 0.75, 1.0]",3.91
99,"[1, 3, 4]","[3, 3, 4]","[0.54, 0.5, 0.79]","[['B', 'A', 'C', 'D'], ['C', 'D', 'A', 'B'], ['A', 'B', 'C', 'D']]","{'C': 5, 'A': 4, 'B': 4, 'D': 2}","[0.58, 0.75, 1.0]",3.91
99,"[1, 3, 4]","[3, 3, 4]","[0.54, 0.5, 0.79]","[['B', 'A', 'C', 'D'], ['C', 'D', 'A', 'B'], ['A', 'C', 'B', 'D']]","{'C': 5, 'A': 4, 'B': 4, 'D': 2}","[0.58, 0.75, 1.0]",3.91
99,"[1, 3, 4]","[3, 3, 4]","[0.54, 0.5, 0.79]","[['B', 'A', 'C', 'D'], ['C', 'D', 'A', 'B'], ['A', 'C', 'D', 'B']]","{'C': 5, 'A': 4, 'B': 3, 'D': 3}","[0.58, 0.75, 1.0]",3.91
99,"[1, 3, 4]","[3, 3, 4]","[0.54, 0.5, 0.79]","[['B', 'A', 'C', 'D'], ['C', 'D', 'A', 'B'], ['A', 'D', 'C', 'B']]","{'C': 5, 'A': 4, 'B': 3, 'D': 3}","[0.58, 0.75, 1.0]",3.91
99,"[1, 3, 4]","[3, 3, 4]","[0.54, 0.5, 0.79]","[['B', 'A', 'C', 'D'], ['C', 'D', 'A', 'B'], ['B', 'A', 'C', 'D']]","{'C': 5, 'A': 4, 'B': 4, 'D': 2}","[0.58, 0.75, 1.0]",3.91
99,"[1, 3, 4]","[3, 3, 4]","[0.54, 0.5, 0.79]","[['B', 'A', 'C', 'D'], ['C', 'D', 'A', 'B'], ['B', 'C', 'A', 'D']]","{'C': 5, 'A': 4, 'B': 4, 'D': 2}","[0.58, 0.75, 1.0]",3.91
99,"[1, 3, 4]","[3, 3, 4]","[0.54, 0.5, 0.79]","[['B', 'A', 'C', 'D'], ['C', 'D', 'A', 'B'], ['C', 'A', 'B', 'D']]","{'C': 5, 'A': 4, 'B': 4, 'D': 2}","[0.58, 0.75, 1.0]",3.91
99,"[1, 3, 4]","[3, 3, 4]","[0.54, 0.5, 0.79]","[['B', 'A', 'C', 'D'], ['C', 'D', 'A', 'B'], ['C', 'A', 'D', 'B']]","{'C': 5, 'A': 4, 'B': 3, 'D': 3}","[0.58, 0.75, 1.0]",3.91
99,"[1, 3, 4]","[3, 3, 4]","[0.54, 0.5, 0.79]","[['B', 'A', 'C', 'D'], ['C', 'D', 'A', 'B'], ['C', 'B', 'A', 'D']]","{'C': 5, 'A': 4, 'B': 4, 'D': 2}","[0.58, 0.75, 1.0]",3.91
99,"[1, 3, 4]","[3, 3, 4]","[0.54, 0.5, 0.79]","[['B', 'A', 'C', 'D'], ['C', 'D', 'A', 'B'], ['C', 'D', 'A', 'B']]","{'C': 5, 'A': 4, 'B': 3, 'D': 3}","[0.58, 0.75, 1.0]",3.91
99,"[1, 3, 4]","[3, 3, 4]","[0.54, 0.5, 0.79]","[['B', 'A', 'C', 'D'], ['C', 'D', 'A', 'B'], ['D', 'A', 'C', 'B']]","{'C': 5, 'A': 4, 'B': 3, 'D': 3}","[0.58, 0.75, 1.0]",3.91
99,"[1, 3, 4]","[3, 3, 4]","[0.54, 0.5, 0.79]","[['B', 'A', 'C', 'D'], ['C', 'D', 'A', 'B'], ['D', 'C', 'A', 'B']]","{'C': 5, 'A': 4, 'B': 3, 'D': 3}","[0.58, 0.75, 1.0]",3.91
99,"[1, 3, 4]","[3, 3, 4]","[0.54, 0.5, 0.79]","[['B', 'A', 'C', 'D'], ['D', 'A', 'C', 'B'], ['A', 'B', 'C', 'D']]","{'C': 5, 'A': 4, 'B': 4, 'D': 2}","[0.58, 0.75, 1.0]",3.91
99,"[1, 3, 4]","[3, 3, 4]","[0.54, 0.5, 0.79]","[['B', 'A', 'C', 'D'], ['D', 'A', 'C', 'B'], ['A', 'C', 'B', 'D']]","{'C': 5, 'A': 4, 'B': 4, 'D': 2}","[0.58, 0.75, 1.0]",3.91
99,"[1, 3, 4]","[3, 3, 4]","[0.54, 0.5, 0.79]","[['B', 'A', 'C', 'D'], ['D', 'A', 'C', 'B'], ['A', 'C', 'D', 'B']]","{'C': 5, 'A': 4, 'B': 3, 'D': 3}","[0.58, 0.75, 1.0]",3.91
99,"[1, 3, 4]","[3, 3, 4]","[0.54, 0.5, 0.79]","[['B', 'A', 'C', 'D'], ['D', 'A', 'C', 'B'], ['A', 'D', 'C', 'B']]","{'C': 5, 'A': 4, 'B': 3, 'D': 3}","[0.58, 0.75, 1.0]",3.91
99,"[1, 3, 4]","[3, 3, 4]","[0.54, 0.5, 0.79]","[['B', 'A', 'C', 'D'], ['D', 'A', 'C', 'B'], ['B', 'A', 'C', 'D']]","{'C': 5, 'A': 4, 'B': 4, 'D': 2}","[0.58, 0.75, 1.0]",3.91
99,"[1, 3, 4]","[3, 3, 4]","[0.54, 0.5, 0.79]","[['B', 'A', 'C', 'D'], ['D', 'A', 'C', 'B'], ['B', 'C', 'A', 'D']]","{'C': 5, 'A': 4, 'B': 4, 'D': 2}","[0.58, 0.75, 1.0]",3.91
99,"[1, 3, 4]","[3, 3, 4]","[0.54, 0.5, 0.79]","[['B', 'A', 'C', 'D'], ['D', 'A', 'C', 'B'], ['C', 'A', 'B', 'D']]","{'C': 5, 'A': 4, 'B': 4, 'D': 2}","[0.58, 0.75, 1.0]",3.91
99,"[1, 3, 4]","[3, 3, 4]","[0.54, 0.5, 0.79]","[['B', 'A', 'C', 'D'], ['D', 'A', 'C', 'B'], ['C', 'A', 'D', 'B']]","{'C': 5, 'A': 4, 'B': 3, 'D': 3}","[0.58, 0.75, 1.0]",3.91
99,"[1, 3, 4]","[3, 3, 4]","[0.54, 0.5, 0.79]","[['B', 'A', 'C', 'D'], ['D', 'A', 'C', 'B'], ['C', 'B', 'A', 'D']]","{'C': 5, 'A': 4, 'B': 4, 'D': 2}","[0.58, 0.75, 1.0]",3.91
99,"[1, 3, 4]","[3, 3, 4]","[0.54, 0.5, 0.79]","[['B', 'A', 'C', 'D'], ['D', 'A', 'C', 'B'], ['C', 'D', 'A', 'B']]","{'C': 5, 'A': 4, 'B': 3, 'D': 3}","[0.58, 0.75, 1.0]",3.91
99,"[1, 3, 4]","[3, 3, 4]","[0.54, 0.5, 0.79]","[['B', 'A', 'C', 'D'], ['D', 'A', 'C', 'B'], ['D', 'A', 'C', 'B']]","{'C': 5, 'A': 4, 'B': 3, 'D': 3}","[0.58, 0.75, 1.0]",3.91
99,"[1, 3, 4]","[3, 3, 4]","[0.54, 0.5, 0.79]","[['B', 'A', 'C', 'D'], ['D', 'A', 'C', 'B'], ['D', 'C', 'A', 'B']]","{'C': 5, 'A': 4, 'B': 3, 'D': 3}","[0.58, 0.75, 1.0]",3.91
99,"[1, 3, 4]","[3, 3, 4]","[0.54, 0.5, 0.79]","[['B', 'A', 'C', 'D'], ['D', 'C', 'A', 'B'], ['A', 'B', 'C', 'D']]","{'C': 5, 'A': 4, 'B': 4, 'D': 2}","[0.58, 0.75, 1.0]",3.91
99,"[1, 3, 4]","[3, 3, 4]","[0.54, 0.5, 0.79]","[['B', 'A', 'C', 'D'], ['D', 'C', 'A', 'B'], ['A', 'C', 'B', 'D']]","{'C': 5, 'A': 4, 'B': 4, 'D': 2}","[0.58, 0.75, 1.0]",3.91
99,"[1, 3, 4]","[3, 3, 4]","[0.54, 0.5, 0.79]","[['B', 'A', 'C', 'D'], ['D', 'C', 'A', 'B'], ['A', 'C', 'D', 'B']]","{'C': 5, 'A': 4, 'B': 3, 'D': 3}","[0.58, 0.75, 1.0]",3.91
99,"[1, 3, 4]","[3, 3, 4]","[0.54, 0.5, 0.79]","[['B', 'A', 'C', 'D'], ['D', 'C', 'A', 'B'], ['A', 'D', 'C', 'B']]","{'C': 5, 'A': 4, 'B': 3, 'D': 3}","[0.58, 0.75, 1.0]",3.91
99,"[1, 3, 4]","[3, 3, 4]","[0.54, 0.5, 0.79]","[['B', 'A', 'C', 'D'], ['D', 'C', 'A', 'B'], ['B', 'A', 'C', 'D']]","{'C': 5, 'A': 4, 'B': 4, 'D': 2}","[0.58, 0.75, 1.0]",3.91
99,"[1, 3, 4]","[3, 3, 4]","[0.54, 0.5, 0.79]","[['B', 'A', 'C', 'D'], ['D', 'C', 'A', 'B'], ['B', 'C', 'A', 'D']]","{'C': 5, 'A': 4, 'B': 4, 'D': 2}","[0.58, 0.75, 1.0]",3.91
99,"[1, 3, 4]","[3, 3, 4]","[0.54, 0.5, 0.79]","[['B', 'A', 'C', 'D'], ['D', 'C', 'A', 'B'], ['C', 'A', 'B', 'D']]","{'C': 5, 'A': 4, 'B': 4, 'D': 2}","[0.58, 0.75, 1.0]",3.91
99,"[1, 3, 4]","[3, 3, 4]","[0.54, 0.5, 0.79]","[['B', 'A', 'C', 'D'], ['D', 'C', 'A', 'B'], ['C', 'A', 'D', 'B']]","{'C': 5, 'A': 4, 'B': 3, 'D': 3}","[0.58, 0.75, 1.0]",3.91
99,"[1, 3, 4]","[3, 3, 4]","[0.54, 0.5, 0.79]","[['B', 'A', 'C', 'D'], ['D', 'C', 'A', 'B'], ['C', 'B', 'A', 'D']]","{'C': 5, 'A': 4, 'B': 4, 'D': 2}","[0.58, 0.75, 1.0]",3.91
99,"[1, 3, 4]","[3, 3, 4]","[0.54, 0.5, 0.79]","[['B', 'A', 'C', 'D'], ['D', 'C', 'A', 'B'], ['C', 'D', 'A', 'B']]","{'C': 5, 'A': 4, 'B': 3, 'D': 3}","[0.58, 0.75, 1.0]",3.91
99,"[1, 3, 4]","[3, 3, 4]","[0.54, 0.5, 0.79]","[['B', 'A', 'C', 'D'], ['D', 'C', 'A', 'B'], ['D', 'A', 'C', 'B']]","{'C': 5, 'A': 4, 'B': 3, 'D': 3}","[0.58, 0.75, 1.0]",3.91
99,"[1, 3, 4]","[3, 3, 4]","[0.54, 0.5, 0.79]","[['B', 'A', 'C', 'D'], ['D', 'C', 'A', 'B'], ['D', 'C', 'A', 'B']]","{'C': 5, 'A': 4, 'B': 3, 'D': 3}","[0.58, 0.75, 1.0]",3.91
99,"[1, 3, 4]","[3, 3, 4]","[0.54, 0.5, 0.79]","[['B', 'C', 'A', 'D'], ['A', 'B', 'C', 'D'], ['A', 'C', 'D', 'B']]","{'C': 5, 'A': 4, 'B': 4, 'D': 2}","[0.58, 0.75, 1.0]",3.91
99,"[1, 3, 4]","[3, 3, 4]","[0.54, 0.5, 0.79]","[['B', 'C', 'A', 'D'], ['A', 'B', 'C', 'D'], ['A', 'D', 'C', 'B']]","{'C': 5, 'A': 4, 'B': 4, 'D': 2}","[0.58, 0.75, 1.0]",3.91
99,"[1, 3, 4]","[3, 3, 4]","[0.54, 0.5, 0.79]","[['B', 'C', 'A', 'D'], ['A', 'B', 'C', 'D'], ['C', 'A', 'D', 'B']]","{'C': 5, 'A': 4, 'B': 4, 'D': 2}","[0.58, 0.75, 1.0]",3.91
99,"[1, 3, 4]","[3, 3, 4]","[0.54, 0.5, 0.79]","[['B', 'C', 'A', 'D'], ['A', 'B', 'C', 'D'], ['C', 'D', 'A', 'B']]","{'C': 5, 'A': 4, 'B': 4, 'D': 2}","[0.58, 0.75, 1.0]",3.91
99,"[1, 3, 4]","[3, 3, 4]","[0.54, 0.5, 0.79]","[['B', 'C', 'A', 'D'], ['A', 'B', 'C', 'D'], ['D', 'A', 'C', 'B']]","{'C': 5, 'A': 4, 'B': 4, 'D': 2}","[0.58, 0.75, 1.0]",3.91
99,"[1, 3, 4]","[3, 3, 4]","[0.54, 0.5, 0.79]","[['B', 'C', 'A', 'D'], ['A', 'B', 'C', 'D'], ['D', 'C', 'A', 'B']]","{'C': 5, 'A': 4, 'B': 4, 'D': 2}","[0.58, 0.75, 1.0]",3.91
99,"[1, 3, 4]","[3, 3, 4]","[0.54, 0.5, 0.79]","[['B', 'C', 'A', 'D'], ['A', 'C', 'B', 'D'], ['A', 'C', 'D', 'B']]","{'C': 5, 'A': 4, 'B': 4, 'D': 2}","[0.58, 0.75, 1.0]",3.91
99,"[1, 3, 4]","[3, 3, 4]","[0.54, 0.5, 0.79]","[['B', 'C', 'A', 'D'], ['A', 'C', 'B', 'D'], ['A', 'D', 'C', 'B']]","{'C': 5, 'A': 4, 'B': 4, 'D': 2}","[0.58, 0.75, 1.0]",3.91
99,"[1, 3, 4]","[3, 3, 4]","[0.54, 0.5, 0.79]","[['B', 'C', 'A', 'D'], ['A', 'C', 'B', 'D'], ['C', 'A', 'D', 'B']]","{'C': 5, 'A': 4, 'B': 4, 'D': 2}","[0.58, 0.75, 1.0]",3.91
99,"[1, 3, 4]","[3, 3, 4]","[0.54, 0.5, 0.79]","[['B', 'C', 'A', 'D'], ['A', 'C', 'B', 'D'], ['C', 'D', 'A', 'B']]","{'C': 5, 'A': 4, 'B': 4, 'D': 2}","[0.58, 0.75, 1.0]",3.91
99,"[1, 3, 4]","[3, 3, 4]","[0.54, 0.5, 0.79]","[['B', 'C', 'A', 'D'], ['A', 'C', 'B', 'D'], ['D', 'A', 'C', 'B']]","{'C': 5, 'A': 4, 'B': 4, 'D': 2}","[0.58, 0.75, 1.0]",3.91
99,"[1, 3, 4]","[3, 3, 4]","[0.54, 0.5, 0.79]","[['B', 'C', 'A', 'D'], ['A', 'C', 'B', 'D'], ['D', 'C', 'A', 'B']]","{'C': 5, 'A': 4, 'B': 4, 'D': 2}","[0.58, 0.75, 1.0]",3.91
99,"[1, 3, 4]","[3, 3, 4]","[0.54, 0.5, 0.79]","[['B', 'C', 'A', 'D'], ['A', 'C', 'D', 'B'], ['A', 'B', 'C', 'D']]","{'C': 5, 'A': 4, 'B': 4, 'D': 2}","[0.58, 0.75, 1.0]",3.91
99,"[1, 3, 4]","[3, 3, 4]","[0.54, 0.5, 0.79]","[['B', 'C', 'A', 'D'], ['A', 'C', 'D', 'B'], ['A', 'C', 'B', 'D']]","{'C': 5, 'A': 4, 'B': 4, 'D': 2}","[0.58, 0.75, 1.0]",3.91
99,"[1, 3, 4]","[3, 3, 4]","[0.54, 0.5, 0.79]","[['B', 'C', 'A', 'D'], ['A', 'C', 'D', 'B'], ['A', 'C', 'D', 'B']]","{'C': 5, 'A': 4, 'B': 3, 'D': 3}","[0.58, 0.75, 1.0]",3.91
99,"[1, 3, 4]","[3, 3, 4]","[0.54, 0.5, 0.79]","[['B', 'C', 'A', 'D'], ['A', 'C', 'D', 'B'], ['A', 'D', 'C', 'B']]","{'C': 5, 'A': 4, 'B': 3, 'D': 3}","[0.58, 0.75, 1.0]",3.91
99,"[1, 3, 4]","[3, 3, 4]","[0.54, 0.5, 0.79]","[['B', 'C', 'A', 'D'], ['A', 'C', 'D', 'B'], ['B', 'A', 'C', 'D']]","{'C': 5, 'A': 4, 'B': 4, 'D': 2}","[0.58, 0.75, 1.0]",3.91
99,"[1, 3, 4]","[3, 3, 4]","[0.54, 0.5, 0.79]","[['B', 'C', 'A', 'D'], ['A', 'C', 'D', 'B'], ['B', 'C', 'A', 'D']]","{'C': 5, 'A': 4, 'B': 4, 'D': 2}","[0.58, 0.75, 1.0]",3.91
99,"[1, 3, 4]","[3, 3, 4]","[0.54, 0.5, 0.79]","[['B', 'C', 'A', 'D'], ['A', 'C', 'D', 'B'], ['C', 'A', 'B', 'D']]","{'C': 5, 'A': 4, 'B': 4, 'D': 2}","[0.58, 0.75, 1.0]",3.91
99,"[1, 3, 4]","[3, 3, 4]","[0.54, 0.5, 0.79]","[['B', 'C', 'A', 'D'], ['A', 'C', 'D', 'B'], ['C', 'A', 'D', 'B']]","{'C': 5, 'A': 4, 'B': 3, 'D': 3}","[0.58, 0.75, 1.0]",3.91
99,"[1, 3, 4]","[3, 3, 4]","[0.54, 0.5, 0.79]","[['B', 'C', 'A', 'D'], ['A', 'C', 'D', 'B'], ['C', 'B', 'A', 'D']]","{'C': 5, 'A': 4, 'B': 4, 'D': 2}","[0.58, 0.75, 1.0]",3.91
99,"[1, 3, 4]","[3, 3, 4]","[0.54, 0.5, 0.79]","[['B', 'C', 'A', 'D'], ['A', 'C', 'D', 'B'], ['C', 'D', 'A', 'B']]","{'C': 5, 'A': 4, 'B': 3, 'D': 3}","[0.58, 0.75, 1.0]",3.91
99,"[1, 3, 4]","[3, 3, 4]","[0.54, 0.5, 0.79]","[['B', 'C', 'A', 'D'], ['A', 'C', 'D', 'B'], ['D', 'A', 'C', 'B']]","{'C': 5, 'A': 4, 'B': 3, 'D': 3}","[0.58, 0.75, 1.0]",3.91
99,"[1, 3, 4]","[3, 3, 4]","[0.54, 0.5, 0.79]","[['B', 'C', 'A', 'D'], ['A', 'C', 'D', 'B'], ['D', 'C', 'A', 'B']]","{'C': 5, 'A': 4, 'B': 3, 'D': 3}","[0.58, 0.75, 1.0]",3.91
99,"[1, 3, 4]","[3, 3, 4]","[0.54, 0.5, 0.79]","[['B', 'C', 'A', 'D'], ['A', 'D', 'C', 'B'], ['A', 'B', 'C', 'D']]","{'C': 5, 'A': 4, 'B': 4, 'D': 2}","[0.58, 0.75, 1.0]",3.91
99,"[1, 3, 4]","[3, 3, 4]","[0.54, 0.5, 0.79]","[['B', 'C', 'A', 'D'], ['A', 'D', 'C', 'B'], ['A', 'C', 'B', 'D']]","{'C': 5, 'A': 4, 'B': 4, 'D': 2}","[0.58, 0.75, 1.0]",3.91
99,"[1, 3, 4]","[3, 3, 4]","[0.54, 0.5, 0.79]","[['B', 'C', 'A', 'D'], ['A', 'D', 'C', 'B'], ['A', 'C', 'D', 'B']]","{'C': 5, 'A': 4, 'B': 3, 'D': 3}","[0.58, 0.75, 1.0]",3.91
99,"[1, 3, 4]","[3, 3, 4]","[0.54, 0.5, 0.79]","[['B', 'C', 'A', 'D'], ['A', 'D', 'C', 'B'], ['A', 'D', 'C', 'B']]","{'C': 5, 'A': 4, 'B': 3, 'D': 3}","[0.58, 0.75, 1.0]",3.91
99,"[1, 3, 4]","[3, 3, 4]","[0.54, 0.5, 0.79]","[['B', 'C', 'A', 'D'], ['A', 'D', 'C', 'B'], ['B', 'A', 'C', 'D']]","{'C': 5, 'A': 4, 'B': 4, 'D': 2}","[0.58, 0.75, 1.0]",3.91
99,"[1, 3, 4]","[3, 3, 4]","[0.54, 0.5, 0.79]","[['B', 'C', 'A', 'D'], ['A', 'D', 'C', 'B'], ['B', 'C', 'A', 'D']]","{'C': 5, 'A': 4, 'B': 4, 'D': 2}","[0.58, 0.75, 1.0]",3.91
99,"[1, 3, 4]","[3, 3, 4]","[0.54, 0.5, 0.79]","[['B', 'C', 'A', 'D'], ['A', 'D', 'C', 'B'], ['C', 'A', 'B', 'D']]","{'C': 5, 'A': 4, 'B': 4, 'D': 2}","[0.58, 0.75, 1.0]",3.91
99,"[1, 3, 4]","[3, 3, 4]","[0.54, 0.5, 0.79]","[['B', 'C', 'A', 'D'], ['A', 'D', 'C', 'B'], ['C', 'A', 'D', 'B']]","{'C': 5, 'A': 4, 'B': 3, 'D': 3}","[0.58, 0.75, 1.0]",3.91
99,"[1, 3, 4]","[3, 3, 4]","[0.54, 0.5, 0.79]","[['B', 'C', 'A', 'D'], ['A', 'D', 'C', 'B'], ['C', 'B', 'A', 'D']]","{'C': 5, 'A': 4, 'B': 4, 'D': 2}","[0.58, 0.75, 1.0]",3.91
99,"[1, 3, 4]","[3, 3, 4]","[0.54, 0.5, 0.79]","[['B', 'C', 'A', 'D'], ['A', 'D', 'C', 'B'], ['C', 'D', 'A', 'B']]","{'C': 5, 'A': 4, 'B': 3, 'D': 3}","[0.58, 0.75, 1.0]",3.91
99,"[1, 3, 4]","[3, 3, 4]","[0.54, 0.5, 0.79]","[['B', 'C', 'A', 'D'], ['A', 'D', 'C', 'B'], ['D', 'A', 'C', 'B']]","{'C': 5, 'A': 4, 'B': 3, 'D': 3}","[0.58, 0.75, 1.0]",3.91
99,"[1, 3, 4]","[3, 3, 4]","[0.54, 0.5, 0.79]","[['B', 'C', 'A', 'D'], ['A', 'D', 'C', 'B'], ['D', 'C', 'A', 'B']]","{'C': 5, 'A': 4, 'B': 3, 'D': 3}","[0.58, 0.75, 1.0]",3.91
99,"[1, 3, 4]","[3, 3, 4]","[0.54, 0.5, 0.79]","[['B', 'C', 'A', 'D'], ['B', 'A', 'C', 'D'], ['A', 'C', 'D', 'B']]","{'C': 5, 'A': 4, 'B': 4, 'D': 2}","[0.58, 0.75, 1.0]",3.91
99,"[1, 3, 4]","[3, 3, 4]","[0.54, 0.5, 0.79]","[['B', 'C', 'A', 'D'], ['B', 'A', 'C', 'D'], ['A', 'D', 'C', 'B']]","{'C': 5, 'A': 4, 'B': 4, 'D': 2}","[0.58, 0.75, 1.0]",3.91
99,"[1, 3, 4]","[3, 3, 4]","[0.54, 0.5, 0.79]","[['B', 'C', 'A', 'D'], ['B', 'A', 'C', 'D'], ['C', 'A', 'D', 'B']]","{'C': 5, 'A': 4, 'B': 4, 'D': 2}","[0.58, 0.75, 1.0]",3.91
99,"[1, 3, 4]","[3, 3, 4]","[0.54, 0.5, 0.79]","[['B', 'C', 'A', 'D'], ['B', 'A', 'C', 'D'], ['C', 'D', 'A', 'B']]","{'C': 5, 'A': 4, 'B': 4, 'D': 2}","[0.58, 0.75, 1.0]",3.91
99,"[1, 3, 4]","[3, 3, 4]","[0.54, 0.5, 0.79]","[['B', 'C', 'A', 'D'], ['B', 'A', 'C', 'D'], ['D', 'A', 'C', 'B']]","{'C': 5, 'A': 4, 'B': 4, 'D': 2}","[0.58, 0.75, 1.0]",3.91
99,"[1, 3, 4]","[3, 3, 4]","[0.54, 0.5, 0.79]","[['B', 'C', 'A', 'D'], ['B', 'A', 'C', 'D'], ['D', 'C', 'A', 'B']]","{'C': 5, 'A': 4, 'B': 4, 'D': 2}","[0.58, 0.75, 1.0]",3.91
99,"[1, 3, 4]","[3, 3, 4]","[0.54, 0.5, 0.79]","[['B', 'C', 'A', 'D'], ['B', 'C', 'A', 'D'], ['A', 'C', 'D', 'B']]","{'C': 5, 'A': 4, 'B': 4, 'D': 2}","[0.58, 0.75, 1.0]",3.91
99,"[1, 3, 4]","[3, 3, 4]","[0.54, 0.5, 0.79]","[['B', 'C', 'A', 'D'], ['B', 'C', 'A', 'D'], ['A', 'D', 'C', 'B']]","{'C': 5, 'A': 4, 'B': 4, 'D': 2}","[0.58, 0.75, 1.0]",3.91
99,"[1, 3, 4]","[3, 3, 4]","[0.54, 0.5, 0.79]","[['B', 'C', 'A', 'D'], ['B', 'C', 'A', 'D'], ['C', 'A', 'D', 'B']]","{'C': 5, 'A': 4, 'B': 4, 'D': 2}","[0.58, 0.75, 1.0]",3.91
99,"[1, 3, 4]","[3, 3, 4]","[0.54, 0.5, 0.79]","[['B', 'C', 'A', 'D'], ['B', 'C', 'A', 'D'], ['C', 'D', 'A', 'B']]","{'C': 5, 'A': 4, 'B': 4, 'D': 2}","[0.58, 0.75, 1.0]",3.91
99,"[1, 3, 4]","[3, 3, 4]","[0.54, 0.5, 0.79]","[['B', 'C', 'A', 'D'], ['B', 'C', 'A', 'D'], ['D', 'A', 'C', 'B']]","{'C': 5, 'A': 4, 'B': 4, 'D': 2}","[0.58, 0.75, 1.0]",3.91
99,"[1, 3, 4]","[3, 3, 4]","[0.54, 0.5, 0.79]","[['B', 'C', 'A', 'D'], ['B', 'C', 'A', 'D'], ['D', 'C', 'A', 'B']]","{'C': 5, 'A': 4, 'B': 4, 'D': 2}","[0.58, 0.75, 1.0]",3.91
99,"[1, 3, 4]","[3, 3, 4]","[0.54, 0.5, 0.79]","[['B', 'C', 'A', 'D'], ['C', 'A', 'B', 'D'], ['A', 'C', 'D', 'B']]","{'C': 5, 'A': 4, 'B': 4, 'D': 2}","[0.58, 0.75, 1.0]",3.91
99,"[1, 3, 4]","[3, 3, 4]","[0.54, 0.5, 0.79]","[['B', 'C', 'A', 'D'], ['C', 'A', 'B', 'D'], ['A', 'D', 'C', 'B']]","{'C': 5, 'A': 4, 'B': 4, 'D': 2}","[0.58, 0.75, 1.0]",3.91
99,"[1, 3, 4]","[3, 3, 4]","[0.54, 0.5, 0.79]","[['B', 'C', 'A', 'D'], ['C', 'A', 'B', 'D'], ['C', 'A', 'D', 'B']]","{'C': 5, 'A': 4, 'B': 4, 'D': 2}","[0.58, 0.75, 1.0]",3.91
99,"[1, 3, 4]","[3, 3, 4]","[0.54, 0.5, 0.79]","[['B', 'C', 'A', 'D'], ['C', 'A', 'B', 'D'], ['C', 'D', 'A', 'B']]","{'C': 5, 'A': 4, 'B': 4, 'D': 2}","[0.58, 0.75, 1.0]",3.91
99,"[1, 3, 4]","[3, 3, 4]","[0.54, 0.5, 0.79]","[['B', 'C', 'A', 'D'], ['C', 'A', 'B', 'D'], ['D', 'A', 'C', 'B']]","{'C': 5, 'A': 4, 'B': 4, 'D': 2}","[0.58, 0.75, 1.0]",3.91
99,"[1, 3, 4]","[3, 3, 4]","[0.54, 0.5, 0.79]","[['B', 'C', 'A', 'D'], ['C', 'A', 'B', 'D'], ['D', 'C', 'A', 'B']]","{'C': 5, 'A': 4, 'B': 4, 'D': 2}","[0.58, 0.75, 1.0]",3.91
99,"[1, 3, 4]","[3, 3, 4]","[0.54, 0.5, 0.79]","[['B', 'C', 'A', 'D'], ['C', 'A', 'D', 'B'], ['A', 'B', 'C', 'D']]","{'C': 5, 'A': 4, 'B': 4, 'D': 2}","[0.58, 0.75, 1.0]",3.91
99,"[1, 3, 4]","[3, 3, 4]","[0.54, 0.5, 0.79]","[['B', 'C', 'A', 'D'], ['C', 'A', 'D', 'B'], ['A', 'C', 'B', 'D']]","{'C': 5, 'A': 4, 'B': 4, 'D': 2}","[0.58, 0.75, 1.0]",3.91
99,"[1, 3, 4]","[3, 3, 4]","[0.54, 0.5, 0.79]","[['B', 'C', 'A', 'D'], ['C', 'A', 'D', 'B'], ['A', 'C', 'D', 'B']]","{'C': 5, 'A': 4, 'B': 3, 'D': 3}","[0.58, 0.75, 1.0]",3.91
99,"[1, 3, 4]","[3, 3, 4]","[0.54, 0.5, 0.79]","[['B', 'C', 'A', 'D'], ['C', 'A', 'D', 'B'], ['A', 'D', 'C', 'B']]","{'C': 5, 'A': 4, 'B': 3, 'D': 3}","[0.58, 0.75, 1.0]",3.91
99,"[1, 3, 4]","[3, 3, 4]","[0.54, 0.5, 0.79]","[['B', 'C', 'A', 'D'], ['C', 'A', 'D', 'B'], ['B', 'A', 'C', 'D']]","{'C': 5, 'A': 4, 'B': 4, 'D': 2}","[0.58, 0.75, 1.0]",3.91
99,"[1, 3, 4]","[3, 3, 4]","[0.54, 0.5, 0.79]","[['B', 'C', 'A', 'D'], ['C', 'A', 'D', 'B'], ['B', 'C', 'A', 'D']]","{'C': 5, 'A': 4, 'B': 4, 'D': 2}","[0.58, 0.75, 1.0]",3.91
99,"[1, 3, 4]","[3, 3, 4]","[0.54, 0.5, 0.79]","[['B', 'C', 'A', 'D'], ['C', 'A', 'D', 'B'], ['C', 'A', 'B', 'D']]","{'C': 5, 'A': 4, 'B': 4, 'D': 2}","[0.58, 0.75, 1.0]",3.91
99,"[1, 3, 4]","[3, 3, 4]","[0.54, 0.5, 0.79]","[['B', 'C', 'A', 'D'], ['C', 'A', 'D', 'B'], ['C', 'A', 'D', 'B']]","{'C': 5, 'A': 4, 'B': 3, 'D': 3}","[0.58, 0.75, 1.0]",3.91
99,"[1, 3, 4]","[3, 3, 4]","[0.54, 0.5, 0.79]","[['B', 'C', 'A', 'D'], ['C', 'A', 'D', 'B'], ['C', 'B', 'A', 'D']]","{'C': 5, 'A': 4, 'B': 4, 'D': 2}","[0.58, 0.75, 1.0]",3.91
99,"[1, 3, 4]","[3, 3, 4]","[0.54, 0.5, 0.79]","[['B', 'C', 'A', 'D'], ['C', 'A', 'D', 'B'], ['C', 'D', 'A', 'B']]","{'C': 5, 'A': 4, 'B': 3, 'D': 3}","[0.58, 0.75, 1.0]",3.91
99,"[1, 3, 4]","[3, 3, 4]","[0.54, 0.5, 0.79]","[['B', 'C', 'A', 'D'], ['C', 'A', 'D', 'B'], ['D', 'A', 'C', 'B']]","{'C': 5, 'A': 4, 'B': 3, 'D': 3}","[0.58, 0.75, 1.0]",3.91
99,"[1, 3, 4]","[3, 3, 4]","[0.54, 0.5, 0.79]","[['B', 'C', 'A', 'D'], ['C', 'A', 'D', 'B'], ['D', 'C', 'A', 'B']]","{'C': 5, 'A': 4, 'B': 3, 'D': 3}","[0.58, 0.75, 1.0]",3.91
99,"[1, 3, 4]","[3, 3, 4]","[0.54, 0.5, 0.79]","[['B', 'C', 'A', 'D'], ['C', 'B', 'A', 'D'], ['A', 'C', 'D', 'B']]","{'C': 5, 'A': 4, 'B': 4, 'D': 2}","[0.58, 0.75, 1.0]",3.91
99,"[1, 3, 4]","[3, 3, 4]","[0.54, 0.5, 0.79]","[['B', 'C', 'A', 'D'], ['C', 'B', 'A', 'D'], ['A', 'D', 'C', 'B']]","{'C': 5, 'A': 4, 'B': 4, 'D': 2}","[0.58, 0.75, 1.0]",3.91
99,"[1, 3, 4]","[3, 3, 4]","[0.54, 0.5, 0.79]","[['B', 'C', 'A', 'D'], ['C', 'B', 'A', 'D'], ['C', 'A', 'D', 'B']]","{'C': 5, 'A': 4, 'B': 4, 'D': 2}","[0.58, 0.75, 1.0]",3.91
99,"[1, 3, 4]","[3, 3, 4]","[0.54, 0.5, 0.79]","[['B', 'C', 'A', 'D'], ['C', 'B', 'A', 'D'], ['C', 'D', 'A', 'B']]","{'C': 5, 'A': 4, 'B': 4, 'D': 2}","[0.58, 0.75, 1.0]",3.91
99,"[1, 3, 4]","[3, 3, 4]","[0.54, 0.5, 0.79]","[['B', 'C', 'A', 'D'], ['C', 'B', 'A', 'D'], ['D', 'A', 'C', 'B']]","{'C': 5, 'A': 4, 'B': 4, 'D': 2}","[0.58, 0.75, 1.0]",3.91
99,"[1, 3, 4]","[3, 3, 4]","[0.54, 0.5, 0.79]","[['B', 'C', 'A', 'D'], ['C', 'B', 'A', 'D'], ['D', 'C', 'A', 'B']]","{'C': 5, 'A': 4, 'B': 4, 'D': 2}","[0.58, 0.75, 1.0]",3.91
99,"[1, 3, 4]","[3, 3, 4]","[0.54, 0.5, 0.79]","[['B', 'C', 'A', 'D'], ['C', 'D', 'A', 'B'], ['A', 'B', 'C', 'D']]","{'C': 5, 'A': 4, 'B': 4, 'D': 2}","[0.58, 0.75, 1.0]",3.91
99,"[1, 3, 4]","[3, 3, 4]","[0.54, 0.5, 0.79]","[['B', 'C', 'A', 'D'], ['C', 'D', 'A', 'B'], ['A', 'C', 'B', 'D']]","{'C': 5, 'A': 4, 'B': 4, 'D': 2}","[0.58, 0.75, 1.0]",3.91
99,"[1, 3, 4]","[3, 3, 4]","[0.54, 0.5, 0.79]","[['B', 'C', 'A', 'D'], ['C', 'D', 'A', 'B'], ['A', 'C', 'D', 'B']]","{'C': 5, 'A': 4, 'B': 3, 'D': 3}","[0.58, 0.75, 1.0]",3.91
99,"[1, 3, 4]","[3, 3, 4]","[0.54, 0.5, 0.79]","[['B', 'C', 'A', 'D'], ['C', 'D', 'A', 'B'], ['A', 'D', 'C', 'B']]","{'C': 5, 'A': 4, 'B': 3, 'D': 3}","[0.58, 0.75, 1.0]",3.91
99,"[1, 3, 4]","[3, 3, 4]","[0.54, 0.5, 0.79]","[['B', 'C', 'A', 'D'], ['C', 'D', 'A', 'B'], ['B', 'A', 'C', 'D']]","{'C': 5, 'A': 4, 'B': 4, 'D': 2}","[0.58, 0.75, 1.0]",3.91
99,"[1, 3, 4]","[3, 3, 4]","[0.54, 0.5, 0.79]","[['B', 'C', 'A', 'D'], ['C', 'D', 'A', 'B'], ['B', 'C', 'A', 'D']]","{'C': 5, 'A': 4, 'B': 4, 'D': 2}","[0.58, 0.75, 1.0]",3.91
99,"[1, 3, 4]","[3, 3, 4]","[0.54, 0.5, 0.79]","[['B', 'C', 'A', 'D'], ['C', 'D', 'A', 'B'], ['C', 'A', 'B', 'D']]","{'C': 5, 'A': 4, 'B': 4, 'D': 2}","[0.58, 0.75, 1.0]",3.91
99,"[1, 3, 4]","[3, 3, 4]","[0.54, 0.5, 0.79]","[['B', 'C', 'A', 'D'], ['C', 'D', 'A', 'B'], ['C', 'A', 'D', 'B']]","{'C': 5, 'A': 4, 'B': 3, 'D': 3}","[0.58, 0.75, 1.0]",3.91
99,"[1, 3, 4]","[3, 3, 4]","[0.54, 0.5, 0.79]","[['B', 'C', 'A', 'D'], ['C', 'D', 'A', 'B'], ['C', 'B', 'A', 'D']]","{'C': 5, 'A': 4, 'B': 4, 'D': 2}","[0.58, 0.75, 1.0]",3.91
99,"[1, 3, 4]","[3, 3, 4]","[0.54, 0.5, 0.79]","[['B', 'C', 'A', 'D'], ['C', 'D', 'A', 'B'], ['C', 'D', 'A', 'B']]","{'C': 5, 'A': 4, 'B': 3, 'D': 3}","[0.58, 0.75, 1.0]",3.91
99,"[1, 3, 4]","[3, 3, 4]","[0.54, 0.5, 0.79]","[['B', 'C', 'A', 'D'], ['C', 'D', 'A', 'B'], ['D', 'A', 'C', 'B']]","{'C': 5, 'A': 4, 'B': 3, 'D': 3}","[0.58, 0.75, 1.0]",3.91
99,"[1, 3, 4]","[3, 3, 4]","[0.54, 0.5, 0.79]","[['B', 'C', 'A', 'D'], ['C', 'D', 'A', 'B'], ['D', 'C', 'A', 'B']]","{'C': 5, 'A': 4, 'B': 3, 'D': 3}","[0.58, 0.75, 1.0]",3.91
99,"[1, 3, 4]","[3, 3, 4]","[0.54, 0.5, 0.79]","[['B', 'C', 'A', 'D'], ['D', 'A', 'C', 'B'], ['A', 'B', 'C', 'D']]","{'C': 5, 'A': 4, 'B': 4, 'D': 2}","[0.58, 0.75, 1.0]",3.91
99,"[1, 3, 4]","[3, 3, 4]","[0.54, 0.5, 0.79]","[['B', 'C', 'A', 'D'], ['D', 'A', 'C', 'B'], ['A', 'C', 'B', 'D']]","{'C': 5, 'A': 4, 'B': 4, 'D': 2}","[0.58, 0.75, 1.0]",3.91
99,"[1, 3, 4]","[3, 3, 4]","[0.54, 0.5, 0.79]","[['B', 'C', 'A', 'D'], ['D', 'A', 'C', 'B'], ['A', 'C', 'D', 'B']]","{'C': 5, 'A': 4, 'B': 3, 'D': 3}","[0.58, 0.75, 1.0]",3.91
99,"[1, 3, 4]","[3, 3, 4]","[0.54, 0.5, 0.79]","[['B', 'C', 'A', 'D'], ['D', 'A', 'C', 'B'], ['A', 'D', 'C', 'B']]","{'C': 5, 'A': 4, 'B': 3, 'D': 3}","[0.58, 0.75, 1.0]",3.91
99,"[1, 3, 4]","[3, 3, 4]","[0.54, 0.5, 0.79]","[['B', 'C', 'A', 'D'], ['D', 'A', 'C', 'B'], ['B', 'A', 'C', 'D']]","{'C': 5, 'A': 4, 'B': 4, 'D': 2}","[0.58, 0.75, 1.0]",3.91
99,"[1, 3, 4]","[3, 3, 4]","[0.54, 0.5, 0.79]","[['B', 'C', 'A', 'D'], ['D', 'A', 'C', 'B'], ['B', 'C', 'A', 'D']]","{'C': 5, 'A': 4, 'B': 4, 'D': 2}","[0.58, 0.75, 1.0]",3.91
99,"[1, 3, 4]","[3, 3, 4]","[0.54, 0.5, 0.79]","[['B', 'C', 'A', 'D'], ['D', 'A', 'C', 'B'], ['C', 'A', 'B', 'D']]","{'C': 5, 'A': 4, 'B': 4, 'D': 2}","[0.58, 0.75, 1.0]",3.91
99,"[1, 3, 4]","[3, 3, 4]","[0.54, 0.5, 0.79]","[['B', 'C', 'A', 'D'], ['D', 'A', 'C', 'B'], ['C', 'A', 'D', 'B']]","{'C': 5, 'A': 4, 'B': 3, 'D': 3}","[0.58, 0.75, 1.0]",3.91
99,"[1, 3, 4]","[3, 3, 4]","[0.54, 0.5, 0.79]","[['B', 'C', 'A', 'D'], ['D', 'A', 'C', 'B'], ['C', 'B', 'A', 'D']]","{'C': 5, 'A': 4, 'B': 4, 'D': 2}","[0.58, 0.75, 1.0]",3.91
99,"[1, 3, 4]","[3, 3, 4]","[0.54, 0.5, 0.79]","[['B', 'C', 'A', 'D'], ['D', 'A', 'C', 'B'], ['C', 'D', 'A', 'B']]","{'C': 5, 'A': 4, 'B': 3, 'D': 3}","[0.58, 0.75, 1.0]",3.91
99,"[1, 3, 4]","[3, 3, 4]","[0.54, 0.5, 0.79]","[['B', 'C', 'A', 'D'], ['D', 'A', 'C', 'B'], ['D', 'A', 'C', 'B']]","{'C': 5, 'A': 4, 'B': 3, 'D': 3}","[0.58, 0.75, 1.0]",3.91
99,"[1, 3, 4]","[3, 3, 4]","[0.54, 0.5, 0.79]","[['B', 'C', 'A', 'D'], ['D', 'A', 'C', 'B'], ['D', 'C', 'A', 'B']]","{'C': 5, 'A': 4, 'B': 3, 'D': 3}","[0.58, 0.75, 1.0]",3.91
99,"[1, 3, 4]","[3, 3, 4]","[0.54, 0.5, 0.79]","[['B', 'C', 'A', 'D'], ['D', 'C', 'A', 'B'], ['A', 'B', 'C', 'D']]","{'C': 5, 'A': 4, 'B': 4, 'D': 2}","[0.58, 0.75, 1.0]",3.91
99,"[1, 3, 4]","[3, 3, 4]","[0.54, 0.5, 0.79]","[['B', 'C', 'A', 'D'], ['D', 'C', 'A', 'B'], ['A', 'C', 'B', 'D']]","{'C': 5, 'A': 4, 'B': 4, 'D': 2}","[0.58, 0.75, 1.0]",3.91
99,"[1, 3, 4]","[3, 3, 4]","[0.54, 0.5, 0.79]","[['B', 'C', 'A', 'D'], ['D', 'C', 'A', 'B'], ['A', 'C', 'D', 'B']]","{'C': 5, 'A': 4, 'B': 3, 'D': 3}","[0.58, 0.75, 1.0]",3.91
99,"[1, 3, 4]","[3, 3, 4]","[0.54, 0.5, 0.79]","[['B', 'C', 'A', 'D'], ['D', 'C', 'A', 'B'], ['A', 'D', 'C', 'B']]","{'C': 5, 'A': 4, 'B': 3, 'D': 3}","[0.58, 0.75, 1.0]",3.91
99,"[1, 3, 4]","[3, 3, 4]","[0.54, 0.5, 0.79]","[['B', 'C', 'A', 'D'], ['D', 'C', 'A', 'B'], ['B', 'A', 'C', 'D']]","{'C': 5, 'A': 4, 'B': 4, 'D': 2}","[0.58, 0.75, 1.0]",3.91
99,"[1, 3, 4]","[3, 3, 4]","[0.54, 0.5, 0.79]","[['B', 'C', 'A', 'D'], ['D', 'C', 'A', 'B'], ['B', 'C', 'A', 'D']]","{'C': 5, 'A': 4, 'B': 4, 'D': 2}","[0.58, 0.75, 1.0]",3.91
99,"[1, 3, 4]","[3, 3, 4]","[0.54, 0.5, 0.79]","[['B', 'C', 'A', 'D'], ['D', 'C', 'A', 'B'], ['C', 'A', 'B', 'D']]","{'C': 5, 'A': 4, 'B': 4, 'D': 2}","[0.58, 0.75, 1.0]",3.91
99,"[1, 3, 4]","[3, 3, 4]","[0.54, 0.5, 0.79]","[['B', 'C', 'A', 'D'], ['D', 'C', 'A', 'B'], ['C', 'A', 'D', 'B']]","{'C': 5, 'A': 4, 'B': 3, 'D': 3}","[0.58, 0.75, 1.0]",3.91
99,"[1, 3, 4]","[3, 3, 4]","[0.54, 0.5, 0.79]","[['B', 'C', 'A', 'D'], ['D', 'C', 'A', 'B'], ['C', 'B', 'A', 'D']]","{'C': 5, 'A': 4, 'B': 4, 'D': 2}","[0.58, 0.75, 1.0]",3.91
99,"[1, 3, 4]","[3, 3, 4]","[0.54, 0.5, 0.79]","[['B', 'C', 'A', 'D'], ['D', 'C', 'A', 'B'], ['C', 'D', 'A', 'B']]","{'C': 5, 'A': 4, 'B': 3, 'D': 3}","[0.58, 0.75, 1.0]",3.91
99,"[1, 3, 4]","[3, 3, 4]","[0.54, 0.5, 0.79]","[['B', 'C', 'A', 'D'], ['D', 'C', 'A', 'B'], ['D', 'A', 'C', 'B']]","{'C': 5, 'A': 4, 'B': 3, 'D': 3}","[0.58, 0.75, 1.0]",3.91
99,"[1, 3, 4]","[3, 3, 4]","[0.54, 0.5, 0.79]","[['B', 'C', 'A', 'D'], ['D', 'C', 'A', 'B'], ['D', 'C', 'A', 'B']]","{'C': 5, 'A': 4, 'B': 3, 'D': 3}","[0.58, 0.75, 1.0]",3.91
99,"[1, 3, 4]","[3, 3, 4]","[0.54, 0.5, 0.79]","[['C', 'A', 'B', 'D'], ['A', 'B', 'C', 'D'], ['A', 'C', 'D', 'B']]","{'C': 5, 'A': 4, 'B': 4, 'D': 2}","[0.58, 0.75, 1.0]",3.91
99,"[1, 3, 4]","[3, 3, 4]","[0.54, 0.5, 0.79]","[['C', 'A', 'B', 'D'], ['A', 'B', 'C', 'D'], ['A', 'D', 'C', 'B']]","{'C': 5, 'A': 4, 'B': 4, 'D': 2}","[0.58, 0.75, 1.0]",3.91
99,"[1, 3, 4]","[3, 3, 4]","[0.54, 0.5, 0.79]","[['C', 'A', 'B', 'D'], ['A', 'B', 'C', 'D'], ['C', 'A', 'D', 'B']]","{'C': 5, 'A': 4, 'B': 4, 'D': 2}","[0.58, 0.75, 1.0]",3.91
99,"[1, 3, 4]","[3, 3, 4]","[0.54, 0.5, 0.79]","[['C', 'A', 'B', 'D'], ['A', 'B', 'C', 'D'], ['C', 'D', 'A', 'B']]","{'C': 5, 'A': 4, 'B': 4, 'D': 2}","[0.58, 0.75, 1.0]",3.91
99,"[1, 3, 4]","[3, 3, 4]","[0.54, 0.5, 0.79]","[['C', 'A', 'B', 'D'], ['A', 'B', 'C', 'D'], ['D', 'A', 'C', 'B']]","{'C': 5, 'A': 4, 'B': 4, 'D': 2}","[0.58, 0.75, 1.0]",3.91
99,"[1, 3, 4]","[3, 3, 4]","[0.54, 0.5, 0.79]","[['C', 'A', 'B', 'D'], ['A', 'B', 'C', 'D'], ['D', 'C', 'A', 'B']]","{'C': 5, 'A': 4, 'B': 4, 'D': 2}","[0.58, 0.75, 1.0]",3.91
99,"[1, 3, 4]","[3, 3, 4]","[0.54, 0.5, 0.79]","[['C', 'A', 'B', 'D'], ['A', 'C', 'B', 'D'], ['A', 'C', 'D', 'B']]","{'C': 5, 'A': 4, 'B': 4, 'D': 2}","[0.58, 0.75, 1.0]",3.91
99,"[1, 3, 4]","[3, 3, 4]","[0.54, 0.5, 0.79]","[['C', 'A', 'B', 'D'], ['A', 'C', 'B', 'D'], ['A', 'D', 'C', 'B']]","{'C': 5, 'A': 4, 'B': 4, 'D': 2}","[0.58, 0.75, 1.0]",3.91
99,"[1, 3, 4]","[3, 3, 4]","[0.54, 0.5, 0.79]","[['C', 'A', 'B', 'D'], ['A', 'C', 'B', 'D'], ['C', 'A', 'D', 'B']]","{'C': 5, 'A': 4, 'B': 4, 'D': 2}","[0.58, 0.75, 1.0]",3.91
99,"[1, 3, 4]","[3, 3, 4]","[0.54, 0.5, 0.79]","[['C', 'A', 'B', 'D'], ['A', 'C', 'B', 'D'], ['C', 'D', 'A', 'B']]","{'C': 5, 'A': 4, 'B': 4, 'D': 2}","[0.58, 0.75, 1.0]",3.91
99,"[1, 3, 4]","[3, 3, 4]","[0.54, 0.5, 0.79]","[['C', 'A', 'B', 'D'], ['A', 'C', 'B', 'D'], ['D', 'A', 'C', 'B']]","{'C': 5, 'A': 4, 'B': 4, 'D': 2}","[0.58, 0.75, 1.0]",3.91
99,"[1, 3, 4]","[3, 3, 4]","[0.54, 0.5, 0.79]","[['C', 'A', 'B', 'D'], ['A', 'C', 'B', 'D'], ['D', 'C', 'A', 'B']]","{'C': 5, 'A': 4, 'B': 4, 'D': 2}","[0.58, 0.75, 1.0]",3.91
99,"[1, 3, 4]","[3, 3, 4]","[0.54, 0.5, 0.79]","[['C', 'A', 'B', 'D'], ['A', 'C', 'D', 'B'], ['A', 'B', 'C', 'D']]","{'C': 5, 'A': 4, 'B': 4, 'D': 2}","[0.58, 0.75, 1.0]",3.91
99,"[1, 3, 4]","[3, 3, 4]","[0.54, 0.5, 0.79]","[['C', 'A', 'B', 'D'], ['A', 'C', 'D', 'B'], ['A', 'C', 'B', 'D']]","{'C': 5, 'A': 4, 'B': 4, 'D': 2}","[0.58, 0.75, 1.0]",3.91
99,"[1, 3, 4]","[3, 3, 4]","[0.54, 0.5, 0.79]","[['C', 'A', 'B', 'D'], ['A', 'C', 'D', 'B'], ['A', 'C', 'D', 'B']]","{'C': 5, 'A': 4, 'B': 3, 'D': 3}","[0.58, 0.75, 1.0]",3.91
99,"[1, 3, 4]","[3, 3, 4]","[0.54, 0.5, 0.79]","[['C', 'A', 'B', 'D'], ['A', 'C', 'D', 'B'], ['A', 'D', 'C', 'B']]","{'C': 5, 'A': 4, 'B': 3, 'D': 3}","[0.58, 0.75, 1.0]",3.91
99,"[1, 3, 4]","[3, 3, 4]","[0.54, 0.5, 0.79]","[['C', 'A', 'B', 'D'], ['A', 'C', 'D', 'B'], ['B', 'A', 'C', 'D']]","{'C': 5, 'A': 4, 'B': 4, 'D': 2}","[0.58, 0.75, 1.0]",3.91
99,"[1, 3, 4]","[3, 3, 4]","[0.54, 0.5, 0.79]","[['C', 'A', 'B', 'D'], ['A', 'C', 'D', 'B'], ['B', 'C', 'A', 'D']]","{'C': 5, 'A': 4, 'B': 4, 'D': 2}","[0.58, 0.75, 1.0]",3.91
99,"[1, 3, 4]","[3, 3, 4]","[0.54, 0.5, 0.79]","[['C', 'A', 'B', 'D'], ['A', 'C', 'D', 'B'], ['C', 'A', 'B', 'D']]","{'C': 5, 'A': 4, 'B': 4, 'D': 2}","[0.58, 0.75, 1.0]",3.91
99,"[1, 3, 4]","[3, 3, 4]","[0.54, 0.5, 0.79]","[['C', 'A', 'B', 'D'], ['A', 'C', 'D', 'B'], ['C', 'A', 'D', 'B']]","{'C': 5, 'A': 4, 'B': 3, 'D': 3}","[0.58, 0.75, 1.0]",3.91
99,"[1, 3, 4]","[3, 3, 4]","[0.54, 0.5, 0.79]","[['C', 'A', 'B', 'D'], ['A', 'C', 'D', 'B'], ['C', 'B', 'A', 'D']]","{'C': 5, 'A': 4, 'B': 4, 'D': 2}","[0.58, 0.75, 1.0]",3.91
99,"[1, 3, 4]","[3, 3, 4]","[0.54, 0.5, 0.79]","[['C', 'A', 'B', 'D'], ['A', 'C', 'D', 'B'], ['C', 'D', 'A', 'B']]","{'C': 5, 'A': 4, 'B': 3, 'D': 3}","[0.58, 0.75, 1.0]",3.91
99,"[1, 3, 4]","[3, 3, 4]","[0.54, 0.5, 0.79]","[['C', 'A', 'B', 'D'], ['A', 'C', 'D', 'B'], ['D', 'A', 'C', 'B']]","{'C': 5, 'A': 4, 'B': 3, 'D': 3}","[0.58, 0.75, 1.0]",3.91
99,"[1, 3, 4]","[3, 3, 4]","[0.54, 0.5, 0.79]","[['C', 'A', 'B', 'D'], ['A', 'C', 'D', 'B'], ['D', 'C', 'A', 'B']]","{'C': 5, 'A': 4, 'B': 3, 'D': 3}","[0.58, 0.75, 1.0]",3.91
99,"[1, 3, 4]","[3, 3, 4]","[0.54, 0.5, 0.79]","[['C', 'A', 'B', 'D'], ['A', 'D', 'C', 'B'], ['A', 'B', 'C', 'D']]","{'C': 5, 'A': 4, 'B': 4, 'D': 2}","[0.58, 0.75, 1.0]",3.91
99,"[1, 3, 4]","[3, 3, 4]","[0.54, 0.5, 0.79]","[['C', 'A', 'B', 'D'], ['A', 'D', 'C', 'B'], ['A', 'C', 'B', 'D']]","{'C': 5, 'A': 4, 'B': 4, 'D': 2}","[0.58, 0.75, 1.0]",3.91
99,"[1, 3, 4]","[3, 3, 4]","[0.54, 0.5, 0.79]","[['C', 'A', 'B', 'D'], ['A', 'D', 'C', 'B'], ['A', 'C', 'D', 'B']]","{'C': 5, 'A': 4, 'B': 3, 'D': 3}","[0.58, 0.75, 1.0]",3.91
99,"[1, 3, 4]","[3, 3, 4]","[0.54, 0.5, 0.79]","[['C', 'A', 'B', 'D'], ['A', 'D', 'C', 'B'], ['A', 'D', 'C', 'B']]","{'C': 5, 'A': 4, 'B': 3, 'D': 3}","[0.58, 0.75, 1.0]",3.91
99,"[1, 3, 4]","[3, 3, 4]","[0.54, 0.5, 0.79]","[['C', 'A', 'B', 'D'], ['A', 'D', 'C', 'B'], ['B', 'A', 'C', 'D']]","{'C': 5, 'A': 4, 'B': 4, 'D': 2}","[0.58, 0.75, 1.0]",3.91
99,"[1, 3, 4]","[3, 3, 4]","[0.54, 0.5, 0.79]","[['C', 'A', 'B', 'D'], ['A', 'D', 'C', 'B'], ['B', 'C', 'A', 'D']]","{'C': 5, 'A': 4, 'B': 4, 'D': 2}","[0.58, 0.75, 1.0]",3.91
99,"[1, 3, 4]","[3, 3, 4]","[0.54, 0.5, 0.79]","[['C', 'A', 'B', 'D'], ['A', 'D', 'C', 'B'], ['C', 'A', 'B', 'D']]","{'C': 5, 'A': 4, 'B': 4, 'D': 2}","[0.58, 0.75, 1.0]",3.91
99,"[1, 3, 4]","[3, 3, 4]","[0.54, 0.5, 0.79]","[['C', 'A', 'B', 'D'], ['A', 'D', 'C', 'B'], ['C', 'A', 'D', 'B']]","{'C': 5, 'A': 4, 'B': 3, 'D': 3}","[0.58, 0.75, 1.0]",3.91
99,"[1, 3, 4]","[3, 3, 4]","[0.54, 0.5, 0.79]","[['C', 'A', 'B', 'D'], ['A', 'D', 'C', 'B'], ['C', 'B', 'A', 'D']]","{'C': 5, 'A': 4, 'B': 4, 'D': 2}","[0.58, 0.75, 1.0]",3.91
99,"[1, 3, 4]","[3, 3, 4]","[0.54, 0.5, 0.79]","[['C', 'A', 'B', 'D'], ['A', 'D', 'C', 'B'], ['C', 'D', 'A', 'B']]","{'C': 5, 'A': 4, 'B': 3, 'D': 3}","[0.58, 0.75, 1.0]",3.91
99,"[1, 3, 4]","[3, 3, 4]","[0.54, 0.5, 0.79]","[['C', 'A', 'B', 'D'], ['A', 'D', 'C', 'B'], ['D', 'A', 'C', 'B']]","{'C': 5, 'A': 4, 'B': 3, 'D': 3}","[0.58, 0.75, 1.0]",3.91
99,"[1, 3, 4]","[3, 3, 4]","[0.54, 0.5, 0.79]","[['C', 'A', 'B', 'D'], ['A', 'D', 'C', 'B'], ['D', 'C', 'A', 'B']]","{'C': 5, 'A': 4, 'B': 3, 'D': 3}","[0.58, 0.75, 1.0]",3.91
99,"[1, 3, 4]","[3, 3, 4]","[0.54, 0.5, 0.79]","[['C', 'A', 'B', 'D'], ['B', 'A', 'C', 'D'], ['A', 'C', 'D', 'B']]","{'C': 5, 'A': 4, 'B': 4, 'D': 2}","[0.58, 0.75, 1.0]",3.91
99,"[1, 3, 4]","[3, 3, 4]","[0.54, 0.5, 0.79]","[['C', 'A', 'B', 'D'], ['B', 'A', 'C', 'D'], ['A', 'D', 'C', 'B']]","{'C': 5, 'A': 4, 'B': 4, 'D': 2}","[0.58, 0.75, 1.0]",3.91
99,"[1, 3, 4]","[3, 3, 4]","[0.54, 0.5, 0.79]","[['C', 'A', 'B', 'D'], ['B', 'A', 'C', 'D'], ['C', 'A', 'D', 'B']]","{'C': 5, 'A': 4, 'B': 4, 'D': 2}","[0.58, 0.75, 1.0]",3.91
99,"[1, 3, 4]","[3, 3, 4]","[0.54, 0.5, 0.79]","[['C', 'A', 'B', 'D'], ['B', 'A', 'C', 'D'], ['C', 'D', 'A', 'B']]","{'C': 5, 'A': 4, 'B': 4, 'D': 2}","[0.58, 0.75, 1.0]",3.91
99,"[1, 3, 4]","[3, 3, 4]","[0.54, 0.5, 0.79]","[['C', 'A', 'B', 'D'], ['B', 'A', 'C', 'D'], ['D', 'A', 'C', 'B']]","{'C': 5, 'A': 4, 'B': 4, 'D': 2}","[0.58, 0.75, 1.0]",3.91
99,"[1, 3, 4]","[3, 3, 4]","[0.54, 0.5, 0.79]","[['C', 'A', 'B', 'D'], ['B', 'A', 'C', 'D'], ['D', 'C', 'A', 'B']]","{'C': 5, 'A': 4, 'B': 4, 'D': 2}","[0.58, 0.75, 1.0]",3.91
99,"[1, 3, 4]","[3, 3, 4]","[0.54, 0.5, 0.79]","[['C', 'A', 'B', 'D'], ['B', 'C', 'A', 'D'], ['A', 'C', 'D', 'B']]","{'C': 5, 'A': 4, 'B': 4, 'D': 2}","[0.58, 0.75, 1.0]",3.91
99,"[1, 3, 4]","[3, 3, 4]","[0.54, 0.5, 0.79]","[['C', 'A', 'B', 'D'], ['B', 'C', 'A', 'D'], ['A', 'D', 'C', 'B']]","{'C': 5, 'A': 4, 'B': 4, 'D': 2}","[0.58, 0.75, 1.0]",3.91
99,"[1, 3, 4]","[3, 3, 4]","[0.54, 0.5, 0.79]","[['C', 'A', 'B', 'D'], ['B', 'C', 'A', 'D'], ['C', 'A', 'D', 'B']]","{'C': 5, 'A': 4, 'B': 4, 'D': 2}","[0.58, 0.75, 1.0]",3.91
99,"[1, 3, 4]","[3, 3, 4]","[0.54, 0.5, 0.79]","[['C', 'A', 'B', 'D'], ['B', 'C', 'A', 'D'], ['C', 'D', 'A', 'B']]","{'C': 5, 'A': 4, 'B': 4, 'D': 2}","[0.58, 0.75, 1.0]",3.91
99,"[1, 3, 4]","[3, 3, 4]","[0.54, 0.5, 0.79]","[['C', 'A', 'B', 'D'], ['B', 'C', 'A', 'D'], ['D', 'A', 'C', 'B']]","{'C': 5, 'A': 4, 'B': 4, 'D': 2}","[0.58, 0.75, 1.0]",3.91
99,"[1, 3, 4]","[3, 3, 4]","[0.54, 0.5, 0.79]","[['C', 'A', 'B', 'D'], ['B', 'C', 'A', 'D'], ['D', 'C', 'A', 'B']]","{'C': 5, 'A': 4, 'B': 4, 'D': 2}","[0.58, 0.75, 1.0]",3.91
99,"[1, 3, 4]","[3, 3, 4]","[0.54, 0.5, 0.79]","[['C', 'A', 'B', 'D'], ['C', 'A', 'B', 'D'], ['A', 'C', 'D', 'B']]","{'C': 5, 'A': 4, 'B': 4, 'D': 2}","[0.58, 0.75, 1.0]",3.91
99,"[1, 3, 4]","[3, 3, 4]","[0.54, 0.5, 0.79]","[['C', 'A', 'B', 'D'], ['C', 'A', 'B', 'D'], ['A', 'D', 'C', 'B']]","{'C': 5, 'A': 4, 'B': 4, 'D': 2}","[0.58, 0.75, 1.0]",3.91
99,"[1, 3, 4]","[3, 3, 4]","[0.54, 0.5, 0.79]","[['C', 'A', 'B', 'D'], ['C', 'A', 'B', 'D'], ['C', 'A', 'D', 'B']]","{'C': 5, 'A': 4, 'B': 4, 'D': 2}","[0.58, 0.75, 1.0]",3.91
99,"[1, 3, 4]","[3, 3, 4]","[0.54, 0.5, 0.79]","[['C', 'A', 'B', 'D'], ['C', 'A', 'B', 'D'], ['C', 'D', 'A', 'B']]","{'C': 5, 'A': 4, 'B': 4, 'D': 2}","[0.58, 0.75, 1.0]",3.91
99,"[1, 3, 4]","[3, 3, 4]","[0.54, 0.5, 0.79]","[['C', 'A', 'B', 'D'], ['C', 'A', 'B', 'D'], ['D', 'A', 'C', 'B']]","{'C': 5, 'A': 4, 'B': 4, 'D': 2}","[0.58, 0.75, 1.0]",3.91
99,"[1, 3, 4]","[3, 3, 4]","[0.54, 0.5, 0.79]","[['C', 'A', 'B', 'D'], ['C', 'A', 'B', 'D'], ['D', 'C', 'A', 'B']]","{'C': 5, 'A': 4, 'B': 4, 'D': 2}","[0.58, 0.75, 1.0]",3.91
99,"[1, 3, 4]","[3, 3, 4]","[0.54, 0.5, 0.79]","[['C', 'A', 'B', 'D'], ['C', 'A', 'D', 'B'], ['A', 'B', 'C', 'D']]","{'C': 5, 'A': 4, 'B': 4, 'D': 2}","[0.58, 0.75, 1.0]",3.91
99,"[1, 3, 4]","[3, 3, 4]","[0.54, 0.5, 0.79]","[['C', 'A', 'B', 'D'], ['C', 'A', 'D', 'B'], ['A', 'C', 'B', 'D']]","{'C': 5, 'A': 4, 'B': 4, 'D': 2}","[0.58, 0.75, 1.0]",3.91
99,"[1, 3, 4]","[3, 3, 4]","[0.54, 0.5, 0.79]","[['C', 'A', 'B', 'D'], ['C', 'A', 'D', 'B'], ['A', 'C', 'D', 'B']]","{'C': 5, 'A': 4, 'B': 3, 'D': 3}","[0.58, 0.75, 1.0]",3.91
99,"[1, 3, 4]","[3, 3, 4]","[0.54, 0.5, 0.79]","[['C', 'A', 'B', 'D'], ['C', 'A', 'D', 'B'], ['A', 'D', 'C', 'B']]","{'C': 5, 'A': 4, 'B': 3, 'D': 3}","[0.58, 0.75, 1.0]",3.91
99,"[1, 3, 4]","[3, 3, 4]","[0.54, 0.5, 0.79]","[['C', 'A', 'B', 'D'], ['C', 'A', 'D', 'B'], ['B', 'A', 'C', 'D']]","{'C': 5, 'A': 4, 'B': 4, 'D': 2}","[0.58, 0.75, 1.0]",3.91
99,"[1, 3, 4]","[3, 3, 4]","[0.54, 0.5, 0.79]","[['C', 'A', 'B', 'D'], ['C', 'A', 'D', 'B'], ['B', 'C', 'A', 'D']]","{'C': 5, 'A': 4, 'B': 4, 'D': 2}","[0.58, 0.75, 1.0]",3.91
99,"[1, 3, 4]","[3, 3, 4]","[0.54, 0.5, 0.79]","[['C', 'A', 'B', 'D'], ['C', 'A', 'D', 'B'], ['C', 'A', 'B', 'D']]","{'C': 5, 'A': 4, 'B': 4, 'D': 2}","[0.58, 0.75, 1.0]",3.91
99,"[1, 3, 4]","[3, 3, 4]","[0.54, 0.5, 0.79]","[['C', 'A', 'B', 'D'], ['C', 'A', 'D', 'B'], ['C', 'A', 'D', 'B']]","{'C': 5, 'A': 4, 'B': 3, 'D': 3}","[0.58, 0.75, 1.0]",3.91
99,"[1, 3, 4]","[3, 3, 4]","[0.54, 0.5, 0.79]","[['C', 'A', 'B', 'D'], ['C', 'A', 'D', 'B'], ['C', 'B', 'A', 'D']]","{'C': 5, 'A': 4, 'B': 4, 'D': 2}","[0.58, 0.75, 1.0]",3.91
99,"[1, 3, 4]","[3, 3, 4]","[0.54, 0.5, 0.79]","[['C', 'A', 'B', 'D'], ['C', 'A', 'D', 'B'], ['C', 'D', 'A', 'B']]","{'C': 5, 'A': 4, 'B': 3, 'D': 3}","[0.58, 0.75, 1.0]",3.91
99,"[1, 3, 4]","[3, 3, 4]","[0.54, 0.5, 0.79]","[['C', 'A', 'B', 'D'], ['C', 'A', 'D', 'B'], ['D', 'A', 'C', 'B']]","{'C': 5, 'A': 4, 'B': 3, 'D': 3}","[0.58, 0.75, 1.0]",3.91
99,"[1, 3, 4]","[3, 3, 4]","[0.54, 0.5, 0.79]","[['C', 'A', 'B', 'D'], ['C', 'A', 'D', 'B'], ['D', 'C', 'A', 'B']]","{'C': 5, 'A': 4, 'B': 3, 'D': 3}","[0.58, 0.75, 1.0]",3.91
99,"[1, 3, 4]","[3, 3, 4]","[0.54, 0.5, 0.79]","[['C', 'A', 'B', 'D'], ['C', 'B', 'A', 'D'], ['A', 'C', 'D', 'B']]","{'C': 5, 'A': 4, 'B': 4, 'D': 2}","[0.58, 0.75, 1.0]",3.91
99,"[1, 3, 4]","[3, 3, 4]","[0.54, 0.5, 0.79]","[['C', 'A', 'B', 'D'], ['C', 'B', 'A', 'D'], ['A', 'D', 'C', 'B']]","{'C': 5, 'A': 4, 'B': 4, 'D': 2}","[0.58, 0.75, 1.0]",3.91
99,"[1, 3, 4]","[3, 3, 4]","[0.54, 0.5, 0.79]","[['C', 'A', 'B', 'D'], ['C', 'B', 'A', 'D'], ['C', 'A', 'D', 'B']]","{'C': 5, 'A': 4, 'B': 4, 'D': 2}","[0.58, 0.75, 1.0]",3.91
99,"[1, 3, 4]","[3, 3, 4]","[0.54, 0.5, 0.79]","[['C', 'A', 'B', 'D'], ['C', 'B', 'A', 'D'], ['C', 'D', 'A', 'B']]","{'C': 5, 'A': 4, 'B': 4, 'D': 2}","[0.58, 0.75, 1.0]",3.91
99,"[1, 3, 4]","[3, 3, 4]","[0.54, 0.5, 0.79]","[['C', 'A', 'B', 'D'], ['C', 'B', 'A', 'D'], ['D', 'A', 'C', 'B']]","{'C': 5, 'A': 4, 'B': 4, 'D': 2}","[0.58, 0.75, 1.0]",3.91
99,"[1, 3, 4]","[3, 3, 4]","[0.54, 0.5, 0.79]","[['C', 'A', 'B', 'D'], ['C', 'B', 'A', 'D'], ['D', 'C', 'A', 'B']]","{'C': 5, 'A': 4, 'B': 4, 'D': 2}","[0.58, 0.75, 1.0]",3.91
99,"[1, 3, 4]","[3, 3, 4]","[0.54, 0.5, 0.79]","[['C', 'A', 'B', 'D'], ['C', 'D', 'A', 'B'], ['A', 'B', 'C', 'D']]","{'C': 5, 'A': 4, 'B': 4, 'D': 2}","[0.58, 0.75, 1.0]",3.91
99,"[1, 3, 4]","[3, 3, 4]","[0.54, 0.5, 0.79]","[['C', 'A', 'B', 'D'], ['C', 'D', 'A', 'B'], ['A', 'C', 'B', 'D']]","{'C': 5, 'A': 4, 'B': 4, 'D': 2}","[0.58, 0.75, 1.0]",3.91
99,"[1, 3, 4]","[3, 3, 4]","[0.54, 0.5, 0.79]","[['C', 'A', 'B', 'D'], ['C', 'D', 'A', 'B'], ['A', 'C', 'D', 'B']]","{'C': 5, 'A': 4, 'B': 3, 'D': 3}","[0.58, 0.75, 1.0]",3.91
99,"[1, 3, 4]","[3, 3, 4]","[0.54, 0.5, 0.79]","[['C', 'A', 'B', 'D'], ['C', 'D', 'A', 'B'], ['A', 'D', 'C', 'B']]","{'C': 5, 'A': 4, 'B': 3, 'D': 3}","[0.58, 0.75, 1.0]",3.91
99,"[1, 3, 4]","[3, 3, 4]","[0.54, 0.5, 0.79]","[['C', 'A', 'B', 'D'], ['C', 'D', 'A', 'B'], ['B', 'A', 'C', 'D']]","{'C': 5, 'A': 4, 'B': 4, 'D': 2}","[0.58, 0.75, 1.0]",3.91
99,"[1, 3, 4]","[3, 3, 4]","[0.54, 0.5, 0.79]","[['C', 'A', 'B', 'D'], ['C', 'D', 'A', 'B'], ['B', 'C', 'A', 'D']]","{'C': 5, 'A': 4, 'B': 4, 'D': 2}","[0.58, 0.75, 1.0]",3.91
99,"[1, 3, 4]","[3, 3, 4]","[0.54, 0.5, 0.79]","[['C', 'A', 'B', 'D'], ['C', 'D', 'A', 'B'], ['C', 'A', 'B', 'D']]","{'C': 5, 'A': 4, 'B': 4, 'D': 2}","[0.58, 0.75, 1.0]",3.91
99,"[1, 3, 4]","[3, 3, 4]","[0.54, 0.5, 0.79]","[['C', 'A', 'B', 'D'], ['C', 'D', 'A', 'B'], ['C', 'A', 'D', 'B']]","{'C': 5, 'A': 4, 'B': 3, 'D': 3}","[0.58, 0.75, 1.0]",3.91
99,"[1, 3, 4]","[3, 3, 4]","[0.54, 0.5, 0.79]","[['C', 'A', 'B', 'D'], ['C', 'D', 'A', 'B'], ['C', 'B', 'A', 'D']]","{'C': 5, 'A': 4, 'B': 4, 'D': 2}","[0.58, 0.75, 1.0]",3.91
99,"[1, 3, 4]","[3, 3, 4]","[0.54, 0.5, 0.79]","[['C', 'A', 'B', 'D'], ['C', 'D', 'A', 'B'], ['C', 'D', 'A', 'B']]","{'C': 5, 'A': 4, 'B': 3, 'D': 3}","[0.58, 0.75, 1.0]",3.91
99,"[1, 3, 4]","[3, 3, 4]","[0.54, 0.5, 0.79]","[['C', 'A', 'B', 'D'], ['C', 'D', 'A', 'B'], ['D', 'A', 'C', 'B']]","{'C': 5, 'A': 4, 'B': 3, 'D': 3}","[0.58, 0.75, 1.0]",3.91
99,"[1, 3, 4]","[3, 3, 4]","[0.54, 0.5, 0.79]","[['C', 'A', 'B', 'D'], ['C', 'D', 'A', 'B'], ['D', 'C', 'A', 'B']]","{'C': 5, 'A': 4, 'B': 3, 'D': 3}","[0.58, 0.75, 1.0]",3.91
99,"[1, 3, 4]","[3, 3, 4]","[0.54, 0.5, 0.79]","[['C', 'A', 'B', 'D'], ['D', 'A', 'C', 'B'], ['A', 'B', 'C', 'D']]","{'C': 5, 'A': 4, 'B': 4, 'D': 2}","[0.58, 0.75, 1.0]",3.91
99,"[1, 3, 4]","[3, 3, 4]","[0.54, 0.5, 0.79]","[['C', 'A', 'B', 'D'], ['D', 'A', 'C', 'B'], ['A', 'C', 'B', 'D']]","{'C': 5, 'A': 4, 'B': 4, 'D': 2}","[0.58, 0.75, 1.0]",3.91
99,"[1, 3, 4]","[3, 3, 4]","[0.54, 0.5, 0.79]","[['C', 'A', 'B', 'D'], ['D', 'A', 'C', 'B'], ['A', 'C', 'D', 'B']]","{'C': 5, 'A': 4, 'B': 3, 'D': 3}","[0.58, 0.75, 1.0]",3.91
99,"[1, 3, 4]","[3, 3, 4]","[0.54, 0.5, 0.79]","[['C', 'A', 'B', 'D'], ['D', 'A', 'C', 'B'], ['A', 'D', 'C', 'B']]","{'C': 5, 'A': 4, 'B': 3, 'D': 3}","[0.58, 0.75, 1.0]",3.91
99,"[1, 3, 4]","[3, 3, 4]","[0.54, 0.5, 0.79]","[['C', 'A', 'B', 'D'], ['D', 'A', 'C', 'B'], ['B', 'A', 'C', 'D']]","{'C': 5, 'A': 4, 'B': 4, 'D': 2}","[0.58, 0.75, 1.0]",3.91
99,"[1, 3, 4]","[3, 3, 4]","[0.54, 0.5, 0.79]","[['C', 'A', 'B', 'D'], ['D', 'A', 'C', 'B'], ['B', 'C', 'A', 'D']]","{'C': 5, 'A': 4, 'B': 4, 'D': 2}","[0.58, 0.75, 1.0]",3.91
99,"[1, 3, 4]","[3, 3, 4]","[0.54, 0.5, 0.79]","[['C', 'A', 'B', 'D'], ['D', 'A', 'C', 'B'], ['C', 'A', 'B', 'D']]","{'C': 5, 'A': 4, 'B': 4, 'D': 2}","[0.58, 0.75, 1.0]",3.91
99,"[1, 3, 4]","[3, 3, 4]","[0.54, 0.5, 0.79]","[['C', 'A', 'B', 'D'], ['D', 'A', 'C', 'B'], ['C', 'A', 'D', 'B']]","{'C': 5, 'A': 4, 'B': 3, 'D': 3}","[0.58, 0.75, 1.0]",3.91
99,"[1, 3, 4]","[3, 3, 4]","[0.54, 0.5, 0.79]","[['C', 'A', 'B', 'D'], ['D', 'A', 'C', 'B'], ['C', 'B', 'A', 'D']]","{'C': 5, 'A': 4, 'B': 4, 'D': 2}","[0.58, 0.75, 1.0]",3.91
99,"[1, 3, 4]","[3, 3, 4]","[0.54, 0.5, 0.79]","[['C', 'A', 'B', 'D'], ['D', 'A', 'C', 'B'], ['C', 'D', 'A', 'B']]","{'C': 5, 'A': 4, 'B': 3, 'D': 3}","[0.58, 0.75, 1.0]",3.91
99,"[1, 3, 4]","[3, 3, 4]","[0.54, 0.5, 0.79]","[['C', 'A', 'B', 'D'], ['D', 'A', 'C', 'B'], ['D', 'A', 'C', 'B']]","{'C': 5, 'A': 4, 'B': 3, 'D': 3}","[0.58, 0.75, 1.0]",3.91
99,"[1, 3, 4]","[3, 3, 4]","[0.54, 0.5, 0.79]","[['C', 'A', 'B', 'D'], ['D', 'A', 'C', 'B'], ['D', 'C', 'A', 'B']]","{'C': 5, 'A': 4, 'B': 3, 'D': 3}","[0.58, 0.75, 1.0]",3.91
99,"[1, 3, 4]","[3, 3, 4]","[0.54, 0.5, 0.79]","[['C', 'A', 'B', 'D'], ['D', 'C', 'A', 'B'], ['A', 'B', 'C', 'D']]","{'C': 5, 'A': 4, 'B': 4, 'D': 2}","[0.58, 0.75, 1.0]",3.91
99,"[1, 3, 4]","[3, 3, 4]","[0.54, 0.5, 0.79]","[['C', 'A', 'B', 'D'], ['D', 'C', 'A', 'B'], ['A', 'C', 'B', 'D']]","{'C': 5, 'A': 4, 'B': 4, 'D': 2}","[0.58, 0.75, 1.0]",3.91
99,"[1, 3, 4]","[3, 3, 4]","[0.54, 0.5, 0.79]","[['C', 'A', 'B', 'D'], ['D', 'C', 'A', 'B'], ['A', 'C', 'D', 'B']]","{'C': 5, 'A': 4, 'B': 3, 'D': 3}","[0.58, 0.75, 1.0]",3.91
99,"[1, 3, 4]","[3, 3, 4]","[0.54, 0.5, 0.79]","[['C', 'A', 'B', 'D'], ['D', 'C', 'A', 'B'], ['A', 'D', 'C', 'B']]","{'C': 5, 'A': 4, 'B': 3, 'D': 3}","[0.58, 0.75, 1.0]",3.91
99,"[1, 3, 4]","[3, 3, 4]","[0.54, 0.5, 0.79]","[['C', 'A', 'B', 'D'], ['D', 'C', 'A', 'B'], ['B', 'A', 'C', 'D']]","{'C': 5, 'A': 4, 'B': 4, 'D': 2}","[0.58, 0.75, 1.0]",3.91
99,"[1, 3, 4]","[3, 3, 4]","[0.54, 0.5, 0.79]","[['C', 'A', 'B', 'D'], ['D', 'C', 'A', 'B'], ['B', 'C', 'A', 'D']]","{'C': 5, 'A': 4, 'B': 4, 'D': 2}","[0.58, 0.75, 1.0]",3.91
99,"[1, 3, 4]","[3, 3, 4]","[0.54, 0.5, 0.79]","[['C', 'A', 'B', 'D'], ['D', 'C', 'A', 'B'], ['C', 'A', 'B', 'D']]","{'C': 5, 'A': 4, 'B': 4, 'D': 2}","[0.58, 0.75, 1.0]",3.91
99,"[1, 3, 4]","[3, 3, 4]","[0.54, 0.5, 0.79]","[['C', 'A', 'B', 'D'], ['D', 'C', 'A', 'B'], ['C', 'A', 'D', 'B']]","{'C': 5, 'A': 4, 'B': 3, 'D': 3}","[0.58, 0.75, 1.0]",3.91
99,"[1, 3, 4]","[3, 3, 4]","[0.54, 0.5, 0.79]","[['C', 'A', 'B', 'D'], ['D', 'C', 'A', 'B'], ['C', 'B', 'A', 'D']]","{'C': 5, 'A': 4, 'B': 4, 'D': 2}","[0.58, 0.75, 1.0]",3.91
99,"[1, 3, 4]","[3, 3, 4]","[0.54, 0.5, 0.79]","[['C', 'A', 'B', 'D'], ['D', 'C', 'A', 'B'], ['C', 'D', 'A', 'B']]","{'C': 5, 'A': 4, 'B': 3, 'D': 3}","[0.58, 0.75, 1.0]",3.91
99,"[1, 3, 4]","[3, 3, 4]","[0.54, 0.5, 0.79]","[['C', 'A', 'B', 'D'], ['D', 'C', 'A', 'B'], ['D', 'A', 'C', 'B']]","{'C': 5, 'A': 4, 'B': 3, 'D': 3}","[0.58, 0.75, 1.0]",3.91
99,"[1, 3, 4]","[3, 3, 4]","[0.54, 0.5, 0.79]","[['C', 'A', 'B', 'D'], ['D', 'C', 'A', 'B'], ['D', 'C', 'A', 'B']]","{'C': 5, 'A': 4, 'B': 3, 'D': 3}","[0.58, 0.75, 1.0]",3.91
99,"[1, 3, 4]","[3, 3, 4]","[0.54, 0.5, 0.79]","[['C', 'A', 'D', 'B'], ['A', 'B', 'C', 'D'], ['A', 'B', 'C', 'D']]","{'C': 5, 'A': 4, 'B': 4, 'D': 2}","[0.58, 0.75, 1.0]",3.91
99,"[1, 3, 4]","[3, 3, 4]","[0.54, 0.5, 0.79]","[['C', 'A', 'D', 'B'], ['A', 'B', 'C', 'D'], ['A', 'C', 'B', 'D']]","{'C': 5, 'A': 4, 'B': 4, 'D': 2}","[0.58, 0.75, 1.0]",3.91
99,"[1, 3, 4]","[3, 3, 4]","[0.54, 0.5, 0.79]","[['C', 'A', 'D', 'B'], ['A', 'B', 'C', 'D'], ['A', 'C', 'D', 'B']]","{'C': 5, 'A': 4, 'B': 3, 'D': 3}","[0.58, 0.75, 1.0]",3.91
99,"[1, 3, 4]","[3, 3, 4]","[0.54, 0.5, 0.79]","[['C', 'A', 'D', 'B'], ['A', 'B', 'C', 'D'], ['A', 'D', 'C', 'B']]","{'C': 5, 'A': 4, 'B': 3, 'D': 3}","[0.58, 0.75, 1.0]",3.91
99,"[1, 3, 4]","[3, 3, 4]","[0.54, 0.5, 0.79]","[['C', 'A', 'D', 'B'], ['A', 'B', 'C', 'D'], ['B', 'A', 'C', 'D']]","{'C': 5, 'A': 4, 'B': 4, 'D': 2}","[0.58, 0.75, 1.0]",3.91
99,"[1, 3, 4]","[3, 3, 4]","[0.54, 0.5, 0.79]","[['C', 'A', 'D', 'B'], ['A', 'B', 'C', 'D'], ['B', 'C', 'A', 'D']]","{'C': 5, 'A': 4, 'B': 4, 'D': 2}","[0.58, 0.75, 1.0]",3.91
99,"[1, 3, 4]","[3, 3, 4]","[0.54, 0.5, 0.79]","[['C', 'A', 'D', 'B'], ['A', 'B', 'C', 'D'], ['C', 'A', 'B', 'D']]","{'C': 5, 'A': 4, 'B': 4, 'D': 2}","[0.58, 0.75, 1.0]",3.91
99,"[1, 3, 4]","[3, 3, 4]","[0.54, 0.5, 0.79]","[['C', 'A', 'D', 'B'], ['A', 'B', 'C', 'D'], ['C', 'A', 'D', 'B']]","{'C': 5, 'A': 4, 'B': 3, 'D': 3}","[0.58, 0.75, 1.0]",3.91
99,"[1, 3, 4]","[3, 3, 4]","[0.54, 0.5, 0.79]","[['C', 'A', 'D', 'B'], ['A', 'B', 'C', 'D'], ['C', 'B', 'A', 'D']]","{'C': 5, 'A': 4, 'B': 4, 'D': 2}","[0.58, 0.75, 1.0]",3.91
99,"[1, 3, 4]","[3, 3, 4]","[0.54, 0.5, 0.79]","[['C', 'A', 'D', 'B'], ['A', 'B', 'C', 'D'], ['C', 'D', 'A', 'B']]","{'C': 5, 'A': 4, 'B': 3, 'D': 3}","[0.58, 0.75, 1.0]",3.91
99,"[1, 3, 4]","[3, 3, 4]","[0.54, 0.5, 0.79]","[['C', 'A', 'D', 'B'], ['A', 'B', 'C', 'D'], ['D', 'A', 'C', 'B']]","{'C': 5, 'A': 4, 'B': 3, 'D': 3}","[0.58, 0.75, 1.0]",3.91
99,"[1, 3, 4]","[3, 3, 4]","[0.54, 0.5, 0.79]","[['C', 'A', 'D', 'B'], ['A', 'B', 'C', 'D'], ['D', 'C', 'A', 'B']]","{'C': 5, 'A': 4, 'B': 3, 'D': 3}","[0.58, 0.75, 1.0]",3.91
99,"[1, 3, 4]","[3, 3, 4]","[0.54, 0.5, 0.79]","[['C', 'A', 'D', 'B'], ['A', 'C', 'B', 'D'], ['A', 'B', 'C', 'D']]","{'C': 5, 'A': 4, 'B': 4, 'D': 2}","[0.58, 0.75, 1.0]",3.91
99,"[1, 3, 4]","[3, 3, 4]","[0.54, 0.5, 0.79]","[['C', 'A', 'D', 'B'], ['A', 'C', 'B', 'D'], ['A', 'C', 'B', 'D']]","{'C': 5, 'A': 4, 'B': 4, 'D': 2}","[0.58, 0.75, 1.0]",3.91
99,"[1, 3, 4]","[3, 3, 4]","[0.54, 0.5, 0.79]","[['C', 'A', 'D', 'B'], ['A', 'C', 'B', 'D'], ['A', 'C', 'D', 'B']]","{'C': 5, 'A': 4, 'B': 3, 'D': 3}","[0.58, 0.75, 1.0]",3.91
99,"[1, 3, 4]","[3, 3, 4]","[0.54, 0.5, 0.79]","[['C', 'A', 'D', 'B'], ['A', 'C', 'B', 'D'], ['A', 'D', 'C', 'B']]","{'C': 5, 'A': 4, 'B': 3, 'D': 3}","[0.58, 0.75, 1.0]",3.91
99,"[1, 3, 4]","[3, 3, 4]","[0.54, 0.5, 0.79]","[['C', 'A', 'D', 'B'], ['A', 'C', 'B', 'D'], ['B', 'A', 'C', 'D']]","{'C': 5, 'A': 4, 'B': 4, 'D': 2}","[0.58, 0.75, 1.0]",3.91
99,"[1, 3, 4]","[3, 3, 4]","[0.54, 0.5, 0.79]","[['C', 'A', 'D', 'B'], ['A', 'C', 'B', 'D'], ['B', 'C', 'A', 'D']]","{'C': 5, 'A': 4, 'B': 4, 'D': 2}","[0.58, 0.75, 1.0]",3.91
99,"[1, 3, 4]","[3, 3, 4]","[0.54, 0.5, 0.79]","[['C', 'A', 'D', 'B'], ['A', 'C', 'B', 'D'], ['C', 'A', 'B', 'D']]","{'C': 5, 'A': 4, 'B': 4, 'D': 2}","[0.58, 0.75, 1.0]",3.91
99,"[1, 3, 4]","[3, 3, 4]","[0.54, 0.5, 0.79]","[['C', 'A', 'D', 'B'], ['A', 'C', 'B', 'D'], ['C', 'A', 'D', 'B']]","{'C': 5, 'A': 4, 'B': 3, 'D': 3}","[0.58, 0.75, 1.0]",3.91
99,"[1, 3, 4]","[3, 3, 4]","[0.54, 0.5, 0.79]","[['C', 'A', 'D', 'B'], ['A', 'C', 'B', 'D'], ['C', 'B', 'A', 'D']]","{'C': 5, 'A': 4, 'B': 4, 'D': 2}","[0.58, 0.75, 1.0]",3.91
99,"[1, 3, 4]","[3, 3, 4]","[0.54, 0.5, 0.79]","[['C', 'A', 'D', 'B'], ['A', 'C', 'B', 'D'], ['C', 'D', 'A', 'B']]","{'C': 5, 'A': 4, 'B': 3, 'D': 3}","[0.58, 0.75, 1.0]",3.91
99,"[1, 3, 4]","[3, 3, 4]","[0.54, 0.5, 0.79]","[['C', 'A', 'D', 'B'], ['A', 'C', 'B', 'D'], ['D', 'A', 'C', 'B']]","{'C': 5, 'A': 4, 'B': 3, 'D': 3}","[0.58, 0.75, 1.0]",3.91
99,"[1, 3, 4]","[3, 3, 4]","[0.54, 0.5, 0.79]","[['C', 'A', 'D', 'B'], ['A', 'C', 'B', 'D'], ['D', 'C', 'A', 'B']]","{'C': 5, 'A': 4, 'B': 3, 'D': 3}","[0.58, 0.75, 1.0]",3.91
99,"[1, 3, 4]","[3, 3, 4]","[0.54, 0.5, 0.79]","[['C', 'A', 'D', 'B'], ['A', 'C', 'D', 'B'], ['A', 'B', 'C', 'D']]","{'C': 5, 'A': 4, 'B': 3, 'D': 3}","[0.58, 0.75, 1.0]",3.91
99,"[1, 3, 4]","[3, 3, 4]","[0.54, 0.5, 0.79]","[['C', 'A', 'D', 'B'], ['A', 'C', 'D', 'B'], ['A', 'C', 'B', 'D']]","{'C': 5, 'A': 4, 'B': 3, 'D': 3}","[0.58, 0.75, 1.0]",3.91
99,"[1, 3, 4]","[3, 3, 4]","[0.54, 0.5, 0.79]","[['C', 'A', 'D', 'B'], ['A', 'C', 'D', 'B'], ['A', 'C', 'D', 'B']]","{'C': 5, 'A': 4, 'D': 4, 'B': 2}","[0.58, 0.88, 1.0]",4.0
99,"[1, 3, 4]","[3, 3, 4]","[0.54, 0.5, 0.79]","[['C', 'A', 'D', 'B'], ['A', 'C', 'D', 'B'], ['A', 'D', 'C', 'B']]","{'C': 5, 'A': 4, 'D': 4, 'B': 2}","[0.58, 0.88, 1.0]",4.0
99,"[1, 3, 4]","[3, 3, 4]","[0.54, 0.5, 0.79]","[['C', 'A', 'D', 'B'], ['A', 'C', 'D', 'B'], ['B', 'A', 'C', 'D']]","{'C': 5, 'A': 4, 'B': 3, 'D': 3}","[0.58, 0.75, 1.0]",3.91
99,"[1, 3, 4]","[3, 3, 4]","[0.54, 0.5, 0.79]","[['C', 'A', 'D', 'B'], ['A', 'C', 'D', 'B'], ['B', 'C', 'A', 'D']]","{'C': 5, 'A': 4, 'B': 3, 'D': 3}","[0.58, 0.75, 1.0]",3.91
99,"[1, 3, 4]","[3, 3, 4]","[0.54, 0.5, 0.79]","[['C', 'A', 'D', 'B'], ['A', 'C', 'D', 'B'], ['C', 'A', 'B', 'D']]","{'C': 5, 'A': 4, 'B': 3, 'D': 3}","[0.58, 0.75, 1.0]",3.91
99,"[1, 3, 4]","[3, 3, 4]","[0.54, 0.5, 0.79]","[['C', 'A', 'D', 'B'], ['A', 'C', 'D', 'B'], ['C', 'A', 'D', 'B']]","{'C': 5, 'A': 4, 'D': 4, 'B': 2}","[0.58, 0.88, 1.0]",4.0
99,"[1, 3, 4]","[3, 3, 4]","[0.54, 0.5, 0.79]","[['C', 'A', 'D', 'B'], ['A', 'C', 'D', 'B'], ['C', 'B', 'A', 'D']]","{'C': 5, 'A': 4, 'B': 3, 'D': 3}","[0.58, 0.75, 1.0]",3.91
99,"[1, 3, 4]","[3, 3, 4]","[0.54, 0.5, 0.79]","[['C', 'A', 'D', 'B'], ['A', 'C', 'D', 'B'], ['C', 'D', 'A', 'B']]","{'C': 5, 'A': 4, 'D': 4, 'B': 2}","[0.58, 0.88, 1.0]",4.0
99,"[1, 3, 4]","[3, 3, 4]","[0.54, 0.5, 0.79]","[['C', 'A', 'D', 'B'], ['A', 'C', 'D', 'B'], ['D', 'A', 'C', 'B']]","{'C': 5, 'A': 4, 'D': 4, 'B': 2}","[0.58, 0.88, 1.0]",4.0
99,"[1, 3, 4]","[3, 3, 4]","[0.54, 0.5, 0.79]","[['C', 'A', 'D', 'B'], ['A', 'C', 'D', 'B'], ['D', 'C', 'A', 'B']]","{'C': 5, 'A': 4, 'D': 4, 'B': 2}","[0.58, 0.88, 1.0]",4.0
99,"[1, 3, 4]","[3, 3, 4]","[0.54, 0.5, 0.79]","[['C', 'A', 'D', 'B'], ['A', 'D', 'C', 'B'], ['A', 'B', 'C', 'D']]","{'C': 5, 'A': 4, 'B': 3, 'D': 3}","[0.58, 0.75, 1.0]",3.91
99,"[1, 3, 4]","[3, 3, 4]","[0.54, 0.5, 0.79]","[['C', 'A', 'D', 'B'], ['A', 'D', 'C', 'B'], ['A', 'C', 'B', 'D']]","{'C': 5, 'A': 4, 'B': 3, 'D': 3}","[0.58, 0.75, 1.0]",3.91
99,"[1, 3, 4]","[3, 3, 4]","[0.54, 0.5, 0.79]","[['C', 'A', 'D', 'B'], ['A', 'D', 'C', 'B'], ['A', 'C', 'D', 'B']]","{'C': 5, 'A': 4, 'D': 4, 'B': 2}","[0.58, 0.88, 1.0]",4.0
99,"[1, 3, 4]","[3, 3, 4]","[0.54, 0.5, 0.79]","[['C', 'A', 'D', 'B'], ['A', 'D', 'C', 'B'], ['A', 'D', 'C', 'B']]","{'C': 5, 'A': 4, 'D': 4, 'B': 2}","[0.58, 0.88, 1.0]",4.0
99,"[1, 3, 4]","[3, 3, 4]","[0.54, 0.5, 0.79]","[['C', 'A', 'D', 'B'], ['A', 'D', 'C', 'B'], ['B', 'A', 'C', 'D']]","{'C': 5, 'A': 4, 'B': 3, 'D': 3}","[0.58, 0.75, 1.0]",3.91
99,"[1, 3, 4]","[3, 3, 4]","[0.54, 0.5, 0.79]","[['C', 'A', 'D', 'B'], ['A', 'D', 'C', 'B'], ['B', 'C', 'A', 'D']]","{'C': 5, 'A': 4, 'B': 3, 'D': 3}","[0.58, 0.75, 1.0]",3.91
99,"[1, 3, 4]","[3, 3, 4]","[0.54, 0.5, 0.79]","[['C', 'A', 'D', 'B'], ['A', 'D', 'C', 'B'], ['C', 'A', 'B', 'D']]","{'C': 5, 'A': 4, 'B': 3, 'D': 3}","[0.58, 0.75, 1.0]",3.91
99,"[1, 3, 4]","[3, 3, 4]","[0.54, 0.5, 0.79]","[['C', 'A', 'D', 'B'], ['A', 'D', 'C', 'B'], ['C', 'A', 'D', 'B']]","{'C': 5, 'A': 4, 'D': 4, 'B': 2}","[0.58, 0.88, 1.0]",4.0
99,"[1, 3, 4]","[3, 3, 4]","[0.54, 0.5, 0.79]","[['C', 'A', 'D', 'B'], ['A', 'D', 'C', 'B'], ['C', 'B', 'A', 'D']]","{'C': 5, 'A': 4, 'B': 3, 'D': 3}","[0.58, 0.75, 1.0]",3.91
99,"[1, 3, 4]","[3, 3, 4]","[0.54, 0.5, 0.79]","[['C', 'A', 'D', 'B'], ['A', 'D', 'C', 'B'], ['C', 'D', 'A', 'B']]","{'C': 5, 'A': 4, 'D': 4, 'B': 2}","[0.58, 0.88, 1.0]",4.0
99,"[1, 3, 4]","[3, 3, 4]","[0.54, 0.5, 0.79]","[['C', 'A', 'D', 'B'], ['A', 'D', 'C', 'B'], ['D', 'A', 'C', 'B']]","{'C': 5, 'A': 4, 'D': 4, 'B': 2}","[0.58, 0.88, 1.0]",4.0
99,"[1, 3, 4]","[3, 3, 4]","[0.54, 0.5, 0.79]","[['C', 'A', 'D', 'B'], ['A', 'D', 'C', 'B'], ['D', 'C', 'A', 'B']]","{'C': 5, 'A': 4, 'D': 4, 'B': 2}","[0.58, 0.88, 1.0]",4.0
99,"[1, 3, 4]","[3, 3, 4]","[0.54, 0.5, 0.79]","[['C', 'A', 'D', 'B'], ['B', 'A', 'C', 'D'], ['A', 'B', 'C', 'D']]","{'C': 5, 'A': 4, 'B': 4, 'D': 2}","[0.58, 0.75, 1.0]",3.91
99,"[1, 3, 4]","[3, 3, 4]","[0.54, 0.5, 0.79]","[['C', 'A', 'D', 'B'], ['B', 'A', 'C', 'D'], ['A', 'C', 'B', 'D']]","{'C': 5, 'A': 4, 'B': 4, 'D': 2}","[0.58, 0.75, 1.0]",3.91
99,"[1, 3, 4]","[3, 3, 4]","[0.54, 0.5, 0.79]","[['C', 'A', 'D', 'B'], ['B', 'A', 'C', 'D'], ['A', 'C', 'D', 'B']]","{'C': 5, 'A': 4, 'B': 3, 'D': 3}","[0.58, 0.75, 1.0]",3.91
99,"[1, 3, 4]","[3, 3, 4]","[0.54, 0.5, 0.79]","[['C', 'A', 'D', 'B'], ['B', 'A', 'C', 'D'], ['A', 'D', 'C', 'B']]","{'C': 5, 'A': 4, 'B': 3, 'D': 3}","[0.58, 0.75, 1.0]",3.91
99,"[1, 3, 4]","[3, 3, 4]","[0.54, 0.5, 0.79]","[['C', 'A', 'D', 'B'], ['B', 'A', 'C', 'D'], ['B', 'A', 'C', 'D']]","{'C': 5, 'A': 4, 'B': 4, 'D': 2}","[0.58, 0.75, 1.0]",3.91
99,"[1, 3, 4]","[3, 3, 4]","[0.54, 0.5, 0.79]","[['C', 'A', 'D', 'B'], ['B', 'A', 'C', 'D'], ['B', 'C', 'A', 'D']]","{'C': 5, 'A': 4, 'B': 4, 'D': 2}","[0.58, 0.75, 1.0]",3.91
99,"[1, 3, 4]","[3, 3, 4]","[0.54, 0.5, 0.79]","[['C', 'A', 'D', 'B'], ['B', 'A', 'C', 'D'], ['C', 'A', 'B', 'D']]","{'C': 5, 'A': 4, 'B': 4, 'D': 2}","[0.58, 0.75, 1.0]",3.91
99,"[1, 3, 4]","[3, 3, 4]","[0.54, 0.5, 0.79]","[['C', 'A', 'D', 'B'], ['B', 'A', 'C', 'D'], ['C', 'A', 'D', 'B']]","{'C': 5, 'A': 4, 'B': 3, 'D': 3}","[0.58, 0.75, 1.0]",3.91
99,"[1, 3, 4]","[3, 3, 4]","[0.54, 0.5, 0.79]","[['C', 'A', 'D', 'B'], ['B', 'A', 'C', 'D'], ['C', 'B', 'A', 'D']]","{'C': 5, 'A': 4, 'B': 4, 'D': 2}","[0.58, 0.75, 1.0]",3.91
99,"[1, 3, 4]","[3, 3, 4]","[0.54, 0.5, 0.79]","[['C', 'A', 'D', 'B'], ['B', 'A', 'C', 'D'], ['C', 'D', 'A', 'B']]","{'C': 5, 'A': 4, 'B': 3, 'D': 3}","[0.58, 0.75, 1.0]",3.91
99,"[1, 3, 4]","[3, 3, 4]","[0.54, 0.5, 0.79]","[['C', 'A', 'D', 'B'], ['B', 'A', 'C', 'D'], ['D', 'A', 'C', 'B']]","{'C': 5, 'A': 4, 'B': 3, 'D': 3}","[0.58, 0.75, 1.0]",3.91
99,"[1, 3, 4]","[3, 3, 4]","[0.54, 0.5, 0.79]","[['C', 'A', 'D', 'B'], ['B', 'A', 'C', 'D'], ['D', 'C', 'A', 'B']]","{'C': 5, 'A': 4, 'B': 3, 'D': 3}","[0.58, 0.75, 1.0]",3.91
99,"[1, 3, 4]","[3, 3, 4]","[0.54, 0.5, 0.79]","[['C', 'A', 'D', 'B'], ['B', 'C', 'A', 'D'], ['A', 'B', 'C', 'D']]","{'C': 5, 'A': 4, 'B': 4, 'D': 2}","[0.58, 0.75, 1.0]",3.91
99,"[1, 3, 4]","[3, 3, 4]","[0.54, 0.5, 0.79]","[['C', 'A', 'D', 'B'], ['B', 'C', 'A', 'D'], ['A', 'C', 'B', 'D']]","{'C': 5, 'A': 4, 'B': 4, 'D': 2}","[0.58, 0.75, 1.0]",3.91
99,"[1, 3, 4]","[3, 3, 4]","[0.54, 0.5, 0.79]","[['C', 'A', 'D', 'B'], ['B', 'C', 'A', 'D'], ['A', 'C', 'D', 'B']]","{'C': 5, 'A': 4, 'B': 3, 'D': 3}","[0.58, 0.75, 1.0]",3.91
99,"[1, 3, 4]","[3, 3, 4]","[0.54, 0.5, 0.79]","[['C', 'A', 'D', 'B'], ['B', 'C', 'A', 'D'], ['A', 'D', 'C', 'B']]","{'C': 5, 'A': 4, 'B': 3, 'D': 3}","[0.58, 0.75, 1.0]",3.91
99,"[1, 3, 4]","[3, 3, 4]","[0.54, 0.5, 0.79]","[['C', 'A', 'D', 'B'], ['B', 'C', 'A', 'D'], ['B', 'A', 'C', 'D']]","{'C': 5, 'A': 4, 'B': 4, 'D': 2}","[0.58, 0.75, 1.0]",3.91
99,"[1, 3, 4]","[3, 3, 4]","[0.54, 0.5, 0.79]","[['C', 'A', 'D', 'B'], ['B', 'C', 'A', 'D'], ['B', 'C', 'A', 'D']]","{'C': 5, 'A': 4, 'B': 4, 'D': 2}","[0.58, 0.75, 1.0]",3.91
99,"[1, 3, 4]","[3, 3, 4]","[0.54, 0.5, 0.79]","[['C', 'A', 'D', 'B'], ['B', 'C', 'A', 'D'], ['C', 'A', 'B', 'D']]","{'C': 5, 'A': 4, 'B': 4, 'D': 2}","[0.58, 0.75, 1.0]",3.91
99,"[1, 3, 4]","[3, 3, 4]","[0.54, 0.5, 0.79]","[['C', 'A', 'D', 'B'], ['B', 'C', 'A', 'D'], ['C', 'A', 'D', 'B']]","{'C': 5, 'A': 4, 'B': 3, 'D': 3}","[0.58, 0.75, 1.0]",3.91
99,"[1, 3, 4]","[3, 3, 4]","[0.54, 0.5, 0.79]","[['C', 'A', 'D', 'B'], ['B', 'C', 'A', 'D'], ['C', 'B', 'A', 'D']]","{'C': 5, 'A': 4, 'B': 4, 'D': 2}","[0.58, 0.75, 1.0]",3.91
99,"[1, 3, 4]","[3, 3, 4]","[0.54, 0.5, 0.79]","[['C', 'A', 'D', 'B'], ['B', 'C', 'A', 'D'], ['C', 'D', 'A', 'B']]","{'C': 5, 'A': 4, 'B': 3, 'D': 3}","[0.58, 0.75, 1.0]",3.91
99,"[1, 3, 4]","[3, 3, 4]","[0.54, 0.5, 0.79]","[['C', 'A', 'D', 'B'], ['B', 'C', 'A', 'D'], ['D', 'A', 'C', 'B']]","{'C': 5, 'A': 4, 'B': 3, 'D': 3}","[0.58, 0.75, 1.0]",3.91
99,"[1, 3, 4]","[3, 3, 4]","[0.54, 0.5, 0.79]","[['C', 'A', 'D', 'B'], ['B', 'C', 'A', 'D'], ['D', 'C', 'A', 'B']]","{'C': 5, 'A': 4, 'B': 3, 'D': 3}","[0.58, 0.75, 1.0]",3.91
99,"[1, 3, 4]","[3, 3, 4]","[0.54, 0.5, 0.79]","[['C', 'A', 'D', 'B'], ['C', 'A', 'B', 'D'], ['A', 'B', 'C', 'D']]","{'C': 5, 'A': 4, 'B': 4, 'D': 2}","[0.58, 0.75, 1.0]",3.91
99,"[1, 3, 4]","[3, 3, 4]","[0.54, 0.5, 0.79]","[['C', 'A', 'D', 'B'], ['C', 'A', 'B', 'D'], ['A', 'C', 'B', 'D']]","{'C': 5, 'A': 4, 'B': 4, 'D': 2}","[0.58, 0.75, 1.0]",3.91
99,"[1, 3, 4]","[3, 3, 4]","[0.54, 0.5, 0.79]","[['C', 'A', 'D', 'B'], ['C', 'A', 'B', 'D'], ['A', 'C', 'D', 'B']]","{'C': 5, 'A': 4, 'B': 3, 'D': 3}","[0.58, 0.75, 1.0]",3.91
99,"[1, 3, 4]","[3, 3, 4]","[0.54, 0.5, 0.79]","[['C', 'A', 'D', 'B'], ['C', 'A', 'B', 'D'], ['A', 'D', 'C', 'B']]","{'C': 5, 'A': 4, 'B': 3, 'D': 3}","[0.58, 0.75, 1.0]",3.91
99,"[1, 3, 4]","[3, 3, 4]","[0.54, 0.5, 0.79]","[['C', 'A', 'D', 'B'], ['C', 'A', 'B', 'D'], ['B', 'A', 'C', 'D']]","{'C': 5, 'A': 4, 'B': 4, 'D': 2}","[0.58, 0.75, 1.0]",3.91
99,"[1, 3, 4]","[3, 3, 4]","[0.54, 0.5, 0.79]","[['C', 'A', 'D', 'B'], ['C', 'A', 'B', 'D'], ['B', 'C', 'A', 'D']]","{'C': 5, 'A': 4, 'B': 4, 'D': 2}","[0.58, 0.75, 1.0]",3.91
99,"[1, 3, 4]","[3, 3, 4]","[0.54, 0.5, 0.79]","[['C', 'A', 'D', 'B'], ['C', 'A', 'B', 'D'], ['C', 'A', 'B', 'D']]","{'C': 5, 'A': 4, 'B': 4, 'D': 2}","[0.58, 0.75, 1.0]",3.91
99,"[1, 3, 4]","[3, 3, 4]","[0.54, 0.5, 0.79]","[['C', 'A', 'D', 'B'], ['C', 'A', 'B', 'D'], ['C', 'A', 'D', 'B']]","{'C': 5, 'A': 4, 'B': 3, 'D': 3}","[0.58, 0.75, 1.0]",3.91
99,"[1, 3, 4]","[3, 3, 4]","[0.54, 0.5, 0.79]","[['C', 'A', 'D', 'B'], ['C', 'A', 'B', 'D'], ['C', 'B', 'A', 'D']]","{'C': 5, 'A': 4, 'B': 4, 'D': 2}","[0.58, 0.75, 1.0]",3.91
99,"[1, 3, 4]","[3, 3, 4]","[0.54, 0.5, 0.79]","[['C', 'A', 'D', 'B'], ['C', 'A', 'B', 'D'], ['C', 'D', 'A', 'B']]","{'C': 5, 'A': 4, 'B': 3, 'D': 3}","[0.58, 0.75, 1.0]",3.91
99,"[1, 3, 4]","[3, 3, 4]","[0.54, 0.5, 0.79]","[['C', 'A', 'D', 'B'], ['C', 'A', 'B', 'D'], ['D', 'A', 'C', 'B']]","{'C': 5, 'A': 4, 'B': 3, 'D': 3}","[0.58, 0.75, 1.0]",3.91
99,"[1, 3, 4]","[3, 3, 4]","[0.54, 0.5, 0.79]","[['C', 'A', 'D', 'B'], ['C', 'A', 'B', 'D'], ['D', 'C', 'A', 'B']]","{'C': 5, 'A': 4, 'B': 3, 'D': 3}","[0.58, 0.75, 1.0]",3.91
99,"[1, 3, 4]","[3, 3, 4]","[0.54, 0.5, 0.79]","[['C', 'A', 'D', 'B'], ['C', 'A', 'D', 'B'], ['A', 'B', 'C', 'D']]","{'C': 5, 'A': 4, 'B': 3, 'D': 3}","[0.58, 0.75, 1.0]",3.91
99,"[1, 3, 4]","[3, 3, 4]","[0.54, 0.5, 0.79]","[['C', 'A', 'D', 'B'], ['C', 'A', 'D', 'B'], ['A', 'C', 'B', 'D']]","{'C': 5, 'A': 4, 'B': 3, 'D': 3}","[0.58, 0.75, 1.0]",3.91
99,"[1, 3, 4]","[3, 3, 4]","[0.54, 0.5, 0.79]","[['C', 'A', 'D', 'B'], ['C', 'A', 'D', 'B'], ['A', 'C', 'D', 'B']]","{'C': 5, 'A': 4, 'D': 4, 'B': 2}","[0.58, 0.88, 1.0]",4.0
99,"[1, 3, 4]","[3, 3, 4]","[0.54, 0.5, 0.79]","[['C', 'A', 'D', 'B'], ['C', 'A', 'D', 'B'], ['A', 'D', 'C', 'B']]","{'C': 5, 'A': 4, 'D': 4, 'B': 2}","[0.58, 0.88, 1.0]",4.0
99,"[1, 3, 4]","[3, 3, 4]","[0.54, 0.5, 0.79]","[['C', 'A', 'D', 'B'], ['C', 'A', 'D', 'B'], ['B', 'A', 'C', 'D']]","{'C': 5, 'A': 4, 'B': 3, 'D': 3}","[0.58, 0.75, 1.0]",3.91
99,"[1, 3, 4]","[3, 3, 4]","[0.54, 0.5, 0.79]","[['C', 'A', 'D', 'B'], ['C', 'A', 'D', 'B'], ['B', 'C', 'A', 'D']]","{'C': 5, 'A': 4, 'B': 3, 'D': 3}","[0.58, 0.75, 1.0]",3.91
99,"[1, 3, 4]","[3, 3, 4]","[0.54, 0.5, 0.79]","[['C', 'A', 'D', 'B'], ['C', 'A', 'D', 'B'], ['C', 'A', 'B', 'D']]","{'C': 5, 'A': 4, 'B': 3, 'D': 3}","[0.58, 0.75, 1.0]",3.91
99,"[1, 3, 4]","[3, 3, 4]","[0.54, 0.5, 0.79]","[['C', 'A', 'D', 'B'], ['C', 'A', 'D', 'B'], ['C', 'A', 'D', 'B']]","{'C': 5, 'A': 4, 'D': 4, 'B': 2}","[0.58, 0.88, 1.0]",4.0
99,"[1, 3, 4]","[3, 3, 4]","[0.54, 0.5, 0.79]","[['C', 'A', 'D', 'B'], ['C', 'A', 'D', 'B'], ['C', 'B', 'A', 'D']]","{'C': 5, 'A': 4, 'B': 3, 'D': 3}","[0.58, 0.75, 1.0]",3.91
99,"[1, 3, 4]","[3, 3, 4]","[0.54, 0.5, 0.79]","[['C', 'A', 'D', 'B'], ['C', 'A', 'D', 'B'], ['C', 'D', 'A', 'B']]","{'C': 5, 'A': 4, 'D': 4, 'B': 2}","[0.58, 0.88, 1.0]",4.0
99,"[1, 3, 4]","[3, 3, 4]","[0.54, 0.5, 0.79]","[['C', 'A', 'D', 'B'], ['C', 'A', 'D', 'B'], ['D', 'A', 'C', 'B']]","{'C': 5, 'A': 4, 'D': 4, 'B': 2}","[0.58, 0.88, 1.0]",4.0
99,"[1, 3, 4]","[3, 3, 4]","[0.54, 0.5, 0.79]","[['C', 'A', 'D', 'B'], ['C', 'A', 'D', 'B'], ['D', 'C', 'A', 'B']]","{'C': 5, 'A': 4, 'D': 4, 'B': 2}","[0.58, 0.88, 1.0]",4.0
99,"[1, 3, 4]","[3, 3, 4]","[0.54, 0.5, 0.79]","[['C', 'A', 'D', 'B'], ['C', 'B', 'A', 'D'], ['A', 'B', 'C', 'D']]","{'C': 5, 'A': 4, 'B': 4, 'D': 2}","[0.58, 0.75, 1.0]",3.91
99,"[1, 3, 4]","[3, 3, 4]","[0.54, 0.5, 0.79]","[['C', 'A', 'D', 'B'], ['C', 'B', 'A', 'D'], ['A', 'C', 'B', 'D']]","{'C': 5, 'A': 4, 'B': 4, 'D': 2}","[0.58, 0.75, 1.0]",3.91
99,"[1, 3, 4]","[3, 3, 4]","[0.54, 0.5, 0.79]","[['C', 'A', 'D', 'B'], ['C', 'B', 'A', 'D'], ['A', 'C', 'D', 'B']]","{'C': 5, 'A': 4, 'B': 3, 'D': 3}","[0.58, 0.75, 1.0]",3.91
99,"[1, 3, 4]","[3, 3, 4]","[0.54, 0.5, 0.79]","[['C', 'A', 'D', 'B'], ['C', 'B', 'A', 'D'], ['A', 'D', 'C', 'B']]","{'C': 5, 'A': 4, 'B': 3, 'D': 3}","[0.58, 0.75, 1.0]",3.91
99,"[1, 3, 4]","[3, 3, 4]","[0.54, 0.5, 0.79]","[['C', 'A', 'D', 'B'], ['C', 'B', 'A', 'D'], ['B', 'A', 'C', 'D']]","{'C': 5, 'A': 4, 'B': 4, 'D': 2}","[0.58, 0.75, 1.0]",3.91
99,"[1, 3, 4]","[3, 3, 4]","[0.54, 0.5, 0.79]","[['C', 'A', 'D', 'B'], ['C', 'B', 'A', 'D'], ['B', 'C', 'A', 'D']]","{'C': 5, 'A': 4, 'B': 4, 'D': 2}","[0.58, 0.75, 1.0]",3.91
99,"[1, 3, 4]","[3, 3, 4]","[0.54, 0.5, 0.79]","[['C', 'A', 'D', 'B'], ['C', 'B', 'A', 'D'], ['C', 'A', 'B', 'D']]","{'C': 5, 'A': 4, 'B': 4, 'D': 2}","[0.58, 0.75, 1.0]",3.91
99,"[1, 3, 4]","[3, 3, 4]","[0.54, 0.5, 0.79]","[['C', 'A', 'D', 'B'], ['C', 'B', 'A', 'D'], ['C', 'A', 'D', 'B']]","{'C': 5, 'A': 4, 'B': 3, 'D': 3}","[0.58, 0.75, 1.0]",3.91
99,"[1, 3, 4]","[3, 3, 4]","[0.54, 0.5, 0.79]","[['C', 'A', 'D', 'B'], ['C', 'B', 'A', 'D'], ['C', 'B', 'A', 'D']]","{'C': 5, 'A': 4, 'B': 4, 'D': 2}","[0.58, 0.75, 1.0]",3.91
99,"[1, 3, 4]","[3, 3, 4]","[0.54, 0.5, 0.79]","[['C', 'A', 'D', 'B'], ['C', 'B', 'A', 'D'], ['C', 'D', 'A', 'B']]","{'C': 5, 'A': 4, 'B': 3, 'D': 3}","[0.58, 0.75, 1.0]",3.91
99,"[1, 3, 4]","[3, 3, 4]","[0.54, 0.5, 0.79]","[['C', 'A', 'D', 'B'], ['C', 'B', 'A', 'D'], ['D', 'A', 'C', 'B']]","{'C': 5, 'A': 4, 'B': 3, 'D': 3}","[0.58, 0.75, 1.0]",3.91
99,"[1, 3, 4]","[3, 3, 4]","[0.54, 0.5, 0.79]","[['C', 'A', 'D', 'B'], ['C', 'B', 'A', 'D'], ['D', 'C', 'A', 'B']]","{'C': 5, 'A': 4, 'B': 3, 'D': 3}","[0.58, 0.75, 1.0]",3.91
99,"[1, 3, 4]","[3, 3, 4]","[0.54, 0.5, 0.79]","[['C', 'A', 'D', 'B'], ['C', 'D', 'A', 'B'], ['A', 'B', 'C', 'D']]","{'C': 5, 'A': 4, 'B': 3, 'D': 3}","[0.58, 0.75, 1.0]",3.91
99,"[1, 3, 4]","[3, 3, 4]","[0.54, 0.5, 0.79]","[['C', 'A', 'D', 'B'], ['C', 'D', 'A', 'B'], ['A', 'C', 'B', 'D']]","{'C': 5, 'A': 4, 'B': 3, 'D': 3}","[0.58, 0.75, 1.0]",3.91
99,"[1, 3, 4]","[3, 3, 4]","[0.54, 0.5, 0.79]","[['C', 'A', 'D', 'B'], ['C', 'D', 'A', 'B'], ['A', 'C', 'D', 'B']]","{'C': 5, 'A': 4, 'D': 4, 'B': 2}","[0.58, 0.88, 1.0]",4.0
99,"[1, 3, 4]","[3, 3, 4]","[0.54, 0.5, 0.79]","[['C', 'A', 'D', 'B'], ['C', 'D', 'A', 'B'], ['A', 'D', 'C', 'B']]","{'C': 5, 'A': 4, 'D': 4, 'B': 2}","[0.58, 0.88, 1.0]",4.0
99,"[1, 3, 4]","[3, 3, 4]","[0.54, 0.5, 0.79]","[['C', 'A', 'D', 'B'], ['C', 'D', 'A', 'B'], ['B', 'A', 'C', 'D']]","{'C': 5, 'A': 4, 'B': 3, 'D': 3}","[0.58, 0.75, 1.0]",3.91
99,"[1, 3, 4]","[3, 3, 4]","[0.54, 0.5, 0.79]","[['C', 'A', 'D', 'B'], ['C', 'D', 'A', 'B'], ['B', 'C', 'A', 'D']]","{'C': 5, 'A': 4, 'B': 3, 'D': 3}","[0.58, 0.75, 1.0]",3.91
99,"[1, 3, 4]","[3, 3, 4]","[0.54, 0.5, 0.79]","[['C', 'A', 'D', 'B'], ['C', 'D', 'A', 'B'], ['C', 'A', 'B', 'D']]","{'C': 5, 'A': 4, 'B': 3, 'D': 3}","[0.58, 0.75, 1.0]",3.91
99,"[1, 3, 4]","[3, 3, 4]","[0.54, 0.5, 0.79]","[['C', 'A', 'D', 'B'], ['C', 'D', 'A', 'B'], ['C', 'A', 'D', 'B']]","{'C': 5, 'A': 4, 'D': 4, 'B': 2}","[0.58, 0.88, 1.0]",4.0
99,"[1, 3, 4]","[3, 3, 4]","[0.54, 0.5, 0.79]","[['C', 'A', 'D', 'B'], ['C', 'D', 'A', 'B'], ['C', 'B', 'A', 'D']]","{'C': 5, 'A': 4, 'B': 3, 'D': 3}","[0.58, 0.75, 1.0]",3.91
99,"[1, 3, 4]","[3, 3, 4]","[0.54, 0.5, 0.79]","[['C', 'A', 'D', 'B'], ['C', 'D', 'A', 'B'], ['C', 'D', 'A', 'B']]","{'C': 5, 'A': 4, 'D': 4, 'B': 2}","[0.58, 0.88, 1.0]",4.0
99,"[1, 3, 4]","[3, 3, 4]","[0.54, 0.5, 0.79]","[['C', 'A', 'D', 'B'], ['C', 'D', 'A', 'B'], ['D', 'A', 'C', 'B']]","{'C': 5, 'A': 4, 'D': 4, 'B': 2}","[0.58, 0.88, 1.0]",4.0
99,"[1, 3, 4]","[3, 3, 4]","[0.54, 0.5, 0.79]","[['C', 'A', 'D', 'B'], ['C', 'D', 'A', 'B'], ['D', 'C', 'A', 'B']]","{'C': 5, 'A': 4, 'D': 4, 'B': 2}","[0.58, 0.88, 1.0]",4.0
99,"[1, 3, 4]","[3, 3, 4]","[0.54, 0.5, 0.79]","[['C', 'A', 'D', 'B'], ['D', 'A', 'C', 'B'], ['A', 'B', 'C', 'D']]","{'C': 5, 'A': 4, 'B': 3, 'D': 3}","[0.58, 0.75, 1.0]",3.91
99,"[1, 3, 4]","[3, 3, 4]","[0.54, 0.5, 0.79]","[['C', 'A', 'D', 'B'], ['D', 'A', 'C', 'B'], ['A', 'C', 'B', 'D']]","{'C': 5, 'A': 4, 'B': 3, 'D': 3}","[0.58, 0.75, 1.0]",3.91
99,"[1, 3, 4]","[3, 3, 4]","[0.54, 0.5, 0.79]","[['C', 'A', 'D', 'B'], ['D', 'A', 'C', 'B'], ['A', 'C', 'D', 'B']]","{'C': 5, 'A': 4, 'D': 4, 'B': 2}","[0.58, 0.88, 1.0]",4.0
99,"[1, 3, 4]","[3, 3, 4]","[0.54, 0.5, 0.79]","[['C', 'A', 'D', 'B'], ['D', 'A', 'C', 'B'], ['A', 'D', 'C', 'B']]","{'C': 5, 'A': 4, 'D': 4, 'B': 2}","[0.58, 0.88, 1.0]",4.0
99,"[1, 3, 4]","[3, 3, 4]","[0.54, 0.5, 0.79]","[['C', 'A', 'D', 'B'], ['D', 'A', 'C', 'B'], ['B', 'A', 'C', 'D']]","{'C': 5, 'A': 4, 'B': 3, 'D': 3}","[0.58, 0.75, 1.0]",3.91
99,"[1, 3, 4]","[3, 3, 4]","[0.54, 0.5, 0.79]","[['C', 'A', 'D', 'B'], ['D', 'A', 'C', 'B'], ['B', 'C', 'A', 'D']]","{'C': 5, 'A': 4, 'B': 3, 'D': 3}","[0.58, 0.75, 1.0]",3.91
99,"[1, 3, 4]","[3, 3, 4]","[0.54, 0.5, 0.79]","[['C', 'A', 'D', 'B'], ['D', 'A', 'C', 'B'], ['C', 'A', 'B', 'D']]","{'C': 5, 'A': 4, 'B': 3, 'D': 3}","[0.58, 0.75, 1.0]",3.91
99,"[1, 3, 4]","[3, 3, 4]","[0.54, 0.5, 0.79]","[['C', 'A', 'D', 'B'], ['D', 'A', 'C', 'B'], ['C', 'A', 'D', 'B']]","{'C': 5, 'A': 4, 'D': 4, 'B': 2}","[0.58, 0.88, 1.0]",4.0
99,"[1, 3, 4]","[3, 3, 4]","[0.54, 0.5, 0.79]","[['C', 'A', 'D', 'B'], ['D', 'A', 'C', 'B'], ['C', 'B', 'A', 'D']]","{'C': 5, 'A': 4, 'B': 3, 'D': 3}","[0.58, 0.75, 1.0]",3.91
99,"[1, 3, 4]","[3, 3, 4]","[0.54, 0.5, 0.79]","[['C', 'A', 'D', 'B'], ['D', 'A', 'C', 'B'], ['C', 'D', 'A', 'B']]","{'C': 5, 'A': 4, 'D': 4, 'B': 2}","[0.58, 0.88, 1.0]",4.0
99,"[1, 3, 4]","[3, 3, 4]","[0.54, 0.5, 0.79]","[['C', 'A', 'D', 'B'], ['D', 'A', 'C', 'B'], ['D', 'A', 'C', 'B']]","{'C': 5, 'A': 4, 'D': 4, 'B': 2}","[0.58, 0.88, 1.0]",4.0
99,"[1, 3, 4]","[3, 3, 4]","[0.54, 0.5, 0.79]","[['C', 'A', 'D', 'B'], ['D', 'A', 'C', 'B'], ['D', 'C', 'A', 'B']]","{'C': 5, 'A': 4, 'D': 4, 'B': 2}","[0.58, 0.88, 1.0]",4.0
99,"[1, 3, 4]","[3, 3, 4]","[0.54, 0.5, 0.79]","[['C', 'A', 'D', 'B'], ['D', 'C', 'A', 'B'], ['A', 'B', 'C', 'D']]","{'C': 5, 'A': 4, 'B': 3, 'D': 3}","[0.58, 0.75, 1.0]",3.91
99,"[1, 3, 4]","[3, 3, 4]","[0.54, 0.5, 0.79]","[['C', 'A', 'D', 'B'], ['D', 'C', 'A', 'B'], ['A', 'C', 'B', 'D']]","{'C': 5, 'A': 4, 'B': 3, 'D': 3}","[0.58, 0.75, 1.0]",3.91
99,"[1, 3, 4]","[3, 3, 4]","[0.54, 0.5, 0.79]","[['C', 'A', 'D', 'B'], ['D', 'C', 'A', 'B'], ['A', 'C', 'D', 'B']]","{'C': 5, 'A': 4, 'D': 4, 'B': 2}","[0.58, 0.88, 1.0]",4.0
99,"[1, 3, 4]","[3, 3, 4]","[0.54, 0.5, 0.79]","[['C', 'A', 'D', 'B'], ['D', 'C', 'A', 'B'], ['A', 'D', 'C', 'B']]","{'C': 5, 'A': 4, 'D': 4, 'B': 2}","[0.58, 0.88, 1.0]",4.0
99,"[1, 3, 4]","[3, 3, 4]","[0.54, 0.5, 0.79]","[['C', 'A', 'D', 'B'], ['D', 'C', 'A', 'B'], ['B', 'A', 'C', 'D']]","{'C': 5, 'A': 4, 'B': 3, 'D': 3}","[0.58, 0.75, 1.0]",3.91
99,"[1, 3, 4]","[3, 3, 4]","[0.54, 0.5, 0.79]","[['C', 'A', 'D', 'B'], ['D', 'C', 'A', 'B'], ['B', 'C', 'A', 'D']]","{'C': 5, 'A': 4, 'B': 3, 'D': 3}","[0.58, 0.75, 1.0]",3.91
99,"[1, 3, 4]","[3, 3, 4]","[0.54, 0.5, 0.79]","[['C', 'A', 'D', 'B'], ['D', 'C', 'A', 'B'], ['C', 'A', 'B', 'D']]","{'C': 5, 'A': 4, 'B': 3, 'D': 3}","[0.58, 0.75, 1.0]",3.91
99,"[1, 3, 4]","[3, 3, 4]","[0.54, 0.5, 0.79]","[['C', 'A', 'D', 'B'], ['D', 'C', 'A', 'B'], ['C', 'A', 'D', 'B']]","{'C': 5, 'A': 4, 'D': 4, 'B': 2}","[0.58, 0.88, 1.0]",4.0
99,"[1, 3, 4]","[3, 3, 4]","[0.54, 0.5, 0.79]","[['C', 'A', 'D', 'B'], ['D', 'C', 'A', 'B'], ['C', 'B', 'A', 'D']]","{'C': 5, 'A': 4, 'B': 3, 'D': 3}","[0.58, 0.75, 1.0]",3.91
99,"[1, 3, 4]","[3, 3, 4]","[0.54, 0.5, 0.79]","[['C', 'A', 'D', 'B'], ['D', 'C', 'A', 'B'], ['C', 'D', 'A', 'B']]","{'C': 5, 'A': 4, 'D': 4, 'B': 2}","[0.58, 0.88, 1.0]",4.0
99,"[1, 3, 4]","[3, 3, 4]","[0.54, 0.5, 0.79]","[['C', 'A', 'D', 'B'], ['D', 'C', 'A', 'B'], ['D', 'A', 'C', 'B']]","{'C': 5, 'A': 4, 'D': 4, 'B': 2}","[0.58, 0.88, 1.0]",4.0
99,"[1, 3, 4]","[3, 3, 4]","[0.54, 0.5, 0.79]","[['C', 'A', 'D', 'B'], ['D', 'C', 'A', 'B'], ['D', 'C', 'A', 'B']]","{'C': 5, 'A': 4, 'D': 4, 'B': 2}","[0.58, 0.88, 1.0]",4.0
99,"[1, 3, 4]","[3, 3, 4]","[0.54, 0.5, 0.79]","[['C', 'B', 'A', 'D'], ['A', 'B', 'C', 'D'], ['A', 'C', 'D', 'B']]","{'C': 5, 'A': 4, 'B': 4, 'D': 2}","[0.58, 0.75, 1.0]",3.91
99,"[1, 3, 4]","[3, 3, 4]","[0.54, 0.5, 0.79]","[['C', 'B', 'A', 'D'], ['A', 'B', 'C', 'D'], ['A', 'D', 'C', 'B']]","{'C': 5, 'A': 4, 'B': 4, 'D': 2}","[0.58, 0.75, 1.0]",3.91
99,"[1, 3, 4]","[3, 3, 4]","[0.54, 0.5, 0.79]","[['C', 'B', 'A', 'D'], ['A', 'B', 'C', 'D'], ['C', 'A', 'D', 'B']]","{'C': 5, 'A': 4, 'B': 4, 'D': 2}","[0.58, 0.75, 1.0]",3.91
99,"[1, 3, 4]","[3, 3, 4]","[0.54, 0.5, 0.79]","[['C', 'B', 'A', 'D'], ['A', 'B', 'C', 'D'], ['C', 'D', 'A', 'B']]","{'C': 5, 'A': 4, 'B': 4, 'D': 2}","[0.58, 0.75, 1.0]",3.91
99,"[1, 3, 4]","[3, 3, 4]","[0.54, 0.5, 0.79]","[['C', 'B', 'A', 'D'], ['A', 'B', 'C', 'D'], ['D', 'A', 'C', 'B']]","{'C': 5, 'A': 4, 'B': 4, 'D': 2}","[0.58, 0.75, 1.0]",3.91
99,"[1, 3, 4]","[3, 3, 4]","[0.54, 0.5, 0.79]","[['C', 'B', 'A', 'D'], ['A', 'B', 'C', 'D'], ['D', 'C', 'A', 'B']]","{'C': 5, 'A': 4, 'B': 4, 'D': 2}","[0.58, 0.75, 1.0]",3.91
99,"[1, 3, 4]","[3, 3, 4]","[0.54, 0.5, 0.79]","[['C', 'B', 'A', 'D'], ['A', 'C', 'B', 'D'], ['A', 'C', 'D', 'B']]","{'C': 5, 'A': 4, 'B': 4, 'D': 2}","[0.58, 0.75, 1.0]",3.91
99,"[1, 3, 4]","[3, 3, 4]","[0.54, 0.5, 0.79]","[['C', 'B', 'A', 'D'], ['A', 'C', 'B', 'D'], ['A', 'D', 'C', 'B']]","{'C': 5, 'A': 4, 'B': 4, 'D': 2}","[0.58, 0.75, 1.0]",3.91
99,"[1, 3, 4]","[3, 3, 4]","[0.54, 0.5, 0.79]","[['C', 'B', 'A', 'D'], ['A', 'C', 'B', 'D'], ['C', 'A', 'D', 'B']]","{'C': 5, 'A': 4, 'B': 4, 'D': 2}","[0.58, 0.75, 1.0]",3.91
99,"[1, 3, 4]","[3, 3, 4]","[0.54, 0.5, 0.79]","[['C', 'B', 'A', 'D'], ['A', 'C', 'B', 'D'], ['C', 'D', 'A', 'B']]","{'C': 5, 'A': 4, 'B': 4, 'D': 2}","[0.58, 0.75, 1.0]",3.91
99,"[1, 3, 4]","[3, 3, 4]","[0.54, 0.5, 0.79]","[['C', 'B', 'A', 'D'], ['A', 'C', 'B', 'D'], ['D', 'A', 'C', 'B']]","{'C': 5, 'A': 4, 'B': 4, 'D': 2}","[0.58, 0.75, 1.0]",3.91
99,"[1, 3, 4]","[3, 3, 4]","[0.54, 0.5, 0.79]","[['C', 'B', 'A', 'D'], ['A', 'C', 'B', 'D'], ['D', 'C', 'A', 'B']]","{'C': 5, 'A': 4, 'B': 4, 'D': 2}","[0.58, 0.75, 1.0]",3.91
99,"[1, 3, 4]","[3, 3, 4]","[0.54, 0.5, 0.79]","[['C', 'B', 'A', 'D'], ['A', 'C', 'D', 'B'], ['A', 'B', 'C', 'D']]","{'C': 5, 'A': 4, 'B': 4, 'D': 2}","[0.58, 0.75, 1.0]",3.91
99,"[1, 3, 4]","[3, 3, 4]","[0.54, 0.5, 0.79]","[['C', 'B', 'A', 'D'], ['A', 'C', 'D', 'B'], ['A', 'C', 'B', 'D']]","{'C': 5, 'A': 4, 'B': 4, 'D': 2}","[0.58, 0.75, 1.0]",3.91
99,"[1, 3, 4]","[3, 3, 4]","[0.54, 0.5, 0.79]","[['C', 'B', 'A', 'D'], ['A', 'C', 'D', 'B'], ['A', 'C', 'D', 'B']]","{'C': 5, 'A': 4, 'B': 3, 'D': 3}","[0.58, 0.75, 1.0]",3.91
99,"[1, 3, 4]","[3, 3, 4]","[0.54, 0.5, 0.79]","[['C', 'B', 'A', 'D'], ['A', 'C', 'D', 'B'], ['A', 'D', 'C', 'B']]","{'C': 5, 'A': 4, 'B': 3, 'D': 3}","[0.58, 0.75, 1.0]",3.91
99,"[1, 3, 4]","[3, 3, 4]","[0.54, 0.5, 0.79]","[['C', 'B', 'A', 'D'], ['A', 'C', 'D', 'B'], ['B', 'A', 'C', 'D']]","{'C': 5, 'A': 4, 'B': 4, 'D': 2}","[0.58, 0.75, 1.0]",3.91
99,"[1, 3, 4]","[3, 3, 4]","[0.54, 0.5, 0.79]","[['C', 'B', 'A', 'D'], ['A', 'C', 'D', 'B'], ['B', 'C', 'A', 'D']]","{'C': 5, 'A': 4, 'B': 4, 'D': 2}","[0.58, 0.75, 1.0]",3.91
99,"[1, 3, 4]","[3, 3, 4]","[0.54, 0.5, 0.79]","[['C', 'B', 'A', 'D'], ['A', 'C', 'D', 'B'], ['C', 'A', 'B', 'D']]","{'C': 5, 'A': 4, 'B': 4, 'D': 2}","[0.58, 0.75, 1.0]",3.91
99,"[1, 3, 4]","[3, 3, 4]","[0.54, 0.5, 0.79]","[['C', 'B', 'A', 'D'], ['A', 'C', 'D', 'B'], ['C', 'A', 'D', 'B']]","{'C': 5, 'A': 4, 'B': 3, 'D': 3}","[0.58, 0.75, 1.0]",3.91
99,"[1, 3, 4]","[3, 3, 4]","[0.54, 0.5, 0.79]","[['C', 'B', 'A', 'D'], ['A', 'C', 'D', 'B'], ['C', 'B', 'A', 'D']]","{'C': 5, 'A': 4, 'B': 4, 'D': 2}","[0.58, 0.75, 1.0]",3.91
99,"[1, 3, 4]","[3, 3, 4]","[0.54, 0.5, 0.79]","[['C', 'B', 'A', 'D'], ['A', 'C', 'D', 'B'], ['C', 'D', 'A', 'B']]","{'C': 5, 'A': 4, 'B': 3, 'D': 3}","[0.58, 0.75, 1.0]",3.91
99,"[1, 3, 4]","[3, 3, 4]","[0.54, 0.5, 0.79]","[['C', 'B', 'A', 'D'], ['A', 'C', 'D', 'B'], ['D', 'A', 'C', 'B']]","{'C': 5, 'A': 4, 'B': 3, 'D': 3}","[0.58, 0.75, 1.0]",3.91
99,"[1, 3, 4]","[3, 3, 4]","[0.54, 0.5, 0.79]","[['C', 'B', 'A', 'D'], ['A', 'C', 'D', 'B'], ['D', 'C', 'A', 'B']]","{'C': 5, 'A': 4, 'B': 3, 'D': 3}","[0.58, 0.75, 1.0]",3.91
99,"[1, 3, 4]","[3, 3, 4]","[0.54, 0.5, 0.79]","[['C', 'B', 'A', 'D'], ['A', 'D', 'C', 'B'], ['A', 'B', 'C', 'D']]","{'C': 5, 'A': 4, 'B': 4, 'D': 2}","[0.58, 0.75, 1.0]",3.91
99,"[1, 3, 4]","[3, 3, 4]","[0.54, 0.5, 0.79]","[['C', 'B', 'A', 'D'], ['A', 'D', 'C', 'B'], ['A', 'C', 'B', 'D']]","{'C': 5, 'A': 4, 'B': 4, 'D': 2}","[0.58, 0.75, 1.0]",3.91
99,"[1, 3, 4]","[3, 3, 4]","[0.54, 0.5, 0.79]","[['C', 'B', 'A', 'D'], ['A', 'D', 'C', 'B'], ['A', 'C', 'D', 'B']]","{'C': 5, 'A': 4, 'B': 3, 'D': 3}","[0.58, 0.75, 1.0]",3.91
99,"[1, 3, 4]","[3, 3, 4]","[0.54, 0.5, 0.79]","[['C', 'B', 'A', 'D'], ['A', 'D', 'C', 'B'], ['A', 'D', 'C', 'B']]","{'C': 5, 'A': 4, 'B': 3, 'D': 3}","[0.58, 0.75, 1.0]",3.91
99,"[1, 3, 4]","[3, 3, 4]","[0.54, 0.5, 0.79]","[['C', 'B', 'A', 'D'], ['A', 'D', 'C', 'B'], ['B', 'A', 'C', 'D']]","{'C': 5, 'A': 4, 'B': 4, 'D': 2}","[0.58, 0.75, 1.0]",3.91
99,"[1, 3, 4]","[3, 3, 4]","[0.54, 0.5, 0.79]","[['C', 'B', 'A', 'D'], ['A', 'D', 'C', 'B'], ['B', 'C', 'A', 'D']]","{'C': 5, 'A': 4, 'B': 4, 'D': 2}","[0.58, 0.75, 1.0]",3.91
99,"[1, 3, 4]","[3, 3, 4]","[0.54, 0.5, 0.79]","[['C', 'B', 'A', 'D'], ['A', 'D', 'C', 'B'], ['C', 'A', 'B', 'D']]","{'C': 5, 'A': 4, 'B': 4, 'D': 2}","[0.58, 0.75, 1.0]",3.91
99,"[1, 3, 4]","[3, 3, 4]","[0.54, 0.5, 0.79]","[['C', 'B', 'A', 'D'], ['A', 'D', 'C', 'B'], ['C', 'A', 'D', 'B']]","{'C': 5, 'A': 4, 'B': 3, 'D': 3}","[0.58, 0.75, 1.0]",3.91
99,"[1, 3, 4]","[3, 3, 4]","[0.54, 0.5, 0.79]","[['C', 'B', 'A', 'D'], ['A', 'D', 'C', 'B'], ['C', 'B', 'A', 'D']]","{'C': 5, 'A': 4, 'B': 4, 'D': 2}","[0.58, 0.75, 1.0]",3.91
99,"[1, 3, 4]","[3, 3, 4]","[0.54, 0.5, 0.79]","[['C', 'B', 'A', 'D'], ['A', 'D', 'C', 'B'], ['C', 'D', 'A', 'B']]","{'C': 5, 'A': 4, 'B': 3, 'D': 3}","[0.58, 0.75, 1.0]",3.91
99,"[1, 3, 4]","[3, 3, 4]","[0.54, 0.5, 0.79]","[['C', 'B', 'A', 'D'], ['A', 'D', 'C', 'B'], ['D', 'A', 'C', 'B']]","{'C': 5, 'A': 4, 'B': 3, 'D': 3}","[0.58, 0.75, 1.0]",3.91
99,"[1, 3, 4]","[3, 3, 4]","[0.54, 0.5, 0.79]","[['C', 'B', 'A', 'D'], ['A', 'D', 'C', 'B'], ['D', 'C', 'A', 'B']]","{'C': 5, 'A': 4, 'B': 3, 'D': 3}","[0.58, 0.75, 1.0]",3.91
99,"[1, 3, 4]","[3, 3, 4]","[0.54, 0.5, 0.79]","[['C', 'B', 'A', 'D'], ['B', 'A', 'C', 'D'], ['A', 'C', 'D', 'B']]","{'C': 5, 'A': 4, 'B': 4, 'D': 2}","[0.58, 0.75, 1.0]",3.91
99,"[1, 3, 4]","[3, 3, 4]","[0.54, 0.5, 0.79]","[['C', 'B', 'A', 'D'], ['B', 'A', 'C', 'D'], ['A', 'D', 'C', 'B']]","{'C': 5, 'A': 4, 'B': 4, 'D': 2}","[0.58, 0.75, 1.0]",3.91
99,"[1, 3, 4]","[3, 3, 4]","[0.54, 0.5, 0.79]","[['C', 'B', 'A', 'D'], ['B', 'A', 'C', 'D'], ['C', 'A', 'D', 'B']]","{'C': 5, 'A': 4, 'B': 4, 'D': 2}","[0.58, 0.75, 1.0]",3.91
99,"[1, 3, 4]","[3, 3, 4]","[0.54, 0.5, 0.79]","[['C', 'B', 'A', 'D'], ['B', 'A', 'C', 'D'], ['C', 'D', 'A', 'B']]","{'C': 5, 'A': 4, 'B': 4, 'D': 2}","[0.58, 0.75, 1.0]",3.91
99,"[1, 3, 4]","[3, 3, 4]","[0.54, 0.5, 0.79]","[['C', 'B', 'A', 'D'], ['B', 'A', 'C', 'D'], ['D', 'A', 'C', 'B']]","{'C': 5, 'A': 4, 'B': 4, 'D': 2}","[0.58, 0.75, 1.0]",3.91
99,"[1, 3, 4]","[3, 3, 4]","[0.54, 0.5, 0.79]","[['C', 'B', 'A', 'D'], ['B', 'A', 'C', 'D'], ['D', 'C', 'A', 'B']]","{'C': 5, 'A': 4, 'B': 4, 'D': 2}","[0.58, 0.75, 1.0]",3.91
99,"[1, 3, 4]","[3, 3, 4]","[0.54, 0.5, 0.79]","[['C', 'B', 'A', 'D'], ['B', 'C', 'A', 'D'], ['A', 'C', 'D', 'B']]","{'C': 5, 'A': 4, 'B': 4, 'D': 2}","[0.58, 0.75, 1.0]",3.91
99,"[1, 3, 4]","[3, 3, 4]","[0.54, 0.5, 0.79]","[['C', 'B', 'A', 'D'], ['B', 'C', 'A', 'D'], ['A', 'D', 'C', 'B']]","{'C': 5, 'A': 4, 'B': 4, 'D': 2}","[0.58, 0.75, 1.0]",3.91
99,"[1, 3, 4]","[3, 3, 4]","[0.54, 0.5, 0.79]","[['C', 'B', 'A', 'D'], ['B', 'C', 'A', 'D'], ['C', 'A', 'D', 'B']]","{'C': 5, 'A': 4, 'B': 4, 'D': 2}","[0.58, 0.75, 1.0]",3.91
99,"[1, 3, 4]","[3, 3, 4]","[0.54, 0.5, 0.79]","[['C', 'B', 'A', 'D'], ['B', 'C', 'A', 'D'], ['C', 'D', 'A', 'B']]","{'C': 5, 'A': 4, 'B': 4, 'D': 2}","[0.58, 0.75, 1.0]",3.91
99,"[1, 3, 4]","[3, 3, 4]","[0.54, 0.5, 0.79]","[['C', 'B', 'A', 'D'], ['B', 'C', 'A', 'D'], ['D', 'A', 'C', 'B']]","{'C': 5, 'A': 4, 'B': 4, 'D': 2}","[0.58, 0.75, 1.0]",3.91
99,"[1, 3, 4]","[3, 3, 4]","[0.54, 0.5, 0.79]","[['C', 'B', 'A', 'D'], ['B', 'C', 'A', 'D'], ['D', 'C', 'A', 'B']]","{'C': 5, 'A': 4, 'B': 4, 'D': 2}","[0.58, 0.75, 1.0]",3.91
99,"[1, 3, 4]","[3, 3, 4]","[0.54, 0.5, 0.79]","[['C', 'B', 'A', 'D'], ['C', 'A', 'B', 'D'], ['A', 'C', 'D', 'B']]","{'C': 5, 'A': 4, 'B': 4, 'D': 2}","[0.58, 0.75, 1.0]",3.91
99,"[1, 3, 4]","[3, 3, 4]","[0.54, 0.5, 0.79]","[['C', 'B', 'A', 'D'], ['C', 'A', 'B', 'D'], ['A', 'D', 'C', 'B']]","{'C': 5, 'A': 4, 'B': 4, 'D': 2}","[0.58, 0.75, 1.0]",3.91
99,"[1, 3, 4]","[3, 3, 4]","[0.54, 0.5, 0.79]","[['C', 'B', 'A', 'D'], ['C', 'A', 'B', 'D'], ['C', 'A', 'D', 'B']]","{'C': 5, 'A': 4, 'B': 4, 'D': 2}","[0.58, 0.75, 1.0]",3.91
99,"[1, 3, 4]","[3, 3, 4]","[0.54, 0.5, 0.79]","[['C', 'B', 'A', 'D'], ['C', 'A', 'B', 'D'], ['C', 'D', 'A', 'B']]","{'C': 5, 'A': 4, 'B': 4, 'D': 2}","[0.58, 0.75, 1.0]",3.91
99,"[1, 3, 4]","[3, 3, 4]","[0.54, 0.5, 0.79]","[['C', 'B', 'A', 'D'], ['C', 'A', 'B', 'D'], ['D', 'A', 'C', 'B']]","{'C': 5, 'A': 4, 'B': 4, 'D': 2}","[0.58, 0.75, 1.0]",3.91
99,"[1, 3, 4]","[3, 3, 4]","[0.54, 0.5, 0.79]","[['C', 'B', 'A', 'D'], ['C', 'A', 'B', 'D'], ['D', 'C', 'A', 'B']]","{'C': 5, 'A': 4, 'B': 4, 'D': 2}","[0.58, 0.75, 1.0]",3.91
99,"[1, 3, 4]","[3, 3, 4]","[0.54, 0.5, 0.79]","[['C', 'B', 'A', 'D'], ['C', 'A', 'D', 'B'], ['A', 'B', 'C', 'D']]","{'C': 5, 'A': 4, 'B': 4, 'D': 2}","[0.58, 0.75, 1.0]",3.91
99,"[1, 3, 4]","[3, 3, 4]","[0.54, 0.5, 0.79]","[['C', 'B', 'A', 'D'], ['C', 'A', 'D', 'B'], ['A', 'C', 'B', 'D']]","{'C': 5, 'A': 4, 'B': 4, 'D': 2}","[0.58, 0.75, 1.0]",3.91
99,"[1, 3, 4]","[3, 3, 4]","[0.54, 0.5, 0.79]","[['C', 'B', 'A', 'D'], ['C', 'A', 'D', 'B'], ['A', 'C', 'D', 'B']]","{'C': 5, 'A': 4, 'B': 3, 'D': 3}","[0.58, 0.75, 1.0]",3.91
99,"[1, 3, 4]","[3, 3, 4]","[0.54, 0.5, 0.79]","[['C', 'B', 'A', 'D'], ['C', 'A', 'D', 'B'], ['A', 'D', 'C', 'B']]","{'C': 5, 'A': 4, 'B': 3, 'D': 3}","[0.58, 0.75, 1.0]",3.91
99,"[1, 3, 4]","[3, 3, 4]","[0.54, 0.5, 0.79]","[['C', 'B', 'A', 'D'], ['C', 'A', 'D', 'B'], ['B', 'A', 'C', 'D']]","{'C': 5, 'A': 4, 'B': 4, 'D': 2}","[0.58, 0.75, 1.0]",3.91
99,"[1, 3, 4]","[3, 3, 4]","[0.54, 0.5, 0.79]","[['C', 'B', 'A', 'D'], ['C', 'A', 'D', 'B'], ['B', 'C', 'A', 'D']]","{'C': 5, 'A': 4, 'B': 4, 'D': 2}","[0.58, 0.75, 1.0]",3.91
99,"[1, 3, 4]","[3, 3, 4]","[0.54, 0.5, 0.79]","[['C', 'B', 'A', 'D'], ['C', 'A', 'D', 'B'], ['C', 'A', 'B', 'D']]","{'C': 5, 'A': 4, 'B': 4, 'D': 2}","[0.58, 0.75, 1.0]",3.91
99,"[1, 3, 4]","[3, 3, 4]","[0.54, 0.5, 0.79]","[['C', 'B', 'A', 'D'], ['C', 'A', 'D', 'B'], ['C', 'A', 'D', 'B']]","{'C': 5, 'A': 4, 'B': 3, 'D': 3}","[0.58, 0.75, 1.0]",3.91
99,"[1, 3, 4]","[3, 3, 4]","[0.54, 0.5, 0.79]","[['C', 'B', 'A', 'D'], ['C', 'A', 'D', 'B'], ['C', 'B', 'A', 'D']]","{'C': 5, 'A': 4, 'B': 4, 'D': 2}","[0.58, 0.75, 1.0]",3.91
99,"[1, 3, 4]","[3, 3, 4]","[0.54, 0.5, 0.79]","[['C', 'B', 'A', 'D'], ['C', 'A', 'D', 'B'], ['C', 'D', 'A', 'B']]","{'C': 5, 'A': 4, 'B': 3, 'D': 3}","[0.58, 0.75, 1.0]",3.91
99,"[1, 3, 4]","[3, 3, 4]","[0.54, 0.5, 0.79]","[['C', 'B', 'A', 'D'], ['C', 'A', 'D', 'B'], ['D', 'A', 'C', 'B']]","{'C': 5, 'A': 4, 'B': 3, 'D': 3}","[0.58, 0.75, 1.0]",3.91
99,"[1, 3, 4]","[3, 3, 4]","[0.54, 0.5, 0.79]","[['C', 'B', 'A', 'D'], ['C', 'A', 'D', 'B'], ['D', 'C', 'A', 'B']]","{'C': 5, 'A': 4, 'B': 3, 'D': 3}","[0.58, 0.75, 1.0]",3.91
99,"[1, 3, 4]","[3, 3, 4]","[0.54, 0.5, 0.79]","[['C', 'B', 'A', 'D'], ['C', 'B', 'A', 'D'], ['A', 'C', 'D', 'B']]","{'C': 5, 'A': 4, 'B': 4, 'D': 2}","[0.58, 0.75, 1.0]",3.91
99,"[1, 3, 4]","[3, 3, 4]","[0.54, 0.5, 0.79]","[['C', 'B', 'A', 'D'], ['C', 'B', 'A', 'D'], ['A', 'D', 'C', 'B']]","{'C': 5, 'A': 4, 'B': 4, 'D': 2}","[0.58, 0.75, 1.0]",3.91
99,"[1, 3, 4]","[3, 3, 4]","[0.54, 0.5, 0.79]","[['C', 'B', 'A', 'D'], ['C', 'B', 'A', 'D'], ['C', 'A', 'D', 'B']]","{'C': 5, 'A': 4, 'B': 4, 'D': 2}","[0.58, 0.75, 1.0]",3.91
99,"[1, 3, 4]","[3, 3, 4]","[0.54, 0.5, 0.79]","[['C', 'B', 'A', 'D'], ['C', 'B', 'A', 'D'], ['C', 'D', 'A', 'B']]","{'C': 5, 'A': 4, 'B': 4, 'D': 2}","[0.58, 0.75, 1.0]",3.91
99,"[1, 3, 4]","[3, 3, 4]","[0.54, 0.5, 0.79]","[['C', 'B', 'A', 'D'], ['C', 'B', 'A', 'D'], ['D', 'A', 'C', 'B']]","{'C': 5, 'A': 4, 'B': 4, 'D': 2}","[0.58, 0.75, 1.0]",3.91
99,"[1, 3, 4]","[3, 3, 4]","[0.54, 0.5, 0.79]","[['C', 'B', 'A', 'D'], ['C', 'B', 'A', 'D'], ['D', 'C', 'A', 'B']]","{'C': 5, 'A': 4, 'B': 4, 'D': 2}","[0.58, 0.75, 1.0]",3.91
99,"[1, 3, 4]","[3, 3, 4]","[0.54, 0.5, 0.79]","[['C', 'B', 'A', 'D'], ['C', 'D', 'A', 'B'], ['A', 'B', 'C', 'D']]","{'C': 5, 'A': 4, 'B': 4, 'D': 2}","[0.58, 0.75, 1.0]",3.91
99,"[1, 3, 4]","[3, 3, 4]","[0.54, 0.5, 0.79]","[['C', 'B', 'A', 'D'], ['C', 'D', 'A', 'B'], ['A', 'C', 'B', 'D']]","{'C': 5, 'A': 4, 'B': 4, 'D': 2}","[0.58, 0.75, 1.0]",3.91
99,"[1, 3, 4]","[3, 3, 4]","[0.54, 0.5, 0.79]","[['C', 'B', 'A', 'D'], ['C', 'D', 'A', 'B'], ['A', 'C', 'D', 'B']]","{'C': 5, 'A': 4, 'B': 3, 'D': 3}","[0.58, 0.75, 1.0]",3.91
99,"[1, 3, 4]","[3, 3, 4]","[0.54, 0.5, 0.79]","[['C', 'B', 'A', 'D'], ['C', 'D', 'A', 'B'], ['A', 'D', 'C', 'B']]","{'C': 5, 'A': 4, 'B': 3, 'D': 3}","[0.58, 0.75, 1.0]",3.91
99,"[1, 3, 4]","[3, 3, 4]","[0.54, 0.5, 0.79]","[['C', 'B', 'A', 'D'], ['C', 'D', 'A', 'B'], ['B', 'A', 'C', 'D']]","{'C': 5, 'A': 4, 'B': 4, 'D': 2}","[0.58, 0.75, 1.0]",3.91
99,"[1, 3, 4]","[3, 3, 4]","[0.54, 0.5, 0.79]","[['C', 'B', 'A', 'D'], ['C', 'D', 'A', 'B'], ['B', 'C', 'A', 'D']]","{'C': 5, 'A': 4, 'B': 4, 'D': 2}","[0.58, 0.75, 1.0]",3.91
99,"[1, 3, 4]","[3, 3, 4]","[0.54, 0.5, 0.79]","[['C', 'B', 'A', 'D'], ['C', 'D', 'A', 'B'], ['C', 'A', 'B', 'D']]","{'C': 5, 'A': 4, 'B': 4, 'D': 2}","[0.58, 0.75, 1.0]",3.91
99,"[1, 3, 4]","[3, 3, 4]","[0.54, 0.5, 0.79]","[['C', 'B', 'A', 'D'], ['C', 'D', 'A', 'B'], ['C', 'A', 'D', 'B']]","{'C': 5, 'A': 4, 'B': 3, 'D': 3}","[0.58, 0.75, 1.0]",3.91
99,"[1, 3, 4]","[3, 3, 4]","[0.54, 0.5, 0.79]","[['C', 'B', 'A', 'D'], ['C', 'D', 'A', 'B'], ['C', 'B', 'A', 'D']]","{'C': 5, 'A': 4, 'B': 4, 'D': 2}","[0.58, 0.75, 1.0]",3.91
99,"[1, 3, 4]","[3, 3, 4]","[0.54, 0.5, 0.79]","[['C', 'B', 'A', 'D'], ['C', 'D', 'A', 'B'], ['C', 'D', 'A', 'B']]","{'C': 5, 'A': 4, 'B': 3, 'D': 3}","[0.58, 0.75, 1.0]",3.91
99,"[1, 3, 4]","[3, 3, 4]","[0.54, 0.5, 0.79]","[['C', 'B', 'A', 'D'], ['C', 'D', 'A', 'B'], ['D', 'A', 'C', 'B']]","{'C': 5, 'A': 4, 'B': 3, 'D': 3}","[0.58, 0.75, 1.0]",3.91
99,"[1, 3, 4]","[3, 3, 4]","[0.54, 0.5, 0.79]","[['C', 'B', 'A', 'D'], ['C', 'D', 'A', 'B'], ['D', 'C', 'A', 'B']]","{'C': 5, 'A': 4, 'B': 3, 'D': 3}","[0.58, 0.75, 1.0]",3.91
99,"[1, 3, 4]","[3, 3, 4]","[0.54, 0.5, 0.79]","[['C', 'B', 'A', 'D'], ['D', 'A', 'C', 'B'], ['A', 'B', 'C', 'D']]","{'C': 5, 'A': 4, 'B': 4, 'D': 2}","[0.58, 0.75, 1.0]",3.91
99,"[1, 3, 4]","[3, 3, 4]","[0.54, 0.5, 0.79]","[['C', 'B', 'A', 'D'], ['D', 'A', 'C', 'B'], ['A', 'C', 'B', 'D']]","{'C': 5, 'A': 4, 'B': 4, 'D': 2}","[0.58, 0.75, 1.0]",3.91
99,"[1, 3, 4]","[3, 3, 4]","[0.54, 0.5, 0.79]","[['C', 'B', 'A', 'D'], ['D', 'A', 'C', 'B'], ['A', 'C', 'D', 'B']]","{'C': 5, 'A': 4, 'B': 3, 'D': 3}","[0.58, 0.75, 1.0]",3.91
99,"[1, 3, 4]","[3, 3, 4]","[0.54, 0.5, 0.79]","[['C', 'B', 'A', 'D'], ['D', 'A', 'C', 'B'], ['A', 'D', 'C', 'B']]","{'C': 5, 'A': 4, 'B': 3, 'D': 3}","[0.58, 0.75, 1.0]",3.91
99,"[1, 3, 4]","[3, 3, 4]","[0.54, 0.5, 0.79]","[['C', 'B', 'A', 'D'], ['D', 'A', 'C', 'B'], ['B', 'A', 'C', 'D']]","{'C': 5, 'A': 4, 'B': 4, 'D': 2}","[0.58, 0.75, 1.0]",3.91
99,"[1, 3, 4]","[3, 3, 4]","[0.54, 0.5, 0.79]","[['C', 'B', 'A', 'D'], ['D', 'A', 'C', 'B'], ['B', 'C', 'A', 'D']]","{'C': 5, 'A': 4, 'B': 4, 'D': 2}","[0.58, 0.75, 1.0]",3.91
99,"[1, 3, 4]","[3, 3, 4]","[0.54, 0.5, 0.79]","[['C', 'B', 'A', 'D'], ['D', 'A', 'C', 'B'], ['C', 'A', 'B', 'D']]","{'C': 5, 'A': 4, 'B': 4, 'D': 2}","[0.58, 0.75, 1.0]",3.91
99,"[1, 3, 4]","[3, 3, 4]","[0.54, 0.5, 0.79]","[['C', 'B', 'A', 'D'], ['D', 'A', 'C', 'B'], ['C', 'A', 'D', 'B']]","{'C': 5, 'A': 4, 'B': 3, 'D': 3}","[0.58, 0.75, 1.0]",3.91
99,"[1, 3, 4]","[3, 3, 4]","[0.54, 0.5, 0.79]","[['C', 'B', 'A', 'D'], ['D', 'A', 'C', 'B'], ['C', 'B', 'A', 'D']]","{'C': 5, 'A': 4, 'B': 4, 'D': 2}","[0.58, 0.75, 1.0]",3.91
99,"[1, 3, 4]","[3, 3, 4]","[0.54, 0.5, 0.79]","[['C', 'B', 'A', 'D'], ['D', 'A', 'C', 'B'], ['C', 'D', 'A', 'B']]","{'C': 5, 'A': 4, 'B': 3, 'D': 3}","[0.58, 0.75, 1.0]",3.91
99,"[1, 3, 4]","[3, 3, 4]","[0.54, 0.5, 0.79]","[['C', 'B', 'A', 'D'], ['D', 'A', 'C', 'B'], ['D', 'A', 'C', 'B']]","{'C': 5, 'A': 4, 'B': 3, 'D': 3}","[0.58, 0.75, 1.0]",3.91
99,"[1, 3, 4]","[3, 3, 4]","[0.54, 0.5, 0.79]","[['C', 'B', 'A', 'D'], ['D', 'A', 'C', 'B'], ['D', 'C', 'A', 'B']]","{'C': 5, 'A': 4, 'B': 3, 'D': 3}","[0.58, 0.75, 1.0]",3.91
99,"[1, 3, 4]","[3, 3, 4]","[0.54, 0.5, 0.79]","[['C', 'B', 'A', 'D'], ['D', 'C', 'A', 'B'], ['A', 'B', 'C', 'D']]","{'C': 5, 'A': 4, 'B': 4, 'D': 2}","[0.58, 0.75, 1.0]",3.91
99,"[1, 3, 4]","[3, 3, 4]","[0.54, 0.5, 0.79]","[['C', 'B', 'A', 'D'], ['D', 'C', 'A', 'B'], ['A', 'C', 'B', 'D']]","{'C': 5, 'A': 4, 'B': 4, 'D': 2}","[0.58, 0.75, 1.0]",3.91
99,"[1, 3, 4]","[3, 3, 4]","[0.54, 0.5, 0.79]","[['C', 'B', 'A', 'D'], ['D', 'C', 'A', 'B'], ['A', 'C', 'D', 'B']]","{'C': 5, 'A': 4, 'B': 3, 'D': 3}","[0.58, 0.75, 1.0]",3.91
99,"[1, 3, 4]","[3, 3, 4]","[0.54, 0.5, 0.79]","[['C', 'B', 'A', 'D'], ['D', 'C', 'A', 'B'], ['A', 'D', 'C', 'B']]","{'C': 5, 'A': 4, 'B': 3, 'D': 3}","[0.58, 0.75, 1.0]",3.91
99,"[1, 3, 4]","[3, 3, 4]","[0.54, 0.5, 0.79]","[['C', 'B', 'A', 'D'], ['D', 'C', 'A', 'B'], ['B', 'A', 'C', 'D']]","{'C': 5, 'A': 4, 'B': 4, 'D': 2}","[0.58, 0.75, 1.0]",3.91
99,"[1, 3, 4]","[3, 3, 4]","[0.54, 0.5, 0.79]","[['C', 'B', 'A', 'D'], ['D', 'C', 'A', 'B'], ['B', 'C', 'A', 'D']]","{'C': 5, 'A': 4, 'B': 4, 'D': 2}","[0.58, 0.75, 1.0]",3.91
99,"[1, 3, 4]","[3, 3, 4]","[0.54, 0.5, 0.79]","[['C', 'B', 'A', 'D'], ['D', 'C', 'A', 'B'], ['C', 'A', 'B', 'D']]","{'C': 5, 'A': 4, 'B': 4, 'D': 2}","[0.58, 0.75, 1.0]",3.91
99,"[1, 3, 4]","[3, 3, 4]","[0.54, 0.5, 0.79]","[['C', 'B', 'A', 'D'], ['D', 'C', 'A', 'B'], ['C', 'A', 'D', 'B']]","{'C': 5, 'A': 4, 'B': 3, 'D': 3}","[0.58, 0.75, 1.0]",3.91
99,"[1, 3, 4]","[3, 3, 4]","[0.54, 0.5, 0.79]","[['C', 'B', 'A', 'D'], ['D', 'C', 'A', 'B'], ['C', 'B', 'A', 'D']]","{'C': 5, 'A': 4, 'B': 4, 'D': 2}","[0.58, 0.75, 1.0]",3.91
99,"[1, 3, 4]","[3, 3, 4]","[0.54, 0.5, 0.79]","[['C', 'B', 'A', 'D'], ['D', 'C', 'A', 'B'], ['C', 'D', 'A', 'B']]","{'C': 5, 'A': 4, 'B': 3, 'D': 3}","[0.58, 0.75, 1.0]",3.91
99,"[1, 3, 4]","[3, 3, 4]","[0.54, 0.5, 0.79]","[['C', 'B', 'A', 'D'], ['D', 'C', 'A', 'B'], ['D', 'A', 'C', 'B']]","{'C': 5, 'A': 4, 'B': 3, 'D': 3}","[0.58, 0.75, 1.0]",3.91
99,"[1, 3, 4]","[3, 3, 4]","[0.54, 0.5, 0.79]","[['C', 'B', 'A', 'D'], ['D', 'C', 'A', 'B'], ['D', 'C', 'A', 'B']]","{'C': 5, 'A': 4, 'B': 3, 'D': 3}","[0.58, 0.75, 1.0]",3.91
99,"[1, 3, 4]","[3, 3, 4]","[0.54, 0.5, 0.79]","[['C', 'D', 'A', 'B'], ['A', 'B', 'C', 'D'], ['A', 'B', 'C', 'D']]","{'C': 5, 'A': 4, 'B': 4, 'D': 2}","[0.58, 0.75, 1.0]",3.91
99,"[1, 3, 4]","[3, 3, 4]","[0.54, 0.5, 0.79]","[['C', 'D', 'A', 'B'], ['A', 'B', 'C', 'D'], ['A', 'C', 'B', 'D']]","{'C': 5, 'A': 4, 'B': 4, 'D': 2}","[0.58, 0.75, 1.0]",3.91
99,"[1, 3, 4]","[3, 3, 4]","[0.54, 0.5, 0.79]","[['C', 'D', 'A', 'B'], ['A', 'B', 'C', 'D'], ['A', 'C', 'D', 'B']]","{'C': 5, 'A': 4, 'B': 3, 'D': 3}","[0.58, 0.75, 1.0]",3.91
99,"[1, 3, 4]","[3, 3, 4]","[0.54, 0.5, 0.79]","[['C', 'D', 'A', 'B'], ['A', 'B', 'C', 'D'], ['A', 'D', 'C', 'B']]","{'C': 5, 'A': 4, 'B': 3, 'D': 3}","[0.58, 0.75, 1.0]",3.91
99,"[1, 3, 4]","[3, 3, 4]","[0.54, 0.5, 0.79]","[['C', 'D', 'A', 'B'], ['A', 'B', 'C', 'D'], ['B', 'A', 'C', 'D']]","{'C': 5, 'A': 4, 'B': 4, 'D': 2}","[0.58, 0.75, 1.0]",3.91
99,"[1, 3, 4]","[3, 3, 4]","[0.54, 0.5, 0.79]","[['C', 'D', 'A', 'B'], ['A', 'B', 'C', 'D'], ['B', 'C', 'A', 'D']]","{'C': 5, 'A': 4, 'B': 4, 'D': 2}","[0.58, 0.75, 1.0]",3.91
99,"[1, 3, 4]","[3, 3, 4]","[0.54, 0.5, 0.79]","[['C', 'D', 'A', 'B'], ['A', 'B', 'C', 'D'], ['C', 'A', 'B', 'D']]","{'C': 5, 'A': 4, 'B': 4, 'D': 2}","[0.58, 0.75, 1.0]",3.91
99,"[1, 3, 4]","[3, 3, 4]","[0.54, 0.5, 0.79]","[['C', 'D', 'A', 'B'], ['A', 'B', 'C', 'D'], ['C', 'A', 'D', 'B']]","{'C': 5, 'A': 4, 'B': 3, 'D': 3}","[0.58, 0.75, 1.0]",3.91
99,"[1, 3, 4]","[3, 3, 4]","[0.54, 0.5, 0.79]","[['C', 'D', 'A', 'B'], ['A', 'B', 'C', 'D'], ['C', 'B', 'A', 'D']]","{'C': 5, 'A': 4, 'B': 4, 'D': 2}","[0.58, 0.75, 1.0]",3.91
99,"[1, 3, 4]","[3, 3, 4]","[0.54, 0.5, 0.79]","[['C', 'D', 'A', 'B'], ['A', 'B', 'C', 'D'], ['C', 'D', 'A', 'B']]","{'C': 5, 'A': 4, 'B': 3, 'D': 3}","[0.58, 0.75, 1.0]",3.91
99,"[1, 3, 4]","[3, 3, 4]","[0.54, 0.5, 0.79]","[['C', 'D', 'A', 'B'], ['A', 'B', 'C', 'D'], ['D', 'A', 'C', 'B']]","{'C': 5, 'A': 4, 'B': 3, 'D': 3}","[0.58, 0.75, 1.0]",3.91
99,"[1, 3, 4]","[3, 3, 4]","[0.54, 0.5, 0.79]","[['C', 'D', 'A', 'B'], ['A', 'B', 'C', 'D'], ['D', 'C', 'A', 'B']]","{'C': 5, 'A': 4, 'B': 3, 'D': 3}","[0.58, 0.75, 1.0]",3.91
99,"[1, 3, 4]","[3, 3, 4]","[0.54, 0.5, 0.79]","[['C', 'D', 'A', 'B'], ['A', 'C', 'B', 'D'], ['A', 'B', 'C', 'D']]","{'C': 5, 'A': 4, 'B': 4, 'D': 2}","[0.58, 0.75, 1.0]",3.91
99,"[1, 3, 4]","[3, 3, 4]","[0.54, 0.5, 0.79]","[['C', 'D', 'A', 'B'], ['A', 'C', 'B', 'D'], ['A', 'C', 'B', 'D']]","{'C': 5, 'A': 4, 'B': 4, 'D': 2}","[0.58, 0.75, 1.0]",3.91
99,"[1, 3, 4]","[3, 3, 4]","[0.54, 0.5, 0.79]","[['C', 'D', 'A', 'B'], ['A', 'C', 'B', 'D'], ['A', 'C', 'D', 'B']]","{'C': 5, 'A': 4, 'B': 3, 'D': 3}","[0.58, 0.75, 1.0]",3.91
99,"[1, 3, 4]","[3, 3, 4]","[0.54, 0.5, 0.79]","[['C', 'D', 'A', 'B'], ['A', 'C', 'B', 'D'], ['A', 'D', 'C', 'B']]","{'C': 5, 'A': 4, 'B': 3, 'D': 3}","[0.58, 0.75, 1.0]",3.91
99,"[1, 3, 4]","[3, 3, 4]","[0.54, 0.5, 0.79]","[['C', 'D', 'A', 'B'], ['A', 'C', 'B', 'D'], ['B', 'A', 'C', 'D']]","{'C': 5, 'A': 4, 'B': 4, 'D': 2}","[0.58, 0.75, 1.0]",3.91
99,"[1, 3, 4]","[3, 3, 4]","[0.54, 0.5, 0.79]","[['C', 'D', 'A', 'B'], ['A', 'C', 'B', 'D'], ['B', 'C', 'A', 'D']]","{'C': 5, 'A': 4, 'B': 4, 'D': 2}","[0.58, 0.75, 1.0]",3.91
99,"[1, 3, 4]","[3, 3, 4]","[0.54, 0.5, 0.79]","[['C', 'D', 'A', 'B'], ['A', 'C', 'B', 'D'], ['C', 'A', 'B', 'D']]","{'C': 5, 'A': 4, 'B': 4, 'D': 2}","[0.58, 0.75, 1.0]",3.91
99,"[1, 3, 4]","[3, 3, 4]","[0.54, 0.5, 0.79]","[['C', 'D', 'A', 'B'], ['A', 'C', 'B', 'D'], ['C', 'A', 'D', 'B']]","{'C': 5, 'A': 4, 'B': 3, 'D': 3}","[0.58, 0.75, 1.0]",3.91
99,"[1, 3, 4]","[3, 3, 4]","[0.54, 0.5, 0.79]","[['C', 'D', 'A', 'B'], ['A', 'C', 'B', 'D'], ['C', 'B', 'A', 'D']]","{'C': 5, 'A': 4, 'B': 4, 'D': 2}","[0.58, 0.75, 1.0]",3.91
99,"[1, 3, 4]","[3, 3, 4]","[0.54, 0.5, 0.79]","[['C', 'D', 'A', 'B'], ['A', 'C', 'B', 'D'], ['C', 'D', 'A', 'B']]","{'C': 5, 'A': 4, 'B': 3, 'D': 3}","[0.58, 0.75, 1.0]",3.91
99,"[1, 3, 4]","[3, 3, 4]","[0.54, 0.5, 0.79]","[['C', 'D', 'A', 'B'], ['A', 'C', 'B', 'D'], ['D', 'A', 'C', 'B']]","{'C': 5, 'A': 4, 'B': 3, 'D': 3}","[0.58, 0.75, 1.0]",3.91
99,"[1, 3, 4]","[3, 3, 4]","[0.54, 0.5, 0.79]","[['C', 'D', 'A', 'B'], ['A', 'C', 'B', 'D'], ['D', 'C', 'A', 'B']]","{'C': 5, 'A': 4, 'B': 3, 'D': 3}","[0.58, 0.75, 1.0]",3.91
99,"[1, 3, 4]","[3, 3, 4]","[0.54, 0.5, 0.79]","[['C', 'D', 'A', 'B'], ['A', 'C', 'D', 'B'], ['A', 'B', 'C', 'D']]","{'C': 5, 'A': 4, 'B': 3, 'D': 3}","[0.58, 0.75, 1.0]",3.91
99,"[1, 3, 4]","[3, 3, 4]","[0.54, 0.5, 0.79]","[['C', 'D', 'A', 'B'], ['A', 'C', 'D', 'B'], ['A', 'C', 'B', 'D']]","{'C': 5, 'A': 4, 'B': 3, 'D': 3}","[0.58, 0.75, 1.0]",3.91
99,"[1, 3, 4]","[3, 3, 4]","[0.54, 0.5, 0.79]","[['C', 'D', 'A', 'B'], ['A', 'C', 'D', 'B'], ['A', 'C', 'D', 'B']]","{'C': 5, 'A': 4, 'D': 4, 'B': 2}","[0.58, 0.88, 1.0]",4.0
99,"[1, 3, 4]","[3, 3, 4]","[0.54, 0.5, 0.79]","[['C', 'D', 'A', 'B'], ['A', 'C', 'D', 'B'], ['A', 'D', 'C', 'B']]","{'C': 5, 'A': 4, 'D': 4, 'B': 2}","[0.58, 0.88, 1.0]",4.0
99,"[1, 3, 4]","[3, 3, 4]","[0.54, 0.5, 0.79]","[['C', 'D', 'A', 'B'], ['A', 'C', 'D', 'B'], ['B', 'A', 'C', 'D']]","{'C': 5, 'A': 4, 'B': 3, 'D': 3}","[0.58, 0.75, 1.0]",3.91
99,"[1, 3, 4]","[3, 3, 4]","[0.54, 0.5, 0.79]","[['C', 'D', 'A', 'B'], ['A', 'C', 'D', 'B'], ['B', 'C', 'A', 'D']]","{'C': 5, 'A': 4, 'B': 3, 'D': 3}","[0.58, 0.75, 1.0]",3.91
99,"[1, 3, 4]","[3, 3, 4]","[0.54, 0.5, 0.79]","[['C', 'D', 'A', 'B'], ['A', 'C', 'D', 'B'], ['C', 'A', 'B', 'D']]","{'C': 5, 'A': 4, 'B': 3, 'D': 3}","[0.58, 0.75, 1.0]",3.91
99,"[1, 3, 4]","[3, 3, 4]","[0.54, 0.5, 0.79]","[['C', 'D', 'A', 'B'], ['A', 'C', 'D', 'B'], ['C', 'A', 'D', 'B']]","{'C': 5, 'A': 4, 'D': 4, 'B': 2}","[0.58, 0.88, 1.0]",4.0
99,"[1, 3, 4]","[3, 3, 4]","[0.54, 0.5, 0.79]","[['C', 'D', 'A', 'B'], ['A', 'C', 'D', 'B'], ['C', 'B', 'A', 'D']]","{'C': 5, 'A': 4, 'B': 3, 'D': 3}","[0.58, 0.75, 1.0]",3.91
99,"[1, 3, 4]","[3, 3, 4]","[0.54, 0.5, 0.79]","[['C', 'D', 'A', 'B'], ['A', 'C', 'D', 'B'], ['C', 'D', 'A', 'B']]","{'C': 5, 'A': 4, 'D': 4, 'B': 2}","[0.58, 0.88, 1.0]",4.0
99,"[1, 3, 4]","[3, 3, 4]","[0.54, 0.5, 0.79]","[['C', 'D', 'A', 'B'], ['A', 'C', 'D', 'B'], ['D', 'A', 'C', 'B']]","{'C': 5, 'A': 4, 'D': 4, 'B': 2}","[0.58, 0.88, 1.0]",4.0
99,"[1, 3, 4]","[3, 3, 4]","[0.54, 0.5, 0.79]","[['C', 'D', 'A', 'B'], ['A', 'C', 'D', 'B'], ['D', 'C', 'A', 'B']]","{'C': 5, 'A': 4, 'D': 4, 'B': 2}","[0.58, 0.88, 1.0]",4.0
99,"[1, 3, 4]","[3, 3, 4]","[0.54, 0.5, 0.79]","[['C', 'D', 'A', 'B'], ['A', 'D', 'C', 'B'], ['A', 'B', 'C', 'D']]","{'C': 5, 'A': 4, 'B': 3, 'D': 3}","[0.58, 0.75, 1.0]",3.91
99,"[1, 3, 4]","[3, 3, 4]","[0.54, 0.5, 0.79]","[['C', 'D', 'A', 'B'], ['A', 'D', 'C', 'B'], ['A', 'C', 'B', 'D']]","{'C': 5, 'A': 4, 'B': 3, 'D': 3}","[0.58, 0.75, 1.0]",3.91
99,"[1, 3, 4]","[3, 3, 4]","[0.54, 0.5, 0.79]","[['C', 'D', 'A', 'B'], ['A', 'D', 'C', 'B'], ['A', 'C', 'D', 'B']]","{'C': 5, 'A': 4, 'D': 4, 'B': 2}","[0.58, 0.88, 1.0]",4.0
99,"[1, 3, 4]","[3, 3, 4]","[0.54, 0.5, 0.79]","[['C', 'D', 'A', 'B'], ['A', 'D', 'C', 'B'], ['A', 'D', 'C', 'B']]","{'C': 5, 'A': 4, 'D': 4, 'B': 2}","[0.58, 0.88, 1.0]",4.0
99,"[1, 3, 4]","[3, 3, 4]","[0.54, 0.5, 0.79]","[['C', 'D', 'A', 'B'], ['A', 'D', 'C', 'B'], ['B', 'A', 'C', 'D']]","{'C': 5, 'A': 4, 'B': 3, 'D': 3}","[0.58, 0.75, 1.0]",3.91
99,"[1, 3, 4]","[3, 3, 4]","[0.54, 0.5, 0.79]","[['C', 'D', 'A', 'B'], ['A', 'D', 'C', 'B'], ['B', 'C', 'A', 'D']]","{'C': 5, 'A': 4, 'B': 3, 'D': 3}","[0.58, 0.75, 1.0]",3.91
99,"[1, 3, 4]","[3, 3, 4]","[0.54, 0.5, 0.79]","[['C', 'D', 'A', 'B'], ['A', 'D', 'C', 'B'], ['C', 'A', 'B', 'D']]","{'C': 5, 'A': 4, 'B': 3, 'D': 3}","[0.58, 0.75, 1.0]",3.91
99,"[1, 3, 4]","[3, 3, 4]","[0.54, 0.5, 0.79]","[['C', 'D', 'A', 'B'], ['A', 'D', 'C', 'B'], ['C', 'A', 'D', 'B']]","{'C': 5, 'A': 4, 'D': 4, 'B': 2}","[0.58, 0.88, 1.0]",4.0
99,"[1, 3, 4]","[3, 3, 4]","[0.54, 0.5, 0.79]","[['C', 'D', 'A', 'B'], ['A', 'D', 'C', 'B'], ['C', 'B', 'A', 'D']]","{'C': 5, 'A': 4, 'B': 3, 'D': 3}","[0.58, 0.75, 1.0]",3.91
99,"[1, 3, 4]","[3, 3, 4]","[0.54, 0.5, 0.79]","[['C', 'D', 'A', 'B'], ['A', 'D', 'C', 'B'], ['C', 'D', 'A', 'B']]","{'C': 5, 'A': 4, 'D': 4, 'B': 2}","[0.58, 0.88, 1.0]",4.0
99,"[1, 3, 4]","[3, 3, 4]","[0.54, 0.5, 0.79]","[['C', 'D', 'A', 'B'], ['A', 'D', 'C', 'B'], ['D', 'A', 'C', 'B']]","{'C': 5, 'A': 4, 'D': 4, 'B': 2}","[0.58, 0.88, 1.0]",4.0
99,"[1, 3, 4]","[3, 3, 4]","[0.54, 0.5, 0.79]","[['C', 'D', 'A', 'B'], ['A', 'D', 'C', 'B'], ['D', 'C', 'A', 'B']]","{'C': 5, 'A': 4, 'D': 4, 'B': 2}","[0.58, 0.88, 1.0]",4.0
99,"[1, 3, 4]","[3, 3, 4]","[0.54, 0.5, 0.79]","[['C', 'D', 'A', 'B'], ['B', 'A', 'C', 'D'], ['A', 'B', 'C', 'D']]","{'C': 5, 'A': 4, 'B': 4, 'D': 2}","[0.58, 0.75, 1.0]",3.91
99,"[1, 3, 4]","[3, 3, 4]","[0.54, 0.5, 0.79]","[['C', 'D', 'A', 'B'], ['B', 'A', 'C', 'D'], ['A', 'C', 'B', 'D']]","{'C': 5, 'A': 4, 'B': 4, 'D': 2}","[0.58, 0.75, 1.0]",3.91
99,"[1, 3, 4]","[3, 3, 4]","[0.54, 0.5, 0.79]","[['C', 'D', 'A', 'B'], ['B', 'A', 'C', 'D'], ['A', 'C', 'D', 'B']]","{'C': 5, 'A': 4, 'B': 3, 'D': 3}","[0.58, 0.75, 1.0]",3.91
99,"[1, 3, 4]","[3, 3, 4]","[0.54, 0.5, 0.79]","[['C', 'D', 'A', 'B'], ['B', 'A', 'C', 'D'], ['A', 'D', 'C', 'B']]","{'C': 5, 'A': 4, 'B': 3, 'D': 3}","[0.58, 0.75, 1.0]",3.91
99,"[1, 3, 4]","[3, 3, 4]","[0.54, 0.5, 0.79]","[['C', 'D', 'A', 'B'], ['B', 'A', 'C', 'D'], ['B', 'A', 'C', 'D']]","{'C': 5, 'A': 4, 'B': 4, 'D': 2}","[0.58, 0.75, 1.0]",3.91
99,"[1, 3, 4]","[3, 3, 4]","[0.54, 0.5, 0.79]","[['C', 'D', 'A', 'B'], ['B', 'A', 'C', 'D'], ['B', 'C', 'A', 'D']]","{'C': 5, 'A': 4, 'B': 4, 'D': 2}","[0.58, 0.75, 1.0]",3.91
99,"[1, 3, 4]","[3, 3, 4]","[0.54, 0.5, 0.79]","[['C', 'D', 'A', 'B'], ['B', 'A', 'C', 'D'], ['C', 'A', 'B', 'D']]","{'C': 5, 'A': 4, 'B': 4, 'D': 2}","[0.58, 0.75, 1.0]",3.91
99,"[1, 3, 4]","[3, 3, 4]","[0.54, 0.5, 0.79]","[['C', 'D', 'A', 'B'], ['B', 'A', 'C', 'D'], ['C', 'A', 'D', 'B']]","{'C': 5, 'A': 4, 'B': 3, 'D': 3}","[0.58, 0.75, 1.0]",3.91
99,"[1, 3, 4]","[3, 3, 4]","[0.54, 0.5, 0.79]","[['C', 'D', 'A', 'B'], ['B', 'A', 'C', 'D'], ['C', 'B', 'A', 'D']]","{'C': 5, 'A': 4, 'B': 4, 'D': 2}","[0.58, 0.75, 1.0]",3.91
99,"[1, 3, 4]","[3, 3, 4]","[0.54, 0.5, 0.79]","[['C', 'D', 'A', 'B'], ['B', 'A', 'C', 'D'], ['C', 'D', 'A', 'B']]","{'C': 5, 'A': 4, 'B': 3, 'D': 3}","[0.58, 0.75, 1.0]",3.91
99,"[1, 3, 4]","[3, 3, 4]","[0.54, 0.5, 0.79]","[['C', 'D', 'A', 'B'], ['B', 'A', 'C', 'D'], ['D', 'A', 'C', 'B']]","{'C': 5, 'A': 4, 'B': 3, 'D': 3}","[0.58, 0.75, 1.0]",3.91
99,"[1, 3, 4]","[3, 3, 4]","[0.54, 0.5, 0.79]","[['C', 'D', 'A', 'B'], ['B', 'A', 'C', 'D'], ['D', 'C', 'A', 'B']]","{'C': 5, 'A': 4, 'B': 3, 'D': 3}","[0.58, 0.75, 1.0]",3.91
99,"[1, 3, 4]","[3, 3, 4]","[0.54, 0.5, 0.79]","[['C', 'D', 'A', 'B'], ['B', 'C', 'A', 'D'], ['A', 'B', 'C', 'D']]","{'C': 5, 'A': 4, 'B': 4, 'D': 2}","[0.58, 0.75, 1.0]",3.91
99,"[1, 3, 4]","[3, 3, 4]","[0.54, 0.5, 0.79]","[['C', 'D', 'A', 'B'], ['B', 'C', 'A', 'D'], ['A', 'C', 'B', 'D']]","{'C': 5, 'A': 4, 'B': 4, 'D': 2}","[0.58, 0.75, 1.0]",3.91
99,"[1, 3, 4]","[3, 3, 4]","[0.54, 0.5, 0.79]","[['C', 'D', 'A', 'B'], ['B', 'C', 'A', 'D'], ['A', 'C', 'D', 'B']]","{'C': 5, 'A': 4, 'B': 3, 'D': 3}","[0.58, 0.75, 1.0]",3.91
99,"[1, 3, 4]","[3, 3, 4]","[0.54, 0.5, 0.79]","[['C', 'D', 'A', 'B'], ['B', 'C', 'A', 'D'], ['A', 'D', 'C', 'B']]","{'C': 5, 'A': 4, 'B': 3, 'D': 3}","[0.58, 0.75, 1.0]",3.91
99,"[1, 3, 4]","[3, 3, 4]","[0.54, 0.5, 0.79]","[['C', 'D', 'A', 'B'], ['B', 'C', 'A', 'D'], ['B', 'A', 'C', 'D']]","{'C': 5, 'A': 4, 'B': 4, 'D': 2}","[0.58, 0.75, 1.0]",3.91
99,"[1, 3, 4]","[3, 3, 4]","[0.54, 0.5, 0.79]","[['C', 'D', 'A', 'B'], ['B', 'C', 'A', 'D'], ['B', 'C', 'A', 'D']]","{'C': 5, 'A': 4, 'B': 4, 'D': 2}","[0.58, 0.75, 1.0]",3.91
99,"[1, 3, 4]","[3, 3, 4]","[0.54, 0.5, 0.79]","[['C', 'D', 'A', 'B'], ['B', 'C', 'A', 'D'], ['C', 'A', 'B', 'D']]","{'C': 5, 'A': 4, 'B': 4, 'D': 2}","[0.58, 0.75, 1.0]",3.91
99,"[1, 3, 4]","[3, 3, 4]","[0.54, 0.5, 0.79]","[['C', 'D', 'A', 'B'], ['B', 'C', 'A', 'D'], ['C', 'A', 'D', 'B']]","{'C': 5, 'A': 4, 'B': 3, 'D': 3}","[0.58, 0.75, 1.0]",3.91
99,"[1, 3, 4]","[3, 3, 4]","[0.54, 0.5, 0.79]","[['C', 'D', 'A', 'B'], ['B', 'C', 'A', 'D'], ['C', 'B', 'A', 'D']]","{'C': 5, 'A': 4, 'B': 4, 'D': 2}","[0.58, 0.75, 1.0]",3.91
99,"[1, 3, 4]","[3, 3, 4]","[0.54, 0.5, 0.79]","[['C', 'D', 'A', 'B'], ['B', 'C', 'A', 'D'], ['C', 'D', 'A', 'B']]","{'C': 5, 'A': 4, 'B': 3, 'D': 3}","[0.58, 0.75, 1.0]",3.91
99,"[1, 3, 4]","[3, 3, 4]","[0.54, 0.5, 0.79]","[['C', 'D', 'A', 'B'], ['B', 'C', 'A', 'D'], ['D', 'A', 'C', 'B']]","{'C': 5, 'A': 4, 'B': 3, 'D': 3}","[0.58, 0.75, 1.0]",3.91
99,"[1, 3, 4]","[3, 3, 4]","[0.54, 0.5, 0.79]","[['C', 'D', 'A', 'B'], ['B', 'C', 'A', 'D'], ['D', 'C', 'A', 'B']]","{'C': 5, 'A': 4, 'B': 3, 'D': 3}","[0.58, 0.75, 1.0]",3.91
99,"[1, 3, 4]","[3, 3, 4]","[0.54, 0.5, 0.79]","[['C', 'D', 'A', 'B'], ['C', 'A', 'B', 'D'], ['A', 'B', 'C', 'D']]","{'C': 5, 'A': 4, 'B': 4, 'D': 2}","[0.58, 0.75, 1.0]",3.91
99,"[1, 3, 4]","[3, 3, 4]","[0.54, 0.5, 0.79]","[['C', 'D', 'A', 'B'], ['C', 'A', 'B', 'D'], ['A', 'C', 'B', 'D']]","{'C': 5, 'A': 4, 'B': 4, 'D': 2}","[0.58, 0.75, 1.0]",3.91
99,"[1, 3, 4]","[3, 3, 4]","[0.54, 0.5, 0.79]","[['C', 'D', 'A', 'B'], ['C', 'A', 'B', 'D'], ['A', 'C', 'D', 'B']]","{'C': 5, 'A': 4, 'B': 3, 'D': 3}","[0.58, 0.75, 1.0]",3.91
99,"[1, 3, 4]","[3, 3, 4]","[0.54, 0.5, 0.79]","[['C', 'D', 'A', 'B'], ['C', 'A', 'B', 'D'], ['A', 'D', 'C', 'B']]","{'C': 5, 'A': 4, 'B': 3, 'D': 3}","[0.58, 0.75, 1.0]",3.91
99,"[1, 3, 4]","[3, 3, 4]","[0.54, 0.5, 0.79]","[['C', 'D', 'A', 'B'], ['C', 'A', 'B', 'D'], ['B', 'A', 'C', 'D']]","{'C': 5, 'A': 4, 'B': 4, 'D': 2}","[0.58, 0.75, 1.0]",3.91
99,"[1, 3, 4]","[3, 3, 4]","[0.54, 0.5, 0.79]","[['C', 'D', 'A', 'B'], ['C', 'A', 'B', 'D'], ['B', 'C', 'A', 'D']]","{'C': 5, 'A': 4, 'B': 4, 'D': 2}","[0.58, 0.75, 1.0]",3.91
99,"[1, 3, 4]","[3, 3, 4]","[0.54, 0.5, 0.79]","[['C', 'D', 'A', 'B'], ['C', 'A', 'B', 'D'], ['C', 'A', 'B', 'D']]","{'C': 5, 'A': 4, 'B': 4, 'D': 2}","[0.58, 0.75, 1.0]",3.91
99,"[1, 3, 4]","[3, 3, 4]","[0.54, 0.5, 0.79]","[['C', 'D', 'A', 'B'], ['C', 'A', 'B', 'D'], ['C', 'A', 'D', 'B']]","{'C': 5, 'A': 4, 'B': 3, 'D': 3}","[0.58, 0.75, 1.0]",3.91
99,"[1, 3, 4]","[3, 3, 4]","[0.54, 0.5, 0.79]","[['C', 'D', 'A', 'B'], ['C', 'A', 'B', 'D'], ['C', 'B', 'A', 'D']]","{'C': 5, 'A': 4, 'B': 4, 'D': 2}","[0.58, 0.75, 1.0]",3.91
99,"[1, 3, 4]","[3, 3, 4]","[0.54, 0.5, 0.79]","[['C', 'D', 'A', 'B'], ['C', 'A', 'B', 'D'], ['C', 'D', 'A', 'B']]","{'C': 5, 'A': 4, 'B': 3, 'D': 3}","[0.58, 0.75, 1.0]",3.91
99,"[1, 3, 4]","[3, 3, 4]","[0.54, 0.5, 0.79]","[['C', 'D', 'A', 'B'], ['C', 'A', 'B', 'D'], ['D', 'A', 'C', 'B']]","{'C': 5, 'A': 4, 'B': 3, 'D': 3}","[0.58, 0.75, 1.0]",3.91
99,"[1, 3, 4]","[3, 3, 4]","[0.54, 0.5, 0.79]","[['C', 'D', 'A', 'B'], ['C', 'A', 'B', 'D'], ['D', 'C', 'A', 'B']]","{'C': 5, 'A': 4, 'B': 3, 'D': 3}","[0.58, 0.75, 1.0]",3.91
99,"[1, 3, 4]","[3, 3, 4]","[0.54, 0.5, 0.79]","[['C', 'D', 'A', 'B'], ['C', 'A', 'D', 'B'], ['A', 'B', 'C', 'D']]","{'C': 5, 'A': 4, 'B': 3, 'D': 3}","[0.58, 0.75, 1.0]",3.91
99,"[1, 3, 4]","[3, 3, 4]","[0.54, 0.5, 0.79]","[['C', 'D', 'A', 'B'], ['C', 'A', 'D', 'B'], ['A', 'C', 'B', 'D']]","{'C': 5, 'A': 4, 'B': 3, 'D': 3}","[0.58, 0.75, 1.0]",3.91
99,"[1, 3, 4]","[3, 3, 4]","[0.54, 0.5, 0.79]","[['C', 'D', 'A', 'B'], ['C', 'A', 'D', 'B'], ['A', 'C', 'D', 'B']]","{'C': 5, 'A': 4, 'D': 4, 'B': 2}","[0.58, 0.88, 1.0]",4.0
99,"[1, 3, 4]","[3, 3, 4]","[0.54, 0.5, 0.79]","[['C', 'D', 'A', 'B'], ['C', 'A', 'D', 'B'], ['A', 'D', 'C', 'B']]","{'C': 5, 'A': 4, 'D': 4, 'B': 2}","[0.58, 0.88, 1.0]",4.0
99,"[1, 3, 4]","[3, 3, 4]","[0.54, 0.5, 0.79]","[['C', 'D', 'A', 'B'], ['C', 'A', 'D', 'B'], ['B', 'A', 'C', 'D']]","{'C': 5, 'A': 4, 'B': 3, 'D': 3}","[0.58, 0.75, 1.0]",3.91
99,"[1, 3, 4]","[3, 3, 4]","[0.54, 0.5, 0.79]","[['C', 'D', 'A', 'B'], ['C', 'A', 'D', 'B'], ['B', 'C', 'A', 'D']]","{'C': 5, 'A': 4, 'B': 3, 'D': 3}","[0.58, 0.75, 1.0]",3.91
99,"[1, 3, 4]","[3, 3, 4]","[0.54, 0.5, 0.79]","[['C', 'D', 'A', 'B'], ['C', 'A', 'D', 'B'], ['C', 'A', 'B', 'D']]","{'C': 5, 'A': 4, 'B': 3, 'D': 3}","[0.58, 0.75, 1.0]",3.91
99,"[1, 3, 4]","[3, 3, 4]","[0.54, 0.5, 0.79]","[['C', 'D', 'A', 'B'], ['C', 'A', 'D', 'B'], ['C', 'A', 'D', 'B']]","{'C': 5, 'A': 4, 'D': 4, 'B': 2}","[0.58, 0.88, 1.0]",4.0
99,"[1, 3, 4]","[3, 3, 4]","[0.54, 0.5, 0.79]","[['C', 'D', 'A', 'B'], ['C', 'A', 'D', 'B'], ['C', 'B', 'A', 'D']]","{'C': 5, 'A': 4, 'B': 3, 'D': 3}","[0.58, 0.75, 1.0]",3.91
99,"[1, 3, 4]","[3, 3, 4]","[0.54, 0.5, 0.79]","[['C', 'D', 'A', 'B'], ['C', 'A', 'D', 'B'], ['C', 'D', 'A', 'B']]","{'C': 5, 'A': 4, 'D': 4, 'B': 2}","[0.58, 0.88, 1.0]",4.0
99,"[1, 3, 4]","[3, 3, 4]","[0.54, 0.5, 0.79]","[['C', 'D', 'A', 'B'], ['C', 'A', 'D', 'B'], ['D', 'A', 'C', 'B']]","{'C': 5, 'A': 4, 'D': 4, 'B': 2}","[0.58, 0.88, 1.0]",4.0
99,"[1, 3, 4]","[3, 3, 4]","[0.54, 0.5, 0.79]","[['C', 'D', 'A', 'B'], ['C', 'A', 'D', 'B'], ['D', 'C', 'A', 'B']]","{'C': 5, 'A': 4, 'D': 4, 'B': 2}","[0.58, 0.88, 1.0]",4.0
99,"[1, 3, 4]","[3, 3, 4]","[0.54, 0.5, 0.79]","[['C', 'D', 'A', 'B'], ['C', 'B', 'A', 'D'], ['A', 'B', 'C', 'D']]","{'C': 5, 'A': 4, 'B': 4, 'D': 2}","[0.58, 0.75, 1.0]",3.91
99,"[1, 3, 4]","[3, 3, 4]","[0.54, 0.5, 0.79]","[['C', 'D', 'A', 'B'], ['C', 'B', 'A', 'D'], ['A', 'C', 'B', 'D']]","{'C': 5, 'A': 4, 'B': 4, 'D': 2}","[0.58, 0.75, 1.0]",3.91
99,"[1, 3, 4]","[3, 3, 4]","[0.54, 0.5, 0.79]","[['C', 'D', 'A', 'B'], ['C', 'B', 'A', 'D'], ['A', 'C', 'D', 'B']]","{'C': 5, 'A': 4, 'B': 3, 'D': 3}","[0.58, 0.75, 1.0]",3.91
99,"[1, 3, 4]","[3, 3, 4]","[0.54, 0.5, 0.79]","[['C', 'D', 'A', 'B'], ['C', 'B', 'A', 'D'], ['A', 'D', 'C', 'B']]","{'C': 5, 'A': 4, 'B': 3, 'D': 3}","[0.58, 0.75, 1.0]",3.91
99,"[1, 3, 4]","[3, 3, 4]","[0.54, 0.5, 0.79]","[['C', 'D', 'A', 'B'], ['C', 'B', 'A', 'D'], ['B', 'A', 'C', 'D']]","{'C': 5, 'A': 4, 'B': 4, 'D': 2}","[0.58, 0.75, 1.0]",3.91
99,"[1, 3, 4]","[3, 3, 4]","[0.54, 0.5, 0.79]","[['C', 'D', 'A', 'B'], ['C', 'B', 'A', 'D'], ['B', 'C', 'A', 'D']]","{'C': 5, 'A': 4, 'B': 4, 'D': 2}","[0.58, 0.75, 1.0]",3.91
99,"[1, 3, 4]","[3, 3, 4]","[0.54, 0.5, 0.79]","[['C', 'D', 'A', 'B'], ['C', 'B', 'A', 'D'], ['C', 'A', 'B', 'D']]","{'C': 5, 'A': 4, 'B': 4, 'D': 2}","[0.58, 0.75, 1.0]",3.91
99,"[1, 3, 4]","[3, 3, 4]","[0.54, 0.5, 0.79]","[['C', 'D', 'A', 'B'], ['C', 'B', 'A', 'D'], ['C', 'A', 'D', 'B']]","{'C': 5, 'A': 4, 'B': 3, 'D': 3}","[0.58, 0.75, 1.0]",3.91
99,"[1, 3, 4]","[3, 3, 4]","[0.54, 0.5, 0.79]","[['C', 'D', 'A', 'B'], ['C', 'B', 'A', 'D'], ['C', 'B', 'A', 'D']]","{'C': 5, 'A': 4, 'B': 4, 'D': 2}","[0.58, 0.75, 1.0]",3.91
99,"[1, 3, 4]","[3, 3, 4]","[0.54, 0.5, 0.79]","[['C', 'D', 'A', 'B'], ['C', 'B', 'A', 'D'], ['C', 'D', 'A', 'B']]","{'C': 5, 'A': 4, 'B': 3, 'D': 3}","[0.58, 0.75, 1.0]",3.91
99,"[1, 3, 4]","[3, 3, 4]","[0.54, 0.5, 0.79]","[['C', 'D', 'A', 'B'], ['C', 'B', 'A', 'D'], ['D', 'A', 'C', 'B']]","{'C': 5, 'A': 4, 'B': 3, 'D': 3}","[0.58, 0.75, 1.0]",3.91
99,"[1, 3, 4]","[3, 3, 4]","[0.54, 0.5, 0.79]","[['C', 'D', 'A', 'B'], ['C', 'B', 'A', 'D'], ['D', 'C', 'A', 'B']]","{'C': 5, 'A': 4, 'B': 3, 'D': 3}","[0.58, 0.75, 1.0]",3.91
99,"[1, 3, 4]","[3, 3, 4]","[0.54, 0.5, 0.79]","[['C', 'D', 'A', 'B'], ['C', 'D', 'A', 'B'], ['A', 'B', 'C', 'D']]","{'C': 5, 'A': 4, 'B': 3, 'D': 3}","[0.58, 0.75, 1.0]",3.91
99,"[1, 3, 4]","[3, 3, 4]","[0.54, 0.5, 0.79]","[['C', 'D', 'A', 'B'], ['C', 'D', 'A', 'B'], ['A', 'C', 'B', 'D']]","{'C': 5, 'A': 4, 'B': 3, 'D': 3}","[0.58, 0.75, 1.0]",3.91
99,"[1, 3, 4]","[3, 3, 4]","[0.54, 0.5, 0.79]","[['C', 'D', 'A', 'B'], ['C', 'D', 'A', 'B'], ['A', 'C', 'D', 'B']]","{'C': 5, 'A': 4, 'D': 4, 'B': 2}","[0.58, 0.88, 1.0]",4.0
99,"[1, 3, 4]","[3, 3, 4]","[0.54, 0.5, 0.79]","[['C', 'D', 'A', 'B'], ['C', 'D', 'A', 'B'], ['A', 'D', 'C', 'B']]","{'C': 5, 'A': 4, 'D': 4, 'B': 2}","[0.58, 0.88, 1.0]",4.0
99,"[1, 3, 4]","[3, 3, 4]","[0.54, 0.5, 0.79]","[['C', 'D', 'A', 'B'], ['C', 'D', 'A', 'B'], ['B', 'A', 'C', 'D']]","{'C': 5, 'A': 4, 'B': 3, 'D': 3}","[0.58, 0.75, 1.0]",3.91
99,"[1, 3, 4]","[3, 3, 4]","[0.54, 0.5, 0.79]","[['C', 'D', 'A', 'B'], ['C', 'D', 'A', 'B'], ['B', 'C', 'A', 'D']]","{'C': 5, 'A': 4, 'B': 3, 'D': 3}","[0.58, 0.75, 1.0]",3.91
99,"[1, 3, 4]","[3, 3, 4]","[0.54, 0.5, 0.79]","[['C', 'D', 'A', 'B'], ['C', 'D', 'A', 'B'], ['C', 'A', 'B', 'D']]","{'C': 5, 'A': 4, 'B': 3, 'D': 3}","[0.58, 0.75, 1.0]",3.91
99,"[1, 3, 4]","[3, 3, 4]","[0.54, 0.5, 0.79]","[['C', 'D', 'A', 'B'], ['C', 'D', 'A', 'B'], ['C', 'A', 'D', 'B']]","{'C': 5, 'A': 4, 'D': 4, 'B': 2}","[0.58, 0.88, 1.0]",4.0
99,"[1, 3, 4]","[3, 3, 4]","[0.54, 0.5, 0.79]","[['C', 'D', 'A', 'B'], ['C', 'D', 'A', 'B'], ['C', 'B', 'A', 'D']]","{'C': 5, 'A': 4, 'B': 3, 'D': 3}","[0.58, 0.75, 1.0]",3.91
99,"[1, 3, 4]","[3, 3, 4]","[0.54, 0.5, 0.79]","[['C', 'D', 'A', 'B'], ['C', 'D', 'A', 'B'], ['C', 'D', 'A', 'B']]","{'C': 5, 'A': 4, 'D': 4, 'B': 2}","[0.58, 0.88, 1.0]",4.0
99,"[1, 3, 4]","[3, 3, 4]","[0.54, 0.5, 0.79]","[['C', 'D', 'A', 'B'], ['C', 'D', 'A', 'B'], ['D', 'A', 'C', 'B']]","{'C': 5, 'A': 4, 'D': 4, 'B': 2}","[0.58, 0.88, 1.0]",4.0
99,"[1, 3, 4]","[3, 3, 4]","[0.54, 0.5, 0.79]","[['C', 'D', 'A', 'B'], ['C', 'D', 'A', 'B'], ['D', 'C', 'A', 'B']]","{'C': 5, 'A': 4, 'D': 4, 'B': 2}","[0.58, 0.88, 1.0]",4.0
99,"[1, 3, 4]","[3, 3, 4]","[0.54, 0.5, 0.79]","[['C', 'D', 'A', 'B'], ['D', 'A', 'C', 'B'], ['A', 'B', 'C', 'D']]","{'C': 5, 'A': 4, 'B': 3, 'D': 3}","[0.58, 0.75, 1.0]",3.91
99,"[1, 3, 4]","[3, 3, 4]","[0.54, 0.5, 0.79]","[['C', 'D', 'A', 'B'], ['D', 'A', 'C', 'B'], ['A', 'C', 'B', 'D']]","{'C': 5, 'A': 4, 'B': 3, 'D': 3}","[0.58, 0.75, 1.0]",3.91
99,"[1, 3, 4]","[3, 3, 4]","[0.54, 0.5, 0.79]","[['C', 'D', 'A', 'B'], ['D', 'A', 'C', 'B'], ['A', 'C', 'D', 'B']]","{'C': 5, 'A': 4, 'D': 4, 'B': 2}","[0.58, 0.88, 1.0]",4.0
99,"[1, 3, 4]","[3, 3, 4]","[0.54, 0.5, 0.79]","[['C', 'D', 'A', 'B'], ['D', 'A', 'C', 'B'], ['A', 'D', 'C', 'B']]","{'C': 5, 'A': 4, 'D': 4, 'B': 2}","[0.58, 0.88, 1.0]",4.0
99,"[1, 3, 4]","[3, 3, 4]","[0.54, 0.5, 0.79]","[['C', 'D', 'A', 'B'], ['D', 'A', 'C', 'B'], ['B', 'A', 'C', 'D']]","{'C': 5, 'A': 4, 'B': 3, 'D': 3}","[0.58, 0.75, 1.0]",3.91
99,"[1, 3, 4]","[3, 3, 4]","[0.54, 0.5, 0.79]","[['C', 'D', 'A', 'B'], ['D', 'A', 'C', 'B'], ['B', 'C', 'A', 'D']]","{'C': 5, 'A': 4, 'B': 3, 'D': 3}","[0.58, 0.75, 1.0]",3.91
99,"[1, 3, 4]","[3, 3, 4]","[0.54, 0.5, 0.79]","[['C', 'D', 'A', 'B'], ['D', 'A', 'C', 'B'], ['C', 'A', 'B', 'D']]","{'C': 5, 'A': 4, 'B': 3, 'D': 3}","[0.58, 0.75, 1.0]",3.91
99,"[1, 3, 4]","[3, 3, 4]","[0.54, 0.5, 0.79]","[['C', 'D', 'A', 'B'], ['D', 'A', 'C', 'B'], ['C', 'A', 'D', 'B']]","{'C': 5, 'A': 4, 'D': 4, 'B': 2}","[0.58, 0.88, 1.0]",4.0
99,"[1, 3, 4]","[3, 3, 4]","[0.54, 0.5, 0.79]","[['C', 'D', 'A', 'B'], ['D', 'A', 'C', 'B'], ['C', 'B', 'A', 'D']]","{'C': 5, 'A': 4, 'B': 3, 'D': 3}","[0.58, 0.75, 1.0]",3.91
99,"[1, 3, 4]","[3, 3, 4]","[0.54, 0.5, 0.79]","[['C', 'D', 'A', 'B'], ['D', 'A', 'C', 'B'], ['C', 'D', 'A', 'B']]","{'C': 5, 'A': 4, 'D': 4, 'B': 2}","[0.58, 0.88, 1.0]",4.0
99,"[1, 3, 4]","[3, 3, 4]","[0.54, 0.5, 0.79]","[['C', 'D', 'A', 'B'], ['D', 'A', 'C', 'B'], ['D', 'A', 'C', 'B']]","{'C': 5, 'A': 4, 'D': 4, 'B': 2}","[0.58, 0.88, 1.0]",4.0
99,"[1, 3, 4]","[3, 3, 4]","[0.54, 0.5, 0.79]","[['C', 'D', 'A', 'B'], ['D', 'A', 'C', 'B'], ['D', 'C', 'A', 'B']]","{'C': 5, 'A': 4, 'D': 4, 'B': 2}","[0.58, 0.88, 1.0]",4.0
99,"[1, 3, 4]","[3, 3, 4]","[0.54, 0.5, 0.79]","[['C', 'D', 'A', 'B'], ['D', 'C', 'A', 'B'], ['A', 'B', 'C', 'D']]","{'C': 5, 'A': 4, 'B': 3, 'D': 3}","[0.58, 0.75, 1.0]",3.91
99,"[1, 3, 4]","[3, 3, 4]","[0.54, 0.5, 0.79]","[['C', 'D', 'A', 'B'], ['D', 'C', 'A', 'B'], ['A', 'C', 'B', 'D']]","{'C': 5, 'A': 4, 'B': 3, 'D': 3}","[0.58, 0.75, 1.0]",3.91
99,"[1, 3, 4]","[3, 3, 4]","[0.54, 0.5, 0.79]","[['C', 'D', 'A', 'B'], ['D', 'C', 'A', 'B'], ['A', 'C', 'D', 'B']]","{'C': 5, 'A': 4, 'D': 4, 'B': 2}","[0.58, 0.88, 1.0]",4.0
99,"[1, 3, 4]","[3, 3, 4]","[0.54, 0.5, 0.79]","[['C', 'D', 'A', 'B'], ['D', 'C', 'A', 'B'], ['A', 'D', 'C', 'B']]","{'C': 5, 'A': 4, 'D': 4, 'B': 2}","[0.58, 0.88, 1.0]",4.0
99,"[1, 3, 4]","[3, 3, 4]","[0.54, 0.5, 0.79]","[['C', 'D', 'A', 'B'], ['D', 'C', 'A', 'B'], ['B', 'A', 'C', 'D']]","{'C': 5, 'A': 4, 'B': 3, 'D': 3}","[0.58, 0.75, 1.0]",3.91
99,"[1, 3, 4]","[3, 3, 4]","[0.54, 0.5, 0.79]","[['C', 'D', 'A', 'B'], ['D', 'C', 'A', 'B'], ['B', 'C', 'A', 'D']]","{'C': 5, 'A': 4, 'B': 3, 'D': 3}","[0.58, 0.75, 1.0]",3.91
99,"[1, 3, 4]","[3, 3, 4]","[0.54, 0.5, 0.79]","[['C', 'D', 'A', 'B'], ['D', 'C', 'A', 'B'], ['C', 'A', 'B', 'D']]","{'C': 5, 'A': 4, 'B': 3, 'D': 3}","[0.58, 0.75, 1.0]",3.91
99,"[1, 3, 4]","[3, 3, 4]","[0.54, 0.5, 0.79]","[['C', 'D', 'A', 'B'], ['D', 'C', 'A', 'B'], ['C', 'A', 'D', 'B']]","{'C': 5, 'A': 4, 'D': 4, 'B': 2}","[0.58, 0.88, 1.0]",4.0
99,"[1, 3, 4]","[3, 3, 4]","[0.54, 0.5, 0.79]","[['C', 'D', 'A', 'B'], ['D', 'C', 'A', 'B'], ['C', 'B', 'A', 'D']]","{'C': 5, 'A': 4, 'B': 3, 'D': 3}","[0.58, 0.75, 1.0]",3.91
99,"[1, 3, 4]","[3, 3, 4]","[0.54, 0.5, 0.79]","[['C', 'D', 'A', 'B'], ['D', 'C', 'A', 'B'], ['C', 'D', 'A', 'B']]","{'C': 5, 'A': 4, 'D': 4, 'B': 2}","[0.58, 0.88, 1.0]",4.0
99,"[1, 3, 4]","[3, 3, 4]","[0.54, 0.5, 0.79]","[['C', 'D', 'A', 'B'], ['D', 'C', 'A', 'B'], ['D', 'A', 'C', 'B']]","{'C': 5, 'A': 4, 'D': 4, 'B': 2}","[0.58, 0.88, 1.0]",4.0
99,"[1, 3, 4]","[3, 3, 4]","[0.54, 0.5, 0.79]","[['C', 'D', 'A', 'B'], ['D', 'C', 'A', 'B'], ['D', 'C', 'A', 'B']]","{'C': 5, 'A': 4, 'D': 4, 'B': 2}","[0.58, 0.88, 1.0]",4.0
99,"[1, 3, 4]","[3, 3, 4]","[0.54, 0.5, 0.79]","[['D', 'A', 'C', 'B'], ['A', 'B', 'C', 'D'], ['A', 'B', 'C', 'D']]","{'C': 5, 'A': 4, 'B': 4, 'D': 2}","[0.58, 0.75, 1.0]",3.91
99,"[1, 3, 4]","[3, 3, 4]","[0.54, 0.5, 0.79]","[['D', 'A', 'C', 'B'], ['A', 'B', 'C', 'D'], ['A', 'C', 'B', 'D']]","{'C': 5, 'A': 4, 'B': 4, 'D': 2}","[0.58, 0.75, 1.0]",3.91
99,"[1, 3, 4]","[3, 3, 4]","[0.54, 0.5, 0.79]","[['D', 'A', 'C', 'B'], ['A', 'B', 'C', 'D'], ['A', 'C', 'D', 'B']]","{'C': 5, 'A': 4, 'B': 3, 'D': 3}","[0.58, 0.75, 1.0]",3.91
99,"[1, 3, 4]","[3, 3, 4]","[0.54, 0.5, 0.79]","[['D', 'A', 'C', 'B'], ['A', 'B', 'C', 'D'], ['A', 'D', 'C', 'B']]","{'C': 5, 'A': 4, 'B': 3, 'D': 3}","[0.58, 0.75, 1.0]",3.91
99,"[1, 3, 4]","[3, 3, 4]","[0.54, 0.5, 0.79]","[['D', 'A', 'C', 'B'], ['A', 'B', 'C', 'D'], ['B', 'A', 'C', 'D']]","{'C': 5, 'A': 4, 'B': 4, 'D': 2}","[0.58, 0.75, 1.0]",3.91
99,"[1, 3, 4]","[3, 3, 4]","[0.54, 0.5, 0.79]","[['D', 'A', 'C', 'B'], ['A', 'B', 'C', 'D'], ['B', 'C', 'A', 'D']]","{'C': 5, 'A': 4, 'B': 4, 'D': 2}","[0.58, 0.75, 1.0]",3.91
99,"[1, 3, 4]","[3, 3, 4]","[0.54, 0.5, 0.79]","[['D', 'A', 'C', 'B'], ['A', 'B', 'C', 'D'], ['C', 'A', 'B', 'D']]","{'C': 5, 'A': 4, 'B': 4, 'D': 2}","[0.58, 0.75, 1.0]",3.91
99,"[1, 3, 4]","[3, 3, 4]","[0.54, 0.5, 0.79]","[['D', 'A', 'C', 'B'], ['A', 'B', 'C', 'D'], ['C', 'A', 'D', 'B']]","{'C': 5, 'A': 4, 'B': 3, 'D': 3}","[0.58, 0.75, 1.0]",3.91
99,"[1, 3, 4]","[3, 3, 4]","[0.54, 0.5, 0.79]","[['D', 'A', 'C', 'B'], ['A', 'B', 'C', 'D'], ['C', 'B', 'A', 'D']]","{'C': 5, 'A': 4, 'B': 4, 'D': 2}","[0.58, 0.75, 1.0]",3.91
99,"[1, 3, 4]","[3, 3, 4]","[0.54, 0.5, 0.79]","[['D', 'A', 'C', 'B'], ['A', 'B', 'C', 'D'], ['C', 'D', 'A', 'B']]","{'C': 5, 'A': 4, 'B': 3, 'D': 3}","[0.58, 0.75, 1.0]",3.91
99,"[1, 3, 4]","[3, 3, 4]","[0.54, 0.5, 0.79]","[['D', 'A', 'C', 'B'], ['A', 'B', 'C', 'D'], ['D', 'A', 'C', 'B']]","{'C': 5, 'A': 4, 'B': 3, 'D': 3}","[0.58, 0.75, 1.0]",3.91
99,"[1, 3, 4]","[3, 3, 4]","[0.54, 0.5, 0.79]","[['D', 'A', 'C', 'B'], ['A', 'B', 'C', 'D'], ['D', 'C', 'A', 'B']]","{'C': 5, 'A': 4, 'B': 3, 'D': 3}","[0.58, 0.75, 1.0]",3.91
99,"[1, 3, 4]","[3, 3, 4]","[0.54, 0.5, 0.79]","[['D', 'A', 'C', 'B'], ['A', 'C', 'B', 'D'], ['A', 'B', 'C', 'D']]","{'C': 5, 'A': 4, 'B': 4, 'D': 2}","[0.58, 0.75, 1.0]",3.91
99,"[1, 3, 4]","[3, 3, 4]","[0.54, 0.5, 0.79]","[['D', 'A', 'C', 'B'], ['A', 'C', 'B', 'D'], ['A', 'C', 'B', 'D']]","{'C': 5, 'A': 4, 'B': 4, 'D': 2}","[0.58, 0.75, 1.0]",3.91
99,"[1, 3, 4]","[3, 3, 4]","[0.54, 0.5, 0.79]","[['D', 'A', 'C', 'B'], ['A', 'C', 'B', 'D'], ['A', 'C', 'D', 'B']]","{'C': 5, 'A': 4, 'B': 3, 'D': 3}","[0.58, 0.75, 1.0]",3.91
99,"[1, 3, 4]","[3, 3, 4]","[0.54, 0.5, 0.79]","[['D', 'A', 'C', 'B'], ['A', 'C', 'B', 'D'], ['A', 'D', 'C', 'B']]","{'C': 5, 'A': 4, 'B': 3, 'D': 3}","[0.58, 0.75, 1.0]",3.91
99,"[1, 3, 4]","[3, 3, 4]","[0.54, 0.5, 0.79]","[['D', 'A', 'C', 'B'], ['A', 'C', 'B', 'D'], ['B', 'A', 'C', 'D']]","{'C': 5, 'A': 4, 'B': 4, 'D': 2}","[0.58, 0.75, 1.0]",3.91
99,"[1, 3, 4]","[3, 3, 4]","[0.54, 0.5, 0.79]","[['D', 'A', 'C', 'B'], ['A', 'C', 'B', 'D'], ['B', 'C', 'A', 'D']]","{'C': 5, 'A': 4, 'B': 4, 'D': 2}","[0.58, 0.75, 1.0]",3.91
99,"[1, 3, 4]","[3, 3, 4]","[0.54, 0.5, 0.79]","[['D', 'A', 'C', 'B'], ['A', 'C', 'B', 'D'], ['C', 'A', 'B', 'D']]","{'C': 5, 'A': 4, 'B': 4, 'D': 2}","[0.58, 0.75, 1.0]",3.91
99,"[1, 3, 4]","[3, 3, 4]","[0.54, 0.5, 0.79]","[['D', 'A', 'C', 'B'], ['A', 'C', 'B', 'D'], ['C', 'A', 'D', 'B']]","{'C': 5, 'A': 4, 'B': 3, 'D': 3}","[0.58, 0.75, 1.0]",3.91
99,"[1, 3, 4]","[3, 3, 4]","[0.54, 0.5, 0.79]","[['D', 'A', 'C', 'B'], ['A', 'C', 'B', 'D'], ['C', 'B', 'A', 'D']]","{'C': 5, 'A': 4, 'B': 4, 'D': 2}","[0.58, 0.75, 1.0]",3.91
99,"[1, 3, 4]","[3, 3, 4]","[0.54, 0.5, 0.79]","[['D', 'A', 'C', 'B'], ['A', 'C', 'B', 'D'], ['C', 'D', 'A', 'B']]","{'C': 5, 'A': 4, 'B': 3, 'D': 3}","[0.58, 0.75, 1.0]",3.91
99,"[1, 3, 4]","[3, 3, 4]","[0.54, 0.5, 0.79]","[['D', 'A', 'C', 'B'], ['A', 'C', 'B', 'D'], ['D', 'A', 'C', 'B']]","{'C': 5, 'A': 4, 'B': 3, 'D': 3}","[0.58, 0.75, 1.0]",3.91
99,"[1, 3, 4]","[3, 3, 4]","[0.54, 0.5, 0.79]","[['D', 'A', 'C', 'B'], ['A', 'C', 'B', 'D'], ['D', 'C', 'A', 'B']]","{'C': 5, 'A': 4, 'B': 3, 'D': 3}","[0.58, 0.75, 1.0]",3.91
99,"[1, 3, 4]","[3, 3, 4]","[0.54, 0.5, 0.79]","[['D', 'A', 'C', 'B'], ['A', 'C', 'D', 'B'], ['A', 'B', 'C', 'D']]","{'C': 5, 'A': 4, 'B': 3, 'D': 3}","[0.58, 0.75, 1.0]",3.91
99,"[1, 3, 4]","[3, 3, 4]","[0.54, 0.5, 0.79]","[['D', 'A', 'C', 'B'], ['A', 'C', 'D', 'B'], ['A', 'C', 'B', 'D']]","{'C': 5, 'A': 4, 'B': 3, 'D': 3}","[0.58, 0.75, 1.0]",3.91
99,"[1, 3, 4]","[3, 3, 4]","[0.54, 0.5, 0.79]","[['D', 'A', 'C', 'B'], ['A', 'C', 'D', 'B'], ['A', 'C', 'D', 'B']]","{'C': 5, 'A': 4, 'D': 4, 'B': 2}","[0.58, 0.88, 1.0]",4.0
99,"[1, 3, 4]","[3, 3, 4]","[0.54, 0.5, 0.79]","[['D', 'A', 'C', 'B'], ['A', 'C', 'D', 'B'], ['A', 'D', 'C', 'B']]","{'C': 5, 'A': 4, 'D': 4, 'B': 2}","[0.58, 0.88, 1.0]",4.0
99,"[1, 3, 4]","[3, 3, 4]","[0.54, 0.5, 0.79]","[['D', 'A', 'C', 'B'], ['A', 'C', 'D', 'B'], ['B', 'A', 'C', 'D']]","{'C': 5, 'A': 4, 'B': 3, 'D': 3}","[0.58, 0.75, 1.0]",3.91
99,"[1, 3, 4]","[3, 3, 4]","[0.54, 0.5, 0.79]","[['D', 'A', 'C', 'B'], ['A', 'C', 'D', 'B'], ['B', 'C', 'A', 'D']]","{'C': 5, 'A': 4, 'B': 3, 'D': 3}","[0.58, 0.75, 1.0]",3.91
99,"[1, 3, 4]","[3, 3, 4]","[0.54, 0.5, 0.79]","[['D', 'A', 'C', 'B'], ['A', 'C', 'D', 'B'], ['C', 'A', 'B', 'D']]","{'C': 5, 'A': 4, 'B': 3, 'D': 3}","[0.58, 0.75, 1.0]",3.91
99,"[1, 3, 4]","[3, 3, 4]","[0.54, 0.5, 0.79]","[['D', 'A', 'C', 'B'], ['A', 'C', 'D', 'B'], ['C', 'A', 'D', 'B']]","{'C': 5, 'A': 4, 'D': 4, 'B': 2}","[0.58, 0.88, 1.0]",4.0
99,"[1, 3, 4]","[3, 3, 4]","[0.54, 0.5, 0.79]","[['D', 'A', 'C', 'B'], ['A', 'C', 'D', 'B'], ['C', 'B', 'A', 'D']]","{'C': 5, 'A': 4, 'B': 3, 'D': 3}","[0.58, 0.75, 1.0]",3.91
99,"[1, 3, 4]","[3, 3, 4]","[0.54, 0.5, 0.79]","[['D', 'A', 'C', 'B'], ['A', 'C', 'D', 'B'], ['C', 'D', 'A', 'B']]","{'C': 5, 'A': 4, 'D': 4, 'B': 2}","[0.58, 0.88, 1.0]",4.0
99,"[1, 3, 4]","[3, 3, 4]","[0.54, 0.5, 0.79]","[['D', 'A', 'C', 'B'], ['A', 'C', 'D', 'B'], ['D', 'A', 'C', 'B']]","{'C': 5, 'A': 4, 'D': 4, 'B': 2}","[0.58, 0.88, 1.0]",4.0
99,"[1, 3, 4]","[3, 3, 4]","[0.54, 0.5, 0.79]","[['D', 'A', 'C', 'B'], ['A', 'C', 'D', 'B'], ['D', 'C', 'A', 'B']]","{'C': 5, 'A': 4, 'D': 4, 'B': 2}","[0.58, 0.88, 1.0]",4.0
99,"[1, 3, 4]","[3, 3, 4]","[0.54, 0.5, 0.79]","[['D', 'A', 'C', 'B'], ['A', 'D', 'C', 'B'], ['A', 'B', 'C', 'D']]","{'C': 5, 'A': 4, 'B': 3, 'D': 3}","[0.58, 0.75, 1.0]",3.91
99,"[1, 3, 4]","[3, 3, 4]","[0.54, 0.5, 0.79]","[['D', 'A', 'C', 'B'], ['A', 'D', 'C', 'B'], ['A', 'C', 'B', 'D']]","{'C': 5, 'A': 4, 'B': 3, 'D': 3}","[0.58, 0.75, 1.0]",3.91
99,"[1, 3, 4]","[3, 3, 4]","[0.54, 0.5, 0.79]","[['D', 'A', 'C', 'B'], ['A', 'D', 'C', 'B'], ['A', 'C', 'D', 'B']]","{'C': 5, 'A': 4, 'D': 4, 'B': 2}","[0.58, 0.88, 1.0]",4.0
99,"[1, 3, 4]","[3, 3, 4]","[0.54, 0.5, 0.79]","[['D', 'A', 'C', 'B'], ['A', 'D', 'C', 'B'], ['A', 'D', 'C', 'B']]","{'C': 5, 'A': 4, 'D': 4, 'B': 2}","[0.58, 0.88, 1.0]",4.0
99,"[1, 3, 4]","[3, 3, 4]","[0.54, 0.5, 0.79]","[['D', 'A', 'C', 'B'], ['A', 'D', 'C', 'B'], ['B', 'A', 'C', 'D']]","{'C': 5, 'A': 4, 'B': 3, 'D': 3}","[0.58, 0.75, 1.0]",3.91
99,"[1, 3, 4]","[3, 3, 4]","[0.54, 0.5, 0.79]","[['D', 'A', 'C', 'B'], ['A', 'D', 'C', 'B'], ['B', 'C', 'A', 'D']]","{'C': 5, 'A': 4, 'B': 3, 'D': 3}","[0.58, 0.75, 1.0]",3.91
99,"[1, 3, 4]","[3, 3, 4]","[0.54, 0.5, 0.79]","[['D', 'A', 'C', 'B'], ['A', 'D', 'C', 'B'], ['C', 'A', 'B', 'D']]","{'C': 5, 'A': 4, 'B': 3, 'D': 3}","[0.58, 0.75, 1.0]",3.91
99,"[1, 3, 4]","[3, 3, 4]","[0.54, 0.5, 0.79]","[['D', 'A', 'C', 'B'], ['A', 'D', 'C', 'B'], ['C', 'A', 'D', 'B']]","{'C': 5, 'A': 4, 'D': 4, 'B': 2}","[0.58, 0.88, 1.0]",4.0
99,"[1, 3, 4]","[3, 3, 4]","[0.54, 0.5, 0.79]","[['D', 'A', 'C', 'B'], ['A', 'D', 'C', 'B'], ['C', 'B', 'A', 'D']]","{'C': 5, 'A': 4, 'B': 3, 'D': 3}","[0.58, 0.75, 1.0]",3.91
99,"[1, 3, 4]","[3, 3, 4]","[0.54, 0.5, 0.79]","[['D', 'A', 'C', 'B'], ['A', 'D', 'C', 'B'], ['C', 'D', 'A', 'B']]","{'C': 5, 'A': 4, 'D': 4, 'B': 2}","[0.58, 0.88, 1.0]",4.0
99,"[1, 3, 4]","[3, 3, 4]","[0.54, 0.5, 0.79]","[['D', 'A', 'C', 'B'], ['A', 'D', 'C', 'B'], ['D', 'A', 'C', 'B']]","{'C': 5, 'A': 4, 'D': 4, 'B': 2}","[0.58, 0.88, 1.0]",4.0
99,"[1, 3, 4]","[3, 3, 4]","[0.54, 0.5, 0.79]","[['D', 'A', 'C', 'B'], ['A', 'D', 'C', 'B'], ['D', 'C', 'A', 'B']]","{'C': 5, 'A': 4, 'D': 4, 'B': 2}","[0.58, 0.88, 1.0]",4.0
99,"[1, 3, 4]","[3, 3, 4]","[0.54, 0.5, 0.79]","[['D', 'A', 'C', 'B'], ['B', 'A', 'C', 'D'], ['A', 'B', 'C', 'D']]","{'C': 5, 'A': 4, 'B': 4, 'D': 2}","[0.58, 0.75, 1.0]",3.91
99,"[1, 3, 4]","[3, 3, 4]","[0.54, 0.5, 0.79]","[['D', 'A', 'C', 'B'], ['B', 'A', 'C', 'D'], ['A', 'C', 'B', 'D']]","{'C': 5, 'A': 4, 'B': 4, 'D': 2}","[0.58, 0.75, 1.0]",3.91
99,"[1, 3, 4]","[3, 3, 4]","[0.54, 0.5, 0.79]","[['D', 'A', 'C', 'B'], ['B', 'A', 'C', 'D'], ['A', 'C', 'D', 'B']]","{'C': 5, 'A': 4, 'B': 3, 'D': 3}","[0.58, 0.75, 1.0]",3.91
99,"[1, 3, 4]","[3, 3, 4]","[0.54, 0.5, 0.79]","[['D', 'A', 'C', 'B'], ['B', 'A', 'C', 'D'], ['A', 'D', 'C', 'B']]","{'C': 5, 'A': 4, 'B': 3, 'D': 3}","[0.58, 0.75, 1.0]",3.91
99,"[1, 3, 4]","[3, 3, 4]","[0.54, 0.5, 0.79]","[['D', 'A', 'C', 'B'], ['B', 'A', 'C', 'D'], ['B', 'A', 'C', 'D']]","{'C': 5, 'A': 4, 'B': 4, 'D': 2}","[0.58, 0.75, 1.0]",3.91
99,"[1, 3, 4]","[3, 3, 4]","[0.54, 0.5, 0.79]","[['D', 'A', 'C', 'B'], ['B', 'A', 'C', 'D'], ['B', 'C', 'A', 'D']]","{'C': 5, 'A': 4, 'B': 4, 'D': 2}","[0.58, 0.75, 1.0]",3.91
99,"[1, 3, 4]","[3, 3, 4]","[0.54, 0.5, 0.79]","[['D', 'A', 'C', 'B'], ['B', 'A', 'C', 'D'], ['C', 'A', 'B', 'D']]","{'C': 5, 'A': 4, 'B': 4, 'D': 2}","[0.58, 0.75, 1.0]",3.91
99,"[1, 3, 4]","[3, 3, 4]","[0.54, 0.5, 0.79]","[['D', 'A', 'C', 'B'], ['B', 'A', 'C', 'D'], ['C', 'A', 'D', 'B']]","{'C': 5, 'A': 4, 'B': 3, 'D': 3}","[0.58, 0.75, 1.0]",3.91
99,"[1, 3, 4]","[3, 3, 4]","[0.54, 0.5, 0.79]","[['D', 'A', 'C', 'B'], ['B', 'A', 'C', 'D'], ['C', 'B', 'A', 'D']]","{'C': 5, 'A': 4, 'B': 4, 'D': 2}","[0.58, 0.75, 1.0]",3.91
99,"[1, 3, 4]","[3, 3, 4]","[0.54, 0.5, 0.79]","[['D', 'A', 'C', 'B'], ['B', 'A', 'C', 'D'], ['C', 'D', 'A', 'B']]","{'C': 5, 'A': 4, 'B': 3, 'D': 3}","[0.58, 0.75, 1.0]",3.91
99,"[1, 3, 4]","[3, 3, 4]","[0.54, 0.5, 0.79]","[['D', 'A', 'C', 'B'], ['B', 'A', 'C', 'D'], ['D', 'A', 'C', 'B']]","{'C': 5, 'A': 4, 'B': 3, 'D': 3}","[0.58, 0.75, 1.0]",3.91
99,"[1, 3, 4]","[3, 3, 4]","[0.54, 0.5, 0.79]","[['D', 'A', 'C', 'B'], ['B', 'A', 'C', 'D'], ['D', 'C', 'A', 'B']]","{'C': 5, 'A': 4, 'B': 3, 'D': 3}","[0.58, 0.75, 1.0]",3.91
99,"[1, 3, 4]","[3, 3, 4]","[0.54, 0.5, 0.79]","[['D', 'A', 'C', 'B'], ['B', 'C', 'A', 'D'], ['A', 'B', 'C', 'D']]","{'C': 5, 'A': 4, 'B': 4, 'D': 2}","[0.58, 0.75, 1.0]",3.91
99,"[1, 3, 4]","[3, 3, 4]","[0.54, 0.5, 0.79]","[['D', 'A', 'C', 'B'], ['B', 'C', 'A', 'D'], ['A', 'C', 'B', 'D']]","{'C': 5, 'A': 4, 'B': 4, 'D': 2}","[0.58, 0.75, 1.0]",3.91
99,"[1, 3, 4]","[3, 3, 4]","[0.54, 0.5, 0.79]","[['D', 'A', 'C', 'B'], ['B', 'C', 'A', 'D'], ['A', 'C', 'D', 'B']]","{'C': 5, 'A': 4, 'B': 3, 'D': 3}","[0.58, 0.75, 1.0]",3.91
99,"[1, 3, 4]","[3, 3, 4]","[0.54, 0.5, 0.79]","[['D', 'A', 'C', 'B'], ['B', 'C', 'A', 'D'], ['A', 'D', 'C', 'B']]","{'C': 5, 'A': 4, 'B': 3, 'D': 3}","[0.58, 0.75, 1.0]",3.91
99,"[1, 3, 4]","[3, 3, 4]","[0.54, 0.5, 0.79]","[['D', 'A', 'C', 'B'], ['B', 'C', 'A', 'D'], ['B', 'A', 'C', 'D']]","{'C': 5, 'A': 4, 'B': 4, 'D': 2}","[0.58, 0.75, 1.0]",3.91
99,"[1, 3, 4]","[3, 3, 4]","[0.54, 0.5, 0.79]","[['D', 'A', 'C', 'B'], ['B', 'C', 'A', 'D'], ['B', 'C', 'A', 'D']]","{'C': 5, 'A': 4, 'B': 4, 'D': 2}","[0.58, 0.75, 1.0]",3.91
99,"[1, 3, 4]","[3, 3, 4]","[0.54, 0.5, 0.79]","[['D', 'A', 'C', 'B'], ['B', 'C', 'A', 'D'], ['C', 'A', 'B', 'D']]","{'C': 5, 'A': 4, 'B': 4, 'D': 2}","[0.58, 0.75, 1.0]",3.91
99,"[1, 3, 4]","[3, 3, 4]","[0.54, 0.5, 0.79]","[['D', 'A', 'C', 'B'], ['B', 'C', 'A', 'D'], ['C', 'A', 'D', 'B']]","{'C': 5, 'A': 4, 'B': 3, 'D': 3}","[0.58, 0.75, 1.0]",3.91
99,"[1, 3, 4]","[3, 3, 4]","[0.54, 0.5, 0.79]","[['D', 'A', 'C', 'B'], ['B', 'C', 'A', 'D'], ['C', 'B', 'A', 'D']]","{'C': 5, 'A': 4, 'B': 4, 'D': 2}","[0.58, 0.75, 1.0]",3.91
99,"[1, 3, 4]","[3, 3, 4]","[0.54, 0.5, 0.79]","[['D', 'A', 'C', 'B'], ['B', 'C', 'A', 'D'], ['C', 'D', 'A', 'B']]","{'C': 5, 'A': 4, 'B': 3, 'D': 3}","[0.58, 0.75, 1.0]",3.91
99,"[1, 3, 4]","[3, 3, 4]","[0.54, 0.5, 0.79]","[['D', 'A', 'C', 'B'], ['B', 'C', 'A', 'D'], ['D', 'A', 'C', 'B']]","{'C': 5, 'A': 4, 'B': 3, 'D': 3}","[0.58, 0.75, 1.0]",3.91
99,"[1, 3, 4]","[3, 3, 4]","[0.54, 0.5, 0.79]","[['D', 'A', 'C', 'B'], ['B', 'C', 'A', 'D'], ['D', 'C', 'A', 'B']]","{'C': 5, 'A': 4, 'B': 3, 'D': 3}","[0.58, 0.75, 1.0]",3.91
99,"[1, 3, 4]","[3, 3, 4]","[0.54, 0.5, 0.79]","[['D', 'A', 'C', 'B'], ['C', 'A', 'B', 'D'], ['A', 'B', 'C', 'D']]","{'C': 5, 'A': 4, 'B': 4, 'D': 2}","[0.58, 0.75, 1.0]",3.91
99,"[1, 3, 4]","[3, 3, 4]","[0.54, 0.5, 0.79]","[['D', 'A', 'C', 'B'], ['C', 'A', 'B', 'D'], ['A', 'C', 'B', 'D']]","{'C': 5, 'A': 4, 'B': 4, 'D': 2}","[0.58, 0.75, 1.0]",3.91
99,"[1, 3, 4]","[3, 3, 4]","[0.54, 0.5, 0.79]","[['D', 'A', 'C', 'B'], ['C', 'A', 'B', 'D'], ['A', 'C', 'D', 'B']]","{'C': 5, 'A': 4, 'B': 3, 'D': 3}","[0.58, 0.75, 1.0]",3.91
99,"[1, 3, 4]","[3, 3, 4]","[0.54, 0.5, 0.79]","[['D', 'A', 'C', 'B'], ['C', 'A', 'B', 'D'], ['A', 'D', 'C', 'B']]","{'C': 5, 'A': 4, 'B': 3, 'D': 3}","[0.58, 0.75, 1.0]",3.91
99,"[1, 3, 4]","[3, 3, 4]","[0.54, 0.5, 0.79]","[['D', 'A', 'C', 'B'], ['C', 'A', 'B', 'D'], ['B', 'A', 'C', 'D']]","{'C': 5, 'A': 4, 'B': 4, 'D': 2}","[0.58, 0.75, 1.0]",3.91
99,"[1, 3, 4]","[3, 3, 4]","[0.54, 0.5, 0.79]","[['D', 'A', 'C', 'B'], ['C', 'A', 'B', 'D'], ['B', 'C', 'A', 'D']]","{'C': 5, 'A': 4, 'B': 4, 'D': 2}","[0.58, 0.75, 1.0]",3.91
99,"[1, 3, 4]","[3, 3, 4]","[0.54, 0.5, 0.79]","[['D', 'A', 'C', 'B'], ['C', 'A', 'B', 'D'], ['C', 'A', 'B', 'D']]","{'C': 5, 'A': 4, 'B': 4, 'D': 2}","[0.58, 0.75, 1.0]",3.91
99,"[1, 3, 4]","[3, 3, 4]","[0.54, 0.5, 0.79]","[['D', 'A', 'C', 'B'], ['C', 'A', 'B', 'D'], ['C', 'A', 'D', 'B']]","{'C': 5, 'A': 4, 'B': 3, 'D': 3}","[0.58, 0.75, 1.0]",3.91
99,"[1, 3, 4]","[3, 3, 4]","[0.54, 0.5, 0.79]","[['D', 'A', 'C', 'B'], ['C', 'A', 'B', 'D'], ['C', 'B', 'A', 'D']]","{'C': 5, 'A': 4, 'B': 4, 'D': 2}","[0.58, 0.75, 1.0]",3.91
99,"[1, 3, 4]","[3, 3, 4]","[0.54, 0.5, 0.79]","[['D', 'A', 'C', 'B'], ['C', 'A', 'B', 'D'], ['C', 'D', 'A', 'B']]","{'C': 5, 'A': 4, 'B': 3, 'D': 3}","[0.58, 0.75, 1.0]",3.91
99,"[1, 3, 4]","[3, 3, 4]","[0.54, 0.5, 0.79]","[['D', 'A', 'C', 'B'], ['C', 'A', 'B', 'D'], ['D', 'A', 'C', 'B']]","{'C': 5, 'A': 4, 'B': 3, 'D': 3}","[0.58, 0.75, 1.0]",3.91
99,"[1, 3, 4]","[3, 3, 4]","[0.54, 0.5, 0.79]","[['D', 'A', 'C', 'B'], ['C', 'A', 'B', 'D'], ['D', 'C', 'A', 'B']]","{'C': 5, 'A': 4, 'B': 3, 'D': 3}","[0.58, 0.75, 1.0]",3.91
99,"[1, 3, 4]","[3, 3, 4]","[0.54, 0.5, 0.79]","[['D', 'A', 'C', 'B'], ['C', 'A', 'D', 'B'], ['A', 'B', 'C', 'D']]","{'C': 5, 'A': 4, 'B': 3, 'D': 3}","[0.58, 0.75, 1.0]",3.91
99,"[1, 3, 4]","[3, 3, 4]","[0.54, 0.5, 0.79]","[['D', 'A', 'C', 'B'], ['C', 'A', 'D', 'B'], ['A', 'C', 'B', 'D']]","{'C': 5, 'A': 4, 'B': 3, 'D': 3}","[0.58, 0.75, 1.0]",3.91
99,"[1, 3, 4]","[3, 3, 4]","[0.54, 0.5, 0.79]","[['D', 'A', 'C', 'B'], ['C', 'A', 'D', 'B'], ['A', 'C', 'D', 'B']]","{'C': 5, 'A': 4, 'D': 4, 'B': 2}","[0.58, 0.88, 1.0]",4.0
99,"[1, 3, 4]","[3, 3, 4]","[0.54, 0.5, 0.79]","[['D', 'A', 'C', 'B'], ['C', 'A', 'D', 'B'], ['A', 'D', 'C', 'B']]","{'C': 5, 'A': 4, 'D': 4, 'B': 2}","[0.58, 0.88, 1.0]",4.0
99,"[1, 3, 4]","[3, 3, 4]","[0.54, 0.5, 0.79]","[['D', 'A', 'C', 'B'], ['C', 'A', 'D', 'B'], ['B', 'A', 'C', 'D']]","{'C': 5, 'A': 4, 'B': 3, 'D': 3}","[0.58, 0.75, 1.0]",3.91
99,"[1, 3, 4]","[3, 3, 4]","[0.54, 0.5, 0.79]","[['D', 'A', 'C', 'B'], ['C', 'A', 'D', 'B'], ['B', 'C', 'A', 'D']]","{'C': 5, 'A': 4, 'B': 3, 'D': 3}","[0.58, 0.75, 1.0]",3.91
99,"[1, 3, 4]","[3, 3, 4]","[0.54, 0.5, 0.79]","[['D', 'A', 'C', 'B'], ['C', 'A', 'D', 'B'], ['C', 'A', 'B', 'D']]","{'C': 5, 'A': 4, 'B': 3, 'D': 3}","[0.58, 0.75, 1.0]",3.91
99,"[1, 3, 4]","[3, 3, 4]","[0.54, 0.5, 0.79]","[['D', 'A', 'C', 'B'], ['C', 'A', 'D', 'B'], ['C', 'A', 'D', 'B']]","{'C': 5, 'A': 4, 'D': 4, 'B': 2}","[0.58, 0.88, 1.0]",4.0
99,"[1, 3, 4]","[3, 3, 4]","[0.54, 0.5, 0.79]","[['D', 'A', 'C', 'B'], ['C', 'A', 'D', 'B'], ['C', 'B', 'A', 'D']]","{'C': 5, 'A': 4, 'B': 3, 'D': 3}","[0.58, 0.75, 1.0]",3.91
99,"[1, 3, 4]","[3, 3, 4]","[0.54, 0.5, 0.79]","[['D', 'A', 'C', 'B'], ['C', 'A', 'D', 'B'], ['C', 'D', 'A', 'B']]","{'C': 5, 'A': 4, 'D': 4, 'B': 2}","[0.58, 0.88, 1.0]",4.0
99,"[1, 3, 4]","[3, 3, 4]","[0.54, 0.5, 0.79]","[['D', 'A', 'C', 'B'], ['C', 'A', 'D', 'B'], ['D', 'A', 'C', 'B']]","{'C': 5, 'A': 4, 'D': 4, 'B': 2}","[0.58, 0.88, 1.0]",4.0
99,"[1, 3, 4]","[3, 3, 4]","[0.54, 0.5, 0.79]","[['D', 'A', 'C', 'B'], ['C', 'A', 'D', 'B'], ['D', 'C', 'A', 'B']]","{'C': 5, 'A': 4, 'D': 4, 'B': 2}","[0.58, 0.88, 1.0]",4.0
99,"[1, 3, 4]","[3, 3, 4]","[0.54, 0.5, 0.79]","[['D', 'A', 'C', 'B'], ['C', 'B', 'A', 'D'], ['A', 'B', 'C', 'D']]","{'C': 5, 'A': 4, 'B': 4, 'D': 2}","[0.58, 0.75, 1.0]",3.91
99,"[1, 3, 4]","[3, 3, 4]","[0.54, 0.5, 0.79]","[['D', 'A', 'C', 'B'], ['C', 'B', 'A', 'D'], ['A', 'C', 'B', 'D']]","{'C': 5, 'A': 4, 'B': 4, 'D': 2}","[0.58, 0.75, 1.0]",3.91
99,"[1, 3, 4]","[3, 3, 4]","[0.54, 0.5, 0.79]","[['D', 'A', 'C', 'B'], ['C', 'B', 'A', 'D'], ['A', 'C', 'D', 'B']]","{'C': 5, 'A': 4, 'B': 3, 'D': 3}","[0.58, 0.75, 1.0]",3.91
99,"[1, 3, 4]","[3, 3, 4]","[0.54, 0.5, 0.79]","[['D', 'A', 'C', 'B'], ['C', 'B', 'A', 'D'], ['A', 'D', 'C', 'B']]","{'C': 5, 'A': 4, 'B': 3, 'D': 3}","[0.58, 0.75, 1.0]",3.91
99,"[1, 3, 4]","[3, 3, 4]","[0.54, 0.5, 0.79]","[['D', 'A', 'C', 'B'], ['C', 'B', 'A', 'D'], ['B', 'A', 'C', 'D']]","{'C': 5, 'A': 4, 'B': 4, 'D': 2}","[0.58, 0.75, 1.0]",3.91
99,"[1, 3, 4]","[3, 3, 4]","[0.54, 0.5, 0.79]","[['D', 'A', 'C', 'B'], ['C', 'B', 'A', 'D'], ['B', 'C', 'A', 'D']]","{'C': 5, 'A': 4, 'B': 4, 'D': 2}","[0.58, 0.75, 1.0]",3.91
99,"[1, 3, 4]","[3, 3, 4]","[0.54, 0.5, 0.79]","[['D', 'A', 'C', 'B'], ['C', 'B', 'A', 'D'], ['C', 'A', 'B', 'D']]","{'C': 5, 'A': 4, 'B': 4, 'D': 2}","[0.58, 0.75, 1.0]",3.91
99,"[1, 3, 4]","[3, 3, 4]","[0.54, 0.5, 0.79]","[['D', 'A', 'C', 'B'], ['C', 'B', 'A', 'D'], ['C', 'A', 'D', 'B']]","{'C': 5, 'A': 4, 'B': 3, 'D': 3}","[0.58, 0.75, 1.0]",3.91
99,"[1, 3, 4]","[3, 3, 4]","[0.54, 0.5, 0.79]","[['D', 'A', 'C', 'B'], ['C', 'B', 'A', 'D'], ['C', 'B', 'A', 'D']]","{'C': 5, 'A': 4, 'B': 4, 'D': 2}","[0.58, 0.75, 1.0]",3.91
99,"[1, 3, 4]","[3, 3, 4]","[0.54, 0.5, 0.79]","[['D', 'A', 'C', 'B'], ['C', 'B', 'A', 'D'], ['C', 'D', 'A', 'B']]","{'C': 5, 'A': 4, 'B': 3, 'D': 3}","[0.58, 0.75, 1.0]",3.91
99,"[1, 3, 4]","[3, 3, 4]","[0.54, 0.5, 0.79]","[['D', 'A', 'C', 'B'], ['C', 'B', 'A', 'D'], ['D', 'A', 'C', 'B']]","{'C': 5, 'A': 4, 'B': 3, 'D': 3}","[0.58, 0.75, 1.0]",3.91
99,"[1, 3, 4]","[3, 3, 4]","[0.54, 0.5, 0.79]","[['D', 'A', 'C', 'B'], ['C', 'B', 'A', 'D'], ['D', 'C', 'A', 'B']]","{'C': 5, 'A': 4, 'B': 3, 'D': 3}","[0.58, 0.75, 1.0]",3.91
99,"[1, 3, 4]","[3, 3, 4]","[0.54, 0.5, 0.79]","[['D', 'A', 'C', 'B'], ['C', 'D', 'A', 'B'], ['A', 'B', 'C', 'D']]","{'C': 5, 'A': 4, 'B': 3, 'D': 3}","[0.58, 0.75, 1.0]",3.91
99,"[1, 3, 4]","[3, 3, 4]","[0.54, 0.5, 0.79]","[['D', 'A', 'C', 'B'], ['C', 'D', 'A', 'B'], ['A', 'C', 'B', 'D']]","{'C': 5, 'A': 4, 'B': 3, 'D': 3}","[0.58, 0.75, 1.0]",3.91
99,"[1, 3, 4]","[3, 3, 4]","[0.54, 0.5, 0.79]","[['D', 'A', 'C', 'B'], ['C', 'D', 'A', 'B'], ['A', 'C', 'D', 'B']]","{'C': 5, 'A': 4, 'D': 4, 'B': 2}","[0.58, 0.88, 1.0]",4.0
99,"[1, 3, 4]","[3, 3, 4]","[0.54, 0.5, 0.79]","[['D', 'A', 'C', 'B'], ['C', 'D', 'A', 'B'], ['A', 'D', 'C', 'B']]","{'C': 5, 'A': 4, 'D': 4, 'B': 2}","[0.58, 0.88, 1.0]",4.0
99,"[1, 3, 4]","[3, 3, 4]","[0.54, 0.5, 0.79]","[['D', 'A', 'C', 'B'], ['C', 'D', 'A', 'B'], ['B', 'A', 'C', 'D']]","{'C': 5, 'A': 4, 'B': 3, 'D': 3}","[0.58, 0.75, 1.0]",3.91
99,"[1, 3, 4]","[3, 3, 4]","[0.54, 0.5, 0.79]","[['D', 'A', 'C', 'B'], ['C', 'D', 'A', 'B'], ['B', 'C', 'A', 'D']]","{'C': 5, 'A': 4, 'B': 3, 'D': 3}","[0.58, 0.75, 1.0]",3.91
99,"[1, 3, 4]","[3, 3, 4]","[0.54, 0.5, 0.79]","[['D', 'A', 'C', 'B'], ['C', 'D', 'A', 'B'], ['C', 'A', 'B', 'D']]","{'C': 5, 'A': 4, 'B': 3, 'D': 3}","[0.58, 0.75, 1.0]",3.91
99,"[1, 3, 4]","[3, 3, 4]","[0.54, 0.5, 0.79]","[['D', 'A', 'C', 'B'], ['C', 'D', 'A', 'B'], ['C', 'A', 'D', 'B']]","{'C': 5, 'A': 4, 'D': 4, 'B': 2}","[0.58, 0.88, 1.0]",4.0
99,"[1, 3, 4]","[3, 3, 4]","[0.54, 0.5, 0.79]","[['D', 'A', 'C', 'B'], ['C', 'D', 'A', 'B'], ['C', 'B', 'A', 'D']]","{'C': 5, 'A': 4, 'B': 3, 'D': 3}","[0.58, 0.75, 1.0]",3.91
99,"[1, 3, 4]","[3, 3, 4]","[0.54, 0.5, 0.79]","[['D', 'A', 'C', 'B'], ['C', 'D', 'A', 'B'], ['C', 'D', 'A', 'B']]","{'C': 5, 'A': 4, 'D': 4, 'B': 2}","[0.58, 0.88, 1.0]",4.0
99,"[1, 3, 4]","[3, 3, 4]","[0.54, 0.5, 0.79]","[['D', 'A', 'C', 'B'], ['C', 'D', 'A', 'B'], ['D', 'A', 'C', 'B']]","{'C': 5, 'A': 4, 'D': 4, 'B': 2}","[0.58, 0.88, 1.0]",4.0
99,"[1, 3, 4]","[3, 3, 4]","[0.54, 0.5, 0.79]","[['D', 'A', 'C', 'B'], ['C', 'D', 'A', 'B'], ['D', 'C', 'A', 'B']]","{'C': 5, 'A': 4, 'D': 4, 'B': 2}","[0.58, 0.88, 1.0]",4.0
99,"[1, 3, 4]","[3, 3, 4]","[0.54, 0.5, 0.79]","[['D', 'A', 'C', 'B'], ['D', 'A', 'C', 'B'], ['A', 'B', 'C', 'D']]","{'C': 5, 'A': 4, 'B': 3, 'D': 3}","[0.58, 0.75, 1.0]",3.91
99,"[1, 3, 4]","[3, 3, 4]","[0.54, 0.5, 0.79]","[['D', 'A', 'C', 'B'], ['D', 'A', 'C', 'B'], ['A', 'C', 'B', 'D']]","{'C': 5, 'A': 4, 'B': 3, 'D': 3}","[0.58, 0.75, 1.0]",3.91
99,"[1, 3, 4]","[3, 3, 4]","[0.54, 0.5, 0.79]","[['D', 'A', 'C', 'B'], ['D', 'A', 'C', 'B'], ['A', 'C', 'D', 'B']]","{'C': 5, 'A': 4, 'D': 4, 'B': 2}","[0.58, 0.88, 1.0]",4.0
99,"[1, 3, 4]","[3, 3, 4]","[0.54, 0.5, 0.79]","[['D', 'A', 'C', 'B'], ['D', 'A', 'C', 'B'], ['A', 'D', 'C', 'B']]","{'C': 5, 'A': 4, 'D': 4, 'B': 2}","[0.58, 0.88, 1.0]",4.0
99,"[1, 3, 4]","[3, 3, 4]","[0.54, 0.5, 0.79]","[['D', 'A', 'C', 'B'], ['D', 'A', 'C', 'B'], ['B', 'A', 'C', 'D']]","{'C': 5, 'A': 4, 'B': 3, 'D': 3}","[0.58, 0.75, 1.0]",3.91
99,"[1, 3, 4]","[3, 3, 4]","[0.54, 0.5, 0.79]","[['D', 'A', 'C', 'B'], ['D', 'A', 'C', 'B'], ['B', 'C', 'A', 'D']]","{'C': 5, 'A': 4, 'B': 3, 'D': 3}","[0.58, 0.75, 1.0]",3.91
99,"[1, 3, 4]","[3, 3, 4]","[0.54, 0.5, 0.79]","[['D', 'A', 'C', 'B'], ['D', 'A', 'C', 'B'], ['C', 'A', 'B', 'D']]","{'C': 5, 'A': 4, 'B': 3, 'D': 3}","[0.58, 0.75, 1.0]",3.91
99,"[1, 3, 4]","[3, 3, 4]","[0.54, 0.5, 0.79]","[['D', 'A', 'C', 'B'], ['D', 'A', 'C', 'B'], ['C', 'A', 'D', 'B']]","{'C': 5, 'A': 4, 'D': 4, 'B': 2}","[0.58, 0.88, 1.0]",4.0
99,"[1, 3, 4]","[3, 3, 4]","[0.54, 0.5, 0.79]","[['D', 'A', 'C', 'B'], ['D', 'A', 'C', 'B'], ['C', 'B', 'A', 'D']]","{'C': 5, 'A': 4, 'B': 3, 'D': 3}","[0.58, 0.75, 1.0]",3.91
99,"[1, 3, 4]","[3, 3, 4]","[0.54, 0.5, 0.79]","[['D', 'A', 'C', 'B'], ['D', 'A', 'C', 'B'], ['C', 'D', 'A', 'B']]","{'C': 5, 'A': 4, 'D': 4, 'B': 2}","[0.58, 0.88, 1.0]",4.0
99,"[1, 3, 4]","[3, 3, 4]","[0.54, 0.5, 0.79]","[['D', 'A', 'C', 'B'], ['D', 'A', 'C', 'B'], ['D', 'A', 'C', 'B']]","{'C': 5, 'A': 4, 'D': 4, 'B': 2}","[0.58, 0.88, 1.0]",4.0
99,"[1, 3, 4]","[3, 3, 4]","[0.54, 0.5, 0.79]","[['D', 'A', 'C', 'B'], ['D', 'A', 'C', 'B'], ['D', 'C', 'A', 'B']]","{'C': 5, 'A': 4, 'D': 4, 'B': 2}","[0.58, 0.88, 1.0]",4.0
99,"[1, 3, 4]","[3, 3, 4]","[0.54, 0.5, 0.79]","[['D', 'A', 'C', 'B'], ['D', 'C', 'A', 'B'], ['A', 'B', 'C', 'D']]","{'C': 5, 'A': 4, 'B': 3, 'D': 3}","[0.58, 0.75, 1.0]",3.91
99,"[1, 3, 4]","[3, 3, 4]","[0.54, 0.5, 0.79]","[['D', 'A', 'C', 'B'], ['D', 'C', 'A', 'B'], ['A', 'C', 'B', 'D']]","{'C': 5, 'A': 4, 'B': 3, 'D': 3}","[0.58, 0.75, 1.0]",3.91
99,"[1, 3, 4]","[3, 3, 4]","[0.54, 0.5, 0.79]","[['D', 'A', 'C', 'B'], ['D', 'C', 'A', 'B'], ['A', 'C', 'D', 'B']]","{'C': 5, 'A': 4, 'D': 4, 'B': 2}","[0.58, 0.88, 1.0]",4.0
99,"[1, 3, 4]","[3, 3, 4]","[0.54, 0.5, 0.79]","[['D', 'A', 'C', 'B'], ['D', 'C', 'A', 'B'], ['A', 'D', 'C', 'B']]","{'C': 5, 'A': 4, 'D': 4, 'B': 2}","[0.58, 0.88, 1.0]",4.0
99,"[1, 3, 4]","[3, 3, 4]","[0.54, 0.5, 0.79]","[['D', 'A', 'C', 'B'], ['D', 'C', 'A', 'B'], ['B', 'A', 'C', 'D']]","{'C': 5, 'A': 4, 'B': 3, 'D': 3}","[0.58, 0.75, 1.0]",3.91
99,"[1, 3, 4]","[3, 3, 4]","[0.54, 0.5, 0.79]","[['D', 'A', 'C', 'B'], ['D', 'C', 'A', 'B'], ['B', 'C', 'A', 'D']]","{'C': 5, 'A': 4, 'B': 3, 'D': 3}","[0.58, 0.75, 1.0]",3.91
99,"[1, 3, 4]","[3, 3, 4]","[0.54, 0.5, 0.79]","[['D', 'A', 'C', 'B'], ['D', 'C', 'A', 'B'], ['C', 'A', 'B', 'D']]","{'C': 5, 'A': 4, 'B': 3, 'D': 3}","[0.58, 0.75, 1.0]",3.91
99,"[1, 3, 4]","[3, 3, 4]","[0.54, 0.5, 0.79]","[['D', 'A', 'C', 'B'], ['D', 'C', 'A', 'B'], ['C', 'A', 'D', 'B']]","{'C': 5, 'A': 4, 'D': 4, 'B': 2}","[0.58, 0.88, 1.0]",4.0
99,"[1, 3, 4]","[3, 3, 4]","[0.54, 0.5, 0.79]","[['D', 'A', 'C', 'B'], ['D', 'C', 'A', 'B'], ['C', 'B', 'A', 'D']]","{'C': 5, 'A': 4, 'B': 3, 'D': 3}","[0.58, 0.75, 1.0]",3.91
99,"[1, 3, 4]","[3, 3, 4]","[0.54, 0.5, 0.79]","[['D', 'A', 'C', 'B'], ['D', 'C', 'A', 'B'], ['C', 'D', 'A', 'B']]","{'C': 5, 'A': 4, 'D': 4, 'B': 2}","[0.58, 0.88, 1.0]",4.0
99,"[1, 3, 4]","[3, 3, 4]","[0.54, 0.5, 0.79]","[['D', 'A', 'C', 'B'], ['D', 'C', 'A', 'B'], ['D', 'A', 'C', 'B']]","{'C': 5, 'A': 4, 'D': 4, 'B': 2}","[0.58, 0.88, 1.0]",4.0
99,"[1, 3, 4]","[3, 3, 4]","[0.54, 0.5, 0.79]","[['D', 'A', 'C', 'B'], ['D', 'C', 'A', 'B'], ['D', 'C', 'A', 'B']]","{'C': 5, 'A': 4, 'D': 4, 'B': 2}","[0.58, 0.88, 1.0]",4.0
99,"[1, 3, 4]","[3, 3, 4]","[0.54, 0.5, 0.79]","[['D', 'C', 'A', 'B'], ['A', 'B', 'C', 'D'], ['A', 'B', 'C', 'D']]","{'C': 5, 'A': 4, 'B': 4, 'D': 2}","[0.58, 0.75, 1.0]",3.91
99,"[1, 3, 4]","[3, 3, 4]","[0.54, 0.5, 0.79]","[['D', 'C', 'A', 'B'], ['A', 'B', 'C', 'D'], ['A', 'C', 'B', 'D']]","{'C': 5, 'A': 4, 'B': 4, 'D': 2}","[0.58, 0.75, 1.0]",3.91
99,"[1, 3, 4]","[3, 3, 4]","[0.54, 0.5, 0.79]","[['D', 'C', 'A', 'B'], ['A', 'B', 'C', 'D'], ['A', 'C', 'D', 'B']]","{'C': 5, 'A': 4, 'B': 3, 'D': 3}","[0.58, 0.75, 1.0]",3.91
99,"[1, 3, 4]","[3, 3, 4]","[0.54, 0.5, 0.79]","[['D', 'C', 'A', 'B'], ['A', 'B', 'C', 'D'], ['A', 'D', 'C', 'B']]","{'C': 5, 'A': 4, 'B': 3, 'D': 3}","[0.58, 0.75, 1.0]",3.91
99,"[1, 3, 4]","[3, 3, 4]","[0.54, 0.5, 0.79]","[['D', 'C', 'A', 'B'], ['A', 'B', 'C', 'D'], ['B', 'A', 'C', 'D']]","{'C': 5, 'A': 4, 'B': 4, 'D': 2}","[0.58, 0.75, 1.0]",3.91
99,"[1, 3, 4]","[3, 3, 4]","[0.54, 0.5, 0.79]","[['D', 'C', 'A', 'B'], ['A', 'B', 'C', 'D'], ['B', 'C', 'A', 'D']]","{'C': 5, 'A': 4, 'B': 4, 'D': 2}","[0.58, 0.75, 1.0]",3.91
99,"[1, 3, 4]","[3, 3, 4]","[0.54, 0.5, 0.79]","[['D', 'C', 'A', 'B'], ['A', 'B', 'C', 'D'], ['C', 'A', 'B', 'D']]","{'C': 5, 'A': 4, 'B': 4, 'D': 2}","[0.58, 0.75, 1.0]",3.91
99,"[1, 3, 4]","[3, 3, 4]","[0.54, 0.5, 0.79]","[['D', 'C', 'A', 'B'], ['A', 'B', 'C', 'D'], ['C', 'A', 'D', 'B']]","{'C': 5, 'A': 4, 'B': 3, 'D': 3}","[0.58, 0.75, 1.0]",3.91
99,"[1, 3, 4]","[3, 3, 4]","[0.54, 0.5, 0.79]","[['D', 'C', 'A', 'B'], ['A', 'B', 'C', 'D'], ['C', 'B', 'A', 'D']]","{'C': 5, 'A': 4, 'B': 4, 'D': 2}","[0.58, 0.75, 1.0]",3.91
99,"[1, 3, 4]","[3, 3, 4]","[0.54, 0.5, 0.79]","[['D', 'C', 'A', 'B'], ['A', 'B', 'C', 'D'], ['C', 'D', 'A', 'B']]","{'C': 5, 'A': 4, 'B': 3, 'D': 3}","[0.58, 0.75, 1.0]",3.91
99,"[1, 3, 4]","[3, 3, 4]","[0.54, 0.5, 0.79]","[['D', 'C', 'A', 'B'], ['A', 'B', 'C', 'D'], ['D', 'A', 'C', 'B']]","{'C': 5, 'A': 4, 'B': 3, 'D': 3}","[0.58, 0.75, 1.0]",3.91
99,"[1, 3, 4]","[3, 3, 4]","[0.54, 0.5, 0.79]","[['D', 'C', 'A', 'B'], ['A', 'B', 'C', 'D'], ['D', 'C', 'A', 'B']]","{'C': 5, 'A': 4, 'B': 3, 'D': 3}","[0.58, 0.75, 1.0]",3.91
99,"[1, 3, 4]","[3, 3, 4]","[0.54, 0.5, 0.79]","[['D', 'C', 'A', 'B'], ['A', 'C', 'B', 'D'], ['A', 'B', 'C', 'D']]","{'C': 5, 'A': 4, 'B': 4, 'D': 2}","[0.58, 0.75, 1.0]",3.91
99,"[1, 3, 4]","[3, 3, 4]","[0.54, 0.5, 0.79]","[['D', 'C', 'A', 'B'], ['A', 'C', 'B', 'D'], ['A', 'C', 'B', 'D']]","{'C': 5, 'A': 4, 'B': 4, 'D': 2}","[0.58, 0.75, 1.0]",3.91
99,"[1, 3, 4]","[3, 3, 4]","[0.54, 0.5, 0.79]","[['D', 'C', 'A', 'B'], ['A', 'C', 'B', 'D'], ['A', 'C', 'D', 'B']]","{'C': 5, 'A': 4, 'B': 3, 'D': 3}","[0.58, 0.75, 1.0]",3.91
99,"[1, 3, 4]","[3, 3, 4]","[0.54, 0.5, 0.79]","[['D', 'C', 'A', 'B'], ['A', 'C', 'B', 'D'], ['A', 'D', 'C', 'B']]","{'C': 5, 'A': 4, 'B': 3, 'D': 3}","[0.58, 0.75, 1.0]",3.91
99,"[1, 3, 4]","[3, 3, 4]","[0.54, 0.5, 0.79]","[['D', 'C', 'A', 'B'], ['A', 'C', 'B', 'D'], ['B', 'A', 'C', 'D']]","{'C': 5, 'A': 4, 'B': 4, 'D': 2}","[0.58, 0.75, 1.0]",3.91
99,"[1, 3, 4]","[3, 3, 4]","[0.54, 0.5, 0.79]","[['D', 'C', 'A', 'B'], ['A', 'C', 'B', 'D'], ['B', 'C', 'A', 'D']]","{'C': 5, 'A': 4, 'B': 4, 'D': 2}","[0.58, 0.75, 1.0]",3.91
99,"[1, 3, 4]","[3, 3, 4]","[0.54, 0.5, 0.79]","[['D', 'C', 'A', 'B'], ['A', 'C', 'B', 'D'], ['C', 'A', 'B', 'D']]","{'C': 5, 'A': 4, 'B': 4, 'D': 2}","[0.58, 0.75, 1.0]",3.91
99,"[1, 3, 4]","[3, 3, 4]","[0.54, 0.5, 0.79]","[['D', 'C', 'A', 'B'], ['A', 'C', 'B', 'D'], ['C', 'A', 'D', 'B']]","{'C': 5, 'A': 4, 'B': 3, 'D': 3}","[0.58, 0.75, 1.0]",3.91
99,"[1, 3, 4]","[3, 3, 4]","[0.54, 0.5, 0.79]","[['D', 'C', 'A', 'B'], ['A', 'C', 'B', 'D'], ['C', 'B', 'A', 'D']]","{'C': 5, 'A': 4, 'B': 4, 'D': 2}","[0.58, 0.75, 1.0]",3.91
99,"[1, 3, 4]","[3, 3, 4]","[0.54, 0.5, 0.79]","[['D', 'C', 'A', 'B'], ['A', 'C', 'B', 'D'], ['C', 'D', 'A', 'B']]","{'C': 5, 'A': 4, 'B': 3, 'D': 3}","[0.58, 0.75, 1.0]",3.91
99,"[1, 3, 4]","[3, 3, 4]","[0.54, 0.5, 0.79]","[['D', 'C', 'A', 'B'], ['A', 'C', 'B', 'D'], ['D', 'A', 'C', 'B']]","{'C': 5, 'A': 4, 'B': 3, 'D': 3}","[0.58, 0.75, 1.0]",3.91
99,"[1, 3, 4]","[3, 3, 4]","[0.54, 0.5, 0.79]","[['D', 'C', 'A', 'B'], ['A', 'C', 'B', 'D'], ['D', 'C', 'A', 'B']]","{'C': 5, 'A': 4, 'B': 3, 'D': 3}","[0.58, 0.75, 1.0]",3.91
99,"[1, 3, 4]","[3, 3, 4]","[0.54, 0.5, 0.79]","[['D', 'C', 'A', 'B'], ['A', 'C', 'D', 'B'], ['A', 'B', 'C', 'D']]","{'C': 5, 'A': 4, 'B': 3, 'D': 3}","[0.58, 0.75, 1.0]",3.91
99,"[1, 3, 4]","[3, 3, 4]","[0.54, 0.5, 0.79]","[['D', 'C', 'A', 'B'], ['A', 'C', 'D', 'B'], ['A', 'C', 'B', 'D']]","{'C': 5, 'A': 4, 'B': 3, 'D': 3}","[0.58, 0.75, 1.0]",3.91
99,"[1, 3, 4]","[3, 3, 4]","[0.54, 0.5, 0.79]","[['D', 'C', 'A', 'B'], ['A', 'C', 'D', 'B'], ['A', 'C', 'D', 'B']]","{'C': 5, 'A': 4, 'D': 4, 'B': 2}","[0.58, 0.88, 1.0]",4.0
99,"[1, 3, 4]","[3, 3, 4]","[0.54, 0.5, 0.79]","[['D', 'C', 'A', 'B'], ['A', 'C', 'D', 'B'], ['A', 'D', 'C', 'B']]","{'C': 5, 'A': 4, 'D': 4, 'B': 2}","[0.58, 0.88, 1.0]",4.0
99,"[1, 3, 4]","[3, 3, 4]","[0.54, 0.5, 0.79]","[['D', 'C', 'A', 'B'], ['A', 'C', 'D', 'B'], ['B', 'A', 'C', 'D']]","{'C': 5, 'A': 4, 'B': 3, 'D': 3}","[0.58, 0.75, 1.0]",3.91
99,"[1, 3, 4]","[3, 3, 4]","[0.54, 0.5, 0.79]","[['D', 'C', 'A', 'B'], ['A', 'C', 'D', 'B'], ['B', 'C', 'A', 'D']]","{'C': 5, 'A': 4, 'B': 3, 'D': 3}","[0.58, 0.75, 1.0]",3.91
99,"[1, 3, 4]","[3, 3, 4]","[0.54, 0.5, 0.79]","[['D', 'C', 'A', 'B'], ['A', 'C', 'D', 'B'], ['C', 'A', 'B', 'D']]","{'C': 5, 'A': 4, 'B': 3, 'D': 3}","[0.58, 0.75, 1.0]",3.91
99,"[1, 3, 4]","[3, 3, 4]","[0.54, 0.5, 0.79]","[['D', 'C', 'A', 'B'], ['A', 'C', 'D', 'B'], ['C', 'A', 'D', 'B']]","{'C': 5, 'A': 4, 'D': 4, 'B': 2}","[0.58, 0.88, 1.0]",4.0
99,"[1, 3, 4]","[3, 3, 4]","[0.54, 0.5, 0.79]","[['D', 'C', 'A', 'B'], ['A', 'C', 'D', 'B'], ['C', 'B', 'A', 'D']]","{'C': 5, 'A': 4, 'B': 3, 'D': 3}","[0.58, 0.75, 1.0]",3.91
99,"[1, 3, 4]","[3, 3, 4]","[0.54, 0.5, 0.79]","[['D', 'C', 'A', 'B'], ['A', 'C', 'D', 'B'], ['C', 'D', 'A', 'B']]","{'C': 5, 'A': 4, 'D': 4, 'B': 2}","[0.58, 0.88, 1.0]",4.0
99,"[1, 3, 4]","[3, 3, 4]","[0.54, 0.5, 0.79]","[['D', 'C', 'A', 'B'], ['A', 'C', 'D', 'B'], ['D', 'A', 'C', 'B']]","{'C': 5, 'A': 4, 'D': 4, 'B': 2}","[0.58, 0.88, 1.0]",4.0
99,"[1, 3, 4]","[3, 3, 4]","[0.54, 0.5, 0.79]","[['D', 'C', 'A', 'B'], ['A', 'C', 'D', 'B'], ['D', 'C', 'A', 'B']]","{'C': 5, 'A': 4, 'D': 4, 'B': 2}","[0.58, 0.88, 1.0]",4.0
99,"[1, 3, 4]","[3, 3, 4]","[0.54, 0.5, 0.79]","[['D', 'C', 'A', 'B'], ['A', 'D', 'C', 'B'], ['A', 'B', 'C', 'D']]","{'C': 5, 'A': 4, 'B': 3, 'D': 3}","[0.58, 0.75, 1.0]",3.91
99,"[1, 3, 4]","[3, 3, 4]","[0.54, 0.5, 0.79]","[['D', 'C', 'A', 'B'], ['A', 'D', 'C', 'B'], ['A', 'C', 'B', 'D']]","{'C': 5, 'A': 4, 'B': 3, 'D': 3}","[0.58, 0.75, 1.0]",3.91
99,"[1, 3, 4]","[3, 3, 4]","[0.54, 0.5, 0.79]","[['D', 'C', 'A', 'B'], ['A', 'D', 'C', 'B'], ['A', 'C', 'D', 'B']]","{'C': 5, 'A': 4, 'D': 4, 'B': 2}","[0.58, 0.88, 1.0]",4.0
99,"[1, 3, 4]","[3, 3, 4]","[0.54, 0.5, 0.79]","[['D', 'C', 'A', 'B'], ['A', 'D', 'C', 'B'], ['A', 'D', 'C', 'B']]","{'C': 5, 'A': 4, 'D': 4, 'B': 2}","[0.58, 0.88, 1.0]",4.0
99,"[1, 3, 4]","[3, 3, 4]","[0.54, 0.5, 0.79]","[['D', 'C', 'A', 'B'], ['A', 'D', 'C', 'B'], ['B', 'A', 'C', 'D']]","{'C': 5, 'A': 4, 'B': 3, 'D': 3}","[0.58, 0.75, 1.0]",3.91
99,"[1, 3, 4]","[3, 3, 4]","[0.54, 0.5, 0.79]","[['D', 'C', 'A', 'B'], ['A', 'D', 'C', 'B'], ['B', 'C', 'A', 'D']]","{'C': 5, 'A': 4, 'B': 3, 'D': 3}","[0.58, 0.75, 1.0]",3.91
99,"[1, 3, 4]","[3, 3, 4]","[0.54, 0.5, 0.79]","[['D', 'C', 'A', 'B'], ['A', 'D', 'C', 'B'], ['C', 'A', 'B', 'D']]","{'C': 5, 'A': 4, 'B': 3, 'D': 3}","[0.58, 0.75, 1.0]",3.91
99,"[1, 3, 4]","[3, 3, 4]","[0.54, 0.5, 0.79]","[['D', 'C', 'A', 'B'], ['A', 'D', 'C', 'B'], ['C', 'A', 'D', 'B']]","{'C': 5, 'A': 4, 'D': 4, 'B': 2}","[0.58, 0.88, 1.0]",4.0
99,"[1, 3, 4]","[3, 3, 4]","[0.54, 0.5, 0.79]","[['D', 'C', 'A', 'B'], ['A', 'D', 'C', 'B'], ['C', 'B', 'A', 'D']]","{'C': 5, 'A': 4, 'B': 3, 'D': 3}","[0.58, 0.75, 1.0]",3.91
99,"[1, 3, 4]","[3, 3, 4]","[0.54, 0.5, 0.79]","[['D', 'C', 'A', 'B'], ['A', 'D', 'C', 'B'], ['C', 'D', 'A', 'B']]","{'C': 5, 'A': 4, 'D': 4, 'B': 2}","[0.58, 0.88, 1.0]",4.0
99,"[1, 3, 4]","[3, 3, 4]","[0.54, 0.5, 0.79]","[['D', 'C', 'A', 'B'], ['A', 'D', 'C', 'B'], ['D', 'A', 'C', 'B']]","{'C': 5, 'A': 4, 'D': 4, 'B': 2}","[0.58, 0.88, 1.0]",4.0
99,"[1, 3, 4]","[3, 3, 4]","[0.54, 0.5, 0.79]","[['D', 'C', 'A', 'B'], ['A', 'D', 'C', 'B'], ['D', 'C', 'A', 'B']]","{'C': 5, 'A': 4, 'D': 4, 'B': 2}","[0.58, 0.88, 1.0]",4.0
99,"[1, 3, 4]","[3, 3, 4]","[0.54, 0.5, 0.79]","[['D', 'C', 'A', 'B'], ['B', 'A', 'C', 'D'], ['A', 'B', 'C', 'D']]","{'C': 5, 'A': 4, 'B': 4, 'D': 2}","[0.58, 0.75, 1.0]",3.91
99,"[1, 3, 4]","[3, 3, 4]","[0.54, 0.5, 0.79]","[['D', 'C', 'A', 'B'], ['B', 'A', 'C', 'D'], ['A', 'C', 'B', 'D']]","{'C': 5, 'A': 4, 'B': 4, 'D': 2}","[0.58, 0.75, 1.0]",3.91
99,"[1, 3, 4]","[3, 3, 4]","[0.54, 0.5, 0.79]","[['D', 'C', 'A', 'B'], ['B', 'A', 'C', 'D'], ['A', 'C', 'D', 'B']]","{'C': 5, 'A': 4, 'B': 3, 'D': 3}","[0.58, 0.75, 1.0]",3.91
99,"[1, 3, 4]","[3, 3, 4]","[0.54, 0.5, 0.79]","[['D', 'C', 'A', 'B'], ['B', 'A', 'C', 'D'], ['A', 'D', 'C', 'B']]","{'C': 5, 'A': 4, 'B': 3, 'D': 3}","[0.58, 0.75, 1.0]",3.91
99,"[1, 3, 4]","[3, 3, 4]","[0.54, 0.5, 0.79]","[['D', 'C', 'A', 'B'], ['B', 'A', 'C', 'D'], ['B', 'A', 'C', 'D']]","{'C': 5, 'A': 4, 'B': 4, 'D': 2}","[0.58, 0.75, 1.0]",3.91
99,"[1, 3, 4]","[3, 3, 4]","[0.54, 0.5, 0.79]","[['D', 'C', 'A', 'B'], ['B', 'A', 'C', 'D'], ['B', 'C', 'A', 'D']]","{'C': 5, 'A': 4, 'B': 4, 'D': 2}","[0.58, 0.75, 1.0]",3.91
99,"[1, 3, 4]","[3, 3, 4]","[0.54, 0.5, 0.79]","[['D', 'C', 'A', 'B'], ['B', 'A', 'C', 'D'], ['C', 'A', 'B', 'D']]","{'C': 5, 'A': 4, 'B': 4, 'D': 2}","[0.58, 0.75, 1.0]",3.91
99,"[1, 3, 4]","[3, 3, 4]","[0.54, 0.5, 0.79]","[['D', 'C', 'A', 'B'], ['B', 'A', 'C', 'D'], ['C', 'A', 'D', 'B']]","{'C': 5, 'A': 4, 'B': 3, 'D': 3}","[0.58, 0.75, 1.0]",3.91
99,"[1, 3, 4]","[3, 3, 4]","[0.54, 0.5, 0.79]","[['D', 'C', 'A', 'B'], ['B', 'A', 'C', 'D'], ['C', 'B', 'A', 'D']]","{'C': 5, 'A': 4, 'B': 4, 'D': 2}","[0.58, 0.75, 1.0]",3.91
99,"[1, 3, 4]","[3, 3, 4]","[0.54, 0.5, 0.79]","[['D', 'C', 'A', 'B'], ['B', 'A', 'C', 'D'], ['C', 'D', 'A', 'B']]","{'C': 5, 'A': 4, 'B': 3, 'D': 3}","[0.58, 0.75, 1.0]",3.91
99,"[1, 3, 4]","[3, 3, 4]","[0.54, 0.5, 0.79]","[['D', 'C', 'A', 'B'], ['B', 'A', 'C', 'D'], ['D', 'A', 'C', 'B']]","{'C': 5, 'A': 4, 'B': 3, 'D': 3}","[0.58, 0.75, 1.0]",3.91
99,"[1, 3, 4]","[3, 3, 4]","[0.54, 0.5, 0.79]","[['D', 'C', 'A', 'B'], ['B', 'A', 'C', 'D'], ['D', 'C', 'A', 'B']]","{'C': 5, 'A': 4, 'B': 3, 'D': 3}","[0.58, 0.75, 1.0]",3.91
99,"[1, 3, 4]","[3, 3, 4]","[0.54, 0.5, 0.79]","[['D', 'C', 'A', 'B'], ['B', 'C', 'A', 'D'], ['A', 'B', 'C', 'D']]","{'C': 5, 'A': 4, 'B': 4, 'D': 2}","[0.58, 0.75, 1.0]",3.91
99,"[1, 3, 4]","[3, 3, 4]","[0.54, 0.5, 0.79]","[['D', 'C', 'A', 'B'], ['B', 'C', 'A', 'D'], ['A', 'C', 'B', 'D']]","{'C': 5, 'A': 4, 'B': 4, 'D': 2}","[0.58, 0.75, 1.0]",3.91
99,"[1, 3, 4]","[3, 3, 4]","[0.54, 0.5, 0.79]","[['D', 'C', 'A', 'B'], ['B', 'C', 'A', 'D'], ['A', 'C', 'D', 'B']]","{'C': 5, 'A': 4, 'B': 3, 'D': 3}","[0.58, 0.75, 1.0]",3.91
99,"[1, 3, 4]","[3, 3, 4]","[0.54, 0.5, 0.79]","[['D', 'C', 'A', 'B'], ['B', 'C', 'A', 'D'], ['A', 'D', 'C', 'B']]","{'C': 5, 'A': 4, 'B': 3, 'D': 3}","[0.58, 0.75, 1.0]",3.91
99,"[1, 3, 4]","[3, 3, 4]","[0.54, 0.5, 0.79]","[['D', 'C', 'A', 'B'], ['B', 'C', 'A', 'D'], ['B', 'A', 'C', 'D']]","{'C': 5, 'A': 4, 'B': 4, 'D': 2}","[0.58, 0.75, 1.0]",3.91
99,"[1, 3, 4]","[3, 3, 4]","[0.54, 0.5, 0.79]","[['D', 'C', 'A', 'B'], ['B', 'C', 'A', 'D'], ['B', 'C', 'A', 'D']]","{'C': 5, 'A': 4, 'B': 4, 'D': 2}","[0.58, 0.75, 1.0]",3.91
99,"[1, 3, 4]","[3, 3, 4]","[0.54, 0.5, 0.79]","[['D', 'C', 'A', 'B'], ['B', 'C', 'A', 'D'], ['C', 'A', 'B', 'D']]","{'C': 5, 'A': 4, 'B': 4, 'D': 2}","[0.58, 0.75, 1.0]",3.91
99,"[1, 3, 4]","[3, 3, 4]","[0.54, 0.5, 0.79]","[['D', 'C', 'A', 'B'], ['B', 'C', 'A', 'D'], ['C', 'A', 'D', 'B']]","{'C': 5, 'A': 4, 'B': 3, 'D': 3}","[0.58, 0.75, 1.0]",3.91
99,"[1, 3, 4]","[3, 3, 4]","[0.54, 0.5, 0.79]","[['D', 'C', 'A', 'B'], ['B', 'C', 'A', 'D'], ['C', 'B', 'A', 'D']]","{'C': 5, 'A': 4, 'B': 4, 'D': 2}","[0.58, 0.75, 1.0]",3.91
99,"[1, 3, 4]","[3, 3, 4]","[0.54, 0.5, 0.79]","[['D', 'C', 'A', 'B'], ['B', 'C', 'A', 'D'], ['C', 'D', 'A', 'B']]","{'C': 5, 'A': 4, 'B': 3, 'D': 3}","[0.58, 0.75, 1.0]",3.91
99,"[1, 3, 4]","[3, 3, 4]","[0.54, 0.5, 0.79]","[['D', 'C', 'A', 'B'], ['B', 'C', 'A', 'D'], ['D', 'A', 'C', 'B']]","{'C': 5, 'A': 4, 'B': 3, 'D': 3}","[0.58, 0.75, 1.0]",3.91
99,"[1, 3, 4]","[3, 3, 4]","[0.54, 0.5, 0.79]","[['D', 'C', 'A', 'B'], ['B', 'C', 'A', 'D'], ['D', 'C', 'A', 'B']]","{'C': 5, 'A': 4, 'B': 3, 'D': 3}","[0.58, 0.75, 1.0]",3.91
99,"[1, 3, 4]","[3, 3, 4]","[0.54, 0.5, 0.79]","[['D', 'C', 'A', 'B'], ['C', 'A', 'B', 'D'], ['A', 'B', 'C', 'D']]","{'C': 5, 'A': 4, 'B': 4, 'D': 2}","[0.58, 0.75, 1.0]",3.91
99,"[1, 3, 4]","[3, 3, 4]","[0.54, 0.5, 0.79]","[['D', 'C', 'A', 'B'], ['C', 'A', 'B', 'D'], ['A', 'C', 'B', 'D']]","{'C': 5, 'A': 4, 'B': 4, 'D': 2}","[0.58, 0.75, 1.0]",3.91
99,"[1, 3, 4]","[3, 3, 4]","[0.54, 0.5, 0.79]","[['D', 'C', 'A', 'B'], ['C', 'A', 'B', 'D'], ['A', 'C', 'D', 'B']]","{'C': 5, 'A': 4, 'B': 3, 'D': 3}","[0.58, 0.75, 1.0]",3.91
99,"[1, 3, 4]","[3, 3, 4]","[0.54, 0.5, 0.79]","[['D', 'C', 'A', 'B'], ['C', 'A', 'B', 'D'], ['A', 'D', 'C', 'B']]","{'C': 5, 'A': 4, 'B': 3, 'D': 3}","[0.58, 0.75, 1.0]",3.91
99,"[1, 3, 4]","[3, 3, 4]","[0.54, 0.5, 0.79]","[['D', 'C', 'A', 'B'], ['C', 'A', 'B', 'D'], ['B', 'A', 'C', 'D']]","{'C': 5, 'A': 4, 'B': 4, 'D': 2}","[0.58, 0.75, 1.0]",3.91
99,"[1, 3, 4]","[3, 3, 4]","[0.54, 0.5, 0.79]","[['D', 'C', 'A', 'B'], ['C', 'A', 'B', 'D'], ['B', 'C', 'A', 'D']]","{'C': 5, 'A': 4, 'B': 4, 'D': 2}","[0.58, 0.75, 1.0]",3.91
99,"[1, 3, 4]","[3, 3, 4]","[0.54, 0.5, 0.79]","[['D', 'C', 'A', 'B'], ['C', 'A', 'B', 'D'], ['C', 'A', 'B', 'D']]","{'C': 5, 'A': 4, 'B': 4, 'D': 2}","[0.58, 0.75, 1.0]",3.91
99,"[1, 3, 4]","[3, 3, 4]","[0.54, 0.5, 0.79]","[['D', 'C', 'A', 'B'], ['C', 'A', 'B', 'D'], ['C', 'A', 'D', 'B']]","{'C': 5, 'A': 4, 'B': 3, 'D': 3}","[0.58, 0.75, 1.0]",3.91
99,"[1, 3, 4]","[3, 3, 4]","[0.54, 0.5, 0.79]","[['D', 'C', 'A', 'B'], ['C', 'A', 'B', 'D'], ['C', 'B', 'A', 'D']]","{'C': 5, 'A': 4, 'B': 4, 'D': 2}","[0.58, 0.75, 1.0]",3.91
99,"[1, 3, 4]","[3, 3, 4]","[0.54, 0.5, 0.79]","[['D', 'C', 'A', 'B'], ['C', 'A', 'B', 'D'], ['C', 'D', 'A', 'B']]","{'C': 5, 'A': 4, 'B': 3, 'D': 3}","[0.58, 0.75, 1.0]",3.91
99,"[1, 3, 4]","[3, 3, 4]","[0.54, 0.5, 0.79]","[['D', 'C', 'A', 'B'], ['C', 'A', 'B', 'D'], ['D', 'A', 'C', 'B']]","{'C': 5, 'A': 4, 'B': 3, 'D': 3}","[0.58, 0.75, 1.0]",3.91
99,"[1, 3, 4]","[3, 3, 4]","[0.54, 0.5, 0.79]","[['D', 'C', 'A', 'B'], ['C', 'A', 'B', 'D'], ['D', 'C', 'A', 'B']]","{'C': 5, 'A': 4, 'B': 3, 'D': 3}","[0.58, 0.75, 1.0]",3.91
99,"[1, 3, 4]","[3, 3, 4]","[0.54, 0.5, 0.79]","[['D', 'C', 'A', 'B'], ['C', 'A', 'D', 'B'], ['A', 'B', 'C', 'D']]","{'C': 5, 'A': 4, 'B': 3, 'D': 3}","[0.58, 0.75, 1.0]",3.91
99,"[1, 3, 4]","[3, 3, 4]","[0.54, 0.5, 0.79]","[['D', 'C', 'A', 'B'], ['C', 'A', 'D', 'B'], ['A', 'C', 'B', 'D']]","{'C': 5, 'A': 4, 'B': 3, 'D': 3}","[0.58, 0.75, 1.0]",3.91
99,"[1, 3, 4]","[3, 3, 4]","[0.54, 0.5, 0.79]","[['D', 'C', 'A', 'B'], ['C', 'A', 'D', 'B'], ['A', 'C', 'D', 'B']]","{'C': 5, 'A': 4, 'D': 4, 'B': 2}","[0.58, 0.88, 1.0]",4.0
99,"[1, 3, 4]","[3, 3, 4]","[0.54, 0.5, 0.79]","[['D', 'C', 'A', 'B'], ['C', 'A', 'D', 'B'], ['A', 'D', 'C', 'B']]","{'C': 5, 'A': 4, 'D': 4, 'B': 2}","[0.58, 0.88, 1.0]",4.0
99,"[1, 3, 4]","[3, 3, 4]","[0.54, 0.5, 0.79]","[['D', 'C', 'A', 'B'], ['C', 'A', 'D', 'B'], ['B', 'A', 'C', 'D']]","{'C': 5, 'A': 4, 'B': 3, 'D': 3}","[0.58, 0.75, 1.0]",3.91
99,"[1, 3, 4]","[3, 3, 4]","[0.54, 0.5, 0.79]","[['D', 'C', 'A', 'B'], ['C', 'A', 'D', 'B'], ['B', 'C', 'A', 'D']]","{'C': 5, 'A': 4, 'B': 3, 'D': 3}","[0.58, 0.75, 1.0]",3.91
99,"[1, 3, 4]","[3, 3, 4]","[0.54, 0.5, 0.79]","[['D', 'C', 'A', 'B'], ['C', 'A', 'D', 'B'], ['C', 'A', 'B', 'D']]","{'C': 5, 'A': 4, 'B': 3, 'D': 3}","[0.58, 0.75, 1.0]",3.91
99,"[1, 3, 4]","[3, 3, 4]","[0.54, 0.5, 0.79]","[['D', 'C', 'A', 'B'], ['C', 'A', 'D', 'B'], ['C', 'A', 'D', 'B']]","{'C': 5, 'A': 4, 'D': 4, 'B': 2}","[0.58, 0.88, 1.0]",4.0
99,"[1, 3, 4]","[3, 3, 4]","[0.54, 0.5, 0.79]","[['D', 'C', 'A', 'B'], ['C', 'A', 'D', 'B'], ['C', 'B', 'A', 'D']]","{'C': 5, 'A': 4, 'B': 3, 'D': 3}","[0.58, 0.75, 1.0]",3.91
99,"[1, 3, 4]","[3, 3, 4]","[0.54, 0.5, 0.79]","[['D', 'C', 'A', 'B'], ['C', 'A', 'D', 'B'], ['C', 'D', 'A', 'B']]","{'C': 5, 'A': 4, 'D': 4, 'B': 2}","[0.58, 0.88, 1.0]",4.0
99,"[1, 3, 4]","[3, 3, 4]","[0.54, 0.5, 0.79]","[['D', 'C', 'A', 'B'], ['C', 'A', 'D', 'B'], ['D', 'A', 'C', 'B']]","{'C': 5, 'A': 4, 'D': 4, 'B': 2}","[0.58, 0.88, 1.0]",4.0
99,"[1, 3, 4]","[3, 3, 4]","[0.54, 0.5, 0.79]","[['D', 'C', 'A', 'B'], ['C', 'A', 'D', 'B'], ['D', 'C', 'A', 'B']]","{'C': 5, 'A': 4, 'D': 4, 'B': 2}","[0.58, 0.88, 1.0]",4.0
99,"[1, 3, 4]","[3, 3, 4]","[0.54, 0.5, 0.79]","[['D', 'C', 'A', 'B'], ['C', 'B', 'A', 'D'], ['A', 'B', 'C', 'D']]","{'C': 5, 'A': 4, 'B': 4, 'D': 2}","[0.58, 0.75, 1.0]",3.91
99,"[1, 3, 4]","[3, 3, 4]","[0.54, 0.5, 0.79]","[['D', 'C', 'A', 'B'], ['C', 'B', 'A', 'D'], ['A', 'C', 'B', 'D']]","{'C': 5, 'A': 4, 'B': 4, 'D': 2}","[0.58, 0.75, 1.0]",3.91
99,"[1, 3, 4]","[3, 3, 4]","[0.54, 0.5, 0.79]","[['D', 'C', 'A', 'B'], ['C', 'B', 'A', 'D'], ['A', 'C', 'D', 'B']]","{'C': 5, 'A': 4, 'B': 3, 'D': 3}","[0.58, 0.75, 1.0]",3.91
99,"[1, 3, 4]","[3, 3, 4]","[0.54, 0.5, 0.79]","[['D', 'C', 'A', 'B'], ['C', 'B', 'A', 'D'], ['A', 'D', 'C', 'B']]","{'C': 5, 'A': 4, 'B': 3, 'D': 3}","[0.58, 0.75, 1.0]",3.91
99,"[1, 3, 4]","[3, 3, 4]","[0.54, 0.5, 0.79]","[['D', 'C', 'A', 'B'], ['C', 'B', 'A', 'D'], ['B', 'A', 'C', 'D']]","{'C': 5, 'A': 4, 'B': 4, 'D': 2}","[0.58, 0.75, 1.0]",3.91
99,"[1, 3, 4]","[3, 3, 4]","[0.54, 0.5, 0.79]","[['D', 'C', 'A', 'B'], ['C', 'B', 'A', 'D'], ['B', 'C', 'A', 'D']]","{'C': 5, 'A': 4, 'B': 4, 'D': 2}","[0.58, 0.75, 1.0]",3.91
99,"[1, 3, 4]","[3, 3, 4]","[0.54, 0.5, 0.79]","[['D', 'C', 'A', 'B'], ['C', 'B', 'A', 'D'], ['C', 'A', 'B', 'D']]","{'C': 5, 'A': 4, 'B': 4, 'D': 2}","[0.58, 0.75, 1.0]",3.91
99,"[1, 3, 4]","[3, 3, 4]","[0.54, 0.5, 0.79]","[['D', 'C', 'A', 'B'], ['C', 'B', 'A', 'D'], ['C', 'A', 'D', 'B']]","{'C': 5, 'A': 4, 'B': 3, 'D': 3}","[0.58, 0.75, 1.0]",3.91
99,"[1, 3, 4]","[3, 3, 4]","[0.54, 0.5, 0.79]","[['D', 'C', 'A', 'B'], ['C', 'B', 'A', 'D'], ['C', 'B', 'A', 'D']]","{'C': 5, 'A': 4, 'B': 4, 'D': 2}","[0.58, 0.75, 1.0]",3.91
99,"[1, 3, 4]","[3, 3, 4]","[0.54, 0.5, 0.79]","[['D', 'C', 'A', 'B'], ['C', 'B', 'A', 'D'], ['C', 'D', 'A', 'B']]","{'C': 5, 'A': 4, 'B': 3, 'D': 3}","[0.58, 0.75, 1.0]",3.91
99,"[1, 3, 4]","[3, 3, 4]","[0.54, 0.5, 0.79]","[['D', 'C', 'A', 'B'], ['C', 'B', 'A', 'D'], ['D', 'A', 'C', 'B']]","{'C': 5, 'A': 4, 'B': 3, 'D': 3}","[0.58, 0.75, 1.0]",3.91
99,"[1, 3, 4]","[3, 3, 4]","[0.54, 0.5, 0.79]","[['D', 'C', 'A', 'B'], ['C', 'B', 'A', 'D'], ['D', 'C', 'A', 'B']]","{'C': 5, 'A': 4, 'B': 3, 'D': 3}","[0.58, 0.75, 1.0]",3.91
99,"[1, 3, 4]","[3, 3, 4]","[0.54, 0.5, 0.79]","[['D', 'C', 'A', 'B'], ['C', 'D', 'A', 'B'], ['A', 'B', 'C', 'D']]","{'C': 5, 'A': 4, 'B': 3, 'D': 3}","[0.58, 0.75, 1.0]",3.91
99,"[1, 3, 4]","[3, 3, 4]","[0.54, 0.5, 0.79]","[['D', 'C', 'A', 'B'], ['C', 'D', 'A', 'B'], ['A', 'C', 'B', 'D']]","{'C': 5, 'A': 4, 'B': 3, 'D': 3}","[0.58, 0.75, 1.0]",3.91
99,"[1, 3, 4]","[3, 3, 4]","[0.54, 0.5, 0.79]","[['D', 'C', 'A', 'B'], ['C', 'D', 'A', 'B'], ['A', 'C', 'D', 'B']]","{'C': 5, 'A': 4, 'D': 4, 'B': 2}","[0.58, 0.88, 1.0]",4.0
99,"[1, 3, 4]","[3, 3, 4]","[0.54, 0.5, 0.79]","[['D', 'C', 'A', 'B'], ['C', 'D', 'A', 'B'], ['A', 'D', 'C', 'B']]","{'C': 5, 'A': 4, 'D': 4, 'B': 2}","[0.58, 0.88, 1.0]",4.0
99,"[1, 3, 4]","[3, 3, 4]","[0.54, 0.5, 0.79]","[['D', 'C', 'A', 'B'], ['C', 'D', 'A', 'B'], ['B', 'A', 'C', 'D']]","{'C': 5, 'A': 4, 'B': 3, 'D': 3}","[0.58, 0.75, 1.0]",3.91
99,"[1, 3, 4]","[3, 3, 4]","[0.54, 0.5, 0.79]","[['D', 'C', 'A', 'B'], ['C', 'D', 'A', 'B'], ['B', 'C', 'A', 'D']]","{'C': 5, 'A': 4, 'B': 3, 'D': 3}","[0.58, 0.75, 1.0]",3.91
99,"[1, 3, 4]","[3, 3, 4]","[0.54, 0.5, 0.79]","[['D', 'C', 'A', 'B'], ['C', 'D', 'A', 'B'], ['C', 'A', 'B', 'D']]","{'C': 5, 'A': 4, 'B': 3, 'D': 3}","[0.58, 0.75, 1.0]",3.91
99,"[1, 3, 4]","[3, 3, 4]","[0.54, 0.5, 0.79]","[['D', 'C', 'A', 'B'], ['C', 'D', 'A', 'B'], ['C', 'A', 'D', 'B']]","{'C': 5, 'A': 4, 'D': 4, 'B': 2}","[0.58, 0.88, 1.0]",4.0
99,"[1, 3, 4]","[3, 3, 4]","[0.54, 0.5, 0.79]","[['D', 'C', 'A', 'B'], ['C', 'D', 'A', 'B'], ['C', 'B', 'A', 'D']]","{'C': 5, 'A': 4, 'B': 3, 'D': 3}","[0.58, 0.75, 1.0]",3.91
99,"[1, 3, 4]","[3, 3, 4]","[0.54, 0.5, 0.79]","[['D', 'C', 'A', 'B'], ['C', 'D', 'A', 'B'], ['C', 'D', 'A', 'B']]","{'C': 5, 'A': 4, 'D': 4, 'B': 2}","[0.58, 0.88, 1.0]",4.0
99,"[1, 3, 4]","[3, 3, 4]","[0.54, 0.5, 0.79]","[['D', 'C', 'A', 'B'], ['C', 'D', 'A', 'B'], ['D', 'A', 'C', 'B']]","{'C': 5, 'A': 4, 'D': 4, 'B': 2}","[0.58, 0.88, 1.0]",4.0
99,"[1, 3, 4]","[3, 3, 4]","[0.54, 0.5, 0.79]","[['D', 'C', 'A', 'B'], ['C', 'D', 'A', 'B'], ['D', 'C', 'A', 'B']]","{'C': 5, 'A': 4, 'D': 4, 'B': 2}","[0.58, 0.88, 1.0]",4.0
99,"[1, 3, 4]","[3, 3, 4]","[0.54, 0.5, 0.79]","[['D', 'C', 'A', 'B'], ['D', 'A', 'C', 'B'], ['A', 'B', 'C', 'D']]","{'C': 5, 'A': 4, 'B': 3, 'D': 3}","[0.58, 0.75, 1.0]",3.91
99,"[1, 3, 4]","[3, 3, 4]","[0.54, 0.5, 0.79]","[['D', 'C', 'A', 'B'], ['D', 'A', 'C', 'B'], ['A', 'C', 'B', 'D']]","{'C': 5, 'A': 4, 'B': 3, 'D': 3}","[0.58, 0.75, 1.0]",3.91
99,"[1, 3, 4]","[3, 3, 4]","[0.54, 0.5, 0.79]","[['D', 'C', 'A', 'B'], ['D', 'A', 'C', 'B'], ['A', 'C', 'D', 'B']]","{'C': 5, 'A': 4, 'D': 4, 'B': 2}","[0.58, 0.88, 1.0]",4.0
99,"[1, 3, 4]","[3, 3, 4]","[0.54, 0.5, 0.79]","[['D', 'C', 'A', 'B'], ['D', 'A', 'C', 'B'], ['A', 'D', 'C', 'B']]","{'C': 5, 'A': 4, 'D': 4, 'B': 2}","[0.58, 0.88, 1.0]",4.0
99,"[1, 3, 4]","[3, 3, 4]","[0.54, 0.5, 0.79]","[['D', 'C', 'A', 'B'], ['D', 'A', 'C', 'B'], ['B', 'A', 'C', 'D']]","{'C': 5, 'A': 4, 'B': 3, 'D': 3}","[0.58, 0.75, 1.0]",3.91
99,"[1, 3, 4]","[3, 3, 4]","[0.54, 0.5, 0.79]","[['D', 'C', 'A', 'B'], ['D', 'A', 'C', 'B'], ['B', 'C', 'A', 'D']]","{'C': 5, 'A': 4, 'B': 3, 'D': 3}","[0.58, 0.75, 1.0]",3.91
99,"[1, 3, 4]","[3, 3, 4]","[0.54, 0.5, 0.79]","[['D', 'C', 'A', 'B'], ['D', 'A', 'C', 'B'], ['C', 'A', 'B', 'D']]","{'C': 5, 'A': 4, 'B': 3, 'D': 3}","[0.58, 0.75, 1.0]",3.91
99,"[1, 3, 4]","[3, 3, 4]","[0.54, 0.5, 0.79]","[['D', 'C', 'A', 'B'], ['D', 'A', 'C', 'B'], ['C', 'A', 'D', 'B']]","{'C': 5, 'A': 4, 'D': 4, 'B': 2}","[0.58, 0.88, 1.0]",4.0
99,"[1, 3, 4]","[3, 3, 4]","[0.54, 0.5, 0.79]","[['D', 'C', 'A', 'B'], ['D', 'A', 'C', 'B'], ['C', 'B', 'A', 'D']]","{'C': 5, 'A': 4, 'B': 3, 'D': 3}","[0.58, 0.75, 1.0]",3.91
99,"[1, 3, 4]","[3, 3, 4]","[0.54, 0.5, 0.79]","[['D', 'C', 'A', 'B'], ['D', 'A', 'C', 'B'], ['C', 'D', 'A', 'B']]","{'C': 5, 'A': 4, 'D': 4, 'B': 2}","[0.58, 0.88, 1.0]",4.0
99,"[1, 3, 4]","[3, 3, 4]","[0.54, 0.5, 0.79]","[['D', 'C', 'A', 'B'], ['D', 'A', 'C', 'B'], ['D', 'A', 'C', 'B']]","{'C': 5, 'A': 4, 'D': 4, 'B': 2}","[0.58, 0.88, 1.0]",4.0
99,"[1, 3, 4]","[3, 3, 4]","[0.54, 0.5, 0.79]","[['D', 'C', 'A', 'B'], ['D', 'A', 'C', 'B'], ['D', 'C', 'A', 'B']]","{'C': 5, 'A': 4, 'D': 4, 'B': 2}","[0.58, 0.88, 1.0]",4.0
99,"[1, 3, 4]","[3, 3, 4]","[0.54, 0.5, 0.79]","[['D', 'C', 'A', 'B'], ['D', 'C', 'A', 'B'], ['A', 'B', 'C', 'D']]","{'C': 5, 'A': 4, 'B': 3, 'D': 3}","[0.58, 0.75, 1.0]",3.91
99,"[1, 3, 4]","[3, 3, 4]","[0.54, 0.5, 0.79]","[['D', 'C', 'A', 'B'], ['D', 'C', 'A', 'B'], ['A', 'C', 'B', 'D']]","{'C': 5, 'A': 4, 'B': 3, 'D': 3}","[0.58, 0.75, 1.0]",3.91
99,"[1, 3, 4]","[3, 3, 4]","[0.54, 0.5, 0.79]","[['D', 'C', 'A', 'B'], ['D', 'C', 'A', 'B'], ['A', 'C', 'D', 'B']]","{'C': 5, 'A': 4, 'D': 4, 'B': 2}","[0.58, 0.88, 1.0]",4.0
99,"[1, 3, 4]","[3, 3, 4]","[0.54, 0.5, 0.79]","[['D', 'C', 'A', 'B'], ['D', 'C', 'A', 'B'], ['A', 'D', 'C', 'B']]","{'C': 5, 'A': 4, 'D': 4, 'B': 2}","[0.58, 0.88, 1.0]",4.0
99,"[1, 3, 4]","[3, 3, 4]","[0.54, 0.5, 0.79]","[['D', 'C', 'A', 'B'], ['D', 'C', 'A', 'B'], ['B', 'A', 'C', 'D']]","{'C': 5, 'A': 4, 'B': 3, 'D': 3}","[0.58, 0.75, 1.0]",3.91
99,"[1, 3, 4]","[3, 3, 4]","[0.54, 0.5, 0.79]","[['D', 'C', 'A', 'B'], ['D', 'C', 'A', 'B'], ['B', 'C', 'A', 'D']]","{'C': 5, 'A': 4, 'B': 3, 'D': 3}","[0.58, 0.75, 1.0]",3.91
99,"[1, 3, 4]","[3, 3, 4]","[0.54, 0.5, 0.79]","[['D', 'C', 'A', 'B'], ['D', 'C', 'A', 'B'], ['C', 'A', 'B', 'D']]","{'C': 5, 'A': 4, 'B': 3, 'D': 3}","[0.58, 0.75, 1.0]",3.91
99,"[1, 3, 4]","[3, 3, 4]","[0.54, 0.5, 0.79]","[['D', 'C', 'A', 'B'], ['D', 'C', 'A', 'B'], ['C', 'A', 'D', 'B']]","{'C': 5, 'A': 4, 'D': 4, 'B': 2}","[0.58, 0.88, 1.0]",4.0
99,"[1, 3, 4]","[3, 3, 4]","[0.54, 0.5, 0.79]","[['D', 'C', 'A', 'B'], ['D', 'C', 'A', 'B'], ['C', 'B', 'A', 'D']]","{'C': 5, 'A': 4, 'B': 3, 'D': 3}","[0.58, 0.75, 1.0]",3.91
99,"[1, 3, 4]","[3, 3, 4]","[0.54, 0.5, 0.79]","[['D', 'C', 'A', 'B'], ['D', 'C', 'A', 'B'], ['C', 'D', 'A', 'B']]","{'C': 5, 'A': 4, 'D': 4, 'B': 2}","[0.58, 0.88, 1.0]",4.0
99,"[1, 3, 4]","[3, 3, 4]","[0.54, 0.5, 0.79]","[['D', 'C', 'A', 'B'], ['D', 'C', 'A', 'B'], ['D', 'A', 'C', 'B']]","{'C': 5, 'A': 4, 'D': 4, 'B': 2}","[0.58, 0.88, 1.0]",4.0
99,"[1, 3, 4]","[3, 3, 4]","[0.54, 0.5, 0.79]","[['D', 'C', 'A', 'B'], ['D', 'C', 'A', 'B'], ['D', 'C', 'A', 'B']]","{'C': 5, 'A': 4, 'D': 4, 'B': 2}","[0.58, 0.88, 1.0]",4.0
99,"[1, 3, 5]","[3, 3, 4]","[0.54, 0.5, 0.75]","[['A', 'B', 'C', 'D'], ['A', 'B', 'C', 'D'], ['A', 'B', 'C', 'D']]","{'B': 5, 'C': 5, 'A': 3, 'D': 2}","[0.58, 0.54, 0.88]",3.67
99,"[1, 3, 5]","[3, 3, 4]","[0.54, 0.5, 0.75]","[['A', 'B', 'C', 'D'], ['A', 'B', 'C', 'D'], ['A', 'B', 'D', 'C']]","{'B': 5, 'C': 4, 'A': 3, 'D': 3}","[0.58, 0.54, 0.88]",3.67
99,"[1, 3, 5]","[3, 3, 4]","[0.54, 0.5, 0.75]","[['A', 'B', 'C', 'D'], ['A', 'B', 'C', 'D'], ['A', 'C', 'B', 'D']]","{'B': 5, 'C': 5, 'A': 3, 'D': 2}","[0.58, 0.54, 0.88]",3.67
99,"[1, 3, 5]","[3, 3, 4]","[0.54, 0.5, 0.75]","[['A', 'B', 'C', 'D'], ['A', 'B', 'C', 'D'], ['A', 'D', 'B', 'C']]","{'B': 5, 'C': 4, 'A': 3, 'D': 3}","[0.58, 0.54, 0.88]",3.67
99,"[1, 3, 5]","[3, 3, 4]","[0.54, 0.5, 0.75]","[['A', 'B', 'C', 'D'], ['A', 'B', 'C', 'D'], ['B', 'A', 'C', 'D']]","{'B': 5, 'C': 5, 'A': 3, 'D': 2}","[0.58, 0.54, 0.88]",3.67
99,"[1, 3, 5]","[3, 3, 4]","[0.54, 0.5, 0.75]","[['A', 'B', 'C', 'D'], ['A', 'B', 'C', 'D'], ['B', 'A', 'D', 'C']]","{'B': 5, 'C': 4, 'A': 3, 'D': 3}","[0.58, 0.54, 0.88]",3.67
99,"[1, 3, 5]","[3, 3, 4]","[0.54, 0.5, 0.75]","[['A', 'B', 'C', 'D'], ['A', 'B', 'C', 'D'], ['B', 'C', 'A', 'D']]","{'B': 5, 'C': 5, 'A': 3, 'D': 2}","[0.58, 0.54, 0.88]",3.67
99,"[1, 3, 5]","[3, 3, 4]","[0.54, 0.5, 0.75]","[['A', 'B', 'C', 'D'], ['A', 'B', 'C', 'D'], ['B', 'D', 'A', 'C']]","{'B': 5, 'C': 4, 'A': 3, 'D': 3}","[0.58, 0.54, 0.88]",3.67
99,"[1, 3, 5]","[3, 3, 4]","[0.54, 0.5, 0.75]","[['A', 'B', 'C', 'D'], ['A', 'B', 'C', 'D'], ['C', 'A', 'B', 'D']]","{'B': 5, 'C': 5, 'A': 3, 'D': 2}","[0.58, 0.54, 0.88]",3.67
99,"[1, 3, 5]","[3, 3, 4]","[0.54, 0.5, 0.75]","[['A', 'B', 'C', 'D'], ['A', 'B', 'C', 'D'], ['C', 'B', 'A', 'D']]","{'B': 5, 'C': 5, 'A': 3, 'D': 2}","[0.58, 0.54, 0.88]",3.67
99,"[1, 3, 5]","[3, 3, 4]","[0.54, 0.5, 0.75]","[['A', 'B', 'C', 'D'], ['A', 'B', 'C', 'D'], ['D', 'A', 'B', 'C']]","{'B': 5, 'C': 4, 'A': 3, 'D': 3}","[0.58, 0.54, 0.88]",3.67
99,"[1, 3, 5]","[3, 3, 4]","[0.54, 0.5, 0.75]","[['A', 'B', 'C', 'D'], ['A', 'B', 'C', 'D'], ['D', 'B', 'A', 'C']]","{'B': 5, 'C': 4, 'A': 3, 'D': 3}","[0.58, 0.54, 0.88]",3.67
99,"[1, 3, 5]","[3, 3, 4]","[0.54, 0.5, 0.75]","[['A', 'B', 'C', 'D'], ['A', 'B', 'D', 'C'], ['A', 'B', 'C', 'D']]","{'B': 5, 'C': 4, 'A': 3, 'D': 3}","[0.58, 0.54, 0.88]",3.67
99,"[1, 3, 5]","[3, 3, 4]","[0.54, 0.5, 0.75]","[['A', 'B', 'C', 'D'], ['A', 'B', 'D', 'C'], ['A', 'C', 'B', 'D']]","{'B': 5, 'C': 4, 'A': 3, 'D': 3}","[0.58, 0.54, 0.88]",3.67
99,"[1, 3, 5]","[3, 3, 4]","[0.54, 0.5, 0.75]","[['A', 'B', 'C', 'D'], ['A', 'B', 'D', 'C'], ['B', 'A', 'C', 'D']]","{'B': 5, 'C': 4, 'A': 3, 'D': 3}","[0.58, 0.54, 0.88]",3.67
99,"[1, 3, 5]","[3, 3, 4]","[0.54, 0.5, 0.75]","[['A', 'B', 'C', 'D'], ['A', 'B', 'D', 'C'], ['B', 'C', 'A', 'D']]","{'B': 5, 'C': 4, 'A': 3, 'D': 3}","[0.58, 0.54, 0.88]",3.67
99,"[1, 3, 5]","[3, 3, 4]","[0.54, 0.5, 0.75]","[['A', 'B', 'C', 'D'], ['A', 'B', 'D', 'C'], ['C', 'A', 'B', 'D']]","{'B': 5, 'C': 4, 'A': 3, 'D': 3}","[0.58, 0.54, 0.88]",3.67
99,"[1, 3, 5]","[3, 3, 4]","[0.54, 0.5, 0.75]","[['A', 'B', 'C', 'D'], ['A', 'B', 'D', 'C'], ['C', 'B', 'A', 'D']]","{'B': 5, 'C': 4, 'A': 3, 'D': 3}","[0.58, 0.54, 0.88]",3.67
99,"[1, 3, 5]","[3, 3, 4]","[0.54, 0.5, 0.75]","[['A', 'B', 'C', 'D'], ['A', 'C', 'B', 'D'], ['A', 'B', 'C', 'D']]","{'B': 5, 'C': 5, 'A': 3, 'D': 2}","[0.58, 0.54, 0.88]",3.67
99,"[1, 3, 5]","[3, 3, 4]","[0.54, 0.5, 0.75]","[['A', 'B', 'C', 'D'], ['A', 'C', 'B', 'D'], ['A', 'B', 'D', 'C']]","{'B': 5, 'C': 4, 'A': 3, 'D': 3}","[0.58, 0.54, 0.88]",3.67
99,"[1, 3, 5]","[3, 3, 4]","[0.54, 0.5, 0.75]","[['A', 'B', 'C', 'D'], ['A', 'C', 'B', 'D'], ['A', 'C', 'B', 'D']]","{'B': 5, 'C': 5, 'A': 3, 'D': 2}","[0.58, 0.54, 0.88]",3.67
99,"[1, 3, 5]","[3, 3, 4]","[0.54, 0.5, 0.75]","[['A', 'B', 'C', 'D'], ['A', 'C', 'B', 'D'], ['A', 'D', 'B', 'C']]","{'B': 5, 'C': 4, 'A': 3, 'D': 3}","[0.58, 0.54, 0.88]",3.67
99,"[1, 3, 5]","[3, 3, 4]","[0.54, 0.5, 0.75]","[['A', 'B', 'C', 'D'], ['A', 'C', 'B', 'D'], ['B', 'A', 'C', 'D']]","{'B': 5, 'C': 5, 'A': 3, 'D': 2}","[0.58, 0.54, 0.88]",3.67
99,"[1, 3, 5]","[3, 3, 4]","[0.54, 0.5, 0.75]","[['A', 'B', 'C', 'D'], ['A', 'C', 'B', 'D'], ['B', 'A', 'D', 'C']]","{'B': 5, 'C': 4, 'A': 3, 'D': 3}","[0.58, 0.54, 0.88]",3.67
99,"[1, 3, 5]","[3, 3, 4]","[0.54, 0.5, 0.75]","[['A', 'B', 'C', 'D'], ['A', 'C', 'B', 'D'], ['B', 'C', 'A', 'D']]","{'B': 5, 'C': 5, 'A': 3, 'D': 2}","[0.58, 0.54, 0.88]",3.67
99,"[1, 3, 5]","[3, 3, 4]","[0.54, 0.5, 0.75]","[['A', 'B', 'C', 'D'], ['A', 'C', 'B', 'D'], ['B', 'D', 'A', 'C']]","{'B': 5, 'C': 4, 'A': 3, 'D': 3}","[0.58, 0.54, 0.88]",3.67
99,"[1, 3, 5]","[3, 3, 4]","[0.54, 0.5, 0.75]","[['A', 'B', 'C', 'D'], ['A', 'C', 'B', 'D'], ['C', 'A', 'B', 'D']]","{'B': 5, 'C': 5, 'A': 3, 'D': 2}","[0.58, 0.54, 0.88]",3.67
99,"[1, 3, 5]","[3, 3, 4]","[0.54, 0.5, 0.75]","[['A', 'B', 'C', 'D'], ['A', 'C', 'B', 'D'], ['C', 'B', 'A', 'D']]","{'B': 5, 'C': 5, 'A': 3, 'D': 2}","[0.58, 0.54, 0.88]",3.67
99,"[1, 3, 5]","[3, 3, 4]","[0.54, 0.5, 0.75]","[['A', 'B', 'C', 'D'], ['A', 'C', 'B', 'D'], ['D', 'A', 'B', 'C']]","{'B': 5, 'C': 4, 'A': 3, 'D': 3}","[0.58, 0.54, 0.88]",3.67
99,"[1, 3, 5]","[3, 3, 4]","[0.54, 0.5, 0.75]","[['A', 'B', 'C', 'D'], ['A', 'C', 'B', 'D'], ['D', 'B', 'A', 'C']]","{'B': 5, 'C': 4, 'A': 3, 'D': 3}","[0.58, 0.54, 0.88]",3.67
99,"[1, 3, 5]","[3, 3, 4]","[0.54, 0.5, 0.75]","[['A', 'B', 'C', 'D'], ['A', 'D', 'B', 'C'], ['A', 'B', 'C', 'D']]","{'B': 5, 'C': 4, 'A': 3, 'D': 3}","[0.58, 0.54, 0.88]",3.67
99,"[1, 3, 5]","[3, 3, 4]","[0.54, 0.5, 0.75]","[['A', 'B', 'C', 'D'], ['A', 'D', 'B', 'C'], ['A', 'C', 'B', 'D']]","{'B': 5, 'C': 4, 'A': 3, 'D': 3}","[0.58, 0.54, 0.88]",3.67
99,"[1, 3, 5]","[3, 3, 4]","[0.54, 0.5, 0.75]","[['A', 'B', 'C', 'D'], ['A', 'D', 'B', 'C'], ['B', 'A', 'C', 'D']]","{'B': 5, 'C': 4, 'A': 3, 'D': 3}","[0.58, 0.54, 0.88]",3.67
99,"[1, 3, 5]","[3, 3, 4]","[0.54, 0.5, 0.75]","[['A', 'B', 'C', 'D'], ['A', 'D', 'B', 'C'], ['B', 'C', 'A', 'D']]","{'B': 5, 'C': 4, 'A': 3, 'D': 3}","[0.58, 0.54, 0.88]",3.67
99,"[1, 3, 5]","[3, 3, 4]","[0.54, 0.5, 0.75]","[['A', 'B', 'C', 'D'], ['A', 'D', 'B', 'C'], ['C', 'A', 'B', 'D']]","{'B': 5, 'C': 4, 'A': 3, 'D': 3}","[0.58, 0.54, 0.88]",3.67
99,"[1, 3, 5]","[3, 3, 4]","[0.54, 0.5, 0.75]","[['A', 'B', 'C', 'D'], ['A', 'D', 'B', 'C'], ['C', 'B', 'A', 'D']]","{'B': 5, 'C': 4, 'A': 3, 'D': 3}","[0.58, 0.54, 0.88]",3.67
99,"[1, 3, 5]","[3, 3, 4]","[0.54, 0.5, 0.75]","[['A', 'B', 'C', 'D'], ['B', 'A', 'C', 'D'], ['A', 'B', 'C', 'D']]","{'B': 5, 'C': 5, 'A': 3, 'D': 2}","[0.58, 0.54, 0.88]",3.67
99,"[1, 3, 5]","[3, 3, 4]","[0.54, 0.5, 0.75]","[['A', 'B', 'C', 'D'], ['B', 'A', 'C', 'D'], ['A', 'B', 'D', 'C']]","{'B': 5, 'C': 4, 'A': 3, 'D': 3}","[0.58, 0.54, 0.88]",3.67
99,"[1, 3, 5]","[3, 3, 4]","[0.54, 0.5, 0.75]","[['A', 'B', 'C', 'D'], ['B', 'A', 'C', 'D'], ['A', 'C', 'B', 'D']]","{'B': 5, 'C': 5, 'A': 3, 'D': 2}","[0.58, 0.54, 0.88]",3.67
99,"[1, 3, 5]","[3, 3, 4]","[0.54, 0.5, 0.75]","[['A', 'B', 'C', 'D'], ['B', 'A', 'C', 'D'], ['A', 'D', 'B', 'C']]","{'B': 5, 'C': 4, 'A': 3, 'D': 3}","[0.58, 0.54, 0.88]",3.67
99,"[1, 3, 5]","[3, 3, 4]","[0.54, 0.5, 0.75]","[['A', 'B', 'C', 'D'], ['B', 'A', 'C', 'D'], ['B', 'A', 'C', 'D']]","{'B': 5, 'C': 5, 'A': 3, 'D': 2}","[0.58, 0.54, 0.88]",3.67
99,"[1, 3, 5]","[3, 3, 4]","[0.54, 0.5, 0.75]","[['A', 'B', 'C', 'D'], ['B', 'A', 'C', 'D'], ['B', 'A', 'D', 'C']]","{'B': 5, 'C': 4, 'A': 3, 'D': 3}","[0.58, 0.54, 0.88]",3.67
99,"[1, 3, 5]","[3, 3, 4]","[0.54, 0.5, 0.75]","[['A', 'B', 'C', 'D'], ['B', 'A', 'C', 'D'], ['B', 'C', 'A', 'D']]","{'B': 5, 'C': 5, 'A': 3, 'D': 2}","[0.58, 0.54, 0.88]",3.67
99,"[1, 3, 5]","[3, 3, 4]","[0.54, 0.5, 0.75]","[['A', 'B', 'C', 'D'], ['B', 'A', 'C', 'D'], ['B', 'D', 'A', 'C']]","{'B': 5, 'C': 4, 'A': 3, 'D': 3}","[0.58, 0.54, 0.88]",3.67
99,"[1, 3, 5]","[3, 3, 4]","[0.54, 0.5, 0.75]","[['A', 'B', 'C', 'D'], ['B', 'A', 'C', 'D'], ['C', 'A', 'B', 'D']]","{'B': 5, 'C': 5, 'A': 3, 'D': 2}","[0.58, 0.54, 0.88]",3.67
99,"[1, 3, 5]","[3, 3, 4]","[0.54, 0.5, 0.75]","[['A', 'B', 'C', 'D'], ['B', 'A', 'C', 'D'], ['C', 'B', 'A', 'D']]","{'B': 5, 'C': 5, 'A': 3, 'D': 2}","[0.58, 0.54, 0.88]",3.67
99,"[1, 3, 5]","[3, 3, 4]","[0.54, 0.5, 0.75]","[['A', 'B', 'C', 'D'], ['B', 'A', 'C', 'D'], ['D', 'A', 'B', 'C']]","{'B': 5, 'C': 4, 'A': 3, 'D': 3}","[0.58, 0.54, 0.88]",3.67
99,"[1, 3, 5]","[3, 3, 4]","[0.54, 0.5, 0.75]","[['A', 'B', 'C', 'D'], ['B', 'A', 'C', 'D'], ['D', 'B', 'A', 'C']]","{'B': 5, 'C': 4, 'A': 3, 'D': 3}","[0.58, 0.54, 0.88]",3.67
99,"[1, 3, 5]","[3, 3, 4]","[0.54, 0.5, 0.75]","[['A', 'B', 'C', 'D'], ['B', 'A', 'D', 'C'], ['A', 'B', 'C', 'D']]","{'B': 5, 'C': 4, 'A': 3, 'D': 3}","[0.58, 0.54, 0.88]",3.67
99,"[1, 3, 5]","[3, 3, 4]","[0.54, 0.5, 0.75]","[['A', 'B', 'C', 'D'], ['B', 'A', 'D', 'C'], ['A', 'C', 'B', 'D']]","{'B': 5, 'C': 4, 'A': 3, 'D': 3}","[0.58, 0.54, 0.88]",3.67
99,"[1, 3, 5]","[3, 3, 4]","[0.54, 0.5, 0.75]","[['A', 'B', 'C', 'D'], ['B', 'A', 'D', 'C'], ['B', 'A', 'C', 'D']]","{'B': 5, 'C': 4, 'A': 3, 'D': 3}","[0.58, 0.54, 0.88]",3.67
99,"[1, 3, 5]","[3, 3, 4]","[0.54, 0.5, 0.75]","[['A', 'B', 'C', 'D'], ['B', 'A', 'D', 'C'], ['B', 'C', 'A', 'D']]","{'B': 5, 'C': 4, 'A': 3, 'D': 3}","[0.58, 0.54, 0.88]",3.67
99,"[1, 3, 5]","[3, 3, 4]","[0.54, 0.5, 0.75]","[['A', 'B', 'C', 'D'], ['B', 'A', 'D', 'C'], ['C', 'A', 'B', 'D']]","{'B': 5, 'C': 4, 'A': 3, 'D': 3}","[0.58, 0.54, 0.88]",3.67
99,"[1, 3, 5]","[3, 3, 4]","[0.54, 0.5, 0.75]","[['A', 'B', 'C', 'D'], ['B', 'A', 'D', 'C'], ['C', 'B', 'A', 'D']]","{'B': 5, 'C': 4, 'A': 3, 'D': 3}","[0.58, 0.54, 0.88]",3.67
99,"[1, 3, 5]","[3, 3, 4]","[0.54, 0.5, 0.75]","[['A', 'B', 'C', 'D'], ['B', 'C', 'A', 'D'], ['A', 'B', 'C', 'D']]","{'B': 5, 'C': 5, 'A': 3, 'D': 2}","[0.58, 0.54, 0.88]",3.67
99,"[1, 3, 5]","[3, 3, 4]","[0.54, 0.5, 0.75]","[['A', 'B', 'C', 'D'], ['B', 'C', 'A', 'D'], ['A', 'B', 'D', 'C']]","{'B': 5, 'C': 4, 'A': 3, 'D': 3}","[0.58, 0.54, 0.88]",3.67
99,"[1, 3, 5]","[3, 3, 4]","[0.54, 0.5, 0.75]","[['A', 'B', 'C', 'D'], ['B', 'C', 'A', 'D'], ['A', 'C', 'B', 'D']]","{'B': 5, 'C': 5, 'A': 3, 'D': 2}","[0.58, 0.54, 0.88]",3.67
99,"[1, 3, 5]","[3, 3, 4]","[0.54, 0.5, 0.75]","[['A', 'B', 'C', 'D'], ['B', 'C', 'A', 'D'], ['A', 'D', 'B', 'C']]","{'B': 5, 'C': 4, 'A': 3, 'D': 3}","[0.58, 0.54, 0.88]",3.67
99,"[1, 3, 5]","[3, 3, 4]","[0.54, 0.5, 0.75]","[['A', 'B', 'C', 'D'], ['B', 'C', 'A', 'D'], ['B', 'A', 'C', 'D']]","{'B': 5, 'C': 5, 'A': 3, 'D': 2}","[0.58, 0.54, 0.88]",3.67
99,"[1, 3, 5]","[3, 3, 4]","[0.54, 0.5, 0.75]","[['A', 'B', 'C', 'D'], ['B', 'C', 'A', 'D'], ['B', 'A', 'D', 'C']]","{'B': 5, 'C': 4, 'A': 3, 'D': 3}","[0.58, 0.54, 0.88]",3.67
99,"[1, 3, 5]","[3, 3, 4]","[0.54, 0.5, 0.75]","[['A', 'B', 'C', 'D'], ['B', 'C', 'A', 'D'], ['B', 'C', 'A', 'D']]","{'B': 5, 'C': 5, 'A': 3, 'D': 2}","[0.58, 0.54, 0.88]",3.67
99,"[1, 3, 5]","[3, 3, 4]","[0.54, 0.5, 0.75]","[['A', 'B', 'C', 'D'], ['B', 'C', 'A', 'D'], ['B', 'D', 'A', 'C']]","{'B': 5, 'C': 4, 'A': 3, 'D': 3}","[0.58, 0.54, 0.88]",3.67
99,"[1, 3, 5]","[3, 3, 4]","[0.54, 0.5, 0.75]","[['A', 'B', 'C', 'D'], ['B', 'C', 'A', 'D'], ['C', 'A', 'B', 'D']]","{'B': 5, 'C': 5, 'A': 3, 'D': 2}","[0.58, 0.54, 0.88]",3.67
99,"[1, 3, 5]","[3, 3, 4]","[0.54, 0.5, 0.75]","[['A', 'B', 'C', 'D'], ['B', 'C', 'A', 'D'], ['C', 'B', 'A', 'D']]","{'B': 5, 'C': 5, 'A': 3, 'D': 2}","[0.58, 0.54, 0.88]",3.67
99,"[1, 3, 5]","[3, 3, 4]","[0.54, 0.5, 0.75]","[['A', 'B', 'C', 'D'], ['B', 'C', 'A', 'D'], ['D', 'A', 'B', 'C']]","{'B': 5, 'C': 4, 'A': 3, 'D': 3}","[0.58, 0.54, 0.88]",3.67
99,"[1, 3, 5]","[3, 3, 4]","[0.54, 0.5, 0.75]","[['A', 'B', 'C', 'D'], ['B', 'C', 'A', 'D'], ['D', 'B', 'A', 'C']]","{'B': 5, 'C': 4, 'A': 3, 'D': 3}","[0.58, 0.54, 0.88]",3.67
99,"[1, 3, 5]","[3, 3, 4]","[0.54, 0.5, 0.75]","[['A', 'B', 'C', 'D'], ['B', 'D', 'A', 'C'], ['A', 'B', 'C', 'D']]","{'B': 5, 'C': 4, 'A': 3, 'D': 3}","[0.58, 0.54, 0.88]",3.67
99,"[1, 3, 5]","[3, 3, 4]","[0.54, 0.5, 0.75]","[['A', 'B', 'C', 'D'], ['B', 'D', 'A', 'C'], ['A', 'C', 'B', 'D']]","{'B': 5, 'C': 4, 'A': 3, 'D': 3}","[0.58, 0.54, 0.88]",3.67
99,"[1, 3, 5]","[3, 3, 4]","[0.54, 0.5, 0.75]","[['A', 'B', 'C', 'D'], ['B', 'D', 'A', 'C'], ['B', 'A', 'C', 'D']]","{'B': 5, 'C': 4, 'A': 3, 'D': 3}","[0.58, 0.54, 0.88]",3.67
99,"[1, 3, 5]","[3, 3, 4]","[0.54, 0.5, 0.75]","[['A', 'B', 'C', 'D'], ['B', 'D', 'A', 'C'], ['B', 'C', 'A', 'D']]","{'B': 5, 'C': 4, 'A': 3, 'D': 3}","[0.58, 0.54, 0.88]",3.67
99,"[1, 3, 5]","[3, 3, 4]","[0.54, 0.5, 0.75]","[['A', 'B', 'C', 'D'], ['B', 'D', 'A', 'C'], ['C', 'A', 'B', 'D']]","{'B': 5, 'C': 4, 'A': 3, 'D': 3}","[0.58, 0.54, 0.88]",3.67
99,"[1, 3, 5]","[3, 3, 4]","[0.54, 0.5, 0.75]","[['A', 'B', 'C', 'D'], ['B', 'D', 'A', 'C'], ['C', 'B', 'A', 'D']]","{'B': 5, 'C': 4, 'A': 3, 'D': 3}","[0.58, 0.54, 0.88]",3.67
99,"[1, 3, 5]","[3, 3, 4]","[0.54, 0.5, 0.75]","[['A', 'B', 'C', 'D'], ['C', 'A', 'B', 'D'], ['A', 'B', 'C', 'D']]","{'B': 5, 'C': 5, 'A': 3, 'D': 2}","[0.58, 0.54, 0.88]",3.67
99,"[1, 3, 5]","[3, 3, 4]","[0.54, 0.5, 0.75]","[['A', 'B', 'C', 'D'], ['C', 'A', 'B', 'D'], ['A', 'B', 'D', 'C']]","{'B': 5, 'C': 4, 'A': 3, 'D': 3}","[0.58, 0.54, 0.88]",3.67
99,"[1, 3, 5]","[3, 3, 4]","[0.54, 0.5, 0.75]","[['A', 'B', 'C', 'D'], ['C', 'A', 'B', 'D'], ['A', 'C', 'B', 'D']]","{'B': 5, 'C': 5, 'A': 3, 'D': 2}","[0.58, 0.54, 0.88]",3.67
99,"[1, 3, 5]","[3, 3, 4]","[0.54, 0.5, 0.75]","[['A', 'B', 'C', 'D'], ['C', 'A', 'B', 'D'], ['A', 'D', 'B', 'C']]","{'B': 5, 'C': 4, 'A': 3, 'D': 3}","[0.58, 0.54, 0.88]",3.67
99,"[1, 3, 5]","[3, 3, 4]","[0.54, 0.5, 0.75]","[['A', 'B', 'C', 'D'], ['C', 'A', 'B', 'D'], ['B', 'A', 'C', 'D']]","{'B': 5, 'C': 5, 'A': 3, 'D': 2}","[0.58, 0.54, 0.88]",3.67
99,"[1, 3, 5]","[3, 3, 4]","[0.54, 0.5, 0.75]","[['A', 'B', 'C', 'D'], ['C', 'A', 'B', 'D'], ['B', 'A', 'D', 'C']]","{'B': 5, 'C': 4, 'A': 3, 'D': 3}","[0.58, 0.54, 0.88]",3.67
99,"[1, 3, 5]","[3, 3, 4]","[0.54, 0.5, 0.75]","[['A', 'B', 'C', 'D'], ['C', 'A', 'B', 'D'], ['B', 'C', 'A', 'D']]","{'B': 5, 'C': 5, 'A': 3, 'D': 2}","[0.58, 0.54, 0.88]",3.67
99,"[1, 3, 5]","[3, 3, 4]","[0.54, 0.5, 0.75]","[['A', 'B', 'C', 'D'], ['C', 'A', 'B', 'D'], ['B', 'D', 'A', 'C']]","{'B': 5, 'C': 4, 'A': 3, 'D': 3}","[0.58, 0.54, 0.88]",3.67
99,"[1, 3, 5]","[3, 3, 4]","[0.54, 0.5, 0.75]","[['A', 'B', 'C', 'D'], ['C', 'A', 'B', 'D'], ['C', 'A', 'B', 'D']]","{'B': 5, 'C': 5, 'A': 3, 'D': 2}","[0.58, 0.54, 0.88]",3.67
99,"[1, 3, 5]","[3, 3, 4]","[0.54, 0.5, 0.75]","[['A', 'B', 'C', 'D'], ['C', 'A', 'B', 'D'], ['C', 'B', 'A', 'D']]","{'B': 5, 'C': 5, 'A': 3, 'D': 2}","[0.58, 0.54, 0.88]",3.67
99,"[1, 3, 5]","[3, 3, 4]","[0.54, 0.5, 0.75]","[['A', 'B', 'C', 'D'], ['C', 'A', 'B', 'D'], ['D', 'A', 'B', 'C']]","{'B': 5, 'C': 4, 'A': 3, 'D': 3}","[0.58, 0.54, 0.88]",3.67
99,"[1, 3, 5]","[3, 3, 4]","[0.54, 0.5, 0.75]","[['A', 'B', 'C', 'D'], ['C', 'A', 'B', 'D'], ['D', 'B', 'A', 'C']]","{'B': 5, 'C': 4, 'A': 3, 'D': 3}","[0.58, 0.54, 0.88]",3.67
99,"[1, 3, 5]","[3, 3, 4]","[0.54, 0.5, 0.75]","[['A', 'B', 'C', 'D'], ['C', 'B', 'A', 'D'], ['A', 'B', 'C', 'D']]","{'B': 5, 'C': 5, 'A': 3, 'D': 2}","[0.58, 0.54, 0.88]",3.67
99,"[1, 3, 5]","[3, 3, 4]","[0.54, 0.5, 0.75]","[['A', 'B', 'C', 'D'], ['C', 'B', 'A', 'D'], ['A', 'B', 'D', 'C']]","{'B': 5, 'C': 4, 'A': 3, 'D': 3}","[0.58, 0.54, 0.88]",3.67
99,"[1, 3, 5]","[3, 3, 4]","[0.54, 0.5, 0.75]","[['A', 'B', 'C', 'D'], ['C', 'B', 'A', 'D'], ['A', 'C', 'B', 'D']]","{'B': 5, 'C': 5, 'A': 3, 'D': 2}","[0.58, 0.54, 0.88]",3.67
99,"[1, 3, 5]","[3, 3, 4]","[0.54, 0.5, 0.75]","[['A', 'B', 'C', 'D'], ['C', 'B', 'A', 'D'], ['A', 'D', 'B', 'C']]","{'B': 5, 'C': 4, 'A': 3, 'D': 3}","[0.58, 0.54, 0.88]",3.67
99,"[1, 3, 5]","[3, 3, 4]","[0.54, 0.5, 0.75]","[['A', 'B', 'C', 'D'], ['C', 'B', 'A', 'D'], ['B', 'A', 'C', 'D']]","{'B': 5, 'C': 5, 'A': 3, 'D': 2}","[0.58, 0.54, 0.88]",3.67
99,"[1, 3, 5]","[3, 3, 4]","[0.54, 0.5, 0.75]","[['A', 'B', 'C', 'D'], ['C', 'B', 'A', 'D'], ['B', 'A', 'D', 'C']]","{'B': 5, 'C': 4, 'A': 3, 'D': 3}","[0.58, 0.54, 0.88]",3.67
99,"[1, 3, 5]","[3, 3, 4]","[0.54, 0.5, 0.75]","[['A', 'B', 'C', 'D'], ['C', 'B', 'A', 'D'], ['B', 'C', 'A', 'D']]","{'B': 5, 'C': 5, 'A': 3, 'D': 2}","[0.58, 0.54, 0.88]",3.67
99,"[1, 3, 5]","[3, 3, 4]","[0.54, 0.5, 0.75]","[['A', 'B', 'C', 'D'], ['C', 'B', 'A', 'D'], ['B', 'D', 'A', 'C']]","{'B': 5, 'C': 4, 'A': 3, 'D': 3}","[0.58, 0.54, 0.88]",3.67
99,"[1, 3, 5]","[3, 3, 4]","[0.54, 0.5, 0.75]","[['A', 'B', 'C', 'D'], ['C', 'B', 'A', 'D'], ['C', 'A', 'B', 'D']]","{'B': 5, 'C': 5, 'A': 3, 'D': 2}","[0.58, 0.54, 0.88]",3.67
99,"[1, 3, 5]","[3, 3, 4]","[0.54, 0.5, 0.75]","[['A', 'B', 'C', 'D'], ['C', 'B', 'A', 'D'], ['C', 'B', 'A', 'D']]","{'B': 5, 'C': 5, 'A': 3, 'D': 2}","[0.58, 0.54, 0.88]",3.67
99,"[1, 3, 5]","[3, 3, 4]","[0.54, 0.5, 0.75]","[['A', 'B', 'C', 'D'], ['C', 'B', 'A', 'D'], ['D', 'A', 'B', 'C']]","{'B': 5, 'C': 4, 'A': 3, 'D': 3}","[0.58, 0.54, 0.88]",3.67
99,"[1, 3, 5]","[3, 3, 4]","[0.54, 0.5, 0.75]","[['A', 'B', 'C', 'D'], ['C', 'B', 'A', 'D'], ['D', 'B', 'A', 'C']]","{'B': 5, 'C': 4, 'A': 3, 'D': 3}","[0.58, 0.54, 0.88]",3.67
99,"[1, 3, 5]","[3, 3, 4]","[0.54, 0.5, 0.75]","[['A', 'B', 'C', 'D'], ['D', 'A', 'B', 'C'], ['A', 'B', 'C', 'D']]","{'B': 5, 'C': 4, 'A': 3, 'D': 3}","[0.58, 0.54, 0.88]",3.67
99,"[1, 3, 5]","[3, 3, 4]","[0.54, 0.5, 0.75]","[['A', 'B', 'C', 'D'], ['D', 'A', 'B', 'C'], ['A', 'C', 'B', 'D']]","{'B': 5, 'C': 4, 'A': 3, 'D': 3}","[0.58, 0.54, 0.88]",3.67
99,"[1, 3, 5]","[3, 3, 4]","[0.54, 0.5, 0.75]","[['A', 'B', 'C', 'D'], ['D', 'A', 'B', 'C'], ['B', 'A', 'C', 'D']]","{'B': 5, 'C': 4, 'A': 3, 'D': 3}","[0.58, 0.54, 0.88]",3.67
99,"[1, 3, 5]","[3, 3, 4]","[0.54, 0.5, 0.75]","[['A', 'B', 'C', 'D'], ['D', 'A', 'B', 'C'], ['B', 'C', 'A', 'D']]","{'B': 5, 'C': 4, 'A': 3, 'D': 3}","[0.58, 0.54, 0.88]",3.67
99,"[1, 3, 5]","[3, 3, 4]","[0.54, 0.5, 0.75]","[['A', 'B', 'C', 'D'], ['D', 'A', 'B', 'C'], ['C', 'A', 'B', 'D']]","{'B': 5, 'C': 4, 'A': 3, 'D': 3}","[0.58, 0.54, 0.88]",3.67
99,"[1, 3, 5]","[3, 3, 4]","[0.54, 0.5, 0.75]","[['A', 'B', 'C', 'D'], ['D', 'A', 'B', 'C'], ['C', 'B', 'A', 'D']]","{'B': 5, 'C': 4, 'A': 3, 'D': 3}","[0.58, 0.54, 0.88]",3.67
99,"[1, 3, 5]","[3, 3, 4]","[0.54, 0.5, 0.75]","[['A', 'B', 'C', 'D'], ['D', 'B', 'A', 'C'], ['A', 'B', 'C', 'D']]","{'B': 5, 'C': 4, 'A': 3, 'D': 3}","[0.58, 0.54, 0.88]",3.67
99,"[1, 3, 5]","[3, 3, 4]","[0.54, 0.5, 0.75]","[['A', 'B', 'C', 'D'], ['D', 'B', 'A', 'C'], ['A', 'C', 'B', 'D']]","{'B': 5, 'C': 4, 'A': 3, 'D': 3}","[0.58, 0.54, 0.88]",3.67
99,"[1, 3, 5]","[3, 3, 4]","[0.54, 0.5, 0.75]","[['A', 'B', 'C', 'D'], ['D', 'B', 'A', 'C'], ['B', 'A', 'C', 'D']]","{'B': 5, 'C': 4, 'A': 3, 'D': 3}","[0.58, 0.54, 0.88]",3.67
99,"[1, 3, 5]","[3, 3, 4]","[0.54, 0.5, 0.75]","[['A', 'B', 'C', 'D'], ['D', 'B', 'A', 'C'], ['B', 'C', 'A', 'D']]","{'B': 5, 'C': 4, 'A': 3, 'D': 3}","[0.58, 0.54, 0.88]",3.67
99,"[1, 3, 5]","[3, 3, 4]","[0.54, 0.5, 0.75]","[['A', 'B', 'C', 'D'], ['D', 'B', 'A', 'C'], ['C', 'A', 'B', 'D']]","{'B': 5, 'C': 4, 'A': 3, 'D': 3}","[0.58, 0.54, 0.88]",3.67
99,"[1, 3, 5]","[3, 3, 4]","[0.54, 0.5, 0.75]","[['A', 'B', 'C', 'D'], ['D', 'B', 'A', 'C'], ['C', 'B', 'A', 'D']]","{'B': 5, 'C': 4, 'A': 3, 'D': 3}","[0.58, 0.54, 0.88]",3.67
99,"[1, 3, 5]","[3, 3, 4]","[0.54, 0.5, 0.75]","[['A', 'B', 'D', 'C'], ['A', 'B', 'C', 'D'], ['A', 'B', 'C', 'D']]","{'B': 5, 'C': 4, 'A': 3, 'D': 3}","[0.58, 0.54, 0.88]",3.67
99,"[1, 3, 5]","[3, 3, 4]","[0.54, 0.5, 0.75]","[['A', 'B', 'D', 'C'], ['A', 'B', 'C', 'D'], ['A', 'C', 'B', 'D']]","{'B': 5, 'C': 4, 'A': 3, 'D': 3}","[0.58, 0.54, 0.88]",3.67
99,"[1, 3, 5]","[3, 3, 4]","[0.54, 0.5, 0.75]","[['A', 'B', 'D', 'C'], ['A', 'B', 'C', 'D'], ['B', 'A', 'C', 'D']]","{'B': 5, 'C': 4, 'A': 3, 'D': 3}","[0.58, 0.54, 0.88]",3.67
99,"[1, 3, 5]","[3, 3, 4]","[0.54, 0.5, 0.75]","[['A', 'B', 'D', 'C'], ['A', 'B', 'C', 'D'], ['B', 'C', 'A', 'D']]","{'B': 5, 'C': 4, 'A': 3, 'D': 3}","[0.58, 0.54, 0.88]",3.67
99,"[1, 3, 5]","[3, 3, 4]","[0.54, 0.5, 0.75]","[['A', 'B', 'D', 'C'], ['A', 'B', 'C', 'D'], ['C', 'A', 'B', 'D']]","{'B': 5, 'C': 4, 'A': 3, 'D': 3}","[0.58, 0.54, 0.88]",3.67
99,"[1, 3, 5]","[3, 3, 4]","[0.54, 0.5, 0.75]","[['A', 'B', 'D', 'C'], ['A', 'B', 'C', 'D'], ['C', 'B', 'A', 'D']]","{'B': 5, 'C': 4, 'A': 3, 'D': 3}","[0.58, 0.54, 0.88]",3.67
99,"[1, 3, 5]","[3, 3, 4]","[0.54, 0.5, 0.75]","[['A', 'B', 'D', 'C'], ['A', 'C', 'B', 'D'], ['A', 'B', 'C', 'D']]","{'B': 5, 'C': 4, 'A': 3, 'D': 3}","[0.58, 0.54, 0.88]",3.67
99,"[1, 3, 5]","[3, 3, 4]","[0.54, 0.5, 0.75]","[['A', 'B', 'D', 'C'], ['A', 'C', 'B', 'D'], ['A', 'C', 'B', 'D']]","{'B': 5, 'C': 4, 'A': 3, 'D': 3}","[0.58, 0.54, 0.88]",3.67
99,"[1, 3, 5]","[3, 3, 4]","[0.54, 0.5, 0.75]","[['A', 'B', 'D', 'C'], ['A', 'C', 'B', 'D'], ['B', 'A', 'C', 'D']]","{'B': 5, 'C': 4, 'A': 3, 'D': 3}","[0.58, 0.54, 0.88]",3.67
99,"[1, 3, 5]","[3, 3, 4]","[0.54, 0.5, 0.75]","[['A', 'B', 'D', 'C'], ['A', 'C', 'B', 'D'], ['B', 'C', 'A', 'D']]","{'B': 5, 'C': 4, 'A': 3, 'D': 3}","[0.58, 0.54, 0.88]",3.67
99,"[1, 3, 5]","[3, 3, 4]","[0.54, 0.5, 0.75]","[['A', 'B', 'D', 'C'], ['A', 'C', 'B', 'D'], ['C', 'A', 'B', 'D']]","{'B': 5, 'C': 4, 'A': 3, 'D': 3}","[0.58, 0.54, 0.88]",3.67
99,"[1, 3, 5]","[3, 3, 4]","[0.54, 0.5, 0.75]","[['A', 'B', 'D', 'C'], ['A', 'C', 'B', 'D'], ['C', 'B', 'A', 'D']]","{'B': 5, 'C': 4, 'A': 3, 'D': 3}","[0.58, 0.54, 0.88]",3.67
99,"[1, 3, 5]","[3, 3, 4]","[0.54, 0.5, 0.75]","[['A', 'B', 'D', 'C'], ['B', 'A', 'C', 'D'], ['A', 'B', 'C', 'D']]","{'B': 5, 'C': 4, 'A': 3, 'D': 3}","[0.58, 0.54, 0.88]",3.67
99,"[1, 3, 5]","[3, 3, 4]","[0.54, 0.5, 0.75]","[['A', 'B', 'D', 'C'], ['B', 'A', 'C', 'D'], ['A', 'C', 'B', 'D']]","{'B': 5, 'C': 4, 'A': 3, 'D': 3}","[0.58, 0.54, 0.88]",3.67
99,"[1, 3, 5]","[3, 3, 4]","[0.54, 0.5, 0.75]","[['A', 'B', 'D', 'C'], ['B', 'A', 'C', 'D'], ['B', 'A', 'C', 'D']]","{'B': 5, 'C': 4, 'A': 3, 'D': 3}","[0.58, 0.54, 0.88]",3.67
99,"[1, 3, 5]","[3, 3, 4]","[0.54, 0.5, 0.75]","[['A', 'B', 'D', 'C'], ['B', 'A', 'C', 'D'], ['B', 'C', 'A', 'D']]","{'B': 5, 'C': 4, 'A': 3, 'D': 3}","[0.58, 0.54, 0.88]",3.67
99,"[1, 3, 5]","[3, 3, 4]","[0.54, 0.5, 0.75]","[['A', 'B', 'D', 'C'], ['B', 'A', 'C', 'D'], ['C', 'A', 'B', 'D']]","{'B': 5, 'C': 4, 'A': 3, 'D': 3}","[0.58, 0.54, 0.88]",3.67
99,"[1, 3, 5]","[3, 3, 4]","[0.54, 0.5, 0.75]","[['A', 'B', 'D', 'C'], ['B', 'A', 'C', 'D'], ['C', 'B', 'A', 'D']]","{'B': 5, 'C': 4, 'A': 3, 'D': 3}","[0.58, 0.54, 0.88]",3.67
99,"[1, 3, 5]","[3, 3, 4]","[0.54, 0.5, 0.75]","[['A', 'B', 'D', 'C'], ['B', 'C', 'A', 'D'], ['A', 'B', 'C', 'D']]","{'B': 5, 'C': 4, 'A': 3, 'D': 3}","[0.58, 0.54, 0.88]",3.67
99,"[1, 3, 5]","[3, 3, 4]","[0.54, 0.5, 0.75]","[['A', 'B', 'D', 'C'], ['B', 'C', 'A', 'D'], ['A', 'C', 'B', 'D']]","{'B': 5, 'C': 4, 'A': 3, 'D': 3}","[0.58, 0.54, 0.88]",3.67
99,"[1, 3, 5]","[3, 3, 4]","[0.54, 0.5, 0.75]","[['A', 'B', 'D', 'C'], ['B', 'C', 'A', 'D'], ['B', 'A', 'C', 'D']]","{'B': 5, 'C': 4, 'A': 3, 'D': 3}","[0.58, 0.54, 0.88]",3.67
99,"[1, 3, 5]","[3, 3, 4]","[0.54, 0.5, 0.75]","[['A', 'B', 'D', 'C'], ['B', 'C', 'A', 'D'], ['B', 'C', 'A', 'D']]","{'B': 5, 'C': 4, 'A': 3, 'D': 3}","[0.58, 0.54, 0.88]",3.67
99,"[1, 3, 5]","[3, 3, 4]","[0.54, 0.5, 0.75]","[['A', 'B', 'D', 'C'], ['B', 'C', 'A', 'D'], ['C', 'A', 'B', 'D']]","{'B': 5, 'C': 4, 'A': 3, 'D': 3}","[0.58, 0.54, 0.88]",3.67
99,"[1, 3, 5]","[3, 3, 4]","[0.54, 0.5, 0.75]","[['A', 'B', 'D', 'C'], ['B', 'C', 'A', 'D'], ['C', 'B', 'A', 'D']]","{'B': 5, 'C': 4, 'A': 3, 'D': 3}","[0.58, 0.54, 0.88]",3.67
99,"[1, 3, 5]","[3, 3, 4]","[0.54, 0.5, 0.75]","[['A', 'B', 'D', 'C'], ['C', 'A', 'B', 'D'], ['A', 'B', 'C', 'D']]","{'B': 5, 'C': 4, 'A': 3, 'D': 3}","[0.58, 0.54, 0.88]",3.67
99,"[1, 3, 5]","[3, 3, 4]","[0.54, 0.5, 0.75]","[['A', 'B', 'D', 'C'], ['C', 'A', 'B', 'D'], ['A', 'C', 'B', 'D']]","{'B': 5, 'C': 4, 'A': 3, 'D': 3}","[0.58, 0.54, 0.88]",3.67
99,"[1, 3, 5]","[3, 3, 4]","[0.54, 0.5, 0.75]","[['A', 'B', 'D', 'C'], ['C', 'A', 'B', 'D'], ['B', 'A', 'C', 'D']]","{'B': 5, 'C': 4, 'A': 3, 'D': 3}","[0.58, 0.54, 0.88]",3.67
99,"[1, 3, 5]","[3, 3, 4]","[0.54, 0.5, 0.75]","[['A', 'B', 'D', 'C'], ['C', 'A', 'B', 'D'], ['B', 'C', 'A', 'D']]","{'B': 5, 'C': 4, 'A': 3, 'D': 3}","[0.58, 0.54, 0.88]",3.67
99,"[1, 3, 5]","[3, 3, 4]","[0.54, 0.5, 0.75]","[['A', 'B', 'D', 'C'], ['C', 'A', 'B', 'D'], ['C', 'A', 'B', 'D']]","{'B': 5, 'C': 4, 'A': 3, 'D': 3}","[0.58, 0.54, 0.88]",3.67
99,"[1, 3, 5]","[3, 3, 4]","[0.54, 0.5, 0.75]","[['A', 'B', 'D', 'C'], ['C', 'A', 'B', 'D'], ['C', 'B', 'A', 'D']]","{'B': 5, 'C': 4, 'A': 3, 'D': 3}","[0.58, 0.54, 0.88]",3.67
99,"[1, 3, 5]","[3, 3, 4]","[0.54, 0.5, 0.75]","[['A', 'B', 'D', 'C'], ['C', 'B', 'A', 'D'], ['A', 'B', 'C', 'D']]","{'B': 5, 'C': 4, 'A': 3, 'D': 3}","[0.58, 0.54, 0.88]",3.67
99,"[1, 3, 5]","[3, 3, 4]","[0.54, 0.5, 0.75]","[['A', 'B', 'D', 'C'], ['C', 'B', 'A', 'D'], ['A', 'C', 'B', 'D']]","{'B': 5, 'C': 4, 'A': 3, 'D': 3}","[0.58, 0.54, 0.88]",3.67
99,"[1, 3, 5]","[3, 3, 4]","[0.54, 0.5, 0.75]","[['A', 'B', 'D', 'C'], ['C', 'B', 'A', 'D'], ['B', 'A', 'C', 'D']]","{'B': 5, 'C': 4, 'A': 3, 'D': 3}","[0.58, 0.54, 0.88]",3.67
99,"[1, 3, 5]","[3, 3, 4]","[0.54, 0.5, 0.75]","[['A', 'B', 'D', 'C'], ['C', 'B', 'A', 'D'], ['B', 'C', 'A', 'D']]","{'B': 5, 'C': 4, 'A': 3, 'D': 3}","[0.58, 0.54, 0.88]",3.67
99,"[1, 3, 5]","[3, 3, 4]","[0.54, 0.5, 0.75]","[['A', 'B', 'D', 'C'], ['C', 'B', 'A', 'D'], ['C', 'A', 'B', 'D']]","{'B': 5, 'C': 4, 'A': 3, 'D': 3}","[0.58, 0.54, 0.88]",3.67
99,"[1, 3, 5]","[3, 3, 4]","[0.54, 0.5, 0.75]","[['A', 'B', 'D', 'C'], ['C', 'B', 'A', 'D'], ['C', 'B', 'A', 'D']]","{'B': 5, 'C': 4, 'A': 3, 'D': 3}","[0.58, 0.54, 0.88]",3.67
99,"[1, 3, 5]","[3, 3, 4]","[0.54, 0.5, 0.75]","[['A', 'C', 'B', 'D'], ['A', 'B', 'C', 'D'], ['A', 'B', 'C', 'D']]","{'B': 5, 'C': 5, 'A': 3, 'D': 2}","[0.58, 0.54, 0.88]",3.67
99,"[1, 3, 5]","[3, 3, 4]","[0.54, 0.5, 0.75]","[['A', 'C', 'B', 'D'], ['A', 'B', 'C', 'D'], ['A', 'B', 'D', 'C']]","{'B': 5, 'C': 4, 'A': 3, 'D': 3}","[0.58, 0.54, 0.88]",3.67
99,"[1, 3, 5]","[3, 3, 4]","[0.54, 0.5, 0.75]","[['A', 'C', 'B', 'D'], ['A', 'B', 'C', 'D'], ['A', 'C', 'B', 'D']]","{'B': 5, 'C': 5, 'A': 3, 'D': 2}","[0.58, 0.54, 0.88]",3.67
99,"[1, 3, 5]","[3, 3, 4]","[0.54, 0.5, 0.75]","[['A', 'C', 'B', 'D'], ['A', 'B', 'C', 'D'], ['A', 'D', 'B', 'C']]","{'B': 5, 'C': 4, 'A': 3, 'D': 3}","[0.58, 0.54, 0.88]",3.67
99,"[1, 3, 5]","[3, 3, 4]","[0.54, 0.5, 0.75]","[['A', 'C', 'B', 'D'], ['A', 'B', 'C', 'D'], ['B', 'A', 'C', 'D']]","{'B': 5, 'C': 5, 'A': 3, 'D': 2}","[0.58, 0.54, 0.88]",3.67
99,"[1, 3, 5]","[3, 3, 4]","[0.54, 0.5, 0.75]","[['A', 'C', 'B', 'D'], ['A', 'B', 'C', 'D'], ['B', 'A', 'D', 'C']]","{'B': 5, 'C': 4, 'A': 3, 'D': 3}","[0.58, 0.54, 0.88]",3.67
99,"[1, 3, 5]","[3, 3, 4]","[0.54, 0.5, 0.75]","[['A', 'C', 'B', 'D'], ['A', 'B', 'C', 'D'], ['B', 'C', 'A', 'D']]","{'B': 5, 'C': 5, 'A': 3, 'D': 2}","[0.58, 0.54, 0.88]",3.67
99,"[1, 3, 5]","[3, 3, 4]","[0.54, 0.5, 0.75]","[['A', 'C', 'B', 'D'], ['A', 'B', 'C', 'D'], ['B', 'D', 'A', 'C']]","{'B': 5, 'C': 4, 'A': 3, 'D': 3}","[0.58, 0.54, 0.88]",3.67
99,"[1, 3, 5]","[3, 3, 4]","[0.54, 0.5, 0.75]","[['A', 'C', 'B', 'D'], ['A', 'B', 'C', 'D'], ['C', 'A', 'B', 'D']]","{'B': 5, 'C': 5, 'A': 3, 'D': 2}","[0.58, 0.54, 0.88]",3.67
99,"[1, 3, 5]","[3, 3, 4]","[0.54, 0.5, 0.75]","[['A', 'C', 'B', 'D'], ['A', 'B', 'C', 'D'], ['C', 'B', 'A', 'D']]","{'B': 5, 'C': 5, 'A': 3, 'D': 2}","[0.58, 0.54, 0.88]",3.67
99,"[1, 3, 5]","[3, 3, 4]","[0.54, 0.5, 0.75]","[['A', 'C', 'B', 'D'], ['A', 'B', 'C', 'D'], ['D', 'A', 'B', 'C']]","{'B': 5, 'C': 4, 'A': 3, 'D': 3}","[0.58, 0.54, 0.88]",3.67
99,"[1, 3, 5]","[3, 3, 4]","[0.54, 0.5, 0.75]","[['A', 'C', 'B', 'D'], ['A', 'B', 'C', 'D'], ['D', 'B', 'A', 'C']]","{'B': 5, 'C': 4, 'A': 3, 'D': 3}","[0.58, 0.54, 0.88]",3.67
99,"[1, 3, 5]","[3, 3, 4]","[0.54, 0.5, 0.75]","[['A', 'C', 'B', 'D'], ['A', 'B', 'D', 'C'], ['A', 'B', 'C', 'D']]","{'B': 5, 'C': 4, 'A': 3, 'D': 3}","[0.58, 0.54, 0.88]",3.67
99,"[1, 3, 5]","[3, 3, 4]","[0.54, 0.5, 0.75]","[['A', 'C', 'B', 'D'], ['A', 'B', 'D', 'C'], ['A', 'C', 'B', 'D']]","{'B': 5, 'C': 4, 'A': 3, 'D': 3}","[0.58, 0.54, 0.88]",3.67
99,"[1, 3, 5]","[3, 3, 4]","[0.54, 0.5, 0.75]","[['A', 'C', 'B', 'D'], ['A', 'B', 'D', 'C'], ['B', 'A', 'C', 'D']]","{'B': 5, 'C': 4, 'A': 3, 'D': 3}","[0.58, 0.54, 0.88]",3.67
99,"[1, 3, 5]","[3, 3, 4]","[0.54, 0.5, 0.75]","[['A', 'C', 'B', 'D'], ['A', 'B', 'D', 'C'], ['B', 'C', 'A', 'D']]","{'B': 5, 'C': 4, 'A': 3, 'D': 3}","[0.58, 0.54, 0.88]",3.67
99,"[1, 3, 5]","[3, 3, 4]","[0.54, 0.5, 0.75]","[['A', 'C', 'B', 'D'], ['A', 'B', 'D', 'C'], ['C', 'A', 'B', 'D']]","{'B': 5, 'C': 4, 'A': 3, 'D': 3}","[0.58, 0.54, 0.88]",3.67
99,"[1, 3, 5]","[3, 3, 4]","[0.54, 0.5, 0.75]","[['A', 'C', 'B', 'D'], ['A', 'B', 'D', 'C'], ['C', 'B', 'A', 'D']]","{'B': 5, 'C': 4, 'A': 3, 'D': 3}","[0.58, 0.54, 0.88]",3.67
99,"[1, 3, 5]","[3, 3, 4]","[0.54, 0.5, 0.75]","[['A', 'C', 'B', 'D'], ['A', 'C', 'B', 'D'], ['A', 'B', 'C', 'D']]","{'B': 5, 'C': 5, 'A': 3, 'D': 2}","[0.58, 0.54, 0.88]",3.67
99,"[1, 3, 5]","[3, 3, 4]","[0.54, 0.5, 0.75]","[['A', 'C', 'B', 'D'], ['A', 'C', 'B', 'D'], ['A', 'B', 'D', 'C']]","{'B': 5, 'C': 4, 'A': 3, 'D': 3}","[0.58, 0.54, 0.88]",3.67
99,"[1, 3, 5]","[3, 3, 4]","[0.54, 0.5, 0.75]","[['A', 'C', 'B', 'D'], ['A', 'C', 'B', 'D'], ['A', 'C', 'B', 'D']]","{'B': 5, 'C': 5, 'A': 3, 'D': 2}","[0.58, 0.54, 0.88]",3.67
99,"[1, 3, 5]","[3, 3, 4]","[0.54, 0.5, 0.75]","[['A', 'C', 'B', 'D'], ['A', 'C', 'B', 'D'], ['A', 'D', 'B', 'C']]","{'B': 5, 'C': 4, 'A': 3, 'D': 3}","[0.58, 0.54, 0.88]",3.67
99,"[1, 3, 5]","[3, 3, 4]","[0.54, 0.5, 0.75]","[['A', 'C', 'B', 'D'], ['A', 'C', 'B', 'D'], ['B', 'A', 'C', 'D']]","{'B': 5, 'C': 5, 'A': 3, 'D': 2}","[0.58, 0.54, 0.88]",3.67
99,"[1, 3, 5]","[3, 3, 4]","[0.54, 0.5, 0.75]","[['A', 'C', 'B', 'D'], ['A', 'C', 'B', 'D'], ['B', 'A', 'D', 'C']]","{'B': 5, 'C': 4, 'A': 3, 'D': 3}","[0.58, 0.54, 0.88]",3.67
99,"[1, 3, 5]","[3, 3, 4]","[0.54, 0.5, 0.75]","[['A', 'C', 'B', 'D'], ['A', 'C', 'B', 'D'], ['B', 'C', 'A', 'D']]","{'B': 5, 'C': 5, 'A': 3, 'D': 2}","[0.58, 0.54, 0.88]",3.67
99,"[1, 3, 5]","[3, 3, 4]","[0.54, 0.5, 0.75]","[['A', 'C', 'B', 'D'], ['A', 'C', 'B', 'D'], ['B', 'D', 'A', 'C']]","{'B': 5, 'C': 4, 'A': 3, 'D': 3}","[0.58, 0.54, 0.88]",3.67
99,"[1, 3, 5]","[3, 3, 4]","[0.54, 0.5, 0.75]","[['A', 'C', 'B', 'D'], ['A', 'C', 'B', 'D'], ['C', 'A', 'B', 'D']]","{'B': 5, 'C': 5, 'A': 3, 'D': 2}","[0.58, 0.54, 0.88]",3.67
99,"[1, 3, 5]","[3, 3, 4]","[0.54, 0.5, 0.75]","[['A', 'C', 'B', 'D'], ['A', 'C', 'B', 'D'], ['C', 'B', 'A', 'D']]","{'B': 5, 'C': 5, 'A': 3, 'D': 2}","[0.58, 0.54, 0.88]",3.67
99,"[1, 3, 5]","[3, 3, 4]","[0.54, 0.5, 0.75]","[['A', 'C', 'B', 'D'], ['A', 'C', 'B', 'D'], ['D', 'A', 'B', 'C']]","{'B': 5, 'C': 4, 'A': 3, 'D': 3}","[0.58, 0.54, 0.88]",3.67
99,"[1, 3, 5]","[3, 3, 4]","[0.54, 0.5, 0.75]","[['A', 'C', 'B', 'D'], ['A', 'C', 'B', 'D'], ['D', 'B', 'A', 'C']]","{'B': 5, 'C': 4, 'A': 3, 'D': 3}","[0.58, 0.54, 0.88]",3.67
99,"[1, 3, 5]","[3, 3, 4]","[0.54, 0.5, 0.75]","[['A', 'C', 'B', 'D'], ['A', 'D', 'B', 'C'], ['A', 'B', 'C', 'D']]","{'B': 5, 'C': 4, 'A': 3, 'D': 3}","[0.58, 0.54, 0.88]",3.67
99,"[1, 3, 5]","[3, 3, 4]","[0.54, 0.5, 0.75]","[['A', 'C', 'B', 'D'], ['A', 'D', 'B', 'C'], ['A', 'C', 'B', 'D']]","{'B': 5, 'C': 4, 'A': 3, 'D': 3}","[0.58, 0.54, 0.88]",3.67
99,"[1, 3, 5]","[3, 3, 4]","[0.54, 0.5, 0.75]","[['A', 'C', 'B', 'D'], ['A', 'D', 'B', 'C'], ['B', 'A', 'C', 'D']]","{'B': 5, 'C': 4, 'A': 3, 'D': 3}","[0.58, 0.54, 0.88]",3.67
99,"[1, 3, 5]","[3, 3, 4]","[0.54, 0.5, 0.75]","[['A', 'C', 'B', 'D'], ['A', 'D', 'B', 'C'], ['B', 'C', 'A', 'D']]","{'B': 5, 'C': 4, 'A': 3, 'D': 3}","[0.58, 0.54, 0.88]",3.67
99,"[1, 3, 5]","[3, 3, 4]","[0.54, 0.5, 0.75]","[['A', 'C', 'B', 'D'], ['A', 'D', 'B', 'C'], ['C', 'A', 'B', 'D']]","{'B': 5, 'C': 4, 'A': 3, 'D': 3}","[0.58, 0.54, 0.88]",3.67
99,"[1, 3, 5]","[3, 3, 4]","[0.54, 0.5, 0.75]","[['A', 'C', 'B', 'D'], ['A', 'D', 'B', 'C'], ['C', 'B', 'A', 'D']]","{'B': 5, 'C': 4, 'A': 3, 'D': 3}","[0.58, 0.54, 0.88]",3.67
99,"[1, 3, 5]","[3, 3, 4]","[0.54, 0.5, 0.75]","[['A', 'C', 'B', 'D'], ['B', 'A', 'C', 'D'], ['A', 'B', 'C', 'D']]","{'B': 5, 'C': 5, 'A': 3, 'D': 2}","[0.58, 0.54, 0.88]",3.67
99,"[1, 3, 5]","[3, 3, 4]","[0.54, 0.5, 0.75]","[['A', 'C', 'B', 'D'], ['B', 'A', 'C', 'D'], ['A', 'B', 'D', 'C']]","{'B': 5, 'C': 4, 'A': 3, 'D': 3}","[0.58, 0.54, 0.88]",3.67
99,"[1, 3, 5]","[3, 3, 4]","[0.54, 0.5, 0.75]","[['A', 'C', 'B', 'D'], ['B', 'A', 'C', 'D'], ['A', 'C', 'B', 'D']]","{'B': 5, 'C': 5, 'A': 3, 'D': 2}","[0.58, 0.54, 0.88]",3.67
99,"[1, 3, 5]","[3, 3, 4]","[0.54, 0.5, 0.75]","[['A', 'C', 'B', 'D'], ['B', 'A', 'C', 'D'], ['A', 'D', 'B', 'C']]","{'B': 5, 'C': 4, 'A': 3, 'D': 3}","[0.58, 0.54, 0.88]",3.67
99,"[1, 3, 5]","[3, 3, 4]","[0.54, 0.5, 0.75]","[['A', 'C', 'B', 'D'], ['B', 'A', 'C', 'D'], ['B', 'A', 'C', 'D']]","{'B': 5, 'C': 5, 'A': 3, 'D': 2}","[0.58, 0.54, 0.88]",3.67
99,"[1, 3, 5]","[3, 3, 4]","[0.54, 0.5, 0.75]","[['A', 'C', 'B', 'D'], ['B', 'A', 'C', 'D'], ['B', 'A', 'D', 'C']]","{'B': 5, 'C': 4, 'A': 3, 'D': 3}","[0.58, 0.54, 0.88]",3.67
99,"[1, 3, 5]","[3, 3, 4]","[0.54, 0.5, 0.75]","[['A', 'C', 'B', 'D'], ['B', 'A', 'C', 'D'], ['B', 'C', 'A', 'D']]","{'B': 5, 'C': 5, 'A': 3, 'D': 2}","[0.58, 0.54, 0.88]",3.67
99,"[1, 3, 5]","[3, 3, 4]","[0.54, 0.5, 0.75]","[['A', 'C', 'B', 'D'], ['B', 'A', 'C', 'D'], ['B', 'D', 'A', 'C']]","{'B': 5, 'C': 4, 'A': 3, 'D': 3}","[0.58, 0.54, 0.88]",3.67
99,"[1, 3, 5]","[3, 3, 4]","[0.54, 0.5, 0.75]","[['A', 'C', 'B', 'D'], ['B', 'A', 'C', 'D'], ['C', 'A', 'B', 'D']]","{'B': 5, 'C': 5, 'A': 3, 'D': 2}","[0.58, 0.54, 0.88]",3.67
99,"[1, 3, 5]","[3, 3, 4]","[0.54, 0.5, 0.75]","[['A', 'C', 'B', 'D'], ['B', 'A', 'C', 'D'], ['C', 'B', 'A', 'D']]","{'B': 5, 'C': 5, 'A': 3, 'D': 2}","[0.58, 0.54, 0.88]",3.67
99,"[1, 3, 5]","[3, 3, 4]","[0.54, 0.5, 0.75]","[['A', 'C', 'B', 'D'], ['B', 'A', 'C', 'D'], ['D', 'A', 'B', 'C']]","{'B': 5, 'C': 4, 'A': 3, 'D': 3}","[0.58, 0.54, 0.88]",3.67
99,"[1, 3, 5]","[3, 3, 4]","[0.54, 0.5, 0.75]","[['A', 'C', 'B', 'D'], ['B', 'A', 'C', 'D'], ['D', 'B', 'A', 'C']]","{'B': 5, 'C': 4, 'A': 3, 'D': 3}","[0.58, 0.54, 0.88]",3.67
99,"[1, 3, 5]","[3, 3, 4]","[0.54, 0.5, 0.75]","[['A', 'C', 'B', 'D'], ['B', 'A', 'D', 'C'], ['A', 'B', 'C', 'D']]","{'B': 5, 'C': 4, 'A': 3, 'D': 3}","[0.58, 0.54, 0.88]",3.67
99,"[1, 3, 5]","[3, 3, 4]","[0.54, 0.5, 0.75]","[['A', 'C', 'B', 'D'], ['B', 'A', 'D', 'C'], ['A', 'C', 'B', 'D']]","{'B': 5, 'C': 4, 'A': 3, 'D': 3}","[0.58, 0.54, 0.88]",3.67
99,"[1, 3, 5]","[3, 3, 4]","[0.54, 0.5, 0.75]","[['A', 'C', 'B', 'D'], ['B', 'A', 'D', 'C'], ['B', 'A', 'C', 'D']]","{'B': 5, 'C': 4, 'A': 3, 'D': 3}","[0.58, 0.54, 0.88]",3.67
99,"[1, 3, 5]","[3, 3, 4]","[0.54, 0.5, 0.75]","[['A', 'C', 'B', 'D'], ['B', 'A', 'D', 'C'], ['B', 'C', 'A', 'D']]","{'B': 5, 'C': 4, 'A': 3, 'D': 3}","[0.58, 0.54, 0.88]",3.67
99,"[1, 3, 5]","[3, 3, 4]","[0.54, 0.5, 0.75]","[['A', 'C', 'B', 'D'], ['B', 'A', 'D', 'C'], ['C', 'A', 'B', 'D']]","{'B': 5, 'C': 4, 'A': 3, 'D': 3}","[0.58, 0.54, 0.88]",3.67
99,"[1, 3, 5]","[3, 3, 4]","[0.54, 0.5, 0.75]","[['A', 'C', 'B', 'D'], ['B', 'A', 'D', 'C'], ['C', 'B', 'A', 'D']]","{'B': 5, 'C': 4, 'A': 3, 'D': 3}","[0.58, 0.54, 0.88]",3.67
99,"[1, 3, 5]","[3, 3, 4]","[0.54, 0.5, 0.75]","[['A', 'C', 'B', 'D'], ['B', 'C', 'A', 'D'], ['A', 'B', 'C', 'D']]","{'B': 5, 'C': 5, 'A': 3, 'D': 2}","[0.58, 0.54, 0.88]",3.67
99,"[1, 3, 5]","[3, 3, 4]","[0.54, 0.5, 0.75]","[['A', 'C', 'B', 'D'], ['B', 'C', 'A', 'D'], ['A', 'B', 'D', 'C']]","{'B': 5, 'C': 4, 'A': 3, 'D': 3}","[0.58, 0.54, 0.88]",3.67
99,"[1, 3, 5]","[3, 3, 4]","[0.54, 0.5, 0.75]","[['A', 'C', 'B', 'D'], ['B', 'C', 'A', 'D'], ['A', 'C', 'B', 'D']]","{'B': 5, 'C': 5, 'A': 3, 'D': 2}","[0.58, 0.54, 0.88]",3.67
99,"[1, 3, 5]","[3, 3, 4]","[0.54, 0.5, 0.75]","[['A', 'C', 'B', 'D'], ['B', 'C', 'A', 'D'], ['A', 'D', 'B', 'C']]","{'B': 5, 'C': 4, 'A': 3, 'D': 3}","[0.58, 0.54, 0.88]",3.67
99,"[1, 3, 5]","[3, 3, 4]","[0.54, 0.5, 0.75]","[['A', 'C', 'B', 'D'], ['B', 'C', 'A', 'D'], ['B', 'A', 'C', 'D']]","{'B': 5, 'C': 5, 'A': 3, 'D': 2}","[0.58, 0.54, 0.88]",3.67
99,"[1, 3, 5]","[3, 3, 4]","[0.54, 0.5, 0.75]","[['A', 'C', 'B', 'D'], ['B', 'C', 'A', 'D'], ['B', 'A', 'D', 'C']]","{'B': 5, 'C': 4, 'A': 3, 'D': 3}","[0.58, 0.54, 0.88]",3.67
99,"[1, 3, 5]","[3, 3, 4]","[0.54, 0.5, 0.75]","[['A', 'C', 'B', 'D'], ['B', 'C', 'A', 'D'], ['B', 'C', 'A', 'D']]","{'B': 5, 'C': 5, 'A': 3, 'D': 2}","[0.58, 0.54, 0.88]",3.67
99,"[1, 3, 5]","[3, 3, 4]","[0.54, 0.5, 0.75]","[['A', 'C', 'B', 'D'], ['B', 'C', 'A', 'D'], ['B', 'D', 'A', 'C']]","{'B': 5, 'C': 4, 'A': 3, 'D': 3}","[0.58, 0.54, 0.88]",3.67
99,"[1, 3, 5]","[3, 3, 4]","[0.54, 0.5, 0.75]","[['A', 'C', 'B', 'D'], ['B', 'C', 'A', 'D'], ['C', 'A', 'B', 'D']]","{'B': 5, 'C': 5, 'A': 3, 'D': 2}","[0.58, 0.54, 0.88]",3.67
99,"[1, 3, 5]","[3, 3, 4]","[0.54, 0.5, 0.75]","[['A', 'C', 'B', 'D'], ['B', 'C', 'A', 'D'], ['C', 'B', 'A', 'D']]","{'B': 5, 'C': 5, 'A': 3, 'D': 2}","[0.58, 0.54, 0.88]",3.67
99,"[1, 3, 5]","[3, 3, 4]","[0.54, 0.5, 0.75]","[['A', 'C', 'B', 'D'], ['B', 'C', 'A', 'D'], ['D', 'A', 'B', 'C']]","{'B': 5, 'C': 4, 'A': 3, 'D': 3}","[0.58, 0.54, 0.88]",3.67
99,"[1, 3, 5]","[3, 3, 4]","[0.54, 0.5, 0.75]","[['A', 'C', 'B', 'D'], ['B', 'C', 'A', 'D'], ['D', 'B', 'A', 'C']]","{'B': 5, 'C': 4, 'A': 3, 'D': 3}","[0.58, 0.54, 0.88]",3.67
99,"[1, 3, 5]","[3, 3, 4]","[0.54, 0.5, 0.75]","[['A', 'C', 'B', 'D'], ['B', 'D', 'A', 'C'], ['A', 'B', 'C', 'D']]","{'B': 5, 'C': 4, 'A': 3, 'D': 3}","[0.58, 0.54, 0.88]",3.67
99,"[1, 3, 5]","[3, 3, 4]","[0.54, 0.5, 0.75]","[['A', 'C', 'B', 'D'], ['B', 'D', 'A', 'C'], ['A', 'C', 'B', 'D']]","{'B': 5, 'C': 4, 'A': 3, 'D': 3}","[0.58, 0.54, 0.88]",3.67
99,"[1, 3, 5]","[3, 3, 4]","[0.54, 0.5, 0.75]","[['A', 'C', 'B', 'D'], ['B', 'D', 'A', 'C'], ['B', 'A', 'C', 'D']]","{'B': 5, 'C': 4, 'A': 3, 'D': 3}","[0.58, 0.54, 0.88]",3.67
99,"[1, 3, 5]","[3, 3, 4]","[0.54, 0.5, 0.75]","[['A', 'C', 'B', 'D'], ['B', 'D', 'A', 'C'], ['B', 'C', 'A', 'D']]","{'B': 5, 'C': 4, 'A': 3, 'D': 3}","[0.58, 0.54, 0.88]",3.67
99,"[1, 3, 5]","[3, 3, 4]","[0.54, 0.5, 0.75]","[['A', 'C', 'B', 'D'], ['B', 'D', 'A', 'C'], ['C', 'A', 'B', 'D']]","{'B': 5, 'C': 4, 'A': 3, 'D': 3}","[0.58, 0.54, 0.88]",3.67
99,"[1, 3, 5]","[3, 3, 4]","[0.54, 0.5, 0.75]","[['A', 'C', 'B', 'D'], ['B', 'D', 'A', 'C'], ['C', 'B', 'A', 'D']]","{'B': 5, 'C': 4, 'A': 3, 'D': 3}","[0.58, 0.54, 0.88]",3.67
99,"[1, 3, 5]","[3, 3, 4]","[0.54, 0.5, 0.75]","[['A', 'C', 'B', 'D'], ['C', 'A', 'B', 'D'], ['A', 'B', 'C', 'D']]","{'B': 5, 'C': 5, 'A': 3, 'D': 2}","[0.58, 0.54, 0.88]",3.67
99,"[1, 3, 5]","[3, 3, 4]","[0.54, 0.5, 0.75]","[['A', 'C', 'B', 'D'], ['C', 'A', 'B', 'D'], ['A', 'B', 'D', 'C']]","{'B': 5, 'C': 4, 'A': 3, 'D': 3}","[0.58, 0.54, 0.88]",3.67
99,"[1, 3, 5]","[3, 3, 4]","[0.54, 0.5, 0.75]","[['A', 'C', 'B', 'D'], ['C', 'A', 'B', 'D'], ['A', 'C', 'B', 'D']]","{'B': 5, 'C': 5, 'A': 3, 'D': 2}","[0.58, 0.54, 0.88]",3.67
99,"[1, 3, 5]","[3, 3, 4]","[0.54, 0.5, 0.75]","[['A', 'C', 'B', 'D'], ['C', 'A', 'B', 'D'], ['A', 'D', 'B', 'C']]","{'B': 5, 'C': 4, 'A': 3, 'D': 3}","[0.58, 0.54, 0.88]",3.67
99,"[1, 3, 5]","[3, 3, 4]","[0.54, 0.5, 0.75]","[['A', 'C', 'B', 'D'], ['C', 'A', 'B', 'D'], ['B', 'A', 'C', 'D']]","{'B': 5, 'C': 5, 'A': 3, 'D': 2}","[0.58, 0.54, 0.88]",3.67
99,"[1, 3, 5]","[3, 3, 4]","[0.54, 0.5, 0.75]","[['A', 'C', 'B', 'D'], ['C', 'A', 'B', 'D'], ['B', 'A', 'D', 'C']]","{'B': 5, 'C': 4, 'A': 3, 'D': 3}","[0.58, 0.54, 0.88]",3.67
99,"[1, 3, 5]","[3, 3, 4]","[0.54, 0.5, 0.75]","[['A', 'C', 'B', 'D'], ['C', 'A', 'B', 'D'], ['B', 'C', 'A', 'D']]","{'B': 5, 'C': 5, 'A': 3, 'D': 2}","[0.58, 0.54, 0.88]",3.67
99,"[1, 3, 5]","[3, 3, 4]","[0.54, 0.5, 0.75]","[['A', 'C', 'B', 'D'], ['C', 'A', 'B', 'D'], ['B', 'D', 'A', 'C']]","{'B': 5, 'C': 4, 'A': 3, 'D': 3}","[0.58, 0.54, 0.88]",3.67
99,"[1, 3, 5]","[3, 3, 4]","[0.54, 0.5, 0.75]","[['A', 'C', 'B', 'D'], ['C', 'A', 'B', 'D'], ['C', 'A', 'B', 'D']]","{'B': 5, 'C': 5, 'A': 3, 'D': 2}","[0.58, 0.54, 0.88]",3.67
99,"[1, 3, 5]","[3, 3, 4]","[0.54, 0.5, 0.75]","[['A', 'C', 'B', 'D'], ['C', 'A', 'B', 'D'], ['C', 'B', 'A', 'D']]","{'B': 5, 'C': 5, 'A': 3, 'D': 2}","[0.58, 0.54, 0.88]",3.67
99,"[1, 3, 5]","[3, 3, 4]","[0.54, 0.5, 0.75]","[['A', 'C', 'B', 'D'], ['C', 'A', 'B', 'D'], ['D', 'A', 'B', 'C']]","{'B': 5, 'C': 4, 'A': 3, 'D': 3}","[0.58, 0.54, 0.88]",3.67
99,"[1, 3, 5]","[3, 3, 4]","[0.54, 0.5, 0.75]","[['A', 'C', 'B', 'D'], ['C', 'A', 'B', 'D'], ['D', 'B', 'A', 'C']]","{'B': 5, 'C': 4, 'A': 3, 'D': 3}","[0.58, 0.54, 0.88]",3.67
99,"[1, 3, 5]","[3, 3, 4]","[0.54, 0.5, 0.75]","[['A', 'C', 'B', 'D'], ['C', 'B', 'A', 'D'], ['A', 'B', 'C', 'D']]","{'B': 5, 'C': 5, 'A': 3, 'D': 2}","[0.58, 0.54, 0.88]",3.67
99,"[1, 3, 5]","[3, 3, 4]","[0.54, 0.5, 0.75]","[['A', 'C', 'B', 'D'], ['C', 'B', 'A', 'D'], ['A', 'B', 'D', 'C']]","{'B': 5, 'C': 4, 'A': 3, 'D': 3}","[0.58, 0.54, 0.88]",3.67
99,"[1, 3, 5]","[3, 3, 4]","[0.54, 0.5, 0.75]","[['A', 'C', 'B', 'D'], ['C', 'B', 'A', 'D'], ['A', 'C', 'B', 'D']]","{'B': 5, 'C': 5, 'A': 3, 'D': 2}","[0.58, 0.54, 0.88]",3.67
99,"[1, 3, 5]","[3, 3, 4]","[0.54, 0.5, 0.75]","[['A', 'C', 'B', 'D'], ['C', 'B', 'A', 'D'], ['A', 'D', 'B', 'C']]","{'B': 5, 'C': 4, 'A': 3, 'D': 3}","[0.58, 0.54, 0.88]",3.67
99,"[1, 3, 5]","[3, 3, 4]","[0.54, 0.5, 0.75]","[['A', 'C', 'B', 'D'], ['C', 'B', 'A', 'D'], ['B', 'A', 'C', 'D']]","{'B': 5, 'C': 5, 'A': 3, 'D': 2}","[0.58, 0.54, 0.88]",3.67
99,"[1, 3, 5]","[3, 3, 4]","[0.54, 0.5, 0.75]","[['A', 'C', 'B', 'D'], ['C', 'B', 'A', 'D'], ['B', 'A', 'D', 'C']]","{'B': 5, 'C': 4, 'A': 3, 'D': 3}","[0.58, 0.54, 0.88]",3.67
99,"[1, 3, 5]","[3, 3, 4]","[0.54, 0.5, 0.75]","[['A', 'C', 'B', 'D'], ['C', 'B', 'A', 'D'], ['B', 'C', 'A', 'D']]","{'B': 5, 'C': 5, 'A': 3, 'D': 2}","[0.58, 0.54, 0.88]",3.67
99,"[1, 3, 5]","[3, 3, 4]","[0.54, 0.5, 0.75]","[['A', 'C', 'B', 'D'], ['C', 'B', 'A', 'D'], ['B', 'D', 'A', 'C']]","{'B': 5, 'C': 4, 'A': 3, 'D': 3}","[0.58, 0.54, 0.88]",3.67
99,"[1, 3, 5]","[3, 3, 4]","[0.54, 0.5, 0.75]","[['A', 'C', 'B', 'D'], ['C', 'B', 'A', 'D'], ['C', 'A', 'B', 'D']]","{'B': 5, 'C': 5, 'A': 3, 'D': 2}","[0.58, 0.54, 0.88]",3.67
99,"[1, 3, 5]","[3, 3, 4]","[0.54, 0.5, 0.75]","[['A', 'C', 'B', 'D'], ['C', 'B', 'A', 'D'], ['C', 'B', 'A', 'D']]","{'B': 5, 'C': 5, 'A': 3, 'D': 2}","[0.58, 0.54, 0.88]",3.67
99,"[1, 3, 5]","[3, 3, 4]","[0.54, 0.5, 0.75]","[['A', 'C', 'B', 'D'], ['C', 'B', 'A', 'D'], ['D', 'A', 'B', 'C']]","{'B': 5, 'C': 4, 'A': 3, 'D': 3}","[0.58, 0.54, 0.88]",3.67
99,"[1, 3, 5]","[3, 3, 4]","[0.54, 0.5, 0.75]","[['A', 'C', 'B', 'D'], ['C', 'B', 'A', 'D'], ['D', 'B', 'A', 'C']]","{'B': 5, 'C': 4, 'A': 3, 'D': 3}","[0.58, 0.54, 0.88]",3.67
99,"[1, 3, 5]","[3, 3, 4]","[0.54, 0.5, 0.75]","[['A', 'C', 'B', 'D'], ['D', 'A', 'B', 'C'], ['A', 'B', 'C', 'D']]","{'B': 5, 'C': 4, 'A': 3, 'D': 3}","[0.58, 0.54, 0.88]",3.67
99,"[1, 3, 5]","[3, 3, 4]","[0.54, 0.5, 0.75]","[['A', 'C', 'B', 'D'], ['D', 'A', 'B', 'C'], ['A', 'C', 'B', 'D']]","{'B': 5, 'C': 4, 'A': 3, 'D': 3}","[0.58, 0.54, 0.88]",3.67
99,"[1, 3, 5]","[3, 3, 4]","[0.54, 0.5, 0.75]","[['A', 'C', 'B', 'D'], ['D', 'A', 'B', 'C'], ['B', 'A', 'C', 'D']]","{'B': 5, 'C': 4, 'A': 3, 'D': 3}","[0.58, 0.54, 0.88]",3.67
99,"[1, 3, 5]","[3, 3, 4]","[0.54, 0.5, 0.75]","[['A', 'C', 'B', 'D'], ['D', 'A', 'B', 'C'], ['B', 'C', 'A', 'D']]","{'B': 5, 'C': 4, 'A': 3, 'D': 3}","[0.58, 0.54, 0.88]",3.67
99,"[1, 3, 5]","[3, 3, 4]","[0.54, 0.5, 0.75]","[['A', 'C', 'B', 'D'], ['D', 'A', 'B', 'C'], ['C', 'A', 'B', 'D']]","{'B': 5, 'C': 4, 'A': 3, 'D': 3}","[0.58, 0.54, 0.88]",3.67
99,"[1, 3, 5]","[3, 3, 4]","[0.54, 0.5, 0.75]","[['A', 'C', 'B', 'D'], ['D', 'A', 'B', 'C'], ['C', 'B', 'A', 'D']]","{'B': 5, 'C': 4, 'A': 3, 'D': 3}","[0.58, 0.54, 0.88]",3.67
99,"[1, 3, 5]","[3, 3, 4]","[0.54, 0.5, 0.75]","[['A', 'C', 'B', 'D'], ['D', 'B', 'A', 'C'], ['A', 'B', 'C', 'D']]","{'B': 5, 'C': 4, 'A': 3, 'D': 3}","[0.58, 0.54, 0.88]",3.67
99,"[1, 3, 5]","[3, 3, 4]","[0.54, 0.5, 0.75]","[['A', 'C', 'B', 'D'], ['D', 'B', 'A', 'C'], ['A', 'C', 'B', 'D']]","{'B': 5, 'C': 4, 'A': 3, 'D': 3}","[0.58, 0.54, 0.88]",3.67
99,"[1, 3, 5]","[3, 3, 4]","[0.54, 0.5, 0.75]","[['A', 'C', 'B', 'D'], ['D', 'B', 'A', 'C'], ['B', 'A', 'C', 'D']]","{'B': 5, 'C': 4, 'A': 3, 'D': 3}","[0.58, 0.54, 0.88]",3.67
99,"[1, 3, 5]","[3, 3, 4]","[0.54, 0.5, 0.75]","[['A', 'C', 'B', 'D'], ['D', 'B', 'A', 'C'], ['B', 'C', 'A', 'D']]","{'B': 5, 'C': 4, 'A': 3, 'D': 3}","[0.58, 0.54, 0.88]",3.67
99,"[1, 3, 5]","[3, 3, 4]","[0.54, 0.5, 0.75]","[['A', 'C', 'B', 'D'], ['D', 'B', 'A', 'C'], ['C', 'A', 'B', 'D']]","{'B': 5, 'C': 4, 'A': 3, 'D': 3}","[0.58, 0.54, 0.88]",3.67
99,"[1, 3, 5]","[3, 3, 4]","[0.54, 0.5, 0.75]","[['A', 'C', 'B', 'D'], ['D', 'B', 'A', 'C'], ['C', 'B', 'A', 'D']]","{'B': 5, 'C': 4, 'A': 3, 'D': 3}","[0.58, 0.54, 0.88]",3.67
99,"[1, 3, 5]","[3, 3, 4]","[0.54, 0.5, 0.75]","[['A', 'D', 'B', 'C'], ['A', 'B', 'C', 'D'], ['A', 'B', 'C', 'D']]","{'B': 5, 'C': 4, 'A': 3, 'D': 3}","[0.58, 0.54, 0.88]",3.67
99,"[1, 3, 5]","[3, 3, 4]","[0.54, 0.5, 0.75]","[['A', 'D', 'B', 'C'], ['A', 'B', 'C', 'D'], ['A', 'C', 'B', 'D']]","{'B': 5, 'C': 4, 'A': 3, 'D': 3}","[0.58, 0.54, 0.88]",3.67
99,"[1, 3, 5]","[3, 3, 4]","[0.54, 0.5, 0.75]","[['A', 'D', 'B', 'C'], ['A', 'B', 'C', 'D'], ['B', 'A', 'C', 'D']]","{'B': 5, 'C': 4, 'A': 3, 'D': 3}","[0.58, 0.54, 0.88]",3.67
99,"[1, 3, 5]","[3, 3, 4]","[0.54, 0.5, 0.75]","[['A', 'D', 'B', 'C'], ['A', 'B', 'C', 'D'], ['B', 'C', 'A', 'D']]","{'B': 5, 'C': 4, 'A': 3, 'D': 3}","[0.58, 0.54, 0.88]",3.67
99,"[1, 3, 5]","[3, 3, 4]","[0.54, 0.5, 0.75]","[['A', 'D', 'B', 'C'], ['A', 'B', 'C', 'D'], ['C', 'A', 'B', 'D']]","{'B': 5, 'C': 4, 'A': 3, 'D': 3}","[0.58, 0.54, 0.88]",3.67
99,"[1, 3, 5]","[3, 3, 4]","[0.54, 0.5, 0.75]","[['A', 'D', 'B', 'C'], ['A', 'B', 'C', 'D'], ['C', 'B', 'A', 'D']]","{'B': 5, 'C': 4, 'A': 3, 'D': 3}","[0.58, 0.54, 0.88]",3.67
99,"[1, 3, 5]","[3, 3, 4]","[0.54, 0.5, 0.75]","[['A', 'D', 'B', 'C'], ['A', 'C', 'B', 'D'], ['A', 'B', 'C', 'D']]","{'B': 5, 'C': 4, 'A': 3, 'D': 3}","[0.58, 0.54, 0.88]",3.67
99,"[1, 3, 5]","[3, 3, 4]","[0.54, 0.5, 0.75]","[['A', 'D', 'B', 'C'], ['A', 'C', 'B', 'D'], ['A', 'C', 'B', 'D']]","{'B': 5, 'C': 4, 'A': 3, 'D': 3}","[0.58, 0.54, 0.88]",3.67
99,"[1, 3, 5]","[3, 3, 4]","[0.54, 0.5, 0.75]","[['A', 'D', 'B', 'C'], ['A', 'C', 'B', 'D'], ['B', 'A', 'C', 'D']]","{'B': 5, 'C': 4, 'A': 3, 'D': 3}","[0.58, 0.54, 0.88]",3.67
99,"[1, 3, 5]","[3, 3, 4]","[0.54, 0.5, 0.75]","[['A', 'D', 'B', 'C'], ['A', 'C', 'B', 'D'], ['B', 'C', 'A', 'D']]","{'B': 5, 'C': 4, 'A': 3, 'D': 3}","[0.58, 0.54, 0.88]",3.67
99,"[1, 3, 5]","[3, 3, 4]","[0.54, 0.5, 0.75]","[['A', 'D', 'B', 'C'], ['A', 'C', 'B', 'D'], ['C', 'A', 'B', 'D']]","{'B': 5, 'C': 4, 'A': 3, 'D': 3}","[0.58, 0.54, 0.88]",3.67
99,"[1, 3, 5]","[3, 3, 4]","[0.54, 0.5, 0.75]","[['A', 'D', 'B', 'C'], ['A', 'C', 'B', 'D'], ['C', 'B', 'A', 'D']]","{'B': 5, 'C': 4, 'A': 3, 'D': 3}","[0.58, 0.54, 0.88]",3.67
99,"[1, 3, 5]","[3, 3, 4]","[0.54, 0.5, 0.75]","[['A', 'D', 'B', 'C'], ['B', 'A', 'C', 'D'], ['A', 'B', 'C', 'D']]","{'B': 5, 'C': 4, 'A': 3, 'D': 3}","[0.58, 0.54, 0.88]",3.67
99,"[1, 3, 5]","[3, 3, 4]","[0.54, 0.5, 0.75]","[['A', 'D', 'B', 'C'], ['B', 'A', 'C', 'D'], ['A', 'C', 'B', 'D']]","{'B': 5, 'C': 4, 'A': 3, 'D': 3}","[0.58, 0.54, 0.88]",3.67
99,"[1, 3, 5]","[3, 3, 4]","[0.54, 0.5, 0.75]","[['A', 'D', 'B', 'C'], ['B', 'A', 'C', 'D'], ['B', 'A', 'C', 'D']]","{'B': 5, 'C': 4, 'A': 3, 'D': 3}","[0.58, 0.54, 0.88]",3.67
99,"[1, 3, 5]","[3, 3, 4]","[0.54, 0.5, 0.75]","[['A', 'D', 'B', 'C'], ['B', 'A', 'C', 'D'], ['B', 'C', 'A', 'D']]","{'B': 5, 'C': 4, 'A': 3, 'D': 3}","[0.58, 0.54, 0.88]",3.67
99,"[1, 3, 5]","[3, 3, 4]","[0.54, 0.5, 0.75]","[['A', 'D', 'B', 'C'], ['B', 'A', 'C', 'D'], ['C', 'A', 'B', 'D']]","{'B': 5, 'C': 4, 'A': 3, 'D': 3}","[0.58, 0.54, 0.88]",3.67
99,"[1, 3, 5]","[3, 3, 4]","[0.54, 0.5, 0.75]","[['A', 'D', 'B', 'C'], ['B', 'A', 'C', 'D'], ['C', 'B', 'A', 'D']]","{'B': 5, 'C': 4, 'A': 3, 'D': 3}","[0.58, 0.54, 0.88]",3.67
99,"[1, 3, 5]","[3, 3, 4]","[0.54, 0.5, 0.75]","[['A', 'D', 'B', 'C'], ['B', 'C', 'A', 'D'], ['A', 'B', 'C', 'D']]","{'B': 5, 'C': 4, 'A': 3, 'D': 3}","[0.58, 0.54, 0.88]",3.67
99,"[1, 3, 5]","[3, 3, 4]","[0.54, 0.5, 0.75]","[['A', 'D', 'B', 'C'], ['B', 'C', 'A', 'D'], ['A', 'C', 'B', 'D']]","{'B': 5, 'C': 4, 'A': 3, 'D': 3}","[0.58, 0.54, 0.88]",3.67
99,"[1, 3, 5]","[3, 3, 4]","[0.54, 0.5, 0.75]","[['A', 'D', 'B', 'C'], ['B', 'C', 'A', 'D'], ['B', 'A', 'C', 'D']]","{'B': 5, 'C': 4, 'A': 3, 'D': 3}","[0.58, 0.54, 0.88]",3.67
99,"[1, 3, 5]","[3, 3, 4]","[0.54, 0.5, 0.75]","[['A', 'D', 'B', 'C'], ['B', 'C', 'A', 'D'], ['B', 'C', 'A', 'D']]","{'B': 5, 'C': 4, 'A': 3, 'D': 3}","[0.58, 0.54, 0.88]",3.67
99,"[1, 3, 5]","[3, 3, 4]","[0.54, 0.5, 0.75]","[['A', 'D', 'B', 'C'], ['B', 'C', 'A', 'D'], ['C', 'A', 'B', 'D']]","{'B': 5, 'C': 4, 'A': 3, 'D': 3}","[0.58, 0.54, 0.88]",3.67
99,"[1, 3, 5]","[3, 3, 4]","[0.54, 0.5, 0.75]","[['A', 'D', 'B', 'C'], ['B', 'C', 'A', 'D'], ['C', 'B', 'A', 'D']]","{'B': 5, 'C': 4, 'A': 3, 'D': 3}","[0.58, 0.54, 0.88]",3.67
99,"[1, 3, 5]","[3, 3, 4]","[0.54, 0.5, 0.75]","[['A', 'D', 'B', 'C'], ['C', 'A', 'B', 'D'], ['A', 'B', 'C', 'D']]","{'B': 5, 'C': 4, 'A': 3, 'D': 3}","[0.58, 0.54, 0.88]",3.67
99,"[1, 3, 5]","[3, 3, 4]","[0.54, 0.5, 0.75]","[['A', 'D', 'B', 'C'], ['C', 'A', 'B', 'D'], ['A', 'C', 'B', 'D']]","{'B': 5, 'C': 4, 'A': 3, 'D': 3}","[0.58, 0.54, 0.88]",3.67
99,"[1, 3, 5]","[3, 3, 4]","[0.54, 0.5, 0.75]","[['A', 'D', 'B', 'C'], ['C', 'A', 'B', 'D'], ['B', 'A', 'C', 'D']]","{'B': 5, 'C': 4, 'A': 3, 'D': 3}","[0.58, 0.54, 0.88]",3.67
99,"[1, 3, 5]","[3, 3, 4]","[0.54, 0.5, 0.75]","[['A', 'D', 'B', 'C'], ['C', 'A', 'B', 'D'], ['B', 'C', 'A', 'D']]","{'B': 5, 'C': 4, 'A': 3, 'D': 3}","[0.58, 0.54, 0.88]",3.67
99,"[1, 3, 5]","[3, 3, 4]","[0.54, 0.5, 0.75]","[['A', 'D', 'B', 'C'], ['C', 'A', 'B', 'D'], ['C', 'A', 'B', 'D']]","{'B': 5, 'C': 4, 'A': 3, 'D': 3}","[0.58, 0.54, 0.88]",3.67
99,"[1, 3, 5]","[3, 3, 4]","[0.54, 0.5, 0.75]","[['A', 'D', 'B', 'C'], ['C', 'A', 'B', 'D'], ['C', 'B', 'A', 'D']]","{'B': 5, 'C': 4, 'A': 3, 'D': 3}","[0.58, 0.54, 0.88]",3.67
99,"[1, 3, 5]","[3, 3, 4]","[0.54, 0.5, 0.75]","[['A', 'D', 'B', 'C'], ['C', 'B', 'A', 'D'], ['A', 'B', 'C', 'D']]","{'B': 5, 'C': 4, 'A': 3, 'D': 3}","[0.58, 0.54, 0.88]",3.67
99,"[1, 3, 5]","[3, 3, 4]","[0.54, 0.5, 0.75]","[['A', 'D', 'B', 'C'], ['C', 'B', 'A', 'D'], ['A', 'C', 'B', 'D']]","{'B': 5, 'C': 4, 'A': 3, 'D': 3}","[0.58, 0.54, 0.88]",3.67
99,"[1, 3, 5]","[3, 3, 4]","[0.54, 0.5, 0.75]","[['A', 'D', 'B', 'C'], ['C', 'B', 'A', 'D'], ['B', 'A', 'C', 'D']]","{'B': 5, 'C': 4, 'A': 3, 'D': 3}","[0.58, 0.54, 0.88]",3.67
99,"[1, 3, 5]","[3, 3, 4]","[0.54, 0.5, 0.75]","[['A', 'D', 'B', 'C'], ['C', 'B', 'A', 'D'], ['B', 'C', 'A', 'D']]","{'B': 5, 'C': 4, 'A': 3, 'D': 3}","[0.58, 0.54, 0.88]",3.67
99,"[1, 3, 5]","[3, 3, 4]","[0.54, 0.5, 0.75]","[['A', 'D', 'B', 'C'], ['C', 'B', 'A', 'D'], ['C', 'A', 'B', 'D']]","{'B': 5, 'C': 4, 'A': 3, 'D': 3}","[0.58, 0.54, 0.88]",3.67
99,"[1, 3, 5]","[3, 3, 4]","[0.54, 0.5, 0.75]","[['A', 'D', 'B', 'C'], ['C', 'B', 'A', 'D'], ['C', 'B', 'A', 'D']]","{'B': 5, 'C': 4, 'A': 3, 'D': 3}","[0.58, 0.54, 0.88]",3.67
99,"[1, 3, 5]","[3, 3, 4]","[0.54, 0.5, 0.75]","[['B', 'A', 'C', 'D'], ['A', 'B', 'C', 'D'], ['A', 'B', 'C', 'D']]","{'B': 5, 'C': 5, 'A': 3, 'D': 2}","[0.58, 0.54, 0.88]",3.67
99,"[1, 3, 5]","[3, 3, 4]","[0.54, 0.5, 0.75]","[['B', 'A', 'C', 'D'], ['A', 'B', 'C', 'D'], ['A', 'B', 'D', 'C']]","{'B': 5, 'C': 4, 'A': 3, 'D': 3}","[0.58, 0.54, 0.88]",3.67
99,"[1, 3, 5]","[3, 3, 4]","[0.54, 0.5, 0.75]","[['B', 'A', 'C', 'D'], ['A', 'B', 'C', 'D'], ['A', 'C', 'B', 'D']]","{'B': 5, 'C': 5, 'A': 3, 'D': 2}","[0.58, 0.54, 0.88]",3.67
99,"[1, 3, 5]","[3, 3, 4]","[0.54, 0.5, 0.75]","[['B', 'A', 'C', 'D'], ['A', 'B', 'C', 'D'], ['A', 'D', 'B', 'C']]","{'B': 5, 'C': 4, 'A': 3, 'D': 3}","[0.58, 0.54, 0.88]",3.67
99,"[1, 3, 5]","[3, 3, 4]","[0.54, 0.5, 0.75]","[['B', 'A', 'C', 'D'], ['A', 'B', 'C', 'D'], ['B', 'A', 'C', 'D']]","{'B': 5, 'C': 5, 'A': 3, 'D': 2}","[0.58, 0.54, 0.88]",3.67
99,"[1, 3, 5]","[3, 3, 4]","[0.54, 0.5, 0.75]","[['B', 'A', 'C', 'D'], ['A', 'B', 'C', 'D'], ['B', 'A', 'D', 'C']]","{'B': 5, 'C': 4, 'A': 3, 'D': 3}","[0.58, 0.54, 0.88]",3.67
99,"[1, 3, 5]","[3, 3, 4]","[0.54, 0.5, 0.75]","[['B', 'A', 'C', 'D'], ['A', 'B', 'C', 'D'], ['B', 'C', 'A', 'D']]","{'B': 5, 'C': 5, 'A': 3, 'D': 2}","[0.58, 0.54, 0.88]",3.67
99,"[1, 3, 5]","[3, 3, 4]","[0.54, 0.5, 0.75]","[['B', 'A', 'C', 'D'], ['A', 'B', 'C', 'D'], ['B', 'D', 'A', 'C']]","{'B': 5, 'C': 4, 'A': 3, 'D': 3}","[0.58, 0.54, 0.88]",3.67
99,"[1, 3, 5]","[3, 3, 4]","[0.54, 0.5, 0.75]","[['B', 'A', 'C', 'D'], ['A', 'B', 'C', 'D'], ['C', 'A', 'B', 'D']]","{'B': 5, 'C': 5, 'A': 3, 'D': 2}","[0.58, 0.54, 0.88]",3.67
99,"[1, 3, 5]","[3, 3, 4]","[0.54, 0.5, 0.75]","[['B', 'A', 'C', 'D'], ['A', 'B', 'C', 'D'], ['C', 'B', 'A', 'D']]","{'B': 5, 'C': 5, 'A': 3, 'D': 2}","[0.58, 0.54, 0.88]",3.67
99,"[1, 3, 5]","[3, 3, 4]","[0.54, 0.5, 0.75]","[['B', 'A', 'C', 'D'], ['A', 'B', 'C', 'D'], ['D', 'A', 'B', 'C']]","{'B': 5, 'C': 4, 'A': 3, 'D': 3}","[0.58, 0.54, 0.88]",3.67
99,"[1, 3, 5]","[3, 3, 4]","[0.54, 0.5, 0.75]","[['B', 'A', 'C', 'D'], ['A', 'B', 'C', 'D'], ['D', 'B', 'A', 'C']]","{'B': 5, 'C': 4, 'A': 3, 'D': 3}","[0.58, 0.54, 0.88]",3.67
99,"[1, 3, 5]","[3, 3, 4]","[0.54, 0.5, 0.75]","[['B', 'A', 'C', 'D'], ['A', 'B', 'D', 'C'], ['A', 'B', 'C', 'D']]","{'B': 5, 'C': 4, 'A': 3, 'D': 3}","[0.58, 0.54, 0.88]",3.67
99,"[1, 3, 5]","[3, 3, 4]","[0.54, 0.5, 0.75]","[['B', 'A', 'C', 'D'], ['A', 'B', 'D', 'C'], ['A', 'C', 'B', 'D']]","{'B': 5, 'C': 4, 'A': 3, 'D': 3}","[0.58, 0.54, 0.88]",3.67
99,"[1, 3, 5]","[3, 3, 4]","[0.54, 0.5, 0.75]","[['B', 'A', 'C', 'D'], ['A', 'B', 'D', 'C'], ['B', 'A', 'C', 'D']]","{'B': 5, 'C': 4, 'A': 3, 'D': 3}","[0.58, 0.54, 0.88]",3.67
99,"[1, 3, 5]","[3, 3, 4]","[0.54, 0.5, 0.75]","[['B', 'A', 'C', 'D'], ['A', 'B', 'D', 'C'], ['B', 'C', 'A', 'D']]","{'B': 5, 'C': 4, 'A': 3, 'D': 3}","[0.58, 0.54, 0.88]",3.67
99,"[1, 3, 5]","[3, 3, 4]","[0.54, 0.5, 0.75]","[['B', 'A', 'C', 'D'], ['A', 'B', 'D', 'C'], ['C', 'A', 'B', 'D']]","{'B': 5, 'C': 4, 'A': 3, 'D': 3}","[0.58, 0.54, 0.88]",3.67
99,"[1, 3, 5]","[3, 3, 4]","[0.54, 0.5, 0.75]","[['B', 'A', 'C', 'D'], ['A', 'B', 'D', 'C'], ['C', 'B', 'A', 'D']]","{'B': 5, 'C': 4, 'A': 3, 'D': 3}","[0.58, 0.54, 0.88]",3.67
99,"[1, 3, 5]","[3, 3, 4]","[0.54, 0.5, 0.75]","[['B', 'A', 'C', 'D'], ['A', 'C', 'B', 'D'], ['A', 'B', 'C', 'D']]","{'B': 5, 'C': 5, 'A': 3, 'D': 2}","[0.58, 0.54, 0.88]",3.67
99,"[1, 3, 5]","[3, 3, 4]","[0.54, 0.5, 0.75]","[['B', 'A', 'C', 'D'], ['A', 'C', 'B', 'D'], ['A', 'B', 'D', 'C']]","{'B': 5, 'C': 4, 'A': 3, 'D': 3}","[0.58, 0.54, 0.88]",3.67
99,"[1, 3, 5]","[3, 3, 4]","[0.54, 0.5, 0.75]","[['B', 'A', 'C', 'D'], ['A', 'C', 'B', 'D'], ['A', 'C', 'B', 'D']]","{'B': 5, 'C': 5, 'A': 3, 'D': 2}","[0.58, 0.54, 0.88]",3.67
99,"[1, 3, 5]","[3, 3, 4]","[0.54, 0.5, 0.75]","[['B', 'A', 'C', 'D'], ['A', 'C', 'B', 'D'], ['A', 'D', 'B', 'C']]","{'B': 5, 'C': 4, 'A': 3, 'D': 3}","[0.58, 0.54, 0.88]",3.67
99,"[1, 3, 5]","[3, 3, 4]","[0.54, 0.5, 0.75]","[['B', 'A', 'C', 'D'], ['A', 'C', 'B', 'D'], ['B', 'A', 'C', 'D']]","{'B': 5, 'C': 5, 'A': 3, 'D': 2}","[0.58, 0.54, 0.88]",3.67
99,"[1, 3, 5]","[3, 3, 4]","[0.54, 0.5, 0.75]","[['B', 'A', 'C', 'D'], ['A', 'C', 'B', 'D'], ['B', 'A', 'D', 'C']]","{'B': 5, 'C': 4, 'A': 3, 'D': 3}","[0.58, 0.54, 0.88]",3.67
99,"[1, 3, 5]","[3, 3, 4]","[0.54, 0.5, 0.75]","[['B', 'A', 'C', 'D'], ['A', 'C', 'B', 'D'], ['B', 'C', 'A', 'D']]","{'B': 5, 'C': 5, 'A': 3, 'D': 2}","[0.58, 0.54, 0.88]",3.67
99,"[1, 3, 5]","[3, 3, 4]","[0.54, 0.5, 0.75]","[['B', 'A', 'C', 'D'], ['A', 'C', 'B', 'D'], ['B', 'D', 'A', 'C']]","{'B': 5, 'C': 4, 'A': 3, 'D': 3}","[0.58, 0.54, 0.88]",3.67
99,"[1, 3, 5]","[3, 3, 4]","[0.54, 0.5, 0.75]","[['B', 'A', 'C', 'D'], ['A', 'C', 'B', 'D'], ['C', 'A', 'B', 'D']]","{'B': 5, 'C': 5, 'A': 3, 'D': 2}","[0.58, 0.54, 0.88]",3.67
99,"[1, 3, 5]","[3, 3, 4]","[0.54, 0.5, 0.75]","[['B', 'A', 'C', 'D'], ['A', 'C', 'B', 'D'], ['C', 'B', 'A', 'D']]","{'B': 5, 'C': 5, 'A': 3, 'D': 2}","[0.58, 0.54, 0.88]",3.67
99,"[1, 3, 5]","[3, 3, 4]","[0.54, 0.5, 0.75]","[['B', 'A', 'C', 'D'], ['A', 'C', 'B', 'D'], ['D', 'A', 'B', 'C']]","{'B': 5, 'C': 4, 'A': 3, 'D': 3}","[0.58, 0.54, 0.88]",3.67
99,"[1, 3, 5]","[3, 3, 4]","[0.54, 0.5, 0.75]","[['B', 'A', 'C', 'D'], ['A', 'C', 'B', 'D'], ['D', 'B', 'A', 'C']]","{'B': 5, 'C': 4, 'A': 3, 'D': 3}","[0.58, 0.54, 0.88]",3.67
99,"[1, 3, 5]","[3, 3, 4]","[0.54, 0.5, 0.75]","[['B', 'A', 'C', 'D'], ['A', 'D', 'B', 'C'], ['A', 'B', 'C', 'D']]","{'B': 5, 'C': 4, 'A': 3, 'D': 3}","[0.58, 0.54, 0.88]",3.67
99,"[1, 3, 5]","[3, 3, 4]","[0.54, 0.5, 0.75]","[['B', 'A', 'C', 'D'], ['A', 'D', 'B', 'C'], ['A', 'C', 'B', 'D']]","{'B': 5, 'C': 4, 'A': 3, 'D': 3}","[0.58, 0.54, 0.88]",3.67
99,"[1, 3, 5]","[3, 3, 4]","[0.54, 0.5, 0.75]","[['B', 'A', 'C', 'D'], ['A', 'D', 'B', 'C'], ['B', 'A', 'C', 'D']]","{'B': 5, 'C': 4, 'A': 3, 'D': 3}","[0.58, 0.54, 0.88]",3.67
99,"[1, 3, 5]","[3, 3, 4]","[0.54, 0.5, 0.75]","[['B', 'A', 'C', 'D'], ['A', 'D', 'B', 'C'], ['B', 'C', 'A', 'D']]","{'B': 5, 'C': 4, 'A': 3, 'D': 3}","[0.58, 0.54, 0.88]",3.67
99,"[1, 3, 5]","[3, 3, 4]","[0.54, 0.5, 0.75]","[['B', 'A', 'C', 'D'], ['A', 'D', 'B', 'C'], ['C', 'A', 'B', 'D']]","{'B': 5, 'C': 4, 'A': 3, 'D': 3}","[0.58, 0.54, 0.88]",3.67
99,"[1, 3, 5]","[3, 3, 4]","[0.54, 0.5, 0.75]","[['B', 'A', 'C', 'D'], ['A', 'D', 'B', 'C'], ['C', 'B', 'A', 'D']]","{'B': 5, 'C': 4, 'A': 3, 'D': 3}","[0.58, 0.54, 0.88]",3.67
99,"[1, 3, 5]","[3, 3, 4]","[0.54, 0.5, 0.75]","[['B', 'A', 'C', 'D'], ['B', 'A', 'C', 'D'], ['A', 'B', 'C', 'D']]","{'B': 5, 'C': 5, 'A': 3, 'D': 2}","[0.58, 0.54, 0.88]",3.67
99,"[1, 3, 5]","[3, 3, 4]","[0.54, 0.5, 0.75]","[['B', 'A', 'C', 'D'], ['B', 'A', 'C', 'D'], ['A', 'B', 'D', 'C']]","{'B': 5, 'C': 4, 'A': 3, 'D': 3}","[0.58, 0.54, 0.88]",3.67
99,"[1, 3, 5]","[3, 3, 4]","[0.54, 0.5, 0.75]","[['B', 'A', 'C', 'D'], ['B', 'A', 'C', 'D'], ['A', 'C', 'B', 'D']]","{'B': 5, 'C': 5, 'A': 3, 'D': 2}","[0.58, 0.54, 0.88]",3.67
99,"[1, 3, 5]","[3, 3, 4]","[0.54, 0.5, 0.75]","[['B', 'A', 'C', 'D'], ['B', 'A', 'C', 'D'], ['A', 'D', 'B', 'C']]","{'B': 5, 'C': 4, 'A': 3, 'D': 3}","[0.58, 0.54, 0.88]",3.67
99,"[1, 3, 5]","[3, 3, 4]","[0.54, 0.5, 0.75]","[['B', 'A', 'C', 'D'], ['B', 'A', 'C', 'D'], ['B', 'A', 'C', 'D']]","{'B': 5, 'C': 5, 'A': 3, 'D': 2}","[0.58, 0.54, 0.88]",3.67
99,"[1, 3, 5]","[3, 3, 4]","[0.54, 0.5, 0.75]","[['B', 'A', 'C', 'D'], ['B', 'A', 'C', 'D'], ['B', 'A', 'D', 'C']]","{'B': 5, 'C': 4, 'A': 3, 'D': 3}","[0.58, 0.54, 0.88]",3.67
99,"[1, 3, 5]","[3, 3, 4]","[0.54, 0.5, 0.75]","[['B', 'A', 'C', 'D'], ['B', 'A', 'C', 'D'], ['B', 'C', 'A', 'D']]","{'B': 5, 'C': 5, 'A': 3, 'D': 2}","[0.58, 0.54, 0.88]",3.67
99,"[1, 3, 5]","[3, 3, 4]","[0.54, 0.5, 0.75]","[['B', 'A', 'C', 'D'], ['B', 'A', 'C', 'D'], ['B', 'D', 'A', 'C']]","{'B': 5, 'C': 4, 'A': 3, 'D': 3}","[0.58, 0.54, 0.88]",3.67
99,"[1, 3, 5]","[3, 3, 4]","[0.54, 0.5, 0.75]","[['B', 'A', 'C', 'D'], ['B', 'A', 'C', 'D'], ['C', 'A', 'B', 'D']]","{'B': 5, 'C': 5, 'A': 3, 'D': 2}","[0.58, 0.54, 0.88]",3.67
99,"[1, 3, 5]","[3, 3, 4]","[0.54, 0.5, 0.75]","[['B', 'A', 'C', 'D'], ['B', 'A', 'C', 'D'], ['C', 'B', 'A', 'D']]","{'B': 5, 'C': 5, 'A': 3, 'D': 2}","[0.58, 0.54, 0.88]",3.67
99,"[1, 3, 5]","[3, 3, 4]","[0.54, 0.5, 0.75]","[['B', 'A', 'C', 'D'], ['B', 'A', 'C', 'D'], ['D', 'A', 'B', 'C']]","{'B': 5, 'C': 4, 'A': 3, 'D': 3}","[0.58, 0.54, 0.88]",3.67
99,"[1, 3, 5]","[3, 3, 4]","[0.54, 0.5, 0.75]","[['B', 'A', 'C', 'D'], ['B', 'A', 'C', 'D'], ['D', 'B', 'A', 'C']]","{'B': 5, 'C': 4, 'A': 3, 'D': 3}","[0.58, 0.54, 0.88]",3.67
99,"[1, 3, 5]","[3, 3, 4]","[0.54, 0.5, 0.75]","[['B', 'A', 'C', 'D'], ['B', 'A', 'D', 'C'], ['A', 'B', 'C', 'D']]","{'B': 5, 'C': 4, 'A': 3, 'D': 3}","[0.58, 0.54, 0.88]",3.67
99,"[1, 3, 5]","[3, 3, 4]","[0.54, 0.5, 0.75]","[['B', 'A', 'C', 'D'], ['B', 'A', 'D', 'C'], ['A', 'C', 'B', 'D']]","{'B': 5, 'C': 4, 'A': 3, 'D': 3}","[0.58, 0.54, 0.88]",3.67
99,"[1, 3, 5]","[3, 3, 4]","[0.54, 0.5, 0.75]","[['B', 'A', 'C', 'D'], ['B', 'A', 'D', 'C'], ['B', 'A', 'C', 'D']]","{'B': 5, 'C': 4, 'A': 3, 'D': 3}","[0.58, 0.54, 0.88]",3.67
99,"[1, 3, 5]","[3, 3, 4]","[0.54, 0.5, 0.75]","[['B', 'A', 'C', 'D'], ['B', 'A', 'D', 'C'], ['B', 'C', 'A', 'D']]","{'B': 5, 'C': 4, 'A': 3, 'D': 3}","[0.58, 0.54, 0.88]",3.67
99,"[1, 3, 5]","[3, 3, 4]","[0.54, 0.5, 0.75]","[['B', 'A', 'C', 'D'], ['B', 'A', 'D', 'C'], ['C', 'A', 'B', 'D']]","{'B': 5, 'C': 4, 'A': 3, 'D': 3}","[0.58, 0.54, 0.88]",3.67
99,"[1, 3, 5]","[3, 3, 4]","[0.54, 0.5, 0.75]","[['B', 'A', 'C', 'D'], ['B', 'A', 'D', 'C'], ['C', 'B', 'A', 'D']]","{'B': 5, 'C': 4, 'A': 3, 'D': 3}","[0.58, 0.54, 0.88]",3.67
99,"[1, 3, 5]","[3, 3, 4]","[0.54, 0.5, 0.75]","[['B', 'A', 'C', 'D'], ['B', 'C', 'A', 'D'], ['A', 'B', 'C', 'D']]","{'B': 5, 'C': 5, 'A': 3, 'D': 2}","[0.58, 0.54, 0.88]",3.67
99,"[1, 3, 5]","[3, 3, 4]","[0.54, 0.5, 0.75]","[['B', 'A', 'C', 'D'], ['B', 'C', 'A', 'D'], ['A', 'B', 'D', 'C']]","{'B': 5, 'C': 4, 'A': 3, 'D': 3}","[0.58, 0.54, 0.88]",3.67
99,"[1, 3, 5]","[3, 3, 4]","[0.54, 0.5, 0.75]","[['B', 'A', 'C', 'D'], ['B', 'C', 'A', 'D'], ['A', 'C', 'B', 'D']]","{'B': 5, 'C': 5, 'A': 3, 'D': 2}","[0.58, 0.54, 0.88]",3.67
99,"[1, 3, 5]","[3, 3, 4]","[0.54, 0.5, 0.75]","[['B', 'A', 'C', 'D'], ['B', 'C', 'A', 'D'], ['A', 'D', 'B', 'C']]","{'B': 5, 'C': 4, 'A': 3, 'D': 3}","[0.58, 0.54, 0.88]",3.67
99,"[1, 3, 5]","[3, 3, 4]","[0.54, 0.5, 0.75]","[['B', 'A', 'C', 'D'], ['B', 'C', 'A', 'D'], ['B', 'A', 'C', 'D']]","{'B': 5, 'C': 5, 'A': 3, 'D': 2}","[0.58, 0.54, 0.88]",3.67
99,"[1, 3, 5]","[3, 3, 4]","[0.54, 0.5, 0.75]","[['B', 'A', 'C', 'D'], ['B', 'C', 'A', 'D'], ['B', 'A', 'D', 'C']]","{'B': 5, 'C': 4, 'A': 3, 'D': 3}","[0.58, 0.54, 0.88]",3.67
99,"[1, 3, 5]","[3, 3, 4]","[0.54, 0.5, 0.75]","[['B', 'A', 'C', 'D'], ['B', 'C', 'A', 'D'], ['B', 'C', 'A', 'D']]","{'B': 5, 'C': 5, 'A': 3, 'D': 2}","[0.58, 0.54, 0.88]",3.67
99,"[1, 3, 5]","[3, 3, 4]","[0.54, 0.5, 0.75]","[['B', 'A', 'C', 'D'], ['B', 'C', 'A', 'D'], ['B', 'D', 'A', 'C']]","{'B': 5, 'C': 4, 'A': 3, 'D': 3}","[0.58, 0.54, 0.88]",3.67
99,"[1, 3, 5]","[3, 3, 4]","[0.54, 0.5, 0.75]","[['B', 'A', 'C', 'D'], ['B', 'C', 'A', 'D'], ['C', 'A', 'B', 'D']]","{'B': 5, 'C': 5, 'A': 3, 'D': 2}","[0.58, 0.54, 0.88]",3.67
99,"[1, 3, 5]","[3, 3, 4]","[0.54, 0.5, 0.75]","[['B', 'A', 'C', 'D'], ['B', 'C', 'A', 'D'], ['C', 'B', 'A', 'D']]","{'B': 5, 'C': 5, 'A': 3, 'D': 2}","[0.58, 0.54, 0.88]",3.67
99,"[1, 3, 5]","[3, 3, 4]","[0.54, 0.5, 0.75]","[['B', 'A', 'C', 'D'], ['B', 'C', 'A', 'D'], ['D', 'A', 'B', 'C']]","{'B': 5, 'C': 4, 'A': 3, 'D': 3}","[0.58, 0.54, 0.88]",3.67
99,"[1, 3, 5]","[3, 3, 4]","[0.54, 0.5, 0.75]","[['B', 'A', 'C', 'D'], ['B', 'C', 'A', 'D'], ['D', 'B', 'A', 'C']]","{'B': 5, 'C': 4, 'A': 3, 'D': 3}","[0.58, 0.54, 0.88]",3.67
99,"[1, 3, 5]","[3, 3, 4]","[0.54, 0.5, 0.75]","[['B', 'A', 'C', 'D'], ['B', 'D', 'A', 'C'], ['A', 'B', 'C', 'D']]","{'B': 5, 'C': 4, 'A': 3, 'D': 3}","[0.58, 0.54, 0.88]",3.67
99,"[1, 3, 5]","[3, 3, 4]","[0.54, 0.5, 0.75]","[['B', 'A', 'C', 'D'], ['B', 'D', 'A', 'C'], ['A', 'C', 'B', 'D']]","{'B': 5, 'C': 4, 'A': 3, 'D': 3}","[0.58, 0.54, 0.88]",3.67
99,"[1, 3, 5]","[3, 3, 4]","[0.54, 0.5, 0.75]","[['B', 'A', 'C', 'D'], ['B', 'D', 'A', 'C'], ['B', 'A', 'C', 'D']]","{'B': 5, 'C': 4, 'A': 3, 'D': 3}","[0.58, 0.54, 0.88]",3.67
99,"[1, 3, 5]","[3, 3, 4]","[0.54, 0.5, 0.75]","[['B', 'A', 'C', 'D'], ['B', 'D', 'A', 'C'], ['B', 'C', 'A', 'D']]","{'B': 5, 'C': 4, 'A': 3, 'D': 3}","[0.58, 0.54, 0.88]",3.67
99,"[1, 3, 5]","[3, 3, 4]","[0.54, 0.5, 0.75]","[['B', 'A', 'C', 'D'], ['B', 'D', 'A', 'C'], ['C', 'A', 'B', 'D']]","{'B': 5, 'C': 4, 'A': 3, 'D': 3}","[0.58, 0.54, 0.88]",3.67
99,"[1, 3, 5]","[3, 3, 4]","[0.54, 0.5, 0.75]","[['B', 'A', 'C', 'D'], ['B', 'D', 'A', 'C'], ['C', 'B', 'A', 'D']]","{'B': 5, 'C': 4, 'A': 3, 'D': 3}","[0.58, 0.54, 0.88]",3.67
99,"[1, 3, 5]","[3, 3, 4]","[0.54, 0.5, 0.75]","[['B', 'A', 'C', 'D'], ['C', 'A', 'B', 'D'], ['A', 'B', 'C', 'D']]","{'B': 5, 'C': 5, 'A': 3, 'D': 2}","[0.58, 0.54, 0.88]",3.67
99,"[1, 3, 5]","[3, 3, 4]","[0.54, 0.5, 0.75]","[['B', 'A', 'C', 'D'], ['C', 'A', 'B', 'D'], ['A', 'B', 'D', 'C']]","{'B': 5, 'C': 4, 'A': 3, 'D': 3}","[0.58, 0.54, 0.88]",3.67
99,"[1, 3, 5]","[3, 3, 4]","[0.54, 0.5, 0.75]","[['B', 'A', 'C', 'D'], ['C', 'A', 'B', 'D'], ['A', 'C', 'B', 'D']]","{'B': 5, 'C': 5, 'A': 3, 'D': 2}","[0.58, 0.54, 0.88]",3.67
99,"[1, 3, 5]","[3, 3, 4]","[0.54, 0.5, 0.75]","[['B', 'A', 'C', 'D'], ['C', 'A', 'B', 'D'], ['A', 'D', 'B', 'C']]","{'B': 5, 'C': 4, 'A': 3, 'D': 3}","[0.58, 0.54, 0.88]",3.67
99,"[1, 3, 5]","[3, 3, 4]","[0.54, 0.5, 0.75]","[['B', 'A', 'C', 'D'], ['C', 'A', 'B', 'D'], ['B', 'A', 'C', 'D']]","{'B': 5, 'C': 5, 'A': 3, 'D': 2}","[0.58, 0.54, 0.88]",3.67
99,"[1, 3, 5]","[3, 3, 4]","[0.54, 0.5, 0.75]","[['B', 'A', 'C', 'D'], ['C', 'A', 'B', 'D'], ['B', 'A', 'D', 'C']]","{'B': 5, 'C': 4, 'A': 3, 'D': 3}","[0.58, 0.54, 0.88]",3.67
99,"[1, 3, 5]","[3, 3, 4]","[0.54, 0.5, 0.75]","[['B', 'A', 'C', 'D'], ['C', 'A', 'B', 'D'], ['B', 'C', 'A', 'D']]","{'B': 5, 'C': 5, 'A': 3, 'D': 2}","[0.58, 0.54, 0.88]",3.67
99,"[1, 3, 5]","[3, 3, 4]","[0.54, 0.5, 0.75]","[['B', 'A', 'C', 'D'], ['C', 'A', 'B', 'D'], ['B', 'D', 'A', 'C']]","{'B': 5, 'C': 4, 'A': 3, 'D': 3}","[0.58, 0.54, 0.88]",3.67
99,"[1, 3, 5]","[3, 3, 4]","[0.54, 0.5, 0.75]","[['B', 'A', 'C', 'D'], ['C', 'A', 'B', 'D'], ['C', 'A', 'B', 'D']]","{'B': 5, 'C': 5, 'A': 3, 'D': 2}","[0.58, 0.54, 0.88]",3.67
99,"[1, 3, 5]","[3, 3, 4]","[0.54, 0.5, 0.75]","[['B', 'A', 'C', 'D'], ['C', 'A', 'B', 'D'], ['C', 'B', 'A', 'D']]","{'B': 5, 'C': 5, 'A': 3, 'D': 2}","[0.58, 0.54, 0.88]",3.67
99,"[1, 3, 5]","[3, 3, 4]","[0.54, 0.5, 0.75]","[['B', 'A', 'C', 'D'], ['C', 'A', 'B', 'D'], ['D', 'A', 'B', 'C']]","{'B': 5, 'C': 4, 'A': 3, 'D': 3}","[0.58, 0.54, 0.88]",3.67
99,"[1, 3, 5]","[3, 3, 4]","[0.54, 0.5, 0.75]","[['B', 'A', 'C', 'D'], ['C', 'A', 'B', 'D'], ['D', 'B', 'A', 'C']]","{'B': 5, 'C': 4, 'A': 3, 'D': 3}","[0.58, 0.54, 0.88]",3.67
99,"[1, 3, 5]","[3, 3, 4]","[0.54, 0.5, 0.75]","[['B', 'A', 'C', 'D'], ['C', 'B', 'A', 'D'], ['A', 'B', 'C', 'D']]","{'B': 5, 'C': 5, 'A': 3, 'D': 2}","[0.58, 0.54, 0.88]",3.67
99,"[1, 3, 5]","[3, 3, 4]","[0.54, 0.5, 0.75]","[['B', 'A', 'C', 'D'], ['C', 'B', 'A', 'D'], ['A', 'B', 'D', 'C']]","{'B': 5, 'C': 4, 'A': 3, 'D': 3}","[0.58, 0.54, 0.88]",3.67
99,"[1, 3, 5]","[3, 3, 4]","[0.54, 0.5, 0.75]","[['B', 'A', 'C', 'D'], ['C', 'B', 'A', 'D'], ['A', 'C', 'B', 'D']]","{'B': 5, 'C': 5, 'A': 3, 'D': 2}","[0.58, 0.54, 0.88]",3.67
99,"[1, 3, 5]","[3, 3, 4]","[0.54, 0.5, 0.75]","[['B', 'A', 'C', 'D'], ['C', 'B', 'A', 'D'], ['A', 'D', 'B', 'C']]","{'B': 5, 'C': 4, 'A': 3, 'D': 3}","[0.58, 0.54, 0.88]",3.67
99,"[1, 3, 5]","[3, 3, 4]","[0.54, 0.5, 0.75]","[['B', 'A', 'C', 'D'], ['C', 'B', 'A', 'D'], ['B', 'A', 'C', 'D']]","{'B': 5, 'C': 5, 'A': 3, 'D': 2}","[0.58, 0.54, 0.88]",3.67
99,"[1, 3, 5]","[3, 3, 4]","[0.54, 0.5, 0.75]","[['B', 'A', 'C', 'D'], ['C', 'B', 'A', 'D'], ['B', 'A', 'D', 'C']]","{'B': 5, 'C': 4, 'A': 3, 'D': 3}","[0.58, 0.54, 0.88]",3.67
99,"[1, 3, 5]","[3, 3, 4]","[0.54, 0.5, 0.75]","[['B', 'A', 'C', 'D'], ['C', 'B', 'A', 'D'], ['B', 'C', 'A', 'D']]","{'B': 5, 'C': 5, 'A': 3, 'D': 2}","[0.58, 0.54, 0.88]",3.67
99,"[1, 3, 5]","[3, 3, 4]","[0.54, 0.5, 0.75]","[['B', 'A', 'C', 'D'], ['C', 'B', 'A', 'D'], ['B', 'D', 'A', 'C']]","{'B': 5, 'C': 4, 'A': 3, 'D': 3}","[0.58, 0.54, 0.88]",3.67
99,"[1, 3, 5]","[3, 3, 4]","[0.54, 0.5, 0.75]","[['B', 'A', 'C', 'D'], ['C', 'B', 'A', 'D'], ['C', 'A', 'B', 'D']]","{'B': 5, 'C': 5, 'A': 3, 'D': 2}","[0.58, 0.54, 0.88]",3.67
99,"[1, 3, 5]","[3, 3, 4]","[0.54, 0.5, 0.75]","[['B', 'A', 'C', 'D'], ['C', 'B', 'A', 'D'], ['C', 'B', 'A', 'D']]","{'B': 5, 'C': 5, 'A': 3, 'D': 2}","[0.58, 0.54, 0.88]",3.67
99,"[1, 3, 5]","[3, 3, 4]","[0.54, 0.5, 0.75]","[['B', 'A', 'C', 'D'], ['C', 'B', 'A', 'D'], ['D', 'A', 'B', 'C']]","{'B': 5, 'C': 4, 'A': 3, 'D': 3}","[0.58, 0.54, 0.88]",3.67
99,"[1, 3, 5]","[3, 3, 4]","[0.54, 0.5, 0.75]","[['B', 'A', 'C', 'D'], ['C', 'B', 'A', 'D'], ['D', 'B', 'A', 'C']]","{'B': 5, 'C': 4, 'A': 3, 'D': 3}","[0.58, 0.54, 0.88]",3.67
99,"[1, 3, 5]","[3, 3, 4]","[0.54, 0.5, 0.75]","[['B', 'A', 'C', 'D'], ['D', 'A', 'B', 'C'], ['A', 'B', 'C', 'D']]","{'B': 5, 'C': 4, 'A': 3, 'D': 3}","[0.58, 0.54, 0.88]",3.67
99,"[1, 3, 5]","[3, 3, 4]","[0.54, 0.5, 0.75]","[['B', 'A', 'C', 'D'], ['D', 'A', 'B', 'C'], ['A', 'C', 'B', 'D']]","{'B': 5, 'C': 4, 'A': 3, 'D': 3}","[0.58, 0.54, 0.88]",3.67
99,"[1, 3, 5]","[3, 3, 4]","[0.54, 0.5, 0.75]","[['B', 'A', 'C', 'D'], ['D', 'A', 'B', 'C'], ['B', 'A', 'C', 'D']]","{'B': 5, 'C': 4, 'A': 3, 'D': 3}","[0.58, 0.54, 0.88]",3.67
99,"[1, 3, 5]","[3, 3, 4]","[0.54, 0.5, 0.75]","[['B', 'A', 'C', 'D'], ['D', 'A', 'B', 'C'], ['B', 'C', 'A', 'D']]","{'B': 5, 'C': 4, 'A': 3, 'D': 3}","[0.58, 0.54, 0.88]",3.67
99,"[1, 3, 5]","[3, 3, 4]","[0.54, 0.5, 0.75]","[['B', 'A', 'C', 'D'], ['D', 'A', 'B', 'C'], ['C', 'A', 'B', 'D']]","{'B': 5, 'C': 4, 'A': 3, 'D': 3}","[0.58, 0.54, 0.88]",3.67
99,"[1, 3, 5]","[3, 3, 4]","[0.54, 0.5, 0.75]","[['B', 'A', 'C', 'D'], ['D', 'A', 'B', 'C'], ['C', 'B', 'A', 'D']]","{'B': 5, 'C': 4, 'A': 3, 'D': 3}","[0.58, 0.54, 0.88]",3.67
99,"[1, 3, 5]","[3, 3, 4]","[0.54, 0.5, 0.75]","[['B', 'A', 'C', 'D'], ['D', 'B', 'A', 'C'], ['A', 'B', 'C', 'D']]","{'B': 5, 'C': 4, 'A': 3, 'D': 3}","[0.58, 0.54, 0.88]",3.67
99,"[1, 3, 5]","[3, 3, 4]","[0.54, 0.5, 0.75]","[['B', 'A', 'C', 'D'], ['D', 'B', 'A', 'C'], ['A', 'C', 'B', 'D']]","{'B': 5, 'C': 4, 'A': 3, 'D': 3}","[0.58, 0.54, 0.88]",3.67
99,"[1, 3, 5]","[3, 3, 4]","[0.54, 0.5, 0.75]","[['B', 'A', 'C', 'D'], ['D', 'B', 'A', 'C'], ['B', 'A', 'C', 'D']]","{'B': 5, 'C': 4, 'A': 3, 'D': 3}","[0.58, 0.54, 0.88]",3.67
99,"[1, 3, 5]","[3, 3, 4]","[0.54, 0.5, 0.75]","[['B', 'A', 'C', 'D'], ['D', 'B', 'A', 'C'], ['B', 'C', 'A', 'D']]","{'B': 5, 'C': 4, 'A': 3, 'D': 3}","[0.58, 0.54, 0.88]",3.67
99,"[1, 3, 5]","[3, 3, 4]","[0.54, 0.5, 0.75]","[['B', 'A', 'C', 'D'], ['D', 'B', 'A', 'C'], ['C', 'A', 'B', 'D']]","{'B': 5, 'C': 4, 'A': 3, 'D': 3}","[0.58, 0.54, 0.88]",3.67
99,"[1, 3, 5]","[3, 3, 4]","[0.54, 0.5, 0.75]","[['B', 'A', 'C', 'D'], ['D', 'B', 'A', 'C'], ['C', 'B', 'A', 'D']]","{'B': 5, 'C': 4, 'A': 3, 'D': 3}","[0.58, 0.54, 0.88]",3.67
99,"[1, 3, 5]","[3, 3, 4]","[0.54, 0.5, 0.75]","[['B', 'A', 'D', 'C'], ['A', 'B', 'C', 'D'], ['A', 'B', 'C', 'D']]","{'B': 5, 'C': 4, 'A': 3, 'D': 3}","[0.58, 0.54, 0.88]",3.67
99,"[1, 3, 5]","[3, 3, 4]","[0.54, 0.5, 0.75]","[['B', 'A', 'D', 'C'], ['A', 'B', 'C', 'D'], ['A', 'C', 'B', 'D']]","{'B': 5, 'C': 4, 'A': 3, 'D': 3}","[0.58, 0.54, 0.88]",3.67
99,"[1, 3, 5]","[3, 3, 4]","[0.54, 0.5, 0.75]","[['B', 'A', 'D', 'C'], ['A', 'B', 'C', 'D'], ['B', 'A', 'C', 'D']]","{'B': 5, 'C': 4, 'A': 3, 'D': 3}","[0.58, 0.54, 0.88]",3.67
99,"[1, 3, 5]","[3, 3, 4]","[0.54, 0.5, 0.75]","[['B', 'A', 'D', 'C'], ['A', 'B', 'C', 'D'], ['B', 'C', 'A', 'D']]","{'B': 5, 'C': 4, 'A': 3, 'D': 3}","[0.58, 0.54, 0.88]",3.67
99,"[1, 3, 5]","[3, 3, 4]","[0.54, 0.5, 0.75]","[['B', 'A', 'D', 'C'], ['A', 'B', 'C', 'D'], ['C', 'A', 'B', 'D']]","{'B': 5, 'C': 4, 'A': 3, 'D': 3}","[0.58, 0.54, 0.88]",3.67
99,"[1, 3, 5]","[3, 3, 4]","[0.54, 0.5, 0.75]","[['B', 'A', 'D', 'C'], ['A', 'B', 'C', 'D'], ['C', 'B', 'A', 'D']]","{'B': 5, 'C': 4, 'A': 3, 'D': 3}","[0.58, 0.54, 0.88]",3.67
99,"[1, 3, 5]","[3, 3, 4]","[0.54, 0.5, 0.75]","[['B', 'A', 'D', 'C'], ['A', 'C', 'B', 'D'], ['A', 'B', 'C', 'D']]","{'B': 5, 'C': 4, 'A': 3, 'D': 3}","[0.58, 0.54, 0.88]",3.67
99,"[1, 3, 5]","[3, 3, 4]","[0.54, 0.5, 0.75]","[['B', 'A', 'D', 'C'], ['A', 'C', 'B', 'D'], ['A', 'C', 'B', 'D']]","{'B': 5, 'C': 4, 'A': 3, 'D': 3}","[0.58, 0.54, 0.88]",3.67
99,"[1, 3, 5]","[3, 3, 4]","[0.54, 0.5, 0.75]","[['B', 'A', 'D', 'C'], ['A', 'C', 'B', 'D'], ['B', 'A', 'C', 'D']]","{'B': 5, 'C': 4, 'A': 3, 'D': 3}","[0.58, 0.54, 0.88]",3.67
99,"[1, 3, 5]","[3, 3, 4]","[0.54, 0.5, 0.75]","[['B', 'A', 'D', 'C'], ['A', 'C', 'B', 'D'], ['B', 'C', 'A', 'D']]","{'B': 5, 'C': 4, 'A': 3, 'D': 3}","[0.58, 0.54, 0.88]",3.67
99,"[1, 3, 5]","[3, 3, 4]","[0.54, 0.5, 0.75]","[['B', 'A', 'D', 'C'], ['A', 'C', 'B', 'D'], ['C', 'A', 'B', 'D']]","{'B': 5, 'C': 4, 'A': 3, 'D': 3}","[0.58, 0.54, 0.88]",3.67
99,"[1, 3, 5]","[3, 3, 4]","[0.54, 0.5, 0.75]","[['B', 'A', 'D', 'C'], ['A', 'C', 'B', 'D'], ['C', 'B', 'A', 'D']]","{'B': 5, 'C': 4, 'A': 3, 'D': 3}","[0.58, 0.54, 0.88]",3.67
99,"[1, 3, 5]","[3, 3, 4]","[0.54, 0.5, 0.75]","[['B', 'A', 'D', 'C'], ['B', 'A', 'C', 'D'], ['A', 'B', 'C', 'D']]","{'B': 5, 'C': 4, 'A': 3, 'D': 3}","[0.58, 0.54, 0.88]",3.67
99,"[1, 3, 5]","[3, 3, 4]","[0.54, 0.5, 0.75]","[['B', 'A', 'D', 'C'], ['B', 'A', 'C', 'D'], ['A', 'C', 'B', 'D']]","{'B': 5, 'C': 4, 'A': 3, 'D': 3}","[0.58, 0.54, 0.88]",3.67
99,"[1, 3, 5]","[3, 3, 4]","[0.54, 0.5, 0.75]","[['B', 'A', 'D', 'C'], ['B', 'A', 'C', 'D'], ['B', 'A', 'C', 'D']]","{'B': 5, 'C': 4, 'A': 3, 'D': 3}","[0.58, 0.54, 0.88]",3.67
99,"[1, 3, 5]","[3, 3, 4]","[0.54, 0.5, 0.75]","[['B', 'A', 'D', 'C'], ['B', 'A', 'C', 'D'], ['B', 'C', 'A', 'D']]","{'B': 5, 'C': 4, 'A': 3, 'D': 3}","[0.58, 0.54, 0.88]",3.67
99,"[1, 3, 5]","[3, 3, 4]","[0.54, 0.5, 0.75]","[['B', 'A', 'D', 'C'], ['B', 'A', 'C', 'D'], ['C', 'A', 'B', 'D']]","{'B': 5, 'C': 4, 'A': 3, 'D': 3}","[0.58, 0.54, 0.88]",3.67
99,"[1, 3, 5]","[3, 3, 4]","[0.54, 0.5, 0.75]","[['B', 'A', 'D', 'C'], ['B', 'A', 'C', 'D'], ['C', 'B', 'A', 'D']]","{'B': 5, 'C': 4, 'A': 3, 'D': 3}","[0.58, 0.54, 0.88]",3.67
99,"[1, 3, 5]","[3, 3, 4]","[0.54, 0.5, 0.75]","[['B', 'A', 'D', 'C'], ['B', 'C', 'A', 'D'], ['A', 'B', 'C', 'D']]","{'B': 5, 'C': 4, 'A': 3, 'D': 3}","[0.58, 0.54, 0.88]",3.67
99,"[1, 3, 5]","[3, 3, 4]","[0.54, 0.5, 0.75]","[['B', 'A', 'D', 'C'], ['B', 'C', 'A', 'D'], ['A', 'C', 'B', 'D']]","{'B': 5, 'C': 4, 'A': 3, 'D': 3}","[0.58, 0.54, 0.88]",3.67
99,"[1, 3, 5]","[3, 3, 4]","[0.54, 0.5, 0.75]","[['B', 'A', 'D', 'C'], ['B', 'C', 'A', 'D'], ['B', 'A', 'C', 'D']]","{'B': 5, 'C': 4, 'A': 3, 'D': 3}","[0.58, 0.54, 0.88]",3.67
99,"[1, 3, 5]","[3, 3, 4]","[0.54, 0.5, 0.75]","[['B', 'A', 'D', 'C'], ['B', 'C', 'A', 'D'], ['B', 'C', 'A', 'D']]","{'B': 5, 'C': 4, 'A': 3, 'D': 3}","[0.58, 0.54, 0.88]",3.67
99,"[1, 3, 5]","[3, 3, 4]","[0.54, 0.5, 0.75]","[['B', 'A', 'D', 'C'], ['B', 'C', 'A', 'D'], ['C', 'A', 'B', 'D']]","{'B': 5, 'C': 4, 'A': 3, 'D': 3}","[0.58, 0.54, 0.88]",3.67
99,"[1, 3, 5]","[3, 3, 4]","[0.54, 0.5, 0.75]","[['B', 'A', 'D', 'C'], ['B', 'C', 'A', 'D'], ['C', 'B', 'A', 'D']]","{'B': 5, 'C': 4, 'A': 3, 'D': 3}","[0.58, 0.54, 0.88]",3.67
99,"[1, 3, 5]","[3, 3, 4]","[0.54, 0.5, 0.75]","[['B', 'A', 'D', 'C'], ['C', 'A', 'B', 'D'], ['A', 'B', 'C', 'D']]","{'B': 5, 'C': 4, 'A': 3, 'D': 3}","[0.58, 0.54, 0.88]",3.67
99,"[1, 3, 5]","[3, 3, 4]","[0.54, 0.5, 0.75]","[['B', 'A', 'D', 'C'], ['C', 'A', 'B', 'D'], ['A', 'C', 'B', 'D']]","{'B': 5, 'C': 4, 'A': 3, 'D': 3}","[0.58, 0.54, 0.88]",3.67
99,"[1, 3, 5]","[3, 3, 4]","[0.54, 0.5, 0.75]","[['B', 'A', 'D', 'C'], ['C', 'A', 'B', 'D'], ['B', 'A', 'C', 'D']]","{'B': 5, 'C': 4, 'A': 3, 'D': 3}","[0.58, 0.54, 0.88]",3.67
99,"[1, 3, 5]","[3, 3, 4]","[0.54, 0.5, 0.75]","[['B', 'A', 'D', 'C'], ['C', 'A', 'B', 'D'], ['B', 'C', 'A', 'D']]","{'B': 5, 'C': 4, 'A': 3, 'D': 3}","[0.58, 0.54, 0.88]",3.67
99,"[1, 3, 5]","[3, 3, 4]","[0.54, 0.5, 0.75]","[['B', 'A', 'D', 'C'], ['C', 'A', 'B', 'D'], ['C', 'A', 'B', 'D']]","{'B': 5, 'C': 4, 'A': 3, 'D': 3}","[0.58, 0.54, 0.88]",3.67
99,"[1, 3, 5]","[3, 3, 4]","[0.54, 0.5, 0.75]","[['B', 'A', 'D', 'C'], ['C', 'A', 'B', 'D'], ['C', 'B', 'A', 'D']]","{'B': 5, 'C': 4, 'A': 3, 'D': 3}","[0.58, 0.54, 0.88]",3.67
99,"[1, 3, 5]","[3, 3, 4]","[0.54, 0.5, 0.75]","[['B', 'A', 'D', 'C'], ['C', 'B', 'A', 'D'], ['A', 'B', 'C', 'D']]","{'B': 5, 'C': 4, 'A': 3, 'D': 3}","[0.58, 0.54, 0.88]",3.67
99,"[1, 3, 5]","[3, 3, 4]","[0.54, 0.5, 0.75]","[['B', 'A', 'D', 'C'], ['C', 'B', 'A', 'D'], ['A', 'C', 'B', 'D']]","{'B': 5, 'C': 4, 'A': 3, 'D': 3}","[0.58, 0.54, 0.88]",3.67
99,"[1, 3, 5]","[3, 3, 4]","[0.54, 0.5, 0.75]","[['B', 'A', 'D', 'C'], ['C', 'B', 'A', 'D'], ['B', 'A', 'C', 'D']]","{'B': 5, 'C': 4, 'A': 3, 'D': 3}","[0.58, 0.54, 0.88]",3.67
99,"[1, 3, 5]","[3, 3, 4]","[0.54, 0.5, 0.75]","[['B', 'A', 'D', 'C'], ['C', 'B', 'A', 'D'], ['B', 'C', 'A', 'D']]","{'B': 5, 'C': 4, 'A': 3, 'D': 3}","[0.58, 0.54, 0.88]",3.67
99,"[1, 3, 5]","[3, 3, 4]","[0.54, 0.5, 0.75]","[['B', 'A', 'D', 'C'], ['C', 'B', 'A', 'D'], ['C', 'A', 'B', 'D']]","{'B': 5, 'C': 4, 'A': 3, 'D': 3}","[0.58, 0.54, 0.88]",3.67
99,"[1, 3, 5]","[3, 3, 4]","[0.54, 0.5, 0.75]","[['B', 'A', 'D', 'C'], ['C', 'B', 'A', 'D'], ['C', 'B', 'A', 'D']]","{'B': 5, 'C': 4, 'A': 3, 'D': 3}","[0.58, 0.54, 0.88]",3.67
99,"[1, 3, 5]","[3, 3, 4]","[0.54, 0.5, 0.75]","[['B', 'C', 'A', 'D'], ['A', 'B', 'C', 'D'], ['A', 'B', 'C', 'D']]","{'B': 5, 'C': 5, 'A': 3, 'D': 2}","[0.58, 0.54, 0.88]",3.67
99,"[1, 3, 5]","[3, 3, 4]","[0.54, 0.5, 0.75]","[['B', 'C', 'A', 'D'], ['A', 'B', 'C', 'D'], ['A', 'B', 'D', 'C']]","{'B': 5, 'C': 4, 'A': 3, 'D': 3}","[0.58, 0.54, 0.88]",3.67
99,"[1, 3, 5]","[3, 3, 4]","[0.54, 0.5, 0.75]","[['B', 'C', 'A', 'D'], ['A', 'B', 'C', 'D'], ['A', 'C', 'B', 'D']]","{'B': 5, 'C': 5, 'A': 3, 'D': 2}","[0.58, 0.54, 0.88]",3.67
99,"[1, 3, 5]","[3, 3, 4]","[0.54, 0.5, 0.75]","[['B', 'C', 'A', 'D'], ['A', 'B', 'C', 'D'], ['A', 'D', 'B', 'C']]","{'B': 5, 'C': 4, 'A': 3, 'D': 3}","[0.58, 0.54, 0.88]",3.67
99,"[1, 3, 5]","[3, 3, 4]","[0.54, 0.5, 0.75]","[['B', 'C', 'A', 'D'], ['A', 'B', 'C', 'D'], ['B', 'A', 'C', 'D']]","{'B': 5, 'C': 5, 'A': 3, 'D': 2}","[0.58, 0.54, 0.88]",3.67
99,"[1, 3, 5]","[3, 3, 4]","[0.54, 0.5, 0.75]","[['B', 'C', 'A', 'D'], ['A', 'B', 'C', 'D'], ['B', 'A', 'D', 'C']]","{'B': 5, 'C': 4, 'A': 3, 'D': 3}","[0.58, 0.54, 0.88]",3.67
99,"[1, 3, 5]","[3, 3, 4]","[0.54, 0.5, 0.75]","[['B', 'C', 'A', 'D'], ['A', 'B', 'C', 'D'], ['B', 'C', 'A', 'D']]","{'B': 5, 'C': 5, 'A': 3, 'D': 2}","[0.58, 0.54, 0.88]",3.67
99,"[1, 3, 5]","[3, 3, 4]","[0.54, 0.5, 0.75]","[['B', 'C', 'A', 'D'], ['A', 'B', 'C', 'D'], ['B', 'D', 'A', 'C']]","{'B': 5, 'C': 4, 'A': 3, 'D': 3}","[0.58, 0.54, 0.88]",3.67
99,"[1, 3, 5]","[3, 3, 4]","[0.54, 0.5, 0.75]","[['B', 'C', 'A', 'D'], ['A', 'B', 'C', 'D'], ['C', 'A', 'B', 'D']]","{'B': 5, 'C': 5, 'A': 3, 'D': 2}","[0.58, 0.54, 0.88]",3.67
99,"[1, 3, 5]","[3, 3, 4]","[0.54, 0.5, 0.75]","[['B', 'C', 'A', 'D'], ['A', 'B', 'C', 'D'], ['C', 'B', 'A', 'D']]","{'B': 5, 'C': 5, 'A': 3, 'D': 2}","[0.58, 0.54, 0.88]",3.67
99,"[1, 3, 5]","[3, 3, 4]","[0.54, 0.5, 0.75]","[['B', 'C', 'A', 'D'], ['A', 'B', 'C', 'D'], ['D', 'A', 'B', 'C']]","{'B': 5, 'C': 4, 'A': 3, 'D': 3}","[0.58, 0.54, 0.88]",3.67
99,"[1, 3, 5]","[3, 3, 4]","[0.54, 0.5, 0.75]","[['B', 'C', 'A', 'D'], ['A', 'B', 'C', 'D'], ['D', 'B', 'A', 'C']]","{'B': 5, 'C': 4, 'A': 3, 'D': 3}","[0.58, 0.54, 0.88]",3.67
99,"[1, 3, 5]","[3, 3, 4]","[0.54, 0.5, 0.75]","[['B', 'C', 'A', 'D'], ['A', 'B', 'D', 'C'], ['A', 'B', 'C', 'D']]","{'B': 5, 'C': 4, 'A': 3, 'D': 3}","[0.58, 0.54, 0.88]",3.67
99,"[1, 3, 5]","[3, 3, 4]","[0.54, 0.5, 0.75]","[['B', 'C', 'A', 'D'], ['A', 'B', 'D', 'C'], ['A', 'C', 'B', 'D']]","{'B': 5, 'C': 4, 'A': 3, 'D': 3}","[0.58, 0.54, 0.88]",3.67
99,"[1, 3, 5]","[3, 3, 4]","[0.54, 0.5, 0.75]","[['B', 'C', 'A', 'D'], ['A', 'B', 'D', 'C'], ['B', 'A', 'C', 'D']]","{'B': 5, 'C': 4, 'A': 3, 'D': 3}","[0.58, 0.54, 0.88]",3.67
99,"[1, 3, 5]","[3, 3, 4]","[0.54, 0.5, 0.75]","[['B', 'C', 'A', 'D'], ['A', 'B', 'D', 'C'], ['B', 'C', 'A', 'D']]","{'B': 5, 'C': 4, 'A': 3, 'D': 3}","[0.58, 0.54, 0.88]",3.67
99,"[1, 3, 5]","[3, 3, 4]","[0.54, 0.5, 0.75]","[['B', 'C', 'A', 'D'], ['A', 'B', 'D', 'C'], ['C', 'A', 'B', 'D']]","{'B': 5, 'C': 4, 'A': 3, 'D': 3}","[0.58, 0.54, 0.88]",3.67
99,"[1, 3, 5]","[3, 3, 4]","[0.54, 0.5, 0.75]","[['B', 'C', 'A', 'D'], ['A', 'B', 'D', 'C'], ['C', 'B', 'A', 'D']]","{'B': 5, 'C': 4, 'A': 3, 'D': 3}","[0.58, 0.54, 0.88]",3.67
99,"[1, 3, 5]","[3, 3, 4]","[0.54, 0.5, 0.75]","[['B', 'C', 'A', 'D'], ['A', 'C', 'B', 'D'], ['A', 'B', 'C', 'D']]","{'B': 5, 'C': 5, 'A': 3, 'D': 2}","[0.58, 0.54, 0.88]",3.67
99,"[1, 3, 5]","[3, 3, 4]","[0.54, 0.5, 0.75]","[['B', 'C', 'A', 'D'], ['A', 'C', 'B', 'D'], ['A', 'B', 'D', 'C']]","{'B': 5, 'C': 4, 'A': 3, 'D': 3}","[0.58, 0.54, 0.88]",3.67
99,"[1, 3, 5]","[3, 3, 4]","[0.54, 0.5, 0.75]","[['B', 'C', 'A', 'D'], ['A', 'C', 'B', 'D'], ['A', 'C', 'B', 'D']]","{'B': 5, 'C': 5, 'A': 3, 'D': 2}","[0.58, 0.54, 0.88]",3.67
99,"[1, 3, 5]","[3, 3, 4]","[0.54, 0.5, 0.75]","[['B', 'C', 'A', 'D'], ['A', 'C', 'B', 'D'], ['A', 'D', 'B', 'C']]","{'B': 5, 'C': 4, 'A': 3, 'D': 3}","[0.58, 0.54, 0.88]",3.67
99,"[1, 3, 5]","[3, 3, 4]","[0.54, 0.5, 0.75]","[['B', 'C', 'A', 'D'], ['A', 'C', 'B', 'D'], ['B', 'A', 'C', 'D']]","{'B': 5, 'C': 5, 'A': 3, 'D': 2}","[0.58, 0.54, 0.88]",3.67
99,"[1, 3, 5]","[3, 3, 4]","[0.54, 0.5, 0.75]","[['B', 'C', 'A', 'D'], ['A', 'C', 'B', 'D'], ['B', 'A', 'D', 'C']]","{'B': 5, 'C': 4, 'A': 3, 'D': 3}","[0.58, 0.54, 0.88]",3.67
99,"[1, 3, 5]","[3, 3, 4]","[0.54, 0.5, 0.75]","[['B', 'C', 'A', 'D'], ['A', 'C', 'B', 'D'], ['B', 'C', 'A', 'D']]","{'B': 5, 'C': 5, 'A': 3, 'D': 2}","[0.58, 0.54, 0.88]",3.67
99,"[1, 3, 5]","[3, 3, 4]","[0.54, 0.5, 0.75]","[['B', 'C', 'A', 'D'], ['A', 'C', 'B', 'D'], ['B', 'D', 'A', 'C']]","{'B': 5, 'C': 4, 'A': 3, 'D': 3}","[0.58, 0.54, 0.88]",3.67
99,"[1, 3, 5]","[3, 3, 4]","[0.54, 0.5, 0.75]","[['B', 'C', 'A', 'D'], ['A', 'C', 'B', 'D'], ['C', 'A', 'B', 'D']]","{'B': 5, 'C': 5, 'A': 3, 'D': 2}","[0.58, 0.54, 0.88]",3.67
99,"[1, 3, 5]","[3, 3, 4]","[0.54, 0.5, 0.75]","[['B', 'C', 'A', 'D'], ['A', 'C', 'B', 'D'], ['C', 'B', 'A', 'D']]","{'B': 5, 'C': 5, 'A': 3, 'D': 2}","[0.58, 0.54, 0.88]",3.67
99,"[1, 3, 5]","[3, 3, 4]","[0.54, 0.5, 0.75]","[['B', 'C', 'A', 'D'], ['A', 'C', 'B', 'D'], ['D', 'A', 'B', 'C']]","{'B': 5, 'C': 4, 'A': 3, 'D': 3}","[0.58, 0.54, 0.88]",3.67
99,"[1, 3, 5]","[3, 3, 4]","[0.54, 0.5, 0.75]","[['B', 'C', 'A', 'D'], ['A', 'C', 'B', 'D'], ['D', 'B', 'A', 'C']]","{'B': 5, 'C': 4, 'A': 3, 'D': 3}","[0.58, 0.54, 0.88]",3.67
99,"[1, 3, 5]","[3, 3, 4]","[0.54, 0.5, 0.75]","[['B', 'C', 'A', 'D'], ['A', 'D', 'B', 'C'], ['A', 'B', 'C', 'D']]","{'B': 5, 'C': 4, 'A': 3, 'D': 3}","[0.58, 0.54, 0.88]",3.67
99,"[1, 3, 5]","[3, 3, 4]","[0.54, 0.5, 0.75]","[['B', 'C', 'A', 'D'], ['A', 'D', 'B', 'C'], ['A', 'C', 'B', 'D']]","{'B': 5, 'C': 4, 'A': 3, 'D': 3}","[0.58, 0.54, 0.88]",3.67
99,"[1, 3, 5]","[3, 3, 4]","[0.54, 0.5, 0.75]","[['B', 'C', 'A', 'D'], ['A', 'D', 'B', 'C'], ['B', 'A', 'C', 'D']]","{'B': 5, 'C': 4, 'A': 3, 'D': 3}","[0.58, 0.54, 0.88]",3.67
99,"[1, 3, 5]","[3, 3, 4]","[0.54, 0.5, 0.75]","[['B', 'C', 'A', 'D'], ['A', 'D', 'B', 'C'], ['B', 'C', 'A', 'D']]","{'B': 5, 'C': 4, 'A': 3, 'D': 3}","[0.58, 0.54, 0.88]",3.67
99,"[1, 3, 5]","[3, 3, 4]","[0.54, 0.5, 0.75]","[['B', 'C', 'A', 'D'], ['A', 'D', 'B', 'C'], ['C', 'A', 'B', 'D']]","{'B': 5, 'C': 4, 'A': 3, 'D': 3}","[0.58, 0.54, 0.88]",3.67
99,"[1, 3, 5]","[3, 3, 4]","[0.54, 0.5, 0.75]","[['B', 'C', 'A', 'D'], ['A', 'D', 'B', 'C'], ['C', 'B', 'A', 'D']]","{'B': 5, 'C': 4, 'A': 3, 'D': 3}","[0.58, 0.54, 0.88]",3.67
99,"[1, 3, 5]","[3, 3, 4]","[0.54, 0.5, 0.75]","[['B', 'C', 'A', 'D'], ['B', 'A', 'C', 'D'], ['A', 'B', 'C', 'D']]","{'B': 5, 'C': 5, 'A': 3, 'D': 2}","[0.58, 0.54, 0.88]",3.67
99,"[1, 3, 5]","[3, 3, 4]","[0.54, 0.5, 0.75]","[['B', 'C', 'A', 'D'], ['B', 'A', 'C', 'D'], ['A', 'B', 'D', 'C']]","{'B': 5, 'C': 4, 'A': 3, 'D': 3}","[0.58, 0.54, 0.88]",3.67
99,"[1, 3, 5]","[3, 3, 4]","[0.54, 0.5, 0.75]","[['B', 'C', 'A', 'D'], ['B', 'A', 'C', 'D'], ['A', 'C', 'B', 'D']]","{'B': 5, 'C': 5, 'A': 3, 'D': 2}","[0.58, 0.54, 0.88]",3.67
99,"[1, 3, 5]","[3, 3, 4]","[0.54, 0.5, 0.75]","[['B', 'C', 'A', 'D'], ['B', 'A', 'C', 'D'], ['A', 'D', 'B', 'C']]","{'B': 5, 'C': 4, 'A': 3, 'D': 3}","[0.58, 0.54, 0.88]",3.67
99,"[1, 3, 5]","[3, 3, 4]","[0.54, 0.5, 0.75]","[['B', 'C', 'A', 'D'], ['B', 'A', 'C', 'D'], ['B', 'A', 'C', 'D']]","{'B': 5, 'C': 5, 'A': 3, 'D': 2}","[0.58, 0.54, 0.88]",3.67
99,"[1, 3, 5]","[3, 3, 4]","[0.54, 0.5, 0.75]","[['B', 'C', 'A', 'D'], ['B', 'A', 'C', 'D'], ['B', 'A', 'D', 'C']]","{'B': 5, 'C': 4, 'A': 3, 'D': 3}","[0.58, 0.54, 0.88]",3.67
99,"[1, 3, 5]","[3, 3, 4]","[0.54, 0.5, 0.75]","[['B', 'C', 'A', 'D'], ['B', 'A', 'C', 'D'], ['B', 'C', 'A', 'D']]","{'B': 5, 'C': 5, 'A': 3, 'D': 2}","[0.58, 0.54, 0.88]",3.67
99,"[1, 3, 5]","[3, 3, 4]","[0.54, 0.5, 0.75]","[['B', 'C', 'A', 'D'], ['B', 'A', 'C', 'D'], ['B', 'D', 'A', 'C']]","{'B': 5, 'C': 4, 'A': 3, 'D': 3}","[0.58, 0.54, 0.88]",3.67
99,"[1, 3, 5]","[3, 3, 4]","[0.54, 0.5, 0.75]","[['B', 'C', 'A', 'D'], ['B', 'A', 'C', 'D'], ['C', 'A', 'B', 'D']]","{'B': 5, 'C': 5, 'A': 3, 'D': 2}","[0.58, 0.54, 0.88]",3.67
99,"[1, 3, 5]","[3, 3, 4]","[0.54, 0.5, 0.75]","[['B', 'C', 'A', 'D'], ['B', 'A', 'C', 'D'], ['C', 'B', 'A', 'D']]","{'B': 5, 'C': 5, 'A': 3, 'D': 2}","[0.58, 0.54, 0.88]",3.67
99,"[1, 3, 5]","[3, 3, 4]","[0.54, 0.5, 0.75]","[['B', 'C', 'A', 'D'], ['B', 'A', 'C', 'D'], ['D', 'A', 'B', 'C']]","{'B': 5, 'C': 4, 'A': 3, 'D': 3}","[0.58, 0.54, 0.88]",3.67
99,"[1, 3, 5]","[3, 3, 4]","[0.54, 0.5, 0.75]","[['B', 'C', 'A', 'D'], ['B', 'A', 'C', 'D'], ['D', 'B', 'A', 'C']]","{'B': 5, 'C': 4, 'A': 3, 'D': 3}","[0.58, 0.54, 0.88]",3.67
99,"[1, 3, 5]","[3, 3, 4]","[0.54, 0.5, 0.75]","[['B', 'C', 'A', 'D'], ['B', 'A', 'D', 'C'], ['A', 'B', 'C', 'D']]","{'B': 5, 'C': 4, 'A': 3, 'D': 3}","[0.58, 0.54, 0.88]",3.67
99,"[1, 3, 5]","[3, 3, 4]","[0.54, 0.5, 0.75]","[['B', 'C', 'A', 'D'], ['B', 'A', 'D', 'C'], ['A', 'C', 'B', 'D']]","{'B': 5, 'C': 4, 'A': 3, 'D': 3}","[0.58, 0.54, 0.88]",3.67
99,"[1, 3, 5]","[3, 3, 4]","[0.54, 0.5, 0.75]","[['B', 'C', 'A', 'D'], ['B', 'A', 'D', 'C'], ['B', 'A', 'C', 'D']]","{'B': 5, 'C': 4, 'A': 3, 'D': 3}","[0.58, 0.54, 0.88]",3.67
99,"[1, 3, 5]","[3, 3, 4]","[0.54, 0.5, 0.75]","[['B', 'C', 'A', 'D'], ['B', 'A', 'D', 'C'], ['B', 'C', 'A', 'D']]","{'B': 5, 'C': 4, 'A': 3, 'D': 3}","[0.58, 0.54, 0.88]",3.67
99,"[1, 3, 5]","[3, 3, 4]","[0.54, 0.5, 0.75]","[['B', 'C', 'A', 'D'], ['B', 'A', 'D', 'C'], ['C', 'A', 'B', 'D']]","{'B': 5, 'C': 4, 'A': 3, 'D': 3}","[0.58, 0.54, 0.88]",3.67
99,"[1, 3, 5]","[3, 3, 4]","[0.54, 0.5, 0.75]","[['B', 'C', 'A', 'D'], ['B', 'A', 'D', 'C'], ['C', 'B', 'A', 'D']]","{'B': 5, 'C': 4, 'A': 3, 'D': 3}","[0.58, 0.54, 0.88]",3.67
99,"[1, 3, 5]","[3, 3, 4]","[0.54, 0.5, 0.75]","[['B', 'C', 'A', 'D'], ['B', 'C', 'A', 'D'], ['A', 'B', 'C', 'D']]","{'B': 5, 'C': 5, 'A': 3, 'D': 2}","[0.58, 0.54, 0.88]",3.67
99,"[1, 3, 5]","[3, 3, 4]","[0.54, 0.5, 0.75]","[['B', 'C', 'A', 'D'], ['B', 'C', 'A', 'D'], ['A', 'B', 'D', 'C']]","{'B': 5, 'C': 4, 'A': 3, 'D': 3}","[0.58, 0.54, 0.88]",3.67
99,"[1, 3, 5]","[3, 3, 4]","[0.54, 0.5, 0.75]","[['B', 'C', 'A', 'D'], ['B', 'C', 'A', 'D'], ['A', 'C', 'B', 'D']]","{'B': 5, 'C': 5, 'A': 3, 'D': 2}","[0.58, 0.54, 0.88]",3.67
99,"[1, 3, 5]","[3, 3, 4]","[0.54, 0.5, 0.75]","[['B', 'C', 'A', 'D'], ['B', 'C', 'A', 'D'], ['A', 'D', 'B', 'C']]","{'B': 5, 'C': 4, 'A': 3, 'D': 3}","[0.58, 0.54, 0.88]",3.67
99,"[1, 3, 5]","[3, 3, 4]","[0.54, 0.5, 0.75]","[['B', 'C', 'A', 'D'], ['B', 'C', 'A', 'D'], ['B', 'A', 'C', 'D']]","{'B': 5, 'C': 5, 'A': 3, 'D': 2}","[0.58, 0.54, 0.88]",3.67
99,"[1, 3, 5]","[3, 3, 4]","[0.54, 0.5, 0.75]","[['B', 'C', 'A', 'D'], ['B', 'C', 'A', 'D'], ['B', 'A', 'D', 'C']]","{'B': 5, 'C': 4, 'A': 3, 'D': 3}","[0.58, 0.54, 0.88]",3.67
99,"[1, 3, 5]","[3, 3, 4]","[0.54, 0.5, 0.75]","[['B', 'C', 'A', 'D'], ['B', 'C', 'A', 'D'], ['B', 'C', 'A', 'D']]","{'B': 5, 'C': 5, 'A': 3, 'D': 2}","[0.58, 0.54, 0.88]",3.67
99,"[1, 3, 5]","[3, 3, 4]","[0.54, 0.5, 0.75]","[['B', 'C', 'A', 'D'], ['B', 'C', 'A', 'D'], ['B', 'D', 'A', 'C']]","{'B': 5, 'C': 4, 'A': 3, 'D': 3}","[0.58, 0.54, 0.88]",3.67
99,"[1, 3, 5]","[3, 3, 4]","[0.54, 0.5, 0.75]","[['B', 'C', 'A', 'D'], ['B', 'C', 'A', 'D'], ['C', 'A', 'B', 'D']]","{'B': 5, 'C': 5, 'A': 3, 'D': 2}","[0.58, 0.54, 0.88]",3.67
99,"[1, 3, 5]","[3, 3, 4]","[0.54, 0.5, 0.75]","[['B', 'C', 'A', 'D'], ['B', 'C', 'A', 'D'], ['C', 'B', 'A', 'D']]","{'B': 5, 'C': 5, 'A': 3, 'D': 2}","[0.58, 0.54, 0.88]",3.67
99,"[1, 3, 5]","[3, 3, 4]","[0.54, 0.5, 0.75]","[['B', 'C', 'A', 'D'], ['B', 'C', 'A', 'D'], ['D', 'A', 'B', 'C']]","{'B': 5, 'C': 4, 'A': 3, 'D': 3}","[0.58, 0.54, 0.88]",3.67
99,"[1, 3, 5]","[3, 3, 4]","[0.54, 0.5, 0.75]","[['B', 'C', 'A', 'D'], ['B', 'C', 'A', 'D'], ['D', 'B', 'A', 'C']]","{'B': 5, 'C': 4, 'A': 3, 'D': 3}","[0.58, 0.54, 0.88]",3.67
99,"[1, 3, 5]","[3, 3, 4]","[0.54, 0.5, 0.75]","[['B', 'C', 'A', 'D'], ['B', 'D', 'A', 'C'], ['A', 'B', 'C', 'D']]","{'B': 5, 'C': 4, 'A': 3, 'D': 3}","[0.58, 0.54, 0.88]",3.67
99,"[1, 3, 5]","[3, 3, 4]","[0.54, 0.5, 0.75]","[['B', 'C', 'A', 'D'], ['B', 'D', 'A', 'C'], ['A', 'C', 'B', 'D']]","{'B': 5, 'C': 4, 'A': 3, 'D': 3}","[0.58, 0.54, 0.88]",3.67
99,"[1, 3, 5]","[3, 3, 4]","[0.54, 0.5, 0.75]","[['B', 'C', 'A', 'D'], ['B', 'D', 'A', 'C'], ['B', 'A', 'C', 'D']]","{'B': 5, 'C': 4, 'A': 3, 'D': 3}","[0.58, 0.54, 0.88]",3.67
99,"[1, 3, 5]","[3, 3, 4]","[0.54, 0.5, 0.75]","[['B', 'C', 'A', 'D'], ['B', 'D', 'A', 'C'], ['B', 'C', 'A', 'D']]","{'B': 5, 'C': 4, 'A': 3, 'D': 3}","[0.58, 0.54, 0.88]",3.67
99,"[1, 3, 5]","[3, 3, 4]","[0.54, 0.5, 0.75]","[['B', 'C', 'A', 'D'], ['B', 'D', 'A', 'C'], ['C', 'A', 'B', 'D']]","{'B': 5, 'C': 4, 'A': 3, 'D': 3}","[0.58, 0.54, 0.88]",3.67
99,"[1, 3, 5]","[3, 3, 4]","[0.54, 0.5, 0.75]","[['B', 'C', 'A', 'D'], ['B', 'D', 'A', 'C'], ['C', 'B', 'A', 'D']]","{'B': 5, 'C': 4, 'A': 3, 'D': 3}","[0.58, 0.54, 0.88]",3.67
99,"[1, 3, 5]","[3, 3, 4]","[0.54, 0.5, 0.75]","[['B', 'C', 'A', 'D'], ['C', 'A', 'B', 'D'], ['A', 'B', 'C', 'D']]","{'B': 5, 'C': 5, 'A': 3, 'D': 2}","[0.58, 0.54, 0.88]",3.67
99,"[1, 3, 5]","[3, 3, 4]","[0.54, 0.5, 0.75]","[['B', 'C', 'A', 'D'], ['C', 'A', 'B', 'D'], ['A', 'B', 'D', 'C']]","{'B': 5, 'C': 4, 'A': 3, 'D': 3}","[0.58, 0.54, 0.88]",3.67
99,"[1, 3, 5]","[3, 3, 4]","[0.54, 0.5, 0.75]","[['B', 'C', 'A', 'D'], ['C', 'A', 'B', 'D'], ['A', 'C', 'B', 'D']]","{'B': 5, 'C': 5, 'A': 3, 'D': 2}","[0.58, 0.54, 0.88]",3.67
99,"[1, 3, 5]","[3, 3, 4]","[0.54, 0.5, 0.75]","[['B', 'C', 'A', 'D'], ['C', 'A', 'B', 'D'], ['A', 'D', 'B', 'C']]","{'B': 5, 'C': 4, 'A': 3, 'D': 3}","[0.58, 0.54, 0.88]",3.67
99,"[1, 3, 5]","[3, 3, 4]","[0.54, 0.5, 0.75]","[['B', 'C', 'A', 'D'], ['C', 'A', 'B', 'D'], ['B', 'A', 'C', 'D']]","{'B': 5, 'C': 5, 'A': 3, 'D': 2}","[0.58, 0.54, 0.88]",3.67
99,"[1, 3, 5]","[3, 3, 4]","[0.54, 0.5, 0.75]","[['B', 'C', 'A', 'D'], ['C', 'A', 'B', 'D'], ['B', 'A', 'D', 'C']]","{'B': 5, 'C': 4, 'A': 3, 'D': 3}","[0.58, 0.54, 0.88]",3.67
99,"[1, 3, 5]","[3, 3, 4]","[0.54, 0.5, 0.75]","[['B', 'C', 'A', 'D'], ['C', 'A', 'B', 'D'], ['B', 'C', 'A', 'D']]","{'B': 5, 'C': 5, 'A': 3, 'D': 2}","[0.58, 0.54, 0.88]",3.67
99,"[1, 3, 5]","[3, 3, 4]","[0.54, 0.5, 0.75]","[['B', 'C', 'A', 'D'], ['C', 'A', 'B', 'D'], ['B', 'D', 'A', 'C']]","{'B': 5, 'C': 4, 'A': 3, 'D': 3}","[0.58, 0.54, 0.88]",3.67
99,"[1, 3, 5]","[3, 3, 4]","[0.54, 0.5, 0.75]","[['B', 'C', 'A', 'D'], ['C', 'A', 'B', 'D'], ['C', 'A', 'B', 'D']]","{'B': 5, 'C': 5, 'A': 3, 'D': 2}","[0.58, 0.54, 0.88]",3.67
99,"[1, 3, 5]","[3, 3, 4]","[0.54, 0.5, 0.75]","[['B', 'C', 'A', 'D'], ['C', 'A', 'B', 'D'], ['C', 'B', 'A', 'D']]","{'B': 5, 'C': 5, 'A': 3, 'D': 2}","[0.58, 0.54, 0.88]",3.67
99,"[1, 3, 5]","[3, 3, 4]","[0.54, 0.5, 0.75]","[['B', 'C', 'A', 'D'], ['C', 'A', 'B', 'D'], ['D', 'A', 'B', 'C']]","{'B': 5, 'C': 4, 'A': 3, 'D': 3}","[0.58, 0.54, 0.88]",3.67
99,"[1, 3, 5]","[3, 3, 4]","[0.54, 0.5, 0.75]","[['B', 'C', 'A', 'D'], ['C', 'A', 'B', 'D'], ['D', 'B', 'A', 'C']]","{'B': 5, 'C': 4, 'A': 3, 'D': 3}","[0.58, 0.54, 0.88]",3.67
99,"[1, 3, 5]","[3, 3, 4]","[0.54, 0.5, 0.75]","[['B', 'C', 'A', 'D'], ['C', 'B', 'A', 'D'], ['A', 'B', 'C', 'D']]","{'B': 5, 'C': 5, 'A': 3, 'D': 2}","[0.58, 0.54, 0.88]",3.67
99,"[1, 3, 5]","[3, 3, 4]","[0.54, 0.5, 0.75]","[['B', 'C', 'A', 'D'], ['C', 'B', 'A', 'D'], ['A', 'B', 'D', 'C']]","{'B': 5, 'C': 4, 'A': 3, 'D': 3}","[0.58, 0.54, 0.88]",3.67
99,"[1, 3, 5]","[3, 3, 4]","[0.54, 0.5, 0.75]","[['B', 'C', 'A', 'D'], ['C', 'B', 'A', 'D'], ['A', 'C', 'B', 'D']]","{'B': 5, 'C': 5, 'A': 3, 'D': 2}","[0.58, 0.54, 0.88]",3.67
99,"[1, 3, 5]","[3, 3, 4]","[0.54, 0.5, 0.75]","[['B', 'C', 'A', 'D'], ['C', 'B', 'A', 'D'], ['A', 'D', 'B', 'C']]","{'B': 5, 'C': 4, 'A': 3, 'D': 3}","[0.58, 0.54, 0.88]",3.67
99,"[1, 3, 5]","[3, 3, 4]","[0.54, 0.5, 0.75]","[['B', 'C', 'A', 'D'], ['C', 'B', 'A', 'D'], ['B', 'A', 'C', 'D']]","{'B': 5, 'C': 5, 'A': 3, 'D': 2}","[0.58, 0.54, 0.88]",3.67
99,"[1, 3, 5]","[3, 3, 4]","[0.54, 0.5, 0.75]","[['B', 'C', 'A', 'D'], ['C', 'B', 'A', 'D'], ['B', 'A', 'D', 'C']]","{'B': 5, 'C': 4, 'A': 3, 'D': 3}","[0.58, 0.54, 0.88]",3.67
99,"[1, 3, 5]","[3, 3, 4]","[0.54, 0.5, 0.75]","[['B', 'C', 'A', 'D'], ['C', 'B', 'A', 'D'], ['B', 'C', 'A', 'D']]","{'B': 5, 'C': 5, 'A': 3, 'D': 2}","[0.58, 0.54, 0.88]",3.67
99,"[1, 3, 5]","[3, 3, 4]","[0.54, 0.5, 0.75]","[['B', 'C', 'A', 'D'], ['C', 'B', 'A', 'D'], ['B', 'D', 'A', 'C']]","{'B': 5, 'C': 4, 'A': 3, 'D': 3}","[0.58, 0.54, 0.88]",3.67
99,"[1, 3, 5]","[3, 3, 4]","[0.54, 0.5, 0.75]","[['B', 'C', 'A', 'D'], ['C', 'B', 'A', 'D'], ['C', 'A', 'B', 'D']]","{'B': 5, 'C': 5, 'A': 3, 'D': 2}","[0.58, 0.54, 0.88]",3.67
99,"[1, 3, 5]","[3, 3, 4]","[0.54, 0.5, 0.75]","[['B', 'C', 'A', 'D'], ['C', 'B', 'A', 'D'], ['C', 'B', 'A', 'D']]","{'B': 5, 'C': 5, 'A': 3, 'D': 2}","[0.58, 0.54, 0.88]",3.67
99,"[1, 3, 5]","[3, 3, 4]","[0.54, 0.5, 0.75]","[['B', 'C', 'A', 'D'], ['C', 'B', 'A', 'D'], ['D', 'A', 'B', 'C']]","{'B': 5, 'C': 4, 'A': 3, 'D': 3}","[0.58, 0.54, 0.88]",3.67
99,"[1, 3, 5]","[3, 3, 4]","[0.54, 0.5, 0.75]","[['B', 'C', 'A', 'D'], ['C', 'B', 'A', 'D'], ['D', 'B', 'A', 'C']]","{'B': 5, 'C': 4, 'A': 3, 'D': 3}","[0.58, 0.54, 0.88]",3.67
99,"[1, 3, 5]","[3, 3, 4]","[0.54, 0.5, 0.75]","[['B', 'C', 'A', 'D'], ['D', 'A', 'B', 'C'], ['A', 'B', 'C', 'D']]","{'B': 5, 'C': 4, 'A': 3, 'D': 3}","[0.58, 0.54, 0.88]",3.67
99,"[1, 3, 5]","[3, 3, 4]","[0.54, 0.5, 0.75]","[['B', 'C', 'A', 'D'], ['D', 'A', 'B', 'C'], ['A', 'C', 'B', 'D']]","{'B': 5, 'C': 4, 'A': 3, 'D': 3}","[0.58, 0.54, 0.88]",3.67
99,"[1, 3, 5]","[3, 3, 4]","[0.54, 0.5, 0.75]","[['B', 'C', 'A', 'D'], ['D', 'A', 'B', 'C'], ['B', 'A', 'C', 'D']]","{'B': 5, 'C': 4, 'A': 3, 'D': 3}","[0.58, 0.54, 0.88]",3.67
99,"[1, 3, 5]","[3, 3, 4]","[0.54, 0.5, 0.75]","[['B', 'C', 'A', 'D'], ['D', 'A', 'B', 'C'], ['B', 'C', 'A', 'D']]","{'B': 5, 'C': 4, 'A': 3, 'D': 3}","[0.58, 0.54, 0.88]",3.67
99,"[1, 3, 5]","[3, 3, 4]","[0.54, 0.5, 0.75]","[['B', 'C', 'A', 'D'], ['D', 'A', 'B', 'C'], ['C', 'A', 'B', 'D']]","{'B': 5, 'C': 4, 'A': 3, 'D': 3}","[0.58, 0.54, 0.88]",3.67
99,"[1, 3, 5]","[3, 3, 4]","[0.54, 0.5, 0.75]","[['B', 'C', 'A', 'D'], ['D', 'A', 'B', 'C'], ['C', 'B', 'A', 'D']]","{'B': 5, 'C': 4, 'A': 3, 'D': 3}","[0.58, 0.54, 0.88]",3.67
99,"[1, 3, 5]","[3, 3, 4]","[0.54, 0.5, 0.75]","[['B', 'C', 'A', 'D'], ['D', 'B', 'A', 'C'], ['A', 'B', 'C', 'D']]","{'B': 5, 'C': 4, 'A': 3, 'D': 3}","[0.58, 0.54, 0.88]",3.67
99,"[1, 3, 5]","[3, 3, 4]","[0.54, 0.5, 0.75]","[['B', 'C', 'A', 'D'], ['D', 'B', 'A', 'C'], ['A', 'C', 'B', 'D']]","{'B': 5, 'C': 4, 'A': 3, 'D': 3}","[0.58, 0.54, 0.88]",3.67
99,"[1, 3, 5]","[3, 3, 4]","[0.54, 0.5, 0.75]","[['B', 'C', 'A', 'D'], ['D', 'B', 'A', 'C'], ['B', 'A', 'C', 'D']]","{'B': 5, 'C': 4, 'A': 3, 'D': 3}","[0.58, 0.54, 0.88]",3.67
99,"[1, 3, 5]","[3, 3, 4]","[0.54, 0.5, 0.75]","[['B', 'C', 'A', 'D'], ['D', 'B', 'A', 'C'], ['B', 'C', 'A', 'D']]","{'B': 5, 'C': 4, 'A': 3, 'D': 3}","[0.58, 0.54, 0.88]",3.67
99,"[1, 3, 5]","[3, 3, 4]","[0.54, 0.5, 0.75]","[['B', 'C', 'A', 'D'], ['D', 'B', 'A', 'C'], ['C', 'A', 'B', 'D']]","{'B': 5, 'C': 4, 'A': 3, 'D': 3}","[0.58, 0.54, 0.88]",3.67
99,"[1, 3, 5]","[3, 3, 4]","[0.54, 0.5, 0.75]","[['B', 'C', 'A', 'D'], ['D', 'B', 'A', 'C'], ['C', 'B', 'A', 'D']]","{'B': 5, 'C': 4, 'A': 3, 'D': 3}","[0.58, 0.54, 0.88]",3.67
99,"[1, 3, 5]","[3, 3, 4]","[0.54, 0.5, 0.75]","[['B', 'D', 'A', 'C'], ['A', 'B', 'C', 'D'], ['A', 'B', 'C', 'D']]","{'B': 5, 'C': 4, 'A': 3, 'D': 3}","[0.58, 0.54, 0.88]",3.67
99,"[1, 3, 5]","[3, 3, 4]","[0.54, 0.5, 0.75]","[['B', 'D', 'A', 'C'], ['A', 'B', 'C', 'D'], ['A', 'C', 'B', 'D']]","{'B': 5, 'C': 4, 'A': 3, 'D': 3}","[0.58, 0.54, 0.88]",3.67
99,"[1, 3, 5]","[3, 3, 4]","[0.54, 0.5, 0.75]","[['B', 'D', 'A', 'C'], ['A', 'B', 'C', 'D'], ['B', 'A', 'C', 'D']]","{'B': 5, 'C': 4, 'A': 3, 'D': 3}","[0.58, 0.54, 0.88]",3.67
99,"[1, 3, 5]","[3, 3, 4]","[0.54, 0.5, 0.75]","[['B', 'D', 'A', 'C'], ['A', 'B', 'C', 'D'], ['B', 'C', 'A', 'D']]","{'B': 5, 'C': 4, 'A': 3, 'D': 3}","[0.58, 0.54, 0.88]",3.67
99,"[1, 3, 5]","[3, 3, 4]","[0.54, 0.5, 0.75]","[['B', 'D', 'A', 'C'], ['A', 'B', 'C', 'D'], ['C', 'A', 'B', 'D']]","{'B': 5, 'C': 4, 'A': 3, 'D': 3}","[0.58, 0.54, 0.88]",3.67
99,"[1, 3, 5]","[3, 3, 4]","[0.54, 0.5, 0.75]","[['B', 'D', 'A', 'C'], ['A', 'B', 'C', 'D'], ['C', 'B', 'A', 'D']]","{'B': 5, 'C': 4, 'A': 3, 'D': 3}","[0.58, 0.54, 0.88]",3.67
99,"[1, 3, 5]","[3, 3, 4]","[0.54, 0.5, 0.75]","[['B', 'D', 'A', 'C'], ['A', 'C', 'B', 'D'], ['A', 'B', 'C', 'D']]","{'B': 5, 'C': 4, 'A': 3, 'D': 3}","[0.58, 0.54, 0.88]",3.67
99,"[1, 3, 5]","[3, 3, 4]","[0.54, 0.5, 0.75]","[['B', 'D', 'A', 'C'], ['A', 'C', 'B', 'D'], ['A', 'C', 'B', 'D']]","{'B': 5, 'C': 4, 'A': 3, 'D': 3}","[0.58, 0.54, 0.88]",3.67
99,"[1, 3, 5]","[3, 3, 4]","[0.54, 0.5, 0.75]","[['B', 'D', 'A', 'C'], ['A', 'C', 'B', 'D'], ['B', 'A', 'C', 'D']]","{'B': 5, 'C': 4, 'A': 3, 'D': 3}","[0.58, 0.54, 0.88]",3.67
99,"[1, 3, 5]","[3, 3, 4]","[0.54, 0.5, 0.75]","[['B', 'D', 'A', 'C'], ['A', 'C', 'B', 'D'], ['B', 'C', 'A', 'D']]","{'B': 5, 'C': 4, 'A': 3, 'D': 3}","[0.58, 0.54, 0.88]",3.67
99,"[1, 3, 5]","[3, 3, 4]","[0.54, 0.5, 0.75]","[['B', 'D', 'A', 'C'], ['A', 'C', 'B', 'D'], ['C', 'A', 'B', 'D']]","{'B': 5, 'C': 4, 'A': 3, 'D': 3}","[0.58, 0.54, 0.88]",3.67
99,"[1, 3, 5]","[3, 3, 4]","[0.54, 0.5, 0.75]","[['B', 'D', 'A', 'C'], ['A', 'C', 'B', 'D'], ['C', 'B', 'A', 'D']]","{'B': 5, 'C': 4, 'A': 3, 'D': 3}","[0.58, 0.54, 0.88]",3.67
99,"[1, 3, 5]","[3, 3, 4]","[0.54, 0.5, 0.75]","[['B', 'D', 'A', 'C'], ['B', 'A', 'C', 'D'], ['A', 'B', 'C', 'D']]","{'B': 5, 'C': 4, 'A': 3, 'D': 3}","[0.58, 0.54, 0.88]",3.67
99,"[1, 3, 5]","[3, 3, 4]","[0.54, 0.5, 0.75]","[['B', 'D', 'A', 'C'], ['B', 'A', 'C', 'D'], ['A', 'C', 'B', 'D']]","{'B': 5, 'C': 4, 'A': 3, 'D': 3}","[0.58, 0.54, 0.88]",3.67
99,"[1, 3, 5]","[3, 3, 4]","[0.54, 0.5, 0.75]","[['B', 'D', 'A', 'C'], ['B', 'A', 'C', 'D'], ['B', 'A', 'C', 'D']]","{'B': 5, 'C': 4, 'A': 3, 'D': 3}","[0.58, 0.54, 0.88]",3.67
99,"[1, 3, 5]","[3, 3, 4]","[0.54, 0.5, 0.75]","[['B', 'D', 'A', 'C'], ['B', 'A', 'C', 'D'], ['B', 'C', 'A', 'D']]","{'B': 5, 'C': 4, 'A': 3, 'D': 3}","[0.58, 0.54, 0.88]",3.67
99,"[1, 3, 5]","[3, 3, 4]","[0.54, 0.5, 0.75]","[['B', 'D', 'A', 'C'], ['B', 'A', 'C', 'D'], ['C', 'A', 'B', 'D']]","{'B': 5, 'C': 4, 'A': 3, 'D': 3}","[0.58, 0.54, 0.88]",3.67
99,"[1, 3, 5]","[3, 3, 4]","[0.54, 0.5, 0.75]","[['B', 'D', 'A', 'C'], ['B', 'A', 'C', 'D'], ['C', 'B', 'A', 'D']]","{'B': 5, 'C': 4, 'A': 3, 'D': 3}","[0.58, 0.54, 0.88]",3.67
99,"[1, 3, 5]","[3, 3, 4]","[0.54, 0.5, 0.75]","[['B', 'D', 'A', 'C'], ['B', 'C', 'A', 'D'], ['A', 'B', 'C', 'D']]","{'B': 5, 'C': 4, 'A': 3, 'D': 3}","[0.58, 0.54, 0.88]",3.67
99,"[1, 3, 5]","[3, 3, 4]","[0.54, 0.5, 0.75]","[['B', 'D', 'A', 'C'], ['B', 'C', 'A', 'D'], ['A', 'C', 'B', 'D']]","{'B': 5, 'C': 4, 'A': 3, 'D': 3}","[0.58, 0.54, 0.88]",3.67
99,"[1, 3, 5]","[3, 3, 4]","[0.54, 0.5, 0.75]","[['B', 'D', 'A', 'C'], ['B', 'C', 'A', 'D'], ['B', 'A', 'C', 'D']]","{'B': 5, 'C': 4, 'A': 3, 'D': 3}","[0.58, 0.54, 0.88]",3.67
99,"[1, 3, 5]","[3, 3, 4]","[0.54, 0.5, 0.75]","[['B', 'D', 'A', 'C'], ['B', 'C', 'A', 'D'], ['B', 'C', 'A', 'D']]","{'B': 5, 'C': 4, 'A': 3, 'D': 3}","[0.58, 0.54, 0.88]",3.67
99,"[1, 3, 5]","[3, 3, 4]","[0.54, 0.5, 0.75]","[['B', 'D', 'A', 'C'], ['B', 'C', 'A', 'D'], ['C', 'A', 'B', 'D']]","{'B': 5, 'C': 4, 'A': 3, 'D': 3}","[0.58, 0.54, 0.88]",3.67
99,"[1, 3, 5]","[3, 3, 4]","[0.54, 0.5, 0.75]","[['B', 'D', 'A', 'C'], ['B', 'C', 'A', 'D'], ['C', 'B', 'A', 'D']]","{'B': 5, 'C': 4, 'A': 3, 'D': 3}","[0.58, 0.54, 0.88]",3.67
99,"[1, 3, 5]","[3, 3, 4]","[0.54, 0.5, 0.75]","[['B', 'D', 'A', 'C'], ['C', 'A', 'B', 'D'], ['A', 'B', 'C', 'D']]","{'B': 5, 'C': 4, 'A': 3, 'D': 3}","[0.58, 0.54, 0.88]",3.67
99,"[1, 3, 5]","[3, 3, 4]","[0.54, 0.5, 0.75]","[['B', 'D', 'A', 'C'], ['C', 'A', 'B', 'D'], ['A', 'C', 'B', 'D']]","{'B': 5, 'C': 4, 'A': 3, 'D': 3}","[0.58, 0.54, 0.88]",3.67
99,"[1, 3, 5]","[3, 3, 4]","[0.54, 0.5, 0.75]","[['B', 'D', 'A', 'C'], ['C', 'A', 'B', 'D'], ['B', 'A', 'C', 'D']]","{'B': 5, 'C': 4, 'A': 3, 'D': 3}","[0.58, 0.54, 0.88]",3.67
99,"[1, 3, 5]","[3, 3, 4]","[0.54, 0.5, 0.75]","[['B', 'D', 'A', 'C'], ['C', 'A', 'B', 'D'], ['B', 'C', 'A', 'D']]","{'B': 5, 'C': 4, 'A': 3, 'D': 3}","[0.58, 0.54, 0.88]",3.67
99,"[1, 3, 5]","[3, 3, 4]","[0.54, 0.5, 0.75]","[['B', 'D', 'A', 'C'], ['C', 'A', 'B', 'D'], ['C', 'A', 'B', 'D']]","{'B': 5, 'C': 4, 'A': 3, 'D': 3}","[0.58, 0.54, 0.88]",3.67
99,"[1, 3, 5]","[3, 3, 4]","[0.54, 0.5, 0.75]","[['B', 'D', 'A', 'C'], ['C', 'A', 'B', 'D'], ['C', 'B', 'A', 'D']]","{'B': 5, 'C': 4, 'A': 3, 'D': 3}","[0.58, 0.54, 0.88]",3.67
99,"[1, 3, 5]","[3, 3, 4]","[0.54, 0.5, 0.75]","[['B', 'D', 'A', 'C'], ['C', 'B', 'A', 'D'], ['A', 'B', 'C', 'D']]","{'B': 5, 'C': 4, 'A': 3, 'D': 3}","[0.58, 0.54, 0.88]",3.67
99,"[1, 3, 5]","[3, 3, 4]","[0.54, 0.5, 0.75]","[['B', 'D', 'A', 'C'], ['C', 'B', 'A', 'D'], ['A', 'C', 'B', 'D']]","{'B': 5, 'C': 4, 'A': 3, 'D': 3}","[0.58, 0.54, 0.88]",3.67
99,"[1, 3, 5]","[3, 3, 4]","[0.54, 0.5, 0.75]","[['B', 'D', 'A', 'C'], ['C', 'B', 'A', 'D'], ['B', 'A', 'C', 'D']]","{'B': 5, 'C': 4, 'A': 3, 'D': 3}","[0.58, 0.54, 0.88]",3.67
99,"[1, 3, 5]","[3, 3, 4]","[0.54, 0.5, 0.75]","[['B', 'D', 'A', 'C'], ['C', 'B', 'A', 'D'], ['B', 'C', 'A', 'D']]","{'B': 5, 'C': 4, 'A': 3, 'D': 3}","[0.58, 0.54, 0.88]",3.67
99,"[1, 3, 5]","[3, 3, 4]","[0.54, 0.5, 0.75]","[['B', 'D', 'A', 'C'], ['C', 'B', 'A', 'D'], ['C', 'A', 'B', 'D']]","{'B': 5, 'C': 4, 'A': 3, 'D': 3}","[0.58, 0.54, 0.88]",3.67
99,"[1, 3, 5]","[3, 3, 4]","[0.54, 0.5, 0.75]","[['B', 'D', 'A', 'C'], ['C', 'B', 'A', 'D'], ['C', 'B', 'A', 'D']]","{'B': 5, 'C': 4, 'A': 3, 'D': 3}","[0.58, 0.54, 0.88]",3.67
99,"[1, 3, 5]","[3, 3, 4]","[0.54, 0.5, 0.75]","[['C', 'A', 'B', 'D'], ['A', 'B', 'C', 'D'], ['A', 'B', 'C', 'D']]","{'B': 5, 'C': 5, 'A': 3, 'D': 2}","[0.58, 0.54, 0.88]",3.67
99,"[1, 3, 5]","[3, 3, 4]","[0.54, 0.5, 0.75]","[['C', 'A', 'B', 'D'], ['A', 'B', 'C', 'D'], ['A', 'B', 'D', 'C']]","{'B': 5, 'C': 4, 'A': 3, 'D': 3}","[0.58, 0.54, 0.88]",3.67
99,"[1, 3, 5]","[3, 3, 4]","[0.54, 0.5, 0.75]","[['C', 'A', 'B', 'D'], ['A', 'B', 'C', 'D'], ['A', 'C', 'B', 'D']]","{'B': 5, 'C': 5, 'A': 3, 'D': 2}","[0.58, 0.54, 0.88]",3.67
99,"[1, 3, 5]","[3, 3, 4]","[0.54, 0.5, 0.75]","[['C', 'A', 'B', 'D'], ['A', 'B', 'C', 'D'], ['A', 'D', 'B', 'C']]","{'B': 5, 'C': 4, 'A': 3, 'D': 3}","[0.58, 0.54, 0.88]",3.67
99,"[1, 3, 5]","[3, 3, 4]","[0.54, 0.5, 0.75]","[['C', 'A', 'B', 'D'], ['A', 'B', 'C', 'D'], ['B', 'A', 'C', 'D']]","{'B': 5, 'C': 5, 'A': 3, 'D': 2}","[0.58, 0.54, 0.88]",3.67
99,"[1, 3, 5]","[3, 3, 4]","[0.54, 0.5, 0.75]","[['C', 'A', 'B', 'D'], ['A', 'B', 'C', 'D'], ['B', 'A', 'D', 'C']]","{'B': 5, 'C': 4, 'A': 3, 'D': 3}","[0.58, 0.54, 0.88]",3.67
99,"[1, 3, 5]","[3, 3, 4]","[0.54, 0.5, 0.75]","[['C', 'A', 'B', 'D'], ['A', 'B', 'C', 'D'], ['B', 'C', 'A', 'D']]","{'B': 5, 'C': 5, 'A': 3, 'D': 2}","[0.58, 0.54, 0.88]",3.67
99,"[1, 3, 5]","[3, 3, 4]","[0.54, 0.5, 0.75]","[['C', 'A', 'B', 'D'], ['A', 'B', 'C', 'D'], ['B', 'D', 'A', 'C']]","{'B': 5, 'C': 4, 'A': 3, 'D': 3}","[0.58, 0.54, 0.88]",3.67
99,"[1, 3, 5]","[3, 3, 4]","[0.54, 0.5, 0.75]","[['C', 'A', 'B', 'D'], ['A', 'B', 'C', 'D'], ['C', 'A', 'B', 'D']]","{'B': 5, 'C': 5, 'A': 3, 'D': 2}","[0.58, 0.54, 0.88]",3.67
99,"[1, 3, 5]","[3, 3, 4]","[0.54, 0.5, 0.75]","[['C', 'A', 'B', 'D'], ['A', 'B', 'C', 'D'], ['C', 'B', 'A', 'D']]","{'B': 5, 'C': 5, 'A': 3, 'D': 2}","[0.58, 0.54, 0.88]",3.67
99,"[1, 3, 5]","[3, 3, 4]","[0.54, 0.5, 0.75]","[['C', 'A', 'B', 'D'], ['A', 'B', 'C', 'D'], ['D', 'A', 'B', 'C']]","{'B': 5, 'C': 4, 'A': 3, 'D': 3}","[0.58, 0.54, 0.88]",3.67
99,"[1, 3, 5]","[3, 3, 4]","[0.54, 0.5, 0.75]","[['C', 'A', 'B', 'D'], ['A', 'B', 'C', 'D'], ['D', 'B', 'A', 'C']]","{'B': 5, 'C': 4, 'A': 3, 'D': 3}","[0.58, 0.54, 0.88]",3.67
99,"[1, 3, 5]","[3, 3, 4]","[0.54, 0.5, 0.75]","[['C', 'A', 'B', 'D'], ['A', 'B', 'D', 'C'], ['A', 'B', 'C', 'D']]","{'B': 5, 'C': 4, 'A': 3, 'D': 3}","[0.58, 0.54, 0.88]",3.67
99,"[1, 3, 5]","[3, 3, 4]","[0.54, 0.5, 0.75]","[['C', 'A', 'B', 'D'], ['A', 'B', 'D', 'C'], ['A', 'C', 'B', 'D']]","{'B': 5, 'C': 4, 'A': 3, 'D': 3}","[0.58, 0.54, 0.88]",3.67
99,"[1, 3, 5]","[3, 3, 4]","[0.54, 0.5, 0.75]","[['C', 'A', 'B', 'D'], ['A', 'B', 'D', 'C'], ['B', 'A', 'C', 'D']]","{'B': 5, 'C': 4, 'A': 3, 'D': 3}","[0.58, 0.54, 0.88]",3.67
99,"[1, 3, 5]","[3, 3, 4]","[0.54, 0.5, 0.75]","[['C', 'A', 'B', 'D'], ['A', 'B', 'D', 'C'], ['B', 'C', 'A', 'D']]","{'B': 5, 'C': 4, 'A': 3, 'D': 3}","[0.58, 0.54, 0.88]",3.67
99,"[1, 3, 5]","[3, 3, 4]","[0.54, 0.5, 0.75]","[['C', 'A', 'B', 'D'], ['A', 'B', 'D', 'C'], ['C', 'A', 'B', 'D']]","{'B': 5, 'C': 4, 'A': 3, 'D': 3}","[0.58, 0.54, 0.88]",3.67
99,"[1, 3, 5]","[3, 3, 4]","[0.54, 0.5, 0.75]","[['C', 'A', 'B', 'D'], ['A', 'B', 'D', 'C'], ['C', 'B', 'A', 'D']]","{'B': 5, 'C': 4, 'A': 3, 'D': 3}","[0.58, 0.54, 0.88]",3.67
99,"[1, 3, 5]","[3, 3, 4]","[0.54, 0.5, 0.75]","[['C', 'A', 'B', 'D'], ['A', 'C', 'B', 'D'], ['A', 'B', 'C', 'D']]","{'B': 5, 'C': 5, 'A': 3, 'D': 2}","[0.58, 0.54, 0.88]",3.67
99,"[1, 3, 5]","[3, 3, 4]","[0.54, 0.5, 0.75]","[['C', 'A', 'B', 'D'], ['A', 'C', 'B', 'D'], ['A', 'B', 'D', 'C']]","{'B': 5, 'C': 4, 'A': 3, 'D': 3}","[0.58, 0.54, 0.88]",3.67
99,"[1, 3, 5]","[3, 3, 4]","[0.54, 0.5, 0.75]","[['C', 'A', 'B', 'D'], ['A', 'C', 'B', 'D'], ['A', 'C', 'B', 'D']]","{'B': 5, 'C': 5, 'A': 3, 'D': 2}","[0.58, 0.54, 0.88]",3.67
99,"[1, 3, 5]","[3, 3, 4]","[0.54, 0.5, 0.75]","[['C', 'A', 'B', 'D'], ['A', 'C', 'B', 'D'], ['A', 'D', 'B', 'C']]","{'B': 5, 'C': 4, 'A': 3, 'D': 3}","[0.58, 0.54, 0.88]",3.67
99,"[1, 3, 5]","[3, 3, 4]","[0.54, 0.5, 0.75]","[['C', 'A', 'B', 'D'], ['A', 'C', 'B', 'D'], ['B', 'A', 'C', 'D']]","{'B': 5, 'C': 5, 'A': 3, 'D': 2}","[0.58, 0.54, 0.88]",3.67
99,"[1, 3, 5]","[3, 3, 4]","[0.54, 0.5, 0.75]","[['C', 'A', 'B', 'D'], ['A', 'C', 'B', 'D'], ['B', 'A', 'D', 'C']]","{'B': 5, 'C': 4, 'A': 3, 'D': 3}","[0.58, 0.54, 0.88]",3.67
99,"[1, 3, 5]","[3, 3, 4]","[0.54, 0.5, 0.75]","[['C', 'A', 'B', 'D'], ['A', 'C', 'B', 'D'], ['B', 'C', 'A', 'D']]","{'B': 5, 'C': 5, 'A': 3, 'D': 2}","[0.58, 0.54, 0.88]",3.67
99,"[1, 3, 5]","[3, 3, 4]","[0.54, 0.5, 0.75]","[['C', 'A', 'B', 'D'], ['A', 'C', 'B', 'D'], ['B', 'D', 'A', 'C']]","{'B': 5, 'C': 4, 'A': 3, 'D': 3}","[0.58, 0.54, 0.88]",3.67
99,"[1, 3, 5]","[3, 3, 4]","[0.54, 0.5, 0.75]","[['C', 'A', 'B', 'D'], ['A', 'C', 'B', 'D'], ['C', 'A', 'B', 'D']]","{'B': 5, 'C': 5, 'A': 3, 'D': 2}","[0.58, 0.54, 0.88]",3.67
99,"[1, 3, 5]","[3, 3, 4]","[0.54, 0.5, 0.75]","[['C', 'A', 'B', 'D'], ['A', 'C', 'B', 'D'], ['C', 'B', 'A', 'D']]","{'B': 5, 'C': 5, 'A': 3, 'D': 2}","[0.58, 0.54, 0.88]",3.67
99,"[1, 3, 5]","[3, 3, 4]","[0.54, 0.5, 0.75]","[['C', 'A', 'B', 'D'], ['A', 'C', 'B', 'D'], ['D', 'A', 'B', 'C']]","{'B': 5, 'C': 4, 'A': 3, 'D': 3}","[0.58, 0.54, 0.88]",3.67
99,"[1, 3, 5]","[3, 3, 4]","[0.54, 0.5, 0.75]","[['C', 'A', 'B', 'D'], ['A', 'C', 'B', 'D'], ['D', 'B', 'A', 'C']]","{'B': 5, 'C': 4, 'A': 3, 'D': 3}","[0.58, 0.54, 0.88]",3.67
99,"[1, 3, 5]","[3, 3, 4]","[0.54, 0.5, 0.75]","[['C', 'A', 'B', 'D'], ['A', 'D', 'B', 'C'], ['A', 'B', 'C', 'D']]","{'B': 5, 'C': 4, 'A': 3, 'D': 3}","[0.58, 0.54, 0.88]",3.67
99,"[1, 3, 5]","[3, 3, 4]","[0.54, 0.5, 0.75]","[['C', 'A', 'B', 'D'], ['A', 'D', 'B', 'C'], ['A', 'C', 'B', 'D']]","{'B': 5, 'C': 4, 'A': 3, 'D': 3}","[0.58, 0.54, 0.88]",3.67
99,"[1, 3, 5]","[3, 3, 4]","[0.54, 0.5, 0.75]","[['C', 'A', 'B', 'D'], ['A', 'D', 'B', 'C'], ['B', 'A', 'C', 'D']]","{'B': 5, 'C': 4, 'A': 3, 'D': 3}","[0.58, 0.54, 0.88]",3.67
99,"[1, 3, 5]","[3, 3, 4]","[0.54, 0.5, 0.75]","[['C', 'A', 'B', 'D'], ['A', 'D', 'B', 'C'], ['B', 'C', 'A', 'D']]","{'B': 5, 'C': 4, 'A': 3, 'D': 3}","[0.58, 0.54, 0.88]",3.67
99,"[1, 3, 5]","[3, 3, 4]","[0.54, 0.5, 0.75]","[['C', 'A', 'B', 'D'], ['A', 'D', 'B', 'C'], ['C', 'A', 'B', 'D']]","{'B': 5, 'C': 4, 'A': 3, 'D': 3}","[0.58, 0.54, 0.88]",3.67
99,"[1, 3, 5]","[3, 3, 4]","[0.54, 0.5, 0.75]","[['C', 'A', 'B', 'D'], ['A', 'D', 'B', 'C'], ['C', 'B', 'A', 'D']]","{'B': 5, 'C': 4, 'A': 3, 'D': 3}","[0.58, 0.54, 0.88]",3.67
99,"[1, 3, 5]","[3, 3, 4]","[0.54, 0.5, 0.75]","[['C', 'A', 'B', 'D'], ['B', 'A', 'C', 'D'], ['A', 'B', 'C', 'D']]","{'B': 5, 'C': 5, 'A': 3, 'D': 2}","[0.58, 0.54, 0.88]",3.67
99,"[1, 3, 5]","[3, 3, 4]","[0.54, 0.5, 0.75]","[['C', 'A', 'B', 'D'], ['B', 'A', 'C', 'D'], ['A', 'B', 'D', 'C']]","{'B': 5, 'C': 4, 'A': 3, 'D': 3}","[0.58, 0.54, 0.88]",3.67
99,"[1, 3, 5]","[3, 3, 4]","[0.54, 0.5, 0.75]","[['C', 'A', 'B', 'D'], ['B', 'A', 'C', 'D'], ['A', 'C', 'B', 'D']]","{'B': 5, 'C': 5, 'A': 3, 'D': 2}","[0.58, 0.54, 0.88]",3.67
99,"[1, 3, 5]","[3, 3, 4]","[0.54, 0.5, 0.75]","[['C', 'A', 'B', 'D'], ['B', 'A', 'C', 'D'], ['A', 'D', 'B', 'C']]","{'B': 5, 'C': 4, 'A': 3, 'D': 3}","[0.58, 0.54, 0.88]",3.67
99,"[1, 3, 5]","[3, 3, 4]","[0.54, 0.5, 0.75]","[['C', 'A', 'B', 'D'], ['B', 'A', 'C', 'D'], ['B', 'A', 'C', 'D']]","{'B': 5, 'C': 5, 'A': 3, 'D': 2}","[0.58, 0.54, 0.88]",3.67
99,"[1, 3, 5]","[3, 3, 4]","[0.54, 0.5, 0.75]","[['C', 'A', 'B', 'D'], ['B', 'A', 'C', 'D'], ['B', 'A', 'D', 'C']]","{'B': 5, 'C': 4, 'A': 3, 'D': 3}","[0.58, 0.54, 0.88]",3.67
99,"[1, 3, 5]","[3, 3, 4]","[0.54, 0.5, 0.75]","[['C', 'A', 'B', 'D'], ['B', 'A', 'C', 'D'], ['B', 'C', 'A', 'D']]","{'B': 5, 'C': 5, 'A': 3, 'D': 2}","[0.58, 0.54, 0.88]",3.67
99,"[1, 3, 5]","[3, 3, 4]","[0.54, 0.5, 0.75]","[['C', 'A', 'B', 'D'], ['B', 'A', 'C', 'D'], ['B', 'D', 'A', 'C']]","{'B': 5, 'C': 4, 'A': 3, 'D': 3}","[0.58, 0.54, 0.88]",3.67
99,"[1, 3, 5]","[3, 3, 4]","[0.54, 0.5, 0.75]","[['C', 'A', 'B', 'D'], ['B', 'A', 'C', 'D'], ['C', 'A', 'B', 'D']]","{'B': 5, 'C': 5, 'A': 3, 'D': 2}","[0.58, 0.54, 0.88]",3.67
99,"[1, 3, 5]","[3, 3, 4]","[0.54, 0.5, 0.75]","[['C', 'A', 'B', 'D'], ['B', 'A', 'C', 'D'], ['C', 'B', 'A', 'D']]","{'B': 5, 'C': 5, 'A': 3, 'D': 2}","[0.58, 0.54, 0.88]",3.67
99,"[1, 3, 5]","[3, 3, 4]","[0.54, 0.5, 0.75]","[['C', 'A', 'B', 'D'], ['B', 'A', 'C', 'D'], ['D', 'A', 'B', 'C']]","{'B': 5, 'C': 4, 'A': 3, 'D': 3}","[0.58, 0.54, 0.88]",3.67
99,"[1, 3, 5]","[3, 3, 4]","[0.54, 0.5, 0.75]","[['C', 'A', 'B', 'D'], ['B', 'A', 'C', 'D'], ['D', 'B', 'A', 'C']]","{'B': 5, 'C': 4, 'A': 3, 'D': 3}","[0.58, 0.54, 0.88]",3.67
99,"[1, 3, 5]","[3, 3, 4]","[0.54, 0.5, 0.75]","[['C', 'A', 'B', 'D'], ['B', 'A', 'D', 'C'], ['A', 'B', 'C', 'D']]","{'B': 5, 'C': 4, 'A': 3, 'D': 3}","[0.58, 0.54, 0.88]",3.67
99,"[1, 3, 5]","[3, 3, 4]","[0.54, 0.5, 0.75]","[['C', 'A', 'B', 'D'], ['B', 'A', 'D', 'C'], ['A', 'C', 'B', 'D']]","{'B': 5, 'C': 4, 'A': 3, 'D': 3}","[0.58, 0.54, 0.88]",3.67
99,"[1, 3, 5]","[3, 3, 4]","[0.54, 0.5, 0.75]","[['C', 'A', 'B', 'D'], ['B', 'A', 'D', 'C'], ['B', 'A', 'C', 'D']]","{'B': 5, 'C': 4, 'A': 3, 'D': 3}","[0.58, 0.54, 0.88]",3.67
99,"[1, 3, 5]","[3, 3, 4]","[0.54, 0.5, 0.75]","[['C', 'A', 'B', 'D'], ['B', 'A', 'D', 'C'], ['B', 'C', 'A', 'D']]","{'B': 5, 'C': 4, 'A': 3, 'D': 3}","[0.58, 0.54, 0.88]",3.67
99,"[1, 3, 5]","[3, 3, 4]","[0.54, 0.5, 0.75]","[['C', 'A', 'B', 'D'], ['B', 'A', 'D', 'C'], ['C', 'A', 'B', 'D']]","{'B': 5, 'C': 4, 'A': 3, 'D': 3}","[0.58, 0.54, 0.88]",3.67
99,"[1, 3, 5]","[3, 3, 4]","[0.54, 0.5, 0.75]","[['C', 'A', 'B', 'D'], ['B', 'A', 'D', 'C'], ['C', 'B', 'A', 'D']]","{'B': 5, 'C': 4, 'A': 3, 'D': 3}","[0.58, 0.54, 0.88]",3.67
99,"[1, 3, 5]","[3, 3, 4]","[0.54, 0.5, 0.75]","[['C', 'A', 'B', 'D'], ['B', 'C', 'A', 'D'], ['A', 'B', 'C', 'D']]","{'B': 5, 'C': 5, 'A': 3, 'D': 2}","[0.58, 0.54, 0.88]",3.67
99,"[1, 3, 5]","[3, 3, 4]","[0.54, 0.5, 0.75]","[['C', 'A', 'B', 'D'], ['B', 'C', 'A', 'D'], ['A', 'B', 'D', 'C']]","{'B': 5, 'C': 4, 'A': 3, 'D': 3}","[0.58, 0.54, 0.88]",3.67
99,"[1, 3, 5]","[3, 3, 4]","[0.54, 0.5, 0.75]","[['C', 'A', 'B', 'D'], ['B', 'C', 'A', 'D'], ['A', 'C', 'B', 'D']]","{'B': 5, 'C': 5, 'A': 3, 'D': 2}","[0.58, 0.54, 0.88]",3.67
99,"[1, 3, 5]","[3, 3, 4]","[0.54, 0.5, 0.75]","[['C', 'A', 'B', 'D'], ['B', 'C', 'A', 'D'], ['A', 'D', 'B', 'C']]","{'B': 5, 'C': 4, 'A': 3, 'D': 3}","[0.58, 0.54, 0.88]",3.67
99,"[1, 3, 5]","[3, 3, 4]","[0.54, 0.5, 0.75]","[['C', 'A', 'B', 'D'], ['B', 'C', 'A', 'D'], ['B', 'A', 'C', 'D']]","{'B': 5, 'C': 5, 'A': 3, 'D': 2}","[0.58, 0.54, 0.88]",3.67
99,"[1, 3, 5]","[3, 3, 4]","[0.54, 0.5, 0.75]","[['C', 'A', 'B', 'D'], ['B', 'C', 'A', 'D'], ['B', 'A', 'D', 'C']]","{'B': 5, 'C': 4, 'A': 3, 'D': 3}","[0.58, 0.54, 0.88]",3.67
99,"[1, 3, 5]","[3, 3, 4]","[0.54, 0.5, 0.75]","[['C', 'A', 'B', 'D'], ['B', 'C', 'A', 'D'], ['B', 'C', 'A', 'D']]","{'B': 5, 'C': 5, 'A': 3, 'D': 2}","[0.58, 0.54, 0.88]",3.67
99,"[1, 3, 5]","[3, 3, 4]","[0.54, 0.5, 0.75]","[['C', 'A', 'B', 'D'], ['B', 'C', 'A', 'D'], ['B', 'D', 'A', 'C']]","{'B': 5, 'C': 4, 'A': 3, 'D': 3}","[0.58, 0.54, 0.88]",3.67
99,"[1, 3, 5]","[3, 3, 4]","[0.54, 0.5, 0.75]","[['C', 'A', 'B', 'D'], ['B', 'C', 'A', 'D'], ['C', 'A', 'B', 'D']]","{'B': 5, 'C': 5, 'A': 3, 'D': 2}","[0.58, 0.54, 0.88]",3.67
99,"[1, 3, 5]","[3, 3, 4]","[0.54, 0.5, 0.75]","[['C', 'A', 'B', 'D'], ['B', 'C', 'A', 'D'], ['C', 'B', 'A', 'D']]","{'B': 5, 'C': 5, 'A': 3, 'D': 2}","[0.58, 0.54, 0.88]",3.67
99,"[1, 3, 5]","[3, 3, 4]","[0.54, 0.5, 0.75]","[['C', 'A', 'B', 'D'], ['B', 'C', 'A', 'D'], ['D', 'A', 'B', 'C']]","{'B': 5, 'C': 4, 'A': 3, 'D': 3}","[0.58, 0.54, 0.88]",3.67
99,"[1, 3, 5]","[3, 3, 4]","[0.54, 0.5, 0.75]","[['C', 'A', 'B', 'D'], ['B', 'C', 'A', 'D'], ['D', 'B', 'A', 'C']]","{'B': 5, 'C': 4, 'A': 3, 'D': 3}","[0.58, 0.54, 0.88]",3.67
99,"[1, 3, 5]","[3, 3, 4]","[0.54, 0.5, 0.75]","[['C', 'A', 'B', 'D'], ['B', 'D', 'A', 'C'], ['A', 'B', 'C', 'D']]","{'B': 5, 'C': 4, 'A': 3, 'D': 3}","[0.58, 0.54, 0.88]",3.67
99,"[1, 3, 5]","[3, 3, 4]","[0.54, 0.5, 0.75]","[['C', 'A', 'B', 'D'], ['B', 'D', 'A', 'C'], ['A', 'C', 'B', 'D']]","{'B': 5, 'C': 4, 'A': 3, 'D': 3}","[0.58, 0.54, 0.88]",3.67
99,"[1, 3, 5]","[3, 3, 4]","[0.54, 0.5, 0.75]","[['C', 'A', 'B', 'D'], ['B', 'D', 'A', 'C'], ['B', 'A', 'C', 'D']]","{'B': 5, 'C': 4, 'A': 3, 'D': 3}","[0.58, 0.54, 0.88]",3.67
99,"[1, 3, 5]","[3, 3, 4]","[0.54, 0.5, 0.75]","[['C', 'A', 'B', 'D'], ['B', 'D', 'A', 'C'], ['B', 'C', 'A', 'D']]","{'B': 5, 'C': 4, 'A': 3, 'D': 3}","[0.58, 0.54, 0.88]",3.67
99,"[1, 3, 5]","[3, 3, 4]","[0.54, 0.5, 0.75]","[['C', 'A', 'B', 'D'], ['B', 'D', 'A', 'C'], ['C', 'A', 'B', 'D']]","{'B': 5, 'C': 4, 'A': 3, 'D': 3}","[0.58, 0.54, 0.88]",3.67
99,"[1, 3, 5]","[3, 3, 4]","[0.54, 0.5, 0.75]","[['C', 'A', 'B', 'D'], ['B', 'D', 'A', 'C'], ['C', 'B', 'A', 'D']]","{'B': 5, 'C': 4, 'A': 3, 'D': 3}","[0.58, 0.54, 0.88]",3.67
99,"[1, 3, 5]","[3, 3, 4]","[0.54, 0.5, 0.75]","[['C', 'A', 'B', 'D'], ['C', 'A', 'B', 'D'], ['A', 'B', 'C', 'D']]","{'B': 5, 'C': 5, 'A': 3, 'D': 2}","[0.58, 0.54, 0.88]",3.67
99,"[1, 3, 5]","[3, 3, 4]","[0.54, 0.5, 0.75]","[['C', 'A', 'B', 'D'], ['C', 'A', 'B', 'D'], ['A', 'B', 'D', 'C']]","{'B': 5, 'C': 4, 'A': 3, 'D': 3}","[0.58, 0.54, 0.88]",3.67
99,"[1, 3, 5]","[3, 3, 4]","[0.54, 0.5, 0.75]","[['C', 'A', 'B', 'D'], ['C', 'A', 'B', 'D'], ['A', 'C', 'B', 'D']]","{'B': 5, 'C': 5, 'A': 3, 'D': 2}","[0.58, 0.54, 0.88]",3.67
99,"[1, 3, 5]","[3, 3, 4]","[0.54, 0.5, 0.75]","[['C', 'A', 'B', 'D'], ['C', 'A', 'B', 'D'], ['A', 'D', 'B', 'C']]","{'B': 5, 'C': 4, 'A': 3, 'D': 3}","[0.58, 0.54, 0.88]",3.67
99,"[1, 3, 5]","[3, 3, 4]","[0.54, 0.5, 0.75]","[['C', 'A', 'B', 'D'], ['C', 'A', 'B', 'D'], ['B', 'A', 'C', 'D']]","{'B': 5, 'C': 5, 'A': 3, 'D': 2}","[0.58, 0.54, 0.88]",3.67
99,"[1, 3, 5]","[3, 3, 4]","[0.54, 0.5, 0.75]","[['C', 'A', 'B', 'D'], ['C', 'A', 'B', 'D'], ['B', 'A', 'D', 'C']]","{'B': 5, 'C': 4, 'A': 3, 'D': 3}","[0.58, 0.54, 0.88]",3.67
99,"[1, 3, 5]","[3, 3, 4]","[0.54, 0.5, 0.75]","[['C', 'A', 'B', 'D'], ['C', 'A', 'B', 'D'], ['B', 'C', 'A', 'D']]","{'B': 5, 'C': 5, 'A': 3, 'D': 2}","[0.58, 0.54, 0.88]",3.67
99,"[1, 3, 5]","[3, 3, 4]","[0.54, 0.5, 0.75]","[['C', 'A', 'B', 'D'], ['C', 'A', 'B', 'D'], ['B', 'D', 'A', 'C']]","{'B': 5, 'C': 4, 'A': 3, 'D': 3}","[0.58, 0.54, 0.88]",3.67
99,"[1, 3, 5]","[3, 3, 4]","[0.54, 0.5, 0.75]","[['C', 'A', 'B', 'D'], ['C', 'A', 'B', 'D'], ['C', 'A', 'B', 'D']]","{'B': 5, 'C': 5, 'A': 3, 'D': 2}","[0.58, 0.54, 0.88]",3.67
99,"[1, 3, 5]","[3, 3, 4]","[0.54, 0.5, 0.75]","[['C', 'A', 'B', 'D'], ['C', 'A', 'B', 'D'], ['C', 'B', 'A', 'D']]","{'B': 5, 'C': 5, 'A': 3, 'D': 2}","[0.58, 0.54, 0.88]",3.67
99,"[1, 3, 5]","[3, 3, 4]","[0.54, 0.5, 0.75]","[['C', 'A', 'B', 'D'], ['C', 'A', 'B', 'D'], ['D', 'A', 'B', 'C']]","{'B': 5, 'C': 4, 'A': 3, 'D': 3}","[0.58, 0.54, 0.88]",3.67
99,"[1, 3, 5]","[3, 3, 4]","[0.54, 0.5, 0.75]","[['C', 'A', 'B', 'D'], ['C', 'A', 'B', 'D'], ['D', 'B', 'A', 'C']]","{'B': 5, 'C': 4, 'A': 3, 'D': 3}","[0.58, 0.54, 0.88]",3.67
99,"[1, 3, 5]","[3, 3, 4]","[0.54, 0.5, 0.75]","[['C', 'A', 'B', 'D'], ['C', 'B', 'A', 'D'], ['A', 'B', 'C', 'D']]","{'B': 5, 'C': 5, 'A': 3, 'D': 2}","[0.58, 0.54, 0.88]",3.67
99,"[1, 3, 5]","[3, 3, 4]","[0.54, 0.5, 0.75]","[['C', 'A', 'B', 'D'], ['C', 'B', 'A', 'D'], ['A', 'B', 'D', 'C']]","{'B': 5, 'C': 4, 'A': 3, 'D': 3}","[0.58, 0.54, 0.88]",3.67
99,"[1, 3, 5]","[3, 3, 4]","[0.54, 0.5, 0.75]","[['C', 'A', 'B', 'D'], ['C', 'B', 'A', 'D'], ['A', 'C', 'B', 'D']]","{'B': 5, 'C': 5, 'A': 3, 'D': 2}","[0.58, 0.54, 0.88]",3.67
99,"[1, 3, 5]","[3, 3, 4]","[0.54, 0.5, 0.75]","[['C', 'A', 'B', 'D'], ['C', 'B', 'A', 'D'], ['A', 'D', 'B', 'C']]","{'B': 5, 'C': 4, 'A': 3, 'D': 3}","[0.58, 0.54, 0.88]",3.67
99,"[1, 3, 5]","[3, 3, 4]","[0.54, 0.5, 0.75]","[['C', 'A', 'B', 'D'], ['C', 'B', 'A', 'D'], ['B', 'A', 'C', 'D']]","{'B': 5, 'C': 5, 'A': 3, 'D': 2}","[0.58, 0.54, 0.88]",3.67
99,"[1, 3, 5]","[3, 3, 4]","[0.54, 0.5, 0.75]","[['C', 'A', 'B', 'D'], ['C', 'B', 'A', 'D'], ['B', 'A', 'D', 'C']]","{'B': 5, 'C': 4, 'A': 3, 'D': 3}","[0.58, 0.54, 0.88]",3.67
99,"[1, 3, 5]","[3, 3, 4]","[0.54, 0.5, 0.75]","[['C', 'A', 'B', 'D'], ['C', 'B', 'A', 'D'], ['B', 'C', 'A', 'D']]","{'B': 5, 'C': 5, 'A': 3, 'D': 2}","[0.58, 0.54, 0.88]",3.67
99,"[1, 3, 5]","[3, 3, 4]","[0.54, 0.5, 0.75]","[['C', 'A', 'B', 'D'], ['C', 'B', 'A', 'D'], ['B', 'D', 'A', 'C']]","{'B': 5, 'C': 4, 'A': 3, 'D': 3}","[0.58, 0.54, 0.88]",3.67
99,"[1, 3, 5]","[3, 3, 4]","[0.54, 0.5, 0.75]","[['C', 'A', 'B', 'D'], ['C', 'B', 'A', 'D'], ['C', 'A', 'B', 'D']]","{'B': 5, 'C': 5, 'A': 3, 'D': 2}","[0.58, 0.54, 0.88]",3.67
99,"[1, 3, 5]","[3, 3, 4]","[0.54, 0.5, 0.75]","[['C', 'A', 'B', 'D'], ['C', 'B', 'A', 'D'], ['C', 'B', 'A', 'D']]","{'B': 5, 'C': 5, 'A': 3, 'D': 2}","[0.58, 0.54, 0.88]",3.67
99,"[1, 3, 5]","[3, 3, 4]","[0.54, 0.5, 0.75]","[['C', 'A', 'B', 'D'], ['C', 'B', 'A', 'D'], ['D', 'A', 'B', 'C']]","{'B': 5, 'C': 4, 'A': 3, 'D': 3}","[0.58, 0.54, 0.88]",3.67
99,"[1, 3, 5]","[3, 3, 4]","[0.54, 0.5, 0.75]","[['C', 'A', 'B', 'D'], ['C', 'B', 'A', 'D'], ['D', 'B', 'A', 'C']]","{'B': 5, 'C': 4, 'A': 3, 'D': 3}","[0.58, 0.54, 0.88]",3.67
99,"[1, 3, 5]","[3, 3, 4]","[0.54, 0.5, 0.75]","[['C', 'A', 'B', 'D'], ['D', 'A', 'B', 'C'], ['A', 'B', 'C', 'D']]","{'B': 5, 'C': 4, 'A': 3, 'D': 3}","[0.58, 0.54, 0.88]",3.67
99,"[1, 3, 5]","[3, 3, 4]","[0.54, 0.5, 0.75]","[['C', 'A', 'B', 'D'], ['D', 'A', 'B', 'C'], ['A', 'C', 'B', 'D']]","{'B': 5, 'C': 4, 'A': 3, 'D': 3}","[0.58, 0.54, 0.88]",3.67
99,"[1, 3, 5]","[3, 3, 4]","[0.54, 0.5, 0.75]","[['C', 'A', 'B', 'D'], ['D', 'A', 'B', 'C'], ['B', 'A', 'C', 'D']]","{'B': 5, 'C': 4, 'A': 3, 'D': 3}","[0.58, 0.54, 0.88]",3.67
99,"[1, 3, 5]","[3, 3, 4]","[0.54, 0.5, 0.75]","[['C', 'A', 'B', 'D'], ['D', 'A', 'B', 'C'], ['B', 'C', 'A', 'D']]","{'B': 5, 'C': 4, 'A': 3, 'D': 3}","[0.58, 0.54, 0.88]",3.67
99,"[1, 3, 5]","[3, 3, 4]","[0.54, 0.5, 0.75]","[['C', 'A', 'B', 'D'], ['D', 'A', 'B', 'C'], ['C', 'A', 'B', 'D']]","{'B': 5, 'C': 4, 'A': 3, 'D': 3}","[0.58, 0.54, 0.88]",3.67
99,"[1, 3, 5]","[3, 3, 4]","[0.54, 0.5, 0.75]","[['C', 'A', 'B', 'D'], ['D', 'A', 'B', 'C'], ['C', 'B', 'A', 'D']]","{'B': 5, 'C': 4, 'A': 3, 'D': 3}","[0.58, 0.54, 0.88]",3.67
99,"[1, 3, 5]","[3, 3, 4]","[0.54, 0.5, 0.75]","[['C', 'A', 'B', 'D'], ['D', 'B', 'A', 'C'], ['A', 'B', 'C', 'D']]","{'B': 5, 'C': 4, 'A': 3, 'D': 3}","[0.58, 0.54, 0.88]",3.67
99,"[1, 3, 5]","[3, 3, 4]","[0.54, 0.5, 0.75]","[['C', 'A', 'B', 'D'], ['D', 'B', 'A', 'C'], ['A', 'C', 'B', 'D']]","{'B': 5, 'C': 4, 'A': 3, 'D': 3}","[0.58, 0.54, 0.88]",3.67
99,"[1, 3, 5]","[3, 3, 4]","[0.54, 0.5, 0.75]","[['C', 'A', 'B', 'D'], ['D', 'B', 'A', 'C'], ['B', 'A', 'C', 'D']]","{'B': 5, 'C': 4, 'A': 3, 'D': 3}","[0.58, 0.54, 0.88]",3.67
99,"[1, 3, 5]","[3, 3, 4]","[0.54, 0.5, 0.75]","[['C', 'A', 'B', 'D'], ['D', 'B', 'A', 'C'], ['B', 'C', 'A', 'D']]","{'B': 5, 'C': 4, 'A': 3, 'D': 3}","[0.58, 0.54, 0.88]",3.67
99,"[1, 3, 5]","[3, 3, 4]","[0.54, 0.5, 0.75]","[['C', 'A', 'B', 'D'], ['D', 'B', 'A', 'C'], ['C', 'A', 'B', 'D']]","{'B': 5, 'C': 4, 'A': 3, 'D': 3}","[0.58, 0.54, 0.88]",3.67
99,"[1, 3, 5]","[3, 3, 4]","[0.54, 0.5, 0.75]","[['C', 'A', 'B', 'D'], ['D', 'B', 'A', 'C'], ['C', 'B', 'A', 'D']]","{'B': 5, 'C': 4, 'A': 3, 'D': 3}","[0.58, 0.54, 0.88]",3.67
99,"[1, 3, 5]","[3, 3, 4]","[0.54, 0.5, 0.75]","[['C', 'B', 'A', 'D'], ['A', 'B', 'C', 'D'], ['A', 'B', 'C', 'D']]","{'B': 5, 'C': 5, 'A': 3, 'D': 2}","[0.58, 0.54, 0.88]",3.67
99,"[1, 3, 5]","[3, 3, 4]","[0.54, 0.5, 0.75]","[['C', 'B', 'A', 'D'], ['A', 'B', 'C', 'D'], ['A', 'B', 'D', 'C']]","{'B': 5, 'C': 4, 'A': 3, 'D': 3}","[0.58, 0.54, 0.88]",3.67
99,"[1, 3, 5]","[3, 3, 4]","[0.54, 0.5, 0.75]","[['C', 'B', 'A', 'D'], ['A', 'B', 'C', 'D'], ['A', 'C', 'B', 'D']]","{'B': 5, 'C': 5, 'A': 3, 'D': 2}","[0.58, 0.54, 0.88]",3.67
99,"[1, 3, 5]","[3, 3, 4]","[0.54, 0.5, 0.75]","[['C', 'B', 'A', 'D'], ['A', 'B', 'C', 'D'], ['A', 'D', 'B', 'C']]","{'B': 5, 'C': 4, 'A': 3, 'D': 3}","[0.58, 0.54, 0.88]",3.67
99,"[1, 3, 5]","[3, 3, 4]","[0.54, 0.5, 0.75]","[['C', 'B', 'A', 'D'], ['A', 'B', 'C', 'D'], ['B', 'A', 'C', 'D']]","{'B': 5, 'C': 5, 'A': 3, 'D': 2}","[0.58, 0.54, 0.88]",3.67
99,"[1, 3, 5]","[3, 3, 4]","[0.54, 0.5, 0.75]","[['C', 'B', 'A', 'D'], ['A', 'B', 'C', 'D'], ['B', 'A', 'D', 'C']]","{'B': 5, 'C': 4, 'A': 3, 'D': 3}","[0.58, 0.54, 0.88]",3.67
99,"[1, 3, 5]","[3, 3, 4]","[0.54, 0.5, 0.75]","[['C', 'B', 'A', 'D'], ['A', 'B', 'C', 'D'], ['B', 'C', 'A', 'D']]","{'B': 5, 'C': 5, 'A': 3, 'D': 2}","[0.58, 0.54, 0.88]",3.67
99,"[1, 3, 5]","[3, 3, 4]","[0.54, 0.5, 0.75]","[['C', 'B', 'A', 'D'], ['A', 'B', 'C', 'D'], ['B', 'D', 'A', 'C']]","{'B': 5, 'C': 4, 'A': 3, 'D': 3}","[0.58, 0.54, 0.88]",3.67
99,"[1, 3, 5]","[3, 3, 4]","[0.54, 0.5, 0.75]","[['C', 'B', 'A', 'D'], ['A', 'B', 'C', 'D'], ['C', 'A', 'B', 'D']]","{'B': 5, 'C': 5, 'A': 3, 'D': 2}","[0.58, 0.54, 0.88]",3.67
99,"[1, 3, 5]","[3, 3, 4]","[0.54, 0.5, 0.75]","[['C', 'B', 'A', 'D'], ['A', 'B', 'C', 'D'], ['C', 'B', 'A', 'D']]","{'B': 5, 'C': 5, 'A': 3, 'D': 2}","[0.58, 0.54, 0.88]",3.67
99,"[1, 3, 5]","[3, 3, 4]","[0.54, 0.5, 0.75]","[['C', 'B', 'A', 'D'], ['A', 'B', 'C', 'D'], ['D', 'A', 'B', 'C']]","{'B': 5, 'C': 4, 'A': 3, 'D': 3}","[0.58, 0.54, 0.88]",3.67
99,"[1, 3, 5]","[3, 3, 4]","[0.54, 0.5, 0.75]","[['C', 'B', 'A', 'D'], ['A', 'B', 'C', 'D'], ['D', 'B', 'A', 'C']]","{'B': 5, 'C': 4, 'A': 3, 'D': 3}","[0.58, 0.54, 0.88]",3.67
99,"[1, 3, 5]","[3, 3, 4]","[0.54, 0.5, 0.75]","[['C', 'B', 'A', 'D'], ['A', 'B', 'D', 'C'], ['A', 'B', 'C', 'D']]","{'B': 5, 'C': 4, 'A': 3, 'D': 3}","[0.58, 0.54, 0.88]",3.67
99,"[1, 3, 5]","[3, 3, 4]","[0.54, 0.5, 0.75]","[['C', 'B', 'A', 'D'], ['A', 'B', 'D', 'C'], ['A', 'C', 'B', 'D']]","{'B': 5, 'C': 4, 'A': 3, 'D': 3}","[0.58, 0.54, 0.88]",3.67
99,"[1, 3, 5]","[3, 3, 4]","[0.54, 0.5, 0.75]","[['C', 'B', 'A', 'D'], ['A', 'B', 'D', 'C'], ['B', 'A', 'C', 'D']]","{'B': 5, 'C': 4, 'A': 3, 'D': 3}","[0.58, 0.54, 0.88]",3.67
99,"[1, 3, 5]","[3, 3, 4]","[0.54, 0.5, 0.75]","[['C', 'B', 'A', 'D'], ['A', 'B', 'D', 'C'], ['B', 'C', 'A', 'D']]","{'B': 5, 'C': 4, 'A': 3, 'D': 3}","[0.58, 0.54, 0.88]",3.67
99,"[1, 3, 5]","[3, 3, 4]","[0.54, 0.5, 0.75]","[['C', 'B', 'A', 'D'], ['A', 'B', 'D', 'C'], ['C', 'A', 'B', 'D']]","{'B': 5, 'C': 4, 'A': 3, 'D': 3}","[0.58, 0.54, 0.88]",3.67
99,"[1, 3, 5]","[3, 3, 4]","[0.54, 0.5, 0.75]","[['C', 'B', 'A', 'D'], ['A', 'B', 'D', 'C'], ['C', 'B', 'A', 'D']]","{'B': 5, 'C': 4, 'A': 3, 'D': 3}","[0.58, 0.54, 0.88]",3.67
99,"[1, 3, 5]","[3, 3, 4]","[0.54, 0.5, 0.75]","[['C', 'B', 'A', 'D'], ['A', 'C', 'B', 'D'], ['A', 'B', 'C', 'D']]","{'B': 5, 'C': 5, 'A': 3, 'D': 2}","[0.58, 0.54, 0.88]",3.67
99,"[1, 3, 5]","[3, 3, 4]","[0.54, 0.5, 0.75]","[['C', 'B', 'A', 'D'], ['A', 'C', 'B', 'D'], ['A', 'B', 'D', 'C']]","{'B': 5, 'C': 4, 'A': 3, 'D': 3}","[0.58, 0.54, 0.88]",3.67
99,"[1, 3, 5]","[3, 3, 4]","[0.54, 0.5, 0.75]","[['C', 'B', 'A', 'D'], ['A', 'C', 'B', 'D'], ['A', 'C', 'B', 'D']]","{'B': 5, 'C': 5, 'A': 3, 'D': 2}","[0.58, 0.54, 0.88]",3.67
99,"[1, 3, 5]","[3, 3, 4]","[0.54, 0.5, 0.75]","[['C', 'B', 'A', 'D'], ['A', 'C', 'B', 'D'], ['A', 'D', 'B', 'C']]","{'B': 5, 'C': 4, 'A': 3, 'D': 3}","[0.58, 0.54, 0.88]",3.67
99,"[1, 3, 5]","[3, 3, 4]","[0.54, 0.5, 0.75]","[['C', 'B', 'A', 'D'], ['A', 'C', 'B', 'D'], ['B', 'A', 'C', 'D']]","{'B': 5, 'C': 5, 'A': 3, 'D': 2}","[0.58, 0.54, 0.88]",3.67
99,"[1, 3, 5]","[3, 3, 4]","[0.54, 0.5, 0.75]","[['C', 'B', 'A', 'D'], ['A', 'C', 'B', 'D'], ['B', 'A', 'D', 'C']]","{'B': 5, 'C': 4, 'A': 3, 'D': 3}","[0.58, 0.54, 0.88]",3.67
99,"[1, 3, 5]","[3, 3, 4]","[0.54, 0.5, 0.75]","[['C', 'B', 'A', 'D'], ['A', 'C', 'B', 'D'], ['B', 'C', 'A', 'D']]","{'B': 5, 'C': 5, 'A': 3, 'D': 2}","[0.58, 0.54, 0.88]",3.67
99,"[1, 3, 5]","[3, 3, 4]","[0.54, 0.5, 0.75]","[['C', 'B', 'A', 'D'], ['A', 'C', 'B', 'D'], ['B', 'D', 'A', 'C']]","{'B': 5, 'C': 4, 'A': 3, 'D': 3}","[0.58, 0.54, 0.88]",3.67
99,"[1, 3, 5]","[3, 3, 4]","[0.54, 0.5, 0.75]","[['C', 'B', 'A', 'D'], ['A', 'C', 'B', 'D'], ['C', 'A', 'B', 'D']]","{'B': 5, 'C': 5, 'A': 3, 'D': 2}","[0.58, 0.54, 0.88]",3.67
99,"[1, 3, 5]","[3, 3, 4]","[0.54, 0.5, 0.75]","[['C', 'B', 'A', 'D'], ['A', 'C', 'B', 'D'], ['C', 'B', 'A', 'D']]","{'B': 5, 'C': 5, 'A': 3, 'D': 2}","[0.58, 0.54, 0.88]",3.67
99,"[1, 3, 5]","[3, 3, 4]","[0.54, 0.5, 0.75]","[['C', 'B', 'A', 'D'], ['A', 'C', 'B', 'D'], ['D', 'A', 'B', 'C']]","{'B': 5, 'C': 4, 'A': 3, 'D': 3}","[0.58, 0.54, 0.88]",3.67
99,"[1, 3, 5]","[3, 3, 4]","[0.54, 0.5, 0.75]","[['C', 'B', 'A', 'D'], ['A', 'C', 'B', 'D'], ['D', 'B', 'A', 'C']]","{'B': 5, 'C': 4, 'A': 3, 'D': 3}","[0.58, 0.54, 0.88]",3.67
99,"[1, 3, 5]","[3, 3, 4]","[0.54, 0.5, 0.75]","[['C', 'B', 'A', 'D'], ['A', 'D', 'B', 'C'], ['A', 'B', 'C', 'D']]","{'B': 5, 'C': 4, 'A': 3, 'D': 3}","[0.58, 0.54, 0.88]",3.67
99,"[1, 3, 5]","[3, 3, 4]","[0.54, 0.5, 0.75]","[['C', 'B', 'A', 'D'], ['A', 'D', 'B', 'C'], ['A', 'C', 'B', 'D']]","{'B': 5, 'C': 4, 'A': 3, 'D': 3}","[0.58, 0.54, 0.88]",3.67
99,"[1, 3, 5]","[3, 3, 4]","[0.54, 0.5, 0.75]","[['C', 'B', 'A', 'D'], ['A', 'D', 'B', 'C'], ['B', 'A', 'C', 'D']]","{'B': 5, 'C': 4, 'A': 3, 'D': 3}","[0.58, 0.54, 0.88]",3.67
99,"[1, 3, 5]","[3, 3, 4]","[0.54, 0.5, 0.75]","[['C', 'B', 'A', 'D'], ['A', 'D', 'B', 'C'], ['B', 'C', 'A', 'D']]","{'B': 5, 'C': 4, 'A': 3, 'D': 3}","[0.58, 0.54, 0.88]",3.67
99,"[1, 3, 5]","[3, 3, 4]","[0.54, 0.5, 0.75]","[['C', 'B', 'A', 'D'], ['A', 'D', 'B', 'C'], ['C', 'A', 'B', 'D']]","{'B': 5, 'C': 4, 'A': 3, 'D': 3}","[0.58, 0.54, 0.88]",3.67
99,"[1, 3, 5]","[3, 3, 4]","[0.54, 0.5, 0.75]","[['C', 'B', 'A', 'D'], ['A', 'D', 'B', 'C'], ['C', 'B', 'A', 'D']]","{'B': 5, 'C': 4, 'A': 3, 'D': 3}","[0.58, 0.54, 0.88]",3.67
99,"[1, 3, 5]","[3, 3, 4]","[0.54, 0.5, 0.75]","[['C', 'B', 'A', 'D'], ['B', 'A', 'C', 'D'], ['A', 'B', 'C', 'D']]","{'B': 5, 'C': 5, 'A': 3, 'D': 2}","[0.58, 0.54, 0.88]",3.67
99,"[1, 3, 5]","[3, 3, 4]","[0.54, 0.5, 0.75]","[['C', 'B', 'A', 'D'], ['B', 'A', 'C', 'D'], ['A', 'B', 'D', 'C']]","{'B': 5, 'C': 4, 'A': 3, 'D': 3}","[0.58, 0.54, 0.88]",3.67
99,"[1, 3, 5]","[3, 3, 4]","[0.54, 0.5, 0.75]","[['C', 'B', 'A', 'D'], ['B', 'A', 'C', 'D'], ['A', 'C', 'B', 'D']]","{'B': 5, 'C': 5, 'A': 3, 'D': 2}","[0.58, 0.54, 0.88]",3.67
99,"[1, 3, 5]","[3, 3, 4]","[0.54, 0.5, 0.75]","[['C', 'B', 'A', 'D'], ['B', 'A', 'C', 'D'], ['A', 'D', 'B', 'C']]","{'B': 5, 'C': 4, 'A': 3, 'D': 3}","[0.58, 0.54, 0.88]",3.67
99,"[1, 3, 5]","[3, 3, 4]","[0.54, 0.5, 0.75]","[['C', 'B', 'A', 'D'], ['B', 'A', 'C', 'D'], ['B', 'A', 'C', 'D']]","{'B': 5, 'C': 5, 'A': 3, 'D': 2}","[0.58, 0.54, 0.88]",3.67
99,"[1, 3, 5]","[3, 3, 4]","[0.54, 0.5, 0.75]","[['C', 'B', 'A', 'D'], ['B', 'A', 'C', 'D'], ['B', 'A', 'D', 'C']]","{'B': 5, 'C': 4, 'A': 3, 'D': 3}","[0.58, 0.54, 0.88]",3.67
99,"[1, 3, 5]","[3, 3, 4]","[0.54, 0.5, 0.75]","[['C', 'B', 'A', 'D'], ['B', 'A', 'C', 'D'], ['B', 'C', 'A', 'D']]","{'B': 5, 'C': 5, 'A': 3, 'D': 2}","[0.58, 0.54, 0.88]",3.67
99,"[1, 3, 5]","[3, 3, 4]","[0.54, 0.5, 0.75]","[['C', 'B', 'A', 'D'], ['B', 'A', 'C', 'D'], ['B', 'D', 'A', 'C']]","{'B': 5, 'C': 4, 'A': 3, 'D': 3}","[0.58, 0.54, 0.88]",3.67
99,"[1, 3, 5]","[3, 3, 4]","[0.54, 0.5, 0.75]","[['C', 'B', 'A', 'D'], ['B', 'A', 'C', 'D'], ['C', 'A', 'B', 'D']]","{'B': 5, 'C': 5, 'A': 3, 'D': 2}","[0.58, 0.54, 0.88]",3.67
99,"[1, 3, 5]","[3, 3, 4]","[0.54, 0.5, 0.75]","[['C', 'B', 'A', 'D'], ['B', 'A', 'C', 'D'], ['C', 'B', 'A', 'D']]","{'B': 5, 'C': 5, 'A': 3, 'D': 2}","[0.58, 0.54, 0.88]",3.67
99,"[1, 3, 5]","[3, 3, 4]","[0.54, 0.5, 0.75]","[['C', 'B', 'A', 'D'], ['B', 'A', 'C', 'D'], ['D', 'A', 'B', 'C']]","{'B': 5, 'C': 4, 'A': 3, 'D': 3}","[0.58, 0.54, 0.88]",3.67
99,"[1, 3, 5]","[3, 3, 4]","[0.54, 0.5, 0.75]","[['C', 'B', 'A', 'D'], ['B', 'A', 'C', 'D'], ['D', 'B', 'A', 'C']]","{'B': 5, 'C': 4, 'A': 3, 'D': 3}","[0.58, 0.54, 0.88]",3.67
99,"[1, 3, 5]","[3, 3, 4]","[0.54, 0.5, 0.75]","[['C', 'B', 'A', 'D'], ['B', 'A', 'D', 'C'], ['A', 'B', 'C', 'D']]","{'B': 5, 'C': 4, 'A': 3, 'D': 3}","[0.58, 0.54, 0.88]",3.67
99,"[1, 3, 5]","[3, 3, 4]","[0.54, 0.5, 0.75]","[['C', 'B', 'A', 'D'], ['B', 'A', 'D', 'C'], ['A', 'C', 'B', 'D']]","{'B': 5, 'C': 4, 'A': 3, 'D': 3}","[0.58, 0.54, 0.88]",3.67
99,"[1, 3, 5]","[3, 3, 4]","[0.54, 0.5, 0.75]","[['C', 'B', 'A', 'D'], ['B', 'A', 'D', 'C'], ['B', 'A', 'C', 'D']]","{'B': 5, 'C': 4, 'A': 3, 'D': 3}","[0.58, 0.54, 0.88]",3.67
99,"[1, 3, 5]","[3, 3, 4]","[0.54, 0.5, 0.75]","[['C', 'B', 'A', 'D'], ['B', 'A', 'D', 'C'], ['B', 'C', 'A', 'D']]","{'B': 5, 'C': 4, 'A': 3, 'D': 3}","[0.58, 0.54, 0.88]",3.67
99,"[1, 3, 5]","[3, 3, 4]","[0.54, 0.5, 0.75]","[['C', 'B', 'A', 'D'], ['B', 'A', 'D', 'C'], ['C', 'A', 'B', 'D']]","{'B': 5, 'C': 4, 'A': 3, 'D': 3}","[0.58, 0.54, 0.88]",3.67
99,"[1, 3, 5]","[3, 3, 4]","[0.54, 0.5, 0.75]","[['C', 'B', 'A', 'D'], ['B', 'A', 'D', 'C'], ['C', 'B', 'A', 'D']]","{'B': 5, 'C': 4, 'A': 3, 'D': 3}","[0.58, 0.54, 0.88]",3.67
99,"[1, 3, 5]","[3, 3, 4]","[0.54, 0.5, 0.75]","[['C', 'B', 'A', 'D'], ['B', 'C', 'A', 'D'], ['A', 'B', 'C', 'D']]","{'B': 5, 'C': 5, 'A': 3, 'D': 2}","[0.58, 0.54, 0.88]",3.67
99,"[1, 3, 5]","[3, 3, 4]","[0.54, 0.5, 0.75]","[['C', 'B', 'A', 'D'], ['B', 'C', 'A', 'D'], ['A', 'B', 'D', 'C']]","{'B': 5, 'C': 4, 'A': 3, 'D': 3}","[0.58, 0.54, 0.88]",3.67
99,"[1, 3, 5]","[3, 3, 4]","[0.54, 0.5, 0.75]","[['C', 'B', 'A', 'D'], ['B', 'C', 'A', 'D'], ['A', 'C', 'B', 'D']]","{'B': 5, 'C': 5, 'A': 3, 'D': 2}","[0.58, 0.54, 0.88]",3.67
99,"[1, 3, 5]","[3, 3, 4]","[0.54, 0.5, 0.75]","[['C', 'B', 'A', 'D'], ['B', 'C', 'A', 'D'], ['A', 'D', 'B', 'C']]","{'B': 5, 'C': 4, 'A': 3, 'D': 3}","[0.58, 0.54, 0.88]",3.67
99,"[1, 3, 5]","[3, 3, 4]","[0.54, 0.5, 0.75]","[['C', 'B', 'A', 'D'], ['B', 'C', 'A', 'D'], ['B', 'A', 'C', 'D']]","{'B': 5, 'C': 5, 'A': 3, 'D': 2}","[0.58, 0.54, 0.88]",3.67
99,"[1, 3, 5]","[3, 3, 4]","[0.54, 0.5, 0.75]","[['C', 'B', 'A', 'D'], ['B', 'C', 'A', 'D'], ['B', 'A', 'D', 'C']]","{'B': 5, 'C': 4, 'A': 3, 'D': 3}","[0.58, 0.54, 0.88]",3.67
99,"[1, 3, 5]","[3, 3, 4]","[0.54, 0.5, 0.75]","[['C', 'B', 'A', 'D'], ['B', 'C', 'A', 'D'], ['B', 'C', 'A', 'D']]","{'B': 5, 'C': 5, 'A': 3, 'D': 2}","[0.58, 0.54, 0.88]",3.67
99,"[1, 3, 5]","[3, 3, 4]","[0.54, 0.5, 0.75]","[['C', 'B', 'A', 'D'], ['B', 'C', 'A', 'D'], ['B', 'D', 'A', 'C']]","{'B': 5, 'C': 4, 'A': 3, 'D': 3}","[0.58, 0.54, 0.88]",3.67
99,"[1, 3, 5]","[3, 3, 4]","[0.54, 0.5, 0.75]","[['C', 'B', 'A', 'D'], ['B', 'C', 'A', 'D'], ['C', 'A', 'B', 'D']]","{'B': 5, 'C': 5, 'A': 3, 'D': 2}","[0.58, 0.54, 0.88]",3.67
99,"[1, 3, 5]","[3, 3, 4]","[0.54, 0.5, 0.75]","[['C', 'B', 'A', 'D'], ['B', 'C', 'A', 'D'], ['C', 'B', 'A', 'D']]","{'B': 5, 'C': 5, 'A': 3, 'D': 2}","[0.58, 0.54, 0.88]",3.67
99,"[1, 3, 5]","[3, 3, 4]","[0.54, 0.5, 0.75]","[['C', 'B', 'A', 'D'], ['B', 'C', 'A', 'D'], ['D', 'A', 'B', 'C']]","{'B': 5, 'C': 4, 'A': 3, 'D': 3}","[0.58, 0.54, 0.88]",3.67
99,"[1, 3, 5]","[3, 3, 4]","[0.54, 0.5, 0.75]","[['C', 'B', 'A', 'D'], ['B', 'C', 'A', 'D'], ['D', 'B', 'A', 'C']]","{'B': 5, 'C': 4, 'A': 3, 'D': 3}","[0.58, 0.54, 0.88]",3.67
99,"[1, 3, 5]","[3, 3, 4]","[0.54, 0.5, 0.75]","[['C', 'B', 'A', 'D'], ['B', 'D', 'A', 'C'], ['A', 'B', 'C', 'D']]","{'B': 5, 'C': 4, 'A': 3, 'D': 3}","[0.58, 0.54, 0.88]",3.67
99,"[1, 3, 5]","[3, 3, 4]","[0.54, 0.5, 0.75]","[['C', 'B', 'A', 'D'], ['B', 'D', 'A', 'C'], ['A', 'C', 'B', 'D']]","{'B': 5, 'C': 4, 'A': 3, 'D': 3}","[0.58, 0.54, 0.88]",3.67
99,"[1, 3, 5]","[3, 3, 4]","[0.54, 0.5, 0.75]","[['C', 'B', 'A', 'D'], ['B', 'D', 'A', 'C'], ['B', 'A', 'C', 'D']]","{'B': 5, 'C': 4, 'A': 3, 'D': 3}","[0.58, 0.54, 0.88]",3.67
99,"[1, 3, 5]","[3, 3, 4]","[0.54, 0.5, 0.75]","[['C', 'B', 'A', 'D'], ['B', 'D', 'A', 'C'], ['B', 'C', 'A', 'D']]","{'B': 5, 'C': 4, 'A': 3, 'D': 3}","[0.58, 0.54, 0.88]",3.67
99,"[1, 3, 5]","[3, 3, 4]","[0.54, 0.5, 0.75]","[['C', 'B', 'A', 'D'], ['B', 'D', 'A', 'C'], ['C', 'A', 'B', 'D']]","{'B': 5, 'C': 4, 'A': 3, 'D': 3}","[0.58, 0.54, 0.88]",3.67
99,"[1, 3, 5]","[3, 3, 4]","[0.54, 0.5, 0.75]","[['C', 'B', 'A', 'D'], ['B', 'D', 'A', 'C'], ['C', 'B', 'A', 'D']]","{'B': 5, 'C': 4, 'A': 3, 'D': 3}","[0.58, 0.54, 0.88]",3.67
99,"[1, 3, 5]","[3, 3, 4]","[0.54, 0.5, 0.75]","[['C', 'B', 'A', 'D'], ['C', 'A', 'B', 'D'], ['A', 'B', 'C', 'D']]","{'B': 5, 'C': 5, 'A': 3, 'D': 2}","[0.58, 0.54, 0.88]",3.67
99,"[1, 3, 5]","[3, 3, 4]","[0.54, 0.5, 0.75]","[['C', 'B', 'A', 'D'], ['C', 'A', 'B', 'D'], ['A', 'B', 'D', 'C']]","{'B': 5, 'C': 4, 'A': 3, 'D': 3}","[0.58, 0.54, 0.88]",3.67
99,"[1, 3, 5]","[3, 3, 4]","[0.54, 0.5, 0.75]","[['C', 'B', 'A', 'D'], ['C', 'A', 'B', 'D'], ['A', 'C', 'B', 'D']]","{'B': 5, 'C': 5, 'A': 3, 'D': 2}","[0.58, 0.54, 0.88]",3.67
99,"[1, 3, 5]","[3, 3, 4]","[0.54, 0.5, 0.75]","[['C', 'B', 'A', 'D'], ['C', 'A', 'B', 'D'], ['A', 'D', 'B', 'C']]","{'B': 5, 'C': 4, 'A': 3, 'D': 3}","[0.58, 0.54, 0.88]",3.67
99,"[1, 3, 5]","[3, 3, 4]","[0.54, 0.5, 0.75]","[['C', 'B', 'A', 'D'], ['C', 'A', 'B', 'D'], ['B', 'A', 'C', 'D']]","{'B': 5, 'C': 5, 'A': 3, 'D': 2}","[0.58, 0.54, 0.88]",3.67
99,"[1, 3, 5]","[3, 3, 4]","[0.54, 0.5, 0.75]","[['C', 'B', 'A', 'D'], ['C', 'A', 'B', 'D'], ['B', 'A', 'D', 'C']]","{'B': 5, 'C': 4, 'A': 3, 'D': 3}","[0.58, 0.54, 0.88]",3.67
99,"[1, 3, 5]","[3, 3, 4]","[0.54, 0.5, 0.75]","[['C', 'B', 'A', 'D'], ['C', 'A', 'B', 'D'], ['B', 'C', 'A', 'D']]","{'B': 5, 'C': 5, 'A': 3, 'D': 2}","[0.58, 0.54, 0.88]",3.67
99,"[1, 3, 5]","[3, 3, 4]","[0.54, 0.5, 0.75]","[['C', 'B', 'A', 'D'], ['C', 'A', 'B', 'D'], ['B', 'D', 'A', 'C']]","{'B': 5, 'C': 4, 'A': 3, 'D': 3}","[0.58, 0.54, 0.88]",3.67
99,"[1, 3, 5]","[3, 3, 4]","[0.54, 0.5, 0.75]","[['C', 'B', 'A', 'D'], ['C', 'A', 'B', 'D'], ['C', 'A', 'B', 'D']]","{'B': 5, 'C': 5, 'A': 3, 'D': 2}","[0.58, 0.54, 0.88]",3.67
99,"[1, 3, 5]","[3, 3, 4]","[0.54, 0.5, 0.75]","[['C', 'B', 'A', 'D'], ['C', 'A', 'B', 'D'], ['C', 'B', 'A', 'D']]","{'B': 5, 'C': 5, 'A': 3, 'D': 2}","[0.58, 0.54, 0.88]",3.67
99,"[1, 3, 5]","[3, 3, 4]","[0.54, 0.5, 0.75]","[['C', 'B', 'A', 'D'], ['C', 'A', 'B', 'D'], ['D', 'A', 'B', 'C']]","{'B': 5, 'C': 4, 'A': 3, 'D': 3}","[0.58, 0.54, 0.88]",3.67
99,"[1, 3, 5]","[3, 3, 4]","[0.54, 0.5, 0.75]","[['C', 'B', 'A', 'D'], ['C', 'A', 'B', 'D'], ['D', 'B', 'A', 'C']]","{'B': 5, 'C': 4, 'A': 3, 'D': 3}","[0.58, 0.54, 0.88]",3.67
99,"[1, 3, 5]","[3, 3, 4]","[0.54, 0.5, 0.75]","[['C', 'B', 'A', 'D'], ['C', 'B', 'A', 'D'], ['A', 'B', 'C', 'D']]","{'B': 5, 'C': 5, 'A': 3, 'D': 2}","[0.58, 0.54, 0.88]",3.67
99,"[1, 3, 5]","[3, 3, 4]","[0.54, 0.5, 0.75]","[['C', 'B', 'A', 'D'], ['C', 'B', 'A', 'D'], ['A', 'B', 'D', 'C']]","{'B': 5, 'C': 4, 'A': 3, 'D': 3}","[0.58, 0.54, 0.88]",3.67
99,"[1, 3, 5]","[3, 3, 4]","[0.54, 0.5, 0.75]","[['C', 'B', 'A', 'D'], ['C', 'B', 'A', 'D'], ['A', 'C', 'B', 'D']]","{'B': 5, 'C': 5, 'A': 3, 'D': 2}","[0.58, 0.54, 0.88]",3.67
99,"[1, 3, 5]","[3, 3, 4]","[0.54, 0.5, 0.75]","[['C', 'B', 'A', 'D'], ['C', 'B', 'A', 'D'], ['A', 'D', 'B', 'C']]","{'B': 5, 'C': 4, 'A': 3, 'D': 3}","[0.58, 0.54, 0.88]",3.67
99,"[1, 3, 5]","[3, 3, 4]","[0.54, 0.5, 0.75]","[['C', 'B', 'A', 'D'], ['C', 'B', 'A', 'D'], ['B', 'A', 'C', 'D']]","{'B': 5, 'C': 5, 'A': 3, 'D': 2}","[0.58, 0.54, 0.88]",3.67
99,"[1, 3, 5]","[3, 3, 4]","[0.54, 0.5, 0.75]","[['C', 'B', 'A', 'D'], ['C', 'B', 'A', 'D'], ['B', 'A', 'D', 'C']]","{'B': 5, 'C': 4, 'A': 3, 'D': 3}","[0.58, 0.54, 0.88]",3.67
99,"[1, 3, 5]","[3, 3, 4]","[0.54, 0.5, 0.75]","[['C', 'B', 'A', 'D'], ['C', 'B', 'A', 'D'], ['B', 'C', 'A', 'D']]","{'B': 5, 'C': 5, 'A': 3, 'D': 2}","[0.58, 0.54, 0.88]",3.67
99,"[1, 3, 5]","[3, 3, 4]","[0.54, 0.5, 0.75]","[['C', 'B', 'A', 'D'], ['C', 'B', 'A', 'D'], ['B', 'D', 'A', 'C']]","{'B': 5, 'C': 4, 'A': 3, 'D': 3}","[0.58, 0.54, 0.88]",3.67
99,"[1, 3, 5]","[3, 3, 4]","[0.54, 0.5, 0.75]","[['C', 'B', 'A', 'D'], ['C', 'B', 'A', 'D'], ['C', 'A', 'B', 'D']]","{'B': 5, 'C': 5, 'A': 3, 'D': 2}","[0.58, 0.54, 0.88]",3.67
99,"[1, 3, 5]","[3, 3, 4]","[0.54, 0.5, 0.75]","[['C', 'B', 'A', 'D'], ['C', 'B', 'A', 'D'], ['C', 'B', 'A', 'D']]","{'B': 5, 'C': 5, 'A': 3, 'D': 2}","[0.58, 0.54, 0.88]",3.67
99,"[1, 3, 5]","[3, 3, 4]","[0.54, 0.5, 0.75]","[['C', 'B', 'A', 'D'], ['C', 'B', 'A', 'D'], ['D', 'A', 'B', 'C']]","{'B': 5, 'C': 4, 'A': 3, 'D': 3}","[0.58, 0.54, 0.88]",3.67
99,"[1, 3, 5]","[3, 3, 4]","[0.54, 0.5, 0.75]","[['C', 'B', 'A', 'D'], ['C', 'B', 'A', 'D'], ['D', 'B', 'A', 'C']]","{'B': 5, 'C': 4, 'A': 3, 'D': 3}","[0.58, 0.54, 0.88]",3.67
99,"[1, 3, 5]","[3, 3, 4]","[0.54, 0.5, 0.75]","[['C', 'B', 'A', 'D'], ['D', 'A', 'B', 'C'], ['A', 'B', 'C', 'D']]","{'B': 5, 'C': 4, 'A': 3, 'D': 3}","[0.58, 0.54, 0.88]",3.67
99,"[1, 3, 5]","[3, 3, 4]","[0.54, 0.5, 0.75]","[['C', 'B', 'A', 'D'], ['D', 'A', 'B', 'C'], ['A', 'C', 'B', 'D']]","{'B': 5, 'C': 4, 'A': 3, 'D': 3}","[0.58, 0.54, 0.88]",3.67
99,"[1, 3, 5]","[3, 3, 4]","[0.54, 0.5, 0.75]","[['C', 'B', 'A', 'D'], ['D', 'A', 'B', 'C'], ['B', 'A', 'C', 'D']]","{'B': 5, 'C': 4, 'A': 3, 'D': 3}","[0.58, 0.54, 0.88]",3.67
99,"[1, 3, 5]","[3, 3, 4]","[0.54, 0.5, 0.75]","[['C', 'B', 'A', 'D'], ['D', 'A', 'B', 'C'], ['B', 'C', 'A', 'D']]","{'B': 5, 'C': 4, 'A': 3, 'D': 3}","[0.58, 0.54, 0.88]",3.67
99,"[1, 3, 5]","[3, 3, 4]","[0.54, 0.5, 0.75]","[['C', 'B', 'A', 'D'], ['D', 'A', 'B', 'C'], ['C', 'A', 'B', 'D']]","{'B': 5, 'C': 4, 'A': 3, 'D': 3}","[0.58, 0.54, 0.88]",3.67
99,"[1, 3, 5]","[3, 3, 4]","[0.54, 0.5, 0.75]","[['C', 'B', 'A', 'D'], ['D', 'A', 'B', 'C'], ['C', 'B', 'A', 'D']]","{'B': 5, 'C': 4, 'A': 3, 'D': 3}","[0.58, 0.54, 0.88]",3.67
99,"[1, 3, 5]","[3, 3, 4]","[0.54, 0.5, 0.75]","[['C', 'B', 'A', 'D'], ['D', 'B', 'A', 'C'], ['A', 'B', 'C', 'D']]","{'B': 5, 'C': 4, 'A': 3, 'D': 3}","[0.58, 0.54, 0.88]",3.67
99,"[1, 3, 5]","[3, 3, 4]","[0.54, 0.5, 0.75]","[['C', 'B', 'A', 'D'], ['D', 'B', 'A', 'C'], ['A', 'C', 'B', 'D']]","{'B': 5, 'C': 4, 'A': 3, 'D': 3}","[0.58, 0.54, 0.88]",3.67
99,"[1, 3, 5]","[3, 3, 4]","[0.54, 0.5, 0.75]","[['C', 'B', 'A', 'D'], ['D', 'B', 'A', 'C'], ['B', 'A', 'C', 'D']]","{'B': 5, 'C': 4, 'A': 3, 'D': 3}","[0.58, 0.54, 0.88]",3.67
99,"[1, 3, 5]","[3, 3, 4]","[0.54, 0.5, 0.75]","[['C', 'B', 'A', 'D'], ['D', 'B', 'A', 'C'], ['B', 'C', 'A', 'D']]","{'B': 5, 'C': 4, 'A': 3, 'D': 3}","[0.58, 0.54, 0.88]",3.67
99,"[1, 3, 5]","[3, 3, 4]","[0.54, 0.5, 0.75]","[['C', 'B', 'A', 'D'], ['D', 'B', 'A', 'C'], ['C', 'A', 'B', 'D']]","{'B': 5, 'C': 4, 'A': 3, 'D': 3}","[0.58, 0.54, 0.88]",3.67
99,"[1, 3, 5]","[3, 3, 4]","[0.54, 0.5, 0.75]","[['C', 'B', 'A', 'D'], ['D', 'B', 'A', 'C'], ['C', 'B', 'A', 'D']]","{'B': 5, 'C': 4, 'A': 3, 'D': 3}","[0.58, 0.54, 0.88]",3.67
99,"[1, 3, 5]","[3, 3, 4]","[0.54, 0.5, 0.75]","[['D', 'A', 'B', 'C'], ['A', 'B', 'C', 'D'], ['A', 'B', 'C', 'D']]","{'B': 5, 'C': 4, 'A': 3, 'D': 3}","[0.58, 0.54, 0.88]",3.67
99,"[1, 3, 5]","[3, 3, 4]","[0.54, 0.5, 0.75]","[['D', 'A', 'B', 'C'], ['A', 'B', 'C', 'D'], ['A', 'C', 'B', 'D']]","{'B': 5, 'C': 4, 'A': 3, 'D': 3}","[0.58, 0.54, 0.88]",3.67
99,"[1, 3, 5]","[3, 3, 4]","[0.54, 0.5, 0.75]","[['D', 'A', 'B', 'C'], ['A', 'B', 'C', 'D'], ['B', 'A', 'C', 'D']]","{'B': 5, 'C': 4, 'A': 3, 'D': 3}","[0.58, 0.54, 0.88]",3.67
99,"[1, 3, 5]","[3, 3, 4]","[0.54, 0.5, 0.75]","[['D', 'A', 'B', 'C'], ['A', 'B', 'C', 'D'], ['B', 'C', 'A', 'D']]","{'B': 5, 'C': 4, 'A': 3, 'D': 3}","[0.58, 0.54, 0.88]",3.67
99,"[1, 3, 5]","[3, 3, 4]","[0.54, 0.5, 0.75]","[['D', 'A', 'B', 'C'], ['A', 'B', 'C', 'D'], ['C', 'A', 'B', 'D']]","{'B': 5, 'C': 4, 'A': 3, 'D': 3}","[0.58, 0.54, 0.88]",3.67
99,"[1, 3, 5]","[3, 3, 4]","[0.54, 0.5, 0.75]","[['D', 'A', 'B', 'C'], ['A', 'B', 'C', 'D'], ['C', 'B', 'A', 'D']]","{'B': 5, 'C': 4, 'A': 3, 'D': 3}","[0.58, 0.54, 0.88]",3.67
99,"[1, 3, 5]","[3, 3, 4]","[0.54, 0.5, 0.75]","[['D', 'A', 'B', 'C'], ['A', 'C', 'B', 'D'], ['A', 'B', 'C', 'D']]","{'B': 5, 'C': 4, 'A': 3, 'D': 3}","[0.58, 0.54, 0.88]",3.67
99,"[1, 3, 5]","[3, 3, 4]","[0.54, 0.5, 0.75]","[['D', 'A', 'B', 'C'], ['A', 'C', 'B', 'D'], ['A', 'C', 'B', 'D']]","{'B': 5, 'C': 4, 'A': 3, 'D': 3}","[0.58, 0.54, 0.88]",3.67
99,"[1, 3, 5]","[3, 3, 4]","[0.54, 0.5, 0.75]","[['D', 'A', 'B', 'C'], ['A', 'C', 'B', 'D'], ['B', 'A', 'C', 'D']]","{'B': 5, 'C': 4, 'A': 3, 'D': 3}","[0.58, 0.54, 0.88]",3.67
99,"[1, 3, 5]","[3, 3, 4]","[0.54, 0.5, 0.75]","[['D', 'A', 'B', 'C'], ['A', 'C', 'B', 'D'], ['B', 'C', 'A', 'D']]","{'B': 5, 'C': 4, 'A': 3, 'D': 3}","[0.58, 0.54, 0.88]",3.67
99,"[1, 3, 5]","[3, 3, 4]","[0.54, 0.5, 0.75]","[['D', 'A', 'B', 'C'], ['A', 'C', 'B', 'D'], ['C', 'A', 'B', 'D']]","{'B': 5, 'C': 4, 'A': 3, 'D': 3}","[0.58, 0.54, 0.88]",3.67
99,"[1, 3, 5]","[3, 3, 4]","[0.54, 0.5, 0.75]","[['D', 'A', 'B', 'C'], ['A', 'C', 'B', 'D'], ['C', 'B', 'A', 'D']]","{'B': 5, 'C': 4, 'A': 3, 'D': 3}","[0.58, 0.54, 0.88]",3.67
99,"[1, 3, 5]","[3, 3, 4]","[0.54, 0.5, 0.75]","[['D', 'A', 'B', 'C'], ['B', 'A', 'C', 'D'], ['A', 'B', 'C', 'D']]","{'B': 5, 'C': 4, 'A': 3, 'D': 3}","[0.58, 0.54, 0.88]",3.67
99,"[1, 3, 5]","[3, 3, 4]","[0.54, 0.5, 0.75]","[['D', 'A', 'B', 'C'], ['B', 'A', 'C', 'D'], ['A', 'C', 'B', 'D']]","{'B': 5, 'C': 4, 'A': 3, 'D': 3}","[0.58, 0.54, 0.88]",3.67
99,"[1, 3, 5]","[3, 3, 4]","[0.54, 0.5, 0.75]","[['D', 'A', 'B', 'C'], ['B', 'A', 'C', 'D'], ['B', 'A', 'C', 'D']]","{'B': 5, 'C': 4, 'A': 3, 'D': 3}","[0.58, 0.54, 0.88]",3.67
99,"[1, 3, 5]","[3, 3, 4]","[0.54, 0.5, 0.75]","[['D', 'A', 'B', 'C'], ['B', 'A', 'C', 'D'], ['B', 'C', 'A', 'D']]","{'B': 5, 'C': 4, 'A': 3, 'D': 3}","[0.58, 0.54, 0.88]",3.67
99,"[1, 3, 5]","[3, 3, 4]","[0.54, 0.5, 0.75]","[['D', 'A', 'B', 'C'], ['B', 'A', 'C', 'D'], ['C', 'A', 'B', 'D']]","{'B': 5, 'C': 4, 'A': 3, 'D': 3}","[0.58, 0.54, 0.88]",3.67
99,"[1, 3, 5]","[3, 3, 4]","[0.54, 0.5, 0.75]","[['D', 'A', 'B', 'C'], ['B', 'A', 'C', 'D'], ['C', 'B', 'A', 'D']]","{'B': 5, 'C': 4, 'A': 3, 'D': 3}","[0.58, 0.54, 0.88]",3.67
99,"[1, 3, 5]","[3, 3, 4]","[0.54, 0.5, 0.75]","[['D', 'A', 'B', 'C'], ['B', 'C', 'A', 'D'], ['A', 'B', 'C', 'D']]","{'B': 5, 'C': 4, 'A': 3, 'D': 3}","[0.58, 0.54, 0.88]",3.67
99,"[1, 3, 5]","[3, 3, 4]","[0.54, 0.5, 0.75]","[['D', 'A', 'B', 'C'], ['B', 'C', 'A', 'D'], ['A', 'C', 'B', 'D']]","{'B': 5, 'C': 4, 'A': 3, 'D': 3}","[0.58, 0.54, 0.88]",3.67
99,"[1, 3, 5]","[3, 3, 4]","[0.54, 0.5, 0.75]","[['D', 'A', 'B', 'C'], ['B', 'C', 'A', 'D'], ['B', 'A', 'C', 'D']]","{'B': 5, 'C': 4, 'A': 3, 'D': 3}","[0.58, 0.54, 0.88]",3.67
99,"[1, 3, 5]","[3, 3, 4]","[0.54, 0.5, 0.75]","[['D', 'A', 'B', 'C'], ['B', 'C', 'A', 'D'], ['B', 'C', 'A', 'D']]","{'B': 5, 'C': 4, 'A': 3, 'D': 3}","[0.58, 0.54, 0.88]",3.67
99,"[1, 3, 5]","[3, 3, 4]","[0.54, 0.5, 0.75]","[['D', 'A', 'B', 'C'], ['B', 'C', 'A', 'D'], ['C', 'A', 'B', 'D']]","{'B': 5, 'C': 4, 'A': 3, 'D': 3}","[0.58, 0.54, 0.88]",3.67
99,"[1, 3, 5]","[3, 3, 4]","[0.54, 0.5, 0.75]","[['D', 'A', 'B', 'C'], ['B', 'C', 'A', 'D'], ['C', 'B', 'A', 'D']]","{'B': 5, 'C': 4, 'A': 3, 'D': 3}","[0.58, 0.54, 0.88]",3.67
99,"[1, 3, 5]","[3, 3, 4]","[0.54, 0.5, 0.75]","[['D', 'A', 'B', 'C'], ['C', 'A', 'B', 'D'], ['A', 'B', 'C', 'D']]","{'B': 5, 'C': 4, 'A': 3, 'D': 3}","[0.58, 0.54, 0.88]",3.67
99,"[1, 3, 5]","[3, 3, 4]","[0.54, 0.5, 0.75]","[['D', 'A', 'B', 'C'], ['C', 'A', 'B', 'D'], ['A', 'C', 'B', 'D']]","{'B': 5, 'C': 4, 'A': 3, 'D': 3}","[0.58, 0.54, 0.88]",3.67
99,"[1, 3, 5]","[3, 3, 4]","[0.54, 0.5, 0.75]","[['D', 'A', 'B', 'C'], ['C', 'A', 'B', 'D'], ['B', 'A', 'C', 'D']]","{'B': 5, 'C': 4, 'A': 3, 'D': 3}","[0.58, 0.54, 0.88]",3.67
99,"[1, 3, 5]","[3, 3, 4]","[0.54, 0.5, 0.75]","[['D', 'A', 'B', 'C'], ['C', 'A', 'B', 'D'], ['B', 'C', 'A', 'D']]","{'B': 5, 'C': 4, 'A': 3, 'D': 3}","[0.58, 0.54, 0.88]",3.67
99,"[1, 3, 5]","[3, 3, 4]","[0.54, 0.5, 0.75]","[['D', 'A', 'B', 'C'], ['C', 'A', 'B', 'D'], ['C', 'A', 'B', 'D']]","{'B': 5, 'C': 4, 'A': 3, 'D': 3}","[0.58, 0.54, 0.88]",3.67
99,"[1, 3, 5]","[3, 3, 4]","[0.54, 0.5, 0.75]","[['D', 'A', 'B', 'C'], ['C', 'A', 'B', 'D'], ['C', 'B', 'A', 'D']]","{'B': 5, 'C': 4, 'A': 3, 'D': 3}","[0.58, 0.54, 0.88]",3.67
99,"[1, 3, 5]","[3, 3, 4]","[0.54, 0.5, 0.75]","[['D', 'A', 'B', 'C'], ['C', 'B', 'A', 'D'], ['A', 'B', 'C', 'D']]","{'B': 5, 'C': 4, 'A': 3, 'D': 3}","[0.58, 0.54, 0.88]",3.67
99,"[1, 3, 5]","[3, 3, 4]","[0.54, 0.5, 0.75]","[['D', 'A', 'B', 'C'], ['C', 'B', 'A', 'D'], ['A', 'C', 'B', 'D']]","{'B': 5, 'C': 4, 'A': 3, 'D': 3}","[0.58, 0.54, 0.88]",3.67
99,"[1, 3, 5]","[3, 3, 4]","[0.54, 0.5, 0.75]","[['D', 'A', 'B', 'C'], ['C', 'B', 'A', 'D'], ['B', 'A', 'C', 'D']]","{'B': 5, 'C': 4, 'A': 3, 'D': 3}","[0.58, 0.54, 0.88]",3.67
99,"[1, 3, 5]","[3, 3, 4]","[0.54, 0.5, 0.75]","[['D', 'A', 'B', 'C'], ['C', 'B', 'A', 'D'], ['B', 'C', 'A', 'D']]","{'B': 5, 'C': 4, 'A': 3, 'D': 3}","[0.58, 0.54, 0.88]",3.67
99,"[1, 3, 5]","[3, 3, 4]","[0.54, 0.5, 0.75]","[['D', 'A', 'B', 'C'], ['C', 'B', 'A', 'D'], ['C', 'A', 'B', 'D']]","{'B': 5, 'C': 4, 'A': 3, 'D': 3}","[0.58, 0.54, 0.88]",3.67
99,"[1, 3, 5]","[3, 3, 4]","[0.54, 0.5, 0.75]","[['D', 'A', 'B', 'C'], ['C', 'B', 'A', 'D'], ['C', 'B', 'A', 'D']]","{'B': 5, 'C': 4, 'A': 3, 'D': 3}","[0.58, 0.54, 0.88]",3.67
99,"[1, 3, 5]","[3, 3, 4]","[0.54, 0.5, 0.75]","[['D', 'B', 'A', 'C'], ['A', 'B', 'C', 'D'], ['A', 'B', 'C', 'D']]","{'B': 5, 'C': 4, 'A': 3, 'D': 3}","[0.58, 0.54, 0.88]",3.67
99,"[1, 3, 5]","[3, 3, 4]","[0.54, 0.5, 0.75]","[['D', 'B', 'A', 'C'], ['A', 'B', 'C', 'D'], ['A', 'C', 'B', 'D']]","{'B': 5, 'C': 4, 'A': 3, 'D': 3}","[0.58, 0.54, 0.88]",3.67
99,"[1, 3, 5]","[3, 3, 4]","[0.54, 0.5, 0.75]","[['D', 'B', 'A', 'C'], ['A', 'B', 'C', 'D'], ['B', 'A', 'C', 'D']]","{'B': 5, 'C': 4, 'A': 3, 'D': 3}","[0.58, 0.54, 0.88]",3.67
99,"[1, 3, 5]","[3, 3, 4]","[0.54, 0.5, 0.75]","[['D', 'B', 'A', 'C'], ['A', 'B', 'C', 'D'], ['B', 'C', 'A', 'D']]","{'B': 5, 'C': 4, 'A': 3, 'D': 3}","[0.58, 0.54, 0.88]",3.67
99,"[1, 3, 5]","[3, 3, 4]","[0.54, 0.5, 0.75]","[['D', 'B', 'A', 'C'], ['A', 'B', 'C', 'D'], ['C', 'A', 'B', 'D']]","{'B': 5, 'C': 4, 'A': 3, 'D': 3}","[0.58, 0.54, 0.88]",3.67
99,"[1, 3, 5]","[3, 3, 4]","[0.54, 0.5, 0.75]","[['D', 'B', 'A', 'C'], ['A', 'B', 'C', 'D'], ['C', 'B', 'A', 'D']]","{'B': 5, 'C': 4, 'A': 3, 'D': 3}","[0.58, 0.54, 0.88]",3.67
99,"[1, 3, 5]","[3, 3, 4]","[0.54, 0.5, 0.75]","[['D', 'B', 'A', 'C'], ['A', 'C', 'B', 'D'], ['A', 'B', 'C', 'D']]","{'B': 5, 'C': 4, 'A': 3, 'D': 3}","[0.58, 0.54, 0.88]",3.67
99,"[1, 3, 5]","[3, 3, 4]","[0.54, 0.5, 0.75]","[['D', 'B', 'A', 'C'], ['A', 'C', 'B', 'D'], ['A', 'C', 'B', 'D']]","{'B': 5, 'C': 4, 'A': 3, 'D': 3}","[0.58, 0.54, 0.88]",3.67
99,"[1, 3, 5]","[3, 3, 4]","[0.54, 0.5, 0.75]","[['D', 'B', 'A', 'C'], ['A', 'C', 'B', 'D'], ['B', 'A', 'C', 'D']]","{'B': 5, 'C': 4, 'A': 3, 'D': 3}","[0.58, 0.54, 0.88]",3.67
99,"[1, 3, 5]","[3, 3, 4]","[0.54, 0.5, 0.75]","[['D', 'B', 'A', 'C'], ['A', 'C', 'B', 'D'], ['B', 'C', 'A', 'D']]","{'B': 5, 'C': 4, 'A': 3, 'D': 3}","[0.58, 0.54, 0.88]",3.67
99,"[1, 3, 5]","[3, 3, 4]","[0.54, 0.5, 0.75]","[['D', 'B', 'A', 'C'], ['A', 'C', 'B', 'D'], ['C', 'A', 'B', 'D']]","{'B': 5, 'C': 4, 'A': 3, 'D': 3}","[0.58, 0.54, 0.88]",3.67
99,"[1, 3, 5]","[3, 3, 4]","[0.54, 0.5, 0.75]","[['D', 'B', 'A', 'C'], ['A', 'C', 'B', 'D'], ['C', 'B', 'A', 'D']]","{'B': 5, 'C': 4, 'A': 3, 'D': 3}","[0.58, 0.54, 0.88]",3.67
99,"[1, 3, 5]","[3, 3, 4]","[0.54, 0.5, 0.75]","[['D', 'B', 'A', 'C'], ['B', 'A', 'C', 'D'], ['A', 'B', 'C', 'D']]","{'B': 5, 'C': 4, 'A': 3, 'D': 3}","[0.58, 0.54, 0.88]",3.67
99,"[1, 3, 5]","[3, 3, 4]","[0.54, 0.5, 0.75]","[['D', 'B', 'A', 'C'], ['B', 'A', 'C', 'D'], ['A', 'C', 'B', 'D']]","{'B': 5, 'C': 4, 'A': 3, 'D': 3}","[0.58, 0.54, 0.88]",3.67
99,"[1, 3, 5]","[3, 3, 4]","[0.54, 0.5, 0.75]","[['D', 'B', 'A', 'C'], ['B', 'A', 'C', 'D'], ['B', 'A', 'C', 'D']]","{'B': 5, 'C': 4, 'A': 3, 'D': 3}","[0.58, 0.54, 0.88]",3.67
99,"[1, 3, 5]","[3, 3, 4]","[0.54, 0.5, 0.75]","[['D', 'B', 'A', 'C'], ['B', 'A', 'C', 'D'], ['B', 'C', 'A', 'D']]","{'B': 5, 'C': 4, 'A': 3, 'D': 3}","[0.58, 0.54, 0.88]",3.67
99,"[1, 3, 5]","[3, 3, 4]","[0.54, 0.5, 0.75]","[['D', 'B', 'A', 'C'], ['B', 'A', 'C', 'D'], ['C', 'A', 'B', 'D']]","{'B': 5, 'C': 4, 'A': 3, 'D': 3}","[0.58, 0.54, 0.88]",3.67
99,"[1, 3, 5]","[3, 3, 4]","[0.54, 0.5, 0.75]","[['D', 'B', 'A', 'C'], ['B', 'A', 'C', 'D'], ['C', 'B', 'A', 'D']]","{'B': 5, 'C': 4, 'A': 3, 'D': 3}","[0.58, 0.54, 0.88]",3.67
99,"[1, 3, 5]","[3, 3, 4]","[0.54, 0.5, 0.75]","[['D', 'B', 'A', 'C'], ['B', 'C', 'A', 'D'], ['A', 'B', 'C', 'D']]","{'B': 5, 'C': 4, 'A': 3, 'D': 3}","[0.58, 0.54, 0.88]",3.67
99,"[1, 3, 5]","[3, 3, 4]","[0.54, 0.5, 0.75]","[['D', 'B', 'A', 'C'], ['B', 'C', 'A', 'D'], ['A', 'C', 'B', 'D']]","{'B': 5, 'C': 4, 'A': 3, 'D': 3}","[0.58, 0.54, 0.88]",3.67
99,"[1, 3, 5]","[3, 3, 4]","[0.54, 0.5, 0.75]","[['D', 'B', 'A', 'C'], ['B', 'C', 'A', 'D'], ['B', 'A', 'C', 'D']]","{'B': 5, 'C': 4, 'A': 3, 'D': 3}","[0.58, 0.54, 0.88]",3.67
99,"[1, 3, 5]","[3, 3, 4]","[0.54, 0.5, 0.75]","[['D', 'B', 'A', 'C'], ['B', 'C', 'A', 'D'], ['B', 'C', 'A', 'D']]","{'B': 5, 'C': 4, 'A': 3, 'D': 3}","[0.58, 0.54, 0.88]",3.67
99,"[1, 3, 5]","[3, 3, 4]","[0.54, 0.5, 0.75]","[['D', 'B', 'A', 'C'], ['B', 'C', 'A', 'D'], ['C', 'A', 'B', 'D']]","{'B': 5, 'C': 4, 'A': 3, 'D': 3}","[0.58, 0.54, 0.88]",3.67
99,"[1, 3, 5]","[3, 3, 4]","[0.54, 0.5, 0.75]","[['D', 'B', 'A', 'C'], ['B', 'C', 'A', 'D'], ['C', 'B', 'A', 'D']]","{'B': 5, 'C': 4, 'A': 3, 'D': 3}","[0.58, 0.54, 0.88]",3.67
99,"[1, 3, 5]","[3, 3, 4]","[0.54, 0.5, 0.75]","[['D', 'B', 'A', 'C'], ['C', 'A', 'B', 'D'], ['A', 'B', 'C', 'D']]","{'B': 5, 'C': 4, 'A': 3, 'D': 3}","[0.58, 0.54, 0.88]",3.67
99,"[1, 3, 5]","[3, 3, 4]","[0.54, 0.5, 0.75]","[['D', 'B', 'A', 'C'], ['C', 'A', 'B', 'D'], ['A', 'C', 'B', 'D']]","{'B': 5, 'C': 4, 'A': 3, 'D': 3}","[0.58, 0.54, 0.88]",3.67
99,"[1, 3, 5]","[3, 3, 4]","[0.54, 0.5, 0.75]","[['D', 'B', 'A', 'C'], ['C', 'A', 'B', 'D'], ['B', 'A', 'C', 'D']]","{'B': 5, 'C': 4, 'A': 3, 'D': 3}","[0.58, 0.54, 0.88]",3.67
99,"[1, 3, 5]","[3, 3, 4]","[0.54, 0.5, 0.75]","[['D', 'B', 'A', 'C'], ['C', 'A', 'B', 'D'], ['B', 'C', 'A', 'D']]","{'B': 5, 'C': 4, 'A': 3, 'D': 3}","[0.58, 0.54, 0.88]",3.67
99,"[1, 3, 5]","[3, 3, 4]","[0.54, 0.5, 0.75]","[['D', 'B', 'A', 'C'], ['C', 'A', 'B', 'D'], ['C', 'A', 'B', 'D']]","{'B': 5, 'C': 4, 'A': 3, 'D': 3}","[0.58, 0.54, 0.88]",3.67
99,"[1, 3, 5]","[3, 3, 4]","[0.54, 0.5, 0.75]","[['D', 'B', 'A', 'C'], ['C', 'A', 'B', 'D'], ['C', 'B', 'A', 'D']]","{'B': 5, 'C': 4, 'A': 3, 'D': 3}","[0.58, 0.54, 0.88]",3.67
99,"[1, 3, 5]","[3, 3, 4]","[0.54, 0.5, 0.75]","[['D', 'B', 'A', 'C'], ['C', 'B', 'A', 'D'], ['A', 'B', 'C', 'D']]","{'B': 5, 'C': 4, 'A': 3, 'D': 3}","[0.58, 0.54, 0.88]",3.67
99,"[1, 3, 5]","[3, 3, 4]","[0.54, 0.5, 0.75]","[['D', 'B', 'A', 'C'], ['C', 'B', 'A', 'D'], ['A', 'C', 'B', 'D']]","{'B': 5, 'C': 4, 'A': 3, 'D': 3}","[0.58, 0.54, 0.88]",3.67
99,"[1, 3, 5]","[3, 3, 4]","[0.54, 0.5, 0.75]","[['D', 'B', 'A', 'C'], ['C', 'B', 'A', 'D'], ['B', 'A', 'C', 'D']]","{'B': 5, 'C': 4, 'A': 3, 'D': 3}","[0.58, 0.54, 0.88]",3.67
99,"[1, 3, 5]","[3, 3, 4]","[0.54, 0.5, 0.75]","[['D', 'B', 'A', 'C'], ['C', 'B', 'A', 'D'], ['B', 'C', 'A', 'D']]","{'B': 5, 'C': 4, 'A': 3, 'D': 3}","[0.58, 0.54, 0.88]",3.67
99,"[1, 3, 5]","[3, 3, 4]","[0.54, 0.5, 0.75]","[['D', 'B', 'A', 'C'], ['C', 'B', 'A', 'D'], ['C', 'A', 'B', 'D']]","{'B': 5, 'C': 4, 'A': 3, 'D': 3}","[0.58, 0.54, 0.88]",3.67
99,"[1, 3, 5]","[3, 3, 4]","[0.54, 0.5, 0.75]","[['D', 'B', 'A', 'C'], ['C', 'B', 'A', 'D'], ['C', 'B', 'A', 'D']]","{'B': 5, 'C': 4, 'A': 3, 'D': 3}","[0.58, 0.54, 0.88]",3.67
99,"[1, 4, 5]","[3, 4, 4]","[0.54, 0.79, 0.75]","[['A', 'B', 'C', 'D'], ['A', 'B', 'C', 'D'], ['A', 'B', 'C', 'D']]","{'C': 5, 'A': 4, 'B': 4, 'D': 2}","[0.58, 1.0, 1.0]",3.91
99,"[1, 4, 5]","[3, 4, 4]","[0.54, 0.79, 0.75]","[['A', 'B', 'C', 'D'], ['A', 'B', 'C', 'D'], ['A', 'C', 'B', 'D']]","{'C': 5, 'A': 4, 'B': 4, 'D': 2}","[0.58, 1.0, 1.0]",3.91
99,"[1, 4, 5]","[3, 4, 4]","[0.54, 0.79, 0.75]","[['A', 'B', 'C', 'D'], ['A', 'B', 'C', 'D'], ['A', 'C', 'D', 'B']]","{'C': 5, 'A': 4, 'B': 3, 'D': 3}","[0.58, 1.0, 1.0]",3.91
99,"[1, 4, 5]","[3, 4, 4]","[0.54, 0.79, 0.75]","[['A', 'B', 'C', 'D'], ['A', 'B', 'C', 'D'], ['A', 'D', 'C', 'B']]","{'C': 5, 'A': 4, 'B': 3, 'D': 3}","[0.58, 1.0, 1.0]",3.91
99,"[1, 4, 5]","[3, 4, 4]","[0.54, 0.79, 0.75]","[['A', 'B', 'C', 'D'], ['A', 'B', 'C', 'D'], ['B', 'A', 'C', 'D']]","{'C': 5, 'A': 4, 'B': 4, 'D': 2}","[0.58, 1.0, 1.0]",3.91
99,"[1, 4, 5]","[3, 4, 4]","[0.54, 0.79, 0.75]","[['A', 'B', 'C', 'D'], ['A', 'B', 'C', 'D'], ['B', 'C', 'A', 'D']]","{'C': 5, 'A': 4, 'B': 4, 'D': 2}","[0.58, 1.0, 1.0]",3.91
99,"[1, 4, 5]","[3, 4, 4]","[0.54, 0.79, 0.75]","[['A', 'B', 'C', 'D'], ['A', 'B', 'C', 'D'], ['C', 'A', 'B', 'D']]","{'C': 5, 'A': 4, 'B': 4, 'D': 2}","[0.58, 1.0, 1.0]",3.91
99,"[1, 4, 5]","[3, 4, 4]","[0.54, 0.79, 0.75]","[['A', 'B', 'C', 'D'], ['A', 'B', 'C', 'D'], ['C', 'A', 'D', 'B']]","{'C': 5, 'A': 4, 'B': 3, 'D': 3}","[0.58, 1.0, 1.0]",3.91
99,"[1, 4, 5]","[3, 4, 4]","[0.54, 0.79, 0.75]","[['A', 'B', 'C', 'D'], ['A', 'B', 'C', 'D'], ['C', 'B', 'A', 'D']]","{'C': 5, 'A': 4, 'B': 4, 'D': 2}","[0.58, 1.0, 1.0]",3.91
99,"[1, 4, 5]","[3, 4, 4]","[0.54, 0.79, 0.75]","[['A', 'B', 'C', 'D'], ['A', 'B', 'C', 'D'], ['C', 'D', 'A', 'B']]","{'C': 5, 'A': 4, 'B': 3, 'D': 3}","[0.58, 1.0, 1.0]",3.91
99,"[1, 4, 5]","[3, 4, 4]","[0.54, 0.79, 0.75]","[['A', 'B', 'C', 'D'], ['A', 'B', 'C', 'D'], ['D', 'A', 'C', 'B']]","{'C': 5, 'A': 4, 'B': 3, 'D': 3}","[0.58, 1.0, 1.0]",3.91
99,"[1, 4, 5]","[3, 4, 4]","[0.54, 0.79, 0.75]","[['A', 'B', 'C', 'D'], ['A', 'B', 'C', 'D'], ['D', 'C', 'A', 'B']]","{'C': 5, 'A': 4, 'B': 3, 'D': 3}","[0.58, 1.0, 1.0]",3.91
99,"[1, 4, 5]","[3, 4, 4]","[0.54, 0.79, 0.75]","[['A', 'B', 'C', 'D'], ['A', 'C', 'B', 'D'], ['A', 'B', 'C', 'D']]","{'C': 5, 'A': 4, 'B': 4, 'D': 2}","[0.58, 1.0, 1.0]",3.91
99,"[1, 4, 5]","[3, 4, 4]","[0.54, 0.79, 0.75]","[['A', 'B', 'C', 'D'], ['A', 'C', 'B', 'D'], ['A', 'C', 'B', 'D']]","{'C': 5, 'A': 4, 'B': 4, 'D': 2}","[0.58, 1.0, 1.0]",3.91
99,"[1, 4, 5]","[3, 4, 4]","[0.54, 0.79, 0.75]","[['A', 'B', 'C', 'D'], ['A', 'C', 'B', 'D'], ['A', 'C', 'D', 'B']]","{'C': 5, 'A': 4, 'B': 3, 'D': 3}","[0.58, 1.0, 1.0]",3.91
99,"[1, 4, 5]","[3, 4, 4]","[0.54, 0.79, 0.75]","[['A', 'B', 'C', 'D'], ['A', 'C', 'B', 'D'], ['A', 'D', 'C', 'B']]","{'C': 5, 'A': 4, 'B': 3, 'D': 3}","[0.58, 1.0, 1.0]",3.91
99,"[1, 4, 5]","[3, 4, 4]","[0.54, 0.79, 0.75]","[['A', 'B', 'C', 'D'], ['A', 'C', 'B', 'D'], ['B', 'A', 'C', 'D']]","{'C': 5, 'A': 4, 'B': 4, 'D': 2}","[0.58, 1.0, 1.0]",3.91
99,"[1, 4, 5]","[3, 4, 4]","[0.54, 0.79, 0.75]","[['A', 'B', 'C', 'D'], ['A', 'C', 'B', 'D'], ['B', 'C', 'A', 'D']]","{'C': 5, 'A': 4, 'B': 4, 'D': 2}","[0.58, 1.0, 1.0]",3.91
99,"[1, 4, 5]","[3, 4, 4]","[0.54, 0.79, 0.75]","[['A', 'B', 'C', 'D'], ['A', 'C', 'B', 'D'], ['C', 'A', 'B', 'D']]","{'C': 5, 'A': 4, 'B': 4, 'D': 2}","[0.58, 1.0, 1.0]",3.91
99,"[1, 4, 5]","[3, 4, 4]","[0.54, 0.79, 0.75]","[['A', 'B', 'C', 'D'], ['A', 'C', 'B', 'D'], ['C', 'A', 'D', 'B']]","{'C': 5, 'A': 4, 'B': 3, 'D': 3}","[0.58, 1.0, 1.0]",3.91
99,"[1, 4, 5]","[3, 4, 4]","[0.54, 0.79, 0.75]","[['A', 'B', 'C', 'D'], ['A', 'C', 'B', 'D'], ['C', 'B', 'A', 'D']]","{'C': 5, 'A': 4, 'B': 4, 'D': 2}","[0.58, 1.0, 1.0]",3.91
99,"[1, 4, 5]","[3, 4, 4]","[0.54, 0.79, 0.75]","[['A', 'B', 'C', 'D'], ['A', 'C', 'B', 'D'], ['C', 'D', 'A', 'B']]","{'C': 5, 'A': 4, 'B': 3, 'D': 3}","[0.58, 1.0, 1.0]",3.91
99,"[1, 4, 5]","[3, 4, 4]","[0.54, 0.79, 0.75]","[['A', 'B', 'C', 'D'], ['A', 'C', 'B', 'D'], ['D', 'A', 'C', 'B']]","{'C': 5, 'A': 4, 'B': 3, 'D': 3}","[0.58, 1.0, 1.0]",3.91
99,"[1, 4, 5]","[3, 4, 4]","[0.54, 0.79, 0.75]","[['A', 'B', 'C', 'D'], ['A', 'C', 'B', 'D'], ['D', 'C', 'A', 'B']]","{'C': 5, 'A': 4, 'B': 3, 'D': 3}","[0.58, 1.0, 1.0]",3.91
99,"[1, 4, 5]","[3, 4, 4]","[0.54, 0.79, 0.75]","[['A', 'B', 'C', 'D'], ['A', 'C', 'D', 'B'], ['A', 'B', 'C', 'D']]","{'C': 5, 'A': 4, 'B': 3, 'D': 3}","[0.58, 1.0, 1.0]",3.91
99,"[1, 4, 5]","[3, 4, 4]","[0.54, 0.79, 0.75]","[['A', 'B', 'C', 'D'], ['A', 'C', 'D', 'B'], ['A', 'C', 'B', 'D']]","{'C': 5, 'A': 4, 'B': 3, 'D': 3}","[0.58, 1.0, 1.0]",3.91
99,"[1, 4, 5]","[3, 4, 4]","[0.54, 0.79, 0.75]","[['A', 'B', 'C', 'D'], ['A', 'C', 'D', 'B'], ['A', 'C', 'D', 'B']]","{'C': 5, 'A': 4, 'D': 4, 'B': 2}","[0.58, 1.0, 1.0]",4.0
99,"[1, 4, 5]","[3, 4, 4]","[0.54, 0.79, 0.75]","[['A', 'B', 'C', 'D'], ['A', 'C', 'D', 'B'], ['A', 'D', 'C', 'B']]","{'C': 5, 'A': 4, 'D': 4, 'B': 2}","[0.58, 1.0, 1.0]",4.0
99,"[1, 4, 5]","[3, 4, 4]","[0.54, 0.79, 0.75]","[['A', 'B', 'C', 'D'], ['A', 'C', 'D', 'B'], ['B', 'A', 'C', 'D']]","{'C': 5, 'A': 4, 'B': 3, 'D': 3}","[0.58, 1.0, 1.0]",3.91
99,"[1, 4, 5]","[3, 4, 4]","[0.54, 0.79, 0.75]","[['A', 'B', 'C', 'D'], ['A', 'C', 'D', 'B'], ['B', 'C', 'A', 'D']]","{'C': 5, 'A': 4, 'B': 3, 'D': 3}","[0.58, 1.0, 1.0]",3.91
99,"[1, 4, 5]","[3, 4, 4]","[0.54, 0.79, 0.75]","[['A', 'B', 'C', 'D'], ['A', 'C', 'D', 'B'], ['C', 'A', 'B', 'D']]","{'C': 5, 'A': 4, 'B': 3, 'D': 3}","[0.58, 1.0, 1.0]",3.91
99,"[1, 4, 5]","[3, 4, 4]","[0.54, 0.79, 0.75]","[['A', 'B', 'C', 'D'], ['A', 'C', 'D', 'B'], ['C', 'A', 'D', 'B']]","{'C': 5, 'A': 4, 'D': 4, 'B': 2}","[0.58, 1.0, 1.0]",4.0
99,"[1, 4, 5]","[3, 4, 4]","[0.54, 0.79, 0.75]","[['A', 'B', 'C', 'D'], ['A', 'C', 'D', 'B'], ['C', 'B', 'A', 'D']]","{'C': 5, 'A': 4, 'B': 3, 'D': 3}","[0.58, 1.0, 1.0]",3.91
99,"[1, 4, 5]","[3, 4, 4]","[0.54, 0.79, 0.75]","[['A', 'B', 'C', 'D'], ['A', 'C', 'D', 'B'], ['C', 'D', 'A', 'B']]","{'C': 5, 'A': 4, 'D': 4, 'B': 2}","[0.58, 1.0, 1.0]",4.0
99,"[1, 4, 5]","[3, 4, 4]","[0.54, 0.79, 0.75]","[['A', 'B', 'C', 'D'], ['A', 'C', 'D', 'B'], ['D', 'A', 'C', 'B']]","{'C': 5, 'A': 4, 'D': 4, 'B': 2}","[0.58, 1.0, 1.0]",4.0
99,"[1, 4, 5]","[3, 4, 4]","[0.54, 0.79, 0.75]","[['A', 'B', 'C', 'D'], ['A', 'C', 'D', 'B'], ['D', 'C', 'A', 'B']]","{'C': 5, 'A': 4, 'D': 4, 'B': 2}","[0.58, 1.0, 1.0]",4.0
99,"[1, 4, 5]","[3, 4, 4]","[0.54, 0.79, 0.75]","[['A', 'B', 'C', 'D'], ['A', 'D', 'C', 'B'], ['A', 'B', 'C', 'D']]","{'C': 5, 'A': 4, 'B': 3, 'D': 3}","[0.58, 1.0, 1.0]",3.91
99,"[1, 4, 5]","[3, 4, 4]","[0.54, 0.79, 0.75]","[['A', 'B', 'C', 'D'], ['A', 'D', 'C', 'B'], ['A', 'C', 'B', 'D']]","{'C': 5, 'A': 4, 'B': 3, 'D': 3}","[0.58, 1.0, 1.0]",3.91
99,"[1, 4, 5]","[3, 4, 4]","[0.54, 0.79, 0.75]","[['A', 'B', 'C', 'D'], ['A', 'D', 'C', 'B'], ['A', 'C', 'D', 'B']]","{'C': 5, 'A': 4, 'D': 4, 'B': 2}","[0.58, 1.0, 1.0]",4.0
99,"[1, 4, 5]","[3, 4, 4]","[0.54, 0.79, 0.75]","[['A', 'B', 'C', 'D'], ['A', 'D', 'C', 'B'], ['A', 'D', 'C', 'B']]","{'C': 5, 'A': 4, 'D': 4, 'B': 2}","[0.58, 1.0, 1.0]",4.0
99,"[1, 4, 5]","[3, 4, 4]","[0.54, 0.79, 0.75]","[['A', 'B', 'C', 'D'], ['A', 'D', 'C', 'B'], ['B', 'A', 'C', 'D']]","{'C': 5, 'A': 4, 'B': 3, 'D': 3}","[0.58, 1.0, 1.0]",3.91
99,"[1, 4, 5]","[3, 4, 4]","[0.54, 0.79, 0.75]","[['A', 'B', 'C', 'D'], ['A', 'D', 'C', 'B'], ['B', 'C', 'A', 'D']]","{'C': 5, 'A': 4, 'B': 3, 'D': 3}","[0.58, 1.0, 1.0]",3.91
99,"[1, 4, 5]","[3, 4, 4]","[0.54, 0.79, 0.75]","[['A', 'B', 'C', 'D'], ['A', 'D', 'C', 'B'], ['C', 'A', 'B', 'D']]","{'C': 5, 'A': 4, 'B': 3, 'D': 3}","[0.58, 1.0, 1.0]",3.91
99,"[1, 4, 5]","[3, 4, 4]","[0.54, 0.79, 0.75]","[['A', 'B', 'C', 'D'], ['A', 'D', 'C', 'B'], ['C', 'A', 'D', 'B']]","{'C': 5, 'A': 4, 'D': 4, 'B': 2}","[0.58, 1.0, 1.0]",4.0
99,"[1, 4, 5]","[3, 4, 4]","[0.54, 0.79, 0.75]","[['A', 'B', 'C', 'D'], ['A', 'D', 'C', 'B'], ['C', 'B', 'A', 'D']]","{'C': 5, 'A': 4, 'B': 3, 'D': 3}","[0.58, 1.0, 1.0]",3.91
99,"[1, 4, 5]","[3, 4, 4]","[0.54, 0.79, 0.75]","[['A', 'B', 'C', 'D'], ['A', 'D', 'C', 'B'], ['C', 'D', 'A', 'B']]","{'C': 5, 'A': 4, 'D': 4, 'B': 2}","[0.58, 1.0, 1.0]",4.0
99,"[1, 4, 5]","[3, 4, 4]","[0.54, 0.79, 0.75]","[['A', 'B', 'C', 'D'], ['A', 'D', 'C', 'B'], ['D', 'A', 'C', 'B']]","{'C': 5, 'A': 4, 'D': 4, 'B': 2}","[0.58, 1.0, 1.0]",4.0
99,"[1, 4, 5]","[3, 4, 4]","[0.54, 0.79, 0.75]","[['A', 'B', 'C', 'D'], ['A', 'D', 'C', 'B'], ['D', 'C', 'A', 'B']]","{'C': 5, 'A': 4, 'D': 4, 'B': 2}","[0.58, 1.0, 1.0]",4.0
99,"[1, 4, 5]","[3, 4, 4]","[0.54, 0.79, 0.75]","[['A', 'B', 'C', 'D'], ['B', 'A', 'C', 'D'], ['A', 'B', 'C', 'D']]","{'C': 5, 'A': 4, 'B': 4, 'D': 2}","[0.58, 1.0, 1.0]",3.91
99,"[1, 4, 5]","[3, 4, 4]","[0.54, 0.79, 0.75]","[['A', 'B', 'C', 'D'], ['B', 'A', 'C', 'D'], ['A', 'C', 'B', 'D']]","{'C': 5, 'A': 4, 'B': 4, 'D': 2}","[0.58, 1.0, 1.0]",3.91
99,"[1, 4, 5]","[3, 4, 4]","[0.54, 0.79, 0.75]","[['A', 'B', 'C', 'D'], ['B', 'A', 'C', 'D'], ['A', 'C', 'D', 'B']]","{'C': 5, 'A': 4, 'B': 3, 'D': 3}","[0.58, 1.0, 1.0]",3.91
99,"[1, 4, 5]","[3, 4, 4]","[0.54, 0.79, 0.75]","[['A', 'B', 'C', 'D'], ['B', 'A', 'C', 'D'], ['A', 'D', 'C', 'B']]","{'C': 5, 'A': 4, 'B': 3, 'D': 3}","[0.58, 1.0, 1.0]",3.91
99,"[1, 4, 5]","[3, 4, 4]","[0.54, 0.79, 0.75]","[['A', 'B', 'C', 'D'], ['B', 'A', 'C', 'D'], ['B', 'A', 'C', 'D']]","{'C': 5, 'A': 4, 'B': 4, 'D': 2}","[0.58, 1.0, 1.0]",3.91
99,"[1, 4, 5]","[3, 4, 4]","[0.54, 0.79, 0.75]","[['A', 'B', 'C', 'D'], ['B', 'A', 'C', 'D'], ['B', 'C', 'A', 'D']]","{'C': 5, 'A': 4, 'B': 4, 'D': 2}","[0.58, 1.0, 1.0]",3.91
99,"[1, 4, 5]","[3, 4, 4]","[0.54, 0.79, 0.75]","[['A', 'B', 'C', 'D'], ['B', 'A', 'C', 'D'], ['C', 'A', 'B', 'D']]","{'C': 5, 'A': 4, 'B': 4, 'D': 2}","[0.58, 1.0, 1.0]",3.91
99,"[1, 4, 5]","[3, 4, 4]","[0.54, 0.79, 0.75]","[['A', 'B', 'C', 'D'], ['B', 'A', 'C', 'D'], ['C', 'A', 'D', 'B']]","{'C': 5, 'A': 4, 'B': 3, 'D': 3}","[0.58, 1.0, 1.0]",3.91
99,"[1, 4, 5]","[3, 4, 4]","[0.54, 0.79, 0.75]","[['A', 'B', 'C', 'D'], ['B', 'A', 'C', 'D'], ['C', 'B', 'A', 'D']]","{'C': 5, 'A': 4, 'B': 4, 'D': 2}","[0.58, 1.0, 1.0]",3.91
99,"[1, 4, 5]","[3, 4, 4]","[0.54, 0.79, 0.75]","[['A', 'B', 'C', 'D'], ['B', 'A', 'C', 'D'], ['C', 'D', 'A', 'B']]","{'C': 5, 'A': 4, 'B': 3, 'D': 3}","[0.58, 1.0, 1.0]",3.91
99,"[1, 4, 5]","[3, 4, 4]","[0.54, 0.79, 0.75]","[['A', 'B', 'C', 'D'], ['B', 'A', 'C', 'D'], ['D', 'A', 'C', 'B']]","{'C': 5, 'A': 4, 'B': 3, 'D': 3}","[0.58, 1.0, 1.0]",3.91
99,"[1, 4, 5]","[3, 4, 4]","[0.54, 0.79, 0.75]","[['A', 'B', 'C', 'D'], ['B', 'A', 'C', 'D'], ['D', 'C', 'A', 'B']]","{'C': 5, 'A': 4, 'B': 3, 'D': 3}","[0.58, 1.0, 1.0]",3.91
99,"[1, 4, 5]","[3, 4, 4]","[0.54, 0.79, 0.75]","[['A', 'B', 'C', 'D'], ['B', 'C', 'A', 'D'], ['A', 'B', 'C', 'D']]","{'C': 5, 'A': 4, 'B': 4, 'D': 2}","[0.58, 1.0, 1.0]",3.91
99,"[1, 4, 5]","[3, 4, 4]","[0.54, 0.79, 0.75]","[['A', 'B', 'C', 'D'], ['B', 'C', 'A', 'D'], ['A', 'C', 'B', 'D']]","{'C': 5, 'A': 4, 'B': 4, 'D': 2}","[0.58, 1.0, 1.0]",3.91
99,"[1, 4, 5]","[3, 4, 4]","[0.54, 0.79, 0.75]","[['A', 'B', 'C', 'D'], ['B', 'C', 'A', 'D'], ['A', 'C', 'D', 'B']]","{'C': 5, 'A': 4, 'B': 3, 'D': 3}","[0.58, 1.0, 1.0]",3.91
99,"[1, 4, 5]","[3, 4, 4]","[0.54, 0.79, 0.75]","[['A', 'B', 'C', 'D'], ['B', 'C', 'A', 'D'], ['A', 'D', 'C', 'B']]","{'C': 5, 'A': 4, 'B': 3, 'D': 3}","[0.58, 1.0, 1.0]",3.91
99,"[1, 4, 5]","[3, 4, 4]","[0.54, 0.79, 0.75]","[['A', 'B', 'C', 'D'], ['B', 'C', 'A', 'D'], ['B', 'A', 'C', 'D']]","{'C': 5, 'A': 4, 'B': 4, 'D': 2}","[0.58, 1.0, 1.0]",3.91
99,"[1, 4, 5]","[3, 4, 4]","[0.54, 0.79, 0.75]","[['A', 'B', 'C', 'D'], ['B', 'C', 'A', 'D'], ['B', 'C', 'A', 'D']]","{'C': 5, 'A': 4, 'B': 4, 'D': 2}","[0.58, 1.0, 1.0]",3.91
99,"[1, 4, 5]","[3, 4, 4]","[0.54, 0.79, 0.75]","[['A', 'B', 'C', 'D'], ['B', 'C', 'A', 'D'], ['C', 'A', 'B', 'D']]","{'C': 5, 'A': 4, 'B': 4, 'D': 2}","[0.58, 1.0, 1.0]",3.91
99,"[1, 4, 5]","[3, 4, 4]","[0.54, 0.79, 0.75]","[['A', 'B', 'C', 'D'], ['B', 'C', 'A', 'D'], ['C', 'A', 'D', 'B']]","{'C': 5, 'A': 4, 'B': 3, 'D': 3}","[0.58, 1.0, 1.0]",3.91
99,"[1, 4, 5]","[3, 4, 4]","[0.54, 0.79, 0.75]","[['A', 'B', 'C', 'D'], ['B', 'C', 'A', 'D'], ['C', 'B', 'A', 'D']]","{'C': 5, 'A': 4, 'B': 4, 'D': 2}","[0.58, 1.0, 1.0]",3.91
99,"[1, 4, 5]","[3, 4, 4]","[0.54, 0.79, 0.75]","[['A', 'B', 'C', 'D'], ['B', 'C', 'A', 'D'], ['C', 'D', 'A', 'B']]","{'C': 5, 'A': 4, 'B': 3, 'D': 3}","[0.58, 1.0, 1.0]",3.91
99,"[1, 4, 5]","[3, 4, 4]","[0.54, 0.79, 0.75]","[['A', 'B', 'C', 'D'], ['B', 'C', 'A', 'D'], ['D', 'A', 'C', 'B']]","{'C': 5, 'A': 4, 'B': 3, 'D': 3}","[0.58, 1.0, 1.0]",3.91
99,"[1, 4, 5]","[3, 4, 4]","[0.54, 0.79, 0.75]","[['A', 'B', 'C', 'D'], ['B', 'C', 'A', 'D'], ['D', 'C', 'A', 'B']]","{'C': 5, 'A': 4, 'B': 3, 'D': 3}","[0.58, 1.0, 1.0]",3.91
99,"[1, 4, 5]","[3, 4, 4]","[0.54, 0.79, 0.75]","[['A', 'B', 'C', 'D'], ['C', 'A', 'B', 'D'], ['A', 'B', 'C', 'D']]","{'C': 5, 'A': 4, 'B': 4, 'D': 2}","[0.58, 1.0, 1.0]",3.91
99,"[1, 4, 5]","[3, 4, 4]","[0.54, 0.79, 0.75]","[['A', 'B', 'C', 'D'], ['C', 'A', 'B', 'D'], ['A', 'C', 'B', 'D']]","{'C': 5, 'A': 4, 'B': 4, 'D': 2}","[0.58, 1.0, 1.0]",3.91
99,"[1, 4, 5]","[3, 4, 4]","[0.54, 0.79, 0.75]","[['A', 'B', 'C', 'D'], ['C', 'A', 'B', 'D'], ['A', 'C', 'D', 'B']]","{'C': 5, 'A': 4, 'B': 3, 'D': 3}","[0.58, 1.0, 1.0]",3.91
99,"[1, 4, 5]","[3, 4, 4]","[0.54, 0.79, 0.75]","[['A', 'B', 'C', 'D'], ['C', 'A', 'B', 'D'], ['A', 'D', 'C', 'B']]","{'C': 5, 'A': 4, 'B': 3, 'D': 3}","[0.58, 1.0, 1.0]",3.91
99,"[1, 4, 5]","[3, 4, 4]","[0.54, 0.79, 0.75]","[['A', 'B', 'C', 'D'], ['C', 'A', 'B', 'D'], ['B', 'A', 'C', 'D']]","{'C': 5, 'A': 4, 'B': 4, 'D': 2}","[0.58, 1.0, 1.0]",3.91
99,"[1, 4, 5]","[3, 4, 4]","[0.54, 0.79, 0.75]","[['A', 'B', 'C', 'D'], ['C', 'A', 'B', 'D'], ['B', 'C', 'A', 'D']]","{'C': 5, 'A': 4, 'B': 4, 'D': 2}","[0.58, 1.0, 1.0]",3.91
99,"[1, 4, 5]","[3, 4, 4]","[0.54, 0.79, 0.75]","[['A', 'B', 'C', 'D'], ['C', 'A', 'B', 'D'], ['C', 'A', 'B', 'D']]","{'C': 5, 'A': 4, 'B': 4, 'D': 2}","[0.58, 1.0, 1.0]",3.91
99,"[1, 4, 5]","[3, 4, 4]","[0.54, 0.79, 0.75]","[['A', 'B', 'C', 'D'], ['C', 'A', 'B', 'D'], ['C', 'A', 'D', 'B']]","{'C': 5, 'A': 4, 'B': 3, 'D': 3}","[0.58, 1.0, 1.0]",3.91
99,"[1, 4, 5]","[3, 4, 4]","[0.54, 0.79, 0.75]","[['A', 'B', 'C', 'D'], ['C', 'A', 'B', 'D'], ['C', 'B', 'A', 'D']]","{'C': 5, 'A': 4, 'B': 4, 'D': 2}","[0.58, 1.0, 1.0]",3.91
99,"[1, 4, 5]","[3, 4, 4]","[0.54, 0.79, 0.75]","[['A', 'B', 'C', 'D'], ['C', 'A', 'B', 'D'], ['C', 'D', 'A', 'B']]","{'C': 5, 'A': 4, 'B': 3, 'D': 3}","[0.58, 1.0, 1.0]",3.91
99,"[1, 4, 5]","[3, 4, 4]","[0.54, 0.79, 0.75]","[['A', 'B', 'C', 'D'], ['C', 'A', 'B', 'D'], ['D', 'A', 'C', 'B']]","{'C': 5, 'A': 4, 'B': 3, 'D': 3}","[0.58, 1.0, 1.0]",3.91
99,"[1, 4, 5]","[3, 4, 4]","[0.54, 0.79, 0.75]","[['A', 'B', 'C', 'D'], ['C', 'A', 'B', 'D'], ['D', 'C', 'A', 'B']]","{'C': 5, 'A': 4, 'B': 3, 'D': 3}","[0.58, 1.0, 1.0]",3.91
99,"[1, 4, 5]","[3, 4, 4]","[0.54, 0.79, 0.75]","[['A', 'B', 'C', 'D'], ['C', 'A', 'D', 'B'], ['A', 'B', 'C', 'D']]","{'C': 5, 'A': 4, 'B': 3, 'D': 3}","[0.58, 1.0, 1.0]",3.91
99,"[1, 4, 5]","[3, 4, 4]","[0.54, 0.79, 0.75]","[['A', 'B', 'C', 'D'], ['C', 'A', 'D', 'B'], ['A', 'C', 'B', 'D']]","{'C': 5, 'A': 4, 'B': 3, 'D': 3}","[0.58, 1.0, 1.0]",3.91
99,"[1, 4, 5]","[3, 4, 4]","[0.54, 0.79, 0.75]","[['A', 'B', 'C', 'D'], ['C', 'A', 'D', 'B'], ['A', 'C', 'D', 'B']]","{'C': 5, 'A': 4, 'D': 4, 'B': 2}","[0.58, 1.0, 1.0]",4.0
99,"[1, 4, 5]","[3, 4, 4]","[0.54, 0.79, 0.75]","[['A', 'B', 'C', 'D'], ['C', 'A', 'D', 'B'], ['A', 'D', 'C', 'B']]","{'C': 5, 'A': 4, 'D': 4, 'B': 2}","[0.58, 1.0, 1.0]",4.0
99,"[1, 4, 5]","[3, 4, 4]","[0.54, 0.79, 0.75]","[['A', 'B', 'C', 'D'], ['C', 'A', 'D', 'B'], ['B', 'A', 'C', 'D']]","{'C': 5, 'A': 4, 'B': 3, 'D': 3}","[0.58, 1.0, 1.0]",3.91
99,"[1, 4, 5]","[3, 4, 4]","[0.54, 0.79, 0.75]","[['A', 'B', 'C', 'D'], ['C', 'A', 'D', 'B'], ['B', 'C', 'A', 'D']]","{'C': 5, 'A': 4, 'B': 3, 'D': 3}","[0.58, 1.0, 1.0]",3.91
99,"[1, 4, 5]","[3, 4, 4]","[0.54, 0.79, 0.75]","[['A', 'B', 'C', 'D'], ['C', 'A', 'D', 'B'], ['C', 'A', 'B', 'D']]","{'C': 5, 'A': 4, 'B': 3, 'D': 3}","[0.58, 1.0, 1.0]",3.91
99,"[1, 4, 5]","[3, 4, 4]","[0.54, 0.79, 0.75]","[['A', 'B', 'C', 'D'], ['C', 'A', 'D', 'B'], ['C', 'A', 'D', 'B']]","{'C': 5, 'A': 4, 'D': 4, 'B': 2}","[0.58, 1.0, 1.0]",4.0
99,"[1, 4, 5]","[3, 4, 4]","[0.54, 0.79, 0.75]","[['A', 'B', 'C', 'D'], ['C', 'A', 'D', 'B'], ['C', 'B', 'A', 'D']]","{'C': 5, 'A': 4, 'B': 3, 'D': 3}","[0.58, 1.0, 1.0]",3.91
99,"[1, 4, 5]","[3, 4, 4]","[0.54, 0.79, 0.75]","[['A', 'B', 'C', 'D'], ['C', 'A', 'D', 'B'], ['C', 'D', 'A', 'B']]","{'C': 5, 'A': 4, 'D': 4, 'B': 2}","[0.58, 1.0, 1.0]",4.0
99,"[1, 4, 5]","[3, 4, 4]","[0.54, 0.79, 0.75]","[['A', 'B', 'C', 'D'], ['C', 'A', 'D', 'B'], ['D', 'A', 'C', 'B']]","{'C': 5, 'A': 4, 'D': 4, 'B': 2}","[0.58, 1.0, 1.0]",4.0
99,"[1, 4, 5]","[3, 4, 4]","[0.54, 0.79, 0.75]","[['A', 'B', 'C', 'D'], ['C', 'A', 'D', 'B'], ['D', 'C', 'A', 'B']]","{'C': 5, 'A': 4, 'D': 4, 'B': 2}","[0.58, 1.0, 1.0]",4.0
99,"[1, 4, 5]","[3, 4, 4]","[0.54, 0.79, 0.75]","[['A', 'B', 'C', 'D'], ['C', 'B', 'A', 'D'], ['A', 'B', 'C', 'D']]","{'C': 5, 'A': 4, 'B': 4, 'D': 2}","[0.58, 1.0, 1.0]",3.91
99,"[1, 4, 5]","[3, 4, 4]","[0.54, 0.79, 0.75]","[['A', 'B', 'C', 'D'], ['C', 'B', 'A', 'D'], ['A', 'C', 'B', 'D']]","{'C': 5, 'A': 4, 'B': 4, 'D': 2}","[0.58, 1.0, 1.0]",3.91
99,"[1, 4, 5]","[3, 4, 4]","[0.54, 0.79, 0.75]","[['A', 'B', 'C', 'D'], ['C', 'B', 'A', 'D'], ['A', 'C', 'D', 'B']]","{'C': 5, 'A': 4, 'B': 3, 'D': 3}","[0.58, 1.0, 1.0]",3.91
99,"[1, 4, 5]","[3, 4, 4]","[0.54, 0.79, 0.75]","[['A', 'B', 'C', 'D'], ['C', 'B', 'A', 'D'], ['A', 'D', 'C', 'B']]","{'C': 5, 'A': 4, 'B': 3, 'D': 3}","[0.58, 1.0, 1.0]",3.91
99,"[1, 4, 5]","[3, 4, 4]","[0.54, 0.79, 0.75]","[['A', 'B', 'C', 'D'], ['C', 'B', 'A', 'D'], ['B', 'A', 'C', 'D']]","{'C': 5, 'A': 4, 'B': 4, 'D': 2}","[0.58, 1.0, 1.0]",3.91
99,"[1, 4, 5]","[3, 4, 4]","[0.54, 0.79, 0.75]","[['A', 'B', 'C', 'D'], ['C', 'B', 'A', 'D'], ['B', 'C', 'A', 'D']]","{'C': 5, 'A': 4, 'B': 4, 'D': 2}","[0.58, 1.0, 1.0]",3.91
99,"[1, 4, 5]","[3, 4, 4]","[0.54, 0.79, 0.75]","[['A', 'B', 'C', 'D'], ['C', 'B', 'A', 'D'], ['C', 'A', 'B', 'D']]","{'C': 5, 'A': 4, 'B': 4, 'D': 2}","[0.58, 1.0, 1.0]",3.91
99,"[1, 4, 5]","[3, 4, 4]","[0.54, 0.79, 0.75]","[['A', 'B', 'C', 'D'], ['C', 'B', 'A', 'D'], ['C', 'A', 'D', 'B']]","{'C': 5, 'A': 4, 'B': 3, 'D': 3}","[0.58, 1.0, 1.0]",3.91
99,"[1, 4, 5]","[3, 4, 4]","[0.54, 0.79, 0.75]","[['A', 'B', 'C', 'D'], ['C', 'B', 'A', 'D'], ['C', 'B', 'A', 'D']]","{'C': 5, 'A': 4, 'B': 4, 'D': 2}","[0.58, 1.0, 1.0]",3.91
99,"[1, 4, 5]","[3, 4, 4]","[0.54, 0.79, 0.75]","[['A', 'B', 'C', 'D'], ['C', 'B', 'A', 'D'], ['C', 'D', 'A', 'B']]","{'C': 5, 'A': 4, 'B': 3, 'D': 3}","[0.58, 1.0, 1.0]",3.91
99,"[1, 4, 5]","[3, 4, 4]","[0.54, 0.79, 0.75]","[['A', 'B', 'C', 'D'], ['C', 'B', 'A', 'D'], ['D', 'A', 'C', 'B']]","{'C': 5, 'A': 4, 'B': 3, 'D': 3}","[0.58, 1.0, 1.0]",3.91
99,"[1, 4, 5]","[3, 4, 4]","[0.54, 0.79, 0.75]","[['A', 'B', 'C', 'D'], ['C', 'B', 'A', 'D'], ['D', 'C', 'A', 'B']]","{'C': 5, 'A': 4, 'B': 3, 'D': 3}","[0.58, 1.0, 1.0]",3.91
99,"[1, 4, 5]","[3, 4, 4]","[0.54, 0.79, 0.75]","[['A', 'B', 'C', 'D'], ['C', 'D', 'A', 'B'], ['A', 'B', 'C', 'D']]","{'C': 5, 'A': 4, 'B': 3, 'D': 3}","[0.58, 1.0, 1.0]",3.91
99,"[1, 4, 5]","[3, 4, 4]","[0.54, 0.79, 0.75]","[['A', 'B', 'C', 'D'], ['C', 'D', 'A', 'B'], ['A', 'C', 'B', 'D']]","{'C': 5, 'A': 4, 'B': 3, 'D': 3}","[0.58, 1.0, 1.0]",3.91
99,"[1, 4, 5]","[3, 4, 4]","[0.54, 0.79, 0.75]","[['A', 'B', 'C', 'D'], ['C', 'D', 'A', 'B'], ['A', 'C', 'D', 'B']]","{'C': 5, 'A': 4, 'D': 4, 'B': 2}","[0.58, 1.0, 1.0]",4.0
99,"[1, 4, 5]","[3, 4, 4]","[0.54, 0.79, 0.75]","[['A', 'B', 'C', 'D'], ['C', 'D', 'A', 'B'], ['A', 'D', 'C', 'B']]","{'C': 5, 'A': 4, 'D': 4, 'B': 2}","[0.58, 1.0, 1.0]",4.0
99,"[1, 4, 5]","[3, 4, 4]","[0.54, 0.79, 0.75]","[['A', 'B', 'C', 'D'], ['C', 'D', 'A', 'B'], ['B', 'A', 'C', 'D']]","{'C': 5, 'A': 4, 'B': 3, 'D': 3}","[0.58, 1.0, 1.0]",3.91
99,"[1, 4, 5]","[3, 4, 4]","[0.54, 0.79, 0.75]","[['A', 'B', 'C', 'D'], ['C', 'D', 'A', 'B'], ['B', 'C', 'A', 'D']]","{'C': 5, 'A': 4, 'B': 3, 'D': 3}","[0.58, 1.0, 1.0]",3.91
99,"[1, 4, 5]","[3, 4, 4]","[0.54, 0.79, 0.75]","[['A', 'B', 'C', 'D'], ['C', 'D', 'A', 'B'], ['C', 'A', 'B', 'D']]","{'C': 5, 'A': 4, 'B': 3, 'D': 3}","[0.58, 1.0, 1.0]",3.91
99,"[1, 4, 5]","[3, 4, 4]","[0.54, 0.79, 0.75]","[['A', 'B', 'C', 'D'], ['C', 'D', 'A', 'B'], ['C', 'A', 'D', 'B']]","{'C': 5, 'A': 4, 'D': 4, 'B': 2}","[0.58, 1.0, 1.0]",4.0
99,"[1, 4, 5]","[3, 4, 4]","[0.54, 0.79, 0.75]","[['A', 'B', 'C', 'D'], ['C', 'D', 'A', 'B'], ['C', 'B', 'A', 'D']]","{'C': 5, 'A': 4, 'B': 3, 'D': 3}","[0.58, 1.0, 1.0]",3.91
99,"[1, 4, 5]","[3, 4, 4]","[0.54, 0.79, 0.75]","[['A', 'B', 'C', 'D'], ['C', 'D', 'A', 'B'], ['C', 'D', 'A', 'B']]","{'C': 5, 'A': 4, 'D': 4, 'B': 2}","[0.58, 1.0, 1.0]",4.0
99,"[1, 4, 5]","[3, 4, 4]","[0.54, 0.79, 0.75]","[['A', 'B', 'C', 'D'], ['C', 'D', 'A', 'B'], ['D', 'A', 'C', 'B']]","{'C': 5, 'A': 4, 'D': 4, 'B': 2}","[0.58, 1.0, 1.0]",4.0
99,"[1, 4, 5]","[3, 4, 4]","[0.54, 0.79, 0.75]","[['A', 'B', 'C', 'D'], ['C', 'D', 'A', 'B'], ['D', 'C', 'A', 'B']]","{'C': 5, 'A': 4, 'D': 4, 'B': 2}","[0.58, 1.0, 1.0]",4.0
99,"[1, 4, 5]","[3, 4, 4]","[0.54, 0.79, 0.75]","[['A', 'B', 'C', 'D'], ['D', 'A', 'C', 'B'], ['A', 'B', 'C', 'D']]","{'C': 5, 'A': 4, 'B': 3, 'D': 3}","[0.58, 1.0, 1.0]",3.91
99,"[1, 4, 5]","[3, 4, 4]","[0.54, 0.79, 0.75]","[['A', 'B', 'C', 'D'], ['D', 'A', 'C', 'B'], ['A', 'C', 'B', 'D']]","{'C': 5, 'A': 4, 'B': 3, 'D': 3}","[0.58, 1.0, 1.0]",3.91
99,"[1, 4, 5]","[3, 4, 4]","[0.54, 0.79, 0.75]","[['A', 'B', 'C', 'D'], ['D', 'A', 'C', 'B'], ['A', 'C', 'D', 'B']]","{'C': 5, 'A': 4, 'D': 4, 'B': 2}","[0.58, 1.0, 1.0]",4.0
99,"[1, 4, 5]","[3, 4, 4]","[0.54, 0.79, 0.75]","[['A', 'B', 'C', 'D'], ['D', 'A', 'C', 'B'], ['A', 'D', 'C', 'B']]","{'C': 5, 'A': 4, 'D': 4, 'B': 2}","[0.58, 1.0, 1.0]",4.0
99,"[1, 4, 5]","[3, 4, 4]","[0.54, 0.79, 0.75]","[['A', 'B', 'C', 'D'], ['D', 'A', 'C', 'B'], ['B', 'A', 'C', 'D']]","{'C': 5, 'A': 4, 'B': 3, 'D': 3}","[0.58, 1.0, 1.0]",3.91
99,"[1, 4, 5]","[3, 4, 4]","[0.54, 0.79, 0.75]","[['A', 'B', 'C', 'D'], ['D', 'A', 'C', 'B'], ['B', 'C', 'A', 'D']]","{'C': 5, 'A': 4, 'B': 3, 'D': 3}","[0.58, 1.0, 1.0]",3.91
99,"[1, 4, 5]","[3, 4, 4]","[0.54, 0.79, 0.75]","[['A', 'B', 'C', 'D'], ['D', 'A', 'C', 'B'], ['C', 'A', 'B', 'D']]","{'C': 5, 'A': 4, 'B': 3, 'D': 3}","[0.58, 1.0, 1.0]",3.91
99,"[1, 4, 5]","[3, 4, 4]","[0.54, 0.79, 0.75]","[['A', 'B', 'C', 'D'], ['D', 'A', 'C', 'B'], ['C', 'A', 'D', 'B']]","{'C': 5, 'A': 4, 'D': 4, 'B': 2}","[0.58, 1.0, 1.0]",4.0
99,"[1, 4, 5]","[3, 4, 4]","[0.54, 0.79, 0.75]","[['A', 'B', 'C', 'D'], ['D', 'A', 'C', 'B'], ['C', 'B', 'A', 'D']]","{'C': 5, 'A': 4, 'B': 3, 'D': 3}","[0.58, 1.0, 1.0]",3.91
99,"[1, 4, 5]","[3, 4, 4]","[0.54, 0.79, 0.75]","[['A', 'B', 'C', 'D'], ['D', 'A', 'C', 'B'], ['C', 'D', 'A', 'B']]","{'C': 5, 'A': 4, 'D': 4, 'B': 2}","[0.58, 1.0, 1.0]",4.0
99,"[1, 4, 5]","[3, 4, 4]","[0.54, 0.79, 0.75]","[['A', 'B', 'C', 'D'], ['D', 'A', 'C', 'B'], ['D', 'A', 'C', 'B']]","{'C': 5, 'A': 4, 'D': 4, 'B': 2}","[0.58, 1.0, 1.0]",4.0
99,"[1, 4, 5]","[3, 4, 4]","[0.54, 0.79, 0.75]","[['A', 'B', 'C', 'D'], ['D', 'A', 'C', 'B'], ['D', 'C', 'A', 'B']]","{'C': 5, 'A': 4, 'D': 4, 'B': 2}","[0.58, 1.0, 1.0]",4.0
99,"[1, 4, 5]","[3, 4, 4]","[0.54, 0.79, 0.75]","[['A', 'B', 'C', 'D'], ['D', 'C', 'A', 'B'], ['A', 'B', 'C', 'D']]","{'C': 5, 'A': 4, 'B': 3, 'D': 3}","[0.58, 1.0, 1.0]",3.91
99,"[1, 4, 5]","[3, 4, 4]","[0.54, 0.79, 0.75]","[['A', 'B', 'C', 'D'], ['D', 'C', 'A', 'B'], ['A', 'C', 'B', 'D']]","{'C': 5, 'A': 4, 'B': 3, 'D': 3}","[0.58, 1.0, 1.0]",3.91
99,"[1, 4, 5]","[3, 4, 4]","[0.54, 0.79, 0.75]","[['A', 'B', 'C', 'D'], ['D', 'C', 'A', 'B'], ['A', 'C', 'D', 'B']]","{'C': 5, 'A': 4, 'D': 4, 'B': 2}","[0.58, 1.0, 1.0]",4.0
99,"[1, 4, 5]","[3, 4, 4]","[0.54, 0.79, 0.75]","[['A', 'B', 'C', 'D'], ['D', 'C', 'A', 'B'], ['A', 'D', 'C', 'B']]","{'C': 5, 'A': 4, 'D': 4, 'B': 2}","[0.58, 1.0, 1.0]",4.0
99,"[1, 4, 5]","[3, 4, 4]","[0.54, 0.79, 0.75]","[['A', 'B', 'C', 'D'], ['D', 'C', 'A', 'B'], ['B', 'A', 'C', 'D']]","{'C': 5, 'A': 4, 'B': 3, 'D': 3}","[0.58, 1.0, 1.0]",3.91
99,"[1, 4, 5]","[3, 4, 4]","[0.54, 0.79, 0.75]","[['A', 'B', 'C', 'D'], ['D', 'C', 'A', 'B'], ['B', 'C', 'A', 'D']]","{'C': 5, 'A': 4, 'B': 3, 'D': 3}","[0.58, 1.0, 1.0]",3.91
99,"[1, 4, 5]","[3, 4, 4]","[0.54, 0.79, 0.75]","[['A', 'B', 'C', 'D'], ['D', 'C', 'A', 'B'], ['C', 'A', 'B', 'D']]","{'C': 5, 'A': 4, 'B': 3, 'D': 3}","[0.58, 1.0, 1.0]",3.91
99,"[1, 4, 5]","[3, 4, 4]","[0.54, 0.79, 0.75]","[['A', 'B', 'C', 'D'], ['D', 'C', 'A', 'B'], ['C', 'A', 'D', 'B']]","{'C': 5, 'A': 4, 'D': 4, 'B': 2}","[0.58, 1.0, 1.0]",4.0
99,"[1, 4, 5]","[3, 4, 4]","[0.54, 0.79, 0.75]","[['A', 'B', 'C', 'D'], ['D', 'C', 'A', 'B'], ['C', 'B', 'A', 'D']]","{'C': 5, 'A': 4, 'B': 3, 'D': 3}","[0.58, 1.0, 1.0]",3.91
99,"[1, 4, 5]","[3, 4, 4]","[0.54, 0.79, 0.75]","[['A', 'B', 'C', 'D'], ['D', 'C', 'A', 'B'], ['C', 'D', 'A', 'B']]","{'C': 5, 'A': 4, 'D': 4, 'B': 2}","[0.58, 1.0, 1.0]",4.0
99,"[1, 4, 5]","[3, 4, 4]","[0.54, 0.79, 0.75]","[['A', 'B', 'C', 'D'], ['D', 'C', 'A', 'B'], ['D', 'A', 'C', 'B']]","{'C': 5, 'A': 4, 'D': 4, 'B': 2}","[0.58, 1.0, 1.0]",4.0
99,"[1, 4, 5]","[3, 4, 4]","[0.54, 0.79, 0.75]","[['A', 'B', 'C', 'D'], ['D', 'C', 'A', 'B'], ['D', 'C', 'A', 'B']]","{'C': 5, 'A': 4, 'D': 4, 'B': 2}","[0.58, 1.0, 1.0]",4.0
99,"[1, 4, 5]","[3, 4, 4]","[0.54, 0.79, 0.75]","[['A', 'C', 'B', 'D'], ['A', 'B', 'C', 'D'], ['A', 'B', 'C', 'D']]","{'C': 5, 'A': 4, 'B': 4, 'D': 2}","[0.58, 1.0, 1.0]",3.91
99,"[1, 4, 5]","[3, 4, 4]","[0.54, 0.79, 0.75]","[['A', 'C', 'B', 'D'], ['A', 'B', 'C', 'D'], ['A', 'C', 'B', 'D']]","{'C': 5, 'A': 4, 'B': 4, 'D': 2}","[0.58, 1.0, 1.0]",3.91
99,"[1, 4, 5]","[3, 4, 4]","[0.54, 0.79, 0.75]","[['A', 'C', 'B', 'D'], ['A', 'B', 'C', 'D'], ['A', 'C', 'D', 'B']]","{'C': 5, 'A': 4, 'B': 3, 'D': 3}","[0.58, 1.0, 1.0]",3.91
99,"[1, 4, 5]","[3, 4, 4]","[0.54, 0.79, 0.75]","[['A', 'C', 'B', 'D'], ['A', 'B', 'C', 'D'], ['A', 'D', 'C', 'B']]","{'C': 5, 'A': 4, 'B': 3, 'D': 3}","[0.58, 1.0, 1.0]",3.91
99,"[1, 4, 5]","[3, 4, 4]","[0.54, 0.79, 0.75]","[['A', 'C', 'B', 'D'], ['A', 'B', 'C', 'D'], ['B', 'A', 'C', 'D']]","{'C': 5, 'A': 4, 'B': 4, 'D': 2}","[0.58, 1.0, 1.0]",3.91
99,"[1, 4, 5]","[3, 4, 4]","[0.54, 0.79, 0.75]","[['A', 'C', 'B', 'D'], ['A', 'B', 'C', 'D'], ['B', 'C', 'A', 'D']]","{'C': 5, 'A': 4, 'B': 4, 'D': 2}","[0.58, 1.0, 1.0]",3.91
99,"[1, 4, 5]","[3, 4, 4]","[0.54, 0.79, 0.75]","[['A', 'C', 'B', 'D'], ['A', 'B', 'C', 'D'], ['C', 'A', 'B', 'D']]","{'C': 5, 'A': 4, 'B': 4, 'D': 2}","[0.58, 1.0, 1.0]",3.91
99,"[1, 4, 5]","[3, 4, 4]","[0.54, 0.79, 0.75]","[['A', 'C', 'B', 'D'], ['A', 'B', 'C', 'D'], ['C', 'A', 'D', 'B']]","{'C': 5, 'A': 4, 'B': 3, 'D': 3}","[0.58, 1.0, 1.0]",3.91
99,"[1, 4, 5]","[3, 4, 4]","[0.54, 0.79, 0.75]","[['A', 'C', 'B', 'D'], ['A', 'B', 'C', 'D'], ['C', 'B', 'A', 'D']]","{'C': 5, 'A': 4, 'B': 4, 'D': 2}","[0.58, 1.0, 1.0]",3.91
99,"[1, 4, 5]","[3, 4, 4]","[0.54, 0.79, 0.75]","[['A', 'C', 'B', 'D'], ['A', 'B', 'C', 'D'], ['C', 'D', 'A', 'B']]","{'C': 5, 'A': 4, 'B': 3, 'D': 3}","[0.58, 1.0, 1.0]",3.91
99,"[1, 4, 5]","[3, 4, 4]","[0.54, 0.79, 0.75]","[['A', 'C', 'B', 'D'], ['A', 'B', 'C', 'D'], ['D', 'A', 'C', 'B']]","{'C': 5, 'A': 4, 'B': 3, 'D': 3}","[0.58, 1.0, 1.0]",3.91
99,"[1, 4, 5]","[3, 4, 4]","[0.54, 0.79, 0.75]","[['A', 'C', 'B', 'D'], ['A', 'B', 'C', 'D'], ['D', 'C', 'A', 'B']]","{'C': 5, 'A': 4, 'B': 3, 'D': 3}","[0.58, 1.0, 1.0]",3.91
99,"[1, 4, 5]","[3, 4, 4]","[0.54, 0.79, 0.75]","[['A', 'C', 'B', 'D'], ['A', 'C', 'B', 'D'], ['A', 'B', 'C', 'D']]","{'C': 5, 'A': 4, 'B': 4, 'D': 2}","[0.58, 1.0, 1.0]",3.91
99,"[1, 4, 5]","[3, 4, 4]","[0.54, 0.79, 0.75]","[['A', 'C', 'B', 'D'], ['A', 'C', 'B', 'D'], ['A', 'C', 'B', 'D']]","{'C': 5, 'A': 4, 'B': 4, 'D': 2}","[0.58, 1.0, 1.0]",3.91
99,"[1, 4, 5]","[3, 4, 4]","[0.54, 0.79, 0.75]","[['A', 'C', 'B', 'D'], ['A', 'C', 'B', 'D'], ['A', 'C', 'D', 'B']]","{'C': 5, 'A': 4, 'B': 3, 'D': 3}","[0.58, 1.0, 1.0]",3.91
99,"[1, 4, 5]","[3, 4, 4]","[0.54, 0.79, 0.75]","[['A', 'C', 'B', 'D'], ['A', 'C', 'B', 'D'], ['A', 'D', 'C', 'B']]","{'C': 5, 'A': 4, 'B': 3, 'D': 3}","[0.58, 1.0, 1.0]",3.91
99,"[1, 4, 5]","[3, 4, 4]","[0.54, 0.79, 0.75]","[['A', 'C', 'B', 'D'], ['A', 'C', 'B', 'D'], ['B', 'A', 'C', 'D']]","{'C': 5, 'A': 4, 'B': 4, 'D': 2}","[0.58, 1.0, 1.0]",3.91
99,"[1, 4, 5]","[3, 4, 4]","[0.54, 0.79, 0.75]","[['A', 'C', 'B', 'D'], ['A', 'C', 'B', 'D'], ['B', 'C', 'A', 'D']]","{'C': 5, 'A': 4, 'B': 4, 'D': 2}","[0.58, 1.0, 1.0]",3.91
99,"[1, 4, 5]","[3, 4, 4]","[0.54, 0.79, 0.75]","[['A', 'C', 'B', 'D'], ['A', 'C', 'B', 'D'], ['C', 'A', 'B', 'D']]","{'C': 5, 'A': 4, 'B': 4, 'D': 2}","[0.58, 1.0, 1.0]",3.91
99,"[1, 4, 5]","[3, 4, 4]","[0.54, 0.79, 0.75]","[['A', 'C', 'B', 'D'], ['A', 'C', 'B', 'D'], ['C', 'A', 'D', 'B']]","{'C': 5, 'A': 4, 'B': 3, 'D': 3}","[0.58, 1.0, 1.0]",3.91
99,"[1, 4, 5]","[3, 4, 4]","[0.54, 0.79, 0.75]","[['A', 'C', 'B', 'D'], ['A', 'C', 'B', 'D'], ['C', 'B', 'A', 'D']]","{'C': 5, 'A': 4, 'B': 4, 'D': 2}","[0.58, 1.0, 1.0]",3.91
99,"[1, 4, 5]","[3, 4, 4]","[0.54, 0.79, 0.75]","[['A', 'C', 'B', 'D'], ['A', 'C', 'B', 'D'], ['C', 'D', 'A', 'B']]","{'C': 5, 'A': 4, 'B': 3, 'D': 3}","[0.58, 1.0, 1.0]",3.91
99,"[1, 4, 5]","[3, 4, 4]","[0.54, 0.79, 0.75]","[['A', 'C', 'B', 'D'], ['A', 'C', 'B', 'D'], ['D', 'A', 'C', 'B']]","{'C': 5, 'A': 4, 'B': 3, 'D': 3}","[0.58, 1.0, 1.0]",3.91
99,"[1, 4, 5]","[3, 4, 4]","[0.54, 0.79, 0.75]","[['A', 'C', 'B', 'D'], ['A', 'C', 'B', 'D'], ['D', 'C', 'A', 'B']]","{'C': 5, 'A': 4, 'B': 3, 'D': 3}","[0.58, 1.0, 1.0]",3.91
99,"[1, 4, 5]","[3, 4, 4]","[0.54, 0.79, 0.75]","[['A', 'C', 'B', 'D'], ['A', 'C', 'D', 'B'], ['A', 'B', 'C', 'D']]","{'C': 5, 'A': 4, 'B': 3, 'D': 3}","[0.58, 1.0, 1.0]",3.91
99,"[1, 4, 5]","[3, 4, 4]","[0.54, 0.79, 0.75]","[['A', 'C', 'B', 'D'], ['A', 'C', 'D', 'B'], ['A', 'C', 'B', 'D']]","{'C': 5, 'A': 4, 'B': 3, 'D': 3}","[0.58, 1.0, 1.0]",3.91
99,"[1, 4, 5]","[3, 4, 4]","[0.54, 0.79, 0.75]","[['A', 'C', 'B', 'D'], ['A', 'C', 'D', 'B'], ['A', 'C', 'D', 'B']]","{'C': 5, 'A': 4, 'D': 4, 'B': 2}","[0.58, 1.0, 1.0]",4.0
99,"[1, 4, 5]","[3, 4, 4]","[0.54, 0.79, 0.75]","[['A', 'C', 'B', 'D'], ['A', 'C', 'D', 'B'], ['A', 'D', 'C', 'B']]","{'C': 5, 'A': 4, 'D': 4, 'B': 2}","[0.58, 1.0, 1.0]",4.0
99,"[1, 4, 5]","[3, 4, 4]","[0.54, 0.79, 0.75]","[['A', 'C', 'B', 'D'], ['A', 'C', 'D', 'B'], ['B', 'A', 'C', 'D']]","{'C': 5, 'A': 4, 'B': 3, 'D': 3}","[0.58, 1.0, 1.0]",3.91
99,"[1, 4, 5]","[3, 4, 4]","[0.54, 0.79, 0.75]","[['A', 'C', 'B', 'D'], ['A', 'C', 'D', 'B'], ['B', 'C', 'A', 'D']]","{'C': 5, 'A': 4, 'B': 3, 'D': 3}","[0.58, 1.0, 1.0]",3.91
99,"[1, 4, 5]","[3, 4, 4]","[0.54, 0.79, 0.75]","[['A', 'C', 'B', 'D'], ['A', 'C', 'D', 'B'], ['C', 'A', 'B', 'D']]","{'C': 5, 'A': 4, 'B': 3, 'D': 3}","[0.58, 1.0, 1.0]",3.91
99,"[1, 4, 5]","[3, 4, 4]","[0.54, 0.79, 0.75]","[['A', 'C', 'B', 'D'], ['A', 'C', 'D', 'B'], ['C', 'A', 'D', 'B']]","{'C': 5, 'A': 4, 'D': 4, 'B': 2}","[0.58, 1.0, 1.0]",4.0
99,"[1, 4, 5]","[3, 4, 4]","[0.54, 0.79, 0.75]","[['A', 'C', 'B', 'D'], ['A', 'C', 'D', 'B'], ['C', 'B', 'A', 'D']]","{'C': 5, 'A': 4, 'B': 3, 'D': 3}","[0.58, 1.0, 1.0]",3.91
99,"[1, 4, 5]","[3, 4, 4]","[0.54, 0.79, 0.75]","[['A', 'C', 'B', 'D'], ['A', 'C', 'D', 'B'], ['C', 'D', 'A', 'B']]","{'C': 5, 'A': 4, 'D': 4, 'B': 2}","[0.58, 1.0, 1.0]",4.0
99,"[1, 4, 5]","[3, 4, 4]","[0.54, 0.79, 0.75]","[['A', 'C', 'B', 'D'], ['A', 'C', 'D', 'B'], ['D', 'A', 'C', 'B']]","{'C': 5, 'A': 4, 'D': 4, 'B': 2}","[0.58, 1.0, 1.0]",4.0
99,"[1, 4, 5]","[3, 4, 4]","[0.54, 0.79, 0.75]","[['A', 'C', 'B', 'D'], ['A', 'C', 'D', 'B'], ['D', 'C', 'A', 'B']]","{'C': 5, 'A': 4, 'D': 4, 'B': 2}","[0.58, 1.0, 1.0]",4.0
99,"[1, 4, 5]","[3, 4, 4]","[0.54, 0.79, 0.75]","[['A', 'C', 'B', 'D'], ['A', 'D', 'C', 'B'], ['A', 'B', 'C', 'D']]","{'C': 5, 'A': 4, 'B': 3, 'D': 3}","[0.58, 1.0, 1.0]",3.91
99,"[1, 4, 5]","[3, 4, 4]","[0.54, 0.79, 0.75]","[['A', 'C', 'B', 'D'], ['A', 'D', 'C', 'B'], ['A', 'C', 'B', 'D']]","{'C': 5, 'A': 4, 'B': 3, 'D': 3}","[0.58, 1.0, 1.0]",3.91
99,"[1, 4, 5]","[3, 4, 4]","[0.54, 0.79, 0.75]","[['A', 'C', 'B', 'D'], ['A', 'D', 'C', 'B'], ['A', 'C', 'D', 'B']]","{'C': 5, 'A': 4, 'D': 4, 'B': 2}","[0.58, 1.0, 1.0]",4.0
99,"[1, 4, 5]","[3, 4, 4]","[0.54, 0.79, 0.75]","[['A', 'C', 'B', 'D'], ['A', 'D', 'C', 'B'], ['A', 'D', 'C', 'B']]","{'C': 5, 'A': 4, 'D': 4, 'B': 2}","[0.58, 1.0, 1.0]",4.0
99,"[1, 4, 5]","[3, 4, 4]","[0.54, 0.79, 0.75]","[['A', 'C', 'B', 'D'], ['A', 'D', 'C', 'B'], ['B', 'A', 'C', 'D']]","{'C': 5, 'A': 4, 'B': 3, 'D': 3}","[0.58, 1.0, 1.0]",3.91
99,"[1, 4, 5]","[3, 4, 4]","[0.54, 0.79, 0.75]","[['A', 'C', 'B', 'D'], ['A', 'D', 'C', 'B'], ['B', 'C', 'A', 'D']]","{'C': 5, 'A': 4, 'B': 3, 'D': 3}","[0.58, 1.0, 1.0]",3.91
99,"[1, 4, 5]","[3, 4, 4]","[0.54, 0.79, 0.75]","[['A', 'C', 'B', 'D'], ['A', 'D', 'C', 'B'], ['C', 'A', 'B', 'D']]","{'C': 5, 'A': 4, 'B': 3, 'D': 3}","[0.58, 1.0, 1.0]",3.91
99,"[1, 4, 5]","[3, 4, 4]","[0.54, 0.79, 0.75]","[['A', 'C', 'B', 'D'], ['A', 'D', 'C', 'B'], ['C', 'A', 'D', 'B']]","{'C': 5, 'A': 4, 'D': 4, 'B': 2}","[0.58, 1.0, 1.0]",4.0
99,"[1, 4, 5]","[3, 4, 4]","[0.54, 0.79, 0.75]","[['A', 'C', 'B', 'D'], ['A', 'D', 'C', 'B'], ['C', 'B', 'A', 'D']]","{'C': 5, 'A': 4, 'B': 3, 'D': 3}","[0.58, 1.0, 1.0]",3.91
99,"[1, 4, 5]","[3, 4, 4]","[0.54, 0.79, 0.75]","[['A', 'C', 'B', 'D'], ['A', 'D', 'C', 'B'], ['C', 'D', 'A', 'B']]","{'C': 5, 'A': 4, 'D': 4, 'B': 2}","[0.58, 1.0, 1.0]",4.0
99,"[1, 4, 5]","[3, 4, 4]","[0.54, 0.79, 0.75]","[['A', 'C', 'B', 'D'], ['A', 'D', 'C', 'B'], ['D', 'A', 'C', 'B']]","{'C': 5, 'A': 4, 'D': 4, 'B': 2}","[0.58, 1.0, 1.0]",4.0
99,"[1, 4, 5]","[3, 4, 4]","[0.54, 0.79, 0.75]","[['A', 'C', 'B', 'D'], ['A', 'D', 'C', 'B'], ['D', 'C', 'A', 'B']]","{'C': 5, 'A': 4, 'D': 4, 'B': 2}","[0.58, 1.0, 1.0]",4.0
99,"[1, 4, 5]","[3, 4, 4]","[0.54, 0.79, 0.75]","[['A', 'C', 'B', 'D'], ['B', 'A', 'C', 'D'], ['A', 'B', 'C', 'D']]","{'C': 5, 'A': 4, 'B': 4, 'D': 2}","[0.58, 1.0, 1.0]",3.91
99,"[1, 4, 5]","[3, 4, 4]","[0.54, 0.79, 0.75]","[['A', 'C', 'B', 'D'], ['B', 'A', 'C', 'D'], ['A', 'C', 'B', 'D']]","{'C': 5, 'A': 4, 'B': 4, 'D': 2}","[0.58, 1.0, 1.0]",3.91
99,"[1, 4, 5]","[3, 4, 4]","[0.54, 0.79, 0.75]","[['A', 'C', 'B', 'D'], ['B', 'A', 'C', 'D'], ['A', 'C', 'D', 'B']]","{'C': 5, 'A': 4, 'B': 3, 'D': 3}","[0.58, 1.0, 1.0]",3.91
99,"[1, 4, 5]","[3, 4, 4]","[0.54, 0.79, 0.75]","[['A', 'C', 'B', 'D'], ['B', 'A', 'C', 'D'], ['A', 'D', 'C', 'B']]","{'C': 5, 'A': 4, 'B': 3, 'D': 3}","[0.58, 1.0, 1.0]",3.91
99,"[1, 4, 5]","[3, 4, 4]","[0.54, 0.79, 0.75]","[['A', 'C', 'B', 'D'], ['B', 'A', 'C', 'D'], ['B', 'A', 'C', 'D']]","{'C': 5, 'A': 4, 'B': 4, 'D': 2}","[0.58, 1.0, 1.0]",3.91
99,"[1, 4, 5]","[3, 4, 4]","[0.54, 0.79, 0.75]","[['A', 'C', 'B', 'D'], ['B', 'A', 'C', 'D'], ['B', 'C', 'A', 'D']]","{'C': 5, 'A': 4, 'B': 4, 'D': 2}","[0.58, 1.0, 1.0]",3.91
99,"[1, 4, 5]","[3, 4, 4]","[0.54, 0.79, 0.75]","[['A', 'C', 'B', 'D'], ['B', 'A', 'C', 'D'], ['C', 'A', 'B', 'D']]","{'C': 5, 'A': 4, 'B': 4, 'D': 2}","[0.58, 1.0, 1.0]",3.91
99,"[1, 4, 5]","[3, 4, 4]","[0.54, 0.79, 0.75]","[['A', 'C', 'B', 'D'], ['B', 'A', 'C', 'D'], ['C', 'A', 'D', 'B']]","{'C': 5, 'A': 4, 'B': 3, 'D': 3}","[0.58, 1.0, 1.0]",3.91
99,"[1, 4, 5]","[3, 4, 4]","[0.54, 0.79, 0.75]","[['A', 'C', 'B', 'D'], ['B', 'A', 'C', 'D'], ['C', 'B', 'A', 'D']]","{'C': 5, 'A': 4, 'B': 4, 'D': 2}","[0.58, 1.0, 1.0]",3.91
99,"[1, 4, 5]","[3, 4, 4]","[0.54, 0.79, 0.75]","[['A', 'C', 'B', 'D'], ['B', 'A', 'C', 'D'], ['C', 'D', 'A', 'B']]","{'C': 5, 'A': 4, 'B': 3, 'D': 3}","[0.58, 1.0, 1.0]",3.91
99,"[1, 4, 5]","[3, 4, 4]","[0.54, 0.79, 0.75]","[['A', 'C', 'B', 'D'], ['B', 'A', 'C', 'D'], ['D', 'A', 'C', 'B']]","{'C': 5, 'A': 4, 'B': 3, 'D': 3}","[0.58, 1.0, 1.0]",3.91
99,"[1, 4, 5]","[3, 4, 4]","[0.54, 0.79, 0.75]","[['A', 'C', 'B', 'D'], ['B', 'A', 'C', 'D'], ['D', 'C', 'A', 'B']]","{'C': 5, 'A': 4, 'B': 3, 'D': 3}","[0.58, 1.0, 1.0]",3.91
99,"[1, 4, 5]","[3, 4, 4]","[0.54, 0.79, 0.75]","[['A', 'C', 'B', 'D'], ['B', 'C', 'A', 'D'], ['A', 'B', 'C', 'D']]","{'C': 5, 'A': 4, 'B': 4, 'D': 2}","[0.58, 1.0, 1.0]",3.91
99,"[1, 4, 5]","[3, 4, 4]","[0.54, 0.79, 0.75]","[['A', 'C', 'B', 'D'], ['B', 'C', 'A', 'D'], ['A', 'C', 'B', 'D']]","{'C': 5, 'A': 4, 'B': 4, 'D': 2}","[0.58, 1.0, 1.0]",3.91
99,"[1, 4, 5]","[3, 4, 4]","[0.54, 0.79, 0.75]","[['A', 'C', 'B', 'D'], ['B', 'C', 'A', 'D'], ['A', 'C', 'D', 'B']]","{'C': 5, 'A': 4, 'B': 3, 'D': 3}","[0.58, 1.0, 1.0]",3.91
99,"[1, 4, 5]","[3, 4, 4]","[0.54, 0.79, 0.75]","[['A', 'C', 'B', 'D'], ['B', 'C', 'A', 'D'], ['A', 'D', 'C', 'B']]","{'C': 5, 'A': 4, 'B': 3, 'D': 3}","[0.58, 1.0, 1.0]",3.91
99,"[1, 4, 5]","[3, 4, 4]","[0.54, 0.79, 0.75]","[['A', 'C', 'B', 'D'], ['B', 'C', 'A', 'D'], ['B', 'A', 'C', 'D']]","{'C': 5, 'A': 4, 'B': 4, 'D': 2}","[0.58, 1.0, 1.0]",3.91
99,"[1, 4, 5]","[3, 4, 4]","[0.54, 0.79, 0.75]","[['A', 'C', 'B', 'D'], ['B', 'C', 'A', 'D'], ['B', 'C', 'A', 'D']]","{'C': 5, 'A': 4, 'B': 4, 'D': 2}","[0.58, 1.0, 1.0]",3.91
99,"[1, 4, 5]","[3, 4, 4]","[0.54, 0.79, 0.75]","[['A', 'C', 'B', 'D'], ['B', 'C', 'A', 'D'], ['C', 'A', 'B', 'D']]","{'C': 5, 'A': 4, 'B': 4, 'D': 2}","[0.58, 1.0, 1.0]",3.91
99,"[1, 4, 5]","[3, 4, 4]","[0.54, 0.79, 0.75]","[['A', 'C', 'B', 'D'], ['B', 'C', 'A', 'D'], ['C', 'A', 'D', 'B']]","{'C': 5, 'A': 4, 'B': 3, 'D': 3}","[0.58, 1.0, 1.0]",3.91
99,"[1, 4, 5]","[3, 4, 4]","[0.54, 0.79, 0.75]","[['A', 'C', 'B', 'D'], ['B', 'C', 'A', 'D'], ['C', 'B', 'A', 'D']]","{'C': 5, 'A': 4, 'B': 4, 'D': 2}","[0.58, 1.0, 1.0]",3.91
99,"[1, 4, 5]","[3, 4, 4]","[0.54, 0.79, 0.75]","[['A', 'C', 'B', 'D'], ['B', 'C', 'A', 'D'], ['C', 'D', 'A', 'B']]","{'C': 5, 'A': 4, 'B': 3, 'D': 3}","[0.58, 1.0, 1.0]",3.91
99,"[1, 4, 5]","[3, 4, 4]","[0.54, 0.79, 0.75]","[['A', 'C', 'B', 'D'], ['B', 'C', 'A', 'D'], ['D', 'A', 'C', 'B']]","{'C': 5, 'A': 4, 'B': 3, 'D': 3}","[0.58, 1.0, 1.0]",3.91
99,"[1, 4, 5]","[3, 4, 4]","[0.54, 0.79, 0.75]","[['A', 'C', 'B', 'D'], ['B', 'C', 'A', 'D'], ['D', 'C', 'A', 'B']]","{'C': 5, 'A': 4, 'B': 3, 'D': 3}","[0.58, 1.0, 1.0]",3.91
99,"[1, 4, 5]","[3, 4, 4]","[0.54, 0.79, 0.75]","[['A', 'C', 'B', 'D'], ['C', 'A', 'B', 'D'], ['A', 'B', 'C', 'D']]","{'C': 5, 'A': 4, 'B': 4, 'D': 2}","[0.58, 1.0, 1.0]",3.91
99,"[1, 4, 5]","[3, 4, 4]","[0.54, 0.79, 0.75]","[['A', 'C', 'B', 'D'], ['C', 'A', 'B', 'D'], ['A', 'C', 'B', 'D']]","{'C': 5, 'A': 4, 'B': 4, 'D': 2}","[0.58, 1.0, 1.0]",3.91
99,"[1, 4, 5]","[3, 4, 4]","[0.54, 0.79, 0.75]","[['A', 'C', 'B', 'D'], ['C', 'A', 'B', 'D'], ['A', 'C', 'D', 'B']]","{'C': 5, 'A': 4, 'B': 3, 'D': 3}","[0.58, 1.0, 1.0]",3.91
99,"[1, 4, 5]","[3, 4, 4]","[0.54, 0.79, 0.75]","[['A', 'C', 'B', 'D'], ['C', 'A', 'B', 'D'], ['A', 'D', 'C', 'B']]","{'C': 5, 'A': 4, 'B': 3, 'D': 3}","[0.58, 1.0, 1.0]",3.91
99,"[1, 4, 5]","[3, 4, 4]","[0.54, 0.79, 0.75]","[['A', 'C', 'B', 'D'], ['C', 'A', 'B', 'D'], ['B', 'A', 'C', 'D']]","{'C': 5, 'A': 4, 'B': 4, 'D': 2}","[0.58, 1.0, 1.0]",3.91
99,"[1, 4, 5]","[3, 4, 4]","[0.54, 0.79, 0.75]","[['A', 'C', 'B', 'D'], ['C', 'A', 'B', 'D'], ['B', 'C', 'A', 'D']]","{'C': 5, 'A': 4, 'B': 4, 'D': 2}","[0.58, 1.0, 1.0]",3.91
99,"[1, 4, 5]","[3, 4, 4]","[0.54, 0.79, 0.75]","[['A', 'C', 'B', 'D'], ['C', 'A', 'B', 'D'], ['C', 'A', 'B', 'D']]","{'C': 5, 'A': 4, 'B': 4, 'D': 2}","[0.58, 1.0, 1.0]",3.91
99,"[1, 4, 5]","[3, 4, 4]","[0.54, 0.79, 0.75]","[['A', 'C', 'B', 'D'], ['C', 'A', 'B', 'D'], ['C', 'A', 'D', 'B']]","{'C': 5, 'A': 4, 'B': 3, 'D': 3}","[0.58, 1.0, 1.0]",3.91
99,"[1, 4, 5]","[3, 4, 4]","[0.54, 0.79, 0.75]","[['A', 'C', 'B', 'D'], ['C', 'A', 'B', 'D'], ['C', 'B', 'A', 'D']]","{'C': 5, 'A': 4, 'B': 4, 'D': 2}","[0.58, 1.0, 1.0]",3.91
99,"[1, 4, 5]","[3, 4, 4]","[0.54, 0.79, 0.75]","[['A', 'C', 'B', 'D'], ['C', 'A', 'B', 'D'], ['C', 'D', 'A', 'B']]","{'C': 5, 'A': 4, 'B': 3, 'D': 3}","[0.58, 1.0, 1.0]",3.91
99,"[1, 4, 5]","[3, 4, 4]","[0.54, 0.79, 0.75]","[['A', 'C', 'B', 'D'], ['C', 'A', 'B', 'D'], ['D', 'A', 'C', 'B']]","{'C': 5, 'A': 4, 'B': 3, 'D': 3}","[0.58, 1.0, 1.0]",3.91
99,"[1, 4, 5]","[3, 4, 4]","[0.54, 0.79, 0.75]","[['A', 'C', 'B', 'D'], ['C', 'A', 'B', 'D'], ['D', 'C', 'A', 'B']]","{'C': 5, 'A': 4, 'B': 3, 'D': 3}","[0.58, 1.0, 1.0]",3.91
99,"[1, 4, 5]","[3, 4, 4]","[0.54, 0.79, 0.75]","[['A', 'C', 'B', 'D'], ['C', 'A', 'D', 'B'], ['A', 'B', 'C', 'D']]","{'C': 5, 'A': 4, 'B': 3, 'D': 3}","[0.58, 1.0, 1.0]",3.91
99,"[1, 4, 5]","[3, 4, 4]","[0.54, 0.79, 0.75]","[['A', 'C', 'B', 'D'], ['C', 'A', 'D', 'B'], ['A', 'C', 'B', 'D']]","{'C': 5, 'A': 4, 'B': 3, 'D': 3}","[0.58, 1.0, 1.0]",3.91
99,"[1, 4, 5]","[3, 4, 4]","[0.54, 0.79, 0.75]","[['A', 'C', 'B', 'D'], ['C', 'A', 'D', 'B'], ['A', 'C', 'D', 'B']]","{'C': 5, 'A': 4, 'D': 4, 'B': 2}","[0.58, 1.0, 1.0]",4.0
99,"[1, 4, 5]","[3, 4, 4]","[0.54, 0.79, 0.75]","[['A', 'C', 'B', 'D'], ['C', 'A', 'D', 'B'], ['A', 'D', 'C', 'B']]","{'C': 5, 'A': 4, 'D': 4, 'B': 2}","[0.58, 1.0, 1.0]",4.0
99,"[1, 4, 5]","[3, 4, 4]","[0.54, 0.79, 0.75]","[['A', 'C', 'B', 'D'], ['C', 'A', 'D', 'B'], ['B', 'A', 'C', 'D']]","{'C': 5, 'A': 4, 'B': 3, 'D': 3}","[0.58, 1.0, 1.0]",3.91
99,"[1, 4, 5]","[3, 4, 4]","[0.54, 0.79, 0.75]","[['A', 'C', 'B', 'D'], ['C', 'A', 'D', 'B'], ['B', 'C', 'A', 'D']]","{'C': 5, 'A': 4, 'B': 3, 'D': 3}","[0.58, 1.0, 1.0]",3.91
99,"[1, 4, 5]","[3, 4, 4]","[0.54, 0.79, 0.75]","[['A', 'C', 'B', 'D'], ['C', 'A', 'D', 'B'], ['C', 'A', 'B', 'D']]","{'C': 5, 'A': 4, 'B': 3, 'D': 3}","[0.58, 1.0, 1.0]",3.91
99,"[1, 4, 5]","[3, 4, 4]","[0.54, 0.79, 0.75]","[['A', 'C', 'B', 'D'], ['C', 'A', 'D', 'B'], ['C', 'A', 'D', 'B']]","{'C': 5, 'A': 4, 'D': 4, 'B': 2}","[0.58, 1.0, 1.0]",4.0
99,"[1, 4, 5]","[3, 4, 4]","[0.54, 0.79, 0.75]","[['A', 'C', 'B', 'D'], ['C', 'A', 'D', 'B'], ['C', 'B', 'A', 'D']]","{'C': 5, 'A': 4, 'B': 3, 'D': 3}","[0.58, 1.0, 1.0]",3.91
99,"[1, 4, 5]","[3, 4, 4]","[0.54, 0.79, 0.75]","[['A', 'C', 'B', 'D'], ['C', 'A', 'D', 'B'], ['C', 'D', 'A', 'B']]","{'C': 5, 'A': 4, 'D': 4, 'B': 2}","[0.58, 1.0, 1.0]",4.0
99,"[1, 4, 5]","[3, 4, 4]","[0.54, 0.79, 0.75]","[['A', 'C', 'B', 'D'], ['C', 'A', 'D', 'B'], ['D', 'A', 'C', 'B']]","{'C': 5, 'A': 4, 'D': 4, 'B': 2}","[0.58, 1.0, 1.0]",4.0
99,"[1, 4, 5]","[3, 4, 4]","[0.54, 0.79, 0.75]","[['A', 'C', 'B', 'D'], ['C', 'A', 'D', 'B'], ['D', 'C', 'A', 'B']]","{'C': 5, 'A': 4, 'D': 4, 'B': 2}","[0.58, 1.0, 1.0]",4.0
99,"[1, 4, 5]","[3, 4, 4]","[0.54, 0.79, 0.75]","[['A', 'C', 'B', 'D'], ['C', 'B', 'A', 'D'], ['A', 'B', 'C', 'D']]","{'C': 5, 'A': 4, 'B': 4, 'D': 2}","[0.58, 1.0, 1.0]",3.91
99,"[1, 4, 5]","[3, 4, 4]","[0.54, 0.79, 0.75]","[['A', 'C', 'B', 'D'], ['C', 'B', 'A', 'D'], ['A', 'C', 'B', 'D']]","{'C': 5, 'A': 4, 'B': 4, 'D': 2}","[0.58, 1.0, 1.0]",3.91
99,"[1, 4, 5]","[3, 4, 4]","[0.54, 0.79, 0.75]","[['A', 'C', 'B', 'D'], ['C', 'B', 'A', 'D'], ['A', 'C', 'D', 'B']]","{'C': 5, 'A': 4, 'B': 3, 'D': 3}","[0.58, 1.0, 1.0]",3.91
99,"[1, 4, 5]","[3, 4, 4]","[0.54, 0.79, 0.75]","[['A', 'C', 'B', 'D'], ['C', 'B', 'A', 'D'], ['A', 'D', 'C', 'B']]","{'C': 5, 'A': 4, 'B': 3, 'D': 3}","[0.58, 1.0, 1.0]",3.91
99,"[1, 4, 5]","[3, 4, 4]","[0.54, 0.79, 0.75]","[['A', 'C', 'B', 'D'], ['C', 'B', 'A', 'D'], ['B', 'A', 'C', 'D']]","{'C': 5, 'A': 4, 'B': 4, 'D': 2}","[0.58, 1.0, 1.0]",3.91
99,"[1, 4, 5]","[3, 4, 4]","[0.54, 0.79, 0.75]","[['A', 'C', 'B', 'D'], ['C', 'B', 'A', 'D'], ['B', 'C', 'A', 'D']]","{'C': 5, 'A': 4, 'B': 4, 'D': 2}","[0.58, 1.0, 1.0]",3.91
99,"[1, 4, 5]","[3, 4, 4]","[0.54, 0.79, 0.75]","[['A', 'C', 'B', 'D'], ['C', 'B', 'A', 'D'], ['C', 'A', 'B', 'D']]","{'C': 5, 'A': 4, 'B': 4, 'D': 2}","[0.58, 1.0, 1.0]",3.91
99,"[1, 4, 5]","[3, 4, 4]","[0.54, 0.79, 0.75]","[['A', 'C', 'B', 'D'], ['C', 'B', 'A', 'D'], ['C', 'A', 'D', 'B']]","{'C': 5, 'A': 4, 'B': 3, 'D': 3}","[0.58, 1.0, 1.0]",3.91
99,"[1, 4, 5]","[3, 4, 4]","[0.54, 0.79, 0.75]","[['A', 'C', 'B', 'D'], ['C', 'B', 'A', 'D'], ['C', 'B', 'A', 'D']]","{'C': 5, 'A': 4, 'B': 4, 'D': 2}","[0.58, 1.0, 1.0]",3.91
99,"[1, 4, 5]","[3, 4, 4]","[0.54, 0.79, 0.75]","[['A', 'C', 'B', 'D'], ['C', 'B', 'A', 'D'], ['C', 'D', 'A', 'B']]","{'C': 5, 'A': 4, 'B': 3, 'D': 3}","[0.58, 1.0, 1.0]",3.91
99,"[1, 4, 5]","[3, 4, 4]","[0.54, 0.79, 0.75]","[['A', 'C', 'B', 'D'], ['C', 'B', 'A', 'D'], ['D', 'A', 'C', 'B']]","{'C': 5, 'A': 4, 'B': 3, 'D': 3}","[0.58, 1.0, 1.0]",3.91
99,"[1, 4, 5]","[3, 4, 4]","[0.54, 0.79, 0.75]","[['A', 'C', 'B', 'D'], ['C', 'B', 'A', 'D'], ['D', 'C', 'A', 'B']]","{'C': 5, 'A': 4, 'B': 3, 'D': 3}","[0.58, 1.0, 1.0]",3.91
99,"[1, 4, 5]","[3, 4, 4]","[0.54, 0.79, 0.75]","[['A', 'C', 'B', 'D'], ['C', 'D', 'A', 'B'], ['A', 'B', 'C', 'D']]","{'C': 5, 'A': 4, 'B': 3, 'D': 3}","[0.58, 1.0, 1.0]",3.91
99,"[1, 4, 5]","[3, 4, 4]","[0.54, 0.79, 0.75]","[['A', 'C', 'B', 'D'], ['C', 'D', 'A', 'B'], ['A', 'C', 'B', 'D']]","{'C': 5, 'A': 4, 'B': 3, 'D': 3}","[0.58, 1.0, 1.0]",3.91
99,"[1, 4, 5]","[3, 4, 4]","[0.54, 0.79, 0.75]","[['A', 'C', 'B', 'D'], ['C', 'D', 'A', 'B'], ['A', 'C', 'D', 'B']]","{'C': 5, 'A': 4, 'D': 4, 'B': 2}","[0.58, 1.0, 1.0]",4.0
99,"[1, 4, 5]","[3, 4, 4]","[0.54, 0.79, 0.75]","[['A', 'C', 'B', 'D'], ['C', 'D', 'A', 'B'], ['A', 'D', 'C', 'B']]","{'C': 5, 'A': 4, 'D': 4, 'B': 2}","[0.58, 1.0, 1.0]",4.0
99,"[1, 4, 5]","[3, 4, 4]","[0.54, 0.79, 0.75]","[['A', 'C', 'B', 'D'], ['C', 'D', 'A', 'B'], ['B', 'A', 'C', 'D']]","{'C': 5, 'A': 4, 'B': 3, 'D': 3}","[0.58, 1.0, 1.0]",3.91
99,"[1, 4, 5]","[3, 4, 4]","[0.54, 0.79, 0.75]","[['A', 'C', 'B', 'D'], ['C', 'D', 'A', 'B'], ['B', 'C', 'A', 'D']]","{'C': 5, 'A': 4, 'B': 3, 'D': 3}","[0.58, 1.0, 1.0]",3.91
99,"[1, 4, 5]","[3, 4, 4]","[0.54, 0.79, 0.75]","[['A', 'C', 'B', 'D'], ['C', 'D', 'A', 'B'], ['C', 'A', 'B', 'D']]","{'C': 5, 'A': 4, 'B': 3, 'D': 3}","[0.58, 1.0, 1.0]",3.91
99,"[1, 4, 5]","[3, 4, 4]","[0.54, 0.79, 0.75]","[['A', 'C', 'B', 'D'], ['C', 'D', 'A', 'B'], ['C', 'A', 'D', 'B']]","{'C': 5, 'A': 4, 'D': 4, 'B': 2}","[0.58, 1.0, 1.0]",4.0
99,"[1, 4, 5]","[3, 4, 4]","[0.54, 0.79, 0.75]","[['A', 'C', 'B', 'D'], ['C', 'D', 'A', 'B'], ['C', 'B', 'A', 'D']]","{'C': 5, 'A': 4, 'B': 3, 'D': 3}","[0.58, 1.0, 1.0]",3.91
99,"[1, 4, 5]","[3, 4, 4]","[0.54, 0.79, 0.75]","[['A', 'C', 'B', 'D'], ['C', 'D', 'A', 'B'], ['C', 'D', 'A', 'B']]","{'C': 5, 'A': 4, 'D': 4, 'B': 2}","[0.58, 1.0, 1.0]",4.0
99,"[1, 4, 5]","[3, 4, 4]","[0.54, 0.79, 0.75]","[['A', 'C', 'B', 'D'], ['C', 'D', 'A', 'B'], ['D', 'A', 'C', 'B']]","{'C': 5, 'A': 4, 'D': 4, 'B': 2}","[0.58, 1.0, 1.0]",4.0
99,"[1, 4, 5]","[3, 4, 4]","[0.54, 0.79, 0.75]","[['A', 'C', 'B', 'D'], ['C', 'D', 'A', 'B'], ['D', 'C', 'A', 'B']]","{'C': 5, 'A': 4, 'D': 4, 'B': 2}","[0.58, 1.0, 1.0]",4.0
99,"[1, 4, 5]","[3, 4, 4]","[0.54, 0.79, 0.75]","[['A', 'C', 'B', 'D'], ['D', 'A', 'C', 'B'], ['A', 'B', 'C', 'D']]","{'C': 5, 'A': 4, 'B': 3, 'D': 3}","[0.58, 1.0, 1.0]",3.91
99,"[1, 4, 5]","[3, 4, 4]","[0.54, 0.79, 0.75]","[['A', 'C', 'B', 'D'], ['D', 'A', 'C', 'B'], ['A', 'C', 'B', 'D']]","{'C': 5, 'A': 4, 'B': 3, 'D': 3}","[0.58, 1.0, 1.0]",3.91
99,"[1, 4, 5]","[3, 4, 4]","[0.54, 0.79, 0.75]","[['A', 'C', 'B', 'D'], ['D', 'A', 'C', 'B'], ['A', 'C', 'D', 'B']]","{'C': 5, 'A': 4, 'D': 4, 'B': 2}","[0.58, 1.0, 1.0]",4.0
99,"[1, 4, 5]","[3, 4, 4]","[0.54, 0.79, 0.75]","[['A', 'C', 'B', 'D'], ['D', 'A', 'C', 'B'], ['A', 'D', 'C', 'B']]","{'C': 5, 'A': 4, 'D': 4, 'B': 2}","[0.58, 1.0, 1.0]",4.0
99,"[1, 4, 5]","[3, 4, 4]","[0.54, 0.79, 0.75]","[['A', 'C', 'B', 'D'], ['D', 'A', 'C', 'B'], ['B', 'A', 'C', 'D']]","{'C': 5, 'A': 4, 'B': 3, 'D': 3}","[0.58, 1.0, 1.0]",3.91
99,"[1, 4, 5]","[3, 4, 4]","[0.54, 0.79, 0.75]","[['A', 'C', 'B', 'D'], ['D', 'A', 'C', 'B'], ['B', 'C', 'A', 'D']]","{'C': 5, 'A': 4, 'B': 3, 'D': 3}","[0.58, 1.0, 1.0]",3.91
99,"[1, 4, 5]","[3, 4, 4]","[0.54, 0.79, 0.75]","[['A', 'C', 'B', 'D'], ['D', 'A', 'C', 'B'], ['C', 'A', 'B', 'D']]","{'C': 5, 'A': 4, 'B': 3, 'D': 3}","[0.58, 1.0, 1.0]",3.91
99,"[1, 4, 5]","[3, 4, 4]","[0.54, 0.79, 0.75]","[['A', 'C', 'B', 'D'], ['D', 'A', 'C', 'B'], ['C', 'A', 'D', 'B']]","{'C': 5, 'A': 4, 'D': 4, 'B': 2}","[0.58, 1.0, 1.0]",4.0
99,"[1, 4, 5]","[3, 4, 4]","[0.54, 0.79, 0.75]","[['A', 'C', 'B', 'D'], ['D', 'A', 'C', 'B'], ['C', 'B', 'A', 'D']]","{'C': 5, 'A': 4, 'B': 3, 'D': 3}","[0.58, 1.0, 1.0]",3.91
99,"[1, 4, 5]","[3, 4, 4]","[0.54, 0.79, 0.75]","[['A', 'C', 'B', 'D'], ['D', 'A', 'C', 'B'], ['C', 'D', 'A', 'B']]","{'C': 5, 'A': 4, 'D': 4, 'B': 2}","[0.58, 1.0, 1.0]",4.0
99,"[1, 4, 5]","[3, 4, 4]","[0.54, 0.79, 0.75]","[['A', 'C', 'B', 'D'], ['D', 'A', 'C', 'B'], ['D', 'A', 'C', 'B']]","{'C': 5, 'A': 4, 'D': 4, 'B': 2}","[0.58, 1.0, 1.0]",4.0
99,"[1, 4, 5]","[3, 4, 4]","[0.54, 0.79, 0.75]","[['A', 'C', 'B', 'D'], ['D', 'A', 'C', 'B'], ['D', 'C', 'A', 'B']]","{'C': 5, 'A': 4, 'D': 4, 'B': 2}","[0.58, 1.0, 1.0]",4.0
99,"[1, 4, 5]","[3, 4, 4]","[0.54, 0.79, 0.75]","[['A', 'C', 'B', 'D'], ['D', 'C', 'A', 'B'], ['A', 'B', 'C', 'D']]","{'C': 5, 'A': 4, 'B': 3, 'D': 3}","[0.58, 1.0, 1.0]",3.91
99,"[1, 4, 5]","[3, 4, 4]","[0.54, 0.79, 0.75]","[['A', 'C', 'B', 'D'], ['D', 'C', 'A', 'B'], ['A', 'C', 'B', 'D']]","{'C': 5, 'A': 4, 'B': 3, 'D': 3}","[0.58, 1.0, 1.0]",3.91
99,"[1, 4, 5]","[3, 4, 4]","[0.54, 0.79, 0.75]","[['A', 'C', 'B', 'D'], ['D', 'C', 'A', 'B'], ['A', 'C', 'D', 'B']]","{'C': 5, 'A': 4, 'D': 4, 'B': 2}","[0.58, 1.0, 1.0]",4.0
99,"[1, 4, 5]","[3, 4, 4]","[0.54, 0.79, 0.75]","[['A', 'C', 'B', 'D'], ['D', 'C', 'A', 'B'], ['A', 'D', 'C', 'B']]","{'C': 5, 'A': 4, 'D': 4, 'B': 2}","[0.58, 1.0, 1.0]",4.0
99,"[1, 4, 5]","[3, 4, 4]","[0.54, 0.79, 0.75]","[['A', 'C', 'B', 'D'], ['D', 'C', 'A', 'B'], ['B', 'A', 'C', 'D']]","{'C': 5, 'A': 4, 'B': 3, 'D': 3}","[0.58, 1.0, 1.0]",3.91
99,"[1, 4, 5]","[3, 4, 4]","[0.54, 0.79, 0.75]","[['A', 'C', 'B', 'D'], ['D', 'C', 'A', 'B'], ['B', 'C', 'A', 'D']]","{'C': 5, 'A': 4, 'B': 3, 'D': 3}","[0.58, 1.0, 1.0]",3.91
99,"[1, 4, 5]","[3, 4, 4]","[0.54, 0.79, 0.75]","[['A', 'C', 'B', 'D'], ['D', 'C', 'A', 'B'], ['C', 'A', 'B', 'D']]","{'C': 5, 'A': 4, 'B': 3, 'D': 3}","[0.58, 1.0, 1.0]",3.91
99,"[1, 4, 5]","[3, 4, 4]","[0.54, 0.79, 0.75]","[['A', 'C', 'B', 'D'], ['D', 'C', 'A', 'B'], ['C', 'A', 'D', 'B']]","{'C': 5, 'A': 4, 'D': 4, 'B': 2}","[0.58, 1.0, 1.0]",4.0
99,"[1, 4, 5]","[3, 4, 4]","[0.54, 0.79, 0.75]","[['A', 'C', 'B', 'D'], ['D', 'C', 'A', 'B'], ['C', 'B', 'A', 'D']]","{'C': 5, 'A': 4, 'B': 3, 'D': 3}","[0.58, 1.0, 1.0]",3.91
99,"[1, 4, 5]","[3, 4, 4]","[0.54, 0.79, 0.75]","[['A', 'C', 'B', 'D'], ['D', 'C', 'A', 'B'], ['C', 'D', 'A', 'B']]","{'C': 5, 'A': 4, 'D': 4, 'B': 2}","[0.58, 1.0, 1.0]",4.0
99,"[1, 4, 5]","[3, 4, 4]","[0.54, 0.79, 0.75]","[['A', 'C', 'B', 'D'], ['D', 'C', 'A', 'B'], ['D', 'A', 'C', 'B']]","{'C': 5, 'A': 4, 'D': 4, 'B': 2}","[0.58, 1.0, 1.0]",4.0
99,"[1, 4, 5]","[3, 4, 4]","[0.54, 0.79, 0.75]","[['A', 'C', 'B', 'D'], ['D', 'C', 'A', 'B'], ['D', 'C', 'A', 'B']]","{'C': 5, 'A': 4, 'D': 4, 'B': 2}","[0.58, 1.0, 1.0]",4.0
99,"[1, 4, 5]","[3, 4, 4]","[0.54, 0.79, 0.75]","[['A', 'C', 'D', 'B'], ['A', 'B', 'C', 'D'], ['A', 'B', 'C', 'D']]","{'C': 5, 'A': 4, 'B': 3, 'D': 3}","[0.58, 1.0, 1.0]",3.91
99,"[1, 4, 5]","[3, 4, 4]","[0.54, 0.79, 0.75]","[['A', 'C', 'D', 'B'], ['A', 'B', 'C', 'D'], ['A', 'C', 'B', 'D']]","{'C': 5, 'A': 4, 'B': 3, 'D': 3}","[0.58, 1.0, 1.0]",3.91
99,"[1, 4, 5]","[3, 4, 4]","[0.54, 0.79, 0.75]","[['A', 'C', 'D', 'B'], ['A', 'B', 'C', 'D'], ['A', 'C', 'D', 'B']]","{'C': 5, 'A': 4, 'D': 4, 'B': 2}","[0.58, 1.0, 1.0]",4.0
99,"[1, 4, 5]","[3, 4, 4]","[0.54, 0.79, 0.75]","[['A', 'C', 'D', 'B'], ['A', 'B', 'C', 'D'], ['A', 'D', 'C', 'B']]","{'C': 5, 'A': 4, 'D': 4, 'B': 2}","[0.58, 1.0, 1.0]",4.0
99,"[1, 4, 5]","[3, 4, 4]","[0.54, 0.79, 0.75]","[['A', 'C', 'D', 'B'], ['A', 'B', 'C', 'D'], ['B', 'A', 'C', 'D']]","{'C': 5, 'A': 4, 'B': 3, 'D': 3}","[0.58, 1.0, 1.0]",3.91
99,"[1, 4, 5]","[3, 4, 4]","[0.54, 0.79, 0.75]","[['A', 'C', 'D', 'B'], ['A', 'B', 'C', 'D'], ['B', 'C', 'A', 'D']]","{'C': 5, 'A': 4, 'B': 3, 'D': 3}","[0.58, 1.0, 1.0]",3.91
99,"[1, 4, 5]","[3, 4, 4]","[0.54, 0.79, 0.75]","[['A', 'C', 'D', 'B'], ['A', 'B', 'C', 'D'], ['C', 'A', 'B', 'D']]","{'C': 5, 'A': 4, 'B': 3, 'D': 3}","[0.58, 1.0, 1.0]",3.91
99,"[1, 4, 5]","[3, 4, 4]","[0.54, 0.79, 0.75]","[['A', 'C', 'D', 'B'], ['A', 'B', 'C', 'D'], ['C', 'A', 'D', 'B']]","{'C': 5, 'A': 4, 'D': 4, 'B': 2}","[0.58, 1.0, 1.0]",4.0
99,"[1, 4, 5]","[3, 4, 4]","[0.54, 0.79, 0.75]","[['A', 'C', 'D', 'B'], ['A', 'B', 'C', 'D'], ['C', 'B', 'A', 'D']]","{'C': 5, 'A': 4, 'B': 3, 'D': 3}","[0.58, 1.0, 1.0]",3.91
99,"[1, 4, 5]","[3, 4, 4]","[0.54, 0.79, 0.75]","[['A', 'C', 'D', 'B'], ['A', 'B', 'C', 'D'], ['C', 'D', 'A', 'B']]","{'C': 5, 'A': 4, 'D': 4, 'B': 2}","[0.58, 1.0, 1.0]",4.0
99,"[1, 4, 5]","[3, 4, 4]","[0.54, 0.79, 0.75]","[['A', 'C', 'D', 'B'], ['A', 'B', 'C', 'D'], ['D', 'A', 'C', 'B']]","{'C': 5, 'A': 4, 'D': 4, 'B': 2}","[0.58, 1.0, 1.0]",4.0
99,"[1, 4, 5]","[3, 4, 4]","[0.54, 0.79, 0.75]","[['A', 'C', 'D', 'B'], ['A', 'B', 'C', 'D'], ['D', 'C', 'A', 'B']]","{'C': 5, 'A': 4, 'D': 4, 'B': 2}","[0.58, 1.0, 1.0]",4.0
99,"[1, 4, 5]","[3, 4, 4]","[0.54, 0.79, 0.75]","[['A', 'C', 'D', 'B'], ['A', 'C', 'B', 'D'], ['A', 'B', 'C', 'D']]","{'C': 5, 'A': 4, 'B': 3, 'D': 3}","[0.58, 1.0, 1.0]",3.91
99,"[1, 4, 5]","[3, 4, 4]","[0.54, 0.79, 0.75]","[['A', 'C', 'D', 'B'], ['A', 'C', 'B', 'D'], ['A', 'C', 'B', 'D']]","{'C': 5, 'A': 4, 'B': 3, 'D': 3}","[0.58, 1.0, 1.0]",3.91
99,"[1, 4, 5]","[3, 4, 4]","[0.54, 0.79, 0.75]","[['A', 'C', 'D', 'B'], ['A', 'C', 'B', 'D'], ['A', 'C', 'D', 'B']]","{'C': 5, 'A': 4, 'D': 4, 'B': 2}","[0.58, 1.0, 1.0]",4.0
99,"[1, 4, 5]","[3, 4, 4]","[0.54, 0.79, 0.75]","[['A', 'C', 'D', 'B'], ['A', 'C', 'B', 'D'], ['A', 'D', 'C', 'B']]","{'C': 5, 'A': 4, 'D': 4, 'B': 2}","[0.58, 1.0, 1.0]",4.0
99,"[1, 4, 5]","[3, 4, 4]","[0.54, 0.79, 0.75]","[['A', 'C', 'D', 'B'], ['A', 'C', 'B', 'D'], ['B', 'A', 'C', 'D']]","{'C': 5, 'A': 4, 'B': 3, 'D': 3}","[0.58, 1.0, 1.0]",3.91
99,"[1, 4, 5]","[3, 4, 4]","[0.54, 0.79, 0.75]","[['A', 'C', 'D', 'B'], ['A', 'C', 'B', 'D'], ['B', 'C', 'A', 'D']]","{'C': 5, 'A': 4, 'B': 3, 'D': 3}","[0.58, 1.0, 1.0]",3.91
99,"[1, 4, 5]","[3, 4, 4]","[0.54, 0.79, 0.75]","[['A', 'C', 'D', 'B'], ['A', 'C', 'B', 'D'], ['C', 'A', 'B', 'D']]","{'C': 5, 'A': 4, 'B': 3, 'D': 3}","[0.58, 1.0, 1.0]",3.91
99,"[1, 4, 5]","[3, 4, 4]","[0.54, 0.79, 0.75]","[['A', 'C', 'D', 'B'], ['A', 'C', 'B', 'D'], ['C', 'A', 'D', 'B']]","{'C': 5, 'A': 4, 'D': 4, 'B': 2}","[0.58, 1.0, 1.0]",4.0
99,"[1, 4, 5]","[3, 4, 4]","[0.54, 0.79, 0.75]","[['A', 'C', 'D', 'B'], ['A', 'C', 'B', 'D'], ['C', 'B', 'A', 'D']]","{'C': 5, 'A': 4, 'B': 3, 'D': 3}","[0.58, 1.0, 1.0]",3.91
99,"[1, 4, 5]","[3, 4, 4]","[0.54, 0.79, 0.75]","[['A', 'C', 'D', 'B'], ['A', 'C', 'B', 'D'], ['C', 'D', 'A', 'B']]","{'C': 5, 'A': 4, 'D': 4, 'B': 2}","[0.58, 1.0, 1.0]",4.0
99,"[1, 4, 5]","[3, 4, 4]","[0.54, 0.79, 0.75]","[['A', 'C', 'D', 'B'], ['A', 'C', 'B', 'D'], ['D', 'A', 'C', 'B']]","{'C': 5, 'A': 4, 'D': 4, 'B': 2}","[0.58, 1.0, 1.0]",4.0
99,"[1, 4, 5]","[3, 4, 4]","[0.54, 0.79, 0.75]","[['A', 'C', 'D', 'B'], ['A', 'C', 'B', 'D'], ['D', 'C', 'A', 'B']]","{'C': 5, 'A': 4, 'D': 4, 'B': 2}","[0.58, 1.0, 1.0]",4.0
99,"[1, 4, 5]","[3, 4, 4]","[0.54, 0.79, 0.75]","[['A', 'C', 'D', 'B'], ['A', 'C', 'D', 'B'], ['A', 'B', 'C', 'D']]","{'C': 5, 'A': 4, 'D': 4, 'B': 2}","[0.58, 1.0, 1.0]",4.0
99,"[1, 4, 5]","[3, 4, 4]","[0.54, 0.79, 0.75]","[['A', 'C', 'D', 'B'], ['A', 'C', 'D', 'B'], ['A', 'C', 'B', 'D']]","{'C': 5, 'A': 4, 'D': 4, 'B': 2}","[0.58, 1.0, 1.0]",4.0
99,"[1, 4, 5]","[3, 4, 4]","[0.54, 0.79, 0.75]","[['A', 'C', 'D', 'B'], ['A', 'C', 'D', 'B'], ['B', 'A', 'C', 'D']]","{'C': 5, 'A': 4, 'D': 4, 'B': 2}","[0.58, 1.0, 1.0]",4.0
99,"[1, 4, 5]","[3, 4, 4]","[0.54, 0.79, 0.75]","[['A', 'C', 'D', 'B'], ['A', 'C', 'D', 'B'], ['B', 'C', 'A', 'D']]","{'C': 5, 'A': 4, 'D': 4, 'B': 2}","[0.58, 1.0, 1.0]",4.0
99,"[1, 4, 5]","[3, 4, 4]","[0.54, 0.79, 0.75]","[['A', 'C', 'D', 'B'], ['A', 'C', 'D', 'B'], ['C', 'A', 'B', 'D']]","{'C': 5, 'A': 4, 'D': 4, 'B': 2}","[0.58, 1.0, 1.0]",4.0
99,"[1, 4, 5]","[3, 4, 4]","[0.54, 0.79, 0.75]","[['A', 'C', 'D', 'B'], ['A', 'C', 'D', 'B'], ['C', 'B', 'A', 'D']]","{'C': 5, 'A': 4, 'D': 4, 'B': 2}","[0.58, 1.0, 1.0]",4.0
99,"[1, 4, 5]","[3, 4, 4]","[0.54, 0.79, 0.75]","[['A', 'C', 'D', 'B'], ['A', 'D', 'C', 'B'], ['A', 'B', 'C', 'D']]","{'C': 5, 'A': 4, 'D': 4, 'B': 2}","[0.58, 1.0, 1.0]",4.0
99,"[1, 4, 5]","[3, 4, 4]","[0.54, 0.79, 0.75]","[['A', 'C', 'D', 'B'], ['A', 'D', 'C', 'B'], ['A', 'C', 'B', 'D']]","{'C': 5, 'A': 4, 'D': 4, 'B': 2}","[0.58, 1.0, 1.0]",4.0
99,"[1, 4, 5]","[3, 4, 4]","[0.54, 0.79, 0.75]","[['A', 'C', 'D', 'B'], ['A', 'D', 'C', 'B'], ['B', 'A', 'C', 'D']]","{'C': 5, 'A': 4, 'D': 4, 'B': 2}","[0.58, 1.0, 1.0]",4.0
99,"[1, 4, 5]","[3, 4, 4]","[0.54, 0.79, 0.75]","[['A', 'C', 'D', 'B'], ['A', 'D', 'C', 'B'], ['B', 'C', 'A', 'D']]","{'C': 5, 'A': 4, 'D': 4, 'B': 2}","[0.58, 1.0, 1.0]",4.0
99,"[1, 4, 5]","[3, 4, 4]","[0.54, 0.79, 0.75]","[['A', 'C', 'D', 'B'], ['A', 'D', 'C', 'B'], ['C', 'A', 'B', 'D']]","{'C': 5, 'A': 4, 'D': 4, 'B': 2}","[0.58, 1.0, 1.0]",4.0
99,"[1, 4, 5]","[3, 4, 4]","[0.54, 0.79, 0.75]","[['A', 'C', 'D', 'B'], ['A', 'D', 'C', 'B'], ['C', 'B', 'A', 'D']]","{'C': 5, 'A': 4, 'D': 4, 'B': 2}","[0.58, 1.0, 1.0]",4.0
99,"[1, 4, 5]","[3, 4, 4]","[0.54, 0.79, 0.75]","[['A', 'C', 'D', 'B'], ['B', 'A', 'C', 'D'], ['A', 'B', 'C', 'D']]","{'C': 5, 'A': 4, 'B': 3, 'D': 3}","[0.58, 1.0, 1.0]",3.91
99,"[1, 4, 5]","[3, 4, 4]","[0.54, 0.79, 0.75]","[['A', 'C', 'D', 'B'], ['B', 'A', 'C', 'D'], ['A', 'C', 'B', 'D']]","{'C': 5, 'A': 4, 'B': 3, 'D': 3}","[0.58, 1.0, 1.0]",3.91
99,"[1, 4, 5]","[3, 4, 4]","[0.54, 0.79, 0.75]","[['A', 'C', 'D', 'B'], ['B', 'A', 'C', 'D'], ['A', 'C', 'D', 'B']]","{'C': 5, 'A': 4, 'D': 4, 'B': 2}","[0.58, 1.0, 1.0]",4.0
99,"[1, 4, 5]","[3, 4, 4]","[0.54, 0.79, 0.75]","[['A', 'C', 'D', 'B'], ['B', 'A', 'C', 'D'], ['A', 'D', 'C', 'B']]","{'C': 5, 'A': 4, 'D': 4, 'B': 2}","[0.58, 1.0, 1.0]",4.0
99,"[1, 4, 5]","[3, 4, 4]","[0.54, 0.79, 0.75]","[['A', 'C', 'D', 'B'], ['B', 'A', 'C', 'D'], ['B', 'A', 'C', 'D']]","{'C': 5, 'A': 4, 'B': 3, 'D': 3}","[0.58, 1.0, 1.0]",3.91
99,"[1, 4, 5]","[3, 4, 4]","[0.54, 0.79, 0.75]","[['A', 'C', 'D', 'B'], ['B', 'A', 'C', 'D'], ['B', 'C', 'A', 'D']]","{'C': 5, 'A': 4, 'B': 3, 'D': 3}","[0.58, 1.0, 1.0]",3.91
99,"[1, 4, 5]","[3, 4, 4]","[0.54, 0.79, 0.75]","[['A', 'C', 'D', 'B'], ['B', 'A', 'C', 'D'], ['C', 'A', 'B', 'D']]","{'C': 5, 'A': 4, 'B': 3, 'D': 3}","[0.58, 1.0, 1.0]",3.91
99,"[1, 4, 5]","[3, 4, 4]","[0.54, 0.79, 0.75]","[['A', 'C', 'D', 'B'], ['B', 'A', 'C', 'D'], ['C', 'A', 'D', 'B']]","{'C': 5, 'A': 4, 'D': 4, 'B': 2}","[0.58, 1.0, 1.0]",4.0
99,"[1, 4, 5]","[3, 4, 4]","[0.54, 0.79, 0.75]","[['A', 'C', 'D', 'B'], ['B', 'A', 'C', 'D'], ['C', 'B', 'A', 'D']]","{'C': 5, 'A': 4, 'B': 3, 'D': 3}","[0.58, 1.0, 1.0]",3.91
99,"[1, 4, 5]","[3, 4, 4]","[0.54, 0.79, 0.75]","[['A', 'C', 'D', 'B'], ['B', 'A', 'C', 'D'], ['C', 'D', 'A', 'B']]","{'C': 5, 'A': 4, 'D': 4, 'B': 2}","[0.58, 1.0, 1.0]",4.0
99,"[1, 4, 5]","[3, 4, 4]","[0.54, 0.79, 0.75]","[['A', 'C', 'D', 'B'], ['B', 'A', 'C', 'D'], ['D', 'A', 'C', 'B']]","{'C': 5, 'A': 4, 'D': 4, 'B': 2}","[0.58, 1.0, 1.0]",4.0
99,"[1, 4, 5]","[3, 4, 4]","[0.54, 0.79, 0.75]","[['A', 'C', 'D', 'B'], ['B', 'A', 'C', 'D'], ['D', 'C', 'A', 'B']]","{'C': 5, 'A': 4, 'D': 4, 'B': 2}","[0.58, 1.0, 1.0]",4.0
99,"[1, 4, 5]","[3, 4, 4]","[0.54, 0.79, 0.75]","[['A', 'C', 'D', 'B'], ['B', 'C', 'A', 'D'], ['A', 'B', 'C', 'D']]","{'C': 5, 'A': 4, 'B': 3, 'D': 3}","[0.58, 1.0, 1.0]",3.91
99,"[1, 4, 5]","[3, 4, 4]","[0.54, 0.79, 0.75]","[['A', 'C', 'D', 'B'], ['B', 'C', 'A', 'D'], ['A', 'C', 'B', 'D']]","{'C': 5, 'A': 4, 'B': 3, 'D': 3}","[0.58, 1.0, 1.0]",3.91
99,"[1, 4, 5]","[3, 4, 4]","[0.54, 0.79, 0.75]","[['A', 'C', 'D', 'B'], ['B', 'C', 'A', 'D'], ['A', 'C', 'D', 'B']]","{'C': 5, 'A': 4, 'D': 4, 'B': 2}","[0.58, 1.0, 1.0]",4.0
99,"[1, 4, 5]","[3, 4, 4]","[0.54, 0.79, 0.75]","[['A', 'C', 'D', 'B'], ['B', 'C', 'A', 'D'], ['A', 'D', 'C', 'B']]","{'C': 5, 'A': 4, 'D': 4, 'B': 2}","[0.58, 1.0, 1.0]",4.0
99,"[1, 4, 5]","[3, 4, 4]","[0.54, 0.79, 0.75]","[['A', 'C', 'D', 'B'], ['B', 'C', 'A', 'D'], ['B', 'A', 'C', 'D']]","{'C': 5, 'A': 4, 'B': 3, 'D': 3}","[0.58, 1.0, 1.0]",3.91
99,"[1, 4, 5]","[3, 4, 4]","[0.54, 0.79, 0.75]","[['A', 'C', 'D', 'B'], ['B', 'C', 'A', 'D'], ['B', 'C', 'A', 'D']]","{'C': 5, 'A': 4, 'B': 3, 'D': 3}","[0.58, 1.0, 1.0]",3.91
99,"[1, 4, 5]","[3, 4, 4]","[0.54, 0.79, 0.75]","[['A', 'C', 'D', 'B'], ['B', 'C', 'A', 'D'], ['C', 'A', 'B', 'D']]","{'C': 5, 'A': 4, 'B': 3, 'D': 3}","[0.58, 1.0, 1.0]",3.91
99,"[1, 4, 5]","[3, 4, 4]","[0.54, 0.79, 0.75]","[['A', 'C', 'D', 'B'], ['B', 'C', 'A', 'D'], ['C', 'A', 'D', 'B']]","{'C': 5, 'A': 4, 'D': 4, 'B': 2}","[0.58, 1.0, 1.0]",4.0
99,"[1, 4, 5]","[3, 4, 4]","[0.54, 0.79, 0.75]","[['A', 'C', 'D', 'B'], ['B', 'C', 'A', 'D'], ['C', 'B', 'A', 'D']]","{'C': 5, 'A': 4, 'B': 3, 'D': 3}","[0.58, 1.0, 1.0]",3.91
99,"[1, 4, 5]","[3, 4, 4]","[0.54, 0.79, 0.75]","[['A', 'C', 'D', 'B'], ['B', 'C', 'A', 'D'], ['C', 'D', 'A', 'B']]","{'C': 5, 'A': 4, 'D': 4, 'B': 2}","[0.58, 1.0, 1.0]",4.0
99,"[1, 4, 5]","[3, 4, 4]","[0.54, 0.79, 0.75]","[['A', 'C', 'D', 'B'], ['B', 'C', 'A', 'D'], ['D', 'A', 'C', 'B']]","{'C': 5, 'A': 4, 'D': 4, 'B': 2}","[0.58, 1.0, 1.0]",4.0
99,"[1, 4, 5]","[3, 4, 4]","[0.54, 0.79, 0.75]","[['A', 'C', 'D', 'B'], ['B', 'C', 'A', 'D'], ['D', 'C', 'A', 'B']]","{'C': 5, 'A': 4, 'D': 4, 'B': 2}","[0.58, 1.0, 1.0]",4.0
99,"[1, 4, 5]","[3, 4, 4]","[0.54, 0.79, 0.75]","[['A', 'C', 'D', 'B'], ['C', 'A', 'B', 'D'], ['A', 'B', 'C', 'D']]","{'C': 5, 'A': 4, 'B': 3, 'D': 3}","[0.58, 1.0, 1.0]",3.91
99,"[1, 4, 5]","[3, 4, 4]","[0.54, 0.79, 0.75]","[['A', 'C', 'D', 'B'], ['C', 'A', 'B', 'D'], ['A', 'C', 'B', 'D']]","{'C': 5, 'A': 4, 'B': 3, 'D': 3}","[0.58, 1.0, 1.0]",3.91
99,"[1, 4, 5]","[3, 4, 4]","[0.54, 0.79, 0.75]","[['A', 'C', 'D', 'B'], ['C', 'A', 'B', 'D'], ['A', 'C', 'D', 'B']]","{'C': 5, 'A': 4, 'D': 4, 'B': 2}","[0.58, 1.0, 1.0]",4.0
99,"[1, 4, 5]","[3, 4, 4]","[0.54, 0.79, 0.75]","[['A', 'C', 'D', 'B'], ['C', 'A', 'B', 'D'], ['A', 'D', 'C', 'B']]","{'C': 5, 'A': 4, 'D': 4, 'B': 2}","[0.58, 1.0, 1.0]",4.0
99,"[1, 4, 5]","[3, 4, 4]","[0.54, 0.79, 0.75]","[['A', 'C', 'D', 'B'], ['C', 'A', 'B', 'D'], ['B', 'A', 'C', 'D']]","{'C': 5, 'A': 4, 'B': 3, 'D': 3}","[0.58, 1.0, 1.0]",3.91
99,"[1, 4, 5]","[3, 4, 4]","[0.54, 0.79, 0.75]","[['A', 'C', 'D', 'B'], ['C', 'A', 'B', 'D'], ['B', 'C', 'A', 'D']]","{'C': 5, 'A': 4, 'B': 3, 'D': 3}","[0.58, 1.0, 1.0]",3.91
99,"[1, 4, 5]","[3, 4, 4]","[0.54, 0.79, 0.75]","[['A', 'C', 'D', 'B'], ['C', 'A', 'B', 'D'], ['C', 'A', 'B', 'D']]","{'C': 5, 'A': 4, 'B': 3, 'D': 3}","[0.58, 1.0, 1.0]",3.91
99,"[1, 4, 5]","[3, 4, 4]","[0.54, 0.79, 0.75]","[['A', 'C', 'D', 'B'], ['C', 'A', 'B', 'D'], ['C', 'A', 'D', 'B']]","{'C': 5, 'A': 4, 'D': 4, 'B': 2}","[0.58, 1.0, 1.0]",4.0
99,"[1, 4, 5]","[3, 4, 4]","[0.54, 0.79, 0.75]","[['A', 'C', 'D', 'B'], ['C', 'A', 'B', 'D'], ['C', 'B', 'A', 'D']]","{'C': 5, 'A': 4, 'B': 3, 'D': 3}","[0.58, 1.0, 1.0]",3.91
99,"[1, 4, 5]","[3, 4, 4]","[0.54, 0.79, 0.75]","[['A', 'C', 'D', 'B'], ['C', 'A', 'B', 'D'], ['C', 'D', 'A', 'B']]","{'C': 5, 'A': 4, 'D': 4, 'B': 2}","[0.58, 1.0, 1.0]",4.0
99,"[1, 4, 5]","[3, 4, 4]","[0.54, 0.79, 0.75]","[['A', 'C', 'D', 'B'], ['C', 'A', 'B', 'D'], ['D', 'A', 'C', 'B']]","{'C': 5, 'A': 4, 'D': 4, 'B': 2}","[0.58, 1.0, 1.0]",4.0
99,"[1, 4, 5]","[3, 4, 4]","[0.54, 0.79, 0.75]","[['A', 'C', 'D', 'B'], ['C', 'A', 'B', 'D'], ['D', 'C', 'A', 'B']]","{'C': 5, 'A': 4, 'D': 4, 'B': 2}","[0.58, 1.0, 1.0]",4.0
99,"[1, 4, 5]","[3, 4, 4]","[0.54, 0.79, 0.75]","[['A', 'C', 'D', 'B'], ['C', 'A', 'D', 'B'], ['A', 'B', 'C', 'D']]","{'C': 5, 'A': 4, 'D': 4, 'B': 2}","[0.58, 1.0, 1.0]",4.0
99,"[1, 4, 5]","[3, 4, 4]","[0.54, 0.79, 0.75]","[['A', 'C', 'D', 'B'], ['C', 'A', 'D', 'B'], ['A', 'C', 'B', 'D']]","{'C': 5, 'A': 4, 'D': 4, 'B': 2}","[0.58, 1.0, 1.0]",4.0
99,"[1, 4, 5]","[3, 4, 4]","[0.54, 0.79, 0.75]","[['A', 'C', 'D', 'B'], ['C', 'A', 'D', 'B'], ['B', 'A', 'C', 'D']]","{'C': 5, 'A': 4, 'D': 4, 'B': 2}","[0.58, 1.0, 1.0]",4.0
99,"[1, 4, 5]","[3, 4, 4]","[0.54, 0.79, 0.75]","[['A', 'C', 'D', 'B'], ['C', 'A', 'D', 'B'], ['B', 'C', 'A', 'D']]","{'C': 5, 'A': 4, 'D': 4, 'B': 2}","[0.58, 1.0, 1.0]",4.0
99,"[1, 4, 5]","[3, 4, 4]","[0.54, 0.79, 0.75]","[['A', 'C', 'D', 'B'], ['C', 'A', 'D', 'B'], ['C', 'A', 'B', 'D']]","{'C': 5, 'A': 4, 'D': 4, 'B': 2}","[0.58, 1.0, 1.0]",4.0
99,"[1, 4, 5]","[3, 4, 4]","[0.54, 0.79, 0.75]","[['A', 'C', 'D', 'B'], ['C', 'A', 'D', 'B'], ['C', 'B', 'A', 'D']]","{'C': 5, 'A': 4, 'D': 4, 'B': 2}","[0.58, 1.0, 1.0]",4.0
99,"[1, 4, 5]","[3, 4, 4]","[0.54, 0.79, 0.75]","[['A', 'C', 'D', 'B'], ['C', 'B', 'A', 'D'], ['A', 'B', 'C', 'D']]","{'C': 5, 'A': 4, 'B': 3, 'D': 3}","[0.58, 1.0, 1.0]",3.91
99,"[1, 4, 5]","[3, 4, 4]","[0.54, 0.79, 0.75]","[['A', 'C', 'D', 'B'], ['C', 'B', 'A', 'D'], ['A', 'C', 'B', 'D']]","{'C': 5, 'A': 4, 'B': 3, 'D': 3}","[0.58, 1.0, 1.0]",3.91
99,"[1, 4, 5]","[3, 4, 4]","[0.54, 0.79, 0.75]","[['A', 'C', 'D', 'B'], ['C', 'B', 'A', 'D'], ['A', 'C', 'D', 'B']]","{'C': 5, 'A': 4, 'D': 4, 'B': 2}","[0.58, 1.0, 1.0]",4.0
99,"[1, 4, 5]","[3, 4, 4]","[0.54, 0.79, 0.75]","[['A', 'C', 'D', 'B'], ['C', 'B', 'A', 'D'], ['A', 'D', 'C', 'B']]","{'C': 5, 'A': 4, 'D': 4, 'B': 2}","[0.58, 1.0, 1.0]",4.0
99,"[1, 4, 5]","[3, 4, 4]","[0.54, 0.79, 0.75]","[['A', 'C', 'D', 'B'], ['C', 'B', 'A', 'D'], ['B', 'A', 'C', 'D']]","{'C': 5, 'A': 4, 'B': 3, 'D': 3}","[0.58, 1.0, 1.0]",3.91
99,"[1, 4, 5]","[3, 4, 4]","[0.54, 0.79, 0.75]","[['A', 'C', 'D', 'B'], ['C', 'B', 'A', 'D'], ['B', 'C', 'A', 'D']]","{'C': 5, 'A': 4, 'B': 3, 'D': 3}","[0.58, 1.0, 1.0]",3.91
99,"[1, 4, 5]","[3, 4, 4]","[0.54, 0.79, 0.75]","[['A', 'C', 'D', 'B'], ['C', 'B', 'A', 'D'], ['C', 'A', 'B', 'D']]","{'C': 5, 'A': 4, 'B': 3, 'D': 3}","[0.58, 1.0, 1.0]",3.91
99,"[1, 4, 5]","[3, 4, 4]","[0.54, 0.79, 0.75]","[['A', 'C', 'D', 'B'], ['C', 'B', 'A', 'D'], ['C', 'A', 'D', 'B']]","{'C': 5, 'A': 4, 'D': 4, 'B': 2}","[0.58, 1.0, 1.0]",4.0
99,"[1, 4, 5]","[3, 4, 4]","[0.54, 0.79, 0.75]","[['A', 'C', 'D', 'B'], ['C', 'B', 'A', 'D'], ['C', 'B', 'A', 'D']]","{'C': 5, 'A': 4, 'B': 3, 'D': 3}","[0.58, 1.0, 1.0]",3.91
99,"[1, 4, 5]","[3, 4, 4]","[0.54, 0.79, 0.75]","[['A', 'C', 'D', 'B'], ['C', 'B', 'A', 'D'], ['C', 'D', 'A', 'B']]","{'C': 5, 'A': 4, 'D': 4, 'B': 2}","[0.58, 1.0, 1.0]",4.0
99,"[1, 4, 5]","[3, 4, 4]","[0.54, 0.79, 0.75]","[['A', 'C', 'D', 'B'], ['C', 'B', 'A', 'D'], ['D', 'A', 'C', 'B']]","{'C': 5, 'A': 4, 'D': 4, 'B': 2}","[0.58, 1.0, 1.0]",4.0
99,"[1, 4, 5]","[3, 4, 4]","[0.54, 0.79, 0.75]","[['A', 'C', 'D', 'B'], ['C', 'B', 'A', 'D'], ['D', 'C', 'A', 'B']]","{'C': 5, 'A': 4, 'D': 4, 'B': 2}","[0.58, 1.0, 1.0]",4.0
99,"[1, 4, 5]","[3, 4, 4]","[0.54, 0.79, 0.75]","[['A', 'C', 'D', 'B'], ['C', 'D', 'A', 'B'], ['A', 'B', 'C', 'D']]","{'C': 5, 'A': 4, 'D': 4, 'B': 2}","[0.58, 1.0, 1.0]",4.0
99,"[1, 4, 5]","[3, 4, 4]","[0.54, 0.79, 0.75]","[['A', 'C', 'D', 'B'], ['C', 'D', 'A', 'B'], ['A', 'C', 'B', 'D']]","{'C': 5, 'A': 4, 'D': 4, 'B': 2}","[0.58, 1.0, 1.0]",4.0
99,"[1, 4, 5]","[3, 4, 4]","[0.54, 0.79, 0.75]","[['A', 'C', 'D', 'B'], ['C', 'D', 'A', 'B'], ['B', 'A', 'C', 'D']]","{'C': 5, 'A': 4, 'D': 4, 'B': 2}","[0.58, 1.0, 1.0]",4.0
99,"[1, 4, 5]","[3, 4, 4]","[0.54, 0.79, 0.75]","[['A', 'C', 'D', 'B'], ['C', 'D', 'A', 'B'], ['B', 'C', 'A', 'D']]","{'C': 5, 'A': 4, 'D': 4, 'B': 2}","[0.58, 1.0, 1.0]",4.0
99,"[1, 4, 5]","[3, 4, 4]","[0.54, 0.79, 0.75]","[['A', 'C', 'D', 'B'], ['C', 'D', 'A', 'B'], ['C', 'A', 'B', 'D']]","{'C': 5, 'A': 4, 'D': 4, 'B': 2}","[0.58, 1.0, 1.0]",4.0
99,"[1, 4, 5]","[3, 4, 4]","[0.54, 0.79, 0.75]","[['A', 'C', 'D', 'B'], ['C', 'D', 'A', 'B'], ['C', 'B', 'A', 'D']]","{'C': 5, 'A': 4, 'D': 4, 'B': 2}","[0.58, 1.0, 1.0]",4.0
99,"[1, 4, 5]","[3, 4, 4]","[0.54, 0.79, 0.75]","[['A', 'C', 'D', 'B'], ['D', 'A', 'C', 'B'], ['A', 'B', 'C', 'D']]","{'C': 5, 'A': 4, 'D': 4, 'B': 2}","[0.58, 1.0, 1.0]",4.0
99,"[1, 4, 5]","[3, 4, 4]","[0.54, 0.79, 0.75]","[['A', 'C', 'D', 'B'], ['D', 'A', 'C', 'B'], ['A', 'C', 'B', 'D']]","{'C': 5, 'A': 4, 'D': 4, 'B': 2}","[0.58, 1.0, 1.0]",4.0
99,"[1, 4, 5]","[3, 4, 4]","[0.54, 0.79, 0.75]","[['A', 'C', 'D', 'B'], ['D', 'A', 'C', 'B'], ['B', 'A', 'C', 'D']]","{'C': 5, 'A': 4, 'D': 4, 'B': 2}","[0.58, 1.0, 1.0]",4.0
99,"[1, 4, 5]","[3, 4, 4]","[0.54, 0.79, 0.75]","[['A', 'C', 'D', 'B'], ['D', 'A', 'C', 'B'], ['B', 'C', 'A', 'D']]","{'C': 5, 'A': 4, 'D': 4, 'B': 2}","[0.58, 1.0, 1.0]",4.0
99,"[1, 4, 5]","[3, 4, 4]","[0.54, 0.79, 0.75]","[['A', 'C', 'D', 'B'], ['D', 'A', 'C', 'B'], ['C', 'A', 'B', 'D']]","{'C': 5, 'A': 4, 'D': 4, 'B': 2}","[0.58, 1.0, 1.0]",4.0
99,"[1, 4, 5]","[3, 4, 4]","[0.54, 0.79, 0.75]","[['A', 'C', 'D', 'B'], ['D', 'A', 'C', 'B'], ['C', 'B', 'A', 'D']]","{'C': 5, 'A': 4, 'D': 4, 'B': 2}","[0.58, 1.0, 1.0]",4.0
99,"[1, 4, 5]","[3, 4, 4]","[0.54, 0.79, 0.75]","[['A', 'C', 'D', 'B'], ['D', 'C', 'A', 'B'], ['A', 'B', 'C', 'D']]","{'C': 5, 'A': 4, 'D': 4, 'B': 2}","[0.58, 1.0, 1.0]",4.0
99,"[1, 4, 5]","[3, 4, 4]","[0.54, 0.79, 0.75]","[['A', 'C', 'D', 'B'], ['D', 'C', 'A', 'B'], ['A', 'C', 'B', 'D']]","{'C': 5, 'A': 4, 'D': 4, 'B': 2}","[0.58, 1.0, 1.0]",4.0
99,"[1, 4, 5]","[3, 4, 4]","[0.54, 0.79, 0.75]","[['A', 'C', 'D', 'B'], ['D', 'C', 'A', 'B'], ['B', 'A', 'C', 'D']]","{'C': 5, 'A': 4, 'D': 4, 'B': 2}","[0.58, 1.0, 1.0]",4.0
99,"[1, 4, 5]","[3, 4, 4]","[0.54, 0.79, 0.75]","[['A', 'C', 'D', 'B'], ['D', 'C', 'A', 'B'], ['B', 'C', 'A', 'D']]","{'C': 5, 'A': 4, 'D': 4, 'B': 2}","[0.58, 1.0, 1.0]",4.0
99,"[1, 4, 5]","[3, 4, 4]","[0.54, 0.79, 0.75]","[['A', 'C', 'D', 'B'], ['D', 'C', 'A', 'B'], ['C', 'A', 'B', 'D']]","{'C': 5, 'A': 4, 'D': 4, 'B': 2}","[0.58, 1.0, 1.0]",4.0
99,"[1, 4, 5]","[3, 4, 4]","[0.54, 0.79, 0.75]","[['A', 'C', 'D', 'B'], ['D', 'C', 'A', 'B'], ['C', 'B', 'A', 'D']]","{'C': 5, 'A': 4, 'D': 4, 'B': 2}","[0.58, 1.0, 1.0]",4.0
99,"[1, 4, 5]","[3, 4, 4]","[0.54, 0.79, 0.75]","[['A', 'D', 'C', 'B'], ['A', 'B', 'C', 'D'], ['A', 'B', 'C', 'D']]","{'C': 5, 'A': 4, 'B': 3, 'D': 3}","[0.58, 1.0, 1.0]",3.91
99,"[1, 4, 5]","[3, 4, 4]","[0.54, 0.79, 0.75]","[['A', 'D', 'C', 'B'], ['A', 'B', 'C', 'D'], ['A', 'C', 'B', 'D']]","{'C': 5, 'A': 4, 'B': 3, 'D': 3}","[0.58, 1.0, 1.0]",3.91
99,"[1, 4, 5]","[3, 4, 4]","[0.54, 0.79, 0.75]","[['A', 'D', 'C', 'B'], ['A', 'B', 'C', 'D'], ['A', 'C', 'D', 'B']]","{'C': 5, 'A': 4, 'D': 4, 'B': 2}","[0.58, 1.0, 1.0]",4.0
99,"[1, 4, 5]","[3, 4, 4]","[0.54, 0.79, 0.75]","[['A', 'D', 'C', 'B'], ['A', 'B', 'C', 'D'], ['A', 'D', 'C', 'B']]","{'C': 5, 'A': 4, 'D': 4, 'B': 2}","[0.58, 1.0, 1.0]",4.0
99,"[1, 4, 5]","[3, 4, 4]","[0.54, 0.79, 0.75]","[['A', 'D', 'C', 'B'], ['A', 'B', 'C', 'D'], ['B', 'A', 'C', 'D']]","{'C': 5, 'A': 4, 'B': 3, 'D': 3}","[0.58, 1.0, 1.0]",3.91
99,"[1, 4, 5]","[3, 4, 4]","[0.54, 0.79, 0.75]","[['A', 'D', 'C', 'B'], ['A', 'B', 'C', 'D'], ['B', 'C', 'A', 'D']]","{'C': 5, 'A': 4, 'B': 3, 'D': 3}","[0.58, 1.0, 1.0]",3.91
99,"[1, 4, 5]","[3, 4, 4]","[0.54, 0.79, 0.75]","[['A', 'D', 'C', 'B'], ['A', 'B', 'C', 'D'], ['C', 'A', 'B', 'D']]","{'C': 5, 'A': 4, 'B': 3, 'D': 3}","[0.58, 1.0, 1.0]",3.91
99,"[1, 4, 5]","[3, 4, 4]","[0.54, 0.79, 0.75]","[['A', 'D', 'C', 'B'], ['A', 'B', 'C', 'D'], ['C', 'A', 'D', 'B']]","{'C': 5, 'A': 4, 'D': 4, 'B': 2}","[0.58, 1.0, 1.0]",4.0
99,"[1, 4, 5]","[3, 4, 4]","[0.54, 0.79, 0.75]","[['A', 'D', 'C', 'B'], ['A', 'B', 'C', 'D'], ['C', 'B', 'A', 'D']]","{'C': 5, 'A': 4, 'B': 3, 'D': 3}","[0.58, 1.0, 1.0]",3.91
99,"[1, 4, 5]","[3, 4, 4]","[0.54, 0.79, 0.75]","[['A', 'D', 'C', 'B'], ['A', 'B', 'C', 'D'], ['C', 'D', 'A', 'B']]","{'C': 5, 'A': 4, 'D': 4, 'B': 2}","[0.58, 1.0, 1.0]",4.0
99,"[1, 4, 5]","[3, 4, 4]","[0.54, 0.79, 0.75]","[['A', 'D', 'C', 'B'], ['A', 'B', 'C', 'D'], ['D', 'A', 'C', 'B']]","{'C': 5, 'A': 4, 'D': 4, 'B': 2}","[0.58, 1.0, 1.0]",4.0
99,"[1, 4, 5]","[3, 4, 4]","[0.54, 0.79, 0.75]","[['A', 'D', 'C', 'B'], ['A', 'B', 'C', 'D'], ['D', 'C', 'A', 'B']]","{'C': 5, 'A': 4, 'D': 4, 'B': 2}","[0.58, 1.0, 1.0]",4.0
99,"[1, 4, 5]","[3, 4, 4]","[0.54, 0.79, 0.75]","[['A', 'D', 'C', 'B'], ['A', 'C', 'B', 'D'], ['A', 'B', 'C', 'D']]","{'C': 5, 'A': 4, 'B': 3, 'D': 3}","[0.58, 1.0, 1.0]",3.91
99,"[1, 4, 5]","[3, 4, 4]","[0.54, 0.79, 0.75]","[['A', 'D', 'C', 'B'], ['A', 'C', 'B', 'D'], ['A', 'C', 'B', 'D']]","{'C': 5, 'A': 4, 'B': 3, 'D': 3}","[0.58, 1.0, 1.0]",3.91
99,"[1, 4, 5]","[3, 4, 4]","[0.54, 0.79, 0.75]","[['A', 'D', 'C', 'B'], ['A', 'C', 'B', 'D'], ['A', 'C', 'D', 'B']]","{'C': 5, 'A': 4, 'D': 4, 'B': 2}","[0.58, 1.0, 1.0]",4.0
99,"[1, 4, 5]","[3, 4, 4]","[0.54, 0.79, 0.75]","[['A', 'D', 'C', 'B'], ['A', 'C', 'B', 'D'], ['A', 'D', 'C', 'B']]","{'C': 5, 'A': 4, 'D': 4, 'B': 2}","[0.58, 1.0, 1.0]",4.0
99,"[1, 4, 5]","[3, 4, 4]","[0.54, 0.79, 0.75]","[['A', 'D', 'C', 'B'], ['A', 'C', 'B', 'D'], ['B', 'A', 'C', 'D']]","{'C': 5, 'A': 4, 'B': 3, 'D': 3}","[0.58, 1.0, 1.0]",3.91
99,"[1, 4, 5]","[3, 4, 4]","[0.54, 0.79, 0.75]","[['A', 'D', 'C', 'B'], ['A', 'C', 'B', 'D'], ['B', 'C', 'A', 'D']]","{'C': 5, 'A': 4, 'B': 3, 'D': 3}","[0.58, 1.0, 1.0]",3.91
99,"[1, 4, 5]","[3, 4, 4]","[0.54, 0.79, 0.75]","[['A', 'D', 'C', 'B'], ['A', 'C', 'B', 'D'], ['C', 'A', 'B', 'D']]","{'C': 5, 'A': 4, 'B': 3, 'D': 3}","[0.58, 1.0, 1.0]",3.91
99,"[1, 4, 5]","[3, 4, 4]","[0.54, 0.79, 0.75]","[['A', 'D', 'C', 'B'], ['A', 'C', 'B', 'D'], ['C', 'A', 'D', 'B']]","{'C': 5, 'A': 4, 'D': 4, 'B': 2}","[0.58, 1.0, 1.0]",4.0
99,"[1, 4, 5]","[3, 4, 4]","[0.54, 0.79, 0.75]","[['A', 'D', 'C', 'B'], ['A', 'C', 'B', 'D'], ['C', 'B', 'A', 'D']]","{'C': 5, 'A': 4, 'B': 3, 'D': 3}","[0.58, 1.0, 1.0]",3.91
99,"[1, 4, 5]","[3, 4, 4]","[0.54, 0.79, 0.75]","[['A', 'D', 'C', 'B'], ['A', 'C', 'B', 'D'], ['C', 'D', 'A', 'B']]","{'C': 5, 'A': 4, 'D': 4, 'B': 2}","[0.58, 1.0, 1.0]",4.0
99,"[1, 4, 5]","[3, 4, 4]","[0.54, 0.79, 0.75]","[['A', 'D', 'C', 'B'], ['A', 'C', 'B', 'D'], ['D', 'A', 'C', 'B']]","{'C': 5, 'A': 4, 'D': 4, 'B': 2}","[0.58, 1.0, 1.0]",4.0
99,"[1, 4, 5]","[3, 4, 4]","[0.54, 0.79, 0.75]","[['A', 'D', 'C', 'B'], ['A', 'C', 'B', 'D'], ['D', 'C', 'A', 'B']]","{'C': 5, 'A': 4, 'D': 4, 'B': 2}","[0.58, 1.0, 1.0]",4.0
99,"[1, 4, 5]","[3, 4, 4]","[0.54, 0.79, 0.75]","[['A', 'D', 'C', 'B'], ['A', 'C', 'D', 'B'], ['A', 'B', 'C', 'D']]","{'C': 5, 'A': 4, 'D': 4, 'B': 2}","[0.58, 1.0, 1.0]",4.0
99,"[1, 4, 5]","[3, 4, 4]","[0.54, 0.79, 0.75]","[['A', 'D', 'C', 'B'], ['A', 'C', 'D', 'B'], ['A', 'C', 'B', 'D']]","{'C': 5, 'A': 4, 'D': 4, 'B': 2}","[0.58, 1.0, 1.0]",4.0
99,"[1, 4, 5]","[3, 4, 4]","[0.54, 0.79, 0.75]","[['A', 'D', 'C', 'B'], ['A', 'C', 'D', 'B'], ['B', 'A', 'C', 'D']]","{'C': 5, 'A': 4, 'D': 4, 'B': 2}","[0.58, 1.0, 1.0]",4.0
99,"[1, 4, 5]","[3, 4, 4]","[0.54, 0.79, 0.75]","[['A', 'D', 'C', 'B'], ['A', 'C', 'D', 'B'], ['B', 'C', 'A', 'D']]","{'C': 5, 'A': 4, 'D': 4, 'B': 2}","[0.58, 1.0, 1.0]",4.0
99,"[1, 4, 5]","[3, 4, 4]","[0.54, 0.79, 0.75]","[['A', 'D', 'C', 'B'], ['A', 'C', 'D', 'B'], ['C', 'A', 'B', 'D']]","{'C': 5, 'A': 4, 'D': 4, 'B': 2}","[0.58, 1.0, 1.0]",4.0
99,"[1, 4, 5]","[3, 4, 4]","[0.54, 0.79, 0.75]","[['A', 'D', 'C', 'B'], ['A', 'C', 'D', 'B'], ['C', 'B', 'A', 'D']]","{'C': 5, 'A': 4, 'D': 4, 'B': 2}","[0.58, 1.0, 1.0]",4.0
99,"[1, 4, 5]","[3, 4, 4]","[0.54, 0.79, 0.75]","[['A', 'D', 'C', 'B'], ['A', 'D', 'C', 'B'], ['A', 'B', 'C', 'D']]","{'C': 5, 'A': 4, 'D': 4, 'B': 2}","[0.58, 1.0, 1.0]",4.0
99,"[1, 4, 5]","[3, 4, 4]","[0.54, 0.79, 0.75]","[['A', 'D', 'C', 'B'], ['A', 'D', 'C', 'B'], ['A', 'C', 'B', 'D']]","{'C': 5, 'A': 4, 'D': 4, 'B': 2}","[0.58, 1.0, 1.0]",4.0
99,"[1, 4, 5]","[3, 4, 4]","[0.54, 0.79, 0.75]","[['A', 'D', 'C', 'B'], ['A', 'D', 'C', 'B'], ['B', 'A', 'C', 'D']]","{'C': 5, 'A': 4, 'D': 4, 'B': 2}","[0.58, 1.0, 1.0]",4.0
99,"[1, 4, 5]","[3, 4, 4]","[0.54, 0.79, 0.75]","[['A', 'D', 'C', 'B'], ['A', 'D', 'C', 'B'], ['B', 'C', 'A', 'D']]","{'C': 5, 'A': 4, 'D': 4, 'B': 2}","[0.58, 1.0, 1.0]",4.0
99,"[1, 4, 5]","[3, 4, 4]","[0.54, 0.79, 0.75]","[['A', 'D', 'C', 'B'], ['A', 'D', 'C', 'B'], ['C', 'A', 'B', 'D']]","{'C': 5, 'A': 4, 'D': 4, 'B': 2}","[0.58, 1.0, 1.0]",4.0
99,"[1, 4, 5]","[3, 4, 4]","[0.54, 0.79, 0.75]","[['A', 'D', 'C', 'B'], ['A', 'D', 'C', 'B'], ['C', 'B', 'A', 'D']]","{'C': 5, 'A': 4, 'D': 4, 'B': 2}","[0.58, 1.0, 1.0]",4.0
99,"[1, 4, 5]","[3, 4, 4]","[0.54, 0.79, 0.75]","[['A', 'D', 'C', 'B'], ['B', 'A', 'C', 'D'], ['A', 'B', 'C', 'D']]","{'C': 5, 'A': 4, 'B': 3, 'D': 3}","[0.58, 1.0, 1.0]",3.91
99,"[1, 4, 5]","[3, 4, 4]","[0.54, 0.79, 0.75]","[['A', 'D', 'C', 'B'], ['B', 'A', 'C', 'D'], ['A', 'C', 'B', 'D']]","{'C': 5, 'A': 4, 'B': 3, 'D': 3}","[0.58, 1.0, 1.0]",3.91
99,"[1, 4, 5]","[3, 4, 4]","[0.54, 0.79, 0.75]","[['A', 'D', 'C', 'B'], ['B', 'A', 'C', 'D'], ['A', 'C', 'D', 'B']]","{'C': 5, 'A': 4, 'D': 4, 'B': 2}","[0.58, 1.0, 1.0]",4.0
99,"[1, 4, 5]","[3, 4, 4]","[0.54, 0.79, 0.75]","[['A', 'D', 'C', 'B'], ['B', 'A', 'C', 'D'], ['A', 'D', 'C', 'B']]","{'C': 5, 'A': 4, 'D': 4, 'B': 2}","[0.58, 1.0, 1.0]",4.0
99,"[1, 4, 5]","[3, 4, 4]","[0.54, 0.79, 0.75]","[['A', 'D', 'C', 'B'], ['B', 'A', 'C', 'D'], ['B', 'A', 'C', 'D']]","{'C': 5, 'A': 4, 'B': 3, 'D': 3}","[0.58, 1.0, 1.0]",3.91
99,"[1, 4, 5]","[3, 4, 4]","[0.54, 0.79, 0.75]","[['A', 'D', 'C', 'B'], ['B', 'A', 'C', 'D'], ['B', 'C', 'A', 'D']]","{'C': 5, 'A': 4, 'B': 3, 'D': 3}","[0.58, 1.0, 1.0]",3.91
99,"[1, 4, 5]","[3, 4, 4]","[0.54, 0.79, 0.75]","[['A', 'D', 'C', 'B'], ['B', 'A', 'C', 'D'], ['C', 'A', 'B', 'D']]","{'C': 5, 'A': 4, 'B': 3, 'D': 3}","[0.58, 1.0, 1.0]",3.91
99,"[1, 4, 5]","[3, 4, 4]","[0.54, 0.79, 0.75]","[['A', 'D', 'C', 'B'], ['B', 'A', 'C', 'D'], ['C', 'A', 'D', 'B']]","{'C': 5, 'A': 4, 'D': 4, 'B': 2}","[0.58, 1.0, 1.0]",4.0
99,"[1, 4, 5]","[3, 4, 4]","[0.54, 0.79, 0.75]","[['A', 'D', 'C', 'B'], ['B', 'A', 'C', 'D'], ['C', 'B', 'A', 'D']]","{'C': 5, 'A': 4, 'B': 3, 'D': 3}","[0.58, 1.0, 1.0]",3.91
99,"[1, 4, 5]","[3, 4, 4]","[0.54, 0.79, 0.75]","[['A', 'D', 'C', 'B'], ['B', 'A', 'C', 'D'], ['C', 'D', 'A', 'B']]","{'C': 5, 'A': 4, 'D': 4, 'B': 2}","[0.58, 1.0, 1.0]",4.0
99,"[1, 4, 5]","[3, 4, 4]","[0.54, 0.79, 0.75]","[['A', 'D', 'C', 'B'], ['B', 'A', 'C', 'D'], ['D', 'A', 'C', 'B']]","{'C': 5, 'A': 4, 'D': 4, 'B': 2}","[0.58, 1.0, 1.0]",4.0
99,"[1, 4, 5]","[3, 4, 4]","[0.54, 0.79, 0.75]","[['A', 'D', 'C', 'B'], ['B', 'A', 'C', 'D'], ['D', 'C', 'A', 'B']]","{'C': 5, 'A': 4, 'D': 4, 'B': 2}","[0.58, 1.0, 1.0]",4.0
99,"[1, 4, 5]","[3, 4, 4]","[0.54, 0.79, 0.75]","[['A', 'D', 'C', 'B'], ['B', 'C', 'A', 'D'], ['A', 'B', 'C', 'D']]","{'C': 5, 'A': 4, 'B': 3, 'D': 3}","[0.58, 1.0, 1.0]",3.91
99,"[1, 4, 5]","[3, 4, 4]","[0.54, 0.79, 0.75]","[['A', 'D', 'C', 'B'], ['B', 'C', 'A', 'D'], ['A', 'C', 'B', 'D']]","{'C': 5, 'A': 4, 'B': 3, 'D': 3}","[0.58, 1.0, 1.0]",3.91
99,"[1, 4, 5]","[3, 4, 4]","[0.54, 0.79, 0.75]","[['A', 'D', 'C', 'B'], ['B', 'C', 'A', 'D'], ['A', 'C', 'D', 'B']]","{'C': 5, 'A': 4, 'D': 4, 'B': 2}","[0.58, 1.0, 1.0]",4.0
99,"[1, 4, 5]","[3, 4, 4]","[0.54, 0.79, 0.75]","[['A', 'D', 'C', 'B'], ['B', 'C', 'A', 'D'], ['A', 'D', 'C', 'B']]","{'C': 5, 'A': 4, 'D': 4, 'B': 2}","[0.58, 1.0, 1.0]",4.0
99,"[1, 4, 5]","[3, 4, 4]","[0.54, 0.79, 0.75]","[['A', 'D', 'C', 'B'], ['B', 'C', 'A', 'D'], ['B', 'A', 'C', 'D']]","{'C': 5, 'A': 4, 'B': 3, 'D': 3}","[0.58, 1.0, 1.0]",3.91
99,"[1, 4, 5]","[3, 4, 4]","[0.54, 0.79, 0.75]","[['A', 'D', 'C', 'B'], ['B', 'C', 'A', 'D'], ['B', 'C', 'A', 'D']]","{'C': 5, 'A': 4, 'B': 3, 'D': 3}","[0.58, 1.0, 1.0]",3.91
99,"[1, 4, 5]","[3, 4, 4]","[0.54, 0.79, 0.75]","[['A', 'D', 'C', 'B'], ['B', 'C', 'A', 'D'], ['C', 'A', 'B', 'D']]","{'C': 5, 'A': 4, 'B': 3, 'D': 3}","[0.58, 1.0, 1.0]",3.91
99,"[1, 4, 5]","[3, 4, 4]","[0.54, 0.79, 0.75]","[['A', 'D', 'C', 'B'], ['B', 'C', 'A', 'D'], ['C', 'A', 'D', 'B']]","{'C': 5, 'A': 4, 'D': 4, 'B': 2}","[0.58, 1.0, 1.0]",4.0
99,"[1, 4, 5]","[3, 4, 4]","[0.54, 0.79, 0.75]","[['A', 'D', 'C', 'B'], ['B', 'C', 'A', 'D'], ['C', 'B', 'A', 'D']]","{'C': 5, 'A': 4, 'B': 3, 'D': 3}","[0.58, 1.0, 1.0]",3.91
99,"[1, 4, 5]","[3, 4, 4]","[0.54, 0.79, 0.75]","[['A', 'D', 'C', 'B'], ['B', 'C', 'A', 'D'], ['C', 'D', 'A', 'B']]","{'C': 5, 'A': 4, 'D': 4, 'B': 2}","[0.58, 1.0, 1.0]",4.0
99,"[1, 4, 5]","[3, 4, 4]","[0.54, 0.79, 0.75]","[['A', 'D', 'C', 'B'], ['B', 'C', 'A', 'D'], ['D', 'A', 'C', 'B']]","{'C': 5, 'A': 4, 'D': 4, 'B': 2}","[0.58, 1.0, 1.0]",4.0
99,"[1, 4, 5]","[3, 4, 4]","[0.54, 0.79, 0.75]","[['A', 'D', 'C', 'B'], ['B', 'C', 'A', 'D'], ['D', 'C', 'A', 'B']]","{'C': 5, 'A': 4, 'D': 4, 'B': 2}","[0.58, 1.0, 1.0]",4.0
99,"[1, 4, 5]","[3, 4, 4]","[0.54, 0.79, 0.75]","[['A', 'D', 'C', 'B'], ['C', 'A', 'B', 'D'], ['A', 'B', 'C', 'D']]","{'C': 5, 'A': 4, 'B': 3, 'D': 3}","[0.58, 1.0, 1.0]",3.91
99,"[1, 4, 5]","[3, 4, 4]","[0.54, 0.79, 0.75]","[['A', 'D', 'C', 'B'], ['C', 'A', 'B', 'D'], ['A', 'C', 'B', 'D']]","{'C': 5, 'A': 4, 'B': 3, 'D': 3}","[0.58, 1.0, 1.0]",3.91
99,"[1, 4, 5]","[3, 4, 4]","[0.54, 0.79, 0.75]","[['A', 'D', 'C', 'B'], ['C', 'A', 'B', 'D'], ['A', 'C', 'D', 'B']]","{'C': 5, 'A': 4, 'D': 4, 'B': 2}","[0.58, 1.0, 1.0]",4.0
99,"[1, 4, 5]","[3, 4, 4]","[0.54, 0.79, 0.75]","[['A', 'D', 'C', 'B'], ['C', 'A', 'B', 'D'], ['A', 'D', 'C', 'B']]","{'C': 5, 'A': 4, 'D': 4, 'B': 2}","[0.58, 1.0, 1.0]",4.0
99,"[1, 4, 5]","[3, 4, 4]","[0.54, 0.79, 0.75]","[['A', 'D', 'C', 'B'], ['C', 'A', 'B', 'D'], ['B', 'A', 'C', 'D']]","{'C': 5, 'A': 4, 'B': 3, 'D': 3}","[0.58, 1.0, 1.0]",3.91
99,"[1, 4, 5]","[3, 4, 4]","[0.54, 0.79, 0.75]","[['A', 'D', 'C', 'B'], ['C', 'A', 'B', 'D'], ['B', 'C', 'A', 'D']]","{'C': 5, 'A': 4, 'B': 3, 'D': 3}","[0.58, 1.0, 1.0]",3.91
99,"[1, 4, 5]","[3, 4, 4]","[0.54, 0.79, 0.75]","[['A', 'D', 'C', 'B'], ['C', 'A', 'B', 'D'], ['C', 'A', 'B', 'D']]","{'C': 5, 'A': 4, 'B': 3, 'D': 3}","[0.58, 1.0, 1.0]",3.91
99,"[1, 4, 5]","[3, 4, 4]","[0.54, 0.79, 0.75]","[['A', 'D', 'C', 'B'], ['C', 'A', 'B', 'D'], ['C', 'A', 'D', 'B']]","{'C': 5, 'A': 4, 'D': 4, 'B': 2}","[0.58, 1.0, 1.0]",4.0
99,"[1, 4, 5]","[3, 4, 4]","[0.54, 0.79, 0.75]","[['A', 'D', 'C', 'B'], ['C', 'A', 'B', 'D'], ['C', 'B', 'A', 'D']]","{'C': 5, 'A': 4, 'B': 3, 'D': 3}","[0.58, 1.0, 1.0]",3.91
99,"[1, 4, 5]","[3, 4, 4]","[0.54, 0.79, 0.75]","[['A', 'D', 'C', 'B'], ['C', 'A', 'B', 'D'], ['C', 'D', 'A', 'B']]","{'C': 5, 'A': 4, 'D': 4, 'B': 2}","[0.58, 1.0, 1.0]",4.0
99,"[1, 4, 5]","[3, 4, 4]","[0.54, 0.79, 0.75]","[['A', 'D', 'C', 'B'], ['C', 'A', 'B', 'D'], ['D', 'A', 'C', 'B']]","{'C': 5, 'A': 4, 'D': 4, 'B': 2}","[0.58, 1.0, 1.0]",4.0
99,"[1, 4, 5]","[3, 4, 4]","[0.54, 0.79, 0.75]","[['A', 'D', 'C', 'B'], ['C', 'A', 'B', 'D'], ['D', 'C', 'A', 'B']]","{'C': 5, 'A': 4, 'D': 4, 'B': 2}","[0.58, 1.0, 1.0]",4.0
99,"[1, 4, 5]","[3, 4, 4]","[0.54, 0.79, 0.75]","[['A', 'D', 'C', 'B'], ['C', 'A', 'D', 'B'], ['A', 'B', 'C', 'D']]","{'C': 5, 'A': 4, 'D': 4, 'B': 2}","[0.58, 1.0, 1.0]",4.0
99,"[1, 4, 5]","[3, 4, 4]","[0.54, 0.79, 0.75]","[['A', 'D', 'C', 'B'], ['C', 'A', 'D', 'B'], ['A', 'C', 'B', 'D']]","{'C': 5, 'A': 4, 'D': 4, 'B': 2}","[0.58, 1.0, 1.0]",4.0
99,"[1, 4, 5]","[3, 4, 4]","[0.54, 0.79, 0.75]","[['A', 'D', 'C', 'B'], ['C', 'A', 'D', 'B'], ['B', 'A', 'C', 'D']]","{'C': 5, 'A': 4, 'D': 4, 'B': 2}","[0.58, 1.0, 1.0]",4.0
99,"[1, 4, 5]","[3, 4, 4]","[0.54, 0.79, 0.75]","[['A', 'D', 'C', 'B'], ['C', 'A', 'D', 'B'], ['B', 'C', 'A', 'D']]","{'C': 5, 'A': 4, 'D': 4, 'B': 2}","[0.58, 1.0, 1.0]",4.0
99,"[1, 4, 5]","[3, 4, 4]","[0.54, 0.79, 0.75]","[['A', 'D', 'C', 'B'], ['C', 'A', 'D', 'B'], ['C', 'A', 'B', 'D']]","{'C': 5, 'A': 4, 'D': 4, 'B': 2}","[0.58, 1.0, 1.0]",4.0
99,"[1, 4, 5]","[3, 4, 4]","[0.54, 0.79, 0.75]","[['A', 'D', 'C', 'B'], ['C', 'A', 'D', 'B'], ['C', 'B', 'A', 'D']]","{'C': 5, 'A': 4, 'D': 4, 'B': 2}","[0.58, 1.0, 1.0]",4.0
99,"[1, 4, 5]","[3, 4, 4]","[0.54, 0.79, 0.75]","[['A', 'D', 'C', 'B'], ['C', 'B', 'A', 'D'], ['A', 'B', 'C', 'D']]","{'C': 5, 'A': 4, 'B': 3, 'D': 3}","[0.58, 1.0, 1.0]",3.91
99,"[1, 4, 5]","[3, 4, 4]","[0.54, 0.79, 0.75]","[['A', 'D', 'C', 'B'], ['C', 'B', 'A', 'D'], ['A', 'C', 'B', 'D']]","{'C': 5, 'A': 4, 'B': 3, 'D': 3}","[0.58, 1.0, 1.0]",3.91
99,"[1, 4, 5]","[3, 4, 4]","[0.54, 0.79, 0.75]","[['A', 'D', 'C', 'B'], ['C', 'B', 'A', 'D'], ['A', 'C', 'D', 'B']]","{'C': 5, 'A': 4, 'D': 4, 'B': 2}","[0.58, 1.0, 1.0]",4.0
99,"[1, 4, 5]","[3, 4, 4]","[0.54, 0.79, 0.75]","[['A', 'D', 'C', 'B'], ['C', 'B', 'A', 'D'], ['A', 'D', 'C', 'B']]","{'C': 5, 'A': 4, 'D': 4, 'B': 2}","[0.58, 1.0, 1.0]",4.0
99,"[1, 4, 5]","[3, 4, 4]","[0.54, 0.79, 0.75]","[['A', 'D', 'C', 'B'], ['C', 'B', 'A', 'D'], ['B', 'A', 'C', 'D']]","{'C': 5, 'A': 4, 'B': 3, 'D': 3}","[0.58, 1.0, 1.0]",3.91
99,"[1, 4, 5]","[3, 4, 4]","[0.54, 0.79, 0.75]","[['A', 'D', 'C', 'B'], ['C', 'B', 'A', 'D'], ['B', 'C', 'A', 'D']]","{'C': 5, 'A': 4, 'B': 3, 'D': 3}","[0.58, 1.0, 1.0]",3.91
99,"[1, 4, 5]","[3, 4, 4]","[0.54, 0.79, 0.75]","[['A', 'D', 'C', 'B'], ['C', 'B', 'A', 'D'], ['C', 'A', 'B', 'D']]","{'C': 5, 'A': 4, 'B': 3, 'D': 3}","[0.58, 1.0, 1.0]",3.91
99,"[1, 4, 5]","[3, 4, 4]","[0.54, 0.79, 0.75]","[['A', 'D', 'C', 'B'], ['C', 'B', 'A', 'D'], ['C', 'A', 'D', 'B']]","{'C': 5, 'A': 4, 'D': 4, 'B': 2}","[0.58, 1.0, 1.0]",4.0
99,"[1, 4, 5]","[3, 4, 4]","[0.54, 0.79, 0.75]","[['A', 'D', 'C', 'B'], ['C', 'B', 'A', 'D'], ['C', 'B', 'A', 'D']]","{'C': 5, 'A': 4, 'B': 3, 'D': 3}","[0.58, 1.0, 1.0]",3.91
99,"[1, 4, 5]","[3, 4, 4]","[0.54, 0.79, 0.75]","[['A', 'D', 'C', 'B'], ['C', 'B', 'A', 'D'], ['C', 'D', 'A', 'B']]","{'C': 5, 'A': 4, 'D': 4, 'B': 2}","[0.58, 1.0, 1.0]",4.0
99,"[1, 4, 5]","[3, 4, 4]","[0.54, 0.79, 0.75]","[['A', 'D', 'C', 'B'], ['C', 'B', 'A', 'D'], ['D', 'A', 'C', 'B']]","{'C': 5, 'A': 4, 'D': 4, 'B': 2}","[0.58, 1.0, 1.0]",4.0
99,"[1, 4, 5]","[3, 4, 4]","[0.54, 0.79, 0.75]","[['A', 'D', 'C', 'B'], ['C', 'B', 'A', 'D'], ['D', 'C', 'A', 'B']]","{'C': 5, 'A': 4, 'D': 4, 'B': 2}","[0.58, 1.0, 1.0]",4.0
99,"[1, 4, 5]","[3, 4, 4]","[0.54, 0.79, 0.75]","[['A', 'D', 'C', 'B'], ['C', 'D', 'A', 'B'], ['A', 'B', 'C', 'D']]","{'C': 5, 'A': 4, 'D': 4, 'B': 2}","[0.58, 1.0, 1.0]",4.0
99,"[1, 4, 5]","[3, 4, 4]","[0.54, 0.79, 0.75]","[['A', 'D', 'C', 'B'], ['C', 'D', 'A', 'B'], ['A', 'C', 'B', 'D']]","{'C': 5, 'A': 4, 'D': 4, 'B': 2}","[0.58, 1.0, 1.0]",4.0
99,"[1, 4, 5]","[3, 4, 4]","[0.54, 0.79, 0.75]","[['A', 'D', 'C', 'B'], ['C', 'D', 'A', 'B'], ['B', 'A', 'C', 'D']]","{'C': 5, 'A': 4, 'D': 4, 'B': 2}","[0.58, 1.0, 1.0]",4.0
99,"[1, 4, 5]","[3, 4, 4]","[0.54, 0.79, 0.75]","[['A', 'D', 'C', 'B'], ['C', 'D', 'A', 'B'], ['B', 'C', 'A', 'D']]","{'C': 5, 'A': 4, 'D': 4, 'B': 2}","[0.58, 1.0, 1.0]",4.0
99,"[1, 4, 5]","[3, 4, 4]","[0.54, 0.79, 0.75]","[['A', 'D', 'C', 'B'], ['C', 'D', 'A', 'B'], ['C', 'A', 'B', 'D']]","{'C': 5, 'A': 4, 'D': 4, 'B': 2}","[0.58, 1.0, 1.0]",4.0
99,"[1, 4, 5]","[3, 4, 4]","[0.54, 0.79, 0.75]","[['A', 'D', 'C', 'B'], ['C', 'D', 'A', 'B'], ['C', 'B', 'A', 'D']]","{'C': 5, 'A': 4, 'D': 4, 'B': 2}","[0.58, 1.0, 1.0]",4.0
99,"[1, 4, 5]","[3, 4, 4]","[0.54, 0.79, 0.75]","[['A', 'D', 'C', 'B'], ['D', 'A', 'C', 'B'], ['A', 'B', 'C', 'D']]","{'C': 5, 'A': 4, 'D': 4, 'B': 2}","[0.58, 1.0, 1.0]",4.0
99,"[1, 4, 5]","[3, 4, 4]","[0.54, 0.79, 0.75]","[['A', 'D', 'C', 'B'], ['D', 'A', 'C', 'B'], ['A', 'C', 'B', 'D']]","{'C': 5, 'A': 4, 'D': 4, 'B': 2}","[0.58, 1.0, 1.0]",4.0
99,"[1, 4, 5]","[3, 4, 4]","[0.54, 0.79, 0.75]","[['A', 'D', 'C', 'B'], ['D', 'A', 'C', 'B'], ['B', 'A', 'C', 'D']]","{'C': 5, 'A': 4, 'D': 4, 'B': 2}","[0.58, 1.0, 1.0]",4.0
99,"[1, 4, 5]","[3, 4, 4]","[0.54, 0.79, 0.75]","[['A', 'D', 'C', 'B'], ['D', 'A', 'C', 'B'], ['B', 'C', 'A', 'D']]","{'C': 5, 'A': 4, 'D': 4, 'B': 2}","[0.58, 1.0, 1.0]",4.0
99,"[1, 4, 5]","[3, 4, 4]","[0.54, 0.79, 0.75]","[['A', 'D', 'C', 'B'], ['D', 'A', 'C', 'B'], ['C', 'A', 'B', 'D']]","{'C': 5, 'A': 4, 'D': 4, 'B': 2}","[0.58, 1.0, 1.0]",4.0
99,"[1, 4, 5]","[3, 4, 4]","[0.54, 0.79, 0.75]","[['A', 'D', 'C', 'B'], ['D', 'A', 'C', 'B'], ['C', 'B', 'A', 'D']]","{'C': 5, 'A': 4, 'D': 4, 'B': 2}","[0.58, 1.0, 1.0]",4.0
99,"[1, 4, 5]","[3, 4, 4]","[0.54, 0.79, 0.75]","[['A', 'D', 'C', 'B'], ['D', 'C', 'A', 'B'], ['A', 'B', 'C', 'D']]","{'C': 5, 'A': 4, 'D': 4, 'B': 2}","[0.58, 1.0, 1.0]",4.0
99,"[1, 4, 5]","[3, 4, 4]","[0.54, 0.79, 0.75]","[['A', 'D', 'C', 'B'], ['D', 'C', 'A', 'B'], ['A', 'C', 'B', 'D']]","{'C': 5, 'A': 4, 'D': 4, 'B': 2}","[0.58, 1.0, 1.0]",4.0
99,"[1, 4, 5]","[3, 4, 4]","[0.54, 0.79, 0.75]","[['A', 'D', 'C', 'B'], ['D', 'C', 'A', 'B'], ['B', 'A', 'C', 'D']]","{'C': 5, 'A': 4, 'D': 4, 'B': 2}","[0.58, 1.0, 1.0]",4.0
99,"[1, 4, 5]","[3, 4, 4]","[0.54, 0.79, 0.75]","[['A', 'D', 'C', 'B'], ['D', 'C', 'A', 'B'], ['B', 'C', 'A', 'D']]","{'C': 5, 'A': 4, 'D': 4, 'B': 2}","[0.58, 1.0, 1.0]",4.0
99,"[1, 4, 5]","[3, 4, 4]","[0.54, 0.79, 0.75]","[['A', 'D', 'C', 'B'], ['D', 'C', 'A', 'B'], ['C', 'A', 'B', 'D']]","{'C': 5, 'A': 4, 'D': 4, 'B': 2}","[0.58, 1.0, 1.0]",4.0
99,"[1, 4, 5]","[3, 4, 4]","[0.54, 0.79, 0.75]","[['A', 'D', 'C', 'B'], ['D', 'C', 'A', 'B'], ['C', 'B', 'A', 'D']]","{'C': 5, 'A': 4, 'D': 4, 'B': 2}","[0.58, 1.0, 1.0]",4.0
99,"[1, 4, 5]","[3, 4, 4]","[0.54, 0.79, 0.75]","[['B', 'A', 'C', 'D'], ['A', 'B', 'C', 'D'], ['A', 'B', 'C', 'D']]","{'C': 5, 'A': 4, 'B': 4, 'D': 2}","[0.58, 1.0, 1.0]",3.91
99,"[1, 4, 5]","[3, 4, 4]","[0.54, 0.79, 0.75]","[['B', 'A', 'C', 'D'], ['A', 'B', 'C', 'D'], ['A', 'C', 'B', 'D']]","{'C': 5, 'A': 4, 'B': 4, 'D': 2}","[0.58, 1.0, 1.0]",3.91
99,"[1, 4, 5]","[3, 4, 4]","[0.54, 0.79, 0.75]","[['B', 'A', 'C', 'D'], ['A', 'B', 'C', 'D'], ['A', 'C', 'D', 'B']]","{'C': 5, 'A': 4, 'B': 3, 'D': 3}","[0.58, 1.0, 1.0]",3.91
99,"[1, 4, 5]","[3, 4, 4]","[0.54, 0.79, 0.75]","[['B', 'A', 'C', 'D'], ['A', 'B', 'C', 'D'], ['A', 'D', 'C', 'B']]","{'C': 5, 'A': 4, 'B': 3, 'D': 3}","[0.58, 1.0, 1.0]",3.91
99,"[1, 4, 5]","[3, 4, 4]","[0.54, 0.79, 0.75]","[['B', 'A', 'C', 'D'], ['A', 'B', 'C', 'D'], ['B', 'A', 'C', 'D']]","{'C': 5, 'A': 4, 'B': 4, 'D': 2}","[0.58, 1.0, 1.0]",3.91
99,"[1, 4, 5]","[3, 4, 4]","[0.54, 0.79, 0.75]","[['B', 'A', 'C', 'D'], ['A', 'B', 'C', 'D'], ['B', 'C', 'A', 'D']]","{'C': 5, 'A': 4, 'B': 4, 'D': 2}","[0.58, 1.0, 1.0]",3.91
99,"[1, 4, 5]","[3, 4, 4]","[0.54, 0.79, 0.75]","[['B', 'A', 'C', 'D'], ['A', 'B', 'C', 'D'], ['C', 'A', 'B', 'D']]","{'C': 5, 'A': 4, 'B': 4, 'D': 2}","[0.58, 1.0, 1.0]",3.91
99,"[1, 4, 5]","[3, 4, 4]","[0.54, 0.79, 0.75]","[['B', 'A', 'C', 'D'], ['A', 'B', 'C', 'D'], ['C', 'A', 'D', 'B']]","{'C': 5, 'A': 4, 'B': 3, 'D': 3}","[0.58, 1.0, 1.0]",3.91
99,"[1, 4, 5]","[3, 4, 4]","[0.54, 0.79, 0.75]","[['B', 'A', 'C', 'D'], ['A', 'B', 'C', 'D'], ['C', 'B', 'A', 'D']]","{'C': 5, 'A': 4, 'B': 4, 'D': 2}","[0.58, 1.0, 1.0]",3.91
99,"[1, 4, 5]","[3, 4, 4]","[0.54, 0.79, 0.75]","[['B', 'A', 'C', 'D'], ['A', 'B', 'C', 'D'], ['C', 'D', 'A', 'B']]","{'C': 5, 'A': 4, 'B': 3, 'D': 3}","[0.58, 1.0, 1.0]",3.91
99,"[1, 4, 5]","[3, 4, 4]","[0.54, 0.79, 0.75]","[['B', 'A', 'C', 'D'], ['A', 'B', 'C', 'D'], ['D', 'A', 'C', 'B']]","{'C': 5, 'A': 4, 'B': 3, 'D': 3}","[0.58, 1.0, 1.0]",3.91
99,"[1, 4, 5]","[3, 4, 4]","[0.54, 0.79, 0.75]","[['B', 'A', 'C', 'D'], ['A', 'B', 'C', 'D'], ['D', 'C', 'A', 'B']]","{'C': 5, 'A': 4, 'B': 3, 'D': 3}","[0.58, 1.0, 1.0]",3.91
99,"[1, 4, 5]","[3, 4, 4]","[0.54, 0.79, 0.75]","[['B', 'A', 'C', 'D'], ['A', 'C', 'B', 'D'], ['A', 'B', 'C', 'D']]","{'C': 5, 'A': 4, 'B': 4, 'D': 2}","[0.58, 1.0, 1.0]",3.91
99,"[1, 4, 5]","[3, 4, 4]","[0.54, 0.79, 0.75]","[['B', 'A', 'C', 'D'], ['A', 'C', 'B', 'D'], ['A', 'C', 'B', 'D']]","{'C': 5, 'A': 4, 'B': 4, 'D': 2}","[0.58, 1.0, 1.0]",3.91
99,"[1, 4, 5]","[3, 4, 4]","[0.54, 0.79, 0.75]","[['B', 'A', 'C', 'D'], ['A', 'C', 'B', 'D'], ['A', 'C', 'D', 'B']]","{'C': 5, 'A': 4, 'B': 3, 'D': 3}","[0.58, 1.0, 1.0]",3.91
99,"[1, 4, 5]","[3, 4, 4]","[0.54, 0.79, 0.75]","[['B', 'A', 'C', 'D'], ['A', 'C', 'B', 'D'], ['A', 'D', 'C', 'B']]","{'C': 5, 'A': 4, 'B': 3, 'D': 3}","[0.58, 1.0, 1.0]",3.91
99,"[1, 4, 5]","[3, 4, 4]","[0.54, 0.79, 0.75]","[['B', 'A', 'C', 'D'], ['A', 'C', 'B', 'D'], ['B', 'A', 'C', 'D']]","{'C': 5, 'A': 4, 'B': 4, 'D': 2}","[0.58, 1.0, 1.0]",3.91
99,"[1, 4, 5]","[3, 4, 4]","[0.54, 0.79, 0.75]","[['B', 'A', 'C', 'D'], ['A', 'C', 'B', 'D'], ['B', 'C', 'A', 'D']]","{'C': 5, 'A': 4, 'B': 4, 'D': 2}","[0.58, 1.0, 1.0]",3.91
99,"[1, 4, 5]","[3, 4, 4]","[0.54, 0.79, 0.75]","[['B', 'A', 'C', 'D'], ['A', 'C', 'B', 'D'], ['C', 'A', 'B', 'D']]","{'C': 5, 'A': 4, 'B': 4, 'D': 2}","[0.58, 1.0, 1.0]",3.91
99,"[1, 4, 5]","[3, 4, 4]","[0.54, 0.79, 0.75]","[['B', 'A', 'C', 'D'], ['A', 'C', 'B', 'D'], ['C', 'A', 'D', 'B']]","{'C': 5, 'A': 4, 'B': 3, 'D': 3}","[0.58, 1.0, 1.0]",3.91
99,"[1, 4, 5]","[3, 4, 4]","[0.54, 0.79, 0.75]","[['B', 'A', 'C', 'D'], ['A', 'C', 'B', 'D'], ['C', 'B', 'A', 'D']]","{'C': 5, 'A': 4, 'B': 4, 'D': 2}","[0.58, 1.0, 1.0]",3.91
99,"[1, 4, 5]","[3, 4, 4]","[0.54, 0.79, 0.75]","[['B', 'A', 'C', 'D'], ['A', 'C', 'B', 'D'], ['C', 'D', 'A', 'B']]","{'C': 5, 'A': 4, 'B': 3, 'D': 3}","[0.58, 1.0, 1.0]",3.91
99,"[1, 4, 5]","[3, 4, 4]","[0.54, 0.79, 0.75]","[['B', 'A', 'C', 'D'], ['A', 'C', 'B', 'D'], ['D', 'A', 'C', 'B']]","{'C': 5, 'A': 4, 'B': 3, 'D': 3}","[0.58, 1.0, 1.0]",3.91
99,"[1, 4, 5]","[3, 4, 4]","[0.54, 0.79, 0.75]","[['B', 'A', 'C', 'D'], ['A', 'C', 'B', 'D'], ['D', 'C', 'A', 'B']]","{'C': 5, 'A': 4, 'B': 3, 'D': 3}","[0.58, 1.0, 1.0]",3.91
99,"[1, 4, 5]","[3, 4, 4]","[0.54, 0.79, 0.75]","[['B', 'A', 'C', 'D'], ['A', 'C', 'D', 'B'], ['A', 'B', 'C', 'D']]","{'C': 5, 'A': 4, 'B': 3, 'D': 3}","[0.58, 1.0, 1.0]",3.91
99,"[1, 4, 5]","[3, 4, 4]","[0.54, 0.79, 0.75]","[['B', 'A', 'C', 'D'], ['A', 'C', 'D', 'B'], ['A', 'C', 'B', 'D']]","{'C': 5, 'A': 4, 'B': 3, 'D': 3}","[0.58, 1.0, 1.0]",3.91
99,"[1, 4, 5]","[3, 4, 4]","[0.54, 0.79, 0.75]","[['B', 'A', 'C', 'D'], ['A', 'C', 'D', 'B'], ['A', 'C', 'D', 'B']]","{'C': 5, 'A': 4, 'D': 4, 'B': 2}","[0.58, 1.0, 1.0]",4.0
99,"[1, 4, 5]","[3, 4, 4]","[0.54, 0.79, 0.75]","[['B', 'A', 'C', 'D'], ['A', 'C', 'D', 'B'], ['A', 'D', 'C', 'B']]","{'C': 5, 'A': 4, 'D': 4, 'B': 2}","[0.58, 1.0, 1.0]",4.0
99,"[1, 4, 5]","[3, 4, 4]","[0.54, 0.79, 0.75]","[['B', 'A', 'C', 'D'], ['A', 'C', 'D', 'B'], ['B', 'A', 'C', 'D']]","{'C': 5, 'A': 4, 'B': 3, 'D': 3}","[0.58, 1.0, 1.0]",3.91
99,"[1, 4, 5]","[3, 4, 4]","[0.54, 0.79, 0.75]","[['B', 'A', 'C', 'D'], ['A', 'C', 'D', 'B'], ['B', 'C', 'A', 'D']]","{'C': 5, 'A': 4, 'B': 3, 'D': 3}","[0.58, 1.0, 1.0]",3.91
99,"[1, 4, 5]","[3, 4, 4]","[0.54, 0.79, 0.75]","[['B', 'A', 'C', 'D'], ['A', 'C', 'D', 'B'], ['C', 'A', 'B', 'D']]","{'C': 5, 'A': 4, 'B': 3, 'D': 3}","[0.58, 1.0, 1.0]",3.91
99,"[1, 4, 5]","[3, 4, 4]","[0.54, 0.79, 0.75]","[['B', 'A', 'C', 'D'], ['A', 'C', 'D', 'B'], ['C', 'A', 'D', 'B']]","{'C': 5, 'A': 4, 'D': 4, 'B': 2}","[0.58, 1.0, 1.0]",4.0
99,"[1, 4, 5]","[3, 4, 4]","[0.54, 0.79, 0.75]","[['B', 'A', 'C', 'D'], ['A', 'C', 'D', 'B'], ['C', 'B', 'A', 'D']]","{'C': 5, 'A': 4, 'B': 3, 'D': 3}","[0.58, 1.0, 1.0]",3.91
99,"[1, 4, 5]","[3, 4, 4]","[0.54, 0.79, 0.75]","[['B', 'A', 'C', 'D'], ['A', 'C', 'D', 'B'], ['C', 'D', 'A', 'B']]","{'C': 5, 'A': 4, 'D': 4, 'B': 2}","[0.58, 1.0, 1.0]",4.0
99,"[1, 4, 5]","[3, 4, 4]","[0.54, 0.79, 0.75]","[['B', 'A', 'C', 'D'], ['A', 'C', 'D', 'B'], ['D', 'A', 'C', 'B']]","{'C': 5, 'A': 4, 'D': 4, 'B': 2}","[0.58, 1.0, 1.0]",4.0
99,"[1, 4, 5]","[3, 4, 4]","[0.54, 0.79, 0.75]","[['B', 'A', 'C', 'D'], ['A', 'C', 'D', 'B'], ['D', 'C', 'A', 'B']]","{'C': 5, 'A': 4, 'D': 4, 'B': 2}","[0.58, 1.0, 1.0]",4.0
99,"[1, 4, 5]","[3, 4, 4]","[0.54, 0.79, 0.75]","[['B', 'A', 'C', 'D'], ['A', 'D', 'C', 'B'], ['A', 'B', 'C', 'D']]","{'C': 5, 'A': 4, 'B': 3, 'D': 3}","[0.58, 1.0, 1.0]",3.91
99,"[1, 4, 5]","[3, 4, 4]","[0.54, 0.79, 0.75]","[['B', 'A', 'C', 'D'], ['A', 'D', 'C', 'B'], ['A', 'C', 'B', 'D']]","{'C': 5, 'A': 4, 'B': 3, 'D': 3}","[0.58, 1.0, 1.0]",3.91
99,"[1, 4, 5]","[3, 4, 4]","[0.54, 0.79, 0.75]","[['B', 'A', 'C', 'D'], ['A', 'D', 'C', 'B'], ['A', 'C', 'D', 'B']]","{'C': 5, 'A': 4, 'D': 4, 'B': 2}","[0.58, 1.0, 1.0]",4.0
99,"[1, 4, 5]","[3, 4, 4]","[0.54, 0.79, 0.75]","[['B', 'A', 'C', 'D'], ['A', 'D', 'C', 'B'], ['A', 'D', 'C', 'B']]","{'C': 5, 'A': 4, 'D': 4, 'B': 2}","[0.58, 1.0, 1.0]",4.0
99,"[1, 4, 5]","[3, 4, 4]","[0.54, 0.79, 0.75]","[['B', 'A', 'C', 'D'], ['A', 'D', 'C', 'B'], ['B', 'A', 'C', 'D']]","{'C': 5, 'A': 4, 'B': 3, 'D': 3}","[0.58, 1.0, 1.0]",3.91
99,"[1, 4, 5]","[3, 4, 4]","[0.54, 0.79, 0.75]","[['B', 'A', 'C', 'D'], ['A', 'D', 'C', 'B'], ['B', 'C', 'A', 'D']]","{'C': 5, 'A': 4, 'B': 3, 'D': 3}","[0.58, 1.0, 1.0]",3.91
99,"[1, 4, 5]","[3, 4, 4]","[0.54, 0.79, 0.75]","[['B', 'A', 'C', 'D'], ['A', 'D', 'C', 'B'], ['C', 'A', 'B', 'D']]","{'C': 5, 'A': 4, 'B': 3, 'D': 3}","[0.58, 1.0, 1.0]",3.91
99,"[1, 4, 5]","[3, 4, 4]","[0.54, 0.79, 0.75]","[['B', 'A', 'C', 'D'], ['A', 'D', 'C', 'B'], ['C', 'A', 'D', 'B']]","{'C': 5, 'A': 4, 'D': 4, 'B': 2}","[0.58, 1.0, 1.0]",4.0
99,"[1, 4, 5]","[3, 4, 4]","[0.54, 0.79, 0.75]","[['B', 'A', 'C', 'D'], ['A', 'D', 'C', 'B'], ['C', 'B', 'A', 'D']]","{'C': 5, 'A': 4, 'B': 3, 'D': 3}","[0.58, 1.0, 1.0]",3.91
99,"[1, 4, 5]","[3, 4, 4]","[0.54, 0.79, 0.75]","[['B', 'A', 'C', 'D'], ['A', 'D', 'C', 'B'], ['C', 'D', 'A', 'B']]","{'C': 5, 'A': 4, 'D': 4, 'B': 2}","[0.58, 1.0, 1.0]",4.0
99,"[1, 4, 5]","[3, 4, 4]","[0.54, 0.79, 0.75]","[['B', 'A', 'C', 'D'], ['A', 'D', 'C', 'B'], ['D', 'A', 'C', 'B']]","{'C': 5, 'A': 4, 'D': 4, 'B': 2}","[0.58, 1.0, 1.0]",4.0
99,"[1, 4, 5]","[3, 4, 4]","[0.54, 0.79, 0.75]","[['B', 'A', 'C', 'D'], ['A', 'D', 'C', 'B'], ['D', 'C', 'A', 'B']]","{'C': 5, 'A': 4, 'D': 4, 'B': 2}","[0.58, 1.0, 1.0]",4.0
99,"[1, 4, 5]","[3, 4, 4]","[0.54, 0.79, 0.75]","[['B', 'A', 'C', 'D'], ['B', 'A', 'C', 'D'], ['A', 'B', 'C', 'D']]","{'C': 5, 'A': 4, 'B': 4, 'D': 2}","[0.58, 1.0, 1.0]",3.91
99,"[1, 4, 5]","[3, 4, 4]","[0.54, 0.79, 0.75]","[['B', 'A', 'C', 'D'], ['B', 'A', 'C', 'D'], ['A', 'C', 'B', 'D']]","{'C': 5, 'A': 4, 'B': 4, 'D': 2}","[0.58, 1.0, 1.0]",3.91
99,"[1, 4, 5]","[3, 4, 4]","[0.54, 0.79, 0.75]","[['B', 'A', 'C', 'D'], ['B', 'A', 'C', 'D'], ['A', 'C', 'D', 'B']]","{'C': 5, 'A': 4, 'B': 3, 'D': 3}","[0.58, 1.0, 1.0]",3.91
99,"[1, 4, 5]","[3, 4, 4]","[0.54, 0.79, 0.75]","[['B', 'A', 'C', 'D'], ['B', 'A', 'C', 'D'], ['A', 'D', 'C', 'B']]","{'C': 5, 'A': 4, 'B': 3, 'D': 3}","[0.58, 1.0, 1.0]",3.91
99,"[1, 4, 5]","[3, 4, 4]","[0.54, 0.79, 0.75]","[['B', 'A', 'C', 'D'], ['B', 'A', 'C', 'D'], ['B', 'A', 'C', 'D']]","{'C': 5, 'A': 4, 'B': 4, 'D': 2}","[0.58, 1.0, 1.0]",3.91
99,"[1, 4, 5]","[3, 4, 4]","[0.54, 0.79, 0.75]","[['B', 'A', 'C', 'D'], ['B', 'A', 'C', 'D'], ['B', 'C', 'A', 'D']]","{'C': 5, 'A': 4, 'B': 4, 'D': 2}","[0.58, 1.0, 1.0]",3.91
99,"[1, 4, 5]","[3, 4, 4]","[0.54, 0.79, 0.75]","[['B', 'A', 'C', 'D'], ['B', 'A', 'C', 'D'], ['C', 'A', 'B', 'D']]","{'C': 5, 'A': 4, 'B': 4, 'D': 2}","[0.58, 1.0, 1.0]",3.91
99,"[1, 4, 5]","[3, 4, 4]","[0.54, 0.79, 0.75]","[['B', 'A', 'C', 'D'], ['B', 'A', 'C', 'D'], ['C', 'A', 'D', 'B']]","{'C': 5, 'A': 4, 'B': 3, 'D': 3}","[0.58, 1.0, 1.0]",3.91
99,"[1, 4, 5]","[3, 4, 4]","[0.54, 0.79, 0.75]","[['B', 'A', 'C', 'D'], ['B', 'A', 'C', 'D'], ['C', 'B', 'A', 'D']]","{'C': 5, 'A': 4, 'B': 4, 'D': 2}","[0.58, 1.0, 1.0]",3.91
99,"[1, 4, 5]","[3, 4, 4]","[0.54, 0.79, 0.75]","[['B', 'A', 'C', 'D'], ['B', 'A', 'C', 'D'], ['C', 'D', 'A', 'B']]","{'C': 5, 'A': 4, 'B': 3, 'D': 3}","[0.58, 1.0, 1.0]",3.91
99,"[1, 4, 5]","[3, 4, 4]","[0.54, 0.79, 0.75]","[['B', 'A', 'C', 'D'], ['B', 'A', 'C', 'D'], ['D', 'A', 'C', 'B']]","{'C': 5, 'A': 4, 'B': 3, 'D': 3}","[0.58, 1.0, 1.0]",3.91
99,"[1, 4, 5]","[3, 4, 4]","[0.54, 0.79, 0.75]","[['B', 'A', 'C', 'D'], ['B', 'A', 'C', 'D'], ['D', 'C', 'A', 'B']]","{'C': 5, 'A': 4, 'B': 3, 'D': 3}","[0.58, 1.0, 1.0]",3.91
99,"[1, 4, 5]","[3, 4, 4]","[0.54, 0.79, 0.75]","[['B', 'A', 'C', 'D'], ['B', 'C', 'A', 'D'], ['A', 'B', 'C', 'D']]","{'C': 5, 'A': 4, 'B': 4, 'D': 2}","[0.58, 1.0, 1.0]",3.91
99,"[1, 4, 5]","[3, 4, 4]","[0.54, 0.79, 0.75]","[['B', 'A', 'C', 'D'], ['B', 'C', 'A', 'D'], ['A', 'C', 'B', 'D']]","{'C': 5, 'A': 4, 'B': 4, 'D': 2}","[0.58, 1.0, 1.0]",3.91
99,"[1, 4, 5]","[3, 4, 4]","[0.54, 0.79, 0.75]","[['B', 'A', 'C', 'D'], ['B', 'C', 'A', 'D'], ['A', 'C', 'D', 'B']]","{'C': 5, 'A': 4, 'B': 3, 'D': 3}","[0.58, 1.0, 1.0]",3.91
99,"[1, 4, 5]","[3, 4, 4]","[0.54, 0.79, 0.75]","[['B', 'A', 'C', 'D'], ['B', 'C', 'A', 'D'], ['A', 'D', 'C', 'B']]","{'C': 5, 'A': 4, 'B': 3, 'D': 3}","[0.58, 1.0, 1.0]",3.91
99,"[1, 4, 5]","[3, 4, 4]","[0.54, 0.79, 0.75]","[['B', 'A', 'C', 'D'], ['B', 'C', 'A', 'D'], ['B', 'A', 'C', 'D']]","{'C': 5, 'A': 4, 'B': 4, 'D': 2}","[0.58, 1.0, 1.0]",3.91
99,"[1, 4, 5]","[3, 4, 4]","[0.54, 0.79, 0.75]","[['B', 'A', 'C', 'D'], ['B', 'C', 'A', 'D'], ['B', 'C', 'A', 'D']]","{'C': 5, 'A': 4, 'B': 4, 'D': 2}","[0.58, 1.0, 1.0]",3.91
99,"[1, 4, 5]","[3, 4, 4]","[0.54, 0.79, 0.75]","[['B', 'A', 'C', 'D'], ['B', 'C', 'A', 'D'], ['C', 'A', 'B', 'D']]","{'C': 5, 'A': 4, 'B': 4, 'D': 2}","[0.58, 1.0, 1.0]",3.91
99,"[1, 4, 5]","[3, 4, 4]","[0.54, 0.79, 0.75]","[['B', 'A', 'C', 'D'], ['B', 'C', 'A', 'D'], ['C', 'A', 'D', 'B']]","{'C': 5, 'A': 4, 'B': 3, 'D': 3}","[0.58, 1.0, 1.0]",3.91
99,"[1, 4, 5]","[3, 4, 4]","[0.54, 0.79, 0.75]","[['B', 'A', 'C', 'D'], ['B', 'C', 'A', 'D'], ['C', 'B', 'A', 'D']]","{'C': 5, 'A': 4, 'B': 4, 'D': 2}","[0.58, 1.0, 1.0]",3.91
99,"[1, 4, 5]","[3, 4, 4]","[0.54, 0.79, 0.75]","[['B', 'A', 'C', 'D'], ['B', 'C', 'A', 'D'], ['C', 'D', 'A', 'B']]","{'C': 5, 'A': 4, 'B': 3, 'D': 3}","[0.58, 1.0, 1.0]",3.91
99,"[1, 4, 5]","[3, 4, 4]","[0.54, 0.79, 0.75]","[['B', 'A', 'C', 'D'], ['B', 'C', 'A', 'D'], ['D', 'A', 'C', 'B']]","{'C': 5, 'A': 4, 'B': 3, 'D': 3}","[0.58, 1.0, 1.0]",3.91
99,"[1, 4, 5]","[3, 4, 4]","[0.54, 0.79, 0.75]","[['B', 'A', 'C', 'D'], ['B', 'C', 'A', 'D'], ['D', 'C', 'A', 'B']]","{'C': 5, 'A': 4, 'B': 3, 'D': 3}","[0.58, 1.0, 1.0]",3.91
99,"[1, 4, 5]","[3, 4, 4]","[0.54, 0.79, 0.75]","[['B', 'A', 'C', 'D'], ['C', 'A', 'B', 'D'], ['A', 'B', 'C', 'D']]","{'C': 5, 'A': 4, 'B': 4, 'D': 2}","[0.58, 1.0, 1.0]",3.91
99,"[1, 4, 5]","[3, 4, 4]","[0.54, 0.79, 0.75]","[['B', 'A', 'C', 'D'], ['C', 'A', 'B', 'D'], ['A', 'C', 'B', 'D']]","{'C': 5, 'A': 4, 'B': 4, 'D': 2}","[0.58, 1.0, 1.0]",3.91
99,"[1, 4, 5]","[3, 4, 4]","[0.54, 0.79, 0.75]","[['B', 'A', 'C', 'D'], ['C', 'A', 'B', 'D'], ['A', 'C', 'D', 'B']]","{'C': 5, 'A': 4, 'B': 3, 'D': 3}","[0.58, 1.0, 1.0]",3.91
99,"[1, 4, 5]","[3, 4, 4]","[0.54, 0.79, 0.75]","[['B', 'A', 'C', 'D'], ['C', 'A', 'B', 'D'], ['A', 'D', 'C', 'B']]","{'C': 5, 'A': 4, 'B': 3, 'D': 3}","[0.58, 1.0, 1.0]",3.91
99,"[1, 4, 5]","[3, 4, 4]","[0.54, 0.79, 0.75]","[['B', 'A', 'C', 'D'], ['C', 'A', 'B', 'D'], ['B', 'A', 'C', 'D']]","{'C': 5, 'A': 4, 'B': 4, 'D': 2}","[0.58, 1.0, 1.0]",3.91
99,"[1, 4, 5]","[3, 4, 4]","[0.54, 0.79, 0.75]","[['B', 'A', 'C', 'D'], ['C', 'A', 'B', 'D'], ['B', 'C', 'A', 'D']]","{'C': 5, 'A': 4, 'B': 4, 'D': 2}","[0.58, 1.0, 1.0]",3.91
99,"[1, 4, 5]","[3, 4, 4]","[0.54, 0.79, 0.75]","[['B', 'A', 'C', 'D'], ['C', 'A', 'B', 'D'], ['C', 'A', 'B', 'D']]","{'C': 5, 'A': 4, 'B': 4, 'D': 2}","[0.58, 1.0, 1.0]",3.91
99,"[1, 4, 5]","[3, 4, 4]","[0.54, 0.79, 0.75]","[['B', 'A', 'C', 'D'], ['C', 'A', 'B', 'D'], ['C', 'A', 'D', 'B']]","{'C': 5, 'A': 4, 'B': 3, 'D': 3}","[0.58, 1.0, 1.0]",3.91
99,"[1, 4, 5]","[3, 4, 4]","[0.54, 0.79, 0.75]","[['B', 'A', 'C', 'D'], ['C', 'A', 'B', 'D'], ['C', 'B', 'A', 'D']]","{'C': 5, 'A': 4, 'B': 4, 'D': 2}","[0.58, 1.0, 1.0]",3.91
99,"[1, 4, 5]","[3, 4, 4]","[0.54, 0.79, 0.75]","[['B', 'A', 'C', 'D'], ['C', 'A', 'B', 'D'], ['C', 'D', 'A', 'B']]","{'C': 5, 'A': 4, 'B': 3, 'D': 3}","[0.58, 1.0, 1.0]",3.91
99,"[1, 4, 5]","[3, 4, 4]","[0.54, 0.79, 0.75]","[['B', 'A', 'C', 'D'], ['C', 'A', 'B', 'D'], ['D', 'A', 'C', 'B']]","{'C': 5, 'A': 4, 'B': 3, 'D': 3}","[0.58, 1.0, 1.0]",3.91
99,"[1, 4, 5]","[3, 4, 4]","[0.54, 0.79, 0.75]","[['B', 'A', 'C', 'D'], ['C', 'A', 'B', 'D'], ['D', 'C', 'A', 'B']]","{'C': 5, 'A': 4, 'B': 3, 'D': 3}","[0.58, 1.0, 1.0]",3.91
99,"[1, 4, 5]","[3, 4, 4]","[0.54, 0.79, 0.75]","[['B', 'A', 'C', 'D'], ['C', 'A', 'D', 'B'], ['A', 'B', 'C', 'D']]","{'C': 5, 'A': 4, 'B': 3, 'D': 3}","[0.58, 1.0, 1.0]",3.91
99,"[1, 4, 5]","[3, 4, 4]","[0.54, 0.79, 0.75]","[['B', 'A', 'C', 'D'], ['C', 'A', 'D', 'B'], ['A', 'C', 'B', 'D']]","{'C': 5, 'A': 4, 'B': 3, 'D': 3}","[0.58, 1.0, 1.0]",3.91
99,"[1, 4, 5]","[3, 4, 4]","[0.54, 0.79, 0.75]","[['B', 'A', 'C', 'D'], ['C', 'A', 'D', 'B'], ['A', 'C', 'D', 'B']]","{'C': 5, 'A': 4, 'D': 4, 'B': 2}","[0.58, 1.0, 1.0]",4.0
99,"[1, 4, 5]","[3, 4, 4]","[0.54, 0.79, 0.75]","[['B', 'A', 'C', 'D'], ['C', 'A', 'D', 'B'], ['A', 'D', 'C', 'B']]","{'C': 5, 'A': 4, 'D': 4, 'B': 2}","[0.58, 1.0, 1.0]",4.0
99,"[1, 4, 5]","[3, 4, 4]","[0.54, 0.79, 0.75]","[['B', 'A', 'C', 'D'], ['C', 'A', 'D', 'B'], ['B', 'A', 'C', 'D']]","{'C': 5, 'A': 4, 'B': 3, 'D': 3}","[0.58, 1.0, 1.0]",3.91
99,"[1, 4, 5]","[3, 4, 4]","[0.54, 0.79, 0.75]","[['B', 'A', 'C', 'D'], ['C', 'A', 'D', 'B'], ['B', 'C', 'A', 'D']]","{'C': 5, 'A': 4, 'B': 3, 'D': 3}","[0.58, 1.0, 1.0]",3.91
99,"[1, 4, 5]","[3, 4, 4]","[0.54, 0.79, 0.75]","[['B', 'A', 'C', 'D'], ['C', 'A', 'D', 'B'], ['C', 'A', 'B', 'D']]","{'C': 5, 'A': 4, 'B': 3, 'D': 3}","[0.58, 1.0, 1.0]",3.91
99,"[1, 4, 5]","[3, 4, 4]","[0.54, 0.79, 0.75]","[['B', 'A', 'C', 'D'], ['C', 'A', 'D', 'B'], ['C', 'A', 'D', 'B']]","{'C': 5, 'A': 4, 'D': 4, 'B': 2}","[0.58, 1.0, 1.0]",4.0
99,"[1, 4, 5]","[3, 4, 4]","[0.54, 0.79, 0.75]","[['B', 'A', 'C', 'D'], ['C', 'A', 'D', 'B'], ['C', 'B', 'A', 'D']]","{'C': 5, 'A': 4, 'B': 3, 'D': 3}","[0.58, 1.0, 1.0]",3.91
99,"[1, 4, 5]","[3, 4, 4]","[0.54, 0.79, 0.75]","[['B', 'A', 'C', 'D'], ['C', 'A', 'D', 'B'], ['C', 'D', 'A', 'B']]","{'C': 5, 'A': 4, 'D': 4, 'B': 2}","[0.58, 1.0, 1.0]",4.0
99,"[1, 4, 5]","[3, 4, 4]","[0.54, 0.79, 0.75]","[['B', 'A', 'C', 'D'], ['C', 'A', 'D', 'B'], ['D', 'A', 'C', 'B']]","{'C': 5, 'A': 4, 'D': 4, 'B': 2}","[0.58, 1.0, 1.0]",4.0
99,"[1, 4, 5]","[3, 4, 4]","[0.54, 0.79, 0.75]","[['B', 'A', 'C', 'D'], ['C', 'A', 'D', 'B'], ['D', 'C', 'A', 'B']]","{'C': 5, 'A': 4, 'D': 4, 'B': 2}","[0.58, 1.0, 1.0]",4.0
99,"[1, 4, 5]","[3, 4, 4]","[0.54, 0.79, 0.75]","[['B', 'A', 'C', 'D'], ['C', 'B', 'A', 'D'], ['A', 'B', 'C', 'D']]","{'C': 5, 'A': 4, 'B': 4, 'D': 2}","[0.58, 1.0, 1.0]",3.91
99,"[1, 4, 5]","[3, 4, 4]","[0.54, 0.79, 0.75]","[['B', 'A', 'C', 'D'], ['C', 'B', 'A', 'D'], ['A', 'C', 'B', 'D']]","{'C': 5, 'A': 4, 'B': 4, 'D': 2}","[0.58, 1.0, 1.0]",3.91
99,"[1, 4, 5]","[3, 4, 4]","[0.54, 0.79, 0.75]","[['B', 'A', 'C', 'D'], ['C', 'B', 'A', 'D'], ['A', 'C', 'D', 'B']]","{'C': 5, 'A': 4, 'B': 3, 'D': 3}","[0.58, 1.0, 1.0]",3.91
99,"[1, 4, 5]","[3, 4, 4]","[0.54, 0.79, 0.75]","[['B', 'A', 'C', 'D'], ['C', 'B', 'A', 'D'], ['A', 'D', 'C', 'B']]","{'C': 5, 'A': 4, 'B': 3, 'D': 3}","[0.58, 1.0, 1.0]",3.91
99,"[1, 4, 5]","[3, 4, 4]","[0.54, 0.79, 0.75]","[['B', 'A', 'C', 'D'], ['C', 'B', 'A', 'D'], ['B', 'A', 'C', 'D']]","{'C': 5, 'A': 4, 'B': 4, 'D': 2}","[0.58, 1.0, 1.0]",3.91
99,"[1, 4, 5]","[3, 4, 4]","[0.54, 0.79, 0.75]","[['B', 'A', 'C', 'D'], ['C', 'B', 'A', 'D'], ['B', 'C', 'A', 'D']]","{'C': 5, 'A': 4, 'B': 4, 'D': 2}","[0.58, 1.0, 1.0]",3.91
99,"[1, 4, 5]","[3, 4, 4]","[0.54, 0.79, 0.75]","[['B', 'A', 'C', 'D'], ['C', 'B', 'A', 'D'], ['C', 'A', 'B', 'D']]","{'C': 5, 'A': 4, 'B': 4, 'D': 2}","[0.58, 1.0, 1.0]",3.91
99,"[1, 4, 5]","[3, 4, 4]","[0.54, 0.79, 0.75]","[['B', 'A', 'C', 'D'], ['C', 'B', 'A', 'D'], ['C', 'A', 'D', 'B']]","{'C': 5, 'A': 4, 'B': 3, 'D': 3}","[0.58, 1.0, 1.0]",3.91
99,"[1, 4, 5]","[3, 4, 4]","[0.54, 0.79, 0.75]","[['B', 'A', 'C', 'D'], ['C', 'B', 'A', 'D'], ['C', 'B', 'A', 'D']]","{'C': 5, 'A': 4, 'B': 4, 'D': 2}","[0.58, 1.0, 1.0]",3.91
99,"[1, 4, 5]","[3, 4, 4]","[0.54, 0.79, 0.75]","[['B', 'A', 'C', 'D'], ['C', 'B', 'A', 'D'], ['C', 'D', 'A', 'B']]","{'C': 5, 'A': 4, 'B': 3, 'D': 3}","[0.58, 1.0, 1.0]",3.91
99,"[1, 4, 5]","[3, 4, 4]","[0.54, 0.79, 0.75]","[['B', 'A', 'C', 'D'], ['C', 'B', 'A', 'D'], ['D', 'A', 'C', 'B']]","{'C': 5, 'A': 4, 'B': 3, 'D': 3}","[0.58, 1.0, 1.0]",3.91
99,"[1, 4, 5]","[3, 4, 4]","[0.54, 0.79, 0.75]","[['B', 'A', 'C', 'D'], ['C', 'B', 'A', 'D'], ['D', 'C', 'A', 'B']]","{'C': 5, 'A': 4, 'B': 3, 'D': 3}","[0.58, 1.0, 1.0]",3.91
99,"[1, 4, 5]","[3, 4, 4]","[0.54, 0.79, 0.75]","[['B', 'A', 'C', 'D'], ['C', 'D', 'A', 'B'], ['A', 'B', 'C', 'D']]","{'C': 5, 'A': 4, 'B': 3, 'D': 3}","[0.58, 1.0, 1.0]",3.91
99,"[1, 4, 5]","[3, 4, 4]","[0.54, 0.79, 0.75]","[['B', 'A', 'C', 'D'], ['C', 'D', 'A', 'B'], ['A', 'C', 'B', 'D']]","{'C': 5, 'A': 4, 'B': 3, 'D': 3}","[0.58, 1.0, 1.0]",3.91
99,"[1, 4, 5]","[3, 4, 4]","[0.54, 0.79, 0.75]","[['B', 'A', 'C', 'D'], ['C', 'D', 'A', 'B'], ['A', 'C', 'D', 'B']]","{'C': 5, 'A': 4, 'D': 4, 'B': 2}","[0.58, 1.0, 1.0]",4.0
99,"[1, 4, 5]","[3, 4, 4]","[0.54, 0.79, 0.75]","[['B', 'A', 'C', 'D'], ['C', 'D', 'A', 'B'], ['A', 'D', 'C', 'B']]","{'C': 5, 'A': 4, 'D': 4, 'B': 2}","[0.58, 1.0, 1.0]",4.0
99,"[1, 4, 5]","[3, 4, 4]","[0.54, 0.79, 0.75]","[['B', 'A', 'C', 'D'], ['C', 'D', 'A', 'B'], ['B', 'A', 'C', 'D']]","{'C': 5, 'A': 4, 'B': 3, 'D': 3}","[0.58, 1.0, 1.0]",3.91
99,"[1, 4, 5]","[3, 4, 4]","[0.54, 0.79, 0.75]","[['B', 'A', 'C', 'D'], ['C', 'D', 'A', 'B'], ['B', 'C', 'A', 'D']]","{'C': 5, 'A': 4, 'B': 3, 'D': 3}","[0.58, 1.0, 1.0]",3.91
99,"[1, 4, 5]","[3, 4, 4]","[0.54, 0.79, 0.75]","[['B', 'A', 'C', 'D'], ['C', 'D', 'A', 'B'], ['C', 'A', 'B', 'D']]","{'C': 5, 'A': 4, 'B': 3, 'D': 3}","[0.58, 1.0, 1.0]",3.91
99,"[1, 4, 5]","[3, 4, 4]","[0.54, 0.79, 0.75]","[['B', 'A', 'C', 'D'], ['C', 'D', 'A', 'B'], ['C', 'A', 'D', 'B']]","{'C': 5, 'A': 4, 'D': 4, 'B': 2}","[0.58, 1.0, 1.0]",4.0
99,"[1, 4, 5]","[3, 4, 4]","[0.54, 0.79, 0.75]","[['B', 'A', 'C', 'D'], ['C', 'D', 'A', 'B'], ['C', 'B', 'A', 'D']]","{'C': 5, 'A': 4, 'B': 3, 'D': 3}","[0.58, 1.0, 1.0]",3.91
99,"[1, 4, 5]","[3, 4, 4]","[0.54, 0.79, 0.75]","[['B', 'A', 'C', 'D'], ['C', 'D', 'A', 'B'], ['C', 'D', 'A', 'B']]","{'C': 5, 'A': 4, 'D': 4, 'B': 2}","[0.58, 1.0, 1.0]",4.0
99,"[1, 4, 5]","[3, 4, 4]","[0.54, 0.79, 0.75]","[['B', 'A', 'C', 'D'], ['C', 'D', 'A', 'B'], ['D', 'A', 'C', 'B']]","{'C': 5, 'A': 4, 'D': 4, 'B': 2}","[0.58, 1.0, 1.0]",4.0
99,"[1, 4, 5]","[3, 4, 4]","[0.54, 0.79, 0.75]","[['B', 'A', 'C', 'D'], ['C', 'D', 'A', 'B'], ['D', 'C', 'A', 'B']]","{'C': 5, 'A': 4, 'D': 4, 'B': 2}","[0.58, 1.0, 1.0]",4.0
99,"[1, 4, 5]","[3, 4, 4]","[0.54, 0.79, 0.75]","[['B', 'A', 'C', 'D'], ['D', 'A', 'C', 'B'], ['A', 'B', 'C', 'D']]","{'C': 5, 'A': 4, 'B': 3, 'D': 3}","[0.58, 1.0, 1.0]",3.91
99,"[1, 4, 5]","[3, 4, 4]","[0.54, 0.79, 0.75]","[['B', 'A', 'C', 'D'], ['D', 'A', 'C', 'B'], ['A', 'C', 'B', 'D']]","{'C': 5, 'A': 4, 'B': 3, 'D': 3}","[0.58, 1.0, 1.0]",3.91
99,"[1, 4, 5]","[3, 4, 4]","[0.54, 0.79, 0.75]","[['B', 'A', 'C', 'D'], ['D', 'A', 'C', 'B'], ['A', 'C', 'D', 'B']]","{'C': 5, 'A': 4, 'D': 4, 'B': 2}","[0.58, 1.0, 1.0]",4.0
99,"[1, 4, 5]","[3, 4, 4]","[0.54, 0.79, 0.75]","[['B', 'A', 'C', 'D'], ['D', 'A', 'C', 'B'], ['A', 'D', 'C', 'B']]","{'C': 5, 'A': 4, 'D': 4, 'B': 2}","[0.58, 1.0, 1.0]",4.0
99,"[1, 4, 5]","[3, 4, 4]","[0.54, 0.79, 0.75]","[['B', 'A', 'C', 'D'], ['D', 'A', 'C', 'B'], ['B', 'A', 'C', 'D']]","{'C': 5, 'A': 4, 'B': 3, 'D': 3}","[0.58, 1.0, 1.0]",3.91
99,"[1, 4, 5]","[3, 4, 4]","[0.54, 0.79, 0.75]","[['B', 'A', 'C', 'D'], ['D', 'A', 'C', 'B'], ['B', 'C', 'A', 'D']]","{'C': 5, 'A': 4, 'B': 3, 'D': 3}","[0.58, 1.0, 1.0]",3.91
99,"[1, 4, 5]","[3, 4, 4]","[0.54, 0.79, 0.75]","[['B', 'A', 'C', 'D'], ['D', 'A', 'C', 'B'], ['C', 'A', 'B', 'D']]","{'C': 5, 'A': 4, 'B': 3, 'D': 3}","[0.58, 1.0, 1.0]",3.91
99,"[1, 4, 5]","[3, 4, 4]","[0.54, 0.79, 0.75]","[['B', 'A', 'C', 'D'], ['D', 'A', 'C', 'B'], ['C', 'A', 'D', 'B']]","{'C': 5, 'A': 4, 'D': 4, 'B': 2}","[0.58, 1.0, 1.0]",4.0
99,"[1, 4, 5]","[3, 4, 4]","[0.54, 0.79, 0.75]","[['B', 'A', 'C', 'D'], ['D', 'A', 'C', 'B'], ['C', 'B', 'A', 'D']]","{'C': 5, 'A': 4, 'B': 3, 'D': 3}","[0.58, 1.0, 1.0]",3.91
99,"[1, 4, 5]","[3, 4, 4]","[0.54, 0.79, 0.75]","[['B', 'A', 'C', 'D'], ['D', 'A', 'C', 'B'], ['C', 'D', 'A', 'B']]","{'C': 5, 'A': 4, 'D': 4, 'B': 2}","[0.58, 1.0, 1.0]",4.0
99,"[1, 4, 5]","[3, 4, 4]","[0.54, 0.79, 0.75]","[['B', 'A', 'C', 'D'], ['D', 'A', 'C', 'B'], ['D', 'A', 'C', 'B']]","{'C': 5, 'A': 4, 'D': 4, 'B': 2}","[0.58, 1.0, 1.0]",4.0
99,"[1, 4, 5]","[3, 4, 4]","[0.54, 0.79, 0.75]","[['B', 'A', 'C', 'D'], ['D', 'A', 'C', 'B'], ['D', 'C', 'A', 'B']]","{'C': 5, 'A': 4, 'D': 4, 'B': 2}","[0.58, 1.0, 1.0]",4.0
99,"[1, 4, 5]","[3, 4, 4]","[0.54, 0.79, 0.75]","[['B', 'A', 'C', 'D'], ['D', 'C', 'A', 'B'], ['A', 'B', 'C', 'D']]","{'C': 5, 'A': 4, 'B': 3, 'D': 3}","[0.58, 1.0, 1.0]",3.91
99,"[1, 4, 5]","[3, 4, 4]","[0.54, 0.79, 0.75]","[['B', 'A', 'C', 'D'], ['D', 'C', 'A', 'B'], ['A', 'C', 'B', 'D']]","{'C': 5, 'A': 4, 'B': 3, 'D': 3}","[0.58, 1.0, 1.0]",3.91
99,"[1, 4, 5]","[3, 4, 4]","[0.54, 0.79, 0.75]","[['B', 'A', 'C', 'D'], ['D', 'C', 'A', 'B'], ['A', 'C', 'D', 'B']]","{'C': 5, 'A': 4, 'D': 4, 'B': 2}","[0.58, 1.0, 1.0]",4.0
99,"[1, 4, 5]","[3, 4, 4]","[0.54, 0.79, 0.75]","[['B', 'A', 'C', 'D'], ['D', 'C', 'A', 'B'], ['A', 'D', 'C', 'B']]","{'C': 5, 'A': 4, 'D': 4, 'B': 2}","[0.58, 1.0, 1.0]",4.0
99,"[1, 4, 5]","[3, 4, 4]","[0.54, 0.79, 0.75]","[['B', 'A', 'C', 'D'], ['D', 'C', 'A', 'B'], ['B', 'A', 'C', 'D']]","{'C': 5, 'A': 4, 'B': 3, 'D': 3}","[0.58, 1.0, 1.0]",3.91
99,"[1, 4, 5]","[3, 4, 4]","[0.54, 0.79, 0.75]","[['B', 'A', 'C', 'D'], ['D', 'C', 'A', 'B'], ['B', 'C', 'A', 'D']]","{'C': 5, 'A': 4, 'B': 3, 'D': 3}","[0.58, 1.0, 1.0]",3.91
99,"[1, 4, 5]","[3, 4, 4]","[0.54, 0.79, 0.75]","[['B', 'A', 'C', 'D'], ['D', 'C', 'A', 'B'], ['C', 'A', 'B', 'D']]","{'C': 5, 'A': 4, 'B': 3, 'D': 3}","[0.58, 1.0, 1.0]",3.91
99,"[1, 4, 5]","[3, 4, 4]","[0.54, 0.79, 0.75]","[['B', 'A', 'C', 'D'], ['D', 'C', 'A', 'B'], ['C', 'A', 'D', 'B']]","{'C': 5, 'A': 4, 'D': 4, 'B': 2}","[0.58, 1.0, 1.0]",4.0
99,"[1, 4, 5]","[3, 4, 4]","[0.54, 0.79, 0.75]","[['B', 'A', 'C', 'D'], ['D', 'C', 'A', 'B'], ['C', 'B', 'A', 'D']]","{'C': 5, 'A': 4, 'B': 3, 'D': 3}","[0.58, 1.0, 1.0]",3.91
99,"[1, 4, 5]","[3, 4, 4]","[0.54, 0.79, 0.75]","[['B', 'A', 'C', 'D'], ['D', 'C', 'A', 'B'], ['C', 'D', 'A', 'B']]","{'C': 5, 'A': 4, 'D': 4, 'B': 2}","[0.58, 1.0, 1.0]",4.0
99,"[1, 4, 5]","[3, 4, 4]","[0.54, 0.79, 0.75]","[['B', 'A', 'C', 'D'], ['D', 'C', 'A', 'B'], ['D', 'A', 'C', 'B']]","{'C': 5, 'A': 4, 'D': 4, 'B': 2}","[0.58, 1.0, 1.0]",4.0
99,"[1, 4, 5]","[3, 4, 4]","[0.54, 0.79, 0.75]","[['B', 'A', 'C', 'D'], ['D', 'C', 'A', 'B'], ['D', 'C', 'A', 'B']]","{'C': 5, 'A': 4, 'D': 4, 'B': 2}","[0.58, 1.0, 1.0]",4.0
99,"[1, 4, 5]","[3, 4, 4]","[0.54, 0.79, 0.75]","[['B', 'C', 'A', 'D'], ['A', 'B', 'C', 'D'], ['A', 'B', 'C', 'D']]","{'C': 5, 'A': 4, 'B': 4, 'D': 2}","[0.58, 1.0, 1.0]",3.91
99,"[1, 4, 5]","[3, 4, 4]","[0.54, 0.79, 0.75]","[['B', 'C', 'A', 'D'], ['A', 'B', 'C', 'D'], ['A', 'C', 'B', 'D']]","{'C': 5, 'A': 4, 'B': 4, 'D': 2}","[0.58, 1.0, 1.0]",3.91
99,"[1, 4, 5]","[3, 4, 4]","[0.54, 0.79, 0.75]","[['B', 'C', 'A', 'D'], ['A', 'B', 'C', 'D'], ['A', 'C', 'D', 'B']]","{'C': 5, 'A': 4, 'B': 3, 'D': 3}","[0.58, 1.0, 1.0]",3.91
99,"[1, 4, 5]","[3, 4, 4]","[0.54, 0.79, 0.75]","[['B', 'C', 'A', 'D'], ['A', 'B', 'C', 'D'], ['A', 'D', 'C', 'B']]","{'C': 5, 'A': 4, 'B': 3, 'D': 3}","[0.58, 1.0, 1.0]",3.91
99,"[1, 4, 5]","[3, 4, 4]","[0.54, 0.79, 0.75]","[['B', 'C', 'A', 'D'], ['A', 'B', 'C', 'D'], ['B', 'A', 'C', 'D']]","{'C': 5, 'A': 4, 'B': 4, 'D': 2}","[0.58, 1.0, 1.0]",3.91
99,"[1, 4, 5]","[3, 4, 4]","[0.54, 0.79, 0.75]","[['B', 'C', 'A', 'D'], ['A', 'B', 'C', 'D'], ['B', 'C', 'A', 'D']]","{'C': 5, 'A': 4, 'B': 4, 'D': 2}","[0.58, 1.0, 1.0]",3.91
99,"[1, 4, 5]","[3, 4, 4]","[0.54, 0.79, 0.75]","[['B', 'C', 'A', 'D'], ['A', 'B', 'C', 'D'], ['C', 'A', 'B', 'D']]","{'C': 5, 'A': 4, 'B': 4, 'D': 2}","[0.58, 1.0, 1.0]",3.91
99,"[1, 4, 5]","[3, 4, 4]","[0.54, 0.79, 0.75]","[['B', 'C', 'A', 'D'], ['A', 'B', 'C', 'D'], ['C', 'A', 'D', 'B']]","{'C': 5, 'A': 4, 'B': 3, 'D': 3}","[0.58, 1.0, 1.0]",3.91
99,"[1, 4, 5]","[3, 4, 4]","[0.54, 0.79, 0.75]","[['B', 'C', 'A', 'D'], ['A', 'B', 'C', 'D'], ['C', 'B', 'A', 'D']]","{'C': 5, 'A': 4, 'B': 4, 'D': 2}","[0.58, 1.0, 1.0]",3.91
99,"[1, 4, 5]","[3, 4, 4]","[0.54, 0.79, 0.75]","[['B', 'C', 'A', 'D'], ['A', 'B', 'C', 'D'], ['C', 'D', 'A', 'B']]","{'C': 5, 'A': 4, 'B': 3, 'D': 3}","[0.58, 1.0, 1.0]",3.91
99,"[1, 4, 5]","[3, 4, 4]","[0.54, 0.79, 0.75]","[['B', 'C', 'A', 'D'], ['A', 'B', 'C', 'D'], ['D', 'A', 'C', 'B']]","{'C': 5, 'A': 4, 'B': 3, 'D': 3}","[0.58, 1.0, 1.0]",3.91
99,"[1, 4, 5]","[3, 4, 4]","[0.54, 0.79, 0.75]","[['B', 'C', 'A', 'D'], ['A', 'B', 'C', 'D'], ['D', 'C', 'A', 'B']]","{'C': 5, 'A': 4, 'B': 3, 'D': 3}","[0.58, 1.0, 1.0]",3.91
99,"[1, 4, 5]","[3, 4, 4]","[0.54, 0.79, 0.75]","[['B', 'C', 'A', 'D'], ['A', 'C', 'B', 'D'], ['A', 'B', 'C', 'D']]","{'C': 5, 'A': 4, 'B': 4, 'D': 2}","[0.58, 1.0, 1.0]",3.91
99,"[1, 4, 5]","[3, 4, 4]","[0.54, 0.79, 0.75]","[['B', 'C', 'A', 'D'], ['A', 'C', 'B', 'D'], ['A', 'C', 'B', 'D']]","{'C': 5, 'A': 4, 'B': 4, 'D': 2}","[0.58, 1.0, 1.0]",3.91
99,"[1, 4, 5]","[3, 4, 4]","[0.54, 0.79, 0.75]","[['B', 'C', 'A', 'D'], ['A', 'C', 'B', 'D'], ['A', 'C', 'D', 'B']]","{'C': 5, 'A': 4, 'B': 3, 'D': 3}","[0.58, 1.0, 1.0]",3.91
99,"[1, 4, 5]","[3, 4, 4]","[0.54, 0.79, 0.75]","[['B', 'C', 'A', 'D'], ['A', 'C', 'B', 'D'], ['A', 'D', 'C', 'B']]","{'C': 5, 'A': 4, 'B': 3, 'D': 3}","[0.58, 1.0, 1.0]",3.91
99,"[1, 4, 5]","[3, 4, 4]","[0.54, 0.79, 0.75]","[['B', 'C', 'A', 'D'], ['A', 'C', 'B', 'D'], ['B', 'A', 'C', 'D']]","{'C': 5, 'A': 4, 'B': 4, 'D': 2}","[0.58, 1.0, 1.0]",3.91
99,"[1, 4, 5]","[3, 4, 4]","[0.54, 0.79, 0.75]","[['B', 'C', 'A', 'D'], ['A', 'C', 'B', 'D'], ['B', 'C', 'A', 'D']]","{'C': 5, 'A': 4, 'B': 4, 'D': 2}","[0.58, 1.0, 1.0]",3.91
99,"[1, 4, 5]","[3, 4, 4]","[0.54, 0.79, 0.75]","[['B', 'C', 'A', 'D'], ['A', 'C', 'B', 'D'], ['C', 'A', 'B', 'D']]","{'C': 5, 'A': 4, 'B': 4, 'D': 2}","[0.58, 1.0, 1.0]",3.91
99,"[1, 4, 5]","[3, 4, 4]","[0.54, 0.79, 0.75]","[['B', 'C', 'A', 'D'], ['A', 'C', 'B', 'D'], ['C', 'A', 'D', 'B']]","{'C': 5, 'A': 4, 'B': 3, 'D': 3}","[0.58, 1.0, 1.0]",3.91
99,"[1, 4, 5]","[3, 4, 4]","[0.54, 0.79, 0.75]","[['B', 'C', 'A', 'D'], ['A', 'C', 'B', 'D'], ['C', 'B', 'A', 'D']]","{'C': 5, 'A': 4, 'B': 4, 'D': 2}","[0.58, 1.0, 1.0]",3.91
99,"[1, 4, 5]","[3, 4, 4]","[0.54, 0.79, 0.75]","[['B', 'C', 'A', 'D'], ['A', 'C', 'B', 'D'], ['C', 'D', 'A', 'B']]","{'C': 5, 'A': 4, 'B': 3, 'D': 3}","[0.58, 1.0, 1.0]",3.91
99,"[1, 4, 5]","[3, 4, 4]","[0.54, 0.79, 0.75]","[['B', 'C', 'A', 'D'], ['A', 'C', 'B', 'D'], ['D', 'A', 'C', 'B']]","{'C': 5, 'A': 4, 'B': 3, 'D': 3}","[0.58, 1.0, 1.0]",3.91
99,"[1, 4, 5]","[3, 4, 4]","[0.54, 0.79, 0.75]","[['B', 'C', 'A', 'D'], ['A', 'C', 'B', 'D'], ['D', 'C', 'A', 'B']]","{'C': 5, 'A': 4, 'B': 3, 'D': 3}","[0.58, 1.0, 1.0]",3.91
99,"[1, 4, 5]","[3, 4, 4]","[0.54, 0.79, 0.75]","[['B', 'C', 'A', 'D'], ['A', 'C', 'D', 'B'], ['A', 'B', 'C', 'D']]","{'C': 5, 'A': 4, 'B': 3, 'D': 3}","[0.58, 1.0, 1.0]",3.91
99,"[1, 4, 5]","[3, 4, 4]","[0.54, 0.79, 0.75]","[['B', 'C', 'A', 'D'], ['A', 'C', 'D', 'B'], ['A', 'C', 'B', 'D']]","{'C': 5, 'A': 4, 'B': 3, 'D': 3}","[0.58, 1.0, 1.0]",3.91
99,"[1, 4, 5]","[3, 4, 4]","[0.54, 0.79, 0.75]","[['B', 'C', 'A', 'D'], ['A', 'C', 'D', 'B'], ['A', 'C', 'D', 'B']]","{'C': 5, 'A': 4, 'D': 4, 'B': 2}","[0.58, 1.0, 1.0]",4.0
99,"[1, 4, 5]","[3, 4, 4]","[0.54, 0.79, 0.75]","[['B', 'C', 'A', 'D'], ['A', 'C', 'D', 'B'], ['A', 'D', 'C', 'B']]","{'C': 5, 'A': 4, 'D': 4, 'B': 2}","[0.58, 1.0, 1.0]",4.0
99,"[1, 4, 5]","[3, 4, 4]","[0.54, 0.79, 0.75]","[['B', 'C', 'A', 'D'], ['A', 'C', 'D', 'B'], ['B', 'A', 'C', 'D']]","{'C': 5, 'A': 4, 'B': 3, 'D': 3}","[0.58, 1.0, 1.0]",3.91
99,"[1, 4, 5]","[3, 4, 4]","[0.54, 0.79, 0.75]","[['B', 'C', 'A', 'D'], ['A', 'C', 'D', 'B'], ['B', 'C', 'A', 'D']]","{'C': 5, 'A': 4, 'B': 3, 'D': 3}","[0.58, 1.0, 1.0]",3.91
99,"[1, 4, 5]","[3, 4, 4]","[0.54, 0.79, 0.75]","[['B', 'C', 'A', 'D'], ['A', 'C', 'D', 'B'], ['C', 'A', 'B', 'D']]","{'C': 5, 'A': 4, 'B': 3, 'D': 3}","[0.58, 1.0, 1.0]",3.91
99,"[1, 4, 5]","[3, 4, 4]","[0.54, 0.79, 0.75]","[['B', 'C', 'A', 'D'], ['A', 'C', 'D', 'B'], ['C', 'A', 'D', 'B']]","{'C': 5, 'A': 4, 'D': 4, 'B': 2}","[0.58, 1.0, 1.0]",4.0
99,"[1, 4, 5]","[3, 4, 4]","[0.54, 0.79, 0.75]","[['B', 'C', 'A', 'D'], ['A', 'C', 'D', 'B'], ['C', 'B', 'A', 'D']]","{'C': 5, 'A': 4, 'B': 3, 'D': 3}","[0.58, 1.0, 1.0]",3.91
99,"[1, 4, 5]","[3, 4, 4]","[0.54, 0.79, 0.75]","[['B', 'C', 'A', 'D'], ['A', 'C', 'D', 'B'], ['C', 'D', 'A', 'B']]","{'C': 5, 'A': 4, 'D': 4, 'B': 2}","[0.58, 1.0, 1.0]",4.0
99,"[1, 4, 5]","[3, 4, 4]","[0.54, 0.79, 0.75]","[['B', 'C', 'A', 'D'], ['A', 'C', 'D', 'B'], ['D', 'A', 'C', 'B']]","{'C': 5, 'A': 4, 'D': 4, 'B': 2}","[0.58, 1.0, 1.0]",4.0
99,"[1, 4, 5]","[3, 4, 4]","[0.54, 0.79, 0.75]","[['B', 'C', 'A', 'D'], ['A', 'C', 'D', 'B'], ['D', 'C', 'A', 'B']]","{'C': 5, 'A': 4, 'D': 4, 'B': 2}","[0.58, 1.0, 1.0]",4.0
99,"[1, 4, 5]","[3, 4, 4]","[0.54, 0.79, 0.75]","[['B', 'C', 'A', 'D'], ['A', 'D', 'C', 'B'], ['A', 'B', 'C', 'D']]","{'C': 5, 'A': 4, 'B': 3, 'D': 3}","[0.58, 1.0, 1.0]",3.91
99,"[1, 4, 5]","[3, 4, 4]","[0.54, 0.79, 0.75]","[['B', 'C', 'A', 'D'], ['A', 'D', 'C', 'B'], ['A', 'C', 'B', 'D']]","{'C': 5, 'A': 4, 'B': 3, 'D': 3}","[0.58, 1.0, 1.0]",3.91
99,"[1, 4, 5]","[3, 4, 4]","[0.54, 0.79, 0.75]","[['B', 'C', 'A', 'D'], ['A', 'D', 'C', 'B'], ['A', 'C', 'D', 'B']]","{'C': 5, 'A': 4, 'D': 4, 'B': 2}","[0.58, 1.0, 1.0]",4.0
99,"[1, 4, 5]","[3, 4, 4]","[0.54, 0.79, 0.75]","[['B', 'C', 'A', 'D'], ['A', 'D', 'C', 'B'], ['A', 'D', 'C', 'B']]","{'C': 5, 'A': 4, 'D': 4, 'B': 2}","[0.58, 1.0, 1.0]",4.0
99,"[1, 4, 5]","[3, 4, 4]","[0.54, 0.79, 0.75]","[['B', 'C', 'A', 'D'], ['A', 'D', 'C', 'B'], ['B', 'A', 'C', 'D']]","{'C': 5, 'A': 4, 'B': 3, 'D': 3}","[0.58, 1.0, 1.0]",3.91
99,"[1, 4, 5]","[3, 4, 4]","[0.54, 0.79, 0.75]","[['B', 'C', 'A', 'D'], ['A', 'D', 'C', 'B'], ['B', 'C', 'A', 'D']]","{'C': 5, 'A': 4, 'B': 3, 'D': 3}","[0.58, 1.0, 1.0]",3.91
99,"[1, 4, 5]","[3, 4, 4]","[0.54, 0.79, 0.75]","[['B', 'C', 'A', 'D'], ['A', 'D', 'C', 'B'], ['C', 'A', 'B', 'D']]","{'C': 5, 'A': 4, 'B': 3, 'D': 3}","[0.58, 1.0, 1.0]",3.91
99,"[1, 4, 5]","[3, 4, 4]","[0.54, 0.79, 0.75]","[['B', 'C', 'A', 'D'], ['A', 'D', 'C', 'B'], ['C', 'A', 'D', 'B']]","{'C': 5, 'A': 4, 'D': 4, 'B': 2}","[0.58, 1.0, 1.0]",4.0
99,"[1, 4, 5]","[3, 4, 4]","[0.54, 0.79, 0.75]","[['B', 'C', 'A', 'D'], ['A', 'D', 'C', 'B'], ['C', 'B', 'A', 'D']]","{'C': 5, 'A': 4, 'B': 3, 'D': 3}","[0.58, 1.0, 1.0]",3.91
99,"[1, 4, 5]","[3, 4, 4]","[0.54, 0.79, 0.75]","[['B', 'C', 'A', 'D'], ['A', 'D', 'C', 'B'], ['C', 'D', 'A', 'B']]","{'C': 5, 'A': 4, 'D': 4, 'B': 2}","[0.58, 1.0, 1.0]",4.0
99,"[1, 4, 5]","[3, 4, 4]","[0.54, 0.79, 0.75]","[['B', 'C', 'A', 'D'], ['A', 'D', 'C', 'B'], ['D', 'A', 'C', 'B']]","{'C': 5, 'A': 4, 'D': 4, 'B': 2}","[0.58, 1.0, 1.0]",4.0
99,"[1, 4, 5]","[3, 4, 4]","[0.54, 0.79, 0.75]","[['B', 'C', 'A', 'D'], ['A', 'D', 'C', 'B'], ['D', 'C', 'A', 'B']]","{'C': 5, 'A': 4, 'D': 4, 'B': 2}","[0.58, 1.0, 1.0]",4.0
99,"[1, 4, 5]","[3, 4, 4]","[0.54, 0.79, 0.75]","[['B', 'C', 'A', 'D'], ['B', 'A', 'C', 'D'], ['A', 'B', 'C', 'D']]","{'C': 5, 'A': 4, 'B': 4, 'D': 2}","[0.58, 1.0, 1.0]",3.91
99,"[1, 4, 5]","[3, 4, 4]","[0.54, 0.79, 0.75]","[['B', 'C', 'A', 'D'], ['B', 'A', 'C', 'D'], ['A', 'C', 'B', 'D']]","{'C': 5, 'A': 4, 'B': 4, 'D': 2}","[0.58, 1.0, 1.0]",3.91
99,"[1, 4, 5]","[3, 4, 4]","[0.54, 0.79, 0.75]","[['B', 'C', 'A', 'D'], ['B', 'A', 'C', 'D'], ['A', 'C', 'D', 'B']]","{'C': 5, 'A': 4, 'B': 3, 'D': 3}","[0.58, 1.0, 1.0]",3.91
99,"[1, 4, 5]","[3, 4, 4]","[0.54, 0.79, 0.75]","[['B', 'C', 'A', 'D'], ['B', 'A', 'C', 'D'], ['A', 'D', 'C', 'B']]","{'C': 5, 'A': 4, 'B': 3, 'D': 3}","[0.58, 1.0, 1.0]",3.91
99,"[1, 4, 5]","[3, 4, 4]","[0.54, 0.79, 0.75]","[['B', 'C', 'A', 'D'], ['B', 'A', 'C', 'D'], ['B', 'A', 'C', 'D']]","{'C': 5, 'A': 4, 'B': 4, 'D': 2}","[0.58, 1.0, 1.0]",3.91
99,"[1, 4, 5]","[3, 4, 4]","[0.54, 0.79, 0.75]","[['B', 'C', 'A', 'D'], ['B', 'A', 'C', 'D'], ['B', 'C', 'A', 'D']]","{'C': 5, 'A': 4, 'B': 4, 'D': 2}","[0.58, 1.0, 1.0]",3.91
99,"[1, 4, 5]","[3, 4, 4]","[0.54, 0.79, 0.75]","[['B', 'C', 'A', 'D'], ['B', 'A', 'C', 'D'], ['C', 'A', 'B', 'D']]","{'C': 5, 'A': 4, 'B': 4, 'D': 2}","[0.58, 1.0, 1.0]",3.91
99,"[1, 4, 5]","[3, 4, 4]","[0.54, 0.79, 0.75]","[['B', 'C', 'A', 'D'], ['B', 'A', 'C', 'D'], ['C', 'A', 'D', 'B']]","{'C': 5, 'A': 4, 'B': 3, 'D': 3}","[0.58, 1.0, 1.0]",3.91
99,"[1, 4, 5]","[3, 4, 4]","[0.54, 0.79, 0.75]","[['B', 'C', 'A', 'D'], ['B', 'A', 'C', 'D'], ['C', 'B', 'A', 'D']]","{'C': 5, 'A': 4, 'B': 4, 'D': 2}","[0.58, 1.0, 1.0]",3.91
99,"[1, 4, 5]","[3, 4, 4]","[0.54, 0.79, 0.75]","[['B', 'C', 'A', 'D'], ['B', 'A', 'C', 'D'], ['C', 'D', 'A', 'B']]","{'C': 5, 'A': 4, 'B': 3, 'D': 3}","[0.58, 1.0, 1.0]",3.91
99,"[1, 4, 5]","[3, 4, 4]","[0.54, 0.79, 0.75]","[['B', 'C', 'A', 'D'], ['B', 'A', 'C', 'D'], ['D', 'A', 'C', 'B']]","{'C': 5, 'A': 4, 'B': 3, 'D': 3}","[0.58, 1.0, 1.0]",3.91
99,"[1, 4, 5]","[3, 4, 4]","[0.54, 0.79, 0.75]","[['B', 'C', 'A', 'D'], ['B', 'A', 'C', 'D'], ['D', 'C', 'A', 'B']]","{'C': 5, 'A': 4, 'B': 3, 'D': 3}","[0.58, 1.0, 1.0]",3.91
99,"[1, 4, 5]","[3, 4, 4]","[0.54, 0.79, 0.75]","[['B', 'C', 'A', 'D'], ['B', 'C', 'A', 'D'], ['A', 'B', 'C', 'D']]","{'C': 5, 'A': 4, 'B': 4, 'D': 2}","[0.58, 1.0, 1.0]",3.91
99,"[1, 4, 5]","[3, 4, 4]","[0.54, 0.79, 0.75]","[['B', 'C', 'A', 'D'], ['B', 'C', 'A', 'D'], ['A', 'C', 'B', 'D']]","{'C': 5, 'A': 4, 'B': 4, 'D': 2}","[0.58, 1.0, 1.0]",3.91
99,"[1, 4, 5]","[3, 4, 4]","[0.54, 0.79, 0.75]","[['B', 'C', 'A', 'D'], ['B', 'C', 'A', 'D'], ['A', 'C', 'D', 'B']]","{'C': 5, 'A': 4, 'B': 3, 'D': 3}","[0.58, 1.0, 1.0]",3.91
99,"[1, 4, 5]","[3, 4, 4]","[0.54, 0.79, 0.75]","[['B', 'C', 'A', 'D'], ['B', 'C', 'A', 'D'], ['A', 'D', 'C', 'B']]","{'C': 5, 'A': 4, 'B': 3, 'D': 3}","[0.58, 1.0, 1.0]",3.91
99,"[1, 4, 5]","[3, 4, 4]","[0.54, 0.79, 0.75]","[['B', 'C', 'A', 'D'], ['B', 'C', 'A', 'D'], ['B', 'A', 'C', 'D']]","{'C': 5, 'A': 4, 'B': 4, 'D': 2}","[0.58, 1.0, 1.0]",3.91
99,"[1, 4, 5]","[3, 4, 4]","[0.54, 0.79, 0.75]","[['B', 'C', 'A', 'D'], ['B', 'C', 'A', 'D'], ['B', 'C', 'A', 'D']]","{'C': 5, 'A': 4, 'B': 4, 'D': 2}","[0.58, 1.0, 1.0]",3.91
99,"[1, 4, 5]","[3, 4, 4]","[0.54, 0.79, 0.75]","[['B', 'C', 'A', 'D'], ['B', 'C', 'A', 'D'], ['C', 'A', 'B', 'D']]","{'C': 5, 'A': 4, 'B': 4, 'D': 2}","[0.58, 1.0, 1.0]",3.91
99,"[1, 4, 5]","[3, 4, 4]","[0.54, 0.79, 0.75]","[['B', 'C', 'A', 'D'], ['B', 'C', 'A', 'D'], ['C', 'A', 'D', 'B']]","{'C': 5, 'A': 4, 'B': 3, 'D': 3}","[0.58, 1.0, 1.0]",3.91
99,"[1, 4, 5]","[3, 4, 4]","[0.54, 0.79, 0.75]","[['B', 'C', 'A', 'D'], ['B', 'C', 'A', 'D'], ['C', 'B', 'A', 'D']]","{'C': 5, 'A': 4, 'B': 4, 'D': 2}","[0.58, 1.0, 1.0]",3.91
99,"[1, 4, 5]","[3, 4, 4]","[0.54, 0.79, 0.75]","[['B', 'C', 'A', 'D'], ['B', 'C', 'A', 'D'], ['C', 'D', 'A', 'B']]","{'C': 5, 'A': 4, 'B': 3, 'D': 3}","[0.58, 1.0, 1.0]",3.91
99,"[1, 4, 5]","[3, 4, 4]","[0.54, 0.79, 0.75]","[['B', 'C', 'A', 'D'], ['B', 'C', 'A', 'D'], ['D', 'A', 'C', 'B']]","{'C': 5, 'A': 4, 'B': 3, 'D': 3}","[0.58, 1.0, 1.0]",3.91
99,"[1, 4, 5]","[3, 4, 4]","[0.54, 0.79, 0.75]","[['B', 'C', 'A', 'D'], ['B', 'C', 'A', 'D'], ['D', 'C', 'A', 'B']]","{'C': 5, 'A': 4, 'B': 3, 'D': 3}","[0.58, 1.0, 1.0]",3.91
99,"[1, 4, 5]","[3, 4, 4]","[0.54, 0.79, 0.75]","[['B', 'C', 'A', 'D'], ['C', 'A', 'B', 'D'], ['A', 'B', 'C', 'D']]","{'C': 5, 'A': 4, 'B': 4, 'D': 2}","[0.58, 1.0, 1.0]",3.91
99,"[1, 4, 5]","[3, 4, 4]","[0.54, 0.79, 0.75]","[['B', 'C', 'A', 'D'], ['C', 'A', 'B', 'D'], ['A', 'C', 'B', 'D']]","{'C': 5, 'A': 4, 'B': 4, 'D': 2}","[0.58, 1.0, 1.0]",3.91
99,"[1, 4, 5]","[3, 4, 4]","[0.54, 0.79, 0.75]","[['B', 'C', 'A', 'D'], ['C', 'A', 'B', 'D'], ['A', 'C', 'D', 'B']]","{'C': 5, 'A': 4, 'B': 3, 'D': 3}","[0.58, 1.0, 1.0]",3.91
99,"[1, 4, 5]","[3, 4, 4]","[0.54, 0.79, 0.75]","[['B', 'C', 'A', 'D'], ['C', 'A', 'B', 'D'], ['A', 'D', 'C', 'B']]","{'C': 5, 'A': 4, 'B': 3, 'D': 3}","[0.58, 1.0, 1.0]",3.91
99,"[1, 4, 5]","[3, 4, 4]","[0.54, 0.79, 0.75]","[['B', 'C', 'A', 'D'], ['C', 'A', 'B', 'D'], ['B', 'A', 'C', 'D']]","{'C': 5, 'A': 4, 'B': 4, 'D': 2}","[0.58, 1.0, 1.0]",3.91
99,"[1, 4, 5]","[3, 4, 4]","[0.54, 0.79, 0.75]","[['B', 'C', 'A', 'D'], ['C', 'A', 'B', 'D'], ['B', 'C', 'A', 'D']]","{'C': 5, 'A': 4, 'B': 4, 'D': 2}","[0.58, 1.0, 1.0]",3.91
99,"[1, 4, 5]","[3, 4, 4]","[0.54, 0.79, 0.75]","[['B', 'C', 'A', 'D'], ['C', 'A', 'B', 'D'], ['C', 'A', 'B', 'D']]","{'C': 5, 'A': 4, 'B': 4, 'D': 2}","[0.58, 1.0, 1.0]",3.91
99,"[1, 4, 5]","[3, 4, 4]","[0.54, 0.79, 0.75]","[['B', 'C', 'A', 'D'], ['C', 'A', 'B', 'D'], ['C', 'A', 'D', 'B']]","{'C': 5, 'A': 4, 'B': 3, 'D': 3}","[0.58, 1.0, 1.0]",3.91
99,"[1, 4, 5]","[3, 4, 4]","[0.54, 0.79, 0.75]","[['B', 'C', 'A', 'D'], ['C', 'A', 'B', 'D'], ['C', 'B', 'A', 'D']]","{'C': 5, 'A': 4, 'B': 4, 'D': 2}","[0.58, 1.0, 1.0]",3.91
99,"[1, 4, 5]","[3, 4, 4]","[0.54, 0.79, 0.75]","[['B', 'C', 'A', 'D'], ['C', 'A', 'B', 'D'], ['C', 'D', 'A', 'B']]","{'C': 5, 'A': 4, 'B': 3, 'D': 3}","[0.58, 1.0, 1.0]",3.91
99,"[1, 4, 5]","[3, 4, 4]","[0.54, 0.79, 0.75]","[['B', 'C', 'A', 'D'], ['C', 'A', 'B', 'D'], ['D', 'A', 'C', 'B']]","{'C': 5, 'A': 4, 'B': 3, 'D': 3}","[0.58, 1.0, 1.0]",3.91
99,"[1, 4, 5]","[3, 4, 4]","[0.54, 0.79, 0.75]","[['B', 'C', 'A', 'D'], ['C', 'A', 'B', 'D'], ['D', 'C', 'A', 'B']]","{'C': 5, 'A': 4, 'B': 3, 'D': 3}","[0.58, 1.0, 1.0]",3.91
99,"[1, 4, 5]","[3, 4, 4]","[0.54, 0.79, 0.75]","[['B', 'C', 'A', 'D'], ['C', 'A', 'D', 'B'], ['A', 'B', 'C', 'D']]","{'C': 5, 'A': 4, 'B': 3, 'D': 3}","[0.58, 1.0, 1.0]",3.91
99,"[1, 4, 5]","[3, 4, 4]","[0.54, 0.79, 0.75]","[['B', 'C', 'A', 'D'], ['C', 'A', 'D', 'B'], ['A', 'C', 'B', 'D']]","{'C': 5, 'A': 4, 'B': 3, 'D': 3}","[0.58, 1.0, 1.0]",3.91
99,"[1, 4, 5]","[3, 4, 4]","[0.54, 0.79, 0.75]","[['B', 'C', 'A', 'D'], ['C', 'A', 'D', 'B'], ['A', 'C', 'D', 'B']]","{'C': 5, 'A': 4, 'D': 4, 'B': 2}","[0.58, 1.0, 1.0]",4.0
99,"[1, 4, 5]","[3, 4, 4]","[0.54, 0.79, 0.75]","[['B', 'C', 'A', 'D'], ['C', 'A', 'D', 'B'], ['A', 'D', 'C', 'B']]","{'C': 5, 'A': 4, 'D': 4, 'B': 2}","[0.58, 1.0, 1.0]",4.0
99,"[1, 4, 5]","[3, 4, 4]","[0.54, 0.79, 0.75]","[['B', 'C', 'A', 'D'], ['C', 'A', 'D', 'B'], ['B', 'A', 'C', 'D']]","{'C': 5, 'A': 4, 'B': 3, 'D': 3}","[0.58, 1.0, 1.0]",3.91
99,"[1, 4, 5]","[3, 4, 4]","[0.54, 0.79, 0.75]","[['B', 'C', 'A', 'D'], ['C', 'A', 'D', 'B'], ['B', 'C', 'A', 'D']]","{'C': 5, 'A': 4, 'B': 3, 'D': 3}","[0.58, 1.0, 1.0]",3.91
99,"[1, 4, 5]","[3, 4, 4]","[0.54, 0.79, 0.75]","[['B', 'C', 'A', 'D'], ['C', 'A', 'D', 'B'], ['C', 'A', 'B', 'D']]","{'C': 5, 'A': 4, 'B': 3, 'D': 3}","[0.58, 1.0, 1.0]",3.91
99,"[1, 4, 5]","[3, 4, 4]","[0.54, 0.79, 0.75]","[['B', 'C', 'A', 'D'], ['C', 'A', 'D', 'B'], ['C', 'A', 'D', 'B']]","{'C': 5, 'A': 4, 'D': 4, 'B': 2}","[0.58, 1.0, 1.0]",4.0
99,"[1, 4, 5]","[3, 4, 4]","[0.54, 0.79, 0.75]","[['B', 'C', 'A', 'D'], ['C', 'A', 'D', 'B'], ['C', 'B', 'A', 'D']]","{'C': 5, 'A': 4, 'B': 3, 'D': 3}","[0.58, 1.0, 1.0]",3.91
99,"[1, 4, 5]","[3, 4, 4]","[0.54, 0.79, 0.75]","[['B', 'C', 'A', 'D'], ['C', 'A', 'D', 'B'], ['C', 'D', 'A', 'B']]","{'C': 5, 'A': 4, 'D': 4, 'B': 2}","[0.58, 1.0, 1.0]",4.0
99,"[1, 4, 5]","[3, 4, 4]","[0.54, 0.79, 0.75]","[['B', 'C', 'A', 'D'], ['C', 'A', 'D', 'B'], ['D', 'A', 'C', 'B']]","{'C': 5, 'A': 4, 'D': 4, 'B': 2}","[0.58, 1.0, 1.0]",4.0
99,"[1, 4, 5]","[3, 4, 4]","[0.54, 0.79, 0.75]","[['B', 'C', 'A', 'D'], ['C', 'A', 'D', 'B'], ['D', 'C', 'A', 'B']]","{'C': 5, 'A': 4, 'D': 4, 'B': 2}","[0.58, 1.0, 1.0]",4.0
99,"[1, 4, 5]","[3, 4, 4]","[0.54, 0.79, 0.75]","[['B', 'C', 'A', 'D'], ['C', 'B', 'A', 'D'], ['A', 'B', 'C', 'D']]","{'C': 5, 'A': 4, 'B': 4, 'D': 2}","[0.58, 1.0, 1.0]",3.91
99,"[1, 4, 5]","[3, 4, 4]","[0.54, 0.79, 0.75]","[['B', 'C', 'A', 'D'], ['C', 'B', 'A', 'D'], ['A', 'C', 'B', 'D']]","{'C': 5, 'A': 4, 'B': 4, 'D': 2}","[0.58, 1.0, 1.0]",3.91
99,"[1, 4, 5]","[3, 4, 4]","[0.54, 0.79, 0.75]","[['B', 'C', 'A', 'D'], ['C', 'B', 'A', 'D'], ['A', 'C', 'D', 'B']]","{'C': 5, 'A': 4, 'B': 3, 'D': 3}","[0.58, 1.0, 1.0]",3.91
99,"[1, 4, 5]","[3, 4, 4]","[0.54, 0.79, 0.75]","[['B', 'C', 'A', 'D'], ['C', 'B', 'A', 'D'], ['A', 'D', 'C', 'B']]","{'C': 5, 'A': 4, 'B': 3, 'D': 3}","[0.58, 1.0, 1.0]",3.91
99,"[1, 4, 5]","[3, 4, 4]","[0.54, 0.79, 0.75]","[['B', 'C', 'A', 'D'], ['C', 'B', 'A', 'D'], ['B', 'A', 'C', 'D']]","{'C': 5, 'A': 4, 'B': 4, 'D': 2}","[0.58, 1.0, 1.0]",3.91
99,"[1, 4, 5]","[3, 4, 4]","[0.54, 0.79, 0.75]","[['B', 'C', 'A', 'D'], ['C', 'B', 'A', 'D'], ['B', 'C', 'A', 'D']]","{'C': 5, 'A': 4, 'B': 4, 'D': 2}","[0.58, 1.0, 1.0]",3.91
99,"[1, 4, 5]","[3, 4, 4]","[0.54, 0.79, 0.75]","[['B', 'C', 'A', 'D'], ['C', 'B', 'A', 'D'], ['C', 'A', 'B', 'D']]","{'C': 5, 'A': 4, 'B': 4, 'D': 2}","[0.58, 1.0, 1.0]",3.91
99,"[1, 4, 5]","[3, 4, 4]","[0.54, 0.79, 0.75]","[['B', 'C', 'A', 'D'], ['C', 'B', 'A', 'D'], ['C', 'A', 'D', 'B']]","{'C': 5, 'A': 4, 'B': 3, 'D': 3}","[0.58, 1.0, 1.0]",3.91
99,"[1, 4, 5]","[3, 4, 4]","[0.54, 0.79, 0.75]","[['B', 'C', 'A', 'D'], ['C', 'B', 'A', 'D'], ['C', 'B', 'A', 'D']]","{'C': 5, 'A': 4, 'B': 4, 'D': 2}","[0.58, 1.0, 1.0]",3.91
99,"[1, 4, 5]","[3, 4, 4]","[0.54, 0.79, 0.75]","[['B', 'C', 'A', 'D'], ['C', 'B', 'A', 'D'], ['C', 'D', 'A', 'B']]","{'C': 5, 'A': 4, 'B': 3, 'D': 3}","[0.58, 1.0, 1.0]",3.91
99,"[1, 4, 5]","[3, 4, 4]","[0.54, 0.79, 0.75]","[['B', 'C', 'A', 'D'], ['C', 'B', 'A', 'D'], ['D', 'A', 'C', 'B']]","{'C': 5, 'A': 4, 'B': 3, 'D': 3}","[0.58, 1.0, 1.0]",3.91
99,"[1, 4, 5]","[3, 4, 4]","[0.54, 0.79, 0.75]","[['B', 'C', 'A', 'D'], ['C', 'B', 'A', 'D'], ['D', 'C', 'A', 'B']]","{'C': 5, 'A': 4, 'B': 3, 'D': 3}","[0.58, 1.0, 1.0]",3.91
99,"[1, 4, 5]","[3, 4, 4]","[0.54, 0.79, 0.75]","[['B', 'C', 'A', 'D'], ['C', 'D', 'A', 'B'], ['A', 'B', 'C', 'D']]","{'C': 5, 'A': 4, 'B': 3, 'D': 3}","[0.58, 1.0, 1.0]",3.91
99,"[1, 4, 5]","[3, 4, 4]","[0.54, 0.79, 0.75]","[['B', 'C', 'A', 'D'], ['C', 'D', 'A', 'B'], ['A', 'C', 'B', 'D']]","{'C': 5, 'A': 4, 'B': 3, 'D': 3}","[0.58, 1.0, 1.0]",3.91
99,"[1, 4, 5]","[3, 4, 4]","[0.54, 0.79, 0.75]","[['B', 'C', 'A', 'D'], ['C', 'D', 'A', 'B'], ['A', 'C', 'D', 'B']]","{'C': 5, 'A': 4, 'D': 4, 'B': 2}","[0.58, 1.0, 1.0]",4.0
99,"[1, 4, 5]","[3, 4, 4]","[0.54, 0.79, 0.75]","[['B', 'C', 'A', 'D'], ['C', 'D', 'A', 'B'], ['A', 'D', 'C', 'B']]","{'C': 5, 'A': 4, 'D': 4, 'B': 2}","[0.58, 1.0, 1.0]",4.0
99,"[1, 4, 5]","[3, 4, 4]","[0.54, 0.79, 0.75]","[['B', 'C', 'A', 'D'], ['C', 'D', 'A', 'B'], ['B', 'A', 'C', 'D']]","{'C': 5, 'A': 4, 'B': 3, 'D': 3}","[0.58, 1.0, 1.0]",3.91
99,"[1, 4, 5]","[3, 4, 4]","[0.54, 0.79, 0.75]","[['B', 'C', 'A', 'D'], ['C', 'D', 'A', 'B'], ['B', 'C', 'A', 'D']]","{'C': 5, 'A': 4, 'B': 3, 'D': 3}","[0.58, 1.0, 1.0]",3.91
99,"[1, 4, 5]","[3, 4, 4]","[0.54, 0.79, 0.75]","[['B', 'C', 'A', 'D'], ['C', 'D', 'A', 'B'], ['C', 'A', 'B', 'D']]","{'C': 5, 'A': 4, 'B': 3, 'D': 3}","[0.58, 1.0, 1.0]",3.91
99,"[1, 4, 5]","[3, 4, 4]","[0.54, 0.79, 0.75]","[['B', 'C', 'A', 'D'], ['C', 'D', 'A', 'B'], ['C', 'A', 'D', 'B']]","{'C': 5, 'A': 4, 'D': 4, 'B': 2}","[0.58, 1.0, 1.0]",4.0
99,"[1, 4, 5]","[3, 4, 4]","[0.54, 0.79, 0.75]","[['B', 'C', 'A', 'D'], ['C', 'D', 'A', 'B'], ['C', 'B', 'A', 'D']]","{'C': 5, 'A': 4, 'B': 3, 'D': 3}","[0.58, 1.0, 1.0]",3.91
99,"[1, 4, 5]","[3, 4, 4]","[0.54, 0.79, 0.75]","[['B', 'C', 'A', 'D'], ['C', 'D', 'A', 'B'], ['C', 'D', 'A', 'B']]","{'C': 5, 'A': 4, 'D': 4, 'B': 2}","[0.58, 1.0, 1.0]",4.0
99,"[1, 4, 5]","[3, 4, 4]","[0.54, 0.79, 0.75]","[['B', 'C', 'A', 'D'], ['C', 'D', 'A', 'B'], ['D', 'A', 'C', 'B']]","{'C': 5, 'A': 4, 'D': 4, 'B': 2}","[0.58, 1.0, 1.0]",4.0
99,"[1, 4, 5]","[3, 4, 4]","[0.54, 0.79, 0.75]","[['B', 'C', 'A', 'D'], ['C', 'D', 'A', 'B'], ['D', 'C', 'A', 'B']]","{'C': 5, 'A': 4, 'D': 4, 'B': 2}","[0.58, 1.0, 1.0]",4.0
99,"[1, 4, 5]","[3, 4, 4]","[0.54, 0.79, 0.75]","[['B', 'C', 'A', 'D'], ['D', 'A', 'C', 'B'], ['A', 'B', 'C', 'D']]","{'C': 5, 'A': 4, 'B': 3, 'D': 3}","[0.58, 1.0, 1.0]",3.91
99,"[1, 4, 5]","[3, 4, 4]","[0.54, 0.79, 0.75]","[['B', 'C', 'A', 'D'], ['D', 'A', 'C', 'B'], ['A', 'C', 'B', 'D']]","{'C': 5, 'A': 4, 'B': 3, 'D': 3}","[0.58, 1.0, 1.0]",3.91
99,"[1, 4, 5]","[3, 4, 4]","[0.54, 0.79, 0.75]","[['B', 'C', 'A', 'D'], ['D', 'A', 'C', 'B'], ['A', 'C', 'D', 'B']]","{'C': 5, 'A': 4, 'D': 4, 'B': 2}","[0.58, 1.0, 1.0]",4.0
99,"[1, 4, 5]","[3, 4, 4]","[0.54, 0.79, 0.75]","[['B', 'C', 'A', 'D'], ['D', 'A', 'C', 'B'], ['A', 'D', 'C', 'B']]","{'C': 5, 'A': 4, 'D': 4, 'B': 2}","[0.58, 1.0, 1.0]",4.0
99,"[1, 4, 5]","[3, 4, 4]","[0.54, 0.79, 0.75]","[['B', 'C', 'A', 'D'], ['D', 'A', 'C', 'B'], ['B', 'A', 'C', 'D']]","{'C': 5, 'A': 4, 'B': 3, 'D': 3}","[0.58, 1.0, 1.0]",3.91
99,"[1, 4, 5]","[3, 4, 4]","[0.54, 0.79, 0.75]","[['B', 'C', 'A', 'D'], ['D', 'A', 'C', 'B'], ['B', 'C', 'A', 'D']]","{'C': 5, 'A': 4, 'B': 3, 'D': 3}","[0.58, 1.0, 1.0]",3.91
99,"[1, 4, 5]","[3, 4, 4]","[0.54, 0.79, 0.75]","[['B', 'C', 'A', 'D'], ['D', 'A', 'C', 'B'], ['C', 'A', 'B', 'D']]","{'C': 5, 'A': 4, 'B': 3, 'D': 3}","[0.58, 1.0, 1.0]",3.91
99,"[1, 4, 5]","[3, 4, 4]","[0.54, 0.79, 0.75]","[['B', 'C', 'A', 'D'], ['D', 'A', 'C', 'B'], ['C', 'A', 'D', 'B']]","{'C': 5, 'A': 4, 'D': 4, 'B': 2}","[0.58, 1.0, 1.0]",4.0
99,"[1, 4, 5]","[3, 4, 4]","[0.54, 0.79, 0.75]","[['B', 'C', 'A', 'D'], ['D', 'A', 'C', 'B'], ['C', 'B', 'A', 'D']]","{'C': 5, 'A': 4, 'B': 3, 'D': 3}","[0.58, 1.0, 1.0]",3.91
99,"[1, 4, 5]","[3, 4, 4]","[0.54, 0.79, 0.75]","[['B', 'C', 'A', 'D'], ['D', 'A', 'C', 'B'], ['C', 'D', 'A', 'B']]","{'C': 5, 'A': 4, 'D': 4, 'B': 2}","[0.58, 1.0, 1.0]",4.0
99,"[1, 4, 5]","[3, 4, 4]","[0.54, 0.79, 0.75]","[['B', 'C', 'A', 'D'], ['D', 'A', 'C', 'B'], ['D', 'A', 'C', 'B']]","{'C': 5, 'A': 4, 'D': 4, 'B': 2}","[0.58, 1.0, 1.0]",4.0
99,"[1, 4, 5]","[3, 4, 4]","[0.54, 0.79, 0.75]","[['B', 'C', 'A', 'D'], ['D', 'A', 'C', 'B'], ['D', 'C', 'A', 'B']]","{'C': 5, 'A': 4, 'D': 4, 'B': 2}","[0.58, 1.0, 1.0]",4.0
99,"[1, 4, 5]","[3, 4, 4]","[0.54, 0.79, 0.75]","[['B', 'C', 'A', 'D'], ['D', 'C', 'A', 'B'], ['A', 'B', 'C', 'D']]","{'C': 5, 'A': 4, 'B': 3, 'D': 3}","[0.58, 1.0, 1.0]",3.91
99,"[1, 4, 5]","[3, 4, 4]","[0.54, 0.79, 0.75]","[['B', 'C', 'A', 'D'], ['D', 'C', 'A', 'B'], ['A', 'C', 'B', 'D']]","{'C': 5, 'A': 4, 'B': 3, 'D': 3}","[0.58, 1.0, 1.0]",3.91
99,"[1, 4, 5]","[3, 4, 4]","[0.54, 0.79, 0.75]","[['B', 'C', 'A', 'D'], ['D', 'C', 'A', 'B'], ['A', 'C', 'D', 'B']]","{'C': 5, 'A': 4, 'D': 4, 'B': 2}","[0.58, 1.0, 1.0]",4.0
99,"[1, 4, 5]","[3, 4, 4]","[0.54, 0.79, 0.75]","[['B', 'C', 'A', 'D'], ['D', 'C', 'A', 'B'], ['A', 'D', 'C', 'B']]","{'C': 5, 'A': 4, 'D': 4, 'B': 2}","[0.58, 1.0, 1.0]",4.0
99,"[1, 4, 5]","[3, 4, 4]","[0.54, 0.79, 0.75]","[['B', 'C', 'A', 'D'], ['D', 'C', 'A', 'B'], ['B', 'A', 'C', 'D']]","{'C': 5, 'A': 4, 'B': 3, 'D': 3}","[0.58, 1.0, 1.0]",3.91
99,"[1, 4, 5]","[3, 4, 4]","[0.54, 0.79, 0.75]","[['B', 'C', 'A', 'D'], ['D', 'C', 'A', 'B'], ['B', 'C', 'A', 'D']]","{'C': 5, 'A': 4, 'B': 3, 'D': 3}","[0.58, 1.0, 1.0]",3.91
99,"[1, 4, 5]","[3, 4, 4]","[0.54, 0.79, 0.75]","[['B', 'C', 'A', 'D'], ['D', 'C', 'A', 'B'], ['C', 'A', 'B', 'D']]","{'C': 5, 'A': 4, 'B': 3, 'D': 3}","[0.58, 1.0, 1.0]",3.91
99,"[1, 4, 5]","[3, 4, 4]","[0.54, 0.79, 0.75]","[['B', 'C', 'A', 'D'], ['D', 'C', 'A', 'B'], ['C', 'A', 'D', 'B']]","{'C': 5, 'A': 4, 'D': 4, 'B': 2}","[0.58, 1.0, 1.0]",4.0
99,"[1, 4, 5]","[3, 4, 4]","[0.54, 0.79, 0.75]","[['B', 'C', 'A', 'D'], ['D', 'C', 'A', 'B'], ['C', 'B', 'A', 'D']]","{'C': 5, 'A': 4, 'B': 3, 'D': 3}","[0.58, 1.0, 1.0]",3.91
99,"[1, 4, 5]","[3, 4, 4]","[0.54, 0.79, 0.75]","[['B', 'C', 'A', 'D'], ['D', 'C', 'A', 'B'], ['C', 'D', 'A', 'B']]","{'C': 5, 'A': 4, 'D': 4, 'B': 2}","[0.58, 1.0, 1.0]",4.0
99,"[1, 4, 5]","[3, 4, 4]","[0.54, 0.79, 0.75]","[['B', 'C', 'A', 'D'], ['D', 'C', 'A', 'B'], ['D', 'A', 'C', 'B']]","{'C': 5, 'A': 4, 'D': 4, 'B': 2}","[0.58, 1.0, 1.0]",4.0
99,"[1, 4, 5]","[3, 4, 4]","[0.54, 0.79, 0.75]","[['B', 'C', 'A', 'D'], ['D', 'C', 'A', 'B'], ['D', 'C', 'A', 'B']]","{'C': 5, 'A': 4, 'D': 4, 'B': 2}","[0.58, 1.0, 1.0]",4.0
99,"[1, 4, 5]","[3, 4, 4]","[0.54, 0.79, 0.75]","[['C', 'A', 'B', 'D'], ['A', 'B', 'C', 'D'], ['A', 'B', 'C', 'D']]","{'C': 5, 'A': 4, 'B': 4, 'D': 2}","[0.58, 1.0, 1.0]",3.91
99,"[1, 4, 5]","[3, 4, 4]","[0.54, 0.79, 0.75]","[['C', 'A', 'B', 'D'], ['A', 'B', 'C', 'D'], ['A', 'C', 'B', 'D']]","{'C': 5, 'A': 4, 'B': 4, 'D': 2}","[0.58, 1.0, 1.0]",3.91
99,"[1, 4, 5]","[3, 4, 4]","[0.54, 0.79, 0.75]","[['C', 'A', 'B', 'D'], ['A', 'B', 'C', 'D'], ['A', 'C', 'D', 'B']]","{'C': 5, 'A': 4, 'B': 3, 'D': 3}","[0.58, 1.0, 1.0]",3.91
99,"[1, 4, 5]","[3, 4, 4]","[0.54, 0.79, 0.75]","[['C', 'A', 'B', 'D'], ['A', 'B', 'C', 'D'], ['A', 'D', 'C', 'B']]","{'C': 5, 'A': 4, 'B': 3, 'D': 3}","[0.58, 1.0, 1.0]",3.91
99,"[1, 4, 5]","[3, 4, 4]","[0.54, 0.79, 0.75]","[['C', 'A', 'B', 'D'], ['A', 'B', 'C', 'D'], ['B', 'A', 'C', 'D']]","{'C': 5, 'A': 4, 'B': 4, 'D': 2}","[0.58, 1.0, 1.0]",3.91
99,"[1, 4, 5]","[3, 4, 4]","[0.54, 0.79, 0.75]","[['C', 'A', 'B', 'D'], ['A', 'B', 'C', 'D'], ['B', 'C', 'A', 'D']]","{'C': 5, 'A': 4, 'B': 4, 'D': 2}","[0.58, 1.0, 1.0]",3.91
99,"[1, 4, 5]","[3, 4, 4]","[0.54, 0.79, 0.75]","[['C', 'A', 'B', 'D'], ['A', 'B', 'C', 'D'], ['C', 'A', 'B', 'D']]","{'C': 5, 'A': 4, 'B': 4, 'D': 2}","[0.58, 1.0, 1.0]",3.91
99,"[1, 4, 5]","[3, 4, 4]","[0.54, 0.79, 0.75]","[['C', 'A', 'B', 'D'], ['A', 'B', 'C', 'D'], ['C', 'A', 'D', 'B']]","{'C': 5, 'A': 4, 'B': 3, 'D': 3}","[0.58, 1.0, 1.0]",3.91
99,"[1, 4, 5]","[3, 4, 4]","[0.54, 0.79, 0.75]","[['C', 'A', 'B', 'D'], ['A', 'B', 'C', 'D'], ['C', 'B', 'A', 'D']]","{'C': 5, 'A': 4, 'B': 4, 'D': 2}","[0.58, 1.0, 1.0]",3.91
99,"[1, 4, 5]","[3, 4, 4]","[0.54, 0.79, 0.75]","[['C', 'A', 'B', 'D'], ['A', 'B', 'C', 'D'], ['C', 'D', 'A', 'B']]","{'C': 5, 'A': 4, 'B': 3, 'D': 3}","[0.58, 1.0, 1.0]",3.91
99,"[1, 4, 5]","[3, 4, 4]","[0.54, 0.79, 0.75]","[['C', 'A', 'B', 'D'], ['A', 'B', 'C', 'D'], ['D', 'A', 'C', 'B']]","{'C': 5, 'A': 4, 'B': 3, 'D': 3}","[0.58, 1.0, 1.0]",3.91
99,"[1, 4, 5]","[3, 4, 4]","[0.54, 0.79, 0.75]","[['C', 'A', 'B', 'D'], ['A', 'B', 'C', 'D'], ['D', 'C', 'A', 'B']]","{'C': 5, 'A': 4, 'B': 3, 'D': 3}","[0.58, 1.0, 1.0]",3.91
99,"[1, 4, 5]","[3, 4, 4]","[0.54, 0.79, 0.75]","[['C', 'A', 'B', 'D'], ['A', 'C', 'B', 'D'], ['A', 'B', 'C', 'D']]","{'C': 5, 'A': 4, 'B': 4, 'D': 2}","[0.58, 1.0, 1.0]",3.91
99,"[1, 4, 5]","[3, 4, 4]","[0.54, 0.79, 0.75]","[['C', 'A', 'B', 'D'], ['A', 'C', 'B', 'D'], ['A', 'C', 'B', 'D']]","{'C': 5, 'A': 4, 'B': 4, 'D': 2}","[0.58, 1.0, 1.0]",3.91
99,"[1, 4, 5]","[3, 4, 4]","[0.54, 0.79, 0.75]","[['C', 'A', 'B', 'D'], ['A', 'C', 'B', 'D'], ['A', 'C', 'D', 'B']]","{'C': 5, 'A': 4, 'B': 3, 'D': 3}","[0.58, 1.0, 1.0]",3.91
99,"[1, 4, 5]","[3, 4, 4]","[0.54, 0.79, 0.75]","[['C', 'A', 'B', 'D'], ['A', 'C', 'B', 'D'], ['A', 'D', 'C', 'B']]","{'C': 5, 'A': 4, 'B': 3, 'D': 3}","[0.58, 1.0, 1.0]",3.91
99,"[1, 4, 5]","[3, 4, 4]","[0.54, 0.79, 0.75]","[['C', 'A', 'B', 'D'], ['A', 'C', 'B', 'D'], ['B', 'A', 'C', 'D']]","{'C': 5, 'A': 4, 'B': 4, 'D': 2}","[0.58, 1.0, 1.0]",3.91
99,"[1, 4, 5]","[3, 4, 4]","[0.54, 0.79, 0.75]","[['C', 'A', 'B', 'D'], ['A', 'C', 'B', 'D'], ['B', 'C', 'A', 'D']]","{'C': 5, 'A': 4, 'B': 4, 'D': 2}","[0.58, 1.0, 1.0]",3.91
99,"[1, 4, 5]","[3, 4, 4]","[0.54, 0.79, 0.75]","[['C', 'A', 'B', 'D'], ['A', 'C', 'B', 'D'], ['C', 'A', 'B', 'D']]","{'C': 5, 'A': 4, 'B': 4, 'D': 2}","[0.58, 1.0, 1.0]",3.91
99,"[1, 4, 5]","[3, 4, 4]","[0.54, 0.79, 0.75]","[['C', 'A', 'B', 'D'], ['A', 'C', 'B', 'D'], ['C', 'A', 'D', 'B']]","{'C': 5, 'A': 4, 'B': 3, 'D': 3}","[0.58, 1.0, 1.0]",3.91
99,"[1, 4, 5]","[3, 4, 4]","[0.54, 0.79, 0.75]","[['C', 'A', 'B', 'D'], ['A', 'C', 'B', 'D'], ['C', 'B', 'A', 'D']]","{'C': 5, 'A': 4, 'B': 4, 'D': 2}","[0.58, 1.0, 1.0]",3.91
99,"[1, 4, 5]","[3, 4, 4]","[0.54, 0.79, 0.75]","[['C', 'A', 'B', 'D'], ['A', 'C', 'B', 'D'], ['C', 'D', 'A', 'B']]","{'C': 5, 'A': 4, 'B': 3, 'D': 3}","[0.58, 1.0, 1.0]",3.91
99,"[1, 4, 5]","[3, 4, 4]","[0.54, 0.79, 0.75]","[['C', 'A', 'B', 'D'], ['A', 'C', 'B', 'D'], ['D', 'A', 'C', 'B']]","{'C': 5, 'A': 4, 'B': 3, 'D': 3}","[0.58, 1.0, 1.0]",3.91
99,"[1, 4, 5]","[3, 4, 4]","[0.54, 0.79, 0.75]","[['C', 'A', 'B', 'D'], ['A', 'C', 'B', 'D'], ['D', 'C', 'A', 'B']]","{'C': 5, 'A': 4, 'B': 3, 'D': 3}","[0.58, 1.0, 1.0]",3.91
99,"[1, 4, 5]","[3, 4, 4]","[0.54, 0.79, 0.75]","[['C', 'A', 'B', 'D'], ['A', 'C', 'D', 'B'], ['A', 'B', 'C', 'D']]","{'C': 5, 'A': 4, 'B': 3, 'D': 3}","[0.58, 1.0, 1.0]",3.91
99,"[1, 4, 5]","[3, 4, 4]","[0.54, 0.79, 0.75]","[['C', 'A', 'B', 'D'], ['A', 'C', 'D', 'B'], ['A', 'C', 'B', 'D']]","{'C': 5, 'A': 4, 'B': 3, 'D': 3}","[0.58, 1.0, 1.0]",3.91
99,"[1, 4, 5]","[3, 4, 4]","[0.54, 0.79, 0.75]","[['C', 'A', 'B', 'D'], ['A', 'C', 'D', 'B'], ['A', 'C', 'D', 'B']]","{'C': 5, 'A': 4, 'D': 4, 'B': 2}","[0.58, 1.0, 1.0]",4.0
99,"[1, 4, 5]","[3, 4, 4]","[0.54, 0.79, 0.75]","[['C', 'A', 'B', 'D'], ['A', 'C', 'D', 'B'], ['A', 'D', 'C', 'B']]","{'C': 5, 'A': 4, 'D': 4, 'B': 2}","[0.58, 1.0, 1.0]",4.0
99,"[1, 4, 5]","[3, 4, 4]","[0.54, 0.79, 0.75]","[['C', 'A', 'B', 'D'], ['A', 'C', 'D', 'B'], ['B', 'A', 'C', 'D']]","{'C': 5, 'A': 4, 'B': 3, 'D': 3}","[0.58, 1.0, 1.0]",3.91
99,"[1, 4, 5]","[3, 4, 4]","[0.54, 0.79, 0.75]","[['C', 'A', 'B', 'D'], ['A', 'C', 'D', 'B'], ['B', 'C', 'A', 'D']]","{'C': 5, 'A': 4, 'B': 3, 'D': 3}","[0.58, 1.0, 1.0]",3.91
99,"[1, 4, 5]","[3, 4, 4]","[0.54, 0.79, 0.75]","[['C', 'A', 'B', 'D'], ['A', 'C', 'D', 'B'], ['C', 'A', 'B', 'D']]","{'C': 5, 'A': 4, 'B': 3, 'D': 3}","[0.58, 1.0, 1.0]",3.91
99,"[1, 4, 5]","[3, 4, 4]","[0.54, 0.79, 0.75]","[['C', 'A', 'B', 'D'], ['A', 'C', 'D', 'B'], ['C', 'A', 'D', 'B']]","{'C': 5, 'A': 4, 'D': 4, 'B': 2}","[0.58, 1.0, 1.0]",4.0
99,"[1, 4, 5]","[3, 4, 4]","[0.54, 0.79, 0.75]","[['C', 'A', 'B', 'D'], ['A', 'C', 'D', 'B'], ['C', 'B', 'A', 'D']]","{'C': 5, 'A': 4, 'B': 3, 'D': 3}","[0.58, 1.0, 1.0]",3.91
99,"[1, 4, 5]","[3, 4, 4]","[0.54, 0.79, 0.75]","[['C', 'A', 'B', 'D'], ['A', 'C', 'D', 'B'], ['C', 'D', 'A', 'B']]","{'C': 5, 'A': 4, 'D': 4, 'B': 2}","[0.58, 1.0, 1.0]",4.0
99,"[1, 4, 5]","[3, 4, 4]","[0.54, 0.79, 0.75]","[['C', 'A', 'B', 'D'], ['A', 'C', 'D', 'B'], ['D', 'A', 'C', 'B']]","{'C': 5, 'A': 4, 'D': 4, 'B': 2}","[0.58, 1.0, 1.0]",4.0
99,"[1, 4, 5]","[3, 4, 4]","[0.54, 0.79, 0.75]","[['C', 'A', 'B', 'D'], ['A', 'C', 'D', 'B'], ['D', 'C', 'A', 'B']]","{'C': 5, 'A': 4, 'D': 4, 'B': 2}","[0.58, 1.0, 1.0]",4.0
99,"[1, 4, 5]","[3, 4, 4]","[0.54, 0.79, 0.75]","[['C', 'A', 'B', 'D'], ['A', 'D', 'C', 'B'], ['A', 'B', 'C', 'D']]","{'C': 5, 'A': 4, 'B': 3, 'D': 3}","[0.58, 1.0, 1.0]",3.91
99,"[1, 4, 5]","[3, 4, 4]","[0.54, 0.79, 0.75]","[['C', 'A', 'B', 'D'], ['A', 'D', 'C', 'B'], ['A', 'C', 'B', 'D']]","{'C': 5, 'A': 4, 'B': 3, 'D': 3}","[0.58, 1.0, 1.0]",3.91
99,"[1, 4, 5]","[3, 4, 4]","[0.54, 0.79, 0.75]","[['C', 'A', 'B', 'D'], ['A', 'D', 'C', 'B'], ['A', 'C', 'D', 'B']]","{'C': 5, 'A': 4, 'D': 4, 'B': 2}","[0.58, 1.0, 1.0]",4.0
99,"[1, 4, 5]","[3, 4, 4]","[0.54, 0.79, 0.75]","[['C', 'A', 'B', 'D'], ['A', 'D', 'C', 'B'], ['A', 'D', 'C', 'B']]","{'C': 5, 'A': 4, 'D': 4, 'B': 2}","[0.58, 1.0, 1.0]",4.0
99,"[1, 4, 5]","[3, 4, 4]","[0.54, 0.79, 0.75]","[['C', 'A', 'B', 'D'], ['A', 'D', 'C', 'B'], ['B', 'A', 'C', 'D']]","{'C': 5, 'A': 4, 'B': 3, 'D': 3}","[0.58, 1.0, 1.0]",3.91
99,"[1, 4, 5]","[3, 4, 4]","[0.54, 0.79, 0.75]","[['C', 'A', 'B', 'D'], ['A', 'D', 'C', 'B'], ['B', 'C', 'A', 'D']]","{'C': 5, 'A': 4, 'B': 3, 'D': 3}","[0.58, 1.0, 1.0]",3.91
99,"[1, 4, 5]","[3, 4, 4]","[0.54, 0.79, 0.75]","[['C', 'A', 'B', 'D'], ['A', 'D', 'C', 'B'], ['C', 'A', 'B', 'D']]","{'C': 5, 'A': 4, 'B': 3, 'D': 3}","[0.58, 1.0, 1.0]",3.91
99,"[1, 4, 5]","[3, 4, 4]","[0.54, 0.79, 0.75]","[['C', 'A', 'B', 'D'], ['A', 'D', 'C', 'B'], ['C', 'A', 'D', 'B']]","{'C': 5, 'A': 4, 'D': 4, 'B': 2}","[0.58, 1.0, 1.0]",4.0
99,"[1, 4, 5]","[3, 4, 4]","[0.54, 0.79, 0.75]","[['C', 'A', 'B', 'D'], ['A', 'D', 'C', 'B'], ['C', 'B', 'A', 'D']]","{'C': 5, 'A': 4, 'B': 3, 'D': 3}","[0.58, 1.0, 1.0]",3.91
99,"[1, 4, 5]","[3, 4, 4]","[0.54, 0.79, 0.75]","[['C', 'A', 'B', 'D'], ['A', 'D', 'C', 'B'], ['C', 'D', 'A', 'B']]","{'C': 5, 'A': 4, 'D': 4, 'B': 2}","[0.58, 1.0, 1.0]",4.0
99,"[1, 4, 5]","[3, 4, 4]","[0.54, 0.79, 0.75]","[['C', 'A', 'B', 'D'], ['A', 'D', 'C', 'B'], ['D', 'A', 'C', 'B']]","{'C': 5, 'A': 4, 'D': 4, 'B': 2}","[0.58, 1.0, 1.0]",4.0
99,"[1, 4, 5]","[3, 4, 4]","[0.54, 0.79, 0.75]","[['C', 'A', 'B', 'D'], ['A', 'D', 'C', 'B'], ['D', 'C', 'A', 'B']]","{'C': 5, 'A': 4, 'D': 4, 'B': 2}","[0.58, 1.0, 1.0]",4.0
99,"[1, 4, 5]","[3, 4, 4]","[0.54, 0.79, 0.75]","[['C', 'A', 'B', 'D'], ['B', 'A', 'C', 'D'], ['A', 'B', 'C', 'D']]","{'C': 5, 'A': 4, 'B': 4, 'D': 2}","[0.58, 1.0, 1.0]",3.91
99,"[1, 4, 5]","[3, 4, 4]","[0.54, 0.79, 0.75]","[['C', 'A', 'B', 'D'], ['B', 'A', 'C', 'D'], ['A', 'C', 'B', 'D']]","{'C': 5, 'A': 4, 'B': 4, 'D': 2}","[0.58, 1.0, 1.0]",3.91
99,"[1, 4, 5]","[3, 4, 4]","[0.54, 0.79, 0.75]","[['C', 'A', 'B', 'D'], ['B', 'A', 'C', 'D'], ['A', 'C', 'D', 'B']]","{'C': 5, 'A': 4, 'B': 3, 'D': 3}","[0.58, 1.0, 1.0]",3.91
99,"[1, 4, 5]","[3, 4, 4]","[0.54, 0.79, 0.75]","[['C', 'A', 'B', 'D'], ['B', 'A', 'C', 'D'], ['A', 'D', 'C', 'B']]","{'C': 5, 'A': 4, 'B': 3, 'D': 3}","[0.58, 1.0, 1.0]",3.91
99,"[1, 4, 5]","[3, 4, 4]","[0.54, 0.79, 0.75]","[['C', 'A', 'B', 'D'], ['B', 'A', 'C', 'D'], ['B', 'A', 'C', 'D']]","{'C': 5, 'A': 4, 'B': 4, 'D': 2}","[0.58, 1.0, 1.0]",3.91
99,"[1, 4, 5]","[3, 4, 4]","[0.54, 0.79, 0.75]","[['C', 'A', 'B', 'D'], ['B', 'A', 'C', 'D'], ['B', 'C', 'A', 'D']]","{'C': 5, 'A': 4, 'B': 4, 'D': 2}","[0.58, 1.0, 1.0]",3.91
99,"[1, 4, 5]","[3, 4, 4]","[0.54, 0.79, 0.75]","[['C', 'A', 'B', 'D'], ['B', 'A', 'C', 'D'], ['C', 'A', 'B', 'D']]","{'C': 5, 'A': 4, 'B': 4, 'D': 2}","[0.58, 1.0, 1.0]",3.91
99,"[1, 4, 5]","[3, 4, 4]","[0.54, 0.79, 0.75]","[['C', 'A', 'B', 'D'], ['B', 'A', 'C', 'D'], ['C', 'A', 'D', 'B']]","{'C': 5, 'A': 4, 'B': 3, 'D': 3}","[0.58, 1.0, 1.0]",3.91
99,"[1, 4, 5]","[3, 4, 4]","[0.54, 0.79, 0.75]","[['C', 'A', 'B', 'D'], ['B', 'A', 'C', 'D'], ['C', 'B', 'A', 'D']]","{'C': 5, 'A': 4, 'B': 4, 'D': 2}","[0.58, 1.0, 1.0]",3.91
99,"[1, 4, 5]","[3, 4, 4]","[0.54, 0.79, 0.75]","[['C', 'A', 'B', 'D'], ['B', 'A', 'C', 'D'], ['C', 'D', 'A', 'B']]","{'C': 5, 'A': 4, 'B': 3, 'D': 3}","[0.58, 1.0, 1.0]",3.91
99,"[1, 4, 5]","[3, 4, 4]","[0.54, 0.79, 0.75]","[['C', 'A', 'B', 'D'], ['B', 'A', 'C', 'D'], ['D', 'A', 'C', 'B']]","{'C': 5, 'A': 4, 'B': 3, 'D': 3}","[0.58, 1.0, 1.0]",3.91
99,"[1, 4, 5]","[3, 4, 4]","[0.54, 0.79, 0.75]","[['C', 'A', 'B', 'D'], ['B', 'A', 'C', 'D'], ['D', 'C', 'A', 'B']]","{'C': 5, 'A': 4, 'B': 3, 'D': 3}","[0.58, 1.0, 1.0]",3.91
99,"[1, 4, 5]","[3, 4, 4]","[0.54, 0.79, 0.75]","[['C', 'A', 'B', 'D'], ['B', 'C', 'A', 'D'], ['A', 'B', 'C', 'D']]","{'C': 5, 'A': 4, 'B': 4, 'D': 2}","[0.58, 1.0, 1.0]",3.91
99,"[1, 4, 5]","[3, 4, 4]","[0.54, 0.79, 0.75]","[['C', 'A', 'B', 'D'], ['B', 'C', 'A', 'D'], ['A', 'C', 'B', 'D']]","{'C': 5, 'A': 4, 'B': 4, 'D': 2}","[0.58, 1.0, 1.0]",3.91
99,"[1, 4, 5]","[3, 4, 4]","[0.54, 0.79, 0.75]","[['C', 'A', 'B', 'D'], ['B', 'C', 'A', 'D'], ['A', 'C', 'D', 'B']]","{'C': 5, 'A': 4, 'B': 3, 'D': 3}","[0.58, 1.0, 1.0]",3.91
99,"[1, 4, 5]","[3, 4, 4]","[0.54, 0.79, 0.75]","[['C', 'A', 'B', 'D'], ['B', 'C', 'A', 'D'], ['A', 'D', 'C', 'B']]","{'C': 5, 'A': 4, 'B': 3, 'D': 3}","[0.58, 1.0, 1.0]",3.91
99,"[1, 4, 5]","[3, 4, 4]","[0.54, 0.79, 0.75]","[['C', 'A', 'B', 'D'], ['B', 'C', 'A', 'D'], ['B', 'A', 'C', 'D']]","{'C': 5, 'A': 4, 'B': 4, 'D': 2}","[0.58, 1.0, 1.0]",3.91
99,"[1, 4, 5]","[3, 4, 4]","[0.54, 0.79, 0.75]","[['C', 'A', 'B', 'D'], ['B', 'C', 'A', 'D'], ['B', 'C', 'A', 'D']]","{'C': 5, 'A': 4, 'B': 4, 'D': 2}","[0.58, 1.0, 1.0]",3.91
99,"[1, 4, 5]","[3, 4, 4]","[0.54, 0.79, 0.75]","[['C', 'A', 'B', 'D'], ['B', 'C', 'A', 'D'], ['C', 'A', 'B', 'D']]","{'C': 5, 'A': 4, 'B': 4, 'D': 2}","[0.58, 1.0, 1.0]",3.91
99,"[1, 4, 5]","[3, 4, 4]","[0.54, 0.79, 0.75]","[['C', 'A', 'B', 'D'], ['B', 'C', 'A', 'D'], ['C', 'A', 'D', 'B']]","{'C': 5, 'A': 4, 'B': 3, 'D': 3}","[0.58, 1.0, 1.0]",3.91
99,"[1, 4, 5]","[3, 4, 4]","[0.54, 0.79, 0.75]","[['C', 'A', 'B', 'D'], ['B', 'C', 'A', 'D'], ['C', 'B', 'A', 'D']]","{'C': 5, 'A': 4, 'B': 4, 'D': 2}","[0.58, 1.0, 1.0]",3.91
99,"[1, 4, 5]","[3, 4, 4]","[0.54, 0.79, 0.75]","[['C', 'A', 'B', 'D'], ['B', 'C', 'A', 'D'], ['C', 'D', 'A', 'B']]","{'C': 5, 'A': 4, 'B': 3, 'D': 3}","[0.58, 1.0, 1.0]",3.91
99,"[1, 4, 5]","[3, 4, 4]","[0.54, 0.79, 0.75]","[['C', 'A', 'B', 'D'], ['B', 'C', 'A', 'D'], ['D', 'A', 'C', 'B']]","{'C': 5, 'A': 4, 'B': 3, 'D': 3}","[0.58, 1.0, 1.0]",3.91
99,"[1, 4, 5]","[3, 4, 4]","[0.54, 0.79, 0.75]","[['C', 'A', 'B', 'D'], ['B', 'C', 'A', 'D'], ['D', 'C', 'A', 'B']]","{'C': 5, 'A': 4, 'B': 3, 'D': 3}","[0.58, 1.0, 1.0]",3.91
99,"[1, 4, 5]","[3, 4, 4]","[0.54, 0.79, 0.75]","[['C', 'A', 'B', 'D'], ['C', 'A', 'B', 'D'], ['A', 'B', 'C', 'D']]","{'C': 5, 'A': 4, 'B': 4, 'D': 2}","[0.58, 1.0, 1.0]",3.91
99,"[1, 4, 5]","[3, 4, 4]","[0.54, 0.79, 0.75]","[['C', 'A', 'B', 'D'], ['C', 'A', 'B', 'D'], ['A', 'C', 'B', 'D']]","{'C': 5, 'A': 4, 'B': 4, 'D': 2}","[0.58, 1.0, 1.0]",3.91
99,"[1, 4, 5]","[3, 4, 4]","[0.54, 0.79, 0.75]","[['C', 'A', 'B', 'D'], ['C', 'A', 'B', 'D'], ['A', 'C', 'D', 'B']]","{'C': 5, 'A': 4, 'B': 3, 'D': 3}","[0.58, 1.0, 1.0]",3.91
99,"[1, 4, 5]","[3, 4, 4]","[0.54, 0.79, 0.75]","[['C', 'A', 'B', 'D'], ['C', 'A', 'B', 'D'], ['A', 'D', 'C', 'B']]","{'C': 5, 'A': 4, 'B': 3, 'D': 3}","[0.58, 1.0, 1.0]",3.91
99,"[1, 4, 5]","[3, 4, 4]","[0.54, 0.79, 0.75]","[['C', 'A', 'B', 'D'], ['C', 'A', 'B', 'D'], ['B', 'A', 'C', 'D']]","{'C': 5, 'A': 4, 'B': 4, 'D': 2}","[0.58, 1.0, 1.0]",3.91
99,"[1, 4, 5]","[3, 4, 4]","[0.54, 0.79, 0.75]","[['C', 'A', 'B', 'D'], ['C', 'A', 'B', 'D'], ['B', 'C', 'A', 'D']]","{'C': 5, 'A': 4, 'B': 4, 'D': 2}","[0.58, 1.0, 1.0]",3.91
99,"[1, 4, 5]","[3, 4, 4]","[0.54, 0.79, 0.75]","[['C', 'A', 'B', 'D'], ['C', 'A', 'B', 'D'], ['C', 'A', 'B', 'D']]","{'C': 5, 'A': 4, 'B': 4, 'D': 2}","[0.58, 1.0, 1.0]",3.91
99,"[1, 4, 5]","[3, 4, 4]","[0.54, 0.79, 0.75]","[['C', 'A', 'B', 'D'], ['C', 'A', 'B', 'D'], ['C', 'A', 'D', 'B']]","{'C': 5, 'A': 4, 'B': 3, 'D': 3}","[0.58, 1.0, 1.0]",3.91
99,"[1, 4, 5]","[3, 4, 4]","[0.54, 0.79, 0.75]","[['C', 'A', 'B', 'D'], ['C', 'A', 'B', 'D'], ['C', 'B', 'A', 'D']]","{'C': 5, 'A': 4, 'B': 4, 'D': 2}","[0.58, 1.0, 1.0]",3.91
99,"[1, 4, 5]","[3, 4, 4]","[0.54, 0.79, 0.75]","[['C', 'A', 'B', 'D'], ['C', 'A', 'B', 'D'], ['C', 'D', 'A', 'B']]","{'C': 5, 'A': 4, 'B': 3, 'D': 3}","[0.58, 1.0, 1.0]",3.91
99,"[1, 4, 5]","[3, 4, 4]","[0.54, 0.79, 0.75]","[['C', 'A', 'B', 'D'], ['C', 'A', 'B', 'D'], ['D', 'A', 'C', 'B']]","{'C': 5, 'A': 4, 'B': 3, 'D': 3}","[0.58, 1.0, 1.0]",3.91
99,"[1, 4, 5]","[3, 4, 4]","[0.54, 0.79, 0.75]","[['C', 'A', 'B', 'D'], ['C', 'A', 'B', 'D'], ['D', 'C', 'A', 'B']]","{'C': 5, 'A': 4, 'B': 3, 'D': 3}","[0.58, 1.0, 1.0]",3.91
99,"[1, 4, 5]","[3, 4, 4]","[0.54, 0.79, 0.75]","[['C', 'A', 'B', 'D'], ['C', 'A', 'D', 'B'], ['A', 'B', 'C', 'D']]","{'C': 5, 'A': 4, 'B': 3, 'D': 3}","[0.58, 1.0, 1.0]",3.91
99,"[1, 4, 5]","[3, 4, 4]","[0.54, 0.79, 0.75]","[['C', 'A', 'B', 'D'], ['C', 'A', 'D', 'B'], ['A', 'C', 'B', 'D']]","{'C': 5, 'A': 4, 'B': 3, 'D': 3}","[0.58, 1.0, 1.0]",3.91
99,"[1, 4, 5]","[3, 4, 4]","[0.54, 0.79, 0.75]","[['C', 'A', 'B', 'D'], ['C', 'A', 'D', 'B'], ['A', 'C', 'D', 'B']]","{'C': 5, 'A': 4, 'D': 4, 'B': 2}","[0.58, 1.0, 1.0]",4.0
99,"[1, 4, 5]","[3, 4, 4]","[0.54, 0.79, 0.75]","[['C', 'A', 'B', 'D'], ['C', 'A', 'D', 'B'], ['A', 'D', 'C', 'B']]","{'C': 5, 'A': 4, 'D': 4, 'B': 2}","[0.58, 1.0, 1.0]",4.0
99,"[1, 4, 5]","[3, 4, 4]","[0.54, 0.79, 0.75]","[['C', 'A', 'B', 'D'], ['C', 'A', 'D', 'B'], ['B', 'A', 'C', 'D']]","{'C': 5, 'A': 4, 'B': 3, 'D': 3}","[0.58, 1.0, 1.0]",3.91
99,"[1, 4, 5]","[3, 4, 4]","[0.54, 0.79, 0.75]","[['C', 'A', 'B', 'D'], ['C', 'A', 'D', 'B'], ['B', 'C', 'A', 'D']]","{'C': 5, 'A': 4, 'B': 3, 'D': 3}","[0.58, 1.0, 1.0]",3.91
99,"[1, 4, 5]","[3, 4, 4]","[0.54, 0.79, 0.75]","[['C', 'A', 'B', 'D'], ['C', 'A', 'D', 'B'], ['C', 'A', 'B', 'D']]","{'C': 5, 'A': 4, 'B': 3, 'D': 3}","[0.58, 1.0, 1.0]",3.91
99,"[1, 4, 5]","[3, 4, 4]","[0.54, 0.79, 0.75]","[['C', 'A', 'B', 'D'], ['C', 'A', 'D', 'B'], ['C', 'A', 'D', 'B']]","{'C': 5, 'A': 4, 'D': 4, 'B': 2}","[0.58, 1.0, 1.0]",4.0
99,"[1, 4, 5]","[3, 4, 4]","[0.54, 0.79, 0.75]","[['C', 'A', 'B', 'D'], ['C', 'A', 'D', 'B'], ['C', 'B', 'A', 'D']]","{'C': 5, 'A': 4, 'B': 3, 'D': 3}","[0.58, 1.0, 1.0]",3.91
99,"[1, 4, 5]","[3, 4, 4]","[0.54, 0.79, 0.75]","[['C', 'A', 'B', 'D'], ['C', 'A', 'D', 'B'], ['C', 'D', 'A', 'B']]","{'C': 5, 'A': 4, 'D': 4, 'B': 2}","[0.58, 1.0, 1.0]",4.0
99,"[1, 4, 5]","[3, 4, 4]","[0.54, 0.79, 0.75]","[['C', 'A', 'B', 'D'], ['C', 'A', 'D', 'B'], ['D', 'A', 'C', 'B']]","{'C': 5, 'A': 4, 'D': 4, 'B': 2}","[0.58, 1.0, 1.0]",4.0
99,"[1, 4, 5]","[3, 4, 4]","[0.54, 0.79, 0.75]","[['C', 'A', 'B', 'D'], ['C', 'A', 'D', 'B'], ['D', 'C', 'A', 'B']]","{'C': 5, 'A': 4, 'D': 4, 'B': 2}","[0.58, 1.0, 1.0]",4.0
99,"[1, 4, 5]","[3, 4, 4]","[0.54, 0.79, 0.75]","[['C', 'A', 'B', 'D'], ['C', 'B', 'A', 'D'], ['A', 'B', 'C', 'D']]","{'C': 5, 'A': 4, 'B': 4, 'D': 2}","[0.58, 1.0, 1.0]",3.91
99,"[1, 4, 5]","[3, 4, 4]","[0.54, 0.79, 0.75]","[['C', 'A', 'B', 'D'], ['C', 'B', 'A', 'D'], ['A', 'C', 'B', 'D']]","{'C': 5, 'A': 4, 'B': 4, 'D': 2}","[0.58, 1.0, 1.0]",3.91
99,"[1, 4, 5]","[3, 4, 4]","[0.54, 0.79, 0.75]","[['C', 'A', 'B', 'D'], ['C', 'B', 'A', 'D'], ['A', 'C', 'D', 'B']]","{'C': 5, 'A': 4, 'B': 3, 'D': 3}","[0.58, 1.0, 1.0]",3.91
99,"[1, 4, 5]","[3, 4, 4]","[0.54, 0.79, 0.75]","[['C', 'A', 'B', 'D'], ['C', 'B', 'A', 'D'], ['A', 'D', 'C', 'B']]","{'C': 5, 'A': 4, 'B': 3, 'D': 3}","[0.58, 1.0, 1.0]",3.91
99,"[1, 4, 5]","[3, 4, 4]","[0.54, 0.79, 0.75]","[['C', 'A', 'B', 'D'], ['C', 'B', 'A', 'D'], ['B', 'A', 'C', 'D']]","{'C': 5, 'A': 4, 'B': 4, 'D': 2}","[0.58, 1.0, 1.0]",3.91
99,"[1, 4, 5]","[3, 4, 4]","[0.54, 0.79, 0.75]","[['C', 'A', 'B', 'D'], ['C', 'B', 'A', 'D'], ['B', 'C', 'A', 'D']]","{'C': 5, 'A': 4, 'B': 4, 'D': 2}","[0.58, 1.0, 1.0]",3.91
99,"[1, 4, 5]","[3, 4, 4]","[0.54, 0.79, 0.75]","[['C', 'A', 'B', 'D'], ['C', 'B', 'A', 'D'], ['C', 'A', 'B', 'D']]","{'C': 5, 'A': 4, 'B': 4, 'D': 2}","[0.58, 1.0, 1.0]",3.91
99,"[1, 4, 5]","[3, 4, 4]","[0.54, 0.79, 0.75]","[['C', 'A', 'B', 'D'], ['C', 'B', 'A', 'D'], ['C', 'A', 'D', 'B']]","{'C': 5, 'A': 4, 'B': 3, 'D': 3}","[0.58, 1.0, 1.0]",3.91
99,"[1, 4, 5]","[3, 4, 4]","[0.54, 0.79, 0.75]","[['C', 'A', 'B', 'D'], ['C', 'B', 'A', 'D'], ['C', 'B', 'A', 'D']]","{'C': 5, 'A': 4, 'B': 4, 'D': 2}","[0.58, 1.0, 1.0]",3.91
99,"[1, 4, 5]","[3, 4, 4]","[0.54, 0.79, 0.75]","[['C', 'A', 'B', 'D'], ['C', 'B', 'A', 'D'], ['C', 'D', 'A', 'B']]","{'C': 5, 'A': 4, 'B': 3, 'D': 3}","[0.58, 1.0, 1.0]",3.91
99,"[1, 4, 5]","[3, 4, 4]","[0.54, 0.79, 0.75]","[['C', 'A', 'B', 'D'], ['C', 'B', 'A', 'D'], ['D', 'A', 'C', 'B']]","{'C': 5, 'A': 4, 'B': 3, 'D': 3}","[0.58, 1.0, 1.0]",3.91
99,"[1, 4, 5]","[3, 4, 4]","[0.54, 0.79, 0.75]","[['C', 'A', 'B', 'D'], ['C', 'B', 'A', 'D'], ['D', 'C', 'A', 'B']]","{'C': 5, 'A': 4, 'B': 3, 'D': 3}","[0.58, 1.0, 1.0]",3.91
99,"[1, 4, 5]","[3, 4, 4]","[0.54, 0.79, 0.75]","[['C', 'A', 'B', 'D'], ['C', 'D', 'A', 'B'], ['A', 'B', 'C', 'D']]","{'C': 5, 'A': 4, 'B': 3, 'D': 3}","[0.58, 1.0, 1.0]",3.91
99,"[1, 4, 5]","[3, 4, 4]","[0.54, 0.79, 0.75]","[['C', 'A', 'B', 'D'], ['C', 'D', 'A', 'B'], ['A', 'C', 'B', 'D']]","{'C': 5, 'A': 4, 'B': 3, 'D': 3}","[0.58, 1.0, 1.0]",3.91
99,"[1, 4, 5]","[3, 4, 4]","[0.54, 0.79, 0.75]","[['C', 'A', 'B', 'D'], ['C', 'D', 'A', 'B'], ['A', 'C', 'D', 'B']]","{'C': 5, 'A': 4, 'D': 4, 'B': 2}","[0.58, 1.0, 1.0]",4.0
99,"[1, 4, 5]","[3, 4, 4]","[0.54, 0.79, 0.75]","[['C', 'A', 'B', 'D'], ['C', 'D', 'A', 'B'], ['A', 'D', 'C', 'B']]","{'C': 5, 'A': 4, 'D': 4, 'B': 2}","[0.58, 1.0, 1.0]",4.0
99,"[1, 4, 5]","[3, 4, 4]","[0.54, 0.79, 0.75]","[['C', 'A', 'B', 'D'], ['C', 'D', 'A', 'B'], ['B', 'A', 'C', 'D']]","{'C': 5, 'A': 4, 'B': 3, 'D': 3}","[0.58, 1.0, 1.0]",3.91
99,"[1, 4, 5]","[3, 4, 4]","[0.54, 0.79, 0.75]","[['C', 'A', 'B', 'D'], ['C', 'D', 'A', 'B'], ['B', 'C', 'A', 'D']]","{'C': 5, 'A': 4, 'B': 3, 'D': 3}","[0.58, 1.0, 1.0]",3.91
99,"[1, 4, 5]","[3, 4, 4]","[0.54, 0.79, 0.75]","[['C', 'A', 'B', 'D'], ['C', 'D', 'A', 'B'], ['C', 'A', 'B', 'D']]","{'C': 5, 'A': 4, 'B': 3, 'D': 3}","[0.58, 1.0, 1.0]",3.91
99,"[1, 4, 5]","[3, 4, 4]","[0.54, 0.79, 0.75]","[['C', 'A', 'B', 'D'], ['C', 'D', 'A', 'B'], ['C', 'A', 'D', 'B']]","{'C': 5, 'A': 4, 'D': 4, 'B': 2}","[0.58, 1.0, 1.0]",4.0
99,"[1, 4, 5]","[3, 4, 4]","[0.54, 0.79, 0.75]","[['C', 'A', 'B', 'D'], ['C', 'D', 'A', 'B'], ['C', 'B', 'A', 'D']]","{'C': 5, 'A': 4, 'B': 3, 'D': 3}","[0.58, 1.0, 1.0]",3.91
99,"[1, 4, 5]","[3, 4, 4]","[0.54, 0.79, 0.75]","[['C', 'A', 'B', 'D'], ['C', 'D', 'A', 'B'], ['C', 'D', 'A', 'B']]","{'C': 5, 'A': 4, 'D': 4, 'B': 2}","[0.58, 1.0, 1.0]",4.0
99,"[1, 4, 5]","[3, 4, 4]","[0.54, 0.79, 0.75]","[['C', 'A', 'B', 'D'], ['C', 'D', 'A', 'B'], ['D', 'A', 'C', 'B']]","{'C': 5, 'A': 4, 'D': 4, 'B': 2}","[0.58, 1.0, 1.0]",4.0
99,"[1, 4, 5]","[3, 4, 4]","[0.54, 0.79, 0.75]","[['C', 'A', 'B', 'D'], ['C', 'D', 'A', 'B'], ['D', 'C', 'A', 'B']]","{'C': 5, 'A': 4, 'D': 4, 'B': 2}","[0.58, 1.0, 1.0]",4.0
99,"[1, 4, 5]","[3, 4, 4]","[0.54, 0.79, 0.75]","[['C', 'A', 'B', 'D'], ['D', 'A', 'C', 'B'], ['A', 'B', 'C', 'D']]","{'C': 5, 'A': 4, 'B': 3, 'D': 3}","[0.58, 1.0, 1.0]",3.91
99,"[1, 4, 5]","[3, 4, 4]","[0.54, 0.79, 0.75]","[['C', 'A', 'B', 'D'], ['D', 'A', 'C', 'B'], ['A', 'C', 'B', 'D']]","{'C': 5, 'A': 4, 'B': 3, 'D': 3}","[0.58, 1.0, 1.0]",3.91
99,"[1, 4, 5]","[3, 4, 4]","[0.54, 0.79, 0.75]","[['C', 'A', 'B', 'D'], ['D', 'A', 'C', 'B'], ['A', 'C', 'D', 'B']]","{'C': 5, 'A': 4, 'D': 4, 'B': 2}","[0.58, 1.0, 1.0]",4.0
99,"[1, 4, 5]","[3, 4, 4]","[0.54, 0.79, 0.75]","[['C', 'A', 'B', 'D'], ['D', 'A', 'C', 'B'], ['A', 'D', 'C', 'B']]","{'C': 5, 'A': 4, 'D': 4, 'B': 2}","[0.58, 1.0, 1.0]",4.0
99,"[1, 4, 5]","[3, 4, 4]","[0.54, 0.79, 0.75]","[['C', 'A', 'B', 'D'], ['D', 'A', 'C', 'B'], ['B', 'A', 'C', 'D']]","{'C': 5, 'A': 4, 'B': 3, 'D': 3}","[0.58, 1.0, 1.0]",3.91
99,"[1, 4, 5]","[3, 4, 4]","[0.54, 0.79, 0.75]","[['C', 'A', 'B', 'D'], ['D', 'A', 'C', 'B'], ['B', 'C', 'A', 'D']]","{'C': 5, 'A': 4, 'B': 3, 'D': 3}","[0.58, 1.0, 1.0]",3.91
99,"[1, 4, 5]","[3, 4, 4]","[0.54, 0.79, 0.75]","[['C', 'A', 'B', 'D'], ['D', 'A', 'C', 'B'], ['C', 'A', 'B', 'D']]","{'C': 5, 'A': 4, 'B': 3, 'D': 3}","[0.58, 1.0, 1.0]",3.91
99,"[1, 4, 5]","[3, 4, 4]","[0.54, 0.79, 0.75]","[['C', 'A', 'B', 'D'], ['D', 'A', 'C', 'B'], ['C', 'A', 'D', 'B']]","{'C': 5, 'A': 4, 'D': 4, 'B': 2}","[0.58, 1.0, 1.0]",4.0
99,"[1, 4, 5]","[3, 4, 4]","[0.54, 0.79, 0.75]","[['C', 'A', 'B', 'D'], ['D', 'A', 'C', 'B'], ['C', 'B', 'A', 'D']]","{'C': 5, 'A': 4, 'B': 3, 'D': 3}","[0.58, 1.0, 1.0]",3.91
99,"[1, 4, 5]","[3, 4, 4]","[0.54, 0.79, 0.75]","[['C', 'A', 'B', 'D'], ['D', 'A', 'C', 'B'], ['C', 'D', 'A', 'B']]","{'C': 5, 'A': 4, 'D': 4, 'B': 2}","[0.58, 1.0, 1.0]",4.0
99,"[1, 4, 5]","[3, 4, 4]","[0.54, 0.79, 0.75]","[['C', 'A', 'B', 'D'], ['D', 'A', 'C', 'B'], ['D', 'A', 'C', 'B']]","{'C': 5, 'A': 4, 'D': 4, 'B': 2}","[0.58, 1.0, 1.0]",4.0
99,"[1, 4, 5]","[3, 4, 4]","[0.54, 0.79, 0.75]","[['C', 'A', 'B', 'D'], ['D', 'A', 'C', 'B'], ['D', 'C', 'A', 'B']]","{'C': 5, 'A': 4, 'D': 4, 'B': 2}","[0.58, 1.0, 1.0]",4.0
99,"[1, 4, 5]","[3, 4, 4]","[0.54, 0.79, 0.75]","[['C', 'A', 'B', 'D'], ['D', 'C', 'A', 'B'], ['A', 'B', 'C', 'D']]","{'C': 5, 'A': 4, 'B': 3, 'D': 3}","[0.58, 1.0, 1.0]",3.91
99,"[1, 4, 5]","[3, 4, 4]","[0.54, 0.79, 0.75]","[['C', 'A', 'B', 'D'], ['D', 'C', 'A', 'B'], ['A', 'C', 'B', 'D']]","{'C': 5, 'A': 4, 'B': 3, 'D': 3}","[0.58, 1.0, 1.0]",3.91
99,"[1, 4, 5]","[3, 4, 4]","[0.54, 0.79, 0.75]","[['C', 'A', 'B', 'D'], ['D', 'C', 'A', 'B'], ['A', 'C', 'D', 'B']]","{'C': 5, 'A': 4, 'D': 4, 'B': 2}","[0.58, 1.0, 1.0]",4.0
99,"[1, 4, 5]","[3, 4, 4]","[0.54, 0.79, 0.75]","[['C', 'A', 'B', 'D'], ['D', 'C', 'A', 'B'], ['A', 'D', 'C', 'B']]","{'C': 5, 'A': 4, 'D': 4, 'B': 2}","[0.58, 1.0, 1.0]",4.0
99,"[1, 4, 5]","[3, 4, 4]","[0.54, 0.79, 0.75]","[['C', 'A', 'B', 'D'], ['D', 'C', 'A', 'B'], ['B', 'A', 'C', 'D']]","{'C': 5, 'A': 4, 'B': 3, 'D': 3}","[0.58, 1.0, 1.0]",3.91
99,"[1, 4, 5]","[3, 4, 4]","[0.54, 0.79, 0.75]","[['C', 'A', 'B', 'D'], ['D', 'C', 'A', 'B'], ['B', 'C', 'A', 'D']]","{'C': 5, 'A': 4, 'B': 3, 'D': 3}","[0.58, 1.0, 1.0]",3.91
99,"[1, 4, 5]","[3, 4, 4]","[0.54, 0.79, 0.75]","[['C', 'A', 'B', 'D'], ['D', 'C', 'A', 'B'], ['C', 'A', 'B', 'D']]","{'C': 5, 'A': 4, 'B': 3, 'D': 3}","[0.58, 1.0, 1.0]",3.91
99,"[1, 4, 5]","[3, 4, 4]","[0.54, 0.79, 0.75]","[['C', 'A', 'B', 'D'], ['D', 'C', 'A', 'B'], ['C', 'A', 'D', 'B']]","{'C': 5, 'A': 4, 'D': 4, 'B': 2}","[0.58, 1.0, 1.0]",4.0
99,"[1, 4, 5]","[3, 4, 4]","[0.54, 0.79, 0.75]","[['C', 'A', 'B', 'D'], ['D', 'C', 'A', 'B'], ['C', 'B', 'A', 'D']]","{'C': 5, 'A': 4, 'B': 3, 'D': 3}","[0.58, 1.0, 1.0]",3.91
99,"[1, 4, 5]","[3, 4, 4]","[0.54, 0.79, 0.75]","[['C', 'A', 'B', 'D'], ['D', 'C', 'A', 'B'], ['C', 'D', 'A', 'B']]","{'C': 5, 'A': 4, 'D': 4, 'B': 2}","[0.58, 1.0, 1.0]",4.0
99,"[1, 4, 5]","[3, 4, 4]","[0.54, 0.79, 0.75]","[['C', 'A', 'B', 'D'], ['D', 'C', 'A', 'B'], ['D', 'A', 'C', 'B']]","{'C': 5, 'A': 4, 'D': 4, 'B': 2}","[0.58, 1.0, 1.0]",4.0
99,"[1, 4, 5]","[3, 4, 4]","[0.54, 0.79, 0.75]","[['C', 'A', 'B', 'D'], ['D', 'C', 'A', 'B'], ['D', 'C', 'A', 'B']]","{'C': 5, 'A': 4, 'D': 4, 'B': 2}","[0.58, 1.0, 1.0]",4.0
99,"[1, 4, 5]","[3, 4, 4]","[0.54, 0.79, 0.75]","[['C', 'A', 'D', 'B'], ['A', 'B', 'C', 'D'], ['A', 'B', 'C', 'D']]","{'C': 5, 'A': 4, 'B': 3, 'D': 3}","[0.58, 1.0, 1.0]",3.91
99,"[1, 4, 5]","[3, 4, 4]","[0.54, 0.79, 0.75]","[['C', 'A', 'D', 'B'], ['A', 'B', 'C', 'D'], ['A', 'C', 'B', 'D']]","{'C': 5, 'A': 4, 'B': 3, 'D': 3}","[0.58, 1.0, 1.0]",3.91
99,"[1, 4, 5]","[3, 4, 4]","[0.54, 0.79, 0.75]","[['C', 'A', 'D', 'B'], ['A', 'B', 'C', 'D'], ['A', 'C', 'D', 'B']]","{'C': 5, 'A': 4, 'D': 4, 'B': 2}","[0.58, 1.0, 1.0]",4.0
99,"[1, 4, 5]","[3, 4, 4]","[0.54, 0.79, 0.75]","[['C', 'A', 'D', 'B'], ['A', 'B', 'C', 'D'], ['A', 'D', 'C', 'B']]","{'C': 5, 'A': 4, 'D': 4, 'B': 2}","[0.58, 1.0, 1.0]",4.0
99,"[1, 4, 5]","[3, 4, 4]","[0.54, 0.79, 0.75]","[['C', 'A', 'D', 'B'], ['A', 'B', 'C', 'D'], ['B', 'A', 'C', 'D']]","{'C': 5, 'A': 4, 'B': 3, 'D': 3}","[0.58, 1.0, 1.0]",3.91
99,"[1, 4, 5]","[3, 4, 4]","[0.54, 0.79, 0.75]","[['C', 'A', 'D', 'B'], ['A', 'B', 'C', 'D'], ['B', 'C', 'A', 'D']]","{'C': 5, 'A': 4, 'B': 3, 'D': 3}","[0.58, 1.0, 1.0]",3.91
99,"[1, 4, 5]","[3, 4, 4]","[0.54, 0.79, 0.75]","[['C', 'A', 'D', 'B'], ['A', 'B', 'C', 'D'], ['C', 'A', 'B', 'D']]","{'C': 5, 'A': 4, 'B': 3, 'D': 3}","[0.58, 1.0, 1.0]",3.91
99,"[1, 4, 5]","[3, 4, 4]","[0.54, 0.79, 0.75]","[['C', 'A', 'D', 'B'], ['A', 'B', 'C', 'D'], ['C', 'A', 'D', 'B']]","{'C': 5, 'A': 4, 'D': 4, 'B': 2}","[0.58, 1.0, 1.0]",4.0
99,"[1, 4, 5]","[3, 4, 4]","[0.54, 0.79, 0.75]","[['C', 'A', 'D', 'B'], ['A', 'B', 'C', 'D'], ['C', 'B', 'A', 'D']]","{'C': 5, 'A': 4, 'B': 3, 'D': 3}","[0.58, 1.0, 1.0]",3.91
99,"[1, 4, 5]","[3, 4, 4]","[0.54, 0.79, 0.75]","[['C', 'A', 'D', 'B'], ['A', 'B', 'C', 'D'], ['C', 'D', 'A', 'B']]","{'C': 5, 'A': 4, 'D': 4, 'B': 2}","[0.58, 1.0, 1.0]",4.0
99,"[1, 4, 5]","[3, 4, 4]","[0.54, 0.79, 0.75]","[['C', 'A', 'D', 'B'], ['A', 'B', 'C', 'D'], ['D', 'A', 'C', 'B']]","{'C': 5, 'A': 4, 'D': 4, 'B': 2}","[0.58, 1.0, 1.0]",4.0
99,"[1, 4, 5]","[3, 4, 4]","[0.54, 0.79, 0.75]","[['C', 'A', 'D', 'B'], ['A', 'B', 'C', 'D'], ['D', 'C', 'A', 'B']]","{'C': 5, 'A': 4, 'D': 4, 'B': 2}","[0.58, 1.0, 1.0]",4.0
99,"[1, 4, 5]","[3, 4, 4]","[0.54, 0.79, 0.75]","[['C', 'A', 'D', 'B'], ['A', 'C', 'B', 'D'], ['A', 'B', 'C', 'D']]","{'C': 5, 'A': 4, 'B': 3, 'D': 3}","[0.58, 1.0, 1.0]",3.91
99,"[1, 4, 5]","[3, 4, 4]","[0.54, 0.79, 0.75]","[['C', 'A', 'D', 'B'], ['A', 'C', 'B', 'D'], ['A', 'C', 'B', 'D']]","{'C': 5, 'A': 4, 'B': 3, 'D': 3}","[0.58, 1.0, 1.0]",3.91
99,"[1, 4, 5]","[3, 4, 4]","[0.54, 0.79, 0.75]","[['C', 'A', 'D', 'B'], ['A', 'C', 'B', 'D'], ['A', 'C', 'D', 'B']]","{'C': 5, 'A': 4, 'D': 4, 'B': 2}","[0.58, 1.0, 1.0]",4.0
99,"[1, 4, 5]","[3, 4, 4]","[0.54, 0.79, 0.75]","[['C', 'A', 'D', 'B'], ['A', 'C', 'B', 'D'], ['A', 'D', 'C', 'B']]","{'C': 5, 'A': 4, 'D': 4, 'B': 2}","[0.58, 1.0, 1.0]",4.0
99,"[1, 4, 5]","[3, 4, 4]","[0.54, 0.79, 0.75]","[['C', 'A', 'D', 'B'], ['A', 'C', 'B', 'D'], ['B', 'A', 'C', 'D']]","{'C': 5, 'A': 4, 'B': 3, 'D': 3}","[0.58, 1.0, 1.0]",3.91
99,"[1, 4, 5]","[3, 4, 4]","[0.54, 0.79, 0.75]","[['C', 'A', 'D', 'B'], ['A', 'C', 'B', 'D'], ['B', 'C', 'A', 'D']]","{'C': 5, 'A': 4, 'B': 3, 'D': 3}","[0.58, 1.0, 1.0]",3.91
99,"[1, 4, 5]","[3, 4, 4]","[0.54, 0.79, 0.75]","[['C', 'A', 'D', 'B'], ['A', 'C', 'B', 'D'], ['C', 'A', 'B', 'D']]","{'C': 5, 'A': 4, 'B': 3, 'D': 3}","[0.58, 1.0, 1.0]",3.91
99,"[1, 4, 5]","[3, 4, 4]","[0.54, 0.79, 0.75]","[['C', 'A', 'D', 'B'], ['A', 'C', 'B', 'D'], ['C', 'A', 'D', 'B']]","{'C': 5, 'A': 4, 'D': 4, 'B': 2}","[0.58, 1.0, 1.0]",4.0
99,"[1, 4, 5]","[3, 4, 4]","[0.54, 0.79, 0.75]","[['C', 'A', 'D', 'B'], ['A', 'C', 'B', 'D'], ['C', 'B', 'A', 'D']]","{'C': 5, 'A': 4, 'B': 3, 'D': 3}","[0.58, 1.0, 1.0]",3.91
99,"[1, 4, 5]","[3, 4, 4]","[0.54, 0.79, 0.75]","[['C', 'A', 'D', 'B'], ['A', 'C', 'B', 'D'], ['C', 'D', 'A', 'B']]","{'C': 5, 'A': 4, 'D': 4, 'B': 2}","[0.58, 1.0, 1.0]",4.0
99,"[1, 4, 5]","[3, 4, 4]","[0.54, 0.79, 0.75]","[['C', 'A', 'D', 'B'], ['A', 'C', 'B', 'D'], ['D', 'A', 'C', 'B']]","{'C': 5, 'A': 4, 'D': 4, 'B': 2}","[0.58, 1.0, 1.0]",4.0
99,"[1, 4, 5]","[3, 4, 4]","[0.54, 0.79, 0.75]","[['C', 'A', 'D', 'B'], ['A', 'C', 'B', 'D'], ['D', 'C', 'A', 'B']]","{'C': 5, 'A': 4, 'D': 4, 'B': 2}","[0.58, 1.0, 1.0]",4.0
99,"[1, 4, 5]","[3, 4, 4]","[0.54, 0.79, 0.75]","[['C', 'A', 'D', 'B'], ['A', 'C', 'D', 'B'], ['A', 'B', 'C', 'D']]","{'C': 5, 'A': 4, 'D': 4, 'B': 2}","[0.58, 1.0, 1.0]",4.0
99,"[1, 4, 5]","[3, 4, 4]","[0.54, 0.79, 0.75]","[['C', 'A', 'D', 'B'], ['A', 'C', 'D', 'B'], ['A', 'C', 'B', 'D']]","{'C': 5, 'A': 4, 'D': 4, 'B': 2}","[0.58, 1.0, 1.0]",4.0
99,"[1, 4, 5]","[3, 4, 4]","[0.54, 0.79, 0.75]","[['C', 'A', 'D', 'B'], ['A', 'C', 'D', 'B'], ['B', 'A', 'C', 'D']]","{'C': 5, 'A': 4, 'D': 4, 'B': 2}","[0.58, 1.0, 1.0]",4.0
99,"[1, 4, 5]","[3, 4, 4]","[0.54, 0.79, 0.75]","[['C', 'A', 'D', 'B'], ['A', 'C', 'D', 'B'], ['B', 'C', 'A', 'D']]","{'C': 5, 'A': 4, 'D': 4, 'B': 2}","[0.58, 1.0, 1.0]",4.0
99,"[1, 4, 5]","[3, 4, 4]","[0.54, 0.79, 0.75]","[['C', 'A', 'D', 'B'], ['A', 'C', 'D', 'B'], ['C', 'A', 'B', 'D']]","{'C': 5, 'A': 4, 'D': 4, 'B': 2}","[0.58, 1.0, 1.0]",4.0
99,"[1, 4, 5]","[3, 4, 4]","[0.54, 0.79, 0.75]","[['C', 'A', 'D', 'B'], ['A', 'C', 'D', 'B'], ['C', 'B', 'A', 'D']]","{'C': 5, 'A': 4, 'D': 4, 'B': 2}","[0.58, 1.0, 1.0]",4.0
99,"[1, 4, 5]","[3, 4, 4]","[0.54, 0.79, 0.75]","[['C', 'A', 'D', 'B'], ['A', 'D', 'C', 'B'], ['A', 'B', 'C', 'D']]","{'C': 5, 'A': 4, 'D': 4, 'B': 2}","[0.58, 1.0, 1.0]",4.0
99,"[1, 4, 5]","[3, 4, 4]","[0.54, 0.79, 0.75]","[['C', 'A', 'D', 'B'], ['A', 'D', 'C', 'B'], ['A', 'C', 'B', 'D']]","{'C': 5, 'A': 4, 'D': 4, 'B': 2}","[0.58, 1.0, 1.0]",4.0
99,"[1, 4, 5]","[3, 4, 4]","[0.54, 0.79, 0.75]","[['C', 'A', 'D', 'B'], ['A', 'D', 'C', 'B'], ['B', 'A', 'C', 'D']]","{'C': 5, 'A': 4, 'D': 4, 'B': 2}","[0.58, 1.0, 1.0]",4.0
99,"[1, 4, 5]","[3, 4, 4]","[0.54, 0.79, 0.75]","[['C', 'A', 'D', 'B'], ['A', 'D', 'C', 'B'], ['B', 'C', 'A', 'D']]","{'C': 5, 'A': 4, 'D': 4, 'B': 2}","[0.58, 1.0, 1.0]",4.0
99,"[1, 4, 5]","[3, 4, 4]","[0.54, 0.79, 0.75]","[['C', 'A', 'D', 'B'], ['A', 'D', 'C', 'B'], ['C', 'A', 'B', 'D']]","{'C': 5, 'A': 4, 'D': 4, 'B': 2}","[0.58, 1.0, 1.0]",4.0
99,"[1, 4, 5]","[3, 4, 4]","[0.54, 0.79, 0.75]","[['C', 'A', 'D', 'B'], ['A', 'D', 'C', 'B'], ['C', 'B', 'A', 'D']]","{'C': 5, 'A': 4, 'D': 4, 'B': 2}","[0.58, 1.0, 1.0]",4.0
99,"[1, 4, 5]","[3, 4, 4]","[0.54, 0.79, 0.75]","[['C', 'A', 'D', 'B'], ['B', 'A', 'C', 'D'], ['A', 'B', 'C', 'D']]","{'C': 5, 'A': 4, 'B': 3, 'D': 3}","[0.58, 1.0, 1.0]",3.91
99,"[1, 4, 5]","[3, 4, 4]","[0.54, 0.79, 0.75]","[['C', 'A', 'D', 'B'], ['B', 'A', 'C', 'D'], ['A', 'C', 'B', 'D']]","{'C': 5, 'A': 4, 'B': 3, 'D': 3}","[0.58, 1.0, 1.0]",3.91
99,"[1, 4, 5]","[3, 4, 4]","[0.54, 0.79, 0.75]","[['C', 'A', 'D', 'B'], ['B', 'A', 'C', 'D'], ['A', 'C', 'D', 'B']]","{'C': 5, 'A': 4, 'D': 4, 'B': 2}","[0.58, 1.0, 1.0]",4.0
99,"[1, 4, 5]","[3, 4, 4]","[0.54, 0.79, 0.75]","[['C', 'A', 'D', 'B'], ['B', 'A', 'C', 'D'], ['A', 'D', 'C', 'B']]","{'C': 5, 'A': 4, 'D': 4, 'B': 2}","[0.58, 1.0, 1.0]",4.0
99,"[1, 4, 5]","[3, 4, 4]","[0.54, 0.79, 0.75]","[['C', 'A', 'D', 'B'], ['B', 'A', 'C', 'D'], ['B', 'A', 'C', 'D']]","{'C': 5, 'A': 4, 'B': 3, 'D': 3}","[0.58, 1.0, 1.0]",3.91
99,"[1, 4, 5]","[3, 4, 4]","[0.54, 0.79, 0.75]","[['C', 'A', 'D', 'B'], ['B', 'A', 'C', 'D'], ['B', 'C', 'A', 'D']]","{'C': 5, 'A': 4, 'B': 3, 'D': 3}","[0.58, 1.0, 1.0]",3.91
99,"[1, 4, 5]","[3, 4, 4]","[0.54, 0.79, 0.75]","[['C', 'A', 'D', 'B'], ['B', 'A', 'C', 'D'], ['C', 'A', 'B', 'D']]","{'C': 5, 'A': 4, 'B': 3, 'D': 3}","[0.58, 1.0, 1.0]",3.91
99,"[1, 4, 5]","[3, 4, 4]","[0.54, 0.79, 0.75]","[['C', 'A', 'D', 'B'], ['B', 'A', 'C', 'D'], ['C', 'A', 'D', 'B']]","{'C': 5, 'A': 4, 'D': 4, 'B': 2}","[0.58, 1.0, 1.0]",4.0
99,"[1, 4, 5]","[3, 4, 4]","[0.54, 0.79, 0.75]","[['C', 'A', 'D', 'B'], ['B', 'A', 'C', 'D'], ['C', 'B', 'A', 'D']]","{'C': 5, 'A': 4, 'B': 3, 'D': 3}","[0.58, 1.0, 1.0]",3.91
99,"[1, 4, 5]","[3, 4, 4]","[0.54, 0.79, 0.75]","[['C', 'A', 'D', 'B'], ['B', 'A', 'C', 'D'], ['C', 'D', 'A', 'B']]","{'C': 5, 'A': 4, 'D': 4, 'B': 2}","[0.58, 1.0, 1.0]",4.0
99,"[1, 4, 5]","[3, 4, 4]","[0.54, 0.79, 0.75]","[['C', 'A', 'D', 'B'], ['B', 'A', 'C', 'D'], ['D', 'A', 'C', 'B']]","{'C': 5, 'A': 4, 'D': 4, 'B': 2}","[0.58, 1.0, 1.0]",4.0
99,"[1, 4, 5]","[3, 4, 4]","[0.54, 0.79, 0.75]","[['C', 'A', 'D', 'B'], ['B', 'A', 'C', 'D'], ['D', 'C', 'A', 'B']]","{'C': 5, 'A': 4, 'D': 4, 'B': 2}","[0.58, 1.0, 1.0]",4.0
99,"[1, 4, 5]","[3, 4, 4]","[0.54, 0.79, 0.75]","[['C', 'A', 'D', 'B'], ['B', 'C', 'A', 'D'], ['A', 'B', 'C', 'D']]","{'C': 5, 'A': 4, 'B': 3, 'D': 3}","[0.58, 1.0, 1.0]",3.91
99,"[1, 4, 5]","[3, 4, 4]","[0.54, 0.79, 0.75]","[['C', 'A', 'D', 'B'], ['B', 'C', 'A', 'D'], ['A', 'C', 'B', 'D']]","{'C': 5, 'A': 4, 'B': 3, 'D': 3}","[0.58, 1.0, 1.0]",3.91
99,"[1, 4, 5]","[3, 4, 4]","[0.54, 0.79, 0.75]","[['C', 'A', 'D', 'B'], ['B', 'C', 'A', 'D'], ['A', 'C', 'D', 'B']]","{'C': 5, 'A': 4, 'D': 4, 'B': 2}","[0.58, 1.0, 1.0]",4.0
99,"[1, 4, 5]","[3, 4, 4]","[0.54, 0.79, 0.75]","[['C', 'A', 'D', 'B'], ['B', 'C', 'A', 'D'], ['A', 'D', 'C', 'B']]","{'C': 5, 'A': 4, 'D': 4, 'B': 2}","[0.58, 1.0, 1.0]",4.0
99,"[1, 4, 5]","[3, 4, 4]","[0.54, 0.79, 0.75]","[['C', 'A', 'D', 'B'], ['B', 'C', 'A', 'D'], ['B', 'A', 'C', 'D']]","{'C': 5, 'A': 4, 'B': 3, 'D': 3}","[0.58, 1.0, 1.0]",3.91
99,"[1, 4, 5]","[3, 4, 4]","[0.54, 0.79, 0.75]","[['C', 'A', 'D', 'B'], ['B', 'C', 'A', 'D'], ['B', 'C', 'A', 'D']]","{'C': 5, 'A': 4, 'B': 3, 'D': 3}","[0.58, 1.0, 1.0]",3.91
99,"[1, 4, 5]","[3, 4, 4]","[0.54, 0.79, 0.75]","[['C', 'A', 'D', 'B'], ['B', 'C', 'A', 'D'], ['C', 'A', 'B', 'D']]","{'C': 5, 'A': 4, 'B': 3, 'D': 3}","[0.58, 1.0, 1.0]",3.91
99,"[1, 4, 5]","[3, 4, 4]","[0.54, 0.79, 0.75]","[['C', 'A', 'D', 'B'], ['B', 'C', 'A', 'D'], ['C', 'A', 'D', 'B']]","{'C': 5, 'A': 4, 'D': 4, 'B': 2}","[0.58, 1.0, 1.0]",4.0
99,"[1, 4, 5]","[3, 4, 4]","[0.54, 0.79, 0.75]","[['C', 'A', 'D', 'B'], ['B', 'C', 'A', 'D'], ['C', 'B', 'A', 'D']]","{'C': 5, 'A': 4, 'B': 3, 'D': 3}","[0.58, 1.0, 1.0]",3.91
99,"[1, 4, 5]","[3, 4, 4]","[0.54, 0.79, 0.75]","[['C', 'A', 'D', 'B'], ['B', 'C', 'A', 'D'], ['C', 'D', 'A', 'B']]","{'C': 5, 'A': 4, 'D': 4, 'B': 2}","[0.58, 1.0, 1.0]",4.0
99,"[1, 4, 5]","[3, 4, 4]","[0.54, 0.79, 0.75]","[['C', 'A', 'D', 'B'], ['B', 'C', 'A', 'D'], ['D', 'A', 'C', 'B']]","{'C': 5, 'A': 4, 'D': 4, 'B': 2}","[0.58, 1.0, 1.0]",4.0
99,"[1, 4, 5]","[3, 4, 4]","[0.54, 0.79, 0.75]","[['C', 'A', 'D', 'B'], ['B', 'C', 'A', 'D'], ['D', 'C', 'A', 'B']]","{'C': 5, 'A': 4, 'D': 4, 'B': 2}","[0.58, 1.0, 1.0]",4.0
99,"[1, 4, 5]","[3, 4, 4]","[0.54, 0.79, 0.75]","[['C', 'A', 'D', 'B'], ['C', 'A', 'B', 'D'], ['A', 'B', 'C', 'D']]","{'C': 5, 'A': 4, 'B': 3, 'D': 3}","[0.58, 1.0, 1.0]",3.91
99,"[1, 4, 5]","[3, 4, 4]","[0.54, 0.79, 0.75]","[['C', 'A', 'D', 'B'], ['C', 'A', 'B', 'D'], ['A', 'C', 'B', 'D']]","{'C': 5, 'A': 4, 'B': 3, 'D': 3}","[0.58, 1.0, 1.0]",3.91
99,"[1, 4, 5]","[3, 4, 4]","[0.54, 0.79, 0.75]","[['C', 'A', 'D', 'B'], ['C', 'A', 'B', 'D'], ['A', 'C', 'D', 'B']]","{'C': 5, 'A': 4, 'D': 4, 'B': 2}","[0.58, 1.0, 1.0]",4.0
99,"[1, 4, 5]","[3, 4, 4]","[0.54, 0.79, 0.75]","[['C', 'A', 'D', 'B'], ['C', 'A', 'B', 'D'], ['A', 'D', 'C', 'B']]","{'C': 5, 'A': 4, 'D': 4, 'B': 2}","[0.58, 1.0, 1.0]",4.0
99,"[1, 4, 5]","[3, 4, 4]","[0.54, 0.79, 0.75]","[['C', 'A', 'D', 'B'], ['C', 'A', 'B', 'D'], ['B', 'A', 'C', 'D']]","{'C': 5, 'A': 4, 'B': 3, 'D': 3}","[0.58, 1.0, 1.0]",3.91
99,"[1, 4, 5]","[3, 4, 4]","[0.54, 0.79, 0.75]","[['C', 'A', 'D', 'B'], ['C', 'A', 'B', 'D'], ['B', 'C', 'A', 'D']]","{'C': 5, 'A': 4, 'B': 3, 'D': 3}","[0.58, 1.0, 1.0]",3.91
99,"[1, 4, 5]","[3, 4, 4]","[0.54, 0.79, 0.75]","[['C', 'A', 'D', 'B'], ['C', 'A', 'B', 'D'], ['C', 'A', 'B', 'D']]","{'C': 5, 'A': 4, 'B': 3, 'D': 3}","[0.58, 1.0, 1.0]",3.91
99,"[1, 4, 5]","[3, 4, 4]","[0.54, 0.79, 0.75]","[['C', 'A', 'D', 'B'], ['C', 'A', 'B', 'D'], ['C', 'A', 'D', 'B']]","{'C': 5, 'A': 4, 'D': 4, 'B': 2}","[0.58, 1.0, 1.0]",4.0
99,"[1, 4, 5]","[3, 4, 4]","[0.54, 0.79, 0.75]","[['C', 'A', 'D', 'B'], ['C', 'A', 'B', 'D'], ['C', 'B', 'A', 'D']]","{'C': 5, 'A': 4, 'B': 3, 'D': 3}","[0.58, 1.0, 1.0]",3.91
99,"[1, 4, 5]","[3, 4, 4]","[0.54, 0.79, 0.75]","[['C', 'A', 'D', 'B'], ['C', 'A', 'B', 'D'], ['C', 'D', 'A', 'B']]","{'C': 5, 'A': 4, 'D': 4, 'B': 2}","[0.58, 1.0, 1.0]",4.0
99,"[1, 4, 5]","[3, 4, 4]","[0.54, 0.79, 0.75]","[['C', 'A', 'D', 'B'], ['C', 'A', 'B', 'D'], ['D', 'A', 'C', 'B']]","{'C': 5, 'A': 4, 'D': 4, 'B': 2}","[0.58, 1.0, 1.0]",4.0
99,"[1, 4, 5]","[3, 4, 4]","[0.54, 0.79, 0.75]","[['C', 'A', 'D', 'B'], ['C', 'A', 'B', 'D'], ['D', 'C', 'A', 'B']]","{'C': 5, 'A': 4, 'D': 4, 'B': 2}","[0.58, 1.0, 1.0]",4.0
99,"[1, 4, 5]","[3, 4, 4]","[0.54, 0.79, 0.75]","[['C', 'A', 'D', 'B'], ['C', 'A', 'D', 'B'], ['A', 'B', 'C', 'D']]","{'C': 5, 'A': 4, 'D': 4, 'B': 2}","[0.58, 1.0, 1.0]",4.0
99,"[1, 4, 5]","[3, 4, 4]","[0.54, 0.79, 0.75]","[['C', 'A', 'D', 'B'], ['C', 'A', 'D', 'B'], ['A', 'C', 'B', 'D']]","{'C': 5, 'A': 4, 'D': 4, 'B': 2}","[0.58, 1.0, 1.0]",4.0
99,"[1, 4, 5]","[3, 4, 4]","[0.54, 0.79, 0.75]","[['C', 'A', 'D', 'B'], ['C', 'A', 'D', 'B'], ['B', 'A', 'C', 'D']]","{'C': 5, 'A': 4, 'D': 4, 'B': 2}","[0.58, 1.0, 1.0]",4.0
99,"[1, 4, 5]","[3, 4, 4]","[0.54, 0.79, 0.75]","[['C', 'A', 'D', 'B'], ['C', 'A', 'D', 'B'], ['B', 'C', 'A', 'D']]","{'C': 5, 'A': 4, 'D': 4, 'B': 2}","[0.58, 1.0, 1.0]",4.0
99,"[1, 4, 5]","[3, 4, 4]","[0.54, 0.79, 0.75]","[['C', 'A', 'D', 'B'], ['C', 'A', 'D', 'B'], ['C', 'A', 'B', 'D']]","{'C': 5, 'A': 4, 'D': 4, 'B': 2}","[0.58, 1.0, 1.0]",4.0
99,"[1, 4, 5]","[3, 4, 4]","[0.54, 0.79, 0.75]","[['C', 'A', 'D', 'B'], ['C', 'A', 'D', 'B'], ['C', 'B', 'A', 'D']]","{'C': 5, 'A': 4, 'D': 4, 'B': 2}","[0.58, 1.0, 1.0]",4.0
99,"[1, 4, 5]","[3, 4, 4]","[0.54, 0.79, 0.75]","[['C', 'A', 'D', 'B'], ['C', 'B', 'A', 'D'], ['A', 'B', 'C', 'D']]","{'C': 5, 'A': 4, 'B': 3, 'D': 3}","[0.58, 1.0, 1.0]",3.91
99,"[1, 4, 5]","[3, 4, 4]","[0.54, 0.79, 0.75]","[['C', 'A', 'D', 'B'], ['C', 'B', 'A', 'D'], ['A', 'C', 'B', 'D']]","{'C': 5, 'A': 4, 'B': 3, 'D': 3}","[0.58, 1.0, 1.0]",3.91
99,"[1, 4, 5]","[3, 4, 4]","[0.54, 0.79, 0.75]","[['C', 'A', 'D', 'B'], ['C', 'B', 'A', 'D'], ['A', 'C', 'D', 'B']]","{'C': 5, 'A': 4, 'D': 4, 'B': 2}","[0.58, 1.0, 1.0]",4.0
99,"[1, 4, 5]","[3, 4, 4]","[0.54, 0.79, 0.75]","[['C', 'A', 'D', 'B'], ['C', 'B', 'A', 'D'], ['A', 'D', 'C', 'B']]","{'C': 5, 'A': 4, 'D': 4, 'B': 2}","[0.58, 1.0, 1.0]",4.0
99,"[1, 4, 5]","[3, 4, 4]","[0.54, 0.79, 0.75]","[['C', 'A', 'D', 'B'], ['C', 'B', 'A', 'D'], ['B', 'A', 'C', 'D']]","{'C': 5, 'A': 4, 'B': 3, 'D': 3}","[0.58, 1.0, 1.0]",3.91
99,"[1, 4, 5]","[3, 4, 4]","[0.54, 0.79, 0.75]","[['C', 'A', 'D', 'B'], ['C', 'B', 'A', 'D'], ['B', 'C', 'A', 'D']]","{'C': 5, 'A': 4, 'B': 3, 'D': 3}","[0.58, 1.0, 1.0]",3.91
99,"[1, 4, 5]","[3, 4, 4]","[0.54, 0.79, 0.75]","[['C', 'A', 'D', 'B'], ['C', 'B', 'A', 'D'], ['C', 'A', 'B', 'D']]","{'C': 5, 'A': 4, 'B': 3, 'D': 3}","[0.58, 1.0, 1.0]",3.91
99,"[1, 4, 5]","[3, 4, 4]","[0.54, 0.79, 0.75]","[['C', 'A', 'D', 'B'], ['C', 'B', 'A', 'D'], ['C', 'A', 'D', 'B']]","{'C': 5, 'A': 4, 'D': 4, 'B': 2}","[0.58, 1.0, 1.0]",4.0
99,"[1, 4, 5]","[3, 4, 4]","[0.54, 0.79, 0.75]","[['C', 'A', 'D', 'B'], ['C', 'B', 'A', 'D'], ['C', 'B', 'A', 'D']]","{'C': 5, 'A': 4, 'B': 3, 'D': 3}","[0.58, 1.0, 1.0]",3.91
99,"[1, 4, 5]","[3, 4, 4]","[0.54, 0.79, 0.75]","[['C', 'A', 'D', 'B'], ['C', 'B', 'A', 'D'], ['C', 'D', 'A', 'B']]","{'C': 5, 'A': 4, 'D': 4, 'B': 2}","[0.58, 1.0, 1.0]",4.0
99,"[1, 4, 5]","[3, 4, 4]","[0.54, 0.79, 0.75]","[['C', 'A', 'D', 'B'], ['C', 'B', 'A', 'D'], ['D', 'A', 'C', 'B']]","{'C': 5, 'A': 4, 'D': 4, 'B': 2}","[0.58, 1.0, 1.0]",4.0
99,"[1, 4, 5]","[3, 4, 4]","[0.54, 0.79, 0.75]","[['C', 'A', 'D', 'B'], ['C', 'B', 'A', 'D'], ['D', 'C', 'A', 'B']]","{'C': 5, 'A': 4, 'D': 4, 'B': 2}","[0.58, 1.0, 1.0]",4.0
99,"[1, 4, 5]","[3, 4, 4]","[0.54, 0.79, 0.75]","[['C', 'A', 'D', 'B'], ['C', 'D', 'A', 'B'], ['A', 'B', 'C', 'D']]","{'C': 5, 'A': 4, 'D': 4, 'B': 2}","[0.58, 1.0, 1.0]",4.0
99,"[1, 4, 5]","[3, 4, 4]","[0.54, 0.79, 0.75]","[['C', 'A', 'D', 'B'], ['C', 'D', 'A', 'B'], ['A', 'C', 'B', 'D']]","{'C': 5, 'A': 4, 'D': 4, 'B': 2}","[0.58, 1.0, 1.0]",4.0
99,"[1, 4, 5]","[3, 4, 4]","[0.54, 0.79, 0.75]","[['C', 'A', 'D', 'B'], ['C', 'D', 'A', 'B'], ['B', 'A', 'C', 'D']]","{'C': 5, 'A': 4, 'D': 4, 'B': 2}","[0.58, 1.0, 1.0]",4.0
99,"[1, 4, 5]","[3, 4, 4]","[0.54, 0.79, 0.75]","[['C', 'A', 'D', 'B'], ['C', 'D', 'A', 'B'], ['B', 'C', 'A', 'D']]","{'C': 5, 'A': 4, 'D': 4, 'B': 2}","[0.58, 1.0, 1.0]",4.0
99,"[1, 4, 5]","[3, 4, 4]","[0.54, 0.79, 0.75]","[['C', 'A', 'D', 'B'], ['C', 'D', 'A', 'B'], ['C', 'A', 'B', 'D']]","{'C': 5, 'A': 4, 'D': 4, 'B': 2}","[0.58, 1.0, 1.0]",4.0
99,"[1, 4, 5]","[3, 4, 4]","[0.54, 0.79, 0.75]","[['C', 'A', 'D', 'B'], ['C', 'D', 'A', 'B'], ['C', 'B', 'A', 'D']]","{'C': 5, 'A': 4, 'D': 4, 'B': 2}","[0.58, 1.0, 1.0]",4.0
99,"[1, 4, 5]","[3, 4, 4]","[0.54, 0.79, 0.75]","[['C', 'A', 'D', 'B'], ['D', 'A', 'C', 'B'], ['A', 'B', 'C', 'D']]","{'C': 5, 'A': 4, 'D': 4, 'B': 2}","[0.58, 1.0, 1.0]",4.0
99,"[1, 4, 5]","[3, 4, 4]","[0.54, 0.79, 0.75]","[['C', 'A', 'D', 'B'], ['D', 'A', 'C', 'B'], ['A', 'C', 'B', 'D']]","{'C': 5, 'A': 4, 'D': 4, 'B': 2}","[0.58, 1.0, 1.0]",4.0
99,"[1, 4, 5]","[3, 4, 4]","[0.54, 0.79, 0.75]","[['C', 'A', 'D', 'B'], ['D', 'A', 'C', 'B'], ['B', 'A', 'C', 'D']]","{'C': 5, 'A': 4, 'D': 4, 'B': 2}","[0.58, 1.0, 1.0]",4.0
99,"[1, 4, 5]","[3, 4, 4]","[0.54, 0.79, 0.75]","[['C', 'A', 'D', 'B'], ['D', 'A', 'C', 'B'], ['B', 'C', 'A', 'D']]","{'C': 5, 'A': 4, 'D': 4, 'B': 2}","[0.58, 1.0, 1.0]",4.0
99,"[1, 4, 5]","[3, 4, 4]","[0.54, 0.79, 0.75]","[['C', 'A', 'D', 'B'], ['D', 'A', 'C', 'B'], ['C', 'A', 'B', 'D']]","{'C': 5, 'A': 4, 'D': 4, 'B': 2}","[0.58, 1.0, 1.0]",4.0
99,"[1, 4, 5]","[3, 4, 4]","[0.54, 0.79, 0.75]","[['C', 'A', 'D', 'B'], ['D', 'A', 'C', 'B'], ['C', 'B', 'A', 'D']]","{'C': 5, 'A': 4, 'D': 4, 'B': 2}","[0.58, 1.0, 1.0]",4.0
99,"[1, 4, 5]","[3, 4, 4]","[0.54, 0.79, 0.75]","[['C', 'A', 'D', 'B'], ['D', 'C', 'A', 'B'], ['A', 'B', 'C', 'D']]","{'C': 5, 'A': 4, 'D': 4, 'B': 2}","[0.58, 1.0, 1.0]",4.0
99,"[1, 4, 5]","[3, 4, 4]","[0.54, 0.79, 0.75]","[['C', 'A', 'D', 'B'], ['D', 'C', 'A', 'B'], ['A', 'C', 'B', 'D']]","{'C': 5, 'A': 4, 'D': 4, 'B': 2}","[0.58, 1.0, 1.0]",4.0
99,"[1, 4, 5]","[3, 4, 4]","[0.54, 0.79, 0.75]","[['C', 'A', 'D', 'B'], ['D', 'C', 'A', 'B'], ['B', 'A', 'C', 'D']]","{'C': 5, 'A': 4, 'D': 4, 'B': 2}","[0.58, 1.0, 1.0]",4.0
99,"[1, 4, 5]","[3, 4, 4]","[0.54, 0.79, 0.75]","[['C', 'A', 'D', 'B'], ['D', 'C', 'A', 'B'], ['B', 'C', 'A', 'D']]","{'C': 5, 'A': 4, 'D': 4, 'B': 2}","[0.58, 1.0, 1.0]",4.0
99,"[1, 4, 5]","[3, 4, 4]","[0.54, 0.79, 0.75]","[['C', 'A', 'D', 'B'], ['D', 'C', 'A', 'B'], ['C', 'A', 'B', 'D']]","{'C': 5, 'A': 4, 'D': 4, 'B': 2}","[0.58, 1.0, 1.0]",4.0
99,"[1, 4, 5]","[3, 4, 4]","[0.54, 0.79, 0.75]","[['C', 'A', 'D', 'B'], ['D', 'C', 'A', 'B'], ['C', 'B', 'A', 'D']]","{'C': 5, 'A': 4, 'D': 4, 'B': 2}","[0.58, 1.0, 1.0]",4.0
99,"[1, 4, 5]","[3, 4, 4]","[0.54, 0.79, 0.75]","[['C', 'B', 'A', 'D'], ['A', 'B', 'C', 'D'], ['A', 'B', 'C', 'D']]","{'C': 5, 'A': 4, 'B': 4, 'D': 2}","[0.58, 1.0, 1.0]",3.91
99,"[1, 4, 5]","[3, 4, 4]","[0.54, 0.79, 0.75]","[['C', 'B', 'A', 'D'], ['A', 'B', 'C', 'D'], ['A', 'C', 'B', 'D']]","{'C': 5, 'A': 4, 'B': 4, 'D': 2}","[0.58, 1.0, 1.0]",3.91
99,"[1, 4, 5]","[3, 4, 4]","[0.54, 0.79, 0.75]","[['C', 'B', 'A', 'D'], ['A', 'B', 'C', 'D'], ['A', 'C', 'D', 'B']]","{'C': 5, 'A': 4, 'B': 3, 'D': 3}","[0.58, 1.0, 1.0]",3.91
99,"[1, 4, 5]","[3, 4, 4]","[0.54, 0.79, 0.75]","[['C', 'B', 'A', 'D'], ['A', 'B', 'C', 'D'], ['A', 'D', 'C', 'B']]","{'C': 5, 'A': 4, 'B': 3, 'D': 3}","[0.58, 1.0, 1.0]",3.91
99,"[1, 4, 5]","[3, 4, 4]","[0.54, 0.79, 0.75]","[['C', 'B', 'A', 'D'], ['A', 'B', 'C', 'D'], ['B', 'A', 'C', 'D']]","{'C': 5, 'A': 4, 'B': 4, 'D': 2}","[0.58, 1.0, 1.0]",3.91
99,"[1, 4, 5]","[3, 4, 4]","[0.54, 0.79, 0.75]","[['C', 'B', 'A', 'D'], ['A', 'B', 'C', 'D'], ['B', 'C', 'A', 'D']]","{'C': 5, 'A': 4, 'B': 4, 'D': 2}","[0.58, 1.0, 1.0]",3.91
99,"[1, 4, 5]","[3, 4, 4]","[0.54, 0.79, 0.75]","[['C', 'B', 'A', 'D'], ['A', 'B', 'C', 'D'], ['C', 'A', 'B', 'D']]","{'C': 5, 'A': 4, 'B': 4, 'D': 2}","[0.58, 1.0, 1.0]",3.91
99,"[1, 4, 5]","[3, 4, 4]","[0.54, 0.79, 0.75]","[['C', 'B', 'A', 'D'], ['A', 'B', 'C', 'D'], ['C', 'A', 'D', 'B']]","{'C': 5, 'A': 4, 'B': 3, 'D': 3}","[0.58, 1.0, 1.0]",3.91
99,"[1, 4, 5]","[3, 4, 4]","[0.54, 0.79, 0.75]","[['C', 'B', 'A', 'D'], ['A', 'B', 'C', 'D'], ['C', 'B', 'A', 'D']]","{'C': 5, 'A': 4, 'B': 4, 'D': 2}","[0.58, 1.0, 1.0]",3.91
99,"[1, 4, 5]","[3, 4, 4]","[0.54, 0.79, 0.75]","[['C', 'B', 'A', 'D'], ['A', 'B', 'C', 'D'], ['C', 'D', 'A', 'B']]","{'C': 5, 'A': 4, 'B': 3, 'D': 3}","[0.58, 1.0, 1.0]",3.91
99,"[1, 4, 5]","[3, 4, 4]","[0.54, 0.79, 0.75]","[['C', 'B', 'A', 'D'], ['A', 'B', 'C', 'D'], ['D', 'A', 'C', 'B']]","{'C': 5, 'A': 4, 'B': 3, 'D': 3}","[0.58, 1.0, 1.0]",3.91
99,"[1, 4, 5]","[3, 4, 4]","[0.54, 0.79, 0.75]","[['C', 'B', 'A', 'D'], ['A', 'B', 'C', 'D'], ['D', 'C', 'A', 'B']]","{'C': 5, 'A': 4, 'B': 3, 'D': 3}","[0.58, 1.0, 1.0]",3.91
99,"[1, 4, 5]","[3, 4, 4]","[0.54, 0.79, 0.75]","[['C', 'B', 'A', 'D'], ['A', 'C', 'B', 'D'], ['A', 'B', 'C', 'D']]","{'C': 5, 'A': 4, 'B': 4, 'D': 2}","[0.58, 1.0, 1.0]",3.91
99,"[1, 4, 5]","[3, 4, 4]","[0.54, 0.79, 0.75]","[['C', 'B', 'A', 'D'], ['A', 'C', 'B', 'D'], ['A', 'C', 'B', 'D']]","{'C': 5, 'A': 4, 'B': 4, 'D': 2}","[0.58, 1.0, 1.0]",3.91
99,"[1, 4, 5]","[3, 4, 4]","[0.54, 0.79, 0.75]","[['C', 'B', 'A', 'D'], ['A', 'C', 'B', 'D'], ['A', 'C', 'D', 'B']]","{'C': 5, 'A': 4, 'B': 3, 'D': 3}","[0.58, 1.0, 1.0]",3.91
99,"[1, 4, 5]","[3, 4, 4]","[0.54, 0.79, 0.75]","[['C', 'B', 'A', 'D'], ['A', 'C', 'B', 'D'], ['A', 'D', 'C', 'B']]","{'C': 5, 'A': 4, 'B': 3, 'D': 3}","[0.58, 1.0, 1.0]",3.91
99,"[1, 4, 5]","[3, 4, 4]","[0.54, 0.79, 0.75]","[['C', 'B', 'A', 'D'], ['A', 'C', 'B', 'D'], ['B', 'A', 'C', 'D']]","{'C': 5, 'A': 4, 'B': 4, 'D': 2}","[0.58, 1.0, 1.0]",3.91
99,"[1, 4, 5]","[3, 4, 4]","[0.54, 0.79, 0.75]","[['C', 'B', 'A', 'D'], ['A', 'C', 'B', 'D'], ['B', 'C', 'A', 'D']]","{'C': 5, 'A': 4, 'B': 4, 'D': 2}","[0.58, 1.0, 1.0]",3.91
99,"[1, 4, 5]","[3, 4, 4]","[0.54, 0.79, 0.75]","[['C', 'B', 'A', 'D'], ['A', 'C', 'B', 'D'], ['C', 'A', 'B', 'D']]","{'C': 5, 'A': 4, 'B': 4, 'D': 2}","[0.58, 1.0, 1.0]",3.91
99,"[1, 4, 5]","[3, 4, 4]","[0.54, 0.79, 0.75]","[['C', 'B', 'A', 'D'], ['A', 'C', 'B', 'D'], ['C', 'A', 'D', 'B']]","{'C': 5, 'A': 4, 'B': 3, 'D': 3}","[0.58, 1.0, 1.0]",3.91
99,"[1, 4, 5]","[3, 4, 4]","[0.54, 0.79, 0.75]","[['C', 'B', 'A', 'D'], ['A', 'C', 'B', 'D'], ['C', 'B', 'A', 'D']]","{'C': 5, 'A': 4, 'B': 4, 'D': 2}","[0.58, 1.0, 1.0]",3.91
99,"[1, 4, 5]","[3, 4, 4]","[0.54, 0.79, 0.75]","[['C', 'B', 'A', 'D'], ['A', 'C', 'B', 'D'], ['C', 'D', 'A', 'B']]","{'C': 5, 'A': 4, 'B': 3, 'D': 3}","[0.58, 1.0, 1.0]",3.91
99,"[1, 4, 5]","[3, 4, 4]","[0.54, 0.79, 0.75]","[['C', 'B', 'A', 'D'], ['A', 'C', 'B', 'D'], ['D', 'A', 'C', 'B']]","{'C': 5, 'A': 4, 'B': 3, 'D': 3}","[0.58, 1.0, 1.0]",3.91
99,"[1, 4, 5]","[3, 4, 4]","[0.54, 0.79, 0.75]","[['C', 'B', 'A', 'D'], ['A', 'C', 'B', 'D'], ['D', 'C', 'A', 'B']]","{'C': 5, 'A': 4, 'B': 3, 'D': 3}","[0.58, 1.0, 1.0]",3.91
99,"[1, 4, 5]","[3, 4, 4]","[0.54, 0.79, 0.75]","[['C', 'B', 'A', 'D'], ['A', 'C', 'D', 'B'], ['A', 'B', 'C', 'D']]","{'C': 5, 'A': 4, 'B': 3, 'D': 3}","[0.58, 1.0, 1.0]",3.91
99,"[1, 4, 5]","[3, 4, 4]","[0.54, 0.79, 0.75]","[['C', 'B', 'A', 'D'], ['A', 'C', 'D', 'B'], ['A', 'C', 'B', 'D']]","{'C': 5, 'A': 4, 'B': 3, 'D': 3}","[0.58, 1.0, 1.0]",3.91
99,"[1, 4, 5]","[3, 4, 4]","[0.54, 0.79, 0.75]","[['C', 'B', 'A', 'D'], ['A', 'C', 'D', 'B'], ['A', 'C', 'D', 'B']]","{'C': 5, 'A': 4, 'D': 4, 'B': 2}","[0.58, 1.0, 1.0]",4.0
99,"[1, 4, 5]","[3, 4, 4]","[0.54, 0.79, 0.75]","[['C', 'B', 'A', 'D'], ['A', 'C', 'D', 'B'], ['A', 'D', 'C', 'B']]","{'C': 5, 'A': 4, 'D': 4, 'B': 2}","[0.58, 1.0, 1.0]",4.0
99,"[1, 4, 5]","[3, 4, 4]","[0.54, 0.79, 0.75]","[['C', 'B', 'A', 'D'], ['A', 'C', 'D', 'B'], ['B', 'A', 'C', 'D']]","{'C': 5, 'A': 4, 'B': 3, 'D': 3}","[0.58, 1.0, 1.0]",3.91
99,"[1, 4, 5]","[3, 4, 4]","[0.54, 0.79, 0.75]","[['C', 'B', 'A', 'D'], ['A', 'C', 'D', 'B'], ['B', 'C', 'A', 'D']]","{'C': 5, 'A': 4, 'B': 3, 'D': 3}","[0.58, 1.0, 1.0]",3.91
99,"[1, 4, 5]","[3, 4, 4]","[0.54, 0.79, 0.75]","[['C', 'B', 'A', 'D'], ['A', 'C', 'D', 'B'], ['C', 'A', 'B', 'D']]","{'C': 5, 'A': 4, 'B': 3, 'D': 3}","[0.58, 1.0, 1.0]",3.91
99,"[1, 4, 5]","[3, 4, 4]","[0.54, 0.79, 0.75]","[['C', 'B', 'A', 'D'], ['A', 'C', 'D', 'B'], ['C', 'A', 'D', 'B']]","{'C': 5, 'A': 4, 'D': 4, 'B': 2}","[0.58, 1.0, 1.0]",4.0
99,"[1, 4, 5]","[3, 4, 4]","[0.54, 0.79, 0.75]","[['C', 'B', 'A', 'D'], ['A', 'C', 'D', 'B'], ['C', 'B', 'A', 'D']]","{'C': 5, 'A': 4, 'B': 3, 'D': 3}","[0.58, 1.0, 1.0]",3.91
99,"[1, 4, 5]","[3, 4, 4]","[0.54, 0.79, 0.75]","[['C', 'B', 'A', 'D'], ['A', 'C', 'D', 'B'], ['C', 'D', 'A', 'B']]","{'C': 5, 'A': 4, 'D': 4, 'B': 2}","[0.58, 1.0, 1.0]",4.0
99,"[1, 4, 5]","[3, 4, 4]","[0.54, 0.79, 0.75]","[['C', 'B', 'A', 'D'], ['A', 'C', 'D', 'B'], ['D', 'A', 'C', 'B']]","{'C': 5, 'A': 4, 'D': 4, 'B': 2}","[0.58, 1.0, 1.0]",4.0
99,"[1, 4, 5]","[3, 4, 4]","[0.54, 0.79, 0.75]","[['C', 'B', 'A', 'D'], ['A', 'C', 'D', 'B'], ['D', 'C', 'A', 'B']]","{'C': 5, 'A': 4, 'D': 4, 'B': 2}","[0.58, 1.0, 1.0]",4.0
99,"[1, 4, 5]","[3, 4, 4]","[0.54, 0.79, 0.75]","[['C', 'B', 'A', 'D'], ['A', 'D', 'C', 'B'], ['A', 'B', 'C', 'D']]","{'C': 5, 'A': 4, 'B': 3, 'D': 3}","[0.58, 1.0, 1.0]",3.91
99,"[1, 4, 5]","[3, 4, 4]","[0.54, 0.79, 0.75]","[['C', 'B', 'A', 'D'], ['A', 'D', 'C', 'B'], ['A', 'C', 'B', 'D']]","{'C': 5, 'A': 4, 'B': 3, 'D': 3}","[0.58, 1.0, 1.0]",3.91
99,"[1, 4, 5]","[3, 4, 4]","[0.54, 0.79, 0.75]","[['C', 'B', 'A', 'D'], ['A', 'D', 'C', 'B'], ['A', 'C', 'D', 'B']]","{'C': 5, 'A': 4, 'D': 4, 'B': 2}","[0.58, 1.0, 1.0]",4.0
99,"[1, 4, 5]","[3, 4, 4]","[0.54, 0.79, 0.75]","[['C', 'B', 'A', 'D'], ['A', 'D', 'C', 'B'], ['A', 'D', 'C', 'B']]","{'C': 5, 'A': 4, 'D': 4, 'B': 2}","[0.58, 1.0, 1.0]",4.0
99,"[1, 4, 5]","[3, 4, 4]","[0.54, 0.79, 0.75]","[['C', 'B', 'A', 'D'], ['A', 'D', 'C', 'B'], ['B', 'A', 'C', 'D']]","{'C': 5, 'A': 4, 'B': 3, 'D': 3}","[0.58, 1.0, 1.0]",3.91
99,"[1, 4, 5]","[3, 4, 4]","[0.54, 0.79, 0.75]","[['C', 'B', 'A', 'D'], ['A', 'D', 'C', 'B'], ['B', 'C', 'A', 'D']]","{'C': 5, 'A': 4, 'B': 3, 'D': 3}","[0.58, 1.0, 1.0]",3.91
99,"[1, 4, 5]","[3, 4, 4]","[0.54, 0.79, 0.75]","[['C', 'B', 'A', 'D'], ['A', 'D', 'C', 'B'], ['C', 'A', 'B', 'D']]","{'C': 5, 'A': 4, 'B': 3, 'D': 3}","[0.58, 1.0, 1.0]",3.91
99,"[1, 4, 5]","[3, 4, 4]","[0.54, 0.79, 0.75]","[['C', 'B', 'A', 'D'], ['A', 'D', 'C', 'B'], ['C', 'A', 'D', 'B']]","{'C': 5, 'A': 4, 'D': 4, 'B': 2}","[0.58, 1.0, 1.0]",4.0
99,"[1, 4, 5]","[3, 4, 4]","[0.54, 0.79, 0.75]","[['C', 'B', 'A', 'D'], ['A', 'D', 'C', 'B'], ['C', 'B', 'A', 'D']]","{'C': 5, 'A': 4, 'B': 3, 'D': 3}","[0.58, 1.0, 1.0]",3.91
99,"[1, 4, 5]","[3, 4, 4]","[0.54, 0.79, 0.75]","[['C', 'B', 'A', 'D'], ['A', 'D', 'C', 'B'], ['C', 'D', 'A', 'B']]","{'C': 5, 'A': 4, 'D': 4, 'B': 2}","[0.58, 1.0, 1.0]",4.0
99,"[1, 4, 5]","[3, 4, 4]","[0.54, 0.79, 0.75]","[['C', 'B', 'A', 'D'], ['A', 'D', 'C', 'B'], ['D', 'A', 'C', 'B']]","{'C': 5, 'A': 4, 'D': 4, 'B': 2}","[0.58, 1.0, 1.0]",4.0
99,"[1, 4, 5]","[3, 4, 4]","[0.54, 0.79, 0.75]","[['C', 'B', 'A', 'D'], ['A', 'D', 'C', 'B'], ['D', 'C', 'A', 'B']]","{'C': 5, 'A': 4, 'D': 4, 'B': 2}","[0.58, 1.0, 1.0]",4.0
99,"[1, 4, 5]","[3, 4, 4]","[0.54, 0.79, 0.75]","[['C', 'B', 'A', 'D'], ['B', 'A', 'C', 'D'], ['A', 'B', 'C', 'D']]","{'C': 5, 'A': 4, 'B': 4, 'D': 2}","[0.58, 1.0, 1.0]",3.91
99,"[1, 4, 5]","[3, 4, 4]","[0.54, 0.79, 0.75]","[['C', 'B', 'A', 'D'], ['B', 'A', 'C', 'D'], ['A', 'C', 'B', 'D']]","{'C': 5, 'A': 4, 'B': 4, 'D': 2}","[0.58, 1.0, 1.0]",3.91
99,"[1, 4, 5]","[3, 4, 4]","[0.54, 0.79, 0.75]","[['C', 'B', 'A', 'D'], ['B', 'A', 'C', 'D'], ['A', 'C', 'D', 'B']]","{'C': 5, 'A': 4, 'B': 3, 'D': 3}","[0.58, 1.0, 1.0]",3.91
99,"[1, 4, 5]","[3, 4, 4]","[0.54, 0.79, 0.75]","[['C', 'B', 'A', 'D'], ['B', 'A', 'C', 'D'], ['A', 'D', 'C', 'B']]","{'C': 5, 'A': 4, 'B': 3, 'D': 3}","[0.58, 1.0, 1.0]",3.91
99,"[1, 4, 5]","[3, 4, 4]","[0.54, 0.79, 0.75]","[['C', 'B', 'A', 'D'], ['B', 'A', 'C', 'D'], ['B', 'A', 'C', 'D']]","{'C': 5, 'A': 4, 'B': 4, 'D': 2}","[0.58, 1.0, 1.0]",3.91
99,"[1, 4, 5]","[3, 4, 4]","[0.54, 0.79, 0.75]","[['C', 'B', 'A', 'D'], ['B', 'A', 'C', 'D'], ['B', 'C', 'A', 'D']]","{'C': 5, 'A': 4, 'B': 4, 'D': 2}","[0.58, 1.0, 1.0]",3.91
99,"[1, 4, 5]","[3, 4, 4]","[0.54, 0.79, 0.75]","[['C', 'B', 'A', 'D'], ['B', 'A', 'C', 'D'], ['C', 'A', 'B', 'D']]","{'C': 5, 'A': 4, 'B': 4, 'D': 2}","[0.58, 1.0, 1.0]",3.91
99,"[1, 4, 5]","[3, 4, 4]","[0.54, 0.79, 0.75]","[['C', 'B', 'A', 'D'], ['B', 'A', 'C', 'D'], ['C', 'A', 'D', 'B']]","{'C': 5, 'A': 4, 'B': 3, 'D': 3}","[0.58, 1.0, 1.0]",3.91
99,"[1, 4, 5]","[3, 4, 4]","[0.54, 0.79, 0.75]","[['C', 'B', 'A', 'D'], ['B', 'A', 'C', 'D'], ['C', 'B', 'A', 'D']]","{'C': 5, 'A': 4, 'B': 4, 'D': 2}","[0.58, 1.0, 1.0]",3.91
99,"[1, 4, 5]","[3, 4, 4]","[0.54, 0.79, 0.75]","[['C', 'B', 'A', 'D'], ['B', 'A', 'C', 'D'], ['C', 'D', 'A', 'B']]","{'C': 5, 'A': 4, 'B': 3, 'D': 3}","[0.58, 1.0, 1.0]",3.91
99,"[1, 4, 5]","[3, 4, 4]","[0.54, 0.79, 0.75]","[['C', 'B', 'A', 'D'], ['B', 'A', 'C', 'D'], ['D', 'A', 'C', 'B']]","{'C': 5, 'A': 4, 'B': 3, 'D': 3}","[0.58, 1.0, 1.0]",3.91
99,"[1, 4, 5]","[3, 4, 4]","[0.54, 0.79, 0.75]","[['C', 'B', 'A', 'D'], ['B', 'A', 'C', 'D'], ['D', 'C', 'A', 'B']]","{'C': 5, 'A': 4, 'B': 3, 'D': 3}","[0.58, 1.0, 1.0]",3.91
99,"[1, 4, 5]","[3, 4, 4]","[0.54, 0.79, 0.75]","[['C', 'B', 'A', 'D'], ['B', 'C', 'A', 'D'], ['A', 'B', 'C', 'D']]","{'C': 5, 'A': 4, 'B': 4, 'D': 2}","[0.58, 1.0, 1.0]",3.91
99,"[1, 4, 5]","[3, 4, 4]","[0.54, 0.79, 0.75]","[['C', 'B', 'A', 'D'], ['B', 'C', 'A', 'D'], ['A', 'C', 'B', 'D']]","{'C': 5, 'A': 4, 'B': 4, 'D': 2}","[0.58, 1.0, 1.0]",3.91
99,"[1, 4, 5]","[3, 4, 4]","[0.54, 0.79, 0.75]","[['C', 'B', 'A', 'D'], ['B', 'C', 'A', 'D'], ['A', 'C', 'D', 'B']]","{'C': 5, 'A': 4, 'B': 3, 'D': 3}","[0.58, 1.0, 1.0]",3.91
99,"[1, 4, 5]","[3, 4, 4]","[0.54, 0.79, 0.75]","[['C', 'B', 'A', 'D'], ['B', 'C', 'A', 'D'], ['A', 'D', 'C', 'B']]","{'C': 5, 'A': 4, 'B': 3, 'D': 3}","[0.58, 1.0, 1.0]",3.91
99,"[1, 4, 5]","[3, 4, 4]","[0.54, 0.79, 0.75]","[['C', 'B', 'A', 'D'], ['B', 'C', 'A', 'D'], ['B', 'A', 'C', 'D']]","{'C': 5, 'A': 4, 'B': 4, 'D': 2}","[0.58, 1.0, 1.0]",3.91
99,"[1, 4, 5]","[3, 4, 4]","[0.54, 0.79, 0.75]","[['C', 'B', 'A', 'D'], ['B', 'C', 'A', 'D'], ['B', 'C', 'A', 'D']]","{'C': 5, 'A': 4, 'B': 4, 'D': 2}","[0.58, 1.0, 1.0]",3.91
99,"[1, 4, 5]","[3, 4, 4]","[0.54, 0.79, 0.75]","[['C', 'B', 'A', 'D'], ['B', 'C', 'A', 'D'], ['C', 'A', 'B', 'D']]","{'C': 5, 'A': 4, 'B': 4, 'D': 2}","[0.58, 1.0, 1.0]",3.91
99,"[1, 4, 5]","[3, 4, 4]","[0.54, 0.79, 0.75]","[['C', 'B', 'A', 'D'], ['B', 'C', 'A', 'D'], ['C', 'A', 'D', 'B']]","{'C': 5, 'A': 4, 'B': 3, 'D': 3}","[0.58, 1.0, 1.0]",3.91
99,"[1, 4, 5]","[3, 4, 4]","[0.54, 0.79, 0.75]","[['C', 'B', 'A', 'D'], ['B', 'C', 'A', 'D'], ['C', 'B', 'A', 'D']]","{'C': 5, 'A': 4, 'B': 4, 'D': 2}","[0.58, 1.0, 1.0]",3.91
99,"[1, 4, 5]","[3, 4, 4]","[0.54, 0.79, 0.75]","[['C', 'B', 'A', 'D'], ['B', 'C', 'A', 'D'], ['C', 'D', 'A', 'B']]","{'C': 5, 'A': 4, 'B': 3, 'D': 3}","[0.58, 1.0, 1.0]",3.91
99,"[1, 4, 5]","[3, 4, 4]","[0.54, 0.79, 0.75]","[['C', 'B', 'A', 'D'], ['B', 'C', 'A', 'D'], ['D', 'A', 'C', 'B']]","{'C': 5, 'A': 4, 'B': 3, 'D': 3}","[0.58, 1.0, 1.0]",3.91
99,"[1, 4, 5]","[3, 4, 4]","[0.54, 0.79, 0.75]","[['C', 'B', 'A', 'D'], ['B', 'C', 'A', 'D'], ['D', 'C', 'A', 'B']]","{'C': 5, 'A': 4, 'B': 3, 'D': 3}","[0.58, 1.0, 1.0]",3.91
99,"[1, 4, 5]","[3, 4, 4]","[0.54, 0.79, 0.75]","[['C', 'B', 'A', 'D'], ['C', 'A', 'B', 'D'], ['A', 'B', 'C', 'D']]","{'C': 5, 'A': 4, 'B': 4, 'D': 2}","[0.58, 1.0, 1.0]",3.91
99,"[1, 4, 5]","[3, 4, 4]","[0.54, 0.79, 0.75]","[['C', 'B', 'A', 'D'], ['C', 'A', 'B', 'D'], ['A', 'C', 'B', 'D']]","{'C': 5, 'A': 4, 'B': 4, 'D': 2}","[0.58, 1.0, 1.0]",3.91
99,"[1, 4, 5]","[3, 4, 4]","[0.54, 0.79, 0.75]","[['C', 'B', 'A', 'D'], ['C', 'A', 'B', 'D'], ['A', 'C', 'D', 'B']]","{'C': 5, 'A': 4, 'B': 3, 'D': 3}","[0.58, 1.0, 1.0]",3.91
99,"[1, 4, 5]","[3, 4, 4]","[0.54, 0.79, 0.75]","[['C', 'B', 'A', 'D'], ['C', 'A', 'B', 'D'], ['A', 'D', 'C', 'B']]","{'C': 5, 'A': 4, 'B': 3, 'D': 3}","[0.58, 1.0, 1.0]",3.91
99,"[1, 4, 5]","[3, 4, 4]","[0.54, 0.79, 0.75]","[['C', 'B', 'A', 'D'], ['C', 'A', 'B', 'D'], ['B', 'A', 'C', 'D']]","{'C': 5, 'A': 4, 'B': 4, 'D': 2}","[0.58, 1.0, 1.0]",3.91
99,"[1, 4, 5]","[3, 4, 4]","[0.54, 0.79, 0.75]","[['C', 'B', 'A', 'D'], ['C', 'A', 'B', 'D'], ['B', 'C', 'A', 'D']]","{'C': 5, 'A': 4, 'B': 4, 'D': 2}","[0.58, 1.0, 1.0]",3.91
99,"[1, 4, 5]","[3, 4, 4]","[0.54, 0.79, 0.75]","[['C', 'B', 'A', 'D'], ['C', 'A', 'B', 'D'], ['C', 'A', 'B', 'D']]","{'C': 5, 'A': 4, 'B': 4, 'D': 2}","[0.58, 1.0, 1.0]",3.91
99,"[1, 4, 5]","[3, 4, 4]","[0.54, 0.79, 0.75]","[['C', 'B', 'A', 'D'], ['C', 'A', 'B', 'D'], ['C', 'A', 'D', 'B']]","{'C': 5, 'A': 4, 'B': 3, 'D': 3}","[0.58, 1.0, 1.0]",3.91
99,"[1, 4, 5]","[3, 4, 4]","[0.54, 0.79, 0.75]","[['C', 'B', 'A', 'D'], ['C', 'A', 'B', 'D'], ['C', 'B', 'A', 'D']]","{'C': 5, 'A': 4, 'B': 4, 'D': 2}","[0.58, 1.0, 1.0]",3.91
99,"[1, 4, 5]","[3, 4, 4]","[0.54, 0.79, 0.75]","[['C', 'B', 'A', 'D'], ['C', 'A', 'B', 'D'], ['C', 'D', 'A', 'B']]","{'C': 5, 'A': 4, 'B': 3, 'D': 3}","[0.58, 1.0, 1.0]",3.91
99,"[1, 4, 5]","[3, 4, 4]","[0.54, 0.79, 0.75]","[['C', 'B', 'A', 'D'], ['C', 'A', 'B', 'D'], ['D', 'A', 'C', 'B']]","{'C': 5, 'A': 4, 'B': 3, 'D': 3}","[0.58, 1.0, 1.0]",3.91
99,"[1, 4, 5]","[3, 4, 4]","[0.54, 0.79, 0.75]","[['C', 'B', 'A', 'D'], ['C', 'A', 'B', 'D'], ['D', 'C', 'A', 'B']]","{'C': 5, 'A': 4, 'B': 3, 'D': 3}","[0.58, 1.0, 1.0]",3.91
99,"[1, 4, 5]","[3, 4, 4]","[0.54, 0.79, 0.75]","[['C', 'B', 'A', 'D'], ['C', 'A', 'D', 'B'], ['A', 'B', 'C', 'D']]","{'C': 5, 'A': 4, 'B': 3, 'D': 3}","[0.58, 1.0, 1.0]",3.91
99,"[1, 4, 5]","[3, 4, 4]","[0.54, 0.79, 0.75]","[['C', 'B', 'A', 'D'], ['C', 'A', 'D', 'B'], ['A', 'C', 'B', 'D']]","{'C': 5, 'A': 4, 'B': 3, 'D': 3}","[0.58, 1.0, 1.0]",3.91
99,"[1, 4, 5]","[3, 4, 4]","[0.54, 0.79, 0.75]","[['C', 'B', 'A', 'D'], ['C', 'A', 'D', 'B'], ['A', 'C', 'D', 'B']]","{'C': 5, 'A': 4, 'D': 4, 'B': 2}","[0.58, 1.0, 1.0]",4.0
99,"[1, 4, 5]","[3, 4, 4]","[0.54, 0.79, 0.75]","[['C', 'B', 'A', 'D'], ['C', 'A', 'D', 'B'], ['A', 'D', 'C', 'B']]","{'C': 5, 'A': 4, 'D': 4, 'B': 2}","[0.58, 1.0, 1.0]",4.0
99,"[1, 4, 5]","[3, 4, 4]","[0.54, 0.79, 0.75]","[['C', 'B', 'A', 'D'], ['C', 'A', 'D', 'B'], ['B', 'A', 'C', 'D']]","{'C': 5, 'A': 4, 'B': 3, 'D': 3}","[0.58, 1.0, 1.0]",3.91
99,"[1, 4, 5]","[3, 4, 4]","[0.54, 0.79, 0.75]","[['C', 'B', 'A', 'D'], ['C', 'A', 'D', 'B'], ['B', 'C', 'A', 'D']]","{'C': 5, 'A': 4, 'B': 3, 'D': 3}","[0.58, 1.0, 1.0]",3.91
99,"[1, 4, 5]","[3, 4, 4]","[0.54, 0.79, 0.75]","[['C', 'B', 'A', 'D'], ['C', 'A', 'D', 'B'], ['C', 'A', 'B', 'D']]","{'C': 5, 'A': 4, 'B': 3, 'D': 3}","[0.58, 1.0, 1.0]",3.91
99,"[1, 4, 5]","[3, 4, 4]","[0.54, 0.79, 0.75]","[['C', 'B', 'A', 'D'], ['C', 'A', 'D', 'B'], ['C', 'A', 'D', 'B']]","{'C': 5, 'A': 4, 'D': 4, 'B': 2}","[0.58, 1.0, 1.0]",4.0
99,"[1, 4, 5]","[3, 4, 4]","[0.54, 0.79, 0.75]","[['C', 'B', 'A', 'D'], ['C', 'A', 'D', 'B'], ['C', 'B', 'A', 'D']]","{'C': 5, 'A': 4, 'B': 3, 'D': 3}","[0.58, 1.0, 1.0]",3.91
99,"[1, 4, 5]","[3, 4, 4]","[0.54, 0.79, 0.75]","[['C', 'B', 'A', 'D'], ['C', 'A', 'D', 'B'], ['C', 'D', 'A', 'B']]","{'C': 5, 'A': 4, 'D': 4, 'B': 2}","[0.58, 1.0, 1.0]",4.0
99,"[1, 4, 5]","[3, 4, 4]","[0.54, 0.79, 0.75]","[['C', 'B', 'A', 'D'], ['C', 'A', 'D', 'B'], ['D', 'A', 'C', 'B']]","{'C': 5, 'A': 4, 'D': 4, 'B': 2}","[0.58, 1.0, 1.0]",4.0
99,"[1, 4, 5]","[3, 4, 4]","[0.54, 0.79, 0.75]","[['C', 'B', 'A', 'D'], ['C', 'A', 'D', 'B'], ['D', 'C', 'A', 'B']]","{'C': 5, 'A': 4, 'D': 4, 'B': 2}","[0.58, 1.0, 1.0]",4.0
99,"[1, 4, 5]","[3, 4, 4]","[0.54, 0.79, 0.75]","[['C', 'B', 'A', 'D'], ['C', 'B', 'A', 'D'], ['A', 'B', 'C', 'D']]","{'C': 5, 'A': 4, 'B': 4, 'D': 2}","[0.58, 1.0, 1.0]",3.91
99,"[1, 4, 5]","[3, 4, 4]","[0.54, 0.79, 0.75]","[['C', 'B', 'A', 'D'], ['C', 'B', 'A', 'D'], ['A', 'C', 'B', 'D']]","{'C': 5, 'A': 4, 'B': 4, 'D': 2}","[0.58, 1.0, 1.0]",3.91
99,"[1, 4, 5]","[3, 4, 4]","[0.54, 0.79, 0.75]","[['C', 'B', 'A', 'D'], ['C', 'B', 'A', 'D'], ['A', 'C', 'D', 'B']]","{'C': 5, 'A': 4, 'B': 3, 'D': 3}","[0.58, 1.0, 1.0]",3.91
99,"[1, 4, 5]","[3, 4, 4]","[0.54, 0.79, 0.75]","[['C', 'B', 'A', 'D'], ['C', 'B', 'A', 'D'], ['A', 'D', 'C', 'B']]","{'C': 5, 'A': 4, 'B': 3, 'D': 3}","[0.58, 1.0, 1.0]",3.91
99,"[1, 4, 5]","[3, 4, 4]","[0.54, 0.79, 0.75]","[['C', 'B', 'A', 'D'], ['C', 'B', 'A', 'D'], ['B', 'A', 'C', 'D']]","{'C': 5, 'A': 4, 'B': 4, 'D': 2}","[0.58, 1.0, 1.0]",3.91
99,"[1, 4, 5]","[3, 4, 4]","[0.54, 0.79, 0.75]","[['C', 'B', 'A', 'D'], ['C', 'B', 'A', 'D'], ['B', 'C', 'A', 'D']]","{'C': 5, 'A': 4, 'B': 4, 'D': 2}","[0.58, 1.0, 1.0]",3.91
99,"[1, 4, 5]","[3, 4, 4]","[0.54, 0.79, 0.75]","[['C', 'B', 'A', 'D'], ['C', 'B', 'A', 'D'], ['C', 'A', 'B', 'D']]","{'C': 5, 'A': 4, 'B': 4, 'D': 2}","[0.58, 1.0, 1.0]",3.91
99,"[1, 4, 5]","[3, 4, 4]","[0.54, 0.79, 0.75]","[['C', 'B', 'A', 'D'], ['C', 'B', 'A', 'D'], ['C', 'A', 'D', 'B']]","{'C': 5, 'A': 4, 'B': 3, 'D': 3}","[0.58, 1.0, 1.0]",3.91
99,"[1, 4, 5]","[3, 4, 4]","[0.54, 0.79, 0.75]","[['C', 'B', 'A', 'D'], ['C', 'B', 'A', 'D'], ['C', 'B', 'A', 'D']]","{'C': 5, 'A': 4, 'B': 4, 'D': 2}","[0.58, 1.0, 1.0]",3.91
99,"[1, 4, 5]","[3, 4, 4]","[0.54, 0.79, 0.75]","[['C', 'B', 'A', 'D'], ['C', 'B', 'A', 'D'], ['C', 'D', 'A', 'B']]","{'C': 5, 'A': 4, 'B': 3, 'D': 3}","[0.58, 1.0, 1.0]",3.91
99,"[1, 4, 5]","[3, 4, 4]","[0.54, 0.79, 0.75]","[['C', 'B', 'A', 'D'], ['C', 'B', 'A', 'D'], ['D', 'A', 'C', 'B']]","{'C': 5, 'A': 4, 'B': 3, 'D': 3}","[0.58, 1.0, 1.0]",3.91
99,"[1, 4, 5]","[3, 4, 4]","[0.54, 0.79, 0.75]","[['C', 'B', 'A', 'D'], ['C', 'B', 'A', 'D'], ['D', 'C', 'A', 'B']]","{'C': 5, 'A': 4, 'B': 3, 'D': 3}","[0.58, 1.0, 1.0]",3.91
99,"[1, 4, 5]","[3, 4, 4]","[0.54, 0.79, 0.75]","[['C', 'B', 'A', 'D'], ['C', 'D', 'A', 'B'], ['A', 'B', 'C', 'D']]","{'C': 5, 'A': 4, 'B': 3, 'D': 3}","[0.58, 1.0, 1.0]",3.91
99,"[1, 4, 5]","[3, 4, 4]","[0.54, 0.79, 0.75]","[['C', 'B', 'A', 'D'], ['C', 'D', 'A', 'B'], ['A', 'C', 'B', 'D']]","{'C': 5, 'A': 4, 'B': 3, 'D': 3}","[0.58, 1.0, 1.0]",3.91
99,"[1, 4, 5]","[3, 4, 4]","[0.54, 0.79, 0.75]","[['C', 'B', 'A', 'D'], ['C', 'D', 'A', 'B'], ['A', 'C', 'D', 'B']]","{'C': 5, 'A': 4, 'D': 4, 'B': 2}","[0.58, 1.0, 1.0]",4.0
99,"[1, 4, 5]","[3, 4, 4]","[0.54, 0.79, 0.75]","[['C', 'B', 'A', 'D'], ['C', 'D', 'A', 'B'], ['A', 'D', 'C', 'B']]","{'C': 5, 'A': 4, 'D': 4, 'B': 2}","[0.58, 1.0, 1.0]",4.0
99,"[1, 4, 5]","[3, 4, 4]","[0.54, 0.79, 0.75]","[['C', 'B', 'A', 'D'], ['C', 'D', 'A', 'B'], ['B', 'A', 'C', 'D']]","{'C': 5, 'A': 4, 'B': 3, 'D': 3}","[0.58, 1.0, 1.0]",3.91
99,"[1, 4, 5]","[3, 4, 4]","[0.54, 0.79, 0.75]","[['C', 'B', 'A', 'D'], ['C', 'D', 'A', 'B'], ['B', 'C', 'A', 'D']]","{'C': 5, 'A': 4, 'B': 3, 'D': 3}","[0.58, 1.0, 1.0]",3.91
99,"[1, 4, 5]","[3, 4, 4]","[0.54, 0.79, 0.75]","[['C', 'B', 'A', 'D'], ['C', 'D', 'A', 'B'], ['C', 'A', 'B', 'D']]","{'C': 5, 'A': 4, 'B': 3, 'D': 3}","[0.58, 1.0, 1.0]",3.91
99,"[1, 4, 5]","[3, 4, 4]","[0.54, 0.79, 0.75]","[['C', 'B', 'A', 'D'], ['C', 'D', 'A', 'B'], ['C', 'A', 'D', 'B']]","{'C': 5, 'A': 4, 'D': 4, 'B': 2}","[0.58, 1.0, 1.0]",4.0
99,"[1, 4, 5]","[3, 4, 4]","[0.54, 0.79, 0.75]","[['C', 'B', 'A', 'D'], ['C', 'D', 'A', 'B'], ['C', 'B', 'A', 'D']]","{'C': 5, 'A': 4, 'B': 3, 'D': 3}","[0.58, 1.0, 1.0]",3.91
99,"[1, 4, 5]","[3, 4, 4]","[0.54, 0.79, 0.75]","[['C', 'B', 'A', 'D'], ['C', 'D', 'A', 'B'], ['C', 'D', 'A', 'B']]","{'C': 5, 'A': 4, 'D': 4, 'B': 2}","[0.58, 1.0, 1.0]",4.0
99,"[1, 4, 5]","[3, 4, 4]","[0.54, 0.79, 0.75]","[['C', 'B', 'A', 'D'], ['C', 'D', 'A', 'B'], ['D', 'A', 'C', 'B']]","{'C': 5, 'A': 4, 'D': 4, 'B': 2}","[0.58, 1.0, 1.0]",4.0
99,"[1, 4, 5]","[3, 4, 4]","[0.54, 0.79, 0.75]","[['C', 'B', 'A', 'D'], ['C', 'D', 'A', 'B'], ['D', 'C', 'A', 'B']]","{'C': 5, 'A': 4, 'D': 4, 'B': 2}","[0.58, 1.0, 1.0]",4.0
99,"[1, 4, 5]","[3, 4, 4]","[0.54, 0.79, 0.75]","[['C', 'B', 'A', 'D'], ['D', 'A', 'C', 'B'], ['A', 'B', 'C', 'D']]","{'C': 5, 'A': 4, 'B': 3, 'D': 3}","[0.58, 1.0, 1.0]",3.91
99,"[1, 4, 5]","[3, 4, 4]","[0.54, 0.79, 0.75]","[['C', 'B', 'A', 'D'], ['D', 'A', 'C', 'B'], ['A', 'C', 'B', 'D']]","{'C': 5, 'A': 4, 'B': 3, 'D': 3}","[0.58, 1.0, 1.0]",3.91
99,"[1, 4, 5]","[3, 4, 4]","[0.54, 0.79, 0.75]","[['C', 'B', 'A', 'D'], ['D', 'A', 'C', 'B'], ['A', 'C', 'D', 'B']]","{'C': 5, 'A': 4, 'D': 4, 'B': 2}","[0.58, 1.0, 1.0]",4.0
99,"[1, 4, 5]","[3, 4, 4]","[0.54, 0.79, 0.75]","[['C', 'B', 'A', 'D'], ['D', 'A', 'C', 'B'], ['A', 'D', 'C', 'B']]","{'C': 5, 'A': 4, 'D': 4, 'B': 2}","[0.58, 1.0, 1.0]",4.0
99,"[1, 4, 5]","[3, 4, 4]","[0.54, 0.79, 0.75]","[['C', 'B', 'A', 'D'], ['D', 'A', 'C', 'B'], ['B', 'A', 'C', 'D']]","{'C': 5, 'A': 4, 'B': 3, 'D': 3}","[0.58, 1.0, 1.0]",3.91
99,"[1, 4, 5]","[3, 4, 4]","[0.54, 0.79, 0.75]","[['C', 'B', 'A', 'D'], ['D', 'A', 'C', 'B'], ['B', 'C', 'A', 'D']]","{'C': 5, 'A': 4, 'B': 3, 'D': 3}","[0.58, 1.0, 1.0]",3.91
99,"[1, 4, 5]","[3, 4, 4]","[0.54, 0.79, 0.75]","[['C', 'B', 'A', 'D'], ['D', 'A', 'C', 'B'], ['C', 'A', 'B', 'D']]","{'C': 5, 'A': 4, 'B': 3, 'D': 3}","[0.58, 1.0, 1.0]",3.91
99,"[1, 4, 5]","[3, 4, 4]","[0.54, 0.79, 0.75]","[['C', 'B', 'A', 'D'], ['D', 'A', 'C', 'B'], ['C', 'A', 'D', 'B']]","{'C': 5, 'A': 4, 'D': 4, 'B': 2}","[0.58, 1.0, 1.0]",4.0
99,"[1, 4, 5]","[3, 4, 4]","[0.54, 0.79, 0.75]","[['C', 'B', 'A', 'D'], ['D', 'A', 'C', 'B'], ['C', 'B', 'A', 'D']]","{'C': 5, 'A': 4, 'B': 3, 'D': 3}","[0.58, 1.0, 1.0]",3.91
99,"[1, 4, 5]","[3, 4, 4]","[0.54, 0.79, 0.75]","[['C', 'B', 'A', 'D'], ['D', 'A', 'C', 'B'], ['C', 'D', 'A', 'B']]","{'C': 5, 'A': 4, 'D': 4, 'B': 2}","[0.58, 1.0, 1.0]",4.0
99,"[1, 4, 5]","[3, 4, 4]","[0.54, 0.79, 0.75]","[['C', 'B', 'A', 'D'], ['D', 'A', 'C', 'B'], ['D', 'A', 'C', 'B']]","{'C': 5, 'A': 4, 'D': 4, 'B': 2}","[0.58, 1.0, 1.0]",4.0
99,"[1, 4, 5]","[3, 4, 4]","[0.54, 0.79, 0.75]","[['C', 'B', 'A', 'D'], ['D', 'A', 'C', 'B'], ['D', 'C', 'A', 'B']]","{'C': 5, 'A': 4, 'D': 4, 'B': 2}","[0.58, 1.0, 1.0]",4.0
99,"[1, 4, 5]","[3, 4, 4]","[0.54, 0.79, 0.75]","[['C', 'B', 'A', 'D'], ['D', 'C', 'A', 'B'], ['A', 'B', 'C', 'D']]","{'C': 5, 'A': 4, 'B': 3, 'D': 3}","[0.58, 1.0, 1.0]",3.91
99,"[1, 4, 5]","[3, 4, 4]","[0.54, 0.79, 0.75]","[['C', 'B', 'A', 'D'], ['D', 'C', 'A', 'B'], ['A', 'C', 'B', 'D']]","{'C': 5, 'A': 4, 'B': 3, 'D': 3}","[0.58, 1.0, 1.0]",3.91
99,"[1, 4, 5]","[3, 4, 4]","[0.54, 0.79, 0.75]","[['C', 'B', 'A', 'D'], ['D', 'C', 'A', 'B'], ['A', 'C', 'D', 'B']]","{'C': 5, 'A': 4, 'D': 4, 'B': 2}","[0.58, 1.0, 1.0]",4.0
99,"[1, 4, 5]","[3, 4, 4]","[0.54, 0.79, 0.75]","[['C', 'B', 'A', 'D'], ['D', 'C', 'A', 'B'], ['A', 'D', 'C', 'B']]","{'C': 5, 'A': 4, 'D': 4, 'B': 2}","[0.58, 1.0, 1.0]",4.0
99,"[1, 4, 5]","[3, 4, 4]","[0.54, 0.79, 0.75]","[['C', 'B', 'A', 'D'], ['D', 'C', 'A', 'B'], ['B', 'A', 'C', 'D']]","{'C': 5, 'A': 4, 'B': 3, 'D': 3}","[0.58, 1.0, 1.0]",3.91
99,"[1, 4, 5]","[3, 4, 4]","[0.54, 0.79, 0.75]","[['C', 'B', 'A', 'D'], ['D', 'C', 'A', 'B'], ['B', 'C', 'A', 'D']]","{'C': 5, 'A': 4, 'B': 3, 'D': 3}","[0.58, 1.0, 1.0]",3.91
99,"[1, 4, 5]","[3, 4, 4]","[0.54, 0.79, 0.75]","[['C', 'B', 'A', 'D'], ['D', 'C', 'A', 'B'], ['C', 'A', 'B', 'D']]","{'C': 5, 'A': 4, 'B': 3, 'D': 3}","[0.58, 1.0, 1.0]",3.91
99,"[1, 4, 5]","[3, 4, 4]","[0.54, 0.79, 0.75]","[['C', 'B', 'A', 'D'], ['D', 'C', 'A', 'B'], ['C', 'A', 'D', 'B']]","{'C': 5, 'A': 4, 'D': 4, 'B': 2}","[0.58, 1.0, 1.0]",4.0
99,"[1, 4, 5]","[3, 4, 4]","[0.54, 0.79, 0.75]","[['C', 'B', 'A', 'D'], ['D', 'C', 'A', 'B'], ['C', 'B', 'A', 'D']]","{'C': 5, 'A': 4, 'B': 3, 'D': 3}","[0.58, 1.0, 1.0]",3.91
99,"[1, 4, 5]","[3, 4, 4]","[0.54, 0.79, 0.75]","[['C', 'B', 'A', 'D'], ['D', 'C', 'A', 'B'], ['C', 'D', 'A', 'B']]","{'C': 5, 'A': 4, 'D': 4, 'B': 2}","[0.58, 1.0, 1.0]",4.0
99,"[1, 4, 5]","[3, 4, 4]","[0.54, 0.79, 0.75]","[['C', 'B', 'A', 'D'], ['D', 'C', 'A', 'B'], ['D', 'A', 'C', 'B']]","{'C': 5, 'A': 4, 'D': 4, 'B': 2}","[0.58, 1.0, 1.0]",4.0
99,"[1, 4, 5]","[3, 4, 4]","[0.54, 0.79, 0.75]","[['C', 'B', 'A', 'D'], ['D', 'C', 'A', 'B'], ['D', 'C', 'A', 'B']]","{'C': 5, 'A': 4, 'D': 4, 'B': 2}","[0.58, 1.0, 1.0]",4.0
99,"[1, 4, 5]","[3, 4, 4]","[0.54, 0.79, 0.75]","[['C', 'D', 'A', 'B'], ['A', 'B', 'C', 'D'], ['A', 'B', 'C', 'D']]","{'C': 5, 'A': 4, 'B': 3, 'D': 3}","[0.58, 1.0, 1.0]",3.91
99,"[1, 4, 5]","[3, 4, 4]","[0.54, 0.79, 0.75]","[['C', 'D', 'A', 'B'], ['A', 'B', 'C', 'D'], ['A', 'C', 'B', 'D']]","{'C': 5, 'A': 4, 'B': 3, 'D': 3}","[0.58, 1.0, 1.0]",3.91
99,"[1, 4, 5]","[3, 4, 4]","[0.54, 0.79, 0.75]","[['C', 'D', 'A', 'B'], ['A', 'B', 'C', 'D'], ['A', 'C', 'D', 'B']]","{'C': 5, 'A': 4, 'D': 4, 'B': 2}","[0.58, 1.0, 1.0]",4.0
99,"[1, 4, 5]","[3, 4, 4]","[0.54, 0.79, 0.75]","[['C', 'D', 'A', 'B'], ['A', 'B', 'C', 'D'], ['A', 'D', 'C', 'B']]","{'C': 5, 'A': 4, 'D': 4, 'B': 2}","[0.58, 1.0, 1.0]",4.0
99,"[1, 4, 5]","[3, 4, 4]","[0.54, 0.79, 0.75]","[['C', 'D', 'A', 'B'], ['A', 'B', 'C', 'D'], ['B', 'A', 'C', 'D']]","{'C': 5, 'A': 4, 'B': 3, 'D': 3}","[0.58, 1.0, 1.0]",3.91
99,"[1, 4, 5]","[3, 4, 4]","[0.54, 0.79, 0.75]","[['C', 'D', 'A', 'B'], ['A', 'B', 'C', 'D'], ['B', 'C', 'A', 'D']]","{'C': 5, 'A': 4, 'B': 3, 'D': 3}","[0.58, 1.0, 1.0]",3.91
99,"[1, 4, 5]","[3, 4, 4]","[0.54, 0.79, 0.75]","[['C', 'D', 'A', 'B'], ['A', 'B', 'C', 'D'], ['C', 'A', 'B', 'D']]","{'C': 5, 'A': 4, 'B': 3, 'D': 3}","[0.58, 1.0, 1.0]",3.91
99,"[1, 4, 5]","[3, 4, 4]","[0.54, 0.79, 0.75]","[['C', 'D', 'A', 'B'], ['A', 'B', 'C', 'D'], ['C', 'A', 'D', 'B']]","{'C': 5, 'A': 4, 'D': 4, 'B': 2}","[0.58, 1.0, 1.0]",4.0
99,"[1, 4, 5]","[3, 4, 4]","[0.54, 0.79, 0.75]","[['C', 'D', 'A', 'B'], ['A', 'B', 'C', 'D'], ['C', 'B', 'A', 'D']]","{'C': 5, 'A': 4, 'B': 3, 'D': 3}","[0.58, 1.0, 1.0]",3.91
99,"[1, 4, 5]","[3, 4, 4]","[0.54, 0.79, 0.75]","[['C', 'D', 'A', 'B'], ['A', 'B', 'C', 'D'], ['C', 'D', 'A', 'B']]","{'C': 5, 'A': 4, 'D': 4, 'B': 2}","[0.58, 1.0, 1.0]",4.0
99,"[1, 4, 5]","[3, 4, 4]","[0.54, 0.79, 0.75]","[['C', 'D', 'A', 'B'], ['A', 'B', 'C', 'D'], ['D', 'A', 'C', 'B']]","{'C': 5, 'A': 4, 'D': 4, 'B': 2}","[0.58, 1.0, 1.0]",4.0
99,"[1, 4, 5]","[3, 4, 4]","[0.54, 0.79, 0.75]","[['C', 'D', 'A', 'B'], ['A', 'B', 'C', 'D'], ['D', 'C', 'A', 'B']]","{'C': 5, 'A': 4, 'D': 4, 'B': 2}","[0.58, 1.0, 1.0]",4.0
99,"[1, 4, 5]","[3, 4, 4]","[0.54, 0.79, 0.75]","[['C', 'D', 'A', 'B'], ['A', 'C', 'B', 'D'], ['A', 'B', 'C', 'D']]","{'C': 5, 'A': 4, 'B': 3, 'D': 3}","[0.58, 1.0, 1.0]",3.91
99,"[1, 4, 5]","[3, 4, 4]","[0.54, 0.79, 0.75]","[['C', 'D', 'A', 'B'], ['A', 'C', 'B', 'D'], ['A', 'C', 'B', 'D']]","{'C': 5, 'A': 4, 'B': 3, 'D': 3}","[0.58, 1.0, 1.0]",3.91
99,"[1, 4, 5]","[3, 4, 4]","[0.54, 0.79, 0.75]","[['C', 'D', 'A', 'B'], ['A', 'C', 'B', 'D'], ['A', 'C', 'D', 'B']]","{'C': 5, 'A': 4, 'D': 4, 'B': 2}","[0.58, 1.0, 1.0]",4.0
99,"[1, 4, 5]","[3, 4, 4]","[0.54, 0.79, 0.75]","[['C', 'D', 'A', 'B'], ['A', 'C', 'B', 'D'], ['A', 'D', 'C', 'B']]","{'C': 5, 'A': 4, 'D': 4, 'B': 2}","[0.58, 1.0, 1.0]",4.0
99,"[1, 4, 5]","[3, 4, 4]","[0.54, 0.79, 0.75]","[['C', 'D', 'A', 'B'], ['A', 'C', 'B', 'D'], ['B', 'A', 'C', 'D']]","{'C': 5, 'A': 4, 'B': 3, 'D': 3}","[0.58, 1.0, 1.0]",3.91
99,"[1, 4, 5]","[3, 4, 4]","[0.54, 0.79, 0.75]","[['C', 'D', 'A', 'B'], ['A', 'C', 'B', 'D'], ['B', 'C', 'A', 'D']]","{'C': 5, 'A': 4, 'B': 3, 'D': 3}","[0.58, 1.0, 1.0]",3.91
99,"[1, 4, 5]","[3, 4, 4]","[0.54, 0.79, 0.75]","[['C', 'D', 'A', 'B'], ['A', 'C', 'B', 'D'], ['C', 'A', 'B', 'D']]","{'C': 5, 'A': 4, 'B': 3, 'D': 3}","[0.58, 1.0, 1.0]",3.91
99,"[1, 4, 5]","[3, 4, 4]","[0.54, 0.79, 0.75]","[['C', 'D', 'A', 'B'], ['A', 'C', 'B', 'D'], ['C', 'A', 'D', 'B']]","{'C': 5, 'A': 4, 'D': 4, 'B': 2}","[0.58, 1.0, 1.0]",4.0
99,"[1, 4, 5]","[3, 4, 4]","[0.54, 0.79, 0.75]","[['C', 'D', 'A', 'B'], ['A', 'C', 'B', 'D'], ['C', 'B', 'A', 'D']]","{'C': 5, 'A': 4, 'B': 3, 'D': 3}","[0.58, 1.0, 1.0]",3.91
99,"[1, 4, 5]","[3, 4, 4]","[0.54, 0.79, 0.75]","[['C', 'D', 'A', 'B'], ['A', 'C', 'B', 'D'], ['C', 'D', 'A', 'B']]","{'C': 5, 'A': 4, 'D': 4, 'B': 2}","[0.58, 1.0, 1.0]",4.0
99,"[1, 4, 5]","[3, 4, 4]","[0.54, 0.79, 0.75]","[['C', 'D', 'A', 'B'], ['A', 'C', 'B', 'D'], ['D', 'A', 'C', 'B']]","{'C': 5, 'A': 4, 'D': 4, 'B': 2}","[0.58, 1.0, 1.0]",4.0
99,"[1, 4, 5]","[3, 4, 4]","[0.54, 0.79, 0.75]","[['C', 'D', 'A', 'B'], ['A', 'C', 'B', 'D'], ['D', 'C', 'A', 'B']]","{'C': 5, 'A': 4, 'D': 4, 'B': 2}","[0.58, 1.0, 1.0]",4.0
99,"[1, 4, 5]","[3, 4, 4]","[0.54, 0.79, 0.75]","[['C', 'D', 'A', 'B'], ['A', 'C', 'D', 'B'], ['A', 'B', 'C', 'D']]","{'C': 5, 'A': 4, 'D': 4, 'B': 2}","[0.58, 1.0, 1.0]",4.0
99,"[1, 4, 5]","[3, 4, 4]","[0.54, 0.79, 0.75]","[['C', 'D', 'A', 'B'], ['A', 'C', 'D', 'B'], ['A', 'C', 'B', 'D']]","{'C': 5, 'A': 4, 'D': 4, 'B': 2}","[0.58, 1.0, 1.0]",4.0
99,"[1, 4, 5]","[3, 4, 4]","[0.54, 0.79, 0.75]","[['C', 'D', 'A', 'B'], ['A', 'C', 'D', 'B'], ['B', 'A', 'C', 'D']]","{'C': 5, 'A': 4, 'D': 4, 'B': 2}","[0.58, 1.0, 1.0]",4.0
99,"[1, 4, 5]","[3, 4, 4]","[0.54, 0.79, 0.75]","[['C', 'D', 'A', 'B'], ['A', 'C', 'D', 'B'], ['B', 'C', 'A', 'D']]","{'C': 5, 'A': 4, 'D': 4, 'B': 2}","[0.58, 1.0, 1.0]",4.0
99,"[1, 4, 5]","[3, 4, 4]","[0.54, 0.79, 0.75]","[['C', 'D', 'A', 'B'], ['A', 'C', 'D', 'B'], ['C', 'A', 'B', 'D']]","{'C': 5, 'A': 4, 'D': 4, 'B': 2}","[0.58, 1.0, 1.0]",4.0
99,"[1, 4, 5]","[3, 4, 4]","[0.54, 0.79, 0.75]","[['C', 'D', 'A', 'B'], ['A', 'C', 'D', 'B'], ['C', 'B', 'A', 'D']]","{'C': 5, 'A': 4, 'D': 4, 'B': 2}","[0.58, 1.0, 1.0]",4.0
99,"[1, 4, 5]","[3, 4, 4]","[0.54, 0.79, 0.75]","[['C', 'D', 'A', 'B'], ['A', 'D', 'C', 'B'], ['A', 'B', 'C', 'D']]","{'C': 5, 'A': 4, 'D': 4, 'B': 2}","[0.58, 1.0, 1.0]",4.0
99,"[1, 4, 5]","[3, 4, 4]","[0.54, 0.79, 0.75]","[['C', 'D', 'A', 'B'], ['A', 'D', 'C', 'B'], ['A', 'C', 'B', 'D']]","{'C': 5, 'A': 4, 'D': 4, 'B': 2}","[0.58, 1.0, 1.0]",4.0
99,"[1, 4, 5]","[3, 4, 4]","[0.54, 0.79, 0.75]","[['C', 'D', 'A', 'B'], ['A', 'D', 'C', 'B'], ['B', 'A', 'C', 'D']]","{'C': 5, 'A': 4, 'D': 4, 'B': 2}","[0.58, 1.0, 1.0]",4.0
99,"[1, 4, 5]","[3, 4, 4]","[0.54, 0.79, 0.75]","[['C', 'D', 'A', 'B'], ['A', 'D', 'C', 'B'], ['B', 'C', 'A', 'D']]","{'C': 5, 'A': 4, 'D': 4, 'B': 2}","[0.58, 1.0, 1.0]",4.0
99,"[1, 4, 5]","[3, 4, 4]","[0.54, 0.79, 0.75]","[['C', 'D', 'A', 'B'], ['A', 'D', 'C', 'B'], ['C', 'A', 'B', 'D']]","{'C': 5, 'A': 4, 'D': 4, 'B': 2}","[0.58, 1.0, 1.0]",4.0
99,"[1, 4, 5]","[3, 4, 4]","[0.54, 0.79, 0.75]","[['C', 'D', 'A', 'B'], ['A', 'D', 'C', 'B'], ['C', 'B', 'A', 'D']]","{'C': 5, 'A': 4, 'D': 4, 'B': 2}","[0.58, 1.0, 1.0]",4.0
99,"[1, 4, 5]","[3, 4, 4]","[0.54, 0.79, 0.75]","[['C', 'D', 'A', 'B'], ['B', 'A', 'C', 'D'], ['A', 'B', 'C', 'D']]","{'C': 5, 'A': 4, 'B': 3, 'D': 3}","[0.58, 1.0, 1.0]",3.91
99,"[1, 4, 5]","[3, 4, 4]","[0.54, 0.79, 0.75]","[['C', 'D', 'A', 'B'], ['B', 'A', 'C', 'D'], ['A', 'C', 'B', 'D']]","{'C': 5, 'A': 4, 'B': 3, 'D': 3}","[0.58, 1.0, 1.0]",3.91
99,"[1, 4, 5]","[3, 4, 4]","[0.54, 0.79, 0.75]","[['C', 'D', 'A', 'B'], ['B', 'A', 'C', 'D'], ['A', 'C', 'D', 'B']]","{'C': 5, 'A': 4, 'D': 4, 'B': 2}","[0.58, 1.0, 1.0]",4.0
99,"[1, 4, 5]","[3, 4, 4]","[0.54, 0.79, 0.75]","[['C', 'D', 'A', 'B'], ['B', 'A', 'C', 'D'], ['A', 'D', 'C', 'B']]","{'C': 5, 'A': 4, 'D': 4, 'B': 2}","[0.58, 1.0, 1.0]",4.0
99,"[1, 4, 5]","[3, 4, 4]","[0.54, 0.79, 0.75]","[['C', 'D', 'A', 'B'], ['B', 'A', 'C', 'D'], ['B', 'A', 'C', 'D']]","{'C': 5, 'A': 4, 'B': 3, 'D': 3}","[0.58, 1.0, 1.0]",3.91
99,"[1, 4, 5]","[3, 4, 4]","[0.54, 0.79, 0.75]","[['C', 'D', 'A', 'B'], ['B', 'A', 'C', 'D'], ['B', 'C', 'A', 'D']]","{'C': 5, 'A': 4, 'B': 3, 'D': 3}","[0.58, 1.0, 1.0]",3.91
99,"[1, 4, 5]","[3, 4, 4]","[0.54, 0.79, 0.75]","[['C', 'D', 'A', 'B'], ['B', 'A', 'C', 'D'], ['C', 'A', 'B', 'D']]","{'C': 5, 'A': 4, 'B': 3, 'D': 3}","[0.58, 1.0, 1.0]",3.91
99,"[1, 4, 5]","[3, 4, 4]","[0.54, 0.79, 0.75]","[['C', 'D', 'A', 'B'], ['B', 'A', 'C', 'D'], ['C', 'A', 'D', 'B']]","{'C': 5, 'A': 4, 'D': 4, 'B': 2}","[0.58, 1.0, 1.0]",4.0
99,"[1, 4, 5]","[3, 4, 4]","[0.54, 0.79, 0.75]","[['C', 'D', 'A', 'B'], ['B', 'A', 'C', 'D'], ['C', 'B', 'A', 'D']]","{'C': 5, 'A': 4, 'B': 3, 'D': 3}","[0.58, 1.0, 1.0]",3.91
99,"[1, 4, 5]","[3, 4, 4]","[0.54, 0.79, 0.75]","[['C', 'D', 'A', 'B'], ['B', 'A', 'C', 'D'], ['C', 'D', 'A', 'B']]","{'C': 5, 'A': 4, 'D': 4, 'B': 2}","[0.58, 1.0, 1.0]",4.0
99,"[1, 4, 5]","[3, 4, 4]","[0.54, 0.79, 0.75]","[['C', 'D', 'A', 'B'], ['B', 'A', 'C', 'D'], ['D', 'A', 'C', 'B']]","{'C': 5, 'A': 4, 'D': 4, 'B': 2}","[0.58, 1.0, 1.0]",4.0
99,"[1, 4, 5]","[3, 4, 4]","[0.54, 0.79, 0.75]","[['C', 'D', 'A', 'B'], ['B', 'A', 'C', 'D'], ['D', 'C', 'A', 'B']]","{'C': 5, 'A': 4, 'D': 4, 'B': 2}","[0.58, 1.0, 1.0]",4.0
99,"[1, 4, 5]","[3, 4, 4]","[0.54, 0.79, 0.75]","[['C', 'D', 'A', 'B'], ['B', 'C', 'A', 'D'], ['A', 'B', 'C', 'D']]","{'C': 5, 'A': 4, 'B': 3, 'D': 3}","[0.58, 1.0, 1.0]",3.91
99,"[1, 4, 5]","[3, 4, 4]","[0.54, 0.79, 0.75]","[['C', 'D', 'A', 'B'], ['B', 'C', 'A', 'D'], ['A', 'C', 'B', 'D']]","{'C': 5, 'A': 4, 'B': 3, 'D': 3}","[0.58, 1.0, 1.0]",3.91
99,"[1, 4, 5]","[3, 4, 4]","[0.54, 0.79, 0.75]","[['C', 'D', 'A', 'B'], ['B', 'C', 'A', 'D'], ['A', 'C', 'D', 'B']]","{'C': 5, 'A': 4, 'D': 4, 'B': 2}","[0.58, 1.0, 1.0]",4.0
99,"[1, 4, 5]","[3, 4, 4]","[0.54, 0.79, 0.75]","[['C', 'D', 'A', 'B'], ['B', 'C', 'A', 'D'], ['A', 'D', 'C', 'B']]","{'C': 5, 'A': 4, 'D': 4, 'B': 2}","[0.58, 1.0, 1.0]",4.0
99,"[1, 4, 5]","[3, 4, 4]","[0.54, 0.79, 0.75]","[['C', 'D', 'A', 'B'], ['B', 'C', 'A', 'D'], ['B', 'A', 'C', 'D']]","{'C': 5, 'A': 4, 'B': 3, 'D': 3}","[0.58, 1.0, 1.0]",3.91
99,"[1, 4, 5]","[3, 4, 4]","[0.54, 0.79, 0.75]","[['C', 'D', 'A', 'B'], ['B', 'C', 'A', 'D'], ['B', 'C', 'A', 'D']]","{'C': 5, 'A': 4, 'B': 3, 'D': 3}","[0.58, 1.0, 1.0]",3.91
99,"[1, 4, 5]","[3, 4, 4]","[0.54, 0.79, 0.75]","[['C', 'D', 'A', 'B'], ['B', 'C', 'A', 'D'], ['C', 'A', 'B', 'D']]","{'C': 5, 'A': 4, 'B': 3, 'D': 3}","[0.58, 1.0, 1.0]",3.91
99,"[1, 4, 5]","[3, 4, 4]","[0.54, 0.79, 0.75]","[['C', 'D', 'A', 'B'], ['B', 'C', 'A', 'D'], ['C', 'A', 'D', 'B']]","{'C': 5, 'A': 4, 'D': 4, 'B': 2}","[0.58, 1.0, 1.0]",4.0
99,"[1, 4, 5]","[3, 4, 4]","[0.54, 0.79, 0.75]","[['C', 'D', 'A', 'B'], ['B', 'C', 'A', 'D'], ['C', 'B', 'A', 'D']]","{'C': 5, 'A': 4, 'B': 3, 'D': 3}","[0.58, 1.0, 1.0]",3.91
99,"[1, 4, 5]","[3, 4, 4]","[0.54, 0.79, 0.75]","[['C', 'D', 'A', 'B'], ['B', 'C', 'A', 'D'], ['C', 'D', 'A', 'B']]","{'C': 5, 'A': 4, 'D': 4, 'B': 2}","[0.58, 1.0, 1.0]",4.0
99,"[1, 4, 5]","[3, 4, 4]","[0.54, 0.79, 0.75]","[['C', 'D', 'A', 'B'], ['B', 'C', 'A', 'D'], ['D', 'A', 'C', 'B']]","{'C': 5, 'A': 4, 'D': 4, 'B': 2}","[0.58, 1.0, 1.0]",4.0
99,"[1, 4, 5]","[3, 4, 4]","[0.54, 0.79, 0.75]","[['C', 'D', 'A', 'B'], ['B', 'C', 'A', 'D'], ['D', 'C', 'A', 'B']]","{'C': 5, 'A': 4, 'D': 4, 'B': 2}","[0.58, 1.0, 1.0]",4.0
99,"[1, 4, 5]","[3, 4, 4]","[0.54, 0.79, 0.75]","[['C', 'D', 'A', 'B'], ['C', 'A', 'B', 'D'], ['A', 'B', 'C', 'D']]","{'C': 5, 'A': 4, 'B': 3, 'D': 3}","[0.58, 1.0, 1.0]",3.91
99,"[1, 4, 5]","[3, 4, 4]","[0.54, 0.79, 0.75]","[['C', 'D', 'A', 'B'], ['C', 'A', 'B', 'D'], ['A', 'C', 'B', 'D']]","{'C': 5, 'A': 4, 'B': 3, 'D': 3}","[0.58, 1.0, 1.0]",3.91
99,"[1, 4, 5]","[3, 4, 4]","[0.54, 0.79, 0.75]","[['C', 'D', 'A', 'B'], ['C', 'A', 'B', 'D'], ['A', 'C', 'D', 'B']]","{'C': 5, 'A': 4, 'D': 4, 'B': 2}","[0.58, 1.0, 1.0]",4.0
99,"[1, 4, 5]","[3, 4, 4]","[0.54, 0.79, 0.75]","[['C', 'D', 'A', 'B'], ['C', 'A', 'B', 'D'], ['A', 'D', 'C', 'B']]","{'C': 5, 'A': 4, 'D': 4, 'B': 2}","[0.58, 1.0, 1.0]",4.0
99,"[1, 4, 5]","[3, 4, 4]","[0.54, 0.79, 0.75]","[['C', 'D', 'A', 'B'], ['C', 'A', 'B', 'D'], ['B', 'A', 'C', 'D']]","{'C': 5, 'A': 4, 'B': 3, 'D': 3}","[0.58, 1.0, 1.0]",3.91
99,"[1, 4, 5]","[3, 4, 4]","[0.54, 0.79, 0.75]","[['C', 'D', 'A', 'B'], ['C', 'A', 'B', 'D'], ['B', 'C', 'A', 'D']]","{'C': 5, 'A': 4, 'B': 3, 'D': 3}","[0.58, 1.0, 1.0]",3.91
99,"[1, 4, 5]","[3, 4, 4]","[0.54, 0.79, 0.75]","[['C', 'D', 'A', 'B'], ['C', 'A', 'B', 'D'], ['C', 'A', 'B', 'D']]","{'C': 5, 'A': 4, 'B': 3, 'D': 3}","[0.58, 1.0, 1.0]",3.91
99,"[1, 4, 5]","[3, 4, 4]","[0.54, 0.79, 0.75]","[['C', 'D', 'A', 'B'], ['C', 'A', 'B', 'D'], ['C', 'A', 'D', 'B']]","{'C': 5, 'A': 4, 'D': 4, 'B': 2}","[0.58, 1.0, 1.0]",4.0
99,"[1, 4, 5]","[3, 4, 4]","[0.54, 0.79, 0.75]","[['C', 'D', 'A', 'B'], ['C', 'A', 'B', 'D'], ['C', 'B', 'A', 'D']]","{'C': 5, 'A': 4, 'B': 3, 'D': 3}","[0.58, 1.0, 1.0]",3.91
99,"[1, 4, 5]","[3, 4, 4]","[0.54, 0.79, 0.75]","[['C', 'D', 'A', 'B'], ['C', 'A', 'B', 'D'], ['C', 'D', 'A', 'B']]","{'C': 5, 'A': 4, 'D': 4, 'B': 2}","[0.58, 1.0, 1.0]",4.0
99,"[1, 4, 5]","[3, 4, 4]","[0.54, 0.79, 0.75]","[['C', 'D', 'A', 'B'], ['C', 'A', 'B', 'D'], ['D', 'A', 'C', 'B']]","{'C': 5, 'A': 4, 'D': 4, 'B': 2}","[0.58, 1.0, 1.0]",4.0
99,"[1, 4, 5]","[3, 4, 4]","[0.54, 0.79, 0.75]","[['C', 'D', 'A', 'B'], ['C', 'A', 'B', 'D'], ['D', 'C', 'A', 'B']]","{'C': 5, 'A': 4, 'D': 4, 'B': 2}","[0.58, 1.0, 1.0]",4.0
99,"[1, 4, 5]","[3, 4, 4]","[0.54, 0.79, 0.75]","[['C', 'D', 'A', 'B'], ['C', 'A', 'D', 'B'], ['A', 'B', 'C', 'D']]","{'C': 5, 'A': 4, 'D': 4, 'B': 2}","[0.58, 1.0, 1.0]",4.0
99,"[1, 4, 5]","[3, 4, 4]","[0.54, 0.79, 0.75]","[['C', 'D', 'A', 'B'], ['C', 'A', 'D', 'B'], ['A', 'C', 'B', 'D']]","{'C': 5, 'A': 4, 'D': 4, 'B': 2}","[0.58, 1.0, 1.0]",4.0
99,"[1, 4, 5]","[3, 4, 4]","[0.54, 0.79, 0.75]","[['C', 'D', 'A', 'B'], ['C', 'A', 'D', 'B'], ['B', 'A', 'C', 'D']]","{'C': 5, 'A': 4, 'D': 4, 'B': 2}","[0.58, 1.0, 1.0]",4.0
99,"[1, 4, 5]","[3, 4, 4]","[0.54, 0.79, 0.75]","[['C', 'D', 'A', 'B'], ['C', 'A', 'D', 'B'], ['B', 'C', 'A', 'D']]","{'C': 5, 'A': 4, 'D': 4, 'B': 2}","[0.58, 1.0, 1.0]",4.0
99,"[1, 4, 5]","[3, 4, 4]","[0.54, 0.79, 0.75]","[['C', 'D', 'A', 'B'], ['C', 'A', 'D', 'B'], ['C', 'A', 'B', 'D']]","{'C': 5, 'A': 4, 'D': 4, 'B': 2}","[0.58, 1.0, 1.0]",4.0
99,"[1, 4, 5]","[3, 4, 4]","[0.54, 0.79, 0.75]","[['C', 'D', 'A', 'B'], ['C', 'A', 'D', 'B'], ['C', 'B', 'A', 'D']]","{'C': 5, 'A': 4, 'D': 4, 'B': 2}","[0.58, 1.0, 1.0]",4.0
99,"[1, 4, 5]","[3, 4, 4]","[0.54, 0.79, 0.75]","[['C', 'D', 'A', 'B'], ['C', 'B', 'A', 'D'], ['A', 'B', 'C', 'D']]","{'C': 5, 'A': 4, 'B': 3, 'D': 3}","[0.58, 1.0, 1.0]",3.91
99,"[1, 4, 5]","[3, 4, 4]","[0.54, 0.79, 0.75]","[['C', 'D', 'A', 'B'], ['C', 'B', 'A', 'D'], ['A', 'C', 'B', 'D']]","{'C': 5, 'A': 4, 'B': 3, 'D': 3}","[0.58, 1.0, 1.0]",3.91
99,"[1, 4, 5]","[3, 4, 4]","[0.54, 0.79, 0.75]","[['C', 'D', 'A', 'B'], ['C', 'B', 'A', 'D'], ['A', 'C', 'D', 'B']]","{'C': 5, 'A': 4, 'D': 4, 'B': 2}","[0.58, 1.0, 1.0]",4.0
99,"[1, 4, 5]","[3, 4, 4]","[0.54, 0.79, 0.75]","[['C', 'D', 'A', 'B'], ['C', 'B', 'A', 'D'], ['A', 'D', 'C', 'B']]","{'C': 5, 'A': 4, 'D': 4, 'B': 2}","[0.58, 1.0, 1.0]",4.0
99,"[1, 4, 5]","[3, 4, 4]","[0.54, 0.79, 0.75]","[['C', 'D', 'A', 'B'], ['C', 'B', 'A', 'D'], ['B', 'A', 'C', 'D']]","{'C': 5, 'A': 4, 'B': 3, 'D': 3}","[0.58, 1.0, 1.0]",3.91
99,"[1, 4, 5]","[3, 4, 4]","[0.54, 0.79, 0.75]","[['C', 'D', 'A', 'B'], ['C', 'B', 'A', 'D'], ['B', 'C', 'A', 'D']]","{'C': 5, 'A': 4, 'B': 3, 'D': 3}","[0.58, 1.0, 1.0]",3.91
99,"[1, 4, 5]","[3, 4, 4]","[0.54, 0.79, 0.75]","[['C', 'D', 'A', 'B'], ['C', 'B', 'A', 'D'], ['C', 'A', 'B', 'D']]","{'C': 5, 'A': 4, 'B': 3, 'D': 3}","[0.58, 1.0, 1.0]",3.91
99,"[1, 4, 5]","[3, 4, 4]","[0.54, 0.79, 0.75]","[['C', 'D', 'A', 'B'], ['C', 'B', 'A', 'D'], ['C', 'A', 'D', 'B']]","{'C': 5, 'A': 4, 'D': 4, 'B': 2}","[0.58, 1.0, 1.0]",4.0
99,"[1, 4, 5]","[3, 4, 4]","[0.54, 0.79, 0.75]","[['C', 'D', 'A', 'B'], ['C', 'B', 'A', 'D'], ['C', 'B', 'A', 'D']]","{'C': 5, 'A': 4, 'B': 3, 'D': 3}","[0.58, 1.0, 1.0]",3.91
99,"[1, 4, 5]","[3, 4, 4]","[0.54, 0.79, 0.75]","[['C', 'D', 'A', 'B'], ['C', 'B', 'A', 'D'], ['C', 'D', 'A', 'B']]","{'C': 5, 'A': 4, 'D': 4, 'B': 2}","[0.58, 1.0, 1.0]",4.0
99,"[1, 4, 5]","[3, 4, 4]","[0.54, 0.79, 0.75]","[['C', 'D', 'A', 'B'], ['C', 'B', 'A', 'D'], ['D', 'A', 'C', 'B']]","{'C': 5, 'A': 4, 'D': 4, 'B': 2}","[0.58, 1.0, 1.0]",4.0
99,"[1, 4, 5]","[3, 4, 4]","[0.54, 0.79, 0.75]","[['C', 'D', 'A', 'B'], ['C', 'B', 'A', 'D'], ['D', 'C', 'A', 'B']]","{'C': 5, 'A': 4, 'D': 4, 'B': 2}","[0.58, 1.0, 1.0]",4.0
99,"[1, 4, 5]","[3, 4, 4]","[0.54, 0.79, 0.75]","[['C', 'D', 'A', 'B'], ['C', 'D', 'A', 'B'], ['A', 'B', 'C', 'D']]","{'C': 5, 'A': 4, 'D': 4, 'B': 2}","[0.58, 1.0, 1.0]",4.0
99,"[1, 4, 5]","[3, 4, 4]","[0.54, 0.79, 0.75]","[['C', 'D', 'A', 'B'], ['C', 'D', 'A', 'B'], ['A', 'C', 'B', 'D']]","{'C': 5, 'A': 4, 'D': 4, 'B': 2}","[0.58, 1.0, 1.0]",4.0
99,"[1, 4, 5]","[3, 4, 4]","[0.54, 0.79, 0.75]","[['C', 'D', 'A', 'B'], ['C', 'D', 'A', 'B'], ['B', 'A', 'C', 'D']]","{'C': 5, 'A': 4, 'D': 4, 'B': 2}","[0.58, 1.0, 1.0]",4.0
99,"[1, 4, 5]","[3, 4, 4]","[0.54, 0.79, 0.75]","[['C', 'D', 'A', 'B'], ['C', 'D', 'A', 'B'], ['B', 'C', 'A', 'D']]","{'C': 5, 'A': 4, 'D': 4, 'B': 2}","[0.58, 1.0, 1.0]",4.0
99,"[1, 4, 5]","[3, 4, 4]","[0.54, 0.79, 0.75]","[['C', 'D', 'A', 'B'], ['C', 'D', 'A', 'B'], ['C', 'A', 'B', 'D']]","{'C': 5, 'A': 4, 'D': 4, 'B': 2}","[0.58, 1.0, 1.0]",4.0
99,"[1, 4, 5]","[3, 4, 4]","[0.54, 0.79, 0.75]","[['C', 'D', 'A', 'B'], ['C', 'D', 'A', 'B'], ['C', 'B', 'A', 'D']]","{'C': 5, 'A': 4, 'D': 4, 'B': 2}","[0.58, 1.0, 1.0]",4.0
99,"[1, 4, 5]","[3, 4, 4]","[0.54, 0.79, 0.75]","[['C', 'D', 'A', 'B'], ['D', 'A', 'C', 'B'], ['A', 'B', 'C', 'D']]","{'C': 5, 'A': 4, 'D': 4, 'B': 2}","[0.58, 1.0, 1.0]",4.0
99,"[1, 4, 5]","[3, 4, 4]","[0.54, 0.79, 0.75]","[['C', 'D', 'A', 'B'], ['D', 'A', 'C', 'B'], ['A', 'C', 'B', 'D']]","{'C': 5, 'A': 4, 'D': 4, 'B': 2}","[0.58, 1.0, 1.0]",4.0
99,"[1, 4, 5]","[3, 4, 4]","[0.54, 0.79, 0.75]","[['C', 'D', 'A', 'B'], ['D', 'A', 'C', 'B'], ['B', 'A', 'C', 'D']]","{'C': 5, 'A': 4, 'D': 4, 'B': 2}","[0.58, 1.0, 1.0]",4.0
99,"[1, 4, 5]","[3, 4, 4]","[0.54, 0.79, 0.75]","[['C', 'D', 'A', 'B'], ['D', 'A', 'C', 'B'], ['B', 'C', 'A', 'D']]","{'C': 5, 'A': 4, 'D': 4, 'B': 2}","[0.58, 1.0, 1.0]",4.0
99,"[1, 4, 5]","[3, 4, 4]","[0.54, 0.79, 0.75]","[['C', 'D', 'A', 'B'], ['D', 'A', 'C', 'B'], ['C', 'A', 'B', 'D']]","{'C': 5, 'A': 4, 'D': 4, 'B': 2}","[0.58, 1.0, 1.0]",4.0
99,"[1, 4, 5]","[3, 4, 4]","[0.54, 0.79, 0.75]","[['C', 'D', 'A', 'B'], ['D', 'A', 'C', 'B'], ['C', 'B', 'A', 'D']]","{'C': 5, 'A': 4, 'D': 4, 'B': 2}","[0.58, 1.0, 1.0]",4.0
99,"[1, 4, 5]","[3, 4, 4]","[0.54, 0.79, 0.75]","[['C', 'D', 'A', 'B'], ['D', 'C', 'A', 'B'], ['A', 'B', 'C', 'D']]","{'C': 5, 'A': 4, 'D': 4, 'B': 2}","[0.58, 1.0, 1.0]",4.0
99,"[1, 4, 5]","[3, 4, 4]","[0.54, 0.79, 0.75]","[['C', 'D', 'A', 'B'], ['D', 'C', 'A', 'B'], ['A', 'C', 'B', 'D']]","{'C': 5, 'A': 4, 'D': 4, 'B': 2}","[0.58, 1.0, 1.0]",4.0
99,"[1, 4, 5]","[3, 4, 4]","[0.54, 0.79, 0.75]","[['C', 'D', 'A', 'B'], ['D', 'C', 'A', 'B'], ['B', 'A', 'C', 'D']]","{'C': 5, 'A': 4, 'D': 4, 'B': 2}","[0.58, 1.0, 1.0]",4.0
99,"[1, 4, 5]","[3, 4, 4]","[0.54, 0.79, 0.75]","[['C', 'D', 'A', 'B'], ['D', 'C', 'A', 'B'], ['B', 'C', 'A', 'D']]","{'C': 5, 'A': 4, 'D': 4, 'B': 2}","[0.58, 1.0, 1.0]",4.0
99,"[1, 4, 5]","[3, 4, 4]","[0.54, 0.79, 0.75]","[['C', 'D', 'A', 'B'], ['D', 'C', 'A', 'B'], ['C', 'A', 'B', 'D']]","{'C': 5, 'A': 4, 'D': 4, 'B': 2}","[0.58, 1.0, 1.0]",4.0
99,"[1, 4, 5]","[3, 4, 4]","[0.54, 0.79, 0.75]","[['C', 'D', 'A', 'B'], ['D', 'C', 'A', 'B'], ['C', 'B', 'A', 'D']]","{'C': 5, 'A': 4, 'D': 4, 'B': 2}","[0.58, 1.0, 1.0]",4.0
99,"[1, 4, 5]","[3, 4, 4]","[0.54, 0.79, 0.75]","[['D', 'A', 'C', 'B'], ['A', 'B', 'C', 'D'], ['A', 'B', 'C', 'D']]","{'C': 5, 'A': 4, 'B': 3, 'D': 3}","[0.58, 1.0, 1.0]",3.91
99,"[1, 4, 5]","[3, 4, 4]","[0.54, 0.79, 0.75]","[['D', 'A', 'C', 'B'], ['A', 'B', 'C', 'D'], ['A', 'C', 'B', 'D']]","{'C': 5, 'A': 4, 'B': 3, 'D': 3}","[0.58, 1.0, 1.0]",3.91
99,"[1, 4, 5]","[3, 4, 4]","[0.54, 0.79, 0.75]","[['D', 'A', 'C', 'B'], ['A', 'B', 'C', 'D'], ['A', 'C', 'D', 'B']]","{'C': 5, 'A': 4, 'D': 4, 'B': 2}","[0.58, 1.0, 1.0]",4.0
99,"[1, 4, 5]","[3, 4, 4]","[0.54, 0.79, 0.75]","[['D', 'A', 'C', 'B'], ['A', 'B', 'C', 'D'], ['A', 'D', 'C', 'B']]","{'C': 5, 'A': 4, 'D': 4, 'B': 2}","[0.58, 1.0, 1.0]",4.0
99,"[1, 4, 5]","[3, 4, 4]","[0.54, 0.79, 0.75]","[['D', 'A', 'C', 'B'], ['A', 'B', 'C', 'D'], ['B', 'A', 'C', 'D']]","{'C': 5, 'A': 4, 'B': 3, 'D': 3}","[0.58, 1.0, 1.0]",3.91
99,"[1, 4, 5]","[3, 4, 4]","[0.54, 0.79, 0.75]","[['D', 'A', 'C', 'B'], ['A', 'B', 'C', 'D'], ['B', 'C', 'A', 'D']]","{'C': 5, 'A': 4, 'B': 3, 'D': 3}","[0.58, 1.0, 1.0]",3.91
99,"[1, 4, 5]","[3, 4, 4]","[0.54, 0.79, 0.75]","[['D', 'A', 'C', 'B'], ['A', 'B', 'C', 'D'], ['C', 'A', 'B', 'D']]","{'C': 5, 'A': 4, 'B': 3, 'D': 3}","[0.58, 1.0, 1.0]",3.91
99,"[1, 4, 5]","[3, 4, 4]","[0.54, 0.79, 0.75]","[['D', 'A', 'C', 'B'], ['A', 'B', 'C', 'D'], ['C', 'A', 'D', 'B']]","{'C': 5, 'A': 4, 'D': 4, 'B': 2}","[0.58, 1.0, 1.0]",4.0
99,"[1, 4, 5]","[3, 4, 4]","[0.54, 0.79, 0.75]","[['D', 'A', 'C', 'B'], ['A', 'B', 'C', 'D'], ['C', 'B', 'A', 'D']]","{'C': 5, 'A': 4, 'B': 3, 'D': 3}","[0.58, 1.0, 1.0]",3.91
99,"[1, 4, 5]","[3, 4, 4]","[0.54, 0.79, 0.75]","[['D', 'A', 'C', 'B'], ['A', 'B', 'C', 'D'], ['C', 'D', 'A', 'B']]","{'C': 5, 'A': 4, 'D': 4, 'B': 2}","[0.58, 1.0, 1.0]",4.0
99,"[1, 4, 5]","[3, 4, 4]","[0.54, 0.79, 0.75]","[['D', 'A', 'C', 'B'], ['A', 'B', 'C', 'D'], ['D', 'A', 'C', 'B']]","{'C': 5, 'A': 4, 'D': 4, 'B': 2}","[0.58, 1.0, 1.0]",4.0
99,"[1, 4, 5]","[3, 4, 4]","[0.54, 0.79, 0.75]","[['D', 'A', 'C', 'B'], ['A', 'B', 'C', 'D'], ['D', 'C', 'A', 'B']]","{'C': 5, 'A': 4, 'D': 4, 'B': 2}","[0.58, 1.0, 1.0]",4.0
99,"[1, 4, 5]","[3, 4, 4]","[0.54, 0.79, 0.75]","[['D', 'A', 'C', 'B'], ['A', 'C', 'B', 'D'], ['A', 'B', 'C', 'D']]","{'C': 5, 'A': 4, 'B': 3, 'D': 3}","[0.58, 1.0, 1.0]",3.91
99,"[1, 4, 5]","[3, 4, 4]","[0.54, 0.79, 0.75]","[['D', 'A', 'C', 'B'], ['A', 'C', 'B', 'D'], ['A', 'C', 'B', 'D']]","{'C': 5, 'A': 4, 'B': 3, 'D': 3}","[0.58, 1.0, 1.0]",3.91
99,"[1, 4, 5]","[3, 4, 4]","[0.54, 0.79, 0.75]","[['D', 'A', 'C', 'B'], ['A', 'C', 'B', 'D'], ['A', 'C', 'D', 'B']]","{'C': 5, 'A': 4, 'D': 4, 'B': 2}","[0.58, 1.0, 1.0]",4.0
99,"[1, 4, 5]","[3, 4, 4]","[0.54, 0.79, 0.75]","[['D', 'A', 'C', 'B'], ['A', 'C', 'B', 'D'], ['A', 'D', 'C', 'B']]","{'C': 5, 'A': 4, 'D': 4, 'B': 2}","[0.58, 1.0, 1.0]",4.0
99,"[1, 4, 5]","[3, 4, 4]","[0.54, 0.79, 0.75]","[['D', 'A', 'C', 'B'], ['A', 'C', 'B', 'D'], ['B', 'A', 'C', 'D']]","{'C': 5, 'A': 4, 'B': 3, 'D': 3}","[0.58, 1.0, 1.0]",3.91
99,"[1, 4, 5]","[3, 4, 4]","[0.54, 0.79, 0.75]","[['D', 'A', 'C', 'B'], ['A', 'C', 'B', 'D'], ['B', 'C', 'A', 'D']]","{'C': 5, 'A': 4, 'B': 3, 'D': 3}","[0.58, 1.0, 1.0]",3.91
99,"[1, 4, 5]","[3, 4, 4]","[0.54, 0.79, 0.75]","[['D', 'A', 'C', 'B'], ['A', 'C', 'B', 'D'], ['C', 'A', 'B', 'D']]","{'C': 5, 'A': 4, 'B': 3, 'D': 3}","[0.58, 1.0, 1.0]",3.91
99,"[1, 4, 5]","[3, 4, 4]","[0.54, 0.79, 0.75]","[['D', 'A', 'C', 'B'], ['A', 'C', 'B', 'D'], ['C', 'A', 'D', 'B']]","{'C': 5, 'A': 4, 'D': 4, 'B': 2}","[0.58, 1.0, 1.0]",4.0
99,"[1, 4, 5]","[3, 4, 4]","[0.54, 0.79, 0.75]","[['D', 'A', 'C', 'B'], ['A', 'C', 'B', 'D'], ['C', 'B', 'A', 'D']]","{'C': 5, 'A': 4, 'B': 3, 'D': 3}","[0.58, 1.0, 1.0]",3.91
99,"[1, 4, 5]","[3, 4, 4]","[0.54, 0.79, 0.75]","[['D', 'A', 'C', 'B'], ['A', 'C', 'B', 'D'], ['C', 'D', 'A', 'B']]","{'C': 5, 'A': 4, 'D': 4, 'B': 2}","[0.58, 1.0, 1.0]",4.0
99,"[1, 4, 5]","[3, 4, 4]","[0.54, 0.79, 0.75]","[['D', 'A', 'C', 'B'], ['A', 'C', 'B', 'D'], ['D', 'A', 'C', 'B']]","{'C': 5, 'A': 4, 'D': 4, 'B': 2}","[0.58, 1.0, 1.0]",4.0
99,"[1, 4, 5]","[3, 4, 4]","[0.54, 0.79, 0.75]","[['D', 'A', 'C', 'B'], ['A', 'C', 'B', 'D'], ['D', 'C', 'A', 'B']]","{'C': 5, 'A': 4, 'D': 4, 'B': 2}","[0.58, 1.0, 1.0]",4.0
99,"[1, 4, 5]","[3, 4, 4]","[0.54, 0.79, 0.75]","[['D', 'A', 'C', 'B'], ['A', 'C', 'D', 'B'], ['A', 'B', 'C', 'D']]","{'C': 5, 'A': 4, 'D': 4, 'B': 2}","[0.58, 1.0, 1.0]",4.0
99,"[1, 4, 5]","[3, 4, 4]","[0.54, 0.79, 0.75]","[['D', 'A', 'C', 'B'], ['A', 'C', 'D', 'B'], ['A', 'C', 'B', 'D']]","{'C': 5, 'A': 4, 'D': 4, 'B': 2}","[0.58, 1.0, 1.0]",4.0
99,"[1, 4, 5]","[3, 4, 4]","[0.54, 0.79, 0.75]","[['D', 'A', 'C', 'B'], ['A', 'C', 'D', 'B'], ['B', 'A', 'C', 'D']]","{'C': 5, 'A': 4, 'D': 4, 'B': 2}","[0.58, 1.0, 1.0]",4.0
99,"[1, 4, 5]","[3, 4, 4]","[0.54, 0.79, 0.75]","[['D', 'A', 'C', 'B'], ['A', 'C', 'D', 'B'], ['B', 'C', 'A', 'D']]","{'C': 5, 'A': 4, 'D': 4, 'B': 2}","[0.58, 1.0, 1.0]",4.0
99,"[1, 4, 5]","[3, 4, 4]","[0.54, 0.79, 0.75]","[['D', 'A', 'C', 'B'], ['A', 'C', 'D', 'B'], ['C', 'A', 'B', 'D']]","{'C': 5, 'A': 4, 'D': 4, 'B': 2}","[0.58, 1.0, 1.0]",4.0
99,"[1, 4, 5]","[3, 4, 4]","[0.54, 0.79, 0.75]","[['D', 'A', 'C', 'B'], ['A', 'C', 'D', 'B'], ['C', 'B', 'A', 'D']]","{'C': 5, 'A': 4, 'D': 4, 'B': 2}","[0.58, 1.0, 1.0]",4.0
99,"[1, 4, 5]","[3, 4, 4]","[0.54, 0.79, 0.75]","[['D', 'A', 'C', 'B'], ['A', 'D', 'C', 'B'], ['A', 'B', 'C', 'D']]","{'C': 5, 'A': 4, 'D': 4, 'B': 2}","[0.58, 1.0, 1.0]",4.0
99,"[1, 4, 5]","[3, 4, 4]","[0.54, 0.79, 0.75]","[['D', 'A', 'C', 'B'], ['A', 'D', 'C', 'B'], ['A', 'C', 'B', 'D']]","{'C': 5, 'A': 4, 'D': 4, 'B': 2}","[0.58, 1.0, 1.0]",4.0
99,"[1, 4, 5]","[3, 4, 4]","[0.54, 0.79, 0.75]","[['D', 'A', 'C', 'B'], ['A', 'D', 'C', 'B'], ['B', 'A', 'C', 'D']]","{'C': 5, 'A': 4, 'D': 4, 'B': 2}","[0.58, 1.0, 1.0]",4.0
99,"[1, 4, 5]","[3, 4, 4]","[0.54, 0.79, 0.75]","[['D', 'A', 'C', 'B'], ['A', 'D', 'C', 'B'], ['B', 'C', 'A', 'D']]","{'C': 5, 'A': 4, 'D': 4, 'B': 2}","[0.58, 1.0, 1.0]",4.0
99,"[1, 4, 5]","[3, 4, 4]","[0.54, 0.79, 0.75]","[['D', 'A', 'C', 'B'], ['A', 'D', 'C', 'B'], ['C', 'A', 'B', 'D']]","{'C': 5, 'A': 4, 'D': 4, 'B': 2}","[0.58, 1.0, 1.0]",4.0
99,"[1, 4, 5]","[3, 4, 4]","[0.54, 0.79, 0.75]","[['D', 'A', 'C', 'B'], ['A', 'D', 'C', 'B'], ['C', 'B', 'A', 'D']]","{'C': 5, 'A': 4, 'D': 4, 'B': 2}","[0.58, 1.0, 1.0]",4.0
99,"[1, 4, 5]","[3, 4, 4]","[0.54, 0.79, 0.75]","[['D', 'A', 'C', 'B'], ['B', 'A', 'C', 'D'], ['A', 'B', 'C', 'D']]","{'C': 5, 'A': 4, 'B': 3, 'D': 3}","[0.58, 1.0, 1.0]",3.91
99,"[1, 4, 5]","[3, 4, 4]","[0.54, 0.79, 0.75]","[['D', 'A', 'C', 'B'], ['B', 'A', 'C', 'D'], ['A', 'C', 'B', 'D']]","{'C': 5, 'A': 4, 'B': 3, 'D': 3}","[0.58, 1.0, 1.0]",3.91
99,"[1, 4, 5]","[3, 4, 4]","[0.54, 0.79, 0.75]","[['D', 'A', 'C', 'B'], ['B', 'A', 'C', 'D'], ['A', 'C', 'D', 'B']]","{'C': 5, 'A': 4, 'D': 4, 'B': 2}","[0.58, 1.0, 1.0]",4.0
99,"[1, 4, 5]","[3, 4, 4]","[0.54, 0.79, 0.75]","[['D', 'A', 'C', 'B'], ['B', 'A', 'C', 'D'], ['A', 'D', 'C', 'B']]","{'C': 5, 'A': 4, 'D': 4, 'B': 2}","[0.58, 1.0, 1.0]",4.0
99,"[1, 4, 5]","[3, 4, 4]","[0.54, 0.79, 0.75]","[['D', 'A', 'C', 'B'], ['B', 'A', 'C', 'D'], ['B', 'A', 'C', 'D']]","{'C': 5, 'A': 4, 'B': 3, 'D': 3}","[0.58, 1.0, 1.0]",3.91
99,"[1, 4, 5]","[3, 4, 4]","[0.54, 0.79, 0.75]","[['D', 'A', 'C', 'B'], ['B', 'A', 'C', 'D'], ['B', 'C', 'A', 'D']]","{'C': 5, 'A': 4, 'B': 3, 'D': 3}","[0.58, 1.0, 1.0]",3.91
99,"[1, 4, 5]","[3, 4, 4]","[0.54, 0.79, 0.75]","[['D', 'A', 'C', 'B'], ['B', 'A', 'C', 'D'], ['C', 'A', 'B', 'D']]","{'C': 5, 'A': 4, 'B': 3, 'D': 3}","[0.58, 1.0, 1.0]",3.91
99,"[1, 4, 5]","[3, 4, 4]","[0.54, 0.79, 0.75]","[['D', 'A', 'C', 'B'], ['B', 'A', 'C', 'D'], ['C', 'A', 'D', 'B']]","{'C': 5, 'A': 4, 'D': 4, 'B': 2}","[0.58, 1.0, 1.0]",4.0
99,"[1, 4, 5]","[3, 4, 4]","[0.54, 0.79, 0.75]","[['D', 'A', 'C', 'B'], ['B', 'A', 'C', 'D'], ['C', 'B', 'A', 'D']]","{'C': 5, 'A': 4, 'B': 3, 'D': 3}","[0.58, 1.0, 1.0]",3.91
99,"[1, 4, 5]","[3, 4, 4]","[0.54, 0.79, 0.75]","[['D', 'A', 'C', 'B'], ['B', 'A', 'C', 'D'], ['C', 'D', 'A', 'B']]","{'C': 5, 'A': 4, 'D': 4, 'B': 2}","[0.58, 1.0, 1.0]",4.0
99,"[1, 4, 5]","[3, 4, 4]","[0.54, 0.79, 0.75]","[['D', 'A', 'C', 'B'], ['B', 'A', 'C', 'D'], ['D', 'A', 'C', 'B']]","{'C': 5, 'A': 4, 'D': 4, 'B': 2}","[0.58, 1.0, 1.0]",4.0
99,"[1, 4, 5]","[3, 4, 4]","[0.54, 0.79, 0.75]","[['D', 'A', 'C', 'B'], ['B', 'A', 'C', 'D'], ['D', 'C', 'A', 'B']]","{'C': 5, 'A': 4, 'D': 4, 'B': 2}","[0.58, 1.0, 1.0]",4.0
99,"[1, 4, 5]","[3, 4, 4]","[0.54, 0.79, 0.75]","[['D', 'A', 'C', 'B'], ['B', 'C', 'A', 'D'], ['A', 'B', 'C', 'D']]","{'C': 5, 'A': 4, 'B': 3, 'D': 3}","[0.58, 1.0, 1.0]",3.91
99,"[1, 4, 5]","[3, 4, 4]","[0.54, 0.79, 0.75]","[['D', 'A', 'C', 'B'], ['B', 'C', 'A', 'D'], ['A', 'C', 'B', 'D']]","{'C': 5, 'A': 4, 'B': 3, 'D': 3}","[0.58, 1.0, 1.0]",3.91
99,"[1, 4, 5]","[3, 4, 4]","[0.54, 0.79, 0.75]","[['D', 'A', 'C', 'B'], ['B', 'C', 'A', 'D'], ['A', 'C', 'D', 'B']]","{'C': 5, 'A': 4, 'D': 4, 'B': 2}","[0.58, 1.0, 1.0]",4.0
99,"[1, 4, 5]","[3, 4, 4]","[0.54, 0.79, 0.75]","[['D', 'A', 'C', 'B'], ['B', 'C', 'A', 'D'], ['A', 'D', 'C', 'B']]","{'C': 5, 'A': 4, 'D': 4, 'B': 2}","[0.58, 1.0, 1.0]",4.0
99,"[1, 4, 5]","[3, 4, 4]","[0.54, 0.79, 0.75]","[['D', 'A', 'C', 'B'], ['B', 'C', 'A', 'D'], ['B', 'A', 'C', 'D']]","{'C': 5, 'A': 4, 'B': 3, 'D': 3}","[0.58, 1.0, 1.0]",3.91
99,"[1, 4, 5]","[3, 4, 4]","[0.54, 0.79, 0.75]","[['D', 'A', 'C', 'B'], ['B', 'C', 'A', 'D'], ['B', 'C', 'A', 'D']]","{'C': 5, 'A': 4, 'B': 3, 'D': 3}","[0.58, 1.0, 1.0]",3.91
99,"[1, 4, 5]","[3, 4, 4]","[0.54, 0.79, 0.75]","[['D', 'A', 'C', 'B'], ['B', 'C', 'A', 'D'], ['C', 'A', 'B', 'D']]","{'C': 5, 'A': 4, 'B': 3, 'D': 3}","[0.58, 1.0, 1.0]",3.91
99,"[1, 4, 5]","[3, 4, 4]","[0.54, 0.79, 0.75]","[['D', 'A', 'C', 'B'], ['B', 'C', 'A', 'D'], ['C', 'A', 'D', 'B']]","{'C': 5, 'A': 4, 'D': 4, 'B': 2}","[0.58, 1.0, 1.0]",4.0
99,"[1, 4, 5]","[3, 4, 4]","[0.54, 0.79, 0.75]","[['D', 'A', 'C', 'B'], ['B', 'C', 'A', 'D'], ['C', 'B', 'A', 'D']]","{'C': 5, 'A': 4, 'B': 3, 'D': 3}","[0.58, 1.0, 1.0]",3.91
99,"[1, 4, 5]","[3, 4, 4]","[0.54, 0.79, 0.75]","[['D', 'A', 'C', 'B'], ['B', 'C', 'A', 'D'], ['C', 'D', 'A', 'B']]","{'C': 5, 'A': 4, 'D': 4, 'B': 2}","[0.58, 1.0, 1.0]",4.0
99,"[1, 4, 5]","[3, 4, 4]","[0.54, 0.79, 0.75]","[['D', 'A', 'C', 'B'], ['B', 'C', 'A', 'D'], ['D', 'A', 'C', 'B']]","{'C': 5, 'A': 4, 'D': 4, 'B': 2}","[0.58, 1.0, 1.0]",4.0
99,"[1, 4, 5]","[3, 4, 4]","[0.54, 0.79, 0.75]","[['D', 'A', 'C', 'B'], ['B', 'C', 'A', 'D'], ['D', 'C', 'A', 'B']]","{'C': 5, 'A': 4, 'D': 4, 'B': 2}","[0.58, 1.0, 1.0]",4.0
99,"[1, 4, 5]","[3, 4, 4]","[0.54, 0.79, 0.75]","[['D', 'A', 'C', 'B'], ['C', 'A', 'B', 'D'], ['A', 'B', 'C', 'D']]","{'C': 5, 'A': 4, 'B': 3, 'D': 3}","[0.58, 1.0, 1.0]",3.91
99,"[1, 4, 5]","[3, 4, 4]","[0.54, 0.79, 0.75]","[['D', 'A', 'C', 'B'], ['C', 'A', 'B', 'D'], ['A', 'C', 'B', 'D']]","{'C': 5, 'A': 4, 'B': 3, 'D': 3}","[0.58, 1.0, 1.0]",3.91
99,"[1, 4, 5]","[3, 4, 4]","[0.54, 0.79, 0.75]","[['D', 'A', 'C', 'B'], ['C', 'A', 'B', 'D'], ['A', 'C', 'D', 'B']]","{'C': 5, 'A': 4, 'D': 4, 'B': 2}","[0.58, 1.0, 1.0]",4.0
99,"[1, 4, 5]","[3, 4, 4]","[0.54, 0.79, 0.75]","[['D', 'A', 'C', 'B'], ['C', 'A', 'B', 'D'], ['A', 'D', 'C', 'B']]","{'C': 5, 'A': 4, 'D': 4, 'B': 2}","[0.58, 1.0, 1.0]",4.0
99,"[1, 4, 5]","[3, 4, 4]","[0.54, 0.79, 0.75]","[['D', 'A', 'C', 'B'], ['C', 'A', 'B', 'D'], ['B', 'A', 'C', 'D']]","{'C': 5, 'A': 4, 'B': 3, 'D': 3}","[0.58, 1.0, 1.0]",3.91
99,"[1, 4, 5]","[3, 4, 4]","[0.54, 0.79, 0.75]","[['D', 'A', 'C', 'B'], ['C', 'A', 'B', 'D'], ['B', 'C', 'A', 'D']]","{'C': 5, 'A': 4, 'B': 3, 'D': 3}","[0.58, 1.0, 1.0]",3.91
99,"[1, 4, 5]","[3, 4, 4]","[0.54, 0.79, 0.75]","[['D', 'A', 'C', 'B'], ['C', 'A', 'B', 'D'], ['C', 'A', 'B', 'D']]","{'C': 5, 'A': 4, 'B': 3, 'D': 3}","[0.58, 1.0, 1.0]",3.91
99,"[1, 4, 5]","[3, 4, 4]","[0.54, 0.79, 0.75]","[['D', 'A', 'C', 'B'], ['C', 'A', 'B', 'D'], ['C', 'A', 'D', 'B']]","{'C': 5, 'A': 4, 'D': 4, 'B': 2}","[0.58, 1.0, 1.0]",4.0
99,"[1, 4, 5]","[3, 4, 4]","[0.54, 0.79, 0.75]","[['D', 'A', 'C', 'B'], ['C', 'A', 'B', 'D'], ['C', 'B', 'A', 'D']]","{'C': 5, 'A': 4, 'B': 3, 'D': 3}","[0.58, 1.0, 1.0]",3.91
99,"[1, 4, 5]","[3, 4, 4]","[0.54, 0.79, 0.75]","[['D', 'A', 'C', 'B'], ['C', 'A', 'B', 'D'], ['C', 'D', 'A', 'B']]","{'C': 5, 'A': 4, 'D': 4, 'B': 2}","[0.58, 1.0, 1.0]",4.0
99,"[1, 4, 5]","[3, 4, 4]","[0.54, 0.79, 0.75]","[['D', 'A', 'C', 'B'], ['C', 'A', 'B', 'D'], ['D', 'A', 'C', 'B']]","{'C': 5, 'A': 4, 'D': 4, 'B': 2}","[0.58, 1.0, 1.0]",4.0
99,"[1, 4, 5]","[3, 4, 4]","[0.54, 0.79, 0.75]","[['D', 'A', 'C', 'B'], ['C', 'A', 'B', 'D'], ['D', 'C', 'A', 'B']]","{'C': 5, 'A': 4, 'D': 4, 'B': 2}","[0.58, 1.0, 1.0]",4.0
99,"[1, 4, 5]","[3, 4, 4]","[0.54, 0.79, 0.75]","[['D', 'A', 'C', 'B'], ['C', 'A', 'D', 'B'], ['A', 'B', 'C', 'D']]","{'C': 5, 'A': 4, 'D': 4, 'B': 2}","[0.58, 1.0, 1.0]",4.0
99,"[1, 4, 5]","[3, 4, 4]","[0.54, 0.79, 0.75]","[['D', 'A', 'C', 'B'], ['C', 'A', 'D', 'B'], ['A', 'C', 'B', 'D']]","{'C': 5, 'A': 4, 'D': 4, 'B': 2}","[0.58, 1.0, 1.0]",4.0
99,"[1, 4, 5]","[3, 4, 4]","[0.54, 0.79, 0.75]","[['D', 'A', 'C', 'B'], ['C', 'A', 'D', 'B'], ['B', 'A', 'C', 'D']]","{'C': 5, 'A': 4, 'D': 4, 'B': 2}","[0.58, 1.0, 1.0]",4.0
99,"[1, 4, 5]","[3, 4, 4]","[0.54, 0.79, 0.75]","[['D', 'A', 'C', 'B'], ['C', 'A', 'D', 'B'], ['B', 'C', 'A', 'D']]","{'C': 5, 'A': 4, 'D': 4, 'B': 2}","[0.58, 1.0, 1.0]",4.0
99,"[1, 4, 5]","[3, 4, 4]","[0.54, 0.79, 0.75]","[['D', 'A', 'C', 'B'], ['C', 'A', 'D', 'B'], ['C', 'A', 'B', 'D']]","{'C': 5, 'A': 4, 'D': 4, 'B': 2}","[0.58, 1.0, 1.0]",4.0
99,"[1, 4, 5]","[3, 4, 4]","[0.54, 0.79, 0.75]","[['D', 'A', 'C', 'B'], ['C', 'A', 'D', 'B'], ['C', 'B', 'A', 'D']]","{'C': 5, 'A': 4, 'D': 4, 'B': 2}","[0.58, 1.0, 1.0]",4.0
99,"[1, 4, 5]","[3, 4, 4]","[0.54, 0.79, 0.75]","[['D', 'A', 'C', 'B'], ['C', 'B', 'A', 'D'], ['A', 'B', 'C', 'D']]","{'C': 5, 'A': 4, 'B': 3, 'D': 3}","[0.58, 1.0, 1.0]",3.91
99,"[1, 4, 5]","[3, 4, 4]","[0.54, 0.79, 0.75]","[['D', 'A', 'C', 'B'], ['C', 'B', 'A', 'D'], ['A', 'C', 'B', 'D']]","{'C': 5, 'A': 4, 'B': 3, 'D': 3}","[0.58, 1.0, 1.0]",3.91
99,"[1, 4, 5]","[3, 4, 4]","[0.54, 0.79, 0.75]","[['D', 'A', 'C', 'B'], ['C', 'B', 'A', 'D'], ['A', 'C', 'D', 'B']]","{'C': 5, 'A': 4, 'D': 4, 'B': 2}","[0.58, 1.0, 1.0]",4.0
99,"[1, 4, 5]","[3, 4, 4]","[0.54, 0.79, 0.75]","[['D', 'A', 'C', 'B'], ['C', 'B', 'A', 'D'], ['A', 'D', 'C', 'B']]","{'C': 5, 'A': 4, 'D': 4, 'B': 2}","[0.58, 1.0, 1.0]",4.0
99,"[1, 4, 5]","[3, 4, 4]","[0.54, 0.79, 0.75]","[['D', 'A', 'C', 'B'], ['C', 'B', 'A', 'D'], ['B', 'A', 'C', 'D']]","{'C': 5, 'A': 4, 'B': 3, 'D': 3}","[0.58, 1.0, 1.0]",3.91
99,"[1, 4, 5]","[3, 4, 4]","[0.54, 0.79, 0.75]","[['D', 'A', 'C', 'B'], ['C', 'B', 'A', 'D'], ['B', 'C', 'A', 'D']]","{'C': 5, 'A': 4, 'B': 3, 'D': 3}","[0.58, 1.0, 1.0]",3.91
99,"[1, 4, 5]","[3, 4, 4]","[0.54, 0.79, 0.75]","[['D', 'A', 'C', 'B'], ['C', 'B', 'A', 'D'], ['C', 'A', 'B', 'D']]","{'C': 5, 'A': 4, 'B': 3, 'D': 3}","[0.58, 1.0, 1.0]",3.91
99,"[1, 4, 5]","[3, 4, 4]","[0.54, 0.79, 0.75]","[['D', 'A', 'C', 'B'], ['C', 'B', 'A', 'D'], ['C', 'A', 'D', 'B']]","{'C': 5, 'A': 4, 'D': 4, 'B': 2}","[0.58, 1.0, 1.0]",4.0
99,"[1, 4, 5]","[3, 4, 4]","[0.54, 0.79, 0.75]","[['D', 'A', 'C', 'B'], ['C', 'B', 'A', 'D'], ['C', 'B', 'A', 'D']]","{'C': 5, 'A': 4, 'B': 3, 'D': 3}","[0.58, 1.0, 1.0]",3.91
99,"[1, 4, 5]","[3, 4, 4]","[0.54, 0.79, 0.75]","[['D', 'A', 'C', 'B'], ['C', 'B', 'A', 'D'], ['C', 'D', 'A', 'B']]","{'C': 5, 'A': 4, 'D': 4, 'B': 2}","[0.58, 1.0, 1.0]",4.0
99,"[1, 4, 5]","[3, 4, 4]","[0.54, 0.79, 0.75]","[['D', 'A', 'C', 'B'], ['C', 'B', 'A', 'D'], ['D', 'A', 'C', 'B']]","{'C': 5, 'A': 4, 'D': 4, 'B': 2}","[0.58, 1.0, 1.0]",4.0
99,"[1, 4, 5]","[3, 4, 4]","[0.54, 0.79, 0.75]","[['D', 'A', 'C', 'B'], ['C', 'B', 'A', 'D'], ['D', 'C', 'A', 'B']]","{'C': 5, 'A': 4, 'D': 4, 'B': 2}","[0.58, 1.0, 1.0]",4.0
99,"[1, 4, 5]","[3, 4, 4]","[0.54, 0.79, 0.75]","[['D', 'A', 'C', 'B'], ['C', 'D', 'A', 'B'], ['A', 'B', 'C', 'D']]","{'C': 5, 'A': 4, 'D': 4, 'B': 2}","[0.58, 1.0, 1.0]",4.0
99,"[1, 4, 5]","[3, 4, 4]","[0.54, 0.79, 0.75]","[['D', 'A', 'C', 'B'], ['C', 'D', 'A', 'B'], ['A', 'C', 'B', 'D']]","{'C': 5, 'A': 4, 'D': 4, 'B': 2}","[0.58, 1.0, 1.0]",4.0
99,"[1, 4, 5]","[3, 4, 4]","[0.54, 0.79, 0.75]","[['D', 'A', 'C', 'B'], ['C', 'D', 'A', 'B'], ['B', 'A', 'C', 'D']]","{'C': 5, 'A': 4, 'D': 4, 'B': 2}","[0.58, 1.0, 1.0]",4.0
99,"[1, 4, 5]","[3, 4, 4]","[0.54, 0.79, 0.75]","[['D', 'A', 'C', 'B'], ['C', 'D', 'A', 'B'], ['B', 'C', 'A', 'D']]","{'C': 5, 'A': 4, 'D': 4, 'B': 2}","[0.58, 1.0, 1.0]",4.0
99,"[1, 4, 5]","[3, 4, 4]","[0.54, 0.79, 0.75]","[['D', 'A', 'C', 'B'], ['C', 'D', 'A', 'B'], ['C', 'A', 'B', 'D']]","{'C': 5, 'A': 4, 'D': 4, 'B': 2}","[0.58, 1.0, 1.0]",4.0
99,"[1, 4, 5]","[3, 4, 4]","[0.54, 0.79, 0.75]","[['D', 'A', 'C', 'B'], ['C', 'D', 'A', 'B'], ['C', 'B', 'A', 'D']]","{'C': 5, 'A': 4, 'D': 4, 'B': 2}","[0.58, 1.0, 1.0]",4.0
99,"[1, 4, 5]","[3, 4, 4]","[0.54, 0.79, 0.75]","[['D', 'A', 'C', 'B'], ['D', 'A', 'C', 'B'], ['A', 'B', 'C', 'D']]","{'C': 5, 'A': 4, 'D': 4, 'B': 2}","[0.58, 1.0, 1.0]",4.0
99,"[1, 4, 5]","[3, 4, 4]","[0.54, 0.79, 0.75]","[['D', 'A', 'C', 'B'], ['D', 'A', 'C', 'B'], ['A', 'C', 'B', 'D']]","{'C': 5, 'A': 4, 'D': 4, 'B': 2}","[0.58, 1.0, 1.0]",4.0
99,"[1, 4, 5]","[3, 4, 4]","[0.54, 0.79, 0.75]","[['D', 'A', 'C', 'B'], ['D', 'A', 'C', 'B'], ['B', 'A', 'C', 'D']]","{'C': 5, 'A': 4, 'D': 4, 'B': 2}","[0.58, 1.0, 1.0]",4.0
99,"[1, 4, 5]","[3, 4, 4]","[0.54, 0.79, 0.75]","[['D', 'A', 'C', 'B'], ['D', 'A', 'C', 'B'], ['B', 'C', 'A', 'D']]","{'C': 5, 'A': 4, 'D': 4, 'B': 2}","[0.58, 1.0, 1.0]",4.0
99,"[1, 4, 5]","[3, 4, 4]","[0.54, 0.79, 0.75]","[['D', 'A', 'C', 'B'], ['D', 'A', 'C', 'B'], ['C', 'A', 'B', 'D']]","{'C': 5, 'A': 4, 'D': 4, 'B': 2}","[0.58, 1.0, 1.0]",4.0
99,"[1, 4, 5]","[3, 4, 4]","[0.54, 0.79, 0.75]","[['D', 'A', 'C', 'B'], ['D', 'A', 'C', 'B'], ['C', 'B', 'A', 'D']]","{'C': 5, 'A': 4, 'D': 4, 'B': 2}","[0.58, 1.0, 1.0]",4.0
99,"[1, 4, 5]","[3, 4, 4]","[0.54, 0.79, 0.75]","[['D', 'A', 'C', 'B'], ['D', 'C', 'A', 'B'], ['A', 'B', 'C', 'D']]","{'C': 5, 'A': 4, 'D': 4, 'B': 2}","[0.58, 1.0, 1.0]",4.0
99,"[1, 4, 5]","[3, 4, 4]","[0.54, 0.79, 0.75]","[['D', 'A', 'C', 'B'], ['D', 'C', 'A', 'B'], ['A', 'C', 'B', 'D']]","{'C': 5, 'A': 4, 'D': 4, 'B': 2}","[0.58, 1.0, 1.0]",4.0
99,"[1, 4, 5]","[3, 4, 4]","[0.54, 0.79, 0.75]","[['D', 'A', 'C', 'B'], ['D', 'C', 'A', 'B'], ['B', 'A', 'C', 'D']]","{'C': 5, 'A': 4, 'D': 4, 'B': 2}","[0.58, 1.0, 1.0]",4.0
99,"[1, 4, 5]","[3, 4, 4]","[0.54, 0.79, 0.75]","[['D', 'A', 'C', 'B'], ['D', 'C', 'A', 'B'], ['B', 'C', 'A', 'D']]","{'C': 5, 'A': 4, 'D': 4, 'B': 2}","[0.58, 1.0, 1.0]",4.0
99,"[1, 4, 5]","[3, 4, 4]","[0.54, 0.79, 0.75]","[['D', 'A', 'C', 'B'], ['D', 'C', 'A', 'B'], ['C', 'A', 'B', 'D']]","{'C': 5, 'A': 4, 'D': 4, 'B': 2}","[0.58, 1.0, 1.0]",4.0
99,"[1, 4, 5]","[3, 4, 4]","[0.54, 0.79, 0.75]","[['D', 'A', 'C', 'B'], ['D', 'C', 'A', 'B'], ['C', 'B', 'A', 'D']]","{'C': 5, 'A': 4, 'D': 4, 'B': 2}","[0.58, 1.0, 1.0]",4.0
99,"[1, 4, 5]","[3, 4, 4]","[0.54, 0.79, 0.75]","[['D', 'C', 'A', 'B'], ['A', 'B', 'C', 'D'], ['A', 'B', 'C', 'D']]","{'C': 5, 'A': 4, 'B': 3, 'D': 3}","[0.58, 1.0, 1.0]",3.91
99,"[1, 4, 5]","[3, 4, 4]","[0.54, 0.79, 0.75]","[['D', 'C', 'A', 'B'], ['A', 'B', 'C', 'D'], ['A', 'C', 'B', 'D']]","{'C': 5, 'A': 4, 'B': 3, 'D': 3}","[0.58, 1.0, 1.0]",3.91
99,"[1, 4, 5]","[3, 4, 4]","[0.54, 0.79, 0.75]","[['D', 'C', 'A', 'B'], ['A', 'B', 'C', 'D'], ['A', 'C', 'D', 'B']]","{'C': 5, 'A': 4, 'D': 4, 'B': 2}","[0.58, 1.0, 1.0]",4.0
99,"[1, 4, 5]","[3, 4, 4]","[0.54, 0.79, 0.75]","[['D', 'C', 'A', 'B'], ['A', 'B', 'C', 'D'], ['A', 'D', 'C', 'B']]","{'C': 5, 'A': 4, 'D': 4, 'B': 2}","[0.58, 1.0, 1.0]",4.0
99,"[1, 4, 5]","[3, 4, 4]","[0.54, 0.79, 0.75]","[['D', 'C', 'A', 'B'], ['A', 'B', 'C', 'D'], ['B', 'A', 'C', 'D']]","{'C': 5, 'A': 4, 'B': 3, 'D': 3}","[0.58, 1.0, 1.0]",3.91
99,"[1, 4, 5]","[3, 4, 4]","[0.54, 0.79, 0.75]","[['D', 'C', 'A', 'B'], ['A', 'B', 'C', 'D'], ['B', 'C', 'A', 'D']]","{'C': 5, 'A': 4, 'B': 3, 'D': 3}","[0.58, 1.0, 1.0]",3.91
99,"[1, 4, 5]","[3, 4, 4]","[0.54, 0.79, 0.75]","[['D', 'C', 'A', 'B'], ['A', 'B', 'C', 'D'], ['C', 'A', 'B', 'D']]","{'C': 5, 'A': 4, 'B': 3, 'D': 3}","[0.58, 1.0, 1.0]",3.91
99,"[1, 4, 5]","[3, 4, 4]","[0.54, 0.79, 0.75]","[['D', 'C', 'A', 'B'], ['A', 'B', 'C', 'D'], ['C', 'A', 'D', 'B']]","{'C': 5, 'A': 4, 'D': 4, 'B': 2}","[0.58, 1.0, 1.0]",4.0
99,"[1, 4, 5]","[3, 4, 4]","[0.54, 0.79, 0.75]","[['D', 'C', 'A', 'B'], ['A', 'B', 'C', 'D'], ['C', 'B', 'A', 'D']]","{'C': 5, 'A': 4, 'B': 3, 'D': 3}","[0.58, 1.0, 1.0]",3.91
99,"[1, 4, 5]","[3, 4, 4]","[0.54, 0.79, 0.75]","[['D', 'C', 'A', 'B'], ['A', 'B', 'C', 'D'], ['C', 'D', 'A', 'B']]","{'C': 5, 'A': 4, 'D': 4, 'B': 2}","[0.58, 1.0, 1.0]",4.0
99,"[1, 4, 5]","[3, 4, 4]","[0.54, 0.79, 0.75]","[['D', 'C', 'A', 'B'], ['A', 'B', 'C', 'D'], ['D', 'A', 'C', 'B']]","{'C': 5, 'A': 4, 'D': 4, 'B': 2}","[0.58, 1.0, 1.0]",4.0
99,"[1, 4, 5]","[3, 4, 4]","[0.54, 0.79, 0.75]","[['D', 'C', 'A', 'B'], ['A', 'B', 'C', 'D'], ['D', 'C', 'A', 'B']]","{'C': 5, 'A': 4, 'D': 4, 'B': 2}","[0.58, 1.0, 1.0]",4.0
99,"[1, 4, 5]","[3, 4, 4]","[0.54, 0.79, 0.75]","[['D', 'C', 'A', 'B'], ['A', 'C', 'B', 'D'], ['A', 'B', 'C', 'D']]","{'C': 5, 'A': 4, 'B': 3, 'D': 3}","[0.58, 1.0, 1.0]",3.91
99,"[1, 4, 5]","[3, 4, 4]","[0.54, 0.79, 0.75]","[['D', 'C', 'A', 'B'], ['A', 'C', 'B', 'D'], ['A', 'C', 'B', 'D']]","{'C': 5, 'A': 4, 'B': 3, 'D': 3}","[0.58, 1.0, 1.0]",3.91
99,"[1, 4, 5]","[3, 4, 4]","[0.54, 0.79, 0.75]","[['D', 'C', 'A', 'B'], ['A', 'C', 'B', 'D'], ['A', 'C', 'D', 'B']]","{'C': 5, 'A': 4, 'D': 4, 'B': 2}","[0.58, 1.0, 1.0]",4.0
99,"[1, 4, 5]","[3, 4, 4]","[0.54, 0.79, 0.75]","[['D', 'C', 'A', 'B'], ['A', 'C', 'B', 'D'], ['A', 'D', 'C', 'B']]","{'C': 5, 'A': 4, 'D': 4, 'B': 2}","[0.58, 1.0, 1.0]",4.0
99,"[1, 4, 5]","[3, 4, 4]","[0.54, 0.79, 0.75]","[['D', 'C', 'A', 'B'], ['A', 'C', 'B', 'D'], ['B', 'A', 'C', 'D']]","{'C': 5, 'A': 4, 'B': 3, 'D': 3}","[0.58, 1.0, 1.0]",3.91
99,"[1, 4, 5]","[3, 4, 4]","[0.54, 0.79, 0.75]","[['D', 'C', 'A', 'B'], ['A', 'C', 'B', 'D'], ['B', 'C', 'A', 'D']]","{'C': 5, 'A': 4, 'B': 3, 'D': 3}","[0.58, 1.0, 1.0]",3.91
99,"[1, 4, 5]","[3, 4, 4]","[0.54, 0.79, 0.75]","[['D', 'C', 'A', 'B'], ['A', 'C', 'B', 'D'], ['C', 'A', 'B', 'D']]","{'C': 5, 'A': 4, 'B': 3, 'D': 3}","[0.58, 1.0, 1.0]",3.91
99,"[1, 4, 5]","[3, 4, 4]","[0.54, 0.79, 0.75]","[['D', 'C', 'A', 'B'], ['A', 'C', 'B', 'D'], ['C', 'A', 'D', 'B']]","{'C': 5, 'A': 4, 'D': 4, 'B': 2}","[0.58, 1.0, 1.0]",4.0
99,"[1, 4, 5]","[3, 4, 4]","[0.54, 0.79, 0.75]","[['D', 'C', 'A', 'B'], ['A', 'C', 'B', 'D'], ['C', 'B', 'A', 'D']]","{'C': 5, 'A': 4, 'B': 3, 'D': 3}","[0.58, 1.0, 1.0]",3.91
99,"[1, 4, 5]","[3, 4, 4]","[0.54, 0.79, 0.75]","[['D', 'C', 'A', 'B'], ['A', 'C', 'B', 'D'], ['C', 'D', 'A', 'B']]","{'C': 5, 'A': 4, 'D': 4, 'B': 2}","[0.58, 1.0, 1.0]",4.0
99,"[1, 4, 5]","[3, 4, 4]","[0.54, 0.79, 0.75]","[['D', 'C', 'A', 'B'], ['A', 'C', 'B', 'D'], ['D', 'A', 'C', 'B']]","{'C': 5, 'A': 4, 'D': 4, 'B': 2}","[0.58, 1.0, 1.0]",4.0
99,"[1, 4, 5]","[3, 4, 4]","[0.54, 0.79, 0.75]","[['D', 'C', 'A', 'B'], ['A', 'C', 'B', 'D'], ['D', 'C', 'A', 'B']]","{'C': 5, 'A': 4, 'D': 4, 'B': 2}","[0.58, 1.0, 1.0]",4.0
99,"[1, 4, 5]","[3, 4, 4]","[0.54, 0.79, 0.75]","[['D', 'C', 'A', 'B'], ['A', 'C', 'D', 'B'], ['A', 'B', 'C', 'D']]","{'C': 5, 'A': 4, 'D': 4, 'B': 2}","[0.58, 1.0, 1.0]",4.0
99,"[1, 4, 5]","[3, 4, 4]","[0.54, 0.79, 0.75]","[['D', 'C', 'A', 'B'], ['A', 'C', 'D', 'B'], ['A', 'C', 'B', 'D']]","{'C': 5, 'A': 4, 'D': 4, 'B': 2}","[0.58, 1.0, 1.0]",4.0
99,"[1, 4, 5]","[3, 4, 4]","[0.54, 0.79, 0.75]","[['D', 'C', 'A', 'B'], ['A', 'C', 'D', 'B'], ['B', 'A', 'C', 'D']]","{'C': 5, 'A': 4, 'D': 4, 'B': 2}","[0.58, 1.0, 1.0]",4.0
99,"[1, 4, 5]","[3, 4, 4]","[0.54, 0.79, 0.75]","[['D', 'C', 'A', 'B'], ['A', 'C', 'D', 'B'], ['B', 'C', 'A', 'D']]","{'C': 5, 'A': 4, 'D': 4, 'B': 2}","[0.58, 1.0, 1.0]",4.0
99,"[1, 4, 5]","[3, 4, 4]","[0.54, 0.79, 0.75]","[['D', 'C', 'A', 'B'], ['A', 'C', 'D', 'B'], ['C', 'A', 'B', 'D']]","{'C': 5, 'A': 4, 'D': 4, 'B': 2}","[0.58, 1.0, 1.0]",4.0
99,"[1, 4, 5]","[3, 4, 4]","[0.54, 0.79, 0.75]","[['D', 'C', 'A', 'B'], ['A', 'C', 'D', 'B'], ['C', 'B', 'A', 'D']]","{'C': 5, 'A': 4, 'D': 4, 'B': 2}","[0.58, 1.0, 1.0]",4.0
99,"[1, 4, 5]","[3, 4, 4]","[0.54, 0.79, 0.75]","[['D', 'C', 'A', 'B'], ['A', 'D', 'C', 'B'], ['A', 'B', 'C', 'D']]","{'C': 5, 'A': 4, 'D': 4, 'B': 2}","[0.58, 1.0, 1.0]",4.0
99,"[1, 4, 5]","[3, 4, 4]","[0.54, 0.79, 0.75]","[['D', 'C', 'A', 'B'], ['A', 'D', 'C', 'B'], ['A', 'C', 'B', 'D']]","{'C': 5, 'A': 4, 'D': 4, 'B': 2}","[0.58, 1.0, 1.0]",4.0
99,"[1, 4, 5]","[3, 4, 4]","[0.54, 0.79, 0.75]","[['D', 'C', 'A', 'B'], ['A', 'D', 'C', 'B'], ['B', 'A', 'C', 'D']]","{'C': 5, 'A': 4, 'D': 4, 'B': 2}","[0.58, 1.0, 1.0]",4.0
99,"[1, 4, 5]","[3, 4, 4]","[0.54, 0.79, 0.75]","[['D', 'C', 'A', 'B'], ['A', 'D', 'C', 'B'], ['B', 'C', 'A', 'D']]","{'C': 5, 'A': 4, 'D': 4, 'B': 2}","[0.58, 1.0, 1.0]",4.0
99,"[1, 4, 5]","[3, 4, 4]","[0.54, 0.79, 0.75]","[['D', 'C', 'A', 'B'], ['A', 'D', 'C', 'B'], ['C', 'A', 'B', 'D']]","{'C': 5, 'A': 4, 'D': 4, 'B': 2}","[0.58, 1.0, 1.0]",4.0
99,"[1, 4, 5]","[3, 4, 4]","[0.54, 0.79, 0.75]","[['D', 'C', 'A', 'B'], ['A', 'D', 'C', 'B'], ['C', 'B', 'A', 'D']]","{'C': 5, 'A': 4, 'D': 4, 'B': 2}","[0.58, 1.0, 1.0]",4.0
99,"[1, 4, 5]","[3, 4, 4]","[0.54, 0.79, 0.75]","[['D', 'C', 'A', 'B'], ['B', 'A', 'C', 'D'], ['A', 'B', 'C', 'D']]","{'C': 5, 'A': 4, 'B': 3, 'D': 3}","[0.58, 1.0, 1.0]",3.91
99,"[1, 4, 5]","[3, 4, 4]","[0.54, 0.79, 0.75]","[['D', 'C', 'A', 'B'], ['B', 'A', 'C', 'D'], ['A', 'C', 'B', 'D']]","{'C': 5, 'A': 4, 'B': 3, 'D': 3}","[0.58, 1.0, 1.0]",3.91
99,"[1, 4, 5]","[3, 4, 4]","[0.54, 0.79, 0.75]","[['D', 'C', 'A', 'B'], ['B', 'A', 'C', 'D'], ['A', 'C', 'D', 'B']]","{'C': 5, 'A': 4, 'D': 4, 'B': 2}","[0.58, 1.0, 1.0]",4.0
99,"[1, 4, 5]","[3, 4, 4]","[0.54, 0.79, 0.75]","[['D', 'C', 'A', 'B'], ['B', 'A', 'C', 'D'], ['A', 'D', 'C', 'B']]","{'C': 5, 'A': 4, 'D': 4, 'B': 2}","[0.58, 1.0, 1.0]",4.0
99,"[1, 4, 5]","[3, 4, 4]","[0.54, 0.79, 0.75]","[['D', 'C', 'A', 'B'], ['B', 'A', 'C', 'D'], ['B', 'A', 'C', 'D']]","{'C': 5, 'A': 4, 'B': 3, 'D': 3}","[0.58, 1.0, 1.0]",3.91
99,"[1, 4, 5]","[3, 4, 4]","[0.54, 0.79, 0.75]","[['D', 'C', 'A', 'B'], ['B', 'A', 'C', 'D'], ['B', 'C', 'A', 'D']]","{'C': 5, 'A': 4, 'B': 3, 'D': 3}","[0.58, 1.0, 1.0]",3.91
99,"[1, 4, 5]","[3, 4, 4]","[0.54, 0.79, 0.75]","[['D', 'C', 'A', 'B'], ['B', 'A', 'C', 'D'], ['C', 'A', 'B', 'D']]","{'C': 5, 'A': 4, 'B': 3, 'D': 3}","[0.58, 1.0, 1.0]",3.91
99,"[1, 4, 5]","[3, 4, 4]","[0.54, 0.79, 0.75]","[['D', 'C', 'A', 'B'], ['B', 'A', 'C', 'D'], ['C', 'A', 'D', 'B']]","{'C': 5, 'A': 4, 'D': 4, 'B': 2}","[0.58, 1.0, 1.0]",4.0
99,"[1, 4, 5]","[3, 4, 4]","[0.54, 0.79, 0.75]","[['D', 'C', 'A', 'B'], ['B', 'A', 'C', 'D'], ['C', 'B', 'A', 'D']]","{'C': 5, 'A': 4, 'B': 3, 'D': 3}","[0.58, 1.0, 1.0]",3.91
99,"[1, 4, 5]","[3, 4, 4]","[0.54, 0.79, 0.75]","[['D', 'C', 'A', 'B'], ['B', 'A', 'C', 'D'], ['C', 'D', 'A', 'B']]","{'C': 5, 'A': 4, 'D': 4, 'B': 2}","[0.58, 1.0, 1.0]",4.0
99,"[1, 4, 5]","[3, 4, 4]","[0.54, 0.79, 0.75]","[['D', 'C', 'A', 'B'], ['B', 'A', 'C', 'D'], ['D', 'A', 'C', 'B']]","{'C': 5, 'A': 4, 'D': 4, 'B': 2}","[0.58, 1.0, 1.0]",4.0
99,"[1, 4, 5]","[3, 4, 4]","[0.54, 0.79, 0.75]","[['D', 'C', 'A', 'B'], ['B', 'A', 'C', 'D'], ['D', 'C', 'A', 'B']]","{'C': 5, 'A': 4, 'D': 4, 'B': 2}","[0.58, 1.0, 1.0]",4.0
99,"[1, 4, 5]","[3, 4, 4]","[0.54, 0.79, 0.75]","[['D', 'C', 'A', 'B'], ['B', 'C', 'A', 'D'], ['A', 'B', 'C', 'D']]","{'C': 5, 'A': 4, 'B': 3, 'D': 3}","[0.58, 1.0, 1.0]",3.91
99,"[1, 4, 5]","[3, 4, 4]","[0.54, 0.79, 0.75]","[['D', 'C', 'A', 'B'], ['B', 'C', 'A', 'D'], ['A', 'C', 'B', 'D']]","{'C': 5, 'A': 4, 'B': 3, 'D': 3}","[0.58, 1.0, 1.0]",3.91
99,"[1, 4, 5]","[3, 4, 4]","[0.54, 0.79, 0.75]","[['D', 'C', 'A', 'B'], ['B', 'C', 'A', 'D'], ['A', 'C', 'D', 'B']]","{'C': 5, 'A': 4, 'D': 4, 'B': 2}","[0.58, 1.0, 1.0]",4.0
99,"[1, 4, 5]","[3, 4, 4]","[0.54, 0.79, 0.75]","[['D', 'C', 'A', 'B'], ['B', 'C', 'A', 'D'], ['A', 'D', 'C', 'B']]","{'C': 5, 'A': 4, 'D': 4, 'B': 2}","[0.58, 1.0, 1.0]",4.0
99,"[1, 4, 5]","[3, 4, 4]","[0.54, 0.79, 0.75]","[['D', 'C', 'A', 'B'], ['B', 'C', 'A', 'D'], ['B', 'A', 'C', 'D']]","{'C': 5, 'A': 4, 'B': 3, 'D': 3}","[0.58, 1.0, 1.0]",3.91
99,"[1, 4, 5]","[3, 4, 4]","[0.54, 0.79, 0.75]","[['D', 'C', 'A', 'B'], ['B', 'C', 'A', 'D'], ['B', 'C', 'A', 'D']]","{'C': 5, 'A': 4, 'B': 3, 'D': 3}","[0.58, 1.0, 1.0]",3.91
99,"[1, 4, 5]","[3, 4, 4]","[0.54, 0.79, 0.75]","[['D', 'C', 'A', 'B'], ['B', 'C', 'A', 'D'], ['C', 'A', 'B', 'D']]","{'C': 5, 'A': 4, 'B': 3, 'D': 3}","[0.58, 1.0, 1.0]",3.91
99,"[1, 4, 5]","[3, 4, 4]","[0.54, 0.79, 0.75]","[['D', 'C', 'A', 'B'], ['B', 'C', 'A', 'D'], ['C', 'A', 'D', 'B']]","{'C': 5, 'A': 4, 'D': 4, 'B': 2}","[0.58, 1.0, 1.0]",4.0
99,"[1, 4, 5]","[3, 4, 4]","[0.54, 0.79, 0.75]","[['D', 'C', 'A', 'B'], ['B', 'C', 'A', 'D'], ['C', 'B', 'A', 'D']]","{'C': 5, 'A': 4, 'B': 3, 'D': 3}","[0.58, 1.0, 1.0]",3.91
99,"[1, 4, 5]","[3, 4, 4]","[0.54, 0.79, 0.75]","[['D', 'C', 'A', 'B'], ['B', 'C', 'A', 'D'], ['C', 'D', 'A', 'B']]","{'C': 5, 'A': 4, 'D': 4, 'B': 2}","[0.58, 1.0, 1.0]",4.0
99,"[1, 4, 5]","[3, 4, 4]","[0.54, 0.79, 0.75]","[['D', 'C', 'A', 'B'], ['B', 'C', 'A', 'D'], ['D', 'A', 'C', 'B']]","{'C': 5, 'A': 4, 'D': 4, 'B': 2}","[0.58, 1.0, 1.0]",4.0
99,"[1, 4, 5]","[3, 4, 4]","[0.54, 0.79, 0.75]","[['D', 'C', 'A', 'B'], ['B', 'C', 'A', 'D'], ['D', 'C', 'A', 'B']]","{'C': 5, 'A': 4, 'D': 4, 'B': 2}","[0.58, 1.0, 1.0]",4.0
99,"[1, 4, 5]","[3, 4, 4]","[0.54, 0.79, 0.75]","[['D', 'C', 'A', 'B'], ['C', 'A', 'B', 'D'], ['A', 'B', 'C', 'D']]","{'C': 5, 'A': 4, 'B': 3, 'D': 3}","[0.58, 1.0, 1.0]",3.91
99,"[1, 4, 5]","[3, 4, 4]","[0.54, 0.79, 0.75]","[['D', 'C', 'A', 'B'], ['C', 'A', 'B', 'D'], ['A', 'C', 'B', 'D']]","{'C': 5, 'A': 4, 'B': 3, 'D': 3}","[0.58, 1.0, 1.0]",3.91
99,"[1, 4, 5]","[3, 4, 4]","[0.54, 0.79, 0.75]","[['D', 'C', 'A', 'B'], ['C', 'A', 'B', 'D'], ['A', 'C', 'D', 'B']]","{'C': 5, 'A': 4, 'D': 4, 'B': 2}","[0.58, 1.0, 1.0]",4.0
99,"[1, 4, 5]","[3, 4, 4]","[0.54, 0.79, 0.75]","[['D', 'C', 'A', 'B'], ['C', 'A', 'B', 'D'], ['A', 'D', 'C', 'B']]","{'C': 5, 'A': 4, 'D': 4, 'B': 2}","[0.58, 1.0, 1.0]",4.0
99,"[1, 4, 5]","[3, 4, 4]","[0.54, 0.79, 0.75]","[['D', 'C', 'A', 'B'], ['C', 'A', 'B', 'D'], ['B', 'A', 'C', 'D']]","{'C': 5, 'A': 4, 'B': 3, 'D': 3}","[0.58, 1.0, 1.0]",3.91
99,"[1, 4, 5]","[3, 4, 4]","[0.54, 0.79, 0.75]","[['D', 'C', 'A', 'B'], ['C', 'A', 'B', 'D'], ['B', 'C', 'A', 'D']]","{'C': 5, 'A': 4, 'B': 3, 'D': 3}","[0.58, 1.0, 1.0]",3.91
99,"[1, 4, 5]","[3, 4, 4]","[0.54, 0.79, 0.75]","[['D', 'C', 'A', 'B'], ['C', 'A', 'B', 'D'], ['C', 'A', 'B', 'D']]","{'C': 5, 'A': 4, 'B': 3, 'D': 3}","[0.58, 1.0, 1.0]",3.91
99,"[1, 4, 5]","[3, 4, 4]","[0.54, 0.79, 0.75]","[['D', 'C', 'A', 'B'], ['C', 'A', 'B', 'D'], ['C', 'A', 'D', 'B']]","{'C': 5, 'A': 4, 'D': 4, 'B': 2}","[0.58, 1.0, 1.0]",4.0
99,"[1, 4, 5]","[3, 4, 4]","[0.54, 0.79, 0.75]","[['D', 'C', 'A', 'B'], ['C', 'A', 'B', 'D'], ['C', 'B', 'A', 'D']]","{'C': 5, 'A': 4, 'B': 3, 'D': 3}","[0.58, 1.0, 1.0]",3.91
99,"[1, 4, 5]","[3, 4, 4]","[0.54, 0.79, 0.75]","[['D', 'C', 'A', 'B'], ['C', 'A', 'B', 'D'], ['C', 'D', 'A', 'B']]","{'C': 5, 'A': 4, 'D': 4, 'B': 2}","[0.58, 1.0, 1.0]",4.0
99,"[1, 4, 5]","[3, 4, 4]","[0.54, 0.79, 0.75]","[['D', 'C', 'A', 'B'], ['C', 'A', 'B', 'D'], ['D', 'A', 'C', 'B']]","{'C': 5, 'A': 4, 'D': 4, 'B': 2}","[0.58, 1.0, 1.0]",4.0
99,"[1, 4, 5]","[3, 4, 4]","[0.54, 0.79, 0.75]","[['D', 'C', 'A', 'B'], ['C', 'A', 'B', 'D'], ['D', 'C', 'A', 'B']]","{'C': 5, 'A': 4, 'D': 4, 'B': 2}","[0.58, 1.0, 1.0]",4.0
99,"[1, 4, 5]","[3, 4, 4]","[0.54, 0.79, 0.75]","[['D', 'C', 'A', 'B'], ['C', 'A', 'D', 'B'], ['A', 'B', 'C', 'D']]","{'C': 5, 'A': 4, 'D': 4, 'B': 2}","[0.58, 1.0, 1.0]",4.0
99,"[1, 4, 5]","[3, 4, 4]","[0.54, 0.79, 0.75]","[['D', 'C', 'A', 'B'], ['C', 'A', 'D', 'B'], ['A', 'C', 'B', 'D']]","{'C': 5, 'A': 4, 'D': 4, 'B': 2}","[0.58, 1.0, 1.0]",4.0
99,"[1, 4, 5]","[3, 4, 4]","[0.54, 0.79, 0.75]","[['D', 'C', 'A', 'B'], ['C', 'A', 'D', 'B'], ['B', 'A', 'C', 'D']]","{'C': 5, 'A': 4, 'D': 4, 'B': 2}","[0.58, 1.0, 1.0]",4.0
99,"[1, 4, 5]","[3, 4, 4]","[0.54, 0.79, 0.75]","[['D', 'C', 'A', 'B'], ['C', 'A', 'D', 'B'], ['B', 'C', 'A', 'D']]","{'C': 5, 'A': 4, 'D': 4, 'B': 2}","[0.58, 1.0, 1.0]",4.0
99,"[1, 4, 5]","[3, 4, 4]","[0.54, 0.79, 0.75]","[['D', 'C', 'A', 'B'], ['C', 'A', 'D', 'B'], ['C', 'A', 'B', 'D']]","{'C': 5, 'A': 4, 'D': 4, 'B': 2}","[0.58, 1.0, 1.0]",4.0
99,"[1, 4, 5]","[3, 4, 4]","[0.54, 0.79, 0.75]","[['D', 'C', 'A', 'B'], ['C', 'A', 'D', 'B'], ['C', 'B', 'A', 'D']]","{'C': 5, 'A': 4, 'D': 4, 'B': 2}","[0.58, 1.0, 1.0]",4.0
99,"[1, 4, 5]","[3, 4, 4]","[0.54, 0.79, 0.75]","[['D', 'C', 'A', 'B'], ['C', 'B', 'A', 'D'], ['A', 'B', 'C', 'D']]","{'C': 5, 'A': 4, 'B': 3, 'D': 3}","[0.58, 1.0, 1.0]",3.91
99,"[1, 4, 5]","[3, 4, 4]","[0.54, 0.79, 0.75]","[['D', 'C', 'A', 'B'], ['C', 'B', 'A', 'D'], ['A', 'C', 'B', 'D']]","{'C': 5, 'A': 4, 'B': 3, 'D': 3}","[0.58, 1.0, 1.0]",3.91
99,"[1, 4, 5]","[3, 4, 4]","[0.54, 0.79, 0.75]","[['D', 'C', 'A', 'B'], ['C', 'B', 'A', 'D'], ['A', 'C', 'D', 'B']]","{'C': 5, 'A': 4, 'D': 4, 'B': 2}","[0.58, 1.0, 1.0]",4.0
99,"[1, 4, 5]","[3, 4, 4]","[0.54, 0.79, 0.75]","[['D', 'C', 'A', 'B'], ['C', 'B', 'A', 'D'], ['A', 'D', 'C', 'B']]","{'C': 5, 'A': 4, 'D': 4, 'B': 2}","[0.58, 1.0, 1.0]",4.0
99,"[1, 4, 5]","[3, 4, 4]","[0.54, 0.79, 0.75]","[['D', 'C', 'A', 'B'], ['C', 'B', 'A', 'D'], ['B', 'A', 'C', 'D']]","{'C': 5, 'A': 4, 'B': 3, 'D': 3}","[0.58, 1.0, 1.0]",3.91
99,"[1, 4, 5]","[3, 4, 4]","[0.54, 0.79, 0.75]","[['D', 'C', 'A', 'B'], ['C', 'B', 'A', 'D'], ['B', 'C', 'A', 'D']]","{'C': 5, 'A': 4, 'B': 3, 'D': 3}","[0.58, 1.0, 1.0]",3.91
99,"[1, 4, 5]","[3, 4, 4]","[0.54, 0.79, 0.75]","[['D', 'C', 'A', 'B'], ['C', 'B', 'A', 'D'], ['C', 'A', 'B', 'D']]","{'C': 5, 'A': 4, 'B': 3, 'D': 3}","[0.58, 1.0, 1.0]",3.91
99,"[1, 4, 5]","[3, 4, 4]","[0.54, 0.79, 0.75]","[['D', 'C', 'A', 'B'], ['C', 'B', 'A', 'D'], ['C', 'A', 'D', 'B']]","{'C': 5, 'A': 4, 'D': 4, 'B': 2}","[0.58, 1.0, 1.0]",4.0
99,"[1, 4, 5]","[3, 4, 4]","[0.54, 0.79, 0.75]","[['D', 'C', 'A', 'B'], ['C', 'B', 'A', 'D'], ['C', 'B', 'A', 'D']]","{'C': 5, 'A': 4, 'B': 3, 'D': 3}","[0.58, 1.0, 1.0]",3.91
99,"[1, 4, 5]","[3, 4, 4]","[0.54, 0.79, 0.75]","[['D', 'C', 'A', 'B'], ['C', 'B', 'A', 'D'], ['C', 'D', 'A', 'B']]","{'C': 5, 'A': 4, 'D': 4, 'B': 2}","[0.58, 1.0, 1.0]",4.0
99,"[1, 4, 5]","[3, 4, 4]","[0.54, 0.79, 0.75]","[['D', 'C', 'A', 'B'], ['C', 'B', 'A', 'D'], ['D', 'A', 'C', 'B']]","{'C': 5, 'A': 4, 'D': 4, 'B': 2}","[0.58, 1.0, 1.0]",4.0
99,"[1, 4, 5]","[3, 4, 4]","[0.54, 0.79, 0.75]","[['D', 'C', 'A', 'B'], ['C', 'B', 'A', 'D'], ['D', 'C', 'A', 'B']]","{'C': 5, 'A': 4, 'D': 4, 'B': 2}","[0.58, 1.0, 1.0]",4.0
99,"[1, 4, 5]","[3, 4, 4]","[0.54, 0.79, 0.75]","[['D', 'C', 'A', 'B'], ['C', 'D', 'A', 'B'], ['A', 'B', 'C', 'D']]","{'C': 5, 'A': 4, 'D': 4, 'B': 2}","[0.58, 1.0, 1.0]",4.0
99,"[1, 4, 5]","[3, 4, 4]","[0.54, 0.79, 0.75]","[['D', 'C', 'A', 'B'], ['C', 'D', 'A', 'B'], ['A', 'C', 'B', 'D']]","{'C': 5, 'A': 4, 'D': 4, 'B': 2}","[0.58, 1.0, 1.0]",4.0
99,"[1, 4, 5]","[3, 4, 4]","[0.54, 0.79, 0.75]","[['D', 'C', 'A', 'B'], ['C', 'D', 'A', 'B'], ['B', 'A', 'C', 'D']]","{'C': 5, 'A': 4, 'D': 4, 'B': 2}","[0.58, 1.0, 1.0]",4.0
99,"[1, 4, 5]","[3, 4, 4]","[0.54, 0.79, 0.75]","[['D', 'C', 'A', 'B'], ['C', 'D', 'A', 'B'], ['B', 'C', 'A', 'D']]","{'C': 5, 'A': 4, 'D': 4, 'B': 2}","[0.58, 1.0, 1.0]",4.0
99,"[1, 4, 5]","[3, 4, 4]","[0.54, 0.79, 0.75]","[['D', 'C', 'A', 'B'], ['C', 'D', 'A', 'B'], ['C', 'A', 'B', 'D']]","{'C': 5, 'A': 4, 'D': 4, 'B': 2}","[0.58, 1.0, 1.0]",4.0
99,"[1, 4, 5]","[3, 4, 4]","[0.54, 0.79, 0.75]","[['D', 'C', 'A', 'B'], ['C', 'D', 'A', 'B'], ['C', 'B', 'A', 'D']]","{'C': 5, 'A': 4, 'D': 4, 'B': 2}","[0.58, 1.0, 1.0]",4.0
99,"[1, 4, 5]","[3, 4, 4]","[0.54, 0.79, 0.75]","[['D', 'C', 'A', 'B'], ['D', 'A', 'C', 'B'], ['A', 'B', 'C', 'D']]","{'C': 5, 'A': 4, 'D': 4, 'B': 2}","[0.58, 1.0, 1.0]",4.0
99,"[1, 4, 5]","[3, 4, 4]","[0.54, 0.79, 0.75]","[['D', 'C', 'A', 'B'], ['D', 'A', 'C', 'B'], ['A', 'C', 'B', 'D']]","{'C': 5, 'A': 4, 'D': 4, 'B': 2}","[0.58, 1.0, 1.0]",4.0
99,"[1, 4, 5]","[3, 4, 4]","[0.54, 0.79, 0.75]","[['D', 'C', 'A', 'B'], ['D', 'A', 'C', 'B'], ['B', 'A', 'C', 'D']]","{'C': 5, 'A': 4, 'D': 4, 'B': 2}","[0.58, 1.0, 1.0]",4.0
99,"[1, 4, 5]","[3, 4, 4]","[0.54, 0.79, 0.75]","[['D', 'C', 'A', 'B'], ['D', 'A', 'C', 'B'], ['B', 'C', 'A', 'D']]","{'C': 5, 'A': 4, 'D': 4, 'B': 2}","[0.58, 1.0, 1.0]",4.0
99,"[1, 4, 5]","[3, 4, 4]","[0.54, 0.79, 0.75]","[['D', 'C', 'A', 'B'], ['D', 'A', 'C', 'B'], ['C', 'A', 'B', 'D']]","{'C': 5, 'A': 4, 'D': 4, 'B': 2}","[0.58, 1.0, 1.0]",4.0
99,"[1, 4, 5]","[3, 4, 4]","[0.54, 0.79, 0.75]","[['D', 'C', 'A', 'B'], ['D', 'A', 'C', 'B'], ['C', 'B', 'A', 'D']]","{'C': 5, 'A': 4, 'D': 4, 'B': 2}","[0.58, 1.0, 1.0]",4.0
99,"[1, 4, 5]","[3, 4, 4]","[0.54, 0.79, 0.75]","[['D', 'C', 'A', 'B'], ['D', 'C', 'A', 'B'], ['A', 'B', 'C', 'D']]","{'C': 5, 'A': 4, 'D': 4, 'B': 2}","[0.58, 1.0, 1.0]",4.0
99,"[1, 4, 5]","[3, 4, 4]","[0.54, 0.79, 0.75]","[['D', 'C', 'A', 'B'], ['D', 'C', 'A', 'B'], ['A', 'C', 'B', 'D']]","{'C': 5, 'A': 4, 'D': 4, 'B': 2}","[0.58, 1.0, 1.0]",4.0
99,"[1, 4, 5]","[3, 4, 4]","[0.54, 0.79, 0.75]","[['D', 'C', 'A', 'B'], ['D', 'C', 'A', 'B'], ['B', 'A', 'C', 'D']]","{'C': 5, 'A': 4, 'D': 4, 'B': 2}","[0.58, 1.0, 1.0]",4.0
99,"[1, 4, 5]","[3, 4, 4]","[0.54, 0.79, 0.75]","[['D', 'C', 'A', 'B'], ['D', 'C', 'A', 'B'], ['B', 'C', 'A', 'D']]","{'C': 5, 'A': 4, 'D': 4, 'B': 2}","[0.58, 1.0, 1.0]",4.0
99,"[1, 4, 5]","[3, 4, 4]","[0.54, 0.79, 0.75]","[['D', 'C', 'A', 'B'], ['D', 'C', 'A', 'B'], ['C', 'A', 'B', 'D']]","{'C': 5, 'A': 4, 'D': 4, 'B': 2}","[0.58, 1.0, 1.0]",4.0
99,"[1, 4, 5]","[3, 4, 4]","[0.54, 0.79, 0.75]","[['D', 'C', 'A', 'B'], ['D', 'C', 'A', 'B'], ['C', 'B', 'A', 'D']]","{'C': 5, 'A': 4, 'D': 4, 'B': 2}","[0.58, 1.0, 1.0]",4.0
100,1,"['D', 'B', 'C', 'A']",0.46,"['A', 'B', 'C', 'D']","{'A': 5, 'B': 5, 'C': 3, 'D': 2}",0.54,3.87
100,1,"['D', 'B', 'C', 'A']",0.46,"['A', 'B', 'D', 'C']","{'A': 5, 'B': 5, 'D': 3, 'C': 2}",0.58,4.21
100,1,"['D', 'B', 'C', 'A']",0.46,"['A', 'C', 'B', 'D']","{'A': 5, 'B': 5, 'C': 3, 'D': 2}",0.54,3.87
100,1,"['D', 'B', 'C', 'A']",0.46,"['A', 'C', 'D', 'B']","{'A': 5, 'B': 4, 'C': 3, 'D': 3}",0.54,3.87
100,1,"['D', 'B', 'C', 'A']",0.46,"['A', 'D', 'B', 'C']","{'A': 5, 'B': 5, 'D': 3, 'C': 2}",0.58,4.21
100,1,"['D', 'B', 'C', 'A']",0.46,"['A', 'D', 'C', 'B']","{'A': 5, 'B': 4, 'C': 3, 'D': 3}",0.54,3.87
100,1,"['D', 'B', 'C', 'A']",0.46,"['B', 'A', 'C', 'D']","{'A': 5, 'B': 5, 'C': 3, 'D': 2}",0.54,3.87
100,1,"['D', 'B', 'C', 'A']",0.46,"['B', 'A', 'D', 'C']","{'A': 5, 'B': 5, 'D': 3, 'C': 2}",0.58,4.21
100,1,"['D', 'B', 'C', 'A']",0.46,"['B', 'C', 'A', 'D']","{'A': 5, 'B': 5, 'C': 3, 'D': 2}",0.54,3.87
100,1,"['D', 'B', 'C', 'A']",0.46,"['B', 'C', 'D', 'A']","{'B': 5, 'A': 4, 'C': 3, 'D': 3}",0.5,3.84
100,1,"['D', 'B', 'C', 'A']",0.46,"['B', 'D', 'A', 'C']","{'A': 5, 'B': 5, 'D': 3, 'C': 2}",0.58,4.21
100,1,"['D', 'B', 'C', 'A']",0.46,"['B', 'D', 'C', 'A']","{'B': 5, 'A': 4, 'C': 3, 'D': 3}",0.5,3.84
100,1,"['D', 'B', 'C', 'A']",0.46,"['C', 'A', 'B', 'D']","{'A': 5, 'B': 5, 'C': 3, 'D': 2}",0.54,3.87
100,1,"['D', 'B', 'C', 'A']",0.46,"['C', 'A', 'D', 'B']","{'A': 5, 'B': 4, 'C': 3, 'D': 3}",0.54,3.87
100,1,"['D', 'B', 'C', 'A']",0.46,"['C', 'B', 'A', 'D']","{'A': 5, 'B': 5, 'C': 3, 'D': 2}",0.54,3.87
100,1,"['D', 'B', 'C', 'A']",0.46,"['C', 'B', 'D', 'A']","{'B': 5, 'A': 4, 'C': 3, 'D': 3}",0.5,3.84
100,1,"['D', 'B', 'C', 'A']",0.46,"['C', 'D', 'A', 'B']","{'A': 5, 'B': 4, 'C': 3, 'D': 3}",0.54,3.87
100,1,"['D', 'B', 'C', 'A']",0.46,"['C', 'D', 'B', 'A']","{'B': 5, 'A': 4, 'C': 3, 'D': 3}",0.5,3.84
100,1,"['D', 'B', 'C', 'A']",0.46,"['D', 'A', 'B', 'C']","{'A': 5, 'B': 5, 'D': 3, 'C': 2}",0.58,4.21
100,1,"['D', 'B', 'C', 'A']",0.46,"['D', 'A', 'C', 'B']","{'A': 5, 'B': 4, 'C': 3, 'D': 3}",0.54,3.87
100,1,"['D', 'B', 'C', 'A']",0.46,"['D', 'B', 'A', 'C']","{'A': 5, 'B': 5, 'D': 3, 'C': 2}",0.58,4.21
100,1,"['D', 'B', 'C', 'A']",0.46,"['D', 'B', 'C', 'A']","{'B': 5, 'A': 4, 'C': 3, 'D': 3}",0.5,3.84
100,1,"['D', 'B', 'C', 'A']",0.46,"['D', 'C', 'A', 'B']","{'A': 5, 'B': 4, 'C': 3, 'D': 3}",0.54,3.87
100,1,"['D', 'B', 'C', 'A']",0.46,"['D', 'C', 'B', 'A']","{'B': 5, 'A': 4, 'C': 3, 'D': 3}",0.5,3.84
100,3,"['A', 'D', 'C', 'B']",0.67,"['A', 'B', 'C', 'D']","{'A': 5, 'B': 4, 'C': 3, 'D': 3}",1.0,3.87
100,3,"['A', 'D', 'C', 'B']",0.67,"['A', 'B', 'D', 'C']","{'A': 5, 'B': 4, 'D': 4, 'C': 2}",1.0,4.21
100,3,"['A', 'D', 'C', 'B']",0.67,"['A', 'C', 'B', 'D']","{'A': 5, 'B': 4, 'C': 3, 'D': 3}",1.0,3.87
100,3,"['A', 'D', 'C', 'B']",0.67,"['A', 'C', 'D', 'B']","{'A': 5, 'D': 4, 'B': 3, 'C': 3}",1.0,4.38
100,3,"['A', 'D', 'C', 'B']",0.67,"['A', 'D', 'B', 'C']","{'A': 5, 'B': 4, 'D': 4, 'C': 2}",1.0,4.21
100,3,"['A', 'D', 'C', 'B']",0.67,"['A', 'D', 'C', 'B']","{'A': 5, 'D': 4, 'B': 3, 'C': 3}",1.0,4.38
100,3,"['A', 'D', 'C', 'B']",0.67,"['B', 'A', 'C', 'D']","{'A': 5, 'B': 4, 'C': 3, 'D': 3}",1.0,3.87
100,3,"['A', 'D', 'C', 'B']",0.67,"['B', 'A', 'D', 'C']","{'A': 5, 'B': 4, 'D': 4, 'C': 2}",1.0,4.21
100,3,"['A', 'D', 'C', 'B']",0.67,"['B', 'C', 'A', 'D']","{'A': 5, 'B': 4, 'C': 3, 'D': 3}",1.0,3.87
100,3,"['A', 'D', 'C', 'B']",0.67,"['B', 'C', 'D', 'A']","{'A': 4, 'B': 4, 'D': 4, 'C': 3}",1.0,4.21
100,3,"['A', 'D', 'C', 'B']",0.67,"['B', 'D', 'A', 'C']","{'A': 5, 'B': 4, 'D': 4, 'C': 2}",1.0,4.21
100,3,"['A', 'D', 'C', 'B']",0.67,"['B', 'D', 'C', 'A']","{'A': 4, 'B': 4, 'D': 4, 'C': 3}",1.0,4.21
100,3,"['A', 'D', 'C', 'B']",0.67,"['C', 'A', 'B', 'D']","{'A': 5, 'B': 4, 'C': 3, 'D': 3}",1.0,3.87
100,3,"['A', 'D', 'C', 'B']",0.67,"['C', 'A', 'D', 'B']","{'A': 5, 'D': 4, 'B': 3, 'C': 3}",1.0,4.38
100,3,"['A', 'D', 'C', 'B']",0.67,"['C', 'B', 'A', 'D']","{'A': 5, 'B': 4, 'C': 3, 'D': 3}",1.0,3.87
100,3,"['A', 'D', 'C', 'B']",0.67,"['C', 'B', 'D', 'A']","{'A': 4, 'B': 4, 'D': 4, 'C': 3}",1.0,4.21
100,3,"['A', 'D', 'C', 'B']",0.67,"['C', 'D', 'A', 'B']","{'A': 5, 'D': 4, 'B': 3, 'C': 3}",1.0,4.38
100,3,"['A', 'D', 'C', 'B']",0.67,"['C', 'D', 'B', 'A']","{'A': 4, 'B': 4, 'D': 4, 'C': 3}",1.0,4.21
100,3,"['A', 'D', 'C', 'B']",0.67,"['D', 'A', 'B', 'C']","{'A': 5, 'B': 4, 'D': 4, 'C': 2}",1.0,4.21
100,3,"['A', 'D', 'C', 'B']",0.67,"['D', 'A', 'C', 'B']","{'A': 5, 'D': 4, 'B': 3, 'C': 3}",1.0,4.38
100,3,"['A', 'D', 'C', 'B']",0.67,"['D', 'B', 'A', 'C']","{'A': 5, 'B': 4, 'D': 4, 'C': 2}",1.0,4.21
100,3,"['A', 'D', 'C', 'B']",0.67,"['D', 'B', 'C', 'A']","{'A': 4, 'B': 4, 'D': 4, 'C': 3}",1.0,4.21
100,3,"['A', 'D', 'C', 'B']",0.67,"['D', 'C', 'A', 'B']","{'A': 5, 'D': 4, 'B': 3, 'C': 3}",1.0,4.38
100,3,"['A', 'D', 'C', 'B']",0.67,"['D', 'C', 'B', 'A']","{'A': 4, 'B': 4, 'D': 4, 'C': 3}",1.0,4.21
100,4,"['A', 'C', 'B', 'D']",0.88,"['A', 'B', 'C', 'D']","{'A': 5, 'B': 4, 'C': 3, 'D': 3}",1.0,3.87
100,4,"['A', 'C', 'B', 'D']",0.88,"['A', 'B', 'D', 'C']","{'A': 5, 'B': 4, 'D': 4, 'C': 2}",1.0,4.21
100,4,"['A', 'C', 'B', 'D']",0.88,"['A', 'C', 'B', 'D']","{'A': 5, 'B': 4, 'C': 3, 'D': 3}",1.0,3.87
100,4,"['A', 'C', 'B', 'D']",0.88,"['A', 'C', 'D', 'B']","{'A': 5, 'D': 4, 'B': 3, 'C': 3}",1.0,4.38
100,4,"['A', 'C', 'B', 'D']",0.88,"['A', 'D', 'B', 'C']","{'A': 5, 'B': 4, 'D': 4, 'C': 2}",1.0,4.21
100,4,"['A', 'C', 'B', 'D']",0.88,"['A', 'D', 'C', 'B']","{'A': 5, 'D': 4, 'B': 3, 'C': 3}",1.0,4.38
100,4,"['A', 'C', 'B', 'D']",0.88,"['B', 'A', 'C', 'D']","{'A': 5, 'B': 4, 'C': 3, 'D': 3}",1.0,3.87
100,4,"['A', 'C', 'B', 'D']",0.88,"['B', 'A', 'D', 'C']","{'A': 5, 'B': 4, 'D': 4, 'C': 2}",1.0,4.21
100,4,"['A', 'C', 'B', 'D']",0.88,"['B', 'C', 'A', 'D']","{'A': 5, 'B': 4, 'C': 3, 'D': 3}",1.0,3.87
100,4,"['A', 'C', 'B', 'D']",0.88,"['B', 'C', 'D', 'A']","{'A': 4, 'B': 4, 'D': 4, 'C': 3}",1.0,4.21
100,4,"['A', 'C', 'B', 'D']",0.88,"['B', 'D', 'A', 'C']","{'A': 5, 'B': 4, 'D': 4, 'C': 2}",1.0,4.21
100,4,"['A', 'C', 'B', 'D']",0.88,"['B', 'D', 'C', 'A']","{'A': 4, 'B': 4, 'D': 4, 'C': 3}",1.0,4.21
100,4,"['A', 'C', 'B', 'D']",0.88,"['C', 'A', 'B', 'D']","{'A': 5, 'B': 4, 'C': 3, 'D': 3}",1.0,3.87
100,4,"['A', 'C', 'B', 'D']",0.88,"['C', 'A', 'D', 'B']","{'A': 5, 'D': 4, 'B': 3, 'C': 3}",1.0,4.38
100,4,"['A', 'C', 'B', 'D']",0.88,"['C', 'B', 'A', 'D']","{'A': 5, 'B': 4, 'C': 3, 'D': 3}",1.0,3.87
100,4,"['A', 'C', 'B', 'D']",0.88,"['C', 'B', 'D', 'A']","{'A': 4, 'B': 4, 'D': 4, 'C': 3}",1.0,4.21
100,4,"['A', 'C', 'B', 'D']",0.88,"['C', 'D', 'A', 'B']","{'A': 5, 'D': 4, 'B': 3, 'C': 3}",1.0,4.38
100,4,"['A', 'C', 'B', 'D']",0.88,"['C', 'D', 'B', 'A']","{'A': 4, 'B': 4, 'D': 4, 'C': 3}",1.0,4.21
100,4,"['A', 'C', 'B', 'D']",0.88,"['D', 'A', 'B', 'C']","{'A': 5, 'B': 4, 'D': 4, 'C': 2}",1.0,4.21
100,4,"['A', 'C', 'B', 'D']",0.88,"['D', 'A', 'C', 'B']","{'A': 5, 'D': 4, 'B': 3, 'C': 3}",1.0,4.38
100,4,"['A', 'C', 'B', 'D']",0.88,"['D', 'B', 'A', 'C']","{'A': 5, 'B': 4, 'D': 4, 'C': 2}",1.0,4.21
100,4,"['A', 'C', 'B', 'D']",0.88,"['D', 'B', 'C', 'A']","{'A': 4, 'B': 4, 'D': 4, 'C': 3}",1.0,4.21
100,4,"['A', 'C', 'B', 'D']",0.88,"['D', 'C', 'A', 'B']","{'A': 5, 'D': 4, 'B': 3, 'C': 3}",1.0,4.38
100,4,"['A', 'C', 'B', 'D']",0.88,"['D', 'C', 'B', 'A']","{'A': 4, 'B': 4, 'D': 4, 'C': 3}",1.0,4.21
101,1,"['C', 'B', 'D', 'A']",0.67,"['A', 'B', 'C', 'D']","{'A': 5, 'C': 5, 'B': 4, 'D': 1}",0.79,4.25
101,1,"['C', 'B', 'D', 'A']",0.67,"['A', 'B', 'D', 'C']","{'A': 5, 'B': 4, 'C': 4, 'D': 2}",0.75,3.96
101,1,"['C', 'B', 'D', 'A']",0.67,"['A', 'C', 'B', 'D']","{'A': 5, 'C': 5, 'B': 4, 'D': 1}",0.79,4.25
101,1,"['C', 'B', 'D', 'A']",0.67,"['A', 'C', 'D', 'B']","{'A': 5, 'C': 5, 'B': 3, 'D': 2}",0.79,4.25
101,1,"['C', 'B', 'D', 'A']",0.67,"['A', 'D', 'B', 'C']","{'A': 5, 'B': 4, 'C': 4, 'D': 2}",0.75,3.96
101,1,"['C', 'B', 'D', 'A']",0.67,"['A', 'D', 'C', 'B']","{'A': 5, 'C': 5, 'B': 3, 'D': 2}",0.79,4.25
101,1,"['C', 'B', 'D', 'A']",0.67,"['B', 'A', 'C', 'D']","{'A': 5, 'C': 5, 'B': 4, 'D': 1}",0.79,4.25
101,1,"['C', 'B', 'D', 'A']",0.67,"['B', 'A', 'D', 'C']","{'A': 5, 'B': 4, 'C': 4, 'D': 2}",0.75,3.96
101,1,"['C', 'B', 'D', 'A']",0.67,"['B', 'C', 'A', 'D']","{'A': 5, 'C': 5, 'B': 4, 'D': 1}",0.79,4.25
101,1,"['C', 'B', 'D', 'A']",0.67,"['B', 'C', 'D', 'A']","{'C': 5, 'A': 4, 'B': 4, 'D': 2}",1.0,4.25
101,1,"['C', 'B', 'D', 'A']",0.67,"['B', 'D', 'A', 'C']","{'A': 5, 'B': 4, 'C': 4, 'D': 2}",0.75,3.96
101,1,"['C', 'B', 'D', 'A']",0.67,"['B', 'D', 'C', 'A']","{'C': 5, 'A': 4, 'B': 4, 'D': 2}",1.0,4.25
101,1,"['C', 'B', 'D', 'A']",0.67,"['C', 'A', 'B', 'D']","{'A': 5, 'C': 5, 'B': 4, 'D': 1}",0.79,4.25
101,1,"['C', 'B', 'D', 'A']",0.67,"['C', 'A', 'D', 'B']","{'A': 5, 'C': 5, 'B': 3, 'D': 2}",0.79,4.25
101,1,"['C', 'B', 'D', 'A']",0.67,"['C', 'B', 'A', 'D']","{'A': 5, 'C': 5, 'B': 4, 'D': 1}",0.79,4.25
101,1,"['C', 'B', 'D', 'A']",0.67,"['C', 'B', 'D', 'A']","{'C': 5, 'A': 4, 'B': 4, 'D': 2}",1.0,4.25
101,1,"['C', 'B', 'D', 'A']",0.67,"['C', 'D', 'A', 'B']","{'A': 5, 'C': 5, 'B': 3, 'D': 2}",0.79,4.25
101,1,"['C', 'B', 'D', 'A']",0.67,"['C', 'D', 'B', 'A']","{'C': 5, 'A': 4, 'B': 4, 'D': 2}",1.0,4.25
101,1,"['C', 'B', 'D', 'A']",0.67,"['D', 'A', 'B', 'C']","{'A': 5, 'B': 4, 'C': 4, 'D': 2}",0.75,3.96
101,1,"['C', 'B', 'D', 'A']",0.67,"['D', 'A', 'C', 'B']","{'A': 5, 'C': 5, 'B': 3, 'D': 2}",0.79,4.25
101,1,"['C', 'B', 'D', 'A']",0.67,"['D', 'B', 'A', 'C']","{'A': 5, 'B': 4, 'C': 4, 'D': 2}",0.75,3.96
101,1,"['C', 'B', 'D', 'A']",0.67,"['D', 'B', 'C', 'A']","{'C': 5, 'A': 4, 'B': 4, 'D': 2}",1.0,4.25
101,1,"['C', 'B', 'D', 'A']",0.67,"['D', 'C', 'A', 'B']","{'A': 5, 'C': 5, 'B': 3, 'D': 2}",0.79,4.25
101,1,"['C', 'B', 'D', 'A']",0.67,"['D', 'C', 'B', 'A']","{'C': 5, 'A': 4, 'B': 4, 'D': 2}",1.0,4.25
101,2,"['C', 'D', 'B', 'A']",0.75,"['A', 'B', 'C', 'D']","{'A': 5, 'C': 5, 'B': 4, 'D': 1}",0.88,4.25
101,2,"['C', 'D', 'B', 'A']",0.75,"['A', 'C', 'B', 'D']","{'A': 5, 'C': 5, 'B': 4, 'D': 1}",0.88,4.25
101,2,"['C', 'D', 'B', 'A']",0.75,"['A', 'C', 'D', 'B']","{'A': 5, 'C': 5, 'B': 3, 'D': 2}",0.88,4.25
101,2,"['C', 'D', 'B', 'A']",0.75,"['A', 'D', 'C', 'B']","{'A': 5, 'C': 5, 'B': 3, 'D': 2}",0.88,4.25
101,2,"['C', 'D', 'B', 'A']",0.75,"['B', 'A', 'C', 'D']","{'A': 5, 'C': 5, 'B': 4, 'D': 1}",0.88,4.25
101,2,"['C', 'D', 'B', 'A']",0.75,"['B', 'C', 'A', 'D']","{'A': 5, 'C': 5, 'B': 4, 'D': 1}",0.88,4.25
101,2,"['C', 'D', 'B', 'A']",0.75,"['B', 'C', 'D', 'A']","{'C': 5, 'A': 4, 'B': 4, 'D': 2}",1.0,4.25
101,2,"['C', 'D', 'B', 'A']",0.75,"['B', 'D', 'C', 'A']","{'C': 5, 'A': 4, 'B': 4, 'D': 2}",1.0,4.25
101,2,"['C', 'D', 'B', 'A']",0.75,"['C', 'A', 'B', 'D']","{'A': 5, 'C': 5, 'B': 4, 'D': 1}",0.88,4.25
101,2,"['C', 'D', 'B', 'A']",0.75,"['C', 'A', 'D', 'B']","{'A': 5, 'C': 5, 'B': 3, 'D': 2}",0.88,4.25
101,2,"['C', 'D', 'B', 'A']",0.75,"['C', 'B', 'A', 'D']","{'A': 5, 'C': 5, 'B': 4, 'D': 1}",0.88,4.25
101,2,"['C', 'D', 'B', 'A']",0.75,"['C', 'B', 'D', 'A']","{'C': 5, 'A': 4, 'B': 4, 'D': 2}",1.0,4.25
101,2,"['C', 'D', 'B', 'A']",0.75,"['C', 'D', 'A', 'B']","{'A': 5, 'C': 5, 'B': 3, 'D': 2}",0.88,4.25
101,2,"['C', 'D', 'B', 'A']",0.75,"['C', 'D', 'B', 'A']","{'C': 5, 'A': 4, 'B': 4, 'D': 2}",1.0,4.25
101,2,"['C', 'D', 'B', 'A']",0.75,"['D', 'A', 'C', 'B']","{'A': 5, 'C': 5, 'B': 3, 'D': 2}",0.88,4.25
101,2,"['C', 'D', 'B', 'A']",0.75,"['D', 'B', 'C', 'A']","{'C': 5, 'A': 4, 'B': 4, 'D': 2}",1.0,4.25
101,2,"['C', 'D', 'B', 'A']",0.75,"['D', 'C', 'A', 'B']","{'A': 5, 'C': 5, 'B': 3, 'D': 2}",0.88,4.25
101,2,"['C', 'D', 'B', 'A']",0.75,"['D', 'C', 'B', 'A']","{'C': 5, 'A': 4, 'B': 4, 'D': 2}",1.0,4.25
101,3,"['A', 'C', 'D', 'B']",0.75,"['A', 'B', 'C', 'D']","{'A': 5, 'C': 5, 'B': 4, 'D': 1}",1.0,4.25
101,3,"['A', 'C', 'D', 'B']",0.75,"['A', 'B', 'D', 'C']","{'A': 5, 'B': 4, 'C': 4, 'D': 2}",1.0,3.96
101,3,"['A', 'C', 'D', 'B']",0.75,"['A', 'C', 'B', 'D']","{'A': 5, 'C': 5, 'B': 4, 'D': 1}",1.0,4.25
101,3,"['A', 'C', 'D', 'B']",0.75,"['A', 'C', 'D', 'B']","{'A': 5, 'C': 5, 'B': 3, 'D': 2}",1.0,4.25
101,3,"['A', 'C', 'D', 'B']",0.75,"['A', 'D', 'B', 'C']","{'A': 5, 'B': 4, 'C': 4, 'D': 2}",1.0,3.96
101,3,"['A', 'C', 'D', 'B']",0.75,"['A', 'D', 'C', 'B']","{'A': 5, 'C': 5, 'B': 3, 'D': 2}",1.0,4.25
101,3,"['A', 'C', 'D', 'B']",0.75,"['B', 'A', 'C', 'D']","{'A': 5, 'C': 5, 'B': 4, 'D': 1}",1.0,4.25
101,3,"['A', 'C', 'D', 'B']",0.75,"['B', 'A', 'D', 'C']","{'A': 5, 'B': 4, 'C': 4, 'D': 2}",1.0,3.96
101,3,"['A', 'C', 'D', 'B']",0.75,"['B', 'C', 'A', 'D']","{'A': 5, 'C': 5, 'B': 4, 'D': 1}",1.0,4.25
101,3,"['A', 'C', 'D', 'B']",0.75,"['B', 'C', 'D', 'A']","{'C': 5, 'A': 4, 'B': 4, 'D': 2}",0.79,4.25
101,3,"['A', 'C', 'D', 'B']",0.75,"['B', 'D', 'A', 'C']","{'A': 5, 'B': 4, 'C': 4, 'D': 2}",1.0,3.96
101,3,"['A', 'C', 'D', 'B']",0.75,"['B', 'D', 'C', 'A']","{'C': 5, 'A': 4, 'B': 4, 'D': 2}",0.79,4.25
101,3,"['A', 'C', 'D', 'B']",0.75,"['C', 'A', 'B', 'D']","{'A': 5, 'C': 5, 'B': 4, 'D': 1}",1.0,4.25
101,3,"['A', 'C', 'D', 'B']",0.75,"['C', 'A', 'D', 'B']","{'A': 5, 'C': 5, 'B': 3, 'D': 2}",1.0,4.25
101,3,"['A', 'C', 'D', 'B']",0.75,"['C', 'B', 'A', 'D']","{'A': 5, 'C': 5, 'B': 4, 'D': 1}",1.0,4.25
101,3,"['A', 'C', 'D', 'B']",0.75,"['C', 'B', 'D', 'A']","{'C': 5, 'A': 4, 'B': 4, 'D': 2}",0.79,4.25
101,3,"['A', 'C', 'D', 'B']",0.75,"['C', 'D', 'A', 'B']","{'A': 5, 'C': 5, 'B': 3, 'D': 2}",1.0,4.25
101,3,"['A', 'C', 'D', 'B']",0.75,"['C', 'D', 'B', 'A']","{'C': 5, 'A': 4, 'B': 4, 'D': 2}",0.79,4.25
101,3,"['A', 'C', 'D', 'B']",0.75,"['D', 'A', 'B', 'C']","{'A': 5, 'B': 4, 'C': 4, 'D': 2}",1.0,3.96
101,3,"['A', 'C', 'D', 'B']",0.75,"['D', 'A', 'C', 'B']","{'A': 5, 'C': 5, 'B': 3, 'D': 2}",1.0,4.25
101,3,"['A', 'C', 'D', 'B']",0.75,"['D', 'B', 'A', 'C']","{'A': 5, 'B': 4, 'C': 4, 'D': 2}",1.0,3.96
101,3,"['A', 'C', 'D', 'B']",0.75,"['D', 'B', 'C', 'A']","{'C': 5, 'A': 4, 'B': 4, 'D': 2}",0.79,4.25
101,3,"['A', 'C', 'D', 'B']",0.75,"['D', 'C', 'A', 'B']","{'A': 5, 'C': 5, 'B': 3, 'D': 2}",1.0,4.25
101,3,"['A', 'C', 'D', 'B']",0.75,"['D', 'C', 'B', 'A']","{'C': 5, 'A': 4, 'B': 4, 'D': 2}",0.79,4.25
101,4,"['A', 'C', 'D', 'B']",0.75,"['A', 'B', 'C', 'D']","{'A': 5, 'C': 5, 'B': 4, 'D': 1}",1.0,4.25
101,4,"['A', 'C', 'D', 'B']",0.75,"['A', 'B', 'D', 'C']","{'A': 5, 'B': 4, 'C': 4, 'D': 2}",1.0,3.96
101,4,"['A', 'C', 'D', 'B']",0.75,"['A', 'C', 'B', 'D']","{'A': 5, 'C': 5, 'B': 4, 'D': 1}",1.0,4.25
101,4,"['A', 'C', 'D', 'B']",0.75,"['A', 'C', 'D', 'B']","{'A': 5, 'C': 5, 'B': 3, 'D': 2}",1.0,4.25
101,4,"['A', 'C', 'D', 'B']",0.75,"['A', 'D', 'B', 'C']","{'A': 5, 'B': 4, 'C': 4, 'D': 2}",1.0,3.96
101,4,"['A', 'C', 'D', 'B']",0.75,"['A', 'D', 'C', 'B']","{'A': 5, 'C': 5, 'B': 3, 'D': 2}",1.0,4.25
101,4,"['A', 'C', 'D', 'B']",0.75,"['B', 'A', 'C', 'D']","{'A': 5, 'C': 5, 'B': 4, 'D': 1}",1.0,4.25
101,4,"['A', 'C', 'D', 'B']",0.75,"['B', 'A', 'D', 'C']","{'A': 5, 'B': 4, 'C': 4, 'D': 2}",1.0,3.96
101,4,"['A', 'C', 'D', 'B']",0.75,"['B', 'C', 'A', 'D']","{'A': 5, 'C': 5, 'B': 4, 'D': 1}",1.0,4.25
101,4,"['A', 'C', 'D', 'B']",0.75,"['B', 'C', 'D', 'A']","{'C': 5, 'A': 4, 'B': 4, 'D': 2}",0.88,4.25
101,4,"['A', 'C', 'D', 'B']",0.75,"['B', 'D', 'A', 'C']","{'A': 5, 'B': 4, 'C': 4, 'D': 2}",1.0,3.96
101,4,"['A', 'C', 'D', 'B']",0.75,"['B', 'D', 'C', 'A']","{'C': 5, 'A': 4, 'B': 4, 'D': 2}",0.88,4.25
101,4,"['A', 'C', 'D', 'B']",0.75,"['C', 'A', 'B', 'D']","{'A': 5, 'C': 5, 'B': 4, 'D': 1}",1.0,4.25
101,4,"['A', 'C', 'D', 'B']",0.75,"['C', 'A', 'D', 'B']","{'A': 5, 'C': 5, 'B': 3, 'D': 2}",1.0,4.25
101,4,"['A', 'C', 'D', 'B']",0.75,"['C', 'B', 'A', 'D']","{'A': 5, 'C': 5, 'B': 4, 'D': 1}",1.0,4.25
101,4,"['A', 'C', 'D', 'B']",0.75,"['C', 'B', 'D', 'A']","{'C': 5, 'A': 4, 'B': 4, 'D': 2}",0.88,4.25
101,4,"['A', 'C', 'D', 'B']",0.75,"['C', 'D', 'A', 'B']","{'A': 5, 'C': 5, 'B': 3, 'D': 2}",1.0,4.25
101,4,"['A', 'C', 'D', 'B']",0.75,"['C', 'D', 'B', 'A']","{'C': 5, 'A': 4, 'B': 4, 'D': 2}",0.88,4.25
101,4,"['A', 'C', 'D', 'B']",0.75,"['D', 'A', 'B', 'C']","{'A': 5, 'B': 4, 'C': 4, 'D': 2}",1.0,3.96
101,4,"['A', 'C', 'D', 'B']",0.75,"['D', 'A', 'C', 'B']","{'A': 5, 'C': 5, 'B': 3, 'D': 2}",1.0,4.25
101,4,"['A', 'C', 'D', 'B']",0.75,"['D', 'B', 'A', 'C']","{'A': 5, 'B': 4, 'C': 4, 'D': 2}",1.0,3.96
101,4,"['A', 'C', 'D', 'B']",0.75,"['D', 'B', 'C', 'A']","{'C': 5, 'A': 4, 'B': 4, 'D': 2}",0.88,4.25
101,4,"['A', 'C', 'D', 'B']",0.75,"['D', 'C', 'A', 'B']","{'A': 5, 'C': 5, 'B': 3, 'D': 2}",1.0,4.25
101,4,"['A', 'C', 'D', 'B']",0.75,"['D', 'C', 'B', 'A']","{'C': 5, 'A': 4, 'B': 4, 'D': 2}",0.88,4.25
102,1,"['D', 'B', 'C', 'A']",0.75,"['A', 'B', 'D', 'C']","{'A': 5, 'D': 4, 'B': 3, 'C': 3}",0.88,3.88
102,1,"['D', 'B', 'C', 'A']",0.75,"['A', 'D', 'B', 'C']","{'A': 5, 'D': 4, 'B': 3, 'C': 3}",0.88,3.88
102,1,"['D', 'B', 'C', 'A']",0.75,"['B', 'A', 'D', 'C']","{'A': 5, 'D': 4, 'B': 3, 'C': 3}",0.88,3.88
102,1,"['D', 'B', 'C', 'A']",0.75,"['B', 'D', 'A', 'C']","{'A': 5, 'D': 4, 'B': 3, 'C': 3}",0.88,3.88
102,1,"['D', 'B', 'C', 'A']",0.75,"['D', 'A', 'B', 'C']","{'A': 5, 'D': 4, 'B': 3, 'C': 3}",0.88,3.88
102,1,"['D', 'B', 'C', 'A']",0.75,"['D', 'B', 'A', 'C']","{'A': 5, 'D': 4, 'B': 3, 'C': 3}",0.88,3.88
102,5,"['A', 'B', 'C', 'D']",0.58,"['A', 'B', 'C', 'D']","{'A': 5, 'B': 4, 'C': 3, 'D': 3}",1.0,3.58
102,5,"['A', 'B', 'C', 'D']",0.58,"['A', 'B', 'D', 'C']","{'A': 5, 'B': 4, 'D': 4, 'C': 2}",1.0,3.79
102,5,"['A', 'B', 'C', 'D']",0.58,"['A', 'C', 'B', 'D']","{'A': 5, 'B': 4, 'C': 3, 'D': 3}",1.0,3.58
102,5,"['A', 'B', 'C', 'D']",0.58,"['A', 'C', 'D', 'B']","{'A': 5, 'D': 4, 'B': 3, 'C': 3}",1.0,3.88
102,5,"['A', 'B', 'C', 'D']",0.58,"['A', 'D', 'B', 'C']","{'A': 5, 'B': 4, 'D': 4, 'C': 2}",1.0,3.79
102,5,"['A', 'B', 'C', 'D']",0.58,"['A', 'D', 'C', 'B']","{'A': 5, 'D': 4, 'B': 3, 'C': 3}",1.0,3.88
102,5,"['A', 'B', 'C', 'D']",0.58,"['B', 'A', 'C', 'D']","{'A': 5, 'B': 4, 'C': 3, 'D': 3}",1.0,3.58
102,5,"['A', 'B', 'C', 'D']",0.58,"['B', 'A', 'D', 'C']","{'A': 5, 'B': 4, 'D': 4, 'C': 2}",1.0,3.79
102,5,"['A', 'B', 'C', 'D']",0.58,"['B', 'C', 'A', 'D']","{'A': 5, 'B': 4, 'C': 3, 'D': 3}",1.0,3.58
102,5,"['A', 'B', 'C', 'D']",0.58,"['B', 'C', 'D', 'A']","{'A': 4, 'B': 4, 'D': 4, 'C': 3}",1.0,3.79
102,5,"['A', 'B', 'C', 'D']",0.58,"['B', 'D', 'A', 'C']","{'A': 5, 'B': 4, 'D': 4, 'C': 2}",1.0,3.79
102,5,"['A', 'B', 'C', 'D']",0.58,"['B', 'D', 'C', 'A']","{'A': 4, 'B': 4, 'D': 4, 'C': 3}",1.0,3.79
102,5,"['A', 'B', 'C', 'D']",0.58,"['C', 'A', 'B', 'D']","{'A': 5, 'B': 4, 'C': 3, 'D': 3}",1.0,3.58
102,5,"['A', 'B', 'C', 'D']",0.58,"['C', 'A', 'D', 'B']","{'A': 5, 'D': 4, 'B': 3, 'C': 3}",1.0,3.88
102,5,"['A', 'B', 'C', 'D']",0.58,"['C', 'B', 'A', 'D']","{'A': 5, 'B': 4, 'C': 3, 'D': 3}",1.0,3.58
102,5,"['A', 'B', 'C', 'D']",0.58,"['C', 'B', 'D', 'A']","{'A': 4, 'B': 4, 'D': 4, 'C': 3}",1.0,3.79
102,5,"['A', 'B', 'C', 'D']",0.58,"['C', 'D', 'A', 'B']","{'A': 5, 'D': 4, 'B': 3, 'C': 3}",1.0,3.88
102,5,"['A', 'B', 'C', 'D']",0.58,"['C', 'D', 'B', 'A']","{'A': 4, 'B': 4, 'D': 4, 'C': 3}",1.0,3.79
102,5,"['A', 'B', 'C', 'D']",0.58,"['D', 'A', 'B', 'C']","{'A': 5, 'B': 4, 'D': 4, 'C': 2}",1.0,3.79
102,5,"['A', 'B', 'C', 'D']",0.58,"['D', 'A', 'C', 'B']","{'A': 5, 'D': 4, 'B': 3, 'C': 3}",1.0,3.88
102,5,"['A', 'B', 'C', 'D']",0.58,"['D', 'B', 'A', 'C']","{'A': 5, 'B': 4, 'D': 4, 'C': 2}",1.0,3.79
102,5,"['A', 'B', 'C', 'D']",0.58,"['D', 'B', 'C', 'A']","{'A': 4, 'B': 4, 'D': 4, 'C': 3}",1.0,3.79
102,5,"['A', 'B', 'C', 'D']",0.58,"['D', 'C', 'A', 'B']","{'A': 5, 'D': 4, 'B': 3, 'C': 3}",1.0,3.88
102,5,"['A', 'B', 'C', 'D']",0.58,"['D', 'C', 'B', 'A']","{'A': 4, 'B': 4, 'D': 4, 'C': 3}",1.0,3.79
103,1,"['B', 'D', 'C', 'A']",0.79,"['A', 'B', 'D', 'C']","{'B': 4, 'C': 4, 'D': 4, 'A': 3}",1.0,4.21
103,1,"['B', 'D', 'C', 'A']",0.79,"['A', 'D', 'B', 'C']","{'B': 4, 'C': 4, 'D': 4, 'A': 3}",1.0,4.21
103,1,"['B', 'D', 'C', 'A']",0.79,"['B', 'A', 'D', 'C']","{'B': 4, 'C': 4, 'D': 4, 'A': 3}",1.0,4.21
103,1,"['B', 'D', 'C', 'A']",0.79,"['B', 'C', 'D', 'A']","{'C': 5, 'B': 4, 'D': 4, 'A': 2}",0.88,4.13
103,1,"['B', 'D', 'C', 'A']",0.79,"['B', 'D', 'A', 'C']","{'B': 4, 'C': 4, 'D': 4, 'A': 3}",1.0,4.21
103,1,"['B', 'D', 'C', 'A']",0.79,"['B', 'D', 'C', 'A']","{'C': 5, 'B': 4, 'D': 4, 'A': 2}",0.88,4.13
103,1,"['B', 'D', 'C', 'A']",0.79,"['C', 'B', 'D', 'A']","{'C': 5, 'B': 4, 'D': 4, 'A': 2}",0.88,4.13
103,1,"['B', 'D', 'C', 'A']",0.79,"['C', 'D', 'B', 'A']","{'C': 5, 'B': 4, 'D': 4, 'A': 2}",0.88,4.13
103,1,"['B', 'D', 'C', 'A']",0.79,"['D', 'A', 'B', 'C']","{'B': 4, 'C': 4, 'D': 4, 'A': 3}",1.0,4.21
103,1,"['B', 'D', 'C', 'A']",0.79,"['D', 'B', 'A', 'C']","{'B': 4, 'C': 4, 'D': 4, 'A': 3}",1.0,4.21
103,1,"['B', 'D', 'C', 'A']",0.79,"['D', 'B', 'C', 'A']","{'C': 5, 'B': 4, 'D': 4, 'A': 2}",0.88,4.13
103,1,"['B', 'D', 'C', 'A']",0.79,"['D', 'C', 'B', 'A']","{'C': 5, 'B': 4, 'D': 4, 'A': 2}",0.88,4.13
103,2,"['B', 'C', 'D', 'A']",0.88,"['A', 'B', 'D', 'C']","{'B': 4, 'C': 4, 'D': 4, 'A': 3}",1.0,4.21
103,2,"['B', 'C', 'D', 'A']",0.88,"['A', 'D', 'B', 'C']","{'B': 4, 'C': 4, 'D': 4, 'A': 3}",1.0,4.21
103,2,"['B', 'C', 'D', 'A']",0.88,"['B', 'A', 'D', 'C']","{'B': 4, 'C': 4, 'D': 4, 'A': 3}",1.0,4.21
103,2,"['B', 'C', 'D', 'A']",0.88,"['B', 'D', 'A', 'C']","{'B': 4, 'C': 4, 'D': 4, 'A': 3}",1.0,4.21
103,2,"['B', 'C', 'D', 'A']",0.88,"['D', 'A', 'B', 'C']","{'B': 4, 'C': 4, 'D': 4, 'A': 3}",1.0,4.21
103,2,"['B', 'C', 'D', 'A']",0.88,"['D', 'B', 'A', 'C']","{'B': 4, 'C': 4, 'D': 4, 'A': 3}",1.0,4.21
103,5,"['B', 'C', 'D', 'A']",0.88,"['A', 'B', 'D', 'C']","{'B': 4, 'C': 4, 'D': 4, 'A': 3}",1.0,4.21
103,5,"['B', 'C', 'D', 'A']",0.88,"['A', 'D', 'B', 'C']","{'B': 4, 'C': 4, 'D': 4, 'A': 3}",1.0,4.21
103,5,"['B', 'C', 'D', 'A']",0.88,"['B', 'A', 'D', 'C']","{'B': 4, 'C': 4, 'D': 4, 'A': 3}",1.0,4.21
103,5,"['B', 'C', 'D', 'A']",0.88,"['B', 'D', 'A', 'C']","{'B': 4, 'C': 4, 'D': 4, 'A': 3}",1.0,4.21
103,5,"['B', 'C', 'D', 'A']",0.88,"['D', 'A', 'B', 'C']","{'B': 4, 'C': 4, 'D': 4, 'A': 3}",1.0,4.21
103,5,"['B', 'C', 'D', 'A']",0.88,"['D', 'B', 'A', 'C']","{'B': 4, 'C': 4, 'D': 4, 'A': 3}",1.0,4.21
104,1,"['B', 'D', 'C', 'A']",0.5,"['A', 'B', 'C', 'D']","{'A': 5, 'D': 4, 'B': 3, 'C': 3}",0.58,4.16
104,1,"['B', 'D', 'C', 'A']",0.5,"['A', 'B', 'D', 'C']","{'A': 5, 'D': 5, 'B': 3, 'C': 2}",0.58,4.16
104,1,"['B', 'D', 'C', 'A']",0.5,"['A', 'C', 'B', 'D']","{'A': 5, 'D': 4, 'B': 3, 'C': 3}",0.58,4.16
104,1,"['B', 'D', 'C', 'A']",0.5,"['A', 'C', 'D', 'B']","{'A': 5, 'D': 5, 'C': 3, 'B': 2}",0.54,4.29
104,1,"['B', 'D', 'C', 'A']",0.5,"['A', 'D', 'B', 'C']","{'A': 5, 'D': 5, 'B': 3, 'C': 2}",0.58,4.16
104,1,"['B', 'D', 'C', 'A']",0.5,"['A', 'D', 'C', 'B']","{'A': 5, 'D': 5, 'C': 3, 'B': 2}",0.54,4.29
104,1,"['B', 'D', 'C', 'A']",0.5,"['B', 'A', 'C', 'D']","{'A': 5, 'D': 4, 'B': 3, 'C': 3}",0.58,4.16
104,1,"['B', 'D', 'C', 'A']",0.5,"['B', 'A', 'D', 'C']","{'A': 5, 'D': 5, 'B': 3, 'C': 2}",0.58,4.16
104,1,"['B', 'D', 'C', 'A']",0.5,"['B', 'C', 'A', 'D']","{'A': 5, 'D': 4, 'B': 3, 'C': 3}",0.58,4.16
104,1,"['B', 'D', 'C', 'A']",0.5,"['B', 'C', 'D', 'A']","{'D': 5, 'A': 4, 'B': 3, 'C': 3}",0.54,3.45
104,1,"['B', 'D', 'C', 'A']",0.5,"['B', 'D', 'A', 'C']","{'A': 5, 'D': 5, 'B': 3, 'C': 2}",0.58,4.16
104,1,"['B', 'D', 'C', 'A']",0.5,"['B', 'D', 'C', 'A']","{'D': 5, 'A': 4, 'B': 3, 'C': 3}",0.54,3.45
104,1,"['B', 'D', 'C', 'A']",0.5,"['C', 'A', 'B', 'D']","{'A': 5, 'D': 4, 'B': 3, 'C': 3}",0.58,4.16
104,1,"['B', 'D', 'C', 'A']",0.5,"['C', 'A', 'D', 'B']","{'A': 5, 'D': 5, 'C': 3, 'B': 2}",0.54,4.29
104,1,"['B', 'D', 'C', 'A']",0.5,"['C', 'B', 'A', 'D']","{'A': 5, 'D': 4, 'B': 3, 'C': 3}",0.58,4.16
104,1,"['B', 'D', 'C', 'A']",0.5,"['C', 'B', 'D', 'A']","{'D': 5, 'A': 4, 'B': 3, 'C': 3}",0.54,3.45
104,1,"['B', 'D', 'C', 'A']",0.5,"['C', 'D', 'A', 'B']","{'A': 5, 'D': 5, 'C': 3, 'B': 2}",0.54,4.29
104,1,"['B', 'D', 'C', 'A']",0.5,"['C', 'D', 'B', 'A']","{'D': 5, 'A': 4, 'B': 3, 'C': 3}",0.54,3.45
104,1,"['B', 'D', 'C', 'A']",0.5,"['D', 'A', 'B', 'C']","{'A': 5, 'D': 5, 'B': 3, 'C': 2}",0.58,4.16
104,1,"['B', 'D', 'C', 'A']",0.5,"['D', 'A', 'C', 'B']","{'A': 5, 'D': 5, 'C': 3, 'B': 2}",0.54,4.29
104,1,"['B', 'D', 'C', 'A']",0.5,"['D', 'B', 'A', 'C']","{'A': 5, 'D': 5, 'B': 3, 'C': 2}",0.58,4.16
104,1,"['B', 'D', 'C', 'A']",0.5,"['D', 'B', 'C', 'A']","{'D': 5, 'A': 4, 'B': 3, 'C': 3}",0.54,3.45
104,1,"['B', 'D', 'C', 'A']",0.5,"['D', 'C', 'A', 'B']","{'A': 5, 'D': 5, 'C': 3, 'B': 2}",0.54,4.29
104,1,"['B', 'D', 'C', 'A']",0.5,"['D', 'C', 'B', 'A']","{'D': 5, 'A': 4, 'B': 3, 'C': 3}",0.54,3.45
104,3,"['A', 'B', 'C', 'D']",0.79,"['A', 'B', 'C', 'D']","{'A': 5, 'C': 4, 'B': 3, 'D': 3}",1.0,4.5
104,3,"['A', 'B', 'C', 'D']",0.79,"['A', 'B', 'D', 'C']","{'A': 5, 'D': 4, 'B': 3, 'C': 3}",1.0,4.16
104,3,"['A', 'B', 'C', 'D']",0.79,"['A', 'C', 'B', 'D']","{'A': 5, 'C': 4, 'B': 3, 'D': 3}",1.0,4.5
104,3,"['A', 'B', 'C', 'D']",0.79,"['A', 'C', 'D', 'B']","{'A': 5, 'C': 4, 'D': 4, 'B': 2}",1.0,4.46
104,3,"['A', 'B', 'C', 'D']",0.79,"['A', 'D', 'B', 'C']","{'A': 5, 'D': 4, 'B': 3, 'C': 3}",1.0,4.16
104,3,"['A', 'B', 'C', 'D']",0.79,"['A', 'D', 'C', 'B']","{'A': 5, 'C': 4, 'D': 4, 'B': 2}",1.0,4.46
104,3,"['A', 'B', 'C', 'D']",0.79,"['B', 'A', 'C', 'D']","{'A': 5, 'C': 4, 'B': 3, 'D': 3}",1.0,4.5
104,3,"['A', 'B', 'C', 'D']",0.79,"['B', 'A', 'D', 'C']","{'A': 5, 'D': 4, 'B': 3, 'C': 3}",1.0,4.16
104,3,"['A', 'B', 'C', 'D']",0.79,"['B', 'C', 'A', 'D']","{'A': 5, 'C': 4, 'B': 3, 'D': 3}",1.0,4.5
104,3,"['A', 'B', 'C', 'D']",0.79,"['B', 'C', 'D', 'A']","{'A': 4, 'C': 4, 'D': 4, 'B': 3}",1.0,4.46
104,3,"['A', 'B', 'C', 'D']",0.79,"['B', 'D', 'A', 'C']","{'A': 5, 'D': 4, 'B': 3, 'C': 3}",1.0,4.16
104,3,"['A', 'B', 'C', 'D']",0.79,"['B', 'D', 'C', 'A']","{'A': 4, 'C': 4, 'D': 4, 'B': 3}",1.0,4.46
104,3,"['A', 'B', 'C', 'D']",0.79,"['C', 'A', 'B', 'D']","{'A': 5, 'C': 4, 'B': 3, 'D': 3}",1.0,4.5
104,3,"['A', 'B', 'C', 'D']",0.79,"['C', 'A', 'D', 'B']","{'A': 5, 'C': 4, 'D': 4, 'B': 2}",1.0,4.46
104,3,"['A', 'B', 'C', 'D']",0.79,"['C', 'B', 'A', 'D']","{'A': 5, 'C': 4, 'B': 3, 'D': 3}",1.0,4.5
104,3,"['A', 'B', 'C', 'D']",0.79,"['C', 'B', 'D', 'A']","{'A': 4, 'C': 4, 'D': 4, 'B': 3}",1.0,4.46
104,3,"['A', 'B', 'C', 'D']",0.79,"['C', 'D', 'A', 'B']","{'A': 5, 'C': 4, 'D': 4, 'B': 2}",1.0,4.46
104,3,"['A', 'B', 'C', 'D']",0.79,"['C', 'D', 'B', 'A']","{'A': 4, 'C': 4, 'D': 4, 'B': 3}",1.0,4.46
104,3,"['A', 'B', 'C', 'D']",0.79,"['D', 'A', 'B', 'C']","{'A': 5, 'D': 4, 'B': 3, 'C': 3}",1.0,4.16
104,3,"['A', 'B', 'C', 'D']",0.79,"['D', 'A', 'C', 'B']","{'A': 5, 'C': 4, 'D': 4, 'B': 2}",1.0,4.46
104,3,"['A', 'B', 'C', 'D']",0.79,"['D', 'B', 'A', 'C']","{'A': 5, 'D': 4, 'B': 3, 'C': 3}",1.0,4.16
104,3,"['A', 'B', 'C', 'D']",0.79,"['D', 'B', 'C', 'A']","{'A': 4, 'C': 4, 'D': 4, 'B': 3}",1.0,4.46
104,3,"['A', 'B', 'C', 'D']",0.79,"['D', 'C', 'A', 'B']","{'A': 5, 'C': 4, 'D': 4, 'B': 2}",1.0,4.46
104,3,"['A', 'B', 'C', 'D']",0.79,"['D', 'C', 'B', 'A']","{'A': 4, 'C': 4, 'D': 4, 'B': 3}",1.0,4.46
104,4,"['A', 'B', 'C', 'D']",0.79,"['A', 'B', 'C', 'D']","{'A': 5, 'C': 4, 'B': 3, 'D': 3}",1.0,4.5
104,4,"['A', 'B', 'C', 'D']",0.79,"['A', 'B', 'D', 'C']","{'A': 5, 'D': 4, 'B': 3, 'C': 3}",1.0,4.16
104,4,"['A', 'B', 'C', 'D']",0.79,"['A', 'C', 'B', 'D']","{'A': 5, 'C': 4, 'B': 3, 'D': 3}",1.0,4.5
104,4,"['A', 'B', 'C', 'D']",0.79,"['A', 'C', 'D', 'B']","{'A': 5, 'C': 4, 'D': 4, 'B': 2}",1.0,4.46
104,4,"['A', 'B', 'C', 'D']",0.79,"['A', 'D', 'B', 'C']","{'A': 5, 'D': 4, 'B': 3, 'C': 3}",1.0,4.16
104,4,"['A', 'B', 'C', 'D']",0.79,"['A', 'D', 'C', 'B']","{'A': 5, 'C': 4, 'D': 4, 'B': 2}",1.0,4.46
104,4,"['A', 'B', 'C', 'D']",0.79,"['B', 'A', 'C', 'D']","{'A': 5, 'C': 4, 'B': 3, 'D': 3}",1.0,4.5
104,4,"['A', 'B', 'C', 'D']",0.79,"['B', 'A', 'D', 'C']","{'A': 5, 'D': 4, 'B': 3, 'C': 3}",1.0,4.16
104,4,"['A', 'B', 'C', 'D']",0.79,"['B', 'C', 'A', 'D']","{'A': 5, 'C': 4, 'B': 3, 'D': 3}",1.0,4.5
104,4,"['A', 'B', 'C', 'D']",0.79,"['B', 'C', 'D', 'A']","{'A': 4, 'C': 4, 'D': 4, 'B': 3}",1.0,4.46
104,4,"['A', 'B', 'C', 'D']",0.79,"['B', 'D', 'A', 'C']","{'A': 5, 'D': 4, 'B': 3, 'C': 3}",1.0,4.16
104,4,"['A', 'B', 'C', 'D']",0.79,"['B', 'D', 'C', 'A']","{'A': 4, 'C': 4, 'D': 4, 'B': 3}",1.0,4.46
104,4,"['A', 'B', 'C', 'D']",0.79,"['C', 'A', 'B', 'D']","{'A': 5, 'C': 4, 'B': 3, 'D': 3}",1.0,4.5
104,4,"['A', 'B', 'C', 'D']",0.79,"['C', 'A', 'D', 'B']","{'A': 5, 'C': 4, 'D': 4, 'B': 2}",1.0,4.46
104,4,"['A', 'B', 'C', 'D']",0.79,"['C', 'B', 'A', 'D']","{'A': 5, 'C': 4, 'B': 3, 'D': 3}",1.0,4.5
104,4,"['A', 'B', 'C', 'D']",0.79,"['C', 'B', 'D', 'A']","{'A': 4, 'C': 4, 'D': 4, 'B': 3}",1.0,4.46
104,4,"['A', 'B', 'C', 'D']",0.79,"['C', 'D', 'A', 'B']","{'A': 5, 'C': 4, 'D': 4, 'B': 2}",1.0,4.46
104,4,"['A', 'B', 'C', 'D']",0.79,"['C', 'D', 'B', 'A']","{'A': 4, 'C': 4, 'D': 4, 'B': 3}",1.0,4.46
104,4,"['A', 'B', 'C', 'D']",0.79,"['D', 'A', 'B', 'C']","{'A': 5, 'D': 4, 'B': 3, 'C': 3}",1.0,4.16
104,4,"['A', 'B', 'C', 'D']",0.79,"['D', 'A', 'C', 'B']","{'A': 5, 'C': 4, 'D': 4, 'B': 2}",1.0,4.46
104,4,"['A', 'B', 'C', 'D']",0.79,"['D', 'B', 'A', 'C']","{'A': 5, 'D': 4, 'B': 3, 'C': 3}",1.0,4.16
104,4,"['A', 'B', 'C', 'D']",0.79,"['D', 'B', 'C', 'A']","{'A': 4, 'C': 4, 'D': 4, 'B': 3}",1.0,4.46
104,4,"['A', 'B', 'C', 'D']",0.79,"['D', 'C', 'A', 'B']","{'A': 5, 'C': 4, 'D': 4, 'B': 2}",1.0,4.46
104,4,"['A', 'B', 'C', 'D']",0.79,"['D', 'C', 'B', 'A']","{'A': 4, 'C': 4, 'D': 4, 'B': 3}",1.0,4.46
104,5,"['A', 'D', 'C', 'B']",0.67,"['A', 'B', 'C', 'D']","{'A': 5, 'B': 4, 'C': 3, 'D': 3}",1.0,4.46
104,5,"['A', 'D', 'C', 'B']",0.67,"['A', 'B', 'D', 'C']","{'A': 5, 'B': 4, 'D': 4, 'C': 2}",1.0,4.29
104,5,"['A', 'D', 'C', 'B']",0.67,"['A', 'C', 'B', 'D']","{'A': 5, 'B': 4, 'C': 3, 'D': 3}",1.0,4.46
104,5,"['A', 'D', 'C', 'B']",0.67,"['A', 'C', 'D', 'B']","{'A': 5, 'D': 4, 'B': 3, 'C': 3}",1.0,4.16
104,5,"['A', 'D', 'C', 'B']",0.67,"['A', 'D', 'B', 'C']","{'A': 5, 'B': 4, 'D': 4, 'C': 2}",1.0,4.29
104,5,"['A', 'D', 'C', 'B']",0.67,"['A', 'D', 'C', 'B']","{'A': 5, 'D': 4, 'B': 3, 'C': 3}",1.0,4.16
104,5,"['A', 'D', 'C', 'B']",0.67,"['B', 'A', 'C', 'D']","{'A': 5, 'B': 4, 'C': 3, 'D': 3}",1.0,4.46
104,5,"['A', 'D', 'C', 'B']",0.67,"['B', 'A', 'D', 'C']","{'A': 5, 'B': 4, 'D': 4, 'C': 2}",1.0,4.29
104,5,"['A', 'D', 'C', 'B']",0.67,"['B', 'C', 'A', 'D']","{'A': 5, 'B': 4, 'C': 3, 'D': 3}",1.0,4.46
104,5,"['A', 'D', 'C', 'B']",0.67,"['B', 'C', 'D', 'A']","{'A': 4, 'B': 4, 'D': 4, 'C': 3}",1.0,4.29
104,5,"['A', 'D', 'C', 'B']",0.67,"['B', 'D', 'A', 'C']","{'A': 5, 'B': 4, 'D': 4, 'C': 2}",1.0,4.29
104,5,"['A', 'D', 'C', 'B']",0.67,"['B', 'D', 'C', 'A']","{'A': 4, 'B': 4, 'D': 4, 'C': 3}",1.0,4.29
104,5,"['A', 'D', 'C', 'B']",0.67,"['C', 'A', 'B', 'D']","{'A': 5, 'B': 4, 'C': 3, 'D': 3}",1.0,4.46
104,5,"['A', 'D', 'C', 'B']",0.67,"['C', 'A', 'D', 'B']","{'A': 5, 'D': 4, 'B': 3, 'C': 3}",1.0,4.16
104,5,"['A', 'D', 'C', 'B']",0.67,"['C', 'B', 'A', 'D']","{'A': 5, 'B': 4, 'C': 3, 'D': 3}",1.0,4.46
104,5,"['A', 'D', 'C', 'B']",0.67,"['C', 'B', 'D', 'A']","{'A': 4, 'B': 4, 'D': 4, 'C': 3}",1.0,4.29
104,5,"['A', 'D', 'C', 'B']",0.67,"['C', 'D', 'A', 'B']","{'A': 5, 'D': 4, 'B': 3, 'C': 3}",1.0,4.16
104,5,"['A', 'D', 'C', 'B']",0.67,"['C', 'D', 'B', 'A']","{'A': 4, 'B': 4, 'D': 4, 'C': 3}",1.0,4.29
104,5,"['A', 'D', 'C', 'B']",0.67,"['D', 'A', 'B', 'C']","{'A': 5, 'B': 4, 'D': 4, 'C': 2}",1.0,4.29
104,5,"['A', 'D', 'C', 'B']",0.67,"['D', 'A', 'C', 'B']","{'A': 5, 'D': 4, 'B': 3, 'C': 3}",1.0,4.16
104,5,"['A', 'D', 'C', 'B']",0.67,"['D', 'B', 'A', 'C']","{'A': 5, 'B': 4, 'D': 4, 'C': 2}",1.0,4.29
104,5,"['A', 'D', 'C', 'B']",0.67,"['D', 'B', 'C', 'A']","{'A': 4, 'B': 4, 'D': 4, 'C': 3}",1.0,4.29
104,5,"['A', 'D', 'C', 'B']",0.67,"['D', 'C', 'A', 'B']","{'A': 5, 'D': 4, 'B': 3, 'C': 3}",1.0,4.16
104,5,"['A', 'D', 'C', 'B']",0.67,"['D', 'C', 'B', 'A']","{'A': 4, 'B': 4, 'D': 4, 'C': 3}",1.0,4.29
105,4,"['B', 'A', 'C', 'D']",0.58,"['A', 'B', 'C', 'D']","{'A': 5, 'C': 4, 'B': 3, 'D': 3}",0.75,3.54
105,4,"['B', 'A', 'C', 'D']",0.58,"['A', 'C', 'B', 'D']","{'A': 5, 'C': 4, 'B': 3, 'D': 3}",0.75,3.54
105,4,"['B', 'A', 'C', 'D']",0.58,"['B', 'A', 'C', 'D']","{'A': 5, 'C': 4, 'B': 3, 'D': 3}",0.75,3.54
105,4,"['B', 'A', 'C', 'D']",0.58,"['B', 'C', 'A', 'D']","{'A': 5, 'C': 4, 'B': 3, 'D': 3}",0.75,3.54
105,4,"['B', 'A', 'C', 'D']",0.58,"['C', 'A', 'B', 'D']","{'A': 5, 'C': 4, 'B': 3, 'D': 3}",0.75,3.54
105,4,"['B', 'A', 'C', 'D']",0.58,"['C', 'B', 'A', 'D']","{'A': 5, 'C': 4, 'B': 3, 'D': 3}",0.75,3.54
106,2,"['A', 'B', 'D', 'C']",0.54,"['A', 'B', 'C', 'D']","{'A': 4, 'B': 4, 'D': 4, 'C': 3}",1.0,3.71
106,2,"['A', 'B', 'D', 'C']",0.54,"['A', 'B', 'D', 'C']","{'D': 5, 'A': 4, 'B': 4, 'C': 2}",0.58,3.83
106,2,"['A', 'B', 'D', 'C']",0.54,"['A', 'C', 'B', 'D']","{'A': 4, 'B': 4, 'D': 4, 'C': 3}",1.0,3.71
106,2,"['A', 'B', 'D', 'C']",0.54,"['A', 'C', 'D', 'B']","{'D': 5, 'A': 4, 'B': 3, 'C': 3}",0.58,3.83
106,2,"['A', 'B', 'D', 'C']",0.54,"['A', 'D', 'B', 'C']","{'D': 5, 'A': 4, 'B': 4, 'C': 2}",0.58,3.83
106,2,"['A', 'B', 'D', 'C']",0.54,"['A', 'D', 'C', 'B']","{'D': 5, 'A': 4, 'B': 3, 'C': 3}",0.58,3.83
106,2,"['A', 'B', 'D', 'C']",0.54,"['B', 'A', 'C', 'D']","{'A': 4, 'B': 4, 'D': 4, 'C': 3}",1.0,3.71
106,2,"['A', 'B', 'D', 'C']",0.54,"['B', 'A', 'D', 'C']","{'D': 5, 'A': 4, 'B': 4, 'C': 2}",0.58,3.83
106,2,"['A', 'B', 'D', 'C']",0.54,"['B', 'C', 'A', 'D']","{'A': 4, 'B': 4, 'D': 4, 'C': 3}",1.0,3.71
106,2,"['A', 'B', 'D', 'C']",0.54,"['B', 'D', 'A', 'C']","{'D': 5, 'A': 4, 'B': 4, 'C': 2}",0.58,3.83
106,2,"['A', 'B', 'D', 'C']",0.54,"['C', 'A', 'B', 'D']","{'A': 4, 'B': 4, 'D': 4, 'C': 3}",1.0,3.71
106,2,"['A', 'B', 'D', 'C']",0.54,"['C', 'A', 'D', 'B']","{'D': 5, 'A': 4, 'B': 3, 'C': 3}",0.58,3.83
106,2,"['A', 'B', 'D', 'C']",0.54,"['C', 'B', 'A', 'D']","{'A': 4, 'B': 4, 'D': 4, 'C': 3}",1.0,3.71
106,2,"['A', 'B', 'D', 'C']",0.54,"['C', 'D', 'A', 'B']","{'D': 5, 'A': 4, 'B': 3, 'C': 3}",0.58,3.83
106,2,"['A', 'B', 'D', 'C']",0.54,"['D', 'A', 'B', 'C']","{'D': 5, 'A': 4, 'B': 4, 'C': 2}",0.58,3.83
106,2,"['A', 'B', 'D', 'C']",0.54,"['D', 'A', 'C', 'B']","{'D': 5, 'A': 4, 'B': 3, 'C': 3}",0.58,3.83
106,2,"['A', 'B', 'D', 'C']",0.54,"['D', 'B', 'A', 'C']","{'D': 5, 'A': 4, 'B': 4, 'C': 2}",0.58,3.83
106,2,"['A', 'B', 'D', 'C']",0.54,"['D', 'C', 'A', 'B']","{'D': 5, 'A': 4, 'B': 3, 'C': 3}",0.58,3.83
106,4,"['D', 'A', 'C', 'B']",0.46,"['A', 'C', 'D', 'B']","{'A': 4, 'B': 4, 'D': 4, 'C': 3}",0.5,3.71
106,4,"['D', 'A', 'C', 'B']",0.46,"['A', 'D', 'C', 'B']","{'A': 4, 'B': 4, 'D': 4, 'C': 3}",0.5,3.71
106,4,"['D', 'A', 'C', 'B']",0.46,"['B', 'C', 'D', 'A']","{'B': 5, 'D': 4, 'A': 3, 'C': 3}",0.58,3.87
106,4,"['D', 'A', 'C', 'B']",0.46,"['B', 'D', 'C', 'A']","{'B': 5, 'D': 4, 'A': 3, 'C': 3}",0.58,3.87
106,4,"['D', 'A', 'C', 'B']",0.46,"['C', 'A', 'D', 'B']","{'A': 4, 'B': 4, 'D': 4, 'C': 3}",0.5,3.71
106,4,"['D', 'A', 'C', 'B']",0.46,"['C', 'B', 'D', 'A']","{'B': 5, 'D': 4, 'A': 3, 'C': 3}",0.58,3.87
106,4,"['D', 'A', 'C', 'B']",0.46,"['C', 'D', 'A', 'B']","{'A': 4, 'B': 4, 'D': 4, 'C': 3}",0.5,3.71
106,4,"['D', 'A', 'C', 'B']",0.46,"['C', 'D', 'B', 'A']","{'B': 5, 'D': 4, 'A': 3, 'C': 3}",0.58,3.87
106,4,"['D', 'A', 'C', 'B']",0.46,"['D', 'A', 'C', 'B']","{'A': 4, 'B': 4, 'D': 4, 'C': 3}",0.5,3.71
106,4,"['D', 'A', 'C', 'B']",0.46,"['D', 'B', 'C', 'A']","{'B': 5, 'D': 4, 'A': 3, 'C': 3}",0.58,3.87
106,4,"['D', 'A', 'C', 'B']",0.46,"['D', 'C', 'A', 'B']","{'A': 4, 'B': 4, 'D': 4, 'C': 3}",0.5,3.71
106,4,"['D', 'A', 'C', 'B']",0.46,"['D', 'C', 'B', 'A']","{'B': 5, 'D': 4, 'A': 3, 'C': 3}",0.58,3.87
107,2,"['A', 'C', 'D', 'B']",0.75,"['A', 'B', 'C', 'D']","{'A': 4, 'B': 4, 'C': 4, 'D': 3}",1.0,3.67
107,2,"['A', 'C', 'D', 'B']",0.75,"['A', 'B', 'D', 'C']","{'A': 4, 'B': 4, 'D': 4, 'C': 3}",1.0,3.79
107,2,"['A', 'C', 'D', 'B']",0.75,"['A', 'C', 'B', 'D']","{'A': 4, 'B': 4, 'C': 4, 'D': 3}",1.0,3.67
107,2,"['A', 'C', 'D', 'B']",0.75,"['A', 'C', 'D', 'B']","{'A': 4, 'C': 4, 'D': 4, 'B': 3}",1.0,3.88
107,2,"['A', 'C', 'D', 'B']",0.75,"['A', 'D', 'B', 'C']","{'A': 4, 'B': 4, 'D': 4, 'C': 3}",1.0,3.79
107,2,"['A', 'C', 'D', 'B']",0.75,"['A', 'D', 'C', 'B']","{'A': 4, 'C': 4, 'D': 4, 'B': 3}",1.0,3.88
107,2,"['A', 'C', 'D', 'B']",0.75,"['B', 'A', 'C', 'D']","{'A': 4, 'B': 4, 'C': 4, 'D': 3}",1.0,3.67
107,2,"['A', 'C', 'D', 'B']",0.75,"['B', 'A', 'D', 'C']","{'A': 4, 'B': 4, 'D': 4, 'C': 3}",1.0,3.79
107,2,"['A', 'C', 'D', 'B']",0.75,"['B', 'C', 'A', 'D']","{'A': 4, 'B': 4, 'C': 4, 'D': 3}",1.0,3.67
107,2,"['A', 'C', 'D', 'B']",0.75,"['B', 'D', 'A', 'C']","{'A': 4, 'B': 4, 'D': 4, 'C': 3}",1.0,3.79
107,2,"['A', 'C', 'D', 'B']",0.75,"['C', 'A', 'B', 'D']","{'A': 4, 'B': 4, 'C': 4, 'D': 3}",1.0,3.67
107,2,"['A', 'C', 'D', 'B']",0.75,"['C', 'A', 'D', 'B']","{'A': 4, 'C': 4, 'D': 4, 'B': 3}",1.0,3.88
107,2,"['A', 'C', 'D', 'B']",0.75,"['C', 'B', 'A', 'D']","{'A': 4, 'B': 4, 'C': 4, 'D': 3}",1.0,3.67
107,2,"['A', 'C', 'D', 'B']",0.75,"['C', 'D', 'A', 'B']","{'A': 4, 'C': 4, 'D': 4, 'B': 3}",1.0,3.88
107,2,"['A', 'C', 'D', 'B']",0.75,"['D', 'A', 'B', 'C']","{'A': 4, 'B': 4, 'D': 4, 'C': 3}",1.0,3.79
107,2,"['A', 'C', 'D', 'B']",0.75,"['D', 'A', 'C', 'B']","{'A': 4, 'C': 4, 'D': 4, 'B': 3}",1.0,3.88
107,2,"['A', 'C', 'D', 'B']",0.75,"['D', 'B', 'A', 'C']","{'A': 4, 'B': 4, 'D': 4, 'C': 3}",1.0,3.79
107,2,"['A', 'C', 'D', 'B']",0.75,"['D', 'C', 'A', 'B']","{'A': 4, 'C': 4, 'D': 4, 'B': 3}",1.0,3.88
107,5,"['A', 'D', 'C', 'B']",0.75,"['A', 'B', 'C', 'D']","{'A': 4, 'C': 4, 'D': 4, 'B': 3}",1.0,3.88
107,5,"['A', 'D', 'C', 'B']",0.75,"['A', 'C', 'B', 'D']","{'A': 4, 'C': 4, 'D': 4, 'B': 3}",1.0,3.88
107,5,"['A', 'D', 'C', 'B']",0.75,"['B', 'A', 'C', 'D']","{'A': 4, 'C': 4, 'D': 4, 'B': 3}",1.0,3.88
107,5,"['A', 'D', 'C', 'B']",0.75,"['B', 'C', 'A', 'D']","{'A': 4, 'C': 4, 'D': 4, 'B': 3}",1.0,3.88
107,5,"['A', 'D', 'C', 'B']",0.75,"['C', 'A', 'B', 'D']","{'A': 4, 'C': 4, 'D': 4, 'B': 3}",1.0,3.88
107,5,"['A', 'D', 'C', 'B']",0.75,"['C', 'B', 'A', 'D']","{'A': 4, 'C': 4, 'D': 4, 'B': 3}",1.0,3.88
108,1,"['A', 'D', 'B', 'C']",0.75,"['A', 'B', 'D', 'C']","{'B': 5, 'A': 4, 'C': 4, 'D': 2}",0.79,4.29
108,1,"['A', 'D', 'B', 'C']",0.75,"['A', 'C', 'D', 'B']","{'C': 5, 'A': 4, 'B': 4, 'D': 2}",0.88,4.13
108,1,"['A', 'D', 'B', 'C']",0.75,"['A', 'D', 'B', 'C']","{'B': 5, 'A': 4, 'C': 4, 'D': 2}",0.79,4.29
108,1,"['A', 'D', 'B', 'C']",0.75,"['A', 'D', 'C', 'B']","{'C': 5, 'A': 4, 'B': 4, 'D': 2}",0.88,4.13
108,1,"['A', 'D', 'B', 'C']",0.75,"['B', 'A', 'D', 'C']","{'B': 5, 'A': 4, 'C': 4, 'D': 2}",0.79,4.29
108,1,"['A', 'D', 'B', 'C']",0.75,"['B', 'D', 'A', 'C']","{'B': 5, 'A': 4, 'C': 4, 'D': 2}",0.79,4.29
108,1,"['A', 'D', 'B', 'C']",0.75,"['C', 'A', 'D', 'B']","{'C': 5, 'A': 4, 'B': 4, 'D': 2}",0.88,4.13
108,1,"['A', 'D', 'B', 'C']",0.75,"['C', 'D', 'A', 'B']","{'C': 5, 'A': 4, 'B': 4, 'D': 2}",0.88,4.13
108,1,"['A', 'D', 'B', 'C']",0.75,"['D', 'A', 'B', 'C']","{'B': 5, 'A': 4, 'C': 4, 'D': 2}",0.79,4.29
108,1,"['A', 'D', 'B', 'C']",0.75,"['D', 'A', 'C', 'B']","{'C': 5, 'A': 4, 'B': 4, 'D': 2}",0.88,4.13
108,1,"['A', 'D', 'B', 'C']",0.75,"['D', 'B', 'A', 'C']","{'B': 5, 'A': 4, 'C': 4, 'D': 2}",0.79,4.29
108,1,"['A', 'D', 'B', 'C']",0.75,"['D', 'C', 'A', 'B']","{'C': 5, 'A': 4, 'B': 4, 'D': 2}",0.88,4.13
108,2,"['C', 'A', 'B', 'D']",0.46,"['A', 'B', 'C', 'D']","{'B': 5, 'C': 5, 'A': 4, 'D': 1}",0.88,4.42
108,2,"['C', 'A', 'B', 'D']",0.46,"['A', 'B', 'D', 'C']","{'B': 5, 'A': 4, 'C': 4, 'D': 2}",0.75,4.29
108,2,"['C', 'A', 'B', 'D']",0.46,"['A', 'C', 'B', 'D']","{'B': 5, 'C': 5, 'A': 4, 'D': 1}",0.88,4.42
108,2,"['C', 'A', 'B', 'D']",0.46,"['A', 'C', 'D', 'B']","{'C': 5, 'A': 4, 'B': 4, 'D': 2}",1.0,4.13
108,2,"['C', 'A', 'B', 'D']",0.46,"['A', 'D', 'B', 'C']","{'B': 5, 'A': 4, 'C': 4, 'D': 2}",0.75,4.29
108,2,"['C', 'A', 'B', 'D']",0.46,"['A', 'D', 'C', 'B']","{'C': 5, 'A': 4, 'B': 4, 'D': 2}",1.0,4.13
108,2,"['C', 'A', 'B', 'D']",0.46,"['B', 'A', 'C', 'D']","{'B': 5, 'C': 5, 'A': 4, 'D': 1}",0.88,4.42
108,2,"['C', 'A', 'B', 'D']",0.46,"['B', 'A', 'D', 'C']","{'B': 5, 'A': 4, 'C': 4, 'D': 2}",0.75,4.29
108,2,"['C', 'A', 'B', 'D']",0.46,"['B', 'C', 'A', 'D']","{'B': 5, 'C': 5, 'A': 4, 'D': 1}",0.88,4.42
108,2,"['C', 'A', 'B', 'D']",0.46,"['B', 'C', 'D', 'A']","{'B': 5, 'C': 5, 'A': 3, 'D': 2}",0.88,4.42
108,2,"['C', 'A', 'B', 'D']",0.46,"['B', 'D', 'A', 'C']","{'B': 5, 'A': 4, 'C': 4, 'D': 2}",0.75,4.29
108,2,"['C', 'A', 'B', 'D']",0.46,"['B', 'D', 'C', 'A']","{'B': 5, 'C': 5, 'A': 3, 'D': 2}",0.88,4.42
108,2,"['C', 'A', 'B', 'D']",0.46,"['C', 'A', 'B', 'D']","{'B': 5, 'C': 5, 'A': 4, 'D': 1}",0.88,4.42
108,2,"['C', 'A', 'B', 'D']",0.46,"['C', 'A', 'D', 'B']","{'C': 5, 'A': 4, 'B': 4, 'D': 2}",1.0,4.13
108,2,"['C', 'A', 'B', 'D']",0.46,"['C', 'B', 'A', 'D']","{'B': 5, 'C': 5, 'A': 4, 'D': 1}",0.88,4.42
108,2,"['C', 'A', 'B', 'D']",0.46,"['C', 'B', 'D', 'A']","{'B': 5, 'C': 5, 'A': 3, 'D': 2}",0.88,4.42
108,2,"['C', 'A', 'B', 'D']",0.46,"['C', 'D', 'A', 'B']","{'C': 5, 'A': 4, 'B': 4, 'D': 2}",1.0,4.13
108,2,"['C', 'A', 'B', 'D']",0.46,"['C', 'D', 'B', 'A']","{'B': 5, 'C': 5, 'A': 3, 'D': 2}",0.88,4.42
108,2,"['C', 'A', 'B', 'D']",0.46,"['D', 'A', 'B', 'C']","{'B': 5, 'A': 4, 'C': 4, 'D': 2}",0.75,4.29
108,2,"['C', 'A', 'B', 'D']",0.46,"['D', 'A', 'C', 'B']","{'C': 5, 'A': 4, 'B': 4, 'D': 2}",1.0,4.13
108,2,"['C', 'A', 'B', 'D']",0.46,"['D', 'B', 'A', 'C']","{'B': 5, 'A': 4, 'C': 4, 'D': 2}",0.75,4.29
108,2,"['C', 'A', 'B', 'D']",0.46,"['D', 'B', 'C', 'A']","{'B': 5, 'C': 5, 'A': 3, 'D': 2}",0.88,4.42
108,2,"['C', 'A', 'B', 'D']",0.46,"['D', 'C', 'A', 'B']","{'C': 5, 'A': 4, 'B': 4, 'D': 2}",1.0,4.13
108,2,"['C', 'A', 'B', 'D']",0.46,"['D', 'C', 'B', 'A']","{'B': 5, 'C': 5, 'A': 3, 'D': 2}",0.88,4.42
108,4,"['C', 'B', 'D', 'A']",0.58,"['A', 'B', 'C', 'D']","{'B': 5, 'C': 5, 'A': 4, 'D': 1}",0.79,4.42
108,4,"['C', 'B', 'D', 'A']",0.58,"['A', 'B', 'D', 'C']","{'B': 5, 'A': 4, 'C': 4, 'D': 2}",0.75,4.29
108,4,"['C', 'B', 'D', 'A']",0.58,"['A', 'C', 'B', 'D']","{'B': 5, 'C': 5, 'A': 4, 'D': 1}",0.79,4.42
108,4,"['C', 'B', 'D', 'A']",0.58,"['A', 'C', 'D', 'B']","{'C': 5, 'A': 4, 'B': 4, 'D': 2}",1.0,4.13
108,4,"['C', 'B', 'D', 'A']",0.58,"['A', 'D', 'B', 'C']","{'B': 5, 'A': 4, 'C': 4, 'D': 2}",0.75,4.29
108,4,"['C', 'B', 'D', 'A']",0.58,"['A', 'D', 'C', 'B']","{'C': 5, 'A': 4, 'B': 4, 'D': 2}",1.0,4.13
108,4,"['C', 'B', 'D', 'A']",0.58,"['B', 'A', 'C', 'D']","{'B': 5, 'C': 5, 'A': 4, 'D': 1}",0.79,4.42
108,4,"['C', 'B', 'D', 'A']",0.58,"['B', 'A', 'D', 'C']","{'B': 5, 'A': 4, 'C': 4, 'D': 2}",0.75,4.29
108,4,"['C', 'B', 'D', 'A']",0.58,"['B', 'C', 'A', 'D']","{'B': 5, 'C': 5, 'A': 4, 'D': 1}",0.79,4.42
108,4,"['C', 'B', 'D', 'A']",0.58,"['B', 'C', 'D', 'A']","{'B': 5, 'C': 5, 'A': 3, 'D': 2}",0.79,4.42
108,4,"['C', 'B', 'D', 'A']",0.58,"['B', 'D', 'A', 'C']","{'B': 5, 'A': 4, 'C': 4, 'D': 2}",0.75,4.29
108,4,"['C', 'B', 'D', 'A']",0.58,"['B', 'D', 'C', 'A']","{'B': 5, 'C': 5, 'A': 3, 'D': 2}",0.79,4.42
108,4,"['C', 'B', 'D', 'A']",0.58,"['C', 'A', 'B', 'D']","{'B': 5, 'C': 5, 'A': 4, 'D': 1}",0.79,4.42
108,4,"['C', 'B', 'D', 'A']",0.58,"['C', 'A', 'D', 'B']","{'C': 5, 'A': 4, 'B': 4, 'D': 2}",1.0,4.13
108,4,"['C', 'B', 'D', 'A']",0.58,"['C', 'B', 'A', 'D']","{'B': 5, 'C': 5, 'A': 4, 'D': 1}",0.79,4.42
108,4,"['C', 'B', 'D', 'A']",0.58,"['C', 'B', 'D', 'A']","{'B': 5, 'C': 5, 'A': 3, 'D': 2}",0.79,4.42
108,4,"['C', 'B', 'D', 'A']",0.58,"['C', 'D', 'A', 'B']","{'C': 5, 'A': 4, 'B': 4, 'D': 2}",1.0,4.13
108,4,"['C', 'B', 'D', 'A']",0.58,"['C', 'D', 'B', 'A']","{'B': 5, 'C': 5, 'A': 3, 'D': 2}",0.79,4.42
108,4,"['C', 'B', 'D', 'A']",0.58,"['D', 'A', 'B', 'C']","{'B': 5, 'A': 4, 'C': 4, 'D': 2}",0.75,4.29
108,4,"['C', 'B', 'D', 'A']",0.58,"['D', 'A', 'C', 'B']","{'C': 5, 'A': 4, 'B': 4, 'D': 2}",1.0,4.13
108,4,"['C', 'B', 'D', 'A']",0.58,"['D', 'B', 'A', 'C']","{'B': 5, 'A': 4, 'C': 4, 'D': 2}",0.75,4.29
108,4,"['C', 'B', 'D', 'A']",0.58,"['D', 'B', 'C', 'A']","{'B': 5, 'C': 5, 'A': 3, 'D': 2}",0.79,4.42
108,4,"['C', 'B', 'D', 'A']",0.58,"['D', 'C', 'A', 'B']","{'C': 5, 'A': 4, 'B': 4, 'D': 2}",1.0,4.13
108,4,"['C', 'B', 'D', 'A']",0.58,"['D', 'C', 'B', 'A']","{'B': 5, 'C': 5, 'A': 3, 'D': 2}",0.79,4.42
109,2,"['A', 'B', 'D', 'C']",0.58,"['A', 'B', 'C', 'D']","{'B': 5, 'A': 4, 'C': 3, 'D': 3}",0.79,4.21
109,2,"['A', 'B', 'D', 'C']",0.58,"['A', 'B', 'D', 'C']","{'B': 5, 'A': 4, 'D': 4, 'C': 2}",0.67,4.0
109,2,"['A', 'B', 'D', 'C']",0.58,"['A', 'C', 'B', 'D']","{'B': 5, 'A': 4, 'C': 3, 'D': 3}",0.79,4.21
109,2,"['A', 'B', 'D', 'C']",0.58,"['A', 'C', 'D', 'B']","{'A': 4, 'B': 4, 'D': 4, 'C': 3}",1.0,4.12
109,2,"['A', 'B', 'D', 'C']",0.58,"['A', 'D', 'B', 'C']","{'B': 5, 'A': 4, 'D': 4, 'C': 2}",0.67,4.0
109,2,"['A', 'B', 'D', 'C']",0.58,"['A', 'D', 'C', 'B']","{'A': 4, 'B': 4, 'D': 4, 'C': 3}",1.0,4.12
109,2,"['A', 'B', 'D', 'C']",0.58,"['B', 'A', 'C', 'D']","{'B': 5, 'A': 4, 'C': 3, 'D': 3}",0.79,4.21
109,2,"['A', 'B', 'D', 'C']",0.58,"['B', 'A', 'D', 'C']","{'B': 5, 'A': 4, 'D': 4, 'C': 2}",0.67,4.0
109,2,"['A', 'B', 'D', 'C']",0.58,"['B', 'C', 'A', 'D']","{'B': 5, 'A': 4, 'C': 3, 'D': 3}",0.79,4.21
109,2,"['A', 'B', 'D', 'C']",0.58,"['B', 'D', 'A', 'C']","{'B': 5, 'A': 4, 'D': 4, 'C': 2}",0.67,4.0
109,2,"['A', 'B', 'D', 'C']",0.58,"['C', 'A', 'B', 'D']","{'B': 5, 'A': 4, 'C': 3, 'D': 3}",0.79,4.21
109,2,"['A', 'B', 'D', 'C']",0.58,"['C', 'A', 'D', 'B']","{'A': 4, 'B': 4, 'D': 4, 'C': 3}",1.0,4.12
109,2,"['A', 'B', 'D', 'C']",0.58,"['C', 'B', 'A', 'D']","{'B': 5, 'A': 4, 'C': 3, 'D': 3}",0.79,4.21
109,2,"['A', 'B', 'D', 'C']",0.58,"['C', 'D', 'A', 'B']","{'A': 4, 'B': 4, 'D': 4, 'C': 3}",1.0,4.12
109,2,"['A', 'B', 'D', 'C']",0.58,"['D', 'A', 'B', 'C']","{'B': 5, 'A': 4, 'D': 4, 'C': 2}",0.67,4.0
109,2,"['A', 'B', 'D', 'C']",0.58,"['D', 'A', 'C', 'B']","{'A': 4, 'B': 4, 'D': 4, 'C': 3}",1.0,4.12
109,2,"['A', 'B', 'D', 'C']",0.58,"['D', 'B', 'A', 'C']","{'B': 5, 'A': 4, 'D': 4, 'C': 2}",0.67,4.0
109,2,"['A', 'B', 'D', 'C']",0.58,"['D', 'C', 'A', 'B']","{'A': 4, 'B': 4, 'D': 4, 'C': 3}",1.0,4.12
109,3,"['A', 'C', 'B', 'D']",0.75,"['A', 'B', 'C', 'D']","{'B': 5, 'A': 4, 'C': 3, 'D': 3}",0.88,4.21
109,3,"['A', 'C', 'B', 'D']",0.75,"['A', 'C', 'B', 'D']","{'B': 5, 'A': 4, 'C': 3, 'D': 3}",0.88,4.21
109,3,"['A', 'C', 'B', 'D']",0.75,"['A', 'C', 'D', 'B']","{'A': 4, 'B': 4, 'D': 4, 'C': 3}",1.0,4.12
109,3,"['A', 'C', 'B', 'D']",0.75,"['A', 'D', 'C', 'B']","{'A': 4, 'B': 4, 'D': 4, 'C': 3}",1.0,4.12
109,3,"['A', 'C', 'B', 'D']",0.75,"['B', 'A', 'C', 'D']","{'B': 5, 'A': 4, 'C': 3, 'D': 3}",0.88,4.21
109,3,"['A', 'C', 'B', 'D']",0.75,"['B', 'C', 'A', 'D']","{'B': 5, 'A': 4, 'C': 3, 'D': 3}",0.88,4.21
109,3,"['A', 'C', 'B', 'D']",0.75,"['C', 'A', 'B', 'D']","{'B': 5, 'A': 4, 'C': 3, 'D': 3}",0.88,4.21
109,3,"['A', 'C', 'B', 'D']",0.75,"['C', 'A', 'D', 'B']","{'A': 4, 'B': 4, 'D': 4, 'C': 3}",1.0,4.12
109,3,"['A', 'C', 'B', 'D']",0.75,"['C', 'B', 'A', 'D']","{'B': 5, 'A': 4, 'C': 3, 'D': 3}",0.88,4.21
109,3,"['A', 'C', 'B', 'D']",0.75,"['C', 'D', 'A', 'B']","{'A': 4, 'B': 4, 'D': 4, 'C': 3}",1.0,4.12
109,3,"['A', 'C', 'B', 'D']",0.75,"['D', 'A', 'C', 'B']","{'A': 4, 'B': 4, 'D': 4, 'C': 3}",1.0,4.12
109,3,"['A', 'C', 'B', 'D']",0.75,"['D', 'C', 'A', 'B']","{'A': 4, 'B': 4, 'D': 4, 'C': 3}",1.0,4.12
110,[],[],"[0.75, 1.0, 1.0, 1.0, 1.0]",[],"{'A': 5, 'B': 5, 'C': 4, 'D': 1}","[0.75, 1.0, 1.0, 1.0, 1.0]",4.75
111,[4],"[['B', 'A', 'C', 'D']]","[1.0, 1.0, 1.0, 0.46, 0.75]","[['B', 'C', 'D', 'A']]","{'C': 5, 'D': 5, 'B': 3, 'A': 2}","[1.0, 1.0, 1.0, 0.5, 0.58]",4.08
112,"[2, 5]","[['D', 'B', 'A', 'C'], ['B', 'C', 'D', 'A']]","[0.75, 0.5, 0.67, 0.75, 0.5]","[['B', 'C', 'D', 'A'], ['A', 'B', 'C', 'D']]","{'C': 5, 'A': 4, 'B': 3, 'D': 3}","[0.58, 0.42, 1.0, 0.58, 0.58]",3.16
113,"[1, 2, 5]","[['C', 'A', 'D', 'B'], ['C', 'D', 'A', 'B'], ['A', 'D', 'C', 'B']]","[0.75, 0.75, 0.54, 0.67, 0.88]","[['A', 'B', 'C', 'D'], ['B', 'C', 'D', 'A'], ['A', 'B', 'C', 'D']]","{'B': 5, 'C': 4, 'A': 3, 'D': 3}","[0.58, 0.58, 1.0, 0.58, 0.46]",3.2
114,[4],"[['B', 'D', 'A', 'C']]","[0.79, 1.0, 0.58, 0.46, 0.58]","[['B', 'C', 'D', 'A']]","{'C': 5, 'D': 4, 'A': 3, 'B': 3}","[1.0, 0.75, 0.54, 0.5, 1.0]",3.79
115,[],[],"[0.67, 0.79, 1.0, 0.79, 0.58]",[],"{'D': 5, 'C': 4, 'A': 3, 'B': 3}","[0.67, 0.79, 1.0, 0.79, 0.58]",3.83
116,"[2, 3]","[['B', 'D', 'C', 'A'], ['B', 'C', 'D', 'A']]","[0.46, 0.79, 0.88, 0.75, 0.58]","[['A', 'B', 'D', 'C'], ['A', 'B', 'D', 'C']]","{'A': 4, 'B': 4, 'D': 4, 'C': 3}","[1.0, 0.58, 0.58, 0.54, 1.0]",3.7
117,[],[],"[0.75, 0.75, 0.58, 1.0, 0.58]",[],"{'A': 5, 'B': 5, 'C': 3, 'D': 2}","[0.75, 0.75, 0.58, 1.0, 0.58]",3.66
118,[],[],"[0.67, 0.58, 1.0, 1.0, 0.75]",[],"{'C': 5, 'B': 4, 'A': 3, 'D': 3}","[0.67, 0.58, 1.0, 1.0, 0.75]",4.0
119,[],[],"[0.75, 0.75, 0.75, 0.58, 1.0]",[],"{'A': 5, 'B': 4, 'C': 3, 'D': 3}","[0.75, 0.75, 0.75, 0.58, 1.0]",3.83
120,3,"['B', 'D', 'A', 'C']",0.54,"['B', 'D', 'C', 'A']","{'D': 11, 'C': 10, 'B': 5, 'A': 4}",0.58,4.04
120,5,"['C', 'D', 'B', 'A']",0.75,"['B', 'C', 'A', 'D']","{'D': 9, 'C': 8, 'B': 7, 'A': 6}",0.88,4.04
120,5,"['C', 'D', 'B', 'A']",0.75,"['B', 'C', 'D', 'A']","{'D': 10, 'C': 8, 'B': 7, 'A': 5}",0.88,4.04
120,5,"['C', 'D', 'B', 'A']",0.75,"['C', 'A', 'B', 'D']","{'C': 9, 'D': 9, 'A': 7, 'B': 5}",1.0,3.88
120,5,"['C', 'D', 'B', 'A']",0.75,"['C', 'B', 'A', 'D']","{'C': 9, 'D': 9, 'A': 6, 'B': 6}",1.0,3.88
120,5,"['C', 'D', 'B', 'A']",0.75,"['C', 'B', 'D', 'A']","{'D': 10, 'C': 9, 'B': 6, 'A': 5}",0.88,4.04
120,5,"['C', 'D', 'B', 'A']",0.75,"['D', 'B', 'C', 'A']","{'D': 12, 'C': 7, 'B': 6, 'A': 5}",0.88,4.04
121,2,"['D', 'A', 'C', 'B']",0.75,"['D', 'A', 'B', 'C']","{'A': 9, 'D': 8, 'C': 7, 'B': 6}",0.88,3.96
121,2,"['D', 'A', 'C', 'B']",0.75,"['D', 'B', 'C', 'A']","{'C': 8, 'D': 8, 'A': 7, 'B': 7}",0.79,3.79
121,2,"['D', 'A', 'C', 'B']",0.75,"['D', 'C', 'B', 'A']","{'C': 9, 'D': 8, 'A': 7, 'B': 6}",0.79,3.79
121,4,"['D', 'B', 'C', 'A']",0.46,"['C', 'B', 'D', 'A']","{'C': 10, 'A': 9, 'D': 6, 'B': 5}",0.5,3.79
121,4,"['D', 'B', 'C', 'A']",0.46,"['C', 'D', 'B', 'A']","{'C': 10, 'A': 9, 'D': 7, 'B': 4}",0.5,3.79
121,4,"['D', 'B', 'C', 'A']",0.46,"['D', 'A', 'B', 'C']","{'A': 11, 'D': 8, 'C': 7, 'B': 4}",0.58,3.96
121,4,"['D', 'B', 'C', 'A']",0.46,"['D', 'B', 'A', 'C']","{'A': 10, 'D': 8, 'C': 7, 'B': 5}",0.58,3.96
122,1,"['D', 'A', 'C', 'B']",0.75,"['D', 'C', 'B', 'A']","{'C': 11, 'D': 7, 'A': 6, 'B': 6}",0.79,4.04
123,3,"['C', 'D', 'A', 'B']",0.75,"['A', 'C', 'B', 'D']","{'A': 10, 'C': 7, 'D': 7, 'B': 6}",0.79,3.62
123,3,"['C', 'D', 'A', 'B']",0.75,"['C', 'A', 'B', 'D']","{'A': 9, 'C': 8, 'D': 7, 'B': 6}",0.79,3.62
123,3,"['C', 'D', 'A', 'B']",0.75,"['C', 'A', 'D', 'B']","{'A': 9, 'C': 8, 'D': 8, 'B': 5}",0.79,3.62
123,3,"['C', 'D', 'A', 'B']",0.75,"['C', 'B', 'D', 'A']","{'C': 8, 'D': 8, 'A': 7, 'B': 7}",1.0,3.54
123,3,"['C', 'D', 'A', 'B']",0.75,"['C', 'D', 'B', 'A']","{'D': 9, 'C': 8, 'A': 7, 'B': 6}",0.88,3.88
125,4,"['B', 'C', 'D', 'A']",0.42,"['A', 'C', 'B', 'D']","{'A': 14, 'C': 7, 'D': 7, 'B': 2}",0.5,4.08
125,4,"['B', 'C', 'D', 'A']",0.42,"['B', 'C', 'A', 'D']","{'A': 12, 'C': 7, 'D': 7, 'B': 4}",0.5,4.08
125,4,"['B', 'C', 'D', 'A']",0.42,"['C', 'A', 'B', 'D']","{'A': 13, 'C': 8, 'D': 7, 'B': 2}",0.5,4.08
125,4,"['B', 'C', 'D', 'A']",0.42,"['C', 'A', 'D', 'B']","{'A': 13, 'C': 8, 'D': 8, 'B': 1}",0.5,4.08
125,4,"['B', 'C', 'D', 'A']",0.42,"['C', 'B', 'A', 'D']","{'A': 12, 'C': 8, 'D': 7, 'B': 3}",0.5,4.08
125,4,"['B', 'C', 'D', 'A']",0.42,"['C', 'B', 'D', 'A']","{'A': 11, 'C': 8, 'D': 8, 'B': 3}",0.5,4.08
126,1,"['A', 'B', 'C', 'D']",0.88,"['A', 'C', 'D', 'B']","{'A': 9, 'B': 9, 'C': 7, 'D': 5}",1.0,4.0
126,1,"['A', 'B', 'C', 'D']",0.88,"['A', 'D', 'C', 'B']","{'A': 9, 'B': 9, 'C': 6, 'D': 6}",1.0,4.0
126,2,"['A', 'B', 'D', 'C']",0.75,"['A', 'C', 'D', 'B']","{'A': 9, 'B': 9, 'C': 8, 'D': 4}",1.0,4.0
126,2,"['A', 'B', 'D', 'C']",0.75,"['A', 'D', 'C', 'B']","{'A': 9, 'B': 9, 'C': 7, 'D': 5}",1.0,4.0
127,1,"['B', 'A', 'D', 'C']",0.75,"['B', 'C', 'A', 'D']","{'D': 9, 'B': 8, 'A': 7, 'C': 6}",0.79,4.04
127,1,"['B', 'A', 'D', 'C']",0.75,"['B', 'C', 'D', 'A']","{'D': 10, 'B': 8, 'A': 6, 'C': 6}",0.79,4.04
127,1,"['B', 'A', 'D', 'C']",0.75,"['B', 'D', 'A', 'C']","{'D': 11, 'B': 8, 'A': 7, 'C': 4}",0.79,4.04
127,1,"['B', 'A', 'D', 'C']",0.75,"['B', 'D', 'C', 'A']","{'D': 11, 'B': 8, 'A': 6, 'C': 5}",0.79,4.04
127,1,"['B', 'A', 'D', 'C']",0.75,"['D', 'B', 'C', 'A']","{'D': 12, 'B': 7, 'A': 6, 'C': 5}",0.79,4.04
128,2,"['C', 'B', 'D', 'A']",0.88,"['C', 'A', 'D', 'B']","{'C': 9, 'B': 8, 'D': 8, 'A': 5}",1.0,4.16
128,2,"['C', 'B', 'D', 'A']",0.88,"['C', 'D', 'A', 'B']","{'C': 9, 'D': 9, 'B': 8, 'A': 4}",1.0,4.0
131,"[2, 3]","[10, 10]","[0.79, 0.88]","[['A', 'C', 'B', 'D'], ['C', 'D', 'A', 'B']]","{'C': 9, 'A': 8, 'B': 8, 'D': 5}","[1.0, 1.0]",3.92
131,"[2, 3]","[10, 10]","[0.79, 0.88]","[['A', 'C', 'D', 'B'], ['C', 'D', 'A', 'B']]","{'C': 9, 'A': 8, 'B': 7, 'D': 6}","[1.0, 1.0]",3.92
131,"[2, 3]","[10, 10]","[0.79, 0.88]","[['A', 'C', 'D', 'B'], ['C', 'D', 'B', 'A']]","{'C': 9, 'B': 8, 'A': 7, 'D': 6}","[1.0, 1.0]",4.08
131,"[2, 3]","[10, 10]","[0.79, 0.88]","[['C', 'A', 'B', 'D'], ['C', 'A', 'B', 'D']]","{'C': 10, 'B': 9, 'A': 8, 'D': 3}","[1.0, 1.0]",4.08
131,"[2, 3]","[10, 10]","[0.79, 0.88]","[['C', 'A', 'B', 'D'], ['C', 'A', 'D', 'B']]","{'C': 10, 'A': 8, 'B': 8, 'D': 4}","[1.0, 1.0]",3.92
131,"[2, 3]","[10, 10]","[0.79, 0.88]","[['C', 'A', 'B', 'D'], ['C', 'D', 'A', 'B']]","{'C': 10, 'B': 8, 'A': 7, 'D': 5}","[1.0, 1.0]",4.08
131,"[2, 3]","[10, 10]","[0.79, 0.88]","[['C', 'A', 'B', 'D'], ['C', 'D', 'B', 'A']]","{'C': 10, 'B': 9, 'A': 6, 'D': 5}","[1.0, 1.0]",4.08
131,"[2, 3]","[10, 10]","[0.79, 0.88]","[['C', 'A', 'B', 'D'], ['D', 'C', 'A', 'B']]","{'C': 9, 'B': 8, 'A': 7, 'D': 6}","[1.0, 1.0]",4.08
131,"[2, 3]","[10, 10]","[0.79, 0.88]","[['C', 'A', 'D', 'B'], ['C', 'A', 'B', 'D']]","{'C': 10, 'A': 8, 'B': 8, 'D': 4}","[1.0, 1.0]",3.92
131,"[2, 3]","[10, 10]","[0.79, 0.88]","[['C', 'A', 'D', 'B'], ['C', 'A', 'D', 'B']]","{'C': 10, 'A': 8, 'B': 7, 'D': 5}","[1.0, 1.0]",3.92
131,"[2, 3]","[10, 10]","[0.79, 0.88]","[['C', 'A', 'D', 'B'], ['C', 'B', 'A', 'D']]","{'C': 10, 'B': 9, 'A': 7, 'D': 4}","[1.0, 1.0]",4.08
131,"[2, 3]","[10, 10]","[0.79, 0.88]","[['C', 'A', 'D', 'B'], ['C', 'B', 'D', 'A']]","{'C': 10, 'B': 9, 'A': 6, 'D': 5}","[1.0, 1.0]",4.08
131,"[2, 3]","[10, 10]","[0.79, 0.88]","[['C', 'A', 'D', 'B'], ['C', 'D', 'A', 'B']]","{'C': 10, 'A': 7, 'B': 7, 'D': 6}","[1.0, 1.0]",3.92
131,"[2, 3]","[10, 10]","[0.79, 0.88]","[['C', 'A', 'D', 'B'], ['C', 'D', 'B', 'A']]","{'C': 10, 'B': 8, 'A': 6, 'D': 6}","[1.0, 1.0]",4.08
131,"[2, 3]","[10, 10]","[0.79, 0.88]","[['C', 'A', 'D', 'B'], ['D', 'C', 'A', 'B']]","{'C': 9, 'A': 7, 'B': 7, 'D': 7}","[1.0, 1.0]",3.92
131,"[2, 3]","[10, 10]","[0.79, 0.88]","[['C', 'A', 'D', 'B'], ['D', 'C', 'B', 'A']]","{'C': 9, 'B': 8, 'D': 7, 'A': 6}","[1.0, 1.0]",4.04
131,"[2, 3]","[10, 10]","[0.79, 0.88]","[['C', 'B', 'A', 'D'], ['C', 'A', 'D', 'B']]","{'C': 10, 'B': 9, 'A': 7, 'D': 4}","[1.0, 1.0]",4.08
131,"[2, 3]","[10, 10]","[0.79, 0.88]","[['C', 'B', 'A', 'D'], ['C', 'D', 'A', 'B']]","{'C': 10, 'B': 9, 'A': 6, 'D': 5}","[1.0, 1.0]",4.08
131,"[2, 3]","[10, 10]","[0.79, 0.88]","[['C', 'B', 'D', 'A'], ['C', 'A', 'D', 'B']]","{'C': 10, 'B': 9, 'A': 6, 'D': 5}","[1.0, 1.0]",4.08
131,"[2, 3]","[10, 10]","[0.79, 0.88]","[['C', 'B', 'D', 'A'], ['C', 'D', 'A', 'B']]","{'C': 10, 'B': 9, 'D': 6, 'A': 5}","[1.0, 1.0]",4.04
131,"[2, 3]","[10, 10]","[0.79, 0.88]","[['C', 'D', 'A', 'B'], ['A', 'C', 'B', 'D']]","{'C': 9, 'A': 8, 'B': 8, 'D': 5}","[1.0, 1.0]",3.92
131,"[2, 3]","[10, 10]","[0.79, 0.88]","[['C', 'D', 'A', 'B'], ['A', 'C', 'D', 'B']]","{'C': 9, 'A': 8, 'B': 7, 'D': 6}","[1.0, 1.0]",3.92
131,"[2, 3]","[10, 10]","[0.79, 0.88]","[['C', 'D', 'A', 'B'], ['C', 'A', 'B', 'D']]","{'C': 10, 'B': 8, 'A': 7, 'D': 5}","[1.0, 1.0]",4.08
131,"[2, 3]","[10, 10]","[0.79, 0.88]","[['C', 'D', 'A', 'B'], ['C', 'A', 'D', 'B']]","{'C': 10, 'A': 7, 'B': 7, 'D': 6}","[1.0, 1.0]",3.92
131,"[2, 3]","[10, 10]","[0.79, 0.88]","[['C', 'D', 'A', 'B'], ['C', 'B', 'A', 'D']]","{'C': 10, 'B': 9, 'A': 6, 'D': 5}","[1.0, 1.0]",4.08
131,"[2, 3]","[10, 10]","[0.79, 0.88]","[['C', 'D', 'A', 'B'], ['C', 'B', 'D', 'A']]","{'C': 10, 'B': 9, 'D': 6, 'A': 5}","[1.0, 1.0]",4.04
131,"[2, 3]","[10, 10]","[0.79, 0.88]","[['C', 'D', 'A', 'B'], ['C', 'D', 'A', 'B']]","{'C': 10, 'B': 7, 'D': 7, 'A': 6}","[1.0, 1.0]",4.04
131,"[2, 3]","[10, 10]","[0.79, 0.88]","[['C', 'D', 'A', 'B'], ['C', 'D', 'B', 'A']]","{'C': 10, 'B': 8, 'D': 7, 'A': 5}","[1.0, 1.0]",4.04
131,"[2, 3]","[10, 10]","[0.79, 0.88]","[['C', 'D', 'A', 'B'], ['D', 'A', 'C', 'B']]","{'C': 8, 'D': 8, 'A': 7, 'B': 7}","[1.0, 1.0]",3.66
131,"[2, 3]","[10, 10]","[0.79, 0.88]","[['C', 'D', 'A', 'B'], ['D', 'C', 'A', 'B']]","{'C': 9, 'D': 8, 'B': 7, 'A': 6}","[1.0, 1.0]",3.83
131,"[2, 3]","[10, 10]","[0.79, 0.88]","[['C', 'D', 'A', 'B'], ['D', 'C', 'B', 'A']]","{'C': 9, 'B': 8, 'D': 8, 'A': 5}","[1.0, 1.0]",4.04
131,"[2, 3]","[10, 10]","[0.79, 0.88]","[['C', 'D', 'B', 'A'], ['A', 'C', 'D', 'B']]","{'C': 9, 'B': 8, 'A': 7, 'D': 6}","[1.0, 1.0]",4.08
131,"[2, 3]","[10, 10]","[0.79, 0.88]","[['C', 'D', 'B', 'A'], ['C', 'A', 'B', 'D']]","{'C': 10, 'B': 9, 'A': 6, 'D': 5}","[1.0, 1.0]",4.08
131,"[2, 3]","[10, 10]","[0.79, 0.88]","[['C', 'D', 'B', 'A'], ['C', 'A', 'D', 'B']]","{'C': 10, 'B': 8, 'A': 6, 'D': 6}","[1.0, 1.0]",4.08
131,"[2, 3]","[10, 10]","[0.79, 0.88]","[['C', 'D', 'B', 'A'], ['C', 'D', 'A', 'B']]","{'C': 10, 'B': 8, 'D': 7, 'A': 5}","[1.0, 1.0]",4.04
131,"[2, 3]","[10, 10]","[0.79, 0.88]","[['C', 'D', 'B', 'A'], ['C', 'D', 'B', 'A']]","{'C': 10, 'B': 9, 'D': 7, 'A': 4}","[1.0, 1.0]",4.04
131,"[2, 3]","[10, 10]","[0.79, 0.88]","[['C', 'D', 'B', 'A'], ['D', 'C', 'A', 'B']]","{'C': 9, 'B': 8, 'D': 8, 'A': 5}","[1.0, 1.0]",4.04
131,"[2, 3]","[10, 10]","[0.79, 0.88]","[['D', 'A', 'C', 'B'], ['C', 'D', 'A', 'B']]","{'C': 8, 'D': 8, 'A': 7, 'B': 7}","[1.0, 1.0]",3.66
131,"[2, 3]","[10, 10]","[0.79, 0.88]","[['D', 'C', 'A', 'B'], ['C', 'A', 'B', 'D']]","{'C': 9, 'B': 8, 'A': 7, 'D': 6}","[1.0, 1.0]",4.08
131,"[2, 3]","[10, 10]","[0.79, 0.88]","[['D', 'C', 'A', 'B'], ['C', 'A', 'D', 'B']]","{'C': 9, 'A': 7, 'B': 7, 'D': 7}","[1.0, 1.0]",3.92
131,"[2, 3]","[10, 10]","[0.79, 0.88]","[['D', 'C', 'A', 'B'], ['C', 'D', 'A', 'B']]","{'C': 9, 'D': 8, 'B': 7, 'A': 6}","[1.0, 1.0]",3.83
131,"[2, 3]","[10, 10]","[0.79, 0.88]","[['D', 'C', 'A', 'B'], ['C', 'D', 'B', 'A']]","{'C': 9, 'B': 8, 'D': 8, 'A': 5}","[1.0, 1.0]",4.04
131,"[2, 3]","[10, 10]","[0.79, 0.88]","[['D', 'C', 'B', 'A'], ['C', 'A', 'D', 'B']]","{'C': 9, 'B': 8, 'D': 7, 'A': 6}","[1.0, 1.0]",4.04
131,"[2, 3]","[10, 10]","[0.79, 0.88]","[['D', 'C', 'B', 'A'], ['C', 'D', 'A', 'B']]","{'C': 9, 'B': 8, 'D': 8, 'A': 5}","[1.0, 1.0]",4.04
131,"[2, 4]","[10, 7]","[0.79, 0.75]","[['A', 'C', 'D', 'B'], ['A', 'C', 'D', 'B']]","{'C': 9, 'A': 8, 'B': 8, 'D': 5}","[1.0, 0.88]",3.92
131,"[3, 4]","[10, 7]","[0.88, 0.75]","[['A', 'C', 'B', 'D'], ['C', 'A', 'D', 'B']]","{'C': 10, 'A': 8, 'B': 8, 'D': 4}","[1.0, 0.88]",3.92
131,"[3, 4]","[10, 7]","[0.88, 0.75]","[['A', 'C', 'D', 'B'], ['C', 'A', 'B', 'D']]","{'C': 10, 'A': 8, 'B': 8, 'D': 4}","[1.0, 0.88]",3.92
131,"[3, 4]","[10, 7]","[0.88, 0.75]","[['A', 'C', 'D', 'B'], ['C', 'A', 'D', 'B']]","{'C': 10, 'A': 8, 'B': 7, 'D': 5}","[1.0, 0.88]",3.92
131,"[3, 4]","[10, 7]","[0.88, 0.75]","[['A', 'C', 'D', 'B'], ['C', 'D', 'A', 'B']]","{'C': 10, 'A': 7, 'B': 7, 'D': 6}","[1.0, 0.88]",3.92
131,"[3, 4]","[10, 7]","[0.88, 0.75]","[['A', 'C', 'D', 'B'], ['D', 'C', 'A', 'B']]","{'C': 9, 'A': 7, 'B': 7, 'D': 7}","[1.0, 0.88]",3.92
131,"[3, 4]","[10, 7]","[0.88, 0.75]","[['A', 'D', 'C', 'B'], ['C', 'A', 'B', 'D']]","{'C': 9, 'A': 8, 'B': 8, 'D': 5}","[1.0, 0.88]",3.92
131,"[3, 4]","[10, 7]","[0.88, 0.75]","[['A', 'D', 'C', 'B'], ['C', 'A', 'D', 'B']]","{'C': 9, 'A': 8, 'B': 7, 'D': 6}","[1.0, 0.88]",3.92
131,"[3, 4]","[10, 7]","[0.88, 0.75]","[['A', 'D', 'C', 'B'], ['C', 'D', 'A', 'B']]","{'C': 9, 'A': 7, 'B': 7, 'D': 7}","[1.0, 0.88]",3.92
131,"[3, 4]","[10, 7]","[0.88, 0.75]","[['C', 'A', 'B', 'D'], ['A', 'C', 'D', 'B']]","{'C': 10, 'A': 8, 'B': 8, 'D': 4}","[1.0, 0.88]",3.92
131,"[3, 4]","[10, 7]","[0.88, 0.75]","[['C', 'A', 'B', 'D'], ['A', 'D', 'C', 'B']]","{'C': 9, 'A': 8, 'B': 8, 'D': 5}","[1.0, 0.88]",3.92
131,"[3, 4]","[10, 7]","[0.88, 0.75]","[['C', 'A', 'D', 'B'], ['A', 'C', 'B', 'D']]","{'C': 10, 'A': 8, 'B': 8, 'D': 4}","[1.0, 0.88]",3.92
131,"[3, 4]","[10, 7]","[0.88, 0.75]","[['C', 'A', 'D', 'B'], ['A', 'C', 'D', 'B']]","{'C': 10, 'A': 8, 'B': 7, 'D': 5}","[1.0, 0.88]",3.92
131,"[3, 4]","[10, 7]","[0.88, 0.75]","[['C', 'A', 'D', 'B'], ['A', 'D', 'C', 'B']]","{'C': 9, 'A': 8, 'B': 7, 'D': 6}","[1.0, 0.88]",3.92
131,"[3, 4]","[10, 7]","[0.88, 0.75]","[['C', 'A', 'D', 'B'], ['C', 'A', 'D', 'B']]","{'C': 11, 'A': 7, 'B': 7, 'D': 5}","[1.0, 0.88]",3.92
131,"[3, 4]","[10, 7]","[0.88, 0.75]","[['C', 'A', 'D', 'B'], ['D', 'A', 'C', 'B']]","{'C': 9, 'A': 7, 'B': 7, 'D': 7}","[1.0, 0.88]",3.92
131,"[3, 4]","[10, 7]","[0.88, 0.75]","[['C', 'D', 'A', 'B'], ['A', 'C', 'D', 'B']]","{'C': 10, 'A': 7, 'B': 7, 'D': 6}","[1.0, 0.88]",3.92
131,"[3, 4]","[10, 7]","[0.88, 0.75]","[['C', 'D', 'A', 'B'], ['A', 'D', 'C', 'B']]","{'C': 9, 'A': 7, 'B': 7, 'D': 7}","[1.0, 0.88]",3.92
131,"[3, 4]","[10, 7]","[0.88, 0.75]","[['D', 'A', 'C', 'B'], ['C', 'A', 'D', 'B']]","{'C': 9, 'A': 7, 'B': 7, 'D': 7}","[1.0, 0.88]",3.92
131,"[3, 4]","[10, 7]","[0.88, 0.75]","[['D', 'C', 'A', 'B'], ['A', 'C', 'D', 'B']]","{'C': 9, 'A': 7, 'B': 7, 'D': 7}","[1.0, 0.88]",3.92
131,"[2, 3, 4]","[10, 10, 7]","[0.79, 0.88, 0.75]","[['A', 'B', 'C', 'D'], ['C', 'A', 'D', 'B'], ['C', 'A', 'D', 'B']]","{'C': 9, 'A': 8, 'B': 8, 'D': 5}","[1.0, 1.0, 0.88]",3.92
131,"[2, 3, 4]","[10, 10, 7]","[0.79, 0.88, 0.75]","[['A', 'C', 'B', 'D'], ['A', 'C', 'B', 'D'], ['C', 'D', 'A', 'B']]","{'C': 9, 'A': 8, 'B': 8, 'D': 5}","[1.0, 1.0, 0.88]",3.92
131,"[2, 3, 4]","[10, 10, 7]","[0.79, 0.88, 0.75]","[['A', 'C', 'B', 'D'], ['A', 'C', 'D', 'B'], ['C', 'D', 'A', 'B']]","{'C': 9, 'A': 8, 'B': 7, 'D': 6}","[1.0, 1.0, 0.88]",3.92
131,"[2, 3, 4]","[10, 10, 7]","[0.79, 0.88, 0.75]","[['A', 'C', 'B', 'D'], ['C', 'A', 'B', 'D'], ['C', 'A', 'D', 'B']]","{'C': 10, 'A': 8, 'B': 8, 'D': 4}","[1.0, 1.0, 0.88]",3.92
131,"[2, 3, 4]","[10, 10, 7]","[0.79, 0.88, 0.75]","[['A', 'C', 'B', 'D'], ['C', 'A', 'D', 'B'], ['C', 'A', 'B', 'D']]","{'C': 10, 'A': 8, 'B': 8, 'D': 4}","[1.0, 1.0, 0.88]",3.92
131,"[2, 3, 4]","[10, 10, 7]","[0.79, 0.88, 0.75]","[['A', 'C', 'B', 'D'], ['C', 'A', 'D', 'B'], ['C', 'A', 'D', 'B']]","{'C': 10, 'A': 8, 'B': 7, 'D': 5}","[1.0, 1.0, 0.88]",3.92
131,"[2, 3, 4]","[10, 10, 7]","[0.79, 0.88, 0.75]","[['A', 'C', 'B', 'D'], ['C', 'A', 'D', 'B'], ['C', 'D', 'A', 'B']]","{'C': 10, 'A': 7, 'B': 7, 'D': 6}","[1.0, 1.0, 0.88]",3.92
131,"[2, 3, 4]","[10, 10, 7]","[0.79, 0.88, 0.75]","[['A', 'C', 'B', 'D'], ['C', 'A', 'D', 'B'], ['D', 'C', 'A', 'B']]","{'C': 9, 'A': 7, 'B': 7, 'D': 7}","[1.0, 1.0, 0.88]",3.92
131,"[2, 3, 4]","[10, 10, 7]","[0.79, 0.88, 0.75]","[['A', 'C', 'B', 'D'], ['C', 'D', 'A', 'B'], ['A', 'C', 'B', 'D']]","{'C': 9, 'A': 8, 'B': 8, 'D': 5}","[1.0, 1.0, 0.88]",3.92
131,"[2, 3, 4]","[10, 10, 7]","[0.79, 0.88, 0.75]","[['A', 'C', 'B', 'D'], ['C', 'D', 'A', 'B'], ['A', 'C', 'D', 'B']]","{'C': 9, 'A': 8, 'B': 7, 'D': 6}","[1.0, 1.0, 0.88]",3.92
131,"[2, 3, 4]","[10, 10, 7]","[0.79, 0.88, 0.75]","[['A', 'C', 'B', 'D'], ['C', 'D', 'A', 'B'], ['C', 'A', 'D', 'B']]","{'C': 10, 'A': 7, 'B': 7, 'D': 6}","[1.0, 1.0, 0.88]",3.92
131,"[2, 3, 4]","[10, 10, 7]","[0.79, 0.88, 0.75]","[['A', 'C', 'B', 'D'], ['D', 'C', 'A', 'B'], ['C', 'A', 'D', 'B']]","{'C': 9, 'A': 7, 'B': 7, 'D': 7}","[1.0, 1.0, 0.88]",3.92
131,"[2, 3, 4]","[10, 10, 7]","[0.79, 0.88, 0.75]","[['A', 'C', 'D', 'B'], ['A', 'C', 'B', 'D'], ['C', 'D', 'A', 'B']]","{'C': 9, 'A': 8, 'B': 7, 'D': 6}","[1.0, 1.0, 0.88]",3.92
131,"[2, 3, 4]","[10, 10, 7]","[0.79, 0.88, 0.75]","[['A', 'C', 'D', 'B'], ['A', 'C', 'D', 'B'], ['C', 'B', 'A', 'D']]","{'C': 9, 'A': 8, 'B': 8, 'D': 5}","[1.0, 1.0, 0.88]",3.92
131,"[2, 3, 4]","[10, 10, 7]","[0.79, 0.88, 0.75]","[['A', 'C', 'D', 'B'], ['A', 'C', 'D', 'B'], ['C', 'D', 'B', 'A']]","{'C': 9, 'A': 7, 'B': 7, 'D': 7}","[1.0, 1.0, 0.88]",3.92
131,"[2, 3, 4]","[10, 10, 7]","[0.79, 0.88, 0.75]","[['A', 'C', 'D', 'B'], ['C', 'A', 'B', 'D'], ['C', 'A', 'B', 'D']]","{'C': 10, 'A': 8, 'B': 8, 'D': 4}","[1.0, 1.0, 0.88]",3.92
131,"[2, 3, 4]","[10, 10, 7]","[0.79, 0.88, 0.75]","[['A', 'C', 'D', 'B'], ['C', 'A', 'B', 'D'], ['C', 'A', 'D', 'B']]","{'C': 10, 'A': 8, 'B': 7, 'D': 5}","[1.0, 1.0, 0.88]",3.92
131,"[2, 3, 4]","[10, 10, 7]","[0.79, 0.88, 0.75]","[['A', 'C', 'D', 'B'], ['C', 'A', 'B', 'D'], ['C', 'D', 'A', 'B']]","{'C': 10, 'A': 7, 'B': 7, 'D': 6}","[1.0, 1.0, 0.88]",3.92
131,"[2, 3, 4]","[10, 10, 7]","[0.79, 0.88, 0.75]","[['A', 'C', 'D', 'B'], ['C', 'A', 'B', 'D'], ['D', 'C', 'A', 'B']]","{'C': 9, 'A': 7, 'B': 7, 'D': 7}","[1.0, 1.0, 0.88]",3.92
131,"[2, 3, 4]","[10, 10, 7]","[0.79, 0.88, 0.75]","[['A', 'C', 'D', 'B'], ['C', 'A', 'D', 'B'], ['C', 'A', 'B', 'D']]","{'C': 10, 'A': 8, 'B': 7, 'D': 5}","[1.0, 1.0, 0.88]",3.92
131,"[2, 3, 4]","[10, 10, 7]","[0.79, 0.88, 0.75]","[['A', 'C', 'D', 'B'], ['C', 'A', 'D', 'B'], ['C', 'A', 'D', 'B']]","{'C': 10, 'A': 8, 'B': 6, 'D': 6}","[1.0, 1.0, 0.88]",3.92
131,"[2, 3, 4]","[10, 10, 7]","[0.79, 0.88, 0.75]","[['A', 'C', 'D', 'B'], ['C', 'B', 'A', 'D'], ['A', 'C', 'D', 'B']]","{'C': 9, 'A': 8, 'B': 8, 'D': 5}","[1.0, 1.0, 0.88]",3.92
131,"[2, 3, 4]","[10, 10, 7]","[0.79, 0.88, 0.75]","[['A', 'C', 'D', 'B'], ['C', 'D', 'A', 'B'], ['A', 'C', 'B', 'D']]","{'C': 9, 'A': 8, 'B': 7, 'D': 6}","[1.0, 1.0, 0.88]",3.92
131,"[2, 3, 4]","[10, 10, 7]","[0.79, 0.88, 0.75]","[['A', 'C', 'D', 'B'], ['C', 'D', 'A', 'B'], ['C', 'A', 'B', 'D']]","{'C': 10, 'A': 7, 'B': 7, 'D': 6}","[1.0, 1.0, 0.88]",3.92
131,"[2, 3, 4]","[10, 10, 7]","[0.79, 0.88, 0.75]","[['A', 'C', 'D', 'B'], ['C', 'D', 'B', 'A'], ['A', 'C', 'D', 'B']]","{'C': 9, 'A': 7, 'B': 7, 'D': 7}","[1.0, 1.0, 0.88]",3.92
131,"[2, 3, 4]","[10, 10, 7]","[0.79, 0.88, 0.75]","[['A', 'C', 'D', 'B'], ['D', 'C', 'A', 'B'], ['C', 'A', 'B', 'D']]","{'C': 9, 'A': 7, 'B': 7, 'D': 7}","[1.0, 1.0, 0.88]",3.92
131,"[2, 3, 4]","[10, 10, 7]","[0.79, 0.88, 0.75]","[['A', 'D', 'C', 'B'], ['C', 'A', 'B', 'D'], ['C', 'A', 'B', 'D']]","{'C': 9, 'A': 8, 'B': 8, 'D': 5}","[1.0, 1.0, 0.88]",3.92
131,"[2, 3, 4]","[10, 10, 7]","[0.79, 0.88, 0.75]","[['A', 'D', 'C', 'B'], ['C', 'A', 'B', 'D'], ['C', 'A', 'D', 'B']]","{'C': 9, 'A': 8, 'B': 7, 'D': 6}","[1.0, 1.0, 0.88]",3.92
131,"[2, 3, 4]","[10, 10, 7]","[0.79, 0.88, 0.75]","[['A', 'D', 'C', 'B'], ['C', 'A', 'B', 'D'], ['C', 'D', 'A', 'B']]","{'C': 9, 'A': 7, 'B': 7, 'D': 7}","[1.0, 1.0, 0.88]",3.92
131,"[2, 3, 4]","[10, 10, 7]","[0.79, 0.88, 0.75]","[['A', 'D', 'C', 'B'], ['C', 'A', 'D', 'B'], ['C', 'A', 'B', 'D']]","{'C': 9, 'A': 8, 'B': 7, 'D': 6}","[1.0, 1.0, 0.88]",3.92
131,"[2, 3, 4]","[10, 10, 7]","[0.79, 0.88, 0.75]","[['A', 'D', 'C', 'B'], ['C', 'D', 'A', 'B'], ['C', 'A', 'B', 'D']]","{'C': 9, 'A': 7, 'B': 7, 'D': 7}","[1.0, 1.0, 0.88]",3.92
131,"[2, 3, 4]","[10, 10, 7]","[0.79, 0.88, 0.75]","[['C', 'A', 'B', 'D'], ['A', 'C', 'B', 'D'], ['C', 'A', 'D', 'B']]","{'C': 10, 'A': 8, 'B': 8, 'D': 4}","[1.0, 1.0, 0.88]",3.92
131,"[2, 3, 4]","[10, 10, 7]","[0.79, 0.88, 0.75]","[['C', 'A', 'B', 'D'], ['A', 'C', 'D', 'B'], ['C', 'A', 'B', 'D']]","{'C': 10, 'A': 8, 'B': 8, 'D': 4}","[1.0, 1.0, 0.88]",3.92
131,"[2, 3, 4]","[10, 10, 7]","[0.79, 0.88, 0.75]","[['C', 'A', 'B', 'D'], ['A', 'C', 'D', 'B'], ['C', 'A', 'D', 'B']]","{'C': 10, 'A': 8, 'B': 7, 'D': 5}","[1.0, 1.0, 0.88]",3.92
131,"[2, 3, 4]","[10, 10, 7]","[0.79, 0.88, 0.75]","[['C', 'A', 'B', 'D'], ['A', 'C', 'D', 'B'], ['C', 'D', 'A', 'B']]","{'C': 10, 'A': 7, 'B': 7, 'D': 6}","[1.0, 1.0, 0.88]",3.92
131,"[2, 3, 4]","[10, 10, 7]","[0.79, 0.88, 0.75]","[['C', 'A', 'B', 'D'], ['A', 'C', 'D', 'B'], ['D', 'C', 'A', 'B']]","{'C': 9, 'A': 7, 'B': 7, 'D': 7}","[1.0, 1.0, 0.88]",3.92
131,"[2, 3, 4]","[10, 10, 7]","[0.79, 0.88, 0.75]","[['C', 'A', 'B', 'D'], ['A', 'D', 'C', 'B'], ['C', 'A', 'B', 'D']]","{'C': 9, 'A': 8, 'B': 8, 'D': 5}","[1.0, 1.0, 0.88]",3.92
131,"[2, 3, 4]","[10, 10, 7]","[0.79, 0.88, 0.75]","[['C', 'A', 'B', 'D'], ['A', 'D', 'C', 'B'], ['C', 'A', 'D', 'B']]","{'C': 9, 'A': 8, 'B': 7, 'D': 6}","[1.0, 1.0, 0.88]",3.92
131,"[2, 3, 4]","[10, 10, 7]","[0.79, 0.88, 0.75]","[['C', 'A', 'B', 'D'], ['A', 'D', 'C', 'B'], ['C', 'D', 'A', 'B']]","{'C': 9, 'A': 7, 'B': 7, 'D': 7}","[1.0, 1.0, 0.88]",3.92
131,"[2, 3, 4]","[10, 10, 7]","[0.79, 0.88, 0.75]","[['C', 'A', 'B', 'D'], ['C', 'A', 'B', 'D'], ['A', 'C', 'D', 'B']]","{'C': 10, 'A': 8, 'B': 8, 'D': 4}","[1.0, 1.0, 0.88]",3.92
131,"[2, 3, 4]","[10, 10, 7]","[0.79, 0.88, 0.75]","[['C', 'A', 'B', 'D'], ['C', 'A', 'B', 'D'], ['A', 'D', 'C', 'B']]","{'C': 9, 'A': 8, 'B': 8, 'D': 5}","[1.0, 1.0, 0.88]",3.92
131,"[2, 3, 4]","[10, 10, 7]","[0.79, 0.88, 0.75]","[['C', 'A', 'B', 'D'], ['C', 'A', 'D', 'B'], ['A', 'C', 'B', 'D']]","{'C': 10, 'A': 8, 'B': 8, 'D': 4}","[1.0, 1.0, 0.88]",3.92
131,"[2, 3, 4]","[10, 10, 7]","[0.79, 0.88, 0.75]","[['C', 'A', 'B', 'D'], ['C', 'A', 'D', 'B'], ['A', 'C', 'D', 'B']]","{'C': 10, 'A': 8, 'B': 7, 'D': 5}","[1.0, 1.0, 0.88]",3.92
131,"[2, 3, 4]","[10, 10, 7]","[0.79, 0.88, 0.75]","[['C', 'A', 'B', 'D'], ['C', 'A', 'D', 'B'], ['A', 'D', 'C', 'B']]","{'C': 9, 'A': 8, 'B': 7, 'D': 6}","[1.0, 1.0, 0.88]",3.92
131,"[2, 3, 4]","[10, 10, 7]","[0.79, 0.88, 0.75]","[['C', 'A', 'B', 'D'], ['C', 'A', 'D', 'B'], ['C', 'A', 'D', 'B']]","{'C': 11, 'A': 7, 'B': 7, 'D': 5}","[1.0, 1.0, 0.88]",3.92
131,"[2, 3, 4]","[10, 10, 7]","[0.79, 0.88, 0.75]","[['C', 'A', 'B', 'D'], ['C', 'A', 'D', 'B'], ['D', 'A', 'C', 'B']]","{'C': 9, 'A': 7, 'B': 7, 'D': 7}","[1.0, 1.0, 0.88]",3.92
131,"[2, 3, 4]","[10, 10, 7]","[0.79, 0.88, 0.75]","[['C', 'A', 'B', 'D'], ['C', 'D', 'A', 'B'], ['A', 'C', 'D', 'B']]","{'C': 10, 'A': 7, 'B': 7, 'D': 6}","[1.0, 1.0, 0.88]",3.92
131,"[2, 3, 4]","[10, 10, 7]","[0.79, 0.88, 0.75]","[['C', 'A', 'B', 'D'], ['C', 'D', 'A', 'B'], ['A', 'D', 'C', 'B']]","{'C': 9, 'A': 7, 'B': 7, 'D': 7}","[1.0, 1.0, 0.88]",3.92
131,"[2, 3, 4]","[10, 10, 7]","[0.79, 0.88, 0.75]","[['C', 'A', 'B', 'D'], ['D', 'A', 'C', 'B'], ['C', 'A', 'D', 'B']]","{'C': 9, 'A': 7, 'B': 7, 'D': 7}","[1.0, 1.0, 0.88]",3.92
131,"[2, 3, 4]","[10, 10, 7]","[0.79, 0.88, 0.75]","[['C', 'A', 'B', 'D'], ['D', 'C', 'A', 'B'], ['A', 'C', 'D', 'B']]","{'C': 9, 'A': 7, 'B': 7, 'D': 7}","[1.0, 1.0, 0.88]",3.92
131,"[2, 3, 4]","[10, 10, 7]","[0.79, 0.88, 0.75]","[['C', 'A', 'D', 'B'], ['A', 'B', 'C', 'D'], ['C', 'A', 'D', 'B']]","{'C': 9, 'A': 8, 'B': 8, 'D': 5}","[1.0, 1.0, 0.88]",3.92
131,"[2, 3, 4]","[10, 10, 7]","[0.79, 0.88, 0.75]","[['C', 'A', 'D', 'B'], ['A', 'C', 'B', 'D'], ['C', 'A', 'B', 'D']]","{'C': 10, 'A': 8, 'B': 8, 'D': 4}","[1.0, 1.0, 0.88]",3.92
131,"[2, 3, 4]","[10, 10, 7]","[0.79, 0.88, 0.75]","[['C', 'A', 'D', 'B'], ['A', 'C', 'B', 'D'], ['C', 'A', 'D', 'B']]","{'C': 10, 'A': 8, 'B': 7, 'D': 5}","[1.0, 1.0, 0.88]",3.92
131,"[2, 3, 4]","[10, 10, 7]","[0.79, 0.88, 0.75]","[['C', 'A', 'D', 'B'], ['A', 'C', 'B', 'D'], ['C', 'D', 'A', 'B']]","{'C': 10, 'A': 7, 'B': 7, 'D': 6}","[1.0, 1.0, 0.88]",3.92
131,"[2, 3, 4]","[10, 10, 7]","[0.79, 0.88, 0.75]","[['C', 'A', 'D', 'B'], ['A', 'C', 'B', 'D'], ['D', 'C', 'A', 'B']]","{'C': 9, 'A': 7, 'B': 7, 'D': 7}","[1.0, 1.0, 0.88]",3.92
131,"[2, 3, 4]","[10, 10, 7]","[0.79, 0.88, 0.75]","[['C', 'A', 'D', 'B'], ['A', 'C', 'D', 'B'], ['C', 'A', 'B', 'D']]","{'C': 10, 'A': 8, 'B': 7, 'D': 5}","[1.0, 1.0, 0.88]",3.92
131,"[2, 3, 4]","[10, 10, 7]","[0.79, 0.88, 0.75]","[['C', 'A', 'D', 'B'], ['A', 'C', 'D', 'B'], ['C', 'A', 'D', 'B']]","{'C': 10, 'A': 8, 'B': 6, 'D': 6}","[1.0, 1.0, 0.88]",3.92
131,"[2, 3, 4]","[10, 10, 7]","[0.79, 0.88, 0.75]","[['C', 'A', 'D', 'B'], ['A', 'D', 'C', 'B'], ['C', 'A', 'B', 'D']]","{'C': 9, 'A': 8, 'B': 7, 'D': 6}","[1.0, 1.0, 0.88]",3.92
131,"[2, 3, 4]","[10, 10, 7]","[0.79, 0.88, 0.75]","[['C', 'A', 'D', 'B'], ['C', 'A', 'B', 'D'], ['A', 'C', 'B', 'D']]","{'C': 10, 'A': 8, 'B': 8, 'D': 4}","[1.0, 1.0, 0.88]",3.92
131,"[2, 3, 4]","[10, 10, 7]","[0.79, 0.88, 0.75]","[['C', 'A', 'D', 'B'], ['C', 'A', 'B', 'D'], ['A', 'C', 'D', 'B']]","{'C': 10, 'A': 8, 'B': 7, 'D': 5}","[1.0, 1.0, 0.88]",3.92
131,"[2, 3, 4]","[10, 10, 7]","[0.79, 0.88, 0.75]","[['C', 'A', 'D', 'B'], ['C', 'A', 'B', 'D'], ['A', 'D', 'C', 'B']]","{'C': 9, 'A': 8, 'B': 7, 'D': 6}","[1.0, 1.0, 0.88]",3.92
131,"[2, 3, 4]","[10, 10, 7]","[0.79, 0.88, 0.75]","[['C', 'A', 'D', 'B'], ['C', 'A', 'B', 'D'], ['C', 'A', 'D', 'B']]","{'C': 11, 'A': 7, 'B': 7, 'D': 5}","[1.0, 1.0, 0.88]",3.92
131,"[2, 3, 4]","[10, 10, 7]","[0.79, 0.88, 0.75]","[['C', 'A', 'D', 'B'], ['C', 'A', 'B', 'D'], ['D', 'A', 'C', 'B']]","{'C': 9, 'A': 7, 'B': 7, 'D': 7}","[1.0, 1.0, 0.88]",3.92
131,"[2, 3, 4]","[10, 10, 7]","[0.79, 0.88, 0.75]","[['C', 'A', 'D', 'B'], ['C', 'A', 'D', 'B'], ['A', 'B', 'C', 'D']]","{'C': 9, 'A': 8, 'B': 8, 'D': 5}","[1.0, 1.0, 0.88]",3.92
131,"[2, 3, 4]","[10, 10, 7]","[0.79, 0.88, 0.75]","[['C', 'A', 'D', 'B'], ['C', 'A', 'D', 'B'], ['A', 'C', 'B', 'D']]","{'C': 10, 'A': 8, 'B': 7, 'D': 5}","[1.0, 1.0, 0.88]",3.92
131,"[2, 3, 4]","[10, 10, 7]","[0.79, 0.88, 0.75]","[['C', 'A', 'D', 'B'], ['C', 'A', 'D', 'B'], ['A', 'C', 'D', 'B']]","{'C': 10, 'A': 8, 'B': 6, 'D': 6}","[1.0, 1.0, 0.88]",3.92
131,"[2, 3, 4]","[10, 10, 7]","[0.79, 0.88, 0.75]","[['C', 'A', 'D', 'B'], ['C', 'A', 'D', 'B'], ['C', 'A', 'B', 'D']]","{'C': 11, 'A': 7, 'B': 7, 'D': 5}","[1.0, 1.0, 0.88]",3.92
131,"[2, 3, 4]","[10, 10, 7]","[0.79, 0.88, 0.75]","[['C', 'A', 'D', 'B'], ['C', 'A', 'D', 'B'], ['C', 'A', 'D', 'B']]","{'C': 11, 'A': 7, 'B': 6, 'D': 6}","[1.0, 1.0, 0.88]",3.92
131,"[2, 3, 4]","[10, 10, 7]","[0.79, 0.88, 0.75]","[['C', 'A', 'D', 'B'], ['C', 'D', 'A', 'B'], ['A', 'C', 'B', 'D']]","{'C': 10, 'A': 7, 'B': 7, 'D': 6}","[1.0, 1.0, 0.88]",3.92
131,"[2, 3, 4]","[10, 10, 7]","[0.79, 0.88, 0.75]","[['C', 'A', 'D', 'B'], ['D', 'A', 'C', 'B'], ['C', 'A', 'B', 'D']]","{'C': 9, 'A': 7, 'B': 7, 'D': 7}","[1.0, 1.0, 0.88]",3.92
131,"[2, 3, 4]","[10, 10, 7]","[0.79, 0.88, 0.75]","[['C', 'A', 'D', 'B'], ['D', 'C', 'A', 'B'], ['A', 'C', 'B', 'D']]","{'C': 9, 'A': 7, 'B': 7, 'D': 7}","[1.0, 1.0, 0.88]",3.92
131,"[2, 3, 4]","[10, 10, 7]","[0.79, 0.88, 0.75]","[['C', 'B', 'A', 'D'], ['A', 'C', 'D', 'B'], ['A', 'C', 'D', 'B']]","{'C': 9, 'A': 8, 'B': 8, 'D': 5}","[1.0, 1.0, 0.88]",3.92
131,"[2, 3, 4]","[10, 10, 7]","[0.79, 0.88, 0.75]","[['C', 'D', 'A', 'B'], ['A', 'C', 'B', 'D'], ['A', 'C', 'B', 'D']]","{'C': 9, 'A': 8, 'B': 8, 'D': 5}","[1.0, 1.0, 0.88]",3.92
131,"[2, 3, 4]","[10, 10, 7]","[0.79, 0.88, 0.75]","[['C', 'D', 'A', 'B'], ['A', 'C', 'B', 'D'], ['A', 'C', 'D', 'B']]","{'C': 9, 'A': 8, 'B': 7, 'D': 6}","[1.0, 1.0, 0.88]",3.92
131,"[2, 3, 4]","[10, 10, 7]","[0.79, 0.88, 0.75]","[['C', 'D', 'A', 'B'], ['A', 'C', 'B', 'D'], ['C', 'A', 'D', 'B']]","{'C': 10, 'A': 7, 'B': 7, 'D': 6}","[1.0, 1.0, 0.88]",3.92
131,"[2, 3, 4]","[10, 10, 7]","[0.79, 0.88, 0.75]","[['C', 'D', 'A', 'B'], ['A', 'C', 'D', 'B'], ['A', 'C', 'B', 'D']]","{'C': 9, 'A': 8, 'B': 7, 'D': 6}","[1.0, 1.0, 0.88]",3.92
131,"[2, 3, 4]","[10, 10, 7]","[0.79, 0.88, 0.75]","[['C', 'D', 'A', 'B'], ['A', 'C', 'D', 'B'], ['C', 'A', 'B', 'D']]","{'C': 10, 'A': 7, 'B': 7, 'D': 6}","[1.0, 1.0, 0.88]",3.92
131,"[2, 3, 4]","[10, 10, 7]","[0.79, 0.88, 0.75]","[['C', 'D', 'A', 'B'], ['A', 'D', 'C', 'B'], ['C', 'A', 'B', 'D']]","{'C': 9, 'A': 7, 'B': 7, 'D': 7}","[1.0, 1.0, 0.88]",3.92
131,"[2, 3, 4]","[10, 10, 7]","[0.79, 0.88, 0.75]","[['C', 'D', 'A', 'B'], ['C', 'A', 'B', 'D'], ['A', 'C', 'D', 'B']]","{'C': 10, 'A': 7, 'B': 7, 'D': 6}","[1.0, 1.0, 0.88]",3.92
131,"[2, 3, 4]","[10, 10, 7]","[0.79, 0.88, 0.75]","[['C', 'D', 'A', 'B'], ['C', 'A', 'B', 'D'], ['A', 'D', 'C', 'B']]","{'C': 9, 'A': 7, 'B': 7, 'D': 7}","[1.0, 1.0, 0.88]",3.92
131,"[2, 3, 4]","[10, 10, 7]","[0.79, 0.88, 0.75]","[['C', 'D', 'A', 'B'], ['C', 'A', 'D', 'B'], ['A', 'C', 'B', 'D']]","{'C': 10, 'A': 7, 'B': 7, 'D': 6}","[1.0, 1.0, 0.88]",3.92
131,"[2, 3, 4]","[10, 10, 7]","[0.79, 0.88, 0.75]","[['C', 'D', 'B', 'A'], ['A', 'C', 'D', 'B'], ['A', 'C', 'D', 'B']]","{'C': 9, 'A': 7, 'B': 7, 'D': 7}","[1.0, 1.0, 0.88]",3.92
131,"[2, 3, 4]","[10, 10, 7]","[0.79, 0.88, 0.75]","[['D', 'A', 'C', 'B'], ['C', 'A', 'B', 'D'], ['C', 'A', 'D', 'B']]","{'C': 9, 'A': 7, 'B': 7, 'D': 7}","[1.0, 1.0, 0.88]",3.92
131,"[2, 3, 4]","[10, 10, 7]","[0.79, 0.88, 0.75]","[['D', 'A', 'C', 'B'], ['C', 'A', 'D', 'B'], ['C', 'A', 'B', 'D']]","{'C': 9, 'A': 7, 'B': 7, 'D': 7}","[1.0, 1.0, 0.88]",3.92
131,"[2, 3, 4]","[10, 10, 7]","[0.79, 0.88, 0.75]","[['D', 'C', 'A', 'B'], ['A', 'C', 'B', 'D'], ['C', 'A', 'D', 'B']]","{'C': 9, 'A': 7, 'B': 7, 'D': 7}","[1.0, 1.0, 0.88]",3.92
131,"[2, 3, 4]","[10, 10, 7]","[0.79, 0.88, 0.75]","[['D', 'C', 'A', 'B'], ['A', 'C', 'D', 'B'], ['C', 'A', 'B', 'D']]","{'C': 9, 'A': 7, 'B': 7, 'D': 7}","[1.0, 1.0, 0.88]",3.92
131,"[2, 3, 4]","[10, 10, 7]","[0.79, 0.88, 0.75]","[['D', 'C', 'A', 'B'], ['C', 'A', 'B', 'D'], ['A', 'C', 'D', 'B']]","{'C': 9, 'A': 7, 'B': 7, 'D': 7}","[1.0, 1.0, 0.88]",3.92
131,"[2, 3, 4]","[10, 10, 7]","[0.79, 0.88, 0.75]","[['D', 'C', 'A', 'B'], ['C', 'A', 'D', 'B'], ['A', 'C', 'B', 'D']]","{'C': 9, 'A': 7, 'B': 7, 'D': 7}","[1.0, 1.0, 0.88]",3.92
132,"[1, 4]","[7, 7]","[0.54, 0.58]","[['A', 'C', 'D', 'B'], ['C', 'A', 'D', 'B']]","{'A': 13, 'C': 6, 'D': 6, 'B': 5}","[0.58, 0.88]",4.0
132,"[1, 4]","[7, 7]","[0.54, 0.58]","[['C', 'A', 'B', 'D'], ['C', 'A', 'D', 'B']]","{'A': 12, 'C': 7, 'B': 6, 'D': 5}","[0.58, 0.75]",3.91
132,"[1, 4]","[7, 7]","[0.54, 0.58]","[['C', 'A', 'B', 'D'], ['C', 'D', 'A', 'B']]","{'A': 11, 'C': 7, 'B': 6, 'D': 6}","[0.58, 0.75]",3.91
132,"[1, 4]","[7, 7]","[0.54, 0.58]","[['C', 'A', 'D', 'B'], ['A', 'C', 'D', 'B']]","{'A': 13, 'C': 6, 'D': 6, 'B': 5}","[0.58, 0.88]",4.0
132,"[1, 4]","[7, 7]","[0.54, 0.58]","[['C', 'A', 'D', 'B'], ['C', 'A', 'B', 'D']]","{'A': 12, 'C': 7, 'B': 6, 'D': 5}","[0.58, 0.75]",3.91
132,"[1, 4]","[7, 7]","[0.54, 0.58]","[['C', 'A', 'D', 'B'], ['C', 'A', 'D', 'B']]","{'A': 12, 'C': 7, 'D': 6, 'B': 5}","[0.58, 0.88]",4.0
132,"[1, 4]","[7, 7]","[0.54, 0.58]","[['C', 'A', 'D', 'B'], ['C', 'D', 'A', 'B']]","{'A': 11, 'C': 7, 'D': 7, 'B': 5}","[0.58, 0.88]",4.0
132,"[1, 4]","[7, 7]","[0.54, 0.58]","[['C', 'A', 'D', 'B'], ['C', 'D', 'B', 'A']]","{'A': 10, 'C': 7, 'D': 7, 'B': 6}","[0.58, 0.88]",4.0
132,"[1, 4]","[7, 7]","[0.54, 0.58]","[['C', 'D', 'A', 'B'], ['C', 'A', 'B', 'D']]","{'A': 11, 'C': 7, 'B': 6, 'D': 6}","[0.58, 0.75]",3.91
132,"[1, 4]","[7, 7]","[0.54, 0.58]","[['C', 'D', 'A', 'B'], ['C', 'A', 'D', 'B']]","{'A': 11, 'C': 7, 'D': 7, 'B': 5}","[0.58, 0.88]",4.0
132,"[1, 4]","[7, 7]","[0.54, 0.58]","[['C', 'D', 'B', 'A'], ['C', 'A', 'D', 'B']]","{'A': 10, 'C': 7, 'D': 7, 'B': 6}","[0.58, 0.88]",4.0
135,"[3, 5]","[8, 5]","[0.88, 0.5]","[['B', 'A', 'C', 'D'], ['B', 'A', 'C', 'D']]","{'B': 9, 'D': 9, 'A': 6, 'C': 6}","[1.0, 0.58]",3.71
135,"[3, 5]","[8, 5]","[0.88, 0.5]","[['B', 'A', 'C', 'D'], ['B', 'C', 'A', 'D']]","{'B': 9, 'D': 9, 'C': 7, 'A': 5}","[1.0, 0.54]",3.79
135,"[3, 5]","[8, 5]","[0.88, 0.5]","[['B', 'C', 'A', 'D'], ['B', 'A', 'C', 'D']]","{'B': 9, 'D': 9, 'C': 7, 'A': 5}","[1.0, 0.54]",3.79
135,"[3, 5]","[8, 5]","[0.88, 0.5]","[['B', 'C', 'A', 'D'], ['B', 'C', 'A', 'D']]","{'B': 9, 'D': 9, 'C': 8, 'A': 4}","[1.0, 0.54]",3.79
136,"[1, 4]","[9, 9]","[0.88, 0.88]","[['A', 'C', 'D', 'B'], ['A', 'C', 'D', 'B']]","{'A': 9, 'B': 9, 'C': 9, 'D': 3}","[1.0, 1.0]",4.25
136,"[1, 4]","[9, 9]","[0.88, 0.88]","[['A', 'C', 'D', 'B'], ['A', 'D', 'C', 'B']]","{'A': 9, 'B': 9, 'C': 8, 'D': 4}","[1.0, 1.0]",4.25
136,"[1, 4]","[9, 9]","[0.88, 0.88]","[['A', 'D', 'C', 'B'], ['A', 'C', 'D', 'B']]","{'A': 9, 'B': 9, 'C': 8, 'D': 4}","[1.0, 1.0]",4.25
136,"[1, 4]","[9, 9]","[0.88, 0.88]","[['A', 'D', 'C', 'B'], ['A', 'D', 'C', 'B']]","{'A': 9, 'B': 9, 'C': 7, 'D': 5}","[1.0, 1.0]",4.25
137,"[3, 5]","[8, 8]","[0.75, 0.75]","[['A', 'B', 'C', 'D'], ['C', 'B', 'A', 'D']]","{'B': 13, 'C': 6, 'D': 6, 'A': 5}","[0.79, 0.79]",4.58
137,"[3, 5]","[8, 8]","[0.75, 0.75]","[['A', 'C', 'B', 'D'], ['B', 'C', 'A', 'D']]","{'B': 13, 'C': 6, 'D': 6, 'A': 5}","[0.79, 0.79]",4.58
137,"[3, 5]","[8, 8]","[0.75, 0.75]","[['A', 'C', 'B', 'D'], ['C', 'A', 'D', 'B']]","{'B': 10, 'C': 7, 'D': 7, 'A': 6}","[0.79, 0.79]",4.58
137,"[3, 5]","[8, 8]","[0.75, 0.75]","[['A', 'C', 'B', 'D'], ['C', 'B', 'A', 'D']]","{'B': 12, 'C': 7, 'D': 6, 'A': 5}","[0.79, 0.79]",4.58
137,"[3, 5]","[8, 8]","[0.75, 0.75]","[['A', 'C', 'B', 'D'], ['C', 'B', 'D', 'A']]","{'B': 12, 'C': 7, 'D': 7, 'A': 4}","[0.79, 0.79]",4.58
137,"[3, 5]","[8, 8]","[0.75, 0.75]","[['A', 'C', 'D', 'B'], ['C', 'A', 'B', 'D']]","{'B': 10, 'C': 7, 'D': 7, 'A': 6}","[0.79, 0.79]",4.58
137,"[3, 5]","[8, 8]","[0.75, 0.75]","[['A', 'C', 'D', 'B'], ['C', 'B', 'A', 'D']]","{'B': 11, 'C': 7, 'D': 7, 'A': 5}","[0.79, 0.79]",4.58
137,"[3, 5]","[8, 8]","[0.75, 0.75]","[['B', 'A', 'C', 'D'], ['C', 'A', 'B', 'D']]","{'B': 13, 'C': 6, 'D': 6, 'A': 5}","[0.79, 0.79]",4.58
137,"[3, 5]","[8, 8]","[0.75, 0.75]","[['B', 'A', 'C', 'D'], ['C', 'B', 'A', 'D']]","{'B': 14, 'C': 6, 'D': 6, 'A': 4}","[0.79, 0.79]",4.58
137,"[3, 5]","[8, 8]","[0.75, 0.75]","[['B', 'C', 'A', 'D'], ['A', 'C', 'B', 'D']]","{'B': 13, 'C': 6, 'D': 6, 'A': 5}","[0.79, 0.79]",4.58
137,"[3, 5]","[8, 8]","[0.75, 0.75]","[['B', 'C', 'A', 'D'], ['B', 'C', 'A', 'D']]","{'B': 15, 'C': 6, 'D': 6, 'A': 3}","[0.79, 0.79]",4.58
137,"[3, 5]","[8, 8]","[0.75, 0.75]","[['B', 'C', 'A', 'D'], ['C', 'A', 'B', 'D']]","{'B': 13, 'C': 7, 'D': 6, 'A': 4}","[0.79, 0.79]",4.58
137,"[3, 5]","[8, 8]","[0.75, 0.75]","[['B', 'C', 'A', 'D'], ['C', 'A', 'D', 'B']]","{'B': 12, 'C': 7, 'D': 7, 'A': 4}","[0.79, 0.79]",4.58
137,"[3, 5]","[8, 8]","[0.75, 0.75]","[['B', 'C', 'A', 'D'], ['C', 'B', 'A', 'D']]","{'B': 14, 'C': 7, 'D': 6, 'A': 3}","[0.79, 0.79]",4.58
137,"[3, 5]","[8, 8]","[0.75, 0.75]","[['B', 'C', 'A', 'D'], ['C', 'B', 'D', 'A']]","{'B': 14, 'C': 7, 'D': 7, 'A': 2}","[0.79, 0.79]",4.58
137,"[3, 5]","[8, 8]","[0.75, 0.75]","[['B', 'C', 'D', 'A'], ['C', 'A', 'B', 'D']]","{'B': 13, 'C': 7, 'D': 7, 'A': 3}","[0.79, 0.79]",4.58
137,"[3, 5]","[8, 8]","[0.75, 0.75]","[['B', 'C', 'D', 'A'], ['C', 'B', 'A', 'D']]","{'B': 14, 'C': 7, 'D': 7, 'A': 2}","[0.79, 0.79]",4.58
137,"[3, 5]","[8, 8]","[0.75, 0.75]","[['C', 'A', 'B', 'D'], ['A', 'C', 'D', 'B']]","{'B': 10, 'C': 7, 'D': 7, 'A': 6}","[0.79, 0.79]",4.58
137,"[3, 5]","[8, 8]","[0.75, 0.75]","[['C', 'A', 'B', 'D'], ['B', 'A', 'C', 'D']]","{'B': 13, 'C': 6, 'D': 6, 'A': 5}","[0.79, 0.79]",4.58
137,"[3, 5]","[8, 8]","[0.75, 0.75]","[['C', 'A', 'B', 'D'], ['B', 'C', 'A', 'D']]","{'B': 13, 'C': 7, 'D': 6, 'A': 4}","[0.79, 0.79]",4.58
137,"[3, 5]","[8, 8]","[0.75, 0.75]","[['C', 'A', 'B', 'D'], ['B', 'C', 'D', 'A']]","{'B': 13, 'C': 7, 'D': 7, 'A': 3}","[0.79, 0.79]",4.58
137,"[3, 5]","[8, 8]","[0.75, 0.75]","[['C', 'A', 'B', 'D'], ['C', 'A', 'B', 'D']]","{'B': 11, 'C': 8, 'D': 6, 'A': 5}","[0.79, 0.79]",4.58
137,"[3, 5]","[8, 8]","[0.75, 0.75]","[['C', 'A', 'B', 'D'], ['C', 'A', 'D', 'B']]","{'B': 10, 'C': 8, 'D': 7, 'A': 5}","[0.79, 0.79]",4.58
137,"[3, 5]","[8, 8]","[0.75, 0.75]","[['C', 'A', 'B', 'D'], ['C', 'B', 'A', 'D']]","{'B': 12, 'C': 8, 'D': 6, 'A': 4}","[0.79, 0.79]",4.58
137,"[3, 5]","[8, 8]","[0.75, 0.75]","[['C', 'A', 'B', 'D'], ['C', 'B', 'D', 'A']]","{'B': 12, 'C': 8, 'D': 7, 'A': 3}","[0.79, 0.79]",4.58
137,"[3, 5]","[8, 8]","[0.75, 0.75]","[['C', 'A', 'B', 'D'], ['C', 'D', 'A', 'B']]","{'B': 10, 'C': 8, 'D': 8, 'A': 4}","[0.79, 0.79]",4.58
137,"[3, 5]","[8, 8]","[0.75, 0.75]","[['C', 'A', 'B', 'D'], ['C', 'D', 'B', 'A']]","{'B': 11, 'C': 8, 'D': 8, 'A': 3}","[0.79, 0.79]",4.58
137,"[3, 5]","[8, 8]","[0.75, 0.75]","[['C', 'A', 'D', 'B'], ['A', 'C', 'B', 'D']]","{'B': 10, 'C': 7, 'D': 7, 'A': 6}","[0.79, 0.79]",4.58
137,"[3, 5]","[8, 8]","[0.75, 0.75]","[['C', 'A', 'D', 'B'], ['B', 'C', 'A', 'D']]","{'B': 12, 'C': 7, 'D': 7, 'A': 4}","[0.79, 0.79]",4.58
137,"[3, 5]","[8, 8]","[0.75, 0.75]","[['C', 'A', 'D', 'B'], ['C', 'A', 'B', 'D']]","{'B': 10, 'C': 8, 'D': 7, 'A': 5}","[0.79, 0.79]",4.58
137,"[3, 5]","[8, 8]","[0.75, 0.75]","[['C', 'A', 'D', 'B'], ['C', 'A', 'D', 'B']]","{'B': 9, 'C': 8, 'D': 8, 'A': 5}","[0.79, 0.79]",4.58
137,"[3, 5]","[8, 8]","[0.75, 0.75]","[['C', 'A', 'D', 'B'], ['C', 'B', 'A', 'D']]","{'B': 11, 'C': 8, 'D': 7, 'A': 4}","[0.79, 0.79]",4.58
137,"[3, 5]","[8, 8]","[0.75, 0.75]","[['C', 'A', 'D', 'B'], ['C', 'B', 'D', 'A']]","{'B': 11, 'C': 8, 'D': 8, 'A': 3}","[0.79, 0.79]",4.58
137,"[3, 5]","[8, 8]","[0.75, 0.75]","[['C', 'B', 'A', 'D'], ['A', 'B', 'C', 'D']]","{'B': 13, 'C': 6, 'D': 6, 'A': 5}","[0.79, 0.79]",4.58
137,"[3, 5]","[8, 8]","[0.75, 0.75]","[['C', 'B', 'A', 'D'], ['A', 'C', 'B', 'D']]","{'B': 12, 'C': 7, 'D': 6, 'A': 5}","[0.79, 0.79]",4.58
137,"[3, 5]","[8, 8]","[0.75, 0.75]","[['C', 'B', 'A', 'D'], ['A', 'C', 'D', 'B']]","{'B': 11, 'C': 7, 'D': 7, 'A': 5}","[0.79, 0.79]",4.58
137,"[3, 5]","[8, 8]","[0.75, 0.75]","[['C', 'B', 'A', 'D'], ['B', 'A', 'C', 'D']]","{'B': 14, 'C': 6, 'D': 6, 'A': 4}","[0.79, 0.79]",4.58
137,"[3, 5]","[8, 8]","[0.75, 0.75]","[['C', 'B', 'A', 'D'], ['B', 'C', 'A', 'D']]","{'B': 14, 'C': 7, 'D': 6, 'A': 3}","[0.79, 0.79]",4.58
137,"[3, 5]","[8, 8]","[0.75, 0.75]","[['C', 'B', 'A', 'D'], ['B', 'C', 'D', 'A']]","{'B': 14, 'C': 7, 'D': 7, 'A': 2}","[0.79, 0.79]",4.58
137,"[3, 5]","[8, 8]","[0.75, 0.75]","[['C', 'B', 'A', 'D'], ['C', 'A', 'B', 'D']]","{'B': 12, 'C': 8, 'D': 6, 'A': 4}","[0.79, 0.79]",4.58
137,"[3, 5]","[8, 8]","[0.75, 0.75]","[['C', 'B', 'A', 'D'], ['C', 'A', 'D', 'B']]","{'B': 11, 'C': 8, 'D': 7, 'A': 4}","[0.79, 0.79]",4.58
137,"[3, 5]","[8, 8]","[0.75, 0.75]","[['C', 'B', 'A', 'D'], ['C', 'B', 'A', 'D']]","{'B': 13, 'C': 8, 'D': 6, 'A': 3}","[0.79, 0.79]",4.58
137,"[3, 5]","[8, 8]","[0.75, 0.75]","[['C', 'B', 'A', 'D'], ['C', 'B', 'D', 'A']]","{'B': 13, 'C': 8, 'D': 7, 'A': 2}","[0.79, 0.79]",4.58
137,"[3, 5]","[8, 8]","[0.75, 0.75]","[['C', 'B', 'A', 'D'], ['C', 'D', 'A', 'B']]","{'B': 11, 'C': 8, 'D': 8, 'A': 3}","[0.79, 0.79]",4.58
137,"[3, 5]","[8, 8]","[0.75, 0.75]","[['C', 'B', 'A', 'D'], ['C', 'D', 'B', 'A']]","{'B': 12, 'C': 8, 'D': 8, 'A': 2}","[0.79, 0.79]",4.58
137,"[3, 5]","[8, 8]","[0.75, 0.75]","[['C', 'B', 'D', 'A'], ['A', 'C', 'B', 'D']]","{'B': 12, 'C': 7, 'D': 7, 'A': 4}","[0.79, 0.79]",4.58
137,"[3, 5]","[8, 8]","[0.75, 0.75]","[['C', 'B', 'D', 'A'], ['B', 'C', 'A', 'D']]","{'B': 14, 'C': 7, 'D': 7, 'A': 2}","[0.79, 0.79]",4.58
137,"[3, 5]","[8, 8]","[0.75, 0.75]","[['C', 'B', 'D', 'A'], ['C', 'A', 'B', 'D']]","{'B': 12, 'C': 8, 'D': 7, 'A': 3}","[0.79, 0.79]",4.58
137,"[3, 5]","[8, 8]","[0.75, 0.75]","[['C', 'B', 'D', 'A'], ['C', 'A', 'D', 'B']]","{'B': 11, 'C': 8, 'D': 8, 'A': 3}","[0.79, 0.79]",4.58
137,"[3, 5]","[8, 8]","[0.75, 0.75]","[['C', 'B', 'D', 'A'], ['C', 'B', 'A', 'D']]","{'B': 13, 'C': 8, 'D': 7, 'A': 2}","[0.79, 0.79]",4.58
137,"[3, 5]","[8, 8]","[0.75, 0.75]","[['C', 'B', 'D', 'A'], ['C', 'B', 'D', 'A']]","{'B': 13, 'C': 8, 'D': 8, 'A': 1}","[0.79, 0.79]",4.58
137,"[3, 5]","[8, 8]","[0.75, 0.75]","[['C', 'D', 'A', 'B'], ['C', 'A', 'B', 'D']]","{'B': 10, 'C': 8, 'D': 8, 'A': 4}","[0.79, 0.79]",4.58
137,"[3, 5]","[8, 8]","[0.75, 0.75]","[['C', 'D', 'A', 'B'], ['C', 'B', 'A', 'D']]","{'B': 11, 'C': 8, 'D': 8, 'A': 3}","[0.79, 0.79]",4.58
137,"[3, 5]","[8, 8]","[0.75, 0.75]","[['C', 'D', 'B', 'A'], ['C', 'A', 'B', 'D']]","{'B': 11, 'C': 8, 'D': 8, 'A': 3}","[0.79, 0.79]",4.58
137,"[3, 5]","[8, 8]","[0.75, 0.75]","[['C', 'D', 'B', 'A'], ['C', 'B', 'A', 'D']]","{'B': 12, 'C': 8, 'D': 8, 'A': 2}","[0.79, 0.79]",4.58
138,"[4, 5]","[9, 7]","[0.75, 0.54]","[['A', 'C', 'B', 'D'], ['A', 'C', 'D', 'B']]","{'A': 10, 'B': 10, 'C': 8, 'D': 2}","[1.0, 0.58]",3.92
138,"[4, 5]","[9, 7]","[0.75, 0.54]","[['A', 'C', 'B', 'D'], ['A', 'D', 'C', 'B']]","{'A': 10, 'B': 10, 'C': 7, 'D': 3}","[1.0, 0.58]",3.92
138,"[4, 5]","[9, 7]","[0.75, 0.54]","[['A', 'C', 'D', 'B'], ['A', 'C', 'B', 'D']]","{'A': 10, 'B': 10, 'C': 8, 'D': 2}","[1.0, 0.58]",3.92
138,"[4, 5]","[9, 7]","[0.75, 0.54]","[['A', 'C', 'D', 'B'], ['A', 'C', 'D', 'B']]","{'A': 10, 'B': 9, 'C': 8, 'D': 3}","[1.0, 0.58]",3.92
138,"[4, 5]","[9, 7]","[0.75, 0.54]","[['A', 'C', 'D', 'B'], ['A', 'D', 'B', 'C']]","{'A': 10, 'B': 10, 'C': 6, 'D': 4}","[1.0, 0.58]",3.92
138,"[4, 5]","[9, 7]","[0.75, 0.54]","[['A', 'C', 'D', 'B'], ['A', 'D', 'C', 'B']]","{'A': 10, 'B': 9, 'C': 7, 'D': 4}","[1.0, 0.58]",3.92
138,"[4, 5]","[9, 7]","[0.75, 0.54]","[['A', 'C', 'D', 'B'], ['C', 'A', 'D', 'B']]","{'A': 9, 'B': 9, 'C': 9, 'D': 3}","[1.0, 0.58]",3.92
138,"[4, 5]","[9, 7]","[0.75, 0.54]","[['A', 'C', 'D', 'B'], ['D', 'A', 'C', 'B']]","{'A': 9, 'B': 9, 'C': 7, 'D': 5}","[1.0, 0.58]",3.92
138,"[4, 5]","[9, 7]","[0.75, 0.54]","[['A', 'D', 'B', 'C'], ['A', 'C', 'D', 'B']]","{'A': 10, 'B': 10, 'C': 6, 'D': 4}","[1.0, 0.58]",3.92
138,"[4, 5]","[9, 7]","[0.75, 0.54]","[['A', 'D', 'B', 'C'], ['A', 'D', 'C', 'B']]","{'A': 10, 'B': 10, 'C': 5, 'D': 5}","[1.0, 0.58]",3.92
138,"[4, 5]","[9, 7]","[0.75, 0.54]","[['A', 'D', 'C', 'B'], ['A', 'C', 'B', 'D']]","{'A': 10, 'B': 10, 'C': 7, 'D': 3}","[1.0, 0.58]",3.92
138,"[4, 5]","[9, 7]","[0.75, 0.54]","[['A', 'D', 'C', 'B'], ['A', 'C', 'D', 'B']]","{'A': 10, 'B': 9, 'C': 7, 'D': 4}","[1.0, 0.58]",3.92
138,"[4, 5]","[9, 7]","[0.75, 0.54]","[['A', 'D', 'C', 'B'], ['A', 'D', 'B', 'C']]","{'A': 10, 'B': 10, 'C': 5, 'D': 5}","[1.0, 0.58]",3.92
138,"[4, 5]","[9, 7]","[0.75, 0.54]","[['A', 'D', 'C', 'B'], ['A', 'D', 'C', 'B']]","{'A': 10, 'B': 9, 'C': 6, 'D': 5}","[1.0, 0.58]",3.92
138,"[4, 5]","[9, 7]","[0.75, 0.54]","[['A', 'D', 'C', 'B'], ['C', 'A', 'D', 'B']]","{'A': 9, 'B': 9, 'C': 8, 'D': 4}","[1.0, 0.58]",3.92
138,"[4, 5]","[9, 7]","[0.75, 0.54]","[['A', 'D', 'C', 'B'], ['D', 'A', 'C', 'B']]","{'A': 9, 'B': 9, 'C': 6, 'D': 6}","[1.0, 0.58]",3.92
138,"[4, 5]","[9, 7]","[0.75, 0.54]","[['C', 'A', 'D', 'B'], ['A', 'C', 'D', 'B']]","{'A': 9, 'B': 9, 'C': 9, 'D': 3}","[1.0, 0.58]",3.92
138,"[4, 5]","[9, 7]","[0.75, 0.54]","[['C', 'A', 'D', 'B'], ['A', 'D', 'C', 'B']]","{'A': 9, 'B': 9, 'C': 8, 'D': 4}","[1.0, 0.58]",3.92
138,"[4, 5]","[9, 7]","[0.75, 0.54]","[['D', 'A', 'C', 'B'], ['A', 'C', 'D', 'B']]","{'A': 9, 'B': 9, 'C': 7, 'D': 5}","[1.0, 0.58]",3.92
138,"[4, 5]","[9, 7]","[0.75, 0.54]","[['D', 'A', 'C', 'B'], ['A', 'D', 'C', 'B']]","{'A': 9, 'B': 9, 'C': 6, 'D': 6}","[1.0, 0.58]",3.92
140,5,"['B', 'A', 'D', 'C']",0.75,"['B', 'A', 'C', 'D']","{'A': 10, 'B': 8, 'D': 8, 'C': 4}",0.88,1.63
140,1,"['D', 'A', 'B', 'C']",0.75,"['D', 'A', 'C', 'B']","{'A': 10, 'D': 8, 'B': 7, 'C': 5}",0.88,1.63
141,3,"['D', 'C', 'B', 'A']",0.75,"['D', 'A', 'B', 'C']","{'D': 9, 'A': 8, 'C': 8, 'B': 5}",1.0,1.75
141,1,"['C', 'A', 'D', 'B']",0.75,"['C', 'B', 'A', 'D']","{'C': 8, 'D': 8, 'A': 7, 'B': 7}",1.0,1.75
142,1,"['C', 'A', 'B', 'D']",0.75,"['C', 'D', 'A', 'B']","{'C': 8, 'D': 8, 'A': 7, 'B': 7}",1.0,1.75
142,2,"['A', 'B', 'C', 'D']",0.5,"['A', 'B', 'D', 'C']","{'D': 9, 'A': 7, 'B': 7, 'C': 7}",0.58,1.08
143,1,"['B', 'A', 'C', 'D']",0.42,"['A', 'B', 'C', 'D']","{'D': 10, 'A': 8, 'C': 8, 'B': 4}",0.5,0.9199999999999999
143,2,"['C', 'A', 'D', 'B']",0.75,"['C', 'B', 'A', 'D']","{'D': 9, 'C': 8, 'A': 7, 'B': 6}",0.79,1.54
144,2,"['A', 'D', 'C', 'B']",0.54,"['A', 'B', 'C', 'D']","{'B': 10, 'A': 9, 'D': 6, 'C': 5}",0.75,4.17
144,2,"['A', 'D', 'C', 'B']",0.54,"['A', 'B', 'D', 'C']","{'B': 10, 'A': 9, 'D': 7, 'C': 4}",0.75,4.17
144,2,"['A', 'D', 'C', 'B']",0.54,"['A', 'C', 'B', 'D']","{'A': 9, 'B': 9, 'C': 6, 'D': 6}",1.0,3.83
144,2,"['A', 'D', 'C', 'B']",0.54,"['A', 'C', 'D', 'B']","{'A': 9, 'B': 8, 'D': 7, 'C': 6}",1.0,4.12
144,2,"['A', 'D', 'C', 'B']",0.54,"['A', 'D', 'B', 'C']","{'A': 9, 'B': 9, 'D': 8, 'C': 4}",1.0,4.12
144,2,"['A', 'D', 'C', 'B']",0.54,"['A', 'D', 'C', 'B']","{'A': 9, 'B': 8, 'D': 8, 'C': 5}",1.0,4.12
144,2,"['A', 'D', 'C', 'B']",0.54,"['B', 'A', 'C', 'D']","{'B': 11, 'A': 8, 'D': 6, 'C': 5}",0.75,4.17
144,2,"['A', 'D', 'C', 'B']",0.54,"['B', 'A', 'D', 'C']","{'B': 11, 'A': 8, 'D': 7, 'C': 4}",0.75,4.17
144,2,"['A', 'D', 'C', 'B']",0.54,"['B', 'C', 'A', 'D']","{'B': 11, 'A': 7, 'C': 6, 'D': 6}",0.88,4.25
144,2,"['A', 'D', 'C', 'B']",0.54,"['B', 'C', 'D', 'A']","{'B': 11, 'D': 7, 'A': 6, 'C': 6}",0.58,3.87
144,2,"['A', 'D', 'C', 'B']",0.54,"['B', 'D', 'A', 'C']","{'B': 11, 'D': 8, 'A': 7, 'C': 4}",0.58,3.87
144,2,"['A', 'D', 'C', 'B']",0.54,"['B', 'D', 'C', 'A']","{'B': 11, 'D': 8, 'A': 6, 'C': 5}",0.58,3.87
144,2,"['A', 'D', 'C', 'B']",0.54,"['C', 'A', 'B', 'D']","{'B': 9, 'A': 8, 'C': 7, 'D': 6}",0.88,4.25
144,2,"['A', 'D', 'C', 'B']",0.54,"['C', 'A', 'D', 'B']","{'A': 8, 'B': 8, 'C': 7, 'D': 7}",1.0,3.83
144,2,"['A', 'D', 'C', 'B']",0.54,"['C', 'B', 'A', 'D']","{'B': 10, 'A': 7, 'C': 7, 'D': 6}",0.88,4.25
144,2,"['A', 'D', 'C', 'B']",0.54,"['C', 'B', 'D', 'A']","{'B': 10, 'C': 7, 'D': 7, 'A': 6}",0.58,3.66
144,2,"['A', 'D', 'C', 'B']",0.54,"['C', 'D', 'A', 'B']","{'B': 8, 'D': 8, 'A': 7, 'C': 7}",0.58,3.87
144,2,"['A', 'D', 'C', 'B']",0.54,"['D', 'A', 'B', 'C']","{'B': 9, 'D': 9, 'A': 8, 'C': 4}",0.58,3.87
144,2,"['A', 'D', 'C', 'B']",0.54,"['D', 'A', 'C', 'B']","{'D': 9, 'A': 8, 'B': 8, 'C': 5}",0.58,3.41
144,2,"['A', 'D', 'C', 'B']",0.54,"['D', 'B', 'A', 'C']","{'B': 10, 'D': 9, 'A': 7, 'C': 4}",0.58,3.87
144,2,"['A', 'D', 'C', 'B']",0.54,"['D', 'B', 'C', 'A']","{'B': 10, 'D': 9, 'A': 6, 'C': 5}",0.58,3.87
144,2,"['A', 'D', 'C', 'B']",0.54,"['D', 'C', 'B', 'A']","{'B': 9, 'D': 9, 'A': 6, 'C': 6}",0.58,3.87
144,4,"['A', 'C', 'B', 'D']",0.5,"['A', 'B', 'C', 'D']","{'B': 11, 'A': 9, 'D': 6, 'C': 4}",0.67,4.17
144,4,"['A', 'C', 'B', 'D']",0.5,"['A', 'B', 'D', 'C']","{'B': 11, 'A': 9, 'D': 7, 'C': 3}",0.67,4.17
144,4,"['A', 'C', 'B', 'D']",0.5,"['A', 'C', 'B', 'D']","{'B': 10, 'A': 9, 'D': 6, 'C': 5}",0.67,4.17
144,4,"['A', 'C', 'B', 'D']",0.5,"['A', 'C', 'D', 'B']","{'A': 9, 'B': 9, 'D': 7, 'C': 5}",1.0,4.12
144,4,"['A', 'C', 'B', 'D']",0.5,"['A', 'D', 'B', 'C']","{'B': 10, 'A': 9, 'D': 8, 'C': 3}",0.67,4.17
144,4,"['A', 'C', 'B', 'D']",0.5,"['A', 'D', 'C', 'B']","{'A': 9, 'B': 9, 'D': 8, 'C': 4}",1.0,4.12
144,4,"['A', 'C', 'B', 'D']",0.5,"['B', 'A', 'C', 'D']","{'B': 12, 'A': 8, 'D': 6, 'C': 4}",0.67,4.17
144,4,"['A', 'C', 'B', 'D']",0.5,"['B', 'A', 'D', 'C']","{'B': 12, 'A': 8, 'D': 7, 'C': 3}",0.67,4.17
144,4,"['A', 'C', 'B', 'D']",0.5,"['B', 'C', 'A', 'D']","{'B': 12, 'A': 7, 'D': 6, 'C': 5}",0.67,4.17
144,4,"['A', 'C', 'B', 'D']",0.5,"['C', 'A', 'B', 'D']","{'B': 10, 'A': 8, 'C': 6, 'D': 6}",0.79,4.25
144,4,"['A', 'C', 'B', 'D']",0.5,"['C', 'A', 'D', 'B']","{'B': 9, 'A': 8, 'D': 7, 'C': 6}",0.67,4.17
144,4,"['A', 'C', 'B', 'D']",0.5,"['C', 'B', 'A', 'D']","{'B': 11, 'A': 7, 'C': 6, 'D': 6}",0.79,4.25
145,2,"['A', 'D', 'B', 'C']",0.75,"['A', 'B', 'C', 'D']","{'A': 12, 'B': 7, 'D': 6, 'C': 5}",1.0,4.08
145,2,"['A', 'D', 'B', 'C']",0.75,"['A', 'B', 'D', 'C']","{'A': 12, 'B': 7, 'D': 7, 'C': 4}",1.0,4.08
145,2,"['A', 'D', 'B', 'C']",0.75,"['A', 'C', 'B', 'D']","{'A': 12, 'B': 6, 'C': 6, 'D': 6}",1.0,3.91
145,2,"['A', 'D', 'B', 'C']",0.75,"['A', 'C', 'D', 'B']","{'A': 12, 'D': 7, 'C': 6, 'B': 5}",1.0,4.08
145,2,"['A', 'D', 'B', 'C']",0.75,"['A', 'D', 'B', 'C']","{'A': 12, 'D': 8, 'B': 6, 'C': 4}",1.0,4.3
145,2,"['A', 'D', 'B', 'C']",0.75,"['A', 'D', 'C', 'B']","{'A': 12, 'D': 8, 'B': 5, 'C': 5}",1.0,4.3
145,2,"['A', 'D', 'B', 'C']",0.75,"['B', 'A', 'C', 'D']","{'A': 11, 'B': 8, 'D': 6, 'C': 5}",1.0,4.08
145,2,"['A', 'D', 'B', 'C']",0.75,"['B', 'A', 'D', 'C']","{'A': 11, 'B': 8, 'D': 7, 'C': 4}",1.0,4.08
145,2,"['A', 'D', 'B', 'C']",0.75,"['B', 'C', 'A', 'D']","{'A': 10, 'B': 8, 'C': 6, 'D': 6}",1.0,3.91
145,2,"['A', 'D', 'B', 'C']",0.75,"['B', 'C', 'D', 'A']","{'A': 9, 'B': 8, 'D': 7, 'C': 6}",1.0,4.08
145,2,"['A', 'D', 'B', 'C']",0.75,"['B', 'D', 'A', 'C']","{'A': 10, 'B': 8, 'D': 8, 'C': 4}",1.0,4.08
145,2,"['A', 'D', 'B', 'C']",0.75,"['B', 'D', 'C', 'A']","{'A': 9, 'B': 8, 'D': 8, 'C': 5}",1.0,4.08
145,2,"['A', 'D', 'B', 'C']",0.75,"['C', 'A', 'B', 'D']","{'A': 11, 'C': 7, 'B': 6, 'D': 6}",1.0,3.96
145,2,"['A', 'D', 'B', 'C']",0.75,"['C', 'A', 'D', 'B']","{'A': 11, 'C': 7, 'D': 7, 'B': 5}",1.0,3.91
145,2,"['A', 'D', 'B', 'C']",0.75,"['C', 'B', 'A', 'D']","{'A': 10, 'B': 7, 'C': 7, 'D': 6}",1.0,3.91
145,2,"['A', 'D', 'B', 'C']",0.75,"['C', 'B', 'D', 'A']","{'A': 9, 'B': 7, 'C': 7, 'D': 7}",1.0,3.91
145,2,"['A', 'D', 'B', 'C']",0.75,"['C', 'D', 'A', 'B']","{'A': 10, 'D': 8, 'C': 7, 'B': 5}",1.0,4.08
145,2,"['A', 'D', 'B', 'C']",0.75,"['C', 'D', 'B', 'A']","{'A': 9, 'D': 8, 'C': 7, 'B': 6}",1.0,4.08
145,2,"['A', 'D', 'B', 'C']",0.75,"['D', 'A', 'B', 'C']","{'A': 11, 'D': 9, 'B': 6, 'C': 4}",1.0,4.3
145,2,"['A', 'D', 'B', 'C']",0.75,"['D', 'A', 'C', 'B']","{'A': 11, 'D': 9, 'B': 5, 'C': 5}",1.0,4.3
145,2,"['A', 'D', 'B', 'C']",0.75,"['D', 'B', 'A', 'C']","{'A': 10, 'D': 9, 'B': 7, 'C': 4}",1.0,4.3
145,2,"['A', 'D', 'B', 'C']",0.75,"['D', 'B', 'C', 'A']","{'A': 9, 'D': 9, 'B': 7, 'C': 5}",1.0,4.3
145,2,"['A', 'D', 'B', 'C']",0.75,"['D', 'C', 'A', 'B']","{'A': 10, 'D': 9, 'C': 6, 'B': 5}",1.0,4.08
145,2,"['A', 'D', 'B', 'C']",0.75,"['D', 'C', 'B', 'A']","{'A': 9, 'D': 9, 'B': 6, 'C': 6}",1.0,4.3
145,4,"['A', 'D', 'C', 'B']",0.88,"['A', 'B', 'C', 'D']","{'A': 12, 'D': 8, 'B': 6, 'C': 4}",1.0,4.3
145,4,"['A', 'D', 'C', 'B']",0.88,"['A', 'B', 'D', 'C']","{'A': 12, 'D': 9, 'B': 6, 'C': 3}",1.0,4.3
145,4,"['A', 'D', 'C', 'B']",0.88,"['A', 'C', 'B', 'D']","{'A': 12, 'D': 8, 'B': 5, 'C': 5}",1.0,4.3
145,4,"['A', 'D', 'C', 'B']",0.88,"['A', 'C', 'D', 'B']","{'A': 12, 'D': 9, 'C': 5, 'B': 4}",1.0,4.08
145,4,"['A', 'D', 'C', 'B']",0.88,"['A', 'D', 'B', 'C']","{'A': 12, 'D': 10, 'B': 5, 'C': 3}",1.0,4.3
145,4,"['A', 'D', 'C', 'B']",0.88,"['A', 'D', 'C', 'B']","{'A': 12, 'D': 10, 'B': 4, 'C': 4}",1.0,4.3
145,4,"['A', 'D', 'C', 'B']",0.88,"['B', 'A', 'C', 'D']","{'A': 11, 'D': 8, 'B': 7, 'C': 4}",1.0,4.3
145,4,"['A', 'D', 'C', 'B']",0.88,"['B', 'A', 'D', 'C']","{'A': 11, 'D': 9, 'B': 7, 'C': 3}",1.0,4.3
145,4,"['A', 'D', 'C', 'B']",0.88,"['B', 'C', 'A', 'D']","{'A': 10, 'D': 8, 'B': 7, 'C': 5}",1.0,4.3
145,4,"['A', 'D', 'C', 'B']",0.88,"['B', 'C', 'D', 'A']","{'A': 9, 'D': 9, 'B': 7, 'C': 5}",1.0,4.3
145,4,"['A', 'D', 'C', 'B']",0.88,"['B', 'D', 'A', 'C']","{'A': 10, 'D': 10, 'B': 7, 'C': 3}",1.0,4.3
145,4,"['A', 'D', 'C', 'B']",0.88,"['C', 'A', 'B', 'D']","{'A': 11, 'D': 8, 'C': 6, 'B': 5}",1.0,4.08
145,4,"['A', 'D', 'C', 'B']",0.88,"['C', 'A', 'D', 'B']","{'A': 11, 'D': 9, 'C': 6, 'B': 4}",1.0,4.08
145,4,"['A', 'D', 'C', 'B']",0.88,"['C', 'B', 'A', 'D']","{'A': 10, 'D': 8, 'B': 6, 'C': 6}",1.0,4.3
145,4,"['A', 'D', 'C', 'B']",0.88,"['C', 'B', 'D', 'A']","{'A': 9, 'D': 9, 'B': 6, 'C': 6}",1.0,4.3
145,4,"['A', 'D', 'C', 'B']",0.88,"['C', 'D', 'A', 'B']","{'A': 10, 'D': 10, 'C': 6, 'B': 4}",1.0,4.08
145,4,"['A', 'D', 'C', 'B']",0.88,"['D', 'A', 'B', 'C']","{'A': 11, 'D': 11, 'B': 5, 'C': 3}",1.0,4.3
145,4,"['A', 'D', 'C', 'B']",0.88,"['D', 'A', 'C', 'B']","{'A': 11, 'D': 11, 'B': 4, 'C': 4}",1.0,4.3
146,1,"['D', 'C', 'A', 'B']",0.46,"['A', 'B', 'C', 'D']","{'A': 12, 'C': 8, 'B': 7, 'D': 3}",0.58,4.08
146,1,"['D', 'C', 'A', 'B']",0.46,"['A', 'B', 'D', 'C']","{'A': 12, 'B': 7, 'C': 7, 'D': 4}",0.54,3.91
146,1,"['D', 'C', 'A', 'B']",0.46,"['A', 'C', 'B', 'D']","{'A': 12, 'C': 9, 'B': 6, 'D': 3}",0.58,4.08
146,1,"['D', 'C', 'A', 'B']",0.46,"['A', 'C', 'D', 'B']","{'A': 12, 'C': 9, 'B': 5, 'D': 4}",0.58,4.08
146,1,"['D', 'C', 'A', 'B']",0.46,"['A', 'D', 'B', 'C']","{'A': 12, 'C': 7, 'B': 6, 'D': 5}",0.58,4.08
146,1,"['D', 'C', 'A', 'B']",0.46,"['A', 'D', 'C', 'B']","{'A': 12, 'C': 8, 'B': 5, 'D': 5}",0.58,4.08
146,1,"['D', 'C', 'A', 'B']",0.46,"['B', 'A', 'C', 'D']","{'A': 11, 'B': 8, 'C': 8, 'D': 3}",0.54,3.91
146,1,"['D', 'C', 'A', 'B']",0.46,"['B', 'A', 'D', 'C']","{'A': 11, 'B': 8, 'C': 7, 'D': 4}",0.54,3.91
146,1,"['D', 'C', 'A', 'B']",0.46,"['B', 'C', 'A', 'D']","{'A': 10, 'C': 9, 'B': 8, 'D': 3}",0.58,4.08
146,1,"['D', 'C', 'A', 'B']",0.46,"['B', 'C', 'D', 'A']","{'A': 9, 'C': 9, 'B': 8, 'D': 4}",0.58,4.08
146,1,"['D', 'C', 'A', 'B']",0.46,"['B', 'D', 'A', 'C']","{'A': 10, 'B': 8, 'C': 7, 'D': 5}",0.54,3.91
146,1,"['D', 'C', 'A', 'B']",0.46,"['B', 'D', 'C', 'A']","{'A': 9, 'B': 8, 'C': 8, 'D': 5}",0.54,3.91
146,1,"['D', 'C', 'A', 'B']",0.46,"['C', 'A', 'B', 'D']","{'A': 11, 'C': 10, 'B': 6, 'D': 3}",0.58,4.08
146,1,"['D', 'C', 'A', 'B']",0.46,"['C', 'A', 'D', 'B']","{'A': 11, 'C': 10, 'B': 5, 'D': 4}",0.58,4.08
146,1,"['D', 'C', 'A', 'B']",0.46,"['C', 'B', 'A', 'D']","{'A': 10, 'C': 10, 'B': 7, 'D': 3}",0.58,4.08
146,1,"['D', 'C', 'A', 'B']",0.46,"['C', 'B', 'D', 'A']","{'C': 10, 'A': 9, 'B': 7, 'D': 4}",0.58,3.79
146,1,"['D', 'C', 'A', 'B']",0.46,"['C', 'D', 'A', 'B']","{'A': 10, 'C': 10, 'B': 5, 'D': 5}",0.58,4.08
146,1,"['D', 'C', 'A', 'B']",0.46,"['C', 'D', 'B', 'A']","{'C': 10, 'A': 9, 'B': 6, 'D': 5}",0.58,3.79
146,1,"['D', 'C', 'A', 'B']",0.46,"['D', 'A', 'B', 'C']","{'A': 11, 'C': 7, 'B': 6, 'D': 6}",0.58,4.08
146,1,"['D', 'C', 'A', 'B']",0.46,"['D', 'A', 'C', 'B']","{'A': 11, 'C': 8, 'D': 6, 'B': 5}",0.75,4.21
146,1,"['D', 'C', 'A', 'B']",0.46,"['D', 'B', 'A', 'C']","{'A': 10, 'B': 7, 'C': 7, 'D': 6}",0.54,3.91
146,1,"['D', 'C', 'A', 'B']",0.46,"['D', 'B', 'C', 'A']","{'A': 9, 'C': 8, 'B': 7, 'D': 6}",0.58,4.08
146,1,"['D', 'C', 'A', 'B']",0.46,"['D', 'C', 'A', 'B']","{'A': 10, 'C': 9, 'D': 6, 'B': 5}",0.75,4.21
146,1,"['D', 'C', 'A', 'B']",0.46,"['D', 'C', 'B', 'A']","{'A': 9, 'C': 9, 'B': 6, 'D': 6}",0.58,4.08
146,2,"['C', 'B', 'D', 'A']",0.54,"['A', 'B', 'C', 'D']","{'A': 12, 'B': 7, 'C': 6, 'D': 5}",0.58,3.91
146,2,"['C', 'B', 'D', 'A']",0.54,"['A', 'C', 'B', 'D']","{'A': 12, 'C': 7, 'B': 6, 'D': 5}",0.75,4.08
146,2,"['C', 'B', 'D', 'A']",0.54,"['A', 'C', 'D', 'B']","{'A': 12, 'C': 7, 'D': 6, 'B': 5}",0.88,4.21
146,2,"['C', 'B', 'D', 'A']",0.54,"['A', 'D', 'B', 'C']","{'A': 12, 'D': 7, 'B': 6, 'C': 5}",0.58,3.83
146,2,"['C', 'B', 'D', 'A']",0.54,"['A', 'D', 'C', 'B']","{'A': 12, 'D': 7, 'C': 6, 'B': 5}",0.75,4.09
146,2,"['C', 'B', 'D', 'A']",0.54,"['B', 'A', 'C', 'D']","{'A': 11, 'B': 8, 'C': 6, 'D': 5}",0.58,3.91
146,2,"['C', 'B', 'D', 'A']",0.54,"['B', 'C', 'A', 'D']","{'A': 10, 'B': 8, 'C': 7, 'D': 5}",0.58,3.91
146,2,"['C', 'B', 'D', 'A']",0.54,"['B', 'C', 'D', 'A']","{'A': 9, 'B': 8, 'C': 7, 'D': 6}",0.58,3.91
146,2,"['C', 'B', 'D', 'A']",0.54,"['C', 'A', 'B', 'D']","{'A': 11, 'C': 8, 'B': 6, 'D': 5}",0.75,4.08
146,2,"['C', 'B', 'D', 'A']",0.54,"['C', 'A', 'D', 'B']","{'A': 11, 'C': 8, 'D': 6, 'B': 5}",0.88,4.21
146,2,"['C', 'B', 'D', 'A']",0.54,"['C', 'B', 'A', 'D']","{'A': 10, 'C': 8, 'B': 7, 'D': 5}",0.75,4.08
146,2,"['C', 'B', 'D', 'A']",0.54,"['C', 'B', 'D', 'A']","{'A': 9, 'C': 8, 'B': 7, 'D': 6}",0.75,4.08
146,2,"['C', 'B', 'D', 'A']",0.54,"['C', 'D', 'A', 'B']","{'A': 10, 'C': 8, 'D': 7, 'B': 5}",0.88,4.21
146,2,"['C', 'B', 'D', 'A']",0.54,"['C', 'D', 'B', 'A']","{'A': 9, 'C': 8, 'D': 7, 'B': 6}",0.88,4.21
146,2,"['C', 'B', 'D', 'A']",0.54,"['D', 'A', 'B', 'C']","{'A': 11, 'D': 8, 'B': 6, 'C': 5}",0.58,3.83
146,2,"['C', 'B', 'D', 'A']",0.54,"['D', 'A', 'C', 'B']","{'A': 11, 'D': 8, 'C': 6, 'B': 5}",0.75,4.09
146,2,"['C', 'B', 'D', 'A']",0.54,"['D', 'B', 'A', 'C']","{'A': 10, 'D': 8, 'B': 7, 'C': 5}",0.58,3.83
146,2,"['C', 'B', 'D', 'A']",0.54,"['D', 'B', 'C', 'A']","{'A': 9, 'D': 8, 'B': 7, 'C': 6}",0.58,3.83
146,2,"['C', 'B', 'D', 'A']",0.54,"['D', 'C', 'A', 'B']","{'A': 10, 'D': 8, 'C': 7, 'B': 5}",0.75,4.09
146,2,"['C', 'B', 'D', 'A']",0.54,"['D', 'C', 'B', 'A']","{'A': 9, 'D': 8, 'C': 7, 'B': 6}",0.75,4.09
147,3,"['D', 'B', 'C', 'A']",0.54,"['A', 'B', 'C', 'D']","{'A': 13, 'B': 10, 'D': 5, 'C': 2}",0.75,4.38
147,3,"['D', 'B', 'C', 'A']",0.54,"['A', 'B', 'D', 'C']","{'A': 13, 'B': 10, 'D': 6, 'C': 1}",0.75,4.38
147,3,"['D', 'B', 'C', 'A']",0.54,"['A', 'C', 'B', 'D']","{'A': 13, 'B': 9, 'D': 5, 'C': 3}",0.75,4.38
147,3,"['D', 'B', 'C', 'A']",0.54,"['A', 'C', 'D', 'B']","{'A': 13, 'B': 8, 'D': 6, 'C': 3}",0.75,4.38
147,3,"['D', 'B', 'C', 'A']",0.54,"['A', 'D', 'B', 'C']","{'A': 13, 'B': 9, 'D': 7, 'C': 1}",0.75,4.38
147,3,"['D', 'B', 'C', 'A']",0.54,"['A', 'D', 'C', 'B']","{'A': 13, 'B': 8, 'D': 7, 'C': 2}",0.75,4.38
147,3,"['D', 'B', 'C', 'A']",0.54,"['B', 'A', 'C', 'D']","{'A': 12, 'B': 11, 'D': 5, 'C': 2}",0.75,4.38
147,3,"['D', 'B', 'C', 'A']",0.54,"['B', 'A', 'D', 'C']","{'A': 12, 'B': 11, 'D': 6, 'C': 1}",0.75,4.38
147,3,"['D', 'B', 'C', 'A']",0.54,"['B', 'C', 'A', 'D']","{'A': 11, 'B': 11, 'D': 5, 'C': 3}",0.75,4.38
147,3,"['D', 'B', 'C', 'A']",0.54,"['B', 'C', 'D', 'A']","{'B': 11, 'A': 10, 'D': 6, 'C': 3}",0.75,4.13
147,3,"['D', 'B', 'C', 'A']",0.54,"['B', 'D', 'A', 'C']","{'A': 11, 'B': 11, 'D': 7, 'C': 1}",0.75,4.38
147,3,"['D', 'B', 'C', 'A']",0.54,"['B', 'D', 'C', 'A']","{'B': 11, 'A': 10, 'D': 7, 'C': 2}",0.75,4.13
147,3,"['D', 'B', 'C', 'A']",0.54,"['C', 'A', 'B', 'D']","{'A': 12, 'B': 9, 'D': 5, 'C': 4}",0.75,4.38
147,3,"['D', 'B', 'C', 'A']",0.54,"['C', 'A', 'D', 'B']","{'A': 12, 'B': 8, 'D': 6, 'C': 4}",0.75,4.38
147,3,"['D', 'B', 'C', 'A']",0.54,"['C', 'B', 'A', 'D']","{'A': 11, 'B': 10, 'D': 5, 'C': 4}",0.75,4.38
147,3,"['D', 'B', 'C', 'A']",0.54,"['C', 'B', 'D', 'A']","{'A': 10, 'B': 10, 'D': 6, 'C': 4}",0.75,4.38
147,3,"['D', 'B', 'C', 'A']",0.54,"['C', 'D', 'A', 'B']","{'A': 11, 'B': 8, 'D': 7, 'C': 4}",0.75,4.38
147,3,"['D', 'B', 'C', 'A']",0.54,"['C', 'D', 'B', 'A']","{'A': 10, 'B': 9, 'D': 7, 'C': 4}",0.75,4.38
147,3,"['D', 'B', 'C', 'A']",0.54,"['D', 'A', 'B', 'C']","{'A': 12, 'B': 9, 'D': 8, 'C': 1}",0.75,4.38
147,3,"['D', 'B', 'C', 'A']",0.54,"['D', 'A', 'C', 'B']","{'A': 12, 'B': 8, 'D': 8, 'C': 2}",0.75,4.38
147,3,"['D', 'B', 'C', 'A']",0.54,"['D', 'B', 'A', 'C']","{'A': 11, 'B': 10, 'D': 8, 'C': 1}",0.75,4.38
147,3,"['D', 'B', 'C', 'A']",0.54,"['D', 'B', 'C', 'A']","{'A': 10, 'B': 10, 'D': 8, 'C': 2}",0.75,4.38
147,3,"['D', 'B', 'C', 'A']",0.54,"['D', 'C', 'A', 'B']","{'A': 11, 'B': 8, 'D': 8, 'C': 3}",0.75,4.38
147,3,"['D', 'B', 'C', 'A']",0.54,"['D', 'C', 'B', 'A']","{'A': 10, 'B': 9, 'D': 8, 'C': 3}",0.75,4.38
147,5,"['D', 'B', 'C', 'A']",0.54,"['A', 'B', 'C', 'D']","{'A': 13, 'B': 10, 'D': 5, 'C': 2}",0.75,4.38
147,5,"['D', 'B', 'C', 'A']",0.54,"['A', 'B', 'D', 'C']","{'A': 13, 'B': 10, 'D': 6, 'C': 1}",0.75,4.38
147,5,"['D', 'B', 'C', 'A']",0.54,"['A', 'C', 'B', 'D']","{'A': 13, 'B': 9, 'D': 5, 'C': 3}",0.75,4.38
147,5,"['D', 'B', 'C', 'A']",0.54,"['A', 'C', 'D', 'B']","{'A': 13, 'B': 8, 'D': 6, 'C': 3}",0.75,4.38
147,5,"['D', 'B', 'C', 'A']",0.54,"['A', 'D', 'B', 'C']","{'A': 13, 'B': 9, 'D': 7, 'C': 1}",0.75,4.38
147,5,"['D', 'B', 'C', 'A']",0.54,"['A', 'D', 'C', 'B']","{'A': 13, 'B': 8, 'D': 7, 'C': 2}",0.75,4.38
147,5,"['D', 'B', 'C', 'A']",0.54,"['B', 'A', 'C', 'D']","{'A': 12, 'B': 11, 'D': 5, 'C': 2}",0.75,4.38
147,5,"['D', 'B', 'C', 'A']",0.54,"['B', 'A', 'D', 'C']","{'A': 12, 'B': 11, 'D': 6, 'C': 1}",0.75,4.38
147,5,"['D', 'B', 'C', 'A']",0.54,"['B', 'C', 'A', 'D']","{'A': 11, 'B': 11, 'D': 5, 'C': 3}",0.75,4.38
147,5,"['D', 'B', 'C', 'A']",0.54,"['B', 'C', 'D', 'A']","{'B': 11, 'A': 10, 'D': 6, 'C': 3}",0.75,4.13
147,5,"['D', 'B', 'C', 'A']",0.54,"['B', 'D', 'A', 'C']","{'A': 11, 'B': 11, 'D': 7, 'C': 1}",0.75,4.38
147,5,"['D', 'B', 'C', 'A']",0.54,"['B', 'D', 'C', 'A']","{'B': 11, 'A': 10, 'D': 7, 'C': 2}",0.75,4.13
147,5,"['D', 'B', 'C', 'A']",0.54,"['C', 'A', 'B', 'D']","{'A': 12, 'B': 9, 'D': 5, 'C': 4}",0.75,4.38
147,5,"['D', 'B', 'C', 'A']",0.54,"['C', 'A', 'D', 'B']","{'A': 12, 'B': 8, 'D': 6, 'C': 4}",0.75,4.38
147,5,"['D', 'B', 'C', 'A']",0.54,"['C', 'B', 'A', 'D']","{'A': 11, 'B': 10, 'D': 5, 'C': 4}",0.75,4.38
147,5,"['D', 'B', 'C', 'A']",0.54,"['C', 'B', 'D', 'A']","{'A': 10, 'B': 10, 'D': 6, 'C': 4}",0.75,4.38
147,5,"['D', 'B', 'C', 'A']",0.54,"['C', 'D', 'A', 'B']","{'A': 11, 'B': 8, 'D': 7, 'C': 4}",0.75,4.38
147,5,"['D', 'B', 'C', 'A']",0.54,"['C', 'D', 'B', 'A']","{'A': 10, 'B': 9, 'D': 7, 'C': 4}",0.75,4.38
147,5,"['D', 'B', 'C', 'A']",0.54,"['D', 'A', 'B', 'C']","{'A': 12, 'B': 9, 'D': 8, 'C': 1}",0.75,4.38
147,5,"['D', 'B', 'C', 'A']",0.54,"['D', 'A', 'C', 'B']","{'A': 12, 'B': 8, 'D': 8, 'C': 2}",0.75,4.38
147,5,"['D', 'B', 'C', 'A']",0.54,"['D', 'B', 'A', 'C']","{'A': 11, 'B': 10, 'D': 8, 'C': 1}",0.75,4.38
147,5,"['D', 'B', 'C', 'A']",0.54,"['D', 'B', 'C', 'A']","{'A': 10, 'B': 10, 'D': 8, 'C': 2}",0.75,4.38
147,5,"['D', 'B', 'C', 'A']",0.54,"['D', 'C', 'A', 'B']","{'A': 11, 'B': 8, 'D': 8, 'C': 3}",0.75,4.38
147,5,"['D', 'B', 'C', 'A']",0.54,"['D', 'C', 'B', 'A']","{'A': 10, 'B': 9, 'D': 8, 'C': 3}",0.75,4.38
149,1,"['A', 'D', 'C', 'B']",0.54,"['A', 'B', 'C', 'D']","{'B': 11, 'A': 10, 'D': 5, 'C': 4}",0.88,4.3
149,1,"['A', 'D', 'C', 'B']",0.54,"['A', 'B', 'D', 'C']","{'B': 11, 'A': 10, 'D': 6, 'C': 3}",0.88,4.3
149,1,"['A', 'D', 'C', 'B']",0.54,"['A', 'C', 'B', 'D']","{'A': 10, 'B': 10, 'C': 5, 'D': 5}",1.0,4.13
149,1,"['A', 'D', 'C', 'B']",0.54,"['A', 'C', 'D', 'B']","{'A': 10, 'B': 9, 'D': 6, 'C': 5}",1.0,4.29
149,1,"['A', 'D', 'C', 'B']",0.54,"['A', 'D', 'B', 'C']","{'A': 10, 'B': 10, 'D': 7, 'C': 3}",1.0,4.29
149,1,"['A', 'D', 'C', 'B']",0.54,"['A', 'D', 'C', 'B']","{'A': 10, 'B': 9, 'D': 7, 'C': 4}",1.0,4.29
149,1,"['A', 'D', 'C', 'B']",0.54,"['B', 'A', 'C', 'D']","{'B': 12, 'A': 9, 'D': 5, 'C': 4}",0.88,4.3
149,1,"['A', 'D', 'C', 'B']",0.54,"['B', 'A', 'D', 'C']","{'B': 12, 'A': 9, 'D': 6, 'C': 3}",0.88,4.3
149,1,"['A', 'D', 'C', 'B']",0.54,"['B', 'C', 'A', 'D']","{'B': 12, 'A': 8, 'C': 5, 'D': 5}",0.75,4.12
149,1,"['A', 'D', 'C', 'B']",0.54,"['B', 'C', 'D', 'A']","{'B': 12, 'A': 7, 'D': 6, 'C': 5}",0.88,4.3
149,1,"['A', 'D', 'C', 'B']",0.54,"['B', 'D', 'A', 'C']","{'B': 12, 'A': 8, 'D': 7, 'C': 3}",0.88,4.3
149,1,"['A', 'D', 'C', 'B']",0.54,"['B', 'D', 'C', 'A']","{'B': 12, 'A': 7, 'D': 7, 'C': 4}",0.88,4.3
149,1,"['A', 'D', 'C', 'B']",0.54,"['C', 'A', 'B', 'D']","{'B': 10, 'A': 9, 'C': 6, 'D': 5}",0.75,4.12
149,1,"['A', 'D', 'C', 'B']",0.54,"['C', 'A', 'D', 'B']","{'A': 9, 'B': 9, 'C': 6, 'D': 6}",1.0,4.13
149,1,"['A', 'D', 'C', 'B']",0.54,"['C', 'B', 'A', 'D']","{'B': 11, 'A': 8, 'C': 6, 'D': 5}",0.75,4.12
149,1,"['A', 'D', 'C', 'B']",0.54,"['C', 'B', 'D', 'A']","{'B': 11, 'A': 7, 'C': 6, 'D': 6}",0.75,4.12
149,1,"['A', 'D', 'C', 'B']",0.54,"['C', 'D', 'A', 'B']","{'B': 9, 'A': 8, 'D': 7, 'C': 6}",0.88,4.3
149,1,"['A', 'D', 'C', 'B']",0.54,"['C', 'D', 'B', 'A']","{'B': 10, 'A': 7, 'D': 7, 'C': 6}",0.88,4.3
149,1,"['A', 'D', 'C', 'B']",0.54,"['D', 'A', 'B', 'C']","{'B': 10, 'A': 9, 'D': 8, 'C': 3}",0.88,4.3
149,1,"['A', 'D', 'C', 'B']",0.54,"['D', 'A', 'C', 'B']","{'A': 9, 'B': 9, 'D': 8, 'C': 4}",1.0,4.29
149,1,"['A', 'D', 'C', 'B']",0.54,"['D', 'B', 'A', 'C']","{'B': 11, 'A': 8, 'D': 8, 'C': 3}",0.88,4.3
149,1,"['A', 'D', 'C', 'B']",0.54,"['D', 'B', 'C', 'A']","{'B': 11, 'D': 8, 'A': 7, 'C': 4}",0.75,4.13
149,1,"['A', 'D', 'C', 'B']",0.54,"['D', 'C', 'A', 'B']","{'B': 9, 'A': 8, 'D': 8, 'C': 5}",0.88,4.3
149,1,"['A', 'D', 'C', 'B']",0.54,"['D', 'C', 'B', 'A']","{'B': 10, 'D': 8, 'A': 7, 'C': 5}",0.75,4.13
149,4,"['A', 'B', 'C', 'D']",0.58,"['A', 'B', 'C', 'D']","{'B': 12, 'A': 10, 'D': 6, 'C': 2}",0.67,4.3
149,4,"['A', 'B', 'C', 'D']",0.58,"['A', 'B', 'D', 'C']","{'B': 12, 'A': 10, 'D': 7, 'C': 1}",0.67,4.3
149,4,"['A', 'B', 'C', 'D']",0.58,"['A', 'C', 'B', 'D']","{'B': 11, 'A': 10, 'D': 6, 'C': 3}",0.67,4.3
149,4,"['A', 'B', 'C', 'D']",0.58,"['A', 'C', 'D', 'B']","{'A': 10, 'B': 10, 'D': 7, 'C': 3}",1.0,4.29
149,4,"['A', 'B', 'C', 'D']",0.58,"['A', 'D', 'B', 'C']","{'B': 11, 'A': 10, 'D': 8, 'C': 1}",0.67,4.3
149,4,"['A', 'B', 'C', 'D']",0.58,"['A', 'D', 'C', 'B']","{'A': 10, 'B': 10, 'D': 8, 'C': 2}",1.0,4.29
149,4,"['A', 'B', 'C', 'D']",0.58,"['B', 'A', 'C', 'D']","{'B': 13, 'A': 9, 'D': 6, 'C': 2}",0.67,4.3
149,4,"['A', 'B', 'C', 'D']",0.58,"['B', 'A', 'D', 'C']","{'B': 13, 'A': 9, 'D': 7, 'C': 1}",0.67,4.3
149,4,"['A', 'B', 'C', 'D']",0.58,"['B', 'C', 'A', 'D']","{'B': 13, 'A': 8, 'D': 6, 'C': 3}",0.67,4.3
149,4,"['A', 'B', 'C', 'D']",0.58,"['B', 'C', 'D', 'A']","{'B': 13, 'A': 7, 'D': 7, 'C': 3}",0.67,4.3
149,4,"['A', 'B', 'C', 'D']",0.58,"['B', 'D', 'A', 'C']","{'B': 13, 'A': 8, 'D': 8, 'C': 1}",0.67,4.3
149,4,"['A', 'B', 'C', 'D']",0.58,"['C', 'A', 'B', 'D']","{'B': 11, 'A': 9, 'D': 6, 'C': 4}",0.67,4.3
149,4,"['A', 'B', 'C', 'D']",0.58,"['C', 'A', 'D', 'B']","{'B': 10, 'A': 9, 'D': 7, 'C': 4}",0.67,4.3
149,4,"['A', 'B', 'C', 'D']",0.58,"['C', 'B', 'A', 'D']","{'B': 12, 'A': 8, 'D': 6, 'C': 4}",0.67,4.3
149,4,"['A', 'B', 'C', 'D']",0.58,"['C', 'B', 'D', 'A']","{'B': 12, 'A': 7, 'D': 7, 'C': 4}",0.67,4.3
149,4,"['A', 'B', 'C', 'D']",0.58,"['C', 'D', 'A', 'B']","{'B': 10, 'A': 8, 'D': 8, 'C': 4}",0.67,4.3
149,4,"['A', 'B', 'C', 'D']",0.58,"['D', 'A', 'B', 'C']","{'B': 11, 'A': 9, 'D': 9, 'C': 1}",0.67,4.3
149,4,"['A', 'B', 'C', 'D']",0.58,"['D', 'A', 'C', 'B']","{'B': 10, 'A': 9, 'D': 9, 'C': 2}",0.67,4.3
150,1,"['A', 'D', 'C', 'B']",0.46,"['A', 'B', 'C', 'D']","{'A': 11, 'B': 11, 'C': 6, 'D': 2}",1.0,4.09
150,1,"['A', 'D', 'C', 'B']",0.46,"['A', 'B', 'D', 'C']","{'A': 11, 'B': 11, 'C': 5, 'D': 3}",1.0,4.09
150,1,"['A', 'D', 'C', 'B']",0.46,"['A', 'C', 'B', 'D']","{'A': 11, 'B': 10, 'C': 7, 'D': 2}",1.0,4.09
150,1,"['A', 'D', 'C', 'B']",0.46,"['A', 'C', 'D', 'B']","{'A': 11, 'B': 9, 'C': 7, 'D': 3}",1.0,4.09
150,1,"['A', 'D', 'C', 'B']",0.46,"['A', 'D', 'B', 'C']","{'A': 11, 'B': 10, 'C': 5, 'D': 4}",1.0,4.09
150,1,"['A', 'D', 'C', 'B']",0.46,"['A', 'D', 'C', 'B']","{'A': 11, 'B': 9, 'C': 6, 'D': 4}",1.0,4.09
150,1,"['A', 'D', 'C', 'B']",0.46,"['B', 'A', 'C', 'D']","{'B': 12, 'A': 10, 'C': 6, 'D': 2}",0.58,4.12
150,1,"['A', 'D', 'C', 'B']",0.46,"['B', 'A', 'D', 'C']","{'B': 12, 'A': 10, 'C': 5, 'D': 3}",0.58,4.12
150,1,"['A', 'D', 'C', 'B']",0.46,"['B', 'C', 'A', 'D']","{'B': 12, 'A': 9, 'C': 7, 'D': 2}",0.58,4.12
150,1,"['A', 'D', 'C', 'B']",0.46,"['B', 'C', 'D', 'A']","{'B': 12, 'A': 8, 'C': 7, 'D': 3}",0.58,4.12
150,1,"['A', 'D', 'C', 'B']",0.46,"['B', 'D', 'A', 'C']","{'B': 12, 'A': 9, 'C': 5, 'D': 4}",0.58,4.12
150,1,"['A', 'D', 'C', 'B']",0.46,"['B', 'D', 'C', 'A']","{'B': 12, 'A': 8, 'C': 6, 'D': 4}",0.58,4.12
150,1,"['A', 'D', 'C', 'B']",0.46,"['C', 'A', 'B', 'D']","{'A': 10, 'B': 10, 'C': 8, 'D': 2}",1.0,4.09
150,1,"['A', 'D', 'C', 'B']",0.46,"['C', 'A', 'D', 'B']","{'A': 10, 'B': 9, 'C': 8, 'D': 3}",1.0,4.09
150,1,"['A', 'D', 'C', 'B']",0.46,"['C', 'B', 'A', 'D']","{'B': 11, 'A': 9, 'C': 8, 'D': 2}",0.58,4.12
150,1,"['A', 'D', 'C', 'B']",0.46,"['C', 'B', 'D', 'A']","{'B': 11, 'A': 8, 'C': 8, 'D': 3}",0.58,4.12
150,1,"['A', 'D', 'C', 'B']",0.46,"['C', 'D', 'A', 'B']","{'A': 9, 'B': 9, 'C': 8, 'D': 4}",1.0,4.09
150,1,"['A', 'D', 'C', 'B']",0.46,"['C', 'D', 'B', 'A']","{'B': 10, 'A': 8, 'C': 8, 'D': 4}",0.58,4.12
150,1,"['A', 'D', 'C', 'B']",0.46,"['D', 'A', 'B', 'C']","{'A': 10, 'B': 10, 'C': 5, 'D': 5}",1.0,4.09
150,1,"['A', 'D', 'C', 'B']",0.46,"['D', 'A', 'C', 'B']","{'A': 10, 'B': 9, 'C': 6, 'D': 5}",1.0,4.09
150,1,"['A', 'D', 'C', 'B']",0.46,"['D', 'B', 'A', 'C']","{'B': 11, 'A': 9, 'C': 5, 'D': 5}",0.58,4.12
150,1,"['A', 'D', 'C', 'B']",0.46,"['D', 'B', 'C', 'A']","{'B': 11, 'A': 8, 'C': 6, 'D': 5}",0.58,4.12
150,1,"['A', 'D', 'C', 'B']",0.46,"['D', 'C', 'A', 'B']","{'A': 9, 'B': 9, 'C': 7, 'D': 5}",1.0,4.09
150,1,"['A', 'D', 'C', 'B']",0.46,"['D', 'C', 'B', 'A']","{'B': 10, 'A': 8, 'C': 7, 'D': 5}",0.58,4.12
151,1,"['A', 'D', 'C', 'B']",0.75,"['D', 'A', 'C', 'B']","{'C': 10, 'A': 7, 'D': 7, 'B': 6}",0.79,4.33
152,2,"['C', 'A', 'D', 'B']",0.58,"['B', 'C', 'A', 'D']","{'B': 11, 'C': 9, 'A': 8, 'D': 2}",0.67,3.75
152,2,"['C', 'A', 'D', 'B']",0.58,"['B', 'C', 'D', 'A']","{'B': 11, 'C': 9, 'A': 7, 'D': 3}",0.67,3.75
152,2,"['C', 'A', 'D', 'B']",0.58,"['B', 'D', 'C', 'A']","{'B': 11, 'C': 8, 'A': 7, 'D': 4}",0.67,3.75
152,2,"['C', 'A', 'D', 'B']",0.58,"['C', 'A', 'B', 'D']","{'C': 10, 'A': 9, 'B': 9, 'D': 2}",1.0,4.21
152,2,"['C', 'A', 'D', 'B']",0.58,"['C', 'A', 'D', 'B']","{'C': 10, 'A': 9, 'B': 8, 'D': 3}",1.0,4.21
152,2,"['C', 'A', 'D', 'B']",0.58,"['C', 'B', 'A', 'D']","{'B': 10, 'C': 10, 'A': 8, 'D': 2}",0.67,3.75
152,2,"['C', 'A', 'D', 'B']",0.58,"['C', 'B', 'D', 'A']","{'B': 10, 'C': 10, 'A': 7, 'D': 3}",0.67,3.75
152,2,"['C', 'A', 'D', 'B']",0.58,"['C', 'D', 'A', 'B']","{'C': 10, 'A': 8, 'B': 8, 'D': 4}",1.0,4.21
152,2,"['C', 'A', 'D', 'B']",0.58,"['C', 'D', 'B', 'A']","{'C': 10, 'B': 9, 'A': 7, 'D': 4}",1.0,4.17
152,2,"['C', 'A', 'D', 'B']",0.58,"['D', 'B', 'C', 'A']","{'B': 10, 'C': 8, 'A': 7, 'D': 5}",0.67,3.75
152,2,"['C', 'A', 'D', 'B']",0.58,"['D', 'C', 'A', 'B']","{'C': 9, 'A': 8, 'B': 8, 'D': 5}",1.0,4.21
152,2,"['C', 'A', 'D', 'B']",0.58,"['D', 'C', 'B', 'A']","{'B': 9, 'C': 9, 'A': 7, 'D': 5}",0.67,3.75
152,3,"['C', 'B', 'A', 'D']",0.75,"['C', 'A', 'B', 'D']","{'C': 10, 'A': 9, 'B': 8, 'D': 3}",1.0,4.21
152,3,"['C', 'B', 'A', 'D']",0.75,"['C', 'A', 'D', 'B']","{'C': 10, 'A': 9, 'B': 7, 'D': 4}",1.0,4.21
152,3,"['C', 'B', 'A', 'D']",0.75,"['C', 'B', 'A', 'D']","{'C': 10, 'B': 9, 'A': 8, 'D': 3}",1.0,4.17
152,3,"['C', 'B', 'A', 'D']",0.75,"['C', 'B', 'D', 'A']","{'C': 10, 'B': 9, 'A': 7, 'D': 4}",1.0,4.17
152,3,"['C', 'B', 'A', 'D']",0.75,"['C', 'D', 'A', 'B']","{'C': 10, 'A': 8, 'B': 7, 'D': 5}",1.0,4.21
152,3,"['C', 'B', 'A', 'D']",0.75,"['C', 'D', 'B', 'A']","{'C': 10, 'B': 8, 'A': 7, 'D': 5}",1.0,4.17
152,3,"['C', 'B', 'A', 'D']",0.75,"['D', 'C', 'A', 'B']","{'C': 9, 'A': 8, 'B': 7, 'D': 6}",1.0,4.21
152,3,"['C', 'B', 'A', 'D']",0.75,"['D', 'C', 'B', 'A']","{'C': 9, 'B': 8, 'A': 7, 'D': 6}",1.0,4.17
152,4,"['B', 'A', 'C', 'D']",0.88,"['B', 'A', 'C', 'D']","{'B': 9, 'C': 9, 'A': 8, 'D': 4}",1.0,3.75
152,4,"['B', 'A', 'C', 'D']",0.88,"['B', 'A', 'D', 'C']","{'B': 9, 'A': 8, 'C': 8, 'D': 5}",1.0,3.62
152,4,"['B', 'A', 'C', 'D']",0.88,"['B', 'D', 'A', 'C']","{'B': 9, 'C': 8, 'A': 7, 'D': 6}",1.0,3.75
152,4,"['B', 'A', 'C', 'D']",0.88,"['B', 'D', 'C', 'A']","{'B': 9, 'C': 9, 'A': 6, 'D': 6}",1.0,3.75
152,4,"['B', 'A', 'C', 'D']",0.88,"['D', 'B', 'A', 'C']","{'B': 8, 'C': 8, 'A': 7, 'D': 7}",1.0,3.75
154,[3],"[['A', 'B', 'C', 'D']]","[0.75, 1.0, 0.75, 0.58, 1.0]","[['A', 'C', 'D', 'B']]","{'A': 9, 'B': 9, 'D': 8, 'C': 4}","[0.75, 0.88, 1.0, 0.54, 0.75]",3.92
155,"[4, 5]","[['B', 'C', 'A', 'D'], ['B', 'A', 'C', 'D']]","[1.0, 1.0, 1.0, 0.46, 0.54]","[['B', 'C', 'D', 'A'], ['B', 'D', 'A', 'C']]","{'D': 12, 'B': 7, 'C': 6, 'A': 5}","[1.0, 1.0, 1.0, 0.58, 0.58]",4.16
156,"[1, 5]","[['B', 'A', 'D', 'C'], ['B', 'A', 'D', 'C']]","[0.79, 1.0, 1.0, 1.0, 0.79]","[['B', 'A', 'C', 'D'], ['B', 'A', 'C', 'D']]","{'B': 10, 'D': 9, 'A': 7, 'C': 4}","[1.0, 0.88, 0.75, 0.58, 1.0]",4.21
157,[],[],"[0.58, 0.88, 1.0, 1.0, 0.79]",[],"{'D': 11, 'B': 7, 'C': 7, 'A': 5}","[0.58, 0.88, 1.0, 1.0, 0.79]",4.25
158,[4],"[['C', 'B', 'D', 'A']]","[1.0, 0.75, 1.0, 0.54, 1.0]","[['A', 'C', 'D', 'B']]","{'A': 14, 'C': 6, 'B': 5, 'D': 5}","[1.0, 0.58, 1.0, 0.58, 1.0]",4.16
159,"[1, 5]","[['A', 'D', 'C', 'B'], ['A', 'D', 'B', 'C']]","[0.88, 0.58, 0.75, 1.0, 0.75]","[['A', 'B', 'C', 'D'], ['A', 'B', 'C', 'D']]","{'A': 9, 'C': 9, 'D': 7, 'B': 5}","[1.0, 0.58, 0.79, 0.75, 1.0]",4.12
160,[],[],"[0.88, 1.0, 0.88, 1.0, 0.5]",[],"{'B': 11, 'A': 7, 'C': 6, 'D': 6}","[0.88, 1.0, 0.88, 1.0, 0.5]",4.26
161,[1],"[['D', 'A', 'C', 'B']]","[0.75, 1.0, 0.79, 1.0, 0.58]","[['D', 'A', 'B', 'C']]","{'A': 9, 'D': 8, 'C': 7, 'B': 6}","[0.88, 1.0, 0.75, 1.0, 0.46]",4.09
162,[3],"[['D', 'C', 'A', 'B']]","[1.0, 1.0, 0.54, 0.88, 0.75]","[['D', 'A', 'B', 'C']]","{'B': 11, 'D': 7, 'A': 6, 'C': 6}","[1.0, 1.0, 0.58, 0.58, 0.75]",3.91
163,[5],"[['D', 'A', 'C', 'B']]","[0.75, 1.0, 0.54, 1.0, 0.75]","[['D', 'B', 'C', 'A']]","{'D': 9, 'A': 8, 'B': 8, 'C': 5}","[0.75, 0.75, 0.58, 0.67, 1.0]",3.75
